/root/sim/music/301~400/330_傷ついて.mp3; [-608.5148   , 183.14561  ,  25.586924 ,  -2.416259 ,  -8.724551 ,   -9.896835 , -11.354921 ,   0.000556 ,  -3.0115948,  -4.237218 ,   -8.520156 ,   2.9715583,   1.3630569]; [[ 6513.72993552,-4574.01896555,  389.7988473 , -251.52983528,    180.26059623,  192.90671764, -301.16870704,   17.20533391,   -105.90696592,  -44.17661153,  369.42642933,  757.84799697,    416.14261836], [-4574.01896555, 4184.51686922, -665.69467603,  279.32397885,    -28.02715538,  -75.19685256,  326.99899651,  103.04572096,    248.54917384,  199.89367475, -223.74557091, -682.23502095,   -293.72393414], [  389.7988473 , -665.69467603,  757.165587  ,    8.12558196,    -15.92343416,  120.02731867,   20.46248961,    2.19453627,    -58.13112357,  -12.82017512,  140.88879503,  300.74417847,    105.3937333 ], [ -251.52983528,  279.32397885,    8.12558196,  203.48882991,     17.76337247,   21.28629164,   77.75768988,   41.11194727,     74.19746492,   53.86395739,  -16.82809212,  -49.99374281,     43.94079145], [  180.26059623,  -28.02715538,  -15.92343416,   17.76337247,    198.45178136,   70.95946616,   -6.15746955,   27.77506945,     31.47251278,   65.26315806,  103.37868055,  108.6892101 ,      2.22777677], [  192.90671764,  -75.19685256,  120.02731867,   21.28629164,     70.95946616,  173.03485595,   67.61494739,   15.56030868,     19.77935306,   33.94146837,   74.08583343,  102.37447902,     73.27462323], [ -301.16870704,  326.99899651,   20.46248961,   77.75768988,     -6.15746955,   67.61494739,  167.982204  ,   75.66958698,     33.67656736,   28.62453448,  -16.51309491,  -54.02256385,     18.83235312], [   17.20533391,  103.04572096,    2.19453627,   41.11194727,     27.77506945,   15.56030868,   75.66958698,  166.23256052,     75.66767779,    8.75686619,    6.67737763,  -53.23850022,    -26.58586371], [ -105.90696592,  248.54917384,  -58.13112357,   74.19746492,     31.47251278,   19.77935306,   33.67656736,   75.66767779,    175.10771796,   95.07638722,   -3.72958376, -100.54725798,    -53.19624609], [  -44.17661153,  199.89367475,  -12.82017512,   53.86395739,     65.26315806,   33.94146837,   28.62453448,    8.75686619,     95.07638722,  224.92945172,   89.42497763,  -64.90004877,    -75.26002451], [  369.42642933, -223.74557091,  140.88879503,  -16.82809212,    103.37868055,   74.08583343,  -16.51309491,    6.67737763,     -3.72958376,   89.42497763,  241.44556167,  204.01507752,    -30.57885812], [  757.84799697, -682.23502095,  300.74417847,  -49.99374281,    108.6892101 ,  102.37447902,  -54.02256385,  -53.23850022,   -100.54725798,  -64.90004877,  204.01507752,  528.67401898,    190.38338866], [  416.14261836, -293.72393414,  105.3937333 ,   43.94079145,      2.22777677,   73.27462323,   18.83235312,  -26.58586371,    -53.19624609,  -75.26002451,  -30.57885812,  190.38338866,    379.01793343]]
/root/sim/music/301~400/369_酒場.mp3; [-717.8567   , 173.3599   ,  37.868137 ,  12.519884 ,  14.284806 ,   -4.2731614,  -6.4278717,   1.8875831,   6.6707683,   8.614239 ,    3.7189   ,   7.925929 ,   5.961374 ]; [[ 5346.04195063,-1334.273278  , -274.94498576, -185.90163187,   -203.89743992,   52.0682833 ,  -15.13739256,  -26.30691588,     76.88120256,   58.93129214,  109.2299679 ,  123.50678943,     77.55251162], [-1334.273278  , 1549.76659123, -375.94589489,  163.71283573,    262.35584855, -175.8890807 ,   14.39564859,   70.00891037,      8.10723528,  -17.13324243,  -62.57927944,  -41.74332853,    -58.89972371], [ -274.94498576, -375.94589489,  638.35926229,   -4.20190063,     19.02738429,  144.91774624,   53.33400389,   21.02345966,     -8.01353433,   -1.67546842,   -2.45616931,   -8.98922091,     62.8901549 ], [ -185.90163187,  163.71283573,   -4.20190063,  307.57960149,    138.67486304,  -80.21028376,   -0.45826678,    0.6008983 ,    -13.47299449,  -36.4855417 ,  -39.01040907,   -7.20113813,      4.83858765], [ -203.89743992,  262.35584855,   19.02738429,  138.67486304,    228.64505058,  -60.4046822 ,   11.93860946,   26.93930082,     15.92750702,  -11.81890621,  -32.18630167,   -8.41430525,      2.23539571], [   52.0682833 , -175.8890807 ,  144.91774624,  -80.21028376,    -60.4046822 ,  234.67715824,   56.75095908,   -8.38960759,    -12.45641367,   28.50935613,   43.21277378,   26.0659963 ,     50.10905102], [  -15.13739256,   14.39564859,   53.33400389,   -0.45826678,     11.93860946,   56.75095908,  128.10718313,   57.18226165,     11.17468406,   12.67998247,    1.74202166,   -1.75174509,      0.44904734], [  -26.30691588,   70.00891037,   21.02345966,    0.6008983 ,     26.93930082,   -8.38960759,   57.18226165,  139.75742663,     78.92785931,   33.23687339,   18.58066692,   -5.47673645,    -34.06666062], [   76.88120256,    8.10723528,   -8.01353433,  -13.47299449,     15.92750702,  -12.45641367,   11.17468406,   78.92785931,    132.41565941,   71.29427177,   33.32382742,   23.22917824,    -17.25093645], [   58.93129214,  -17.13324243,   -1.67546842,  -36.4855417 ,    -11.81890621,   28.50935613,   12.67998247,   33.23687339,     71.29427177,  107.60470992,   62.29169348,   24.20410717,      4.2034634 ], [  109.2299679 ,  -62.57927944,   -2.45616931,  -39.01040907,    -32.18630167,   43.21277378,    1.74202166,   18.58066692,     33.32382742,   62.29169348,   97.99134382,   50.58557663,      6.20156225], [  123.50678943,  -41.74332853,   -8.98922091,   -7.20113813,     -8.41430525,   26.0659963 ,   -1.75174509,   -5.47673645,     23.22917824,   24.20410717,   50.58557663,   91.02384471,     49.14147327], [   77.55251162,  -58.89972371,   62.8901549 ,    4.83858765,      2.23539571,   50.10905102,    0.44904734,  -34.06666062,    -17.25093645,    4.2034634 ,    6.20156225,   49.14147327,    104.76953454]]
/root/sim/music/301~400/354_Acid_Magazine.mp3; [-518.2915    , 103.44184   ,  10.080113  ,  41.312687  ,  17.819878  ,   13.0628395 ,   5.3693075 ,   5.246027  ,   0.21937963,  -1.5552891 ,   -7.1069336 ,  -6.005106  ,  -4.352714  ]; [[4668.6886725 , 103.18571498,   3.62261617, 227.53363124, 216.02965063,   129.44921128, 100.43245507,  81.75734946,  21.89466982,  15.90733837,   -46.12105321, -23.404177  ,  17.55275644], [ 103.18571498, 511.01659669,-128.99600979, -18.2072616 ,  11.08877315,    -9.06574683,  45.06516372,  -0.35088302,  27.69477894,   2.5931868 ,    -3.78337435,   7.45855225,  -2.34928209], [   3.62261617,-128.99600979, 571.44210313,  21.72950667,   9.16391519,    47.85900669,  18.82143085,  41.84157856, -14.91375886, -28.16498482,    16.13042336, -22.89267561,  15.22594643], [ 227.53363124, -18.2072616 ,  21.72950667, 153.9629916 ,  66.69101548,     4.08626898,  11.67653604,  23.34648832,  24.0255003 ,  14.09844976,    -3.13308495,  -0.597347  ,   7.24331169], [ 216.02965063,  11.08877315,   9.16391519,  66.69101548, 164.10278681,    60.8410096 ,   9.606448  ,   6.79612452,  32.37987639,  14.30069534,    11.94116498, -10.41549888,   7.83558568], [ 129.44921128,  -9.06574683,  47.85900669,   4.08626898,  60.8410096 ,   116.20009069,  33.0732517 , -24.20072537,  -0.15075944,  11.10916294,    11.81386439,  -5.83984219,   4.65464367], [ 100.43245507,  45.06516372,  18.82143085,  11.67653604,   9.606448  ,    33.0732517 , 112.19862125,  29.87694748, -22.63791942,  -6.46672985,     8.15000896,   1.32062307,   0.31882422], [  81.75734946,  -0.35088302,  41.84157856,  23.34648832,   6.79612452,   -24.20072537,  29.87694748, 104.57233489,  22.37957817, -38.8996273 ,   -12.6472022 ,   3.93978506,   5.75270354], [  21.89466982,  27.69477894, -14.91375886,  24.0255003 ,  32.37987639,    -0.15075944, -22.63791942,  22.37957817,  98.50022539,  25.08450706,   -30.08442084, -18.32128879,   5.61721674], [  15.90733837,   2.5931868 , -28.16498482,  14.09844976,  14.30069534,    11.10916294,  -6.46672985, -38.8996273 ,  25.08450706,  85.52732401,    16.46448059, -22.68883476,  -7.4402031 ], [ -46.12105321,  -3.78337435,  16.13042336,  -3.13308495,  11.94116498,    11.81386439,   8.15000896, -12.6472022 , -30.08442084,  16.46448059,    69.47774193,  15.89626301, -14.03447731], [ -23.404177  ,   7.45855225, -22.89267561,  -0.597347  , -10.41549888,    -5.83984219,   1.32062307,   3.93978506, -18.32128879, -22.68883476,    15.89626301,  60.35420585,  14.23343551], [  17.55275644,  -2.34928209,  15.22594643,   7.24331169,   7.83558568,     4.65464367,   0.31882422,   5.75270354,   5.61721674,  -7.4402031 ,   -14.03447731,  14.23343551,  50.00335142]]
/root/sim/music/301~400/362_jingle14.mp3; [-923.4064   ,  98.20144  ,  36.316517 ,  45.61946  ,  22.581715 ,   25.473425 ,  23.50792  ,  17.406769 ,  10.530987 ,   2.999939 ,    2.420551 ,   2.2427814,  -2.3047686]; [[58798.4062808 , 9992.55543712, 2150.32459716, 3482.10179723,    531.66836769, 1275.26659114, 1024.17166056,  440.51832479,   -384.75301378, -963.82410498, -707.21330721, -616.76765555,  -1128.85599124], [ 9992.55543712, 4412.92152728,  742.06081623, 1300.11770423,    486.40476209,  612.96258389,  579.72417708,  361.48296274,    140.25827974, -160.73803558, -195.72589109, -178.17079722,   -243.96241322], [ 2150.32459716,  742.06081623, 1141.43726459,  335.63499738,    207.18932873,  226.75588355,  178.38920142,  172.39734222,    143.50478194,   50.55433416,   -3.40883231,    6.80328964,     10.25093954], [ 3482.10179723, 1300.11770423,  335.63499738,  763.44780953,    270.788518  ,  299.69230277,  289.74391815,  193.64834262,    100.38386948,  -19.42813736,  -37.11882693,  -26.13568686,    -84.01808028], [  531.66836769,  486.40476209,  207.18932873,  270.788518  ,    359.47618284,  221.46078395,  208.4787771 ,  129.43784032,     57.50650768,    2.45988722,    6.82358035,   13.87258763,    -24.7965717 ], [ 1275.26659114,  612.96258389,  226.75588355,  299.69230277,    221.46078395,  247.75611657,  200.87140314,  142.89019887,     70.40074653,    9.90545948,    2.33581215,    0.59074355,    -30.6226047 ], [ 1024.17166056,  579.72417708,  178.38920142,  289.74391815,    208.4787771 ,  200.87140314,  234.53971668,  151.55950258,     83.90700294,   13.26602437,   -0.17173792,   -7.30838335,    -45.97064073], [  440.51832479,  361.48296274,  172.39734222,  193.64834262,    129.43784032,  142.89019887,  151.55950258,  149.26144391,     96.48686074,   42.58476731,    8.08880043,    4.1385715 ,     -0.37655913], [ -384.75301378,  140.25827974,  143.50478194,  100.38386948,     57.50650768,   70.40074653,   83.90700294,   96.48686074,    130.71840047,   84.36508167,   32.58506542,   27.83977911,     42.04859331], [ -963.82410498, -160.73803558,   50.55433416,  -19.42813736,      2.45988722,    9.90545948,   13.26602437,   42.58476731,     84.36508167,  116.5923695 ,   79.6055475 ,   48.94701844,     60.36062699], [ -707.21330721, -195.72589109,   -3.40883231,  -37.11882693,      6.82358035,    2.33581215,   -0.17173792,    8.08880043,     32.58506542,   79.6055475 ,  106.4391955 ,   62.51957091,     32.93156947], [ -616.76765555, -178.17079722,    6.80328964,  -26.13568686,     13.87258763,    0.59074355,   -7.30838335,    4.1385715 ,     27.83977911,   48.94701844,   62.51957091,   67.89812822,     53.26917578], [-1128.85599124, -243.96241322,   10.25093954,  -84.01808028,    -24.7965717 ,  -30.6226047 ,  -45.97064073,   -0.37655913,     42.04859331,   60.36062699,   32.93156947,   53.26917578,    115.66508024]]
/root/sim/music/301~400/390_かけっこ.mp3; [-621.1715   , 117.98557  ,  23.873587 ,  12.56745  ,   7.7297316,    6.2179737,   3.358955 ,   2.6738138,   3.5203404,   5.4487214,    4.259118 ,   3.3541784,   0.3465632]; [[7498.81483238,  35.6353993 , 157.20741715, -24.82917803, 134.91328635,   239.9109916 ,  14.89515087,   9.26549786,   2.21883264, 143.21012831,    73.99349924, -59.49506461,-101.66646981], [  35.6353993 , 590.19074711,-171.93248882,  12.56348264, -35.87363224,   -38.57196027, -37.42134023, -32.28514952, -19.45781857, -37.35162296,   -29.1631235 , -10.73838486, -10.99935144], [ 157.20741715,-171.93248882, 685.21169322, 195.70988541,  63.47213346,    10.77092288,  35.47887242,  26.32281099,  44.32286163,  56.2399132 ,    33.54940035,  16.08376186,  17.60152693], [ -24.82917803,  12.56348264, 195.70988541, 157.34922546,  31.91804947,   -10.31619878,   5.63002861,   1.98459518,  19.3103414 ,  15.96133377,    11.19497737,   3.79849563,   3.37232922], [ 134.91328635, -35.87363224,  63.47213346,  31.91804947,  54.1540822 ,    19.73695097,   3.82930434,  -0.30471332,   8.72984669,  10.23550995,     6.13011396,   7.01817826,   3.60272728], [ 239.9109916 , -38.57196027,  10.77092288, -10.31619878,  19.73695097,    54.1257549 ,  22.58812505,   1.39042583,  -4.38533585,   9.95081632,    11.79446784,  -1.05254344,  -8.46872311], [  14.89515087, -37.42134023,  35.47887242,   5.63002861,   3.82930434,    22.58812505,  50.79922452,  19.83424531,   7.69715291,  13.54816396,    17.7968863 ,   9.96281021,   1.86967573], [   9.26549786, -32.28514952,  26.32281099,   1.98459518,  -0.30471332,     1.39042583,  19.83424531,  41.20166312,  22.26629989,   4.20720251,     1.37002048,   1.60474681,   7.85132424], [   2.21883264, -19.45781857,  44.32286163,  19.3103414 ,   8.72984669,    -4.38533585,   7.69715291,  22.26629989,  42.10420057,  21.76800971,     4.3951312 ,   2.77756184,   5.8330481 ], [ 143.21012831, -37.35162296,  56.2399132 ,  15.96133377,  10.23550995,     9.95081632,  13.54816396,   4.20720251,  21.76800971,  49.10397696,    33.70719851,   7.14654472,   0.94111332], [  73.99349924, -29.1631235 ,  33.54940035,  11.19497737,   6.13011396,    11.79446784,  17.7968863 ,   1.37002048,   4.3951312 ,  33.70719851,    51.81650409,  22.7761117 ,   3.99323053], [ -59.49506461, -10.73838486,  16.08376186,   3.79849563,   7.01817826,    -1.05254344,   9.96281021,   1.60474681,   2.77756184,   7.14654472,    22.7761117 ,  38.6818945 ,  18.43994536], [-101.66646981, -10.99935144,  17.60152693,   3.37232922,   3.60272728,    -8.46872311,   1.86967573,   7.85132424,   5.8330481 ,   0.94111332,     3.99323053,  18.43994536,  40.05281258]]
/root/sim/music/301~400/334_Rock_and_Roll_66.mp3; [-575.8696   , 130.55498  , -22.256128 ,  40.43729  ,  12.174521 ,   14.580056 ,   5.487343 ,  -7.300836 ,   5.1450458,   5.534069 ,   -6.1961474,  -4.0611763,  -7.7468076]; [[4307.71410133,-273.13277936,-322.7907913 ,  10.20216324,-477.28718687,   -42.35990758, -15.16081478,-106.63928475, -29.4054356 , 127.29820983,    77.70420867, 186.77736373,  85.0955902 ], [-273.13277936, 979.75190055,-278.43197425, 233.22375271,  29.47532696,     2.36374201,  50.12912318,-103.17965143,  78.69254703,  43.34674979,    -8.25009898,   2.83377789, -35.24567232], [-322.7907913 ,-278.43197425, 767.2420346 ,-160.13622036, 237.38918114,    62.30424974,-114.22191615, 102.67484276,-157.00770127, -34.72003538,    10.51899267, -24.97580011,  45.08851561], [  10.20216324, 233.22375271,-160.13622036, 382.20060086,  20.43815637,    39.3666139 , 113.15491421,  42.95134788, 136.81979109,  97.03966949,    48.6420912 ,  38.36374344, -33.36834675], [-477.28718687,  29.47532696, 237.38918114,  20.43815637, 252.85568616,   104.63284331,  31.92251765,  67.83540849,  -5.92973993,  32.41471253,    13.74441788,  -2.38550517,   8.22393816], [ -42.35990758,   2.36374201,  62.30424974,  39.3666139 , 104.63284331,   101.60215581,  54.05259735,  44.38899135,  16.28784523,  38.56883523,    27.38419165,  19.76147352,  10.06143184], [ -15.16081478,  50.12912318,-114.22191615, 113.15491421,  31.92251765,    54.05259735, 144.90674186,  78.61025161,  91.51483833,  60.31479918,    30.0466413 ,  39.53611802,   1.2932995 ], [-106.63928475,-103.17965143, 102.67484276,  42.95134788,  67.83540849,    44.38899135,  78.61025161, 141.88906217,  64.67213888,  52.44467942,    24.417838  ,  21.51563889,  14.03470178], [ -29.4054356 ,  78.69254703,-157.00770127, 136.81979109,  -5.92973993,    16.28784523,  91.51483833,  64.67213888, 148.44381034,  88.2367215 ,    34.55012007,  24.00979363, -11.05760612], [ 127.29820983,  43.34674979, -34.72003538,  97.03966949,  32.41471253,    38.56883523,  60.31479918,  52.44467942,  88.2367215 , 115.16504722,    55.32747132,  31.50974335,  -2.41928942], [  77.70420867,  -8.25009898,  10.51899267,  48.6420912 ,  13.74441788,    27.38419165,  30.0466413 ,  24.417838  ,  34.55012007,  55.32747132,    69.87315124,  37.09848082,   4.85339968], [ 186.77736373,   2.83377789, -24.97580011,  38.36374344,  -2.38550517,    19.76147352,  39.53611802,  21.51563889,  24.00979363,  31.50974335,    37.09848082,  60.00590614,  22.44460371], [  85.0955902 , -35.24567232,  45.08851561, -33.36834675,   8.22393816,    10.06143184,   1.2932995 ,  14.03470178, -11.05760612,  -2.41928942,     4.85339968,  22.44460371,  44.76904675]]
/root/sim/music/301~400/344_White_Ringing.mp3; [-813.0299   , 241.27118  , -33.992516 ,  -2.333134 ,  17.82778  ,   -7.6316047, -17.683739 ,  -2.349804 ,  -4.7219386, -12.329204 ,  -11.936573 ,  -4.8790503,  -1.8134801]; [[3608.43674401,-240.4184794 ,-476.13932665, 105.79089283,-158.34746051,   331.16415123,  83.40597227, -29.1734398 , -88.29967871,-117.99118796,   -93.07357371, -93.53853023,  65.73305087], [-240.4184794 , 657.72542809, -23.19005517,  10.6477302 , 210.18906128,   -10.76629962,  80.11048532,   3.46920934,  10.05930128,  52.71525416,    -9.45085158, -48.56191687, -50.14847379], [-476.13932665, -23.19005517, 343.26261825,  59.75838589, -21.93680582,   -16.61774073,  17.187527  ,  80.54595716,  76.72503899,  71.10511824,    66.81082156,  35.12474804, -27.98853852], [ 105.79089283,  10.6477302 ,  59.75838589, 144.99336938,   8.68589383,   -12.5943628 ,  31.27676598,  16.3065883 ,  78.15493476,  65.08728654,    36.17399709, -20.43637573,  -1.79911174], [-158.34746051, 210.18906128, -21.93680582,   8.68589383, 192.15814687,    21.29322638,  24.29170072,  -8.75297348,  -3.6029042 , -11.09401761,   -46.79491526, -27.94859604, -47.89959867], [ 331.16415123, -10.76629962, -16.61774073, -12.5943628 ,  21.29322638,   189.49021035,  65.91916462, -32.94027102, -58.41502205, -30.48166524,    -6.50266512,  17.33423801,  37.58391962], [  83.40597227,  80.11048532,  17.187527  ,  31.27676598,  24.29170072,    65.91916462, 103.01996805, -26.17258404, -18.31253091,  36.20210584,    36.8865378 ,   5.78408184, -10.1942445 ], [ -29.1734398 ,   3.46920934,  80.54595716,  16.3065883 ,  -8.75297348,   -32.94027102, -26.17258404, 206.3746358 ,  82.29432009, -27.92447534,    -4.16070273,  32.38876819, -15.83959633], [ -88.29967871,  10.05930128,  76.72503899,  78.15493476,  -3.6029042 ,   -58.41502205, -18.31253091,  82.29432009, 181.33360667,  37.65643633,   -13.58316515,  -5.14810975,  -1.24207816], [-117.99118796,  52.71525416,  71.10511824,  65.08728654, -11.09401761,   -30.48166524,  36.20210584, -27.92447534,  37.65643633, 119.45959106,    70.3383386 ,  -3.02795146,  -7.796695  ], [ -93.07357371,  -9.45085158,  66.81082156,  36.17399709, -46.79491526,    -6.50266512,  36.8865378 ,  -4.16070273, -13.58316515,  70.3383386 ,   123.99048081,  36.83969011,  -5.26614597], [ -93.53853023, -48.56191687,  35.12474804, -20.43637573, -27.94859604,    17.33423801,   5.78408184,  32.38876819,  -5.14810975,  -3.02795146,    36.83969011,  92.84481147,   6.40428871], [  65.73305087, -50.14847379, -27.98853852,  -1.79911174, -47.89959867,    37.58391962, -10.1942445 , -15.83959633,  -1.24207816,  -7.796695  ,    -5.26614597,   6.40428871, 114.63263382]]
/root/sim/music/301~400/350_私の日課。.mp3; [-874.0195   , 206.52107  , -30.721855 ,   7.9310646, -17.94386  ,  -34.51533  , -42.02434  , -36.37754  , -24.784937 , -14.950662 ,  -12.009826 , -23.201046 , -10.491461 ]; [[13539.21879722, -839.55660835,-5527.9159913 , 2429.71295827,    672.56762144, 1104.71238836,  477.20212157, -326.8822882 ,   -630.89711033, -206.52104508,  596.38164761, -359.15181563,    292.54251356], [ -839.55660835, 1624.4526235 , 1122.61205643, -190.28682685,    153.30172176,    8.98098574,   24.42683777,   -6.33713728,    187.81895889,  -55.76418481, -355.69984956,  -89.96948385,   -256.36824812], [-5527.9159913 , 1122.61205643, 3811.92776409, -844.98822405,   -370.01167618, -543.0129379 , -306.38775001,  252.81970924,    445.61444026,   22.80631876, -403.01515356,  140.37332409,   -299.17314194], [ 2429.71295827, -190.28682685, -844.98822405,  845.93050275,    261.2158056 ,  218.25081825,   50.96114881,  -76.47295051,   -176.14329021,  -62.74938844,  191.48201235,  -52.98125568,     49.94934469], [  672.56762144,  153.30172176, -370.01167618,  261.2158056 ,    470.60453596,  282.9538555 ,  107.56006787, -134.11365745,   -143.12022923,  -37.76893417,  -12.61799413,    0.27713338,     24.15182355], [ 1104.71238836,    8.98098574, -543.0129379 ,  218.25081825,    282.9538555 ,  400.52468704,  236.47254783,  -58.34435782,    -76.85092028,  -41.61199734,  -51.2802347 ,  -75.01775952,     20.46913977], [  477.20212157,   24.42683777, -306.38775001,   50.96114881,    107.56006787,  236.47254783,  336.32677464,  107.33542026,    -27.37137092,  -40.83048702, -109.82240629, -121.35636952,    -30.46606715], [ -326.8822882 ,   -6.33713728,  252.81970924,  -76.47295051,   -134.11365745,  -58.34435782,  107.33542026,  244.54586296,    121.22284691,   -6.3290779 ,  -30.98905736,  -31.22516994,    -34.68842462], [ -630.89711033,  187.81895889,  445.61444026, -176.14329021,   -143.12022923,  -76.85092028,  -27.37137092,  121.22284691,    235.1498865 ,   63.32803356,  -54.74603767,   12.19504721,    -69.67169612], [ -206.52104508,  -55.76418481,   22.80631876,  -62.74938844,    -37.76893417,  -41.61199734,  -40.83048702,   -6.3290779 ,     63.32803356,  125.60014125,   77.67358392,   22.4816779 ,      5.07708722], [  596.38164761, -355.69984956, -403.01515356,  191.48201235,    -12.61799413,  -51.2802347 , -109.82240629,  -30.98905736,    -54.74603767,   77.67358392,  294.37907966,  108.39493765,     87.94492743], [ -359.15181563,  -89.96948385,  140.37332409,  -52.98125568,      0.27713338,  -75.01775952, -121.35636952,  -31.22516994,     12.19504721,   22.4816779 ,  108.39493765,  185.40860027,     75.98740209], [  292.54251356, -256.36824812, -299.17314194,   49.94934469,     24.15182355,   20.46913977,  -30.46606715,  -34.68842462,    -69.67169612,    5.07708722,   87.94492743,   75.98740209,    179.07212645]]
/root/sim/music/301~400/317_Berry.mp3; [-683.79694   , 179.30708   ,   0.5142858 ,  20.19897   ,  -8.999641  ,   11.198557  ,   4.3996873 ,  -1.27891   ,  -3.4420364 ,   3.610763  ,   -0.27371505,   4.575676  ,   1.2771813 ]; [[10233.25336108,-4400.34554562,  495.42737875,  872.84337484,   -244.8199796 , -234.77445088,  -87.45542946,  106.3102056 ,    345.07595303,  573.47292724,  142.09148763,  -52.48897491,   -254.46650884], [-4400.34554562, 3923.04117193, -220.50356204, -542.35300877,    419.90451545,  363.86206889,  295.48231498,  150.12437881,     68.82200317,  -81.16616588,   35.38823794,  163.6744249 ,    182.78650907], [  495.42737875, -220.50356204,  796.9052169 ,  319.36723671,    207.20179264,  304.7002028 ,  238.28032364,  159.84219989,    116.97954481,   80.83373174,   41.80912892,   44.38815224,     28.25250185], [  872.84337484, -542.35300877,  319.36723671,  509.9825902 ,    157.99977197,   94.00843497,   79.21476518,   84.05916095,     79.3095007 ,   86.98992678,   30.80556632,   -0.94865232,    -30.99939294], [ -244.8199796 ,  419.90451545,  207.20179264,  157.99977197,    339.49141416,  197.03802712,  169.47025514,   99.95115362,     79.98091536,   36.23452166,    3.43479351,   58.10539947,     28.32825993], [ -234.77445088,  363.86206889,  304.7002028 ,   94.00843497,    197.03802712,  377.37255631,  212.84221344,  157.95103935,     45.37193863,  -19.47394713,   27.82252859,   29.14270228,     40.75322655], [  -87.45542946,  295.48231498,  238.28032364,   79.21476518,    169.47025514,  212.84221344,  263.76357218,  112.50582085,     52.18209394,   12.89626693,   -5.23544682,   50.51493977,     40.69783982], [  106.3102056 ,  150.12437881,  159.84219989,   84.05916095,     99.95115362,  157.95103935,  112.50582085,  178.74427506,    106.02704966,   30.19469593,   17.11604626,   -0.19635895,      9.41421139], [  345.07595303,   68.82200317,  116.97954481,   79.3095007 ,     79.98091536,   45.37193863,   52.18209394,  106.02704966,    247.18652038,  204.97142559,   40.44967824,   -8.45319177,    -33.37944799], [  573.47292724,  -81.16616588,   80.83373174,   86.98992678,     36.23452166,  -19.47394713,   12.89626693,   30.19469593,    204.97142559,  316.85815342,  129.31169151,   18.54191134,    -41.46956959], [  142.09148763,   35.38823794,   41.80912892,   30.80556632,      3.43479351,   27.82252859,   -5.23544682,   17.11604626,     40.44967824,  129.31169151,  177.43075705,   65.59332984,      6.91606872], [  -52.48897491,  163.6744249 ,   44.38815224,   -0.94865232,     58.10539947,   29.14270228,   50.51493977,   -0.19635895,     -8.45319177,   18.54191134,   65.59332984,  142.89143027,     74.34329956], [ -254.46650884,  182.78650907,   28.25250185,  -30.99939294,     28.32825993,   40.75322655,   40.69783982,    9.41421139,    -33.37944799,  -41.46956959,    6.91606872,   74.34329956,    129.52443675]]
/root/sim/music/301~400/315_Afternoon_Fountain.mp3; [-711.3663   , 118.29013  , -50.302536 ,   0.5750134, -25.928307 ,  -39.18545  , -46.668316 , -22.507656 , -13.486033 , -14.345524 ,  -22.772137 , -17.577805 ,  -6.1471133]; [[16789.73832592,  467.87310308,-1474.14796904,  561.83523128,   -174.67382362, -359.2590757 , -542.86881393,  -87.85042789,    -51.53538842, -180.36324192, -550.83930427, -487.96343457,   -265.91036957], [  467.87310308, 1744.38145211, -303.59901237,  -29.37147079,    -76.19000946, -181.80229166, -222.20515758, -173.59849546,    -73.11879197,  -87.32099966,  -33.73762379,  -51.32876391,     10.11597525], [-1474.14796904, -303.59901237,  877.83122587, -172.9454761 ,     81.51501412,   99.47423602,   95.42606113,   31.33783435,    -19.93480644,   32.16573085,   65.36664946,    8.09958456,    -28.19228523], [  561.83523128,  -29.37147079, -172.9454761 ,  232.18444445,     23.56391302,   -5.99941682,  -16.5688123 ,   27.19041111,     28.98818066,   21.07788479,   -8.0695943 ,    2.3074063 ,    -10.97441124], [ -174.67382362,  -76.19000946,   81.51501412,   23.56391302,    140.7589799 ,   35.9928731 ,   22.88457938,   27.5501916 ,     21.88359559,   20.99873733,    4.10111852,   25.55520547,      6.20213787], [ -359.2590757 , -181.80229166,   99.47423602,   -5.99941682,     35.9928731 ,  134.62724555,   72.07924039,   31.30432079,     -2.79457724,   12.57752383,   16.43303033,    4.5553032 ,      0.10456424], [ -542.86881393, -222.20515758,   95.42606113,  -16.5688123 ,     22.88457938,   72.07924039,  163.09916403,   46.20163079,      4.74047646,   30.80633716,   16.18277207,    5.44553593,    -34.0076321 ], [  -87.85042789, -173.59849546,   31.33783435,   27.19041111,     27.5501916 ,   31.30432079,   46.20163079,   94.6364579 ,     37.82770764,   17.3195239 ,   11.37343972,    7.31854347,     -9.59650913], [  -51.53538842,  -73.11879197,  -19.93480644,   28.98818066,     21.88359559,   -2.79457724,    4.74047646,   37.82770764,     97.58531663,   17.17283605,   -4.21609799,   11.33397768,      4.90520778], [ -180.36324192,  -87.32099966,   32.16573085,   21.07788479,     20.99873733,   12.57752383,   30.80633716,   17.3195239 ,     17.17283605,   73.08215105,   24.63946401,   10.62172472,    -11.25809677], [ -550.83930427,  -33.73762379,   65.36664946,   -8.0695943 ,      4.10111852,   16.43303033,   16.18277207,   11.37343972,     -4.21609799,   24.63946401,  118.76363117,   48.60790469,     28.55769728], [ -487.96343457,  -51.32876391,    8.09958456,    2.3074063 ,     25.55520547,    4.5553032 ,    5.44553593,    7.31854347,     11.33397768,   10.62172472,   48.60790469,  127.52070372,     64.78021942], [ -265.91036957,   10.11597525,  -28.19228523,  -10.97441124,      6.20213787,    0.10456424,  -34.0076321 ,   -9.59650913,      4.90520778,  -11.25809677,   28.55769728,   64.78021942,    152.05298747]]
/root/sim/music/301~400/384_綾風.mp3; [-929.18164  , 262.9973   ,  18.785591 , -23.541689 ,  -7.7179165,  -14.787997 , -19.882584 , -10.746156 ,  -8.13118  ,  -6.63746  ,    1.789775 ,   4.4105062,  -4.9054046]; [[12396.0170671 , 6004.72980729,-2408.04169405, -780.97084547,    277.63054075, -495.04780633, -507.39932392,   67.30769482,   -197.53025892, -491.49646062, -286.72160063, -102.61190962,   -349.70626408], [ 6004.72980729, 4182.84591151, -745.31044765, -652.37757604,    136.4742956 , -133.45441482, -192.49371813,   29.79187785,    -95.81502347, -276.03602129, -164.14819525,  -98.464421  ,   -256.37166704], [-2408.04169405, -745.31044765, 1064.34857672,  182.12410091,   -146.67400494,  242.97832967,  221.00897889,   -2.09351617,     39.12748647,  123.42486667,   60.00292698,   -4.48074082,     49.21062344], [ -780.97084547, -652.37757604,  182.12410091,  297.68303857,     32.10135022,   30.01641404,   78.83023616,   16.46087857,     -0.48755805,   29.06832701,    0.29325655,    2.61805309,     47.17864728], [  277.63054075,  136.4742956 , -146.67400494,   32.10135022,    160.44649679,   36.07056464,  -23.9872649 ,   11.09841501,      0.74601976,  -52.32117902,  -46.66821161,  -21.41062064,    -31.19538459], [ -495.04780633, -133.45441482,  242.97832967,   30.01641404,     36.07056464,  181.93547361,   88.57538258,   -9.76368165,      6.14877769,    4.08653739,  -13.07609149,  -20.69807744,    -19.06053919], [ -507.39932392, -192.49371813,  221.00897889,   78.83023616,    -23.9872649 ,   88.57538258,  152.42593045,   56.32201456,    -10.19681029,   18.84994166,   21.25310145,  -11.94519867,     -2.94136809], [   67.30769482,   29.79187785,   -2.09351617,   16.46087857,     11.09841501,   -9.76368165,   56.32201456,   91.89110829,     24.86995297,   -3.69492164,    5.42693554,  -11.77273205,    -14.53097039], [ -197.53025892,  -95.81502347,   39.12748647,   -0.48755805,      0.74601976,    6.14877769,  -10.19681029,   24.86995297,     75.12281228,   55.932807  ,   13.17049938,    1.46821345,      5.25739537], [ -491.49646062, -276.03602129,  123.42486667,   29.06832701,    -52.32117902,    4.08653739,   18.84994166,   -3.69492164,     55.932807  ,  116.24250879,   74.56744168,   23.46446985,     25.76023403], [ -286.72160063, -164.14819525,   60.00292698,    0.29325655,    -46.66821161,  -13.07609149,   21.25310145,    5.42693554,     13.17049938,   74.56744168,   94.71194662,   47.21318858,     18.31781644], [ -102.61190962,  -98.464421  ,   -4.48074082,    2.61805309,    -21.41062064,  -20.69807744,  -11.94519867,  -11.77273205,      1.46821345,   23.46446985,   47.21318858,   66.50236564,     48.97173767], [ -349.70626408, -256.37166704,   49.21062344,   47.17864728,    -31.19538459,  -19.06053919,   -2.94136809,  -14.53097039,      5.25739537,   25.76023403,   18.31781644,   48.97173767,     79.75237414]]
/root/sim/music/301~400/320_別れ.mp3; [-638.234     , 170.6406    , -13.60311   ,   5.3694572 ,   7.859782  ,   -0.2123584 ,   2.7915187 ,  -2.1009579 ,  -0.64778316,   3.8228116 ,    1.3783721 ,   5.2603946 ,   0.6938888 ]; [[ 2477.2254643 ,-1000.84845717,  353.91937049,   87.84726891,   -154.13630505,  -59.47736928, -128.43075075,   62.63072496,     20.61093341,  -58.22882321,  -80.71397738,  -92.76926234,     57.56075518], [-1000.84845717, 1067.01558525, -291.0707167 ,  -85.48272046,    122.69481752,   52.07599295,  106.95570168,  -51.89773194,     -9.59023542,   53.27096657,   96.15065598,   63.85763667,    -95.48215669], [  353.91937049, -291.0707167 ,  332.05904776,  -70.56483964,     56.6112854 ,   14.98788826,   21.27042558,   11.50523493,    -13.52360694,   -5.4473456 ,    8.19923439,    0.57966024,     -1.56922069], [   87.84726891,  -85.48272046,  -70.56483964,  204.26836812,    -56.94416525,  -22.87670758,  -52.84880708,   25.85743858,     39.13662105,  -10.66676389,  -46.58476586,  -21.9602303 ,     46.82875786], [ -154.13630505,  122.69481752,   56.6112854 ,  -56.94416525,    149.74467775,   30.3281814 ,   44.45943464,    0.63596142,     19.26878721,    7.31795505,    9.08001098,    2.14358726,    -20.57005616], [  -59.47736928,   52.07599295,   14.98788826,  -22.87670758,     30.3281814 ,  103.79419516,   47.13923348,  -16.60067149,    -32.65733403,   17.77720731,   52.54636751,   30.96412156,    -15.9370215 ], [ -128.43075075,  106.95570168,   21.27042558,  -52.84880708,     44.45943464,   47.13923348,  120.3392286 ,   -2.11079138,    -29.43960385,   -7.1649171 ,   44.31027633,   64.34007224,      5.12378044], [   62.63072496,  -51.89773194,   11.50523493,   25.85743858,      0.63596142,  -16.60067149,   -2.11079138,   88.8707913 ,     52.80065838,  -12.97419766,  -49.51836375,  -22.77219051,     17.27600622], [   20.61093341,   -9.59023542,  -13.52360694,   39.13662105,     19.26878721,  -32.65733403,  -29.43960385,   52.80065838,    143.77864946,   30.98468109,  -52.6415116 ,  -88.59695172,    -13.6551619 ], [  -58.22882321,   53.27096657,   -5.4473456 ,  -10.66676389,      7.31795505,   17.77720731,   -7.1649171 ,  -12.97419766,     30.98468109,  103.49824616,   47.62187825,  -35.52081852,    -64.07554845], [  -80.71397738,   96.15065598,    8.19923439,  -46.58476586,      9.08001098,   52.54636751,   44.31027633,  -49.51836375,    -52.6415116 ,   47.62187825,  152.43992135,   66.49059776,    -33.62858507], [  -92.76926234,   63.85763667,    0.57966024,  -21.9602303 ,      2.14358726,   30.96412156,   64.34007224,  -22.77219051,    -88.59695172,  -35.52081852,   66.49059776,  194.55921647,     79.70655696], [   57.56075518,  -95.48215669,   -1.56922069,   46.82875786,    -20.57005616,  -15.9370215 ,    5.12378044,   17.27600622,    -13.6551619 ,  -64.07554845,  -33.62858507,   79.70655696,    171.87648242]]
/root/sim/music/301~400/388_Weekend_Garage.mp3; [-533.4659   , 106.06495  ,  13.10902  ,  32.771282 ,  12.417705 ,   10.1706915,   4.3984365,  14.261486 ,   3.0912688,  -3.832475 ,   -3.4144466,   1.3906775,  -1.8242086]; [[7501.08894288, 355.01868206, 142.14629942,  25.75868667, 121.89315059,     5.50409789, -78.8716687 ,  47.70809923, -69.33671599,-278.7936369 ,  -248.37734444,-135.24215597, -68.23913127], [ 355.01868206,1952.54855815, -82.44481574, 269.21885276, 243.92436862,    22.39373025,  41.90127979,  62.63888504,  -1.96568962, -97.66652451,   -99.06341872, -63.34761161, -89.11172732], [ 142.14629942, -82.44481574, 250.65906892,  11.38434399, -15.4758265 ,    33.95059746,  10.2410921 , -18.60870374,  -7.44867204,  11.46444715,    -1.02774876, -22.65753479,   0.90576159], [  25.75868667, 269.21885276,  11.38434399, 157.02673174,  74.86445904,    28.11853624,  28.69892028,  22.69136442,  12.35915113,   8.55220575,   -18.55991798,  -5.22309987, -22.8216942 ], [ 121.89315059, 243.92436862, -15.4758265 ,  74.86445904, 139.41134462,    33.83782703,  20.90755661,  31.29700019,  20.80184078, -14.20588667,   -10.06536955,  -4.71215843, -14.98538374], [   5.50409789,  22.39373025,  33.95059746,  28.11853624,  33.83782703,    67.05665176,  29.32426708,   5.08591757,   2.92298868,  11.19190283,     7.03226772,  -2.83591342,  -2.94755366], [ -78.8716687 ,  41.90127979,  10.2410921 ,  28.69892028,  20.90755661,    29.32426708,  55.45231263,  21.00534733,   7.68580195,   9.18038041,     7.60176761,   1.89553403,   0.33434348], [  47.70809923,  62.63888504, -18.60870374,  22.69136442,  31.29700019,     5.08591757,  21.00534733,  56.75613513,  26.33656709,  -5.04267519,    -2.52291041,   6.79955181,  -0.71861222], [ -69.33671599,  -1.96568962,  -7.44867204,  12.35915113,  20.80184078,     2.92298868,   7.68580195,  26.33656709,  55.06577886,  24.61279917,    11.91954745,   6.80998814,   2.47313577], [-278.7936369 , -97.66652451,  11.46444715,   8.55220575, -14.20588667,    11.19190283,   9.18038041,  -5.04267519,  24.61279917,  71.20241968,    40.54490742,  14.59394226,   9.71884241], [-248.37734444, -99.06341872,  -1.02774876, -18.55991798, -10.06536955,     7.03226772,   7.60176761,  -2.52291041,  11.91954745,  40.54490742,    63.41440276,  24.1441676 ,  16.40531312], [-135.24215597, -63.34761161, -22.65753479,  -5.22309987,  -4.71215843,    -2.83591342,   1.89553403,   6.79955181,   6.80998814,  14.59394226,    24.1441676 ,  40.07099384,  17.04394333], [ -68.23913127, -89.11172732,   0.90576159, -22.8216942 , -14.98538374,    -2.94755366,   0.33434348,  -0.71861222,   2.47313577,   9.71884241,    16.40531312,  17.04394333,  38.63753823]]
/root/sim/music/301~400/351_不気味な人形.mp3; [-703.585   , 168.6358  , -22.7854  , -23.217941, -25.669298, -19.281084,  -27.545706, -15.758845, -18.733528, -12.781925, -12.414652, -15.235218,   -8.986636]; [[6047.07343233,-431.01756218,-101.38444226,-469.88473308, 163.16289635,   384.15914014, -16.3056931 , -10.79499773, -66.27133424,-150.34495852,   -18.25095771,-157.40604213,  33.11632678], [-431.01756218, 905.40700912,-242.39752308, 276.97908144, -54.09212845,   -78.24320453, -72.95772774,  34.98877382,  29.05252927, -17.77551098,  -127.04595771,  18.32713529,  55.32675836], [-101.38444226,-242.39752308, 348.40878067, -23.74590106,  56.61254876,    53.33779471,  55.85669999,  31.6545957 ,  -5.28334513,  45.0756008 ,    68.96356301,  52.44095979, -20.33289054], [-469.88473308, 276.97908144, -23.74590106, 274.31252367,  14.66369143,  -102.014812  , -22.11988862,  38.20536949,  47.78485898,  34.13689673,   -68.05194971,   2.02763506,  31.22727481], [ 163.16289635, -54.09212845,  56.61254876,  14.66369143, 266.00055339,   111.64297999,-117.3041628 , -50.67450647, -40.19800158, 134.55007846,    41.40807014,  11.63443447, -52.6033556 ], [ 384.15914014, -78.24320453,  53.33779471,-102.014812  , 111.64297999,   374.99373206, -34.29724591, -17.2297554 ,-178.90324661, -33.26697979,   152.49802357,  57.17662657,  -4.88464587], [ -16.3056931 , -72.95772774,  55.85669999, -22.11988862,-117.3041628 ,   -34.29724591, 198.55540642,  58.18507605,  56.27431925,-103.18539606,   -19.04765803, -14.56354279,  18.09063042], [ -10.79499773,  34.98877382,  31.6545957 ,  38.20536949, -50.67450647,   -17.2297554 ,  58.18507605, 114.13052903,  63.46490916, -40.77335659,   -46.72409036,  -4.09945839,  54.24811361], [ -66.27133424,  29.05252927,  -5.28334513,  47.78485898, -40.19800158,  -178.90324661,  56.27431925,  63.46490916, 253.6064579 ,  -3.53810972,  -149.17612335, -68.73545804,  37.74787407], [-150.34495852, -17.77551098,  45.0756008 ,  34.13689673, 134.55007846,   -33.26697979,-103.18539606, -40.77335659,  -3.53810972, 310.85100234,    12.10575158,   7.29630119,-111.32495889], [ -18.25095771,-127.04595771,  68.96356301, -68.05194971,  41.40807014,   152.49802357, -19.04765803, -46.72409036,-149.17612335,  12.10575158,   253.05307905,  46.96945692, -20.16767934], [-157.40604213,  18.32713529,  52.44095979,   2.02763506,  11.63443447,    57.17662657, -14.56354279,  -4.09945839, -68.73545804,   7.29630119,    46.96945692, 134.93785054,   7.02384219], [  33.11632678,  55.32675836, -20.33289054,  31.22727481, -52.6033556 ,    -4.88464587,  18.09063042,  54.24811361,  37.74787407,-111.32495889,   -20.16767934,   7.02384219, 204.11228744]]
