/root/sim/music/501~600/598_小さな勇者の探検.mp3; [-725.9195    , 183.88857   ,  -2.256879  ,  28.436089  ,  -5.282984  ,    0.49735513, -10.353611  ,  -4.586705  ,  -7.474514  ,  -5.9581084 ,   -3.5700295 ,  -0.941232  ,  -2.1503727 ]; [[ 7172.7421499 ,-1970.59447365, -326.20871173, -206.7787969 ,   -406.32289175, -208.00896992,  -91.13441759,  -36.83582794,   -221.45319288,  -81.99625745,   59.83263939,  -26.10959583,     20.58969069], [-1970.59447365, 1582.69301797,  185.86158214,  166.50907477,     80.4367385 ,  -42.19207669,   -6.40619171,   21.89122834,     34.947499  ,   10.58687639,    1.79123799,   67.44641626,     44.74922753], [ -326.20871173,  185.86158214,  529.82264985,  234.97150324,     69.98295838,   32.49353472,   16.35977997,   52.32397009,     58.78942718,   37.52888695,    3.96326848,   36.17840542,     14.64737193], [ -206.7787969 ,  166.50907477,  234.97150324,  372.19350228,    101.70001891,   32.97436359,   39.90269165,   79.37062074,     33.88578255,   21.80477452,   41.96378724,   33.89492688,      6.01306955], [ -406.32289175,   80.4367385 ,   69.98295838,  101.70001891,    231.62903508,  135.56878379,   54.77354113,   17.96501169,     55.60606696,   44.56363997,   -8.2608414 ,   18.09843268,     -7.178246  ], [ -208.00896992,  -42.19207669,   32.49353472,   32.97436359,    135.56878379,  194.36721044,   71.52619384,   16.52759437,     49.62578118,   37.68705558,  -23.55318954,   -3.1381848 ,     -1.63374822], [  -91.13441759,   -6.40619171,   16.35977997,   39.90269165,     54.77354113,   71.52619384,  106.21512374,   60.77865733,     20.68458192,   12.36301372,    2.37236478,    4.25527635,     -5.61685719], [  -36.83582794,   21.89122834,   52.32397009,   79.37062074,     17.96501169,   16.52759437,   60.77865733,  114.48004607,     47.55450796,    8.62156116,   14.19660654,   11.93193106,     -6.10080897], [ -221.45319288,   34.947499  ,   58.78942718,   33.88578255,     55.60606696,   49.62578118,   20.68458192,   47.55450796,    125.7130789 ,   69.06132678,   -5.91329919,   -5.56968832,     -2.1906874 ], [  -81.99625745,   10.58687639,   37.52888695,   21.80477452,     44.56363997,   37.68705558,   12.36301372,    8.62156116,     69.06132678,  136.16422392,   35.47011146,    7.80611438,    -23.94826981], [   59.83263939,    1.79123799,    3.96326848,   41.96378724,     -8.2608414 ,  -23.55318954,    2.37236478,   14.19660654,     -5.91329919,   35.47011146,  104.62667187,   35.79681444,    -25.45564254], [  -26.10959583,   67.44641626,   36.17840542,   33.89492688,     18.09843268,   -3.1381848 ,    4.25527635,   11.93193106,     -5.56968832,    7.80611438,   35.79681444,   81.68106925,     15.53001117], [   20.58969069,   44.74922753,   14.64737193,    6.01306955,     -7.178246  ,   -1.63374822,   -5.61685719,   -6.10080897,     -2.1906874 ,  -23.94826981,  -25.45564254,   15.53001117,     95.83032537]]
/root/sim/music/501~600/543_百鬼夜行.mp3; [-660.0525   , 123.26971  , -25.875488 ,   1.7306186,  11.017837 ,   23.349857 ,  24.391405 ,  25.44702  ,  15.095577 ,   8.921436 ,   16.27519  ,   6.857483 ,   5.230374 ]; [[12045.63407099, -326.69994686, -427.76562149, -278.26805432,    211.22464222,  -80.57363915, -233.21137523, -116.88902882,    221.37026369,  -11.11847861,  296.55026009, -364.1029198 ,   -438.18403542], [ -326.69994686, 3156.68514344,  234.75175476,  440.74773391,   -425.58921704, -230.78800945, -310.18037499, -236.08633793,   -244.80300566,  185.98394701, -120.30645173,  411.42464753,    227.14202495], [ -427.76562149,  234.75175476,  600.00348749,  189.78889604,    131.75564524,   30.4602623 ,  -68.05655276,  -80.19149818,    -63.12993915, -157.8882737 ,  -23.08847747,   23.68831068,    102.57665303], [ -278.26805432,  440.74773391,  189.78889604,  389.44873422,    117.86692474,   92.02003897,   39.08045367,   -1.05305646,    -73.58250594,    8.13244156, -102.2890184 ,   69.97508715,     53.794607  ], [  211.22464222, -425.58921704,  131.75564524,  117.86692474,    327.18067135,  155.11397724,  115.81463955,   61.26243968,     43.36026072,  -64.25559775,   -5.31080968, -127.54126149,    -74.24258698], [  -80.57363915, -230.78800945,   30.4602623 ,   92.02003897,    155.11397724,  305.52838883,  167.50935642,   -0.59854334,    -88.60132917,  -28.24038018,   21.33825462,    8.28587892,     38.83022387], [ -233.21137523, -310.18037499,  -68.05655276,   39.08045367,    115.81463955,  167.50935642,  383.7341704 ,  186.88630948,    -60.04580243,  -76.23936951,  -66.48750337,  -50.92784047,      7.34576241], [ -116.88902882, -236.08633793,  -80.19149818,   -1.05305646,     61.26243968,   -0.59854334,  186.88630948,  311.29650586,    122.56880024,   15.64564384,  -90.78014293,  -41.42604118,    -59.62608642], [  221.37026369, -244.80300566,  -63.12993915,  -73.58250594,     43.36026072,  -88.60132917,  -60.04580243,  122.56880024,    271.75860428,   70.53588517,   -6.65326925,  -65.08001041,    -88.04582882], [  -11.11847861,  185.98394701, -157.8882737 ,    8.13244156,    -64.25559775,  -28.24038018,  -76.23936951,   15.64564384,     70.53588517,  289.24781585,   49.87016895,   60.35917728,    -59.06888597], [  296.55026009, -120.30645173,  -23.08847747, -102.2890184 ,     -5.31080968,   21.33825462,  -66.48750337,  -90.78014293,     -6.65326925,   49.87016895,  197.91697379,   -8.44350472,    -49.83053053], [ -364.1029198 ,  411.42464753,   23.68831068,   69.97508715,   -127.54126149,    8.28587892,  -50.92784047,  -41.42604118,    -65.08001041,   60.35917728,   -8.44350472,  211.71300015,    121.1276396 ], [ -438.18403542,  227.14202495,  102.57665303,   53.794607  ,    -74.24258698,   38.83022387,    7.34576241,  -59.62608642,    -88.04582882,  -59.06888597,  -49.83053053,  121.1276396 ,    279.6621128 ]]
/root/sim/music/501~600/536_Shadow.mp3; [-591.8651    , 113.90021   ,  22.667728  ,  38.349724  ,  11.914583  ,    9.181012  ,   9.870125  ,   8.173472  ,   7.6867943 ,   6.740042  ,    2.6382978 ,   3.3703485 ,   0.36309677]; [[10173.12075013, -140.08227206,   17.07647683,  263.67431602,    135.14589862,   78.71700399,  147.06126638,   82.71761409,    102.84734099,   81.79561104,    9.06624627,   68.58198503,      4.23141496], [ -140.08227206,  999.57655403,  -81.19939983,  201.21654142,     79.08874517,   39.20329805,   71.51619941,   48.41016916,     60.99905059,   34.68924203,   46.29732253,   27.40101136,     22.78228964], [   17.07647683,  -81.19939983,  897.74691143, -122.87950882,    121.38504233,    8.6743646 ,  -35.05793429,   40.42643837,     14.4547283 ,   96.98726374,   44.92536807,   21.03257058,     32.37551354], [  263.67431602,  201.21654142, -122.87950882,  473.58934345,     72.86535627,   55.89781241,   86.31697406,   50.38117195,     54.12054697,   12.09225503,  -12.22986555,    4.54835816,      0.93136412], [  135.14589862,   79.08874517,  121.38504233,   72.86535627,    217.87427831,   93.45633526,   44.84111173,   23.08681305,     17.38962128,   23.9383629 ,   31.40492923,   32.03435665,     31.23954393], [   78.71700399,   39.20329805,    8.6743646 ,   55.89781241,     93.45633526,  137.60931678,   68.43208339,   34.79811234,     14.67324592,   14.24284549,   27.99266694,   25.8688255 ,     20.04665968], [  147.06126638,   71.51619941,  -35.05793429,   86.31697406,     44.84111173,   68.43208339,  118.69796839,   72.34474659,     41.09961702,   19.30633652,   26.15050578,   25.78214751,     19.41340628], [   82.71761409,   48.41016916,   40.42643837,   50.38117195,     23.08681305,   34.79811234,   72.34474659,  116.21691523,     68.77607715,   41.01575343,   23.82561005,   17.80922343,     16.87219277], [  102.84734099,   60.99905059,   14.4547283 ,   54.12054697,     17.38962128,   14.67324592,   41.09961702,   68.77607715,     93.07277867,   52.61926012,   27.95413611,   12.09388809,      5.83422975], [   81.79561104,   34.68924203,   96.98726374,   12.09225503,     23.9383629 ,   14.24284549,   19.30633652,   41.01575343,     52.61926012,   84.78264587,   47.65178791,   20.45701997,     13.70178741], [    9.06624627,   46.29732253,   44.92536807,  -12.22986555,     31.40492923,   27.99266694,   26.15050578,   23.82561005,     27.95413611,   47.65178791,   75.5368273 ,   42.99845959,     21.8802509 ], [   68.58198503,   27.40101136,   21.03257058,    4.54835816,     32.03435665,   25.8688255 ,   25.78214751,   17.80922343,     12.09388809,   20.45701997,   42.99845959,   64.47235092,     34.29467154], [    4.23141496,   22.78228964,   32.37551354,    0.93136412,     31.23954393,   20.04665968,   19.41340628,   16.87219277,      5.83422975,   13.70178741,   21.8802509 ,   34.29467154,     58.20386127]]
/root/sim/music/501~600/530_Void_Spiral.mp3; [-557.0361   , 110.49416  ,  -3.8154173,  42.197823 ,   8.629681 ,   14.544369 ,   5.659435 ,   3.8402042,   1.0018836,   4.2904406,   -6.2919083,  -1.553126 ,  -3.5556402]; [[ 4696.3892177 ,-1099.75289901,  282.78236448,   21.03039206,     68.77941157,  105.19671035,   54.2687797 ,   52.72666509,     26.55679069,  140.35968254,   84.91264239,  103.79594394,     73.38345975], [-1099.75289901,  636.71319656, -308.10146706,  121.82842862,    -43.30505023,  -62.09353008,  -27.09340299, -102.93569005,      9.6087014 ,  -51.88087944,  -74.23764855,  -30.19179272,    -43.17119083], [  282.78236448, -308.10146706,  456.17673037, -198.46805076,     71.24761309,   27.86085147,   15.21662199,  123.93291987,    -22.93868028,   49.88242087,  116.17008797,   57.71821849,     72.49098575], [   21.03039206,  121.82842862, -198.46805076,  370.6302004 ,     62.27343945,   93.80239512,   90.00939262,    6.40139724,     87.58272559,   34.8509331 ,  -38.2160551 ,   10.02662894,     -1.99760522], [   68.77941157,  -43.30505023,   71.24761309,   62.27343945,     87.39361611,   47.96700646,   49.44086738,   47.58894354,     35.27415337,   39.2399228 ,   22.46398395,   29.90546568,     28.6102205 ], [  105.19671035,  -62.09353008,   27.86085147,   93.80239512,     47.96700646,   94.84936106,   54.03555732,   47.48312061,     32.63285404,   29.3442028 ,   19.34947965,   17.8799735 ,     16.6983938 ], [   54.2687797 ,  -27.09340299,   15.21662199,   90.00939262,     49.44086738,   54.03555732,   74.42338464,   52.44276775,     43.88472176,   34.05852029,   17.85015421,   23.13691383,     22.46054323], [   52.72666509, -102.93569005,  123.93291987,    6.40139724,     47.58894354,   47.48312061,   52.44276775,   96.4043912 ,     37.1546154 ,   43.24315284,   51.00133678,   33.54706544,     36.45647499], [   26.55679069,    9.6087014 ,  -22.93868028,   87.58272559,     35.27415337,   32.63285404,   43.88472176,   37.1546154 ,     64.8141259 ,   42.30045684,   13.27455643,   20.24831037,     16.94485596], [  140.35968254,  -51.88087944,   49.88242087,   34.8509331 ,     39.2399228 ,   29.3442028 ,   34.05852029,   43.24315284,     42.30045684,   64.66868311,   40.04403688,   34.46244321,     28.42884656], [   84.91264239,  -74.23764855,  116.17008797,  -38.2160551 ,     22.46398395,   19.34947965,   17.85015421,   51.00133678,     13.27455643,   40.04403688,   73.44375017,   39.57946355,     34.70997256], [  103.79594394,  -30.19179272,   57.71821849,   10.02662894,     29.90546568,   17.8799735 ,   23.13691383,   33.54706544,     20.24831037,   34.46244321,   39.57946355,   52.89059316,     35.43148713], [   73.38345975,  -43.17119083,   72.49098575,   -1.99760522,     28.6102205 ,   16.6983938 ,   22.46054323,   36.45647499,     16.94485596,   28.42884656,   34.70997256,   35.43148713,     46.98650637]]
/root/sim/music/501~600/586_Metamorphosis.mp3; [-546.0017   , 112.763695 ,  -6.984442 ,  59.47003  ,  19.010483 ,   13.647354 ,  11.983712 ,   1.5679157,  14.395435 ,  11.175222 ,   -2.8185148,   2.5695899,  -1.3028091]; [[2252.63618513,-791.75998396, 568.66368567,-632.58871225,   4.67532915,  -218.44060492,-171.14068215,  -8.26347317,-181.10962353, -18.35934444,   -45.97843949, -48.66951487,  12.00150775], [-791.75998396, 681.60147416,-461.65755266, 403.68024891,-140.7671098 ,   104.11060618,  31.07002578, -15.68486429,  66.18693597,   7.85628302,     5.4982218 ,   1.37111925, -22.60663334], [ 568.66368567,-461.65755266, 528.39542312,-318.95917751, 179.31731797,   -89.7398714 , -15.79140863,   3.58564841, -69.11970439, -22.33228274,   -40.34971415, -23.79804924,  -1.08580311], [-632.58871225, 403.68024891,-318.95917751, 330.7930635 , -68.37837475,   100.09807813,  26.8358046 ,   6.6532638 ,  66.25412004,  18.41263317,    22.56162517,  13.07792497, -10.13805113], [   4.67532915,-140.7671098 , 179.31731797, -68.37837475, 134.36136383,   -11.0127452 ,  42.69640081,  -3.40460989,   2.53502605,   0.3066885 ,    -1.78834437,   8.87073789,   3.06105672], [-218.44060492, 104.11060618, -89.7398714 , 100.09807813, -11.0127452 ,    81.90344261,  21.01416386,  16.65084294,   5.68142926,  -9.23566359,    -2.16657455,  -9.11313615,  -6.55781972], [-171.14068215,  31.07002578, -15.79140863,  26.8358046 ,  42.69640081,    21.01416386,  65.58902291,   4.48548847,  25.00904827,   1.53933517,     4.19974695,   7.51938342,   2.56248623], [  -8.26347317, -15.68486429,   3.58564841,   6.6532638 ,  -3.40460989,    16.65084294,   4.48548847,  39.18847365,  10.78524844,   3.56428271,    -7.18176124,  -4.75070517,   0.1897771 ], [-181.10962353,  66.18693597, -69.11970439,  66.25412004,   2.53502605,     5.68142926,  25.00904827,  10.78524844,  57.3041018 ,  19.36246393,    18.96040939,  15.45923257,   6.78532539], [ -18.35934444,   7.85628302, -22.33228274,  18.41263317,   0.3066885 ,    -9.23566359,   1.53933517,   3.56428271,  19.36246393,  37.91285193,    20.60030405,  21.06906252,   7.79492611], [ -45.97843949,   5.4982218 , -40.34971415,  22.56162517,  -1.78834437,    -2.16657455,   4.19974695,  -7.18176124,  18.96040939,  20.60030405,    44.77242849,  32.8274388 ,  15.15053441], [ -48.66951487,   1.37111925, -23.79804924,  13.07792497,   8.87073789,    -9.11313615,   7.51938342,  -4.75070517,  15.45923257,  21.06906252,    32.8274388 ,  51.7747117 ,  22.65226167], [  12.00150775, -22.60663334,  -1.08580311, -10.13805113,   3.06105672,    -6.55781972,   2.56248623,   0.1897771 ,   6.78532539,   7.79492611,    15.15053441,  22.65226167,  28.84228135]]
/root/sim/music/501~600/523_駆け出す、追い越す.mp3; [-621.52075   , 156.93913   ,   7.135658  ,  33.67297   ,  -1.5096508 ,   -0.60405916,  -6.05391   ,   2.0653722 ,  -1.4360254 ,  -2.4140842 ,   -8.999636  ,  -3.0470314 ,   2.9094412 ]; [[ 9449.58656359,-2079.88721201, 1652.00943053,  513.0595291 ,    417.67211021,  941.68800005,   73.77484349,  465.53176241,    355.83673214,  211.6109089 ,  318.9524393 ,  233.51928002,    -17.55316616], [-2079.88721201, 1899.40705382, -784.05873373,    4.55045666,     -5.15940051, -275.07348228,   13.59392416, -127.78076184,    -51.80072388,  -27.80529231, -110.5574191 ,  -33.57628781,     80.02179995], [ 1652.00943053, -784.05873373,  941.10295577,   -5.8521959 ,    155.39364178,  309.43292467,   63.09101424,  199.12958131,    134.14096564,  100.13202177,  125.12244077,   68.61455185,     -2.72162925], [  513.0595291 ,    4.55045666,   -5.8521959 ,  375.72366946,     57.14915932,   76.78804165,   26.29300117,   65.0534136 ,     46.07999223,   57.04218716,   48.18185317,   38.18359876,     16.57304825], [  417.67211021,   -5.15940051,  155.39364178,   57.14915932,    289.09001407,  119.72945449,   21.49281176,   67.11460102,     91.72753428,   26.4075509 ,   45.66375325,   72.09899808,     31.18408142], [  941.68800005, -275.07348228,  309.43292467,   76.78804165,    119.72945449,  337.84648564,   83.5962362 ,  100.51923477,     77.61025451,   58.13409115,   84.78344878,   61.25000264,      1.92219653], [   73.77484349,   13.59392416,   63.09101424,   26.29300117,     21.49281176,   83.5962362 ,  207.50622248,   67.04704586,     -9.66189793,   39.00034207,   48.97487259,   15.72677752,     30.10456876], [  465.53176241, -127.78076184,  199.12958131,   65.0534136 ,     67.11460102,  100.51923477,   67.04704586,  204.13100768,     92.820906  ,   15.27523989,   39.71709716,   48.72887503,     11.58669094], [  355.83673214,  -51.80072388,  134.14096564,   46.07999223,     91.72753428,   77.61025451,   -9.66189793,   92.820906  ,    171.48279308,   48.13170171,   14.8465133 ,   39.52075134,      3.9583456 ], [  211.6109089 ,  -27.80529231,  100.13202177,   57.04218716,     26.4075509 ,   58.13409115,   39.00034207,   15.27523989,     48.13170171,  153.33097465,   61.02811507,   -3.11878512,      1.05372631], [  318.9524393 , -110.5574191 ,  125.12244077,   48.18185317,     45.66375325,   84.78344878,   48.97487259,   39.71709716,     14.8465133 ,   61.02811507,  141.68984774,   58.76648289,      5.16036661], [  233.51928002,  -33.57628781,   68.61455185,   38.18359876,     72.09899808,   61.25000264,   15.72677752,   48.72887503,     39.52075134,   -3.11878512,   58.76648289,  129.77685706,     47.3546661 ], [  -17.55316616,   80.02179995,   -2.72162925,   16.57304825,     31.18408142,    1.92219653,   30.10456876,   11.58669094,      3.9583456 ,    1.05372631,    5.16036661,   47.3546661 ,    116.06752688]]
/root/sim/music/501~600/508_Green_Breath.mp3; [-673.7124    , 172.0167    ,   4.885863  ,   6.6389766 ,  -8.980707  ,    1.1576201 ,  -5.202813  ,  -0.6886807 ,  -4.6704144 , -10.717946  ,   -6.6707325 ,  -0.43145955,   1.3743925 ]; [[ 7992.22883831,-1213.68520037, 2059.27505156,  477.33212453,    266.16891462,  562.23866414,  149.81234308,  317.58134667,    152.18017197,  239.49892605,   75.76000353, -228.17080318,    -96.09257974], [-1213.68520037, 3263.68400929,  132.97526578,  285.95970029,    284.56486894,  237.78471828,  167.6751978 ,  351.59905054,    -12.83483365,  218.16953172,  -31.42270867,  -52.21739427,     99.85708637], [ 2059.27505156,  132.97526578, 2254.38207876,  379.82195899,    361.43766844,  729.42008691,  304.97357583,  616.63201461,    157.8908959 ,  342.26452132,   70.26490255, -105.48466014,     86.26513019], [  477.33212453,  285.95970029,  379.82195899,  330.60378896,    200.86266587,  155.43287844,   89.31326604,   92.94911691,    -21.07991251,   65.76226964,    5.32823731,  -40.70053836,     32.03172615], [  266.16891462,  284.56486894,  361.43766844,  200.86266587,    244.46814764,  191.89592499,   87.66966612,  121.75918497,     17.01575448,   85.91187051,   -1.9514084 ,  -34.77193506,     20.03678943], [  562.23866414,  237.78471828,  729.42008691,  155.43287844,    191.89592499,  367.56991608,  170.08045815,  245.59035122,     44.33902948,  132.40669237,   33.6305832 ,  -53.52972301,     35.27468763], [  149.81234308,  167.6751978 ,  304.97357583,   89.31326604,     87.66966612,  170.08045815,  168.41878389,  147.08012391,     17.50454185,   66.45762684,   17.99845032,  -47.6731236 ,      7.54394507], [  317.58134667,  351.59905054,  616.63201461,   92.94911691,    121.75918497,  245.59035122,  147.08012391,  342.71126566,    109.66247423,  130.90597704,   12.61032797,  -24.9800314 ,     36.95120369], [  152.18017197,  -12.83483365,  157.8908959 ,  -21.07991251,     17.01575448,   44.33902948,   17.50454185,  109.66247423,    136.22592787,   66.85152233,   -2.44795653,   -1.63318214,     -9.89097744], [  239.49892605,  218.16953172,  342.26452132,   65.76226964,     85.91187051,  132.40669237,   66.45762684,  130.90597704,     66.85152233,  160.06637549,   37.10220006,  -41.95158608,     -7.7457195 ], [   75.76000353,  -31.42270867,   70.26490255,    5.32823731,     -1.9514084 ,   33.6305832 ,   17.99845032,   12.61032797,     -2.44795653,   37.10220006,   89.43265813,   28.70877553,      0.6662725 ], [ -228.17080318,  -52.21739427, -105.48466014,  -40.70053836,    -34.77193506,  -53.52972301,  -47.6731236 ,  -24.9800314 ,     -1.63318214,  -41.95158608,   28.70877553,  129.26144002,     45.79078193], [  -96.09257974,   99.85708637,   86.26513019,   32.03172615,     20.03678943,   35.27468763,    7.54394507,   36.95120369,     -9.89097744,   -7.7457195 ,    0.6662725 ,   45.79078193,     87.80898231]]
/root/sim/music/501~600/533_夢の畔.mp3; [-818.3752  , 202.50624 , -23.911463, -12.785407, -26.589819, -18.69364 ,  -19.793041, -24.770407, -26.019842, -27.35593 , -23.180809, -21.595575,  -16.399748]; [[ 2559.52974963,-1268.69503984, -131.88716526,  209.88919252,   -116.22057665,   24.02468252,  -38.50242502,  275.03418039,     31.47645785,  -65.1327583 ,  -18.86105679,  118.06311997,     60.86832342], [-1268.69503984, 1107.081919  ,   -7.76265109,  -22.24477816,    178.07878976,  -38.44370226,    5.01959966,  -42.9945934 ,     -1.09237134,   51.27521256,   38.33586957,   -9.06879789,     41.55827362], [ -131.88716526,   -7.76265109,  497.5187463 , -344.40703798,    164.5582622 ,  176.62818063, -110.49308342, -141.67932069,    -40.67759148,   44.4932366 ,   -5.26212212,   36.3394986 ,    -11.78245317], [  209.88919252,  -22.24477816, -344.40703798,  664.33239504,   -320.67829518,  -65.52174421,  136.30620596,  226.5405155 ,     83.62173959,   35.49865074,   -5.02874624,   30.12206336,     38.86889669], [ -116.22057665,  178.07878976,  164.5582622 , -320.67829518,    628.15737143, -138.05662147, -106.21998601,  -66.76972691,    -17.06519347,   47.36252956,   84.12108423,   21.45232032,     55.81262698], [   24.02468252,  -38.44370226,  176.62818063,  -65.52174421,   -138.05662147,  383.83112051,  -80.76392483,   22.257552  ,    -28.0122263 ,  -60.56307444,  -92.62301243,   37.10413091,     13.96311784], [  -38.50242502,    5.01959966, -110.49308342,  136.30620596,   -106.21998601,  -80.76392483,  220.30327806,  -13.92079529,     48.3698226 ,   29.41685316,    9.86540615,  -65.45859944,    -11.66573622], [  275.03418039,  -42.9945934 , -141.67932069,  226.5405155 ,    -66.76972691,   22.257552  ,  -13.92079529,  313.69010425,     -8.59129444,  -38.91144186,  -40.90864629,   60.35847676,     56.56407223], [   31.47645785,   -1.09237134,  -40.67759148,   83.62173959,    -17.06519347,  -28.0122263 ,   48.3698226 ,   -8.59129444,    345.67574773,   37.81410395,  -38.75951467,  -33.85869297,    -95.84108675], [  -65.1327583 ,   51.27521256,   44.4932366 ,   35.49865074,     47.36252956,  -60.56307444,   29.41685316,  -38.91144186,     37.81410395,  246.42302035,   34.06113313,   31.83203412,     27.56721189], [  -18.86105679,   38.33586957,   -5.26212212,   -5.02874624,     84.12108423,  -92.62301243,    9.86540615,  -40.90864629,    -38.75951467,   34.06113313,  155.85805704,  -20.62699949,      9.31024906], [  118.06311997,   -9.06879789,   36.3394986 ,   30.12206336,     21.45232032,   37.10413091,  -65.45859944,   60.35847676,    -33.85869297,   31.83203412,  -20.62699949,  203.50326753,     40.7786164 ], [   60.86832342,   41.55827362,  -11.78245317,   38.86889669,     55.81262698,   13.96311784,  -11.66573622,   56.56407223,    -95.84108675,   27.56721189,    9.31024906,   40.7786164 ,    205.68299195]]
/root/sim/music/501~600/548_Karakuri_Battle.mp3; [-596.6667    , 119.29807   ,  -4.2968493 ,  25.451565  ,  -1.5144022 ,   20.943783  ,  12.738778  ,  11.683692  ,   6.726989  ,   3.96925   ,    0.41073993,   4.026884  ,   1.9227427 ]; [[17385.31805099, 2297.69915413,  564.18990665,  171.20467481,     27.04822255,  726.77235452,  406.80072909,  463.86956843,     35.28130704, -223.3802176 , -166.2890489 ,   11.29761427,    119.08247613], [ 2297.69915413,  909.46990156,  -52.03709335,   50.12084023,     95.26007412,  122.18136552,   76.82398575,   78.51845325,     24.8671292 ,    2.22009109,  -27.90077383,   -5.39133804,     -7.33988504], [  564.18990665,  -52.03709335,  319.32930258,   -0.71410359,     21.99922516,   36.24375714,   34.13583785,   16.82671626,     -0.00012407,   -7.48643419,   -4.96648779,  -20.17634208,      2.25293091], [  171.20467481,   50.12084023,   -0.71410359,  148.95715544,     18.93577355,  -12.75334473,  -26.57891024,   12.10051619,     22.60837588,   32.87232224,   15.25359158,   -6.0679289 ,    -16.58300601], [   27.04822255,   95.26007412,   21.99922516,   18.93577355,    144.04099245,   53.36246966,   25.98737127,   -8.36692857,      1.08169192,    0.14721585,    7.54015736,   32.22633715,     22.97268069], [  726.77235452,  122.18136552,   36.24375714,  -12.75334473,     53.36246966,  168.23071545,   92.7180836 ,    6.7556633 ,    -36.51310217,  -32.19469785,    3.59076617,   62.54654156,     67.60426189], [  406.80072909,   76.82398575,   34.13583785,  -26.57891024,     25.98737127,   92.7180836 ,  149.10081286,   49.79323227,    -22.0270046 ,  -36.97391935,   -2.19751824,   68.53521207,     56.65725327], [  463.86956843,   78.51845325,   16.82671626,   12.10051619,     -8.36692857,    6.7556633 ,   49.79323227,  126.9826094 ,     54.32573773,   -0.45352429,  -19.58882503,  -14.86434821,     -9.42451741], [   35.28130704,   24.8671292 ,   -0.00012407,   22.60837588,      1.08169192,  -36.51310217,  -22.0270046 ,   54.32573773,    151.31949813,  107.90001647,  -12.53515885,  -86.16275361,    -72.12849451], [ -223.3802176 ,    2.22009109,   -7.48643419,   32.87232224,      0.14721585,  -32.19469785,  -36.97391935,   -0.45352429,    107.90001647,  157.1575506 ,   25.70730224,  -78.82223432,    -70.81864269], [ -166.2890489 ,  -27.90077383,   -4.96648779,   15.25359158,      7.54015736,    3.59076617,   -2.19751824,  -19.58882503,    -12.53515885,   25.70730224,   83.23637681,   69.83517607,     13.26346419], [   11.29761427,   -5.39133804,  -20.17634208,   -6.0679289 ,     32.22633715,   62.54654156,   68.53521207,  -14.86434821,    -86.16275361,  -78.82223432,   69.83517607,  238.69590233,    130.07260058], [  119.08247613,   -7.33988504,    2.25293091,  -16.58300601,     22.97268069,   67.60426189,   56.65725327,   -9.42451741,    -72.12849451,  -70.81864269,   13.26346419,  130.07260058,    140.88609004]]
/root/sim/music/501~600/587_物置で見つかったセピア色の写真.mp3; [-1096.3121   ,  144.13268  ,    1.9794492,  -39.462727 ,  -27.04202  ,   -15.578027 ,   -9.343286 ,  -12.936238 ,  -13.705641 ,   -5.576412 ,    -3.0541837,   -4.8414564,   -2.0435662]; [[5667.59067146,4224.13265222,-108.72618289, -46.29582054,-118.99733188,  -686.04170836,-340.61664336,-332.78409193,-362.09523711,  -7.58332623,   -40.81931616,-229.69296156,-159.31783473], [4224.13265222,3598.0163155 , 464.6734226 ,-112.06911822,-377.92857932,  -754.8503206 ,-418.94133238,-259.60306132,-272.12685751,-100.29010294,  -110.21037111,-172.31926008,-117.96571806], [-108.72618289, 464.6734226 , 817.60573538, 119.24505464,-354.29326409,  -373.39487483,-222.97329878,  -6.11831904,  -0.06144906,-151.40891389,  -149.008227  , -18.93183348,  16.56312592], [ -46.29582054,-112.06911822, 119.24505464, 373.0137974 , 130.8234272 ,   -58.79872219,   7.98383197,  17.64316353, -23.94913254, -55.6510753 ,   -76.0403721 , -36.33847607,  22.0460076 ], [-118.99733188,-377.92857932,-354.29326409, 130.8234272 , 367.35665265,   293.61308679, 145.95501617,  -6.51247775, -38.25216871,  28.7789219 ,    28.93487718, -23.43291547,   0.65941156], [-686.04170836,-754.8503206 ,-373.39487483, -58.79872219, 293.61308679,   443.47787283, 207.42811427,   1.66150322,   2.27735117,  61.19513384,    81.69595867,  14.57602551, -11.1656575 ], [-340.61664336,-418.94133238,-222.97329878,   7.98383197, 145.95501617,   207.42811427, 181.63894728,  76.52799758,  15.37853956,  31.12326998,    53.03645947,  26.37556106, -12.64277386], [-332.78409193,-259.60306132,  -6.11831904,  17.64316353,  -6.51247775,     1.66150322,  76.52799758, 142.60737565,  89.2196843 ,  -2.49154289,    -9.08094879,  32.37570033,  23.84395758], [-362.09523711,-272.12685751,  -0.06144906, -23.94913254, -38.25216871,     2.27735117,  15.37853956,  89.2196843 , 139.16672763,  76.44225632,     6.90267146,  10.5896967 ,  28.77919394], [  -7.58332623,-100.29010294,-151.40891389, -55.6510753 ,  28.7789219 ,    61.19513384,  31.12326998,  -2.49154289,  76.44225632, 188.099548  ,   141.45609958,  -2.28612208, -57.33034596], [ -40.81931616,-110.21037111,-149.008227  , -76.0403721 ,  28.93487718,    81.69595867,  53.03645947,  -9.08094879,   6.90267146, 141.45609958,   218.37462395,  72.513805  ,-101.21726568], [-229.69296156,-172.31926008, -18.93183348, -36.33847607, -23.43291547,    14.57602551,  26.37556106,  32.37570033,  10.5896967 ,  -2.28612208,    72.513805  , 129.82642971,  44.41282814], [-159.31783473,-117.96571806,  16.56312592,  22.0460076 ,   0.65941156,   -11.1656575 , -12.64277386,  23.84395758,  28.77919394, -57.33034596,  -101.21726568,  44.41282814, 177.59016537]]
/root/sim/music/501~600/538_夏雲（Natsu-Kumo）.mp3; [-693.7356   , 178.26071  ,  29.398378 ,  23.351894 ,  11.797781 ,    8.935044 ,   1.9689568,   6.0691304,   9.583983 ,   3.3281922,    7.693784 ,   3.9358368,   2.3453245]; [[26455.02037736, -248.27413782, 1789.60334839,  843.71792587,    520.23697408,  662.19906459,  716.9073726 ,  -49.49051151,    340.80186393,  430.78767141,   46.96327165,   33.7129063 ,     67.69193223], [ -248.27413782, 6003.26566835, -537.82876908, -247.77502228,    195.58090147,  528.70644754,  189.82796418,  291.2283036 ,    151.43075105,  102.00700513,   71.12391116,   26.23086214,    160.02388609], [ 1789.60334839, -537.82876908, 1398.52859269,  369.9252628 ,    275.14920021,  212.75438682,  491.07287247,   83.66788914,    129.7587608 ,  151.49663082,  -33.32435287,    4.65256394,    -33.34615831], [  843.71792587, -247.77502228,  369.9252628 ,  601.3055606 ,    211.89525636,  148.00378133,  127.44829559,  192.5906315 ,     91.00999782,    4.93996426,   33.04153765,   25.82769881,     -5.45756442], [  520.23697408,  195.58090147,  275.14920021,  211.89525636,    372.43258616,  197.9773323 ,  149.75685984,  107.19062692,    133.87982335,   55.37909203,   48.74192918,   43.20441562,     35.2986376 ], [  662.19906459,  528.70644754,  212.75438682,  148.00378133,    197.9773323 ,  303.15282533,  195.25801911,   95.83870496,     96.76898132,   77.2903346 ,   30.80422543,    9.31347894,     50.06366573], [  716.9073726 ,  189.82796418,  491.07287247,  127.44829559,    149.75685984,  195.25801911,  433.78826579,   95.12693057,     54.60217722,  137.87997458,  -36.89097553,   13.32583252,    -11.36211534], [  -49.49051151,  291.2283036 ,   83.66788914,  192.5906315 ,    107.19062692,   95.83870496,   95.12693057,  227.50039456,     68.98842521,  -17.83151946,   20.71386838,   31.66950571,      7.73324558], [  340.80186393,  151.43075105,  129.7587608 ,   91.00999782,    133.87982335,   96.76898132,   54.60217722,   68.98842521,    160.85158961,   33.80645725,   29.5921937 ,   18.96980841,     34.77291815], [  430.78767141,  102.00700513,  151.49663082,    4.93996426,     55.37909203,   77.2903346 ,  137.87997458,  -17.83151946,     33.80645725,  200.55372005,    5.93053313,   -5.70597417,    -11.18661985], [   46.96327165,   71.12391116,  -33.32435287,   33.04153765,     48.74192918,   30.80422543,  -36.89097553,   20.71386838,     29.5921937 ,    5.93053313,  108.60233315,   24.65188127,     18.8465152 ], [   33.7129063 ,   26.23086214,    4.65256394,   25.82769881,     43.20441562,    9.31347894,   13.32583252,   31.66950571,     18.96980841,   -5.70597417,   24.65188127,   87.54754625,     23.39728485], [   67.69193223,  160.02388609,  -33.34615831,   -5.45756442,     35.2986376 ,   50.06366573,  -11.36211534,    7.73324558,     34.77291815,  -11.18661985,   18.8465152 ,   23.39728485,     89.08917173]]
/root/sim/music/501~600/505_Summer_Breaks.mp3; [-631.3331   , 148.78593  ,  18.687283 ,  20.721836 ,   8.8586855,   22.808172 ,   8.878496 ,   9.188342 ,  -0.5818652,   5.0411124,    6.0563254,   2.7770355,  -2.3815374]; [[11319.71976674,-1969.47946708, 1375.63809758,  119.29716447,   -135.14779159,  281.25382973,  -77.56524948,  224.27901178,     52.46075494,   63.20834223,   58.07975018,  -41.7469824 ,    -38.50785564], [-1969.47946708, 2928.59277146, -730.96152678,  137.60868766,    162.12643401,    2.72830954,  166.26353665,  -29.15879648,    -10.49439813,   57.75330052,   -5.46600961,   -8.72235985,    -26.5100649 ], [ 1375.63809758, -730.96152678,  852.22868858, -130.60987799,     -4.1316475 ,  113.18005257,  -35.47463345,   25.21266782,     44.53179998,  -36.39648939,   13.27921077,  -23.49874435,      9.66405891], [  119.29716447,  137.60868766, -130.60987799,  207.23300022,      2.71125588,  -16.7379753 ,   23.2605901 ,    7.55366203,    -16.37910015,    8.30610504,   -7.17232148,    0.36865272,    -12.55063169], [ -135.14779159,  162.12643401,   -4.1316475 ,    2.71125588,    114.50353276,   24.67678335,   12.57638416,   -4.24267223,     12.8792413 ,   10.12749182,    2.3348683 ,  -14.6780346 ,      1.5641342 ], [  281.25382973,    2.72830954,  113.18005257,  -16.7379753 ,     24.67678335,  121.23867649,   22.08310213,   -1.26530424,      8.7207974 ,    5.75494469,   -0.52358868,   -3.50241066,     -3.13868117], [  -77.56524948,  166.26353665,  -35.47463345,   23.2605901 ,     12.57638416,   22.08310213,  103.65006414,   26.10187011,    -15.79546968,  -10.81862472,   -6.50327259,   -0.18606304,      2.6602054 ], [  224.27901178,  -29.15879648,   25.21266782,    7.55366203,     -4.24267223,   -1.26530424,   26.10187011,   85.39030281,     23.42100974,   -8.61437155,   -8.83967061,   -6.72918654,     -0.93584144], [   52.46075494,  -10.49439813,   44.53179998,  -16.37910015,     12.8792413 ,    8.7207974 ,  -15.79546968,   23.42100974,     86.32925348,   34.93401496,   -0.30705314,  -18.71341675,    -11.52688884], [   63.20834223,   57.75330052,  -36.39648939,    8.30610504,     10.12749182,    5.75494469,  -10.81862472,   -8.61437155,     34.93401496,   85.65739416,   25.40554756,  -15.25616511,    -13.09937048], [   58.07975018,   -5.46600961,   13.27921077,   -7.17232148,      2.3348683 ,   -0.52358868,   -6.50327259,   -8.83967061,     -0.30705314,   25.40554756,   61.37762125,   19.82628064,     -8.79907118], [  -41.7469824 ,   -8.72235985,  -23.49874435,    0.36865272,    -14.6780346 ,   -3.50241066,   -0.18606304,   -6.72918654,    -18.71341675,  -15.25616511,   19.82628064,   77.09955602,     29.41068632], [  -38.50785564,  -26.5100649 ,    9.66405891,  -12.55063169,      1.5641342 ,   -3.13868117,    2.6602054 ,   -0.93584144,    -11.52688884,  -13.09937048,   -8.79907118,   29.41068632,     74.34104879]]
/root/sim/music/501~600/544_九龍城址.mp3; [-752.205    , 216.03098  , -37.679245 ,  18.166561 ,  -9.544914 ,   -6.0194116, -14.490919 ,  -5.5865626,  -2.4286337,  -3.3448513,  -10.079523 ,  -4.889512 ,  -0.8722202]; [[8412.53535849, 531.765215  ,-684.7021764 , 562.75829168,-368.88442032,   576.0204178 ,  95.15885096, 221.32504921,  48.89441649,  30.18141436,    53.38915844, 123.61686756, 193.35966694], [ 531.765215  ,1295.23171996,   4.81228105, 143.4346619 , 311.69853787,   -53.26571522,  35.9992491 ,  16.18051041,  45.5221188 ,  35.2906882 ,    27.46785783,  25.25701131, -22.99057388], [-684.7021764 ,   4.81228105, 415.26817729,  40.67435882, 111.26836245,    23.81587302,  17.99887443,  24.41925966,  31.17286478,  16.69870322,    25.63925686, -19.05024478, -39.36128408], [ 562.75829168, 143.4346619 ,  40.67435882, 304.58714401,  48.5928127 ,   127.05782079,  32.87808535,  30.29066552,  31.74605826,  14.1941994 ,    51.55655417,  53.34415941,   6.31328601], [-368.88442032, 311.69853787, 111.26836245,  48.5928127 , 260.73760762,    -1.9188441 ,  35.84304398,  10.44716543,  27.03735109,  31.61443511,    19.21101268,   4.05909811, -12.56045377], [ 576.0204178 , -53.26571522,  23.81587302, 127.05782079,  -1.9188441 ,   257.69634643,  50.94383577,  35.41051066,  44.4805787 ,  18.49714035,    27.27119156,  15.16360689,  18.46778303], [  95.15885096,  35.9992491 ,  17.99887443,  32.87808535,  35.84304398,    50.94383577, 121.28879008,  40.05458052,  12.41181131,   8.49982857,    -1.54140858,  10.62628499,   9.52548367], [ 221.32504921,  16.18051041,  24.41925966,  30.29066552,  10.44716543,    35.41051066,  40.05458052, 102.17706525,  41.91074877,  25.06937983,    13.07234553,   4.15587691,   3.08044793], [  48.89441649,  45.5221188 ,  31.17286478,  31.74605826,  27.03735109,    44.4805787 ,  12.41181131,  41.91074877, 144.94044245,  67.97615541,    21.92042653,   1.25830834, -13.82894388], [  30.18141436,  35.2906882 ,  16.69870322,  14.1941994 ,  31.61443511,    18.49714035,   8.49982857,  25.06937983,  67.97615541, 122.63305301,    32.40164031,   8.00835495,   3.24235505], [  53.38915844,  27.46785783,  25.63925686,  51.55655417,  19.21101268,    27.27119156,  -1.54140858,  13.07234553,  21.92042653,  32.40164031,   109.23203972,  42.02921544, -12.04387137], [ 123.61686756,  25.25701131, -19.05024478,  53.34415941,   4.05909811,    15.16360689,  10.62628499,   4.15587691,   1.25830834,   8.00835495,    42.02921544,  96.32349073,  27.06015746], [ 193.35966694, -22.99057388, -39.36128408,   6.31328601, -12.56045377,    18.46778303,   9.52548367,   3.08044793, -13.82894388,   3.24235505,   -12.04387137,  27.06015746, 112.34500836]]
/root/sim/music/501~600/518_Dark_Lullaby.mp3; [-834.0652   , 233.93481  ,  27.913038 , -21.790041 ,  -8.668875 ,   -2.0037882,  10.587251 ,   1.7380993,  -8.294674 ,  -7.9171557,   -4.0939493,  -9.424037 ,  -0.9994071]; [[4486.07609521,1110.37973787,-236.52492668,-146.23582651, 127.73829386,    43.35758366, -47.04300082, -64.57769445,  64.18672361, 122.4122366 ,   113.19570198,  52.88051516, 126.17256778], [1110.37973787, 510.73623571, -40.50436837, -84.08293054,  21.2105822 ,    -4.22535759,  16.92929328,  -0.1966505 ,  17.68177738,  40.23247228,    26.61883252,  -7.09147465,  34.12573406], [-236.52492668, -40.50436837, 179.87498371,  50.88195673, -71.23902693,   -36.74231802,  15.6629959 ,  22.97969776,   8.28799275,  -8.05249146,   -10.94799191, -28.39768864, -14.81902313], [-146.23582651, -84.08293054,  50.88195673,  94.21305836,  18.79606242,     2.55741697, -36.41860699,  -6.34707355,  15.04629229,  -0.00315203,     1.60744762, -12.33598436, -36.77187222], [ 127.73829386,  21.2105822 , -71.23902693,  18.79606242, 185.28802886,    84.95267905, -44.69696147, -75.8831124 , -32.18207467,  33.97454152,    34.75076143,  25.10467239, -23.69145108], [  43.35758366,  -4.22535759, -36.74231802,   2.55741697,  84.95267905,   104.53629492,  -4.7710724 , -45.37727282, -31.54173661, -11.04254122,    19.12736235,  30.15057645,   9.44887581], [ -47.04300082,  16.92929328,  15.6629959 , -36.41860699, -44.69696147,    -4.7710724 , 123.52403362,  34.84165089, -46.13923104, -35.53733824,   -10.92821042,  -2.29278429,  28.21044194], [ -64.57769445,  -0.1966505 ,  22.97969776,  -6.34707355, -75.8831124 ,   -45.37727282,  34.84165089, 129.67727473,  64.64758108, -20.05449404,   -42.11070494, -31.75611524,  -0.8796542 ], [  64.18672361,  17.68177738,   8.28799275,  15.04629229, -32.18207467,   -31.54173661, -46.13923104,  64.64758108, 149.10716318,  50.94572781,   -43.70370543, -55.12263554, -18.54136915], [ 122.4122366 ,  40.23247228,  -8.05249146,  -0.00315203,  33.97454152,   -11.04254122, -35.53733824, -20.05449404,  50.94572781, 142.90931916,    38.88448816, -44.46648677, -69.5988428 ], [ 113.19570198,  26.61883252, -10.94799191,   1.60744762,  34.75076143,    19.12736235, -10.92821042, -42.11070494, -43.70370543,  38.88448816,   103.51622912,  45.96766861, -17.24700661], [  52.88051516,  -7.09147465, -28.39768864, -12.33598436,  25.10467239,    30.15057645,  -2.29278429, -31.75611524, -55.12263554, -44.46648677,    45.96766861, 128.54245476,  80.76098891], [ 126.17256778,  34.12573406, -14.81902313, -36.77187222, -23.69145108,     9.44887581,  28.21044194,  -0.8796542 , -18.54136915, -69.5988428 ,   -17.24700661,  80.76098891, 175.9502587 ]]
