/root/sim/music/301~400/359_アイドルです！.mp3; [-558.75073   , 126.4638    ,   4.186365  ,  28.270641  ,   8.857004  ,   13.635177  ,   6.504757  ,   7.1394596 ,   5.4443636 ,   1.7968473 ,   -1.1823261 ,  -4.0917983 ,   0.61246663]; [[9781.85602848, 215.02803035, 326.20217992,-175.18207471, 202.70705083,    79.73933343, -59.74641077, -65.25820035,   1.10269464, -46.30567082,    16.60132198, -91.38743132,-160.79753337], [ 215.02803035, 760.51324202, -28.12122784, 273.54948727, -11.80785372,   153.77012986,  -7.93893781, -78.57583066, -12.89893507, -35.07518115,    12.62873061,   4.14717118,  53.50332328], [ 326.20217992, -28.12122784, 296.31705092,  28.4110046 ,  78.43680521,    -2.12273525,  24.58908874,   9.56567097, -25.39833776,   5.33089426,   -31.74082432,  10.66879383,  12.0567607 ], [-175.18207471, 273.54948727,  28.4110046 , 266.98938675,  16.94981316,    93.4381945 , -16.82413726,  -6.65435611,  -4.65584057, -21.58310088,   -14.15538806,   7.93685442,  46.21758424], [ 202.70705083, -11.80785372,  78.43680521,  16.94981316, 146.01825229,    45.84230306,  18.38626898,   3.68619616,  21.47792488,  32.55105728,    -9.72541748, -23.75474343, -16.51974669], [  79.73933343, 153.77012986,  -2.12273525,  93.4381945 ,  45.84230306,   153.81834587,  26.15357969, -28.22204663,  -6.36091739,  11.71404259,    21.62379456,   2.23251752,   0.01893216], [ -59.74641077,  -7.93893781,  24.58908874, -16.82413726,  18.38626898,    26.15357969, 124.51047636,  41.28043645, -13.43141521,  -5.98104136,    22.0991657 ,  17.95583447,  -2.42580799], [ -65.25820035, -78.57583066,   9.56567097,  -6.65435611,   3.68619616,   -28.22204663,  41.28043645, 128.88481298,  42.64903024, -10.92904224,   -22.20027936,   3.22089727,  11.63581119], [   1.10269464, -12.89893507, -25.39833776,  -4.65584057,  21.47792488,    -6.36091739, -13.43141521,  42.64903024, 143.50806586,  47.99918143,    -5.50005035, -22.36451302,   2.04091532], [ -46.30567082, -35.07518115,   5.33089426, -21.58310088,  32.55105728,    11.71404259,  -5.98104136, -10.92904224,  47.99918143, 119.69619014,    33.80793887, -28.38662577, -48.4133139 ], [  16.60132198,  12.62873061, -31.74082432, -14.15538806,  -9.72541748,    21.62379456,  22.0991657 , -22.20027936,  -5.50005035,  33.80793887,   106.44737785,  44.58854345, -31.00981907], [ -91.38743132,   4.14717118,  10.66879383,   7.93685442, -23.75474343,     2.23251752,  17.95583447,   3.22089727, -22.36451302, -28.38662577,    44.58854345, 105.55151871,  40.52208312], [-160.79753337,  53.50332328,  12.0567607 ,  46.21758424, -16.51974669,     0.01893216,  -2.42580799,  11.63581119,   2.04091532, -48.4133139 ,   -31.00981907,  40.52208312, 124.42809804]]
/root/sim/music/301~400/326_イカタコメーター.mp3; [-662.7995   , 138.61002  , -18.562502 ,  42.800583 ,  16.860739 ,   19.72248  ,   7.3868256,   5.199033 ,  -1.2987365,  -6.5871005,   -3.1443286,   0.2141283,  -2.7771313]; [[30233.08520497,-1440.0709372 ,   42.9753128 , 1006.93618981,   1218.88376764, 1185.00567039,  532.91403208, 1106.52063991,    393.75084246,  471.94733866,  287.76911093,  354.28440221,    133.98031739], [-1440.0709372 , 4065.64410375, -750.44916507,  881.42675789,    -97.37623458,   59.92385914,  142.03425884, -172.25587945,     87.41097515, -223.57965346,   70.52269626,  -17.80346726,    -15.52712227], [   42.9753128 , -750.44916507, 1592.96440803, -434.61565018,    247.38534155,  -50.7280887 ,  -73.62292941,   99.89433029,   -146.97864734,  141.48596513,  -54.65652714,    5.59045706,    -17.9491303 ], [ 1006.93618981,  881.42675789, -434.61565018,  637.30766578,     48.59559154,  159.88127807,  131.36500145,   19.89423185,    113.46083337,  -75.41710366,   57.46751334,   29.74998716,     28.79137104], [ 1218.88376764,  -97.37623458,  247.38534155,   48.59559154,    240.97803975,   87.93834024,   70.70891465,  105.73052842,     26.34521348,   67.45689048,   17.9106578 ,   37.65749644,      9.36220738], [ 1185.00567039,   59.92385914,  -50.7280887 ,  159.88127807,     87.93834024,  213.73379632,   97.57227034,   72.70366609,     62.03266911,   22.54989493,   33.1000896 ,   44.317313  ,     23.9915222 ], [  532.91403208,  142.03425884,  -73.62292941,  131.36500145,     70.70891465,   97.57227034,  131.83809127,   61.4664076 ,     54.69361544,    9.6451052 ,   21.14972153,   29.49960982,     13.5985003 ], [ 1106.52063991, -172.25587945,   99.89433029,   19.89423185,    105.73052842,   72.70366609,   61.4664076 ,  139.97396562,     43.97234685,   70.74854834,   21.05779306,   30.57835299,     13.81515212], [  393.75084246,   87.41097515, -146.97864734,  113.46083337,     26.34521348,   62.03266911,   54.69361544,   43.97234685,     96.85822815,   15.38692667,   34.19901033,   15.95267477,     13.26134666], [  471.94733866, -223.57965346,  141.48596513,  -75.41710366,     67.45689048,   22.54989493,    9.6451052 ,   70.74854834,     15.38692667,  103.00954094,   21.69452052,   23.22700832,      8.80527655], [  287.76911093,   70.52269626,  -54.65652714,   57.46751334,     17.9106578 ,   33.1000896 ,   21.14972153,   21.05779306,     34.19901033,   21.69452052,   60.09617951,   23.40435223,     15.52305484], [  354.28440221,  -17.80346726,    5.59045706,   29.74998716,     37.65749644,   44.317313  ,   29.49960982,   30.57835299,     15.95267477,   23.22700832,   23.40435223,   55.53104837,     25.10528297], [  133.98031739,  -15.52712227,  -17.9491303 ,   28.79137104,      9.36220738,   23.9915222 ,   13.5985003 ,   13.81515212,     13.26134666,    8.80527655,   15.52305484,   25.10528297,     41.52556607]]
/root/sim/music/301~400/301_oriental.mp3; [-786.5369    , 175.23407   , -19.765722  ,   4.0927563 ,  -9.347469  ,    0.39138845,  -2.4198549 ,  -0.47907886,   0.82730496,   4.329233  ,   -4.358669  ,   0.73604965,  -4.4807844 ]; [[55608.65022235,11799.96585234,-5243.65216655, -546.43571474,  -1354.37402552,  422.15643754,  -79.15754702,  -59.11703278,     98.81207641,  673.78612685,  -89.53796225,  885.41116186,    274.85526467], [11799.96585234, 6822.45341705,-1899.19435795, -504.49046157,   -482.24595102, -269.58154327, -132.08715966,   -2.30504921,     68.65563877,  115.94670332,  -61.98260175,   92.46723838,    184.07863505], [-5243.65216655,-1899.19435795, 1714.73615109,  258.03122996,    238.49709765,   80.40009551,   62.19645728,    5.26367151,    -30.48099192,  -27.81176372,   -2.50773697,  -86.8224681 ,   -123.18557802], [ -546.43571474, -504.49046157,  258.03122996,  391.2684339 ,    138.24782857,  117.55385623,    5.44765543,  -35.85092743,    -50.7503908 ,  -14.12728425,   55.92738423,    2.19243099,    -87.46122475], [-1354.37402552, -482.24595102,  238.49709765,  138.24782857,    252.71719113,  107.12252377,   37.32956401,   17.24696511,    -20.0514461 ,  -54.99759789,   39.5382429 ,  -20.13555013,    -21.68006841], [  422.15643754, -269.58154327,   80.40009551,  117.55385623,    107.12252377,  179.85518884,   41.87293376,   -3.15227782,    -37.28009167,  -16.02475567,   27.04114385,    9.38589936,    -29.60562057], [  -79.15754702, -132.08715966,   62.19645728,    5.44765543,     37.32956401,   41.87293376,  135.17314154,   32.72537682,     31.15061547,   41.0402471 ,  -17.53184354,   19.36296098,     22.76499132], [  -59.11703278,   -2.30504921,    5.26367151,  -35.85092743,     17.24696511,   -3.15227782,   32.72537682,  118.37795076,     75.12812719,   16.7283745 ,   17.61714075,  -12.05810185,     28.41597087], [   98.81207641,   68.65563877,  -30.48099192,  -50.7503908 ,    -20.0514461 ,  -37.28009167,   31.15061547,   75.12812719,    138.54708728,   75.22621873,  -10.54843911,    8.23988041,     33.37294119], [  673.78612685,  115.94670332,  -27.81176372,  -14.12728425,    -54.99759789,  -16.02475567,   41.0402471 ,   16.7283745 ,     75.22621873,  137.24935234,   -7.99278388,   40.65055609,     15.40576062], [  -89.53796225,  -61.98260175,   -2.50773697,   55.92738423,     39.5382429 ,   27.04114385,  -17.53184354,   17.61714075,    -10.54843911,   -7.99278388,  119.55787759,   13.65958727,    -21.96952778], [  885.41116186,   92.46723838,  -86.8224681 ,    2.19243099,    -20.13555013,    9.38589936,   19.36296098,  -12.05810185,      8.23988041,   40.65055609,   13.65958727,  100.65877093,     36.06981356], [  274.85526467,  184.07863505, -123.18557802,  -87.46122475,    -21.68006841,  -29.60562057,   22.76499132,   28.41597087,     33.37294119,   15.40576062,  -21.96952778,   36.06981356,    114.65361983]]
/root/sim/music/301~400/365_天の庭.mp3; [-835.9678   , 267.54535  , -56.399532 , -17.68679  ,  -6.467381 ,  -34.808277 , -13.635885 ,  -7.3689294,  -6.5320354,  -2.2876441,   -8.437123 ,  -6.790658 ,  -5.1242533]; [[ 4561.8815332 , 1314.12035216,-1274.87028987,  327.34839447,   -160.19421461, -194.26689099,  266.34944527,   -6.61154884,     46.63074301,  -12.13598995, -178.75101474,   -8.97541161,    -24.66432485], [ 1314.12035216, 1267.05119832,  -81.94829385,  -78.10377651,    290.87491085,    0.12533443,   18.78674189,  137.48535533,     22.76841082,   70.06476102,   33.69444624,  -49.93838354,     -4.66173569], [-1274.87028987,  -81.94829385, 1066.97402333,   -9.52586864,    245.75999723,  263.8613184 , -128.92039817,  103.46511855,     22.38153498,   54.94179442,  140.62019671,   -5.86092802,     -2.30107427], [  327.34839447,  -78.10377651,   -9.52586864,  450.40112164,     14.149789  ,   16.22718585,  172.48369358,  -22.80513357,     36.11588946,   19.39271016,  -51.76798845,   11.92092872,    -10.6287671 ], [ -160.19421461,  290.87491085,  245.75999723,   14.149789  ,    321.29088868,   82.87225978,  -37.95552525,  116.98510498,     21.80471718,   84.83697419,   67.15586507,  -57.34788262,    -11.00144151], [ -194.26689099,    0.12533443,  263.8613184 ,   16.22718585,     82.87225978,  164.27823408,   14.27897859,   32.42856134,     25.76791837,    6.25482283,   37.67142747,   11.15344687,     -3.01680859], [  266.34944527,   18.78674189, -128.92039817,  172.48369358,    -37.95552525,   14.27897859,  192.41051066,   26.79735465,     21.12391438,    4.79673049,  -45.39567066,   22.14138985,     20.8137394 ], [   -6.61154884,  137.48535533,  103.46511855,  -22.80513357,    116.98510498,   32.42856134,   26.79735465,  144.77635926,     49.66920118,   44.80783763,   35.1497706 ,  -26.6522806 ,      8.13569464], [   46.63074301,   22.76841082,   22.38153498,   36.11588946,     21.80471718,   25.76791837,   21.12391438,   49.66920118,     82.71397533,   45.32333649,    7.52605331,   -0.28263038,     -3.51390983], [  -12.13598995,   70.06476102,   54.94179442,   19.39271016,     84.83697419,    6.25482283,    4.79673049,   44.80783763,     45.32333649,  112.29459872,   53.51454492,  -18.75607015,      4.2756644 ], [ -178.75101474,   33.69444624,  140.62019671,  -51.76798845,     67.15586507,   37.67142747,  -45.39567066,   35.1497706 ,      7.52605331,   53.51454492,  104.04839052,   19.19760122,     -0.75463124], [   -8.97541161,  -49.93838354,   -5.86092802,   11.92092872,    -57.34788262,   11.15344687,   22.14138985,  -26.6522806 ,     -0.28263038,  -18.75607015,   19.19760122,   83.03355481,     37.90359652], [  -24.66432485,   -4.66173569,   -2.30107427,  -10.6287671 ,    -11.00144151,   -3.01680859,   20.8137394 ,    8.13569464,     -3.51390983,    4.2756644 ,   -0.75463124,   37.90359652,     72.01264866]]
/root/sim/music/301~400/332_キミとの季節.mp3; [-585.4205    , 155.23366   , -11.870415  ,   6.363698  ,   8.359107  ,    7.215402  ,   0.28055587,   8.090794  ,  14.476815  ,   8.573778  ,   -2.664699  ,   5.8094783 ,   9.783408  ]; [[ 2227.04401464,-1543.58724737,  705.10204604, -252.89033475,     28.37323901,   79.63363061,   89.35864677,  -33.46506556,    -72.9118411 , -102.30549976,  -51.0790077 ,  -47.87222082,    -50.94897727], [-1543.58724737, 1682.27002394, -814.41977501,  351.36677092,    -56.19040168,  -12.85846466,  -62.42984577,   94.46855821,      6.9556285 ,   85.39559543,   74.26258452,   90.50511501,      2.02448467], [  705.10204604, -814.41977501,  616.25598093, -250.1503344 ,    106.32886538,  -27.02825337,   47.94319981,  -83.05223877,     29.34385922,  -22.27745988,  -45.58049504,  -65.90080542,     24.47427768], [ -252.89033475,  351.36677092, -250.1503344 ,  220.61021423,    -38.31727262,   21.80701691,  -34.21803067,   39.08435272,    -35.06961426,   12.62956432,   26.65535491,   36.55721092,    -37.22590035], [   28.37323901,  -56.19040168,  106.32886538,  -38.31727262,    120.41378978,  -16.84157819,   15.95173938,  -35.62160496,     -3.13770289,   -4.91761469,   -1.84855608,   -0.7511404 ,      4.46799843], [   79.63363061,  -12.85846466,  -27.02825337,   21.80701691,    -16.84157819,   82.80469898,   11.18244041,   13.78147602,    -26.49946633,   -8.69522097,    8.05081714,    9.86250784,     -8.17933237], [   89.35864677,  -62.42984577,   47.94319981,  -34.21803067,     15.95173938,   11.18244041,   79.78398566,    5.09625728,    -27.24061286,  -18.46671143,    3.5964322 ,    2.87919762,      8.79233503], [  -33.46506556,   94.46855821,  -83.05223877,   39.08435272,    -35.62160496,   13.78147602,    5.09625728,   96.77776381,     -0.71551187,   -4.87177952,    8.43625615,   12.53642509,     -7.84424873], [  -72.9118411 ,    6.9556285 ,   29.34385922,  -35.06961426,     -3.13770289,  -26.49946633,  -27.24061286,   -0.71551187,    114.87483066,   34.55080524,   -4.42561017,  -25.41251359,     11.43880279], [ -102.30549976,   85.39559543,  -22.27745988,   12.62956432,     -4.91761469,   -8.69522097,  -18.46671143,   -4.87177952,     34.55080524,   63.50608586,   11.5963029 ,   -5.88016708,     -1.64623296], [  -51.0790077 ,   74.26258452,  -45.58049504,   26.65535491,     -1.84855608,    8.05081714,    3.5964322 ,    8.43625615,     -4.42561017,   11.5963029 ,   63.135537  ,   23.74203577,    -11.5904638 ], [  -47.87222082,   90.50511501,  -65.90080542,   36.55721092,     -0.7511404 ,    9.86250784,    2.87919762,   12.53642509,    -25.41251359,   -5.88016708,   23.74203577,   77.81012711,     14.66245222], [  -50.94897727,    2.02448467,   24.47427768,  -37.22590035,      4.46799843,   -8.17933237,    8.79233503,   -7.84424873,     11.43880279,   -1.64623296,  -11.5904638 ,   14.66245222,     66.03579396]]
/root/sim/music/301~400/306_Run_through_time.mp3; [-639.3177   , 130.98305  ,  35.576313 ,  -1.6427808, -28.801502 ,  -17.127323 , -18.36855  ,  -2.6457086,  14.295489 ,  19.475529 ,   24.89418  ,  20.51733  ,   9.399181 ]; [[13628.80571008,-6815.40594245,  526.09106671, 1034.62885265,   1243.90765503, 1532.42669615,  692.4829914 ,  550.58360512,     50.78897494, -322.22799801, -161.65121807, -131.34146528,   -360.39609004], [-6815.40594245, 5479.83654866,  118.33142792,   21.95233584,    -96.86426816, -316.79155614,   53.78501987,  -44.9144109 ,    164.93175157,  333.90449257,   99.638676  ,   49.8357616 ,    219.45993949], [  526.09106671,  118.33142792,  643.80718702,  296.66391671,    318.45693231,  164.36149787,   79.38745168,  110.47411211,      9.798221  ,   15.5835497 ,   35.93496736,   18.92522234,    -20.96320588], [ 1034.62885265,   21.95233584,  296.66391671,  805.76361975,    294.53125127,  295.12151227,  272.69655492,  222.15507811,     71.11977232,  -18.73388583,  -49.07985773,  -42.86682994,    -36.61058183], [ 1243.90765503,  -96.86426816,  318.45693231,  294.53125127,    614.34404366,  368.26841853,  287.61431521,  206.40214943,     99.0980791 ,   52.8893335 ,   11.06766437,  -31.91343217,    -52.12485179], [ 1532.42669615, -316.79155614,  164.36149787,  295.12151227,    368.26841853,  654.03283231,  255.96148507,  127.0435379 ,    105.49875584,   14.79983433,  -20.86092248,   -4.98083502,    -61.52547919], [  692.4829914 ,   53.78501987,   79.38745168,  272.69655492,    287.61431521,  255.96148507,  452.81375757,  318.267842  ,    121.02350609,   -9.93178131,  -55.53263871,  -36.06730653,     15.77062816], [  550.58360512,  -44.9144109 ,  110.47411211,  222.15507811,    206.40214943,  127.0435379 ,  318.267842  ,  541.87637289,    232.56190188,   83.49671048,  -57.92209194, -118.8288367 ,    -44.89037685], [   50.78897494,  164.93175157,    9.798221  ,   71.11977232,     99.0980791 ,  105.49875584,  121.02350609,  232.56190188,    315.42575673,  176.4832079 ,   23.14544142,  -98.47192058,   -131.28198478], [ -322.22799801,  333.90449257,   15.5835497 ,  -18.73388583,     52.8893335 ,   14.79983433,   -9.93178131,   83.49671048,    176.4832079 ,  238.94326839,   79.34359001,  -49.33631539,   -107.68145095], [ -161.65121807,   99.638676  ,   35.93496736,  -49.07985773,     11.06766437,  -20.86092248,  -55.53263871,  -57.92209194,     23.14544142,   79.34359001,  132.45153558,   41.03476409,    -16.29558837], [ -131.34146528,   49.8357616 ,   18.92522234,  -42.86682994,    -31.91343217,   -4.98083502,  -36.06730653, -118.8288367 ,    -98.47192058,  -49.33631539,   41.03476409,  150.54825742,    111.27773321], [ -360.39609004,  219.45993949,  -20.96320588,  -36.61058183,    -52.12485179,  -61.52547919,   15.77062816,  -44.89037685,   -131.28198478, -107.68145095,  -16.29558837,  111.27773321,    219.42327449]]
/root/sim/music/301~400/349_いちごハムパン.mp3; [-796.2174   , 180.6731   ,   1.3433129,   4.6990623,  -8.275565 ,   -6.7430773, -15.132842 , -12.747893 ,   1.8041614,  11.1961775,    6.180621 ,   6.716227 ,  -0.779195 ]; [[14221.97446093,-1235.81921649, -790.33274025, -213.86525138,   -991.04791944, -444.46939279, -603.04726518, -677.24694003,   -612.63334337, -398.54286074, -439.35082978, -290.4353894 ,   -343.92109546], [-1235.81921649,  887.38588095,  -16.10964743,   70.44255578,     47.87371421,  -23.49371716,    6.99810329,   59.7440733 ,     65.82016164,   79.02040877,   37.06193029,   53.83384992,     97.59137064], [ -790.33274025,  -16.10964743,  442.40593255,  105.28267485,    133.34149458,  173.3721049 ,  131.65165577,  -54.50500846,    -46.39769771,   66.75905534,   48.54566548,   -4.60810434,     -1.93816777], [ -213.86525138,   70.44255578,  105.28267485,  363.78441403,    131.75598201,  119.76944275,  163.46315655,   16.28383028,    -92.62707896,   13.837852  ,  -73.75578267,  -34.58755132,     35.80522778], [ -991.04791944,   47.87371421,  133.34149458,  131.75598201,    346.66003251,  161.31989765,   68.89553309,   85.54786873,     69.46556265,  -14.24208014,   10.30134048,    8.50557723,     29.12104505], [ -444.46939279,  -23.49371716,  173.3721049 ,  119.76944275,    161.31989765,  318.254024  ,  157.07857487,  -60.27321903,    -13.10642752,   41.80013979,  -15.63983999,  -23.93804504,     72.95355903], [ -603.04726518,    6.99810329,  131.65165577,  163.46315655,     68.89553309,  157.07857487,  382.0279145 ,   94.49008327,    -76.99639702,   94.96714919,  -23.7286472 ,  -95.53684854,      7.6400701 ], [ -677.24694003,   59.7440733 ,  -54.50500846,   16.28383028,     85.54786873,  -60.27321903,   94.49008327,  294.90497098,    140.22286443,   16.35014117,   38.47103409,  -23.14793027,    -76.58666491], [ -612.63334337,   65.82016164,  -46.39769771,  -92.62707896,     69.46556265,  -13.10642752,  -76.99639702,  140.22286443,    285.62936225,   64.80614185,   77.59776853,   42.61451922,      7.36648591], [ -398.54286074,   79.02040877,   66.75905534,   13.837852  ,    -14.24208014,   41.80013979,   94.96714919,   16.35014117,     64.80614185,  199.14432154,   72.2031523 ,   15.83424093,     42.86424849], [ -439.35082978,   37.06193029,   48.54566548,  -73.75578267,     10.30134048,  -15.63983999,  -23.7286472 ,   38.47103409,     77.59776853,   72.2031523 ,  155.02895053,   63.31065563,     -1.77098821], [ -290.4353894 ,   53.83384992,   -4.60810434,  -34.58755132,      8.50557723,  -23.93804504,  -95.53684854,  -23.14793027,     42.61451922,   15.83424093,   63.31065563,  150.32005335,     50.32831696], [ -343.92109546,   97.59137064,   -1.93816777,   35.80522778,     29.12104505,   72.95355903,    7.6400701 ,  -76.58666491,      7.36648591,   42.86424849,   -1.77098821,   50.32831696,    232.00790523]]
/root/sim/music/301~400/361_レシュノルティア.mp3; [-921.38336   , 187.21902   ,  56.320004  ,  -0.40957102, -25.909496  ,  -12.622992  , -14.139076  ,  -2.0916877 ,  -0.68582964,   0.81341237,   -2.0950773 ,  -0.09918444,  -3.6392975 ]; [[22404.30213318, 4663.58483407, 2135.43793891,  321.44114336,   -803.25535054, -427.3415405 , -674.09683636,  369.27732987,    224.77860147,  470.54488863,  540.89591558,  681.00526426,    560.73963766], [ 4663.58483407, 6095.83512229, 1112.60758637,  380.5630968 ,   -251.9820146 , -318.99902449,  -57.65809754,   11.45478301,     80.91464688,   91.16760561,  193.80092155,  249.11663344,    201.77418005], [ 2135.43793891, 1112.60758637, 2976.33607288, 1236.94659742,    341.45749663,  180.66054156, -117.64276608,  181.67814468,   -192.11028967,  -83.52476734,  135.52628533,  291.96687414,    404.36944926], [  321.44114336,  380.5630968 , 1236.94659742, 1060.40436185,    532.96711202,  195.37097412,   12.00400361,    4.00224828,   -203.79196265, -159.03435136,   20.05795995,  182.94274218,    239.18440442], [ -803.25535054, -251.9820146 ,  341.45749663,  532.96711202,    577.19572333,  224.69693077,   45.32265974,   12.2223796 ,    -98.57240833,  -93.14450345,  -17.00411855,   21.88965019,     95.90205181], [ -427.3415405 , -318.99902449,  180.66054156,  195.37097412,    224.69693077,  322.26149464,  148.15075061,   70.06871312,     42.64416648,   18.09598191,   -6.88378156,  -19.20617928,    -40.60355058], [ -674.09683636,  -57.65809754, -117.64276608,   12.00400361,     45.32265974,  148.15075061,  267.03707314,   92.2061568 ,    104.14250179,   51.04439346,    7.75731643,   -6.35553211,    -69.00066393], [  369.27732987,   11.45478301,  181.67814468,    4.00224828,     12.2223796 ,   70.06871312,   92.2061568 ,  360.9436327 ,    243.96858676,  101.64069835,   31.62728638,  -72.26261501,    -26.83416371], [  224.77860147,   80.91464688, -192.11028967, -203.79196265,    -98.57240833,   42.64416648,  104.14250179,  243.96858676,    413.83409257,  253.87521085,   54.1905094 ,  -94.45555789,   -152.54275271], [  470.54488863,   91.16760561,  -83.52476734, -159.03435136,    -93.14450345,   18.09598191,   51.04439346,  101.64069835,    253.87521085,  371.37106788,  212.85863625,   60.30562463,    -44.58703619], [  540.89591558,  193.80092155,  135.52628533,   20.05795995,    -17.00411855,   -6.88378156,    7.75731643,   31.62728638,     54.1905094 ,  212.85863625,  272.92798056,  218.08789917,    143.8811872 ], [  681.00526426,  249.11663344,  291.96687414,  182.94274218,     21.88965019,  -19.20617928,   -6.35553211,  -72.26261501,    -94.45555789,   60.30562463,  218.08789917,  406.25923869,    301.4041154 ], [  560.73963766,  201.77418005,  404.36944926,  239.18440442,     95.90205181,  -40.60355058,  -69.00066393,  -26.83416371,   -152.54275271,  -44.58703619,  143.8811872 ,  301.4041154 ,    392.22910629]]
/root/sim/music/301~400/347_Nagatsuki_Beat.mp3; [-723.63086  , 218.1073   , -28.693825 ,  16.354383 ,  -2.2824748,    5.106483 ,   0.7193475,  -0.8236335,  -2.468573 ,  -2.5002632,   -4.6750455,  -2.9107816,  -1.8475355]; [[27532.7752939 , 6661.52237465,-1607.6437032 ,  726.9380995 ,   -605.82212846,   -4.17162044, -451.51996171, -375.37368536,   -514.84084087, -421.91275094, -451.68652656, -373.4018928 ,   -317.19395625], [ 6661.52237465, 4924.8346959 , -795.15257553,   79.81439666,    -53.0374294 , -203.48946618,  -72.02217341, -178.13437068,   -129.15352995, -180.45557706, -241.16852486, -150.89294023,   -127.97151912], [-1607.6437032 , -795.15257553,  838.09442308,  -77.14235217,    158.9984475 ,  135.09155693,   79.8324684 ,  157.82276238,    123.66489203,  136.01745731,  116.35916049,   41.09466775,     60.7343405 ], [  726.9380995 ,   79.81439666,  -77.14235217,  321.57168178,     29.83871556,   80.7696732 ,   52.82708621,   20.65136015,     25.32922128,   40.40044118,   41.76811312,   69.4611449 ,     37.30354608], [ -605.82212846,  -53.0374294 ,  158.9984475 ,   29.83871556,    225.13404503,   70.09480021,   69.42436113,   64.46102501,     60.79859243,   52.63248079,   49.46021706,   50.13327009,     44.91556529], [   -4.17162044, -203.48946618,  135.09155693,   80.7696732 ,     70.09480021,  148.80172779,   41.56295031,   49.5265678 ,     44.03752201,   52.80208942,   37.62107323,    7.74422313,     33.73424851], [ -451.51996171,  -72.02217341,   79.8324684 ,   52.82708621,     69.42436113,   41.56295031,  113.85086768,   51.77065048,     43.98516539,   48.08102045,   29.16222121,   33.1014284 ,     25.93249653], [ -375.37368536, -178.13437068,  157.82276238,   20.65136015,     64.46102501,   49.5265678 ,   51.77065048,  126.34077994,     49.66224728,   13.41056532,   36.66096558,   54.85580813,     33.78845743], [ -514.84084087, -129.15352995,  123.66489203,   25.32922128,     60.79859243,   44.03752201,   43.98516539,   49.66224728,    107.85947245,   78.82675466,   30.53040916,   16.770243  ,     40.64150845], [ -421.91275094, -180.45557706,  136.01745731,   40.40044118,     52.63248079,   52.80208942,   48.08102045,   13.41056532,     78.82675466,  156.6608732 ,   62.3770471 ,  -19.33995703,     34.89051393], [ -451.68652656, -241.16852486,  116.35916049,   41.76811312,     49.46021706,   37.62107323,   29.16222121,   36.66096558,     30.53040916,   62.3770471 ,  111.49910871,   62.07859574,     19.40569267], [ -373.4018928 , -150.89294023,   41.09466775,   69.4611449 ,     50.13327009,    7.74422313,   33.1014284 ,   54.85580813,     16.770243  ,  -19.33995703,   62.07859574,  161.71448758,     50.7163111 ], [ -317.19395625, -127.97151912,   60.7343405 ,   37.30354608,     44.91556529,   33.73424851,   25.93249653,   33.78845743,     40.64150845,   34.89051393,   19.40569267,   50.7163111 ,     90.7727274 ]]
/root/sim/music/301~400/379_揺らぐ木立.mp3; [-617.6756   , 141.62065  ,  50.6925   , -19.71607  , -17.59578  ,  -28.252878 , -13.048376 ,   3.9510126,  17.615501 ,  17.272362 ,   19.61182  ,  15.468802 ,   1.6274717]; [[ 5366.69031165,-1555.77851462,  647.7581199 ,  727.00228627,    632.32474431,  723.80949469,  585.07685826,  426.32738916,    108.86655587, -278.80652721, -179.63149526,   75.19321278,    -21.85478294], [-1555.77851462, 3149.70236076,  338.97195002,  583.37387479,    423.76386958,  514.03291622,  327.22276813,  455.48950043,    304.61624099, -192.22091956,   20.5209982 ,   56.5144165 ,    -72.92540431], [  647.7581199 ,  338.97195002, 1347.26385683,  917.34448393,    524.54693824,  341.43607576,  390.68320927,  366.77606408,    212.30954502,   37.00879772,  -94.06378486,  -71.31317374,    -81.57510067], [  727.00228627,  583.37387479,  917.34448393, 1031.95505262,    612.40540682,  439.88875992,  332.91890228,  378.84660627,    233.53345552,  -46.20438559,  -74.88976052,  -37.48716811,    -70.52090656], [  632.32474431,  423.76386958,  524.54693824,  612.40540682,    515.87732249,  387.73513648,  219.09112705,  243.26351099,    145.5238259 ,  -71.78366058,  -25.24835401,   23.97141579,    -46.0297953 ], [  723.80949469,  514.03291622,  341.43607576,  439.88875992,    387.73513648,  513.78600004,  261.98181019,  226.92196787,    139.0037796 , -159.31135834,  -16.25495882,   79.06782862,    -42.69066682], [  585.07685826,  327.22276813,  390.68320927,  332.91890228,    219.09112705,  261.98181019,  319.99690875,  244.86206348,     83.66122083,  -42.31173579,  -31.66769453,  -12.06738712,    -38.81438135], [  426.32738916,  455.48950043,  366.77606408,  378.84660627,    243.26351099,  226.92196787,  244.86206348,  334.47659146,    172.06874575,  -52.28109026,   -3.92939526,    0.84420876,    -42.82609472], [  108.86655587,  304.61624099,  212.30954502,  233.53345552,    145.5238259 ,  139.0037796 ,   83.66122083,  172.06874575,    199.53555796,    8.82859075,  -35.1552952 ,   -7.36819718,    -39.44902027], [ -278.80652721, -192.22091956,   37.00879772,  -46.20438559,    -71.78366058, -159.31135834,  -42.31173579,  -52.28109026,      8.82859075,  200.81244776,   19.32243237, -107.39481428,    -35.06537372], [ -179.63149526,   20.5209982 ,  -94.06378486,  -74.88976052,    -25.24835401,  -16.25495882,  -31.66769453,   -3.92939526,    -35.1552952 ,   19.32243237,  152.02481335,   27.85973672,    -31.98488989], [   75.19321278,   56.5144165 ,  -71.31317374,  -37.48716811,     23.97141579,   79.06782862,  -12.06738712,    0.84420876,     -7.36819718, -107.39481428,   27.85973672,  148.29335994,     47.03743014], [  -21.85478294,  -72.92540431,  -81.57510067,  -70.52090656,    -46.0297953 ,  -42.69066682,  -38.81438135,  -42.82609472,    -39.44902027,  -35.06537372,  -31.98488989,   47.03743014,    107.82526531]]
/root/sim/music/301~400/325_In_The_Changing_Season.mp3; [-597.49854  , 141.23666  ,  15.52819  ,  17.921627 ,   5.119313 ,    9.941101 ,   1.5065417,   5.632828 ,  -0.040079 ,  -2.6923254,   -2.1509457,  -1.0724846,  -1.8734242]; [[13698.97192159,  136.8558599 , 1818.50378857,  548.01058863,   -265.13009488,  260.24203597,  651.77602506,   74.30524096,   -360.44253178,  325.48892251,  544.75286965, -111.87153386,   -146.92295305], [  136.8558599 , 1922.23870566,  -97.53065059,  107.48119753,   -105.1788327 ,   34.47133403,   -0.22553405,   17.85547942,     49.89840943,  115.56512928,   74.6850708 ,  -13.28627765,    -14.89563787], [ 1818.50378857,  -97.53065059,  620.63016947,  112.26994966,     -5.77905475,   91.02735006,  176.20258577,   59.34160781,    -58.12865423,   84.44768679,  136.62259963,   -2.92463107,      3.93252467], [  548.01058863,  107.48119753,  112.26994966,  175.04364135,     29.02752487,   53.73913698,   65.63499408,   24.63991542,     -5.84752481,   26.32059274,   37.5365723 ,    0.40863164,      5.96966759], [ -265.13009488, -105.1788327 ,   -5.77905475,   29.02752487,    138.35014398,   29.12622623,   31.00537546,   23.2403917 ,     10.52120575,   -7.91566655,  -24.85009551,   19.79836206,     20.10088615], [  260.24203597,   34.47133403,   91.02735006,   53.73913698,     29.12622623,  118.61071846,   80.76964196,   39.6185385 ,     -5.58092005,   -1.19120148,   32.46562362,   11.91040975,     14.16184298], [  651.77602506,   -0.22553405,  176.20258577,   65.63499408,     31.00537546,   80.76964196,  189.11953507,   67.60460957,    -26.85000261,   24.20666014,   51.41762761,    9.9636854 ,     12.80309082], [   74.30524096,   17.85547942,   59.34160781,   24.63991542,     23.2403917 ,   39.6185385 ,   67.60460957,   90.74382175,     24.85372699,    9.79227753,   14.19131913,   17.70169905,     18.95308744], [ -360.44253178,   49.89840943,  -58.12865423,   -5.84752481,     10.52120575,   -5.58092005,  -26.85000261,   24.85372699,     96.13742333,   20.33488034,  -12.4925359 ,    0.86024003,     17.87397714], [  325.48892251,  115.56512928,   84.44768679,   26.32059274,     -7.91566655,   -1.19120148,   24.20666014,    9.79227753,     20.33488034,  100.68541292,   44.56510401,   -4.72201352,      5.87129838], [  544.75286965,   74.6850708 ,  136.62259963,   37.5365723 ,    -24.85009551,   32.46562362,   51.41762761,   14.19131913,    -12.4925359 ,   44.56510401,  104.35954872,   26.49027528,      4.66842632], [ -111.87153386,  -13.28627765,   -2.92463107,    0.40863164,     19.79836206,   11.91040975,    9.9636854 ,   17.70169905,      0.86024003,   -4.72201352,   26.49027528,   73.48856804,     30.74236843], [ -146.92295305,  -14.89563787,    3.93252467,    5.96966759,     20.10088615,   14.16184298,   12.80309082,   18.95308744,     17.87397714,    5.87129838,    4.66842632,   30.74236843,     70.0263923 ]]
/root/sim/music/301~400/341_スーパーにて.mp3; [-620.6156   , 150.89523  ,   6.8159986,  21.490114 ,   2.0815887,    6.2826896,  -1.4839125,   0.770086 ,  -6.860726 ,  -2.9035957,   -3.2721357,  -3.2316098,  -3.9360168]; [[ 5004.39314949,-1222.25212906, -518.25521862,  -69.49796622,   -326.65241305, -195.35551038,  -32.97664996,  164.89509963,    -39.03128727,  -42.85581144,  101.34458503,  154.18922538,     85.52551525], [-1222.25212906, 1106.67970009,  261.29720007,  -23.18107592,    219.00738729,   79.08650207,  125.62781406,   33.82706784,     48.48925797,   13.99800875,  -12.33705439,  -45.05262629,    -17.01224459], [ -518.25521862,  261.29720007,  813.72255738,   96.16005465,    130.61848299,  147.93147165,  116.39031094,   26.99888394,    168.35042977,  100.29359736,  -10.56056067,   -2.10066033,     44.14022882], [  -69.49796622,  -23.18107592,   96.16005465,  349.31497672,     82.07021394,   62.77903868,   50.78605122,   20.50038887,      2.53272859,  -15.86158853,   -0.60236462,   11.87803658,     17.32231976], [ -326.65241305,  219.00738729,  130.61848299,   82.07021394,    224.73634106,  102.14024403,   27.31958251,   -1.68968591,     30.10220362,   27.95800729,   24.89868498,   14.88707548,      9.20186203], [ -195.35551038,   79.08650207,  147.93147165,   62.77903868,    102.14024403,  275.92880968,   54.46354859,   -9.24101681,     41.01222867,   71.73566855,   51.71071333,   15.28821359,     12.88625284], [  -32.97664996,  125.62781406,  116.39031094,   50.78605122,     27.31958251,   54.46354859,  167.16984728,   78.95734743,     16.75085371,  -16.6115583 ,  -11.10551691,   11.80857702,     27.11791558], [  164.89509963,   33.82706784,   26.99888394,   20.50038887,     -1.68968591,   -9.24101681,   78.95734743,  160.58074528,     55.97628676,   15.60682957,  -29.92866799,  -21.28778487,      3.47854559], [  -39.03128727,   48.48925797,  168.35042977,    2.53272859,     30.10220362,   41.01222867,   16.75085371,   55.97628676,    167.48090708,   80.54848661,  -22.98545523,  -30.18033401,      7.97355779], [  -42.85581144,   13.99800875,  100.29359736,  -15.86158853,     27.95800729,   71.73566855,  -16.6115583 ,   15.60682957,     80.54848661,  138.46170694,   31.42764647,  -24.93923752,    -25.69885082], [  101.34458503,  -12.33705439,  -10.56056067,   -0.60236462,     24.89868498,   51.71071333,  -11.10551691,  -29.92866799,    -22.98545523,   31.42764647,  127.79294122,   65.02610357,     -4.29952156], [  154.18922538,  -45.05262629,   -2.10066033,   11.87803658,     14.88707548,   15.28821359,   11.80857702,  -21.28778487,    -30.18033401,  -24.93923752,   65.02610357,  120.81202247,     51.5229312 ], [   85.52551525,  -17.01224459,   44.14022882,   17.32231976,      9.20186203,   12.88625284,   27.11791558,    3.47854559,      7.97355779,  -25.69885082,   -4.29952156,   51.5229312 ,    114.62683232]]
/root/sim/music/301~400/372_Take_Your_Time.mp3; [-884.7495    , 252.19542   , -18.079765  ,  -7.182248  ,   1.2640728 ,  -11.948296  , -11.343781  ,  -2.8842452 ,   3.9182506 ,   5.89662   ,   -0.19913043,  -1.6283882 ,  -0.45835957]; [[10287.97240422, 2550.58230563,-2623.63152222,  646.91674961,   -402.12942728, -469.44278727, -337.44583212, -139.86130828,    -62.55213726,    5.69815443, -176.57203916,   44.71604609,     23.10021562], [ 2550.58230563, 2063.41262773, -263.92173043, -140.31573503,    150.20054745,  -81.7669602 ,    1.19339575,   -7.40482086,    -54.41040096, -146.54928939, -124.9938879 ,  -64.2271569 ,    -36.01486104], [-2623.63152222, -263.92173043, 1242.33121945, -166.26372176,    149.67015581,  313.80699824,  197.7962519 ,  117.8404765 ,     17.32200623,  -70.03191025,    8.79108636,  -23.84941777,    -41.37067919], [  646.91674961, -140.31573503, -166.26372176,  359.78196857,    -10.07141766,  -17.79325642,   50.00647787,   31.752443  ,     -7.67606893,   22.50165564,   20.93949607,   41.54738566,     27.22198697], [ -402.12942728,  150.20054745,  149.67015581,  -10.07141766,    207.88293379,   42.37937292,   38.69794159,   37.97204273,    -38.67351448,  -50.96376349,  -16.12555801,  -27.76275243,      5.20548708], [ -469.44278727,  -81.7669602 ,  313.80699824,  -17.79325642,     42.37937292,  257.718181  ,  119.6082966 ,   42.74749549,     46.17322268,  -30.74386824,  -57.42280023,  -47.26671914,    -44.92083556], [ -337.44583212,    1.19339575,  197.7962519 ,   50.00647787,     38.69794159,  119.6082966 ,  209.35526341,  101.48375018,     27.80278531,  -23.47843969,  -22.71786811,  -21.66674962,    -26.16457447], [ -139.86130828,   -7.40482086,  117.8404765 ,   31.752443  ,     37.97204273,   42.74749549,  101.48375018,  176.19891304,     39.2781415 ,  -26.55810897,    6.15417761,  -13.70862681,    -26.32864095], [  -62.55213726,  -54.41040096,   17.32200623,   -7.67606893,    -38.67351448,   46.17322268,   27.80278531,   39.2781415 ,    145.41503513,   56.89784639,  -21.09345106,   -7.35428484,    -26.3134437 ], [    5.69815443, -146.54928939,  -70.03191025,   22.50165564,    -50.96376349,  -30.74386824,  -23.47843969,  -26.55810897,     56.89784639,  127.03015991,   59.08003079,   11.29512171,     17.89695697], [ -176.57203916, -124.9938879 ,    8.79108636,   20.93949607,    -16.12555801,  -57.42280023,  -22.71786811,    6.15417761,    -21.09345106,   59.08003079,  134.28849858,   63.49502938,     12.18588758], [   44.71604609,  -64.2271569 ,  -23.84941777,   41.54738566,    -27.76275243,  -47.26671914,  -21.66674962,  -13.70862681,     -7.35428484,   11.29512171,   63.49502938,  113.13315784,     36.97861803], [   23.10021562,  -36.01486104,  -41.37067919,   27.22198697,      5.20548708,  -44.92083556,  -26.16457447,  -26.32864095,    -26.3134437 ,   17.89695697,   12.18588758,   36.97861803,    105.37165737]]
