/root/sim/music/out/Beady Eye/Different Gear Still Speeding [Bonus Tr/04 Beatles And Stones.mp3; [-465.48306   ,  96.10148   , -13.217842  ,  16.407127  ,   7.0066457 ,   12.880002  ,  10.410393  ,   8.806809  ,   4.1480217 ,   8.146687  ,    0.9340692 ,  -1.4579359 ,  -0.09082765]; [[10273.35176831,  148.81610924, -191.65033237,   28.24582189,   -159.42407427,  -86.71841205,  -62.18055785,  164.19093229,    173.50651469,  113.69555255,  -48.89639574, -115.14138286,    -91.49922212], [  148.81610924,  696.48224538, -252.97385766,    2.14470662,     -1.05885004,   31.61885463,   75.37398956,   43.00287792,     24.22449594,   49.94543974,   49.09277875,   31.24023309,     47.7206012 ], [ -191.65033237, -252.97385766,  335.40978497,   49.97068627,     30.99711496,    3.64196951,   -4.18499471,  -11.93517435,    -11.00226795,  -13.46346939,  -21.59533515,    4.85842263,    -11.72449702], [   28.24582189,    2.14470662,   49.97068627,  132.79846662,     50.53249233,    6.24019331,    9.20473632,   13.12435305,     32.95690645,    8.8791974 ,   -4.45961438,   11.73564713,     10.45784209], [ -159.42407427,   -1.05885004,   30.99711496,   50.53249233,     95.16811231,   27.63630694,   11.64901007,    5.94236486,     17.84713402,    6.20925047,    0.95164545,   10.70417028,     12.13758233], [  -86.71841205,   31.61885463,    3.64196951,    6.24019331,     27.63630694,  104.95171945,   47.35870338,    9.10285899,      0.76243566,   19.91064484,   25.10703633,   -2.54312828,      4.6075603 ], [  -62.18055785,   75.37398956,   -4.18499471,    9.20473632,     11.64901007,   47.35870338,  103.39968421,   39.42953887,     15.6488372 ,   21.79807751,   20.58010381,   13.99771138,     12.75169215], [  164.19093229,   43.00287792,  -11.93517435,   13.12435305,      5.94236486,    9.10285899,   39.42953887,   79.58714989,     45.60982702,   17.95898953,    8.47084317,   14.13950497,     12.17644946], [  173.50651469,   24.22449594,  -11.00226795,   32.95690645,     17.84713402,    0.76243566,   15.6488372 ,   45.60982702,     83.75376473,   34.63467873,    2.63749286,    9.26698673,     10.05384102], [  113.69555255,   49.94543974,  -13.46346939,    8.8791974 ,      6.20925047,   19.91064484,   21.79807751,   17.95898953,     34.63467873,   67.7121844 ,   29.73983854,   -0.29435307,      3.04369727], [  -48.89639574,   49.09277875,  -21.59533515,   -4.45961438,      0.95164545,   25.10703633,   20.58010381,    8.47084317,      2.63749286,   29.73983854,   60.59499307,   15.0494772 ,      1.12611741], [ -115.14138286,   31.24023309,    4.85842263,   11.73564713,     10.70417028,   -2.54312828,   13.99771138,   14.13950497,      9.26698673,   -0.29435307,   15.0494772 ,   57.07318716,     30.45850596], [  -91.49922212,   47.7206012 ,  -11.72449702,   10.45784209,     12.13758233,    4.6075603 ,   12.75169215,   12.17644946,     10.05384102,    3.04369727,    1.12611741,   30.45850596,     57.39316389]]
/root/sim/music/out/Beady Eye/Different Gear Still Speeding [Bonus Tr/11 Three Ring Circus.mp3; [-467.4182   , 100.89955  , -26.37446  ,  22.328522 ,   6.358174 ,   15.399128 ,   7.923897 ,   9.667335 ,   7.3913994,   7.2930245,    3.8973777,  -3.0572195,  -2.8514736]; [[11251.94104487, -449.89086716, -196.12376986, -520.75193109,   -243.46010764,  -84.9791212 , -255.70343555,  -88.1501886 ,   -114.90899154,  -59.52733379,   16.48913372, -107.45299902,    -26.53354083], [ -449.89086716,  893.10773409, -381.05230308,  215.88326819,    -21.75423208,   24.22269029,   80.45610789,   18.99207106,     47.72623817,   35.66840781,    8.71576276,   15.88153448,     -2.44112336], [ -196.12376986, -381.05230308,  609.49188444, -125.74376619,    134.06538198,   49.33911565,   -5.01876564,    5.31569958,    -36.70119144,    8.58053208,    1.84820203,   -0.64292767,     21.73098422], [ -520.75193109,  215.88326819, -125.74376619,  299.33833085,     50.667402  ,   -3.79045661,   20.7814546 ,   18.12522675,     94.14588067,   12.74362875,  -18.78874934,   41.42931038,      4.35524409], [ -243.46010764,  -21.75423208,  134.06538198,   50.667402  ,    188.29556264,   49.33926019,   24.80488305,   12.72962819,     49.25753204,   20.70917547,   -1.88583515,   17.78431074,     10.9506571 ], [  -84.9791212 ,   24.22269029,   49.33911565,   -3.79045661,     49.33926019,  140.02658371,   54.90328593,   20.88444195,      3.83618631,   28.0330498 ,   22.21740232,  -14.13204548,      2.25957239], [ -255.70343555,   80.45610789,   -5.01876564,   20.7814546 ,     24.80488305,   54.90328593,  131.71413779,   22.44539138,     16.9675184 ,   16.20014405,   19.29206257,    7.93006812,     -3.00837045], [  -88.1501886 ,   18.99207106,    5.31569958,   18.12522675,     12.72962819,   20.88444195,   22.44539138,   74.16841018,     20.96681382,   11.74834333,    5.25110457,    2.55419893,      4.96032625], [ -114.90899154,   47.72623817,  -36.70119144,   94.14588067,     49.25753204,    3.83618631,   16.9675184 ,   20.96681382,    113.22386371,   27.85566623,   -3.04335277,   21.28953146,      4.44318964], [  -59.52733379,   35.66840781,    8.58053208,   12.74362875,     20.70917547,   28.0330498 ,   16.20014405,   11.74834333,     27.85566623,   69.77252115,   29.15488082,   -1.2005021 ,     -2.71467789], [   16.48913372,    8.71576276,    1.84820203,  -18.78874934,     -1.88583515,   22.21740232,   19.29206257,    5.25110457,     -3.04335277,   29.15488082,   73.86320512,   15.22283372,     -0.98155494], [ -107.45299902,   15.88153448,   -0.64292767,   41.42931038,     17.78431074,  -14.13204548,    7.93006812,    2.55419893,     21.28953146,   -1.2005021 ,   15.22283372,   72.07542087,     18.71094487], [  -26.53354083,   -2.44112336,   21.73098422,    4.35524409,     10.9506571 ,    2.25957239,   -3.00837045,    4.96032625,      4.44318964,   -2.71467789,   -0.98155494,   18.71094487,     47.14628464]]
/root/sim/music/out/Godiego/GOLDEN☆BEST [Disc 2]/06 ポートピア (2).mp3; [-630.52997  , 145.69893  ,  -8.619795 ,   3.0756338, -16.995157 ,   -7.7564197,  -8.554051 ,  -3.7802074,  -5.180005 ,  -5.4235063,   -8.262363 ,  -5.5141735,  -1.9788674]; [[13032.98298185,  482.92401694, -248.92495559,  368.30149592,      6.38348741,  271.59712618,   -5.43687031,  -21.0215786 ,     75.55212511,   31.05423403,   -8.17007065,   -1.79956912,    -60.56160897], [  482.92401694, 1423.67884708, -168.74714248, -260.31036656,   -100.22206549,  -57.30691214,  -16.9130853 ,   37.0155713 ,    -95.36118935,  -21.74101115,    6.45958352,   -7.16103853,     25.49290143], [ -248.92495559, -168.74714248,  589.17021198,  129.10249892,     26.27983718,  -41.84886695,  -10.70825825,  -35.29124227,     18.6374348 ,  -47.72994691,  -53.30246791,  -45.80636924,    -15.2942818 ], [  368.30149592, -260.31036656,  129.10249892,  442.49740133,    176.47217588,   66.31961625,    8.91473163,   55.9459997 ,     75.72474566,   31.08079746,  -37.82347386,   10.35958977,     -1.77976065], [    6.38348741, -100.22206549,   26.27983718,  176.47217588,    235.45444611,   85.77367256,   18.06642645,   18.9294262 ,     51.41786808,   22.2504741 ,    2.19613578,   23.85943886,      1.36128534], [  271.59712618,  -57.30691214,  -41.84886695,   66.31961625,     85.77367256,  204.02020706,  103.90212752,   42.17440478,     24.10581802,   50.81099029,   54.83412076,   17.95092589,    -17.13315966], [   -5.43687031,  -16.9130853 ,  -10.70825825,    8.91473163,     18.06642645,  103.90212752,  168.77579761,   59.42261243,     -0.38973564,   29.64292919,   48.48790308,   13.69266356,     -4.26545771], [  -21.0215786 ,   37.0155713 ,  -35.29124227,   55.9459997 ,     18.9294262 ,   42.17440478,   59.42261243,  134.67221194,     38.53969432,   21.88752887,    9.60765775,   13.4076699 ,     15.15361396], [   75.55212511,  -95.36118935,   18.6374348 ,   75.72474566,     51.41786808,   24.10581802,   -0.38973564,   38.53969432,    111.34462602,   44.36128291,    5.39325228,    6.93004992,      5.67172084], [   31.05423403,  -21.74101115,  -47.72994691,   31.08079746,     22.2504741 ,   50.81099029,   29.64292919,   21.88752887,     44.36128291,  118.77198241,   59.39415641,    6.76313958,     -1.3155989 ], [   -8.17007065,    6.45958352,  -53.30246791,  -37.82347386,      2.19613578,   54.83412076,   48.48790308,    9.60765775,      5.39325228,   59.39415641,  120.98273778,   37.86064552,      0.54824517], [   -1.79956912,   -7.16103853,  -45.80636924,   10.35958977,     23.85943886,   17.95092589,   13.69266356,   13.4076699 ,      6.93004992,    6.76313958,   37.86064552,   96.26271506,     40.20968072], [  -60.56160897,   25.49290143,  -15.2942818 ,   -1.77976065,      1.36128534,  -17.13315966,   -4.26545771,   15.15361396,      5.67172084,   -1.3155989 ,    0.54824517,   40.20968072,     92.59669675]]
/root/sim/music/out/Godiego/GOLDEN☆BEST [Disc 2]/07 ア・グッド・デイ (2).mp3; [-657.4544    , 142.87227   ,  -8.445949  ,  19.059742  ,   2.308808  ,   -0.07865854,  -6.7277465 ,  -2.677039  ,  -4.1969466 ,  -3.2696245 ,   -4.934652  ,  -4.573678  ,  -2.0491774 ]; [[18631.86321902, 1456.00837802,-1379.54674258,  562.74446046,   -107.82650341,  178.42151304,  -99.30146957, -297.09227822,   -129.3095524 ,  109.43903692,   26.2784411 ,   24.04563825,    -14.2618664 ], [ 1456.00837802, 1779.77905611,  -23.92378867, -196.99534465,    -36.22218588,  -71.12216362,   -0.43810415,   72.4699747 ,    -35.41162434,  -35.63175249,   47.4537066 ,   10.2315449 ,     21.42210837], [-1379.54674258,  -23.92378867,  903.26915502,    9.35776712,     78.45857489,   57.40679668,   -8.06976166,   77.12781281,    -17.78608131,  -49.7334977 ,   28.79304969,   -6.15295893,    -20.27165388], [  562.74446046, -196.99534465,    9.35776712,  577.49354655,    147.11971178,   55.55782853,  122.41074245,   -2.36402317,     10.39686342,    7.49505562,  -23.50778012,   25.28820783,     32.40488136], [ -107.82650341,  -36.22218588,   78.45857489,  147.11971178,    287.41166534,   90.90869092,   -2.16542763,    4.56120032,     65.44296534,   39.58949451,   12.81925255,    2.15018425,     -1.51360511], [  178.42151304,  -71.12216362,   57.40679668,   55.55782853,     90.90869092,  223.11198763,   91.59454293,   13.74097485,     18.22257075,   25.59875627,   18.0932058 ,   -4.06135305,    -20.42312785], [  -99.30146957,   -0.43810415,   -8.06976166,  122.41074245,     -2.16542763,   91.59454293,  261.34946219,   85.11813462,    -40.3219071 ,  -10.04975697,    0.8342721 ,   14.58555118,     25.8793308 ], [ -297.09227822,   72.4699747 ,   77.12781281,   -2.36402317,      4.56120032,   13.74097485,   85.11813462,  170.54513257,     41.44380909,  -18.24787488,  -15.17671071,    0.48960142,     16.1402865 ], [ -129.3095524 ,  -35.41162434,  -17.78608131,   10.39686342,     65.44296534,   18.22257075,  -40.3219071 ,   41.44380909,    189.25042512,   76.92713343,   -7.71486   ,  -18.63216599,    -13.66874629], [  109.43903692,  -35.63175249,  -49.7334977 ,    7.49505562,     39.58949451,   25.59875627,  -10.04975697,  -18.24787488,     76.92713343,  141.37574287,   51.13361935,   -9.54327057,    -18.80672513], [   26.2784411 ,   47.4537066 ,   28.79304969,  -23.50778012,     12.81925255,   18.0932058 ,    0.8342721 ,  -15.17671071,     -7.71486   ,   51.13361935,  115.94169009,   45.35068144,      1.66466808], [   24.04563825,   10.2315449 ,   -6.15295893,   25.28820783,      2.15018425,   -4.06135305,   14.58555118,    0.48960142,    -18.63216599,   -9.54327057,   45.35068144,  120.19265871,     56.02413939], [  -14.2618664 ,   21.42210837,  -20.27165388,   32.40488136,     -1.51360511,  -20.42312785,   25.8793308 ,   16.1402865 ,    -13.66874629,  -18.80672513,    1.66466808,   56.02413939,    112.47586758]]
/root/sim/music/out/Godiego/GOLDEN☆BEST [Disc 2]/15 キャリー・ラヴ (2).mp3; [-613.66473   , 125.67431   ,  11.041619  ,  17.936838  ,   5.1781363 ,    6.719627  ,   3.363745  ,   2.0549474 ,  -1.6269697 ,   2.0173318 ,    3.9292538 ,  -0.3271229 ,  -0.34024853]; [[15317.24810101,  525.76573306, -179.79067124, -283.11521908,   -213.48223009,   50.91233832,   32.96590395,  -67.68331367,    -20.68081412,   16.82850353,  120.2266201 ,  -41.80885357,    -22.84965992], [  525.76573306, 1680.66796482, -110.62227009, -167.59049718,   -142.15374988,  -37.69052965,   77.56893229,    6.44795421,    -33.01117102,   41.81225419,  111.39047737,   45.33341199,     51.45477314], [ -179.79067124, -110.62227009,  679.0588811 ,  153.89552661,     45.43555717,   31.17834289,   41.54709249,   60.89935679,      4.73439328,  -33.53775257,  -66.14344407,  -14.49133718,     22.87754711], [ -283.11521908, -167.59049718,  153.89552661,  572.06994764,    285.12263359,   77.46814739,   22.2557258 ,  101.52595759,     63.7551834 ,   -0.92694556,  -84.18561238,   16.69105356,     -5.54610189], [ -213.48223009, -142.15374988,   45.43555717,  285.12263359,    405.09730616,   51.07639964,   -6.52404553,   52.0035831 ,     68.15258143,    2.1629896 ,  -40.00047287,   -5.90583659,     -8.82498937], [   50.91233832,  -37.69052965,   31.17834289,   77.46814739,     51.07639964,  165.50142103,   57.11967465,   35.9320352 ,     21.94004066,   31.11614546,    6.67227065,    6.80012125,      1.41359125], [   32.96590395,   77.56893229,   41.54709249,   22.2557258 ,     -6.52404553,   57.11967465,  186.04348351,   68.97556952,     11.24779198,   21.84648447,   25.56940842,   15.05867277,     16.90345587], [  -67.68331367,    6.44795421,   60.89935679,  101.52595759,     52.0035831 ,   35.9320352 ,   68.97556952,  151.77870675,     49.45525391,    4.73082866,   -8.26092263,   14.46399166,     22.75834095], [  -20.68081412,  -33.01117102,    4.73439328,   63.7551834 ,     68.15258143,   21.94004066,   11.24779198,   49.45525391,    120.49110624,   39.74561195,    3.79384318,    4.3941344 ,      6.21468748], [   16.82850353,   41.81225419,  -33.53775257,   -0.92694556,      2.1629896 ,   31.11614546,   21.84648447,    4.73082866,     39.74561195,  109.91655922,   52.21766698,   15.54258371,      2.59780091], [  120.2266201 ,  111.39047737,  -66.14344407,  -84.18561238,    -40.00047287,    6.67227065,   25.56940842,   -8.26092263,      3.79384318,   52.21766698,  124.15239771,   36.59438519,     11.28821524], [  -41.80885357,   45.33341199,  -14.49133718,   16.69105356,     -5.90583659,    6.80012125,   15.05867277,   14.46399166,      4.3941344 ,   15.54258371,   36.59438519,   92.17790699,     28.29131917], [  -22.84965992,   51.45477314,   22.87754711,   -5.54610189,     -8.82498937,    1.41359125,   16.90345587,   22.75834095,      6.21468748,    2.59780091,   11.28821524,   28.29131917,     98.95385594]]
/root/sim/music/out/Godiego/GOLDEN☆BEST [Disc 2]/04 リターン・トゥ・アフリカ (2).mp3; [-616.435     , 110.53347   ,   0.5914238 ,  26.263535  ,  -0.5190001 ,    6.379964  ,   0.28685513,  -1.639651  ,   0.29123828,  -2.4014165 ,   -0.24530758,   0.98014414,   0.19079612]; [[26654.45000226, 1878.08850058,-1198.35664753, -238.38771821,   -602.34064656, -379.62031378, -638.28706102, -454.52437453,     19.07350507, -113.97320122, -118.56259438,  -11.66569449,     38.87164178], [ 1878.08850058, 1364.25843383,  -77.58539059,  -54.30381785,   -104.10630871, -142.65014388, -194.31774797,  -85.97947898,    -22.23040303,  -15.88829483,    3.61002516,  -11.51491791,     -0.57839848], [-1198.35664753,  -77.58539059,  578.19577053,  316.58738212,    118.74819532,   88.17884102,   18.73449383,   14.34896822,    -34.18644822,  -29.61496393,  -23.79444136,   -5.97951152,    -10.05322763], [ -238.38771821,  -54.30381785,  316.58738212,  498.35929348,    225.4240045 ,  110.11496434,  -12.99640869,    2.25606104,    -16.95891394,  -44.06441604,  -64.43008866,  -13.70551698,    -10.239694  ], [ -602.34064656, -104.10630871,  118.74819532,  225.4240045 ,    255.18502146,   92.19805203,   10.76239368,    0.74443796,     20.3329316 ,    2.86177889,  -22.36246588,    0.98191802,     -5.81959203], [ -379.62031378, -142.65014388,   88.17884102,  110.11496434,     92.19805203,  204.20382593,  155.48121719,   85.05528904,      0.02656718,    4.19440658,    5.35953074,  -15.31959435,     -8.89705036], [ -638.28706102, -194.31774797,   18.73449383,  -12.99640869,     10.76239368,  155.48121719,  302.31863748,  164.70859116,      5.16805536,   18.50604857,   29.27944817,   -6.56288993,      8.74660502], [ -454.52437453,  -85.97947898,   14.34896822,    2.25606104,      0.74443796,   85.05528904,  164.70859116,  183.61184891,     38.70964047,    7.91023356,    8.91115712,   -0.98943655,     12.89191307], [   19.07350507,  -22.23040303,  -34.18644822,  -16.95891394,     20.3329316 ,    0.02656718,    5.16805536,   38.70964047,     98.51705951,   49.35557754,   18.57334261,   19.81607136,      7.603294  ], [ -113.97320122,  -15.88829483,  -29.61496393,  -44.06441604,      2.86177889,    4.19440658,   18.50604857,    7.91023356,     49.35557754,  103.98413712,   60.63974029,   20.55371924,      3.95104056], [ -118.56259438,    3.61002516,  -23.79444136,  -64.43008866,    -22.36246588,    5.35953074,   29.27944817,    8.91115712,     18.57334261,   60.63974029,  104.06064145,   43.58058556,     11.44454533], [  -11.66569449,  -11.51491791,   -5.97951152,  -13.70551698,      0.98191802,  -15.31959435,   -6.56288993,   -0.98943655,     19.81607136,   20.55371924,   43.58058556,   88.62641879,     44.32619752], [   38.87164178,   -0.57839848,  -10.05322763,  -10.239694  ,     -5.81959203,   -8.89705036,    8.74660502,   12.89191307,      7.603294  ,    3.95104056,   11.44454533,   44.32619752,     75.49959637]]
/root/sim/music/out/Godiego/GOLDEN☆BEST [Disc 2]/14 アラジンのランプ (2).mp3; [-634.5444    , 128.21196   ,  -1.0479242 ,  21.052162  ,   1.1759586 ,    4.2336354 ,  -1.7721046 ,  -0.5806866 ,   0.50895095,   3.326614  ,   -0.42161143,  -0.2864326 ,  -0.6156371 ]; [[18125.69449017, 1122.63668452,  340.4233147 ,  239.81488234,   -192.19754419, -175.53897073, -157.15656573,  -91.04295858,    -63.88531805, -132.72498542,  -34.29715457,  -27.15442482,   -128.91762494], [ 1122.63668452, 1154.0782119 , -127.2066277 ,   11.77595146,    107.37444102,   17.96951293,  -16.48988727,   26.70048601,     -3.35465845,   -1.86419906,  -21.07276848,  -12.51134798,      4.56760264], [  340.4233147 , -127.2066277 ,  801.80171902,   36.74782244,    111.17641105,   12.01690551,    8.95545682,  -27.70066345,    -25.20907111, -102.51488385,  -82.03421701,  -61.52578139,     -8.79862995], [  239.81488234,   11.77595146,   36.74782244,  279.1855546 ,     91.3706072 ,   53.55772913,   26.36728591,   10.87940239,     10.26268232,    3.02214178,   -8.85482322,   15.35405216,     -3.55773173], [ -192.19754419,  107.37444102,  111.17641105,   91.3706072 ,    247.49137193,   61.55736898,   21.99223813,    0.27591316,      6.64776318,  -23.40068285,  -38.92225363,  -12.70754239,     -8.09727493], [ -175.53897073,   17.96951293,   12.01690551,   53.55772913,     61.55736898,  140.95295586,   63.46514227,   31.52817588,     20.55032964,   -0.44208323,    2.64658234,   -8.27024847,     -4.71509712], [ -157.15656573,  -16.48988727,    8.95545682,   26.36728591,     21.99223813,   63.46514227,  132.02674907,   50.70241994,     17.87877806,    9.84539956,    7.11678508,   -2.14177508,     12.53629207], [  -91.04295858,   26.70048601,  -27.70066345,   10.87940239,      0.27591316,   31.52817588,   50.70241994,  109.51902615,     36.65893996,   18.3025412 ,   11.84028844,    3.18100814,      4.73695541], [  -63.88531805,   -3.35465845,  -25.20907111,   10.26268232,      6.64776318,   20.55032964,   17.87877806,   36.65893996,     98.19138606,   40.07586862,   25.01827012,   14.12191788,      5.99237733], [ -132.72498542,   -1.86419906, -102.51488385,    3.02214178,    -23.40068285,   -0.44208323,    9.84539956,   18.3025412 ,     40.07586862,  105.06440361,   54.11067071,   28.78968546,     14.47976106], [  -34.29715457,  -21.07276848,  -82.03421701,   -8.85482322,    -38.92225363,    2.64658234,    7.11678508,   11.84028844,     25.01827012,   54.11067071,  109.25728884,   51.64433816,     19.90228119], [  -27.15442482,  -12.51134798,  -61.52578139,   15.35405216,    -12.70754239,   -8.27024847,   -2.14177508,    3.18100814,     14.12191788,   28.78968546,   51.64433816,  100.99071359,     44.30981914], [ -128.91762494,    4.56760264,   -8.79862995,   -3.55773173,     -8.09727493,   -4.71509712,   12.53629207,    4.73695541,      5.99237733,   14.47976106,   19.90228119,   44.30981914,     93.63899143]]
/root/sim/music/out/Godiego/GOLDEN☆BEST [Disc 2]/08 カトマンズ (2).mp3; [-604.581    , 140.30894  ,  10.347026 ,  24.446068 ,  -4.1751575,    0.7580901,  -3.9095967,  -2.9581888,  -9.721872 ,  -5.3116765,   -8.544296 ,  -7.7716403,  -5.341368 ]; [[10987.40174937, 1144.08760418, -253.42589458,  102.53262097,   -172.60091983,  -57.58058392, -168.44707103,  -64.71373161,    -58.72312099,  -61.25407585, -115.68809732,  -72.4617679 ,    -74.85584863], [ 1144.08760418, 1266.73199516,   -9.7436938 , -207.25838883,   -173.63988301,  -53.78207422,  -22.76204095,   78.26843406,    -38.51535299,  -49.38850325,    2.52437041,  -30.99106453,    -10.71137401], [ -253.42589458,   -9.7436938 ,  322.9191366 ,   76.80608185,    -20.5672124 ,   -5.82961786,   23.38083855,    4.10455107,    -43.07783701,  -17.54307013,  -25.46698695,    5.04551091,     -6.08784909], [  102.53262097, -207.25838883,   76.80608185,  374.63050182,    217.53612882,   19.8534126 ,  -42.28680381,  -48.26834127,      9.30666056,   -0.96847209,  -48.27954654,    5.77179133,    -11.8813835 ], [ -172.60091983, -173.63988301,  -20.5672124 ,  217.53612882,    335.07376366,   50.89743182,  -66.53999153,  -54.57402766,     43.20578249,    8.26361855,  -39.8888116 ,   21.64443667,    -13.00241949], [  -57.58058392,  -53.78207422,   -5.82961786,   19.8534126 ,     50.89743182,  169.1604707 ,   86.22754465,    9.70685895,      3.95259668,   29.34391042,   28.76921245,   -7.21957732,     -9.1961633 ], [ -168.44707103,  -22.76204095,   23.38083855,  -42.28680381,    -66.53999153,   86.22754465,  202.12649532,   73.53290602,    -23.48160281,   29.27711498,   35.80979461,  -12.48852538,      6.79190941], [  -64.71373161,   78.26843406,    4.10455107,  -48.26834127,    -54.57402766,    9.70685895,   73.53290602,  143.30577588,     20.00227194,   -1.20026794,   20.88234089,   -1.21647489,      5.55066183], [  -58.72312099,  -38.51535299,  -43.07783701,    9.30666056,     43.20578249,    3.95259668,  -23.48160281,   20.00227194,    142.60780548,   21.60073449,   -5.94285639,   17.38885695,     -2.79426557], [  -61.25407585,  -49.38850325,  -17.54307013,   -0.96847209,      8.26361855,   29.34391042,   29.27711498,   -1.20026794,     21.60073449,  152.45585207,   18.32540701,  -37.73484937,     14.41335584], [ -115.68809732,    2.52437041,  -25.46698695,  -48.27954654,    -39.8888116 ,   28.76921245,   35.80979461,   20.88234089,     -5.94285639,   18.32540701,  131.09448856,   13.54158294,    -15.13487955], [  -72.4617679 ,  -30.99106453,    5.04551091,    5.77179133,     21.64443667,   -7.21957732,  -12.48852538,   -1.21647489,     17.38885695,  -37.73484937,   13.54158294,  105.19796629,     17.17525319], [  -74.85584863,  -10.71137401,   -6.08784909,  -11.8813835 ,    -13.00241949,   -9.1961633 ,    6.79190941,    5.55066183,     -2.79426557,   14.41335584,  -15.13487955,   17.17525319,     88.93486594]]
/root/sim/music/out/Godiego/GOLDEN☆BEST [Disc 2]/01 銀河鉄道999 (2).mp3; [-606.4397    , 123.20313   ,   8.8448515 ,  24.919552  ,   6.9895115 ,   10.548136  ,   1.5698147 ,  -1.807034  ,  -0.40740812,  -1.6630533 ,    1.2141756 ,  -3.5408037 ,  -2.763739  ]; [[18455.68217915, 1503.51188037, -278.87743399,  230.53088035,    -61.34259287,  170.3393471 ,   -5.8392838 ,    3.07670341,      4.85091848,  -51.91187718,  -25.31017442,  -93.24408541,    -41.51493656], [ 1503.51188037,  917.66598755, -148.80155961,  -71.85048217,    -56.96017678,   -7.42354449,   42.47599598,   25.99524401,      0.13388216,   32.34367416,   46.72884837,  -13.81082282,      6.42198872], [ -278.87743399, -148.80155961,  336.86110631,  137.02371477,     58.86363917,   17.61332188,   22.56760814,   16.99607378,     -0.17885678,  -10.78303391,   -9.16363227,   11.93725873,      2.5735199 ], [  230.53088035,  -71.85048217,  137.02371477,  307.59570672,    145.33930908,   18.28975321,  -42.31021101,   -2.9818572 ,     20.96903895,  -36.79384683,  -38.68451141,    9.00351935,     14.88878133], [  -61.34259287,  -56.96017678,   58.86363917,  145.33930908,    203.99478325,   26.48570901,  -45.06377023,  -14.43239488,     42.8925092 ,  -10.14798809,  -29.8882756 ,   15.87606364,     10.89856434], [  170.3393471 ,   -7.42354449,   17.61332188,   18.28975321,     26.48570901,  131.62437208,   78.61357181,   28.8358781 ,    -15.98163024,   16.26261511,   27.95635741,   -6.45382976,    -11.63726871], [   -5.8392838 ,   42.47599598,   22.56760814,  -42.31021101,    -45.06377023,   78.61357181,  162.0481998 ,   66.48683305,    -31.46330499,   18.59713231,   49.60729718,   -1.21193455,     -6.72705014], [    3.07670341,   25.99524401,   16.99607378,   -2.9818572 ,    -14.43239488,   28.8358781 ,   66.48683305,   97.54185179,     13.8515459 ,   12.03068024,   20.00961473,    5.90292633,      2.55593227], [    4.85091848,    0.13388216,   -0.17885678,   20.96903895,     42.8925092 ,  -15.98163024,  -31.46330499,   13.8515459 ,    112.0253794 ,   23.19260519,  -12.85846092,    6.35673862,     15.24861996], [  -51.91187718,   32.34367416,  -10.78303391,  -36.79384683,    -10.14798809,   16.26261511,   18.59713231,   12.03068024,     23.19260519,   93.36957543,   46.71772349,  -10.58844805,    -10.35258965], [  -25.31017442,   46.72884837,   -9.16363227,  -38.68451141,    -29.8882756 ,   27.95635741,   49.60729718,   20.00961473,    -12.85846092,   46.71772349,   91.82938914,    9.64621738,    -10.13923971], [  -93.24408541,  -13.81082282,   11.93725873,    9.00351935,     15.87606364,   -6.45382976,   -1.21193455,    5.90292633,      6.35673862,  -10.58844805,    9.64621738,   70.53116994,     29.08849835], [  -41.51493656,    6.42198872,    2.5735199 ,   14.88878133,     10.89856434,  -11.63726871,   -6.72705014,    2.55593227,     15.24861996,  -10.35258965,  -10.13923971,   29.08849835,     65.39843437]]
/root/sim/music/out/Godiego/GOLDEN☆BEST [Disc 2]/09 ナマステ (2).mp3; [-631.0462    , 152.41254   ,  -5.5095286 ,  30.098858  ,  -7.042916  ,   -1.4211087 ,   0.71265525,   4.1974354 ,   1.2114486 ,   2.4822712 ,   -0.2366842 ,   0.28088304,   1.9472989 ]; [[14345.44948671,  629.6754    , -167.34665008,  529.66354895,   -218.55730247,  342.00516264,  293.42238625,  393.65377694,    147.02551334,  185.36029767,  147.9393948 ,   66.96213065,     26.24365956], [  629.6754    , 1442.25885788, -235.59735744, -152.35606586,    -85.08075849, -102.57161527,  -14.92820055,   43.74233203,      7.33748717,   25.34636799,   35.24074365,   24.86512165,     65.5731778 ], [ -167.34665008, -235.59735744,  345.66337358,  123.31712149,     79.39743005,   55.09322898,   48.93234797,   24.86666994,     11.08978774,    4.20815841,   -8.14032973,   14.32537462,     -3.89507497], [  529.66354895, -152.35606586,  123.31712149,  305.50957973,    146.36276708,   53.15790753,   21.56492019,   20.35547305,     23.90862553,   10.71868555,  -17.36312588,   17.12818326,     -9.1116548 ], [ -218.55730247,  -85.08075849,   79.39743005,  146.36276708,    257.78113251,   73.823455  ,   12.478992  ,    8.05831862,     27.95074831,   22.05672313,   -4.714421  ,   16.34006068,     -0.85305703], [  342.00516264, -102.57161527,   55.09322898,   53.15790753,     73.823455  ,  159.06926415,   76.33524542,   39.45666085,     14.00955873,   25.32167373,   31.0988803 ,   12.53374541,     -9.54937401], [  293.42238625,  -14.92820055,   48.93234797,   21.56492019,     12.478992  ,   76.33524542,  139.59762429,   72.50145057,      2.75078537,   22.43901926,   28.59724484,   13.97249473,     12.80894633], [  393.65377694,   43.74233203,   24.86666994,   20.35547305,      8.05831862,   39.45666085,   72.50145057,  136.64578596,     36.01380782,   16.91179735,   22.47082116,   15.81540654,     15.70480462], [  147.02551334,    7.33748717,   11.08978774,   23.90862553,     27.95074831,   14.00955873,    2.75078537,   36.01380782,     96.49577713,   44.65667894,    9.01406327,   10.15904572,      6.05473328], [  185.36029767,   25.34636799,    4.20815841,   10.71868555,     22.05672313,   25.32167373,   22.43901926,   16.91179735,     44.65667894,   92.11813828,   42.73042403,    6.84634668,      4.19642325], [  147.9393948 ,   35.24074365,   -8.14032973,  -17.36312588,     -4.714421  ,   31.0988803 ,   28.59724484,   22.47082116,      9.01406327,   42.73042403,   89.1138067 ,   33.16269194,      1.77795669], [   66.96213065,   24.86512165,   14.32537462,   17.12818326,     16.34006068,   12.53374541,   13.97249473,   15.81540654,     10.15904572,    6.84634668,   33.16269194,   76.16895162,     30.17285177], [   26.24365956,   65.5731778 ,   -3.89507497,   -9.1116548 ,     -0.85305703,   -9.54937401,   12.80894633,   15.70480462,      6.05473328,    4.19642325,    1.77795669,   30.17285177,     86.66528932]]
/root/sim/music/out/Godiego/GOLDEN☆BEST [Disc 2]/03 ホーリー & ブライト (2).mp3; [-638.3004   , 134.47902  ,  17.044195 ,  12.86529  ,  -2.5174165,    1.9651569,  -2.6131506,  -5.0493417,  -4.2230115,  -2.578913 ,   -5.7795415,  -4.5567064,  -2.223461 ]; [[12999.90641594,  764.55886436,  215.18488401,   72.84740782,    -45.57241578,  103.66825184,   22.23994541,    5.98441113,     48.52086393,   44.38734051,  -60.4829406 ,  -90.70716011,   -110.27327971], [  764.55886436, 1190.82394338,  -53.05891617,  -10.97986826,     68.5716404 ,   62.99092571,   55.89908766,   68.14381709,     -3.99710064,   17.78623676,   62.52797089,   16.84659566,      9.65193058], [  215.18488401,  -53.05891617,  498.36636124,  179.2540236 ,     72.0470484 ,   30.58453782,   69.14870826,   40.7321411 ,    -12.16435075,  -36.9055078 ,  -20.46818242,   43.81195596,     -1.55067658], [   72.84740782,  -10.97986826,  179.2540236 ,  352.21014935,    203.51638965,   53.37740011,  -10.86412411,    9.43069844,     39.2984174 ,  -13.78132746,  -40.38177692,   31.71701206,     10.50656861], [  -45.57241578,   68.5716404 ,   72.0470484 ,  203.51638965,    324.13558553,  105.01854085,   -4.96659224,  -17.95405715,     58.18272866,    1.8342667 ,  -11.00032368,   48.4362756 ,     19.48527698], [  103.66825184,   62.99092571,   30.58453782,   53.37740011,    105.01854085,  180.61494191,   97.04095588,   25.34844394,      2.80691695,   18.37000588,   35.29768208,   10.72156201,      1.23509595], [   22.23994541,   55.89908766,   69.14870826,  -10.86412411,     -4.96659224,   97.04095588,  175.52113667,   71.88635247,    -23.44309298,   -1.51719485,   33.19127805,    2.15032097,      2.88053258], [    5.98441113,   68.14381709,   40.7321411 ,    9.43069844,    -17.95405715,   25.34844394,   71.88635247,  130.17805473,     21.37850184,    6.72348054,   20.36441032,   -1.14166416,      0.64356249], [   48.52086393,   -3.99710064,  -12.16435075,   39.2984174 ,     58.18272866,    2.80691695,  -23.44309298,   21.37850184,    127.17466922,   57.69047092,    0.52899047,   -0.08640312,     -0.08119919], [   44.38734051,   17.78623676,  -36.9055078 ,  -13.78132746,      1.8342667 ,   18.37000588,   -1.51719485,    6.72348054,     57.69047092,  127.67542773,   66.55343838,   -8.21491597,    -19.12425541], [  -60.4829406 ,   62.52797089,  -20.46818242,  -40.38177692,    -11.00032368,   35.29768208,   33.19127805,   20.36441032,      0.52899047,   66.55343838,  118.75884153,   28.69025136,     -7.20936799], [  -90.70716011,   16.84659566,   43.81195596,   31.71701206,     48.4362756 ,   10.72156201,    2.15032097,   -1.14166416,     -0.08640312,   -8.21491597,   28.69025136,  109.49982354,     54.08626648], [ -110.27327971,    9.65193058,   -1.55067658,   10.50656861,     19.48527698,    1.23509595,    2.88053258,    0.64356249,     -0.08119919,  -19.12425541,   -7.20936799,   54.08626648,    104.79416178]]
/root/sim/music/out/Godiego/GOLDEN☆BEST [Disc 2]/12 ザ・サンライズ (2).mp3; [-610.4497    , 127.32631   ,  12.093924  ,  12.418212  ,  -6.1786594 ,    3.7269583 ,   0.44240606,  -0.46283337,  -2.1787276 ,  -3.734256  ,   -6.8008933 ,  -4.144054  ,  -0.2977306 ]; [[19585.99667097,  847.88195348,   30.5116039 ,  -59.12586877,   -368.98456562, -398.53762247, -538.70090752, -250.7116739 ,    170.16805046,  173.07981543,   69.91005219, -328.82971457,   -348.64277962], [  847.88195348, 1724.36392108, -232.56311347,  -28.7346719 ,    -95.93498644,   54.3201048 ,  154.21631121,  140.03809454,    -62.07071001,   31.15422167,   -6.98793027,    7.5314509 ,    -32.5582328 ], [   30.5116039 , -232.56311347,  604.9701263 ,   74.76397328,    -87.33540556,  -62.59055397,  -90.42797037,  -91.1458258 ,    -26.17939031,   19.11705107,   -2.36677951,  -55.38828448,    -41.26672512], [  -59.12586877,  -28.7346719 ,   74.76397328,  199.17760936,     76.19227447,   34.93056524,  -16.5361098 ,    0.19377676,     17.90171227,   -3.74048485,  -20.44066194,    5.99610773,      4.9270571 ], [ -368.98456562,  -95.93498644,  -87.33540556,   76.19227447,    279.7942621 ,   37.3511415 ,  -46.3490334 ,  -19.35335567,     42.67925172,   -1.23233252,  -16.31026284,    6.79437602,      6.46342442], [ -398.53762247,   54.3201048 ,  -62.59055397,   34.93056524,     37.3511415 ,  153.99083175,   89.38376501,   34.81122766,    -10.37828454,   -9.19248108,    4.37771307,   33.57592084,     25.48310237], [ -538.70090752,  154.21631121,  -90.42797037,  -16.5361098 ,    -46.3490334 ,   89.38376501,  215.3372624 ,   96.09716205,    -32.83412643,  -18.05441037,    7.49812838,   41.66375183,     36.39649748], [ -250.7116739 ,  140.03809454,  -91.1458258 ,    0.19377676,    -19.35335567,   34.81122766,   96.09716205,  154.29561345,     11.31154065,  -19.62236988,   -2.84141443,   23.67228937,     14.72771391], [  170.16805046,  -62.07071001,  -26.17939031,   17.90171227,     42.67925172,  -10.37828454,  -32.83412643,   11.31154065,    129.91241748,   34.57605779,    1.22036265,    5.94102478,     -3.52857421], [  173.07981543,   31.15422167,   19.11705107,   -3.74048485,     -1.23233252,   -9.19248108,  -18.05441037,  -19.62236988,     34.57605779,  112.65702823,   41.90275979,  -21.85073467,    -25.87416463], [   69.91005219,   -6.98793027,   -2.36677951,  -20.44066194,    -16.31026284,    4.37771307,    7.49812838,   -2.84141443,      1.22036265,   41.90275979,  106.77587177,   10.18153761,    -21.78198903], [ -328.82971457,    7.5314509 ,  -55.38828448,    5.99610773,      6.79437602,   33.57592084,   41.66375183,   23.67228937,      5.94102478,  -21.85073467,   10.18153761,  115.61812164,     49.81118322], [ -348.64277962,  -32.5582328 ,  -41.26672512,    4.9270571 ,      6.46342442,   25.48310237,   36.39649748,   14.72771391,     -3.52857421,  -25.87416463,  -21.78198903,   49.81118322,    125.40509713]]
/root/sim/music/out/Godiego/GOLDEN☆BEST [Disc 2]/11 ナッシング (2).mp3; [-607.9464   , 125.29811  ,   3.0834024,  10.880679 ,  -4.833895 ,    5.4827213,  -9.66931  ,  -1.638683 ,  -1.6737648,   0.9108293,   -1.3640021,  -2.755833 ,  -1.0829376]; [[12477.45528758,  889.31772218, -405.72713393,   74.69283011,    -68.55079322,  271.95133657,   44.9322897 ,  124.60112072,    169.0247961 ,  100.52634013,   86.73377216,  -99.51980716,     22.59887749], [  889.31772218, 1347.15089327, -175.8392875 ,   33.36187474,     64.10257701,   93.47132996,   72.7882973 ,  135.75942288,     38.39214694,  127.35447456,   96.43432687,   28.32446335,     30.61163741], [ -405.72713393, -175.8392875 ,  661.38674078,  161.88447423,     45.57952009,  -35.53181593,   36.77998636,  -24.93194333,      6.66709621,   -0.94422213,  -46.62035708,   14.61689738,     20.8089196 ], [   74.69283011,   33.36187474,  161.88447423,  506.46030704,    177.33518959,   62.68354962,  111.66243122,  138.26571683,     40.53470243,   31.02252838,    2.12876592,   54.89894935,     28.94521101], [  -68.55079322,   64.10257701,   45.57952009,  177.33518959,    284.93779882,  112.01483167,   57.45873023,   65.73572597,     78.17084002,   61.22920314,   27.61655716,   49.43668451,     10.89232796], [  271.95133657,   93.47132996,  -35.53181593,   62.68354962,    112.01483167,  238.63731607,  117.52765436,   77.59979651,     25.74674033,   53.51072418,   69.3068879 ,   20.21746587,     16.15624022], [   44.9322897 ,   72.7882973 ,   36.77998636,  111.66243122,     57.45873023,  117.52765436,  276.88408219,  139.74851651,    -12.53265386,   46.48528968,   56.27899699,   29.03717757,     15.00657916], [  124.60112072,  135.75942288,  -24.93194333,  138.26571683,     65.73572597,   77.59979651,  139.74851651,  235.62199228,     74.23595108,   52.55941697,   42.29079463,   21.2233431 ,     16.74299928], [  169.0247961 ,   38.39214694,    6.66709621,   40.53470243,     78.17084002,   25.74674033,  -12.53265386,   74.23595108,    225.07201772,   92.45883375,   10.54412748,  -21.32244254,     -3.83194835], [  100.52634013,  127.35447456,   -0.94422213,   31.02252838,     61.22920314,   53.51072418,   46.48528968,   52.55941697,     92.45883375,  190.16922185,   63.83529821,  -12.18686251,     -4.53247419], [   86.73377216,   96.43432687,  -46.62035708,    2.12876592,     27.61655716,   69.3068879 ,   56.27899699,   42.29079463,     10.54412748,   63.83529821,  138.2270603 ,   41.40533183,      7.11345883], [  -99.51980716,   28.32446335,   14.61689738,   54.89894935,     49.43668451,   20.21746587,   29.03717757,   21.2233431 ,    -21.32244254,  -12.18686251,   41.40533183,  134.24749784,     51.30648705], [   22.59887749,   30.61163741,   20.8089196 ,   28.94521101,     10.89232796,   16.15624022,   15.00657916,   16.74299928,     -3.83194835,   -4.53247419,    7.11345883,   51.30648705,    127.57644184]]
