/root/sim/music/out/AC_DC/Black Ice/08 Wheels.mp3; [-470.41638   ,  84.34466   ,   3.1621718 ,  22.495193  ,  14.051041  ,    6.0260324 ,   2.9123373 ,   2.4307046 ,   8.4356575 ,  -1.3940008 ,    0.32119435,  -1.7714201 ,   3.2767825 ]; [[5079.70112609,-483.85700452, 100.0953573 , -33.24476647, 171.44273303,   114.41238823,  20.28755702,  72.89929986,  88.76182193,  18.95854618,   -28.26173098,  18.01988263,  67.89984245], [-483.85700452, 675.57572013,-245.97249452,   2.62202465, -84.70438591,   -31.23301377, -23.13952793, -34.56050847, -22.49894756, -40.27256402,    -3.91621813, -19.79290572, -25.37805301], [ 100.0953573 ,-245.97249452, 424.71676646,  11.10794103,  53.76173735,    22.67176793,  30.39268734,  12.37331273,   1.02393752,  19.62308239,     8.27247983,  18.48340082,  12.7224062 ], [ -33.24476647,   2.62202465,  11.10794103, 150.34989122, -10.26066379,   -11.98700095,  -6.11843881,  13.34042892,   1.16315989,  -7.26089108,     8.35428334,   1.09715162,   0.40754624], [ 171.44273303, -84.70438591,  53.76173735, -10.26066379, 181.48392785,    42.68753682,  18.70341312,  17.2150643 ,  30.22301104,  14.16407188,   -10.23599406,  20.31181144,  16.57450162], [ 114.41238823, -31.23301377,  22.67176793, -11.98700095,  42.68753682,   112.40909306,  42.8961967 ,  -4.66716008,  11.85692342,  -0.61059325,     2.08306337,  -0.93166637,  11.44134731], [  20.28755702, -23.13952793,  30.39268734,  -6.11843881,  18.70341312,    42.8961967 ,  78.34799693,  25.94154192,   4.90059356,   0.70315483,     5.10617597,   4.23509168,   4.83668929], [  72.89929986, -34.56050847,  12.37331273,  13.34042892,  17.2150643 ,    -4.66716008,  25.94154192,  69.53605479,  23.43966435,   4.66284541,     0.03232401,   4.21286659,   2.74497763], [  88.76182193, -22.49894756,   1.02393752,   1.16315989,  30.22301104,    11.85692342,   4.90059356,  23.43966435,  71.13689615,  25.21489594,     5.33317825,   4.889925  ,   7.40075757], [  18.95854618, -40.27256402,  19.62308239,  -7.26089108,  14.16407188,    -0.61059325,   0.70315483,   4.66284541,  25.21489594,  64.01844134,    21.00985292,   2.58432179,   0.11215079], [ -28.26173098,  -3.91621813,   8.27247983,   8.35428334, -10.23599406,     2.08306337,   5.10617597,   0.03232401,   5.33317825,  21.00985292,    56.35007604,  22.37895725,   3.91834173], [  18.01988263, -19.79290572,  18.48340082,   1.09715162,  20.31181144,    -0.93166637,   4.23509168,   4.21286659,   4.889925  ,   2.58432179,    22.37895725,  53.58004192,  26.60820893], [  67.89984245, -25.37805301,  12.7224062 ,   0.40754624,  16.57450162,    11.44134731,   4.83668929,   2.74497763,   7.40075757,   0.11215079,     3.91834173,  26.60820893,  53.92067293]]
/root/sim/music/out/AC_DC/Black Ice/06 Smash 'N Grab.mp3; [-482.2894    ,  77.2115    ,  20.8097    ,  20.655514  ,  15.648878  ,    8.946627  ,   9.076737  ,   5.924915  ,   9.387894  ,   0.11913681,   -0.2087153 ,  -1.6003112 ,  -0.01553317]; [[ 6837.67451838,-1641.42709228, -930.62350647, -489.52642211,   -145.56140151,   41.87712006,  -24.78026918, -109.81984687,    -76.69237072,  -45.28064897,  -65.49122703,  -40.87068155,    -32.5208838 ], [-1641.42709228, 1069.55066569,  -38.4887318 ,   35.84748104,     39.37478635,  -40.54002613,   -1.87789948,   47.11572324,     17.25698574,   14.23128702,    9.79000672,   16.05590471,     10.37183805], [ -930.62350647,  -38.4887318 ,  591.25853653,  151.61146033,    -62.2288135 ,   19.18807456,    5.1520075 ,  -23.25733366,      7.4413039 ,   -2.24375927,   21.09629671,   -2.16312001,     -1.60001007], [ -489.52642211,   35.84748104,  151.61146033,  214.95630831,     27.60613584,  -34.69546221,  -10.43513719,   17.30628048,     -7.15448481,   -3.8769654 ,    4.12500506,    8.60890473,     10.25310377], [ -145.56140151,   39.37478635,  -62.2288135 ,   27.60613584,    170.71269428,   53.86233048,   13.10383146,   17.92978959,     35.32953269,   -4.81809377,  -11.59774231,   -2.83044987,     -5.54925513], [   41.87712006,  -40.54002613,   19.18807456,  -34.69546221,     53.86233048,  132.90022628,   54.11156471,   -6.77478711,      8.74415916,    2.72100395,   -1.50126299,  -10.59305505,    -12.5122113 ], [  -24.78026918,   -1.87789948,    5.1520075 ,  -10.43513719,     13.10383146,   54.11156471,   90.80599674,   28.10330083,     -3.19398641,   -4.88533567,    6.21012592,   -5.27668126,    -10.37694987], [ -109.81984687,   47.11572324,  -23.25733366,   17.30628048,     17.92978959,   -6.77478711,   28.10330083,   78.97074603,     28.20403189,    2.83435014,    0.22540789,    0.09586622,     -3.84586311], [  -76.69237072,   17.25698574,    7.4413039 ,   -7.15448481,     35.32953269,    8.74415916,   -3.19398641,   28.20403189,     78.54049849,   25.88104379,   -2.92370922,   -6.43054982,     -7.02288909], [  -45.28064897,   14.23128702,   -2.24375927,   -3.8769654 ,     -4.81809377,    2.72100395,   -4.88533567,    2.83435014,     25.88104379,   68.33083678,   23.11795979,   -4.747494  ,     -6.56673242], [  -65.49122703,    9.79000672,   21.09629671,    4.12500506,    -11.59774231,   -1.50126299,    6.21012592,    0.22540789,     -2.92370922,   23.11795979,   56.14012146,   24.36017454,     -0.87228409], [  -40.87068155,   16.05590471,   -2.16312001,    8.60890473,     -2.83044987,  -10.59305505,   -5.27668126,    0.09586622,     -6.43054982,   -4.747494  ,   24.36017454,   58.49161637,     26.54064192], [  -32.5208838 ,   10.37183805,   -1.60001007,   10.25310377,     -5.54925513,  -12.5122113 ,  -10.37694987,   -3.84586311,     -7.02288909,   -6.56673242,   -0.87228409,   26.54064192,     59.7823994 ]]
/root/sim/music/out/AC_DC/Black Ice/15 Black Ice.mp3; [-500.8138    ,  84.24444   ,   0.39186317,  21.528248  ,  11.731433  ,    9.770382  ,   5.1615887 ,   4.2894163 ,   7.8171825 ,   0.861623  ,    1.7741228 ,  -0.12823093,   2.0910609 ]; [[12716.51014223, -278.95450166,  168.68447877, -161.76666976,    240.24793666,   67.5083905 ,    4.65942909,   55.11616401,    117.64224137,   83.91293823,    8.92744924,   64.32662133,     45.89806063], [ -278.95450166, 1087.07031088, -363.17517884,  148.5288335 ,   -126.88040634,   -9.20943124,    8.7239011 ,    3.98171508,    -46.10639674,  -29.46619925,  -26.15221353,  -21.99735191,      1.85704199], [  168.68447877, -363.17517884,  668.71661937,  -35.09820926,     65.28646881,   19.83721716,    4.55289941,   -2.8936063 ,     10.32482673,   -7.760696  ,   25.33742284,   26.33907395,     10.67162202], [ -161.76666976,  148.5288335 ,  -35.09820926,  217.19095735,      7.26684535,    1.16963317,    8.23625962,    3.08992758,    -13.08497986,   -1.02257708,   11.42137549,   -1.59267459,    -11.82100909], [  240.24793666, -126.88040634,   65.28646881,    7.26684535,    191.12729083,   46.27422649,   21.29664122,   19.30896179,     42.82892739,   14.4901324 ,   -0.06709403,    9.89482526,      6.80814502], [   67.5083905 ,   -9.20943124,   19.83721716,    1.16963317,     46.27422649,   92.74692142,   45.30974858,    7.67966643,      3.59217027,    2.45428952,   -2.84778662,   -6.78159006,      0.95765119], [    4.65942909,    8.7239011 ,    4.55289941,    8.23625962,     21.29664122,   45.30974858,   89.52959736,   34.78911101,      1.08576397,   -1.1042048 ,    5.43440055,   -0.25032114,      1.14469231], [   55.11616401,    3.98171508,   -2.8936063 ,    3.08992758,     19.30896179,    7.67966643,   34.78911101,   81.49351888,     32.67895488,    8.04396325,   -5.88968281,    5.09654311,      3.30074489], [  117.64224137,  -46.10639674,   10.32482673,  -13.08497986,     42.82892739,    3.59217027,    1.08576397,   32.67895488,     84.54561787,   32.02935426,   -2.23063791,    2.3669921 ,      4.77299742], [   83.91293823,  -29.46619925,   -7.760696  ,   -1.02257708,     14.4901324 ,    2.45428952,   -1.1042048 ,    8.04396325,     32.02935426,   76.73345706,   17.73483255,    2.02511729,      1.30480786], [    8.92744924,  -26.15221353,   25.33742284,   11.42137549,     -0.06709403,   -2.84778662,    5.43440055,   -5.88968281,     -2.23063791,   17.73483255,   61.40012592,   25.87323414,      0.37541884], [   64.32662133,  -21.99735191,   26.33907395,   -1.59267459,      9.89482526,   -6.78159006,   -0.25032114,    5.09654311,      2.3669921 ,    2.02511729,   25.87323414,   59.81136416,     26.61940913], [   45.89806063,    1.85704199,   10.67162202,  -11.82100909,      6.80814502,    0.95765119,    1.14469231,    3.30074489,      4.77299742,    1.30480786,    0.37541884,   26.61940913,     57.6775854 ]]
/root/sim/music/out/AC_DC/Black Ice/10 Stormy May Day.mp3; [-541.4301    , 110.28717   ,  -5.9904256 ,  22.689007  ,  11.127147  ,    5.805835  ,   1.7036817 ,   3.0456367 ,   8.2394705 ,   3.5065491 ,    3.1360705 ,  -1.9129316 ,   0.31519002]; [[19624.95537516,-4225.3968833 ,  588.35614459, -635.42078665,    -89.05685226, -300.18407425, -215.3548289 , -168.7628498 ,    136.07078673,  111.93408581,  234.16876129,  -98.19351636,     67.30936668], [-4225.3968833 , 2753.49460868, -884.14969028,  223.74659912,   -253.90012419,  -64.60972881,  -80.85966631,  -83.95527097,   -172.06036749,  -83.99810647, -105.6417798 ,   -5.44896662,    -52.27447869], [  588.35614459, -884.14969028, 1322.63039579, -182.93066997,    322.66701292,  128.71630442,  120.95550022,   63.79175129,    130.08877732,   12.01227014,   38.62983397,  102.54325599,     73.83897155], [ -635.42078665,  223.74659912, -182.93066997,  287.59946822,     -2.42078164,   40.83619335,   -4.48579575,   39.83636847,      8.37223827,   25.48230154,    8.62639345,   18.71710567,      5.96746284], [  -89.05685226, -253.90012419,  322.66701292,   -2.42078164,    301.24038663,   83.50267674,  105.87934007,   72.26928018,     77.57891583,   34.78038462,   28.65689724,   54.76373521,     54.09883744], [ -300.18407425,  -64.60972881,  128.71630442,   40.83619335,     83.50267674,  151.09451913,   66.92125098,   30.37844425,     31.77158747,   26.88988666,   17.75008976,   23.76149609,     23.61496417], [ -215.3548289 ,  -80.85966631,  120.95550022,   -4.48579575,    105.87934007,   66.92125098,  143.80016393,   61.71728624,     30.36227526,   18.44544653,   26.80636082,   18.04702614,     19.3069172 ], [ -168.7628498 ,  -83.95527097,   63.79175129,   39.83636847,     72.26928018,   30.37844425,   61.71728624,  117.94216778,     41.96922774,   22.03724525,   12.87568546,   21.51857616,     11.68301413], [  136.07078673, -172.06036749,  130.08877732,    8.37223827,     77.57891583,   31.77158747,   30.36227526,   41.96922774,     96.25117331,   38.72615851,   16.30902918,   15.84612515,     19.68741442], [  111.93408581,  -83.99810647,   12.01227014,   25.48230154,     34.78038462,   26.88988666,   18.44544653,   22.03724525,     38.72615851,   81.36887967,   35.76441566,   10.84150162,     10.51353148], [  234.16876129, -105.6417798 ,   38.62983397,    8.62639345,     28.65689724,   17.75008976,   26.80636082,   12.87568546,     16.30902918,   35.76441566,   70.94888048,   24.55967211,     12.14909996], [  -98.19351636,   -5.44896662,  102.54325599,   18.71710567,     54.76373521,   23.76149609,   18.04702614,   21.51857616,     15.84612515,   10.84150162,   24.55967211,   81.30811649,     39.08512354], [   67.30936668,  -52.27447869,   73.83897155,    5.96746284,     54.09883744,   23.61496417,   19.3069172 ,   11.68301413,     19.68741442,   10.51353148,   12.14909996,   39.08512354,     63.30412115]]
/root/sim/music/out/AC_DC/Black Ice/09 Decibel.mp3; [-522.7304    , 100.67348   ,   7.325807  ,  21.984882  ,  17.296108  ,   11.572275  ,   6.3664656 ,   1.687893  ,   8.195973  ,   0.65698504,    0.6222588 ,  -1.2422874 ,   1.9220991 ]; [[18830.93077822,-2711.80047963,-2197.54191881,-1509.65511512,   -343.72562897,   20.13652366, -177.06372199, -165.46402169,     41.27368798, -154.84215766, -164.37985132,  -96.81075164,     96.80895295], [-2711.80047963, 1556.05608778,  -44.03339262,  213.55376946,    -12.53225165,  -65.78753733,    7.70371604,   25.37597475,    -10.21593063,   28.57157329,   10.21738444,   23.16243827,     -6.49723334], [-2197.54191881,  -44.03339262, 1071.31217253,  250.09623724,     11.23364617,  -22.57852289,   -4.93069669,   -5.40714559,    -16.57845643,   -7.68394981,   32.46114116,   -7.9622632 ,    -28.64729832], [-1509.65511512,  213.55376946,  250.09623724,  414.03015257,     50.64071129,   -5.66803794,   10.41366447,   11.83978622,    -42.39843006,    7.2174472 ,   25.5515051 ,   11.04944466,    -11.99420455], [ -343.72562897,  -12.53225165,   11.23364617,   50.64071129,    185.35125171,   47.39759543,   -5.55862907,    5.58899293,     18.00432707,    5.85694753,   -5.57832305,    9.87915922,      7.05014738], [   20.13652366,  -65.78753733,  -22.57852289,   -5.66803794,     47.39759543,  112.1735995 ,   50.7898901 ,    0.16196559,     -5.30830093,   -0.60127975,    2.0488153 ,  -12.13054105,     -7.15831373], [ -177.06372199,    7.70371604,   -4.93069669,   10.41366447,     -5.55862907,   50.7898901 ,  105.71507168,   35.01367573,     -9.98139294,   -1.68542709,    7.41413154,   -8.15193431,    -10.67875326], [ -165.46402169,   25.37597475,   -5.40714559,   11.83978622,      5.58899293,    0.16196559,   35.01367573,   77.43984396,     23.76644045,   -1.40439238,   -1.33185023,    3.38003821,     -2.97195012], [   41.27368798,  -10.21593063,  -16.57845643,  -42.39843006,     18.00432707,   -5.30830093,   -9.98139294,   23.76644045,     86.96156235,   25.35996348,   -4.15961064,    2.15708424,      3.10521957], [ -154.84215766,   28.57157329,   -7.68394981,    7.2174472 ,      5.85694753,   -0.60127975,   -1.68542709,   -1.40439238,     25.35996348,   74.1979176 ,   28.17185434,    1.10726423,     -4.69159094], [ -164.37985132,   10.21738444,   32.46114116,   25.5515051 ,     -5.57832305,    2.0488153 ,    7.41413154,   -1.33185023,     -4.15961064,   28.17185434,   74.01204573,   27.38735828,     -6.03413247], [  -96.81075164,   23.16243827,   -7.9622632 ,   11.04944466,      9.87915922,  -12.13054105,   -8.15193431,    3.38003821,      2.15708424,    1.10726423,   27.38735828,   75.2377481 ,     40.12146405], [   96.80895295,   -6.49723334,  -28.64729832,  -11.99420455,      7.05014738,   -7.15831373,  -10.67875326,   -2.97195012,      3.10521957,   -4.69159094,   -6.03413247,   40.12146405,     78.99361047]]
/root/sim/music/out/AC_DC/Black Ice/13 Rock 'N Roll Dream.mp3; [-567.0542   , 113.70544  ,   2.4249105,  26.62726  ,  15.881783 ,    4.650221 ,   8.075451 ,   6.662866 ,   5.5970383,  -1.4948277,   -1.0537248,  -2.3965623,   1.9745442]; [[18651.11141531,-3302.20360016, -650.86553497,   10.8123537 ,    325.96521813,  276.40753762,   50.3174283 ,  140.40797106,    145.25295184,   15.48348292,   41.90060379,   86.62922407,     50.65546609], [-3302.20360016, 2943.79957961, -552.65797562,  125.83472256,    -74.85046083,  -87.7719356 ,   28.80530658,  -16.64144096,    -35.89207739,  -27.57287179,  -71.30905777,  -90.82248794,    -43.77271996], [ -650.86553497, -552.65797562, 1462.97704201,   31.15959688,    -46.43846783,    8.34064257,   32.4003467 ,  -15.42596686,    -36.2931228 ,   13.34947897,   48.44023555,   55.95424841,     38.96955871], [   10.8123537 ,  125.83472256,   31.15959688,  391.58437224,     67.01293146,   64.04285055,   36.25040924,   40.69329438,     24.37338243,   14.38596409,   17.25389234,   11.22560047,     35.62145834], [  325.96521813,  -74.85046083,  -46.43846783,   67.01293146,    259.32300488,   87.73520505,   73.2818556 ,   52.87435024,     58.43515269,   48.07351684,   23.45568361,   24.18084979,     13.77527238], [  276.40753762,  -87.7719356 ,    8.34064257,   64.04285055,     87.73520505,  224.26528983,   95.31883016,   37.164281  ,     27.74079528,   38.98199721,   15.98884121,    0.69065382,     -1.83970688], [   50.3174283 ,   28.80530658,   32.4003467 ,   36.25040924,     73.2818556 ,   95.31883016,  155.0679003 ,   60.85239512,     21.46689658,   23.34100636,   10.7888493 ,    2.44492733,     -3.50841121], [  140.40797106,  -16.64144096,  -15.42596686,   40.69329438,     52.87435024,   37.164281  ,   60.85239512,  109.18990227,     39.81634593,   19.50890626,   10.92670985,    7.75499502,      2.60710776], [  145.25295184,  -35.89207739,  -36.2931228 ,   24.37338243,     58.43515269,   27.74079528,   21.46689658,   39.81634593,    100.16626642,   41.16480054,   19.53125674,   13.86684887,      2.34655257], [   15.48348292,  -27.57287179,   13.34947897,   14.38596409,     48.07351684,   38.98199721,   23.34100636,   19.50890626,     41.16480054,   90.03908019,   34.54801229,    8.85369671,      2.75717869], [   41.90060379,  -71.30905777,   48.44023555,   17.25389234,     23.45568361,   15.98884121,   10.7888493 ,   10.92670985,     19.53125674,   34.54801229,   77.59005569,   36.20602966,      3.0331972 ], [   86.62922407,  -90.82248794,   55.95424841,   11.22560047,     24.18084979,    0.69065382,    2.44492733,    7.75499502,     13.86684887,    8.85369671,   36.20602966,   80.33596312,     33.04450371], [   50.65546609,  -43.77271996,   38.96955871,   35.62145834,     13.77527238,   -1.83970688,   -3.50841121,    2.60710776,      2.34655257,    2.75717869,    3.0331972 ,   33.04450371,     78.36167595]]
/root/sim/music/out/AC_DC/Black Ice/04 Anything Goes.mp3; [-499.543     ,  89.52321   , -11.764435  ,  26.404776  ,  21.40625   ,    7.481463  ,   3.0309744 ,   6.4150367 ,   6.5395145 ,   1.155027  ,   -0.8470738 ,   0.88661134,   4.2203693 ]; [[16070.55835583,-1288.98972592,-1455.52064375, -494.40096054,     31.81669489,  -98.88041062, -162.0264559 , -128.40688499,      5.9277522 , -184.13232861, -181.56821312,  -35.16067733,     14.01524108], [-1288.98972592,  928.00765001,   52.72331744,  109.28459073,    -48.54316378,  -33.52619128,    1.7009465 ,    8.55153459,    -24.04714737,   35.86144499,   22.35691993,    6.45182546,     -3.97194951], [-1455.52064375,   52.72331744,  628.27397812,   76.17568385,     10.65647572,   45.73690892,   25.66080884,   32.2065048 ,      9.96555272,   27.54668029,   53.22070289,   -1.7888701 ,    -24.90418347], [ -494.40096054,  109.28459073,   76.17568385,  178.06257632,      5.81086491,    6.38227985,   -7.19958715,   23.98510391,      1.74518685,    7.35138791,   13.15475175,    8.62938438,      9.69275491], [   31.81669489,  -48.54316378,   10.65647572,    5.81086491,    137.13609379,   24.70487052,   12.03939977,   10.83842035,     25.00454568,    9.01120983,   -6.299016  ,    0.05616251,     -6.80025208], [  -98.88041062,  -33.52619128,   45.73690892,    6.38227985,     24.70487052,  108.99966256,   41.61043057,   15.77721338,      8.89227956,   10.80307483,   12.27224084,   -1.4019992 ,     -3.86968744], [ -162.0264559 ,    1.7009465 ,   25.66080884,   -7.19958715,     12.03939977,   41.61043057,   90.05424627,   33.22219631,      5.81580091,    0.8445617 ,   10.96722242,   -0.49344597,     -4.59763586], [ -128.40688499,    8.55153459,   32.2065048 ,   23.98510391,     10.83842035,   15.77721338,   33.22219631,   77.00679218,     22.94144376,    9.43836638,    4.23038096,    2.10755612,     -4.71955993], [    5.9277522 ,  -24.04714737,    9.96555272,    1.74518685,     25.00454568,    8.89227956,    5.81580091,   22.94144376,     70.8467208 ,   30.19103679,    5.72733296,    0.1919082 ,     -3.23376147], [ -184.13232861,   35.86144499,   27.54668029,    7.35138791,      9.01120983,   10.80307483,    0.8445617 ,    9.43836638,     30.19103679,   67.24475257,   25.28161801,    0.92224141,     -4.57739866], [ -181.56821312,   22.35691993,   53.22070289,   13.15475175,     -6.299016  ,   12.27224084,   10.96722242,    4.23038096,      5.72733296,   25.28161801,   60.73271483,   23.08331494,     -0.25237441], [  -35.16067733,    6.45182546,   -1.7888701 ,    8.62938438,      0.05616251,   -1.4019992 ,   -0.49344597,    2.10755612,      0.1919082 ,    0.92224141,   23.08331494,   53.64470132,     20.84939587], [   14.01524108,   -3.97194951,  -24.90418347,    9.69275491,     -6.80025208,   -3.86968744,   -4.59763586,   -4.71955993,     -3.23376147,   -4.57739866,   -0.25237441,   20.84939587,     54.51226213]]
/root/sim/music/out/AC_DC/Black Ice/12 Money Made.mp3; [-529.0743    ,  87.10258   ,  -5.5165854 ,  17.835016  ,  16.748579  ,    6.4913955 ,   6.4831624 ,   6.6357403 ,   9.113472  ,  -0.00357098,   -0.38513896,  -1.0245051 ,   3.9559724 ]; [[18055.82332176, -517.06558314,   42.3908875 , -397.78854562,    127.77103988,   26.17342342, -120.38963788,   52.79798814,    104.07913058,   61.09117371,   68.81047428,    0.00783494,     21.67991006], [ -517.06558314, 1370.70621823, -442.74547654,  196.21097824,    -89.43609656,  -83.64126481,   33.57998872,  -59.44858288,    -56.26324508, -102.54265569,  -47.77975612,  -33.66923435,    -20.3915878 ], [   42.3908875 , -442.74547654,  697.60855594,   13.47377511,     92.5114964 ,  109.62285371,   35.90443157,   22.26281012,     20.00350756,   39.48271153,   55.64333973,   24.31733198,     -0.52894453], [ -397.78854562,  196.21097824,   13.47377511,  268.2031857 ,     46.41267064,   26.93849169,   21.64977805,   12.32667312,     -3.15030808,  -17.23589958,   -9.6168622 ,   -1.42415434,      1.21881682], [  127.77103988,  -89.43609656,   92.5114964 ,   46.41267064,    228.84390989,   58.65225624,   51.34452991,   59.37191399,     46.93263727,   41.5382695 ,   -1.17001757,    6.22269913,      5.47021213], [   26.17342342,  -83.64126481,  109.62285371,   26.93849169,     58.65225624,  141.67306945,   79.05233652,   36.44921936,      8.03827652,   17.32071604,   21.21835106,   -1.98794132,     -5.55624197], [ -120.38963788,   33.57998872,   35.90443157,   21.64977805,     51.34452991,   79.05233652,  147.2929821 ,   62.6445215 ,      5.92208636,    1.97307269,   16.57115287,    1.60433322,     -5.55676338], [   52.79798814,  -59.44858288,   22.26281012,   12.32667312,     59.37191399,   36.44921936,   62.6445215 ,  100.21918919,     35.28933943,   14.76226071,    4.8593715 ,    6.19042509,      4.04722745], [  104.07913058,  -56.26324508,   20.00350756,   -3.15030808,     46.93263727,    8.03827652,    5.92208636,   35.28933943,     81.85923552,   38.66876795,    6.09608197,    7.54566112,      2.59307472], [   61.09117371, -102.54265569,   39.48271153,  -17.23589958,     41.5382695 ,   17.32071604,    1.97307269,   14.76226071,     38.66876795,  101.74485455,   33.25588299,    5.53959184,      5.05967087], [   68.81047428,  -47.77975612,   55.64333973,   -9.6168622 ,     -1.17001757,   21.21835106,   16.57115287,    4.8593715 ,      6.09608197,   33.25588299,   69.3771138 ,   26.51008163,      6.40934356], [    0.00783494,  -33.66923435,   24.31733198,   -1.42415434,      6.22269913,   -1.98794132,    1.60433322,    6.19042509,      7.54566112,    5.53959184,   26.51008163,   65.61003876,     34.21054951], [   21.67991006,  -20.3915878 ,   -0.52894453,    1.21881682,      5.47021213,   -5.55624197,   -5.55676338,    4.04722745,      2.59307472,    5.05967087,    6.40934356,   34.21054951,     69.07528285]]
/root/sim/music/out/AC_DC/Black Ice/03 Big Jack.mp3; [-477.48175   ,  83.42909   ,  -1.8761154 ,  21.339579  ,  15.851227  ,    8.075774  ,   2.6960685 ,   5.2061877 ,   8.151294  ,   1.7914063 ,   -0.882014  ,  -2.67741   ,  -0.14500408]; [[7265.00732527,-617.52796706,-465.50013808,-346.71121832, -57.73306873,   -38.1582988 , -67.98911412,  -6.76204081,  -3.74729798, -19.56615673,    -1.19736959,   4.41659989,  57.50222522], [-617.52796706, 959.66428135,-291.2833746 ,  11.54967214, -60.52789683,   -87.24671569,  -3.05796062,  -4.44608732, -49.0678955 , -13.63358786,   -41.44261986, -12.34534639, -23.03363313], [-465.50013808,-291.2833746 , 563.77118151, 126.45695797, -16.6323926 ,    65.17098653,  13.82790769, -31.29088407, -22.84253988, -30.2125463 ,    16.26350394, -15.57409057, -26.6150865 ], [-346.71121832,  11.54967214, 126.45695797, 203.80551779,  33.46411268,     7.74145417,   1.27713341,  -6.73686682,  -7.97950509,   0.72965919,     5.38414183,  -0.34778259, -10.44368485], [ -57.73306873, -60.52789683, -16.6323926 ,  33.46411268, 186.99871607,    43.33879254,  10.10421901,  20.65670028,  58.48466334,  15.18782914,     7.78575174,  14.78186719,  22.24067131], [ -38.1582988 , -87.24671569,  65.17098653,   7.74145417,  43.33879254,   103.7481907 ,  41.01937473,   1.99327957,  10.75523826,   4.82946066,     9.93789402,  -1.62193222,   2.0241627 ], [ -67.98911412,  -3.05796062,  13.82790769,   1.27713341,  10.10421901,    41.01937473,  94.81799406,  32.99970331,  -3.65050504,  -2.04301758,    13.40827369,   0.96452102,  -3.23434351], [  -6.76204081,  -4.44608732, -31.29088407,  -6.73686682,  20.65670028,     1.99327957,  32.99970331,  79.66373528,  37.32150265,   5.30805167,     0.96815705,   4.75328235,  -0.16400751], [  -3.74729798, -49.0678955 , -22.84253988,  -7.97950509,  58.48466334,    10.75523826,  -3.65050504,  37.32150265, 105.01031925,  39.69448757,     3.15006136,   9.40725134,  12.69265036], [ -19.56615673, -13.63358786, -30.2125463 ,   0.72965919,  15.18782914,     4.82946066,  -2.04301758,   5.30805167,  39.69448757,  69.00008812,    24.38851636,   7.27734381,   5.35960707], [  -1.19736959, -41.44261986,  16.26350394,   5.38414183,   7.78575174,     9.93789402,  13.40827369,   0.96815705,   3.15006136,  24.38851636,    57.13579088,  26.6001644 ,   3.68509237], [   4.41659989, -12.34534639, -15.57409057,  -0.34778259,  14.78186719,    -1.62193222,   0.96452102,   4.75328235,   9.40725134,   7.27734381,    26.6001644 ,  56.43959357,  28.55485159], [  57.50222522, -23.03363313, -26.6150865 , -10.44368485,  22.24067131,     2.0241627 ,  -3.23434351,  -0.16400751,  12.69265036,   5.35960707,     3.68509237,  28.55485159,  55.2629405 ]]
/root/sim/music/out/AC_DC/Black Ice/01 Rock 'N Roll Train.mp3; [-492.66336   ,  73.390526  , -11.046412  ,  20.218094  ,   9.822409  ,    6.211177  ,  -0.7288177 ,   2.667526  ,   4.4717145 ,  -0.35830188,   -1.2553722 ,  -3.435635  ,  -0.32289582]; [[11630.18243804,  149.93867856, -446.67665915,   21.947098  ,    326.61957211,  223.88551655,   34.24328027,  141.32557599,    -22.94646308,   17.71021954,  -91.82565777, -109.42348224,    -63.00566735], [  149.93867856, 1285.45824404, -216.68527083,  113.43277664,     10.17107114,  -52.71242826,   69.72880297,   22.37027449,    -23.83149678,   28.43615323,    3.45313457,   33.2774337 ,     14.79386681], [ -446.67665915, -216.68527083, 1013.9568828 ,  243.76991971,     26.97594783,  125.94989121,   19.50257384,    4.52169891,     14.40062318,   -8.97464541,   31.72014895,   17.78935708,     -2.57010173], [   21.947098  ,  113.43277664,  243.76991971,  331.01269741,     79.67693961,   39.56806223,   32.07142766,   26.53057565,     -5.59380348,   -3.3785187 ,    9.12574846,   17.73354023,     -1.62235991], [  326.61957211,   10.17107114,   26.97594783,   79.67693961,    215.26241761,   87.33571783,   35.21430436,   54.48052866,     49.75709382,   36.53435055,   16.66696558,   23.66429291,     27.83207721], [  223.88551655,  -52.71242826,  125.94989121,   39.56806223,     87.33571783,  167.55302288,   68.48757792,   30.88855053,     24.108179  ,   34.48961509,   20.38971756,    9.52466581,      7.1394868 ], [   34.24328027,   69.72880297,   19.50257384,   32.07142766,     35.21430436,   68.48757792,  132.06287929,   70.33571414,     15.2717841 ,   23.81324001,   27.35798381,   10.59756659,     -0.31590266], [  141.32557599,   22.37027449,    4.52169891,   26.53057565,     54.48052866,   30.88855053,   70.33571414,  109.85068285,     46.43223716,   23.409683  ,   21.1117365 ,   16.34661023,      8.30697366], [  -22.94646308,  -23.83149678,   14.40062318,   -5.59380348,     49.75709382,   24.108179  ,   15.2717841 ,   46.43223716,    102.29356848,   54.22735307,   24.90470335,   21.73327449,     20.65619528], [   17.71021954,   28.43615323,   -8.97464541,   -3.3785187 ,     36.53435055,   34.48961509,   23.81324001,   23.409683  ,     54.22735307,  102.22831718,   46.03928137,   18.85488362,     14.31278903], [  -91.82565777,    3.45313457,   31.72014895,    9.12574846,     16.66696558,   20.38971756,   27.35798381,   21.1117365 ,     24.90470335,   46.03928137,   77.58448154,   42.56137824,     13.28651367], [ -109.42348224,   33.2774337 ,   17.78935708,   17.73354023,     23.66429291,    9.52466581,   10.59756659,   16.34661023,     21.73327449,   18.85488362,   42.56137824,   81.56800279,     45.81042331], [  -63.00566735,   14.79386681,   -2.57010173,   -1.62235991,     27.83207721,    7.1394868 ,   -0.31590266,    8.30697366,     20.65619528,   14.31278903,   13.28651367,   45.81042331,     79.74076057]]
/root/sim/music/out/AC_DC/Black Ice/14 Rocking All The Way.mp3; [-507.85516   ,  89.74126   ,  15.202668  ,  26.702177  ,  17.293756  ,    7.658503  ,   6.9030757 ,   4.1366005 ,   6.6335626 ,  -0.8495067 ,    0.43501374,  -1.028751  ,   1.8644059 ]; [[13188.3639502 ,-1643.99656324,-1027.52641158, -752.88410293,   -173.53096912,   38.75639865, -144.17995678, -234.90297992,    -55.88260536, -112.09293223, -110.83932954,  -56.47347165,     36.03738209], [-1643.99656324, 1496.58104456,  -75.51139002,  166.60405865,     22.38915594,  -83.32615628,   -3.36426713,   65.77466795,     29.19593319,   31.17344297,    3.20004674,    3.24438547,     -9.45460307], [-1027.52641158,  -75.51139002,  751.85965276,  199.64629595,     -8.23989048,  -22.30184751,   12.32643944,   -5.66118334,    -12.64389384,   -8.2703525 ,   40.94993802,    6.52297455,    -12.52344564], [ -752.88410293,  166.60405865,  199.64629595,  325.35759908,     54.38336692,  -20.58809068,   -8.04270317,   11.90388672,    -11.14383186,   11.72568356,   27.00400983,   19.32799366,     -5.93155135], [ -173.53096912,   22.38915594,   -8.23989048,   54.38336692,    170.90242573,   41.70187527,    7.8404803 ,    1.71204989,     26.26851273,    6.69349988,    2.60194024,   -3.55283251,     -5.52886181], [   38.75639865,  -83.32615628,  -22.30184751,  -20.58809068,     41.70187527,  127.74199411,   53.67013648,   -2.01360883,     -5.18704176,    6.9804983 ,    1.29059272,  -12.7120433 ,     -8.04822221], [ -144.17995678,   -3.36426713,   12.32643944,   -8.04270317,      7.8404803 ,   53.67013648,  104.82730136,   35.16934542,     -1.72171717,   -9.94494269,   -0.37477276,   -1.357873  ,     -1.27066075], [ -234.90297992,   65.77466795,   -5.66118334,   11.90388672,      1.71204989,   -2.01360883,   35.16934542,   88.27039927,     28.58940941,   -3.25334238,   -7.13855788,   -0.27062469,     -0.21692204], [  -55.88260536,   29.19593319,  -12.64389384,  -11.14383186,     26.26851273,   -5.18704176,   -1.72171717,   28.58940941,     78.89466166,   26.82957547,   -2.01485436,   -4.36411077,     -5.06849604], [ -112.09293223,   31.17344297,   -8.2703525 ,   11.72568356,      6.69349988,    6.9804983 ,   -9.94494269,   -3.25334238,     26.82957547,   79.02365203,   27.30041197,   -7.51900129,     -8.23231235], [ -110.83932954,    3.20004674,   40.94993802,   27.00400983,      2.60194024,    1.29059272,   -0.37477276,   -7.13855788,     -2.01485436,   27.30041197,   63.73049999,   27.25961175,     -4.09924898], [  -56.47347165,    3.24438547,    6.52297455,   19.32799366,     -3.55283251,  -12.7120433 ,   -1.357873  ,   -0.27062469,     -4.36411077,   -7.51900129,   27.25961175,   61.19366129,     24.10518474], [   36.03738209,   -9.45460307,  -12.52344564,   -5.93155135,     -5.52886181,   -8.04822221,   -1.27066075,   -0.21692204,     -5.06849604,   -8.23231235,   -4.09924898,   24.10518474,     58.50579222]]
/root/sim/music/out/AC_DC/Black Ice/07 Spoilin' For A Fight.mp3; [-490.77133   ,  81.47534   ,   3.5832028 ,  25.118862  ,  15.730343  ,   11.965156  ,   6.940498  ,   7.665105  ,  10.953899  ,   3.433692  ,    1.799404  ,  -0.03385969,   0.9555193 ]; [[10036.74963513,  -42.25701497, -312.53728011, -222.35905881,    -14.96467875,   13.76779004,  -96.09633437,  -65.4206215 ,    -85.52237885,  -10.45851848,  -40.84580094,    2.45319104,     -3.93929115], [  -42.25701497,  680.34919334, -306.13908044,  -35.08365786,    -35.86422515,  -74.03198514,  -33.69399952,  -17.88659936,     -2.20068859,  -40.42224699,  -26.65011888,  -20.30461724,      1.14390042], [ -312.53728011, -306.13908044,  750.53570931,   86.82962788,     53.74359088,   65.19948946,   43.09727748,    9.03022128,     10.42581515,    3.02224361,   29.44754236,   39.914858  ,     11.63907838], [ -222.35905881,  -35.08365786,   86.82962788,  229.99607039,     26.51890103,  -39.27818541,  -20.48476572,    1.4753187 ,     -4.62847781,  -10.54785375,    6.47622783,   11.29178957,     -3.05111628], [  -14.96467875,  -35.86422515,   53.74359088,   26.51890103,    220.00348029,   77.08050923,   42.79010192,   34.72606847,     63.67148049,   23.00961232,    8.79808572,   16.81431708,      6.49639619], [   13.76779004,  -74.03198514,   65.19948946,  -39.27818541,     77.08050923,  170.08587438,   85.45995577,   13.54425892,     17.33835369,   17.16443732,    9.75557896,  -10.45231963,     -5.79478424], [  -96.09633437,  -33.69399952,   43.09727748,  -20.48476572,     42.79010192,   85.45995577,  135.06398638,   53.06960747,     15.02236612,   11.55620161,   18.68079316,    1.6248564 ,     -4.92406654], [  -65.4206215 ,  -17.88659936,    9.03022128,    1.4753187 ,     34.72606847,   13.54425892,   53.06960747,   90.99829816,     49.74812191,    6.88124281,    6.5944899 ,    6.58384646,     -0.259762  ], [  -85.52237885,   -2.20068859,   10.42581515,   -4.62847781,     63.67148049,   17.33835369,   15.02236612,   49.74812191,    101.66653868,   35.01727232,    2.78424026,    9.35249803,      5.53423889], [  -10.45851848,  -40.42224699,    3.02224361,  -10.54785375,     23.00961232,   17.16443732,   11.55620161,    6.88124281,     35.01727232,   71.45507034,   25.27971108,    2.73827385,      1.30684892], [  -40.84580094,  -26.65011888,   29.44754236,    6.47622783,      8.79808572,    9.75557896,   18.68079316,    6.5944899 ,      2.78424026,   25.27971108,   57.49195162,   24.02643438,     -5.12679536], [    2.45319104,  -20.30461724,   39.914858  ,   11.29178957,     16.81431708,  -10.45231963,    1.6248564 ,    6.58384646,      9.35249803,    2.73827385,   24.02643438,   58.59691812,     23.91520767], [   -3.93929115,    1.14390042,   11.63907838,   -3.05111628,      6.49639619,   -5.79478424,   -4.92406654,   -0.259762  ,      5.53423889,    1.30684892,   -5.12679536,   23.91520767,     51.56110005]]
/root/sim/music/out/AC_DC/Black Ice/11 She Likes Rock 'N Roll.mp3; [-514.1467    ,  84.55414   ,  -3.295613  ,  21.793835  ,  13.7677    ,    5.3494186 ,   5.262682  ,   3.9145234 ,   6.8782754 ,   1.2624623 ,   -0.22406377,  -0.4013629 ,   2.5599778 ]; [[13844.29027352, -803.95477116,  181.83128606, -399.45992693,    202.15535845,   34.87271426,   36.95603487,  198.81997443,    134.02135655,  224.74255928,  142.49387508,  116.95400224,     87.53899256], [ -803.95477116, 1296.99348303, -370.96447733,  159.46859609,     22.09108658,    0.71750861,   24.3010537 ,   30.65771296,     -2.73617085,  -28.33313583,  -23.26900746,  -18.17921173,     -1.95575344], [  181.83128606, -370.96447733,  813.63559846,   91.04375204,     86.34313199,   48.03090036,   61.02052534,   11.66040411,     15.72743689,    4.9996066 ,   15.64693701,    5.83733023,     12.46788456], [ -399.45992693,  159.46859609,   91.04375204,  414.45663876,     76.31763118,   16.46602233,   12.20087735,   27.74372766,     -1.57724075,    2.0200033 ,   22.38401491,    5.41354541,      2.76006951], [  202.15535845,   22.09108658,   86.34313199,   76.31763118,    232.25500588,   62.73408052,   52.61146228,   38.11029325,     45.85291548,   40.15101499,   23.4474189 ,   31.47745841,     25.64810044], [   34.87271426,    0.71750861,   48.03090036,   16.46602233,     62.73408052,  148.99564911,   73.81777912,   13.03519873,      5.6528702 ,   15.8017856 ,   14.15895535,    1.41311156,      7.68730212], [   36.95603487,   24.3010537 ,   61.02052534,   12.20087735,     52.61146228,   73.81777912,  140.45920253,   49.05105682,      4.47773544,    6.76179541,   17.18602648,    9.78682963,      9.52408201], [  198.81997443,   30.65771296,   11.66040411,   27.74372766,     38.11029325,   13.03519873,   49.05105682,  112.07310269,     38.53916844,   23.97665212,   10.68919193,    9.4920827 ,      6.11742217], [  134.02135655,   -2.73617085,   15.72743689,   -1.57724075,     45.85291548,    5.6528702 ,    4.47773544,   38.53916844,    101.73869527,   48.00912305,   12.47116355,   15.04546727,     18.64467204], [  224.74255928,  -28.33313583,    4.9996066 ,    2.0200033 ,     40.15101499,   15.8017856 ,    6.76179541,   23.97665212,     48.00912305,   93.61449105,   41.5103189 ,   17.74980084,     15.08989587], [  142.49387508,  -23.26900746,   15.64693701,   22.38401491,     23.4474189 ,   14.15895535,   17.18602648,   10.68919193,     12.47116355,   41.5103189 ,   77.89153389,   40.86673496,     11.13386898], [  116.95400224,  -18.17921173,    5.83733023,    5.41354541,     31.47745841,    1.41311156,    9.78682963,    9.4920827 ,     15.04546727,   17.74980084,   40.86673496,   74.37831324,     32.28278831], [   87.53899256,   -1.95575344,   12.46788456,    2.76006951,     25.64810044,    7.68730212,    9.52408201,    6.11742217,     18.64467204,   15.08989587,   11.13386898,   32.28278831,     67.64143554]]
/root/sim/music/out/AC_DC/Black Ice/02 Skies On Fire.mp3; [-495.81274  ,  89.28596  ,   2.3920345,  21.751844 ,  14.081667 ,    6.767108 ,   6.930583 ,   5.135418 ,   7.8434334,   1.0838479,    0.6265545,  -1.0088594,   1.5462817]; [[8620.02778517,  65.36944159,-810.49787004,-206.32289057,  15.36758351,  -117.59568075, -48.3450957 ,  63.72803431,-138.36659852, -50.08069181,  -194.01909313,-210.89555332,-123.44994291], [  65.36944159,1108.75076788,-269.51470357, -22.14748846, -18.17610298,   -12.29420496,  19.37681257, -17.60430425,  -3.11810815, -17.08548858,    -2.70150247,  12.35789505,  12.2435569 ], [-810.49787004,-269.51470357, 805.53026491, 109.56940403, -74.6569834 ,    62.26109489,  32.3966706 ,  14.05582169,  32.40177144, -15.41359011,    50.83071844,  36.14225339,  10.58105171], [-206.32289057, -22.14748846, 109.56940403, 288.12055797,  70.6995582 ,    15.87186816,  -4.36423085,  17.84918363,  -1.02994934, -19.75550882,   -11.24642299,   0.38121037,  12.16345514], [  15.36758351, -18.17610298, -74.6569834 ,  70.6995582 , 194.10291663,    36.7625324 ,  23.84899977,  20.73310719,  21.30956073,  13.10375615,   -10.49795206,  -5.63812699,  -0.32308894], [-117.59568075, -12.29420496,  62.26109489,  15.87186816,  36.7625324 ,   142.70819813,  64.04707888,  19.4063729 ,   6.66799796,   6.27564083,    15.99622919,  -1.09588988,   0.52980836], [ -48.3450957 ,  19.37681257,  32.3966706 ,  -4.36423085,  23.84899977,    64.04707888, 130.50161682,  54.01363177,   0.44392924,   5.36596418,    18.48744175,   0.01398856,  -7.94310573], [  63.72803431, -17.60430425,  14.05582169,  17.84918363,  20.73310719,    19.4063729 ,  54.01363177, 105.02970068,  22.94039878,   2.06238222,    -1.67087414,  -4.28761737,  -7.08867704], [-138.36659852,  -3.11810815,  32.40177144,  -1.02994934,  21.30956073,     6.66799796,   0.44392924,  22.94039878,  90.45217559,  33.24973128,    13.39873571,  15.11368565,   6.78862437], [ -50.08069181, -17.08548858, -15.41359011, -19.75550882,  13.10375615,     6.27564083,   5.36596418,   2.06238222,  33.24973128,  80.44934388,    35.34061598,   4.73706462,  -4.24312681], [-194.01909313,  -2.70150247,  50.83071844, -11.24642299, -10.49795206,    15.99622919,  18.48744175,  -1.67087414,  13.39873571,  35.34061598,    84.97707932,  43.13661301,   8.17557408], [-210.89555332,  12.35789505,  36.14225339,   0.38121037,  -5.63812699,    -1.09588988,   0.01398856,  -4.28761737,  15.11368565,   4.73706462,    43.13661301,  87.83802261,  43.16352959], [-123.44994291,  12.2435569 ,  10.58105171,  12.16345514,  -0.32308894,     0.52980836,  -7.94310573,  -7.08867704,   6.78862437,  -4.24312681,     8.17557408,  43.16352959,  75.2782557 ]]
