/root/sim/music/out/AC_DC/Ballbreaker/01 Hard As A Rock.mp3; [-567.1976   , 132.45726  , -16.01005  ,  30.754147 ,  26.20986  ,    1.6721021,   2.1470244,   4.9344172,   4.4420414,  -2.984463 ,   -4.4813857,   3.4817507,   3.4311347]; [[14341.62479012,-2298.6949843 ,  394.33438686, -607.11956082,    -40.26600812, -288.11396094, -305.64835116, -421.97613653,   -133.41489025,  125.68456203,  -45.29423056, -158.3763377 ,   -147.57615436], [-2298.6949843 , 2531.73294843, -956.38935132,  462.60077883,     -0.60681103,   42.937086  ,   46.71253857,  206.22257575,     61.07410354, -169.17842369,  -65.91675459,   89.84347721,     98.39770571], [  394.33438686, -956.38935132, 1311.69151812, -244.90144041,     94.5609428 ,  -13.60814955,  -25.26324323, -126.19873255,    -82.9980858 ,   57.69667654,   -6.77292941,  -65.68143157,    -38.44563651], [ -607.11956082,  462.60077883, -244.90144041,  478.93389236,    -18.62013061,   35.09885724,  -28.97333274,   38.73490557,     -2.75666241,  -29.62762112,   28.79420973,    8.52622007,     -8.28514151], [  -40.26600812,   -0.60681103,   94.5609428 ,  -18.62013061,    198.31751694,    7.06235456,   35.68451841,   16.90102984,      7.46257618,   -6.36614324,  -26.26831418,   10.41399419,      9.96728239], [ -288.11396094,   42.937086  ,  -13.60814955,   35.09885724,      7.06235456,  141.27917104,   52.88139857,   28.02991316,     19.31055277,    6.19101243,    8.41419577,    1.84266969,      4.50672497], [ -305.64835116,   46.71253857,  -25.26324323,  -28.97333274,     35.68451841,   52.88139857,  131.93446708,   57.33882379,     24.05439838,    6.85778663,    5.4055616 ,   14.14217715,      2.32735679], [ -421.97613653,  206.22257575, -126.19873255,   38.73490557,     16.90102984,   28.02991316,   57.33882379,  138.42687891,     58.97213818,  -14.97266115,   -3.11913643,   29.03453368,     11.65956364], [ -133.41489025,   61.07410354,  -82.9980858 ,   -2.75666241,      7.46257618,   19.31055277,   24.05439838,   58.97213818,     99.85075099,   20.67630291,    0.30166887,   12.18771312,      6.7122304 ], [  125.68456203, -169.17842369,   57.69667654,  -29.62762112,     -6.36614324,    6.19101243,    6.85778663,  -14.97266115,     20.67630291,   95.3448408 ,   30.21540312,  -12.59547211,    -10.23430167], [  -45.29423056,  -65.91675459,   -6.77292941,   28.79420973,    -26.26831418,    8.41419577,    5.4055616 ,   -3.11913643,      0.30166887,   30.21540312,   74.46243854,   14.57411554,    -13.84069999], [ -158.3763377 ,   89.84347721,  -65.68143157,    8.52622007,     10.41399419,    1.84266969,   14.14217715,   29.03453368,     12.18771312,  -12.59547211,   14.57411554,   67.61159838,     25.49303683], [ -147.57615436,   98.39770571,  -38.44563651,   -8.28514151,      9.96728239,    4.50672497,    2.32735679,   11.65956364,      6.7122304 ,  -10.23430167,  -13.84069999,   25.49303683,     67.81292008]]
/root/sim/music/out/AC_DC/Ballbreaker/04 Boogie Man.mp3; [-591.70087   , 131.54927   ,  -7.290875  ,  32.525     ,  19.304888  ,    2.6230254 ,  -0.5635108 ,   1.6146044 ,   6.6406164 ,   0.7517273 ,   -2.4784393 ,  -0.92219025,  -0.8795652 ]; [[21333.53120541,  198.32219172,-2501.28760897, -294.3255295 ,     -2.95614403,  -29.73649635,   17.5951436 ,  236.17189421,    112.52188916,   37.79162921,  -63.41165718,  178.05575772,    117.13685962], [  198.32219172, 2275.72882794, -183.95286044,   55.1770188 ,     -0.18248735, -119.35820743,  -22.67788954,  -38.50851678,    -28.05958064,  -47.22255849,  -82.81059242,  -33.73052907,    -28.36386884], [-2501.28760897, -183.95286044, 1299.71304145,  130.45507085,    107.92857554,   76.25461114,   25.12612529,    0.95339753,    -58.65085029,    1.0376668 ,   37.0799992 ,  -67.87287664,    -26.66122955], [ -294.3255295 ,   55.1770188 ,  130.45507085,  425.86436426,     91.1948536 ,   83.09769294,   12.26018264,   17.49740355,     44.50761091,    7.62722538,   20.62098282,    4.70417186,      1.83198936], [   -2.95614403,   -0.18248735,  107.92857554,   91.1948536 ,    274.27470385,   67.49115326,   40.94709862,   33.5780553 ,     19.37608926,   20.50825319,    3.65702234,    7.88304669,     13.16829313], [  -29.73649635, -119.35820743,   76.25461114,   83.09769294,     67.49115326,  207.64602843,   75.71740392,   37.93859769,     23.08276496,   22.98933439,   24.41499835,   10.236383  ,     13.14127666], [   17.5951436 ,  -22.67788954,   25.12612529,   12.26018264,     40.94709862,   75.71740392,  155.41974292,   59.73446662,      8.04550079,   18.59082698,   22.20744479,   10.40276933,     14.81039036], [  236.17189421,  -38.50851678,    0.95339753,   17.49740355,     33.5780553 ,   37.93859769,   59.73446662,  129.29279074,     24.93589886,   19.93619609,   11.24842705,   15.93543154,     12.82537956], [  112.52188916,  -28.05958064,  -58.65085029,   44.50761091,     19.37608926,   23.08276496,    8.04550079,   24.93589886,    110.63410365,   29.98667676,   17.89134101,   17.99112444,      8.13581576], [   37.79162921,  -47.22255849,    1.0376668 ,    7.62722538,     20.50825319,   22.98933439,   18.59082698,   19.93619609,     29.98667676,   91.71567862,   29.38682478,    7.2137677 ,      3.46245437], [  -63.41165718,  -82.81059242,   37.0799992 ,   20.62098282,      3.65702234,   24.41499835,   22.20744479,   11.24842705,     17.89134101,   29.38682478,   89.71187508,   26.80729035,      2.26026431], [  178.05575772,  -33.73052907,  -67.87287664,    4.70417186,      7.88304669,   10.236383  ,   10.40276933,   15.93543154,     17.99112444,    7.2137677 ,   26.80729035,   77.22684525,     25.95834573], [  117.13685962,  -28.36386884,  -26.66122955,    1.83198936,     13.16829313,   13.14127666,   14.81039036,   12.82537956,      8.13581576,    3.46245437,    2.26026431,   25.95834573,     64.3233895 ]]
/root/sim/music/out/AC_DC/Ballbreaker/02 Cover You In Oil.mp3; [-552.1106    , 111.88812   ,  -0.27967474,  29.986794  ,  17.75949   ,   -0.02475059,  -1.3742348 ,  -0.42653638,   1.7020028 ,  -2.515065  ,   -4.996063  ,   0.681789  ,  -0.27869728]; [[10833.30995299,  182.01502589,-1800.15599851, -303.39120332,   -410.8763259 , -269.18386533, -143.97517634,  165.98085615,     55.74368901,   31.35832293,   -4.10099251,   81.41107098,     98.87049622], [  182.01502589,  955.50545147, -328.17945324,  -48.74297072,    -60.3490391 ,  -70.91235128,  -31.09037618,  -49.8318159 ,     -6.97161102,  -26.75895012,  -24.14886116,    7.27789534,     11.56359166], [-1800.15599851, -328.17945324, 1185.28621659,  136.45482637,    139.38364681,   99.28521681,   31.38918359,  -38.09184036,    -61.28808446,   -5.85715818,    4.54655274,  -29.50874164,    -41.78677938], [ -303.39120332,  -48.74297072,  136.45482637,  285.91127103,     51.25131547,   38.996904  ,  -16.95747418,   -9.19833537,      9.29854818,   -5.85081098,   19.18606703,    2.20848551,    -20.22028485], [ -410.8763259 ,  -60.3490391 ,  139.38364681,   51.25131547,    190.53032311,   37.87739474,   32.05694734,   -0.53955825,     14.00589494,   11.40770556,   -3.77662517,    0.54197309,     -0.9121779 ], [ -269.18386533,  -70.91235128,   99.28521681,   38.996904  ,     37.87739474,  152.16025181,   64.09003283,   14.77460201,      5.48036977,    4.16303925,    6.00117703,   -5.1598024 ,     -4.42053432], [ -143.97517634,  -31.09037618,   31.38918359,  -16.95747418,     32.05694734,   64.09003283,  134.32758652,   46.74444758,      7.98359033,   17.79616378,    4.1093732 ,   -0.48405891,      5.57903111], [  165.98085615,  -49.8318159 ,  -38.09184036,   -9.19833537,     -0.53955825,   14.77460201,   46.74444758,   96.80886102,     25.99608192,   14.43203386,    4.62980104,   11.69315974,      8.88263791], [   55.74368901,   -6.97161102,  -61.28808446,    9.29854818,     14.00589494,    5.48036977,    7.98359033,   25.99608192,     79.21241121,   26.32046853,    7.02619486,    6.71370225,      0.97579295], [   31.35832293,  -26.75895012,   -5.85715818,   -5.85081098,     11.40770556,    4.16303925,   17.79616378,   14.43203386,     26.32046853,   76.3907069 ,   25.6054378 ,    4.3400732 ,      2.56345418], [   -4.10099251,  -24.14886116,    4.54655274,   19.18606703,     -3.77662517,    6.00117703,    4.1093732 ,    4.62980104,      7.02619486,   25.6054378 ,   63.46123809,   20.2304856 ,      0.14137834], [   81.41107098,    7.27789534,  -29.50874164,    2.20848551,      0.54197309,   -5.1598024 ,   -0.48405891,   11.69315974,      6.71370225,    4.3400732 ,   20.2304856 ,   60.74634151,     26.19737393], [   98.87049622,   11.56359166,  -41.78677938,  -20.22028485,     -0.9121779 ,   -4.42053432,    5.57903111,    8.88263791,      0.97579295,    2.56345418,    0.14137834,   26.19737393,     58.15266556]]
/root/sim/music/out/AC_DC/Ballbreaker/03 The Furor.mp3; [-543.29065   , 125.8117    , -15.86186   ,  28.392958  ,  27.621725  ,    5.7065654 ,   3.1465027 ,   1.7071844 ,   2.9210007 ,  -2.265549  ,   -5.496159  ,   1.0936636 ,   0.69761777]; [[8986.85947156,-467.87717441, 563.95532043,-324.00830589, 274.18297679,   -15.74658452, -39.47808231, -17.6115011 ,  41.12461066,   6.85722164,   -30.83002814,  61.98557387,  -7.26769997], [-467.87717441,1077.18288593,-559.7037282 , 252.64615017,-154.91061658,    11.77727136, -40.12437253, -55.22586757, -25.44831557, -52.22040364,   -60.08781959, -54.79678354, -18.31296294], [ 563.95532043,-559.7037282 , 773.21387357,-147.76134552, 209.22172098,   -10.06503232,  52.54158334,  54.94038607,   0.32510727,  43.00023497,    29.1042198 ,  50.27711778,  38.02940623], [-324.00830589, 252.64615017,-147.76134552, 317.8424567 , -12.92701064,    26.5002967 , -14.48126946,  16.88680444,   5.19484633,  -7.15544369,    -9.13608056, -28.11638416,  -7.79464148], [ 274.18297679,-154.91061658, 209.22172098, -12.92701064, 195.98487746,    12.28435716,  42.72960663,  18.4594893 ,   8.70748731,   3.83296709,   -11.96637612,  14.23016031,  14.57110423], [ -15.74658452,  11.77727136, -10.06503232,  26.5002967 ,  12.28435716,   106.85329004,  38.4500004 ,  17.80557641,   9.1855792 ,  14.96050798,    10.90497576,   3.50101271,   4.38551418], [ -39.47808231, -40.12437253,  52.54158334, -14.48126946,  42.72960663,    38.4500004 ,  93.2311735 ,  32.8768181 ,   0.90898291,   6.00186878,     5.77694774,   8.37674812,   6.51677192], [ -17.6115011 , -55.22586757,  54.94038607,  16.88680444,  18.4594893 ,    17.80557641,  32.8768181 ,  78.58456825,  23.60448238,  19.09288099,    10.94075336,  15.46671822,   9.74452699], [  41.12461066, -25.44831557,   0.32510727,   5.19484633,   8.70748731,     9.1855792 ,   0.90898291,  23.60448238,  74.7034487 ,  37.34352596,    16.69986937,   9.9966948 ,   1.93338126], [   6.85722164, -52.22040364,  43.00023497,  -7.15544369,   3.83296709,    14.96050798,   6.00186878,  19.09288099,  37.34352596,  84.29236384,    40.8636926 ,  11.0237238 ,   3.19877142], [ -30.83002814, -60.08781959,  29.1042198 ,  -9.13608056, -11.96637612,    10.90497576,   5.77694774,  10.94075336,  16.69986937,  40.8636926 ,    68.69395544,  29.35960683,   4.97642347], [  61.98557387, -54.79678354,  50.27711778, -28.11638416,  14.23016031,     3.50101271,   8.37674812,  15.46671822,   9.9966948 ,  11.0237238 ,    29.35960683,  64.29175973,  25.6039552 ], [  -7.26769997, -18.31296294,  38.02940623,  -7.79464148,  14.57110423,     4.38551418,   6.51677192,   9.74452699,   1.93338126,   3.19877142,     4.97642347,  25.6039552 ,  49.26829525]]
/root/sim/music/out/AC_DC/Ballbreaker/06 Burnin' Alive.mp3; [-567.1732    , 127.46097   ,   0.63111913,  31.607803  ,  20.209732  ,    2.6250277 ,  -0.66950643,  -1.8792996 ,   0.17667833,  -2.8465347 ,   -6.1578565 ,  -1.7940899 ,  -3.0511696 ]; [[15270.17828115,-2066.12596785,-1808.78427351, -266.58700287,    -83.86072832, -263.12679233, -178.47889519,  -47.18921371,    -18.155153  ,   29.87040465,  -45.43372057,   51.14275547,    -49.99747339], [-2066.12596785, 1853.74184908,   75.24102351,  140.88717097,     38.67941289,   35.00887494,   17.47835093,  -34.98378333,    -34.17663782,  -50.35778336,  -41.94665602,  -46.91115892,     -1.09777126], [-1808.78427351,   75.24102351, 1091.50304972,   45.24889177,     46.74910572,   50.01504244,   18.16847953,   23.46409438,    -46.94016499,  -29.65813142,  -28.49454096,  -25.67558249,     -7.78863531], [ -266.58700287,  140.88717097,   45.24889177,  375.76206949,     60.69300144,    6.56414263,  -13.80232879,   12.55904476,      0.35792217,  -21.66646164,    1.79830036,  -14.85041476,     -9.02908344], [  -83.86072832,   38.67941289,   46.74910572,   60.69300144,    163.14633194,   21.21628661,   11.44239468,    8.03137387,      3.44437493,   -8.05652727,  -19.66791053,    4.67885978,      5.52861991], [ -263.12679233,   35.00887494,   50.01504244,    6.56414263,     21.21628661,  156.24519942,   72.14576331,   16.3050261 ,      6.10961988,    6.47519722,   18.15086222,    3.18463406,     11.2382276 ], [ -178.47889519,   17.47835093,   18.16847953,  -13.80232879,     11.44239468,   72.14576331,  112.89080725,   33.7859563 ,      7.59507853,    7.44493637,   11.01211236,    8.18577978,      9.66083829], [  -47.18921371,  -34.98378333,   23.46409438,   12.55904476,      8.03137387,   16.3050261 ,   33.7859563 ,   87.43018114,     31.35067547,    9.54543328,    7.51879888,    9.81621869,      7.13321192], [  -18.155153  ,  -34.17663782,  -46.94016499,    0.35792217,      3.44437493,    6.10961988,    7.59507853,   31.35067547,     90.66808292,   31.59171558,   14.54888353,   16.67174278,      7.59526227], [   29.87040465,  -50.35778336,  -29.65813142,  -21.66646164,     -8.05652727,    6.47519722,    7.44493637,    9.54543328,     31.59171558,   77.75064469,   28.61056428,   10.76329633,      1.77294651], [  -45.43372057,  -41.94665602,  -28.49454096,    1.79830036,    -19.66791053,   18.15086222,   11.01211236,    7.51879888,     14.54888353,   28.61056428,   67.11507734,   22.52125569,      7.45232098], [   51.14275547,  -46.91115892,  -25.67558249,  -14.85041476,      4.67885978,    3.18463406,    8.18577978,    9.81621869,     16.67174278,   10.76329633,   22.52125569,   65.2057057 ,     26.12868658], [  -49.99747339,   -1.09777126,   -7.78863531,   -9.02908344,      5.52861991,   11.2382276 ,    9.66083829,    7.13321192,      7.59526227,    1.77294651,    7.45232098,   26.12868658,     57.52664574]]
/root/sim/music/out/AC_DC/Ballbreaker/11 Ball Breaker.mp3; [-548.5258    , 124.46894   , -14.984311  ,  29.514399  ,  21.552696  ,    1.5393705 ,  -0.3753841 ,  -0.02345407,   2.484465  ,  -1.1020746 ,   -5.9819922 ,  -0.74007314,  -1.9139074 ]; [[12609.62019332, -924.57404193, -727.50874162, -398.17521609,   -283.1238422 , -169.29650163, -135.78280157, -192.50864472,    -30.72796057,   28.34340982, -124.59967049,  -33.88751053,    -64.1548241 ], [ -924.57404193, 1484.95446262, -336.96069584,  175.48332157,    -27.46315009,  -90.41333034,  -67.38794176,   -7.49208733,    -20.95523834,  -63.7017921 ,  -47.00371785,  -18.57887696,     28.57803362], [ -727.50874162, -336.96069584,  941.75877495,   36.29287292,     78.38734881,   67.35402391,   19.28160538,   23.26041359,    -45.55386097,    6.61348016,    9.34557941,  -16.4571227 ,      6.25071474], [ -398.17521609,  175.48332157,   36.29287292,  338.95597661,     37.01856073,    7.19643861,  -25.68181053,    4.05308506,    -11.25647562,  -17.93513188,   -2.5394405 ,  -13.28734285,      9.03176004], [ -283.1238422 ,  -27.46315009,   78.38734881,   37.01856073,    176.42019571,   40.14657955,   29.27232283,   22.62271534,     15.93402533,   12.65676231,   -1.63763749,    1.24175071,      2.91904141], [ -169.29650163,  -90.41333034,   67.35402391,    7.19643861,     40.14657955,  131.47477879,   48.64578441,   14.44838257,      2.90294942,    8.45000806,    7.43947109,    3.29555117,      2.05029019], [ -135.78280157,  -67.38794176,   19.28160538,  -25.68181053,     29.27232283,   48.64578441,  104.99834271,   35.63469196,      5.90012174,    2.19905721,    9.0995093 ,   12.21202761,      1.91987346], [ -192.50864472,   -7.49208733,   23.26041359,    4.05308506,     22.62271534,   14.44838257,   35.63469196,   94.26970026,     19.47823032,    0.49647056,    5.33218567,    6.77033372,      9.15817315], [  -30.72796057,  -20.95523834,  -45.55386097,  -11.25647562,     15.93402533,    2.90294942,    5.90012174,   19.47823032,     73.35004632,   25.70724106,    3.71267057,    6.21727694,     -2.65909914], [   28.34340982,  -63.7017921 ,    6.61348016,  -17.93513188,     12.65676231,    8.45000806,    2.19905721,    0.49647056,     25.70724106,   70.27908824,   21.86853641,    6.27743605,     -6.15820171], [ -124.59967049,  -47.00371785,    9.34557941,   -2.5394405 ,     -1.63763749,    7.43947109,    9.0995093 ,    5.33218567,      3.71267057,   21.86853641,   56.57683794,   19.54673588,     -5.79116786], [  -33.88751053,  -18.57887696,  -16.4571227 ,  -13.28734285,      1.24175071,    3.29555117,   12.21202761,    6.77033372,      6.21727694,    6.27743605,   19.54673588,   53.06586535,     11.34626978], [  -64.1548241 ,   28.57803362,    6.25071474,    9.03176004,      2.91904141,    2.05029019,    1.91987346,    9.15817315,     -2.65909914,   -6.15820171,   -5.79116786,   11.34626978,     52.72092279]]
/root/sim/music/out/AC_DC/Ballbreaker/08 Love Bomb.mp3; [-554.5697    , 130.31154   ,  -8.778007  ,  18.942528  ,  16.455004  ,   -2.2952356 ,  -1.8991395 ,  -2.064837  ,   2.8004239 ,  -2.406473  ,   -5.533564  ,   0.22676973,  -1.0389642 ]; [[12210.16677118,  416.62122709, -460.02936521,  180.36872803,    369.28508336,   38.52519813,   -3.24321212,   57.01168748,     -7.39842953, -119.68684517, -160.36708841,  -95.93271959,   -201.22810642], [  416.62122709, 1367.94870172,  -47.75215398,  222.65951589,      4.04069197,  -33.14958149,  -70.75615929,  -34.84899029,    -42.99261829,  -78.20309917,  -79.76439691,  -72.69678036,    -58.65952714], [ -460.02936521,  -47.75215398,  768.66157238,   92.99784535,    110.27652438,   16.59730035,  -11.61130652,   13.92324128,    -54.57025455,   -3.63092461,  -27.29232603,  -21.43370484,    -31.4593585 ], [  180.36872803,  222.65951589,   92.99784535,  434.08756647,    105.01685348,   38.33935399,  -49.50343298,   17.5006314 ,    -11.96042399,  -39.39943006,  -17.93433794,  -59.71316068,    -58.85043635], [  369.28508336,    4.04069197,  110.27652438,  105.01685348,    231.64745367,   40.30233687,   20.4018744 ,   30.72205712,      6.3609407 ,   -6.91261439,  -19.03175978,    1.58532618,    -16.95349707], [   38.52519813,  -33.14958149,   16.59730035,   38.33935399,     40.30233687,  126.29445569,   50.2604151 ,   20.78345339,     -2.19203944,   -2.91727152,   11.27272301,   -5.37366614,     -0.26402694], [   -3.24321212,  -70.75615929,  -11.61130652,  -49.50343298,     20.4018744 ,   50.2604151 ,  125.74233767,   44.76345751,      5.76021103,   11.03647595,   10.15387547,   16.04727964,      6.3429028 ], [   57.01168748,  -34.84899029,   13.92324128,   17.5006314 ,     30.72205712,   20.78345339,   44.76345751,   98.22072388,     27.97723147,    7.26858974,    4.67346402,   11.62031236,      3.39960545], [   -7.39842953,  -42.99261829,  -54.57025455,  -11.96042399,      6.3609407 ,   -2.19203944,    5.76021103,   27.97723147,     91.1218837 ,   31.58598049,    5.96894184,   15.51007652,      6.75603448], [ -119.68684517,  -78.20309917,   -3.63092461,  -39.39943006,     -6.91261439,   -2.91727152,   11.03647595,    7.26858974,     31.58598049,   77.11196825,   32.41289105,   19.08093503,     15.74516794], [ -160.36708841,  -79.76439691,  -27.29232603,  -17.93433794,    -19.03175978,   11.27272301,   10.15387547,    4.67346402,      5.96894184,   32.41289105,   71.45156997,   26.46847201,     15.88832987], [  -95.93271959,  -72.69678036,  -21.43370484,  -59.71316068,      1.58532618,   -5.37366614,   16.04727964,   11.62031236,     15.51007652,   19.08093503,   26.46847201,   76.15912849,     41.53491124], [ -201.22810642,  -58.65952714,  -31.4593585 ,  -58.85043635,    -16.95349707,   -0.26402694,    6.3429028 ,    3.39960545,      6.75603448,   15.74516794,   15.88832987,   41.53491124,     74.71814151]]
/root/sim/music/out/AC_DC/Ballbreaker/10 Whiskey On The Rocks.mp3; [-565.86066   , 128.66821   , -12.683454  ,  31.204765  ,  19.391666  ,    1.2355226 ,  -0.6138884 ,   2.719264  ,   4.913286  ,  -3.5244422 ,   -3.6930027 ,   0.48921117,  -1.1708245 ]; [[14700.83324389, -886.50650081, -663.74077634, -122.8884477 ,    345.79813659,  168.08703518,   70.10401973,   30.80063086,     52.69594461,  109.07901583,  -32.40506902,  -29.33370192,    -63.10532953], [ -886.50650081, 2030.77284029, -419.93216884,  194.03215345,   -129.44288812, -139.04805332,  -84.37207626,   -9.98091417,    -41.38236819, -141.39347633,  -90.19735217,  -85.2093175 ,    -29.41011813], [ -663.74077634, -419.93216884, 1124.45693027, -148.80848381,    157.95143687,   33.96138126,   46.09212386,   24.18734714,    -40.03911981,   26.39986785,   31.36694974,   63.21402883,     28.14872152], [ -122.8884477 ,  194.03215345, -148.80848381,  369.67482212,     -1.3173046 ,   19.54752958,  -31.08123527,    5.14111815,      0.62274918,  -30.36642501,   -5.63565524,  -35.3122657 ,    -20.54528069], [  345.79813659, -129.44288812,  157.95143687,   -1.3173046 ,    195.61678108,   36.97209116,   29.3927661 ,   19.73946897,     10.14947018,   15.67220299,   -1.09761786,   15.58084883,      3.2356609 ], [  168.08703518, -139.04805332,   33.96138126,   19.54752958,     36.97209116,  159.56534025,   57.93047352,   -2.32225929,     -6.36294425,   13.47947968,   13.18449515,   -5.28787233,      7.1681168 ], [   70.10401973,  -84.37207626,   46.09212386,  -31.08123527,     29.3927661 ,   57.93047352,  113.89273301,   30.70541038,      1.13476722,   11.48754349,    9.89898802,    6.92184635,      8.9549742 ], [   30.80063086,   -9.98091417,   24.18734714,    5.14111815,     19.73946897,   -2.32225929,   30.70541038,   93.1006751 ,     17.38216182,    2.48998997,   -4.81843144,    9.34775803,      3.47585422], [   52.69594461,  -41.38236819,  -40.03911981,    0.62274918,     10.14947018,   -6.36294425,    1.13476722,   17.38216182,     77.58365415,   23.94227762,    4.59580022,    7.98457952,      0.51920232], [  109.07901583, -141.39347633,   26.39986785,  -30.36642501,     15.67220299,   13.47947968,   11.48754349,    2.48998997,     23.94227762,   90.02225307,   32.42493316,    9.56417838,      6.31410202], [  -32.40506902,  -90.19735217,   31.36694974,   -5.63565524,     -1.09761786,   13.18449515,    9.89898802,   -4.81843144,      4.59580022,   32.42493316,   66.382915  ,   20.1744619 ,      7.34295536], [  -29.33370192,  -85.2093175 ,   63.21402883,  -35.3122657 ,     15.58084883,   -5.28787233,    6.92184635,    9.34775803,      7.98457952,    9.56417838,   20.1744619 ,   74.5881459 ,     22.00632845], [  -63.10532953,  -29.41011813,   28.14872152,  -20.54528069,      3.2356609 ,    7.1681168 ,    8.9549742 ,    3.47585422,      0.51920232,    6.31410202,    7.34295536,   22.00632845,     59.46931489]]
/root/sim/music/out/AC_DC/Ballbreaker/07 Hail Caesar.mp3; [-593.4734    , 132.45432   ,  -3.0404923 ,  34.689995  ,  22.316671  ,   -0.6438897 ,   0.22652479,  -1.4080733 ,   2.5551898 ,  -1.2603327 ,   -5.21738   ,   0.41984528,  -1.8171643 ]; [[16970.13006677,-2505.77480105,-1998.827851  ,-1265.29186331,     74.2214627 , -440.36153429, -340.12185833,   12.38608676,    -41.67615798, -119.81716785, -255.66791742,  -61.28011525,     20.22857066], [-2505.77480105, 2514.794654  ,  -71.39896902,  501.19443578,    -40.49090553,   79.63743108,   84.3272504 ,   12.94069328,    -50.46003225,  -73.46641322,  -11.19390888,  -37.56944357,    -76.9728234 ], [-1998.827851  ,  -71.39896902, 1424.2960706 ,  125.09251432,     87.16064459,  139.75149062,  112.21120688,   40.55578012,     -4.05025615,   24.61135725,   49.8233753 ,    8.81101546,    -14.04540646], [-1265.29186331,  501.19443578,  125.09251432,  616.68346673,     21.29453093,  102.73511599,   52.50985231,   33.50731964,     26.83469028,   -6.22163993,   16.2715253 ,    2.31490824,    -22.33091437], [   74.2214627 ,  -40.49090553,   87.16064459,   21.29453093,    209.13860406,   20.82539751,   12.88144178,   37.55961259,      5.28371082,   -0.61105544,  -11.17459021,    8.24530874,     -2.93961036], [ -440.36153429,   79.63743108,  139.75149062,  102.73511599,     20.82539751,  206.41440675,   81.66414007,   32.53530527,     -0.05702609,    8.19675379,   10.09869605,  -12.87673423,     -9.80684358], [ -340.12185833,   84.3272504 ,  112.21120688,   52.50985231,     12.88144178,   81.66414007,  160.01807739,   46.15442328,      3.45101202,   16.3630108 ,   14.09190386,   -0.18661281,    -14.69919321], [   12.38608676,   12.94069328,   40.55578012,   33.50731964,     37.55961259,   32.53530527,   46.15442328,  114.29085379,     28.95426236,    1.82286966,    2.29629062,    9.89799291,     -2.677726  ], [  -41.67615798,  -50.46003225,   -4.05025615,   26.83469028,      5.28371082,   -0.05702609,    3.45101202,   28.95426236,     85.64230122,   34.7368865 ,    7.229927  ,   12.97105793,      4.92661154], [ -119.81716785,  -73.46641322,   24.61135725,   -6.22163993,     -0.61105544,    8.19675379,   16.3630108 ,    1.82286966,     34.7368865 ,   94.42347622,   28.28083467,   10.04811784,      3.8668814 ], [ -255.66791742,  -11.19390888,   49.8233753 ,   16.2715253 ,    -11.17459021,   10.09869605,   14.09190386,    2.29629062,      7.229927  ,   28.28083467,   68.77960143,   22.67521433,      2.78119357], [  -61.28011525,  -37.56944357,    8.81101546,    2.31490824,      8.24530874,  -12.87673423,   -0.18661281,    9.89799291,     12.97105793,   10.04811784,   22.67521433,   66.88533847,     24.15545697], [   20.22857066,  -76.9728234 ,  -14.04540646,  -22.33091437,     -2.93961036,   -9.80684358,  -14.69919321,   -2.677726  ,      4.92661154,    3.8668814 ,    2.78119357,   24.15545697,     67.72920018]]
/root/sim/music/out/AC_DC/Ballbreaker/05 Honey Roll.mp3; [-552.63635   , 129.67998   ,  -3.7187386 ,  30.23627   ,  21.303665  ,    0.20488878,  -1.112132  ,   0.4079562 ,   1.9277108 ,  -0.34198228,   -3.319376  ,   1.9574136 ,   1.2679886 ]; [[10506.21859182, -438.53211445, -207.70803358, -227.12545273,    -56.17135613, -121.35145899, -128.97594933,  -27.81794324,    -16.16988723,  -36.12569826, -107.41967739,  -51.30386039,    -36.28333788], [ -438.53211445, 1289.02538456, -317.41894666,  147.80645723,    -42.88761457,  -81.87636632,  -50.84798864,  -74.70768431,    -66.25275063,  -54.58768109,  -33.87320055,   -3.56170999,      8.88556202], [ -207.70803358, -317.41894666,  769.15504799,  -16.8080029 ,     62.4422666 ,   21.03650996,  -13.94820735,   19.11810278,    -17.47068087,    2.67304603,    9.60049131,   -5.19382744,    -16.56679358], [ -227.12545273,  147.80645723,  -16.8080029 ,  261.93054531,     14.66652401,  -12.45775163,  -36.72894946,    5.57049388,    -12.96476778,  -10.51604506,    4.42063761,    3.66456312,     -3.65399274], [  -56.17135613,  -42.88761457,   62.4422666 ,   14.66652401,    161.76809051,   24.22163173,   23.64131127,   14.7380831 ,     28.80872446,   13.79160008,    3.38349799,   11.57811188,      3.51106093], [ -121.35145899,  -81.87636632,   21.03650996,  -12.45775163,     24.22163173,  152.31660892,   72.07995332,   25.86527108,      8.8249028 ,   24.4078537 ,   11.57300825,    7.07262426,      7.60447961], [ -128.97594933,  -50.84798864,  -13.94820735,  -36.72894946,     23.64131127,   72.07995332,  122.46880491,   38.7786974 ,     21.28801641,   20.4899559 ,   14.08045661,   15.37907511,     11.60416441], [  -27.81794324,  -74.70768431,   19.11810278,    5.57049388,     14.7380831 ,   25.86527108,   38.7786974 ,   80.20114749,     35.69483582,   15.17104372,    8.15087394,   13.77720154,      7.13384995], [  -16.16988723,  -66.25275063,  -17.47068087,  -12.96476778,     28.80872446,    8.8249028 ,   21.28801641,   35.69483582,     98.17241946,   42.00684687,   13.97918547,   14.92753224,      3.47660121], [  -36.12569826,  -54.58768109,    2.67304603,  -10.51604506,     13.79160008,   24.4078537 ,   20.4899559 ,   15.17104372,     42.00684687,   76.07008078,   27.57630544,    8.61832589,      3.95585926], [ -107.41967739,  -33.87320055,    9.60049131,    4.42063761,      3.38349799,   11.57300825,   14.08045661,    8.15087394,     13.97918547,   27.57630544,   56.40499279,   23.84333056,      3.59586877], [  -51.30386039,   -3.56170999,   -5.19382744,    3.66456312,     11.57811188,    7.07262426,   15.37907511,   13.77720154,     14.92753224,    8.61832589,   23.84333056,   56.29075682,     20.02322376], [  -36.28333788,    8.88556202,  -16.56679358,   -3.65399274,      3.51106093,    7.60447961,   11.60416441,    7.13384995,      3.47660121,    3.95585926,    3.59586877,   20.02322376,     46.71398294]]
/root/sim/music/out/AC_DC/Ballbreaker/09 C.aught With Your Pants Down.mp3; [-574.08997   , 123.38257   ,  -3.7931147 ,  28.113266  ,  19.894793  ,   -2.0136042 ,  -5.5154877 ,  -2.0938976 ,   0.638714  ,  -2.7040982 ,   -6.5737724 ,  -0.77934164,  -2.0887792 ]; [[16030.89412939,  536.37566566, -523.45318031, -199.72763839,    -28.60356677, -191.43952599, -122.17014505, -117.61173115,   -148.66609186, -181.22273371, -306.25866706, -151.71791574,   -256.4640463 ], [  536.37566566, 1223.37190179, -145.37503335,  260.0928237 ,     26.65361417,   23.62845071,   14.25483612,  -40.30395531,    -31.15857974,  -57.25050793,  -84.27839859,  -17.75552925,    -26.35642139], [ -523.45318031, -145.37503335,  849.13405048,   92.04068532,     39.64612302,   47.19127527,    9.48160739,   31.99560911,    -33.19610845,   -8.77075051,   18.30152221,  -28.90700431,    -30.49175044], [ -199.72763839,  260.0928237 ,   92.04068532,  454.18378554,     55.81778483,   48.98005382,   12.88420202,   21.13447404,      9.73872619,   -3.88221408,   -9.78099592,   -4.53313565,    -15.03430503], [  -28.60356677,   26.65361417,   39.64612302,   55.81778483,    160.3625307 ,   18.21869416,   17.58774487,    8.72407774,     11.10138178,    1.46237416,  -20.49683122,    7.02542262,     -3.43280672], [ -191.43952599,   23.62845071,   47.19127527,   48.98005382,     18.21869416,  138.47109056,   54.5748433 ,    6.98006074,      0.05845612,    3.49781752,    9.50647146,   -0.28948069,      1.88468162], [ -122.17014505,   14.25483612,    9.48160739,   12.88420202,     17.58774487,   54.5748433 ,  121.69415794,   33.40942456,     -0.1304271 ,    7.18938869,   11.50883686,    8.72313126,      2.01087645], [ -117.61173115,  -40.30395531,   31.99560911,   21.13447404,      8.72407774,    6.98006074,   33.40942456,   84.12227708,     23.94831034,    8.01976654,   10.87377579,   11.18157036,      8.32820611], [ -148.66609186,  -31.15857974,  -33.19610845,    9.73872619,     11.10138178,    0.05845612,   -0.1304271 ,   23.94831034,     76.623458  ,   29.69331443,   11.54679543,   13.27642644,      7.66559081], [ -181.22273371,  -57.25050793,   -8.77075051,   -3.88221408,      1.46237416,    3.49781752,    7.18938869,    8.01976654,     29.69331443,   68.74831081,   30.09912619,    8.81752673,      5.28328513], [ -306.25866706,  -84.27839859,   18.30152221,   -9.78099592,    -20.49683122,    9.50647146,   11.50883686,   10.87377579,     11.54679543,   30.09912619,   75.07638285,   23.86287255,      9.62910917], [ -151.71791574,  -17.75552925,  -28.90700431,   -4.53313565,      7.02542262,   -0.28948069,    8.72313126,   11.18157036,     13.27642644,    8.81752673,   23.86287255,   63.28796103,     26.8618316 ], [ -256.4640463 ,  -26.35642139,  -30.49175044,  -15.03430503,     -3.43280672,    1.88468162,    2.01087645,    8.32820611,      7.66559081,    5.28328513,    9.62910917,   26.8618316 ,     62.35441231]]
/root/sim/music/out/Air/不明なアルバム/Air ___ (______UP_.mp3; [-629.3933    , 137.75612   , -12.146722  ,   6.268412  ,  -6.04144   ,  -16.770838  ,   8.446904  ,  -4.75212   ,  -7.751245  ,   3.328064  ,  -15.72726   ,   4.13395   ,   0.14502718]; [[16621.80362348, 1393.61475284,  666.04539851, 1017.42117648,    246.4956774 ,  484.30370733,  404.94179793,  371.98239228,    -23.5176051 ,   11.74127585, -170.05881354, -380.87535159,   -280.81840743], [ 1393.61475284, 1811.80513144,  -67.20768771,  169.52697032,    113.18359434,  138.73698034,   48.14266842,  -64.35583753,   -129.97359264,  -51.92654827,  -92.9092754 , -164.68234134,   -163.36107534], [  666.04539851,  -67.20768771,  775.07608353,  174.40445842,    193.03270176,  263.78582862,  -36.43655643,   98.14011804,     46.81268339,  -94.94096722,  101.85753407, -129.41781165,   -123.88872412], [ 1017.42117648,  169.52697032,  174.40445842,  513.78685228,    181.77278789,  141.10391606,   -6.36115287,  175.78516299,     57.46059447,  -64.95455849,   68.88081354,  -53.23345987,    -69.71190444], [  246.4956774 ,  113.18359434,  193.03270176,  181.77278789,    300.38171848,    7.89061621,  -45.74153853,   74.57830609,     43.83075468,  -57.65707518,   26.99192584,  -10.30174721,    -93.46288326], [  484.30370733,  138.73698034,  263.78582862,  141.10391606,      7.89061621,  564.117303  ,  104.31585471,  103.38551989,     55.25394828,   38.36244412,   82.96700949, -191.44466991,    -25.9860442 ], [  404.94179793,   48.14266842,  -36.43655643,   -6.36115287,    -45.74153853,  104.31585471,  323.09623991,   24.43044854,     -1.20166401,  144.47617584,  -35.55487725,   23.45899654,     83.38345773], [  371.98239228,  -64.35583753,   98.14011804,  175.78516299,     74.57830609,  103.38551989,   24.43044854,  193.0428147 ,     89.63031082,    2.67977905,   41.83332474,  -22.29271802,     10.49392761], [  -23.5176051 , -129.97359264,   46.81268339,   57.46059447,     43.83075468,   55.25394828,   -1.20166401,   89.63031082,    162.2854805 ,   21.10975822,   48.4587145 ,  -13.15936695,     31.27065392], [   11.74127585,  -51.92654827,  -94.94096722,  -64.95455849,    -57.65707518,   38.36244412,  144.47617584,    2.67977905,     21.10975822,  199.64876965,    5.21965956,   64.59791369,     84.44661952], [ -170.05881354,  -92.9092754 ,  101.85753407,   68.88081354,     26.99192584,   82.96700949,  -35.55487725,   41.83332474,     48.4587145 ,    5.21965956,  216.79696722,   61.69672314,     32.3672415 ], [ -380.87535159, -164.68234134, -129.41781165,  -53.23345987,    -10.30174721, -191.44466991,   23.45899654,  -22.29271802,    -13.15936695,   64.59791369,   61.69672314,  318.45185367,    146.35356289], [ -280.81840743, -163.36107534, -123.88872412,  -69.71190444,    -93.46288326,  -25.9860442 ,   83.38345773,   10.49392761,     31.27065392,   84.44661952,   32.3672415 ,  146.35356289,    248.72642361]]
/root/sim/music/out/Air/不明なアルバム/_AIR___________.mp3; [-543.43634   ,  90.33889   ,   5.1113853 ,  27.230799  ,  -1.1891341 ,    5.2469187 ,   3.4619355 ,   2.2665265 ,  -1.551402  ,   1.6233604 ,   -2.5014865 ,   0.84521955,  -0.43080232]; [[14091.06965609,-1192.08535845,  443.92532697,  515.41789424,    346.10949778,  334.25585019,  232.60236214,  116.42493905,     58.16129884,  233.26339894,  120.30674081,  -14.12498128,     98.27025275], [-1192.08535845,  948.78000923, -222.16656609,  -30.4864537 ,    -84.19264009,  -77.14677083,   -2.39177671,  -38.36953802,     -7.00672768,  -16.63191072,  -54.45235039,    9.42971857,    -21.87240782], [  443.92532697, -222.16656609,  353.67656493,   38.2986737 ,     63.28183999,   56.39803573,  -19.43049856,   17.71710659,     18.07820395,   -0.91191183,   37.67909769,    9.71375399,     -0.2055962 ], [  515.41789424,  -30.4864537 ,   38.2986737 ,  192.96661977,     73.96847148,  -13.09732165,   11.91231069,   25.67516446,     17.58036132,    8.22158902,   20.19688499,   31.46785281,      1.60280776], [  346.10949778,  -84.19264009,   63.28183999,   73.96847148,    163.98262335,   35.37906398,    1.97157376,   19.39327416,     23.20150645,    8.54014123,   23.11087213,   18.73721404,      0.97651124], [  334.25585019,  -77.14677083,   56.39803573,  -13.09732165,     35.37906398,  172.15394715,   30.55108036,   20.59191958,     16.21951976,   20.48416358,   28.09204257,   -9.7318661 ,      9.21015297], [  232.60236214,   -2.39177671,  -19.43049856,   11.91231069,      1.97157376,   30.55108036,  150.88360335,   21.59856473,     12.03658829,   54.1319974 ,   -3.25551504,   -0.82271606,     30.67720214], [  116.42493905,  -38.36953802,   17.71710659,   25.67516446,     19.39327416,   20.59191958,   21.59856473,   87.66973863,     36.29922123,    3.27210919,    6.78277472,    5.86799081,      5.95989564], [   58.16129884,   -7.00672768,   18.07820395,   17.58036132,     23.20150645,   16.21951976,   12.03658829,   36.29922123,     75.40380104,   26.48979756,    8.62918511,    3.38956199,      4.02561141], [  233.26339894,  -16.63191072,   -0.91191183,    8.22158902,      8.54014123,   20.48416358,   54.1319974 ,    3.27210919,     26.48979756,   93.61326127,   21.13952441,   -7.45917066,     16.6592183 ], [  120.30674081,  -54.45235039,   37.67909769,   20.19688499,     23.11087213,   28.09204257,   -3.25551504,    6.78277472,      8.62918511,   21.13952441,   79.18184649,   28.6605059 ,     -0.24242754], [  -14.12498128,    9.42971857,    9.71375399,   31.46785281,     18.73721404,   -9.7318661 ,   -0.82271606,    5.86799081,      3.38956199,   -7.45917066,   28.6605059 ,   70.61996869,     15.09113649], [   98.27025275,  -21.87240782,   -0.2055962 ,    1.60280776,      0.97651124,    9.21015297,   30.67720214,    5.95989564,      4.02561141,   16.6592183 ,   -0.24242754,   15.09113649,     63.15297208]]
