/root/sim/music/out/斉藤和義/歌うたい25 SINGLES BEST 2008～2017 [Disc 1]/1-10 満男、飛ぶ.mp3; [-518.34015   , 113.76017   ,   9.916222  ,  14.039526  ,   8.627439  ,    2.0054564 ,  -0.9581304 ,   5.2565413 ,  -4.6827807 ,   7.028098  ,    0.67507845,   0.60229737,   0.48353854]; [[12687.98555879, -525.02718099,  -18.98577299, -375.32649272,   -255.33999709, -195.8023946 , -280.21597435,  123.36551373,   -104.59835053,  169.48212611,   78.92817367,   53.90217944,     -0.16690423], [ -525.02718099,  926.13055092, -174.31663133,  104.37070084,     54.95597375,   12.48049038,  103.00384569,   -5.25775728,     37.81968594,   28.57832802,   19.17438834,   17.70211659,     18.02648975], [  -18.98577299, -174.31663133,  374.85070333,  -15.14806366,     13.78323752,   47.39110711,    2.62796261,   31.53218719,    -39.99836498,  -11.89868466,   -0.40146062,   27.40666528,     31.69435743], [ -375.32649272,  104.37070084,  -15.14806366,  246.22503431,     61.9761783 ,    8.42485027,   34.10644347,    7.97987844,     43.44466206,  -32.61333088,   -0.28858129,   17.29080692,     13.48930729], [ -255.33999709,   54.95597375,   13.78323752,   61.9761783 ,    166.40700408,   35.26781823,   12.28292056,    9.99597515,     23.6016937 ,   25.15828188,   -5.52277641,    5.33904143,      8.19945314], [ -195.8023946 ,   12.48049038,   47.39110711,    8.42485027,     35.26781823,  141.2016364 ,   60.78630601,  -17.65209499,     10.01270771,   16.71653289,   16.56053804,  -18.69943349,      3.30329207], [ -280.21597435,  103.00384569,    2.62796261,   34.10644347,     12.28292056,   60.78630601,  156.66384836,   21.91566878,     12.57658251,    5.21873185,   20.91434418,    2.70149064,     -0.85500996], [  123.36551373,   -5.25775728,   31.53218719,    7.97987844,      9.99597515,  -17.65209499,   21.91566878,  105.77654848,     15.06191254,    9.6090667 ,    2.60929733,   23.96417134,      6.11446354], [ -104.59835053,   37.81968594,  -39.99836498,   43.44466206,     23.6016937 ,   10.01270771,   12.57658251,   15.06191254,     96.7681013 ,   27.19907793,    5.15407767,   -4.6366357 ,     -3.11349907], [  169.48212611,   28.57832802,  -11.89868466,  -32.61333088,     25.15828188,   16.71653289,    5.21873185,    9.6090667 ,     27.19907793,  105.35361013,   37.72401523,    1.72412574,    -16.00500494], [   78.92817367,   19.17438834,   -0.40146062,   -0.28858129,     -5.52277641,   16.56053804,   20.91434418,    2.60929733,      5.15407767,   37.72401523,   77.88212952,   21.47420105,    -11.10830058], [   53.90217944,   17.70211659,   27.40666528,   17.29080692,      5.33904143,  -18.69943349,    2.70149064,   23.96417134,     -4.6366357 ,    1.72412574,   21.47420105,   74.70092762,     22.92185383], [   -0.16690423,   18.02648975,   31.69435743,   13.48930729,      8.19945314,    3.30329207,   -0.85500996,    6.11446354,     -3.11349907,  -16.00500494,  -11.10830058,   22.92185383,     73.77945711]]
/root/sim/music/out/斉藤和義/歌うたい25 SINGLES BEST 2008～2017 [Disc 1]/1-12 ひまわりの夢.mp3; [-545.6982    , 108.923676  ,  16.403482  ,  12.109315  ,   8.247799  ,   19.49364   ,  12.005161  ,  10.782215  ,  -0.13244668,  -0.04135812,   -3.0406156 ,   2.2984934 ,   3.442365  ]; [[18960.91280895,  104.0963725 , -704.00931844, -320.38608933,    -15.25690155,  408.33533402,  265.34212107,  -28.88491566,   -337.01989357,  -53.19047464, -184.71984914, -156.59162517,   -221.32966793], [  104.0963725 ,  762.10578712,  -39.33045601,  -43.74790971,    -39.43118012,  -33.59999966,   12.12919394,   33.23400353,     10.13493469,   -8.90473238,   15.1977645 ,   17.83657444,     36.71555552], [ -704.00931844,  -39.33045601,  341.456178  ,   93.0957227 ,     23.38925165,   -3.23082066,  -55.8512137 ,   10.86646285,     53.38250623,   -7.17708722,    3.73870479,   36.79474001,     29.61614939], [ -320.38608933,  -43.74790971,   93.0957227 ,  245.81087686,     43.29775953,  -28.49086256,  -48.36515241,    7.85608498,     42.28225529,   13.43495511,  -15.19705201,    3.96421768,     11.74977422], [  -15.25690155,  -39.43118012,   23.38925165,   43.29775953,    113.7461648 ,   27.33699371,   -3.86319707,  -15.06668723,      8.09494122,   -3.80632506,   -1.62665495,    2.17552391,     -5.74722068], [  408.33533402,  -33.59999966,   -3.23082066,  -28.49086256,     27.33699371,  157.0049697 ,   69.97688723,   15.14318861,     -0.70167461,  -17.22185115,    6.01701901,   -6.00354682,    -28.31393981], [  265.34212107,   12.12919394,  -55.8512137 ,  -48.36515241,     -3.86319707,   69.97688723,  136.03097777,   44.84157531,    -22.26733286,  -20.71088853,    3.24949538,   -4.39177096,     -9.83716147], [  -28.88491566,   33.23400353,   10.86646285,    7.85608498,    -15.06668723,   15.14318861,   44.84157531,   85.25419315,     31.04799095,   -6.60055858,  -12.34961077,   -1.84724679,      7.24392438], [ -337.01989357,   10.13493469,   53.38250623,   42.28225529,      8.09494122,   -0.70167461,  -22.26733286,   31.04799095,     96.91752964,   27.89293594,   -6.32555103,    0.77885015,      2.00900899], [  -53.19047464,   -8.90473238,   -7.17708722,   13.43495511,     -3.80632506,  -17.22185115,  -20.71088853,   -6.60055858,     27.89293594,   84.73950855,   22.51236241,  -15.15604101,    -16.89261842], [ -184.71984914,   15.1977645 ,    3.73870479,  -15.19705201,     -1.62665495,    6.01701901,    3.24949538,  -12.34961077,     -6.32555103,   22.51236241,   65.63933776,   19.5333188 ,    -10.47758397], [ -156.59162517,   17.83657444,   36.79474001,    3.96421768,      2.17552391,   -6.00354682,   -4.39177096,   -1.84724679,      0.77885015,  -15.15604101,   19.5333188 ,   69.34647909,     34.30334962], [ -221.32966793,   36.71555552,   29.61614939,   11.74977422,     -5.74722068,  -28.31393981,   -9.83716147,    7.24392438,      2.00900899,  -16.89261842,  -10.47758397,   34.30334962,     81.60707976]]
/root/sim/music/out/斉藤和義/歌うたい25 SINGLES BEST 2008～2017 [Disc 1]/1-11 月光.mp3; [-488.64386   , 119.57858   ,  -0.47206283,   7.1728716 ,   3.9648056 ,    5.560271  ,   7.1603427 ,   3.2377625 ,  -2.6250868 ,  -0.8761292 ,    0.49542978,  -1.3463273 ,  -2.416979  ]; [[11450.00135183,  -77.83578318, -648.16049925, -398.08450361,   -189.19720572, -109.91923029,   19.03396231,  102.60211338,    -16.38336655,  102.25160889,   52.88805271,    6.19982386,     14.96570561], [  -77.83578318,  571.53523006,   56.51683271,   90.16430846,    -33.37324887,   14.72890183,   -6.72920336,  -14.17434509,      6.03981952,   -9.43392294,   -2.05081194,    2.76253832,      3.70796315], [ -648.16049925,   56.51683271,  250.32297879,   38.71583995,     25.40962744,   30.28230508,  -11.39109743,    7.65460569,     -7.89913218,   -9.00137458,   -8.55596356,   16.74036005,     27.46045828], [ -398.08450361,   90.16430846,   38.71583995,  148.64011086,     22.77228714,   13.94124003,   -6.62491281,   -0.72839848,     11.3054513 ,   -8.57429082,  -10.97500874,    0.33190265,     20.14185963], [ -189.19720572,  -33.37324887,   25.40962744,   22.77228714,    134.33339421,   13.45982532,   18.7243723 ,  -11.78258552,     15.26586235,   -4.34269402,   12.65925593,    9.72929511,     -6.97501492], [ -109.91923029,   14.72890183,   30.28230508,   13.94124003,     13.45982532,   80.99607271,   21.10065496,   10.75467906,      1.19849963,   11.68128454,    9.21643636,    4.88007357,      4.2930096 ], [   19.03396231,   -6.72920336,  -11.39109743,   -6.62491281,     18.7243723 ,   21.10065496,   78.7693823 ,   20.6043579 ,     11.7176515 ,   -3.43317928,   17.5423566 ,    7.24781596,     -1.6334509 ], [  102.60211338,  -14.17434509,    7.65460569,   -0.72839848,    -11.78258552,   10.75467906,   20.6043579 ,   64.46585965,     15.88836513,   14.05783435,    2.58581801,    7.56852371,     11.72658389], [  -16.38336655,    6.03981952,   -7.89913218,   11.3054513 ,     15.26586235,    1.19849963,   11.7176515 ,   15.88836513,     57.25832565,   19.05632055,    9.30167598,    3.39207156,      5.2601854 ], [  102.25160889,   -9.43392294,   -9.00137458,   -8.57429082,     -4.34269402,   11.68128454,   -3.43317928,   14.05783435,     19.05632055,   65.19282569,   21.88539729,    6.20525382,     -2.35408224], [   52.88805271,   -2.05081194,   -8.55596356,  -10.97500874,     12.65925593,    9.21643636,   17.5423566 ,    2.58581801,      9.30167598,   21.88539729,   57.10266893,   18.43825275,      0.88819263], [    6.19982386,    2.76253832,   16.74036005,    0.33190265,      9.72929511,    4.88007357,    7.24781596,    7.56852371,      3.39207156,    6.20525382,   18.43825275,   47.84536948,     21.57973245], [   14.96570561,    3.70796315,   27.46045828,   20.14185963,     -6.97501492,    4.2930096 ,   -1.6334509 ,   11.72658389,      5.2601854 ,   -2.35408224,    0.88819263,   21.57973245,     61.95199045]]
/root/sim/music/out/斉藤和義/歌うたい25 SINGLES BEST 2008～2017 [Disc 1]/1-14 Always.mp3; [-503.67822   , 115.64006   ,   2.5122213 ,  23.114372  ,   2.1941137 ,    6.397461  ,   0.41875395,  12.301341  ,   0.5136165 ,   2.9081264 ,   -1.267101  ,   3.042578  ,   1.162737  ]; [[12051.6910438 ,  995.87008238,   89.83086787,  -42.52671671,   -141.04199569, -130.61136462, -139.41427192,   46.54299935,   -109.82336319,   17.77809823,  -40.45865386,   44.34918575,    -34.71819281], [  995.87008238,  736.49067331,   49.76337749,   95.8139301 ,     32.14337903,   20.87738862,   30.59887128,   26.12081979,      5.12289804,   -5.90092375,    0.68336904,    3.23929004,      7.67190225], [   89.83086787,   49.76337749,  351.47958928,   38.09537874,     54.4389899 ,   15.61985479,    8.22819739,   15.91611896,     -0.58372838,   -1.89930383,    0.8811943 ,   23.6978023 ,     20.43409434], [  -42.52671671,   95.8139301 ,   38.09537874,  226.04206537,     56.58126544,   22.05254977,    3.19196287,    0.53761898,     12.82082126,  -18.33860586,   -1.22033213,    0.28369826,     25.65136759], [ -141.04199569,   32.14337903,   54.4389899 ,   56.58126544,    113.23754903,   23.74632556,   13.78892815,    8.73318185,     12.99805716,   -0.1221937 ,   -8.31698762,   -4.81865313,      2.87813351], [ -130.61136462,   20.87738862,   15.61985479,   22.05254977,     23.74632556,   76.61292596,   32.71662327,    8.72076656,      1.75218634,    7.66337438,    5.47952575,   -4.40898297,     -5.17067653], [ -139.41427192,   30.59887128,    8.22819739,    3.19196287,     13.78892815,   32.71662327,   84.7392234 ,   19.37571676,      9.50780628,   -8.24789305,    9.76315645,   -5.68247525,      1.26003208], [   46.54299935,   26.12081979,   15.91611896,    0.53761898,      8.73318185,    8.72076656,   19.37571676,   62.35506363,     15.4457435 ,   13.33631153,   -1.94045647,    7.31541794,      0.14035259], [ -109.82336319,    5.12289804,   -0.58372838,   12.82082126,     12.99805716,    1.75218634,    9.50780628,   15.4457435 ,     55.1603816 ,   14.4132104 ,    2.08935793,   -6.45420237,      1.69554718], [   17.77809823,   -5.90092375,   -1.89930383,  -18.33860586,     -0.1221937 ,    7.66337438,   -8.24789305,   13.33631153,     14.4132104 ,   68.39507047,   21.65182532,    5.21180936,    -17.76703256], [  -40.45865386,    0.68336904,    0.8811943 ,   -1.22033213,     -8.31698762,    5.47952575,    9.76315645,   -1.94045647,      2.08935793,   21.65182532,   51.77177428,   16.04529498,     -2.44972318], [   44.34918575,    3.23929004,   23.6978023 ,    0.28369826,     -4.81865313,   -4.40898297,   -5.68247525,    7.31541794,     -6.45420237,    5.21180936,   16.04529498,   51.79660721,     18.27366592], [  -34.71819281,    7.67190225,   20.43409434,   25.65136759,      2.87813351,   -5.17067653,    1.26003208,    0.14035259,      1.69554718,  -17.76703256,   -2.44972318,   18.27366592,     52.40439872]]
/root/sim/music/out/斉藤和義/歌うたい25 SINGLES BEST 2008～2017 [Disc 1]/1-08 雨宿り.mp3; [-729.3573    , 226.67314   ,   7.878399  ,  -9.392088  ,   0.09118423,   -7.4961467 , -19.950014  ,  -3.3416216 , -14.010288  ,  -0.5433161 ,  -15.192955  ,   0.27513617,  -0.8906798 ]; [[17360.75903298,-3913.22655348, -415.47544543,  -26.53053001,   -452.52879977, -427.05044718, -651.94301023,  156.30077121,   -701.85751261,  451.82272871, -598.20346467,  315.07252304,    -30.32999922], [-3913.22655348, 4167.77811834, -983.10767647, -213.58543015,    290.49014133,   28.83479959,  164.97260554, -168.17197589,    188.55645659, -261.53562118,  173.75029827, -200.8751291 ,     37.51854978], [ -415.47544543, -983.10767647, 1098.1530254 ,  -90.31837653,    -71.97460153,  160.40463196,   13.49516962,  114.54638029,    -13.39051394,  109.05173782,    8.91894183,   60.62050386,      6.46656187], [  -26.53053001, -213.58543015,  -90.31837653,  354.19042585,     16.7033494 ,  -17.93061667,   16.21855614,   12.63402078,     60.29782356,  -36.90939683,    5.82589852,   10.9330076 ,     -2.08263394], [ -452.52879977,  290.49014133,  -71.97460153,   16.7033494 ,    172.96767432,    6.64541853,    6.81406686,    7.14305846,     32.99200019,  -15.10240586,   17.52449778,    6.08221319,    -13.01771156], [ -427.05044718,   28.83479959,  160.40463196,  -17.93061667,      6.64541853,  154.83604818,   34.2058335 ,   15.37658302,     27.68889489,   13.15443059,   40.68652359,   11.0429717 ,     -8.86096795], [ -651.94301023,  164.97260554,   13.49516962,   16.21855614,      6.81406686,   34.2058335 ,  152.97000417,   -9.26045744,     50.67315329,   -5.35282771,   54.6938755 ,   -9.5097655 ,    -10.11948749], [  156.30077121, -168.17197589,  114.54638029,   12.63402078,      7.14305846,   15.37658302,   -9.26045744,  131.87012292,    -30.73823195,   13.80929731,  -19.61974095,    8.99727635,     18.32836133], [ -701.85751261,  188.55645659,  -13.39051394,   60.29782356,     32.99200019,   27.68889489,   50.67315329,  -30.73823195,    144.79722903,  -10.50138518,   35.81065429,  -14.11168038,    -13.53492617], [  451.82272871, -261.53562118,  109.05173782,  -36.90939683,    -15.10240586,   13.15443059,   -5.35282771,   13.80929731,    -10.50138518,  137.39352308,   -8.05003396,   25.18346789,     -4.06260646], [ -598.20346467,  173.75029827,    8.91894183,    5.82589852,     17.52449778,   40.68652359,   54.6938755 ,  -19.61974095,     35.81065429,   -8.05003396,  110.99241376,    2.9001421 ,     -8.23656344], [  315.07252304, -200.8751291 ,   60.62050386,   10.9330076 ,      6.08221319,   11.0429717 ,   -9.5097655 ,    8.99727635,    -14.11168038,   25.18346789,    2.9001421 ,   99.77116591,     -9.64971091], [  -30.32999922,   37.51854978,    6.46656187,   -2.08263394,    -13.01771156,   -8.86096795,  -10.11948749,   18.32836133,    -13.53492617,   -4.06260646,   -8.23656344,   -9.64971091,     79.37860604]]
/root/sim/music/out/斉藤和義/斉藤/04 メトロに乗って.mp3; [-506.17938   , 115.06372   ,  11.048272  ,  19.750774  ,   3.7416546 ,    2.2733896 ,   3.8930027 ,   2.842119  ,  -4.3214474 ,   0.47596973,   -0.38514802,  -4.485985  ,  -0.96666855]; [[12627.50576165, -473.64847444,  -11.13158566, -408.20742705,   -425.11211247,  -64.77914034,   76.17626265,    2.15666234,   -116.64945442,  114.05799523,  118.19288188,   -6.35558128,    -22.02050991], [ -473.64847444,  804.38888   , -121.07228188,   88.89623815,     52.80626301,  -22.70180382,   -9.59449774,   15.31353577,     14.92003326,  -16.13559207,    9.70195093,    6.68651286,     17.40213427], [  -11.13158566, -121.07228188,  256.40249223,  -17.19488517,     31.08582336,   22.4382548 ,    2.31889774,   11.9103022 ,     -2.55970891,    9.04950417,    4.04593675,   27.97896451,     22.75400867], [ -408.20742705,   88.89623815,  -17.19488517,  201.26020767,     55.98021327,   10.38447313,  -22.77590433,    2.78899819,     10.05273189,  -20.94028371,  -23.95898606,   -3.58285451,     17.0326615 ], [ -425.11211247,   52.80626301,   31.08582336,   55.98021327,    137.07355044,   26.74714789,   -5.59015802,   -3.75437081,      7.37275936,    4.28654756,   -1.11825376,    0.71610493,      7.85868215], [  -64.77914034,  -22.70180382,   22.4382548 ,   10.38447313,     26.74714789,   88.95743847,   30.20616588,    5.93300876,     -1.49823454,   -0.50610405,   12.45895658,    2.21084481,      1.3301473 ], [   76.17626265,   -9.59449774,    2.31889774,  -22.77590433,     -5.59015802,   30.20616588,   98.81848544,   26.16958758,      7.11197201,   -5.08532563,   17.69421175,    3.69620549,     -1.73134397], [    2.15666234,   15.31353577,   11.9103022 ,    2.78899819,     -3.75437081,    5.93300876,   26.16958758,   70.96281852,     25.55382013,    3.08311758,    0.28536387,    4.61155788,     -1.36214397], [ -116.64945442,   14.92003326,   -2.55970891,   10.05273189,      7.37275936,   -1.49823454,    7.11197201,   25.55382013,     80.39033045,   10.30323463,   -1.79480224,   -8.70532862,     -7.31540095], [  114.05799523,  -16.13559207,    9.04950417,  -20.94028371,      4.28654756,   -0.50610405,   -5.08532563,    3.08311758,     10.30323463,   90.8247273 ,   24.79233548,   -2.92342535,     -9.16664049], [  118.19288188,    9.70195093,    4.04593675,  -23.95898606,     -1.11825376,   12.45895658,   17.69421175,    0.28536387,     -1.79480224,   24.79233548,   71.86370735,   23.62747566,     -3.97900031], [   -6.35558128,    6.68651286,   27.97896451,   -3.58285451,      0.71610493,    2.21084481,    3.69620549,    4.61155788,     -8.70532862,   -2.92342535,   23.62747566,   63.50914496,     23.69033476], [  -22.02050991,   17.40213427,   22.75400867,   17.0326615 ,      7.85868215,    1.3301473 ,   -1.73134397,   -1.36214397,     -7.31540095,   -9.16664049,   -3.97900031,   23.69033476,     66.85214411]]
/root/sim/music/out/斉藤和義/斉藤/02 Hello! Everybody!.mp3; [-497.52927   , 114.45333   ,   3.8581507 ,  16.493221  ,   6.030831  ,    0.13550626,  -1.7132831 ,   5.8876767 ,  -1.0241916 ,   2.6396623 ,   -1.2141099 ,   1.1530973 ,  -1.3065662 ]; [[8521.97749281, 488.74648738,-146.85095142, -60.23492179,  51.09175792,   -43.96417822, -84.1495903 ,  23.0251267 , -70.5890943 ,   3.49102944,   -74.50307952, -25.06433221, -53.24433678], [ 488.74648738, 342.67188715, -71.99669211,   1.86909639,   1.0886349 ,   -23.92474571, -13.74787932, -12.16815979,  -8.34039511, -13.80125864,   -10.89323689,  -6.94291968,  -8.00379971], [-146.85095142, -71.99669211, 265.14530425,  23.73579277,  -0.27761405,    16.27788581,  16.91726347,   4.19233968,  28.4592419 ,  -3.4704032 ,    11.34581106,   8.34384394,  27.56648006], [ -60.23492179,   1.86909639,  23.73579277, 142.6460086 ,  29.17437223,    -3.50860075, -15.1032888 ,  -6.42787299,  14.2361805 ,  -5.91140836,    -7.73358749,  -5.15632155,  16.13235866], [  51.09175792,   1.0886349 ,  -0.27761405,  29.17437223, 104.25997373,    16.88178718,  -1.33920682,  -2.18420058,  10.31848995,  -4.52300988,    -9.78015335,  -0.72045876,   2.30765155], [ -43.96417822, -23.92474571,  16.27788581,  -3.50860075,  16.88178718,    75.3314015 ,  36.02500203,   7.99422767,  -3.21788637,  -2.06302867,     1.98485078,   3.09170856,  -1.36679337], [ -84.1495903 , -13.74787932,  16.91726347, -15.1032888 ,  -1.33920682,    36.02500203,  87.07173724,  27.45981955,   4.3031295 ,  -4.87317777,    10.40645967,   6.75309815,   2.46282578], [  23.0251267 , -12.16815979,   4.19233968,  -6.42787299,  -2.18420058,     7.99422767,  27.45981955,  57.44128931,  15.18749525,   5.42283067,     1.82761343,   6.47179435,   2.09514485], [ -70.5890943 ,  -8.34039511,  28.4592419 ,  14.2361805 ,  10.31848995,    -3.21788637,   4.3031295 ,  15.18749525,  62.20465445,  20.57766589,     8.11970412,  -4.59298646,   8.98735288], [   3.49102944, -13.80125864,  -3.4704032 ,  -5.91140836,  -4.52300988,    -2.06302867,  -4.87317777,   5.42283067,  20.57766589,  64.80394053,    22.60390548,   1.70997866,  -8.8956677 ], [ -74.50307952, -10.89323689,  11.34581106,  -7.73358749,  -9.78015335,     1.98485078,  10.40645967,   1.82761343,   8.11970412,  22.60390548,    54.63342444,  17.11310284,   0.4804937 ], [ -25.06433221,  -6.94291968,   8.34384394,  -5.15632155,  -0.72045876,     3.09170856,   6.75309815,   6.47179435,  -4.59298646,   1.70997866,    17.11310284,  45.04635558,  16.63021549], [ -53.24433678,  -8.00379971,  27.56648006,  16.13235866,   2.30765155,    -1.36679337,   2.46282578,   2.09514485,   8.98735288,  -8.8956677 ,     0.4804937 ,  16.63021549,  54.60428663]]
/root/sim/music/out/斉藤和義/斉藤/10 月光.mp3; [-488.99042   , 118.95143   ,  -0.8546615 ,   8.014724  ,   3.4262576 ,    3.5427568 ,   5.454106  ,   2.2891192 ,  -2.3919463 ,  -0.6858408 ,    0.16584726,  -2.1316793 ,  -2.9511328 ]; [[10365.20290651, -209.48442586, -621.00167656, -368.73370273,   -191.98098791, -119.22479473,    2.40098543,   95.33100584,     -4.32524122,  105.54504032,   55.56442501,    7.03143921,     22.54746642], [ -209.48442586,  534.24861364,   48.26386129,   86.66216749,    -31.72655872,   11.85977931,   -7.95320748,  -15.7158955 ,      6.50794205,   -9.96839808,   -3.47849319,    0.96183444,      1.84318494], [ -621.00167656,   48.26386129,  237.88083039,   31.90213111,     21.81521239,   29.1493189 ,  -12.54047489,    9.70474714,     -9.35749707,   -8.84336312,   -8.43872111,   15.7891039 ,     25.6477749 ], [ -368.73370273,   86.66216749,   31.90213111,  144.22646535,     18.11067503,   11.97208242,   -6.56094823,   -0.56060051,     10.90923521,   -8.14164846,  -10.84690707,   -0.05572796,     20.29215241], [ -191.98098791,  -31.72655872,   21.81521239,   18.11067503,    136.14821228,   10.70363781,   17.46228351,  -12.70773393,     13.90617301,   -4.14483489,   12.28102613,   10.27869903,     -9.36827506], [ -119.22479473,   11.85977931,   29.1493189 ,   11.97208242,     10.70363781,   81.59203916,   19.03226008,   11.09350614,      0.89373259,   11.8342417 ,    9.45567816,    4.23343049,      4.47181825], [    2.40098543,   -7.95320748,  -12.54047489,   -6.56094823,     17.46228351,   19.03226008,   78.86470731,   18.84936202,     11.6922948 ,   -3.54576198,   17.08406148,    7.26373813,     -2.78831569], [   95.33100584,  -15.7158955 ,    9.70474714,   -0.56060051,    -12.70773393,   11.09350614,   18.84936202,   65.0040585 ,     14.79650571,   13.62894199,    2.58972575,    6.83651858,     12.45585806], [   -4.32524122,    6.50794205,   -9.35749707,   10.90923521,     13.90617301,    0.89373259,   11.6922948 ,   14.79650571,     57.10275053,   18.33569317,    8.63537046,    3.13608709,      4.91577914], [  105.54504032,   -9.96839808,   -8.84336312,   -8.14164846,     -4.14483489,   11.8342417 ,   -3.54576198,   13.62894199,     18.33569317,   65.3200446 ,   21.32094042,    5.41015089,     -1.91200597], [   55.56442501,   -3.47849319,   -8.43872111,  -10.84690707,     12.28102613,    9.45567816,   17.08406148,    2.58972575,      8.63537046,   21.32094042,   57.31542716,   17.77028688,      1.14753298], [    7.03143921,    0.96183444,   15.7891039 ,   -0.05572796,     10.27869903,    4.23343049,    7.26373813,    6.83651858,      3.13608709,    5.41015089,   17.77028688,   47.72254262,     20.83527629], [   22.54746642,    1.84318494,   25.6477749 ,   20.29215241,     -9.36827506,    4.47181825,   -2.78831569,   12.45585806,      4.91577914,   -1.91200597,    1.14753298,   20.83527629,     62.73352537]]
/root/sim/music/out/斉藤和義/斉藤/05 罪滅星.mp3; [-608.36115  , 147.03874  ,  16.068354 ,  32.06838  ,  13.268486 ,    4.4654026,  -2.7492766,   6.9314733,  -1.8006507,   6.103237 ,    0.3879209,  -3.2120435,  -2.7448146]; [[20760.07566846, -842.53647249, -907.73599217, -309.09215965,   -944.6799895 ,   95.91197129, -335.5538165 ,   -6.41388587,   -211.64030382,  176.96198504,  -55.50754497, -139.30986723,   -150.1583499 ], [ -842.53647249, 2545.35031444,  -22.35348632,   40.78811845,    379.30903697,  -91.33482366,   65.10304787,  140.13664984,     41.09579731,   30.68795414,   -0.82071963,  -32.03062593,      4.13397005], [ -907.73599217,  -22.35348632,  731.86436561,  148.38196386,    111.65409947,   83.31468081,   26.15436925,  -59.84084172,      9.47407515,  -49.54761848,  -34.20579507,   23.23816117,     14.1679427 ], [ -309.09215965,   40.78811845,  148.38196386,  346.68384255,    141.16122066,   45.29463592,   23.9111949 ,   -0.76393492,     19.45122011,  -36.61582146,  -17.05467492,   -9.96577162,      5.63523168], [ -944.6799895 ,  379.30903697,  111.65409947,  141.16122066,    292.20265578,   11.87759981,   28.64698205,   23.79518897,     28.19620269,  -26.62095992,  -22.40807319,  -11.70531869,      2.68588022], [   95.91197129,  -91.33482366,   83.31468081,   45.29463592,     11.87759981,  145.78706342,   63.66583315,  -20.40609003,      1.48903504,   -2.27505889,    6.38406511,   -6.26133122,    -10.28297905], [ -335.5538165 ,   65.10304787,   26.15436925,   23.9111949 ,     28.64698205,   63.66583315,  144.44776721,   21.10743393,      8.51581241,   -5.64748119,   30.62342456,   -0.85121457,     -8.06740093], [   -6.41388587,  140.13664984,  -59.84084172,   -0.76393492,     23.79518897,  -20.40609003,   21.10743393,  109.95527787,     26.3480647 ,    4.93960805,   -6.88757649,    7.55794797,     -3.82784993], [ -211.64030382,   41.09579731,    9.47407515,   19.45122011,     28.19620269,    1.48903504,    8.51581241,   26.3480647 ,     89.48887222,   17.34093745,   -1.47190047,   -5.62196746,     -0.3796061 ], [  176.96198504,   30.68795414,  -49.54761848,  -36.61582146,    -26.62095992,   -2.27505889,   -5.64748119,    4.93960805,     17.34093745,   89.39266062,   32.26008237,    0.08398716,     -9.86382751], [  -55.50754497,   -0.82071963,  -34.20579507,  -17.05467492,    -22.40807319,    6.38406511,   30.62342456,   -6.88757649,     -1.47190047,   32.26008237,   91.10387506,   32.13730309,     -4.99784222], [ -139.30986723,  -32.03062593,   23.23816117,   -9.96577162,    -11.70531869,   -6.26133122,   -0.85121457,    7.55794797,     -5.62196746,    0.08398716,   32.13730309,   75.50062363,     23.38985032], [ -150.1583499 ,    4.13397005,   14.1679427 ,    5.63523168,      2.68588022,  -10.28297905,   -8.06740093,   -3.82784993,     -0.3796061 ,   -9.86382751,   -4.99784222,   23.38985032,     62.44949895]]
/root/sim/music/out/斉藤和義/斉藤/08 パズル.mp3; [-584.0702   , 167.54213  ,   9.226289 ,  14.642918 ,   3.8374612,    1.034783 ,  -4.915232 ,  12.700488 ,   0.7231712,   6.372611 ,   -3.931702 ,  -1.5644518,  -2.8594706]; [[14793.23016827, -306.97559922,-1323.02561138, -509.16637298,   -195.13346768,   64.28467307, -134.19534726,  226.63708647,     80.21108703,  267.0174672 ,  144.39877662,   36.82501459,     69.39935951], [ -306.97559922, 1409.51184064,   41.28143239,    3.59075286,    -40.6077318 ,  -67.20669878,   59.07670878,   24.62650605,     16.63471591,    0.32386743,  -19.77068598,    6.6409485 ,    -17.48633606], [-1323.02561138,   41.28143239,  697.40879294,   32.09826492,    -29.3043466 ,   10.791928  ,  -40.55325588,   -2.99864067,    -67.08510626,  -11.25268808,   -9.74300223,   18.6873787 ,     -1.59083427], [ -509.16637298,    3.59075286,   32.09826492,  328.2888814 ,    116.5925868 ,   20.30678591,   15.68262927,  -25.18996842,     32.84416858,  -44.50544646,  -29.07680791,    7.84649748,     38.45396459], [ -195.13346768,  -40.6077318 ,  -29.3043466 ,  116.5925868 ,    224.45102022,   31.40855578,   10.85202539,  -22.42115062,     22.40864034,   -7.00617914,  -11.5514692 ,   24.1003906 ,     27.04532019], [   64.28467307,  -67.20669878,   10.791928  ,   20.30678591,     31.40855578,  150.75668387,   49.17888915,    3.44618511,      2.50581178,    9.00050974,   35.86531229,   22.34758182,      1.5850856 ], [ -134.19534726,   59.07670878,  -40.55325588,   15.68262927,     10.85202539,   49.17888915,  161.92183264,   23.87349527,     50.57033963,   -3.8860929 ,   19.11353233,   15.27767725,     -2.06663147], [  226.63708647,   24.62650605,   -2.99864067,  -25.18996842,    -22.42115062,    3.44618511,   23.87349527,  101.98083378,     25.93106652,   15.46083185,   -6.1584639 ,    0.40351285,      4.31648611], [   80.21108703,   16.63471591,  -67.08510626,   32.84416858,     22.40864034,    2.50581178,   50.57033963,   25.93106652,    139.68507362,   17.23181866,   -3.60013559,   -9.40790155,    -12.45138832], [  267.0174672 ,    0.32386743,  -11.25268808,  -44.50544646,     -7.00617914,    9.00050974,   -3.8860929 ,   15.46083185,     17.23181866,  102.98295144,   32.33968744,   -0.07757981,    -22.52325025], [  144.39877662,  -19.77068598,   -9.74300223,  -29.07680791,    -11.5514692 ,   35.86531229,   19.11353233,   -6.1584639 ,     -3.60013559,   32.33968744,   91.79926867,   22.84617829,     -8.62590368], [   36.82501459,    6.6409485 ,   18.6873787 ,    7.84649748,     24.1003906 ,   22.34758182,   15.27767725,    0.40351285,     -9.40790155,   -0.07757981,   22.84617829,   75.5034984 ,     29.88514285], [   69.39935951,  -17.48633606,   -1.59083427,   38.45396459,     27.04532019,    1.5850856 ,   -2.06663147,    4.31648611,    -12.45138832,  -22.52325025,   -8.62590368,   29.88514285,     92.51559214]]
/root/sim/music/out/斉藤和義/斉藤/09 かげろう.mp3; [-557.4241    , 153.5701    ,  -2.2918894 ,  10.414691  ,   1.8496544 ,    2.0829747 , -11.871121  ,   4.294043  ,  -3.4520001 ,   3.2497633 ,   -4.8337464 ,  -0.84919685,  -2.0582023 ]; [[10260.31468565,  163.48914104,  169.53975797, -178.33870407,    -99.46870655,  114.17436125, -132.58834734,  102.88320775,    -13.9822659 ,  190.80640485,    6.29676563,   39.86514056,     -9.28150377], [  163.48914104, 1215.37109175, -462.88161977,  118.39877426,     53.21566178,   24.45733195,   63.7711284 ,    3.57545839,     39.84751179,   -6.47990545,   13.2832965 ,   -8.24882221,     43.15313452], [  169.53975797, -462.88161977,  757.95125399,  -78.24243663,     -5.22736406,   18.01320574,  -74.47719555,   60.5260101 ,    -77.61147572,   20.72827635,   -8.34958507,   37.86311428,     -7.84992718], [ -178.33870407,  118.39877426,  -78.24243663,  180.13844699,     37.17114774,   -5.57691076,   18.72132374,   -1.89169346,     33.72503405,  -21.74323886,    2.78636379,   -2.64217979,     15.03004963], [  -99.46870655,   53.21566178,   -5.22736406,   37.17114774,    143.60583927,   29.69330645,   10.40930656,    3.83120683,     23.76427617,   13.14685525,   -2.72950171,    4.08621555,      6.19591156], [  114.17436125,   24.45733195,   18.01320574,   -5.57691076,     29.69330645,  125.80942388,   28.09645334,    5.6252815 ,     -1.52730617,   33.50133269,   21.2339189 ,    5.57437393,      7.65118617], [ -132.58834734,   63.7711284 ,  -74.47719555,   18.72132374,     10.40930656,   28.09645334,  135.63224455,    5.44068844,     28.38613937,  -10.8719827 ,   28.28470329,    3.41585835,      8.02165302], [  102.88320775,    3.57545839,   60.5260101 ,   -1.89169346,      3.83120683,    5.6252815 ,    5.44068844,  104.70208963,      0.87234695,   10.10536416,   -6.34125176,   12.02545452,      6.47300403], [  -13.9822659 ,   39.84751179,  -77.61147572,   33.72503405,     23.76427617,   -1.52730617,   28.38613937,    0.87234695,    109.06846027,   12.99032762,    8.14191424,  -12.53288396,      2.41759865], [  190.80640485,   -6.47990545,   20.72827635,  -21.74323886,     13.14685525,   33.50133269,  -10.8719827 ,   10.10536416,     12.99032762,  114.753995  ,   30.58872094,    9.51833126,     -6.01455839], [    6.29676563,   13.2832965 ,   -8.34958507,    2.78636379,     -2.72950171,   21.2339189 ,   28.28470329,   -6.34125176,      8.14191424,   30.58872094,   79.26247897,   18.96313613,      1.19240722], [   39.86514056,   -8.24882221,   37.86311428,   -2.64217979,      4.08621555,    5.57437393,    3.41585835,   12.02545452,    -12.53288396,    9.51833126,   18.96313613,   64.42005884,     17.31027793], [   -9.28150377,   43.15313452,   -7.84992718,   15.03004963,      6.19591156,    7.65118617,    8.02165302,    6.47300403,      2.41759865,   -6.01455839,    1.19240722,   17.31027793,     71.51683305]]
/root/sim/music/out/斉藤和義/斉藤/03 ワンモアタイム.mp3; [-503.79584   , 125.961044  ,  -8.98439   ,  10.9831505 ,   0.6362179 ,    1.390743  ,  -3.677218  ,   9.909037  ,  -1.7834659 ,   5.0673566 ,    0.6577033 ,   0.64250606,   0.8455047 ]; [[13537.20739426, -585.23928726, -479.85833731,  -63.83602102,    364.97509061,  322.07073487,  301.42987783,  433.95283249,    183.28792705,  355.73219393,  247.75472521,  272.59385756,    252.21362446], [ -585.23928726, 1093.41410501,  -92.84937146,  100.7289876 ,    -99.90445511,  -40.53691452,  -51.51115588,  -40.39885584,    -25.77788998,  -67.43913497,  -33.42107565,  -32.31431823,    -32.80188409], [ -479.85833731,  -92.84937146,  396.30263982,  -56.47159924,     22.18728467,  -12.32403656,    1.93825622,    2.53770766,    -33.25944215,    0.89329555,  -14.45656129,   -3.32592706,     -1.42494628], [  -63.83602102,  100.7289876 ,  -56.47159924,  188.30632849,     35.45005786,   16.94860679,  -11.53126003,  -15.30303823,     15.45081365,  -20.60653833,  -14.10388452,   -3.63389467,     20.80574616], [  364.97509061,  -99.90445511,   22.18728467,   35.45005786,    159.90456172,   42.88533527,   37.02682082,   27.61532556,     24.21781372,   23.30090588,   10.40158216,   26.02301607,     25.87530153], [  322.07073487,  -40.53691452,  -12.32403656,   16.94860679,     42.88533527,  120.43127286,   60.0881551 ,   38.27702518,     10.23208657,   25.95547918,   23.1669817 ,   15.35229708,      7.93768   ], [  301.42987783,  -51.51115588,    1.93825622,  -11.53126003,     37.02682082,   60.0881551 ,  125.41931488,   52.80794542,     26.91199896,   20.44698889,   26.51807589,   17.38596264,     12.02813825], [  433.95283249,  -40.39885584,    2.53770766,  -15.30303823,     27.61532556,   38.27702518,   52.80794542,   95.14686059,     29.19722603,   30.91570301,   14.72921814,   19.8380433 ,     15.12003153], [  183.28792705,  -25.77788998,  -33.25944215,   15.45081365,     24.21781372,   10.23208657,   26.91199896,   29.19722603,     75.7752331 ,   27.63807749,    9.0736491 ,    1.93141049,      7.30456018], [  355.73219393,  -67.43913497,    0.89329555,  -20.60653833,     23.30090588,   25.95547918,   20.44698889,   30.91570301,     27.63807749,   82.83072626,   31.44270885,   15.20454992,      0.61882158], [  247.75472521,  -33.42107565,  -14.45656129,  -14.10388452,     10.40158216,   23.1669817 ,   26.51807589,   14.72921814,      9.0736491 ,   31.44270885,   63.94158026,   29.46930855,      9.57172733], [  272.59385756,  -32.31431823,   -3.32592706,   -3.63389467,     26.02301607,   15.35229708,   17.38596264,   19.8380433 ,      1.93141049,   15.20454992,   29.46930855,   67.76834078,     30.88324675], [  252.21362446,  -32.80188409,   -1.42494628,   20.80574616,     25.87530153,    7.93768   ,   12.02813825,   15.12003153,      7.30456018,    0.61882158,    9.57172733,   30.88324675,     69.92169234]]
/root/sim/music/out/斉藤和義/斉藤/06 今夜、リンゴの木の下で.mp3; [-559.38727  , 142.51875  ,   0.5900074,  17.104086 ,  10.020488 ,   13.527116 ,  -4.426162 ,   3.5012815,  -3.8887224,   1.8438052,   -2.5815113,  -3.0662866,  -1.3758459]; [[16979.47383307,-1878.69450207, -875.3520926 , -827.13019973,  -1144.7983789 , -398.30340498, -575.6060206 , -344.61394505,   -519.03289965,   46.93524228,  128.58594484, -255.23186955,   -239.51990031], [-1878.69450207, 1660.09637053, -365.78772836,   69.38568365,    275.77447671,   20.83101904,  -10.44877948,    4.33384684,     64.16861031,  -89.08649814, -112.34675755,   37.2304888 ,     66.87514154], [ -875.3520926 , -365.78772836,  807.44435235,  105.67186587,     54.35956579,   74.25853054,  105.15924358,   51.13547002,     37.28279919,   84.04276605,   33.31401055,   60.8713856 ,     34.93178488], [ -827.13019973,   69.38568365,  105.67186587,  263.20238608,    125.03638437,   15.9272311 ,   40.82608019,   31.74071611,     43.17141716,   -8.70286794,  -16.87075816,   26.73776503,     29.10815601], [-1144.7983789 ,  275.77447671,   54.35956579,  125.03638437,    281.9408927 ,   32.25234242,   21.65119515,   25.1475678 ,     71.94244489,  -32.04822013,  -50.80713132,   36.62803069,     41.44785436], [ -398.30340498,   20.83101904,   74.25853054,   15.9272311 ,     32.25234242,  133.75548268,   57.05260265,   21.84757323,     21.24924518,    3.26000412,   21.35657477,    9.10238902,      8.49851605], [ -575.6060206 ,  -10.44877948,  105.15924358,   40.82608019,     21.65119515,   57.05260265,  150.48995036,   44.50776953,     29.49928627,    6.23238704,   33.34278973,    5.11060567,     -2.3746975 ], [ -344.61394505,    4.33384684,   51.13547002,   31.74071611,     25.1475678 ,   21.84757323,   44.50776953,   87.3667723 ,     31.22185782,   10.43659709,   11.22539448,    1.9393273 ,      3.61483409], [ -519.03289965,   64.16861031,   37.28279919,   43.17141716,     71.94244489,   21.24924518,   29.49928627,   31.22185782,    101.75695259,   13.94980132,   -3.89569199,   -0.62347633,      9.38870689], [   46.93524228,  -89.08649814,   84.04276605,   -8.70286794,    -32.04822013,    3.26000412,    6.23238704,   10.43659709,     13.94980132,  104.14918967,   39.2092034 ,   -4.79244239,    -15.18077533], [  128.58594484, -112.34675755,   33.31401055,  -16.87075816,    -50.80713132,   21.35657477,   33.34278973,   11.22539448,     -3.89569199,   39.2092034 ,   93.23612342,    4.83458107,    -19.58624901], [ -255.23186955,   37.2304888 ,   60.8713856 ,   26.73776503,     36.62803069,    9.10238902,    5.11060567,    1.9393273 ,     -0.62347633,   -4.79244239,    4.83458107,   89.20786587,     32.06756905], [ -239.51990031,   66.87514154,   34.93178488,   29.10815601,     41.44785436,    8.49851605,   -2.3746975 ,    3.61483409,      9.38870689,  -15.18077533,  -19.58624901,   32.06756905,     79.50499979]]
