/root/sim/music/out/AC_DC/The Razor's Edge/08 Got You By The Balls.mp3; [-582.2564    ,  98.50823   , -17.06239   ,  28.751328  ,   9.663461  ,    5.353231  ,  -7.1736875 ,   5.0577626 ,   7.074503  ,  -1.2663358 ,    5.4824967 ,   5.1230903 ,   0.17638683]; [[8951.6594395 ,-793.85107112, 533.77238646,-320.22584192,  67.93092975,   188.36452968, 121.34263874, 144.9799665 , -73.0668149 , -17.55183176,  -112.76560412, -13.38752619, -25.00454155], [-793.85107112,1515.03933388,-965.6204128 , 363.58648781, -86.85434489,   -51.63921063, -25.13887014, -15.21661859,  79.27456843, -61.36843879,   109.22262293, -11.884601  ,  13.80842469], [ 533.77238646,-965.6204128 ,1355.2395916 ,-273.85746555, 127.40180841,    43.38304984,  27.00094129,  16.13656092,-119.84618352,  35.9458484 ,  -105.6809739 ,  -3.22567674,  -8.72944312], [-320.22584192, 363.58648781,-273.85746555, 426.61469662, -16.25103762,   -17.91543714, -51.93385185, -10.61930385,  20.1487771 , -39.77100626,    45.76656701, -25.5967673 , -19.89589333], [  67.93092975, -86.85434489, 127.40180841, -16.25103762, 185.87985211,    17.06075161,  30.40603426,  40.31083753,  13.74312336,  24.45460105,     4.75371212,  21.7578597 ,  -1.44513425], [ 188.36452968, -51.63921063,  43.38304984, -17.91543714,  17.06075161,   136.26692684,  53.1298709 ,  11.1067883 ,   0.14351472,  -1.12929092,   -13.20517772, -15.5184157 ,   2.65375055], [ 121.34263874, -25.13887014,  27.00094129, -51.93385185,  30.40603426,    53.1298709 , 123.89854579,  53.57595898,   8.75362656,   3.81102813,    -1.94393413,   2.7123353 ,   7.6631511 ], [ 144.9799665 , -15.21661859,  16.13656092, -10.61930385,  40.31083753,    11.1067883 ,  53.57595898, 104.46372737,  33.34433685,  14.7468328 ,    12.98924173,  16.33968497,   7.67277847], [ -73.0668149 ,  79.27456843,-119.84618352,  20.1487771 ,  13.74312336,     0.14351472,   8.75362656,  33.34433685,  88.77864081,  26.34663527,    24.93293015,  12.85605374,   5.76146083], [ -17.55183176, -61.36843879,  35.9458484 , -39.77100626,  24.45460105,    -1.12929092,   3.81102813,  14.7468328 ,  26.34663527,  73.31360575,    22.81182542,  19.78205075,   5.6774027 ], [-112.76560412, 109.22262293,-105.6809739 ,  45.76656701,   4.75371212,   -13.20517772,  -1.94393413,  12.98924173,  24.93293015,  22.81182542,    79.74440179,  29.60669496,   7.64610293], [ -13.38752619, -11.884601  ,  -3.22567674, -25.5967673 ,  21.7578597 ,   -15.5184157 ,   2.7123353 ,  16.33968497,  12.85605374,  19.78205075,    29.60669496,  67.17058684,  19.78642388], [ -25.00454155,  13.80842469,  -8.72944312, -19.89589333,  -1.44513425,     2.65375055,   7.6631511 ,   7.67277847,   5.76146083,   5.6774027 ,     7.64610293,  19.78642388,  52.77593631]]
/root/sim/music/out/AC_DC/The Razor's Edge/06 Rock Your Heart Out.mp3; [-563.2871    ,  86.96936   ,  -6.816963  ,  31.953362  ,  14.135657  ,   11.64324   ,  -0.62929827,   6.8782883 ,   5.0175858 ,  -1.019576  ,   -0.06285225,   2.1392977 ,  -1.08143   ]; [[10819.1061    , -351.20191702, -822.25657124, -636.73443133,   -155.09947111, -165.08320806, -345.05905784, -138.93471104,    -55.5504979 , -151.53115994,  -36.04130355,    5.5681202 ,   -147.74919963], [ -351.20191702,  928.13152901, -278.49275751,   -1.49335063,     20.21142483,   -1.31598652,   53.89377551,   36.18301748,     33.22016473,  -29.01471451,   16.22262008,   14.94655831,     20.2420569 ], [ -822.25657124, -278.49275751, 1112.48857622,  242.64556779,     37.29857943,   87.40194665,   49.93648388,   22.56439089,    -84.65959582,   29.23329399,  -44.12614809,  -55.02289503,    -20.06984891], [ -636.73443133,   -1.49335063,  242.64556779,  534.56035055,     90.19821359,   -0.85542062,  -13.79190183,   35.78358902,    -23.59236713,    7.10640497,   -2.7742221 ,  -24.99295363,    -20.72784987], [ -155.09947111,   20.21142483,   37.29857943,   90.19821359,    170.43232094,   58.62861622,   29.10849973,   26.42786934,     10.2910545 ,   -2.11552293,  -11.70656111,  -15.07852422,    -18.17123388], [ -165.08320806,   -1.31598652,   87.40194665,   -0.85542062,     58.62861622,  169.85818305,   86.10063489,   10.85771563,     -3.69785478,    0.48245519,   -2.59802273,  -23.67231685,     -2.85023911], [ -345.05905784,   53.89377551,   49.93648388,  -13.79190183,     29.10849973,   86.10063489,  140.98692758,   50.9748585 ,     -1.48164292,    0.90648385,    0.16423067,  -13.62330466,      2.09289712], [ -138.93471104,   36.18301748,   22.56439089,   35.78358902,     26.42786934,   10.85771563,   50.9748585 ,   96.53547782,     27.88971477,    3.32793596,   -5.9035004 ,   -3.27947696,     -4.25654363], [  -55.5504979 ,   33.22016473,  -84.65959582,  -23.59236713,     10.2910545 ,   -3.69785478,   -1.48164292,   27.88971477,     83.84686234,   26.30872258,    5.80101921,    8.4510314 ,      3.21075191], [ -151.53115994,  -29.01471451,   29.23329399,    7.10640497,     -2.11552293,    0.48245519,    0.90648385,    3.32793596,     26.30872258,   66.0233251 ,   19.92902117,    8.76585012,      4.48219706], [  -36.04130355,   16.22262008,  -44.12614809,   -2.7742221 ,    -11.70656111,   -2.59802273,    0.16423067,   -5.9035004 ,      5.80101921,   19.92902117,   66.83544767,   26.86784378,      5.49280166], [    5.5681202 ,   14.94655831,  -55.02289503,  -24.99295363,    -15.07852422,  -23.67231685,  -13.62330466,   -3.27947696,      8.4510314 ,    8.76585012,   26.86784378,   62.20870541,     26.08730887], [ -147.74919963,   20.2420569 ,  -20.06984891,  -20.72784987,    -18.17123388,   -2.85023911,    2.09289712,   -4.25654363,      3.21075191,    4.48219706,    5.49280166,   26.08730887,     58.1946605 ]]
/root/sim/music/out/AC_DC/Back In Black/04 Given The Dog A Bone.mp3; [-505.91998   , 109.4746    , -25.725279  ,  11.329113  ,  11.686009  ,   -2.1859398 ,  -5.547119  ,   4.4735584 ,   0.06128448,   3.1968977 ,    2.359213  ,   4.564227  ,  -3.8130465 ]; [[5274.39604802,-618.26769418, 233.76604433, -73.87982058,  63.6114492 ,   241.59988429, 119.30836287,  75.85560933,  15.76859258, -12.62963822,   -54.84207422, -68.7034629 ,  31.09220836], [-618.26769418, 776.54199743,-339.08223625,  70.0047852 , -27.00839481,  -120.09666292,   7.31712028,  -4.80647159, -14.1917385 ,  -7.85727701,     6.1808926 ,  31.66309683,   6.26347625], [ 233.76604433,-339.08223625, 525.31457258,  12.74914037,  19.38473346,    52.28276485, -17.40634235,  22.33050307,  40.23817449,  -7.33876124,     9.30025314,  -4.16042564,  -2.46164299], [ -73.87982058,  70.0047852 ,  12.74914037, 142.03023915,  49.10414071,   -20.46245446, -30.02988544,  -6.54947029,  18.38245681,  22.25029142,    12.05717759,  16.5440559 ,   6.60134162], [  63.6114492 , -27.00839481,  19.38473346,  49.10414071, 164.61934402,    38.59423398,  18.89670476,   9.61384936,  37.4006681 ,  14.95287568,    25.40981729,  23.90392488,   8.34105535], [ 241.59988429,-120.09666292,  52.28276485, -20.46245446,  38.59423398,   139.43036014,  72.21681705,  24.79577902,   3.79613967,  -3.97821458,     8.76210431,   5.48278214,  13.18677347], [ 119.30836287,   7.31712028, -17.40634235, -30.02988544,  18.89670476,    72.21681705, 133.82521498,  42.84310045,   6.28381526,  -8.05109121,     5.21719028,   9.53555338,  15.94958652], [  75.85560933,  -4.80647159,  22.33050307,  -6.54947029,   9.61384936,    24.79577902,  42.84310045,  81.91987975,  30.59498941,   5.01827022,     5.55521331,   3.85399824,  12.31376999], [  15.76859258, -14.1917385 ,  40.23817449,  18.38245681,  37.4006681 ,     3.79613967,   6.28381526,  30.59498941,  77.81765758,  26.16133518,    10.30367473,   5.25843772,   3.13056084], [ -12.62963822,  -7.85727701,  -7.33876124,  22.25029142,  14.95287568,    -3.97821458,  -8.05109121,   5.01827022,  26.16133518,  63.6223715 ,    22.86034596,   3.70812326,   3.19617478], [ -54.84207422,   6.1808926 ,   9.30025314,  12.05717759,  25.40981729,     8.76210431,   5.21719028,   5.55521331,  10.30367473,  22.86034596,    58.18583221,  27.58743936,   3.48375031], [ -68.7034629 ,  31.66309683,  -4.16042564,  16.5440559 ,  23.90392488,     5.48278214,   9.53555338,   3.85399824,   5.25843772,   3.70812326,    27.58743936,  60.91271129,  22.62664518], [  31.09220836,   6.26347625,  -2.46164299,   6.60134162,   8.34105535,    13.18677347,  15.94958652,  12.31376999,   3.13056084,   3.19617478,     3.48375031,  22.62664518,  47.94495575]]
/root/sim/music/out/AC_DC/Back In Black/03 What Do You Do For Money Honey.mp3; [-519.5395   ,  96.6068   , -21.778837 ,  18.530735 ,  17.887194 ,    6.3285937,   0.7458698,   8.954443 ,   2.2650657,   7.264828 ,    2.976897 ,   3.0374792,  -4.097648 ]; [[5859.59999517,-300.1865047 ,-323.01350713,-273.99818226, -46.53967309,    80.33796407,  -8.40226682,  50.10683577,-111.07936432,  45.8337387 ,    38.25617996,  24.85758415, -56.61408686], [-300.1865047 , 870.87398102,-415.03061345,  44.5940775 , -67.55195784,  -137.87511314, -17.66428242,-115.10267104, -18.52473511, -31.21275877,   -38.68831117,  11.32265293,   2.71990577], [-323.01350713,-415.03061345, 961.63978761,  59.98530965,  95.34908245,   129.24406705,   4.94512663,  42.49672436,  -4.99435602, -32.53948474,     4.32113431, -25.708106  ,  38.61980723], [-273.99818226,  44.5940775 ,  59.98530965, 244.28064719,  36.87056523,   -47.48718733, -42.90428689, -34.32223573,  17.66147351,   9.0700451 ,   -26.26437664, -20.92543085,  -9.55704973], [ -46.53967309, -67.55195784,  95.34908245,  36.87056523, 209.76241327,    56.23204801,  40.26259321,  16.02404037,  34.12577262,  15.78681909,     3.50262901,   9.17361297,  12.97146458], [  80.33796407,-137.87511314, 129.24406705, -47.48718733,  56.23204801,   175.04538945,  85.55621288,  24.76345083, -18.18242263, -13.69596264,    14.8051018 ,  11.53935871,  16.49172903], [  -8.40226682, -17.66428242,   4.94512663, -42.90428689,  40.26259321,    85.55621288, 157.63803902,  37.55881851,  -5.53368435,  -6.09807372,    12.42115636,  26.43405412,  11.13926317], [  50.10683577,-115.10267104,  42.49672436, -34.32223573,  16.02404037,    24.76345083,  37.55881851, 104.63886808,  38.85148403,  14.97218431,    16.4532309 ,   3.8434228 ,   6.97944264], [-111.07936432, -18.52473511,  -4.99435602,  17.66147351,  34.12577262,   -18.18242263,  -5.53368435,  38.85148403, 101.77262139,  42.04245146,     9.28236707, -14.25479499,  -2.33249884], [  45.8337387 , -31.21275877, -32.53948474,   9.0700451 ,  15.78681909,   -13.69596264,  -6.09807372,  14.97218431,  42.04245146,  80.15334184,    28.62904638,   2.54757739, -10.22553778], [  38.25617996, -38.68831117,   4.32113431, -26.26437664,   3.50262901,    14.8051018 ,  12.42115636,  16.4532309 ,   9.28236707,  28.62904638,    74.49084782,  25.56371328,   7.88096105], [  24.85758415,  11.32265293, -25.708106  , -20.92543085,   9.17361297,    11.53935871,  26.43405412,   3.8434228 , -14.25479499,   2.54757739,    25.56371328,  67.27628753,  25.921344  ], [ -56.61408686,   2.71990577,  38.61980723,  -9.55704973,  12.97146458,    16.49172903,  11.13926317,   6.97944264,  -2.33249884, -10.22553778,     7.88096105,  25.921344  ,  68.2876018 ]]
/root/sim/music/out/AC_DC/Back In Black/06 Back In Black.mp3; [-562.6031    ,  95.78665   , -28.651749  ,  14.716751  ,  14.194227  ,   -0.62004274,  -3.15127   ,   7.2353344 ,   1.6148807 ,   1.5578538 ,   -0.9901536 ,   2.3462548 ,  -3.3996782 ]; [[20842.90374495, 1748.8824955 , -380.93818129, -148.11511173,     45.32576233,  179.79403576, -147.90572664,    6.19023169,    -21.99017531,  -74.8153132 , -148.0187303 ,  -73.41368591,    -43.69148612], [ 1748.8824955 , 1198.25291241, -254.16177476,  148.09589186,     43.24384247,  -61.6336346 ,   59.12749666,   15.66190001,     35.38932699,   16.20969661,   -4.14190388,   22.88726467,      1.84368493], [ -380.93818129, -254.16177476,  788.73462515,  127.94386826,     15.71424553,  116.5584487 ,   34.81998176,   51.96663426,     40.84739772,   10.80972417,   11.59196682,  -20.47911848,     -1.24599352], [ -148.11511173,  148.09589186,  127.94386826,  241.1374649 ,     53.73105302,    3.29945794,   21.8080709 ,   21.63600843,     26.46459066,   28.96411917,   10.92234087,   -2.15843433,    -14.1610183 ], [   45.32576233,   43.24384247,   15.71424553,   53.73105302,    152.16280431,   43.09888514,   44.43752355,   14.09617517,     28.92586248,    7.75824165,    8.84698957,    4.27503968,      1.87023573], [  179.79403576,  -61.6336346 ,  116.5584487 ,    3.29945794,     43.09888514,  208.88919061,   83.14583141,   35.5527138 ,     18.16014246,    1.52916118,    5.43033776,    0.41531281,     27.25103584], [ -147.90572664,   59.12749666,   34.81998176,   21.8080709 ,     44.43752355,   83.14583141,  141.78712401,   46.16843783,     20.24793318,   -2.5232167 ,   12.51687608,   10.30799162,     16.29666716], [    6.19023169,   15.66190001,   51.96663426,   21.63600843,     14.09617517,   35.5527138 ,   46.16843783,  109.8486669 ,     56.02619117,   12.99046837,    3.39764688,    6.81607501,     24.38233173], [  -21.99017531,   35.38932699,   40.84739772,   26.46459066,     28.92586248,   18.16014246,   20.24793318,   56.02619117,    100.49701178,   39.27000695,   10.62929687,    1.20353422,     12.77560457], [  -74.8153132 ,   16.20969661,   10.80972417,   28.96411917,      7.75824165,    1.52916118,   -2.5232167 ,   12.99046837,     39.27000695,   88.48645371,   46.72317759,   17.25782168,     -3.38051502], [ -148.0187303 ,   -4.14190388,   11.59196682,   10.92234087,      8.84698957,    5.43033776,   12.51687608,    3.39764688,     10.62929687,   46.72317759,   89.45341136,   42.48437263,      6.27486483], [  -73.41368591,   22.88726467,  -20.47911848,   -2.15843433,      4.27503968,    0.41531281,   10.30799162,    6.81607501,      1.20353422,   17.25782168,   42.48437263,   74.56086805,     32.64644477], [  -43.69148612,    1.84368493,   -1.24599352,  -14.1610183 ,      1.87023573,   27.25103584,   16.29666716,   24.38233173,     12.77560457,   -3.38051502,    6.27486483,   32.64644477,     75.52163209]]
/root/sim/music/out/AC_DC/Back In Black/07 You Shook Me All Night Long.mp3; [-541.0017   , 102.67362  , -25.764906 ,  13.603462 ,  14.306802 ,    0.8215995,  -0.6571092,   5.1795335,   1.9794731,   4.4629445,    1.9973361,   2.476981 ,  -4.487653 ]; [[10851.32268394, -544.82912934,  729.58347076,  211.17756089,    476.93304598,  623.2127922 ,  327.72189939,  482.37817168,    263.23399214,  204.4090854 ,  120.73625981,  115.48897866,     39.31539357], [ -544.82912934, 1653.26895094, -746.03282805,  -31.28677272,    -65.08605229, -251.84499808,  -51.01872569, -100.38382901,    -35.84240713,    2.57021664,  -16.88186328,   -1.88230748,    -37.55755939], [  729.58347076, -746.03282805, 1148.45613925,  172.31972153,     68.02856366,  225.45223951,   90.10936929,  143.22746548,     81.8907201 ,   28.97220409,   25.58401516,   14.75909045,     23.43604557], [  211.17756089,  -31.28677272,  172.31972153,  294.91642606,     85.53190729,   51.70895444,   34.18400925,   44.4638813 ,     46.77166807,   51.80755283,    9.58438343,    6.41956691,     -8.16487691], [  476.93304598,  -65.08605229,   68.02856366,   85.53190729,    221.96400856,  115.49164645,   56.50774634,   63.02228811,     68.1947986 ,   44.72402176,   34.4706647 ,   26.83079356,     10.35830776], [  623.2127922 , -251.84499808,  225.45223951,   51.70895444,    115.49164645,  271.51644155,  150.25426987,   88.88239936,     44.05096325,   25.67634426,   32.32705087,   34.34222497,     20.48543386], [  327.72189939,  -51.01872569,   90.10936929,   34.18400925,     56.50774634,  150.25426987,  189.70995134,   87.099542  ,     31.57992019,   15.87523415,   25.70134816,   28.14519554,     12.85904727], [  482.37817168, -100.38382901,  143.22746548,   44.4638813 ,     63.02228811,   88.88239936,   87.099542  ,  146.6982818 ,     76.27675692,   42.17901048,   30.1532511 ,   23.67451388,     19.55811711], [  263.23399214,  -35.84240713,   81.8907201 ,   46.77166807,     68.1947986 ,   44.05096325,   31.57992019,   76.27675692,    116.58370043,   62.42997614,   26.00228978,   19.1970936 ,     15.19121171], [  204.4090854 ,    2.57021664,   28.97220409,   51.80755283,     44.72402176,   25.67634426,   15.87523415,   42.17901048,     62.42997614,   98.61455753,   46.75157508,   17.98287996,      5.49823968], [  120.73625981,  -16.88186328,   25.58401516,    9.58438343,     34.4706647 ,   32.32705087,   25.70134816,   30.1532511 ,     26.00228978,   46.75157508,   84.17009626,   43.72971934,     12.57943318], [  115.48897866,   -1.88230748,   14.75909045,    6.41956691,     26.83079356,   34.34222497,   28.14519554,   23.67451388,     19.1970936 ,   17.98287996,   43.72971934,   73.20169863,     34.48940799], [   39.31539357,  -37.55755939,   23.43604557,   -8.16487691,     10.35830776,   20.48543386,   12.85904727,   19.55811711,     15.19121171,    5.49823968,   12.57943318,   34.48940799,     73.89286868]]
/root/sim/music/out/AC_DC/Back In Black/10 Rock And Roll Ain't Noise Pollution.mp3; [-599.60144   , 105.78128   , -12.851849  ,  18.952728  ,  14.604944  ,    4.6988707 ,  -6.251903  ,   3.9727187 ,   0.17867486,   0.29211295,   -0.26586062,   2.3074253 ,  -1.8523247 ]; [[40123.32315659, 1327.8446804 , -944.46175251,  704.58480533,    -36.83300647,  113.49628935,  177.83149416,  315.50039321,    -90.12672438,  114.29461862,  152.03157694,  349.53603743,     67.21962707], [ 1327.8446804 , 1976.8743899 , -534.51507855,  -10.43377313,    170.58700783,  -85.74210939,  -91.52016886,  -39.64247171,      9.04377483,  -49.44820362,  -51.37830149,  -21.13429836,    -53.29426052], [ -944.46175251, -534.51507855, 1052.54927581,  144.20828517,    -79.8077553 ,   85.76559574,   36.44789078,   20.47848175,     29.53791321,   -0.4442917 ,   35.11000707,  -19.13091277,      7.35932896], [  704.58480533,  -10.43377313,  144.20828517,  286.81429595,     38.76754637,    2.81630436,    0.72413355,   11.84028572,     16.3594835 ,   45.71504351,   16.39739459,   11.0221028 ,     -0.52717659], [  -36.83300647,  170.58700783,  -79.8077553 ,   38.76754637,    241.39974181,   18.72921013,    0.12862383,   -0.32521065,     34.67561465,   35.39609095,    3.43339853,    1.1930314 ,     -2.11355719], [  113.49628935,  -85.74210939,   85.76559574,    2.81630436,     18.72921013,  165.67572443,   59.65059665,   31.23443505,     12.03432223,    5.69370299,   20.53068151,   11.49691766,     17.06205836], [  177.83149416,  -91.52016886,   36.44789078,    0.72413355,      0.12862383,   59.65059665,  179.58336014,   55.08004138,     16.77407272,   10.20321532,   18.27330214,   31.22559197,     16.01702428], [  315.50039321,  -39.64247171,   20.47848175,   11.84028572,     -0.32521065,   31.23443505,   55.08004138,  113.56567118,     39.17912092,    9.58272708,   15.75064702,   16.7977801 ,     20.1198313 ], [  -90.12672438,    9.04377483,   29.53791321,   16.3594835 ,     34.67561465,   12.03432223,   16.77407272,   39.17912092,    106.17489158,   41.84854437,   18.84232427,    3.15952011,      5.95789012], [  114.29461862,  -49.44820362,   -0.4442917 ,   45.71504351,     35.39609095,    5.69370299,   10.20321532,    9.58272708,     41.84854437,   90.97456891,   32.8381641 ,    9.89546899,      4.45911109], [  152.03157694,  -51.37830149,   35.11000707,   16.39739459,      3.43339853,   20.53068151,   18.27330214,   15.75064702,     18.84232427,   32.8381641 ,   79.9860925 ,   36.13541946,     13.26935546], [  349.53603743,  -21.13429836,  -19.13091277,   11.0221028 ,      1.1930314 ,   11.49691766,   31.22559197,   16.7977801 ,      3.15952011,    9.89546899,   36.13541946,   80.11587913,     31.30648726], [   67.21962707,  -53.29426052,    7.35932896,   -0.52717659,     -2.11355719,   17.06205836,   16.01702428,   20.1198313 ,      5.95789012,    4.45911109,   13.26935546,   31.30648726,     68.35778757]]
/root/sim/music/out/AC_DC/Back In Black/08 Have A Drink On Me.mp3; [-529.4487    , 106.55843   , -21.580599  ,  23.74661   ,  24.194372  ,    1.8270211 ,  -1.9368815 ,   5.417946  ,   0.74985296,   6.3787956 ,    3.4341204 ,   4.5019717 ,  -4.3009195 ]; [[ 9002.25666885,-1612.60475875,  583.6462853 ,   53.99780206,     -8.59636442,  454.53611527,  427.58444876,  488.03833203,    141.15685988,   77.35587744,   23.34516169,  178.12057059,    140.03466572], [-1612.60475875, 1008.53868561, -462.68153718,   45.64476002,    -53.33583179, -205.27151245,  -88.03092128, -157.23867247,    -38.12791064,    1.23977747,    7.48802455,  -36.58328048,    -36.90492805], [  583.6462853 , -462.68153718,  952.99259864,   19.11022457,    101.7223092 ,  144.93403314,   24.27892898,  119.42731128,     51.08198897,   -6.36733139,   13.19542262,    2.67823966,     23.32757813], [   53.99780206,   45.64476002,   19.11022457,  224.86837051,     45.64592372,  -14.74914856,    1.30797941,   11.28124063,     24.12493043,   35.28902473,   11.20006751,   12.14834318,      2.40392595], [   -8.59636442,  -53.33583179,  101.7223092 ,   45.64592372,    178.86251809,   55.47983177,    8.54957033,   17.37074525,     15.99666367,    5.17672939,   12.90858904,    4.58527558,      1.17109635], [  454.53611527, -205.27151245,  144.93403314,  -14.74914856,     55.47983177,  166.8138629 ,   77.05235839,   49.91897254,     -3.0384189 ,  -10.20730193,    8.09012563,   18.10012904,     17.75005206], [  427.58444876,  -88.03092128,   24.27892898,    1.30797941,      8.54957033,   77.05235839,  146.02961857,   54.5101988 ,      2.7443667 ,   -7.41163671,    8.27920079,   25.79603543,     24.4128536 ], [  488.03833203, -157.23867247,  119.42731128,   11.28124063,     17.37074525,   49.91897254,   54.5101988 ,  127.6674212 ,     50.67718533,   12.74149597,    5.46109505,    9.72685227,     18.83813502], [  141.15685988,  -38.12791064,   51.08198897,   24.12493043,     15.99666367,   -3.0384189 ,    2.7443667 ,   50.67718533,     90.69286903,   34.31071747,    4.89577116,   -2.07615744,     10.27478161], [   77.35587744,    1.23977747,   -6.36733139,   35.28902473,      5.17672939,  -10.20730193,   -7.41163671,   12.74149597,     34.31071747,   71.99484703,   24.32574283,    9.66350154,      1.6624367 ], [   23.34516169,    7.48802455,   13.19542262,   11.20006751,     12.90858904,    8.09012563,    8.27920079,    5.46109505,      4.89577116,   24.32574283,   65.87828289,   29.24793216,      4.95174005], [  178.12057059,  -36.58328048,    2.67823966,   12.14834318,      4.58527558,   18.10012904,   25.79603543,    9.72685227,     -2.07615744,    9.66350154,   29.24793216,   77.15790181,     31.80498623], [  140.03466572,  -36.90492805,   23.32757813,    2.40392595,      1.17109635,   17.75005206,   24.4128536 ,   18.83813502,     10.27478161,    1.6624367 ,    4.95174005,   31.80498623,     66.38834897]]
/root/sim/music/out/AC_DC/Back In Black/02 Shoot To Thrill.mp3; [-533.5945   , 110.86348  , -14.849286 ,  20.13246  ,  20.887184 ,    3.9899676,  -0.7555695,   6.8724937,   4.5202293,   8.608364 ,    5.4341154,   3.2280195,  -4.7815948]; [[ 8424.37814313,-2342.46789788,  139.97171119, -288.57083731,    217.68444099,  328.0074111 ,  179.51231537,  204.19454973,     16.87140854,   -0.47499854,   13.31083191,  107.14469952,    111.2982071 ], [-2342.46789788, 1464.66984927, -301.73726096,  125.49248912,    -72.06632647, -150.41048593,  -42.08686609,  -81.36626617,    -16.04787155,  -31.36647698,  -30.80086796,  -19.25497027,    -27.79941443], [  139.97171119, -301.73726096,  679.02313979,   27.59244579,      1.04945686,   98.92574085,   29.36997385,   59.90602905,     14.6165616 ,   -9.97910061,   18.99673158,   -2.84056656,     26.32057755], [ -288.57083731,  125.49248912,   27.59244579,  154.9170763 ,      5.39117186,   -3.11145502,  -15.89864927,    6.20517941,     12.93693675,   16.94532126,   -4.90599342,  -11.10358903,     -6.88224439], [  217.68444099,  -72.06632647,    1.04945686,    5.39117186,    181.80667546,   65.08367893,   60.14740978,   20.62033771,     36.96753795,   21.99537468,   22.30103126,   28.88977923,     25.48541038], [  328.0074111 , -150.41048593,   98.92574085,   -3.11145502,     65.08367893,  162.55455724,   79.0282632 ,   41.97342955,      2.81083107,    0.41075484,   19.03317616,   27.03675177,     36.84286691], [  179.51231537,  -42.08686609,   29.36997385,  -15.89864927,     60.14740978,   79.0282632 ,  133.73372721,   41.51463501,     13.5495854 ,   -0.05109111,   14.20442111,   26.82617213,     30.10351245], [  204.19454973,  -81.36626617,   59.90602905,    6.20517941,     20.62033771,   41.97342955,   41.51463501,   95.30140517,     34.71771496,    8.51220563,   11.56519607,   17.67268422,     24.69477913], [   16.87140854,  -16.04787155,   14.6165616 ,   12.93693675,     36.96753795,    2.81083107,   13.5495854 ,   34.71771496,     78.58141308,   36.31997599,   10.83281994,    3.42734944,      8.63945809], [   -0.47499854,  -31.36647698,   -9.97910061,   16.94532126,     21.99537468,    0.41075484,   -0.05109111,    8.51220563,     36.31997599,   78.11095194,   32.1238946 ,    3.83239786,     -0.56895766], [   13.31083191,  -30.80086796,   18.99673158,   -4.90599342,     22.30103126,   19.03317616,   14.20442111,   11.56519607,     10.83281994,   32.1238946 ,   63.53823112,   26.59239543,      7.27318338], [  107.14469952,  -19.25497027,   -2.84056656,  -11.10358903,     28.88977923,   27.03675177,   26.82617213,   17.67268422,      3.42734944,    3.83239786,   26.59239543,   63.21526003,     34.57101014], [  111.2982071 ,  -27.79941443,   26.32057755,   -6.88224439,     25.48541038,   36.84286691,   30.10351245,   24.69477913,      8.63945809,   -0.56895766,    7.27318338,   34.57101014,     74.45203451]]
/root/sim/music/out/AC_DC/Back In Black/09 Shake A Leg.mp3; [-524.12494   , 103.09955   , -18.607862  ,  21.561157  ,  20.144537  ,   -4.1336627 ,  -5.905444  ,   4.225298  ,  -0.16046916,   2.4488657 ,   -1.0077829 ,   2.5505307 ,  -4.725519  ]; [[8163.88740085,-540.48567915,-536.25266803, -98.66658936, 136.89910285,     5.02274095, 213.34066382, 134.95188079,  41.7181861 ,  -6.0452529 ,   -90.47249953, -87.16786712,-102.54138859], [-540.48567915, 948.72580332,  50.9827406 , 135.7804259 ,  11.94295467,   -31.42997944, -23.70011246, -66.48377826, -26.85328431, -27.4333769 ,   -15.72792578,  10.53038328, -10.74189819], [-536.25266803,  50.9827406 , 851.59972137,  81.41547539,  17.73527629,    31.61931609,-106.25343747, -60.22721262, -43.36887045, -58.60831511,   -21.22202441, -59.0085401 , -23.44849482], [ -98.66658936, 135.7804259 ,  81.41547539, 192.89629665,   5.68322332,   -19.56532496, -13.79545878, -13.86168338,  -3.19954743,   8.92604077,    -8.79624313,  -8.77802668, -17.66917572], [ 136.89910285,  11.94295467,  17.73527629,   5.68322332, 152.51065775,    17.00747531,  26.49115571,  20.09007485,  29.64577691,  -0.89548676,    11.26454882,  -0.4751522 ,  -3.35392702], [   5.02274095, -31.42997944,  31.61931609, -19.56532496,  17.00747531,   109.69114035,  35.67821437,   1.87774442, -15.62197885,  -4.98969934,     3.55233227,   9.85125138,   7.12034987], [ 213.34066382, -23.70011246,-106.25343747, -13.79545878,  26.49115571,    35.67821437, 128.16488707,  38.28404614,  13.00077211,  -2.95696581,     3.06865747,   6.53273048,  -1.19493741], [ 134.95188079, -66.48377826, -60.22721262, -13.86168338,  20.09007485,     1.87774442,  38.28404614, 105.10090269,  54.7223723 ,  17.29163883,     8.90043056,   2.53014081,   5.52942159], [  41.7181861 , -26.85328431, -43.36887045,  -3.19954743,  29.64577691,   -15.62197885,  13.00077211,  54.7223723 , 104.75255327,  39.82480004,    17.6130214 ,   0.9921752 ,   2.5510671 ], [  -6.0452529 , -27.4333769 , -58.60831511,   8.92604077,  -0.89548676,    -4.98969934,  -2.95696581,  17.29163883,  39.82480004,  78.73288841,    34.78902954,  15.53641845,   3.14273029], [ -90.47249953, -15.72792578, -21.22202441,  -8.79624313,  11.26454882,     3.55233227,   3.06865747,   8.90043056,  17.6130214 ,  34.78902954,    71.16930858,  30.87779817,   6.96055222], [ -87.16786712,  10.53038328, -59.0085401 ,  -8.77802668,  -0.4751522 ,     9.85125138,   6.53273048,   2.53014081,   0.9921752 ,  15.53641845,    30.87779817,  66.20407273,  27.27139745], [-102.54138859, -10.74189819, -23.44849482, -17.66917572,  -3.35392702,     7.12034987,  -1.19493741,   5.52942159,   2.5510671 ,   3.14273029,     6.96055222,  27.27139745,  65.07355708]]
/root/sim/music/out/AC_DC/Back In Black/05 Let Me Put My Love Into You.mp3; [-531.2245   , 110.94924  , -28.304756 ,  17.843864 ,  11.502841 ,   -6.265527 ,  -8.293361 ,   2.6125453,  -1.3264091,   3.586689 ,    1.382166 ,   1.0414665,  -7.051682 ]; [[10851.15732054,-1112.54501905, -287.56940989, -108.38305582,      3.64115915,  335.90493762,  116.16260715,  295.74921125,     80.58133547,  161.45636783,   16.67134991,   14.90751125,      7.47017503], [-1112.54501905, 1163.35557983, -224.882207  ,  125.15373395,      8.15459733, -165.24112889,   11.72821403, -111.3445121 ,    -27.62554377,  -44.67655112,    4.12902039,   10.98609101,    -19.95342921], [ -287.56940989, -224.882207  ,  848.48573174,   52.37217526,     46.91816659,  118.94472267,  -38.98614924,   54.6246894 ,     44.37590577,   -6.22268075,   15.44643406,  -12.54375631,     18.27267828], [ -108.38305582,  125.15373395,   52.37217526,  203.16015822,     65.64182342,  -22.16406012,   -8.00339937,   -1.3271966 ,     36.29228568,   44.52982303,   15.35075812,    7.84483178,    -10.63220023], [    3.64115915,    8.15459733,   46.91816659,   65.64182342,    156.96465303,   38.48791939,   28.47656649,   11.93903809,     39.36664839,   28.38331779,   19.83113117,   11.92791344,      2.84544291], [  335.90493762, -165.24112889,  118.94472267,  -22.16406012,     38.48791939,  189.3326647 ,   77.44036921,   56.7313484 ,     11.89556134,    8.97308094,    7.35521525,   14.5065598 ,     23.2302515 ], [  116.16260715,   11.72821403,  -38.98614924,   -8.00339937,     28.47656649,   77.44036921,  152.84748857,   48.7700396 ,     14.87532129,    3.98938665,    8.40047871,   17.91649748,     11.03651188], [  295.74921125, -111.3445121 ,   54.6246894 ,   -1.3271966 ,     11.93903809,   56.7313484 ,   48.7700396 ,  119.89536015,     44.96593334,   21.07845934,   10.72371787,    9.81930201,     22.30205179], [   80.58133547,  -27.62554377,   44.37590577,   36.29228568,     39.36664839,   11.89556134,   14.87532129,   44.96593334,    106.44208696,   55.48518011,   20.39386742,    1.7764278 ,      1.8543238 ], [  161.45636783,  -44.67655112,   -6.22268075,   44.52982303,     28.38331779,    8.97308094,    3.98938665,   21.07845934,     55.48518011,  107.56128231,   44.53254898,   12.88594512,     -1.06699098], [   16.67134991,    4.12902039,   15.44643406,   15.35075812,     19.83113117,    7.35521525,    8.40047871,   10.72371787,     20.39386742,   44.53254898,   74.01675279,   32.46067146,      8.85203949], [   14.90751125,   10.98609101,  -12.54375631,    7.84483178,     11.92791344,   14.5065598 ,   17.91649748,    9.81930201,      1.7764278 ,   12.88594512,   32.46067146,   67.42496952,     28.74012284], [    7.47017503,  -19.95342921,   18.27267828,  -10.63220023,      2.84544291,   23.2302515 ,   11.03651188,   22.30205179,      1.8543238 ,   -1.06699098,    8.85203949,   28.74012284,     70.09507408]]
/root/sim/music/out/AC_DC/Iron Man 2/04 Cold Hearted Man.mp3; [-557.7067    , 135.26337   , -21.761744  ,  36.980442  ,   5.7491875 ,    3.3680093 ,   3.4976392 ,  -1.9424952 ,  -1.5351981 ,   0.48429552,   -4.3296256 ,  -2.262712  ,  -4.0822554 ]; [[14994.15401876, -149.61532195,-1940.07080631,   35.40735114,     30.31061892,   81.89529472,  114.12762685,  -23.03796831,    -79.16053839,   45.95896265,  -81.22598517,   -0.80871899,     26.79236536], [ -149.61532195, 1282.91157963, -116.83560758,  175.03997335,   -109.24401145,  -70.42576834,  -18.90311849,  -97.00853416,     -7.44678833,  -42.50133852,  -14.70683721,  -32.99845164,    -43.55137242], [-1940.07080631, -116.83560758, 1512.87824423, -108.97599751,     52.10696979,   31.15333714,  -99.00264596,   48.89415225,    -25.19513913,    3.10671256,   -1.03943607,  -26.54670624,    -23.24341443], [   35.40735114,  175.03997335, -108.97599751,  301.54878575,    -11.34547528,   -6.63919565,   -1.94031347,  -36.51370644,     44.38184995,  -12.95718953,   -3.99810687,   33.0072477 ,      5.18091851], [   30.31061892, -109.24401145,   52.10696979,  -11.34547528,    176.29591198,   47.32434819,   25.81344153,   37.76707062,     -2.18385852,   11.50515169,    6.02224089,   -7.32135913,      2.00444856], [   81.89529472,  -70.42576834,   31.15333714,   -6.63919565,     47.32434819,  124.19348035,   45.60748573,   18.08854424,     -0.05756418,   -0.66588555,    6.77941359,    7.24767228,      2.65813134], [  114.12762685,  -18.90311849,  -99.00264596,   -1.94031347,     25.81344153,   45.60748573,  124.87032138,   33.91339717,     -1.81850275,    2.82426408,   13.5706066 ,    4.96174151,      0.41206932], [  -23.03796831,  -97.00853416,   48.89415225,  -36.51370644,     37.76707062,   18.08854424,   33.91339717,   94.8352264 ,     16.6349374 ,    6.73614008,    2.72053184,   -1.03919604,      5.93291757], [  -79.16053839,   -7.44678833,  -25.19513913,   44.38184995,     -2.18385852,   -0.05756418,   -1.81850275,   16.6349374 ,     86.08933659,   24.56013567,   -3.03931004,    4.6527186 ,      2.18598154], [   45.95896265,  -42.50133852,    3.10671256,  -12.95718953,     11.50515169,   -0.66588555,    2.82426408,    6.73614008,     24.56013567,   60.94660008,   21.45815541,   -2.48289722,     -0.25183232], [  -81.22598517,  -14.70683721,   -1.03943607,   -3.99810687,      6.02224089,    6.77941359,   13.5706066 ,    2.72053184,     -3.03931004,   21.45815541,   61.21525788,   22.21679587,      3.9914187 ], [   -0.80871899,  -32.99845164,  -26.54670624,   33.0072477 ,     -7.32135913,    7.24767228,    4.96174151,   -1.03919604,      4.6527186 ,   -2.48289722,   22.21679587,   69.06247266,     28.7201518 ], [   26.79236536,  -43.55137242,  -23.24341443,    5.18091851,      2.00444856,    2.65813134,    0.41206932,    5.93291757,      2.18598154,   -0.25183232,    3.9914187 ,   28.7201518 ,     51.79830102]]
/root/sim/music/out/AC_DC/Iron Man 2/06 Thunderstruck.mp3; [-536.8202    ,  87.896614  , -13.72275   ,  29.936684  ,  17.372925  ,    9.952718  ,  -1.8949537 ,   6.403118  ,   5.62857   ,  -0.49366096,    2.7909913 ,   3.4705117 ,  -0.8327986 ]; [[11050.28035418,  448.44280294,  840.0486839 ,  171.48437982,    399.10542072,  197.30352549,  253.74626816,  222.24396426,    211.53511812,  190.34755088,  203.98752826,  167.02033681,    -26.11875609], [  448.44280294,  903.60807524,  -45.16052245,  316.39449995,    103.474198  ,   86.54157715,   44.87158828,   16.28177587,     70.48863156,  -16.57448493,   55.49298749,   16.35696449,     26.50261777], [  840.0486839 ,  -45.16052245,  699.79507531,  175.19344196,    180.99344755,   87.99353243,   47.77749217,   38.17331504,     24.54897953,   71.57981498,   37.91014712,   60.4404802 ,     29.73332998], [  171.48437982,  316.39449995,  175.19344196,  520.89503026,    111.69057568,   62.25442776,  -33.6023393 ,   -1.63850093,     34.9253262 ,    2.69481698,   59.73811676,   38.76692246,     29.09338151], [  399.10542072,  103.474198  ,  180.99344755,  111.69057568,    183.38269358,   65.61447173,   33.38352287,   27.77898724,     29.70270415,   25.01852573,   16.73815417,   24.90565539,     13.25166484], [  197.30352549,   86.54157715,   87.99353243,   62.25442776,     65.61447173,  163.6742874 ,   87.89655552,   35.09560883,     19.27749399,   13.94062073,   16.96351936,    2.36458286,     12.38638073], [  253.74626816,   44.87158828,   47.77749217,  -33.6023393 ,     33.38352287,   87.89655552,  167.92159519,   81.47132617,     21.43366195,   32.24986491,   16.60825469,    7.87701504,     13.34441586], [  222.24396426,   16.28177587,   38.17331504,   -1.63850093,     27.77898724,   35.09560883,   81.47132617,  115.08138884,     33.46845429,   23.83247467,   10.32631234,   11.46258872,      0.51458004], [  211.53511812,   70.48863156,   24.54897953,   34.9253262 ,     29.70270415,   19.27749399,   21.43366195,   33.46845429,     97.27658764,   31.28584895,   32.71329857,   24.16320363,      9.50886203], [  190.34755088,  -16.57448493,   71.57981498,    2.69481698,     25.01852573,   13.94062073,   32.24986491,   23.83247467,     31.28584895,   83.27565125,   29.93998655,   12.74977201,      5.30339373], [  203.98752826,   55.49298749,   37.91014712,   59.73811676,     16.73815417,   16.96351936,   16.60825469,   10.32631234,     32.71329857,   29.93998655,   90.93489994,   40.11782848,      8.76853014], [  167.02033681,   16.35696449,   60.4404802 ,   38.76692246,     24.90565539,    2.36458286,    7.87701504,   11.46258872,     24.16320363,   12.74977201,   40.11782848,   73.82758204,     28.89567453], [  -26.11875609,   26.50261777,   29.73332998,   29.09338151,     13.25166484,   12.38638073,   13.34441586,    0.51458004,      9.50886203,    5.30339373,    8.76853014,   28.89567453,     61.70738495]]
/root/sim/music/out/AC_DC/Iron Man 2/14 War Machine.mp3; [-533.8388    ,  99.23919   ,  11.174741  ,  31.106253  ,  21.319958  ,   14.06017   ,   9.288889  ,   7.203748  ,   9.452356  ,  -0.145089  ,    0.3401011 ,  -2.1671207 ,  -0.20314987]; [[22040.3640334 ,-1464.07644405,-1604.50645368,-1013.11287334,   -543.6437226 , -385.40245485, -532.10120647, -291.68526624,    -40.80352405,  -40.90770164,  -19.67588448,   52.30260054,    156.5439761 ], [-1464.07644405, 1646.6266226 , -234.52290484,  306.87825827,     87.33326262,   19.89694958,  140.71904123,  131.54643871,     47.04237687,    1.47648193,   22.54240987,    4.86913301,    -14.04859758], [-1604.50645368, -234.52290484, 1076.84576352,  217.15634722,    152.16467418,  152.65317979,  103.84883855,   12.10765575,      8.9773848 ,    0.38881141,   -4.24441754,  -40.40904723,    -43.9862012 ], [-1013.11287334,  306.87825827,  217.15634722,  372.22514374,    133.94229279,   83.78097815,   70.56517131,   46.02315616,     10.80667504,  -16.15432837,    2.72146934,  -14.57111832,    -24.72440813], [ -543.6437226 ,   87.33326262,  152.16467418,  133.94229279,    213.53198001,   79.59772788,   45.21545864,   19.80620428,     26.14253787,    5.23971322,   -1.19673091,   -5.9068589 ,    -17.67164934], [ -385.40245485,   19.89694958,  152.65317979,   83.78097815,     79.59772788,  155.57928487,   62.43381641,    0.97452448,      3.27861838,    8.37272558,    0.15763428,  -15.99736029,    -14.11934998], [ -532.10120647,  140.71904123,  103.84883855,   70.56517131,     45.21545864,   62.43381641,  117.05089385,   46.23391239,      7.48177702,   -0.18756281,    7.07831378,   -5.83383461,    -10.66576712], [ -291.68526624,  131.54643871,   12.10765575,   46.02315616,     19.80620428,    0.97452448,   46.23391239,   85.2564706 ,     23.94903516,   -4.66356161,   -0.59469435,    0.71301142,     -6.7252933 ], [  -40.80352405,   47.04237687,    8.9773848 ,   10.80667504,     26.14253787,    3.27861838,    7.48177702,   23.94903516,     66.95117328,   20.6448125 ,   -1.10065006,   -3.46692719,     -1.27116967], [  -40.90770164,    1.47648193,    0.38881141,  -16.15432837,      5.23971322,    8.37272558,   -0.18756281,   -4.66356161,     20.6448125 ,   59.00483471,   15.50887807,   -4.34399684,     -2.19090597], [  -19.67588448,   22.54240987,   -4.24441754,    2.72146934,     -1.19673091,    0.15763428,    7.07831378,   -0.59469435,     -1.10065006,   15.50887807,   48.71104646,   17.04123197,     -3.78730854], [   52.30260054,    4.86913301,  -40.40904723,  -14.57111832,     -5.9068589 ,  -15.99736029,   -5.83383461,    0.71301142,     -3.46692719,   -4.34399684,   17.04123197,   45.09162786,     16.49794483], [  156.5439761 ,  -14.04859758,  -43.9862012 ,  -24.72440813,    -17.67164934,  -14.11934998,  -10.66576712,   -6.7252933 ,     -1.27116967,   -2.19090597,   -3.78730854,   16.49794483,     49.11599044]]
