/root/sim/music/out/斉藤和義/歌うたい15 SINGLES BEST 1993～2007 [Disc 1]/04 歩いて帰ろう (シングルバージョン).mp3; [-507.0929    ,  96.6822    ,   5.346548  ,  32.160343  ,   5.202917  ,    3.245042  ,  -4.509049  ,   3.3734076 ,  -3.3540523 ,  -0.02487922,   -2.637335  ,   1.06914   ,  -4.056904  ]; [[11826.69641118,  134.77360383,  -88.77032964, -119.87478264,   -132.39501367, -193.48481964,  -46.53951268,  -92.97539263,    -90.72298667,    7.5215772 ,   52.49893234,  -23.44851614,    -85.73862788], [  134.77360383,  752.11537162,  -81.5333496 ,   77.30471197,     27.33248698,   31.77700021,   28.11476518,   34.834736  ,    -15.8342997 ,   30.66959739,   23.27982634,   -0.43101696,     20.03714274], [  -88.77032964,  -81.5333496 ,  400.37598854,  -64.86648744,     74.02904195,   31.62428313,    8.26460884,    3.83357422,     -2.83270939,   -8.48572433,   22.09480704,  -23.47413529,     22.25394623], [ -119.87478264,   77.30471197,  -64.86648744,  371.93638959,     70.62107352,  -10.65177928,   -1.11027188,   23.67178349,     37.33429959,  -38.71527107,  -52.52034325,   11.08386629,     19.88399498], [ -132.39501367,   27.33248698,   74.02904195,   70.62107352,    187.35962641,    2.65251565,  -18.08732815,   -4.57925378,     24.30122531,   -5.47613717,  -19.17227687,   -4.91250031,     10.22208604], [ -193.48481964,   31.77700021,   31.62428313,  -10.65177928,      2.65251565,  126.83306676,   32.86785798,   12.92369182,      7.11419035,   11.37182769,   11.80793887,   -9.38960603,    -11.12941362], [  -46.53951268,   28.11476518,    8.26460884,   -1.11027188,    -18.08732815,   32.86785798,  139.46457476,   36.25030281,      3.62676285,   11.10875788,   27.45265122,   -4.16610204,    -11.2386587 ], [  -92.97539263,   34.834736  ,    3.83357422,   23.67178349,     -4.57925378,   12.92369182,   36.25030281,   90.88364035,     19.63243427,   -9.34499542,   -0.57147708,   -2.12652492,      1.41785445], [  -90.72298667,  -15.8342997 ,   -2.83270939,   37.33429959,     24.30122531,    7.11419035,    3.62676285,   19.63243427,     83.41363779,   22.6608417 ,   -7.59545033,   -0.74730302,     -5.42860063], [    7.5215772 ,   30.66959739,   -8.48572433,  -38.71527107,     -5.47613717,   11.37182769,   11.10875788,   -9.34499542,     22.6608417 ,  101.75822782,   26.17704882,   -7.51355467,    -17.3629742 ], [   52.49893234,   23.27982634,   22.09480704,  -52.52034325,    -19.17227687,   11.80793887,   27.45265122,   -0.57147708,     -7.59545033,   26.17704882,   81.29925391,    4.44286631,     -7.68877967], [  -23.44851614,   -0.43101696,  -23.47413529,   11.08386629,     -4.91250031,   -9.38960603,   -4.16610204,   -2.12652492,     -0.74730302,   -7.51355467,    4.44286631,   64.71749542,      9.91484872], [  -85.73862788,   20.03714274,   22.25394623,   19.88399498,     10.22208604,  -11.12941362,  -11.2386587 ,    1.41785445,     -5.42860063,  -17.3629742 ,   -7.68877967,    9.91484872,     63.84753941]]
/root/sim/music/out/斉藤和義/歌うたい15 SINGLES BEST 1993～2007 [Disc 1]/03 君の顔が好きだ.mp3; [-529.22614   , 125.236374  , -14.274874  ,  12.896947  ,   1.0420296 ,    4.9465165 ,   1.5041904 ,   1.3093703 ,  -2.7754588 ,   0.34379616,   -0.62027717,  -0.9842365 ,  -2.498366  ]; [[12201.7302323 , -547.55416523,  391.84294226,  -13.99832408,   -188.93858761,   -9.96139372, -138.86510055,  -73.80091854,     72.08246308,   56.49981822,    5.94571281,  -38.0428837 ,    -21.22757325], [ -547.55416523, 1538.06867658, -555.77428594,  112.15179484,     42.0277143 ,   16.87388083,   78.97060165,   40.53378491,    -58.98026122,  -15.95524725,   -2.18652828,   33.21766094,     12.87514247], [  391.84294226, -555.77428594,  908.35442423, -152.20845766,    159.39030519,   28.88254477,   -4.90655519,   49.6477203 ,      7.76328566,   61.10326845,  -16.44516968,   19.03228646,     -6.48548701], [  -13.99832408,  112.15179484, -152.20845766,  413.13494168,      0.19930885,  121.21409405,   33.26484433,   38.54572091,     43.68643509,  -41.39333577,    7.2757594 ,   -1.4921101 ,     35.8593368 ], [ -188.93858761,   42.0277143 ,  159.39030519,    0.19930885,    210.95637198,   25.60088464,   21.93474699,   29.4044007 ,     16.31859309,   28.51255928,   -9.60444532,    9.90080386,     -3.70011809], [   -9.96139372,   16.87388083,   28.88254477,  121.21409405,     25.60088464,  158.16584537,   54.91886402,   51.91922025,     34.94703541,    5.98642355,   19.92413098,    5.85259868,     -0.00739109], [ -138.86510055,   78.97060165,   -4.90655519,   33.26484433,     21.93474699,   54.91886402,  136.78259025,   43.30573829,     31.65238414,    7.02454266,   22.08565114,    6.50221095,      9.65921248], [  -73.80091854,   40.53378491,   49.6477203 ,   38.54572091,     29.4044007 ,   51.91922025,   43.30573829,   96.15742068,     31.91644608,   16.67831601,    4.24613384,    5.19792262,     -0.74683997], [   72.08246308,  -58.98026122,    7.76328566,   43.68643509,     16.31859309,   34.94703541,   31.65238414,   31.91644608,     99.07141001,   26.79848899,   19.10768711,   -2.42348492,     -7.01413095], [   56.49981822,  -15.95524725,   61.10326845,  -41.39333577,     28.51255928,    5.98642355,    7.02454266,   16.67831601,     26.79848899,   99.5802783 ,   22.75371631,    7.87950896,    -18.42096437], [    5.94571281,   -2.18652828,  -16.44516968,    7.2757594 ,     -9.60444532,   19.92413098,   22.08565114,    4.24613384,     19.10768711,   22.75371631,   76.36308544,   19.24177934,      3.0860281 ], [  -38.0428837 ,   33.21766094,   19.03228646,   -1.4921101 ,      9.90080386,    5.85259868,    6.50221095,    5.19792262,     -2.42348492,    7.87950896,   19.24177934,   69.82468642,     14.81283056], [  -21.22757325,   12.87514247,   -6.48548701,   35.8593368 ,     -3.70011809,   -0.00739109,    9.65921248,   -0.74683997,     -7.01413095,  -18.42096437,    3.0860281 ,   14.81283056,     64.46013528]]
/root/sim/music/out/斉藤和義/歌うたい15 SINGLES BEST 1993～2007 [Disc 1]/06 deja vu.mp3; [-565.71747   , 110.00576   ,  18.67232   ,  21.64479   ,  10.09938   ,    5.153423  ,  -0.09897482,  -0.3277767 ,  -3.3407667 ,   0.11953616,   -0.42118916,  -4.9102173 ,  -4.294145  ]; [[23059.0361829 ,  783.66333262,    4.95165224, -186.13766528,     59.00362167,  224.48885498, -243.96530419,  251.14826229,    258.49100988,  116.45039674,   25.67996669,   66.17186449,    -66.48194223], [  783.66333262,  927.56428361, -243.89347722,  -75.45394249,     -8.11064275,  -34.27036425,   16.07988708,   14.93094645,    -12.72722646,   13.84780486,   39.75718135,   -4.66908986,      9.43832742], [    4.95165224, -243.89347722,  406.17393803,  -32.49103666,     10.6389854 ,  -16.03922763,    8.73679247,   12.01882868,     -4.49501069,   -7.97027347,   -2.84373071,    6.27089131,     15.19901972], [ -186.13766528,  -75.45394249,  -32.49103666,  423.00716674,    104.38553914,  101.26187211,   63.5260978 ,   25.32750586,     15.2487765 ,   28.89875484,   43.5096215 ,   46.02869994,     42.00929474], [   59.00362167,   -8.11064275,   10.6389854 ,  104.38553914,    267.64150996,   72.22603376,   63.40912252,   15.48176345,     40.02756087,    9.28416473,    3.36995962,   14.47442645,     11.85679737], [  224.48885498,  -34.27036425,  -16.03922763,  101.26187211,     72.22603376,  186.13529364,   73.56487861,   38.28984396,     33.15653168,   34.54225111,   42.10598493,   24.80854021,     10.61387559], [ -243.96530419,   16.07988708,    8.73679247,   63.5260978 ,     63.40912252,   73.56487861,  197.62118204,   22.85687338,     16.79248208,    9.3412272 ,   43.5414221 ,   11.94219459,     16.04193454], [  251.14826229,   14.93094645,   12.01882868,   25.32750586,     15.48176345,   38.28984396,   22.85687338,  122.1272713 ,     37.0400549 ,   16.28101723,   21.00487264,   11.84155106,     14.30681319], [  258.49100988,  -12.72722646,   -4.49501069,   15.2487765 ,     40.02756087,   33.15653168,   16.79248208,   37.0400549 ,     98.41062209,   33.04088065,    9.69731751,   14.6232925 ,      7.68414536], [  116.45039674,   13.84780486,   -7.97027347,   28.89875484,      9.28416473,   34.54225111,    9.3412272 ,   16.28101723,     33.04088065,  113.61427886,   63.27492936,   11.7949477 ,      2.70407401], [   25.67996669,   39.75718135,   -2.84373071,   43.5096215 ,      3.36995962,   42.10598493,   43.5414221 ,   21.00487264,      9.69731751,   63.27492936,  133.16563439,   47.45468695,      8.94161406], [   66.17186449,   -4.66908986,    6.27089131,   46.02869994,     14.47442645,   24.80854021,   11.94219459,   11.84155106,     14.6232925 ,   11.7949477 ,   47.45468695,  102.8045299 ,     30.84190351], [  -66.48194223,    9.43832742,   15.19901972,   42.00929474,     11.85679737,   10.61387559,   16.04193454,   14.30681319,      7.68414536,    2.70407401,    8.94161406,   30.84190351,     81.21121747]]
/root/sim/music/out/斉藤和義/歌うたい15 SINGLES BEST 1993～2007 [Disc 1]/10 空に星が綺麗.mp3; [-557.0773    , 127.70583   ,   5.519305  ,  17.8245    ,   3.3735461 ,    5.399556  ,  -1.5277662 ,   2.3645902 ,  -3.3233583 ,   3.0196822 ,   -1.0804894 ,  -3.4006908 ,   0.19220929]; [[20962.08461569,  799.1108549 ,  234.35170844,  488.12737746,   -189.81918117,   60.07410075,   14.40712728,  205.21006792,     83.51961544,  379.09279359,  143.15900576,  -20.17478521,     85.36805346], [  799.1108549 , 1356.27889613, -212.38582905,  -13.8710565 ,     29.40974013,  -31.232231  ,   79.21600543,   31.42453529,    -37.68245456,   -4.62308441,   23.55412629,    5.04384621,     20.07487728], [  234.35170844, -212.38582905,  375.65633476,   33.69460366,     -4.2815199 ,    6.2407949 ,   16.49874567,   30.21166361,     -8.36493483,  -27.90961062,    3.33260369,   36.20303986,     23.9165338 ], [  488.12737746,  -13.8710565 ,   33.69460366,  293.22591847,    120.68788467,   26.2468481 ,  -33.6635115 ,    3.32828877,     32.41204006,  -21.92480236,  -19.82586142,    5.38261658,     32.59183019], [ -189.81918117,   29.40974013,   -4.2815199 ,  120.68788467,    208.63592727,   38.03638264,  -22.71059495,  -12.51672758,     36.22328976,   -0.0198651 ,  -13.29040405,    5.07529924,     10.81293859], [   60.07410075,  -31.232231  ,    6.2407949 ,   26.2468481 ,     38.03638264,  119.00759959,   29.51773185,   -2.93744141,      5.54738736,    9.72493234,    8.91186499,   -0.4537857 ,    -11.18130258], [   14.40712728,   79.21600543,   16.49874567,  -33.6635115 ,    -22.71059495,   29.51773185,  144.60216197,   42.33345333,      1.15477972,   11.56543178,   30.39357512,   11.13104435,      3.17133666], [  205.21006792,   31.42453529,   30.21166361,    3.32828877,    -12.51672758,   -2.93744141,   42.33345333,   95.57780743,     20.13806542,   11.75782726,   11.00951581,   13.39049797,     17.54727838], [   83.51961544,  -37.68245456,   -8.36493483,   32.41204006,     36.22328976,    5.54738736,    1.15477972,   20.13806542,     85.5820736 ,   37.47823218,    4.08834152,    2.35973778,      9.9196432 ], [  379.09279359,   -4.62308441,  -27.90961062,  -21.92480236,     -0.0198651 ,    9.72493234,   11.56543178,   11.75782726,     37.47823218,  119.95163068,   47.09605941,    2.07695652,     -6.71701965], [  143.15900576,   23.55412629,    3.33260369,  -19.82586142,    -13.29040405,    8.91186499,   30.39357512,   11.00951581,      4.08834152,   47.09605941,   74.14998028,   22.01935016,     -1.70465739], [  -20.17478521,    5.04384621,   36.20303986,    5.38261658,      5.07529924,   -0.4537857 ,   11.13104435,   13.39049797,      2.35973778,    2.07695652,   22.01935016,   60.7153573 ,     22.9221311 ], [   85.36805346,   20.07487728,   23.9165338 ,   32.59183019,     10.81293859,  -11.18130258,    3.17133666,   17.54727838,      9.9196432 ,   -6.71701965,   -1.70465739,   22.9221311 ,     70.40501496]]
/root/sim/music/out/斉藤和義/歌うたい15 SINGLES BEST 1993～2007 [Disc 1]/08 通りに立てば (シングルバージョン).mp3; [-599.01874   , 153.85483   ,   3.050649  ,   8.101389  ,   0.5225272 ,   -1.4360497 ,  -5.672094  ,   1.4466137 ,  -4.6112447 ,   0.5164341 ,   -0.1616544 ,  -0.08671018,  -4.600501  ]; [[14129.85993999, -644.89767586, -604.6173292 , -133.07557444,   -300.92344547, -258.61271986, -126.65914888,   71.43773428,    166.92087015,  268.16142795,  287.16787671,  222.96257925,    135.91834193], [ -644.89767586, 1491.33610929, -139.16786497, -113.48570621,      8.23063254,   17.96066079,   43.21817205,   42.04644799,     10.92849234,   59.94896757,   26.18149676,   36.62863123,     40.47447491], [ -604.6173292 , -139.16786497,  918.89934865, -185.68309912,     -3.06261135,  143.16263798,   -8.3272776 ,  110.48436437,    -62.33375222,   41.38049187,  -23.16857831,   39.63119431,     34.3758606 ], [ -133.07557444, -113.48570621, -185.68309912,  412.84222542,     88.98193756,  -18.88668057,   30.15650847,  -22.69855607,     81.08796387,  -44.57489912,  -11.48285355,  -17.63357923,     12.80157464], [ -300.92344547,    8.23063254,   -3.06261135,   88.98193756,    193.84052637,   51.99681593,   -2.17856041,    1.86561051,     24.4544393 ,   -9.17566605,    6.99560315,    9.48449556,     -0.86398204], [ -258.61271986,   17.96066079,  143.16263798,  -18.88668057,     51.99681593,  170.3000661 ,   39.46874799,   21.51978032,     -5.92302769,   22.22174481,   27.7921666 ,   10.55248945,     -5.94164636], [ -126.65914888,   43.21817205,   -8.3272776 ,   30.15650847,     -2.17856041,   39.46874799,  163.09902247,   26.23570158,     29.61562562,    4.54837741,   24.0434081 ,    7.45612634,      7.55361506], [   71.43773428,   42.04644799,  110.48436437,  -22.69855607,      1.86561051,   21.51978032,   26.23570158,  113.99164518,     13.7400964 ,    3.77725111,   -3.90288032,   17.46738281,     26.70637946], [  166.92087015,   10.92849234,  -62.33375222,   81.08796387,     24.4544393 ,   -5.92302769,   29.61562562,   13.7400964 ,    125.288424  ,   20.41719346,   12.27012929,   -1.57156013,      5.89555209], [  268.16142795,   59.94896757,   41.38049187,  -44.57489912,     -9.17566605,   22.22174481,    4.54837741,    3.77725111,     20.41719346,  134.94174435,   56.679869  ,    0.26893531,    -24.40491092], [  287.16787671,   26.18149676,  -23.16857831,  -11.48285355,      6.99560315,   27.7921666 ,   24.0434081 ,   -3.90288032,     12.27012929,   56.679869  ,  116.86652116,   17.26653673,    -25.57294374], [  222.96257925,   36.62863123,   39.63119431,  -17.63357923,      9.48449556,   10.55248945,    7.45612634,   17.46738281,     -1.57156013,    0.26893531,   17.26653673,   92.59501274,     43.43618488], [  135.91834193,   40.47447491,   34.3758606 ,   12.80157464,     -0.86398204,   -5.94164636,    7.55361506,   26.70637946,      5.89555209,  -24.40491092,  -25.57294374,   43.43618488,    111.33988265]]
/root/sim/music/out/斉藤和義/歌うたい15 SINGLES BEST 1993～2007 [Disc 1]/05 彼女 (シングルバージョン).mp3; [-550.3371    ,  95.5234    ,   3.375118  ,  40.00445   ,   7.9875994 ,    4.3983088 ,  -2.1251514 ,   6.622527  ,  -4.233633  ,   0.90685797,   -4.7023664 ,  -0.74620765,  -3.740314  ]; [[21745.35409232,    2.64207325,  196.2437124 ,  -95.93498391,   -378.3099433 ,  -84.27246875, -680.17904084,   89.23533699,     31.99351842,  149.43840097,  158.13859275,  112.24959359,   -103.87090164], [    2.64207325,  849.9988661 , -167.56431433,   68.68541031,      4.96579743,   23.50051303,  133.42067208,    5.3302026 ,    -40.72406058,    5.67357694,    5.55681327,   14.33970617,     -3.64323559], [  196.2437124 , -167.56431433,  422.54177873,  -15.60125551,      0.0538326 ,   32.62416716,  -23.6205575 ,   15.6744022 ,     -4.70623196,    2.57277836,    2.68702829,    2.67631701,     19.2605177 ], [  -95.93498391,   68.68541031,  -15.60125551,  372.93587625,     74.28770876,  -29.70885728,   19.44442576,    2.17292148,     27.76152379,  -26.33935399,  -25.55019291,   18.1617727 ,     32.3868248 ], [ -378.3099433 ,    4.96579743,    0.0538326 ,   74.28770876,    192.61933417,   12.77142383,    1.8560972 ,    9.01130701,     32.58373882,    0.97590045,  -22.13830219,   13.86948271,      9.76938347], [  -84.27246875,   23.50051303,   32.62416716,  -29.70885728,     12.77142383,  145.97062766,   64.99898533,   23.77218156,      6.63415773,   20.35924837,   20.47343263,   -4.54321149,      2.69456393], [ -680.17904084,  133.42067208,  -23.6205575 ,   19.44442576,      1.8560972 ,   64.99898533,  197.06808233,   31.34453127,     -9.12712202,   -3.64628338,   15.46115666,   -2.32148337,     10.42182642], [   89.23533699,    5.3302026 ,   15.6744022 ,    2.17292148,      9.01130701,   23.77218156,   31.34453127,   97.46323644,     29.61675233,    1.66902929,    0.07940732,   -0.77775222,      9.77000862], [   31.99351842,  -40.72406058,   -4.70623196,   27.76152379,     32.58373882,    6.63415773,   -9.12712202,   29.61675233,    110.54211788,   30.97671827,   -6.11792209,   -4.46205304,      2.19567226], [  149.43840097,    5.67357694,    2.57277836,  -26.33935399,      0.97590045,   20.35924837,   -3.64628338,    1.66902929,     30.97671827,   98.31191452,   36.99417423,   -2.962493  ,    -20.9316917 ], [  158.13859275,    5.55681327,    2.68702829,  -25.55019291,    -22.13830219,   20.47343263,   15.46115666,    0.07940732,     -6.11792209,   36.99417423,   89.93878272,   20.88526851,     -9.83562565], [  112.24959359,   14.33970617,    2.67631701,   18.1617727 ,     13.86948271,   -4.54321149,   -2.32148337,   -0.77775222,     -4.46205304,   -2.962493  ,   20.88526851,   73.7006499 ,     21.51048343], [ -103.87090164,   -3.64323559,   19.2605177 ,   32.3868248 ,      9.76938347,    2.69456393,   10.42182642,    9.77000862,      2.19567226,  -20.9316917 ,   -9.83562565,   21.51048343,     72.61996262]]
/root/sim/music/out/斉藤和義/歌うたい15 SINGLES BEST 1993～2007 [Disc 1]/12 Baby I LOVE YOU.mp3; [-571.18976   , 111.72271   ,  19.832739  ,  37.032127  ,   6.008191  ,    7.261946  ,  -5.12051   ,   6.87257   ,   7.6569395 ,   7.5389304 ,   -0.08476058,  -1.1143044 ,   0.5031893 ]; [[23215.8023472 , -760.6243122 , -801.47515705, -401.17320942,   -641.20905125,  -64.12287571, -487.84077646,   40.76300897,   -127.9084996 ,   75.56822922,  -42.95185606,  -21.43799544,     48.25468147], [ -760.6243122 , 2392.88577206, -231.66332974,  231.70906152,    180.7821236 ,   27.40089211,  154.16066436,  127.11894632,    199.74488069,  104.86654638,    1.82972064,  -20.39340356,     58.35250728], [ -801.47515705, -231.66332974,  754.81140723,  134.83414961,    124.43330372,   37.22387542,   46.70374283,   28.60965999,      5.7750842 ,   -9.07604125,   28.67613453,   15.6487142 ,    -22.32931274], [ -401.17320942,  231.70906152,  134.83414961,  490.65707272,    201.6310197 ,   35.02011935,    6.02795927,   25.43920493,     97.37263214,   13.27708789,  -38.29520417,   -8.64038605,     31.53810765], [ -641.20905125,  180.7821236 ,  124.43330372,  201.6310197 ,    287.02949636,   53.56168696,   43.13759744,   25.61051931,     82.78320008,   20.70354371,  -32.106058  ,  -13.81351046,      9.05641294], [  -64.12287571,   27.40089211,   37.22387542,   35.02011935,     53.56168696,  153.45079836,   66.42583809,   18.69420574,     16.08016331,   21.16836019,   24.37226764,    7.40222951,    -14.26951431], [ -487.84077646,  154.16066436,   46.70374283,    6.02795927,     43.13759744,   66.42583809,  182.52336983,   46.42642109,     35.79309119,   -0.27859141,   23.96623435,   20.20882645,      1.13872015], [   40.76300897,  127.11894632,   28.60965999,   25.43920493,     25.61051931,   18.69420574,   46.42642109,  102.62264143,     45.48557011,   10.16351094,    0.28014768,    0.66617602,     15.96539398], [ -127.9084996 ,  199.74488069,    5.7750842 ,   97.37263214,     82.78320008,   16.08016331,   35.79309119,   45.48557011,    133.09535674,   45.85444124,   -6.03641015,  -12.40355232,      4.40539754], [   75.56822922,  104.86654638,   -9.07604125,   13.27708789,     20.70354371,   21.16836019,   -0.27859141,   10.16351094,     45.85444124,   98.77257081,   39.41476226,    4.49082823,     -6.47805646], [  -42.95185606,    1.82972064,   28.67613453,  -38.29520417,    -32.106058  ,   24.37226764,   23.96623435,    0.28014768,     -6.03641015,   39.41476226,  100.41164938,   40.84449606,     -2.90461294], [  -21.43799544,  -20.39340356,   15.6487142 ,   -8.64038605,    -13.81351046,    7.40222951,   20.20882645,    0.66617602,    -12.40355232,    4.49082823,   40.84449606,   70.20474883,     22.3174353 ], [   48.25468147,   58.35250728,  -22.32931274,   31.53810765,      9.05641294,  -14.26951431,    1.13872015,   15.96539398,      4.40539754,   -6.47805646,   -2.90461294,   22.3174353 ,     71.42302785]]
/root/sim/music/out/斉藤和義/歌うたい15 SINGLES BEST 1993～2007 [Disc 1]/09 大丈夫.mp3; [-574.72644   , 143.52386   ,   7.8409896 ,  10.81266   ,   1.2320868 ,    2.5502734 ,  -1.764145  ,   6.816914  ,  -5.2990856 ,   0.44740072,    5.0873127 ,  -1.2628964 ,   2.6966064 ]; [[22356.90718829, 1573.76613695, -182.96758984, -420.59549128,   -323.51615065, -116.10331564, -265.9135165 ,  -19.73665854,   -129.81737538,  199.50931995,  127.42258242,   42.51168528,      6.17961255], [ 1573.76613695,  721.6861877 , -101.62618651,  -57.89797744,    -45.44519968,  -37.47265282,    6.84337486,   29.90124202,    -11.69452511,   23.90607125,   15.46071544,   22.87158461,     26.0210249 ], [ -182.96758984, -101.62618651,  300.40964892,    0.62503871,     21.19056915,   33.71680961,   12.33772208,   14.94429448,     17.33155347,  -19.19703888,   -4.03613338,   22.59943558,     19.44952166], [ -420.59549128,  -57.89797744,    0.62503871,  196.65707674,     74.01631572,    3.21228576,   -7.93873062,   -0.34087427,     13.48682715,  -22.34937189,  -18.89034726,  -11.27922252,     19.72324272], [ -323.51615065,  -45.44519968,   21.19056915,   74.01631572,    124.22634493,   29.74933577,   -7.50813616,    2.13588425,     16.72512397,    4.70059997,   -5.08774994,    1.68595184,      4.26876076], [ -116.10331564,  -37.47265282,   33.71680961,    3.21228576,     29.74933577,  103.71821357,   44.49338011,    2.98894852,     10.29712216,    8.5811415 ,   20.08344304,    3.09481134,     -0.70420515], [ -265.9135165 ,    6.84337486,   12.33772208,   -7.93873062,     -7.50813616,   44.49338011,  123.58387881,   20.5453859 ,     10.70537824,    0.36711456,   12.30588897,   11.48649797,      7.55332505], [  -19.73665854,   29.90124202,   14.94429448,   -0.34087427,      2.13588425,    2.98894852,   20.5453859 ,   73.59820679,     28.22063841,  -10.96035022,   -2.52311817,    7.81556704,     17.27678711], [ -129.81737538,  -11.69452511,   17.33155347,   13.48682715,     16.72512397,   10.29712216,   10.70537824,   28.22063841,     72.64621628,   16.13839516,   -5.44866817,   -1.64626959,     10.45542675], [  199.50931995,   23.90607125,  -19.19703888,  -22.34937189,      4.70059997,    8.5811415 ,    0.36711456,  -10.96035022,     16.13839516,   83.99951788,   29.56679181,   -6.51582885,    -19.81497638], [  127.42258242,   15.46071544,   -4.03613338,  -18.89034726,     -5.08774994,   20.08344304,   12.30588897,   -2.52311817,     -5.44866817,   29.56679181,   72.02611014,   11.90602603,    -14.0633814 ], [   42.51168528,   22.87158461,   22.59943558,  -11.27922252,      1.68595184,    3.09481134,   11.48649797,    7.81556704,     -1.64626959,   -6.51582885,   11.90602603,   61.69736052,     19.21178104], [    6.17961255,   26.0210249 ,   19.44952166,   19.72324272,      4.26876076,   -0.70420515,    7.55332505,   17.27678711,     10.45542675,  -19.81497638,  -14.0633814 ,   19.21178104,     71.90890369]]
/root/sim/music/out/斉藤和義/歌うたい15 SINGLES BEST 1993～2007 [Disc 1]/07 ポストにマヨネーズ.mp3; [-516.6565    ,  91.96218   ,  -5.717045  ,  13.435146  ,  10.288386  ,    4.0981817 ,   1.207599  ,   0.00941841,  -1.5604559 ,   0.83033955,   -3.045397  ,  -1.2084188 ,  -4.4401903 ]; [[15068.79123497,  822.89694715, -170.54130618,  -19.98665956,    100.54729947,  111.1780811 ,  -19.13466212,   58.8749613 ,     71.06195452,   14.11691531,  -40.65374489,   18.67145508,    -65.52822654], [  822.89694715, 1097.54844453, -214.21738092,  178.17169154,     87.78290203,   81.53557983,   73.26733128,   56.83909273,     50.22267859,   33.57761155,   -1.97118955,  -13.08007936,    -38.30337259], [ -170.54130618, -214.21738092,  586.58775664, -133.49432767,     34.37890189,   52.52145566,   24.85966512,  -24.13107592,    -23.1045875 ,  -10.02461486,    0.22987371,  -21.09072436,     -9.15582326], [  -19.98665956,  178.17169154, -133.49432767,  513.50018176,    176.23008361,   74.3457581 ,   75.30697509,   60.12477091,     81.83174359,   17.85309967,  -10.12232118,   52.53804622,     29.97086217], [  100.54729947,   87.78290203,   34.37890189,  176.23008361,    276.46369164,   64.31786877,   66.29701641,   28.16563773,     59.13731337,    8.53427461,  -11.57629704,   21.65762963,      5.55423164], [  111.1780811 ,   81.53557983,   52.52145566,   74.3457581 ,     64.31786877,  151.69169056,   66.05927687,   26.40604411,     19.21999627,   19.89933077,   16.42693804,    6.70906239,     -4.33168588], [  -19.13466212,   73.26733128,   24.85966512,   75.30697509,     66.29701641,   66.05927687,  165.75934996,   42.92521795,     17.13807184,   13.69641568,   13.58404514,   11.97603934,     -7.28763418], [   58.8749613 ,   56.83909273,  -24.13107592,   60.12477091,     28.16563773,   26.40604411,   42.92521795,  103.55648882,     35.8792659 ,    4.79230892,    9.24943353,    3.58365651,     -2.96804838], [   71.06195452,   50.22267859,  -23.1045875 ,   81.83174359,     59.13731337,   19.21999627,   17.13807184,   35.8792659 ,    104.59433559,   29.4385943 ,  -10.71730064,    7.21439182,      2.59653577], [   14.11691531,   33.57761155,  -10.02461486,   17.85309967,      8.53427461,   19.89933077,   13.69641568,    4.79230892,     29.4385943 ,   81.13525766,   28.21955848,   -3.49838453,    -11.01904574], [  -40.65374489,   -1.97118955,    0.22987371,  -10.12232118,    -11.57629704,   16.42693804,   13.58404514,    9.24943353,    -10.71730064,   28.21955848,   80.98988444,   19.86582084,     -7.60345498], [   18.67145508,  -13.08007936,  -21.09072436,   52.53804622,     21.65762963,    6.70906239,   11.97603934,    3.58365651,      7.21439182,   -3.49838453,   19.86582084,   82.17120732,     31.37370916], [  -65.52822654,  -38.30337259,   -9.15582326,   29.97086217,      5.55423164,   -4.33168588,   -7.28763418,   -2.96804838,      2.59653577,  -11.01904574,   -7.60345498,   31.37370916,     75.39112614]]
/root/sim/music/out/斉藤和義/歌うたい15 SINGLES BEST 1993～2007 [Disc 1]/15 幸福な朝食 退屈な夕食.mp3; [-542.97437   , 101.061516  ,  21.016691  ,  24.575184  ,  10.0133505 ,   -0.05268111,  -9.335232  ,   2.2851202 ,  -1.5277797 ,   5.6343803 ,   -5.0510755 ,   0.26614666,  -2.5742183 ]; [[16791.18309914, -594.83036647,  -12.19699981,   -5.6418557 ,   -245.19061853,   42.9060834 , -105.69541295, -149.70116335,   -160.58860122,   88.79523016,  118.30112646,  187.50147758,     -1.16980096], [ -594.83036647, 1808.87321437, -391.3519584 ,   62.85160243,    285.29376697,  -30.79670842,  -21.35019918,   68.88823473,     40.36984905,   41.65713996,   27.39327592,   -7.42278091,     62.00879416], [  -12.19699981, -391.3519584 ,  663.6772187 ,   52.05324751,    -26.05890509,  129.1712522 ,   71.56282126,   42.03195207,     45.32437021,    0.81375739,   -6.25655399,   39.65775839,      7.88839278], [   -5.6418557 ,   62.85160243,   52.05324751,  261.13257893,    101.46225406,   42.19211436,   34.43342689,   41.75473886,     44.65124177,   39.48862647,   14.93737106,   11.49076011,     20.09100547], [ -245.19061853,  285.29376697,  -26.05890509,  101.46225406,    281.16518327,   51.80770206,   -6.89363103,   47.77957297,     60.35477424,   34.56332645,   12.77857411,   19.56320791,     26.20451978], [   42.9060834 ,  -30.79670842,  129.1712522 ,   42.19211436,     51.80770206,  150.70145167,   75.49665317,   38.32454223,     40.59578039,   25.55980682,   22.09404493,   25.73180404,     13.70718059], [ -105.69541295,  -21.35019918,   71.56282126,   34.43342689,     -6.89363103,   75.49665317,  180.51553031,   64.87488343,     32.73000528,   22.27520425,   40.11198869,   21.0087766 ,      4.81576307], [ -149.70116335,   68.88823473,   42.03195207,   41.75473886,     47.77957297,   38.32454223,   64.87488343,  113.70587478,     59.30546266,   28.86751829,   24.39979308,   18.22013514,     19.89993522], [ -160.58860122,   40.36984905,   45.32437021,   44.65124177,     60.35477424,   40.59578039,   32.73000528,   59.30546266,    125.11499866,   55.16903142,   17.74048763,   20.26435438,     16.48907437], [   88.79523016,   41.65713996,    0.81375739,   39.48862647,     34.56332645,   25.55980682,   22.27520425,   28.86751829,     55.16903142,  108.32510772,   40.58293272,   14.73900148,     14.63072479], [  118.30112646,   27.39327592,   -6.25655399,   14.93737106,     12.77857411,   22.09404493,   40.11198869,   24.39979308,     17.74048763,   40.58293272,   86.51528809,   34.20180095,      3.26235421], [  187.50147758,   -7.42278091,   39.65775839,   11.49076011,     19.56320791,   25.73180404,   21.0087766 ,   18.22013514,     20.26435438,   14.73900148,   34.20180095,   68.73221039,     25.830801  ], [   -1.16980096,   62.00879416,    7.88839278,   20.09100547,     26.20451978,   13.70718059,    4.81576307,   19.89993522,     16.48907437,   14.63072479,    3.26235421,   25.830801  ,     66.7231815 ]]
/root/sim/music/out/斉藤和義/歌うたい15 SINGLES BEST 1993～2007 [Disc 1]/02 Rain Rain Rain.mp3; [-610.97723  , 136.28146  ,  13.2679   ,   1.3278065,   4.820578 ,   -4.8335176,  -9.487298 ,  -7.1228123,  -6.6813774,  -1.8894228,   -0.4950838,   3.2978225,   0.5445194]; [[25934.45448517, 1089.60677989,  780.39411345, -296.04212112,    192.03438399,  -38.45471101,  -39.12896842,  133.89065453,     90.30004193,    9.57984755,  -42.6700503 ,  168.54954354,   -147.43384369], [ 1089.60677989, 1247.80508576, -123.55404428,  146.58026965,     81.17919296,  126.37321101,   78.61435534,   78.0926443 ,    -25.04501525,    9.61358283,   62.46158532,   44.62941814,     86.25151046], [  780.39411345, -123.55404428,  436.07738579,   59.44678733,    134.57453797,   76.78264038,   59.74327543,   43.74409899,     55.17918408,   11.55315139,    7.93352357,   34.27788701,      9.58266558], [ -296.04212112,  146.58026965,   59.44678733,  362.56537904,    167.26969083,  115.09297366,   12.73983019,   64.53642408,     33.78739537,    5.64760747,   11.21711658,    9.62712555,     45.91496776], [  192.03438399,   81.17919296,  134.57453797,  167.26969083,    252.57408112,  107.96868941,   22.0651828 ,   66.69296249,     37.10644234,   18.77904134,   25.87022772,   17.41729916,     19.16378035], [  -38.45471101,  126.37321101,   76.78264038,  115.09297366,    107.96868941,  235.85282568,  101.74219714,   71.84460378,     24.10738939,    7.56077064,   55.04271926,   27.71634551,     32.34795719], [  -39.12896842,   78.61435534,   59.74327543,   12.73983019,     22.0651828 ,  101.74219714,  200.80298946,   58.37503712,     23.81607341,   19.09072772,   51.34773917,   27.40362063,     25.92367126], [  133.89065453,   78.0926443 ,   43.74409899,   64.53642408,     66.69296249,   71.84460378,   58.37503712,  145.66347593,     41.89210203,    7.97552527,   31.40718563,   13.63060135,     29.35901031], [   90.30004193,  -25.04501525,   55.17918408,   33.78739537,     37.10644234,   24.10738939,   23.81607341,   41.89210203,    134.36525281,   41.36251855,   13.70597675,    7.94311753,     -5.89758644], [    9.57984755,    9.61358283,   11.55315139,    5.64760747,     18.77904134,    7.56077064,   19.09072772,    7.97552527,     41.36251855,  106.32233967,   28.21992808,    4.76296465,    -12.05371139], [  -42.6700503 ,   62.46158532,    7.93352357,   11.21711658,     25.87022772,   55.04271926,   51.34773917,   31.40718563,     13.70597675,   28.21992808,   92.54635356,   23.61158565,      8.61170558], [  168.54954354,   44.62941814,   34.27788701,    9.62712555,     17.41729916,   27.71634551,   27.40362063,   13.63060135,      7.94311753,    4.76296465,   23.61158565,   80.72960806,     24.29788844], [ -147.43384369,   86.25151046,    9.58266558,   45.91496776,     19.16378035,   32.34795719,   25.92367126,   29.35901031,     -5.89758644,  -12.05371139,    8.61170558,   24.29788844,     91.12542978]]
/root/sim/music/out/斉藤和義/歌うたい15 SINGLES BEST 1993～2007 [Disc 1]/01 僕の見たビートルズはTVの中.mp3; [-521.65735  , 108.98393  ,   3.4211574,   3.0368207,  10.707945 ,    2.517369 ,  -3.919531 ,   1.5800526,  -4.5817614,   0.8180908,   -0.055139 ,   2.953759 ,  -2.6206858]; [[11605.90981098, -408.89659644,  187.10018171,  -26.77056674,    201.482097  ,  187.31067095, -156.41587419,  136.84565309,    -36.98485874,  113.12129244,  -43.03746941, -142.77676595,   -126.00186862], [ -408.89659644, 1174.46844341, -144.95161235,  -36.13497282,    -71.10788082,  -49.11455391,  154.47926049,   12.09137142,     21.49703853,   39.99407432,  100.62255567,  102.2391986 ,     39.56318334], [  187.10018171, -144.95161235,  406.29622435,  112.05073274,     81.46077748,   38.03438899,   65.09229234,   10.09412239,     31.93527435,  -17.00838093,   23.08219558,   17.40255515,     30.0105287 ], [  -26.77056674,  -36.13497282,  112.05073274,  300.78180267,    133.45542738,   43.79259352,   21.78625018,   26.47230774,     40.48211206,   -0.85587697,  -14.90682146,    2.08471963,     43.7206561 ], [  201.482097  ,  -71.10788082,   81.46077748,  133.45542738,    215.75658646,   48.58343562,    3.52089617,   30.60456807,     37.87000195,   33.14904296,   -7.03755726,    2.12479631,     13.24669042], [  187.31067095,  -49.11455391,   38.03438899,   43.79259352,     48.58343562,  151.74664599,   57.65032317,   36.35940425,     19.94828248,   27.15380586,   24.57630447,   10.88176236,     12.317257  ], [ -156.41587419,  154.47926049,   65.09229234,   21.78625018,      3.52089617,   57.65032317,  209.17861659,   38.89396723,     16.15916195,    8.74093806,   46.90819069,   35.44736017,      5.39244268], [  136.84565309,   12.09137142,   10.09412239,   26.47230774,     30.60456807,   36.35940425,   38.89396723,  106.76638174,     31.70083814,   21.02711837,    9.57493201,   16.32798271,     17.19710495], [  -36.98485874,   21.49703853,   31.93527435,   40.48211206,     37.87000195,   19.94828248,   16.15916195,   31.70083814,    102.14845046,   36.06668726,   11.88462153,    4.58087542,     15.90159423], [  113.12129244,   39.99407432,  -17.00838093,   -0.85587697,     33.14904296,   27.15380586,    8.74093806,   21.02711837,     36.06668726,  108.1822073 ,   36.74192827,    9.33979023,     -3.56277094], [  -43.03746941,  100.62255567,   23.08219558,  -14.90682146,     -7.03755726,   24.57630447,   46.90819069,    9.57493201,     11.88462153,   36.74192827,   94.03382709,   44.08373675,     11.86202371], [ -142.77676595,  102.2391986 ,   17.40255515,    2.08471963,      2.12479631,   10.88176236,   35.44736017,   16.32798271,      4.58087542,    9.33979023,   44.08373675,   95.2072552 ,     43.9603196 ], [ -126.00186862,   39.56318334,   30.0105287 ,   43.7206561 ,     13.24669042,   12.317257  ,    5.39244268,   17.19710495,     15.90159423,   -3.56277094,   11.86202371,   43.9603196 ,     96.20067806]]
/root/sim/music/out/斉藤和義/歌うたい15 SINGLES BEST 1993～2007 [Disc 2]/05 劇的な瞬間.mp3; [-503.51297  , 100.07099  ,  10.329653 ,  34.10237  ,   9.615519 ,   10.437573 , -11.289836 ,   6.28606  ,  -0.4273858,   3.020244 ,   -1.36562  ,  -6.5833907,  -3.972084 ]; [[10284.71581448,-1313.3588367 , -874.79381607, -262.67901132,   -225.26388934, -189.9218359 , -352.15680393,   15.44046928,    141.24489813,  194.94548366,  180.33178225,   53.13437238,     40.73521759], [-1313.3588367 , 1207.92037537,  166.77600345,   78.21462967,     66.16727021,   14.15590739,  112.11384734,  -20.04559936,    -64.87584071,  -36.23519345,  -47.70342413,   -2.76123948,    -13.4742536 ], [ -874.79381607,  166.77600345,  494.22917656,   55.8722804 ,     46.42600148,   52.79799268,   31.24592611,   -6.07623884,    -47.22107441,  -31.824746  ,  -31.66915232,   -7.43510231,     -6.5152561 ], [ -262.67901132,   78.21462967,   55.8722804 ,  270.09637934,     46.80476482,   31.4092645 ,  -12.77869771,   10.66652193,      5.01506009,  -54.05337722,  -50.16505049,  -24.79983249,     11.71163379], [ -225.26388934,   66.16727021,   46.42600148,   46.80476482,    154.71523636,   14.42890357,   -9.56085111,    4.11497042,     24.06148735,   -1.15730839,  -21.07791466,  -17.74993241,    -13.1142276 ], [ -189.9218359 ,   14.15590739,   52.79799268,   31.4092645 ,     14.42890357,  114.53445342,   42.39710045,    3.21463833,    -11.25228119,  -10.68927644,    2.47522614,  -15.99556959,    -15.46288598], [ -352.15680393,  112.11384734,   31.24592611,  -12.77869771,     -9.56085111,   42.39710045,  118.16648853,   25.88997111,    -32.41182852,  -15.39101741,    1.09461887,    3.89128709,    -15.28209298], [   15.44046928,  -20.04559936,   -6.07623884,   10.66652193,      4.11497042,    3.21463833,   25.88997111,   71.53212647,     18.91014423,   -4.48681989,   -8.43939751,   -0.78387193,     -5.15814272], [  141.24489813,  -64.87584071,  -47.22107441,    5.01506009,     24.06148735,  -11.25228119,  -32.41182852,   18.91014423,     83.19978154,   30.03773456,    0.77601582,  -10.74988384,     -1.71168705], [  194.94548366,  -36.23519345,  -31.824746  ,  -54.05337722,     -1.15730839,  -10.68927644,  -15.39101741,   -4.48681989,     30.03773456,   96.41462411,   35.23654022,    3.94956883,    -13.57219971], [  180.33178225,  -47.70342413,  -31.66915232,  -50.16505049,    -21.07791466,    2.47522614,    1.09461887,   -8.43939751,      0.77601582,   35.23654022,   73.85485677,   20.65940329,     -3.70364324], [   53.13437238,   -2.76123948,   -7.43510231,  -24.79983249,    -17.74993241,  -15.99556959,    3.89128709,   -0.78387193,    -10.74988384,    3.94956883,   20.65940329,   58.55912502,     19.13557107], [   40.73521759,  -13.4742536 ,   -6.5152561 ,   11.71163379,    -13.1142276 ,  -15.46288598,  -15.28209298,   -5.15814272,     -1.71168705,  -13.57219971,   -3.70364324,   19.13557107,     57.30350252]]
