/root/sim/music/out/John Lennon/Working Class Hero_ The Definitive Lennon [Disc 1]/12-Nobody Told Me.mp3; [-565.7762   , 107.22376  , -34.15335  ,  30.011614 ,   3.5527608,   11.804824 ,  -5.442201 ,   1.2667222,  -4.250361 ,  -0.755513 ,   -1.1661388,  -4.182086 ,  -5.4804025]; [[15698.55414865, -375.86721662,  436.26289608,  114.65114768,   -103.36446656,  165.45624269, -192.35943101,  -18.17734351,    -61.81124296,  -62.94746537,  -40.67650775,  -15.99376646,      4.2503816 ], [ -375.86721662, 1656.0349114 , -552.16437286,  178.86744719,    134.39386559,   28.78571599,  129.64978689,   62.65504954,     19.62478219,   77.35966854,   47.12852268,   19.92302542,    -21.62904138], [  436.26289608, -552.16437286,  682.7887126 ,  -37.58861271,     33.32298442,   78.31145775,   20.18985538,   -4.15993654,     29.61664439,   -8.53461597,    4.76565094,   13.01412969,     36.11336785], [  114.65114768,  178.86744719,  -37.58861271,  235.64971709,     86.39085171,   41.08083025,   -2.56416948,   28.40076685,     20.97068483,   29.71474502,    6.20974223,   21.80195119,     32.798375  ], [ -103.36446656,  134.39386559,   33.32298442,   86.39085171,    188.86099441,   38.04687563,   35.91476513,   16.7482958 ,     38.19350143,   20.49131424,    7.32139309,   23.75160236,     18.99137511], [  165.45624269,   28.78571599,   78.31145775,   41.08083025,     38.04687563,  132.12248203,   52.31190692,   27.76891929,     28.37847603,   22.4658128 ,   22.48159837,   16.62978951,     13.60906244], [ -192.35943101,  129.64978689,   20.18985538,   -2.56416948,     35.91476513,   52.31190692,  152.58091455,   47.96749305,     37.74493372,   40.89772553,   27.57288343,   14.60153335,     10.25507436], [  -18.17734351,   62.65504954,   -4.15993654,   28.40076685,     16.7482958 ,   27.76891929,   47.96749305,   88.78127295,     38.1829513 ,   22.96224741,   14.25516837,   10.4731633 ,     19.05245843], [  -61.81124296,   19.62478219,   29.61664439,   20.97068483,     38.19350143,   28.37847603,   37.74493372,   38.1829513 ,     86.40527643,   35.51449858,   11.25871324,   14.13403361,     12.02767869], [  -62.94746537,   77.35966854,   -8.53461597,   29.71474502,     20.49131424,   22.4658128 ,   40.89772553,   22.96224741,     35.51449858,   80.54809266,   30.33943519,   11.01461063,     10.89252617], [  -40.67650775,   47.12852268,    4.76565094,    6.20974223,      7.32139309,   22.48159837,   27.57288343,   14.25516837,     11.25871324,   30.33943519,   59.63925267,   20.87457457,      6.3168034 ], [  -15.99376646,   19.92302542,   13.01412969,   21.80195119,     23.75160236,   16.62978951,   14.60153335,   10.4731633 ,     14.13403361,   11.01461063,   20.87457457,   55.84195013,     21.66434284], [    4.2503816 ,  -21.62904138,   36.11336785,   32.798375  ,     18.99137511,   13.60906244,   10.25507436,   19.05245843,     12.02767869,   10.89252617,    6.3168034 ,   21.66434284,     57.7684802 ]]
/root/sim/music/out/John Lennon/Working Class Hero_ The Definitive Lennon [Disc 1]/16-I'm Stepping Out.mp3; [-584.1308    , 120.60036   , -29.26158   ,  25.000216  ,  -2.2964184 ,    1.4197122 , -10.427146  ,   0.25994128,  -6.7558985 ,  -1.2938776 ,   -2.5869572 ,  -5.863169  ,  -3.7621386 ]; [[15907.9238164 , -334.32441987,   60.59728362,  -18.86998203,   -153.10233451,  294.81219463, -239.81637555,  -70.82234432,    -96.31053556,   28.08621308,   53.90892168,  -67.8800639 ,   -115.52379557], [ -334.32441987, 1535.07363505, -522.14137583,  298.63185124,     61.79813894,   24.70005292,  138.91985503,   57.21777775,     91.48808257,   90.55581548,   19.88176157,   30.0489072 ,     23.35762826], [   60.59728362, -522.14137583,  795.28706008,  -28.74972782,    103.38158658,   80.29870512,   22.14180196,   25.30436056,     -9.86499575,  -35.6625689 ,    9.24445726,   15.51395407,      4.45913289], [  -18.86998203,  298.63185124,  -28.74972782,  367.03983614,    118.40009651,   24.62842028,   53.22755577,   44.88604763,     72.16020731,   31.78652666,   18.68069351,   45.54026215,     33.37001337], [ -153.10233451,   61.79813894,  103.38158658,  118.40009651,    226.56443186,   58.44720114,   36.15146602,   34.19054677,     46.93415382,   17.53848627,   16.31993664,   19.35634924,     11.78519413], [  294.81219463,   24.70005292,   80.29870512,   24.62842028,     58.44720114,  209.04908361,   82.29592686,   28.88429143,     39.27597457,   25.19383048,   29.60589578,   29.20333045,      5.41481337], [ -239.81637555,  138.91985503,   22.14180196,   53.22755577,     36.15146602,   82.29592686,  169.97380269,   68.84910144,     19.74525667,   29.46587726,   22.54110613,   23.00611098,     21.59138411], [  -70.82234432,   57.21777775,   25.30436056,   44.88604763,     34.19054677,   28.88429143,   68.84910144,  115.83636372,     42.18874175,   20.07198152,   14.78993327,   10.61401565,     16.15175321], [  -96.31053556,   91.48808257,   -9.86499575,   72.16020731,     46.93415382,   39.27597457,   19.74525667,   42.18874175,    150.49469727,   56.97155658,   12.29446044,   22.12324304,     11.31101301], [   28.08621308,   90.55581548,  -35.6625689 ,   31.78652666,     17.53848627,   25.19383048,   29.46587726,   20.07198152,     56.97155658,   98.52088803,   35.01008813,   12.87547635,      6.68040456], [   53.90892168,   19.88176157,    9.24445726,   18.68069351,     16.31993664,   29.60589578,   22.54110613,   14.78993327,     12.29446044,   35.01008813,   82.38982719,   33.7213248 ,      1.32464263], [  -67.8800639 ,   30.0489072 ,   15.51395407,   45.54026215,     19.35634924,   29.20333045,   23.00611098,   10.61401565,     22.12324304,   12.87547635,   33.7213248 ,   81.54281633,     28.85583005], [ -115.52379557,   23.35762826,    4.45913289,   33.37001337,     11.78519413,    5.41481337,   21.59138411,   16.15175321,     11.31101301,    6.68040456,    1.32464263,   28.85583005,     66.41554456]]
/root/sim/music/out/John Lennon/Working Class Hero_ The Definitive Lennon [Disc 1]/04-Jealous Guy.mp3; [-671.94055  , 187.7027   ,  -8.173356 ,  10.932454 , -22.172066 ,   -7.122344 ,  -6.693715 ,  -1.4228417,  -0.9196863,   2.583365 ,   -4.2101126,  -5.1500235,  -4.919871 ]; [[ 9581.81871921,-1030.38722069,  632.60232673,  266.11736662,    450.73203734,  384.15298441, -165.35775479,  538.98962267,     -9.73956817,  -31.73245328,  214.07197296,  -50.57452991,   -125.93945563], [-1030.38722069, 1714.23478537, -480.77146116,    4.14585351,   -134.29733869, -104.27390796,  151.7826489 , -143.57088932,     65.83058537,   98.1020558 ,  -53.93726808,   -5.41535719,     -0.87375235], [  632.60232673, -480.77146116,  829.47807557,  174.27821953,    194.79936473,  214.8853087 ,   41.7816248 ,  158.00081089,      1.33066361,   26.91151215,   33.02951981,   26.69579657,     32.95515962], [  266.11736662,    4.14585351,  174.27821953,  333.39024068,    135.10878512,   54.44087235,   21.13003532,   58.21995697,     29.66348377,  -15.32880151,    1.97323519,   34.12742178,     38.02176166], [  450.73203734, -134.29733869,  194.79936473,  135.10878512,    266.22283463,  113.42863053,   11.82995671,   89.10064275,     28.03641117,    8.99717941,   31.94217899,   12.78425169,      8.61348543], [  384.15298441, -104.27390796,  214.8853087 ,   54.44087235,    113.42863053,  210.36972756,   79.77855156,   74.72290836,     14.05915051,   27.96572653,   23.91774474,    1.75194042,     -2.44503681], [ -165.35775479,  151.7826489 ,   41.7816248 ,   21.13003532,     11.82995671,   79.77855156,  165.14540871,   46.08444982,     22.42310289,   35.74196157,   -1.00939178,    1.62632688,      4.74264493], [  538.98962267, -143.57088932,  158.00081089,   58.21995697,     89.10064275,   74.72290836,   46.08444982,  175.43409052,     48.74294752,   22.92858829,   28.98419542,    6.72314566,      0.78619639], [   -9.73956817,   65.83058537,    1.33066361,   29.66348377,     28.03641117,   14.05915051,   22.42310289,   48.74294752,    123.71836705,   50.7541162 ,    8.39045101,    5.70045988,      8.59691011], [  -31.73245328,   98.1020558 ,   26.91151215,  -15.32880151,      8.99717941,   27.96572653,   35.74196157,   22.92858829,     50.7541162 ,  124.53801836,   38.19837014,    2.17908596,      9.91825525], [  214.07197296,  -53.93726808,   33.02951981,    1.97323519,     31.94217899,   23.91774474,   -1.00939178,   28.98419542,      8.39045101,   38.19837014,   99.9734831 ,   27.38894586,      3.77842473], [  -50.57452991,   -5.41535719,   26.69579657,   34.12742178,     12.78425169,    1.75194042,    1.62632688,    6.72314566,      5.70045988,    2.17908596,   27.38894586,   89.01694421,     39.44537608], [ -125.93945563,   -0.87375235,   32.95515962,   38.02176166,      8.61348543,   -2.44503681,    4.74264493,    0.78619639,      8.59691011,    9.91825525,    3.77842473,   39.44537608,     96.00381679]]
/root/sim/music/out/John Lennon/Working Class Hero_ The Definitive Lennon [Disc 1]/07-Working Class Hero.mp3; [-735.0205   , 154.81126  ,  10.162381 ,  30.77606  ,   6.637778 ,    3.691622 ,  -9.725117 ,   1.2334423,  -8.884295 ,  -2.974937 ,   -4.3442583,  -8.884985 , -11.537427 ]; [[12750.36959946,-1456.33362748, -628.42493099,  109.20885926,   -205.14215551,   46.90628956, -283.81993535,  179.11903952,   -345.04112477,  -44.86297965,  167.17467934,  -59.26341957,    -28.85021605], [-1456.33362748, 2247.2684504 , -354.38334458, -106.48393354,     23.12124904, -193.89507813,   67.07855621,   29.30922766,    -32.91057223,    2.15019711,   36.97399516,  -24.33093939,     41.68056923], [ -628.42493099, -354.38334458,  636.40287634,  -12.96143469,      0.83271839,   52.30805311,   -0.20433274,    8.83682444,     21.23742423,  -20.57301047,  -13.48124468,   21.86980456,     28.90840286], [  109.20885926, -106.48393354,  -12.96143469,  392.76751965,    148.33416646,   -8.82747427,  -33.99196016,  -35.94680652,     21.51977308,    1.36985178,  -51.46825791,   -2.6622904 ,    -15.54369145], [ -205.14215551,   23.12124904,    0.83271839,  148.33416646,    279.92997387,   34.77094328,  -10.50197666,  -25.60512574,     54.71544767,  -19.16328647,  -62.64729593,    1.19403765,    -18.68809571], [   46.90628956, -193.89507813,   52.30805311,   -8.82747427,     34.77094328,  219.44698788,   55.73763082,  -31.66752061,     52.84495306,   10.67754383,  -20.09867298,   23.98711818,    -48.93335082], [ -283.81993535,   67.07855621,   -0.20433274,  -33.99196016,    -10.50197666,   55.73763082,  173.40025154,  -12.2718569 ,      6.26508138,   33.22755464,  -16.11650629,   19.30103576,    -15.38857106], [  179.11903952,   29.30922766,    8.83682444,  -35.94680652,    -25.60512574,  -31.66752061,  -12.2718569 ,  149.86148043,     -6.0887213 ,  -25.76092174,    6.63516661,  -20.44179674,     35.42464659], [ -345.04112477,  -32.91057223,   21.23742423,   21.51977308,     54.71544767,   52.84495306,    6.26508138,   -6.0887213 ,    155.10294809,   12.33322015,  -27.88770781,    4.25808065,    -39.74838655], [  -44.86297965,    2.15019711,  -20.57301047,    1.36985178,    -19.16328647,   10.67754383,   33.22755464,  -25.76092174,     12.33322015,  104.69544149,   16.81518358,    0.38714282,     -8.87507806], [  167.17467934,   36.97399516,  -13.48124468,  -51.46825791,    -62.64729593,  -20.09867298,  -16.11650629,    6.63516661,    -27.88770781,   16.81518358,  112.46567912,   23.01450858,      9.6708892 ], [  -59.26341957,  -24.33093939,   21.86980456,   -2.6622904 ,      1.19403765,   23.98711818,   19.30103576,  -20.44179674,      4.25808065,    0.38714282,   23.01450858,   95.37998046,      3.02409339], [  -28.85021605,   41.68056923,   28.90840286,  -15.54369145,    -18.68809571,  -48.93335082,  -15.38857106,   35.42464659,    -39.74838655,   -8.87507806,    9.6708892 ,    3.02409339,    106.0405793 ]]
/root/sim/music/out/John Lennon/Working Class Hero_ The Definitive Lennon [Disc 1]/17-You Are Here.mp3; [-654.21      , 132.77693   ,  23.931425  ,  21.218327  ,  -7.6612253 ,   16.388882  ,   1.9093982 ,  10.080937  ,   0.38230354,   1.1766675 ,    1.4713014 ,  -0.13937129,   0.796218  ]; [[16809.05397473,  324.92486854, -439.47069133,   50.64455833,   -420.63841996, -131.13898531,  176.8892168 ,  -45.26486602,   -182.66932871,  -37.11625101,  -55.74504572, -274.16690926,   -259.17478681], [  324.92486854, 1472.00721996,  -19.53898799,  -83.27632556,    -41.76927379,   44.14756529,  -94.25114809,   88.26820692,     68.27760539,   34.46459678,  -15.00091374,   24.22834392,     47.47565563], [ -439.47069133,  -19.53898799,  860.76826514,   90.9219804 ,    -11.81350155,  122.8007401 ,  -96.12570902,   52.98634265,     91.58157257,  -13.17837775,   -0.40910321,   46.15158996,     31.49376397], [   50.64455833,  -83.27632556,   90.9219804 ,  292.71532745,     99.98091697,    4.81976191,   30.82566289,   17.6802383 ,      8.62413119,  -17.45397388,   -1.93697239,   24.7891345 ,      8.27137238], [ -420.63841996,  -41.76927379,  -11.81350155,   99.98091697,    242.0372881 ,   35.29749737,   -6.74151423,   13.14095773,     22.06273731,   -7.6810868 ,    3.99056129,   19.73879441,      6.68284104], [ -131.13898531,   44.14756529,  122.8007401 ,    4.81976191,     35.29749737,  191.23602107,   38.27380291,   12.75475957,     18.84981677,   17.27990641,   18.24990011,    1.87448461,      3.72172248], [  176.8892168 ,  -94.25114809,  -96.12570902,   30.82566289,     -6.74151423,   38.27380291,  207.88706981,    3.98673232,    -48.72998048,   26.73437603,   11.71291778,  -20.91842333,    -16.22654238], [  -45.26486602,   88.26820692,   52.98634265,   17.6802383 ,     13.14095773,   12.75475957,    3.98673232,  136.83550857,     61.55449076,   -0.12774669,  -12.58424651,   11.59715175,     19.35461293], [ -182.66932871,   68.27760539,   91.58157257,    8.62413119,     22.06273731,   18.84981677,  -48.72998048,   61.55449076,    143.28116041,   32.98397022,   -7.27916828,    9.34799143,     21.34928105], [  -37.11625101,   34.46459678,  -13.17837775,  -17.45397388,     -7.6810868 ,   17.27990641,   26.73437603,   -0.12774669,     32.98397022,  120.24889815,   39.08685772,   -8.45721403,    -10.09593493], [  -55.74504572,  -15.00091374,   -0.40910321,   -1.93697239,      3.99056129,   18.24990011,   11.71291778,  -12.58424651,     -7.27916828,   39.08685772,  110.66052795,   32.45760781,     -1.51264229], [ -274.16690926,   24.22834392,   46.15158996,   24.7891345 ,     19.73879441,    1.87448461,  -20.91842333,   11.59715175,      9.34799143,   -8.45721403,   32.45760781,  119.69885133,     58.17640776], [ -259.17478681,   47.47565563,   31.49376397,    8.27137238,      6.68284104,    3.72172248,  -16.22654238,   19.35461293,     21.34928105,  -10.09593493,   -1.51264229,   58.17640776,    111.59216284]]
/root/sim/music/out/John Lennon/Working Class Hero_ The Definitive Lennon [Disc 1]/14-Come Together [Live].mp3; [-566.76996   , 114.41457   , -25.421541  ,  24.445757  , -10.469697  ,   10.432367  ,  -6.589362  ,   4.101612  ,  -0.35743055,  -5.7138004 ,   -6.384288  ,  -4.8022294 ,  -3.2898877 ]; [[12095.74977248,  505.11590961,  425.32008672,  232.59078047,   -185.25669843,  374.35646044,   49.8470204 ,  -83.24905708,     68.68763465,  -54.055416  , -170.42521115,  -58.86203513,    -34.72076765], [  505.11590961, 1067.48504961,   28.11965839,  -22.31176131,     71.43441935,   27.07443401,   21.36294928,   54.37837407,     32.72186025,   26.47356534,  -19.79898126,   18.24897546,     43.097947  ], [  425.32008672,   28.11965839,  757.10429418,  174.14922649,    -10.74997578,  120.08637595,   59.61455318,   -6.92257553,      9.38839419,    4.07823841,  -61.37955305,   13.4585236 ,      2.83932964], [  232.59078047,  -22.31176131,  174.14922649,  288.70272642,     94.85884256,   34.9241949 ,   15.87283901,   17.57327084,      4.23091375,  -11.89533745,   -5.6354145 ,    4.74838093,      4.35711542], [ -185.25669843,   71.43441935,  -10.74997578,   94.85884256,    232.60076444,   45.96896115,   -7.4018574 ,   38.09327133,     52.192029  ,    6.23072149,    8.39030736,    8.07353515,     13.67317904], [  374.35646044,   27.07443401,  120.08637595,   34.9241949 ,     45.96896115,  164.7452329 ,   69.41219268,   24.51127522,     37.34169396,   16.96860216,   -4.1107176 ,    7.73072037,      3.84833524], [   49.8470204 ,   21.36294928,   59.61455318,   15.87283901,     -7.4018574 ,   69.41219268,  152.43645765,   55.24111574,     -2.01295296,   21.13287568,   21.03331332,    0.77331919,     -8.0069599 ], [  -83.24905708,   54.37837407,   -6.92257553,   17.57327084,     38.09327133,   24.51127522,   55.24111574,   95.75985173,     37.72006271,   11.99946575,   15.07221212,    3.18988658,      1.62986119], [   68.68763465,   32.72186025,    9.38839419,    4.23091375,     52.192029  ,   37.34169396,   -2.01295296,   37.72006271,    116.89110789,   33.990793  ,   -8.40014604,   14.08821491,     21.89386344], [  -54.055416  ,   26.47356534,    4.07823841,  -11.89533745,      6.23072149,   16.96860216,   21.13287568,   11.99946575,     33.990793  ,   75.33345582,   22.68780123,   -1.71742617,     -1.69006333], [ -170.42521115,  -19.79898126,  -61.37955305,   -5.6354145 ,      8.39030736,   -4.1107176 ,   21.03331332,   15.07221212,     -8.40014604,   22.68780123,   93.25200589,   20.70259397,     -8.17588399], [  -58.86203513,   18.24897546,   13.4585236 ,    4.74838093,      8.07353515,    7.73072037,    0.77331919,    3.18988658,     14.08821491,   -1.71742617,   20.70259397,   66.79864598,     34.94575069], [  -34.72076765,   43.097947  ,    2.83932964,    4.35711542,     13.67317904,    3.84833524,   -8.0069599 ,    1.62986119,     21.89386344,   -1.69006333,   -8.17588399,   34.94575069,     75.50339843]]
/root/sim/music/out/John Lennon/Working Class Hero_ The Definitive Lennon [Disc 1]/19-Happy Xmas (War Is Over).mp3; [-575.3166    ,  96.88031   , -18.652195  ,  23.104883  ,  -1.0706187 ,    8.00756   ,   1.8387572 ,   6.9530153 ,  -0.37756765,  -3.069925  ,    1.1588192 ,  -1.0410494 ,  -2.7963119 ]; [[19508.24176477, 2220.13445184,  505.99182464,  719.46233512,    153.59304146,  289.35146568,  115.97812366,  218.90615057,    -32.62080033,  -46.35035669,   91.17698177, -100.82120206,   -111.23659331], [ 2220.13445184,  989.67059343,   88.78965584,  101.19609582,     46.40543669,  140.09759675,  109.69518706,   55.67020995,      9.59565779,   10.6331657 ,   67.74105847,  -10.96354281,    -27.9940112 ], [  505.99182464,   88.78965584,  776.10107755,  185.8400008 ,    189.11652672,  115.05158423,   15.1999353 ,   95.77190161,     15.05228022,  -11.55572382,   88.73876305,   26.66859424,    -13.02170356], [  719.46233512,  101.19609582,  185.8400008 ,  336.7948817 ,    147.30959144,   31.57032065,    3.87402847,   35.72913325,     45.28109669,  -14.517782  ,   -7.17292048,   27.44491728,     35.97711268], [  153.59304146,   46.40543669,  189.11652672,  147.30959144,    246.57767135,   71.30289524,   20.33471254,   42.24205604,     62.820814  ,   16.0520772 ,   39.04151739,   14.82715208,     25.35367593], [  289.35146568,  140.09759675,  115.05158423,   31.57032065,     71.30289524,  192.76304155,   90.039031  ,   52.03370155,     -1.47909311,   30.1317491 ,   42.45979578,    3.63365665,    -11.11718694], [  115.97812366,  109.69518706,   15.1999353 ,    3.87402847,     20.33471254,   90.039031  ,  160.80226308,   54.18936543,     16.37136801,   37.28911977,   37.07122786,    7.14560458,     15.37220835], [  218.90615057,   55.67020995,   95.77190161,   35.72913325,     42.24205604,   52.03370155,   54.18936543,  121.85209013,     40.22455814,   35.74464689,   39.60036677,   15.1267442 ,     11.96827077], [  -32.62080033,    9.59565779,   15.05228022,   45.28109669,     62.820814  ,   -1.47909311,   16.37136801,   40.22455814,    108.86331129,   44.41718903,   23.12354611,    9.56952351,     19.28181498], [  -46.35035669,   10.6331657 ,  -11.55572382,  -14.517782  ,     16.0520772 ,   30.1317491 ,   37.28911977,   35.74464689,     44.41718903,  118.16147365,   48.43062697,   11.79664588,      7.10885919], [   91.17698177,   67.74105847,   88.73876305,   -7.17292048,     39.04151739,   42.45979578,   37.07122786,   39.60036677,     23.12354611,   48.43062697,  112.04455408,   26.04650018,      6.15369893], [ -100.82120206,  -10.96354281,   26.66859424,   27.44491728,     14.82715208,    3.63365665,    7.14560458,   15.1267442 ,      9.56952351,   11.79664588,   26.04650018,   76.47750158,     28.23579796], [ -111.23659331,  -27.9940112 ,  -13.02170356,   35.97711268,     25.35367593,  -11.11718694,   15.37220835,   11.96827077,     19.28181498,    7.10885919,    6.15369893,   28.23579796,     81.50193687]]
/root/sim/music/out/John Lennon/Working Class Hero_ The Definitive Lennon [Disc 1]/05-Instant Karma! (We All Shine On).mp3; [-582.424     , 100.85386   , -41.17925   ,  33.77132   ,  10.972863  ,   21.736496  ,   4.03117   ,  12.677006  ,  -0.51617587,   5.2637444 ,    1.4820825 ,  -2.9582882 ,  -0.86186737]; [[11907.42367793, -446.22388782, -138.79971816,  147.87328116,   -142.38360542,  167.2435838 ,   20.66901972,   49.43609867,    -68.60151815,  -43.92633947,  -52.52677297,   10.79372988,    -99.44290434], [ -446.22388782, 1242.78228131,  -66.20631127,   98.56595663,     87.84796183,   91.20416741,   -4.39586593,   52.78563315,      3.62072034,   32.57623109,   49.39127824,   -0.70817286,     49.70386171], [ -138.79971816,  -66.20631127,  520.24403673,  159.77891009,     36.51180861,   44.2370957 ,  -60.0681134 ,   19.33038186,      0.51728762,    2.75374317,   33.54382037,   30.07870032,     30.75516927], [  147.87328116,   98.56595663,  159.77891009,  297.72532973,    138.44321422,   12.78972341,  -75.08242276,   11.88507266,     23.88099447,   24.83023029,   12.30047575,   14.41605082,     15.12955481], [ -142.38360542,   87.84796183,   36.51180861,  138.44321422,    216.19991056,   35.92440845,  -65.10657678,  -14.12985933,     32.40972806,   20.37505452,   -1.39718833,    8.04550122,      6.83626907], [  167.2435838 ,   91.20416741,   44.2370957 ,   12.78972341,     35.92440845,  186.87108114,   87.34066016,   45.76609724,     17.70226408,   13.69285334,   21.39693059,    2.19306625,     10.29312432], [   20.66901972,   -4.39586593,  -60.0681134 ,  -75.08242276,    -65.10657678,   87.34066016,  274.84318119,  101.77344705,      4.45630691,   18.61438639,   11.74155911,   12.2633786 ,     -0.14374826], [   49.43609867,   52.78563315,   19.33038186,   11.88507266,    -14.12985933,   45.76609724,  101.77344705,  120.48076415,     31.24606268,   16.4248115 ,   17.68424539,    8.7371758 ,     12.34304153], [  -68.60151815,    3.62072034,    0.51728762,   23.88099447,     32.40972806,   17.70226408,    4.45630691,   31.24606268,     88.66758069,   36.27621112,    3.24500776,   -2.14636537,     -5.65089133], [  -43.92633947,   32.57623109,    2.75374317,   24.83023029,     20.37505452,   13.69285334,   18.61438639,   16.4248115 ,     36.27621112,   74.71402095,   27.07029853,    6.28260009,     -4.41393227], [  -52.52677297,   49.39127824,   33.54382037,   12.30047575,     -1.39718833,   21.39693059,   11.74155911,   17.68424539,      3.24500776,   27.07029853,   67.0032484 ,   20.90500318,      3.35302906], [   10.79372988,   -0.70817286,   30.07870032,   14.41605082,      8.04550122,    2.19306625,   12.2633786 ,    8.7371758 ,     -2.14636537,    6.28260009,   20.90500318,   60.10085259,     19.58480114], [  -99.44290434,   49.70386171,   30.75516927,   15.12955481,      6.83626907,   10.29312432,   -0.14374826,   12.34304153,     -5.65089133,   -4.41393227,    3.35302906,   19.58480114,     60.44877941]]
/root/sim/music/out/John Lennon/Working Class Hero_ The Definitive Lennon [Disc 1]/15-New York City.mp3; [-545.3583   , 126.36213  , -11.358786 ,  12.431908 ,  -5.068162 ,    9.8262615,  -1.5334736,   1.4899102,  -2.0645928,   3.6844127,   -2.4941509,  -5.9444118,  -5.5071783]; [[13071.25373317,  758.07360789, -228.23503559,  208.57229713,    -51.49946552,   36.14247202,   -1.12014964,   26.66277106,    -97.74571711,    8.38306912,  -10.55673548,  -50.82297202,    -81.09174388], [  758.07360789,  737.86437931,  -76.47870064,   22.0109334 ,     10.90663089,   39.32886343,  -12.86923344,   50.65440568,      1.43434415,   -2.72818527,   10.72230343,   -4.66019879,      7.36155778], [ -228.23503559,  -76.47870064,  296.44626513,  -17.24824514,    -16.37871191,   38.02886552,    8.52819858,   -7.85782994,      3.64682412,  -10.1926621 ,  -16.7957612 ,    5.70349595,      8.8085161 ], [  208.57229713,   22.0109334 ,  -17.24824514,  139.0661595 ,     30.15322918,  -38.74008541,   16.10717204,   18.06849764,    -13.49510147,    5.40278064,    3.71875914,   -7.13275641,      5.81382939], [  -51.49946552,   10.90663089,  -16.37871191,   30.15322918,    130.71445899,   23.87261724,   -5.32872932,    4.59180489,     21.00876813,    2.3454233 ,   -2.64421618,   -1.84957658,      2.14397269], [   36.14247202,   39.32886343,   38.02886552,  -38.74008541,     23.87261724,  135.20208559,   10.55839491,   -9.76168529,     23.65911981,   -8.37560682,   -6.53590912,    8.10256316,     -3.21524386], [   -1.12014964,  -12.86923344,    8.52819858,   16.10717204,     -5.32872932,   10.55839491,   99.47477201,   19.67972698,    -16.87760763,    2.89056945,    4.03196332,   -0.20860805,     -1.21740823], [   26.66277106,   50.65440568,   -7.85782994,   18.06849764,      4.59180489,   -9.76168529,   19.67972698,   74.41808248,      7.14088798,   -4.14101693,    5.30559268,   -2.29267277,      6.69448396], [  -97.74571711,    1.43434415,    3.64682412,  -13.49510147,     21.00876813,   23.65911981,  -16.87760763,    7.14088798,     83.5824414 ,   16.96031966,   -4.93141481,    5.50526645,     -4.28730827], [    8.38306912,   -2.72818527,  -10.1926621 ,    5.40278064,      2.3454233 ,   -8.37560682,    2.89056945,   -4.14101693,     16.96031966,   59.72504774,   18.70972293,   -0.60605896,     -5.01746829], [  -10.55673548,   10.72230343,  -16.7957612 ,    3.71875914,     -2.64421618,   -6.53590912,    4.03196332,    5.30559268,     -4.93141481,   18.70972293,   53.23871152,   10.6985517 ,     -6.09710851], [  -50.82297202,   -4.66019879,    5.70349595,   -7.13275641,     -1.84957658,    8.10256316,   -0.20860805,   -2.29267277,      5.50526645,   -0.60605896,   10.6985517 ,   49.52344769,     14.97510181], [  -81.09174388,    7.36155778,    8.8085161 ,    5.81382939,      2.14397269,   -3.21524386,   -1.21740823,    6.69448396,     -4.28730827,   -5.01746829,   -6.09710851,   14.97510181,     51.80373632]]
/root/sim/music/out/John Lennon/Working Class Hero_ The Definitive Lennon [Disc 1]/11-Nobody Loves You (When You're Down And Out).mp3; [-621.7469   , 139.29872  ,  -3.9569948,  18.470205 ,  -6.510331 ,   -6.44065  , -12.204502 ,  -5.8070602,  -6.4667416,  -1.1216867,   -2.8147607,  -2.086091 ,  -1.8190825]; [[15110.82028875, -844.2739354 ,  272.48542776,  468.04927533,    -64.9087684 ,  -29.36838736,   47.15974023,   82.27019285,    -77.27979219,  -19.13551959,   18.42557568,  -52.81980332,   -288.99788363], [ -844.2739354 , 1440.68650826, -243.34677104,  113.3686323 ,     54.6603112 ,   -7.20036945,  -68.2791844 ,   31.42026809,      4.49168679,   -5.43979002,  -36.63087766,   -3.60460733,     63.80156723], [  272.48542776, -243.34677104,  430.81654699,   -0.77446941,     81.7588151 ,   11.79236197,   70.65103058,    5.60865753,     20.53797956,  -14.22478802,    4.65637036,  -26.62142667,     13.53037628], [  468.04927533,  113.3686323 ,   -0.77446941,  263.25865799,     68.84031038,   46.37153229,   21.17735697,   40.79612278,     37.17076018,   13.76539874,    1.25089651,   11.1214825 ,     -0.14262747], [  -64.9087684 ,   54.6603112 ,   81.7588151 ,   68.84031038,    169.99033665,   32.72911702,   23.2771396 ,   18.41689783,     36.78048937,    7.0339034 ,    8.34600423,   -7.51939941,      8.82513798], [  -29.36838736,   -7.20036945,   11.79236197,   46.37153229,     32.72911702,  115.99970251,   33.6305951 ,   21.00142129,     22.57161769,   13.62130432,    5.20123027,    4.29172501,     -3.30581613], [   47.15974023,  -68.2791844 ,   70.65103058,   21.17735697,     23.2771396 ,   33.6305951 ,   99.85066781,   30.06787326,     12.12616565,    9.37297463,   14.48210523,   -1.51399945,     -0.24921433], [   82.27019285,   31.42026809,    5.60865753,   40.79612278,     18.41689783,   21.00142129,   30.06787326,   90.01085175,     26.41372084,   12.34595278,    5.1653969 ,    5.14754467,      4.42274611], [  -77.27979219,    4.49168679,   20.53797956,   37.17076018,     36.78048937,   22.57161769,   12.12616565,   26.41372084,     92.70728178,   19.72022236,    5.81565867,    2.32624638,      5.84385663], [  -19.13551959,   -5.43979002,  -14.22478802,   13.76539874,      7.0339034 ,   13.62130432,    9.37297463,   12.34595278,     19.72022236,   73.98814753,   25.98573219,    7.56442051,     -9.81679116], [   18.42557568,  -36.63087766,    4.65637036,    1.25089651,      8.34600423,    5.20123027,   14.48210523,    5.1653969 ,      5.81565867,   25.98573219,   77.05654734,   20.00282539,     -1.37836579], [  -52.81980332,   -3.60460733,  -26.62142667,   11.1214825 ,     -7.51939941,    4.29172501,   -1.51399945,    5.14754467,      2.32624638,    7.56442051,   20.00282539,   72.2562186 ,     23.94100235], [ -288.99788363,   63.80156723,   13.53037628,   -0.14262747,      8.82513798,   -3.30581613,   -0.24921433,    4.42274611,      5.84385663,   -9.81679116,   -1.37836579,   23.94100235,     75.46739819]]
/root/sim/music/out/John Lennon/Working Class Hero_ The Definitive Lennon [Disc 1]/18-Borrowed Time.mp3; [-623.26105   , 108.25099   , -18.516216  ,  24.217073  ,   0.33737913,    0.7314145 ,  -8.743491  ,  -0.76730376,  -5.3597794 ,  -5.9665337 ,   -2.9500804 ,  -4.864044  ,  -8.710213  ]; [[15135.78504234,-1397.59850573, -301.05090144, -632.75069482,   -328.61502571,  155.73978869,   -0.43011069,   87.19341265,     20.16744654,  104.68790285,   93.83475004, -129.71570688,    -99.21693194], [-1397.59850573, 2033.62381561,  -53.68027733,  439.69042738,    251.20254185,   85.77997344,  191.74087756,   76.44405236,     27.25493857,    6.11734351,    6.52036837,   22.39385141,    -19.65972761], [ -301.05090144,  -53.68027733, 1119.39537871,  203.81738726,    247.46566014,  175.22654582,   52.19571082,   48.61067079,     -4.79268648,   42.04800804,   23.45267666,   90.95195585,    109.04520876], [ -632.75069482,  439.69042738,  203.81738726,  742.0062646 ,    324.84942459,   54.276375  ,   89.48363701,   71.94355322,     66.14971483,   -6.91346663,  -26.61849868,   52.52943057,     48.01086673], [ -328.61502571,  251.20254185,  247.46566014,  324.84942459,    408.91661525,   77.71394112,   48.78496041,   70.90736173,     67.70137396,   31.41857781,   -2.88582682,   43.72832388,     29.0921631 ], [  155.73978869,   85.77997344,  175.22654582,   54.276375  ,     77.71394112,  231.33869067,   99.86531731,   32.35117659,     29.46081134,   37.18234412,   32.52918224,    8.88849895,     10.47979037], [   -0.43011069,  191.74087756,   52.19571082,   89.48363701,     48.78496041,   99.86531731,  236.50754633,   90.68142874,     41.39405058,   27.91904872,   10.60792637,   14.79208914,     25.20125321], [   87.19341265,   76.44405236,   48.61067079,   71.94355322,     70.90736173,   32.35117659,   90.68142874,  165.02110696,     68.58744027,   32.7306513 ,   -0.79710521,   20.68769526,     21.50692719], [   20.16744654,   27.25493857,   -4.79268648,   66.14971483,     67.70137396,   29.46081134,   41.39405058,   68.58744027,    157.25860007,   55.92211959,   12.86235602,   11.42617157,      9.28064345], [  104.68790285,    6.11734351,   42.04800804,   -6.91346663,     31.41857781,   37.18234412,   27.91904872,   32.7306513 ,     55.92211959,  127.31266041,   47.98383121,   15.63484588,      8.40497545], [   93.83475004,    6.52036837,   23.45267666,  -26.61849868,     -2.88582682,   32.52918224,   10.60792637,   -0.79710521,     12.86235602,   47.98383121,  115.50624622,   44.30559159,      2.87742508], [ -129.71570688,   22.39385141,   90.95195585,   52.52943057,     43.72832388,    8.88849895,   14.79208914,   20.68769526,     11.42617157,   15.63484588,   44.30559159,  114.06958627,     51.08942568], [  -99.21693194,  -19.65972761,  109.04520876,   48.01086673,     29.0921631 ,   10.47979037,   25.20125321,   21.50692719,      9.28064345,    8.40497545,    2.87742508,   51.08942568,    111.14236766]]
/root/sim/music/out/John Lennon/Working Class Hero_ The Definitive Lennon [Disc 1]/10-Oh Yoko!.mp3; [-631.96747   , 130.27376   ,   5.140335  ,  15.325006  ,   0.00829092,   10.174811  ,   6.088462  ,   7.7780137 ,  -2.2787638 ,   0.06043841,   -2.8435633 ,  -3.040782  ,  -3.6441472 ]; [[14637.3834286 , 3348.67911915, 1973.92956994,  752.17083261,   -205.10231883,    3.68068549,  -97.55952237,   43.08069997,    119.87161726,  117.59544242,  -48.72640238, -188.03337659,   -195.03453649], [ 3348.67911915, 2607.67621847, 1122.65916413,  461.74714714,    -49.89009551,  -10.4080021 ,   13.12735014,    4.51931769,     80.68090643,  118.04726855,   -8.51715142,  -80.19323759,    -65.79139612], [ 1973.92956994, 1122.65916413, 1122.74778548,  348.09734246,     -7.70372377,  -34.98823617,    5.14008232,  -50.50228624,     48.21475927,   58.0036795 ,  -53.5804732 ,  -36.03963114,    -21.64937542], [  752.17083261,  461.74714714,  348.09734246,  339.37149074,     85.32298645,    2.47318201,  -22.78232558,   -5.59413326,     18.76111446,   21.59845511,  -37.88402685,  -11.77488106,     -2.50317339], [ -205.10231883,  -49.89009551,   -7.70372377,   85.32298645,    178.33580178,   10.59725102,  -30.54044975,   -7.54865265,      7.4603467 ,  -11.29616325,  -17.67505355,   -2.61928139,      6.03379775], [    3.68068549,  -10.4080021 ,  -34.98823617,    2.47318201,     10.59725102,  121.96473981,   60.57892566,   20.29697697,     -6.40992482,    4.07080928,   12.00025402,   -2.78461934,     -5.60521589], [  -97.55952237,   13.12735014,    5.14008232,  -22.78232558,    -30.54044975,   60.57892566,  127.05741761,   37.38135678,    -11.28441938,    5.80888765,    3.21025629,    6.03647701,      3.21056778], [   43.08069997,    4.51931769,  -50.50228624,   -5.59413326,     -7.54865265,   20.29697697,   37.38135678,   94.3127658 ,     17.37367075,   -2.5794971 ,    0.55706131,    0.80184175,      3.90181841], [  119.87161726,   80.68090643,   48.21475927,   18.76111446,      7.4603467 ,   -6.40992482,  -11.28441938,   17.37367075,     91.878295  ,   27.1570855 ,   -8.34959385,  -17.8030417 ,     -6.55079871], [  117.59544242,  118.04726855,   58.0036795 ,   21.59845511,    -11.29616325,    4.07080928,    5.80888765,   -2.5794971 ,     27.1570855 ,   91.28388009,   30.44328067,  -10.08383422,    -17.26071609], [  -48.72640238,   -8.51715142,  -53.5804732 ,  -37.88402685,    -17.67505355,   12.00025402,    3.21025629,    0.55706131,     -8.34959385,   30.44328067,  100.41844031,   27.42178031,    -18.00629679], [ -188.03337659,  -80.19323759,  -36.03963114,  -11.77488106,     -2.61928139,   -2.78461934,    6.03647701,    0.80184175,    -17.8030417 ,  -10.08383422,   27.42178031,   86.23908292,     29.77485694], [ -195.03453649,  -65.79139612,  -21.64937542,   -2.50317339,      6.03379775,   -5.60521589,    3.21056778,    3.90181841,     -6.55079871,  -17.26071609,  -18.00629679,   29.77485694,     82.72759802]]
/root/sim/music/out/John Lennon/Working Class Hero_ The Definitive Lennon [Disc 2]/08-Woman Is The Nigger Of The World.mp3; [-555.20715   , 115.97745   , -13.824898  ,  25.36488   ,   2.7291474 ,    4.56331   ,  -4.9828115 ,   1.6605802 ,  -4.791073  ,   0.09165874,   -2.9252486 ,  -7.0524287 ,  -3.8572834 ]; [[8428.21114598, 415.98120082,-102.0118643 ,  80.2827213 , -68.8361652 ,    25.90723029, -69.8000609 , -60.53166614, -62.94546434,  -2.79998329,     4.26009931,  -4.17102077, -17.530239  ], [ 415.98120082, 451.71964235,  -4.96837615,  19.22549733,  10.15947795,    -9.88338179,   9.82359994,  10.23709164, -19.23534105,   8.81859898,    15.32869672,  -4.15913941, -16.55312455], [-102.0118643 ,  -4.96837615, 262.44359383,  43.73567429,  18.13558835,    24.46062155,  21.08281292,   0.17211576, -24.14534235,  -8.74807305,    -5.83566395,  21.37240778,   8.68205898], [  80.2827213 ,  19.22549733,  43.73567429, 130.9242528 ,  39.86823487,     8.71021064,  -8.30058578,   1.54470228,   1.44145561,  -0.6653307 ,    -6.69258343,   5.83946435,  15.17415842], [ -68.8361652 ,  10.15947795,  18.13558835,  39.86823487, 106.78059673,    19.0253773 ,  -0.54223557,   3.40050232,   9.6277792 ,   2.14909309,    -0.70691061,   2.33615765,   9.00932151], [  25.90723029,  -9.88338179,  24.46062155,   8.71021064,  19.0253773 ,    84.21439161,  34.19409543,   8.15825722,  -3.29069396,  -3.29428358,    -0.63004494,   2.71010155,  -1.1323526 ], [ -69.8000609 ,   9.82359994,  21.08281292,  -8.30058578,  -0.54223557,    34.19409543,  80.18033087,  25.80961501,   0.82257766,   0.30756325,    -2.73387905,  -3.74903365,  -3.17816163], [ -60.53166614,  10.23709164,   0.17211576,   1.54470228,   3.40050232,     8.15825722,  25.80961501,  59.43633643,  21.18011191,   5.29748445,    -4.56903922,  -3.52780546,   0.54490519], [ -62.94546434, -19.23534105, -24.14534235,   1.44145561,   9.6277792 ,    -3.29069396,   0.82257766,  21.18011191,  70.93857672,  23.54268036,     1.08429318, -11.82511203,  -7.10835873], [  -2.79998329,   8.81859898,  -8.74807305,  -0.6653307 ,   2.14909309,    -3.29428358,   0.30756325,   5.29748445,  23.54268036,  59.87288513,    23.95491009,   0.96105307,  -3.11162945], [   4.26009931,  15.32869672,  -5.83566395,  -6.69258343,  -0.70691061,    -0.63004494,  -2.73387905,  -4.56903922,   1.08429318,  23.95491009,    60.30843386,  19.7092734 ,  -0.02762278], [  -4.17102077,  -4.15913941,  21.37240778,   5.83946435,   2.33615765,     2.71010155,  -3.74903365,  -3.52780546, -11.82511203,   0.96105307,    19.7092734 ,  56.64656835,  23.80420519], [ -17.530239  , -16.55312455,   8.68205898,  15.17415842,   9.00932151,    -1.1323526 ,  -3.17816163,   0.54490519,  -7.10835873,  -3.11162945,    -0.02762278,  23.80420519,  56.44266513]]
