/root/sim/music/501~600/584_Hey_Sashi.mp3; [-619.74567   , 135.88843   ,  30.4632    ,  28.748774  ,  34.06775   ,   15.798698  ,   6.2780523 ,   0.73621655,  -9.718753  ,   0.11641771,   -1.9193997 ,   0.30518806,   1.6697181 ]; [[17693.82715432,   70.7494714 , -828.30349021, -688.357815  ,    329.8240007 , -110.10333796, -208.6700848 , -171.30966091,   -337.74724854,  -27.81165983,  -93.22925111,  -28.83754698,     94.44819969], [   70.7494714 , 2444.16754616, -853.24087132,  372.12438041,    260.87028286,  -31.83356569,  154.03963633,   59.15557276,    -66.59942887,  105.62428424,   62.63233171,   50.91919071,    102.61645896], [ -828.30349021, -853.24087132, 1600.85259982,  101.77071759,   -169.82699386,  167.30081757,  -72.86817337,   -9.86320541,     90.56768508, -151.39893959,  -63.01664619,  -23.3783417 ,    -95.53579752], [ -688.357815  ,  372.12438041,  101.77071759,  359.4387166 ,     35.77031642,   26.6210557 ,   53.41188839,   26.6027667 ,     14.04492251,   28.79989677,   26.36870445,   20.2223224 ,    -11.59512508], [  329.8240007 ,  260.87028286, -169.82699386,   35.77031642,    219.58207838,   25.40350163,   74.900658  ,   41.50597544,     25.79501969,   61.01665127,   36.73643724,   15.94411628,     33.12281767], [ -110.10333796,  -31.83356569,  167.30081757,   26.6210557 ,     25.40350163,  134.63100728,   33.46193178,   30.66549159,     17.0065817 ,    1.39447667,    4.26059112,   16.20903252,     -3.5684225 ], [ -208.6700848 ,  154.03963633,  -72.86817337,   53.41188839,     74.900658  ,   33.46193178,  134.9345635 ,   47.68685138,     12.93736353,   40.66310745,   34.6840371 ,   18.10119188,     19.81426287], [ -171.30966091,   59.15557276,   -9.86320541,   26.6027667 ,     41.50597544,   30.66549159,   47.68685138,  101.42507474,     35.4651927 ,   14.35251416,    1.97041542,   19.48205315,     24.28679365], [ -337.74724854,  -66.59942887,   90.56768508,   14.04492251,     25.79501969,   17.0065817 ,   12.93736353,   35.4651927 ,     85.49735535,   21.33190387,   -4.52027781,   -3.74366915,      2.95975721], [  -27.81165983,  105.62428424, -151.39893959,   28.79989677,     61.01665127,    1.39447667,   40.66310745,   14.35251416,     21.33190387,  107.63153867,   45.72827286,   -0.21401215,      4.43945358], [  -93.22925111,   62.63233171,  -63.01664619,   26.36870445,     36.73643724,    4.26059112,   34.6840371 ,    1.97041542,     -4.52027781,   45.72827286,   85.39795233,   35.43379239,     -1.95468111], [  -28.83754698,   50.91919071,  -23.3783417 ,   20.2223224 ,     15.94411628,   16.20903252,   18.10119188,   19.48205315,     -3.74366915,   -0.21401215,   35.43379239,   75.10801898,     27.77724952], [   94.44819969,  102.61645896,  -95.53579752,  -11.59512508,     33.12281767,   -3.5684225 ,   19.81426287,   24.28679365,      2.95975721,    4.43945358,   -1.95468111,   27.77724952,     77.58927198]]
/root/sim/music/501~600/579_OPED用ジングル23.mp3; [-710.5491    , 141.77257   ,  16.628609  ,  35.268982  ,   4.7106533 ,   12.644919  ,   0.3115926 ,  -1.7993733 ,  -6.4394083 ,   5.0032053 ,    0.8964201 ,  -0.45453823,  -5.818114  ]; [[63171.09177645, 8995.6741055 ,  367.15804486,-2507.36305982,  -2057.32355009,-1150.2660447 ,-1324.59689346, -580.43041524,      5.93249757,   53.17585543,-1159.50762609,  235.48077815,   -683.05854546], [ 8995.6741055 , 4206.45427146, 1004.22035013,  265.97353743,   -101.87525279,  278.91541556,  108.82255511,    7.24414995,   -238.47090354,  242.1371908 ,   97.45472703,  214.7642244 ,    -81.35289651], [  367.15804486, 1004.22035013,  636.12101006,  292.1117594 ,    106.38324096,  204.26297614,  143.16416775,   42.10973898,   -114.46002816,   76.30542165,  117.44294272,   80.54532635,     28.15011368], [-2507.36305982,  265.97353743,  292.1117594 ,  487.99178432,    216.87778484,  125.47063311,  159.16043221,   68.63251708,    -36.30927749,   44.22509842,  119.56461857,   17.39499572,     44.83131202], [-2057.32355009, -101.87525279,  106.38324096,  216.87778484,    220.95048043,  119.55396825,   96.89138483,   29.70583113,    -17.27172661,   14.77292671,   75.86242837,   11.02532907,     35.64902985], [-1150.2660447 ,  278.91541556,  204.26297614,  125.47063311,    119.55396825,  221.15836612,  113.18939374,   32.21469045,    -61.08553037,   50.32508361,   88.01948057,   59.63817677,     32.10104828], [-1324.59689346,  108.82255511,  143.16416775,  159.16043221,     96.89138483,  113.18939374,  138.87238012,   42.0737902 ,    -32.16468308,   37.35145357,   69.82642789,   20.37479524,     25.40931314], [ -580.43041524,    7.24414995,   42.10973898,   68.63251708,     29.70583113,   32.21469045,   42.0737902 ,   60.29794482,     13.74655892,    9.84155372,   26.05596304,    8.92043257,      8.3231329 ], [    5.93249757, -238.47090354, -114.46002816,  -36.30927749,    -17.27172661,  -61.08553037,  -32.16468308,   13.74655892,     83.80495947,   -2.75774956,  -33.07621671,  -27.52481835,    -17.72799643], [   53.17585543,  242.1371908 ,   76.30542165,   44.22509842,     14.77292671,   50.32508361,   37.35145357,    9.84155372,     -2.75774956,   91.34074245,   45.60790671,   19.281906  ,     -2.3122271 ], [-1159.50762609,   97.45472703,  117.44294272,  119.56461857,     75.86242837,   88.01948057,   69.82642789,   26.05596304,    -33.07621671,   45.60790671,  101.09437846,   40.75623474,     19.24675742], [  235.48077815,  214.7642244 ,   80.54532635,   17.39499572,     11.02532907,   59.63817677,   20.37479524,    8.92043257,    -27.52481835,   19.281906  ,   40.75623474,   74.34017606,     23.14256762], [ -683.05854546,  -81.35289651,   28.15011368,   44.83131202,     35.64902985,   32.10104828,   25.40931314,    8.3231329 ,    -17.72799643,   -2.3122271 ,   19.24675742,   23.14256762,     63.60759719]]
/root/sim/music/501~600/574_入道雲の下、大海原.mp3; [-705.80554   , 218.75665   , -31.93579   ,   3.028744  ,  -8.539009  ,    1.4385881 ,  -4.668196  ,   1.5346804 ,  -3.573485  ,  -0.42469913,   -1.489731  ,  -2.8973265 ,  -1.41826   ]; [[12855.4712953 , 1597.46728695, -494.02781997, 1026.76861095,   -118.06789725,  318.67781445,  137.31675345,  351.89468188,    198.3957208 ,  172.83569133,  -78.39608463, -207.03575731,    -74.0792928 ], [ 1597.46728695, 1969.83945467,  188.42662701,   84.81448882,    231.30264625,  181.90337505,  194.85573144,  160.80426297,     89.22981123,   16.62388876,  -28.13826632,  -20.05734722,    -10.98784062], [ -494.02781997,  188.42662701,  566.45877216,   90.3490648 ,    113.29423471,   45.70617441,   37.06968134,   64.08069768,     99.59762282,   64.6298017 ,   34.94836051,   22.41844831,      7.69274431], [ 1026.76861095,   84.81448882,   90.3490648 ,  457.23757167,    139.87269377,  121.66894602,   57.1340983 ,   66.64894265,     35.6092092 ,   51.02555517,   29.64601113,    5.78207577,      3.29981865], [ -118.06789725,  231.30264625,  113.29423471,  139.87269377,    247.04876995,  170.37097606,  111.68464464,   42.48307772,      3.37943058,  -25.17753016,    6.03947016,   46.47177307,     36.60412521], [  318.67781445,  181.90337505,   45.70617441,  121.66894602,    170.37097606,  295.67002734,  217.88432609,  111.61526279,     26.4005835 ,  -33.27411407,  -22.44360285,    2.70198145,     16.59088721], [  137.31675345,  194.85573144,   37.06968134,   57.1340983 ,    111.68464464,  217.88432609,  323.38328622,  205.12287385,     94.6603377 ,   -4.37333354,  -38.97910981,  -35.00527855,      2.28774217], [  351.89468188,  160.80426297,   64.08069768,   66.64894265,     42.48307772,  111.61526279,  205.12287385,  283.25479455,    186.02771459,   75.26833043,  -32.7293618 ,  -62.64388498,    -30.85145617], [  198.3957208 ,   89.22981123,   99.59762282,   35.6092092 ,      3.37943058,   26.4005835 ,   94.6603377 ,  186.02771459,    244.39868289,  140.73369964,    1.20717162,  -69.42265766,    -54.16789173], [  172.83569133,   16.62388876,   64.6298017 ,   51.02555517,    -25.17753016,  -33.27411407,   -4.37333354,   75.26833043,    140.73369964,  209.22616597,  112.90609116,   14.21517506,    -36.58050212], [  -78.39608463,  -28.13826632,   34.94836051,   29.64601113,      6.03947016,  -22.44360285,  -38.97910981,  -32.7293618 ,      1.20717162,  112.90609116,  226.89558693,  174.42316526,     40.49842667], [ -207.03575731,  -20.05734722,   22.41844831,    5.78207577,     46.47177307,    2.70198145,  -35.00527855,  -62.64388498,    -69.42265766,   14.21517506,  174.42316526,  275.41919815,    134.90973528], [  -74.0792928 ,  -10.98784062,    7.69274431,    3.29981865,     36.60412521,   16.59088721,    2.28774217,  -30.85145617,    -54.16789173,  -36.58050212,   40.49842667,  134.90973528,    201.09246806]]
/root/sim/music/501~600/595_Sky_High_Station.mp3; [-596.2361   ,  90.52198  , -19.618187 , -15.659978 , -16.478731 ,   -6.618464 ,  -9.675561 ,  -5.2914295,  -4.821392 ,   4.9581976,    3.9582682,   2.994427 ,  -4.0989003]; [[14238.93220679, 2230.30392779, 1591.02025729,  838.4658227 ,    899.39661295,  584.74962794,  541.90649092,  256.87471297,     77.11612659,   70.49423458,  -34.18489933,   65.95312528,    -13.62479856], [ 2230.30392779, 1935.72375223,  853.6084206 ,  702.45509831,    641.80247495,  405.69639644,  247.6175811 ,  103.62904493,    -24.88216585, -107.8065121 , -148.23740129,  -46.98029919,     26.2217774 ], [ 1591.02025729,  853.6084206 , 1443.69386462,  775.96551884,    792.94358323,  510.60913998,  457.05410413,  279.0069091 ,    132.23398967,   86.00475207,   58.37794922,  121.46640952,     83.65102072], [  838.4658227 ,  702.45509831,  775.96551884,  729.25710512,    567.71813066,  423.28718561,  335.40249577,  249.61510959,    178.37660978,  122.60218316,   81.77988789,   80.08497548,     38.93530742], [  899.39661295,  641.80247495,  792.94358323,  567.71813066,    743.69791689,  498.33727695,  394.98132096,  249.81240494,    204.44327072,  166.46441306,   77.98643885,   69.54855499,     14.58740724], [  584.74962794,  405.69639644,  510.60913998,  423.28718561,    498.33727695,  499.27114056,  373.50643573,  240.28673346,    191.42591042,  170.77502659,   98.39183918,   68.76032583,     25.5678183 ], [  541.90649092,  247.6175811 ,  457.05410413,  335.40249577,    394.98132096,  373.50643573,  434.3584107 ,  320.73907447,    205.90952855,  152.43267597,  103.25739405,   84.70882507,     30.72217876], [  256.87471297,  103.62904493,  279.0069091 ,  249.61510959,    249.81240494,  240.28673346,  320.73907447,  364.74405007,    242.32389005,  146.84146665,  103.44703432,   76.76911842,     31.23520744], [   77.11612659,  -24.88216585,  132.23398967,  178.37660978,    204.44327072,  191.42591042,  205.90952855,  242.32389005,    284.54546696,  211.25531394,  123.98185111,   64.15095069,      8.93099907], [   70.49423458, -107.8065121 ,   86.00475207,  122.60218316,    166.46441306,  170.77502659,  152.43267597,  146.84146665,    211.25531394,  271.3862222 ,  183.40119136,   90.47064852,    -12.95584279], [  -34.18489933, -148.23740129,   58.37794922,   81.77988789,     77.98643885,   98.39183918,  103.25739405,  103.44703432,    123.98185111,  183.40119136,  224.81713418,  131.39071303,     15.16182743], [   65.95312528,  -46.98029919,  121.46640952,   80.08497548,     69.54855499,   68.76032583,   84.70882507,   76.76911842,     64.15095069,   90.47064852,  131.39071303,  169.88658196,     67.69703749], [  -13.62479856,   26.2217774 ,   83.65102072,   38.93530742,     14.58740724,   25.5678183 ,   30.72217876,   31.23520744,      8.93099907,  -12.95584279,   15.16182743,   67.69703749,    126.13062824]]
/root/sim/music/501~600/519_夏の昼下がり.mp3; [-837.24725  , 271.73996  ,   3.1436949,   5.9916124,   1.6805253,   -6.095277 , -11.784183 , -11.560602 ,  -9.153669 ,  -1.0492642,   -2.838283 ,  -4.030245 ,  -5.2029943]; [[5271.29983559,1798.06198277,-995.93236449,  59.50644076, 166.26461634,    47.50642591, -32.73385821,   0.29311615, -80.28331841, -18.78280319,   -61.50792934, -10.46841415,  12.73539862], [1798.06198277,1425.3580642 ,-245.46071716,-101.98941   , 139.12886501,    65.58563972,   9.86502931, -17.13564931,  27.26541449,  40.26481264,    13.94094845,   2.30885751,  34.42696115], [-995.93236449,-245.46071716, 535.15404136,  13.38628949, -45.85470016,    37.19068091,  51.04031475,  33.32884871,  41.6500267 ,  32.02627286,    46.01121046,  20.31650974,  -2.27101177], [  59.50644076,-101.98941   ,  13.38628949, 148.87574758,   6.81844492,     4.5710935 ,  43.9164026 ,  36.01483606,  -5.6171851 ,  10.999404  ,    15.73788993,   8.39964664,  -4.75480738], [ 166.26461634, 139.12886501, -45.85470016,   6.81844492, 126.91410522,    76.98775183,  21.81740605,  12.73185657,  32.67072218,  33.5460545 ,    18.94502715,   8.28752756,  20.40065712], [  47.50642591,  65.58563972,  37.19068091,   4.5710935 ,  76.98775183,   117.02942333,  62.44887271,  22.40457867,  38.00999158,  37.81229188,    17.96316098,   6.73060461,  11.30043938], [ -32.73385821,   9.86502931,  51.04031475,  43.9164026 ,  21.81740605,    62.44887271, 105.96788919,  67.39261683,  28.24005473,  27.46100467,    27.30146993,  12.33770431,   2.32168856], [   0.29311615, -17.13564931,  33.32884871,  36.01483606,  12.73185657,    22.40457867,  67.39261683,  89.48516685,  41.36820219,  17.37217583,    23.37390056,  15.32022209,   3.90468363], [ -80.28331841,  27.26541449,  41.6500267 ,  -5.6171851 ,  32.67072218,    38.00999158,  28.24005473,  41.36820219,  80.51795461,  56.19699392,    13.95332442,   5.58481468,  18.45696877], [ -18.78280319,  40.26481264,  32.02627286,  10.999404  ,  33.5460545 ,    37.81229188,  27.46100467,  17.37217583,  56.19699392,  91.78143106,    40.9046577 ,   5.92601478,  26.73471943], [ -61.50792934,  13.94094845,  46.01121046,  15.73788993,  18.94502715,    17.96316098,  27.30146993,  23.37390056,  13.95332442,  40.9046577 ,    68.23893776,  34.47641262,  12.25469978], [ -10.46841415,   2.30885751,  20.31650974,   8.39964664,   8.28752756,     6.73060461,  12.33770431,  15.32022209,   5.58481468,   5.92601478,    34.47641262,  53.99690343,  24.08565093], [  12.73539862,  34.42696115,  -2.27101177,  -4.75480738,  20.40065712,    11.30043938,   2.32168856,   3.90468363,  18.45696877,  26.73471943,    12.25469978,  24.08565093,  58.17051592]]
/root/sim/music/501~600/553_Sawayaka_Flow.mp3; [-582.66693  , 117.92753  , -18.02563  ,  46.40022  ,  10.985481 ,    9.739384 ,   3.7633088,  -2.4104774,   4.4418216,   1.8607634,  -12.454433 ,  -5.3431168,  -6.478514 ]; [[ 5472.07166199,-1216.26226886,  168.98625619, -582.08138517,   -380.08138381, -341.19885358, -184.75726238,  -45.58696918,    -54.70860812,  -16.17257063,   51.60688965,  112.4625092 ,     84.72270525], [-1216.26226886,  990.2964638 , -421.91409895,  304.66119198,     36.43316666,   64.34128711,   96.88707014,  -14.28433478,     58.42075737,   28.61622329,   -0.43104211,   21.538155  ,    -20.04698275], [  168.98625619, -421.91409895,  736.16195296,  -84.99312574,    166.29774643,   57.60796172,  -73.76567083,   73.12839514,    -94.25683023,    3.69110053,   59.56919936,   -9.37362144,     37.869286  ], [ -582.08138517,  304.66119198,  -84.99312574,  270.50175814,    122.32663133,  113.517585  ,   91.43856082,   64.52162918,     83.01195608,   61.10647553,   15.97164855,   22.11008814,     12.3382176 ], [ -380.08138381,   36.43316666,  166.29774643,  122.32663133,    220.67395736,  132.16251242,   67.44695122,   87.29742059,     41.38027974,   67.28960926,   25.35913404,   13.25721583,     21.66469253], [ -341.19885358,   64.34128711,   57.60796172,  113.517585  ,    132.16251242,  156.76785319,   93.50601642,   79.9121254 ,     46.59457771,   52.07120951,   20.90491424,    8.40411368,     11.10361355], [ -184.75726238,   96.88707014,  -73.76567083,   91.43856082,     67.44695122,   93.50601642,  135.24797387,   82.39263144,     74.71751742,   51.36251861,    3.65593303,   19.76737313,     10.09275739], [  -45.58696918,  -14.28433478,   73.12839514,   64.52162918,     87.29742059,   79.9121254 ,   82.39263144,  126.90690219,     72.87862217,   51.58986678,    7.07457563,    5.0802754 ,     12.61095554], [  -54.70860812,   58.42075737,  -94.25683023,   83.01195608,     41.38027974,   46.59457771,   74.71751742,   72.87862217,    125.75443243,   72.5449444 ,    1.90557256,   12.4772672 ,      6.02735057], [  -16.17257063,   28.61622329,    3.69110053,   61.10647553,     67.28960926,   52.07120951,   51.36251861,   51.58986678,     72.5449444 ,   88.51249429,   30.33876669,   19.58450505,      7.66516665], [   51.60688965,   -0.43104211,   59.56919936,   15.97164855,     25.35913404,   20.90491424,    3.65593303,    7.07457563,      1.90557256,   30.33876669,   59.87815602,   29.03246484,      6.34605334], [  112.4625092 ,   21.538155  ,   -9.37362144,   22.11008814,     13.25721583,    8.40411368,   19.76737313,    5.0802754 ,     12.4772672 ,   19.58450505,   29.03246484,   54.20931201,     26.78933157], [   84.72270525,  -20.04698275,   37.869286  ,   12.3382176 ,     21.66469253,   11.10361355,   10.09275739,   12.61095554,      6.02735057,    7.66516665,    6.34605334,   26.78933157,     49.12643037]]
/root/sim/music/501~600/596_Floating_Yellow_Hammock_M346.mp3; [-606.5146   , 154.03993  ,   1.8058847,  29.068962 ,   1.7794105,   -1.8456323,  -9.16917  ,  -4.069626 ,  -0.398884 ,   4.0047197,   -1.0549271,   2.5609853,  -1.045904 ]; [[10909.98377013, -206.22205042, -217.80443624,  189.4288892 ,    110.39418083,  260.14838739,  148.38371973,  217.73138528,    156.33981039,   91.47685113,  -49.91359211,   63.50373137,     25.25428355], [ -206.22205042, 1240.70925481, -141.92676236,   27.66599835,    156.93199681,  -36.18534088,   15.17925814,   40.3222878 ,     25.18915386,   63.79740075,   63.51808459,    6.04921211,     27.9295717 ], [ -217.80443624, -141.92676236,  516.22381369,   90.01927925,     11.18492484,  106.15470947,   54.78544879,   10.31794754,     56.50203201,   25.17864285,   47.60603834,   50.5585246 ,      8.61444062], [  189.4288892 ,   27.66599835,   90.01927925,  180.81313965,     42.4240148 ,   67.86143169,   37.2593132 ,   35.88293772,     37.36055437,   35.13662513,   27.21329105,   42.70488991,     27.48867283], [  110.39418083,  156.93199681,   11.18492484,   42.4240148 ,    185.5780861 ,   48.33889814,   42.58498912,   48.61922183,     18.5775253 ,   26.96280524,   21.8872401 ,    6.31079888,     34.86509876], [  260.14838739,  -36.18534088,  106.15470947,   67.86143169,     48.33889814,  167.37282972,   71.70006106,   33.75985232,     31.61247719,    2.87317531,    8.77505587,   13.1341181 ,     17.44512718], [  148.38371973,   15.17925814,   54.78544879,   37.2593132 ,     42.58498912,   71.70006106,  120.27162068,   55.87047307,     38.45054093,   18.12555859,   17.18473383,   19.29627048,     15.18743751], [  217.73138528,   40.3222878 ,   10.31794754,   35.88293772,     48.61922183,   33.75985232,   55.87047307,  110.40816366,     48.95715543,   31.42385852,   23.20142351,   15.37714909,     31.16840274], [  156.33981039,   25.18915386,   56.50203201,   37.36055437,     18.5775253 ,   31.61247719,   38.45054093,   48.95715543,    105.21440238,   41.14002581,   20.66216754,   29.43490709,     18.46412707], [   91.47685113,   63.79740075,   25.17864285,   35.13662513,     26.96280524,    2.87317531,   18.12555859,   31.42385852,     41.14002581,  104.94000475,   47.378083  ,   25.61064461,      0.72949216], [  -49.91359211,   63.51808459,   47.60603834,   27.21329105,     21.8872401 ,    8.77505587,   17.18473383,   23.20142351,     20.66216754,   47.378083  ,   97.05760035,   33.89474434,      8.11829534], [   63.50373137,    6.04921211,   50.5585246 ,   42.70488991,      6.31079888,   13.1341181 ,   19.29627048,   15.37714909,     29.43490709,   25.61064461,   33.89474434,   82.43596766,     22.51332285], [   25.25428355,   27.9295717 ,    8.61444062,   27.48867283,     34.86509876,   17.44512718,   15.18743751,   31.16840274,     18.46412707,    0.72949216,    8.11829534,   22.51332285,     84.81998012]]
/root/sim/music/501~600/585_Terminal_Criminal.mp3; [-547.9971   ,  68.67375  ,  29.229523 ,  14.265369 ,   1.7952299,   10.471115 ,   5.7641926,   9.024135 ,   4.567202 ,   2.124197 ,   -4.392548 ,  -2.5103638,   0.5190174]; [[10621.1257305 ,  537.98538451, 1008.69071471,  464.82195363,    235.08056413,  181.58787557,  -97.91024358, -253.40885274,   -223.10479278,  -85.21968444,  -62.00390403,   12.74235941,    -29.21428135], [  537.98538451, 1068.80081388,  198.27820862,  251.83660114,    173.80894745,  128.62680898,   79.91078815,   39.47622294,    -16.90835509,  -77.69399831,  -54.8207084 ,    9.18980045,      6.51476673], [ 1008.69071471,  198.27820862,  544.23422332,  218.625578  ,     57.19946685,   42.14856803,  -11.88936272,  -52.35668818,    -72.23465686,  -67.69630187,  -57.47063121,  -25.87148685,    -24.60791706], [  464.82195363,  251.83660114,  218.625578  ,  228.94579126,    127.67622742,   92.69675731,   53.66148492,   18.66708276,     12.04869869,  -31.12776014,  -27.50342149,    4.27354959,     -8.31985544], [  235.08056413,  173.80894745,   57.19946685,  127.67622742,    174.68833666,  119.14614256,   78.43659192,   51.57471143,     37.15159767,   -6.23884605,   -8.65894416,   15.17248465,     12.58901545], [  181.58787557,  128.62680898,   42.14856803,   92.69675731,    119.14614256,  153.46085325,  111.70705139,   73.80957177,     46.96674373,   -0.16631445,   -6.49662712,   12.03912645,      9.55765716], [  -97.91024358,   79.91078815,  -11.88936272,   53.66148492,     78.43659192,  111.70705139,  140.45916968,  107.10408405,     67.36815298,    7.83846724,    4.26216034,   23.9176112 ,     32.87214516], [ -253.40885274,   39.47622294,  -52.35668818,   18.66708276,     51.57471143,   73.80957177,  107.10408405,  138.80348028,     97.43647931,   29.88032873,   13.70239921,   26.45924083,     41.00085385], [ -223.10479278,  -16.90835509,  -72.23465686,   12.04869869,     37.15159767,   46.96674373,   67.36815298,   97.43647931,    119.70111978,   65.7095709 ,   27.45740256,   21.66502081,     28.97740604], [  -85.21968444,  -77.69399831,  -67.69630187,  -31.12776014,     -6.23884605,   -0.16631445,    7.83846724,   29.88032873,     65.7095709 ,  107.60728886,   73.47961092,   19.76729551,     15.06341308], [  -62.00390403,  -54.8207084 ,  -57.47063121,  -27.50342149,     -8.65894416,   -6.49662712,    4.26216034,   13.70239921,     27.45740256,   73.47961092,  104.4856441 ,   59.78438178,     21.2082494 ], [   12.74235941,    9.18980045,  -25.87148685,    4.27354959,     15.17248465,   12.03912645,   23.9176112 ,   26.45924083,     21.66502081,   19.76729551,   59.78438178,  108.47310428,     84.39943741], [  -29.21428135,    6.51476673,  -24.60791706,   -8.31985544,     12.58901545,    9.55765716,   32.87214516,   41.00085385,     28.97740604,   15.06341308,   21.2082494 ,   84.39943741,    147.21984643]]
/root/sim/music/501~600/578_Dazzling_Days.mp3; [-591.8879    , 126.63056   ,  -2.3222377 ,  37.247765  ,   5.3413625 ,    0.49047384,  -4.601101  ,   4.6471996 ,   1.0455089 ,   1.9069428 ,   -4.5342546 ,  -2.436655  ,  -6.820331  ]; [[13965.43188096,-1178.58747654,  322.72488016,  157.49188503,    139.92033373,  720.17123703,  561.74240024,  662.4790721 ,    586.9146102 ,  764.66140189,  567.70473597,  217.70772195,     93.26242304], [-1178.58747654, 1251.57162839, -434.14793782,  198.39230198,    -33.98072909, -231.22214866,  -71.01051462,  -47.27952406,     -6.50834405,  -64.09526452,  -80.06066   ,   22.1476406 ,     -5.39626995], [  322.72488016, -434.14793782,  656.80438414,  -51.14882322,    125.34687324,  201.88770911,   72.46031616,   90.69296758,     35.39326686,   17.99808775,   52.97608023,    8.5473804 ,     34.70150429], [  157.49188503,  198.39230198,  -51.14882322,  236.68545763,     89.03783008,   46.64965586,   63.37910785,   25.35211286,     39.0107556 ,   33.85875686,   28.45858708,   40.96623073,     14.84383798], [  139.92033373,  -33.98072909,  125.34687324,   89.03783008,    231.44059627,  150.65748563,  124.85329983,   32.20013938,     25.66956798,   48.48406034,   15.03368487,    4.06323947,     29.85385746], [  720.17123703, -231.22214866,  201.88770911,   46.64965586,    150.65748563,  237.48168704,  167.51661946,  101.09758784,     62.20883685,   76.12964042,   46.78316625,   12.47703231,     23.51915713], [  561.74240024,  -71.01051462,   72.46031616,   63.37910785,    124.85329983,  167.51661946,  209.25459217,  106.95543445,     84.16892202,   86.79680207,   40.77610101,   13.6634735 ,     19.68326088], [  662.4790721 ,  -47.27952406,   90.69296758,   25.35211286,     32.20013938,  101.09758784,  106.95543445,  155.73661338,    103.25409196,   66.95567105,   53.64229716,   31.51038123,     16.68310121], [  586.9146102 ,   -6.50834405,   35.39326686,   39.0107556 ,     25.66956798,   62.20883685,   84.16892202,  103.25409196,    125.7034387 ,   87.92909884,   54.25136242,   31.50590578,     10.71994991], [  764.66140189,  -64.09526452,   17.99808775,   33.85875686,     48.48406034,   76.12964042,   86.79680207,   66.95567105,     87.92909884,  130.83124957,   72.40235892,   24.69361431,      5.15470426], [  567.70473597,  -80.06066   ,   52.97608023,   28.45858708,     15.03368487,   46.78316625,   40.77610101,   53.64229716,     54.25136242,   72.40235892,  100.62323302,   49.16795697,     13.06217257], [  217.70772195,   22.1476406 ,    8.5473804 ,   40.96623073,      4.06323947,   12.47703231,   13.6634735 ,   31.51038123,     31.50590578,   24.69361431,   49.16795697,   77.31686556,     25.3746072 ], [   93.26242304,   -5.39626995,   34.70150429,   14.84383798,     29.85385746,   23.51915713,   19.68326088,   16.68310121,     10.71994991,    5.15470426,   13.06217257,   25.3746072 ,     55.17343532]]
/root/sim/music/501~600/527_涼風薫る宵.mp3; [-737.6271   , 116.95743  ,  -7.043012 ,  -3.4364781, -13.5508   ,  -10.802075 , -18.807732 , -11.123565 , -15.703573 , -16.992641 ,  -14.021695 ,  -7.348992 ,  -7.866668 ]; [[1950.43687244,-293.78559386, 209.66670773,  68.10639017, -26.62842506,   -14.2084823 ,  60.47159928,  50.7210235 ,  33.90422051,  42.42508748,    -0.94700759,  38.2641301 ,  -5.69615018], [-293.78559386, 446.29539478,  80.61170529, 186.77478324,  69.32377944,   102.65763525,  39.64922483,  36.77798408,  74.53643889,  95.26227709,    37.65592969, -10.26742104, -39.96327803], [ 209.66670773,  80.61170529, 258.32760115, 151.17418239,  72.48883863,    81.99461019,  72.21687986,  55.08414532,  51.02459091,  72.17616473,    30.47691566,  17.75167246, -29.78930271], [  68.10639017, 186.77478324, 151.17418239, 231.36341994,  90.09233675,   106.49949285,  26.21026927,  29.73715465, 103.74007821,  95.47597697,    32.53377286,   7.00270361, -16.51039113], [ -26.62842506,  69.32377944,  72.48883863,  90.09233675, 120.87081862,    48.64402744,  23.04115621,  13.01669974,  24.35338892,  50.46459611,    27.70782605,  19.83627802,   7.26020134], [ -14.2084823 , 102.65763525,  81.99461019, 106.49949285,  48.64402744,   176.06836478,  13.08228394, -39.04027732,  91.35224779,  55.65926849,    33.17855403,   0.8990133 ,  -1.3299376 ], [  60.47159928,  39.64922483,  72.21687986,  26.21026927,  23.04115621,    13.08228394, 216.09137256,  -0.19816335, -39.07344748,  41.00084056,    30.99384431,  47.46091466,  -8.30335812], [  50.7210235 ,  36.77798408,  55.08414532,  29.73715465,  13.01669974,   -39.04027732,  -0.19816335, 232.81301465,  -4.28034839, -32.60334289,   -14.34166197,   3.96305827,  -9.46281737], [  33.90422051,  74.53643889,  51.02459091, 103.74007821,  24.35338892,    91.35224779, -39.07344748,  -4.28034839, 230.92090397,  66.99354269,    -3.41230925, -14.51839268,  17.6243868 ], [  42.42508748,  95.26227709,  72.17616473,  95.47597697,  50.46459611,    55.65926849,  41.00084056, -32.60334289,  66.99354269, 160.54600667,    41.13444124,   9.73961916, -19.69788648], [  -0.94700759,  37.65592969,  30.47691566,  32.53377286,  27.70782605,    33.17855403,  30.99384431, -14.34166197,  -3.41230925,  41.13444124,   120.68722096,  58.85875226,  15.61850093], [  38.2641301 , -10.26742104,  17.75167246,   7.00270361,  19.83627802,     0.8990133 ,  47.46091466,   3.96305827, -14.51839268,   9.73961916,    58.85875226, 125.21993089,  38.99724076], [  -5.69615018, -39.96327803, -29.78930271, -16.51039113,   7.26020134,    -1.3299376 ,  -8.30335812,  -9.46281737,  17.6243868 , -19.69788648,    15.61850093,  38.99724076, 132.02288178]]
/root/sim/music/501~600/540_神秘の森.mp3; [-620.3917    ,  77.92029   , -12.143073  ,  14.047139  , -28.651945  ,    8.040841  ,   5.4559484 ,   5.6752105 ,   5.0857773 ,   0.09007633,   -2.2957904 ,  -0.262311  ,  -3.890254  ]; [[24308.66035586,-1963.23862346, 1135.89231651, 1729.89562961,   1092.97528102, 1128.41992802, -197.77293787, -140.11464025,    224.71252433,  936.8085781 ,  674.09291091,  211.31677685,   -197.87797955], [-1963.23862346, 5525.96351789,  -63.38009709, -732.14475182,    495.85934472, -650.52917526, -463.74433833, -290.43711794,    -80.85918889,  -13.02266657,  189.06606985,  -93.31542001,   -201.35038428], [ 1135.89231651,  -63.38009709, 1871.86322965,  573.00779581,    397.41342917,  331.30649406,  300.82570134,  228.96444904,    153.38473194,   53.53069528,   78.95474596,   97.0900894 ,    106.46895583], [ 1729.89562961, -732.14475182,  573.00779581, 1609.03122009,     66.13125085,  726.39789764,  553.00133681,  302.39339883,    189.91019487,  109.20575297,   61.50520777,  141.26558314,    135.70325433], [ 1092.97528102,  495.85934472,  397.41342917,   66.13125085,    893.19357462,  202.23337671,   74.45348967,   58.17050251,    119.53981586,  159.23218969,  140.06405376,   35.93595772,     -7.48611879], [ 1128.41992802, -650.52917526,  331.30649406,  726.39789764,    202.23337671,  820.7370319 ,  500.70940806,  242.38969146,    197.620328  ,  174.99059289,   66.49384444,   95.41321298,    116.0487548 ], [ -197.77293787, -463.74433833,  300.82570134,  553.00133681,     74.45348967,  500.70940806,  596.0779942 ,  289.46290941,    177.80477197,   29.94590799,   47.57517009,  118.95954725,    117.73908954], [ -140.11464025, -290.43711794,  228.96444904,  302.39339883,     58.17050251,  242.38969146,  289.46290941,  399.26441566,    159.15372072,   49.27760332,   12.67938909,   90.52040281,    108.68929897], [  224.71252433,  -80.85918889,  153.38473194,  189.91019487,    119.53981586,  197.620328  ,  177.80477197,  159.15372072,    288.20824759,  105.52146649,   16.87555643,   59.14102072,     78.35636656], [  936.8085781 ,  -13.02266657,   53.53069528,  109.20575297,    159.23218969,  174.99059289,   29.94590799,   49.27760332,    105.52146649,  283.56101177,  160.24912294,   30.20235545,     -5.35149514], [  674.09291091,  189.06606985,   78.95474596,   61.50520777,    140.06405376,   66.49384444,   47.57517009,   12.67938909,     16.87555643,  160.24912294,  281.21381407,   93.1263416 ,    -38.14445377], [  211.31677685,  -93.31542001,   97.0900894 ,  141.26558314,     35.93595772,   95.41321298,  118.95954725,   90.52040281,     59.14102072,   30.20235545,   93.1263416 ,  167.48824132,     54.34727596], [ -197.87797955, -201.35038428,  106.46895583,  135.70325433,     -7.48611879,  116.0487548 ,  117.73908954,  108.68929897,     78.35636656,   -5.35149514,  -38.14445377,   54.34727596,    149.31796582]]
/root/sim/music/501~600/555_芸術っぽいサムシング.mp3; [-1097.7188   ,  169.66122  ,   50.153015 ,  -16.483229 ,  -24.444344 ,   -11.725214 ,    1.7667588,   10.039981 ,    9.626144 ,    4.6874113,     3.6535978,    6.568888 ,    7.1109624]; [[ 4889.70824939, 3877.11273615, -353.80246415,-1382.19906517,   -761.9846482 , -357.6681796 , -303.56609982, -307.58121021,   -267.9307809 , -171.51450664,  -62.05791186,  -11.958275  ,    -39.79050402], [ 3877.11273615, 3319.08028886,    2.67107525,-1124.56924218,   -798.9987743 , -417.73511834, -263.32351769, -214.3060089 ,   -180.76934036, -132.0191193 ,  -79.92502377,  -45.5614516 ,    -19.19169162], [ -353.80246415,    2.67107525,  502.01453194,  213.09824428,   -193.54951654, -221.54040785,  -67.75750944,   39.71730811,     74.74958274,   51.05604066,  -17.4238336 ,  -54.95733906,      1.09257638], [-1382.19906517,-1124.56924218,  213.09824428,  664.50011159,    396.19392955,   89.88705511,  -17.68301155,   -7.10466557,     30.64020539,   57.60986888,   52.37750622,   36.92915448,     19.8743667 ], [ -761.9846482 , -798.9987743 , -193.54951654,  396.19392955,    603.7045405 ,  358.18976805,   32.36201024, -116.8753374 ,   -114.21845898,  -31.09394703,   69.54179542,  119.59744454,     63.25769477], [ -357.6681796 , -417.73511834, -221.54040785,   89.88705511,    358.18976805,  357.14962612,  161.26073667,  -31.93625467,   -121.23034582,  -85.86503828,   29.01531956,  108.80710764,     74.45990073], [ -303.56609982, -263.32351769,  -67.75750944,  -17.68301155,     32.36201024,  161.26073667,  263.46506944,  195.50291604,      4.35756776, -117.61767098,  -64.17562186,   52.44058597,     68.80117005], [ -307.58121021, -214.3060089 ,   39.71730811,   -7.10466557,   -116.8753374 ,  -31.93625467,  195.50291604,  320.85479073,    201.20249192,  -30.50624716, -131.39961835,  -66.56566611,      5.02047373], [ -267.9307809 , -180.76934036,   74.74958274,   30.64020539,   -114.21845898, -121.23034582,    4.35756776,  201.20249192,    324.45079522,  214.93148276,  -49.54163212, -220.53893303,   -162.97377793], [ -171.51450664, -132.0191193 ,   51.05604066,   57.60986888,    -31.09394703,  -85.86503828, -117.61767098,  -30.50624716,    214.93148276,  356.03455251,  151.85771319, -194.07670306,   -266.45215465], [  -62.05791186,  -79.92502377,  -17.4238336 ,   52.37750622,     69.54179542,   29.01531956,  -64.17562186, -131.39961835,    -49.54163212,  151.85771319,  248.79673514,  111.08960594,    -89.46630945], [  -11.958275  ,  -45.5614516 ,  -54.95733906,   36.92915448,    119.59744454,  108.80710764,   52.44058597,  -66.56566611,   -220.53893303, -194.07670306,  111.08960594,  382.92728741,    255.40745208], [  -39.79050402,  -19.19169162,    1.09257638,   19.8743667 ,     63.25769477,   74.45990073,   68.80117005,    5.02047373,   -162.97377793, -266.45215465,  -89.46630945,  255.40745208,    356.70868444]]
/root/sim/music/501~600/529_Light_Lags.mp3; [-874.5099    , 256.7747    , -26.963459  , -25.410732  ,  -4.0854864 ,   -9.2268505 ,  -6.6161904 ,   6.1324525 ,   4.93854   ,   0.13480219,   -0.7147225 ,  -0.87379265,  -1.0060124 ]; [[ 7455.66303832, 1648.37665062,-1484.45610618,  307.9566044 ,   -447.38569146,  -51.2172955 ,   -0.54646104,   -9.6854839 ,   -102.13214271,  -48.58933904,  -34.95184886,   52.4519168 ,    -43.80020867], [ 1648.37665062, 1635.66342891,  -95.0356313 ,  -90.2054965 ,    215.2442377 ,  -56.58795573,  -12.33831663,   37.31103543,    -11.73862985,  -79.66007234,  -77.37050743,  -51.80115534,    -36.59598458], [-1484.45610618,  -95.0356313 ,  779.28300631,   50.55938473,    199.39355001,  169.47040906,   89.25822672,   66.28571622,     56.10051707,   -9.5979859 ,  -36.95002385,  -49.03072926,    -56.37193275], [  307.9566044 ,  -90.2054965 ,   50.55938473,  332.47374399,    100.7881668 ,  100.66701963,   82.19184125,    2.46271184,    -18.39784982,    8.2103114 ,    2.05881554,    1.30646944,    -20.38019448], [ -447.38569146,  215.2442377 ,  199.39355001,  100.7881668 ,    340.07494975,   88.0892621 ,   32.38198199,   -9.38554036,    -49.71118392,  -28.10172537,  -22.2127696 ,  -14.79188342,      2.15407744], [  -51.2172955 ,  -56.58795573,  169.47040906,  100.66701963,     88.0892621 ,  294.6248469 ,  200.11109391,   50.61451435,    -30.88717343,  -61.69730988,  -36.97770915,  -28.80286877,    -43.59254271], [   -0.54646104,  -12.33831663,   89.25822672,   82.19184125,     32.38198199,  200.11109391,  278.17381478,  127.52157774,    -24.08412173,  -54.76714339,  -30.33029625,  -25.26957984,    -37.6861918 ], [   -9.6854839 ,   37.31103543,   66.28571622,    2.46271184,     -9.38554036,   50.61451435,  127.52157774,  178.39876553,     67.36471887,  -48.66868299,  -50.05771804,  -35.56826154,     -7.93158224], [ -102.13214271,  -11.73862985,   56.10051707,  -18.39784982,    -49.71118392,  -30.88717343,  -24.08412173,   67.36471887,    143.18948953,   43.73094512,  -33.05336596,  -40.65104384,    -21.50404364], [  -48.58933904,  -79.66007234,   -9.5979859 ,    8.2103114 ,    -28.10172537,  -61.69730988,  -54.76714339,  -48.66868299,     43.73094512,  146.66539357,   79.77232558,    5.69107215,    -23.98993553], [  -34.95184886,  -77.37050743,  -36.95002385,    2.05881554,    -22.2127696 ,  -36.97770915,  -30.33029625,  -50.05771804,    -33.05336596,   79.77232558,  163.27281004,   82.40487863,    -14.83087368], [   52.4519168 ,  -51.80115534,  -49.03072926,    1.30646944,    -14.79188342,  -28.80286877,  -25.26957984,  -35.56826154,    -40.65104384,    5.69107215,   82.40487863,  146.96674809,     76.13207776], [  -43.80020867,  -36.59598458,  -56.37193275,  -20.38019448,      2.15407744,  -43.59254271,  -37.6861918 ,   -7.93158224,    -21.50404364,  -23.98993553,  -14.83087368,   76.13207776,    185.20237416]]
/root/sim/music/501~600/588_親愛なる仲間たちとのメモリー的なBGM.mp3; [-722.50836  , 151.6326   ,  20.85426  ,  18.427977 ,  -6.5488963,   -3.400233 ,  -1.8928444,   6.2397494,   9.074467 ,   2.1939924,   -2.8019092,   2.4665916,   4.751776 ]; [[33683.03228625,-3353.0603167 , -786.89959837, 1728.72267138,    301.74597821, 1233.21613456, 1277.50589953, 1557.8625553 ,   1145.72430239, 1337.59218374, 1158.75806038,  255.67889339,   -500.37215393], [-3353.0603167 , 5889.66366767,  554.52760026, -314.69093025,     97.74617877, -290.32330409, -467.06644078, -482.70173716,   -145.26614726, -262.82500288, -211.26924587,  148.11693799,    297.38310634], [ -786.89959837,  554.52760026,  564.42593015,  -62.93729799,    -86.82715893,  -79.59366017,  -54.79674918,  -68.32796992,   -107.30744404,  -52.18957141,  -15.34068446,  -29.95991595,    -36.30595193], [ 1728.72267138, -314.69093025,  -62.93729799,  319.92323697,     78.5099589 ,  116.86836523,  171.66881508,  111.62503333,     92.24038878,  115.33637087,   89.15509768,  -16.58612569,    -40.18083051], [  301.74597821,   97.74617877,  -86.82715893,   78.5099589 ,    193.80277824,  103.15785131,   59.88886176,   41.33773548,     76.52210028,   59.50134942,   36.30698461,   11.9897356 ,      8.85984902], [ 1233.21613456, -290.32330409,  -79.59366017,  116.86836523,    103.15785131,  183.94865859,  155.84079255,  134.2569052 ,    102.79278861,  110.49563381,  105.02865398,   23.38947657,    -20.32245408], [ 1277.50589953, -467.06644078,  -54.79674918,  171.66881508,     59.88886176,  155.84079255,  301.627258  ,  174.27205418,    103.61671614,  139.80564141,  143.23358412,   17.27656926,     -3.33738113], [ 1557.8625553 , -482.70173716,  -68.32796992,  111.62503333,     41.33773548,  134.2569052 ,  174.27205418,  212.99479057,    128.48333523,  133.81140411,  125.42466736,   35.40069366,    -24.85072806], [ 1145.72430239, -145.26614726, -107.30744404,   92.24038878,     76.52210028,  102.79278861,  103.61671614,  128.48333523,    204.62744323,  142.29184672,   98.53555845,   49.22980937,      5.3443597 ], [ 1337.59218374, -262.82500288,  -52.18957141,  115.33637087,     59.50134942,  110.49563381,  139.80564141,  133.81140411,    142.29184672,  186.79322712,  142.88215223,   44.22767643,    -20.04781191], [ 1158.75806038, -211.26924587,  -15.34068446,   89.15509768,     36.30698461,  105.02865398,  143.23358412,  125.42466736,     98.53555845,  142.88215223,  182.69072628,   72.65760373,    -16.55046579], [  255.67889339,  148.11693799,  -29.95991595,  -16.58612569,     11.9897356 ,   23.38947657,   17.27656926,   35.40069366,     49.22980937,   44.22767643,   72.65760373,  112.32730622,     55.66105778], [ -500.37215393,  297.38310634,  -36.30595193,  -40.18083051,      8.85984902,  -20.32245408,   -3.33738113,  -24.85072806,      5.3443597 ,  -20.04781191,  -16.55046579,   55.66105778,    136.0968238 ]]
