/root/sim/music/out/Van Halen/The Best Of Both Worlds [Disc 2]/16 Panama [Live].mp3; [-524.53107  ,  94.60578  ,  -6.5174437,  38.384132 ,   6.2677307,   14.564861 ,  10.688228 ,   8.502474 ,   2.8013232,   4.1157093,   -2.8488774,  -2.7528458,  -3.2543826]; [[2831.21269528,-456.89749633,-138.98606726,  85.48838468, -64.95601969,   -25.20140706,-165.17772541,-223.86840186, -20.81908793,  -7.71057103,   -28.08870408,  59.42105152,  29.68931443], [-456.89749633, 684.07840321, 156.69709832, 153.89726028, 138.49880177,    47.56135371,   8.11407958, -29.20428489, -26.30051944, -35.97135899,    -3.51887723, -11.33200228,   0.81328674], [-138.98606726, 156.69709832, 526.97321079, 211.84231634,  97.57951099,    43.15110571, -29.83656895, -29.07541607, -14.14678393, -47.98497931,     4.24667035,  10.34541386,  -0.9445908 ], [  85.48838468, 153.89726028, 211.84231634, 287.65391926, 126.27101245,    30.12083702, -43.52441805, -60.25073761, -14.96830247, -40.61477585,   -35.34104671,   7.19583285,   9.01517825], [ -64.95601969, 138.49880177,  97.57951099, 126.27101245, 183.62659881,    50.23849003,  13.76865092, -20.08129894, -11.67053329, -12.16878806,   -24.07861535, -18.45361043,   5.74369436], [ -25.20140706,  47.56135371,  43.15110571,  30.12083702,  50.23849003,   112.79278927,  33.7780288 ,  12.36984239,  -4.03610193,   3.82420247,     4.26641692,  -8.49139775, -10.99752804], [-165.17772541,   8.11407958, -29.83656895, -43.52441805,  13.76865092,    33.7780288 , 141.0063699 ,  70.37659865,  -3.31503578,   0.31274352,    -2.00783481, -16.95279355,  -9.96523805], [-223.86840186, -29.20428489, -29.07541607, -60.25073761, -20.08129894,    12.36984239,  70.37659865, 116.35036804,  26.28182077,  13.05241978,     7.07726054, -13.51582961, -11.16359265], [ -20.81908793, -26.30051944, -14.14678393, -14.96830247, -11.67053329,    -4.03610193,  -3.31503578,  26.28182077,  70.3307345 ,  30.27803113,     8.25887203,   4.3084238 ,  -3.70002714], [  -7.71057103, -35.97135899, -47.98497931, -40.61477585, -12.16878806,     3.82420247,   0.31274352,  13.05241978,  30.27803113,  74.174891  ,    24.01458752,  -2.6851965 ,  -1.42150682], [ -28.08870408,  -3.51887723,   4.24667035, -35.34104671, -24.07861535,     4.26641692,  -2.00783481,   7.07726054,   8.25887203,  24.01458752,    64.60721714,  20.02912198,  -1.00729768], [  59.42105152, -11.33200228,  10.34541386,   7.19583285, -18.45361043,    -8.49139775, -16.95279355, -13.51582961,   4.3084238 ,  -2.6851965 ,    20.02912198,  55.06871798,  18.50309086], [  29.68931443,   0.81328674,  -0.9445908 ,   9.01517825,   5.74369436,   -10.99752804,  -9.96523805, -11.16359265,  -3.70002714,  -1.42150682,    -1.00729768,  18.50309086,  51.23415201]]
/root/sim/music/out/Van Halen/The Best Of Both Worlds [Disc 2]/07 Runnin' With The Devil.mp3; [-548.8608   , 110.63229  ,  -8.330427 ,  17.42438  ,  -7.1005383,    5.7645454,   4.245526 ,  -1.6622579,  -2.5618   ,   2.2225697,   -2.4653633,  -2.7106202,  -4.78395  ]; [[14930.06193581, -581.02649167, -348.63757835,  202.55775664,   -210.61135916,   85.14077708,  183.89820324, -249.77569556,   -125.20579858,  178.48057298,   48.42750079, -123.6485125 ,   -177.72250178], [ -581.02649167, 1046.2402711 ,  -79.09466303,   30.87838687,    -68.29352587,   34.25543217,   -7.99889676,   10.81980155,     15.5835127 ,  -11.81719794,   -2.98401859,   10.33819893,      7.7066932 ], [ -348.63757835,  -79.09466303,  830.68608243,  201.72292755,    127.3352323 ,   80.99702536,  100.6972688 ,   83.56658436,    109.11670747,   41.37258418,   47.40619133,   18.02190181,     52.25283549], [  202.55775664,   30.87838687,  201.72292755,  366.85072799,    115.40815983,   52.69444153,   97.567007  ,  -12.90967953,     71.00954548,   57.47305427,   23.59809681,   16.82212234,     14.54531537], [ -210.61135916,  -68.29352587,  127.3352323 ,  115.40815983,    311.46841854,   59.31738921,   16.97031976,   19.53470891,     31.64046833,   13.69859275,   -0.31047497,   17.82505919,     11.72651624], [   85.14077708,   34.25543217,   80.99702536,   52.69444153,     59.31738921,  179.68242776,   64.08919686,   -4.02232748,     28.22865276,   16.04016951,    5.44096963,    1.17808167,      2.49025648], [  183.89820324,   -7.99889676,  100.6972688 ,   97.567007  ,     16.97031976,   64.08919686,  209.37261622,   41.89127567,     21.08781063,   50.04206069,   60.63387505,   17.9942195 ,      6.51745732], [ -249.77569556,   10.81980155,   83.56658436,  -12.90967953,     19.53470891,   -4.02232748,   41.89127567,  116.64454661,     34.74925789,    3.39197329,   10.13342783,   11.81725738,     11.62627423], [ -125.20579858,   15.5835127 ,  109.11670747,   71.00954548,     31.64046833,   28.22865276,   21.08781063,   34.74925789,    122.27201605,   46.61001954,    2.9318349 ,   -1.86358818,      9.44073536], [  178.48057298,  -11.81719794,   41.37258418,   57.47305427,     13.69859275,   16.04016951,   50.04206069,    3.39197329,     46.61001954,  104.56279081,   48.16754818,   -4.50245177,     -9.64313313], [   48.42750079,   -2.98401859,   47.40619133,   23.59809681,     -0.31047497,    5.44096963,   60.63387505,   10.13342783,      2.9318349 ,   48.16754818,   89.42992032,   30.68625778,      2.07157014], [ -123.6485125 ,   10.33819893,   18.02190181,   16.82212234,     17.82505919,    1.17808167,   17.9942195 ,   11.81725738,     -1.86358818,   -4.50245177,   30.68625778,   72.92317623,     30.88362569], [ -177.72250178,    7.7066932 ,   52.25283549,   14.54531537,     11.72651624,    2.49025648,    6.51745732,   11.62627423,      9.44073536,   -9.64313313,    2.07157014,   30.88362569,     65.52711825]]
/root/sim/music/out/Van Halen/The Best Of Both Worlds [Disc 2]/01 Panama.mp3; [-519.4694   ,  95.9259   ,  10.023503 ,  19.888325 ,   8.499779 ,    7.259846 ,   6.540145 ,   2.1626258,   6.1201377,   1.407089 ,   -4.314962 ,  -2.074507 ,  -1.490529 ]; [[11021.07483889, -267.82133557, -107.18942671,   82.81832878,     36.32261044,   55.07116112,  -15.26080937,  -20.3365018 ,      4.3506359 ,   74.01993212,  -37.51850567,  -78.29043254,    -71.68445203], [ -267.82133557, 1015.84677795,   67.41136073,   61.82542565,     40.44561081,  -22.41907307,  -10.24148345,  -29.48434807,     33.21538983,  -34.76997896,   -1.19986825,   30.94738351,      2.42594609], [ -107.18942671,   67.41136073,  660.12789025,   89.39026944,    105.0507591 ,    4.10817593,  -32.60698609,   33.69805525,     -7.12492481,   12.81725743,   30.12689291,    3.28235924,      6.13526042], [   82.81832878,   61.82542565,   89.39026944,  209.14889549,     64.04551847,    2.60264045,  -14.8660921 ,  -15.76106694,     13.86488643,   -0.96707003,  -17.78250174,    2.44957359,     22.55517099], [   36.32261044,   40.44561081,  105.0507591 ,   64.04551847,    158.81418505,   43.01614718,  -16.24770822,   -3.34292628,     23.60158301,   -2.36333173,   -7.865577  ,   16.35035607,     11.03425228], [   55.07116112,  -22.41907307,    4.10817593,    2.60264045,     43.01614718,   82.67219613,   37.29987869,    9.68713653,     -2.8276603 ,    1.85004933,    7.06617981,    0.619719  ,     -5.67187689], [  -15.26080937,  -10.24148345,  -32.60698609,  -14.8660921 ,    -16.24770822,   37.29987869,  101.25960527,   39.16661199,     -3.97989268,    1.55591232,    9.20666726,   -7.94372189,     -8.3890946 ], [  -20.3365018 ,  -29.48434807,   33.69805525,  -15.76106694,     -3.34292628,    9.68713653,   39.16661199,   80.86115756,     20.56804046,    3.14879788,    3.43900247,   -6.50443697,     -8.86931598], [    4.3506359 ,   33.21538983,   -7.12492481,   13.86488643,     23.60158301,   -2.8276603 ,   -3.97989268,   20.56804046,     77.79192125,   20.19655433,   -5.37193756,    3.34521001,      6.38959152], [   74.01993212,  -34.76997896,   12.81725743,   -0.96707003,     -2.36333173,    1.85004933,    1.55591232,    3.14879788,     20.19655433,   71.7181134 ,   27.24795451,  -11.24811537,    -10.262478  ], [  -37.51850567,   -1.19986825,   30.12689291,  -17.78250174,     -7.865577  ,    7.06617981,    9.20666726,    3.43900247,     -5.37193756,   27.24795451,   67.39134617,   17.54382156,     -7.69680663], [  -78.29043254,   30.94738351,    3.28235924,    2.44957359,     16.35035607,    0.619719  ,   -7.94372189,   -6.50443697,      3.34521001,  -11.24811537,   17.54382156,   63.09521633,     28.47956587], [  -71.68445203,    2.42594609,    6.13526042,   22.55517099,     11.03425228,   -5.67187689,   -8.3890946 ,   -8.86931598,      6.38959152,  -10.262478  ,   -7.69680663,   28.47956587,     60.40514427]]
/root/sim/music/out/Van Halen/The Best Of Both Worlds [Disc 2]/11 Feels So Good.mp3; [-548.43317  , 123.94138  ,   2.798998 ,  14.977709 ,  -4.501253 ,   10.896921 ,  10.850215 ,   7.840567 ,   0.7215588,   2.2939868,   -1.0741847,   1.537149 ,   0.9687007]; [[17816.72160563, -840.94407194, -303.52154263, -130.95741801,    -98.83586762,   -2.60027474,  -27.40697858, -142.25826908,    -24.44806087,   46.70328357,  -33.52327337,  -33.81689836,    -21.20212081], [ -840.94407194, 1971.778868  , -369.92185163,   -6.68100575,    -88.9120051 ,   17.37302768,   32.36978492,   66.61627869,    -30.58410299,  -68.3977204 ,  -32.60959933,    6.27443108,    -16.01708175], [ -303.52154263, -369.92185163,  768.26978477,   38.85988122,    -49.25713429,  -19.4116852 ,  -33.54642798,   34.6656745 ,     58.33902944,    3.87091169,   32.46642953,   -2.11501646,      9.71387051], [ -130.95741801,   -6.68100575,   38.85988122,  261.50026745,     44.65019828,    9.34805785,  -20.8854706 ,   -9.49689279,     32.27151313,   40.74703641,   -1.81918937,   16.43957766,      9.87551918], [  -98.83586762,  -88.9120051 ,  -49.25713429,   44.65019828,    222.70306066,   35.25840755,  -12.18184266,  -23.29969956,     -2.38555147,   16.90594197,   12.36633392,    4.15743237,     14.31565179], [   -2.60027474,   17.37302768,  -19.4116852 ,    9.34805785,     35.25840755,  149.62070628,   46.98598432,   -8.65589033,    -31.23047378,   -9.30576375,    4.69073616,   10.3096178 ,      2.52008228], [  -27.40697858,   32.36978492,  -33.54642798,  -20.8854706 ,    -12.18184266,   46.98598432,  159.0075867 ,   37.63120407,    -25.72689061,  -25.72246969,   -6.63895357,    1.79879741,      3.86713014], [ -142.25826908,   66.61627869,   34.6656745 ,   -9.49689279,    -23.29969956,   -8.65589033,   37.63120407,  108.97923398,     27.06906157,   -6.50582694,  -10.14891889,   -4.67481321,     -1.74316131], [  -24.44806087,  -30.58410299,   58.33902944,   32.27151313,     -2.38555147,  -31.23047378,  -25.72689061,   27.06906157,    118.11739911,   44.70512946,   -6.88031729,  -12.60081501,     -4.19029599], [   46.70328357,  -68.3977204 ,    3.87091169,   40.74703641,     16.90594197,   -9.30576375,  -25.72246969,   -6.50582694,     44.70512946,  110.81627232,   23.61956357,   -7.64018386,    -10.16199337], [  -33.52327337,  -32.60959933,   32.46642953,   -1.81918937,     12.36633392,    4.69073616,   -6.63895357,  -10.14891889,     -6.88031729,   23.61956357,   85.66078237,   18.16710394,     -3.94328919], [  -33.81689836,    6.27443108,   -2.11501646,   16.43957766,      4.15743237,   10.3096178 ,    1.79879741,   -4.67481321,    -12.60081501,   -7.64018386,   18.16710394,   76.0731269 ,     23.11147314], [  -21.20212081,  -16.01708175,    9.71387051,    9.87551918,     14.31565179,    2.52008228,    3.86713014,   -1.74316131,     -4.19029599,  -10.16199337,   -3.94328919,   23.11147314,     67.44819416]]
/root/sim/music/out/Van Halen/The Best Of Both Worlds [Disc 2]/04 Runaround.mp3; [-521.0662   ,  82.0428   ,   1.8631479,  31.693459 ,  -6.094074 ,    8.579682 ,  -1.1319216,   7.1968083,  -1.9349538,  -1.5790651,    2.9038875,  -1.2774985,  -1.7030169]; [[14499.34316573,   19.20903029,  225.60618693, -140.84565669,      4.6218217 ,  196.14039393,  126.03246066,    3.13657226,    -35.64351977,  -20.3489687 ,   -7.51921643,  -31.80959308,     61.93188354], [   19.20903029,  826.46442461, -301.38253517,  132.95715627,   -103.58487516,  -16.82043672,  -34.89933446,   -3.86187206,    -32.92944019,  -53.14010965,   -8.99369627,   -7.22526496,    -45.11126717], [  225.60618693, -301.38253517,  711.46797343,   36.10167749,    105.96058175,  -11.41568672,   31.69297097,   23.39526664,     73.35042688,    3.91258334,   17.32674748,   27.87622054,     55.39668409], [ -140.84565669,  132.95715627,   36.10167749,  302.40236375,    -21.64002119,    4.02717793,  -73.22872429,   32.8066622 ,     13.20984379,    0.88084332,  -15.68371132,   12.45667229,     11.29484042], [    4.6218217 , -103.58487516,  105.96058175,  -21.64002119,    180.60887318,   40.91293008,   36.24449876,   -1.39539738,     35.37532915,   24.05133014,   17.64729428,    6.59205287,     16.40877147], [  196.14039393,  -16.82043672,  -11.41568672,    4.02717793,     40.91293008,  130.14439832,   65.46706168,   17.79231346,    -14.57617452,   16.86464652,   21.43193496,    6.35980473,     -1.00268969], [  126.03246066,  -34.89933446,   31.69297097,  -73.22872429,     36.24449876,   65.46706168,  165.75275685,   42.73121524,    -10.24806531,   -5.1791204 ,   31.39685014,    2.45629884,      1.13032608], [    3.13657226,   -3.86187206,   23.39526664,   32.8066622 ,     -1.39539738,   17.79231346,   42.73121524,  108.42766253,     33.13995207,    0.42941801,   -0.03053397,    5.21151865,      1.68523288], [  -35.64351977,  -32.92944019,   73.35042688,   13.20984379,     35.37532915,  -14.57617452,  -10.24806531,   33.13995207,    112.29593769,   34.42039476,   -7.64362887,   -0.63882788,     12.40768727], [  -20.3489687 ,  -53.14010965,    3.91258334,    0.88084332,     24.05133014,   16.86464652,   -5.1791204 ,    0.42941801,     34.42039476,   82.28844088,   19.00552972,   -3.73563976,     -0.80282486], [   -7.51921643,   -8.99369627,   17.32674748,  -15.68371132,     17.64729428,   21.43193496,   31.39685014,   -0.03053397,     -7.64362887,   19.00552972,   73.54511635,   18.29143636,     -6.2649438 ], [  -31.80959308,   -7.22526496,   27.87622054,   12.45667229,      6.59205287,    6.35980473,    2.45629884,    5.21151865,     -0.63882788,   -3.73563976,   18.29143636,   56.73408744,     23.41733551], [   61.93188354,  -45.11126717,   55.39668409,   11.29484042,     16.40877147,   -1.00268969,    1.13032608,    1.68523288,     12.40768727,   -0.80282486,   -6.2649438 ,   23.41733551,     64.08547936]]
/root/sim/music/out/Van Halen/The Best Of Both Worlds [Disc 2]/13 Everybody Wants Some!!.mp3; [-570.775    , 146.5407   ,  -3.2712839,  26.064447 ,  -0.6018091,    5.736953 ,   6.561274 ,   4.0970554,   3.1578827,   1.0840452,   -4.50506  ,  -1.6450528,  -1.7711213]; [[19350.38606544,-3218.03604048,-1040.13677085, -514.85717206,    -43.59857027,  -83.95244055, -169.63339155, -230.27172811,   -206.70820655, -293.86164261, -261.17272987,  -38.44038654,    -70.74492032], [-3218.03604048, 2364.63074231,  -44.40706966,  268.02912395,    -78.65667198,   34.10068211,   89.48820136,  108.48507989,    126.7296677 ,  124.43789086,   78.38149858,    9.3392049 ,      7.68748789], [-1040.13677085,  -44.40706966,  502.99279299,  -44.66147403,     33.81959561,   -4.6041797 ,   -0.56126514,   28.54525185,    -22.28999599,    9.89701587,   20.78542211,   -7.56684346,    -11.7337129 ], [ -514.85717206,  268.02912395,  -44.66147403,  239.40785585,     23.53313108,   12.27975665,   -7.42613598,   -1.12768929,     21.86981144,   10.00664098,  -10.73004574,   -7.09065643,     21.405271  ], [  -43.59857027,  -78.65667198,   33.81959561,   23.53313108,    134.36142251,   26.36141749,    4.22559176,   -8.35258912,     -3.50775618,   -6.97769049,   -4.4082913 ,   -4.53189445,     -4.77171259], [  -83.95244055,   34.10068211,   -4.6041797 ,   12.27975665,     26.36141749,  114.61966415,   39.45480604,   12.764555  ,    -11.26734167,    5.04592022,    9.6620851 ,    3.79979123,    -10.73287756], [ -169.63339155,   89.48820136,   -0.56126514,   -7.42613598,      4.22559176,   39.45480604,  126.3467236 ,   51.39610476,      3.2987405 ,    2.60788239,   13.41654663,   -2.47061583,     -3.35608451], [ -230.27172811,  108.48507989,   28.54525185,   -1.12768929,     -8.35258912,   12.764555  ,   51.39610476,  102.1996724 ,     28.18990787,   15.45772434,    3.87662224,   -7.75306916,    -10.19812406], [ -206.70820655,  126.7296677 ,  -22.28999599,   21.86981144,     -3.50775618,  -11.26734167,    3.2987405 ,   28.18990787,     86.44969429,   37.71024634,    5.36537323,   -6.58694326,     -6.34236584], [ -293.86164261,  124.43789086,    9.89701587,   10.00664098,     -6.97769049,    5.04592022,    2.60788239,   15.45772434,     37.71024634,   74.09006952,   28.22647972,    0.65416205,     -9.38350534], [ -261.17272987,   78.38149858,   20.78542211,  -10.73004574,     -4.4082913 ,    9.6620851 ,   13.41654663,    3.87662224,      5.36537323,   28.22647972,   62.4877826 ,   20.47760993,     -3.90260072], [  -38.44038654,    9.3392049 ,   -7.56684346,   -7.09065643,     -4.53189445,    3.79979123,   -2.47061583,   -7.75306916,     -6.58694326,    0.65416205,   20.47760993,   56.59912887,     20.9034799 ], [  -70.74492032,    7.68748789,  -11.7337129 ,   21.405271  ,     -4.77171259,  -10.73287756,   -3.35608451,  -10.19812406,     -6.34236584,   -9.38350534,   -3.90260072,   20.9034799 ,     62.94872447]]
/root/sim/music/out/Van Halen/The Best Of Both Worlds [Disc 2]/05 I'll Wait.mp3; [-554.5659    , 101.92276   ,  -7.9677186 ,  12.845034  ,  -3.4941244 ,    1.2215468 ,   0.48438913,  -2.439132  ,   1.2920753 ,  -0.42853618,    0.08359631,   0.03884722,  -1.6498142 ]; [[15913.26789354, -442.68967966,  605.31540042,   30.33539881,    134.65232661,   -5.78982326,  101.74776554,  -23.61546826,     44.83433636,   74.2121657 ,  -58.82029801, -152.02186285,    -28.78245398], [ -442.68967966, 1477.75104871, -518.66402216,  134.19422149,    -53.84454439,   19.54211497,  -41.24585507,  -28.24142137,    -16.54937944, -116.74879753,   -6.82815817,   12.10870171,    -48.28425858], [  605.31540042, -518.66402216, 1226.87337362,   22.71601762,    452.84989518,  163.51670963,  213.51051346,  110.52918528,    115.72787333,   64.82214526,   36.43459412,  -18.31230509,     62.96718748], [   30.33539881,  134.19422149,   22.71601762,  301.61513274,     81.15416087,   65.88123356,   20.19814674,   26.63951763,     42.70989907,   27.53473204,   -1.34373454,   13.72899688,     14.22427255], [  134.65232661,  -53.84454439,  452.84989518,   81.15416087,    388.54727683,  128.93103218,  108.0705851 ,   63.15425526,     75.795167  ,   13.19323327,   16.76849559,   -3.99812685,     15.02915993], [   -5.78982326,   19.54211497,  163.51670963,   65.88123356,    128.93103218,  180.72331384,  111.26932065,   54.4023588 ,     40.09095602,   31.62850368,   21.66485895,   -1.55252894,      6.20242042], [  101.74776554,  -41.24585507,  213.51051346,   20.19814674,    108.0705851 ,  111.26932065,  214.16698156,   88.44693322,     45.88809798,   36.26436852,   33.57742056,  -23.22361741,      6.56940697], [  -23.61546826,  -28.24142137,  110.52918528,   26.63951763,     63.15425526,   54.4023588 ,   88.44693322,  134.57383661,     50.0746379 ,   28.01206822,   22.35252503,   -1.95775853,     -8.21453992], [   44.83433636,  -16.54937944,  115.72787333,   42.70989907,     75.795167  ,   40.09095602,   45.88809798,   50.0746379 ,    121.04343828,   56.6828712 ,   15.14269377,   -2.76565109,      5.8447606 ], [   74.2121657 , -116.74879753,   64.82214526,   27.53473204,     13.19323327,   31.62850368,   36.26436852,   28.01206822,     56.6828712 ,  132.30309001,   51.19178067,   -5.31029502,      9.29537601], [  -58.82029801,   -6.82815817,   36.43459412,   -1.34373454,     16.76849559,   21.66485895,   33.57742056,   22.35252503,     15.14269377,   51.19178067,   93.65104034,   23.84279536,      1.61994181], [ -152.02186285,   12.10870171,  -18.31230509,   13.72899688,     -3.99812685,   -1.55252894,  -23.22361741,   -1.95775853,     -2.76565109,   -5.31029502,   23.84279536,   90.13871605,     30.17550596], [  -28.78245398,  -48.28425858,   62.96718748,   14.22427255,     15.02915993,    6.20242042,    6.56940697,   -8.21453992,      5.8447606 ,    9.29537601,    1.61994181,   30.17550596,     86.33700702]]
/root/sim/music/out/Van Halen/The Best Of Both Worlds [Disc 2]/12 Right Now.mp3; [-557.5649   , 100.39409  ,   2.3099196,  24.832058 ,  -3.5729814,    5.171068 ,  -6.8021502,  -3.200016 ,  -8.128338 ,  -4.7681823,   -3.537692 ,  -3.1415846,  -3.803982 ]; [[19207.01183953,-2261.18949081,  374.78521398,   79.98815141,    250.68723046,  -21.8163931 ,  361.88940465,    9.68195115,    155.35396658,    1.66956564, -179.01690765, -249.13923825,   -302.98927674], [-2261.18949081, 2757.66416688, -616.12191737,  255.09223879,     58.54605401,  144.90243452, -109.10256122,  180.33119026,   -120.92353485,  -19.03183146,   11.40550032,    6.35688063,      6.83620746], [  374.78521398, -616.12191737,  627.96594278,   49.83026598,     46.68234829,    8.86772698,   69.18405424,   -3.97787926,     84.70360519,   -1.45548277,   -3.30747725,  -19.95825329,    -34.44463758], [   79.98815141,  255.09223879,   49.83026598,  325.00234315,     91.17580602,   62.39759317,   31.73195307,   70.69715798,     17.44832419,   22.57564864,  -16.34074243,  -15.47497008,    -27.96757047], [  250.68723046,   58.54605401,   46.68234829,   91.17580602,    202.59336625,   57.02701079,   73.90469727,   45.46674702,     36.49643545,   19.54765046,   -8.41488901,  -25.42164251,    -15.80752886], [  -21.8163931 ,  144.90243452,    8.86772698,   62.39759317,     57.02701079,  132.83394626,   53.47341295,   42.17477939,      4.6062418 ,   14.94181087,    7.44248455,   -5.47761106,     -3.19308437], [  361.88940465, -109.10256122,   69.18405424,   31.73195307,     73.90469727,   53.47341295,  182.81645254,   63.77318351,     11.38549996,   12.79907342,    6.15170341,  -18.94077196,    -16.27250485], [    9.68195115,  180.33119026,   -3.97787926,   70.69715798,     45.46674702,   42.17477939,   63.77318351,  130.72563451,     28.77080411,    8.33905781,   -6.84895884,   -9.94920819,    -13.92705266], [  155.35396658, -120.92353485,   84.70360519,   17.44832419,     36.49643545,    4.6062418 ,   11.38549996,   28.77080411,    107.03143452,   28.28491683,   -7.46319772,  -10.43806776,     -2.98720376], [    1.66956564,  -19.03183146,   -1.45548277,   22.57564864,     19.54765046,   14.94181087,   12.79907342,    8.33905781,     28.28491683,   75.86097811,   18.46224431,   -1.65675758,      7.02865883], [ -179.01690765,   11.40550032,   -3.30747725,  -16.34074243,     -8.41488901,    7.44248455,    6.15170341,   -6.84895884,     -7.46319772,   18.46224431,   78.38628689,   30.04654763,      6.36718345], [ -249.13923825,    6.35688063,  -19.95825329,  -15.47497008,    -25.42164251,   -5.47761106,  -18.94077196,   -9.94920819,    -10.43806776,   -1.65675758,   30.04654763,   68.90353341,     26.55419282], [ -302.98927674,    6.83620746,  -34.44463758,  -27.96757047,    -15.80752886,   -3.19308437,  -16.27250485,  -13.92705266,     -2.98720376,    7.02865883,    6.36718345,   26.55419282,     81.18647049]]
/root/sim/music/out/Van Halen/The Best Of Both Worlds [Disc 2]/10 Not Enough.mp3; [-648.3804    , 137.20251   ,  -6.685599  ,  12.036447  ,   0.42308286,    5.436228  ,  -2.8487172 ,   0.39846027,  -2.124789  ,  -0.19617103,   -4.00526   ,  -2.0399077 ,  -1.4521301 ]; [[30481.96078588,-2846.15493069,  505.6161522 ,  942.59469762,    117.65290081,  658.57788843,  321.54587571,  502.66914014,    391.79660328,  325.88853964,  452.68855609,  270.23620976,    180.25960743], [-2846.15493069, 1939.85532507, -428.07499473,  -79.41560616,    -50.94396517,  -83.7271953 ,  -51.51194071, -134.63010145,   -120.1432929 ,  -98.32503066,  -68.78563318,  -42.10667485,    -64.56130049], [  505.6161522 , -428.07499473,  705.71751874,   70.05541082,    102.53732681,   68.41427547,  106.35034825,   29.01827244,     35.9873746 ,   40.75207669,   69.70655249,   32.03260079,     46.64499072], [  942.59469762,  -79.41560616,   70.05541082,  318.25178794,     88.24705454,   90.60332572,   26.97823057,   48.41829168,     28.93284839,   25.77495048,   12.04566566,   24.45894259,     30.99068855], [  117.65290081,  -50.94396517,  102.53732681,   88.24705454,    210.50013859,   74.76567489,   39.5955535 ,   32.35351116,     42.15880881,   12.73554763,    2.56767861,   13.8358428 ,     29.14743114], [  658.57788843,  -83.7271953 ,   68.41427547,   90.60332572,     74.76567489,  152.59535278,   67.52226574,   50.2568318 ,     28.67841539,   24.92108114,   37.84861775,   15.68655717,     27.57280585], [  321.54587571,  -51.51194071,  106.35034825,   26.97823057,     39.5955535 ,   67.52226574,  153.25776463,   52.68032827,     16.38654291,   21.45195997,   49.44578777,   -0.67517623,     10.74460904], [  502.66914014, -134.63010145,   29.01827244,   48.41829168,     32.35351116,   50.2568318 ,   52.68032827,  145.25841081,     58.96193273,   15.93321326,   22.4920378 ,   10.92830011,      0.19688548], [  391.79660328, -120.1432929 ,   35.9873746 ,   28.93284839,     42.15880881,   28.67841539,   16.38654291,   58.96193273,    114.37530599,   30.59293145,    4.98855069,   11.38165003,     12.45006266], [  325.88853964,  -98.32503066,   40.75207669,   25.77495048,     12.73554763,   24.92108114,   21.45195997,   15.93321326,     30.59293145,  100.92978671,   46.08684288,  -12.3847986 ,      3.1566496 ], [  452.68855609,  -68.78563318,   69.70655249,   12.04566566,      2.56767861,   37.84861775,   49.44578777,   22.4920378 ,      4.98855069,   46.08684288,  128.12224861,   22.71351158,     -3.83249874], [  270.23620976,  -42.10667485,   32.03260079,   24.45894259,     13.8358428 ,   15.68655717,   -0.67517623,   10.92830011,     11.38165003,  -12.3847986 ,   22.71351158,   96.50191991,     25.61345727], [  180.25960743,  -64.56130049,   46.64499072,   30.99068855,     29.14743114,   27.57280585,   10.74460904,    0.19688548,     12.45006266,    3.1566496 ,   -3.83249874,   25.61345727,     91.71240952]]
/root/sim/music/out/Van Halen/The Best Of Both Worlds [Disc 2]/14 Dance The Night Away.mp3; [-566.0253    ,  92.230995  ,   0.1321039 ,  19.296251  ,  -1.3388301 ,    8.279812  ,  -2.4280732 ,  -0.88087034,   0.71753913,   3.499497  ,   -0.05361021,  -5.918274  ,  -1.654336  ]; [[28996.2688551 , 1812.55551579, -418.32993721,  187.87442501,   -140.47564241,  135.04388523,    8.09958474,   52.64221658,    136.84518543,  302.07336757,  -45.55938352, -356.32294647,   -214.22136118], [ 1812.55551579,  740.2838801 , -109.3444645 ,   46.7083321 ,    -40.32263371,   35.21075219,   33.39085475,  -10.80133834,      8.87874761,    5.90274318,   12.41513154,  -45.07490389,    -24.64882305], [ -418.32993721, -109.3444645 ,  429.94403696,   59.6778525 ,     47.38395778,   -2.8351849 ,  -23.66245674,   20.5746297 ,    -13.89521811,  -43.2176145 ,   -8.94056083,   14.93614163,     21.55958872], [  187.87442501,   46.7083321 ,   59.6778525 ,  172.58397932,     56.05855497,   -1.75293195,  -34.27467814,  -16.10911532,      9.15789947,   -0.34648594,  -19.27631373,  -13.05907058,     12.28091712], [ -140.47564241,  -40.32263371,   47.38395778,   56.05855497,    155.04476476,   53.24687532,   -5.73796405,   -3.78438919,      3.58302467,    8.93082593,  -12.87303905,    3.33685807,     -2.46028602], [  135.04388523,   35.21075219,   -2.8351849 ,   -1.75293195,     53.24687532,  121.44678162,   65.78616779,    9.88682288,     -5.82899548,   -5.3531618 ,    3.50597834,   -1.70771491,     -9.25055078], [    8.09958474,   33.39085475,  -23.66245674,  -34.27467814,     -5.73796405,   65.78616779,  136.00613601,   50.59687967,    -13.5658674 ,   -4.47589645,    8.13036046,    6.43868499,    -14.98037775], [   52.64221658,  -10.80133834,   20.5746297 ,  -16.10911532,     -3.78438919,    9.88682288,   50.59687967,   93.43409756,     25.65726112,   -0.27434173,    4.73963328,   12.33777613,      0.63567915], [  136.84518543,    8.87874761,  -13.89521811,    9.15789947,      3.58302467,   -5.82899548,  -13.5658674 ,   25.65726112,    101.43382174,   56.11664419,   12.12627599,   -4.73152325,      2.4497695 ], [  302.07336757,    5.90274318,  -43.2176145 ,   -0.34648594,      8.93082593,   -5.3531618 ,   -4.47589645,   -0.27434173,     56.11664419,  110.72304337,   31.33454178,   -6.7553771 ,    -19.01977279], [  -45.55938352,   12.41513154,   -8.94056083,  -19.27631373,    -12.87303905,    3.50597834,    8.13036046,    4.73963328,     12.12627599,   31.33454178,   79.14489166,   29.31846248,      4.92189207], [ -356.32294647,  -45.07490389,   14.93614163,  -13.05907058,      3.33685807,   -1.70771491,    6.43868499,   12.33777613,     -4.73152325,   -6.7553771 ,   29.31846248,   83.11580478,     38.77743564], [ -214.22136118,  -24.64882305,   21.55958872,   12.28091712,     -2.46028602,   -9.25055078,  -14.98037775,    0.63567915,      2.4497695 ,  -19.01977279,    4.92189207,   38.77743564,     94.2527256 ]]
/root/sim/music/out/Van Halen/The Best Of Both Worlds [Disc 2]/02 Best Of Both Worlds.mp3; [-569.0314    ,  85.676025  ,  20.50052   ,  21.769491  ,  -1.2941377 ,    4.880679  ,   7.018495  ,   0.48826858,   0.8627327 ,  -1.3387789 ,   -7.6375623 ,  -5.428048  ,  -3.9958735 ]; [[21269.07231058, -495.37321578, -798.97225898, -417.72114381,    428.78756588,  164.96200615,   11.8214517 ,  -99.23306688,   -111.7275628 ,  136.82201559,    2.95651715,  -69.85529162,   -182.57820863], [ -495.37321578,  895.30636668,  -94.00897218,   45.81661334,   -142.51127126,  -17.23947913,    1.58885765,  -60.22666212,     28.14421819,  -40.73316753,  -45.59985914,    3.84361643,      4.66568618], [ -798.97225898,  -94.00897218,  698.1067329 ,   87.63051442,     89.1386156 ,  -44.34291259,  -36.19219034,   45.28035878,    -17.21463395,   11.4977962 ,    6.58937468,    7.87258494,     13.87899869], [ -417.72114381,   45.81661334,   87.63051442,  300.6501241 ,    -43.3622247 ,    0.17427998,   10.24239395,   -2.14171286,     40.06328619,  -11.66363153,  -12.55139198,   -7.12540358,     17.30217746], [  428.78756588, -142.51127126,   89.1386156 ,  -43.3622247 ,    276.40589495,   68.82765807,  -33.2062035 ,   13.93319932,     -7.08077025,   45.87818224,   25.58639339,    8.93617412,     -2.18315675], [  164.96200615,  -17.23947913,  -44.34291259,    0.17427998,     68.82765807,  120.69824807,   47.18349809,    8.69360625,      0.19626652,   14.1614535 ,   20.66330391,    3.64349417,     -0.50685807], [   11.8214517 ,    1.58885765,  -36.19219034,   10.24239395,    -33.2062035 ,   47.18349809,  132.03709072,   43.93829171,      3.2823054 ,   -8.22314292,    8.6985592 ,    5.81218778,      4.14347374], [  -99.23306688,  -60.22666212,   45.28035878,   -2.14171286,     13.93319932,    8.69360625,   43.93829171,   94.53513458,     29.56703461,    8.45431919,   10.69747416,    7.73593264,      5.81609864], [ -111.7275628 ,   28.14421819,  -17.21463395,   40.06328619,     -7.08077025,    0.19626652,    3.2823054 ,   29.56703461,    101.11580132,   34.60819345,   -1.38701799,    8.33572405,      7.34474544], [  136.82201559,  -40.73316753,   11.4977962 ,  -11.66363153,     45.87818224,   14.1614535 ,   -8.22314292,    8.45431919,     34.60819345,   80.24473737,   35.63480836,    7.28332375,     -2.044628  ], [    2.95651715,  -45.59985914,    6.58937468,  -12.55139198,     25.58639339,   20.66330391,    8.6985592 ,   10.69747416,     -1.38701799,   35.63480836,   84.16060057,   29.1545188 ,     -0.04076435], [  -69.85529162,    3.84361643,    7.87258494,   -7.12540358,      8.93617412,    3.64349417,    5.81218778,    7.73593264,      8.33572405,    7.28332375,   29.1545188 ,   68.17686455,     25.3882774 ], [ -182.57820863,    4.66568618,   13.87899869,   17.30217746,     -2.18315675,   -0.50685807,    4.14347374,    5.81609864,      7.34474544,   -2.044628  ,   -0.04076435,   25.3882774 ,     63.67293668]]
/root/sim/music/out/Van Halen/The Best Of Both Worlds [Disc 2]/08 When It's Love.mp3; [-525.9838   , 111.397675 ,   7.686668 ,  11.389557 ,   3.0474708,    9.0658455,   2.4938061,   2.582704 ,  -1.7896969,   1.7895575,   -0.6097144,  -1.3734207,  -2.1480014]; [[ 9853.71164453,-1367.4652639 , -178.16036463, -419.54787377,   -115.08722133,   -6.45359007,   43.07683488,  -43.48997639,    -65.81630085,   39.86569488,   29.57220147,  -75.07175624,    -64.36078147], [-1367.4652639 , 1518.13414342, -207.77684926,  181.22998222,      6.91996109,   -0.83517235,  -29.87839431,   26.73623378,     10.74885926,   -5.80061537,  -23.47252054,   12.68272601,      4.06328082], [ -178.16036463, -207.77684926,  395.6398537 ,   49.01533023,     28.12978575,   22.49408075,   11.36168284,   14.12133464,     18.77908126,  -11.314352  ,    7.68923844,   12.57160821,     -0.90240765], [ -419.54787377,  181.22998222,   49.01533023,  205.81986278,     51.86795903,   22.76779661,   -9.4754454 ,   21.98786926,     17.86726928,    6.62501488,   -7.20223687,   15.72499336,     12.56590064], [ -115.08722133,    6.91996109,   28.12978575,   51.86795903,    133.97807735,   30.56113126,    9.69231663,   -2.80715132,     28.62491991,    9.97499659,   -3.55541431,    3.85070111,     19.90735718], [   -6.45359007,   -0.83517235,   22.49408075,   22.76779661,     30.56113126,   98.41852406,   36.54242172,   23.95095498,     -1.93543819,   12.38169205,   12.2356891 ,    4.82873526,     -5.32849357], [   43.07683488,  -29.87839431,   11.36168284,   -9.4754454 ,      9.69231663,   36.54242172,  113.24427303,   34.27165816,     -3.39543927,    0.64754888,   13.67839888,   -0.56447978,      0.34297982], [  -43.48997639,   26.73623378,   14.12133464,   21.98786926,     -2.80715132,   23.95095498,   34.27165816,   79.6119805 ,     28.1747478 ,   10.37042275,    4.99805035,    5.70833584,     -5.14009613], [  -65.81630085,   10.74885926,   18.77908126,   17.86726928,     28.62491991,   -1.93543819,   -3.39543927,   28.1747478 ,     92.36276708,   25.8057184 ,   -3.82513921,    3.74564574,      5.87993546], [   39.86569488,   -5.80061537,  -11.314352  ,    6.62501488,      9.97499659,   12.38169205,    0.64754888,   10.37042275,     25.8057184 ,   63.85583024,   26.27881616,   -1.83950469,     -6.91335088], [   29.57220147,  -23.47252054,    7.68923844,   -7.20223687,     -3.55541431,   12.2356891 ,   13.67839888,    4.99805035,     -3.82513921,   26.27881616,   59.80651904,   18.99533626,     -3.95930615], [  -75.07175624,   12.68272601,   12.57160821,   15.72499336,      3.85070111,    4.82873526,   -0.56447978,    5.70833584,      3.74564574,   -1.83950469,   18.99533626,   59.5843274 ,     25.07153199], [  -64.36078147,    4.06328082,   -0.90240765,   12.56590064,     19.90735718,   -5.32849357,    0.34297982,   -5.14009613,      5.87993546,   -6.91335088,   -3.95930615,   25.07153199,     62.83526178]]
/root/sim/music/out/Van Halen/The Best Of Both Worlds [Disc 2]/15 Ain't Talkin' 'Bout Love [Live].mp3; [-484.57535  ,  78.07993  ,   3.0913446,  30.932474 ,   7.972223 ,    6.3476896,  10.041976 ,   7.3559446,   0.5532009,   2.0746024,   -4.3362226,  -3.916664 ,  -6.3741527]; [[4920.77707588, 631.9782531 , 753.35800127, 457.00241829, 353.35357227,   229.53986013, -86.73224357,-277.02802311, -71.70654384, -90.75973083,   -90.74597894,  43.48444354, -27.97369797], [ 631.9782531 , 414.88733932, 169.08563369, 164.95858103,  88.18742459,    35.09429178, -41.68628804, -79.47209451, -42.88133092, -46.91998238,   -26.26159521,  -1.48749731, -10.01422998], [ 753.35800127, 169.08563369, 611.21403952, 273.96625608, 166.25518962,    59.55925147, -70.26510393,-110.22506716, -21.19642069, -78.08453133,   -43.53754903,  42.38222287,  -2.99017037], [ 457.00241829, 164.95858103, 273.96625608, 250.63215669, 124.22769979,    43.58165005, -42.69884034, -68.9308295 , -23.38782093, -53.1595424 ,   -40.87259014,  12.78951   ,   0.56622362], [ 353.35357227,  88.18742459, 166.25518962, 124.22769979, 168.7943918 ,    62.02687404,  -1.3969487 , -43.62920026,  -9.78105478, -20.35897591,   -23.1786367 ,   3.34442613,   1.09676697], [ 229.53986013,  35.09429178,  59.55925147,  43.58165005,  62.02687404,    92.95904157,  25.88341454, -16.61905476,  -6.40987185,  -7.45520652,    -1.69186329,   5.48734682,  -3.50137743], [ -86.73224357, -41.68628804, -70.26510393, -42.69884034,  -1.3969487 ,    25.88341454, 108.50519078,  50.03689205,  -2.51267563,   9.26093951,    12.74704955,  -0.94815208,  -6.55339343], [-277.02802311, -79.47209451,-110.22506716, -68.9308295 , -43.62920026,   -16.61905476,  50.03689205,  98.91681822,  33.96043408,  25.84425212,    18.54256592,  -7.79595998,  -0.75458987], [ -71.70654384, -42.88133092, -21.19642069, -23.38782093,  -9.78105478,    -6.40987185,  -2.51267563,  33.96043408,  79.47995729,  39.11836231,     9.70534272,   1.17871786,   2.34582404], [ -90.75973083, -46.91998238, -78.08453133, -53.1595424 , -20.35897591,    -7.45520652,   9.26093951,  25.84425212,  39.11836231,  74.21208366,    30.88355181,  -4.80439148,  -0.53306253], [ -90.74597894, -26.26159521, -43.53754903, -40.87259014, -23.1786367 ,    -1.69186329,  12.74704955,  18.54256592,   9.70534272,  30.88355181,    58.84494591,  18.34533348,   2.15693809], [  43.48444354,  -1.48749731,  42.38222287,  12.78951   ,   3.34442613,     5.48734682,  -0.94815208,  -7.79595998,   1.17871786,  -4.80439148,    18.34533348,  59.57209425,  21.79809312], [ -27.97369797, -10.01422998,  -2.99017037,   0.56622362,   1.09676697,    -3.50137743,  -6.55339343,  -0.75458987,   2.34582404,  -0.53306253,     2.15693809,  21.79809312,  47.45493513]]
