/root/sim/music/901~1000/947_three_leaves.mp3; [-634.31085  , 133.43196  ,  20.212461 ,  23.957941 ,  -2.3885276,    5.332123 ,   2.2097008,   1.7936518,  -3.4445496,  -4.0597515,   -2.7436163,  -2.6378481,  -3.4657688]; [[19201.09993855,  -12.19920764, -138.91603416,  501.72757261,   -233.75471779, -115.25517911, -262.39695646, -227.94447838,    -64.73218999, -168.28450678, -203.29944854,  -31.12912122,   -116.93232649], [  -12.19920764, 2580.53878866,    5.26964557,  -56.77838594,    -28.88076171,   -2.38037269,   94.54602283,  167.88144349,     -6.09727475,   16.59183055,  -48.6890822 ,  -71.67270049,    -79.19138041], [ -138.91603416,    5.26964557,  536.17376491,   66.88733562,     73.48874146,   66.44854471,  103.57600543,   95.56287815,    127.09631508,   73.8541054 ,   52.38663915,   16.16435081,     14.68644359], [  501.72757261,  -56.77838594,   66.88733562,  324.92342063,    129.31090312,   73.06748106,   51.45125042,   29.58387869,     46.31477325,   61.17076745,    9.94528943,   21.28046633,      6.21054571], [ -233.75471779,  -28.88076171,   73.48874146,  129.31090312,    209.86253463,   99.41712828,   85.74919229,   55.09969222,     44.32649464,   30.30451353,   23.14914686,   17.22698466,     18.79116092], [ -115.25517911,   -2.38037269,   66.44854471,   73.06748106,     99.41712828,  145.16421316,   80.68984012,   53.85933159,     44.4540103 ,   25.51063106,   11.21193368,    3.88119125,     13.57543712], [ -262.39695646,   94.54602283,  103.57600543,   51.45125042,     85.74919229,   80.68984012,  144.39786284,   96.23627722,     75.77937741,   53.72340269,   19.69772321,    6.31660819,     13.17108096], [ -227.94447838,  167.88144349,   95.56287815,   29.58387869,     55.09969222,   53.85933159,   96.23627722,  133.10811669,     89.03230716,   54.44816792,   23.05303298,    0.29444218,      5.30790129], [  -64.73218999,   -6.09727475,  127.09631508,   46.31477325,     44.32649464,   44.4540103 ,   75.77937741,   89.03230716,    136.16405684,   78.00854088,   27.45633853,    5.22371261,     12.15334996], [ -168.28450678,   16.59183055,   73.8541054 ,   61.17076745,     30.30451353,   25.51063106,   53.72340269,   54.44816792,     78.00854088,  109.85788528,   41.53227354,    5.2151975 ,      8.35116664], [ -203.29944854,  -48.6890822 ,   52.38663915,    9.94528943,     23.14914686,   11.21193368,   19.69772321,   23.05303298,     27.45633853,   41.53227354,   79.32210531,   23.82453248,     14.70573895], [  -31.12912122,  -71.67270049,   16.16435081,   21.28046633,     17.22698466,    3.88119125,    6.31660819,    0.29444218,      5.22371261,    5.2151975 ,   23.82453248,   61.66622495,     22.92153886], [ -116.93232649,  -79.19138041,   14.68644359,    6.21054571,     18.79116092,   13.57543712,   13.17108096,    5.30790129,     12.15334996,    8.35116664,   14.70573895,   22.92153886,     66.49172136]]
/root/sim/music/901~1000/914_OUTLINE.mp3; [-693.5857   , 202.87904  ,  19.957508 ,  10.845646 ,   5.481785 ,    1.758973 , -10.017879 ,   5.150123 ,   9.219464 ,  12.405154 ,   12.843918 ,  11.115374 ,   6.4024506]; [[11329.61568805,-3013.40316653, 1002.48588585,  726.23831884,   -206.27244777,  446.10060452,  173.56199487,  195.73401631,   -202.6479377 , -187.05809901,  -53.23503241,  -75.87203678,   -159.8242647 ], [-3013.40316653, 3529.46575932, -147.28086197,   -2.86646355,    581.52477515,  118.9729787 ,   79.17068937,   90.95344071,    159.64404644,   50.77495823,   29.40180416,    3.626232  ,     52.34231204], [ 1002.48588585, -147.28086197,  671.42090112,  336.36173061,    184.94973166,  268.36438039,  169.65786217,  102.55530398,     46.83126467,   12.54265899,  -28.89380772,    8.7134821 ,     39.64274312], [  726.23831884,   -2.86646355,  336.36173061,  696.54116624,    223.63561645,  273.44931475,  215.15689453,  185.70685176,     92.5599452 ,   57.11233688,   28.52803842,  -20.87103832,    -20.40564287], [ -206.27244777,  581.52477515,  184.94973166,  223.63561645,    367.21604192,  205.96450458,  139.63515738,  126.04770394,    104.31490425,   51.94618245,    1.06114094,  -17.85243037,    -57.91916911], [  446.10060452,  118.9729787 ,  268.36438039,  273.44931475,    205.96450458,  272.98845211,  145.42524988,  110.36936964,     76.51710074,   37.150709  ,   -3.61108137,  -10.25874683,    -62.17670404], [  173.56199487,   79.17068937,  169.65786217,  215.15689453,    139.63515738,  145.42524988,  152.09331697,   98.87551904,     52.58367329,   34.1475262 ,    2.6015319 ,  -15.02563039,    -33.77350009], [  195.73401631,   90.95344071,  102.55530398,  185.70685176,    126.04770394,  110.36936964,   98.87551904,  131.65903235,     68.56738254,   29.94391153,   16.33927926,   -4.91930138,    -19.13634613], [ -202.6479377 ,  159.64404644,   46.83126467,   92.5599452 ,    104.31490425,   76.51710074,   52.58367329,   68.56738254,     95.89442454,   42.95965618,    9.58358996,   -3.03761136,     -6.17912608], [ -187.05809901,   50.77495823,   12.54265899,   57.11233688,     51.94618245,   37.150709  ,   34.1475262 ,   29.94391153,     42.95965618,   76.27399014,   21.04699629,   12.48092028,    -19.59551371], [  -53.23503241,   29.40180416,  -28.89380772,   28.52803842,      1.06114094,   -3.61108137,    2.6015319 ,   16.33927926,      9.58358996,   21.04699629,   60.68613732,   27.86328671,      2.85942307], [  -75.87203678,    3.626232  ,    8.7134821 ,  -20.87103832,    -17.85243037,  -10.25874683,  -15.02563039,   -4.91930138,     -3.03761136,   12.48092028,   27.86328671,   72.25325126,     46.14567522], [ -159.8242647 ,   52.34231204,   39.64274312,  -20.40564287,    -57.91916911,  -62.17670404,  -33.77350009,  -19.13634613,     -6.17912608,  -19.59551371,    2.85942307,   46.14567522,    233.9119212 ]]
/root/sim/music/901~1000/903_難問トーカー.mp3; [-578.52356   , 109.93292   ,  19.965326  ,  11.575719  ,   7.323522  ,   10.300325  ,   4.047848  ,   6.19185   ,   0.9397336 ,   2.383054  ,   -2.012298  ,  -0.68594474,  -3.0482492 ]; [[4180.07651974,-716.60605065,-300.73812674,-243.56383922, -75.90399453,  -140.4863345 ,-119.47990624, -27.45940621,  17.05151027,  24.81299531,    64.95152213,  78.26441742,  98.9287164 ], [-716.60605065, 847.16645678, -32.58803748,  75.35846719,  49.60254654,     6.07127594,  50.20066576,  67.64699549,  57.77086361,  38.15466207,    19.68575874,  41.87934847,  27.01336556], [-300.73812674, -32.58803748, 417.78856049, 155.04678272,  85.40612877,   119.5888774 ,  95.23395531,  49.42617105,  33.04197356,  56.86576463,    41.49939036,  -7.67242054,  22.27299933], [-243.56383922,  75.35846719, 155.04678272, 229.39272412, 152.62281466,    90.0541783 ,  66.56875854,  46.10380195,  24.2931015 ,  15.807702  ,     9.82354197,   6.66810822,  -4.88974579], [ -75.90399453,  49.60254654,  85.40612877, 152.62281466, 171.89285863,    85.87813279,  49.66734277,  39.25297074,  28.60770183,  19.28914072,    15.33465909,  18.63373627,  -4.54412436], [-140.4863345 ,   6.07127594, 119.5888774 ,  90.0541783 ,  85.87813279,   115.8958074 ,  72.85561741,  27.45867883,  14.29629531,  17.88493228,    18.7251172 ,   6.21112663,   6.67957708], [-119.47990624,  50.20066576,  95.23395531,  66.56875854,  49.66734277,    72.85561741,  97.14669195,  55.05048266,  22.56386589,  25.99994563,    36.83308501,  16.88330645,  19.30629962], [ -27.45940621,  67.64699549,  49.42617105,  46.10380195,  39.25297074,    27.45867883,  55.05048266,  80.36439773,  49.46180747,  35.05730841,    32.78958574,  19.7974125 ,  20.81926003], [  17.05151027,  57.77086361,  33.04197356,  24.2931015 ,  28.60770183,    14.29629531,  22.56386589,  49.46180747,  71.745243  ,  55.08920244,    32.18535724,  21.16462975,  21.61350982], [  24.81299531,  38.15466207,  56.86576463,  15.807702  ,  19.28914072,    17.88493228,  25.99994563,  35.05730841,  55.08920244,  84.05476555,    57.45410787,  23.67018841,  29.02496542], [  64.95152213,  19.68575874,  41.49939036,   9.82354197,  15.33465909,    18.7251172 ,  36.83308501,  32.78958574,  32.18535724,  57.45410787,    84.93236429,  45.36950405,  34.14979544], [  78.26441742,  41.87934847,  -7.67242054,   6.66810822,  18.63373627,     6.21112663,  16.88330645,  19.7974125 ,  21.16462975,  23.67018841,    45.36950405,  61.08009381,  39.15612506], [  98.9287164 ,  27.01336556,  22.27299933,  -4.88974579,  -4.54412436,     6.67957708,  19.30629962,  20.81926003,  21.61350982,  29.02496542,    34.14979544,  39.15612506,  65.73960334]]
/root/sim/music/901~1000/975_水辺のピアノ.mp3; [-868.5712   , 280.19696  , -28.437992 , -30.26709  ,  15.951172 ,    1.0402241, -20.394123 , -16.405542 ,  -8.905025 , -14.7164755,  -16.127947 ,  -7.5834956,  -3.947801 ]; [[1507.46326149,-215.69265481,-479.20259994, 538.05512942,-113.38115201,    96.6545997 , 209.70619216, -29.20558189,  34.19098105, 151.83812963,    80.83548706, -81.66039925,  41.8233133 ], [-215.69265481, 430.587503  , 226.1335864 ,-173.73026324,  97.74153447,    23.96239535,  42.76372175, 116.00123557,  55.97733759,  60.83768836,    57.68590885,  39.20662346,  -1.09914467], [-479.20259994, 226.1335864 , 470.50746877,-189.46351161, -36.03696186,    20.51400639,  10.37991174, 145.49905435,  95.43321733,  39.51743057,    66.34717605,  61.27960241, -15.09373851], [ 538.05512942,-173.73026324,-189.46351161, 374.81394065, -67.07167039,    33.17853882, 134.25217238,  -9.84400379,  20.70739993,  83.68218718,    62.77402754, -30.43953302,  47.17998568], [-113.38115201,  97.74153447, -36.03696186, -67.07167039, 156.40660824,    -4.87819091, -39.06871912,  -5.37449679, -22.41968002, -13.75776983,   -37.61743508,   3.13443057,   0.88298937], [  96.6545997 ,  23.96239535,  20.51400639,  33.17853882,  -4.87819091,    78.24354588,  59.36360987,  13.17695466,   8.55356546,  24.42817599,    29.17449038,   4.89927903,  27.91224343], [ 209.70619216,  42.76372175,  10.37991174, 134.25217238, -39.06871912,    59.36360987, 171.78282591,  79.38349766,  25.22224459,  69.85751563,    68.07720445,  22.21177179,  65.93292569], [ -29.20558189, 116.00123557, 145.49905435,  -9.84400379,  -5.37449679,    13.17695466,  79.38349766, 150.11331137,  87.2581521 ,  30.96275184,    40.63649823,  51.41142355,  32.60697981], [  34.19098105,  55.97733759,  95.43321733,  20.70739993, -22.41968002,     8.55356546,  25.22224459,  87.2581521 , 110.51742743,  56.91551301,    28.55101372,  16.26006392,   6.48281386], [ 151.83812963,  60.83768836,  39.51743057,  83.68218718, -13.75776983,    24.42817599,  69.85751563,  30.96275184,  56.91551301, 132.65494325,    67.0856897 , -32.84018076,  -5.69338671], [  80.83548706,  57.68590885,  66.34717605,  62.77402754, -37.61743508,    29.17449038,  68.07720445,  40.63649823,  28.55101372,  67.0856897 ,    88.3773218 ,  16.88306806,   6.21908171], [ -81.66039925,  39.20662346,  61.27960241, -30.43953302,   3.13443057,     4.89927903,  22.21177179,  51.41142355,  16.26006392, -32.84018076,    16.88306806,  93.32908467,  58.39610086], [  41.8233133 ,  -1.09914467, -15.09373851,  47.17998568,   0.88298937,    27.91224343,  65.93292569,  32.60697981,   6.48281386,  -5.69338671,     6.21908171,  58.39610086,  98.8231215 ]]
/root/sim/music/901~1000/905_ムーンライトSad倍速.mp3; [-741.69385  , 119.406815 ,  30.383945 ,  22.098364 ,   7.4502554,    8.809924 ,   5.6262517,   6.678864 ,   7.9066343,   6.9721274,    3.2751493,   3.2391105,   1.4194804]; [[39278.70457659, 6550.32291907, 2143.44378863, 1404.13467814,    772.7714024 ,  616.66449982,  320.42344156,  330.33001262,    293.21480996,  405.97750896,  231.39592787,  155.30976438,    139.28634522], [ 6550.32291907, 5005.64760342, 1482.84466272, 1156.35273007,    841.97784763,  592.84019155,  544.41873118,  394.02094137,    292.07144547,  208.26399654,  188.39633686,   67.69810282,    -23.60053266], [ 2143.44378863, 1482.84466272, 1369.68320772,  785.49029687,    533.14814764,  393.00564621,  270.49013119,  197.70075286,    147.60972225,   81.10199495,   33.25132823,   53.50554453,      4.71806259], [ 1404.13467814, 1156.35273007,  785.49029687,  865.89331984,    476.28326454,  351.67713368,  263.82054731,  245.184761  ,    124.3904341 ,  103.74755067,   68.1351108 ,   25.9696609 ,      9.3889798 ], [  772.7714024 ,  841.97784763,  533.14814764,  476.28326454,    555.91813778,  311.73592435,  265.13790995,  169.0802397 ,    116.76265999,   76.4322649 ,   71.27345544,   15.44945143,      8.49148923], [  616.66449982,  592.84019155,  393.00564621,  351.67713368,    311.73592435,  320.23192703,  185.98812629,  130.56035998,    108.82412147,   67.49734537,   44.50264213,   34.14528836,     15.46807098], [  320.42344156,  544.41873118,  270.49013119,  263.82054731,    265.13790995,  185.98812629,  249.92731722,  144.730747  ,     77.68136816,   51.87183564,   60.18236381,   13.94406477,      1.72227565], [  330.33001262,  394.02094137,  197.70075286,  245.184761  ,    169.0802397 ,  130.56035998,  144.730747  ,  185.27942029,     97.58505747,   67.1748022 ,   49.81428392,   27.73390529,      2.96004262], [  293.21480996,  292.07144547,  147.60972225,  124.3904341 ,    116.76265999,  108.82412147,   77.68136816,   97.58505747,    160.13140155,   80.37594009,   28.758292  ,   35.79603724,      6.19110789], [  405.97750896,  208.26399654,   81.10199495,  103.74755067,     76.4322649 ,   67.49734537,   51.87183564,   67.1748022 ,     80.37594009,  113.58402619,   51.91035772,   13.28514017,      8.39134692], [  231.39592787,  188.39633686,   33.25132823,   68.1351108 ,     71.27345544,   44.50264213,   60.18236381,   49.81428392,     28.758292  ,   51.91035772,   96.16557736,   29.03943544,      3.94965118], [  155.30976438,   67.69810282,   53.50554453,   25.9696609 ,     15.44945143,   34.14528836,   13.94406477,   27.73390529,     35.79603724,   13.28514017,   29.03943544,   79.23783782,     30.92334715], [  139.28634522,  -23.60053266,    4.71806259,    9.3889798 ,      8.49148923,   15.46807098,    1.72227565,    2.96004262,      6.19110789,    8.39134692,    3.94965118,   30.92334715,     77.41760897]]
/root/sim/music/901~1000/930_木こりの森.mp3; [-803.2388    , 139.40579   ,  26.118896  ,  17.308998  ,  -3.4538336 ,   -0.30821452, -14.11502   ,  -4.911033  ,  -5.55322   ,  -0.14677915,    0.6327335 ,   2.5888667 ,  -3.8298593 ]; [[29981.48836042, 4714.91025367, -729.61261055,  855.51715129,    671.35064941,  623.29448659, 1086.2452627 ,  805.6854898 ,   -220.40986032, -165.4204375 , -286.73839655,  -83.55217635,   -923.65334633], [ 4714.91025367, 6198.55273592,-1523.14987442,  228.00230625,    194.355504  ,    5.99690278,  221.87820465,  -62.45858123,   -180.34129214,   83.76921379,  -89.78217173,   63.16242824,   -297.12117008], [ -729.61261055,-1523.14987442, 4045.38481438, 1141.19140529,    774.86386616, 1048.25406622,  100.7424294 ,  358.6948334 ,    -81.98059321, -433.18219899,  -73.39752859, -238.92879363,   -266.26569165], [  855.51715129,  228.00230625, 1141.19140529, 1496.00535412,    727.32713674,  422.73664397,  377.36296055,   70.98616099,    -77.55225797, -231.08937502, -255.81330675, -163.08792625,   -177.00244503], [  671.35064941,  194.355504  ,  774.86386616,  727.32713674,    705.22849741,  457.27431467,  111.25269507,   70.17933714,    -34.92229367,  -92.20629304, -165.00549525, -207.74474855,   -123.02114859], [  623.29448659,    5.99690278, 1048.25406622,  422.73664397,    457.27431467,  607.59525927,  135.1668683 ,  157.4617446 ,    -25.82771165, -106.90644404,  -75.30748691, -123.75514866,   -173.73397486], [ 1086.2452627 ,  221.87820465,  100.7424294 ,  377.36296055,    111.25269507,  135.1668683 ,  418.7028511 ,   83.40033516,    -19.06396824,  -66.02837793,  -42.08164167,  -14.18169991,   -113.59438438], [  805.6854898 ,  -62.45858123,  358.6948334 ,   70.98616099,     70.17933714,  157.4617446 ,   83.40033516,  201.60779354,     15.6798272 ,  -64.52390421,   13.801602  ,   18.73971679,    -65.33396877], [ -220.40986032, -180.34129214,  -81.98059321,  -77.55225797,    -34.92229367,  -25.82771165,  -19.06396824,   15.6798272 ,    111.32258252,   70.8511105 ,    6.86033061,  -21.76075138,     14.87830169], [ -165.4204375 ,   83.76921379, -433.18219899, -231.08937502,    -92.20629304, -106.90644404,  -66.02837793,  -64.52390421,     70.8511105 ,  180.91683572,   44.41507   ,  -38.24753735,     31.42047206], [ -286.73839655,  -89.78217173,  -73.39752859, -255.81330675,   -165.00549525,  -75.30748691,  -42.08164167,   13.801602  ,      6.86033061,   44.41507   ,  173.8295949 ,  154.25958745,     51.01257601], [  -83.55217635,   63.16242824, -238.92879363, -163.08792625,   -207.74474855, -123.75514866,  -14.18169991,   18.73971679,    -21.76075138,  -38.24753735,  154.25958745,  335.75654046,    128.58435378], [ -923.65334633, -297.12117008, -266.26569165, -177.00244503,   -123.02114859, -173.73397486, -113.59438438,  -65.33396877,     14.87830169,   31.42047206,   51.01257601,  128.58435378,    213.40438598]]
/root/sim/music/901~1000/915_Death_Borg.mp3; [-596.0093   ,  70.685684 ,  20.284674 ,  35.7625   ,  13.685215 ,   18.250053 ,   9.860855 ,  10.07862  ,   7.0079765,   6.82137  ,    2.9351163,   4.148974 ,   2.400974 ]; [[9760.58768419,-390.45937416, 139.60956185, 107.14175192, -32.70037056,   101.4790743 ,-209.66095482, -73.95202241, -84.21169786, -35.62707671,   -76.37446463, -31.03532758, -65.43105685], [-390.45937416, 843.57455863,-157.31684863,  23.019504  , -72.70834791,   -75.97838275,  44.90742478,  19.32790433,   4.40062822,  12.87796915,    10.26732558,  13.66531312,  -3.18905496], [ 139.60956185,-157.31684863, 374.95049275,  66.04030302,  53.49755032,    48.37564308,  35.44685803,  21.04363738,  32.83411617,   9.9086218 ,    17.45646769,  -7.58373459,   7.58170237], [ 107.14175192,  23.019504  ,  66.04030302, 233.96610182,  94.04001529,   114.9533269 ,  48.32268791,  65.16795882,  50.85901193,  66.17571926,    32.800058  ,  39.45092446,  32.33093575], [ -32.70037056, -72.70834791,  53.49755032,  94.04001529, 171.45233894,   123.99475671,  55.540139  ,  48.49681127,  43.49036713,  22.74298212,    22.25478463,  14.81751416,  21.93398997], [ 101.4790743 , -75.97838275,  48.37564308, 114.9533269 , 123.99475671,   183.77905436,  75.77536802,  69.79282694,  51.03398964,  45.65641847,    26.93590961,  23.8730611 ,  27.86168071], [-209.66095482,  44.90742478,  35.44685803,  48.32268791,  55.540139  ,    75.77536802, 112.29441384,  65.60647067,  26.53768487,  14.1163684 ,    21.34354082,  20.40091662,  13.18278076], [ -73.95202241,  19.32790433,  21.04363738,  65.16795882,  48.49681127,    69.79282694,  65.60647067, 104.08193211,  58.14082825,  27.09190494,    16.58032431,  27.81142858,  23.80854276], [ -84.21169786,   4.40062822,  32.83411617,  50.85901193,  43.49036713,    51.03398964,  26.53768487,  58.14082825,  87.03714495,  47.34224732,    15.92153454,  10.06974168,  20.06781777], [ -35.62707671,  12.87796915,   9.9086218 ,  66.17571926,  22.74298212,    45.65641847,  14.1163684 ,  27.09190494,  47.34224732,  86.97547381,    41.45019408,  15.24256381,  11.19172297], [ -76.37446463,  10.26732558,  17.45646769,  32.800058  ,  22.25478463,    26.93590961,  21.34354082,  16.58032431,  15.92153454,  41.45019408,    70.56624966,  38.44492269,   6.3730391 ], [ -31.03532758,  13.66531312,  -7.58373459,  39.45092446,  14.81751416,    23.8730611 ,  20.40091662,  27.81142858,  10.06974168,  15.24256381,    38.44492269,  67.93533535,  32.45612873], [ -65.43105685,  -3.18905496,   7.58170237,  32.33093575,  21.93398997,    27.86168071,  13.18278076,  23.80854276,  20.06781777,  11.19172297,     6.3730391 ,  32.45612873,  61.88084051]]
/root/sim/music/901~1000/943_Miracle_Future!.mp3; [-602.9805   , 127.47775  ,  15.238985 ,  21.710918 ,  -2.4456677,    2.5243418,  -2.4483955,   3.663663 ,   3.4695165,   4.3613753,    0.9613601,   2.145261 ,   1.2783401]; [[15230.54616874,-2319.89019513, -538.04940768, -252.98411242,    165.37354   ,  380.45867102,  483.25099092,  307.30297878,    303.77964597,  206.52122857,  129.46386312,   30.92184042,    -25.78828726], [-2319.89019513, 3460.40221669,  716.00965168,  538.03307372,    186.86991083,   86.65525119, -140.15713546,  -26.52319587,   -110.56926293, -119.00477734,  -72.74332487,   15.06776671,     41.45479748], [ -538.04940768,  716.00965168,  867.45577995,  273.95716138,    171.58508977,   65.58465159,    9.22534525,    5.42548264,     36.19155174,   -5.09775686,  -10.10449325,   45.15560971,      0.93170963], [ -252.98411242,  538.03307372,  273.95716138,  419.13640675,    147.79692814,   55.63200745,   -1.07587925,   11.66825762,    -16.71635639,  -11.42541965,  -15.15421429,   16.78921695,     25.60653149], [  165.37354   ,  186.86991083,  171.58508977,  147.79692814,    278.2807673 ,  152.42867542,   94.50471278,   60.46247364,     58.45625937,   20.1075121 ,   10.8011994 ,   20.94051817,     26.01921476], [  380.45867102,   86.65525119,   65.58465159,   55.63200745,    152.42867542,  222.74440616,  125.19293889,   83.47972441,     56.93176863,   30.60121936,    2.02147181,   16.53047395,     25.95996247], [  483.25099092, -140.15713546,    9.22534525,   -1.07587925,     94.50471278,  125.19293889,  224.64071305,  122.18762025,     74.51378879,   41.38436043,   21.35123164,   14.34781607,     46.18673528], [  307.30297878,  -26.52319587,    5.42548264,   11.66825762,     60.46247364,   83.47972441,  122.18762025,  171.26436419,     87.31786946,   36.39884596,    4.17566799,   -7.5282832 ,     16.62858918], [  303.77964597, -110.56926293,   36.19155174,  -16.71635639,     58.45625937,   56.93176863,   74.51378879,   87.31786946,    177.95728805,   72.99257949,    6.92456882,   -5.23116777,      7.37038203], [  206.52122857, -119.00477734,   -5.09775686,  -11.42541965,     20.1075121 ,   30.60121936,   41.38436043,   36.39884596,     72.99257949,  168.22141691,   74.44079274,    1.42416317,    -29.64117822], [  129.46386312,  -72.74332487,  -10.10449325,  -15.15421429,     10.8011994 ,    2.02147181,   21.35123164,    4.17566799,      6.92456882,   74.44079274,  175.4607162 ,   54.32649088,    -11.32382513], [   30.92184042,   15.06776671,   45.15560971,   16.78921695,     20.94051817,   16.53047395,   14.34781607,   -7.5282832 ,     -5.23116777,    1.42416317,   54.32649088,  147.57514474,     65.28157651], [  -25.78828726,   41.45479748,    0.93170963,   25.60653149,     26.01921476,   25.95996247,   46.18673528,   16.62858918,      7.37038203,  -29.64117822,  -11.32382513,   65.28157651,    161.28402707]]
/root/sim/music/901~1000/937_Show_Window.mp3; [-649.79175   , 119.51013   ,  48.349228  ,  33.407555  ,  15.986263  ,   -1.911115  ,   1.0329686 ,  11.208861  ,   1.797572  ,   5.1343365 ,    8.54651   ,   0.55174744,   0.5841835 ]; [[9297.87733949,1808.11458562, 751.60381383,  -2.31658187,   1.87110387,    65.47430238, 108.9905677 , 148.89319324,  -3.79309824,-123.28078375,  -134.7233343 , -86.79110349, -47.16970658], [1808.11458562,1894.8486891 , 465.90089555, 153.42089856, 117.88079801,    37.19612627, 141.81090389, 190.48780997,  79.21928349,  12.63718927,     5.10401537, -36.28806129,  -0.86163234], [ 751.60381383, 465.90089555, 776.27230112, 419.56436192, 188.16352939,    85.43994836,  57.42620327,  58.31632659,  34.34810415,   9.58919678,   -14.48426892, -33.28419689, -27.17369739], [  -2.31658187, 153.42089856, 419.56436192, 520.90279064, 240.26714491,   109.67950732,  36.22683334,   3.22741475,   8.54788993,  13.19399785,     1.33994242,  -4.54704989,  -2.26155043], [   1.87110387, 117.88079801, 188.16352939, 240.26714491, 238.45337361,   121.67371211,  55.17851572,  19.08110595,  -7.50086291,  -4.8482564 ,     7.14100548,   6.96569602,   8.29156653], [  65.47430238,  37.19612627,  85.43994836, 109.67950732, 121.67371211,   167.248358  ,  92.49301004,  27.93476225,  20.05647653,  -1.42791551,    -4.22034944,  16.3744157 ,  11.77007829], [ 108.9905677 , 141.81090389,  57.42620327,  36.22683334,  55.17851572,    92.49301004, 121.4110894 ,  70.47806506,  25.09326503,   2.88034476,    -6.83968592,   3.02846999,   9.1140013 ], [ 148.89319324, 190.48780997,  58.31632659,   3.22741475,  19.08110595,    27.93476225,  70.47806506,  94.22976785,  47.21187721,  17.09109134,     6.53387825,  -0.77451297,   6.54781788], [  -3.79309824,  79.21928349,  34.34810415,   8.54788993,  -7.50086291,    20.05647653,  25.09326503,  47.21187721,  88.96119951,  58.40964986,    22.78972803,  10.37123301,   5.25977   ], [-123.28078375,  12.63718927,   9.58919678,  13.19399785,  -4.8482564 ,    -1.42791551,   2.88034476,  17.09109134,  58.40964986,  92.22795545,    51.53497848,  15.17183543,   0.46386992], [-134.7233343 ,   5.10401537, -14.48426892,   1.33994242,   7.14100548,    -4.22034944,  -6.83968592,   6.53387825,  22.78972803,  51.53497848,    75.3345299 ,  40.36751944,   7.49679418], [ -86.79110349, -36.28806129, -33.28419689,  -4.54704989,   6.96569602,    16.3744157 ,   3.02846999,  -0.77451297,  10.37123301,  15.17183543,    40.36751944,  74.01390932,  31.80064385], [ -47.16970658,  -0.86163234, -27.17369739,  -2.26155043,   8.29156653,    11.77007829,   9.1140013 ,   6.54781788,   5.25977   ,   0.46386992,     7.49679418,  31.80064385,  56.94849708]]
/root/sim/music/901~1000/909_Time_for_Rest.mp3; [-815.022     , 243.75333   ,  30.814646  ,  15.622289  , -12.474737  ,   -0.00144223,   4.3165007 ,   8.110312  ,  -8.568793  ,  -4.250255  ,   -4.703318  ,  -3.1807604 ,   4.083686  ]; [[13930.77047872, 2894.51678666,-1024.1647134 ,  353.49724935,   -550.48050645,  230.11825146,  645.14598474,  701.06251318,   -247.576953  ,  307.00240308,  292.53758285,  148.85065543,    315.32824192], [ 2894.51678666, 3357.81571687,  584.86831973,  -44.14086158,     68.08829951,  111.43803789,    8.30567433,   91.27764356,    194.21144952,   67.50510714,  -11.98648063,  -20.65973651,    -72.05327841], [-1024.1647134 ,  584.86831973,  630.52905117,   56.72377406,    124.07579261,    0.87437482,  -84.95763577,  -71.03599418,    110.78072851,  -42.39461359,  -80.28647846,  -54.65288733,   -104.13551409], [  353.49724935,  -44.14086158,   56.72377406,  217.57267004,     35.75991678,   31.48058241,   29.19716999,   11.10528773,    -10.73579066,   -0.47380758,   -6.27627763,  -32.61220756,     -7.68264531], [ -550.48050645,   68.08829951,  124.07579261,   35.75991678,    182.15515892,   71.17020011,  -16.15386417,  -23.53810249,     40.81826356,   -1.43656378,  -47.80677251,  -14.71614571,    -43.00744863], [  230.11825146,  111.43803789,    0.87437482,   31.48058241,     71.17020011,  162.3923666 ,   54.29932504,   30.66050857,     37.93115084,   19.5873655 ,   -7.0415445 ,  -12.91669056,    -11.38470003], [  645.14598474,    8.30567433,  -84.95763577,   29.19716999,    -16.15386417,   54.29932504,  258.47605324,   91.73234041,   -100.79216395,  -46.30129057,   15.74846252,   36.88077838,     30.34404658], [  701.06251318,   91.27764356,  -71.03599418,   11.10528773,    -23.53810249,   30.66050857,   91.73234041,  170.28765522,      7.82456958,   16.32588226,   19.53887293,    6.0950171 ,     29.68795047], [ -247.576953  ,  194.21144952,  110.78072851,  -10.73579066,     40.81826356,   37.93115084, -100.79216395,    7.82456958,    294.42165505,  136.05565152,  -11.27152901,  -34.30072843,    -87.65332491], [  307.00240308,   67.50510714,  -42.39461359,   -0.47380758,     -1.43656378,   19.5873655 ,  -46.30129057,   16.32588226,    136.05565152,  201.34418215,   34.85967315,    4.08886752,     -0.73971403], [  292.53758285,  -11.98648063,  -80.28647846,   -6.27627763,    -47.80677251,   -7.0415445 ,   15.74846252,   19.53887293,    -11.27152901,   34.85967315,  130.82396627,   35.77061076,      8.98877554], [  148.85065543,  -20.65973651,  -54.65288733,  -32.61220756,    -14.71614571,  -12.91669056,   36.88077838,    6.0950171 ,    -34.30072843,    4.08886752,   35.77061076,  135.09401102,     25.05327195], [  315.32824192,  -72.05327841, -104.13551409,   -7.68264531,    -43.00744863,  -11.38470003,   30.34404658,   29.68795047,    -87.65332491,   -0.73971403,    8.98877554,   25.05327195,    185.57998239]]
/root/sim/music/901~1000/989_Walking_by_the_seaside.mp3; [-627.3194    , 151.22267   ,  14.064975  ,  12.666259  ,  17.901188  ,    6.1989098 ,   0.44545406,  -1.8303075 ,  -1.6708654 ,   3.8168468 ,    9.372546  ,   9.195242  ,   7.1534047 ]; [[16874.48017829,  944.14721485,  201.55438257,  240.29512878,    233.87552045,  446.90973656,  600.34434001,  409.74227189,     36.6038356 ,   13.92294447,  109.58777215,  147.96579658,    -83.35073476], [  944.14721485, 1683.17059079,  -57.1221387 ,   61.26762677,    126.85764092,  -72.77482726,  -32.16456995,  -65.9046498 ,    -68.66385881,  -45.95786162,  -14.22457712,  -41.84354723,    -64.32995901], [  201.55438257,  -57.1221387 ,  338.08600859,   26.45383359,     67.29662287,   94.09726429,   12.64760027,   48.66514561,     49.31163115,    0.75176834,    9.36195028,   12.62348073,     31.22748278], [  240.29512878,   61.26762677,   26.45383359,  215.98960263,     12.8425308 ,   51.09712216,   35.4568762 ,   13.37382174,     25.91834828,   14.57355032,   -2.66052311,   -8.46512604,    -10.02854951], [  233.87552045,  126.85764092,   67.29662287,   12.8425308 ,    153.14024847,   32.19301031,    0.31672988,   41.45620659,     45.42522491,    7.99150312,   22.93551125,   25.61177072,     23.83016036], [  446.90973656,  -72.77482726,   94.09726429,   51.09712216,     32.19301031,  161.699642  ,   47.16753799,   31.44162338,      1.70558999,  -23.09545666,    4.13034759,   27.87164726,     49.20136615], [  600.34434001,  -32.16456995,   12.64760027,   35.4568762 ,      0.31672988,   47.16753799,  191.67432915,   91.51514044,    -15.44195002,  -33.85871287,   15.86411536,   24.93106599,    -12.80127622], [  409.74227189,  -65.9046498 ,   48.66514561,   13.37382174,     41.45620659,   31.44162338,   91.51514044,  186.96599552,     58.53177088,  -37.5083366 ,    5.90095427,   39.61033516,      9.86333854], [   36.6038356 ,  -68.66385881,   49.31163115,   25.91834828,     45.42522491,    1.70558999,  -15.44195002,   58.53177088,    153.94213767,   51.13386217,  -13.8721313 ,  -12.10875118,     17.29386997], [   13.92294447,  -45.95786162,    0.75176834,   14.57355032,      7.99150312,  -23.09545666,  -33.85871287,  -37.5083366 ,     51.13386217,  145.69316828,   65.85176331,    1.10023376,    -13.50188968], [  109.58777215,  -14.22457712,    9.36195028,   -2.66052311,     22.93551125,    4.13034759,   15.86411536,    5.90095427,    -13.8721313 ,   65.85176331,  156.2095669 ,   80.91689481,     33.80078974], [  147.96579658,  -41.84354723,   12.62348073,   -8.46512604,     25.61177072,   27.87164726,   24.93106599,   39.61033516,    -12.10875118,    1.10023376,   80.91689481,  145.78041807,     76.43843025], [  -83.35073476,  -64.32995901,   31.22748278,  -10.02854951,     23.83016036,   49.20136615,  -12.80127622,    9.86333854,     17.29386997,  -13.50188968,   33.80078974,   76.43843025,    188.89981845]]
/root/sim/music/901~1000/932_恋するカエル.mp3; [-797.85724  , 174.87372  ,  20.969824 ,  -8.5282345, -19.515993 ,   -0.8602007, -24.099432 , -24.79541  , -39.62355  , -28.051525 ,  -27.847773 ,  -7.4788165, -10.67341  ]; [[12283.68476919,-2138.84141161, -438.16288461, -638.30704414,   -782.25090521,  497.2091493 , -225.43247505,  392.59670662,   -370.95382892,  568.08727854,  -97.72407496,  409.95715156,     14.34804576], [-2138.84141161, 1960.12256622, -219.23655011,  314.15200081,    278.61805319, -222.62831849,   25.54241975, -293.85812807,    111.99511376, -201.0627193 ,   44.79839282, -255.97124589,    -70.99654846], [ -438.16288461, -219.23655011,  758.47904486,  -36.88464366,     67.43093875, -103.09372878, -141.23324858,   68.33683437,   -215.58137543,  -56.86888125, -183.5811106 ,  -47.73780603,     25.8369743 ], [ -638.30704414,  314.15200081,  -36.88464366,  363.35887689,     38.1885631 ,  -18.58404707,   23.36636864,  -99.73233094,     91.6890504 ,  -90.24318102,   55.37117943,  -91.66765629,    -13.31905852], [ -782.25090521,  278.61805319,   67.43093875,   38.1885631 ,    424.95742781,  -22.89288821,   89.93010052,  -53.07829352,    -35.18383294,  -26.40677286,  -44.21460908, -220.877123  ,   -155.36820506], [  497.2091493 , -222.62831849, -103.09372878,  -18.58404707,    -22.89288821,  425.85609702,   59.45383109,   71.07134788,    -26.32688507,    1.60265335,  -46.98015968,  -68.81374606,    -76.09726987], [ -225.43247505,   25.54241975, -141.23324858,   23.36636864,     89.93010052,   59.45383109,  344.52792826,   -4.37502055,     64.30560503,  -96.81686146,  -29.99137899,  -54.98988241,    -10.1797111 ], [  392.59670662, -293.85812807,   68.33683437,  -99.73233094,    -53.07829352,   71.07134788,   -4.37502055,  368.3686363 ,    -62.24641751,   33.24187969, -125.82448512, -115.86492621,   -113.63169084], [ -370.95382892,  111.99511376, -215.58137543,   91.6890504 ,    -35.18383294,  -26.32688507,   64.30560503,  -62.24641751,    395.09802777,   -1.95669119,  102.90193735,    1.59209934,     26.23820908], [  568.08727854, -201.0627193 ,  -56.86888125,  -90.24318102,    -26.40677286,    1.60265335,  -96.81686146,   33.24187969,     -1.95669119,  375.11877936,  123.3559949 ,    6.02969359,   -106.46157656], [  -97.72407496,   44.79839282, -183.5811106 ,   55.37117943,    -44.21460908,  -46.98015968,  -29.99137899, -125.82448512,    102.90193735,  123.3559949 ,  454.03935313,   78.64329119,    -43.01303329], [  409.95715156, -255.97124589,  -47.73780603,  -91.66765629,   -220.877123  ,  -68.81374606,  -54.98988241, -115.86492621,      1.59209934,    6.02969359,   78.64329119,  623.97201005,    310.78532844], [   14.34804576,  -70.99654846,   25.8369743 ,  -13.31905852,   -155.36820506,  -76.09726987,  -10.1797111 , -113.63169084,     26.23820908, -106.46157656,  -43.01303329,  310.78532844,    585.63529999]]
/root/sim/music/901~1000/946_ぶらり王国、街歩き.mp3; [-672.7919    , 137.3789    , -34.812378  ,   9.792631  ,  -4.177115  ,   -1.3584777 , -11.787945  , -12.104206  , -12.184813  ,  -0.08286795,   -5.8219194 ,  -2.3108149 ,  -4.010946  ]; [[11097.38473931, -767.54568784,  639.00210889, 1018.05611608,    437.08436398, -168.14963145,    9.43555273,  431.04630383,    332.44831067,  -72.50352531,   61.42912808,  197.71612955,    412.09425482], [ -767.54568784, 1184.47803579, -201.43255193,  285.53213169,    292.12323276,  260.48322041,  109.03162123,   73.65522597,     45.14405509,   58.83731774,   53.5730769 ,   11.19751936,     18.13163665], [  639.00210889, -201.43255193,  933.05627701,   77.72245679,     73.14808067,   66.61682202,  210.69574339,  179.82374316,    145.03105565,   82.66950086,  111.91817235,  145.53074006,     11.57862798], [ 1018.05611608,  285.53213169,   77.72245679,  532.17662104,    226.9156548 ,  102.70999927,   77.079884  ,  139.3003491 ,    117.94344149,   75.21793819,   60.00575482,   58.27829589,     94.78970598], [  437.08436398,  292.12323276,   73.14808067,  226.9156548 ,    441.77390379,  177.77567876,   85.23227182,   27.66444404,     75.62200774,   25.79332859,   28.89422633,  -47.84847028,     26.31234559], [ -168.14963145,  260.48322041,   66.61682202,  102.70999927,    177.77567876,  284.43415044,  122.85937829,   41.52962972,     -1.86707211,   60.52613377,   48.55458782,   16.34339669,     16.66286125], [    9.43555273,  109.03162123,  210.69574339,   77.079884  ,     85.23227182,  122.85937829,  222.04260876,  114.52537383,     67.06248162,   38.21206324,   36.36739487,   48.40027744,      6.71906807], [  431.04630383,   73.65522597,  179.82374316,  139.3003491 ,     27.66444404,   41.52962972,  114.52537383,  293.16570084,     87.22280464,   -2.36616098,   10.85640875,   48.26299971,     73.2593565 ], [  332.44831067,   45.14405509,  145.03105565,  117.94344149,     75.62200774,   -1.86707211,   67.06248162,   87.22280464,    318.72925004,   59.95410588,   -7.05049493,  -56.81745226,    -17.87548848], [  -72.50352531,   58.83731774,   82.66950086,   75.21793819,     25.79332859,   60.52613377,   38.21206324,   -2.36616098,     59.95410588,  255.02836982,  104.8008916 ,   45.68384824,    -45.36407288], [   61.42912808,   53.5730769 ,  111.91817235,   60.00575482,     28.89422633,   48.55458782,   36.36739487,   10.85640875,     -7.05049493,  104.8008916 ,  213.20362299,  112.84036984,     -3.62022579], [  197.71612955,   11.19751936,  145.53074006,   58.27829589,    -47.84847028,   16.34339669,   48.40027744,   48.26299971,    -56.81745226,   45.68384824,  112.84036984,  275.67092059,     64.84189155], [  412.09425482,   18.13163665,   11.57862798,   94.78970598,     26.31234559,   16.66286125,    6.71906807,   73.2593565 ,    -17.87548848,  -45.36407288,   -3.62022579,   64.84189155,    210.38248429]]
/root/sim/music/901~1000/927_Blue_Thunder.mp3; [-582.2787    , 117.208855  ,  -4.2929435 ,   2.6410344 ,  -1.8992429 ,    1.2986891 ,  -1.6100897 ,   3.0070615 ,   3.5054002 ,   1.3357939 ,    0.15290427,   1.6458577 ,   2.3200674 ]; [[14586.61103565, -200.48538288, 1631.25029764,  626.25260755,    655.08649765,  708.85441879,  607.3976067 ,  350.36532278,    252.86194853,  240.56018738,  228.50299388,   28.9975237 ,     28.65559467], [ -200.48538288, 1884.76642445, -326.59676165,  177.091355  ,     80.31144743,   44.8993432 ,   31.49780706,   20.77023207,     20.56898378,   72.82948872,   63.60932748,   33.40597284,     25.66003702], [ 1631.25029764, -326.59676165, 1184.59247973,  376.44464529,    439.81893132,  346.5275947 ,  291.87060392,  185.28577029,    156.49101429,  119.57067482,  107.06952239,   39.62274782,     37.84777337], [  626.25260755,  177.091355  ,  376.44464529,  512.59259261,    271.01194628,  252.00492536,  177.08434908,  159.60242065,    100.85843896,   92.4561062 ,   52.36670224,   32.60233695,     16.22134247], [  655.08649765,   80.31144743,  439.81893132,  271.01194628,    483.68728781,  307.30886229,  259.42770949,  189.79412326,    169.63651977,  113.22063961,   92.97215402,   53.87150381,     77.70091914], [  708.85441879,   44.8993432 ,  346.5275947 ,  252.00492536,    307.30886229,  344.35925437,  264.49647451,  194.56514073,    141.30216881,  113.37922979,   88.8490118 ,   48.7254579 ,     51.62422819], [  607.3976067 ,   31.49780706,  291.87060392,  177.08434908,    259.42770949,  264.49647451,  317.68245295,  196.93517386,    138.83506594,  104.9053424 ,   93.50807635,   48.38241812,     42.78180305], [  350.36532278,   20.77023207,  185.28577029,  159.60242065,    189.79412326,  194.56514073,  196.93517386,  242.01756499,    164.83166943,  103.73175529,   59.12387085,   46.81619801,     44.23271808], [  252.86194853,   20.56898378,  156.49101429,  100.85843896,    169.63651977,  141.30216881,  138.83506594,  164.83166943,    205.75958417,  123.04459666,   61.86132331,   35.83955433,     53.93385002], [  240.56018738,   72.82948872,  119.57067482,   92.4561062 ,    113.22063961,  113.37922979,  104.9053424 ,  103.73175529,    123.04459666,  162.36894911,  102.93057791,   50.29911135,     43.80640773], [  228.50299388,   63.60932748,  107.06952239,   52.36670224,     92.97215402,   88.8490118 ,   93.50807635,   59.12387085,     61.86132331,  102.93057791,  146.72983911,   81.76278719,     45.89223858], [   28.9975237 ,   33.40597284,   39.62274782,   32.60233695,     53.87150381,   48.7254579 ,   48.38241812,   46.81619801,     35.83955433,   50.29911135,   81.76278719,  109.54419351,     66.56478708], [   28.65559467,   25.66003702,   37.84777337,   16.22134247,     77.70091914,   51.62422819,   42.78180305,   44.23271808,     53.93385002,   43.80640773,   45.89223858,   66.56478708,     98.17409215]]
