/root/sim/music/out/FIRE BOMBER/マクロス7 SECOND FIRE!! FIRE BOMBER/08 HOLY LONELY LIGHT (Duet Version).mp3; [-530.415    ,  95.736626 ,  -9.129558 ,  34.4805   ,   2.7194514,    1.2192621,   2.202863 ,   1.6707758,  -4.966492 ,  -3.5020366,   -7.461944 , -10.415971 ,  -7.5632806]; [[13658.32541201, -694.94715664,   93.84466959,  313.40884589,    -33.82938285,  114.28993391,  -46.36756845,   75.0314037 ,     -5.2420624 ,   66.36195438,   16.63533475, -107.0631169 ,   -107.52355401], [ -694.94715664, 1234.74760298, -293.63320864,   54.65795336,      6.47882056,  -93.17657422,   53.32481625,  -12.0546571 ,     -3.96852585,   -8.86367104,  -33.90527128,  -27.31022776,    -10.10022076], [   93.84466959, -293.63320864,  639.03535385,   61.36194558,    107.68200278,   11.72387152,    0.50321631,    4.3167106 ,     15.95952296,  -19.34500911,   16.03581025,   42.43771484,    -11.33070811], [  313.40884589,   54.65795336,   61.36194558,  255.80154035,     71.00299702,   -3.00014544,   10.28865315,    8.49150754,     29.30574429,  -23.94985538,   -7.74985279,    7.13761821,     13.00234922], [  -33.82938285,    6.47882056,  107.68200278,   71.00299702,    152.66124709,   13.44956019,   11.5433241 ,   -2.33594341,     17.37668927,    0.14742865,   -3.28545895,   15.89080736,     12.38030606], [  114.28993391,  -93.17657422,   11.72387152,   -3.00014544,     13.44956019,  136.51790869,   30.56207796,   20.20791391,    -10.17588195,    7.39664701,   18.64191865,    6.98879746,      5.70740798], [  -46.36756845,   53.32481625,    0.50321631,   10.28865315,     11.5433241 ,   30.56207796,  144.29335256,   32.6505389 ,     26.57184335,   16.28831481,    9.2677306 ,   -2.26667947,      1.2262863 ], [   75.0314037 ,  -12.0546571 ,    4.3167106 ,    8.49150754,     -2.33594341,   20.20791391,   32.6505389 ,   82.44651063,     35.89241163,   15.30226255,    5.42918166,   -6.35257939,     -0.14133701], [   -5.2420624 ,   -3.96852585,   15.95952296,   29.30574429,     17.37668927,  -10.17588195,   26.57184335,   35.89241163,     87.70411198,   34.13186988,    0.51489949,   -6.58805717,     -3.28645724], [   66.36195438,   -8.86367104,  -19.34500911,  -23.94985538,      0.14742865,    7.39664701,   16.28831481,   15.30226255,     34.13186988,   85.83698657,   30.98302529,    0.55083294,     -4.06739074], [   16.63533475,  -33.90527128,   16.03581025,   -7.74985279,     -3.28545895,   18.64191865,    9.2677306 ,    5.42918166,      0.51489949,   30.98302529,   64.42129915,   25.78135105,      2.22890663], [ -107.0631169 ,  -27.31022776,   42.43771484,    7.13761821,     15.89080736,    6.98879746,   -2.26667947,   -6.35257939,     -6.58805717,    0.55083294,   25.78135105,   62.77237426,     24.94759699], [ -107.52355401,  -10.10022076,  -11.33070811,   13.00234922,     12.38030606,    5.70740798,    1.2262863 ,   -0.14133701,     -3.28645724,   -4.06739074,    2.22890663,   24.94759699,     57.56337469]]
/root/sim/music/out/FIRE BOMBER/マクロス7 SECOND FIRE!! FIRE BOMBER/09 LIGHT THE LIGHT.mp3; [-596.8965    , 113.96816   ,  -6.3832445 ,  26.295673  ,   1.5730462 ,   -6.534042  ,   1.437425  ,   1.7295111 ,  -0.33197322,  -2.31422   ,   -1.8886365 ,  -5.322126  ,  -4.5747914 ]; [[16469.79437781, -871.79529608,  169.84275967, -505.3925462 ,    152.86823473, -480.60138161, -300.05487017, -157.1040747 ,   -565.98227664,  140.34833851,  225.93750511, -194.75651042,     73.96627323], [ -871.79529608, 1340.34484632, -370.43018699,  356.99849755,    -44.424664  ,   58.96155317,  104.81670651,  -51.8274071 ,    154.18262826,   11.12402904,  -36.85739891,   65.11603559,    -42.77745706], [  169.84275967, -370.43018699,  783.53518775, -172.61122476,    134.8930295 ,  108.17950328, -114.90768309,   45.43495569,   -116.06082256,   -8.70486325,   57.89538534,  -45.15781399,     61.7250527 ], [ -505.3925462 ,  356.99849755, -172.61122476,  500.75327054,     -3.29283562,  128.21166948,  -26.07239456,   -2.49170999,    141.46384391,  -49.95314347,  -27.81175421,   64.1157191 ,    -11.67672596], [  152.86823473,  -44.424664  ,  134.8930295 ,   -3.29283562,    192.34863549,    9.16364345,  -34.19092224,   -2.05774409,    -44.85343582,  -13.52963061,   37.4029888 ,   -5.67413265,     33.73752457], [ -480.60138161,   58.96155317,  108.17950328,  128.21166948,      9.16364345,  246.00128413,    8.24294992,   19.9465453 ,     27.68764176,  -32.79644906,    0.11126995,   28.71525105,     11.34748666], [ -300.05487017,  104.81670651, -114.90768309,  -26.07239456,    -34.19092224,    8.24294992,  214.36926286,   -5.76036015,     22.614298  ,   20.7428523 ,  -12.38131863,    4.38258606,    -12.47590839], [ -157.1040747 ,  -51.8274071 ,   45.43495569,   -2.49170999,     -2.05774409,   19.9465453 ,   -5.76036015,  119.30232874,     40.58446158,    6.3866835 ,  -18.33002811,  -18.34427061,     -7.40309545], [ -565.98227664,  154.18262826, -116.06082256,  141.46384391,    -44.85343582,   27.68764176,   22.614298  ,   40.58446158,    225.56290467,   15.30483363,  -47.40241784,   18.4146727 ,    -39.94750375], [  140.34833851,   11.12402904,   -8.70486325,  -49.95314347,    -13.52963061,  -32.79644906,   20.7428523 ,    6.3866835 ,     15.30483363,  122.76480261,   30.56136729,  -13.42206177,    -21.44147282], [  225.93750511,  -36.85739891,   57.89538534,  -27.81175421,     37.4029888 ,    0.11126995,  -12.38131863,  -18.33002811,    -47.40241784,   30.56136729,  105.33973912,   13.38547035,     13.45159733], [ -194.75651042,   65.11603559,  -45.15781399,   64.1157191 ,     -5.67413265,   28.71525105,    4.38258606,  -18.34427061,     18.4146727 ,  -13.42206177,   13.38547035,   97.55599878,     14.54643115], [   73.96627323,  -42.77745706,   61.7250527 ,  -11.67672596,     33.73752457,   11.34748666,  -12.47590839,   -7.40309545,    -39.94750375,  -21.44147282,   13.45159733,   14.54643115,    105.02707396]]
/root/sim/music/out/FIRE BOMBER/マクロス7 SECOND FIRE!! FIRE BOMBER/03 DIAMOND CALLING.mp3; [-577.09656   , 130.21191   , -17.72336   ,  27.018076  ,   0.6672074 ,    0.8724574 ,  10.557929  ,   5.533785  ,   4.8910527 ,   1.2074555 ,    0.57301366,   1.8158858 ,  -6.0212655 ]; [[13342.6960039 , -207.61003273,  390.85193632,   23.7290594 ,     49.13541124,  -46.96318746,  -80.49861676,  119.6440915 ,     13.11324939,   56.24342256,   52.00648176,    0.84945036,     40.37491576], [ -207.61003273,  889.12463518, -474.82111914,  279.54506959,    -92.67675761,    3.07734592,  112.14188664,  -59.30959425,     61.7942302 ,  -11.76953401,   -6.41724835,   21.30648583,    -62.95343452], [  390.85193632, -474.82111914,  791.76424513, -200.15117803,    181.74483705,  -20.26000782, -116.18813188,   78.34028781,    -74.6863844 ,   31.56948646,   46.60105323,  -61.82121668,     90.78763938], [   23.7290594 ,  279.54506959, -200.15117803,  296.95491136,    -28.73543322,   20.90329626,   78.87924656,  -21.81217337,     72.84402126,  -13.07702337,   -5.08306888,   44.29429551,    -27.03391707], [   49.13541124,  -92.67675761,  181.74483705,  -28.73543322,    132.54972969,    5.15109537,  -24.60812845,   19.45504205,     -5.48858584,   13.41618356,   14.59509273,  -14.68131391,     21.60360357], [  -46.96318746,    3.07734592,  -20.26000782,   20.90329626,      5.15109537,  106.45944848,   44.69914532,   18.44762206,      5.28322193,   -1.25369152,    3.9316958 ,    0.23066785,     -2.56848232], [  -80.49861676,  112.14188664, -116.18813188,   78.87924656,    -24.60812845,   44.69914532,  157.12432719,   11.38658243,     47.63178602,    4.71163296,    5.1158235 ,   37.15577668,    -24.19576583], [  119.6440915 ,  -59.30959425,   78.34028781,  -21.81217337,     19.45504205,   18.44762206,   11.38658243,   74.52471827,     11.73396327,   12.35161261,    9.86588554,   -5.28335471,     14.64753837], [   13.11324939,   61.7942302 ,  -74.6863844 ,   72.84402126,     -5.48858584,    5.28322193,   47.63178602,   11.73396327,     90.139028  ,   18.61590359,   -0.33427999,   18.7680174 ,    -20.17095696], [   56.24342256,  -11.76953401,   31.56948646,  -13.07702337,     13.41618356,   -1.25369152,    4.71163296,   12.35161261,     18.61590359,   70.95897035,   26.04276765,    1.16642017,     -0.78130829], [   52.00648176,   -6.41724835,   46.60105323,   -5.08306888,     14.59509273,    3.9316958 ,    5.1158235 ,    9.86588554,     -0.33427999,   26.04276765,   55.90376893,   12.26560196,     13.05926527], [    0.84945036,   21.30648583,  -61.82121668,   44.29429551,    -14.68131391,    0.23066785,   37.15577668,   -5.28335471,     18.7680174 ,    1.16642017,   12.26560196,   72.1574626 ,      6.28639472], [   40.37491576,  -62.95343452,   90.78763938,  -27.03391707,     21.60360357,   -2.56848232,  -24.19576583,   14.64753837,    -20.17095696,   -0.78130829,   13.05926527,    6.28639472,     60.47088973]]
/root/sim/music/out/FIRE BOMBER/LET'S FIRE !!/09 HOLY LONELY LIGHT.mp3; [-569.6593   , 102.81739  ,  -1.7475504,  25.823584 ,   5.555593 ,    6.8695745,   2.1236546,   4.2273316,  -4.0591645,  -2.2955022,   -4.549866 , -10.039502 ,  -8.1801605]; [[12901.06244852, -650.20269007,  187.20064271,  283.94649282,     57.14843415,  185.91795708,  -37.70478435,  121.99773052,      8.80509864,   55.9062585 ,   58.98037123, -107.07673266,   -172.30004782], [ -650.20269007, 1227.40625654, -249.94035962,   38.48367027,     13.40047232,  -54.88817883,   54.71794475,    7.87712331,     -0.3494529 ,    2.15444248,  -25.45779774,  -23.97440847,     -0.07457369], [  187.20064271, -249.94035962,  572.3732939 ,   57.79701493,     79.06167102,   15.16306488,   32.83709576,    7.42243099,     31.74838248,   -2.39380925,    8.59117636,   34.9206475 ,     -0.19846569], [  283.94649282,   38.48367027,   57.79701493,  225.32103075,     61.54742729,   -4.029843  ,    7.02992968,    4.65321993,     21.93188955,  -16.94082719,   -1.90356522,    6.02052324,     19.43700674], [   57.14843415,   13.40047232,   79.06167102,   61.54742729,    147.52534397,   16.55190897,   11.42388077,    3.32836854,     15.61786159,    6.20515168,   -0.62554558,   10.3487493 ,     11.16406324], [  185.91795708,  -54.88817883,   15.16306488,   -4.029843  ,     16.55190897,  114.29638152,   30.95197816,    6.17973854,     -4.22407656,    3.4957201 ,    8.17282822,    6.58553836,      4.65374455], [  -37.70478435,   54.71794475,   32.83709576,    7.02992968,     11.42388077,   30.95197816,  135.22578863,   21.46373677,      8.83017944,    6.69417898,    8.97808286,    1.12763901,     -0.54370398], [  121.99773052,    7.87712331,    7.42243099,    4.65321993,      3.32836854,    6.17973854,   21.46373677,   75.06132968,     31.29854437,    8.30311364,    6.35135945,   -6.19005057,     -4.4224817 ], [    8.80509864,   -0.3494529 ,   31.74838248,   21.93188955,     15.61786159,   -4.22407656,    8.83017944,   31.29854437,     84.07735754,   27.93678639,   -2.05349098,   -7.46892576,     -7.6832473 ], [   55.9062585 ,    2.15444248,   -2.39380925,  -16.94082719,      6.20515168,    3.4957201 ,    6.69417898,    8.30311364,     27.93678639,   76.39381546,   27.89189174,    1.18818011,     -8.74144187], [   58.98037123,  -25.45779774,    8.59117636,   -1.90356522,     -0.62554558,    8.17282822,    8.97808286,    6.35135945,     -2.05349098,   27.89189174,   60.33307365,   21.9792594 ,      1.28856936], [ -107.07673266,  -23.97440847,   34.9206475 ,    6.02052324,     10.3487493 ,    6.58553836,    1.12763901,   -6.19005057,     -7.46892576,    1.18818011,   21.9792594 ,   58.15870302,     27.35454594], [ -172.30004782,   -0.07457369,   -0.19846569,   19.43700674,     11.16406324,    4.65374455,   -0.54370398,   -4.4224817 ,     -7.6832473 ,   -8.74144187,    1.28856936,   27.35454594,     55.31033456]]
/root/sim/music/out/FIRE BOMBER/LET'S FIRE !!/11 MY SOUL FOR YOU (Acoustic Version.mp3; [-655.85034   , 148.14607   ,  -0.28362593,  20.762787  ,   6.428355  ,    8.319645  ,  -3.844546  ,   0.13239506,  -7.559482  ,  -2.8641243 ,   -1.7090105 ,  -2.603239  ,  -0.04471239]; [[17266.30600575, -861.0144412 , -638.15417195,  186.19507655,    -67.42643389,  432.48705138,  271.05758668,  391.75183801,   -116.77047669,   33.31640838, -144.80735136, -166.80780912,    102.04761092], [ -861.0144412 , 1596.77162872,  -78.95212102,   98.96340241,     79.90043043,  -61.40984615,   22.70506387,  -60.81206999,     25.79898011,   20.58082881,   39.00611807,   55.64970009,      6.36602996], [ -638.15417195,  -78.95212102,  425.52421075,    7.29833321,     -1.56763275,    7.81008432,  -26.87082317,  -11.08929299,     10.83908253,  -44.35860913,   13.91513099,   27.20947236,    -12.87029186], [  186.19507655,   98.96340241,    7.29833321,  314.74424878,    120.99020223,   55.37824048,  -14.01249138,   -3.43580434,     52.8357058 ,  -14.00904653,   11.82763898,   42.40926741,     24.49010944], [  -67.42643389,   79.90043043,   -1.56763275,  120.99020223,    223.81679052,   61.60874   ,   -6.11594092,  -13.031317  ,     49.58153608,   10.59199154,   11.39629328,   30.89515235,     19.05652843], [  432.48705138,  -61.40984615,    7.81008432,   55.37824048,     61.60874   ,  212.12136242,   57.46333924,   10.02528011,     43.44341772,   -7.21572858,  -11.69761943,   21.99835571,    -10.41223444], [  271.05758668,   22.70506387,  -26.87082317,  -14.01249138,     -6.11594092,   57.46333924,  225.43862573,   43.84895275,      1.4646518 ,   39.62832918,   13.21821394,    7.69347398,     -7.03802875], [  391.75183801,  -60.81206999,  -11.08929299,   -3.43580434,    -13.031317  ,   10.02528011,   43.84895275,  135.62931146,     11.53502089,    8.74784636,   -1.86161575,  -20.45296489,      8.0734791 ], [ -116.77047669,   25.79898011,   10.83908253,   52.8357058 ,     49.58153608,   43.44341772,    1.4646518 ,   11.53502089,    143.29795385,   22.13175279,  -10.08840783,   29.65383345,     -7.78671815], [   33.31640838,   20.58082881,  -44.35860913,  -14.00904653,     10.59199154,   -7.21572858,   39.62832918,    8.74784636,     22.13175279,  134.68143462,   38.83258551,  -13.84264185,     -8.37395125], [ -144.80735136,   39.00611807,   13.91513099,   11.82763898,     11.39629328,  -11.69761943,   13.21821394,   -1.86161575,    -10.08840783,   38.83258551,   97.56196933,    9.31013334,      0.54141858], [ -166.80780912,   55.64970009,   27.20947236,   42.40926741,     30.89515235,   21.99835571,    7.69347398,  -20.45296489,     29.65383345,  -13.84264185,    9.31013334,  121.67497551,     22.52681694], [  102.04761092,    6.36602996,  -12.87029186,   24.49010944,     19.05652843,  -10.41223444,   -7.03802875,    8.0734791 ,     -7.78671815,   -8.37395125,    0.54141858,   22.52681694,     98.27373871]]
/root/sim/music/out/FIRE BOMBER/LET'S FIRE !!/06 LOVE IT.mp3; [-590.8287   , 124.736694 , -15.131545 ,  30.820644 ,  16.307318 ,  -10.726851 ,  -0.4778115,   3.0589495,   4.2757936,  -0.6010019,   -1.4737762,   4.8997135,   1.2276255]; [[15076.39051657,  592.89875886,  -82.73283737,    7.49781874,     67.73733736, -187.46201701, -121.51435743,   25.30196452,     25.08977891,   48.95726546,  -59.22329073,   14.55057956,    114.30017524], [  592.89875886,  968.13242183, -300.60893089,  205.82817239,     53.60295305,  -36.44415626,   41.48652264,    4.82037817,     69.63477689,   -2.06094926,   46.52588204,   32.59089197,     10.15921837], [  -82.73283737, -300.60893089,  623.98827195,  -40.34013493,    115.77395207,  -23.23936447,  -58.67870317,    5.89147027,    -30.8272078 ,   -9.11576589,    5.92068594,   20.30899813,    -55.36280465], [    7.49781874,  205.82817239,  -40.34013493,  271.66644657,     35.04130054,  -37.5595676 ,  -25.69636643,   15.23346895,     16.46980837,    3.66660028,   27.82689523,   -1.61039895,     -7.50086844], [   67.73733736,   53.60295305,  115.77395207,   35.04130054,    168.1858333 ,  -21.32576539,   -2.37195368,    2.3753922 ,     -2.23882404,    7.63396242,   11.37057436,   28.02927802,    -14.64295874], [ -187.46201701,  -36.44415626,  -23.23936447,  -37.5595676 ,    -21.32576539,  196.25331682,   22.61446212,   29.8382918 ,    -26.67258007,    1.09069297,   11.45582547,  -14.06355648,     18.0858804 ], [ -121.51435743,   41.48652264,  -58.67870317,  -25.69636643,     -2.37195368,   22.61446212,  110.78351181,    7.33150896,     24.06397568,   -8.74028227,   -2.58948425,    1.31444305,      4.04974915], [   25.30196452,    4.82037817,    5.89147027,   15.23346895,      2.3753922 ,   29.8382918 ,    7.33150896,  102.24915631,     15.45601802,   11.80504525,   10.93876564,    1.91936733,     12.53553575], [   25.08977891,   69.63477689,  -30.8272078 ,   16.46980837,     -2.23882404,  -26.67258007,   24.06397568,   15.45601802,     96.48874746,   20.48674632,    5.26430533,   -6.22932203,     -2.90539212], [   48.95726546,   -2.06094926,   -9.11576589,    3.66660028,      7.63396242,    1.09069297,   -8.74028227,   11.80504525,     20.48674632,   70.93317792,   21.17394144,    8.11324798,      3.69014034], [  -59.22329073,   46.52588204,    5.92068594,   27.82689523,     11.37057436,   11.45582547,   -2.58948425,   10.93876564,      5.26430533,   21.17394144,   72.70070193,   21.8516073 ,      4.49857243], [   14.55057956,   32.59089197,   20.30899813,   -1.61039895,     28.02927802,  -14.06355648,    1.31444305,    1.91936733,     -6.22932203,    8.11324798,   21.8516073 ,   76.84028365,     19.66684946], [  114.30017524,   10.15921837,  -55.36280465,   -7.50086844,    -14.64295874,   18.0858804 ,    4.04974915,   12.53553575,     -2.90539212,    3.69014034,    4.49857243,   19.66684946,     72.23679547]]
/root/sim/music/out/FIRE BOMBER/LET'S FIRE !!/02 PLANET DANCE (Duet Version).mp3; [-536.59106  , 106.30968  , -11.572979 ,  34.358814 ,   4.0575657,    9.202586 ,   4.948827 ,   5.6917405,  -1.9308491,   0.9007023,   -4.0770273,  -3.0757442,  -3.029174 ]; [[9101.6859618 ,  48.88966188,-313.34609034, 136.50373103, -96.9497243 ,    76.38411025,  41.75093557,  37.26876095,  -8.19011006,   7.18161106,   -37.80422226, -19.9362266 ,   7.31269539], [  48.88966188, 961.17618185,-182.75786692, 102.43557523,  33.95823917,     5.83643397,   3.12860335, -10.98935254, -16.50621114,  23.8534728 ,   -32.549568  , -22.54813795,  -7.62696868], [-313.34609034,-182.75786692, 516.76436672,  14.25337382,  65.73581371,   -17.98733559, -30.01081538, -18.14673684,   4.58138276, -28.75449326,    34.33469936,  -1.80734813, -14.55647257], [ 136.50373103, 102.43557523,  14.25337382, 248.88019438,  35.63329767,   -12.33323472, -21.0112867 ,  22.48441846,   0.80234805,  -5.18591708,   -10.46521874,  16.18639714,  10.29174214], [ -96.9497243 ,  33.95823917,  65.73581371,  35.63329767, 128.76612877,    28.52012754,   1.32964131,  -5.53251989,  15.21718203,   0.97594186,     0.19771523,  -2.12108733,   2.93499605], [  76.38411025,   5.83643397, -17.98733559, -12.33323472,  28.52012754,   131.82686269,  54.48410119,   7.6377151 ,  -3.67457074,   8.94467274,     7.85142215,  -7.77828192, -12.66034342], [  41.75093557,   3.12860335, -30.01081538, -21.0112867 ,   1.32964131,    54.48410119, 144.58762419,  36.11151973,  -4.5127676 ,   2.97261973,     2.38200631,   3.0847023 ,  -4.10916983], [  37.26876095, -10.98935254, -18.14673684,  22.48441846,  -5.53251989,     7.6377151 ,  36.11151973,  91.26246787,  33.50335232,   2.24979127,   -11.46540072,  -8.17740171,  -6.93272378], [  -8.19011006, -16.50621114,   4.58138276,   0.80234805,  15.21718203,    -3.67457074,  -4.5127676 ,  33.50335232,  83.82067171,  24.22101582,   -10.37769614, -17.30930336,  -7.89639021], [   7.18161106,  23.8534728 , -28.75449326,  -5.18591708,   0.97594186,     8.94467274,   2.97261973,   2.24979127,  24.22101582,  72.64608664,    21.08474888,  -5.64028288, -12.64012033], [ -37.80422226, -32.549568  ,  34.33469936, -10.46521874,   0.19771523,     7.85142215,   2.38200631, -11.46540072, -10.37769614,  21.08474888,    74.61687102,  28.52327927, -11.05332017], [ -19.9362266 , -22.54813795,  -1.80734813,  16.18639714,  -2.12108733,    -7.77828192,   3.0847023 ,  -8.17740171, -17.30930336,  -5.64028288,    28.52327927,  77.68951027,  25.08485263], [   7.31269539,  -7.62696868, -14.55647257,  10.29174214,   2.93499605,   -12.66034342,  -4.10916983,  -6.93272378,  -7.89639021, -12.64012033,   -11.05332017,  25.08485263,  75.46340021]]
/root/sim/music/out/FIRE BOMBER/LET'S FIRE !!/03 SWEET FANTASY.mp3; [-589.3219   , 116.19812  ,  16.66984  ,  24.059351 ,   9.510101 ,   10.375103 ,   4.2433047,   1.5364676,   3.4118068,   3.7139587,   -3.183653 ,   0.6206873,   2.2218027]; [[13429.50927572, 1393.59865832, -238.4756501 ,  228.76513529,    -87.83794936,   32.19157212, -135.60846536,  -31.64059104,    -19.56681535,   -6.83169164, -118.38209009,   70.63416585,    111.82219148], [ 1393.59865832,  862.09811393,   -8.97454775,   44.85879743,     63.63129502,   -9.8857682 ,   65.37184647,  -14.55628991,     28.51074852,  -13.41526081,  -29.0708648 ,    2.73311364,     14.61406186], [ -238.4756501 ,   -8.97454775,  432.02631503,   31.13728984,     97.01131136,  110.3753309 ,   57.32253623,   55.24276206,      3.33157308,    6.95167693,   53.1881974 ,  -13.87853802,    -36.3970514 ], [  228.76513529,   44.85879743,   31.13728984,  232.83979123,     19.53346515,  -31.81957469,   26.13845129,   29.4097871 ,      8.81370647,   -3.86327086,   11.99529033,   26.39994366,    -11.36228371], [  -87.83794936,   63.63129502,   97.01131136,   19.53346515,    181.56854955,  118.85758313,   44.31671965,   25.00406401,     35.48485675,   13.7136456 ,   22.2143045 ,  -22.36521293,    -14.56602131], [   32.19157212,   -9.8857682 ,  110.3753309 ,  -31.81957469,    118.85758313,  231.42078944,   43.68586872,   35.89759027,     28.65968397,   26.20911728,   19.64066993,  -37.73293454,    -20.21752866], [ -135.60846536,   65.37184647,   57.32253623,   26.13845129,     44.31671965,   43.68586872,  131.93399172,   35.22315099,     24.80791828,    2.24746238,    6.81442476,   -3.64294318,     -1.84703965], [  -31.64059104,  -14.55628991,   55.24276206,   29.4097871 ,     25.00406401,   35.89759027,   35.22315099,  118.46308607,     35.2541972 ,    3.90707542,   16.4843337 ,    5.36100214,    -17.52982445], [  -19.56681535,   28.51074852,    3.33157308,    8.81370647,     35.48485675,   28.65968397,   24.80791828,   35.2541972 ,     85.82752163,   39.79960385,    9.07907291,   -2.00817991,      4.59282194], [   -6.83169164,  -13.41526081,    6.95167693,   -3.86327086,     13.7136456 ,   26.20911728,    2.24746238,    3.90707542,     39.79960385,   75.9670815 ,   28.94169553,    1.94947567,      5.00167132], [ -118.38209009,  -29.0708648 ,   53.1881974 ,   11.99529033,     22.2143045 ,   19.64066993,    6.81442476,   16.4843337 ,      9.07907291,   28.94169553,   74.65942336,   20.70904238,     -8.42424567], [   70.63416585,    2.73311364,  -13.87853802,   26.39994366,    -22.36521293,  -37.73293454,   -3.64294318,    5.36100214,     -2.00817991,    1.94947567,   20.70904238,   75.61706471,     33.0146489 ], [  111.82219148,   14.61406186,  -36.3970514 ,  -11.36228371,    -14.56602131,  -20.21752866,   -1.84703965,  -17.52982445,      4.59282194,    5.00167132,   -8.42424567,   33.0146489 ,     72.87066568]]
/root/sim/music/out/FIRE BOMBER/LET'S FIRE !!/12 SEVENTH MOON (TV Version).mp3; [-580.2473   ,  94.67029  ,  -5.965309 ,  34.20956  ,  -5.080281 ,   -3.5707438,  -7.1441016,  -0.5465953,  -9.6954565,  -1.3814821,   -1.319235 ,  -3.0716124,  -2.7516437]; [[25412.61230067, 2720.24534662, -143.63540671,  836.63031286,   -188.64905118,  -35.10325333, -161.55400267,  -17.31635368,   -292.54559223,  -93.91210079, -141.32489673, -148.66364926,   -148.93610159], [ 2720.24534662,  989.05487191,   -2.75346515,   72.37095372,    -16.11814221,  -54.57673676,  -42.28492019,   51.4965862 ,    -22.47524299,   73.42076389,   35.78008077,    1.98992596,    -23.15110688], [ -143.63540671,   -2.75346515,  341.66731522,  -64.11857573,    110.12416327,  -11.24704151,  -15.18097317,   -2.2562019 ,     33.36949965,   18.10759502,   54.89623749,   20.59799798,      6.32797322], [  836.63031286,   72.37095372,  -64.11857573,  361.18921126,     45.44636242,   53.02459353,  -19.96345731,   22.94903595,     -7.95149038,  -26.57144058,   -6.43197077,   27.93679951,     38.67420051], [ -188.64905118,  -16.11814221,  110.12416327,   45.44636242,    147.95393388,   28.75673617,   -8.51958164,    7.91213639,     19.2809453 ,   -7.09300343,   11.69219519,    6.82469995,     19.51724068], [  -35.10325333,  -54.57673676,  -11.24704151,   53.02459353,     28.75673617,  115.46860922,   64.13356122,   25.56002872,      2.18488005,   -2.32038833,   -9.25952682,   -1.4796883 ,      3.76663158], [ -161.55400267,  -42.28492019,  -15.18097317,  -19.96345731,     -8.51958164,   64.13356122,  125.49618515,   37.90210299,     16.3861502 ,   16.1496568 ,   -3.65029908,   -3.52965522,     -7.10184162], [  -17.31635368,   51.4965862 ,   -2.2562019 ,   22.94903595,      7.91213639,   25.56002872,   37.90210299,   85.38944505,     35.49763798,   26.81015034,    2.52417798,    2.76982029,      3.92153906], [ -292.54559223,  -22.47524299,   33.36949965,   -7.95149038,     19.2809453 ,    2.18488005,   16.3861502 ,   35.49763798,     75.78363787,   34.99014183,   13.51403646,    1.73410404,      2.48483881], [  -93.91210079,   73.42076389,   18.10759502,  -26.57144058,     -7.09300343,   -2.32038833,   16.1496568 ,   26.81015034,     34.99014183,   90.92176566,   38.97523147,   12.55067224,    -10.44923295], [ -141.32489673,   35.78008077,   54.89623749,   -6.43197077,     11.69219519,   -9.25952682,   -3.65029908,    2.52417798,     13.51403646,   38.97523147,   71.96606836,   30.16517066,      0.39814421], [ -148.66364926,    1.98992596,   20.59799798,   27.93679951,      6.82469995,   -1.4796883 ,   -3.52965522,    2.76982029,      1.73410404,   12.55067224,   30.16517066,   58.14219249,     21.67172445], [ -148.93610159,  -23.15110688,    6.32797322,   38.67420051,     19.51724068,    3.76663158,   -7.10184162,    3.92153906,      2.48483881,  -10.44923295,    0.39814421,   21.67172445,     54.96277477]]
/root/sim/music/out/FIRE BOMBER/LET'S FIRE !!/05 突撃ラブハート (Duet Version).mp3; [-536.95306   , 100.34343   , -15.170022  ,  29.120918  ,  -4.8201947 ,    1.4215608 ,   1.5661701 ,   2.5893772 ,  -3.416024  ,   0.19963524,   -1.9984741 ,  -2.9352021 ,  -2.2889163 ]; [[13827.97507794,  695.90236212, -289.83963663,   67.14018218,   -151.62437237,   10.52894327, -109.50654779,  -12.97907561,    -59.90346886,  -44.54905159, -102.64220012,  -73.50730808,     23.4866689 ], [  695.90236212,  651.69332679,  -60.69761292,    5.38833302,     -4.8461019 ,   -8.4454984 ,   43.70930653,   23.18955992,     -3.35449475,   28.74774821,   -2.43112967,   13.86511653,    -17.39638793], [ -289.83963663,  -60.69761292,  427.39461046,  -40.90849495,     67.87841825,  -50.77027098,  -66.00244039,  -19.70482357,    -18.96343551,  -15.12105475,   13.68559022,    5.81100595,    -12.93786474], [   67.14018218,    5.38833302,  -40.90849495,  284.51215396,     38.32016732,   49.42204348,  -12.6388738 ,   14.15910104,     -1.02225904,  -13.51195179,    5.95402187,   28.80317292,     11.39468594], [ -151.62437237,   -4.8461019 ,   67.87841825,   38.32016732,    112.32091872,   20.15037599,    3.75856442,   -4.17278483,      0.08501647,   -6.63436507,    3.04502919,    9.24973063,      6.77540789], [   10.52894327,   -8.4454984 ,  -50.77027098,   49.42204348,     20.15037599,  129.27698439,   60.36346521,   11.57942299,     -3.54757119,    1.48201159,   -0.67465661,   -9.35508413,      1.32833274], [ -109.50654779,   43.70930653,  -66.00244039,  -12.6388738 ,      3.75856442,   60.36346521,  148.3286097 ,   31.21484523,     16.41743059,   12.7264057 ,   -1.93435805,  -11.08036058,     -6.26641072], [  -12.97907561,   23.18955992,  -19.70482357,   14.15910104,     -4.17278483,   11.57942299,   31.21484523,   77.0834275 ,     30.51619837,    8.12021439,   -9.76677559,   -8.10068533,    -10.12062244], [  -59.90346886,   -3.35449475,  -18.96343551,   -1.02225904,      0.08501647,   -3.54757119,   16.41743059,   30.51619837,     80.2852013 ,   26.08395265,    0.04467017,  -11.97409517,     -8.25093981], [  -44.54905159,   28.74774821,  -15.12105475,  -13.51195179,     -6.63436507,    1.48201159,   12.7264057 ,    8.12021439,     26.08395265,   71.90804332,   20.28978955,   -2.77821503,    -11.25982736], [ -102.64220012,   -2.43112967,   13.68559022,    5.95402187,      3.04502919,   -0.67465661,   -1.93435805,   -9.76677559,      0.04467017,   20.28978955,   66.20245388,   26.31172194,     -0.36968002], [  -73.50730808,   13.86511653,    5.81100595,   28.80317292,      9.24973063,   -9.35508413,  -11.08036058,   -8.10068533,    -11.97409517,   -2.77821503,   26.31172194,   76.48334117,     25.78828765], [   23.4866689 ,  -17.39638793,  -12.93786474,   11.39468594,      6.77540789,    1.32833274,   -6.26641072,  -10.12062244,     -8.25093981,  -11.25982736,   -0.36968002,   25.78828765,     62.36623035]]
/root/sim/music/out/FIRE BOMBER/LET'S FIRE !!/07 SEVENTH MOON.mp3; [-548.6825    , 104.56223   , -12.071167  ,  36.752007  ,  -6.4138894 ,    0.08594305,  -9.16881   ,   0.10312598,  -8.437809  ,   0.2993282 ,   -2.457301  ,  -3.0575924 ,  -2.901702  ]; [[11046.78328648,  644.98682816, -133.90875172,   96.85564535,    -99.32179525,  -24.04637091, -104.74038641,  -26.38593959,    -79.10270021,   15.23549909,  -25.75997171,  -72.80730461,    -65.98890529], [  644.98682816,  608.22290254,    9.57633558,  -34.59130342,    -32.33718824,  -50.99024895,  -21.96809672,   23.82024711,      4.32430827,   50.25744428,   44.41804126,   15.42750702,     -3.63663653], [ -133.90875172,    9.57633558,  334.55999954,  -83.01748555,    108.56699413,  -23.29435015,  -14.33563584,  -15.30269647,     14.44203458,    5.51321662,   42.53216262,    8.2882614 ,      5.30286776], [   96.85564535,  -34.59130342,  -83.01748555,  410.28659183,     40.31009206,   78.98725001,    9.09320827,   32.9282582 ,      3.25795721,  -23.05349793,  -27.14533331,   32.29376446,     33.51960671], [  -99.32179525,  -32.33718824,  108.56699413,   40.31009206,    148.04855465,   32.23820442,   -6.46094422,   -8.27774915,      4.73337216,  -14.5119684 ,    0.50993088,    0.83788782,     12.66625047], [  -24.04637091,  -50.99024895,  -23.29435015,   78.98725001,     32.23820442,  137.06749849,   73.72855702,   31.55529128,     -4.34763791,   -6.08751535,  -14.26090266,   -1.39156951,      4.53912075], [ -104.74038641,  -21.96809672,  -14.33563584,    9.09320827,     -6.46094422,   73.72855702,  139.8307815 ,   44.33713604,     10.6277306 ,    8.64374957,   -3.9289626 ,   -1.9622214 ,     -8.5213741 ], [  -26.38593959,   23.82024711,  -15.30269647,   32.9282582 ,     -8.27774915,   31.55529128,   44.33713604,   89.2038853 ,     36.86752241,   17.35712214,   -6.17674897,   -3.58407193,     -0.94183186], [  -79.10270021,    4.32430827,   14.44203458,    3.25795721,      4.73337216,   -4.34763791,   10.6277306 ,   36.86752241,     80.89957954,   35.39012191,    8.58841993,   -4.75444566,     -5.73416378], [   15.23549909,   50.25744428,    5.51321662,  -23.05349793,    -14.5119684 ,   -6.08751535,    8.64374957,   17.35712214,     35.39012191,   86.26208564,   33.24274522,    1.93080183,    -15.5768839 ], [  -25.75997171,   44.41804126,   42.53216262,  -27.14533331,      0.50993088,  -14.26090266,   -3.9289626 ,   -6.17674897,      8.58841993,   33.24274522,   73.30682127,   28.28648312,     -1.12317992], [  -72.80730461,   15.42750702,    8.2882614 ,   32.29376446,      0.83788782,   -1.39156951,   -1.9622214 ,   -3.58407193,     -4.75444566,    1.93080183,   28.28648312,   70.42201278,     25.80932399], [  -65.98890529,   -3.63663653,    5.30286776,   33.51960671,     12.66625047,    4.53912075,   -8.5213741 ,   -0.94183186,     -5.73416378,  -15.5768839 ,   -1.12317992,   25.80932399,     62.27800422]]
/root/sim/music/out/FIRE BOMBER/LET'S FIRE !!/10 MY FRIENDS.mp3; [-570.4761   , 125.084656 , -18.873793 ,  34.03791  ,  10.506263 ,   -0.22516  ,   4.0506687,  -3.6098864,  -1.6633208,   3.3234901,   -3.766873 ,  -3.4692762,  -2.9076395]; [[15194.01894145,  515.23904988,   71.8201954 ,  167.76799854,    -33.61083479,    2.55982656,  -94.19777112,  -32.11414695,    -59.11111998,    2.93435413,  -73.14204807,  -10.099338  ,      5.80974559], [  515.23904988,  955.76604201, -351.7729533 ,  239.6392394 ,     13.99068582,  -39.09071899,   74.94168168,  -47.44781158,     35.35063149,  -16.4485533 ,   -5.71307503,   11.69507711,    -13.44909678], [   71.8201954 , -351.7729533 ,  782.4380989 , -240.25233074,     54.39689114,  -53.04063225, -101.29473261,    0.06280992,    -27.46474084,  -10.35769002,  -16.81408222,  -13.79348135,     17.89523899], [  167.76799854,  239.6392394 , -240.25233074,  254.02108395,     10.52242893,   54.99846231,   31.00462449,   20.17023353,      1.52005624,   -2.01624403,    1.42852865,    4.30302316,     -6.9794842 ], [  -33.61083479,   13.99068582,   54.39689114,   10.52242893,    133.28211624,    2.64617596,   32.2474568 ,   -7.07169254,     -3.93036088,    6.66428418,   -3.34747546,   13.63231067,    -10.08966195], [    2.55982656,  -39.09071899,  -53.04063225,   54.99846231,      2.64617596,  164.08232875,    3.08132231,   40.65247125,     -4.93171711,   19.73162062,    8.19338728,  -34.48701294,     -9.67785251], [  -94.19777112,   74.94168168, -101.29473261,   31.00462449,     32.2474568 ,    3.08132231,  123.11318788,    6.5376175 ,     16.80122208,   -9.10285909,  -14.72564893,   18.66902092,      3.85487156], [  -32.11414695,  -47.44781158,    0.06280992,   20.17023353,     -7.07169254,   40.65247125,    6.5376175 ,   91.21183109,     10.72999941,   -0.91936203,   -3.45592384,  -17.90992011,     -0.75097765], [  -59.11111998,   35.35063149,  -27.46474084,    1.52005624,     -3.93036088,   -4.93171711,   16.80122208,   10.72999941,     72.89100633,   14.2493466 ,   -7.17409033,   -7.0738813 ,      1.36637053], [    2.93435413,  -16.4485533 ,  -10.35769002,   -2.01624403,      6.66428418,   19.73162062,   -9.10285909,   -0.91936203,     14.2493466 ,   70.12025444,   27.47922993,   -8.90896856,    -17.09731964], [  -73.14204807,   -5.71307503,  -16.81408222,    1.42852865,     -3.34747546,    8.19338728,  -14.72564893,   -3.45592384,     -7.17409033,   27.47922993,   68.7731258 ,   10.92346099,    -12.92811131], [  -10.099338  ,   11.69507711,  -13.79348135,    4.30302316,     13.63231067,  -34.48701294,   18.66902092,  -17.90992011,     -7.0738813 ,   -8.90896856,   10.92346099,   78.74880155,     26.66157445], [    5.80974559,  -13.44909678,   17.89523899,   -6.9794842 ,    -10.08966195,   -9.67785251,    3.85487156,   -0.75097765,      1.36637053,  -17.09731964,  -12.92811131,   26.66157445,     70.07002078]]
/root/sim/music/out/FIRE BOMBER/LET'S FIRE !!/08 SUBMARINE STREET.mp3; [-579.085     , 107.75568   ,   7.0186243 ,  26.382277  ,   6.6980324 ,    2.8380768 ,   1.4887298 ,   3.9905853 ,  -5.9120073 ,   2.3087032 ,   -0.58053815,  -2.8320818 ,  -1.4559095 ]; [[12573.2410947 ,  566.8336673 ,   86.33454607,  164.86493171,     54.04487353,  145.82480795,   69.54091736,   84.74240733,    -23.75759009,  104.5740216 ,   37.16932993,  -85.82041728,    -47.9082417 ], [  566.8336673 , 1141.50321931, -223.64660518,  140.14416471,     36.5210326 ,   -5.41431753,   63.24355959,   32.77089873,    -24.92869843,   19.7030069 ,   -1.36799976,  -21.98915297,     23.80181503], [   86.33454607, -223.64660518,  484.67377311,   78.74722455,     67.66092928,   72.42105161,   22.57042474,    0.49236245,     52.42202287,  -14.09788746,    6.04331297,   32.22915417,     -5.95395607], [  164.86493171,  140.14416471,   78.74722455,  226.03837034,     69.16874889,   38.25552388,   -9.19103697,   13.72469299,     40.77441803,  -10.79151017,    0.47596807,    2.52888404,     22.38917155], [   54.04487353,   36.5210326 ,   67.66092928,   69.16874889,    163.09307383,   41.78454635,   13.5999087 ,   17.42598511,     37.82038216,    9.56396486,   10.75656505,    8.34886244,     20.45149989], [  145.82480795,   -5.41431753,   72.42105161,   38.25552388,     41.78454635,  120.6646713 ,   48.66715204,    9.99616994,     24.88539037,    0.85902454,    4.07582947,    7.01521488,     -4.6849199 ], [   69.54091736,   63.24355959,   22.57042474,   -9.19103697,     13.5999087 ,   48.66715204,  172.33570699,   22.4770393 ,     -1.40363211,   20.90435993,   19.37919336,   -2.51243639,      1.92016981], [   84.74240733,   32.77089873,    0.49236245,   13.72469299,     17.42598511,    9.99616994,   22.4770393 ,   73.9565955 ,     17.95747322,   11.01289751,   -0.25998234,  -11.05970747,      0.70679299], [  -23.75759009,  -24.92869843,   52.42202287,   40.77441803,     37.82038216,   24.88539037,   -1.40363211,   17.95747322,     98.3853773 ,   15.25899807,    1.37793426,    4.18355245,     -1.69297099], [  104.5740216 ,   19.7030069 ,  -14.09788746,  -10.79151017,      9.56396486,    0.85902454,   20.90435993,   11.01289751,     15.25899807,   80.91666097,   28.25771171,  -10.94684482,     -7.56146148], [   37.16932993,   -1.36799976,    6.04331297,    0.47596807,     10.75656505,    4.07582947,   19.37919336,   -0.25998234,      1.37793426,   28.25771171,   65.85682455,   17.53681275,      7.19411524], [  -85.82041728,  -21.98915297,   32.22915417,    2.52888404,      8.34886244,    7.01521488,   -2.51243639,  -11.05970747,      4.18355245,  -10.94684482,   17.53681275,   66.7274861 ,     24.64406752], [  -47.9082417 ,   23.80181503,   -5.95395607,   22.38917155,     20.45149989,   -4.6849199 ,    1.92016981,    0.70679299,     -1.69297099,   -7.56146148,    7.19411524,   24.64406752,     67.48769306]]
