/root/sim/music/out/Aerosmith/マキシマム・ヘﾞスト/15 エレウﾞェイター・ラフﾞ.mp3; [-492.53818   ,  72.50665   ,   5.798401  ,  23.702808  ,  -1.3735443 ,    9.978898  ,  -1.410997  ,   3.5941067 ,   4.7175555 ,   4.3221335 ,    0.46949324,  -0.98023796,  -1.3119746 ]; [[5322.37631753,  36.77871679, -56.5660772 , 197.1945099 ,  33.84355175,   100.12431147, -17.68453005,  17.23872467,  54.67108496,  42.25570425,    20.80060023,  -6.27251957, -15.15280081], [  36.77871679, 495.37576371, -92.56955818, 123.62231997,  64.4266774 ,   -20.8286762 ,  74.66341992,   1.54957328,   3.23068975,  22.80357162,    33.43899107,  30.6876428 ,  14.78047598], [ -56.5660772 , -92.56955818, 439.21001361, -17.43490407,  22.00140261,    41.24102755,   9.62358092,  61.06014555,  -0.27182465,  -7.41506855,    -0.856588  ,   9.52096391,  13.79485413], [ 197.1945099 , 123.62231997, -17.43490407, 298.14638162, 161.20217959,     5.99847989,  52.58520338,  23.25878485,  30.73668436,  32.32070078,    12.16263975,  52.21775628,  21.58195698], [  33.84355175,  64.4266774 ,  22.00140261, 161.20217959, 242.82500284,   -18.67773024,  65.17862826,  15.43543362,   6.76381953,  28.63702641,     5.5983401 ,  43.82825671,  19.94650948], [ 100.12431147, -20.8286762 ,  41.24102755,   5.99847989, -18.67773024,   154.15909135,  33.28743365,  49.16720072,  26.43603765,   8.90939442,     8.95702213,  -5.35885553,   4.4949327 ], [ -17.68453005,  74.66341992,   9.62358092,  52.58520338,  65.17862826,    33.28743365, 153.07415639,  55.03643883,   7.14350279,  21.65032885,    17.93194343,  19.53769266,   0.90557755], [  17.23872467,   1.54957328,  61.06014555,  23.25878485,  15.43543362,    49.16720072,  55.03643883, 116.27461879,  37.29815807,  20.34883101,     2.06454433,   2.57465411,   4.57304505], [  54.67108496,   3.23068975,  -0.27182465,  30.73668436,   6.76381953,    26.43603765,   7.14350279,  37.29815807,  94.50509418,  31.17060482,     5.08464544,  -1.78395436,  -3.30826224], [  42.25570425,  22.80357162,  -7.41506855,  32.32070078,  28.63702641,     8.90939442,  21.65032885,  20.34883101,  31.17060482,  74.84448919,    16.57418838,  12.00560438,   0.54236745], [  20.80060023,  33.43899107,  -0.856588  ,  12.16263975,   5.5983401 ,     8.95702213,  17.93194343,   2.06454433,   5.08464544,  16.57418838,    71.99837333,  20.61696924,   1.07662602], [  -6.27251957,  30.6876428 ,   9.52096391,  52.21775628,  43.82825671,    -5.35885553,  19.53769266,   2.57465411,  -1.78395436,  12.00560438,    20.61696924,  75.71726592,  24.10551995], [ -15.15280081,  14.78047598,  13.79485413,  21.58195698,  19.94650948,     4.4949327 ,   0.90557755,   4.57304505,  -3.30826224,   0.54236745,     1.07662602,  24.10551995,  60.88485089]]
/root/sim/music/out/Aerosmith/マキシマム・ヘﾞスト/01 ママ・キン.mp3; [-552.6346   , 104.33614  , -25.306963 ,  37.90446  ,   3.4326024,   -4.3843107,  -4.3190312,  -2.6195207,  -2.2854385,   2.8537414,  -10.690749 ,  -7.276038 ,  -4.584328 ]; [[10704.44743172, -407.29914929,  496.83861038, -273.83926153,    317.73611799,  225.3241939 ,  226.50910259,   90.56219249,    142.79519431,  117.27960045,   71.14865158,    9.14182108,    -64.3849041 ], [ -407.29914929, 1432.30220502, -483.03197955,  342.15514564,   -112.69043635,   23.81261748,   22.04734878,  -54.21852269,    -32.53702909,  -16.73804465,  -83.63753385,  -22.66936192,    -20.45369206], [  496.83861038, -483.03197955, 1096.7576281 , -107.65855609,    296.12886224,  218.02783154,  159.55140279,   88.92304573,    122.23969387,   33.43820928,   78.63927985,   34.62859897,      1.04692669], [ -273.83926153,  342.15514564, -107.65855609,  502.02608808,    -71.78140212,   56.29855399,  -27.62176405,  -34.61487714,     51.4119398 ,   25.40591555,  -99.99536159,   -7.48874419,      4.17145532], [  317.73611799, -112.69043635,  296.12886224,  -71.78140212,    329.54026213,   70.06204681,   85.29603696,   51.42822169,     58.75919448,   22.73154371,   48.61804238,   15.86624014,     13.23885312], [  225.3241939 ,   23.81261748,  218.02783154,   56.29855399,     70.06204681,  258.16279009,  132.00254107,   43.56302907,     63.81404498,   42.87080799,   18.53221699,   24.66656262,    -12.28616825], [  226.50910259,   22.04734878,  159.55140279,  -27.62176405,     85.29603696,  132.00254107,  193.58446871,   47.50963501,     48.25974893,   22.30285936,   29.44904102,   19.91602509,     -2.1576588 ], [   90.56219249,  -54.21852269,   88.92304573,  -34.61487714,     51.42822169,   43.56302907,   47.50963501,   97.5741578 ,     29.92665505,   21.9150871 ,   27.68862854,   14.06061045,     -0.28779601], [  142.79519431,  -32.53702909,  122.23969387,   51.4119398 ,     58.75919448,   63.81404498,   48.25974893,   29.92665505,    126.69467877,   51.90970162,    6.16871268,    5.28755635,      0.72709532], [  117.27960045,  -16.73804465,   33.43820928,   25.40591555,     22.73154371,   42.87080799,   22.30285936,   21.9150871 ,     51.90970162,   89.68132493,   25.40540229,    8.37834077,     -4.18359049], [   71.14865158,  -83.63753385,   78.63927985,  -99.99536159,     48.61804238,   18.53221699,   29.44904102,   27.68862854,      6.16871268,   25.40540229,   98.07530342,   25.44361801,      6.44707121], [    9.14182108,  -22.66936192,   34.62859897,   -7.48874419,     15.86624014,   24.66656262,   19.91602509,   14.06061045,      5.28755635,    8.37834077,   25.44361801,   65.34758341,     27.49003791], [  -64.3849041 ,  -20.45369206,    1.04692669,    4.17145532,     13.23885312,  -12.28616825,   -2.1576588 ,   -0.28779601,      0.72709532,   -4.18359049,    6.44707121,   27.49003791,     69.54653084]]
/root/sim/music/out/Aerosmith/マキシマム・ヘﾞスト/08 ラスト・チャイルトﾞ.mp3; [-580.09796  , 114.712364 ,  -9.511239 ,  36.04748  ,   1.189366 ,    1.1114657,  -5.775346 ,  10.793107 ,   4.50336  ,   1.4799834,    0.4026982,  -1.825819 ,  -5.3041315]; [[14538.74995531, -671.68545187,  274.7683145 ,  -99.04224441,   -151.46791719,   -4.23567262,    6.90833412,    8.24369325,     34.19245898,  111.35254566,  172.51060524,  137.21519332,     31.09628804], [ -671.68545187, 1403.14590683, -330.08743648,  349.3407166 ,      5.48680002,   93.56625535,   34.06306309,   78.55657174,     44.99743894,  -23.65723057,  -50.74345644,  -43.75867803,    -36.01456501], [  274.7683145 , -330.08743648,  863.35666475,  -68.06764602,    149.58652192,    3.65969435,   65.69604954,    9.22047744,    -37.59488624,   35.04968485,  -36.69916549,   -6.89164722,     40.80748529], [  -99.04224441,  349.3407166 ,  -68.06764602,  483.21523311,     56.03690337,  149.47493345,   -5.35652034,   91.19930382,     58.89882769,  -19.01519975,  -52.81920635,  -21.53401489,    -23.45424471], [ -151.46791719,    5.48680002,  149.58652192,   56.03690337,    264.92822408,   29.37216743,   32.84857634,   30.60349403,     32.41986303,   11.15905103,    4.34107822,    9.438456  ,     28.38161262], [   -4.23567262,   93.56625535,    3.65969435,  149.47493345,     29.37216743,  273.31005372,   73.8037133 ,   70.43790108,      4.12129334,   -3.69318603,  -30.81966102,  -12.23371286,    -20.35926758], [    6.90833412,   34.06306309,   65.69604954,   -5.35652034,     32.84857634,   73.8037133 ,  164.96130217,   47.20659543,      4.80580251,   -3.28902094,   16.30137704,    3.56680288,     -0.94566649], [    8.24369325,   78.55657174,    9.22047744,   91.19930382,     30.60349403,   70.43790108,   47.20659543,  140.42823629,     42.00187351,   11.36630022,  -17.19211669,   -8.92118196,    -10.79881256], [   34.19245898,   44.99743894,  -37.59488624,   58.89882769,     32.41986303,    4.12129334,    4.80580251,   42.00187351,    123.67154651,   17.14872863,    2.308298  ,    1.0663294 ,     -6.44864184], [  111.35254566,  -23.65723057,   35.04968485,  -19.01519975,     11.15905103,   -3.69318603,   -3.28902094,   11.36630022,     17.14872863,  104.7242329 ,   36.64757551,    5.13327615,     -4.89539735], [  172.51060524,  -50.74345644,  -36.69916549,  -52.81920635,      4.34107822,  -30.81966102,   16.30137704,  -17.19211669,      2.308298  ,   36.64757551,  126.69898519,   52.00587637,     18.74238925], [  137.21519332,  -43.75867803,   -6.89164722,  -21.53401489,      9.438456  ,  -12.23371286,    3.56680288,   -8.92118196,      1.0663294 ,    5.13327615,   52.00587637,  106.71953742,     46.65823235], [   31.09628804,  -36.01456501,   40.80748529,  -23.45424471,     28.38161262,  -20.35926758,   -0.94566649,  -10.79881256,     -6.44864184,   -4.89539735,   18.74238925,   46.65823235,     96.84552091]]
/root/sim/music/out/Aerosmith/マキシマム・ヘﾞスト/13 ラクﾞ・トﾞール.mp3; [-511.71442   ,  83.57236   ,  -4.282336  ,  26.804743  ,  -1.6254658 ,    4.3543687 ,  -0.39652997,  -0.69990206,   3.2611291 ,   5.3156996 ,    3.24474   ,   4.275668  ,   1.0525627 ]; [[17414.75925038,  661.86052226, -483.07162126,  394.59971542,   -262.46461212, -292.83734116, -297.02102312, -269.47155688,   -247.76908157, -237.93154134, -121.38318155,  153.35980546,     54.02548856], [  661.86052226,  659.90655513,  -87.78333864,   83.96336746,    -57.39574646,  -32.82708535,   68.18973847,   -9.64879411,      5.98632503,    8.83571675,   17.77957849,   41.60283314,      9.48440469], [ -483.07162126,  -87.78333864,  367.6210883 ,   34.4128185 ,     35.67146638,   16.8637832 ,   37.35014386,   43.46908184,     -2.21175108,    9.98599808,   14.43779882,   21.25098488,      4.76227827], [  394.59971542,   83.96336746,   34.4128185 ,  254.80528998,     62.13285314,   -8.80438078,    9.57785636,   -4.43073315,     20.60159099,   20.49014855,  -19.38939908,   34.43428186,     14.18789923], [ -262.46461212,  -57.39574646,   35.67146638,   62.13285314,    187.2185831 ,   55.96643949,  -25.68137113,    5.8452457 ,     48.79793234,   29.69704034,    6.49590366,    3.72245891,     20.03950325], [ -292.83734116,  -32.82708535,   16.8637832 ,   -8.80438078,     55.96643949,  141.89748481,   54.56946686,   42.00923944,     24.48696547,   26.30460545,   35.06334086,   -3.28126291,     15.07571421], [ -297.02102312,   68.18973847,   37.35014386,    9.57785636,    -25.68137113,   54.56946686,  179.43418673,   67.58232483,      1.09376477,   14.85558326,   19.63438395,   14.39065192,     -4.16923288], [ -269.47155688,   -9.64879411,   43.46908184,   -4.43073315,      5.8452457 ,   42.00923944,   67.58232483,  116.99953959,     55.88899621,   23.41488827,   16.04990802,   -0.04234552,      9.8487961 ], [ -247.76908157,    5.98632503,   -2.21175108,   20.60159099,     48.79793234,   24.48696547,    1.09376477,   55.88899621,    119.17420471,   61.94031475,   10.66407456,  -13.26139839,      6.07528196], [ -237.93154134,    8.83571675,    9.98599808,   20.49014855,     29.69704034,   26.30460545,   14.85558326,   23.41488827,     61.94031475,   97.6780805 ,   38.09685513,   -1.5602544 ,     -6.32958056], [ -121.38318155,   17.77957849,   14.43779882,  -19.38939908,      6.49590366,   35.06334086,   19.63438395,   16.04990802,     10.66407456,   38.09685513,   84.6287111 ,   29.01692443,      6.17006158], [  153.35980546,   41.60283314,   21.25098488,   34.43428186,      3.72245891,   -3.28126291,   14.39065192,   -0.04234552,    -13.26139839,   -1.5602544 ,   29.01692443,   88.05593794,     37.41540112], [   54.02548856,    9.48440469,    4.76227827,   14.18789923,     20.03950325,   15.07571421,   -4.16923288,    9.8487961 ,      6.07528196,   -6.32958056,    6.17006158,   37.41540112,     69.64169055]]
/root/sim/music/out/Billy Joel/The Ultimate Collection [Disc 2]/02-Tell Her About It.mp3; [-579.78784   ,  81.06983   ,  -5.2138433 ,  24.629734  ,   6.1252913 ,   19.064934  ,  -4.9611773 ,  15.444088  ,  -0.05559485,  11.729037  ,    2.2392046 ,   0.6540772 ,  -0.4164614 ]; [[14901.51760051,  428.83671228,  155.56438869,  255.46962835,    148.99697749,  218.11749481, -228.41096048,  117.95191038,    -87.16135002,  119.14273991,  -35.8388037 ,  -14.65803104,     32.18635729], [  428.83671228,  946.85995225, -144.29448053,   62.96224211,    -39.80700624,   31.94090646,   53.03540622,   80.9869042 ,    -20.03939205,   49.07345408,   31.983455  ,   17.72447747,     38.88955273], [  155.56438869, -144.29448053,  592.24884476,  126.65952728,     68.24937415,   85.27871711,  -11.9256305 ,   57.19920405,    -30.16025147,  -18.53029502,  -35.69552028,   26.88735478,     27.21562381], [  255.46962835,   62.96224211,  126.65952728,  369.61730764,    149.62221976,   72.64817523,   -5.32764509,    8.64231008,     39.89151096,  -25.06856559,   -9.90193833,   -0.16222017,     45.21762704], [  148.99697749,  -39.80700624,   68.24937415,  149.62221976,    257.27213506,   55.7535797 ,   -1.18967427,  -14.24144169,     60.064459  ,    2.47829359,    2.23297646,    2.18400626,     16.62593548], [  218.11749481,   31.94090646,   85.27871711,   72.64817523,     55.7535797 ,  159.43677656,   45.94489729,   43.99620999,     25.50528741,    5.37477868,   19.69443332,    1.95360837,      2.57426071], [ -228.41096048,   53.03540622,  -11.9256305 ,   -5.32764509,     -1.18967427,   45.94489729,  274.63724259,   31.69230676,     57.09739423,   16.78628373,   58.56238723,   12.30993335,      5.01002856], [  117.95191038,   80.9869042 ,   57.19920405,    8.64231008,    -14.24144169,   43.99620999,   31.69230676,  128.28170459,      9.80827492,   21.94052538,   -1.72643524,   10.36498737,      8.95835562], [  -87.16135002,  -20.03939205,  -30.16025147,   39.89151096,     60.064459  ,   25.50528741,   57.09739423,    9.80827492,    139.87133096,   15.47457628,   42.70340124,    2.45639125,     -2.78970598], [  119.14273991,   49.07345408,  -18.53029502,  -25.06856559,      2.47829359,    5.37477868,   16.78628373,   21.94052538,     15.47457628,  124.22656546,   33.85931382,   15.95415572,     -9.19094536], [  -35.8388037 ,   31.983455  ,  -35.69552028,   -9.90193833,      2.23297646,   19.69443332,   58.56238723,   -1.72643524,     42.70340124,   33.85931382,  104.36805812,   28.519586  ,      6.10028396], [  -14.65803104,   17.72447747,   26.88735478,   -0.16222017,      2.18400626,    1.95360837,   12.30993335,   10.36498737,      2.45639125,   15.95415572,   28.519586  ,   86.19958499,     28.47483658], [   32.18635729,   38.88955273,   27.21562381,   45.21762704,     16.62593548,    2.57426071,    5.01002856,    8.95835562,     -2.78970598,   -9.19094536,    6.10028396,   28.47483658,     86.94804625]]
/root/sim/music/out/Billy Joel/The Ultimate Collection [Disc 2]/01-Uptown Girl.mp3; [-540.50256   ,  83.59832   , -18.419754  ,  10.26708   ,   0.4389668 ,   16.230042  ,   3.0779479 ,  10.003243  ,  -0.10979526,  13.107842  ,    4.4364753 ,   1.4585333 ,  -0.23531081]; [[17218.34058127,  613.1404022 , -173.35664018,  130.58935971,   -106.04128585,  214.49636141,  -58.84296404,  112.25275282,    -47.05199833,   43.88281222,  -71.08780075,  -46.58114737,    -82.23561171], [  613.1404022 ,  592.18589513,  -74.87942989,   34.86216969,     14.84533126,   35.97279313,   64.84695461,   25.46589201,      3.13536186,   16.09268822,   42.07487761,    6.7924635 ,      6.48661383], [ -173.35664018,  -74.87942989,  318.74267349,   54.50269254,      9.44138577,   47.88704417,   30.82871775,   33.04989759,    -14.44957651,  -21.3381248 ,    6.62773368,   52.71723723,     15.31023614], [  130.58935971,   34.86216969,   54.50269254,  225.28719599,     71.4614075 ,  -14.15299811,    2.49692297,  -13.84593189,     26.31360087,  -28.80566893,  -17.95673753,    9.11620243,     23.9472475 ], [ -106.04128585,   14.84533126,    9.44138577,   71.4614075 ,    164.90817283,   16.60078994,  -40.73096639,   -7.70858939,     42.47706994,   22.33555807,  -25.38174222,   -1.03850203,     13.32861   ], [  214.49636141,   35.97279313,   47.88704417,  -14.15299811,     16.60078994,  151.76317357,   49.23408449,   36.20642897,      5.47525055,   30.03787307,   30.9795123 ,   -3.25377273,    -14.91133976], [  -58.84296404,   64.84695461,   30.82871775,    2.49692297,    -40.73096639,   49.23408449,  168.46956856,   28.25243516,     -4.05224068,  -11.20154788,   48.92434585,   10.6530947 ,     -1.21407898], [  112.25275282,   25.46589201,   33.04989759,  -13.84593189,     -7.70858939,   36.20642897,   28.25243516,  113.52541184,     12.79944513,   29.73632218,    7.4585082 ,   15.57798552,     -3.59615253], [  -47.05199833,    3.13536186,  -14.44957651,   26.31360087,     42.47706994,    5.47525055,   -4.05224068,   12.79944513,     94.83705272,   26.11290831,   -6.10828039,  -15.10432362,      3.20360989], [   43.88281222,   16.09268822,  -21.3381248 ,  -28.80566893,     22.33555807,   30.03787307,  -11.20154788,   29.73632218,     26.11290831,  105.79251542,   27.73950892,   -4.46298296,    -17.78907152], [  -71.08780075,   42.07487761,    6.62773368,  -17.95673753,    -25.38174222,   30.9795123 ,   48.92434585,    7.4585082 ,     -6.10828039,   27.73950892,   78.27288131,   15.43110195,     -5.36874994], [  -46.58114737,    6.7924635 ,   52.71723723,    9.11620243,     -1.03850203,   -3.25377273,   10.6530947 ,   15.57798552,    -15.10432362,   -4.46298296,   15.43110195,   80.62335229,     27.02942776], [  -82.23561171,    6.48661383,   15.31023614,   23.9472475 ,     13.32861   ,  -14.91133976,   -1.21407898,   -3.59615253,      3.20360989,  -17.78907152,   -5.36874994,   27.02942776,     70.97074462]]
/root/sim/music/out/Billy Joel/Greatest Hits - Volume I & Volume II [Disc 2]/06 She's Got A Way [Live].mp3; [-833.0787   , 176.82211  , -39.840435 ,  -7.3504415,   4.731355 ,  -13.480081 , -10.825642 ,  -6.3968477, -13.104557 ,  -6.3870277,   -5.4702806,  -3.2241907,  -3.6970656]; [[ 9424.30118014,  -49.90259777,-1198.50321235, -195.80397557,   -443.51942881, -446.37030994, -166.24358565, -287.8008007 ,   -759.95487497,  128.85044319, -134.99790064, -164.05794933,   -281.47514621], [  -49.90259777, 2540.48274314, -247.01658272,   -0.69047823,     71.49467892, -160.29676321,  -45.20409423, -234.63482308,   -116.77771409, -210.97792073,  -89.36530351,  -18.52439901,     -0.22730862], [-1198.50321235, -247.01658272, 1049.84306057,  159.33335483,     98.34181708,  106.67461951,  -68.6992999 ,  -20.73221789,     82.81509258, -168.54181982,    5.83763462,  -17.93091706,    -12.4566616 ], [ -195.80397557,   -0.69047823,  159.33335483,  318.1559572 ,     23.63898586,   97.5534197 ,  -77.25021508,   -7.04697358,     19.26102028,  -85.33067858,  -23.29878963,    8.47317974,      6.23690198], [ -443.51942881,   71.49467892,   98.34181708,   23.63898586,    218.26343271,   -3.28697174,   -1.97698854,    6.67338818,      9.70170022,  -14.28489081,   -2.77291627,    5.78211871,     -3.52910202], [ -446.37030994, -160.29676321,  106.67461951,   97.5534197 ,     -3.28697174,  313.44403066,  -69.05220416,    1.15364039,    104.95061789,  -95.01408111,   -8.22804211,   38.003858  ,     37.98316537], [ -166.24358565,  -45.20409423,  -68.6992999 ,  -77.25021508,     -1.97698854,  -69.05220416,  252.32305532,   32.57654567,    -37.9156618 ,   74.82151397,   12.3771089 ,  -26.03083717,    -14.66884477], [ -287.8008007 , -234.63482308,  -20.73221789,   -7.04697358,      6.67338818,    1.15364039,   32.57654567,  147.08326289,     29.28207127,   52.12584302,   20.43974582,    4.51522035,     11.97814631], [ -759.95487497, -116.77771409,   82.81509258,   19.26102028,      9.70170022,  104.95061789,  -37.9156618 ,   29.28207127,    205.10954423,  -21.86150418,   27.40763246,   32.97543588,     42.18974171], [  128.85044319, -210.97792073, -168.54181982,  -85.33067858,    -14.28489081,  -95.01408111,   74.82151397,   52.12584302,    -21.86150418,  203.4812122 ,   40.34883618,    6.15912258,      2.76293706], [ -134.99790064,  -89.36530351,    5.83763462,  -23.29878963,     -2.77291627,   -8.22804211,   12.3771089 ,   20.43974582,     27.40763246,   40.34883618,   94.7681759 ,   15.78817424,      3.85337983], [ -164.05794933,  -18.52439901,  -17.93091706,    8.47317974,      5.78211871,   38.003858  ,  -26.03083717,    4.51522035,     32.97543588,    6.15912258,   15.78817424,   94.31749125,     38.27402915], [ -281.47514621,   -0.22730862,  -12.4566616 ,    6.23690198,     -3.52910202,   37.98316537,  -14.66884477,   11.97814631,     42.18974171,    2.76293706,    3.85337983,   38.27402915,    102.78780344]]
/root/sim/music/out/Billy Joel/Greatest Hits - Volume I & Volume II [Disc 2]/02 Big Shot.mp3; [-636.16583   , 103.71344   , -13.539979  ,  21.187796  ,  -6.862868  ,   10.627182  ,  -3.0720272 ,   3.408502  ,   0.92036724,   1.3598851 ,    0.15894581,  -3.4995155 ,  -5.087223  ]; [[15922.82985129,  308.75432257, -479.48144632,   83.39229671,   -104.76903213,  -12.69965642, -275.63295434, -112.55806859,    -55.54385228, -102.54918417, -121.69260075,  -71.54683616,    -97.38217745], [  308.75432257, 1455.89395602, -277.2756651 ,  107.59079049,     57.20415655,  -22.41800309,  -10.44910274,  -69.55612773,    -53.54316719,  -29.65199709,  -13.72028835,  -19.96238497,    -35.12036773], [ -479.48144632, -277.2756651 ,  832.35908603,   33.3588695 ,    132.87440506,  142.50149924,   65.71043139,   83.18361812,     18.07508685,   23.8500027 ,   21.31494629,  -34.7919991 ,      2.73235215], [   83.39229671,  107.59079049,   33.3588695 ,  272.84108996,     71.7268171 ,   23.96555682,   18.86072781,   12.0441073 ,      4.08172912,    6.73399514,  -17.30706102,   -7.14689932,      0.44148986], [ -104.76903213,   57.20415655,  132.87440506,   71.7268171 ,    270.70748616,   35.15627078,    2.588226  ,   26.76340346,     32.02055691,   19.95787079,   -4.43417511,   -8.00505129,     -0.56767628], [  -12.69965642,  -22.41800309,  142.50149924,   23.96555682,     35.15627078,  180.36246699,   54.93371374,   31.11668392,     29.26892943,    4.31131339,    9.97365811,   -6.94817288,    -16.21308951], [ -275.63295434,  -10.44910274,   65.71043139,   18.86072781,      2.588226  ,   54.93371374,  181.82102213,   28.1007338 ,     10.53727624,   13.36602798,   13.37802048,   10.08257928,     -5.13670836], [ -112.55806859,  -69.55612773,   83.18361812,   12.0441073 ,     26.76340346,   31.11668392,   28.1007338 ,  109.80246718,     31.30881928,   12.4409037 ,   17.78975192,    5.39023745,     12.45028998], [  -55.54385228,  -53.54316719,   18.07508685,    4.08172912,     32.02055691,   29.26892943,   10.53727624,   31.30881928,     99.73993591,   23.32744861,    5.24983585,    9.62294208,      4.37384883], [ -102.54918417,  -29.65199709,   23.8500027 ,    6.73399514,     19.95787079,    4.31131339,   13.36602798,   12.4409037 ,     23.32744861,  100.33548111,   17.77667674,    8.85134366,     16.45510115], [ -121.69260075,  -13.72028835,   21.31494629,  -17.30706102,     -4.43417511,    9.97365811,   13.37802048,   17.78975192,      5.24983585,   17.77667674,   75.19557336,   24.13954613,     10.50795643], [  -71.54683616,  -19.96238497,  -34.7919991 ,   -7.14689932,     -8.00505129,   -6.94817288,   10.08257928,    5.39023745,      9.62294208,    8.85134366,   24.13954613,   91.76267783,     24.20779258], [  -97.38217745,  -35.12036773,    2.73235215,    0.44148986,     -0.56767628,  -16.21308951,   -5.13670836,   12.45028998,      4.37384883,   16.45510115,   10.50795643,   24.20779258,     74.27629561]]
/root/sim/music/out/Billy Joel/Greatest Hits - Volume I & Volume II [Disc 2]/07 Pressure.mp3; [-646.6598    ,  98.26199   ,  -5.6904716 ,  30.799757  ,  16.357075  ,   14.593786  ,   4.4254813 ,   7.933183  ,   0.21413516,   2.141792  ,    0.99098474,  -0.7127305 ,  -2.2173026 ]; [[8358.88737211,-800.83216573,-232.04762404, -15.73788466,  -1.76750577,     9.94332024,-133.14755348, -63.3167968 ,  21.43289679,  39.3316739 ,     5.82943481,  43.0694572 ,   7.3455469 ], [-800.83216573,1455.1195337 ,-267.8813927 , -80.37227628, -13.65733798,   -93.68050303, -25.7366653 ,  51.26632288, -56.54938232, -25.40509437,    24.83352695,  -9.3367743 ,  10.46466195], [-232.04762404,-267.8813927 , 596.30131816, 113.79093004,  38.7558218 ,    98.75472416,  67.19228498,   0.66421201,  39.36971786,  29.34703872,    12.47497491,  16.53160471,  10.38833878], [ -15.73788466, -80.37227628, 113.79093004, 315.53230496,  71.05975997,    45.66480276,  30.50313533,   1.44313844,  -9.58162953,  13.25411002,   -14.98369782,  -9.40505701,   5.2272569 ], [  -1.76750577, -13.65733798,  38.7558218 ,  71.05975997, 191.30369992,    34.3433867 ,   8.21545107,  11.96251678,  32.40923987,  10.13632456,    -6.48602147,  -1.62905457,   6.23554468], [   9.94332024, -93.68050303,  98.75472416,  45.66480276,  34.3433867 ,   126.45420618,  51.47002078,  10.10416595,  20.77098246,   9.73498545,     2.95194751,  -3.51853303, -10.46714933], [-133.14755348, -25.7366653 ,  67.19228498,  30.50313533,   8.21545107,    51.47002078, 157.33724979,  38.72379739,  12.01414683,  10.20486557,     4.42632819,   3.43200345,   0.01753604], [ -63.3167968 ,  51.26632288,   0.66421201,   1.44313844,  11.96251678,    10.10416595,  38.72379739,  85.45184625,  17.96108095,   3.6346834 ,     8.54436759,   5.18312237,   2.95897476], [  21.43289679, -56.54938232,  39.36971786,  -9.58162953,  32.40923987,    20.77098246,  12.01414683,  17.96108095,  92.17998895,  26.10659448,     7.63108458,   3.16590634,  -0.12326739], [  39.3316739 , -25.40509437,  29.34703872,  13.25411002,  10.13632456,     9.73498545,  10.20486557,   3.6346834 ,  26.10659448,  77.09596522,    24.46949395,   5.74852256,  -1.56829588], [   5.82943481,  24.83352695,  12.47497491, -14.98369782,  -6.48602147,     2.95194751,   4.42632819,   8.54436759,   7.63108458,  24.46949395,    67.08639696,  22.26734066,   4.77113811], [  43.0694572 ,  -9.3367743 ,  16.53160471,  -9.40505701,  -1.62905457,    -3.51853303,   3.43200345,   5.18312237,   3.16590634,   5.74852256,    22.26734066,  65.9946391 ,  22.94489019], [   7.3455469 ,  10.46466195,  10.38833878,   5.2272569 ,   6.23554468,   -10.46714933,   0.01753604,   2.95897476,  -0.12326739,  -1.56829588,     4.77113811,  22.94489019,  63.2574636 ]]
/root/sim/music/out/Billy Joel/Greatest Hits - Volume I & Volume II [Disc 2]/13 You're Only Human (Second Wind).mp3; [-644.9517    ,  99.69954   ,   2.211787  ,  23.811674  ,  10.542872  ,   17.54402   ,   0.77172077,  10.353825  ,   0.68655884,   2.90055   ,    0.01634681,   1.3571398 ,  -2.4633682 ]; [[13772.73754192, -109.78914032, -426.07895708,   57.46909627,   -216.73185791,  -33.75017028, -105.94768473,  111.7384643 ,    -70.04995293,   -9.49923735,  -69.75391095,  -20.41043107,    -82.5056043 ], [ -109.78914032, 1072.13821219, -214.96091376,  -19.24270159,     11.17545989,  -36.52591037,   16.10893743,   -4.21640411,    -23.991142  ,  -21.53184566,    0.68209266,  -14.71853527,     36.41282735], [ -426.07895708, -214.96091376,  557.20634971,   35.47923356,     71.11960065,   62.77343178,   60.90406295,    0.69386079,     22.89230054,   -0.67522145,  -24.99635167,   15.76269133,     -6.3401277 ], [   57.46909627,  -19.24270159,   35.47923356,  267.67185904,     32.7315298 ,   61.24203886,   -3.96993281,   13.71493621,      8.44594343,    9.57431562,  -13.52264006,   -7.63593484,      1.75776285], [ -216.73185791,   11.17545989,   71.11960065,   32.7315298 ,    223.54702983,   34.83374053,  -39.94648594,   -1.89135967,     30.79990845,    2.34443427,   -3.72803711,    0.19268048,    -21.50892419], [  -33.75017028,  -36.52591037,   62.77343178,   61.24203886,     34.83374053,  164.1898604 ,   36.98797556,   32.59209941,     15.04926916,   -1.70886609,    8.33905558,   -2.66612262,    -11.2677444 ], [ -105.94768473,   16.10893743,   60.90406295,   -3.96993281,    -39.94648594,   36.98797556,  184.96676636,   12.32051334,      1.46698657,    2.42569835,    6.8312536 ,    2.85639982,     21.13165013], [  111.7384643 ,   -4.21640411,    0.69386079,   13.71493621,     -1.89135967,   32.59209941,   12.32051334,  116.88537084,     13.63699537,    0.87817515,   12.80523454,  -11.53312433,    -13.31080776], [  -70.04995293,  -23.991142  ,   22.89230054,    8.44594343,     30.79990845,   15.04926916,    1.46698657,   13.63699537,     88.2259465 ,   17.0538633 ,    0.22840577,    3.5200096 ,     -8.00812027], [   -9.49923735,  -21.53184566,   -0.67522145,    9.57431562,      2.34443427,   -1.70886609,    2.42569835,    0.87817515,     17.0538633 ,   73.7983307 ,   13.96421638,    2.0564205 ,      1.09251686], [  -69.75391095,    0.68209266,  -24.99635167,  -13.52264006,     -3.72803711,    8.33905558,    6.8312536 ,   12.80523454,      0.22840577,   13.96421638,   74.97854967,   18.51070321,      0.20034918], [  -20.41043107,  -14.71853527,   15.76269133,   -7.63593484,      0.19268048,   -2.66612262,    2.85639982,  -11.53312433,      3.5200096 ,    2.0564205 ,   18.51070321,   65.72983543,     21.56016114], [  -82.5056043 ,   36.41282735,   -6.3401277 ,    1.75776285,    -21.50892419,  -11.2677444 ,   21.13165013,  -13.31080776,     -8.00812027,    1.09251686,    0.20034918,   21.56016114,     71.34603005]]
/root/sim/music/out/Billy Joel/Greatest Hits - Volume I & Volume II [Disc 2]/12 The Longest Time.mp3; [-732.0395   , 123.81288  ,   9.977006 ,  21.465158 ,   1.4416234,   13.698198 ,  16.07557  ,  16.759378 ,   1.757448 ,   5.121538 ,    2.6899035,   2.4099565,   0.989637 ]; [[14448.0511663 , 1030.95231166,-1149.4523271 , -424.60119418,   -525.93439552,   90.15631015,  250.13105306,  276.85104371,   -205.96729397,   38.02272096,   41.19116146,   11.5935774 ,   -153.8180811 ], [ 1030.95231166, 1326.33675228, -273.28294326,  -86.48816026,   -158.62382589, -105.86637496,  241.29413932,  174.80369562,   -111.83687826,    0.60298379,   35.55962387,   22.00104377,     25.87761266], [-1149.4523271 , -273.28294326,  777.91901491,  324.17609951,     88.17144528,  -40.91462567, -112.7993866 ,  -69.94465234,     66.05708557,  -32.39725033,  -55.92827669,  -28.84453911,     60.39755569], [ -424.60119418,  -86.48816026,  324.17609951,  606.51963809,    227.75537216,  -91.32937841, -246.00808948,  -64.53921307,     89.83490055,  -43.58905816,  -94.40870285,  -18.28322509,     42.09941279], [ -525.93439552, -158.62382589,   88.17144528,  227.75537216,    439.01718908,  112.06108757, -196.96635627,  -76.34774268,    112.40263169,   21.40482649,  -47.7082744 ,  -24.07389833,     13.294274  ], [   90.15631015, -105.86637496,  -40.91462567,  -91.32937841,    112.06108757,  328.09359555,   75.86906613,    5.66875346,     28.71999493,   33.50597906,   47.84972298,   -2.95823463,     -2.37578123], [  250.13105306,  241.29413932, -112.7993866 , -246.00808948,   -196.96635627,   75.86906613,  376.29321677,  131.60052441,    -65.89554135,   18.28501537,   58.9192123 ,   32.27755067,     -4.03734213], [  276.85104371,  174.80369562,  -69.94465234,  -64.53921307,    -76.34774268,    5.66875346,  131.60052441,  190.65768728,     -1.00049644,   -2.14213424,   18.94605725,   18.43908947,     24.58793642], [ -205.96729397, -111.83687826,   66.05708557,   89.83490055,    112.40263169,   28.71999493,  -65.89554135,   -1.00049644,    149.79323476,   34.45996364,  -24.48954356,    0.11605051,      3.81677374], [   38.02272096,    0.60298379,  -32.39725033,  -43.58905816,     21.40482649,   33.50597906,   18.28501537,   -2.14213424,     34.45996364,  143.04136178,   50.51038182,    7.99795679,    -17.77912436], [   41.19116146,   35.55962387,  -55.92827669,  -94.40870285,    -47.7082744 ,   47.84972298,   58.9192123 ,   18.94605725,    -24.48954356,   50.51038182,  136.11742624,   42.9410082 ,     -9.99974667], [   11.5935774 ,   22.00104377,  -28.84453911,  -18.28322509,    -24.07389833,   -2.95823463,   32.27755067,   18.43908947,      0.11605051,    7.99795679,   42.9410082 ,  108.47769844,     13.87071165], [ -153.8180811 ,   25.87761266,   60.39755569,   42.09941279,     13.294274  ,   -2.37578123,   -4.03734213,   24.58793642,      3.81677374,  -17.77912436,   -9.99974667,   13.87071165,    103.44947482]]
/root/sim/music/out/Billy Joel/Greatest Hits - Volume I & Volume II [Disc 2]/10 Tell Her About It.mp3; [-644.7045    ,  89.44397   ,  -5.286713  ,  25.887497  ,   4.679824  ,   20.085737  ,  -7.6508875 ,  15.697494  ,  -1.9432265 ,  11.647573  ,    0.55831116,   0.39989808,  -1.0300828 ]; [[15948.30537965,   93.38745509,  145.62035206,  230.99225581,    -80.02183606,  126.71552135, -363.71049065,   49.21030949,   -194.01532673,  137.16991993,  -85.58610088,  -43.77517817,    -48.89805019], [   93.38745509, 1102.36125389, -218.87327913,   62.86696488,    -64.60067885,   25.40387976,   46.14816292,   77.59390131,    -33.68897312,   42.67754314,   26.11501749,   11.19622558,     33.170167  ], [  145.62035206, -218.87327913,  585.58930222,  100.12806823,     70.3800642 ,   82.6605617 ,    3.76381423,   51.97235732,    -16.02618242,  -22.87738025,  -30.70982006,   24.11858509,     18.45039508], [  230.99225581,   62.86696488,  100.12806823,  373.47765533,    146.82165903,   68.56876962,   -7.95792389,    2.90920048,     41.3008706 ,  -30.19274388,  -10.20818132,   -4.48728357,     42.18535683], [  -80.02183606,  -64.60067885,   70.3800642 ,  146.82165903,    258.67205168,   51.562219  ,    4.92580908,  -18.35851465,     64.51503771,   -1.58774839,    3.64584563,    0.82364898,     14.59145337], [  126.71552135,   25.40387976,   82.6605617 ,   68.56876962,     51.562219  ,  157.13375302,   46.26243824,   40.65310195,     25.77195064,    2.26409805,   19.8268602 ,    0.30281783,      1.18347371], [ -363.71049065,   46.14816292,    3.76381423,   -7.95792389,      4.92580908,   46.26243824,  277.42129034,   29.91069613,     57.8475872 ,   16.93053395,   58.15996201,   14.05061323,      9.53675395], [   49.21030949,   77.59390131,   51.97235732,    2.90920048,    -18.35851465,   40.65310195,   29.91069613,  124.840208  ,      7.66634125,   21.41041384,   -2.88693158,    9.66011654,      8.50201496], [ -194.01532673,  -33.68897312,  -16.02618242,   41.3008706 ,     64.51503771,   25.77195064,   57.8475872 ,    7.66634125,    138.57935441,   13.37438905,   42.59731382,    3.93049366,      0.60191051], [  137.16991993,   42.67754314,  -22.87738025,  -30.19274388,     -1.58774839,    2.26409805,   16.93053395,   21.41041384,     13.37438905,  122.64198658,   33.82003136,   16.46167667,     -9.89517814], [  -85.58610088,   26.11501749,  -30.70982006,  -10.20818132,      3.64584563,   19.8268602 ,   58.15996201,   -2.88693158,     42.59731382,   33.82003136,  103.74519292,   29.5414166 ,      8.83025786], [  -43.77517817,   11.19622558,   24.11858509,   -4.48728357,      0.82364898,    0.30281783,   14.05061323,    9.66011654,      3.93049366,   16.46167667,   29.5414166 ,   86.16629034,     28.05264882], [  -48.89805019,   33.170167  ,   18.45039508,   42.18535683,     14.59145337,    1.18347371,    9.53675395,    8.50201496,      0.60191051,   -9.89517814,    8.83025786,   28.05264882,     86.10191527]]
/root/sim/music/out/Billy Joel/Greatest Hits - Volume I & Volume II [Disc 2]/01 My Life.mp3; [-650.9696   , 126.48445  ,  -1.5758636,  19.840631 ,   8.045046 ,    8.220716 ,   3.1631627,   4.09564  ,  -0.8946228,   2.878761 ,   -2.2341514,  -6.291883 ,  -1.6835624]; [[13017.40301613,  -89.97667756, -318.78884908,  -93.93965487,   -130.09285727,  -48.43179345,  -17.36748498,  -20.19604342,   -235.08675329,  -39.88108135,  -23.8495737 , -230.62955043,   -128.8354153 ], [  -89.97667756, 1173.66911732, -344.79544912,   36.07674539,    -18.8906389 ,  -80.02049952,    1.84609147,    2.8216538 ,     -8.11099006,   20.62881131,    1.46085515,   22.9841387 ,     22.44619419], [ -318.78884908, -344.79544912,  671.18700608,  105.68307493,     62.75335343,  106.34973213,   15.05572615,    9.66144853,     53.43312707,  -10.51708032,  -15.97262637,  -12.56364562,      3.15150888], [  -93.93965487,   36.07674539,  105.68307493,  252.30933813,     77.21939427,   20.10938139,  -35.02858907,   -6.5185511 ,     12.93016788,  -14.47952309,  -16.55290244,   -8.50032278,     10.92560612], [ -130.09285727,  -18.8906389 ,   62.75335343,   77.21939427,    184.97065227,   39.92894516,  -21.04520551,  -10.17579477,     26.98679759,  -11.29222371,  -10.71427991,    4.47188279,      1.26574505], [  -48.43179345,  -80.02049952,  106.34973213,   20.10938139,     39.92894516,  158.59335738,   42.69900846,   18.6433554 ,     29.20995727,  -21.63242371,   -1.85589529,   -3.37089436,    -18.1894715 ], [  -17.36748498,    1.84609147,   15.05572615,  -35.02858907,    -21.04520551,   42.69900846,  168.74801598,   32.2779083 ,      0.39489345,    9.73683279,   -0.1044408 ,   -1.4168589 ,     -7.35339216], [  -20.19604342,    2.8216538 ,    9.66144853,   -6.5185511 ,    -10.17579477,   18.6433554 ,   32.2779083 ,   98.46799282,     23.68064962,   18.0752459 ,    9.95873695,   -8.81481144,      2.23164225], [ -235.08675329,   -8.11099006,   53.43312707,   12.93016788,     26.98679759,   29.20995727,    0.39489345,   23.68064962,    119.01756664,   11.63809714,    4.15967996,    4.6023771 ,     -5.71722171], [  -39.88108135,   20.62881131,  -10.51708032,  -14.47952309,    -11.29222371,  -21.63242371,    9.73683279,   18.0752459 ,     11.63809714,  104.90966845,   21.31681531,    7.25160356,     -4.71717089], [  -23.8495737 ,    1.46085515,  -15.97262637,  -16.55290244,    -10.71427991,   -1.85589529,   -0.1044408 ,    9.95873695,      4.15967996,   21.31681531,   88.01254815,   25.03912852,      6.72531682], [ -230.62955043,   22.9841387 ,  -12.56364562,   -8.50032278,      4.47188279,   -3.37089436,   -1.4168589 ,   -8.81481144,      4.6023771 ,    7.25160356,   25.03912852,   88.59072539,     26.96311996], [ -128.8354153 ,   22.44619419,    3.15150888,   10.92560612,      1.26574505,  -18.1894715 ,   -7.35339216,    2.23164225,     -5.71722171,   -4.71717089,    6.72531682,   26.96311996,     79.30557704]]
