/root/sim/music/out/Aerosmith/Big Ones/04 What It Takes.mp3; [-540.5452    ,  85.23936   ,   4.18375   ,  17.52224   ,  -1.5983887 ,   14.884255  ,  -0.12958899,   6.8956804 ,   5.0310984 ,   3.9430099 ,    2.564863  ,   2.177078  ,  -0.24059822]; [[8097.38795315,-617.98656925, -47.22811   ,  45.54618199,-220.11841392,   139.42346197,  -9.49927537,  -0.42414771,  32.25094255,   6.32100309,   -32.29019439, -74.07252337,  14.44392622], [-617.98656925, 729.19246529, -16.88368955,  80.48054595,  89.47807114,    -5.68752747,  56.1019504 ,  34.10330085,  31.14445419,  29.73251229,    34.03488731,  21.69292006,  17.59282056], [ -47.22811   , -16.88368955, 403.28121931,  19.60945901,  45.03820563,    -3.25549716,  -0.88155113,  32.1958197 ,  15.16824396,  12.32636147,    23.05817267,  20.32976683,  35.25117724], [  45.54618199,  80.48054595,  19.60945901, 221.72347146,  56.62090031,    12.11937381,  23.90211264,  14.43420404,  27.7855781 ,   4.74858053,   -11.30150633,  18.58992238,  11.76144972], [-220.11841392,  89.47807114,  45.03820563,  56.62090031, 209.64332576,   -17.19553345,  13.14819575, -11.34942745,  13.10159856,  17.62731644,     8.85740071,  14.91602784,  15.89315749], [ 139.42346197,  -5.68752747,  -3.25549716,  12.11937381, -17.19553345,   150.17184214,  15.15472968,  25.05537308,  18.70769177,  12.47405071,     5.02150935,   2.25248338,   6.47422157], [  -9.49927537,  56.1019504 ,  -0.88155113,  23.90211264,  13.14819575,    15.15472968, 163.94848773,  32.81108138,  -6.67729891,  -7.53227778,    14.25080023,  -1.58574522, -11.42329941], [  -0.42414771,  34.10330085,  32.1958197 ,  14.43420404, -11.34942745,    25.05537308,  32.81108138, 105.17788679,  32.05914334,  11.68018728,     0.13591554,   1.75284805,   1.84223549], [  32.25094255,  31.14445419,  15.16824396,  27.7855781 ,  13.10159856,    18.70769177,  -6.67729891,  32.05914334, 108.50663041,  34.58601643,    -0.18538928,  -1.52204091,   5.97696929], [   6.32100309,  29.73251229,  12.32636147,   4.74858053,  17.62731644,    12.47405071,  -7.53227778,  11.68018728,  34.58601643,  89.25161452,    33.38854456,  12.16787634,   5.17230775], [ -32.29019439,  34.03488731,  23.05817267, -11.30150633,   8.85740071,     5.02150935,  14.25080023,   0.13591554,  -0.18538928,  33.38854456,    91.8659048 ,  28.08180132,   5.90936546], [ -74.07252337,  21.69292006,  20.32976683,  18.58992238,  14.91602784,     2.25248338,  -1.58574522,   1.75284805,  -1.52204091,  12.16787634,    28.08180132,  89.33880049,  33.60204312], [  14.44392622,  17.59282056,  35.25117724,  11.76144972,  15.89315749,     6.47422157, -11.42329941,   1.84223549,   5.97696929,   5.17230775,     5.90936546,  33.60204312,  74.24170293]]
/root/sim/music/out/Aerosmith/Big Ones/03 Rag Doll.mp3; [-526.9186   ,  87.72764  ,  -3.5973356,  25.158152 ,  -2.1708806,    3.02498  ,  -1.4959544,  -1.6791096,   2.5539005,   4.6887116,    2.8664079,   3.9104445,   0.8070256]; [[17772.61819693,  636.81125703, -576.29770556,  331.68378861,   -316.58919597, -331.42386516, -339.0604672 , -295.97888465,   -263.06029844, -256.14765312, -127.52438495,  145.59888276,     52.92428788], [  636.81125703,  652.75289019,  -95.87278359,   75.7985554 ,    -63.51666299,  -37.06476072,   64.52291061,  -12.80950427,      3.12375905,    5.80977211,   15.71158403,   39.01499354,      9.26384056], [ -576.29770556,  -95.87278359,  372.45507675,   36.45974633,     39.00727872,   18.07376881,   38.75611406,   43.80906718,     -1.43283191,   10.79400879,   14.28077321,   20.90419502,      4.51333177], [  331.68378861,   75.7985554 ,   36.45974633,  253.73950673,     62.63282496,   -9.84264299,    8.24530843,   -4.0493467 ,     19.95559614,   19.57290591,  -19.75983772,   33.54618172,     14.10066974], [ -316.58919597,  -63.51666299,   39.00727872,   62.63282496,    188.70579445,   56.58239896,  -25.788817  ,    7.28192122,     49.35525782,   29.4414455 ,    6.15010352,    3.72239121,     19.77740936], [ -331.42386516,  -37.06476072,   18.07376881,   -9.84264299,     56.58239896,  142.4467144 ,   55.5305035 ,   42.31174398,     24.86777457,   26.35766369,   34.57635525,   -3.6093294 ,     15.00518802], [ -339.0604672 ,   64.52291061,   38.75611406,    8.24530843,    -25.788817  ,   55.5305035 ,  179.64759135,   68.16861553,      0.72169778,   14.39667852,   19.27132255,   13.99036954,     -3.90509748], [ -295.97888465,  -12.80950427,   43.80906718,   -4.0493467 ,      7.28192122,   42.31174398,   68.16861553,  117.58694816,     56.05725164,   23.50158551,   15.87194625,   -0.30681642,      9.88605135], [ -263.06029844,    3.12375905,   -1.43283191,   19.95559614,     49.35525782,   24.86777457,    0.72169778,   56.05725164,    119.44330674,   61.39293759,   10.29800123,  -13.51842402,      5.77987814], [ -256.14765312,    5.80977211,   10.79400879,   19.57290591,     29.4414455 ,   26.35766369,   14.39667852,   23.50158551,     61.39293759,   97.30340968,   37.99420744,   -1.71360623,     -6.09700324], [ -127.52438495,   15.71158403,   14.28077321,  -19.75983772,      6.15010352,   34.57635525,   19.27132255,   15.87194625,     10.29800123,   37.99420744,   84.11526994,   28.67790895,      6.06959758], [  145.59888276,   39.01499354,   20.90419502,   33.54618172,      3.72239121,   -3.6093294 ,   13.99036954,   -0.30681642,    -13.51842402,   -1.71360623,   28.67790895,   87.12689952,     37.22173583], [   52.92428788,    9.26384056,    4.51333177,   14.10066974,     19.77740936,   15.00518802,   -3.90509748,    9.88605135,      5.77987814,   -6.09700324,    6.06959758,   37.22173583,     69.22511652]]
/root/sim/music/out/Aerosmith/Big Ones/09 Blind Man.mp3; [-496.8087    ,  96.53497   ,  -7.8261895 ,  27.70172   ,   9.844399  ,    7.6838775 ,  -3.855768  ,   4.0667067 ,   4.2793927 ,   0.24198134,   -1.711109  ,  -3.6205528 ,  -0.43750614]; [[8944.90630267,-206.41863964, 162.56198394,-209.94733069,-391.29622271,   187.55183748,-132.74073406, -67.37732357,  58.56013583, -40.61090857,    25.54029759, -39.24412916,  10.53168088], [-206.41863964, 571.2031365 ,-221.94103872, 125.79268113,  94.23689473,   -94.826556  ,  34.699737  ,   9.54208297, -28.01151581,  22.77099167,     6.97123696,   4.08949207,   0.84014507], [ 162.56198394,-221.94103872, 443.90647484, -81.45534403, -29.55369055,    18.27461923, -49.56827965,   2.47941027,   4.20668274, -26.57497481,    39.63907851,  13.52815629,  17.15897725], [-209.94733069, 125.79268113, -81.45534403, 220.75140296,  70.92392289,   -39.2707389 ,  -3.84200358,   3.29798315, -11.03986543,  21.20430254,   -24.32934427,  20.03307078,   9.7655511 ], [-391.29622271,  94.23689473, -29.55369055,  70.92392289, 219.94841754,   -55.47027101,  26.15967363,   6.23146247,  -3.17880137,  20.0343785 ,    -0.08222237,  13.03309284,   1.34382902], [ 187.55183748, -94.826556  ,  18.27461923, -39.2707389 , -55.47027101,   147.62963564,  28.80311436,   4.15981662,   5.16011695, -14.86898558,     5.38921717, -10.91902312,  -9.17353595], [-132.74073406,  34.699737  , -49.56827965,  -3.84200358,  26.15967363,    28.80311436, 159.0538336 ,  16.20238042, -12.26025663,  -0.66181846,    -3.92941951,   0.44463301,  -8.34650006], [ -67.37732357,   9.54208297,   2.47941027,   3.29798315,   6.23146247,     4.15981662,  16.20238042,  89.32831555,  21.44843206,  12.1194768 ,    -1.12950771,  -2.79234532,   1.22227247], [  58.56013583, -28.01151581,   4.20668274, -11.03986543,  -3.17880137,     5.16011695, -12.26025663,  21.44843206,  90.87397657,  20.40859747,     9.06353136,  -3.4679155 ,  -8.21675879], [ -40.61090857,  22.77099167, -26.57497481,  21.20430254,  20.0343785 ,   -14.86898558,  -0.66181846,  12.1194768 ,  20.40859747,  86.73056849,    13.68707628,   9.59049853,  -5.78049495], [  25.54029759,   6.97123696,  39.63907851, -24.32934427,  -0.08222237,     5.38921717,  -3.92941951,  -1.12950771,   9.06353136,  13.68707628,    89.30733604,  19.37133695,  10.28972161], [ -39.24412916,   4.08949207,  13.52815629,  20.03307078,  13.03309284,   -10.91902312,   0.44463301,  -2.79234532,  -3.4679155 ,   9.59049853,    19.37133695,  72.29010332,  21.22634325], [  10.53168088,   0.84014507,  17.15897725,   9.7655511 ,   1.34382902,    -9.17353595,  -8.34650006,   1.22227247,  -8.21675879,  -5.78049495,    10.28972161,  21.22634325,  62.01544179]]
/root/sim/music/out/Aerosmith/Big Ones/08 Amazing.mp3; [-534.6118    , 110.637764  , -17.579346  ,  24.702991  ,   2.0999339 ,   17.448942  ,  -1.1817607 ,   4.889063  ,   2.5719275 ,   0.61228526,   -1.3283918 ,  -2.0798032 ,  -1.4597223 ]; [[10161.45389467,-1750.94322168,  308.31312067,  160.71197631,    364.15552845,   56.51724609, -126.51241477,   49.62976629,     55.77051713,   40.18549401,  -42.23777971,   21.51324479,     -7.57537223], [-1750.94322168, 1171.72087817, -184.1298214 ,   23.75953422,    -50.37227385,  -19.71348724,   -2.57320544,   -9.18861669,    -33.34232552,   -8.91790491,    1.67210168,  -24.38477296,    -24.23999063], [  308.31312067, -184.1298214 ,  859.32417517,  -73.93751343,    239.48308646,   22.47654765,   50.16022379,    5.4784056 ,     47.33275095,    2.06802866,   36.99868312,   31.65842998,     35.00125625], [  160.71197631,   23.75953422,  -73.93751343,  200.0555948 ,     24.75823568,   36.91401335,   -4.72025858,   12.44721248,      0.87767853,    8.304777  ,   -5.02856762,   17.10534188,      1.31821411], [  364.15552845,  -50.37227385,  239.48308646,   24.75823568,    293.55272989,   -3.29975756,   29.59731851,    4.66112004,     26.35614874,   15.04698394,   -2.84710062,   13.70317867,     11.72888537], [   56.51724609,  -19.71348724,   22.47654765,   36.91401335,     -3.29975756,  157.0207345 ,   48.65085485,   26.7045766 ,      6.51259359,    7.60234847,   22.08323492,    0.2806022 ,     15.5067375 ], [ -126.51241477,   -2.57320544,   50.16022379,   -4.72025858,     29.59731851,   48.65085485,  155.81602891,   33.95692464,     -1.94627475,   -0.33908837,   19.21304582,    5.23766249,     11.88476523], [   49.62976629,   -9.18861669,    5.4784056 ,   12.44721248,      4.66112004,   26.7045766 ,   33.95692464,   93.23722496,     33.33529133,   13.20739301,    1.43640252,    6.54637993,     13.68623555], [   55.77051713,  -33.34232552,   47.33275095,    0.87767853,     26.35614874,    6.51259359,   -1.94627475,   33.33529133,    104.55210162,   32.05884199,   12.55561613,    7.06854859,     10.52619021], [   40.18549401,   -8.91790491,    2.06802866,    8.304777  ,     15.04698394,    7.60234847,   -0.33908837,   13.20739301,     32.05884199,   82.86867045,   24.87839655,    7.28690803,     -5.0525701 ], [  -42.23777971,    1.67210168,   36.99868312,   -5.02856762,     -2.84710062,   22.08323492,   19.21304582,    1.43640252,     12.55561613,   24.87839655,   87.0651098 ,   21.72677711,      8.27358708], [   21.51324479,  -24.38477296,   31.65842998,   17.10534188,     13.70317867,    0.2806022 ,    5.23766249,    6.54637993,      7.06854859,    7.28690803,   21.72677711,   77.87096813,     32.28453363], [   -7.57537223,  -24.23999063,   35.00125625,    1.31821411,     11.72888537,   15.5067375 ,   11.88476523,   13.68623555,     10.52619021,   -5.0525701 ,    8.27358708,   32.28453363,     82.54367223]]
/root/sim/music/out/Aerosmith/Big Ones/01 Walk On Water.mp3; [-504.82104   , 101.90572   , -11.409144  ,  29.565731  ,  13.445928  ,   12.206349  ,  -4.5493016 ,   3.8213089 ,   4.225093  ,   0.54423356,   -0.96805495,  -1.3941113 ,   0.10606194]; [[7003.65799226, 108.56333861,-148.56257105, -97.03170634,-221.20687058,   -10.58084337,-163.40718504, -57.76179096, -44.55283159, -37.49821894,    -4.2320509 , -36.85436897,   1.0425355 ], [ 108.56333861, 541.97547842,-157.11271272, 105.88848896,  74.24481195,    12.65381906,  35.75920961,  18.50608225,  12.82106604,   3.07872567,    19.38098475,   8.72531855,   2.83826141], [-148.56257105,-157.11271272, 389.66717268, -49.46881219, -10.86611188,    -6.09287403, -35.73961083,   3.9618148 ,  18.24803953,  16.02964185,    -9.66232456,   4.33569723,  19.40944285], [ -97.03170634, 105.88848896, -49.46881219, 179.79209844,  85.32369387,    21.72602937,  23.49026805,  -7.90055951,   1.05099067,   8.5811813 ,     1.67566655,  15.41647726,   1.06095182], [-221.20687058,  74.24481195, -10.86611188,  85.32369387, 198.90156053,    16.42347235,  29.25260749,  -2.84467474,  -8.53694917,   5.90524161,    -1.80070947,  18.45902955,   7.60138639], [ -10.58084337,  12.65381906,  -6.09287403,  21.72602937,  16.42347235,   105.90530498,  33.49316509,  18.33466399,  10.21772516,  -3.95956992,     7.22847962,   3.68351908,  11.79096344], [-163.40718504,  35.75920961, -35.73961083,  23.49026805,  29.25260749,    33.49316509, 127.43191605,  29.82034326,   7.41200876,   1.72145527,    -5.14750325,  -2.61502821,  -2.76977957], [ -57.76179096,  18.50608225,   3.9618148 ,  -7.90055951,  -2.84467474,    18.33466399,  29.82034326,  75.44830686,  33.17853242,   9.47666237,     0.31540105,  -3.99895211,   1.25547718], [ -44.55283159,  12.82106604,  18.24803953,   1.05099067,  -8.53694917,    10.21772516,   7.41200876,  33.17853242,  82.45616178,  30.39746156,     6.0747468 ,  -0.35148339,  -3.05512179], [ -37.49821894,   3.07872567,  16.02964185,   8.5811813 ,   5.90524161,    -3.95956992,   1.72145527,   9.47666237,  30.39746156,  62.14539134,    22.617007  ,   6.5048073 ,  -4.16105089], [  -4.2320509 ,  19.38098475,  -9.66232456,   1.67566655,  -1.80070947,     7.22847962,  -5.14750325,   0.31540105,   6.0747468 ,  22.617007  ,    65.01421997,  17.32380597,   5.4804689 ], [ -36.85436897,   8.72531855,   4.33569723,  15.41647726,  18.45902955,     3.68351908,  -2.61502821,  -3.99895211,  -0.35148339,   6.5048073 ,    17.32380597,  57.36011969,  21.99519487], [   1.0425355 ,   2.83826141,  19.40944285,   1.06095182,   7.60138639,    11.79096344,  -2.76977957,   1.25547718,  -3.05512179,  -4.16105089,     5.4804689 ,  21.99519487,  54.30800211]]
/root/sim/music/out/Aerosmith/Big Ones/06 Janie's Got A Gun.mp3; [-560.2116    ,  95.31862   ,   6.511795  ,  19.93687   ,  -8.606052  ,   14.929027  ,  -2.4945319 ,   8.283668  ,   3.7439756 ,   3.965906  ,    3.5970364 ,  -0.20414712,  -2.0000138 ]; [[19072.09206429, -784.33216651, -838.87557846,  313.62125806,    -88.12626217,  376.40127444,   76.69807813,   78.09888485,    320.98944808,  234.12588012,   37.65522564,  186.95383977,     98.8848757 ], [ -784.33216651, 1034.9289754 ,   12.66153112,   14.9661805 ,     65.77003203,  -12.24883796,    2.79636186,   26.49748214,    -51.71769269,   -8.28495307,   45.74010177,  -20.14749564,     23.38093676], [ -838.87557846,   12.66153112,  511.88672938,  -69.64437208,     62.96496729,   41.44331716,  -19.29720856,   10.34792441,     -5.51490676,   16.75387955,  -36.82939238,  -11.287785  ,     31.13335319], [  313.62125806,   14.9661805 ,  -69.64437208,  298.96337839,     84.56441514,   21.24321159,   38.62354708,   30.15959697,     44.37029563,   13.88315299,    9.52047608,   40.22027125,     15.93901846], [  -88.12626217,   65.77003203,   62.96496729,   84.56441514,    242.21514405,   34.30673863,   57.51453696,    4.86348396,     35.67990198,   30.78256755,   23.42820158,   38.8971321 ,     25.19739506], [  376.40127444,  -12.24883796,   41.44331716,   21.24321159,     34.30673863,  216.8718296 ,   58.71121471,   38.61980004,     73.14398307,   44.47207869,   -3.60558587,   22.92971463,     22.75652928], [   76.69807813,    2.79636186,  -19.29720856,   38.62354708,     57.51453696,   58.71121471,  167.13363564,   39.93613515,     40.94781622,   14.71252045,   15.64470195,   24.14515577,      8.18420461], [   78.09888485,   26.49748214,   10.34792441,   30.15959697,      4.86348396,   38.61980004,   39.93613515,  116.05847054,     33.57457344,   14.84449995,  -10.6044212 ,  -17.69190528,      2.71177521], [  320.98944808,  -51.71769269,   -5.51490676,   44.37029563,     35.67990198,   73.14398307,   40.94781622,   33.57457344,    150.09863289,   58.25453149,   -5.39308283,   10.19927845,     15.44756869], [  234.12588012,   -8.28495307,   16.75387955,   13.88315299,     30.78256755,   44.47207869,   14.71252045,   14.84449995,     58.25453149,  106.13077628,    6.94242687,   14.81596971,     12.12948029], [   37.65522564,   45.74010177,  -36.82939238,    9.52047608,     23.42820158,   -3.60558587,   15.64470195,  -10.6044212 ,     -5.39308283,    6.94242687,  100.96519072,   29.64559816,     -8.40701859], [  186.95383977,  -20.14749564,  -11.287785  ,   40.22027125,     38.8971321 ,   22.92971463,   24.14515577,  -17.69190528,     10.19927845,   14.81596971,   29.64559816,   90.20899722,     21.59498971], [   98.8848757 ,   23.38093676,   31.13335319,   15.93901846,     25.19739506,   22.75652928,    8.18420461,    2.71177521,     15.44756869,   12.12948029,   -8.40701859,   21.59498971,     83.66047957]]
/root/sim/music/out/Aerosmith/Big Ones/07 Cryin'.mp3; [-511.6508   ,  94.25791  , -20.418016 ,  30.269953 ,   7.65285  ,   17.335062 ,   2.2754827,   9.740199 ,   5.135662 ,   3.6793602,   -3.5987647,   0.5198156,  -0.2901594]; [[11229.28189131, -312.1574813 ,  260.10416995,  161.50579997,     26.69240473,  263.92438057,   34.55120814,  128.14882528,     33.02208597,   -2.11016647,  -73.15166484,  -13.62165404,    -27.98898062], [ -312.1574813 ,  858.92988949, -247.77862626,  118.4460116 ,     -6.56909781,  -29.34003461,   41.82667409,  -14.32925639,      7.56616969,    6.51807114,   32.08374014,  -13.04488142,      7.58236296], [  260.10416995, -247.77862626,  399.30468894,  -87.27969886,     77.22908095,   13.53515829,   -5.03584626,   35.7256396 ,     15.66648676,   24.99500138,    4.90761985,    1.34439474,     16.89228881], [  161.50579997,  118.4460116 ,  -87.27969886,  276.04582467,     15.33231386,   59.52488709,   42.75467453,   30.67173504,     34.40086768,   12.32392313,  -16.91077839,   25.13180431,      4.35519367], [   26.69240473,   -6.56909781,   77.22908095,   15.33231386,    149.84620991,  -10.30264932,   38.96055669,   -1.03387098,     21.15616806,   12.17608965,    6.23590361,    3.97348328,      6.82960434], [  263.92438057,  -29.34003461,   13.53515829,   59.52488709,    -10.30264932,  148.66874237,   31.50731578,   40.35981185,      9.63999032,   10.8860281 ,   -0.45903036,   10.58881803,      3.0332774 ], [   34.55120814,   41.82667409,   -5.03584626,   42.75467453,     38.96055669,   31.50731578,  137.64949611,   29.27717291,     16.97165029,    6.17203814,    2.42170714,   -1.28733498,     -7.28682451], [  128.14882528,  -14.32925639,   35.7256396 ,   30.67173504,     -1.03387098,   40.35981185,   29.27717291,   94.00836817,     31.2704194 ,   14.70292047,   -6.9534867 ,    3.49040411,     -2.60259327], [   33.02208597,    7.56616969,   15.66648676,   34.40086768,     21.15616806,    9.63999032,   16.97165029,   31.2704194 ,     83.30152714,   21.66312935,    8.97415926,    0.75579066,      2.52603769], [   -2.11016647,    6.51807114,   24.99500138,   12.32392313,     12.17608965,   10.8860281 ,    6.17203814,   14.70292047,     21.66312935,   72.00701632,   14.10904173,    9.18908851,      3.29936498], [  -73.15166484,   32.08374014,    4.90761985,  -16.91077839,      6.23590361,   -0.45903036,    2.42170714,   -6.9534867 ,      8.97415926,   14.10904173,   79.94609214,   12.64422405,     10.45195308], [  -13.62165404,  -13.04488142,    1.34439474,   25.13180431,      3.97348328,   10.58881803,   -1.28733498,    3.49040411,      0.75579066,    9.18908851,   12.64422405,   70.14774744,     22.57088955], [  -27.98898062,    7.58236296,   16.89228881,    4.35519367,      6.82960434,    3.0332774 ,   -7.28682451,   -2.60259327,      2.52603769,    3.29936498,   10.45195308,   22.57088955,     64.69453373]]
/root/sim/music/out/Aerosmith/Big Ones/11 The Other Side.mp3; [-513.50507   ,  72.10547   ,  -4.8530817 ,  24.238276  ,  -3.6487267 ,   13.935638  ,  -2.6183472 ,   4.4734945 ,   3.9229414 ,   1.5816412 ,    2.3670294 ,  -0.79276145,  -1.9317136 ]; [[16195.23955087,  400.22358031,  -93.52215394,  167.635846  ,   -138.75535187,  139.4126615 , -123.20670768,  -75.2035301 ,    -43.25748896,  -56.26403822,  -62.60779964, -111.51440634,    -14.47476753], [  400.22358031,  490.6802437 ,  -99.825126  ,   99.3420217 ,     16.08404436,   -2.41448291,   61.71454609,   19.39730397,     22.64959715,  -15.06806714,   41.09613771,  -17.98766775,    -12.93474855], [  -93.52215394,  -99.825126  ,  294.14741669,  -11.8393204 ,     43.04953081,   11.50380372,  -21.1782317 ,   12.78525485,     -6.30431643,   24.52279653,   -5.39946711,   22.25321602,     12.07000803], [  167.635846  ,   99.3420217 ,  -11.8393204 ,  185.84175085,     43.08404689,    4.63469284,   14.55394603,   25.1313778 ,     30.48289579,   11.00140726,   10.34364934,   13.60810456,     12.81719595], [ -138.75535187,   16.08404436,   43.04953081,   43.08404689,    135.39915364,    2.61719624,   15.78108801,    7.6382328 ,      7.96896669,   13.8277183 ,    8.15818502,   19.13771407,      7.27463392], [  139.4126615 ,   -2.41448291,   11.50380372,    4.63469284,      2.61719624,  170.56268082,   46.79599426,   22.18569347,     26.63825937,    9.06662489,   18.84357656,    1.87989184,     10.73511683], [ -123.20670768,   61.71454609,  -21.1782317 ,   14.55394603,     15.78108801,   46.79599426,  174.95437262,   49.86339255,     -3.72285352,    4.25198688,   34.09100016,   -5.32398087,    -15.01619522], [  -75.2035301 ,   19.39730397,   12.78525485,   25.1313778 ,      7.6382328 ,   22.18569347,   49.86339255,  109.93234252,     50.17804114,   21.31306482,   12.71565647,    3.29863469,     -9.07064626], [  -43.25748896,   22.64959715,   -6.30431643,   30.48289579,      7.96896669,   26.63825937,   -3.72285352,   50.17804114,    110.02486148,   35.78516356,    7.22659234,    5.16800037,      0.30462862], [  -56.26403822,  -15.06806714,   24.52279653,   11.00140726,     13.8277183 ,    9.06662489,    4.25198688,   21.31306482,     35.78516356,   72.02768289,   20.57684772,    6.52917887,     -3.87464778], [  -62.60779964,   41.09613771,   -5.39946711,   10.34364934,      8.15818502,   18.84357656,   34.09100016,   12.71565647,      7.22659234,   20.57684772,   74.64239186,   17.19748087,     -6.11669248], [ -111.51440634,  -17.98766775,   22.25321602,   13.60810456,     19.13771407,    1.87989184,   -5.32398087,    3.29863469,      5.16800037,    6.52917887,   17.19748087,   73.27978434,     29.88268411], [  -14.47476753,  -12.93474855,   12.07000803,   12.81719595,      7.27463392,   10.73511683,  -15.01619522,   -9.07064626,      0.30462862,   -3.87464778,   -6.11669248,   29.88268411,     64.89667919]]
/root/sim/music/out/Aerosmith/Big Ones/13 Eat The Rich.mp3; [-510.33545   ,  87.59173   ,  -5.181992  ,  29.575775  ,   5.8008904 ,   15.585744  ,   4.888458  ,   6.3369493 ,   4.3752174 ,  -0.53451306,    1.2569362 ,  -2.0772421 ,  -1.0869678 ]; [[5969.309663  ,-464.21029676, -52.153112  ,  28.84904388,-108.15701317,   -37.89815102, -71.90443385, -41.33299158, -65.45779435,  30.23965739,   -25.02843217,  -3.93541192, -21.80634167], [-464.21029676, 597.96303088,-109.07760089,  92.63779858, -59.46975368,    36.70208505,  -8.41752341,  42.86863715,  23.77202982,  12.69503847,    12.86159404, -12.92764392,  10.92316383], [ -52.153112  ,-109.07760089, 389.27425448, -70.71716368, 108.43152166,   -44.95009788,   2.77832493, -21.13896072,   3.90486783,   0.89533333,    -9.31167145,  15.76595428,  -3.35177378], [  28.84904388,  92.63779858, -70.71716368, 173.87025258, -12.15681434,    29.94761627, -15.80269875,  15.77434455,   0.22294275,   4.38720032,    -7.64742967,  -2.09812394,   2.43470753], [-108.15701317, -59.46975368, 108.43152166, -12.15681434, 164.35390861,    16.48510395,  39.48765507, -21.57002786,   6.91122597,  -9.69125671,   -10.50029502,   4.50717427,  -4.4282957 ], [ -37.89815102,  36.70208505, -44.95009788,  29.94761627,  16.48510395,   116.52897622,  23.8277992 ,  18.43649717,  -5.74271562,   1.10927885,     6.92197042,  11.02705672,   5.33574789], [ -71.90443385,  -8.41752341,   2.77832493, -15.80269875,  39.48765507,    23.8277992 , 120.32384979,  28.59156165,  13.50055102, -13.78020445,    -9.54504104,  -7.16310124,  -6.73959447], [ -41.33299158,  42.86863715, -21.13896072,  15.77434455, -21.57002786,    18.43649717,  28.59156165,  87.69899271,  35.45528874,  17.54204291,    -4.50445187, -11.35575064,  -0.85617984], [ -65.45779435,  23.77202982,   3.90486783,   0.22294275,   6.91122597,    -5.74271562,  13.50055102,  35.45528874,  82.80860227,  29.81721411,    -0.23275944, -13.9973118 ,  -6.31286465], [  30.23965739,  12.69503847,   0.89533333,   4.38720032,  -9.69125671,     1.10927885, -13.78020445,  17.54204291,  29.81721411,  63.5893161 ,    17.54268728,  -4.37863707,  -7.49748453], [ -25.02843217,  12.86159404,  -9.31167145,  -7.64742967, -10.50029502,     6.92197042,  -9.54504104,  -4.50445187,  -0.23275944,  17.54268728,    55.89246493,  19.22786349,   5.80568001], [  -3.93541192, -12.92764392,  15.76595428,  -2.09812394,   4.50717427,    11.02705672,  -7.16310124, -11.35575064, -13.9973118 ,  -4.37863707,    19.22786349,  65.96858822,  24.26615753], [ -21.80634167,  10.92316383,  -3.35177378,   2.43470753,  -4.4282957 ,     5.33574789,  -6.73959447,  -0.85617984,  -6.31286465,  -7.49748453,     5.80568001,  24.26615753,  50.51807569]]
/root/sim/music/out/Aerosmith/Big Ones/02 Love In An Elevator.mp3; [-488.39304   ,  75.53928   ,  -2.182368  ,  25.019224  ,   0.9390843 ,   11.340948  ,  -0.24315788,   4.6940627 ,   5.537002  ,   4.9966593 ,    1.0078576 ,  -0.53709817,  -1.0310019 ]; [[3358.11602207,-128.95282751, -77.76868907, 145.05095751,  44.69719092,    74.94004492, -14.28999713,   6.69066654,  41.31161911,  27.91322911,    19.6477195 ,  -2.1150683 , -11.94988918], [-128.95282751, 465.03943822, -93.56248334, 114.15673283,  62.91316689,   -22.43648448,  72.61859056,   1.07115934,   1.85870752,  20.91071899,    32.58477502,  30.16648741,  14.19788817], [ -77.76868907, -93.56248334, 441.34401012, -20.96997969,  19.28676936,    40.22284827,  10.62369878,  60.12378962,  -0.63397511,  -6.99237641,    -2.04797294,   8.74624842,  12.56376725], [ 145.05095751, 114.15673283, -20.96997969, 295.26916323, 160.26611919,     3.94060344,  50.14754397,  21.30745811,  29.51179785,  31.08067886,    11.97784482,  53.09452746,  20.68095174], [  44.69719092,  62.91316689,  19.28676936, 160.26611919, 239.27381737,   -17.48955217,  62.85477271,  14.91953218,   7.06942274,  28.68123074,     4.89458628,  43.74426216,  19.05362343], [  74.94004492, -22.43648448,  40.22284827,   3.94060344, -17.48955217,   154.57307424,  35.07305399,  48.15300376,  25.61071838,   8.33597541,     9.59902567,  -5.50806444,   4.59721709], [ -14.28999713,  72.61859056,  10.62369878,  50.14754397,  62.85477271,    35.07305399, 153.87227569,  55.28900974,   6.46866743,  21.630346  ,    18.08476223,  19.51965461,   0.49011632], [   6.69066654,   1.07115934,  60.12378962,  21.30745811,  14.91953218,    48.15300376,  55.28900974, 116.17851348,  37.35318828,  19.95566228,     2.26342291,   2.71761745,   4.589692  ], [  41.31161911,   1.85870752,  -0.63397511,  29.51179785,   7.06942274,    25.61071838,   6.46866743,  37.35318828,  94.71118696,  30.60127033,     4.79562854,  -2.03547219,  -3.74167087], [  27.91322911,  20.91071899,  -6.99237641,  31.08067886,  28.68123074,     8.33597541,  21.630346  ,  19.95566228,  30.60127033,  74.53379757,    16.83131032,  11.88387346,   0.49427787], [  19.6477195 ,  32.58477502,  -2.04797294,  11.97784482,   4.89458628,     9.59902567,  18.08476223,   2.26342291,   4.79562854,  16.83131032,    73.13217449,  20.58583988,   1.13448406], [  -2.1150683 ,  30.16648741,   8.74624842,  53.09452746,  43.74426216,    -5.50806444,  19.51965461,   2.71761745,  -2.03547219,  11.88387346,    20.58583988,  76.3012789 ,  24.06152634], [ -11.94988918,  14.19788817,  12.56376725,  20.68095174,  19.05362343,     4.59721709,   0.49011632,   4.589692  ,  -3.74167087,   0.49427787,     1.13448406,  24.06152634,  61.25794784]]
/root/sim/music/out/Aerosmith/Big Ones/12 Crazy.mp3; [-531.9163    ,  98.514084  ,  -9.85895   ,  31.664799  ,   0.25491247,   11.406114  ,  -0.2116797 ,   8.911522  ,  -0.05176704,   1.7784433 ,   -0.0856729 ,  -0.5221702 ,   0.06384858]; [[13588.53697058,  -50.54743181, -185.24850442,  163.71600164,   -299.77996055,  256.61729246,  -35.84276275,  228.88083009,     24.18677219,   32.10863342, -105.65190314,    5.11735755,     42.63421598], [  -50.54743181,  671.44350123,  -78.29255595,  110.42848441,     34.10717913,  -14.07845565,   69.67391046,   13.21101195,     10.28379048,    1.86397869,   42.63755362,   -3.20391984,     -4.46758893], [ -185.24850442,  -78.29255595,  376.81539116,   10.44346322,     81.66349785,  -15.27828831,    2.2317513 ,    7.16056635,      4.19808481,   -2.49605863,  -13.80128348,   28.31146697,     13.10412913], [  163.71600164,  110.42848441,   10.44346322,  262.57819274,     43.80271461,   26.10595921,   38.09560047,   44.08070514,      8.11721622,  -14.91876144,    8.38645695,   27.82190363,     11.08722222], [ -299.77996055,   34.10717913,   81.66349785,   43.80271461,    190.97260148,    1.03928498,   17.81976505,   -7.86596309,     12.09948358,    5.9917357 ,   11.42986045,   18.93388261,      7.91242139], [  256.61729246,  -14.07845565,  -15.27828831,   26.10595921,      1.03928498,  170.54508154,   41.11584163,   34.20482051,     15.76218074,    5.70387942,    2.36518175,    0.30275855,      9.77026545], [  -35.84276275,   69.67391046,    2.2317513 ,   38.09560047,     17.81976505,   41.11584163,  159.40342093,   45.48426151,     -7.18980002,   -4.79656937,   21.68657717,    0.9683469 ,     -1.520429  ], [  228.88083009,   13.21101195,    7.16056635,   44.08070514,     -7.86596309,   34.20482051,   45.48426151,  126.29766219,     32.17019393,   11.04574133,  -14.16680965,   -1.34523835,      1.43987572], [   24.18677219,   10.28379048,    4.19808481,    8.11721622,     12.09948358,   15.76218074,   -7.18980002,   32.17019393,    112.68630081,   42.47007844,    7.22686018,   -8.78373577,     -7.82487224], [   32.10863342,    1.86397869,   -2.49605863,  -14.91876144,      5.9917357 ,    5.70387942,   -4.79656937,   11.04574133,     42.47007844,   98.94361931,   25.11854672,   -6.43769232,     -8.71912886], [ -105.65190314,   42.63755362,  -13.80128348,    8.38645695,     11.42986045,    2.36518175,   21.68657717,  -14.16680965,      7.22686018,   25.11854672,  110.25854194,   24.77092847,     -1.92402934], [    5.11735755,   -3.20391984,   28.31146697,   27.82190363,     18.93388261,    0.30275855,    0.9683469 ,   -1.34523835,     -8.78373577,   -6.43769232,   24.77092847,   87.04578344,     28.88178916], [   42.63421598,   -4.46758893,   13.10412913,   11.08722222,      7.91242139,    9.77026545,   -1.520429  ,    1.43987572,     -7.82487224,   -8.71912886,   -1.92402934,   28.88178916,     73.42782366]]
/root/sim/music/out/Aerosmith/Big Ones/10 Deuces Are Wild.mp3; [-528.39307   ,  94.274345  ,   0.65837306,  29.059937  ,   6.2304673 ,   20.228285  ,   1.1540294 ,   4.3676453 ,   4.999413  ,   4.960909  ,    3.6496835 ,   2.1052067 ,  -0.10647298]; [[12512.90122654,-1425.10640669, -836.65834123, -212.2761358 ,   -377.59627643,  121.06073306,   89.13627202,  115.27631843,     98.18279326,   94.33855556,  -16.98650053,   51.66364687,     14.64416419], [-1425.10640669, 1136.97940522,  -63.70887503,   75.88298839,     51.50056638,    3.91779963,  -17.66348526,  -24.43275887,    -10.10634693,  -15.45284765,   39.91401024,  -27.56508189,    -15.19018876], [ -836.65834123,  -63.70887503,  420.06257704,   12.65635116,     77.35378357,  -60.06613357,  -23.39364633,  -11.12101658,    -31.9295681 ,   -8.65555546,  -14.22452629,    6.46145359,      9.84909364], [ -212.2761358 ,   75.88298839,   12.65635116,  181.73708879,     23.00206803,   10.06057561,  -24.77554948,   -6.6349641 ,      3.35194787,    0.24223418,  -17.03442633,   15.93847992,      2.72671629], [ -377.59627643,   51.50056638,   77.35378357,   23.00206803,    147.29410497,  -25.98995143,   -2.65159922,  -13.51058174,     -0.7927853 ,    0.26251884,   -5.80113614,   -5.58986933,      0.50745046], [  121.06073306,    3.91779963,  -60.06613357,   10.06057561,    -25.98995143,  137.64869776,   24.38721597,   22.57199013,      9.6376132 ,  -11.12042721,   -0.19331342,  -10.25991929,     -5.2245931 ], [   89.13627202,  -17.66348526,  -23.39364633,  -24.77554948,     -2.65159922,   24.38721597,  129.49839156,   22.41453093,     -8.2506652 ,   -1.22960001,   11.60761764,   -2.98483072,     -5.2153659 ], [  115.27631843,  -24.43275887,  -11.12101658,   -6.6349641 ,    -13.51058174,   22.57199013,   22.41453093,   85.14337283,     24.12272752,    4.27611195,   -4.49867717,   -3.35988074,     -1.02441089], [   98.18279326,  -10.10634693,  -31.9295681 ,    3.35194787,     -0.7927853 ,    9.6376132 ,   -8.2506652 ,   24.12272752,     80.332972  ,   18.29359924,    1.96536579,   -3.18418521,     -0.89860065], [   94.33855556,  -15.45284765,   -8.65555546,    0.24223418,      0.26251884,  -11.12042721,   -1.22960001,    4.27611195,     18.29359924,   69.12281551,   19.97921857,    3.01489886,     -7.79331917], [  -16.98650053,   39.91401024,  -14.22452629,  -17.03442633,     -5.80113614,   -0.19331342,   11.60761764,   -4.49867717,      1.96536579,   19.97921857,   71.44012697,   13.04508513,     -2.93185805], [   51.66364687,  -27.56508189,    6.46145359,   15.93847992,     -5.58986933,  -10.25991929,   -2.98483072,   -3.35988074,     -3.18418521,    3.01489886,   13.04508513,   64.5389727 ,     14.02959148], [   14.64416419,  -15.19018876,    9.84909364,    2.72671629,      0.50745046,   -5.2245931 ,   -5.2153659 ,   -1.02441089,     -0.89860065,   -7.79331917,   -2.93185805,   14.02959148,     63.01344364]]
/root/sim/music/out/Aerosmith/Big Ones/15 Livin' On The Edge.mp3; [-523.33636  ,  85.92799  ,  -7.022433 ,  30.036737 ,  -1.2441835,   13.261944 ,   2.7268734,   6.7072425,   3.740476 ,   2.564442 ,    2.9865525,  -0.0703535,   0.5565671]; [[17531.14760303,  -65.18351192,  204.44458099,   -4.85573286,    269.99324765,  596.76171095,  -24.67816954,  271.3662877 ,     -0.20916683,  -59.52285712, -145.84503887,  -48.0840074 ,   -306.64116295], [  -65.18351192,  713.90431989,  -85.65545279,  112.5171024 ,    -74.93543313,  -77.79132196,   30.29838286,  -23.7944393 ,     31.91438812,   31.69400881,   76.00486379,    1.06820316,     42.84743683], [  204.44458099,  -85.65545279,  348.78850228,  -38.63739995,     42.20198112,  -18.78029323,  -36.48477459,  -15.31399693,    -44.25997235,    4.14589832,  -37.05919204,   12.6812837 ,     -5.263909  ], [   -4.85573286,  112.5171024 ,  -38.63739995,  179.00775993,     -6.50325923,   12.11024271,   20.62477078,   12.42436093,     32.14375466,   15.67885588,   24.61236166,   13.65362565,     29.18024185], [  269.99324765,  -74.93543313,   42.20198112,   -6.50325923,    156.57882307,   57.66348585,   29.30318214,   16.50125196,     -1.22528416,  -18.14446385,  -29.61905511,   -3.57585185,    -22.98564311], [  596.76171095,  -77.79132196,  -18.78029323,   12.11024271,     57.66348585,  143.62520304,   51.30631697,   41.18963155,     10.77919675,   -7.84398168,   -5.40304028,   -5.45464373,    -23.98035561], [  -24.67816954,   30.29838286,  -36.48477459,   20.62477078,     29.30318214,   51.30631697,  125.20170953,   40.64095391,     10.24264841,   -2.73581464,   13.94457618,   -5.78362492,     -5.49231524], [  271.3662877 ,  -23.7944393 ,  -15.31399693,   12.42436093,     16.50125196,   41.18963155,   40.64095391,   81.46174781,     27.55341586,    1.36600784,   -2.87345041,    1.60145022,     -8.96098536], [   -0.20916683,   31.91438812,  -44.25997235,   32.14375466,     -1.22528416,   10.77919675,   10.24264841,   27.55341586,     82.90917257,   26.64664567,   17.11362429,   -7.33607962,      9.06960423], [  -59.52285712,   31.69400881,    4.14589832,   15.67885588,    -18.14446385,   -7.84398168,   -2.73581464,    1.36600784,     26.64664567,   70.88064535,   29.50181404,    3.90158761,      3.42048182], [ -145.84503887,   76.00486379,  -37.05919204,   24.61236166,    -29.61905511,   -5.40304028,   13.94457618,   -2.87345041,     17.11362429,   29.50181404,   81.6362913 ,   16.00867008,     16.20702701], [  -48.0840074 ,    1.06820316,   12.6812837 ,   13.65362565,     -3.57585185,   -5.45464373,   -5.78362492,    1.60145022,     -7.33607962,    3.90158761,   16.00867008,   66.16806486,     23.40175657], [ -306.64116295,   42.84743683,   -5.263909  ,   29.18024185,    -22.98564311,  -23.98035561,   -5.49231524,   -8.96098536,      9.06960423,    3.42048182,   16.20702701,   23.40175657,     64.65481515]]
/root/sim/music/out/Aerosmith/Big Ones/05 Dude (Looks Like A Lady).mp3; [-521.14526   ,  84.038826  , -16.331032  ,  31.577684  ,  -2.740405  ,    6.8422675 ,   0.68218666,   6.6547017 ,   4.488896  ,   7.1905403 ,    3.364003  ,   1.6930174 ,   2.3325078 ]; [[15611.02228692,  454.96191941, -290.71737639,   69.27572015,   -110.08718055,  -73.49275314, -260.12858929,   38.79677703,     20.02201749,  -60.91493838,   55.06242116,  -83.29531922,     12.61611661], [  454.96191941,  563.76932258,   18.96463929,   80.01430914,     16.401657  ,   12.5904814 ,  125.9858172 ,   14.42602295,     31.32812864,   55.24066661,  -13.27957751,    3.65642785,     -8.56819026], [ -290.71737639,   18.96463929,  392.35144968,   35.60869943,     50.82629762,  -15.67074631,   41.55889451,    6.83905114,    -28.46423208,   -0.06553286,   -1.39315005,   -0.0883441 ,     22.99937185], [   69.27572015,   80.01430914,   35.60869943,  143.78497978,     42.83921141,   12.65420003,   14.41978577,   -3.48586477,      9.21429947,   14.37592446,   -2.8529692 ,   16.58723306,      2.61281373], [ -110.08718055,   16.401657  ,   50.82629762,   42.83921141,    172.47122776,   24.18012476,   26.3268211 ,   14.97877656,     18.42660535,   20.93351716,  -10.18346157,    5.37772344,     -3.82026086], [  -73.49275314,   12.5904814 ,  -15.67074631,   12.65420003,     24.18012476,  105.88799278,   48.63778938,   15.48630478,     11.91918884,   15.90899414,   15.20317681,    0.7570434 ,     -3.51683875], [ -260.12858929,  125.9858172 ,   41.55889451,   14.41978577,     26.3268211 ,   48.63778938,  166.80673125,   23.64254731,     -0.98328814,   30.07351697,    1.07820962,    4.87505813,    -16.9624988 ], [   38.79677703,   14.42602295,    6.83905114,   -3.48586477,     14.97877656,   15.48630478,   23.64254731,   98.17620412,     41.03959031,    1.76925788,    1.89909371,   -7.62343119,     12.69970064], [   20.02201749,   31.32812864,  -28.46423208,    9.21429947,     18.42660535,   11.91918884,   -0.98328814,   41.03959031,     86.96361489,   27.44677393,    0.2629819 ,   -2.48047266,      3.00772929], [  -60.91493838,   55.24066661,   -0.06553286,   14.37592446,     20.93351716,   15.90899414,   30.07351697,    1.76925788,     27.44677393,   80.27425223,   23.43786964,    6.0510439 ,     -8.67693943], [   55.06242116,  -13.27957751,   -1.39315005,   -2.8529692 ,    -10.18346157,   15.20317681,    1.07820962,    1.89909371,      0.2629819 ,   23.43786964,   65.84776269,   19.77815243,      2.55341394], [  -83.29531922,    3.65642785,   -0.0883441 ,   16.58723306,      5.37772344,    0.7570434 ,    4.87505813,   -7.62343119,     -2.48047266,    6.0510439 ,   19.77815243,   69.70988013,     22.05313318], [   12.61611661,   -8.56819026,   22.99937185,    2.61281373,     -3.82026086,   -3.51683875,  -16.9624988 ,   12.69970064,      3.00772929,   -8.67693943,    2.55341394,   22.05313318,     63.18260131]]
