/root/sim/music/out/Elvis Presley/Elvis Best Hit In Japan/01-Heartbreak Hotel.mp3; [-693.99164   , 134.34502   ,  16.546896  ,  19.062275  ,  -1.1847212 ,   -7.7089553 ,  -0.9420491 ,  -5.757588  , -11.26546   ,  -1.8968259 ,   -0.31439686,   0.67887336,  -8.201875  ]; [[14928.96419677, -643.0477839 ,-2427.93083629, -744.91247444,  -1296.28921706, -803.24199182, -320.33715144, -136.37192972,   -256.8252321 ,  101.08523583,   69.88340848,  113.23773286,   -139.81655606], [ -643.0477839 , 2657.70654626,  317.76450632,  231.10277196,    512.93811641,  220.85332603,   21.5784857 ,  189.04040164,     63.13176559, -164.82394075,   72.86647855,   56.77020791,     50.7176987 ], [-2427.93083629,  317.76450632, 1710.78831686,  535.41229936,    450.80161121,  278.83303   ,  105.59200378,   56.7446072 ,    -15.39331459,  -75.30145313,  -95.22553426,    4.91675475,     33.29335806], [ -744.91247444,  231.10277196,  535.41229936,  827.74452641,    447.13101309,   60.98794524,   -8.89626892,   67.74723022,     75.81725593,    5.54020137,   17.01291191,   20.2861271 ,     12.02373663], [-1296.28921706,  512.93811641,  450.80161121,  447.13101309,    751.98838909,  234.07309616,  -56.92290513,    6.23128665,     65.50906416,   11.9372825 ,    3.56333263,    6.94984046,    -10.65076018], [ -803.24199182,  220.85332603,  278.83303   ,   60.98794524,    234.07309616,  413.75351453,  134.32404188,    2.93506931,     57.2143715 ,   46.3774251 ,   -4.50691357,   -8.87496138,     13.07825966], [ -320.33715144,   21.5784857 ,  105.59200378,   -8.89626892,    -56.92290513,  134.32404188,  293.70956706,  111.16573726,     24.91887265,   29.00730964,   17.8510444 ,    3.43645173,     26.72221866], [ -136.37192972,  189.04040164,   56.7446072 ,   67.74723022,      6.23128665,    2.93506931,  111.16573726,  246.19921484,     80.01422552,  -20.60610848,   26.6423181 ,   32.08480981,     39.29958838], [ -256.8252321 ,   63.13176559,  -15.39331459,   75.81725593,     65.50906416,   57.2143715 ,   24.91887265,   80.01422552,    208.74106449,   78.21137814,   -8.37540872,    4.42420476,     24.87706848], [  101.08523583, -164.82394075,  -75.30145313,    5.54020137,     11.9372825 ,   46.3774251 ,   29.00730964,  -20.60610848,     78.21137814,  229.66796755,   46.88207037,  -30.94491675,    -12.20272817], [   69.88340848,   72.86647855,  -95.22553426,   17.01291191,      3.56333263,   -4.50691357,   17.8510444 ,   26.6423181 ,     -8.37540872,   46.88207037,  166.31274232,   37.44103224,    -18.63148161], [  113.23773286,   56.77020791,    4.91675475,   20.2861271 ,      6.94984046,   -8.87496138,    3.43645173,   32.08480981,      4.42420476,  -30.94491675,   37.44103224,  136.50908996,     26.11356697], [ -139.81655606,   50.7176987 ,   33.29335806,   12.02373663,    -10.65076018,   13.07825966,   26.72221866,   39.29958838,     24.87706848,  -12.20272817,  -18.63148161,   26.11356697,    123.5632515 ]]
/root/sim/music/out/Elvis Presley/Elvis Best Hit In Japan/26-Always On My Mind.mp3; [-620.86505  , 153.47919  ,  -0.5502961,  18.739113 ,  -2.4334784,    3.7592404,  -9.374588 ,  -5.417581 ,  -3.7260966,  -2.1473596,    3.1488779,  -1.4391694,  -1.2220728]; [[12764.25927409, -760.73982697, -173.83829256,  -68.36682556,   -219.1044852 ,   18.41631583,  -55.63641549,   94.26903413,     83.10098272,   74.64658093,  235.95155346,  -51.14919519,    -87.83575891], [ -760.73982697, 1379.27703132, -331.60908187,  -36.10717943,     49.28274437,  -58.59436658,  -15.98441223,   36.68227741,    -57.78562591,   -0.92260503,  -28.40247527,   18.86628696,    -19.61327547], [ -173.83829256, -331.60908187,  565.35175875,   17.9560911 ,     26.54518182,  106.37124879,   34.00746532,    6.57147314,     33.27595945,  -37.74834181,  -35.70088587,    8.09993571,     63.58875868], [  -68.36682556,  -36.10717943,   17.9560911 ,  318.23141763,     67.7513423 ,   20.02735125,   35.41391038,  -36.85367035,     28.04020625,   -1.4973108 ,  -46.43275634,   -3.69419622,     33.10564493], [ -219.1044852 ,   49.28274437,   26.54518182,   67.7513423 ,    244.68473384,   41.08481973,  -24.82934882,  -48.84329609,     29.44130266,   15.86282508,  -27.06889175,  -15.66462978,     19.84484202], [   18.41631583,  -58.59436658,  106.37124879,   20.02735125,     41.08481973,  138.12683574,   16.47763399,  -12.56386325,     12.33795838,    1.87341456,    4.28074003,    7.97026136,      2.79392241], [  -55.63641549,  -15.98441223,   34.00746532,   35.41391038,    -24.82934882,   16.47763399,  137.79737664,   43.07985835,      4.70440957,    3.35390341,    8.53913383,   11.25333399,     11.55623993], [   94.26903413,   36.68227741,    6.57147314,  -36.85367035,    -48.84329609,  -12.56386325,   43.07985835,  133.42466375,      8.73038196,   -3.4273627 ,   23.01610453,    8.55995024,     -9.90873115], [   83.10098272,  -57.78562591,   33.27595945,   28.04020625,     29.44130266,   12.33795838,    4.70440957,    8.73038196,     85.0080215 ,   24.00273832,   -2.55924878,    1.26833279,     10.37603141], [   74.64658093,   -0.92260503,  -37.74834181,   -1.4973108 ,     15.86282508,    1.87341456,    3.35390341,   -3.4273627 ,     24.00273832,   96.3750109 ,   35.21407525,   -1.92072552,    -15.69482889], [  235.95155346,  -28.40247527,  -35.70088587,  -46.43275634,    -27.06889175,    4.28074003,    8.53913383,   23.01610453,     -2.55924878,   35.21407525,  102.6382654 ,   24.2550535 ,    -22.8516761 ], [  -51.14919519,   18.86628696,    8.09993571,   -3.69419622,    -15.66462978,    7.97026136,   11.25333399,    8.55995024,      1.26833279,   -1.92072552,   24.2550535 ,   78.09922346,     19.38435533], [  -87.83575891,  -19.61327547,   63.58875868,   33.10564493,     19.84484202,    2.79392241,   11.55623993,   -9.90873115,     10.37603141,  -15.69482889,  -22.8516761 ,   19.38435533,     97.67389262]]
/root/sim/music/out/Elvis Presley/Elvis Best Hit In Japan/24-I Really Don't Want To Know.mp3; [-603.3924   , 151.58719  ,   4.9984846,  15.7084055,   2.766049 ,   -6.0933127, -13.185411 ,  -4.818709 ,  -9.6310625,  -5.361223 ,   -5.679036 ,  -4.051238 ,  -6.2999897]; [[10255.33929622, -579.31713951,-1018.99617708, -685.27240902,     -1.20930161, -275.47794451, -232.00752624,  146.92012906,    -84.68617051,   -8.81898567,  139.22416304,   82.41134309,   -243.33083994], [ -579.31713951, 1388.08538391,  106.65313679,  104.01417534,     -4.45907022,   -5.98886205,  -12.37476611,  -16.42227656,      5.28070086,  -40.56470354,  -35.50099279,    1.56615145,     52.83995827], [-1018.99617708,  106.65313679,  820.03427793,  211.99491534,    -55.39701539,   61.13803728,   97.64600216,  -37.52828973,      0.35401513,  -19.3952093 ,  -60.57927306,  -26.9212368 ,     76.57403582], [ -685.27240902,  104.01417534,  211.99491534,  299.19050566,     37.36378852,   35.39580514,   31.50678137,  -38.61829682,     14.29550964,   -2.43951737,  -43.00948518,  -32.57680574,     35.1571478 ], [   -1.20930161,   -4.45907022,  -55.39701539,   37.36378852,    264.35380996,   56.83570272,  -51.45080981,  -53.58102224,     32.48690593,   25.98725349,   -2.22521663,    8.0287201 ,    -21.54199833], [ -275.47794451,   -5.98886205,   61.13803728,   35.39580514,     56.83570272,  131.20427874,   23.31547152,  -36.66979357,      7.84309764,   17.53063829,   -4.49554092,    0.21807677,      6.62443171], [ -232.00752624,  -12.37476611,   97.64600216,   31.50678137,    -51.45080981,   23.31547152,  150.85742039,   31.76468458,     -6.19324958,   -1.18594825,  -10.91803472,   -1.34463966,     20.81153242], [  146.92012906,  -16.42227656,  -37.52828973,  -38.61829682,    -53.58102224,  -36.66979357,   31.76468458,  146.42423698,      9.08076052,  -33.1300957 ,   15.36659184,   19.56757152,     -2.89602802], [  -84.68617051,    5.28070086,    0.35401513,   14.29550964,     32.48690593,    7.84309764,   -6.19324958,    9.08076052,     78.66478307,   22.16022714,   -5.52149488,   -2.22192117,     -2.06957033], [   -8.81898567,  -40.56470354,  -19.3952093 ,   -2.43951737,     25.98725349,   17.53063829,   -1.18594825,  -33.1300957 ,     22.16022714,   91.73367603,   24.41412312,   -5.94495848,    -10.85054925], [  139.22416304,  -35.50099279,  -60.57927306,  -43.00948518,     -2.22521663,   -4.49554092,  -10.91803472,   15.36659184,     -5.52149488,   24.41412312,   91.17242068,   28.45480071,    -14.11454913], [   82.41134309,    1.56615145,  -26.9212368 ,  -32.57680574,      8.0287201 ,    0.21807677,   -1.34463966,   19.56757152,     -2.22192117,   -5.94495848,   28.45480071,   90.09167476,     19.32806574], [ -243.33083994,   52.83995827,   76.57403582,   35.1571478 ,    -21.54199833,    6.62443171,   20.81153242,   -2.89602802,     -2.06957033,  -10.85054925,  -14.11454913,   19.32806574,     87.41376261]]
/root/sim/music/out/Elvis Presley/Elvis Best Hit In Japan/05-Love Me Tender.mp3; [-793.3859    , 175.37755   ,  58.0041    ,  20.628942  ,   7.1473866 ,    0.12829491, -17.508663  ,  17.852182  , -24.275537  , -13.934205  ,  -13.383527  ,  -1.6603729 , -15.946427  ]; [[12892.83452128,  -76.554724  ,-1607.39125806, -874.05272809,   -731.69431175,-1054.49537079, -899.21035182,  755.17548127,   -553.44944948, -319.60562092,  184.9439431 ,  196.09752534,   -608.1907404 ], [  -76.554724  , 1506.8214006 ,   63.89200223,  -92.28424763,   -175.36988217,   73.19564697,    7.2611348 ,   30.11765934,     24.04625993, -144.11668688,  -44.35989462,  -71.10643573,     -9.22496317], [-1607.39125806,   63.89200223,  896.33300901,  185.95212232,     71.55064609,  243.87291515,   53.36929613,  -31.24719213,     13.65116632,    4.86137541, -136.12677375,  -34.65904626,     81.15062689], [ -874.05272809,  -92.28424763,  185.95212232,  388.62756855,    204.42194389,   81.86485178,  -26.8302327 , -101.47000998,     49.65031402,    0.10090073,  -78.6904887 ,  -58.15911793,     50.47754549], [ -731.69431175, -175.36988217,   71.55064609,  204.42194389,    560.16938219,  140.01009842,  -27.63780843, -186.84184021,      9.61852129,   62.37714883,  -86.67237893,  -43.27397069,     49.30695672], [-1054.49537079,   73.19564697,  243.87291515,   81.86485178,    140.01009842,  345.67814737,   61.63757529, -105.72449374,     19.42708864,   33.1320059 ,  -54.26151395,  -34.33460799,     37.98758506], [ -899.21035182,    7.2611348 ,   53.36929613,  -26.8302327 ,    -27.63780843,   61.63757529,  335.71478865,   -4.12574509,     19.17562573,   63.70467372,   43.56469436,   24.42657482,     26.6072659 ], [  755.17548127,   30.11765934,  -31.24719213, -101.47000998,   -186.84184021, -105.72449374,   -4.12574509,  254.34352403,    -43.55044308,  -32.59294483,   41.02822814,   51.9656375 ,    -33.92772081], [ -553.44944948,   24.04625993,   13.65116632,   49.65031402,      9.61852129,   19.42708864,   19.17562573,  -43.55044308,    189.72326816,    4.00508748,  -29.86420564,  -36.36243274,     30.81233846], [ -319.60562092, -144.11668688,    4.86137541,    0.10090073,     62.37714883,   33.1320059 ,   63.70467372,  -32.59294483,      4.00508748,  172.29797868,   34.64313879,   16.3004311 ,      2.74444246], [  184.9439431 ,  -44.35989462, -136.12677375,  -78.6904887 ,    -86.67237893,  -54.26151395,   43.56469436,   41.02822814,    -29.86420564,   34.64313879,  198.2481113 ,   56.79450226,     -9.7552389 ], [  196.09752534,  -71.10643573,  -34.65904626,  -58.15911793,    -43.27397069,  -34.33460799,   24.42657482,   51.9656375 ,    -36.36243274,   16.3004311 ,   56.79450226,  138.9013933 ,     14.27356282], [ -608.1907404 ,   -9.22496317,   81.15062689,   50.47754549,     49.30695672,   37.98758506,   26.6072659 ,  -33.92772081,     30.81233846,    2.74444246,   -9.7552389 ,   14.27356282,    123.37362608]]
/root/sim/music/out/Elvis Presley/Elvis Best Hit In Japan/25-An American Trilogy.mp3; [-720.09595   , 151.30014   ,   1.8369268 ,  15.184173  ,   0.44260836,   -3.5098543 ,  -9.600143  ,  -1.5668089 ,  -3.33033   ,  -3.0046117 ,    0.3159031 ,  -1.167721  ,  -2.715572  ]; [[26293.24987953,-2088.50765035,-2616.93944809, -140.10578288,   -612.00444231,  272.69526834,  341.56588783,  637.9912116 ,   -143.48107594,   16.78607547,  155.98921471,  405.48938267,   -293.8733249 ], [-2088.50765035, 1426.05522748,  398.89420155,  101.37829157,    103.96435024, -117.28295424, -122.70415856,  -93.06698247,    -36.56660458,  -46.63266056,  -21.79778377,  -73.08925336,     -6.11570334], [-2616.93944809,  398.89420155, 1057.33706419,  244.41677609,     61.47753407,   -8.50609337,  -38.51385587, -113.38525772,    -26.77883589,  -33.31289306,  -33.86705256,  -59.69018312,     42.75467097], [ -140.10578288,  101.37829157,  244.41677609,  305.18468854,    112.59642248,   -6.23657075,  -52.62739243,  -52.48143732,    -23.628778  ,  -15.83963321,  -20.27181132,  -31.7094404 ,      2.13896412], [ -612.00444231,  103.96435024,   61.47753407,  112.59642248,    254.6589378 ,   54.69781401,  -58.60500172,  -75.23764122,     10.4511728 ,   31.29429945,    3.28747107,   -8.13383728,      9.66437634], [  272.69526834, -117.28295424,   -8.50609337,   -6.23657075,     54.69781401,  161.09368325,   63.8044143 ,  -12.51140772,      3.01484747,   24.00169773,   20.92235307,   26.89634761,     19.90629749], [  341.56588783, -122.70415856,  -38.51385587,  -52.62739243,    -58.60500172,   63.8044143 ,  228.78940133,  104.53506087,     30.91682706,   42.67199412,    4.70702475,   42.08579653,     34.90108646], [  637.9912116 ,  -93.06698247, -113.38525772,  -52.48143732,    -75.23764122,  -12.51140772,  104.53506087,  171.60299883,     56.24741389,    5.17822282,   -2.83637637,   21.3815372 ,      1.5995698 ], [ -143.48107594,  -36.56660458,  -26.77883589,  -23.628778  ,     10.4511728 ,    3.01484747,   30.91682706,   56.24741389,    112.37282927,   56.63394532,   -0.70944728,  -16.34206257,     -0.35693742], [   16.78607547,  -46.63266056,  -33.31289306,  -15.83963321,     31.29429945,   24.00169773,   42.67199412,    5.17822282,     56.63394532,  131.39261006,   44.74357833,   -0.00125459,     -5.81900726], [  155.98921471,  -21.79778377,  -33.86705256,  -20.27181132,      3.28747107,   20.92235307,    4.70702475,   -2.83637637,     -0.70944728,   44.74357833,  101.94791773,   45.7263546 ,     -9.99642867], [  405.48938267,  -73.08925336,  -59.69018312,  -31.7094404 ,     -8.13383728,   26.89634761,   42.08579653,   21.3815372 ,    -16.34206257,   -0.00125459,   45.7263546 ,  108.47064169,     33.50925163], [ -293.8733249 ,   -6.11570334,   42.75467097,    2.13896412,      9.66437634,   19.90629749,   34.90108646,    1.5995698 ,     -0.35693742,   -5.81900726,   -9.99642867,   33.50925163,     96.69577499]]
/root/sim/music/out/Elvis Presley/Elvis Best Hit In Japan/22-Bridge Over Troubled Water.mp3; [-656.3226    , 194.61072   , -15.535219  ,   1.2420632 ,   7.1818557 ,   -9.552369  , -17.760767  ,   0.04076018,  -6.7671165 ,  -8.677982  ,   -1.9412432 ,  -3.1253715 ,  -4.446493  ]; [[16757.8366503 ,-3268.04275349, -960.04278729,  413.97490048,   -130.73681085,  290.13324963,  316.72059448,  510.59708606,   -175.16077012,  212.92093573,  552.63485146,  299.33314359,   -208.21856174], [-3268.04275349, 1921.7888088 ,  104.94173174,  -69.41693766,     77.55690993, -140.24719316, -155.44953157, -149.06692859,     27.53456041,  -96.04903017, -157.44962095,  -84.07394416,     70.35118045], [ -960.04278729,  104.94173174,  760.88765252,   97.65529284,    -11.21455606,   78.24299061,   33.73137224,   -6.71764009,     17.5152349 ,  -22.52861872,  -38.90941391,  -37.61267579,     56.82113941], [  413.97490048,  -69.41693766,   97.65529284,  358.03747333,     52.34129605,   48.40184239,   55.28040178,   -8.35885195,      3.97626979,   58.26315302,  -12.18136642,  -13.76043662,     24.47217692], [ -130.73681085,   77.55690993,  -11.21455606,   52.34129605,    243.03876697,   45.77713517,  -47.32725419,  -39.06782037,     18.64761225,   28.44900469,   -6.73646305,  -10.6646046 ,      6.458644  ], [  290.13324963, -140.24719316,   78.24299061,   48.40184239,     45.77713517,  164.94612878,   65.59277027,   22.2180373 ,     12.48470926,   30.0813625 ,   25.1417713 ,   10.94336332,     13.11694941], [  316.72059448, -155.44953157,   33.73137224,   55.28040178,    -47.32725419,   65.59277027,  239.45547794,   95.37543018,     10.68905947,   61.27685524,   24.8298273 ,   43.73407498,     17.32822858], [  510.59708606, -149.06692859,   -6.71764009,   -8.35885195,    -39.06782037,   22.2180373 ,   95.37543018,  167.31996867,     32.42022054,   13.31328818,   36.2467942 ,   42.13289763,     -3.9050968 ], [ -175.16077012,   27.53456041,   17.5152349 ,    3.97626979,     18.64761225,   12.48470926,   10.68905947,   32.42022054,     96.74516084,   33.89543978,    1.01789503,    4.30572918,      9.61468849], [  212.92093573,  -96.04903017,  -22.52861872,   58.26315302,     28.44900469,   30.0813625 ,   61.27685524,   13.31328818,     33.89543978,  122.33836017,   34.64253506,   16.05446236,      6.41754959], [  552.63485146, -157.44962095,  -38.90941391,  -12.18136642,     -6.73646305,   25.1417713 ,   24.8298273 ,   36.2467942 ,      1.01789503,   34.64253506,  112.28943083,   41.6526851 ,     -8.41468069], [  299.33314359,  -84.07394416,  -37.61267579,  -13.76043662,    -10.6646046 ,   10.94336332,   43.73407498,   42.13289763,      4.30572918,   16.05446236,   41.6526851 ,  100.91146097,     20.7418345 ], [ -208.21856174,   70.35118045,   56.82113941,   24.47217692,      6.458644  ,   13.11694941,   17.32822858,   -3.9050968 ,      9.61468849,    6.41754959,   -8.41468069,   20.7418345 ,     89.14953233]]
/root/sim/music/out/Elvis Presley/Elvis Best Hit In Japan/09-Are You Lonesome Tonight.mp3; [-715.5763   , 173.66873  ,  32.877895 ,  37.745678 ,  15.705813 ,    5.954504 ,  -6.063261 ,  -2.8902252, -11.979327 ,  -8.021218 ,   -2.4784153,  -3.449196 ,  -0.7715086]; [[10630.26577101, -780.0003199 ,-1790.8523425 ,   45.48375027,   -594.75433279, -659.73317481, -508.92142652,  132.48937577,    -88.67253333,  -26.6312607 ,  558.36175229,   49.70668702,   -306.71646819], [ -780.0003199 , 1528.27291521,  182.20962736, -219.0069948 ,    119.72696738,    8.67151753,   76.04431679,   71.27171915,     -5.79218313,  -10.20881197,  -49.09930351,   12.63787582,     86.82398656], [-1790.8523425 ,  182.20962736, 1004.64799406,  113.3433243 ,     57.89982557,  212.29640703,  119.08396226,  -44.96291809,     -6.11314567,  -73.46697754, -200.30543746,  -19.3961824 ,    102.6929214 ], [   45.48375027, -219.0069948 ,  113.3433243 ,  329.23105932,    103.10161177,   66.08294225,   23.88638229,  -20.72173728,     26.95320324,   16.96485007,  -32.42433995,   15.37935337,     28.67999682], [ -594.75433279,  119.72696738,   57.89982557,  103.10161177,    383.9819008 ,  121.73470762,   31.67039547,  -88.4056588 ,     33.56098072,   44.85466996,  -82.54830637,    2.95120664,     39.05575816], [ -659.73317481,    8.67151753,  212.29640703,   66.08294225,    121.73470762,  293.61951647,   76.21149551,  -31.76308401,     -4.25440952,    3.38401088,  -56.95469377,  -11.81186152,     19.94711377], [ -508.92142652,   76.04431679,  119.08396226,   23.88638229,     31.67039547,   76.21149551,  211.97376071,   51.35797916,     19.25509491,   37.90848482,  -25.68291176,   17.61914985,     29.49433675], [  132.48937577,   71.27171915,  -44.96291809,  -20.72173728,    -88.4056588 ,  -31.76308401,   51.35797916,  202.2715712 ,     32.88042166,   -1.22200658,   57.073616  ,   33.78580422,      7.95089535], [  -88.67253333,   -5.79218313,   -6.11314567,   26.95320324,     33.56098072,   -4.25440952,   19.25509491,   32.88042166,    128.84293434,   47.3520853 ,   10.32240772,   21.52561669,     10.72174652], [  -26.6312607 ,  -10.20881197,  -73.46697754,   16.96485007,     44.85466996,    3.38401088,   37.90848482,   -1.22200658,     47.3520853 ,  151.51658341,   53.97603424,    0.68398525,      2.37334627], [  558.36175229,  -49.09930351, -200.30543746,  -32.42433995,    -82.54830637,  -56.95469377,  -25.68291176,   57.073616  ,     10.32240772,   53.97603424,  207.52980814,   34.86892998,    -31.85093058], [   49.70668702,   12.63787582,  -19.3961824 ,   15.37935337,      2.95120664,  -11.81186152,   17.61914985,   33.78580422,     21.52561669,    0.68398525,   34.86892998,   96.41052686,     27.13163101], [ -306.71646819,   86.82398656,  102.6929214 ,   28.67999682,     39.05575816,   19.94711377,   29.49433675,    7.95089535,     10.72174652,    2.37334627,  -31.85093058,   27.13163101,     99.67514951]]
/root/sim/music/out/Elvis Presley/Elvis Best Hit In Japan/21-I've Lost You.mp3; [-590.96185   , 154.16913   , -18.665733  ,  11.21813   ,   5.307779  ,   -0.19997567,  -9.787481  ,   2.4705071 , -10.212791  ,  -6.7102156 ,    0.32724914,   2.1558478 ,  -5.127916  ]; [[8688.86313114,-581.28883486,-161.59449459,-324.94927772,  -9.41892271,    10.3400327 ,-165.24987615, 270.51960536,   3.80369768, -48.04175782,   151.29596619, 105.97166141, -46.94816726], [-581.28883486,1315.06198206,-300.05200382, 170.20700837, -21.25773924,   -53.01514732,  93.81684621, -64.60191531, -15.75978958,   5.42522957,    12.6049988 ,  26.35355189,  -6.16271298], [-161.59449459,-300.05200382, 596.20584959, -84.87720632,  -4.11485811,    71.05919919, -29.91231414,  27.10029705, -30.23871749,   6.86200405,   -31.19995135, -33.30684232,  62.18694974], [-324.94927772, 170.20700837, -84.87720632, 249.53412533,  25.06050646,     2.00412264,  44.52896777, -41.46354152,  28.59077108,  10.83385512,   -15.90026446,  -6.57680026,   1.34837359], [  -9.41892271, -21.25773924,  -4.11485811,  25.06050646, 209.65455152,    59.08630294, -34.8657236 , -20.70788278,  25.56429359,  27.46625203,   -15.23593383, -12.79147987,   0.12808859], [  10.3400327 , -53.01514732,  71.05919919,   2.00412264,  59.08630294,   142.24156004,   4.12690392,  -3.12474091,   5.92920075,  18.92210086,    -5.9919521 , -12.41766162,  11.43630641], [-165.24987615,  93.81684621, -29.91231414,  44.52896777, -34.8657236 ,     4.12690392, 168.71524728,  17.98671201,   1.18999747,  17.28002824,    16.93594022,  16.03989719,   2.59115493], [ 270.51960536, -64.60191531,  27.10029705, -41.46354152, -20.70788278,    -3.12474091,  17.98671201, 151.28464585,  20.28181497, -17.38870731,    24.44253622,  35.63201624,   6.43901651], [   3.80369768, -15.75978958, -30.23871749,  28.59077108,  25.56429359,     5.92920075,   1.18999747,  20.28181497, 118.48816126,  13.8751926 ,    -9.48819887,   4.53892887,   3.22533223], [ -48.04175782,   5.42522957,   6.86200405,  10.83385512,  27.46625203,    18.92210086,  17.28002824, -17.38870731,  13.8751926 , 113.81962702,    25.03899114,  -8.06159802,  -1.70112529], [ 151.29596619,  12.6049988 , -31.19995135, -15.90026446, -15.23593383,    -5.9919521 ,  16.93594022,  24.44253622,  -9.48819887,  25.03899114,   121.60695487,  35.63502556,  -3.09762757], [ 105.97166141,  26.35355189, -33.30684232,  -6.57680026, -12.79147987,   -12.41766162,  16.03989719,  35.63201624,   4.53892887,  -8.06159802,    35.63502556, 100.88735685,  23.36450869], [ -46.94816726,  -6.16271298,  62.18694974,   1.34837359,   0.12808859,    11.43630641,   2.59115493,   6.43901651,   3.22533223,  -1.70112529,    -3.09762757,  23.36450869,  87.4622524 ]]
/root/sim/music/out/Elvis Presley/Elvis Best Hit In Japan/04-Don't Be Cruel.mp3; [-625.84784  , 153.22893  ,   3.0720003,  13.972869 ,  -9.836258 ,   -2.861339 ,  -0.5629224,  10.635859 ,  -2.804117 ,   1.9433887,    1.473497 ,   3.742038 ,  -2.9032779]; [[12934.4067985 , -968.45011618,-1770.74276987, -203.23344584,   -989.17593077, -519.52716076, -328.48468842,  163.67850382,   -402.0037306 , -245.68136376, -156.46730067,  -23.65426889,   -191.67445345], [ -968.45011618, 2056.77314526,  207.65921992, -275.53846647,    120.48935727,   62.83718154,  154.0035222 ,   78.76850096,     -6.35136021,  -20.04009909,   46.49334487,  -36.15613039,     43.02011901], [-1770.74276987,  207.65921992,  893.92901041,  192.16289556,    176.60269961,  201.34383859,   69.94998589,  -75.82943504,     72.26930785,   48.25004003,  -60.81499773,   12.63596283,     70.46243255], [ -203.23344584, -275.53846647,  192.16289556,  437.72186801,    202.3836746 ,   39.81963388,  -59.74681901,  -49.95534298,     70.70397084,   28.39614952,  -36.62660234,   22.82740644,     28.54059718], [ -989.17593077,  120.48935727,  176.60269961,  202.3836746 ,    461.44384214,   90.70214125,  -91.5666183 ,  -59.5673642 ,     74.32214772,   37.54067314,    5.35874092,   20.96699559,     20.76425399], [ -519.52716076,   62.83718154,  201.34383859,   39.81963388,     90.70214125,  213.9509682 ,   40.84259351,  -49.85672815,     38.20661803,   35.26888053,    8.36895179,   16.77579208,     12.1196114 ], [ -328.48468842,  154.0035222 ,   69.94998589,  -59.74681901,    -91.5666183 ,   40.84259351,  223.61094808,   67.66324931,     16.52158849,   36.63439743,   35.36549251,   10.68311748,     14.2382219 ], [  163.67850382,   78.76850096,  -75.82943504,  -49.95534298,    -59.5673642 ,  -49.85672815,   67.66324931,  214.36151974,     28.57853049,  -11.37609964,   35.64350504,    4.06077419,     24.60530457], [ -402.0037306 ,   -6.35136021,   72.26930785,   70.70397084,     74.32214772,   38.20661803,   16.52158849,   28.57853049,    149.11316376,   55.84998731,   -1.19605772,    9.85265933,     21.82105132], [ -245.68136376,  -20.04009909,   48.25004003,   28.39614952,     37.54067314,   35.26888053,   36.63439743,  -11.37609964,     55.84998731,  132.77541564,   43.3589205 ,    6.5219411 ,      4.25385469], [ -156.46730067,   46.49334487,  -60.81499773,  -36.62660234,      5.35874092,    8.36895179,   35.36549251,   35.64350504,     -1.19605772,   43.3589205 ,  131.21240061,   24.97495564,    -10.87959421], [  -23.65426889,  -36.15613039,   12.63596283,   22.82740644,     20.96699559,   16.77579208,   10.68311748,    4.06077419,      9.85265933,    6.5219411 ,   24.97495564,   88.77853157,     15.9851017 ], [ -191.67445345,   43.02011901,   70.46243255,   28.54059718,     20.76425399,   12.1196114 ,   14.2382219 ,   24.60530457,     21.82105132,    4.25385469,  -10.87959421,   15.9851017 ,     78.83463096]]
/root/sim/music/out/Elvis Presley/Elvis Best Hit In Japan/10-G_I_ Blues.mp3; [-588.8404    , 141.2173    ,  -1.4887177 ,  27.745872  , -13.305912  ,   -0.39528903,  -6.434871  ,  -1.638257  ,  -9.717227  ,  -1.821095  ,   -3.6073668 ,   4.1057963 ,  -6.997776  ]; [[7617.22462441, 123.04393632,-816.39222702,-144.47558938,-378.38475526,  -149.43190235,-138.53610235,  65.40092045,-100.64415546,  -6.49678498,    87.81149607,  52.70135664, -88.70278826], [ 123.04393632, 970.32640558,  55.66556409, -80.25741093,  49.84698061,     1.6507802 ,  11.6255557 ,  46.58379825,  17.44594964, -28.86888035,    12.88828209,  23.57258706,  14.55032565], [-816.39222702,  55.66556409, 568.01861356, 146.55093446,  60.65184567,    68.68625962,  40.33545182, -28.65903002,  19.28845861,   2.68539972,   -67.81003524,  10.86188293,  36.90932661], [-144.47558938, -80.25741093, 146.55093446, 280.56628677, 116.88558316,     4.07376659, -56.75854085, -43.66190508,   7.95463507,   1.25508909,   -49.41463689, -16.46816159,  16.31897498], [-378.38475526,  49.84698061,  60.65184567, 116.88558316, 294.07538096,    37.32145955, -74.3574648 , -45.67151275,  35.89952473,  25.07254126,   -19.11896677, -11.55513788,  15.12241143], [-149.43190235,   1.6507802 ,  68.68625962,   4.07376659,  37.32145955,   121.02575352,  42.99506522, -17.37700131,   6.60971899,   5.08656997,    -3.58526896,   4.94399   ,   5.65400952], [-138.53610235,  11.6255557 ,  40.33545182, -56.75854085, -74.3574648 ,    42.99506522, 167.06663309,  75.09655655,  -5.54867816,   5.1127926 ,    31.82707583,  18.5587134 ,   6.79960145], [  65.40092045,  46.58379825, -28.65903002, -43.66190508, -45.67151275,   -17.37700131,  75.09655655, 142.69213455,  20.43263447,   3.16511458,    42.72874866,  22.21564321,   9.33768547], [-100.64415546,  17.44594964,  19.28845861,   7.95463507,  35.89952473,     6.60971899,  -5.54867816,  20.43263447,  96.88550879,  41.12075996,     1.43174384,  -3.89577824,  -2.65549459], [  -6.49678498, -28.86888035,   2.68539972,   1.25508909,  25.07254126,     5.08656997,   5.1127926 ,   3.16511458,  41.12075996,  91.50873054,    27.14688508,  -6.36561834,  -7.32182995], [  87.81149607,  12.88828209, -67.81003524, -49.41463689, -19.11896677,    -3.58526896,  31.82707583,  42.72874866,   1.43174384,  27.14688508,    97.48001353,  34.30224803,  -6.39551291], [  52.70135664,  23.57258706,  10.86188293, -16.46816159, -11.55513788,     4.94399   ,  18.5587134 ,  22.21564321,  -3.89577824,  -6.36561834,    34.30224803,  73.63993919,  22.932432  ], [ -88.70278826,  14.55032565,  36.90932661,  16.31897498,  15.12241143,     5.65400952,   6.79960145,   9.33768547,  -2.65549459,  -7.32182995,    -6.39551291,  22.932432  ,  74.01280391]]
/root/sim/music/out/Elvis Presley/Elvis Best Hit In Japan/08-It's Now Or Never.mp3; [-623.2652   , 158.43674  ,  13.168019 ,  25.410074 ,   3.7296908,    8.240117 ,  -4.7823744,   1.8102654,  -5.4642115,  -3.779807 ,   -1.5400741,  -0.8018438,  -3.0631278]; [[8498.58185352,-661.27542277,-672.88534153,  90.66765439,-133.82648968,  -223.84775244, -74.55079721, 203.50955049, 127.69029176, 159.47866339,   227.58650709, 132.58700237, -77.5505334 ], [-661.27542277,1263.57275139,  65.25843764,-124.05544888, -53.74141616,    49.45372708,  11.21467614,  47.71248275,  -0.33954308, -86.69388845,   -10.00061682,   0.56650042,  12.73773805], [-672.88534153,  65.25843764, 711.03359539, 129.05793263,  63.97398794,   146.13844731,  47.04154756, -33.10610087,  36.43242011, -28.74581057,  -100.55672285,   7.53843945,  77.66083448], [  90.66765439,-124.05544888, 129.05793263, 285.46532962, 144.41543054,    61.67827606, -14.01028977, -44.90019801,  56.51341419,  29.24437365,   -42.15532143,  -7.86881425,  44.86508832], [-133.82648968, -53.74141616,  63.97398794, 144.41543054, 301.16254162,   125.22092384, -25.98716254, -92.57422934,  46.71289076,  56.0199143 ,   -32.32031368, -14.6271702 ,  29.86464315], [-223.84775244,  49.45372708, 146.13844731,  61.67827606, 125.22092384,   219.34764967,  58.19989916, -36.6789765 ,  48.42227748,  50.8811651 ,    -8.63743819,   7.3172908 ,  25.89629163], [ -74.55079721,  11.21467614,  47.04154756, -14.01028977, -25.98716254,    58.19989916, 235.62343194, 105.7785584 ,  36.13785801,  51.58782527,    53.07903178,  40.94140994,  21.60027916], [ 203.50955049,  47.71248275, -33.10610087, -44.90019801, -92.57422934,   -36.6789765 , 105.7785584 , 214.854862  ,  40.58404081,  -7.69560215,    55.22348206,  49.51571134,   6.64309334], [ 127.69029176,  -0.33954308,  36.43242011,  56.51341419,  46.71289076,    48.42227748,  36.13785801,  40.58404081, 148.21074656,  65.32216605,    15.04817545,  18.73835022,  20.04629656], [ 159.47866339, -86.69388845, -28.74581057,  29.24437365,  56.0199143 ,    50.8811651 ,  51.58782527,  -7.69560215,  65.32216605, 154.77599707,    55.45276665,   3.56230224,  -3.92979683], [ 227.58650709, -10.00061682,-100.55672285, -42.15532143, -32.32031368,    -8.63743819,  53.07903178,  55.22348206,  15.04817545,  55.45276665,   148.56846894,  49.65579772, -30.90222886], [ 132.58700237,   0.56650042,   7.53843945,  -7.86881425, -14.6271702 ,     7.3172908 ,  40.94140994,  49.51571134,  18.73835022,   3.56230224,    49.65579772,  99.05472817,  24.15422785], [ -77.5505334 ,  12.73773805,  77.66083448,  44.86508832,  29.86464315,    25.89629163,  21.60027916,   6.64309334,  20.04629656,  -3.92979683,   -30.90222886,  24.15422785, 113.85107572]]
/root/sim/music/out/Elvis Presley/Elvis Best Hit In Japan/07-Wear My Ring Around Your Neck.mp3; [-576.9485    , 150.25366   ,  -0.95689785,   5.72145   ,  -7.778801  ,   -8.9753065 , -12.641579  ,  -0.710081  , -10.723125  ,  -5.4636474 ,   -3.619723  ,   6.460141  ,  -8.827877  ]; [[10401.25610693,  174.05221447, -721.76965787, -363.91316023,   -297.83015836, -344.2797839 , -304.5230411 ,  -16.10830516,   -134.60284979,  -15.24216642,   -0.98147305,   72.62576845,   -204.70162018], [  174.05221447,  798.46589838,  -31.74787849,   58.15689719,     64.39646387,   27.03035564,   16.08889367,   58.02672745,      4.7710864 ,   -8.98153905,   38.86034316,   46.66559335,     42.75278522], [ -721.76965787,  -31.74787849,  567.2941502 ,  108.49712947,    -10.49392397,  128.23694356,   98.90439518,  -51.29149088,     13.46676606,   -0.37581142,  -53.6906043 ,  -13.33679249,     41.78768293], [ -363.91316023,   58.15689719,  108.49712947,  228.73203458,     77.3265161 ,   21.74671502,    7.178786  ,   -7.31629375,     25.74958673,   21.45076631,   -6.35633274,  -23.5955486 ,     21.20082005], [ -297.83015836,   64.39646387,  -10.49392397,   77.3265161 ,    229.79216258,   13.24582953,  -21.66592849,   27.5270902 ,     25.91266218,   25.88291772,   12.03131767,   -6.25058133,     -0.13560693], [ -344.2797839 ,   27.03035564,  128.23694356,   21.74671502,     13.24582953,  150.37834435,   67.60053642,   -4.40959262,     31.27145092,    6.18042179,   -4.7066013 ,    5.64010035,     12.9028406 ], [ -304.5230411 ,   16.08889367,   98.90439518,    7.178786  ,    -21.66592849,   67.60053642,  148.84430186,   36.21489776,     17.4359793 ,   -4.45972077,   -2.45725392,    8.68996415,     11.40747893], [  -16.10830516,   58.02672745,  -51.29149088,   -7.31629375,     27.5270902 ,   -4.40959262,   36.21489776,  134.61710975,     13.00128217,   -2.972182  ,   41.11931497,   24.68369777,      1.40791119], [ -134.60284979,    4.7710864 ,   13.46676606,   25.74958673,     25.91266218,   31.27145092,   17.4359793 ,   13.00128217,     93.42628747,   28.89093683,   -3.15141255,   -6.82475322,      9.77076961], [  -15.24216642,   -8.98153905,   -0.37581142,   21.45076631,     25.88291772,    6.18042179,   -4.45972077,   -2.972182  ,     28.89093683,   86.73455775,   29.50929449,   -0.36172691,      8.41599078], [   -0.98147305,   38.86034316,  -53.6906043 ,   -6.35633274,     12.03131767,   -4.7066013 ,   -2.45725392,   41.11931497,     -3.15141255,   29.50929449,  113.58918904,   49.70038233,      1.10749179], [   72.62576845,   46.66559335,  -13.33679249,  -23.5955486 ,     -6.25058133,    5.64010035,    8.68996415,   24.68369777,     -6.82475322,   -0.36172691,   49.70038233,   87.1598887 ,     18.58559418], [ -204.70162018,   42.75278522,   41.78768293,   21.20082005,     -0.13560693,   12.9028406 ,   11.40747893,    1.40791119,      9.77076961,    8.41599078,    1.10749179,   18.58559418,     82.26146542]]
/root/sim/music/out/Elvis Presley/Elvis Best Hit In Japan/17-Return To Sender.mp3; [-634.6318    , 150.8761    ,  -1.725386  ,  12.803682  ,   2.565568  ,    0.5940591 ,  -0.04777556,  -2.7128477 ,  -3.6970966 ,   3.4116216 ,   -2.235826  ,   0.3854302 , -15.864819  ]; [[13980.66159156, -240.13596215, -524.94760081, -614.47658844,   -434.75858018, -153.03373219, -156.95785931,  -36.05114541,    -98.57019901,   43.11990679,   51.78620064,  -16.50782603,   -297.05801943], [ -240.13596215, 1585.2641892 , -365.04880043,   58.82291199,    120.89617946,  -45.729086  ,   95.31188169,  131.92727988,     -0.40716366,    3.17465046,   31.82368515,   -9.8943534 ,     14.96663881], [ -524.94760081, -365.04880043,  686.0415889 ,  214.71689001,     40.39353809,   92.58539338,   55.24693426,  -30.75052062,     38.50925128,    2.13314728,  -47.27597144,   55.90380151,     48.0326806 ], [ -614.47658844,   58.82291199,  214.71689001,  558.59298623,    255.18200617,   58.28073149,   55.92221662,  -25.21934622,     71.52337571,   -8.28605559,  -80.12460603,    6.70750402,     76.46285605], [ -434.75858018,  120.89617946,   40.39353809,  255.18200617,    312.20536146,   60.93025275,   34.77484931,  -25.47771261,     40.86868135,   51.32665604,  -22.86267667,  -15.92995303,     35.29293169], [ -153.03373219,  -45.729086  ,   92.58539338,   58.28073149,     60.93025275,  187.30828649,   48.29084354,  -47.70275763,     24.37396484,   28.92291398,   -5.73250869,   -0.47974045,     -7.84392607], [ -156.95785931,   95.31188169,   55.24693426,   55.92221662,     34.77484931,   48.29084354,  169.8856314 ,   65.30176769,     11.02297531,   18.96966687,    0.32343186,   13.86372515,     23.35964904], [  -36.05114541,  131.92727988,  -30.75052062,  -25.21934622,    -25.47771261,  -47.70275763,   65.30176769,  193.21280127,     21.15646826,  -18.55930386,   28.23845455,   22.65868302,     23.00694485], [  -98.57019901,   -0.40716366,   38.50925128,   71.52337571,     40.86868135,   24.37396484,   11.02297531,   21.15646826,    121.34767609,   32.79440392,    5.12000192,   -4.74950227,     -0.53495872], [   43.11990679,    3.17465046,    2.13314728,   -8.28605559,     51.32665604,   28.92291398,   18.96966687,  -18.55930386,     32.79440392,  130.28051572,   33.72430881,   -7.28124366,     -5.51558633], [   51.78620064,   31.82368515,  -47.27597144,  -80.12460603,    -22.86267667,   -5.73250869,    0.32343186,   28.23845455,      5.12000192,   33.72430881,  100.22761256,   29.4081959 ,    -15.70671432], [  -16.50782603,   -9.8943534 ,   55.90380151,    6.70750402,    -15.92995303,   -0.47974045,   13.86372515,   22.65868302,     -4.74950227,   -7.28124366,   29.4081959 ,   80.21223447,     28.88687695], [ -297.05801943,   14.96663881,   48.0326806 ,   76.46285605,     35.29293169,   -7.84392607,   23.35964904,   23.00694485,     -0.53495872,   -5.51558633,  -15.70671432,   28.88687695,    105.23485027]]
