/root/sim/music/out/Van Halen/The Best Of Both Worlds [Disc 1]/05 Ain't Talkin' 'Bout Love.mp3; [-535.04297  , 101.78418  ,  -2.0236807,  28.157028 ,   1.8047055,    6.4507923,   5.878962 ,   3.7169483,   3.170585 ,   1.9722162,   -2.157398 ,  -3.3206713,  -4.7682915]; [[11605.01117835, -395.13657231,  150.24585695, -197.84803531,    160.33826344,   67.37426254,   41.95661895,  -82.43866021,    -80.20120786,   40.31955036,    1.6170771 ,  -75.11324461,    -49.9867048 ], [ -395.13657231,  823.08592023, -123.035563  ,   97.16894063,    -99.28884618,   12.03939566,    0.96891344,   10.66598678,     36.76538715,  -21.46494523,  -24.81161854,   -3.61762215,    -26.64439182], [  150.24585695, -123.035563  ,  519.37842944,  -52.24184844,     53.44380761,  -10.06863206,  -16.60186228,   28.39019856,    -32.60795994,   13.58721386,   16.97144341,   12.49178056,     39.66238213], [ -197.84803531,   97.16894063,  -52.24184844,  255.98301094,     49.98412279,   -6.38521524,  -26.77502689,  -31.38597871,      7.95479778,  -24.26160016,  -15.39514278,   10.82386507,      4.87981314], [  160.33826344,  -99.28884618,   53.44380761,   49.98412279,    155.10038396,   22.25762553,   -4.9839402 ,  -25.79570014,    -10.7394495 ,   10.9451853 ,   10.58025363,   10.78051237,     14.81807935], [   67.37426254,   12.03939566,  -10.06863206,   -6.38521524,     22.25762553,   94.95482033,   34.25392161,   14.20182007,     -6.22538799,    6.07068487,    4.00531267,   -6.05413067,     -6.5155366 ], [   41.95661895,    0.96891344,  -16.60186228,  -26.77502689,     -4.9839402 ,   34.25392161,  116.65130249,   56.6696466 ,     11.19623173,    4.23426271,   15.26407923,    3.296976  ,     -9.70334589], [  -82.43866021,   10.66598678,   28.39019856,  -31.38597871,    -25.79570014,   14.20182007,   56.6696466 ,  104.33005394,     34.3781839 ,   11.13790197,    5.69150622,    1.56020907,     -2.13017117], [  -80.20120786,   36.76538715,  -32.60795994,    7.95479778,    -10.7394495 ,   -6.22538799,   11.19623173,   34.3781839 ,     87.58996857,   34.25561144,    4.84552906,    3.13234239,     -0.79056757], [   40.31955036,  -21.46494523,   13.58721386,  -24.26160016,     10.9451853 ,    6.07068487,    4.23426271,   11.13790197,     34.25561144,   83.7922554 ,   35.54898676,    3.80628811,      5.66192748], [    1.6170771 ,  -24.81161854,   16.97144341,  -15.39514278,     10.58025363,    4.00531267,   15.26407923,    5.69150622,      4.84552906,   35.54898676,   72.45799521,   28.26539544,      4.07685734], [  -75.11324461,   -3.61762215,   12.49178056,   10.82386507,     10.78051237,   -6.05413067,    3.296976  ,    1.56020907,      3.13234239,    3.80628811,   28.26539544,   63.78572843,     27.72137229], [  -49.9867048 ,  -26.64439182,   39.66238213,    4.87981314,     14.81807935,   -6.5155366 ,   -9.70334589,   -2.13017117,     -0.79056757,    5.66192748,    4.07685734,   27.72137229,     59.30620682]]
/root/sim/music/out/Van Halen/The Best Of Both Worlds [Disc 1]/18 Can't Stop Lovin' You.mp3; [-515.03796   ,  95.12154   ,   3.3583176 ,  15.604091  ,  -5.129845  ,    1.0962427 ,  -0.88167554,   5.6775427 ,  -0.5698305 ,   0.1324921 ,    0.00636551,  -0.4114895 ,   2.2941394 ]; [[13063.54384818,  157.01209155, -686.3868582 , -629.68951335,   -348.46501116, -110.61174551,  -55.10392043,  -19.86816638,   -193.13824772,  -64.78902069,  -52.4162657 ,  -34.09052555,     69.0246608 ], [  157.01209155,  731.91983284, -198.89259599,   36.74156459,    -54.8648192 ,  -35.67238025,   -1.52037493,  -13.06810123,     13.90878004,  -15.35748883,   23.16888116,   -5.9529537 ,     -1.64536883], [ -686.3868582 , -198.89259599,  641.13034079,  133.43537906,     66.78221086,   39.26701556,  -25.26640515,   23.9937726 ,     34.51597354,   25.59498069,   -3.91046547,   43.80961807,     12.89761236], [ -629.68951335,   36.74156459,  133.43537906,  320.93125996,     69.97540321,   39.31806413,  -24.13725339,    5.40648325,     49.74353601,   12.11797458,  -20.78960356,    3.53242069,     18.84767666], [ -348.46501116,  -54.8648192 ,   66.78221086,   69.97540321,    159.16991358,   50.16238149,   10.45917765,    2.01565371,     14.02615452,   21.55279896,   -1.93512637,   -2.1427094 ,     -1.20577992], [ -110.61174551,  -35.67238025,   39.26701556,   39.31806413,     50.16238149,  102.57969051,   36.03435462,    6.66713676,     -2.96269327,   10.87428478,    7.30200305,    7.55855322,      1.21917442], [  -55.10392043,   -1.52037493,  -25.26640515,  -24.13725339,     10.45917765,   36.03435462,  151.96378869,   62.27654392,    -16.66299145,   -7.82051367,   18.74935857,    1.98548875,    -12.50745387], [  -19.86816638,  -13.06810123,   23.9937726 ,    5.40648325,      2.01565371,    6.66713676,   62.27654392,  104.30671724,     33.8410012 ,   -7.69254651,   -0.4440606 ,   -5.92942131,     -9.91086726], [ -193.13824772,   13.90878004,   34.51597354,   49.74353601,     14.02615452,   -2.96269327,  -16.66299145,   33.8410012 ,    114.22985689,   37.30317854,   -6.90832522,  -10.14537374,     -0.54052635], [  -64.78902069,  -15.35748883,   25.59498069,   12.11797458,     21.55279896,   10.87428478,   -7.82051367,   -7.69254651,     37.30317854,   89.07348466,   27.44477527,   -1.48628171,     -2.40704681], [  -52.4162657 ,   23.16888116,   -3.91046547,  -20.78960356,     -1.93512637,    7.30200305,   18.74935857,   -0.4440606 ,     -6.90832522,   27.44477527,   77.31476654,   26.46075981,     -6.73746912], [  -34.09052555,   -5.9529537 ,   43.80961807,    3.53242069,     -2.1427094 ,    7.55855322,    1.98548875,   -5.92942131,    -10.14537374,   -1.48628171,   26.46075981,   69.73765757,     26.22643001], [   69.0246608 ,   -1.64536883,   12.89761236,   18.84767666,     -1.20577992,    1.21917442,  -12.50745387,   -9.91086726,     -0.54052635,   -2.40704681,   -6.73746912,   26.22643001,     68.82590755]]
/root/sim/music/out/Van Halen/The Best Of Both Worlds [Disc 1]/17 Be.autiful Girls.mp3; [-525.258     , 109.26273   ,  -8.813589  ,  22.670044  ,  -3.1336148 ,    9.328158  ,  -0.8095226 ,  -0.87102085,   0.19618154,   4.907327  ,   -4.430165  ,  -2.2587483 ,  -5.5031013 ]; [[12144.89152845,  116.58995772, -112.31828088, -261.22888395,   -119.56118993,   72.30779596,   94.79185237,   68.30532662,    -51.3237847 ,   41.28065253,   14.07249485, -178.87443697,    -98.18440651], [  116.58995772, 1091.56126259, -265.16631483,  167.36807974,   -103.18782373,   -0.17120916,  -55.26640329,  -52.63615868,     -3.20188104,  -10.3495383 ,  -43.36270042,   48.83418665,    -23.57560148], [ -112.31828088, -265.16631483,  503.74428787,  -12.20250873,    110.6024089 ,   -8.71687507,   -3.95739636,   15.46757513,      5.18276392,  -16.36173486,   35.84570781,   -4.7150796 ,     42.24413066], [ -261.22888395,  167.36807974,  -12.20250873,  368.6192603 ,     55.22254794,  -22.35016436, -110.30102779,  -58.58382879,     15.18822311,    3.9184964 ,  -55.24492682,   40.95652942,     14.78685452], [ -119.56118993, -103.18782373,  110.6024089 ,   55.22254794,    188.25228007,   30.16353222,  -15.93429629,  -18.45823071,     22.70463828,   16.96119928,   10.59890845,    2.60348937,     25.67296067], [   72.30779596,   -0.17120916,   -8.71687507,  -22.35016436,     30.16353222,  100.25459432,   48.21908749,   11.80274756,     -8.03839748,   -0.37776726,   11.62896184,   -0.16111739,     -9.47799034], [   94.79185237,  -55.26640329,   -3.95739636, -110.30102779,    -15.93429629,   48.21908749,  166.87388294,   74.33568467,     -8.85690495,   -0.32854277,   33.52333246,   -9.35191407,     -7.40407644], [   68.30532662,  -52.63615868,   15.46757513,  -58.58382879,    -18.45823071,   11.80274756,   74.33568467,  105.37789504,     22.99237699,    0.66281619,   13.70801174,   -1.91648642,     -5.65953667], [  -51.3237847 ,   -3.20188104,    5.18276392,   15.18822311,     22.70463828,   -8.03839748,   -8.85690495,   22.99237699,    111.1130901 ,   43.2611791 ,   -0.14931242,    2.48742811,     13.75038257], [   41.28065253,  -10.3495383 ,  -16.36173486,    3.9184964 ,     16.96119928,   -0.37776726,   -0.32854277,    0.66281619,     43.2611791 ,   94.24694015,   27.34473552,   -5.92926745,      2.16431473], [   14.07249485,  -43.36270042,   35.84570781,  -55.24492682,     10.59890845,   11.62896184,   33.52333246,   13.70801174,     -0.14931242,   27.34473552,   86.56840534,   20.22711243,     -3.52794989], [ -178.87443697,   48.83418665,   -4.7150796 ,   40.95652942,      2.60348937,   -0.16111739,   -9.35191407,   -1.91648642,      2.48742811,   -5.92926745,   20.22711243,   78.19609229,     23.5064649 ], [  -98.18440651,  -23.57560148,   42.24413066,   14.78685452,     25.67296067,   -9.47799034,   -7.40407644,   -5.65953667,     13.75038257,    2.16431473,   -3.52794989,   23.5064649 ,     76.23570459]]
/root/sim/music/out/Van Halen/The Best Of Both Worlds [Disc 1]/03 Up For Breakfast.mp3; [-554.5215    , 113.00025   ,   3.4025784 ,  28.723028  ,   6.704306  ,    1.79136   ,   8.994368  ,   9.617413  ,   2.8840444 ,   3.7474163 ,   -1.1223569 ,  -3.1772597 ,  -0.80950296]; [[22960.28711474,-2929.84579905,-2563.91560449, -802.41568069,   -782.43897884, -694.89851553, -296.31993857,  -62.67295687,   -198.83718567,  -71.63760304, -109.53564904, -134.02239817,    -63.84615933], [-2929.84579905, 2215.37756624,  327.05456556,  179.93700377,     33.91186914,   24.44394763,   52.81274845,  -11.80220169,     20.125095  ,   28.8293472 ,   -6.19449405,    0.83280199,     -2.26219194], [-2563.91560449,  327.05456556, 1005.20401693,  161.69948307,    125.54489369,  112.29020853,  -26.25805469,  -27.84446793,     14.00512131,  -18.02841219,   33.05840287,   29.0821718 ,     24.08314805], [ -802.41568069,  179.93700377,  161.69948307,  296.69925564,     51.48739417,   57.07268715,    4.69852373,   -6.95611955,     11.53935778,    4.57581396,  -20.53340004,    2.75858154,     18.07114487], [ -782.43897884,   33.91186914,  125.54489369,   51.48739417,    235.86472786,   69.48312079,   19.45777386,    0.5974171 ,      9.63646356,    5.96597798,   11.89777065,    9.35563614,      7.23769155], [ -694.89851553,   24.44394763,  112.29020853,   57.07268715,     69.48312079,  159.09025583,   56.00453617,   10.09617287,      4.45641331,    2.99173159,    9.10866736,    8.74853941,      6.43223918], [ -296.31993857,   52.81274845,  -26.25805469,    4.69852373,     19.45777386,   56.00453617,  146.6098789 ,   60.34298206,     -2.89714717,   -1.33505458,    2.82585763,   -4.1511677 ,     -8.98624083], [  -62.67295687,  -11.80220169,  -27.84446793,   -6.95611955,      0.5974171 ,   10.09617287,   60.34298206,  101.65300449,     32.73699521,   12.02502796,    1.17344343,   -2.70035667,    -13.40243053], [ -198.83718567,   20.125095  ,   14.00512131,   11.53935778,      9.63646356,    4.45641331,   -2.89714717,   32.73699521,     92.14588209,   43.32320277,    6.34781543,   -4.4649429 ,     -4.37132947], [  -71.63760304,   28.8293472 ,  -18.02841219,    4.57581396,      5.96597798,    2.99173159,   -1.33505458,   12.02502796,     43.32320277,   79.82206218,   26.33387829,    2.50754364,     -6.8731042 ], [ -109.53564904,   -6.19449405,   33.05840287,  -20.53340004,     11.89777065,    9.10866736,    2.82585763,    1.17344343,      6.34781543,   26.33387829,   75.73471331,   32.07561558,      5.09834376], [ -134.02239817,    0.83280199,   29.0821718 ,    2.75858154,      9.35563614,    8.74853941,   -4.1511677 ,   -2.70035667,     -4.4649429 ,    2.50754364,   32.07561558,   66.2708935 ,     28.50021685], [  -63.84615933,   -2.26219194,   24.08314805,   18.07114487,      7.23769155,    6.43223918,   -8.98624083,  -13.40243053,     -4.37132947,   -6.8731042 ,    5.09834376,   28.50021685,     67.01434648]]
/root/sim/music/out/Van Halen/The Best Of Both Worlds [Disc 1]/13 Jump.mp3; [-539.2022    ,  93.477455  ,  20.552044  ,  16.003633  ,   0.07037487,    1.9743048 ,  -2.1275113 ,  -0.8855859 ,   0.51542246,   0.4084732 ,   -1.6046767 ,   0.22040115,   1.3340169 ]; [[16968.26877497,  531.76740872, -114.7670615 , -116.06660928,   -128.48439069, -155.41007223, -191.17714523, -178.27255711,    -62.96900173,  -58.03432923,  -98.9947418 ,  -74.687105  ,    -17.85861337], [  531.76740872,  431.0170893 ,  -10.68983717,   -3.97546775,     -3.40228208,   17.76856427,   14.80076656,   15.86224614,      8.58314805,  -11.02359681,    3.18686864,   -1.51691454,    -15.69118645], [ -114.7670615 ,  -10.68983717,  338.12861486,   61.93427087,     60.27253275,   13.98751871,   33.32121318,   25.8045797 ,     -3.88212666,  -11.49249496,    5.63190043,   -8.24787259,     -7.35224946], [ -116.06660928,   -3.97546775,   61.93427087,  169.84075058,     68.15858215,   24.35730891,    4.2728137 ,   -4.95902174,      5.09310444,    8.90144791,   -6.07026012,   -0.58039436,     14.46144632], [ -128.48439069,   -3.40228208,   60.27253275,   68.15858215,    125.75153987,   52.41465371,   14.5980392 ,    2.86339196,      8.6321408 ,   -4.66746554,  -10.56315452,   -3.37838454,      0.0059027 ], [ -155.41007223,   17.76856427,   13.98751871,   24.35730891,     52.41465371,   84.87099473,   47.0926655 ,   14.49247338,      0.43016929,   -2.35882952,    2.83253112,    2.82819647,     -3.89731045], [ -191.17714523,   14.80076656,   33.32121318,    4.2728137 ,     14.5980392 ,   47.0926655 ,  107.69748945,   48.38959283,      5.14540245,   -2.79334778,    4.67775811,   -7.15375119,    -11.9445392 ], [ -178.27255711,   15.86224614,   25.8045797 ,   -4.95902174,      2.86339196,   14.49247338,   48.38959283,   79.37496241,     28.54825668,    3.5532807 ,    4.0935984 ,   -3.39067915,     -4.77375275], [  -62.96900173,    8.58314805,   -3.88212666,    5.09310444,      8.6321408 ,    0.43016929,    5.14540245,   28.54825668,     68.15300037,   31.15885347,    0.99579969,   -5.81260014,     -5.72507601], [  -58.03432923,  -11.02359681,  -11.49249496,    8.90144791,     -4.66746554,   -2.35882952,   -2.79334778,    3.5532807 ,     31.15885347,   66.21223159,   34.30965048,    6.04762209,      2.06016482], [  -98.9947418 ,    3.18686864,    5.63190043,   -6.07026012,    -10.56315452,    2.83253112,    4.67775811,    4.0935984 ,      0.99579969,   34.30965048,   69.0780035 ,   35.07923474,      7.24848458], [  -74.687105  ,   -1.51691454,   -8.24787259,   -0.58039436,     -3.37838454,    2.82819647,   -7.15375119,   -3.39067915,     -5.81260014,    6.04762209,   35.07923474,   71.81682048,     35.12206083], [  -17.85861337,  -15.69118645,   -7.35224946,   14.46144632,      0.0059027 ,   -3.89731045,  -11.9445392 ,   -4.77375275,     -5.72507601,    2.06016482,    7.24848458,   35.12206083,     66.50639045]]
/root/sim/music/out/Van Halen/The Best Of Both Worlds [Disc 1]/04 Learning To See.mp3; [-528.083    , 111.18452  ,  -2.3637052,  36.318665 ,   2.1779659,    4.008621 ,   7.1707826,  11.137554 ,  -0.4708061,  -0.1071652,   -3.9669185,  -4.84286  ,  -3.284289 ]; [[11946.24456397,-2361.2059039 ,  530.23161939,  201.71329767,    433.34359253,  550.26773824,  164.26878397,  429.155829  ,    487.35580119,  355.1008916 ,  400.89365587,  318.16768   ,     85.61498865], [-2361.2059039 , 1762.64587911, -246.08067101,  -12.34735176,    -96.2808552 , -244.41889432,  -79.04275865, -155.18534721,   -188.87305175, -144.1331731 , -121.6117888 , -113.5416982 ,    -41.47522466], [  530.23161939, -246.08067101,  829.46653795,   89.47246153,     89.08444927,   23.60042438,  -13.0553192 ,   64.6373813 ,     85.70853396,    3.56930281,   70.27468484,   30.59589804,     26.42047346], [  201.71329767,  -12.34735176,   89.47246153,  241.63235182,      8.99739775,   18.58943345,   15.15177896,   33.45845792,     37.30352958,   22.55524941,    0.64483547,   22.34687201,     14.57832299], [  433.34359253,  -96.2808552 ,   89.08444927,    8.99739775,    218.75145292,   96.9348808 ,    6.27448289,   -1.58857974,     35.0286449 ,   35.63657618,   38.61317449,   25.97772064,     -3.3561274 ], [  550.26773824, -244.41889432,   23.60042438,   18.58943345,     96.9348808 ,  206.87197994,   78.72726416,   23.46007874,     33.62733743,   46.90126427,   34.29052612,   30.96154832,      3.82006404], [  164.26878397,  -79.04275865,  -13.0553192 ,   15.15177896,      6.27448289,   78.72726416,  185.02804832,   77.23681517,      1.49411373,    0.39021566,   11.28098464,   25.54239385,     -8.43634333], [  429.155829  , -155.18534721,   64.6373813 ,   33.45845792,     -1.58857974,   23.46007874,   77.23681517,  160.68483005,     72.55223917,   10.02737296,   13.88822098,   13.05798686,     -1.20002756], [  487.35580119, -188.87305175,   85.70853396,   37.30352958,     35.0286449 ,   33.62733743,    1.49411373,   72.55223917,    159.3564693 ,   80.72456755,   23.85824914,    3.12702968,     -0.94491401], [  355.1008916 , -144.1331731 ,    3.56930281,   22.55524941,     35.63657618,   46.90126427,    0.39021566,   10.02737296,     80.72456755,  124.67719833,   52.51139496,   16.20738048,    -10.3339848 ], [  400.89365587, -121.6117888 ,   70.27468484,    0.64483547,     38.61317449,   34.29052612,   11.28098464,   13.88822098,     23.85824914,   52.51139496,  110.92819038,   51.4008809 ,      6.90291447], [  318.16768   , -113.5416982 ,   30.59589804,   22.34687201,     25.97772064,   30.96154832,   25.54239385,   13.05798686,      3.12702968,   16.20738048,   51.4008809 ,   99.95208533,     34.05135891], [   85.61498865,  -41.47522466,   26.42047346,   14.57832299,     -3.3561274 ,    3.82006404,   -8.43634333,   -1.20002756,     -0.94491401,  -10.3339848 ,    6.90291447,   34.05135891,     81.16501294]]
/root/sim/music/out/Van Halen/The Best Of Both Worlds [Disc 1]/19 Unchained.mp3; [-529.73236   ,  92.69791   ,  11.544072  ,  32.386093  ,   6.0079465 ,   10.692519  ,   1.8205527 ,   1.5608381 ,  -0.12585737,   0.5278436 ,   -6.7939596 ,  -6.5338874 ,  -4.961544  ]; [[14908.77667806, -965.58438277, -798.10534972, -471.07468942,   -372.23339171, -243.94727132, -267.98322032,  -27.82083839,    -67.75449448,   40.26312416,  149.89845719,  139.59953825,    116.29874304], [ -965.58438277,  897.41110702, -101.45992857,   28.02915876,    -12.3321732 ,  -11.09770857,   15.04452821,  -65.77345169,      1.52873222,  -14.28600369,  -47.36960737,   -4.26044882,    -36.29368543], [ -798.10534972, -101.45992857,  718.57148671,  131.14204454,    147.27813554,   84.60663321,   33.13036525,   71.09714859,     15.78282531,   22.03547788,   22.86145982,  -44.70719696,     12.19302779], [ -471.07468942,   28.02915876,  131.14204454,  296.21537517,    105.17456575,   25.15925216,  -16.63754621,   -1.52024205,      9.82019732,    3.54624935,  -35.28716413,  -22.91415912,      7.62584311], [ -372.23339171,  -12.3321732 ,  147.27813554,  105.17456575,    202.21051472,   74.06308689,   10.27124517,    5.69056894,     16.77200356,   19.92425481,    0.74153965,   -6.6049671 ,      6.25003187], [ -243.94727132,  -11.09770857,   84.60663321,   25.15925216,     74.06308689,  126.49967693,   54.00864805,   19.79167032,     -6.4527022 ,    5.07880678,   11.59026088,  -20.58311636,    -18.52024105], [ -267.98322032,   15.04452821,   33.13036525,  -16.63754621,     10.27124517,   54.00864805,  135.03554118,   71.37123229,      4.27144515,  -13.14792885,   10.21516675,    3.84293762,    -12.12779786], [  -27.82083839,  -65.77345169,   71.09714859,   -1.52024205,      5.69056894,   19.79167032,   71.37123229,  116.72239283,     44.7439661 ,   -1.43857013,    4.57792964,   -4.05574919,     -5.54413402], [  -67.75449448,    1.52873222,   15.78282531,    9.82019732,     16.77200356,   -6.4527022 ,    4.27144515,   44.7439661 ,    106.91330285,   47.26224458,   -1.52689289,   -7.93311025,     -1.85614162], [   40.26312416,  -14.28600369,   22.03547788,    3.54624935,     19.92425481,    5.07880678,  -13.14792885,   -1.43857013,     47.26224458,   89.05335312,   38.2307067 ,   -9.04405063,     -6.25602369], [  149.89845719,  -47.36960737,   22.86145982,  -35.28716413,      0.74153965,   11.59026088,   10.21516675,    4.57792964,     -1.52689289,   38.2307067 ,   90.57609287,   31.18679918,     -3.22941337], [  139.59953825,   -4.26044882,  -44.70719696,  -22.91415912,     -6.6049671 ,  -20.58311636,    3.84293762,   -4.05574919,     -7.93311025,   -9.04405063,   31.18679918,   86.56417742,     37.5735758 ], [  116.29874304,  -36.29368543,   12.19302779,    7.62584311,      6.25003187,  -18.52024105,  -12.12779786,   -5.54413402,     -1.85614162,   -6.25602369,   -3.22941337,   37.5735758 ,     76.29592766]]
/root/sim/music/out/Van Halen/The Best Of Both Worlds [Disc 1]/14 Top Of The World.mp3; [-523.71075  ,  91.12408  ,  -0.0888944,  31.94551  ,  -3.1958132,    1.587555 ,  -2.5572367,   3.9972477,   1.9476357,  -2.3995578,    1.0293802,  -0.7473776,  -1.575415 ]; [[17404.87953829,  103.13377477,  875.71054549, -233.18036577,     25.42377127,   55.61245229,  139.58921114,  232.48515347,    203.39370557,  121.77027862,   50.70861166,  -42.07924177,    178.48495907], [  103.13377477,  736.61998603, -404.14245614,  191.46107783,    -93.53564123,  -47.84331638,  -20.95049297,  -65.51806029,    -72.5131392 , -102.44087953,  -46.98608601,  -21.12730272,    -80.04743682], [  875.71054549, -404.14245614,  914.03145313, -192.80890461,    111.79374481,   42.53169581,   42.12129186,  108.07813263,    100.18639029,   89.03374809,   81.87996703,   36.65239623,     99.78077161], [ -233.18036577,  191.46107783, -192.80890461,  314.8079501 ,    -22.71415874,  -24.85053639, -104.44613651,  -57.26897685,    -33.90436005,  -58.51828744,  -47.75492763,   -0.96388906,    -46.36476735], [   25.42377127,  -93.53564123,  111.79374481,  -22.71415874,    137.39878304,   39.68607086,   15.89835742,   21.23266519,     41.91485645,   46.21858766,   18.00989862,    6.65992942,     31.640969  ], [   55.61245229,  -47.84331638,   42.53169581,  -24.85053639,     39.68607086,  109.23055497,   60.04594592,   29.08948764,      4.43104972,   25.59827595,   18.21902297,   10.61710255,     12.31389735], [  139.58921114,  -20.95049297,   42.12129186, -104.44613651,     15.89835742,   60.04594592,  163.51264945,   66.30595235,      0.78606734,   14.45947149,   32.40827786,   10.92484099,     16.52850417], [  232.48515347,  -65.51806029,  108.07813263,  -57.26897685,     21.23266519,   29.08948764,   66.30595235,  125.50364396,     60.740181  ,   35.72580351,   17.70259255,   11.79900244,     24.52305932], [  203.39370557,  -72.5131392 ,  100.18639029,  -33.90436005,     41.91485645,    4.43104972,    0.78606734,   60.740181  ,    119.30086588,   65.30037127,   12.76926715,    1.84060118,     25.40614294], [  121.77027862, -102.44087953,   89.03374809,  -58.51828744,     46.21858766,   25.59827595,   14.45947149,   35.72580351,     65.30037127,  121.27769517,   42.90834811,   -0.22511196,     25.71333971], [   50.70861166,  -46.98608601,   81.87996703,  -47.75492763,     18.00989862,   18.21902297,   32.40827786,   17.70259255,     12.76926715,   42.90834811,   85.69700233,   33.20146263,      7.66535354], [  -42.07924177,  -21.12730272,   36.65239623,   -0.96388906,      6.65992942,   10.61710255,   10.92484099,   11.79900244,      1.84060118,   -0.22511196,   33.20146263,   66.03145723,     19.67819748], [  178.48495907,  -80.04743682,   99.78077161,  -46.36476735,     31.640969  ,   12.31389735,   16.52850417,   24.52305932,     25.40614294,   25.71333971,    7.66535354,   19.67819748,     76.33648322]]
/root/sim/music/out/Van Halen/The Best Of Both Worlds [Disc 1]/11 And The Cradle Will Rock_.mp3; [-534.6741    , 107.11491   ,  -7.68718   ,  17.48511   ,  -5.135285  ,   -2.122526  ,   0.75253093,   0.939098  ,   0.3303337 ,  -2.1915598 ,   -4.369638  ,   0.32576454,  -1.176078  ]; [[17752.23424696,  828.55630908, -381.49768958, -177.62732775,   -109.39399338,  -45.47237495,  -21.29880532,  -86.72200045,    -37.38642166,   25.9218837 ,  -76.06855841,  -45.46678413,    -89.87670934], [  828.55630908,  679.44518244, -160.37122061,   -6.48085236,    -44.89577306,  -42.56494784,   50.13655038,    5.44919688,     20.40316615,   -5.77168664,   -4.63664207,   15.19004742,      3.92590063], [ -381.49768958, -160.37122061,  501.49916706,    1.9834503 ,     83.23223599,    3.98015885,  -19.42732194,   48.7312467 ,     19.34790939,   18.43462383,   -2.82491587,   -1.77747233,     -2.59125518], [ -177.62732775,   -6.48085236,    1.9834503 ,  180.80216309,     32.53423017,   -0.68957796,  -34.85182693,  -23.25705825,      1.76159334,   -8.9146715 ,  -18.2928071 ,    0.14920818,     26.04286964], [ -109.39399338,  -44.89577306,   83.23223599,   32.53423017,    138.06288534,   39.91409924,   -1.97492794,   -3.41789304,     14.24409022,   22.09717352,    4.2753361 ,   12.74174669,     -3.25274683], [  -45.47237495,  -42.56494784,    3.98015885,   -0.68957796,     39.91409924,  104.36682692,   37.39484601,    6.77245681,     -5.95635723,    9.0106819 ,   10.36101025,   -0.23770549,     -6.60071531], [  -21.29880532,   50.13655038,  -19.42732194,  -34.85182693,     -1.97492794,   37.39484601,  112.13766363,   52.74047615,      8.00411999,   -0.80511771,   11.12644036,    6.71291891,     -4.52982503], [  -86.72200045,    5.44919688,   48.7312467 ,  -23.25705825,     -3.41789304,    6.77245681,   52.74047615,  105.93461811,     41.98253768,    6.53184488,    7.11220975,    6.9217077 ,     -6.27059392], [  -37.38642166,   20.40316615,   19.34790939,    1.76159334,     14.24409022,   -5.95635723,    8.00411999,   41.98253768,     89.90667898,   44.44869129,   13.48098777,    8.50373377,      1.61954886], [   25.9218837 ,   -5.77168664,   18.43462383,   -8.9146715 ,     22.09717352,    9.0106819 ,   -0.80511771,    6.53184488,     44.44869129,   83.58302938,   38.35601311,    5.99087266,     -7.92004815], [  -76.06855841,   -4.63664207,   -2.82491587,  -18.2928071 ,      4.2753361 ,   10.36101025,   11.12644036,    7.11220975,     13.48098777,   38.35601311,   69.62356694,   23.27607965,     -6.92241552], [  -45.46678413,   15.19004742,   -1.77747233,    0.14920818,     12.74174669,   -0.23770549,    6.71291891,    6.9217077 ,      8.50373377,    5.99087266,   23.27607965,   58.02100771,     19.80815671], [  -89.87670934,    3.92590063,   -2.59125518,   26.04286964,     -3.25274683,   -6.60071531,   -4.52982503,   -6.27059392,      1.61954886,   -7.92004815,   -6.92241552,   19.80815671,     58.94332657]]
/root/sim/music/out/Van Halen/The Best Of Both Worlds [Disc 1]/16 Love Walks In.mp3; [-516.88214   ,  99.21352   ,   9.571446  ,  15.36338   ,   1.1597022 ,    4.6229706 ,  -1.8627455 ,   1.6957129 ,   0.30739555,   3.0525863 ,   -0.44218412,   1.5834008 ,   1.4344022 ]; [[7996.39891377, 411.91125607, -75.95728375,-162.4066024 , -62.11036285,   -10.70063129, -42.39068016,  -4.85807531,  31.07863002, -20.69603256,   -69.91347414,  -3.26399345, -15.00955682], [ 411.91125607, 489.90041376, -59.22939284,   1.33941339,  27.26607141,    14.4183409 ,  32.08063662,  16.1996118 ,  20.26042544,   0.22675274,    10.70520601,  -0.73840122, -19.22291329], [ -75.95728375, -59.22939284, 416.04212505,  65.94482219,  66.28616178,    56.28231559,   6.09102762,  10.92670998, -18.71017612,  19.88370702,    27.87302096,  -0.76971055,  -7.77424679], [-162.4066024 ,   1.33941339,  65.94482219, 219.50242153,  37.7913253 ,     2.61716008,  14.91463902,  19.52073799,  15.93029404,  16.08773296,    -6.13754455,   3.63702711,   8.91659206], [ -62.11036285,  27.26607141,  66.28616178,  37.7913253 , 133.33426612,    48.84625428,  -0.58154945,  -2.43516947,  12.34744992,   6.36965136,    -0.93875142,   2.18290831,   6.56772893], [ -10.70063129,  14.4183409 ,  56.28231559,   2.61716008,  48.84625428,   106.44447593,  38.74352596,   8.8155105 , -15.8991595 ,   6.0142474 ,    16.84926446,  11.19453581,   0.62639019], [ -42.39068016,  32.08063662,   6.09102762,  14.91463902,  -0.58154945,    38.74352596, 128.70123546,  40.41562304,  -4.06464605,  -8.43472258,    17.69684601,   1.19879337,  -1.20680744], [  -4.85807531,  16.1996118 ,  10.92670998,  19.52073799,  -2.43516947,     8.8155105 ,  40.41562304,  77.29379276,  36.72147868,   7.80557158,    -2.12843471,  -0.71928964,  -2.61192724], [  31.07863002,  20.26042544, -18.71017612,  15.93029404,  12.34744992,   -15.8991595 ,  -4.06464605,  36.72147868,  99.60229585,  33.00555258,    -7.18518914,  -9.95183735,  -8.23395464], [ -20.69603256,   0.22675274,  19.88370702,  16.08773296,   6.36965136,     6.0142474 ,  -8.43472258,   7.80557158,  33.00555258,  76.85425117,    31.18219417,  -1.56406386, -10.43657993], [ -69.91347414,  10.70520601,  27.87302096,  -6.13754455,  -0.93875142,    16.84926446,  17.69684601,  -2.12843471,  -7.18518914,  31.18219417,    77.62138734,  24.97459699,  -7.62577611], [  -3.26399345,  -0.73840122,  -0.76971055,   3.63702711,   2.18290831,    11.19453581,   1.19879337,  -0.71928964,  -9.95183735,  -1.56406386,    24.97459699,  70.50027842,  31.74841853], [ -15.00955682, -19.22291329,  -7.77424679,   8.91659206,   6.56772893,     0.62639019,  -1.20680744,  -2.61192724,  -8.23395464, -10.43657993,    -7.62577611,  31.74841853,  71.34874518]]
/root/sim/music/out/Van Halen/Van Halen/02 Eruption.mp3; [-589.19525   ,  80.86542   , -73.6039    ,  36.1602    , -27.720373  ,    2.517299  , -10.858407  , -11.109079  ,   0.10462909,  -3.8900836 ,   -4.314464  ,   0.24578813,  -5.2110763 ]; [[13911.73858069, -676.68774637,-1186.34071723, -458.36881628,   -519.81184301, -410.28017919, -640.7757867 , -292.5492214 ,   -197.38830758, -225.13675838, -263.6972195 , -172.2862472 ,    -90.01914396], [ -676.68774637, 2105.84773026,  986.25187296,  495.20938254,    -66.45770052,  -41.66354873,   18.28549229,   21.20168252,    -76.52981745, -147.68639774,  -83.71774155,  -17.8337249 ,    -59.97380504], [-1186.34071723,  986.25187296, 1501.49560122,  369.88394638,    366.31925462,   50.2939367 ,  192.32462505,  138.37637419,     45.88215178,    5.02475743,    8.0927007 ,  -42.41745882,    -34.30362455], [ -458.36881628,  495.20938254,  369.88394638,  406.29331058,    158.6797471 ,   53.33519396,    0.9634111 ,   18.15608707,      8.77778149,   -8.14223098,  -18.96903857,  -23.88342247,    -56.8200125 ], [ -519.81184301,  -66.45770052,  366.31925462,  158.6797471 ,    378.54918758,  157.69457322,  108.62877738,   50.34675563,     38.78003789,   71.10703136,   32.70233079,  -28.27385626,    -35.74686596], [ -410.28017919,  -41.66354873,   50.2939367 ,   53.33519396,    157.69457322,  196.33582649,  122.90569021,   41.7294159 ,     -0.39324522,   22.17714341,   10.3766567 ,  -16.25019927,    -30.41998592], [ -640.7757867 ,   18.28549229,  192.32462505,    0.9634111 ,    108.62877738,  122.90569021,  231.01572044,  127.94582071,     43.80874205,   42.25731205,   34.64385285,  -14.57852738,    -24.98896754], [ -292.5492214 ,   21.20168252,  138.37637419,   18.15608707,     50.34675563,   41.7294159 ,  127.94582071,  157.02574585,     76.62208404,   44.82906068,   18.77307068,  -12.66143326,    -21.62716821], [ -197.38830758,  -76.52981745,   45.88215178,    8.77778149,     38.78003789,   -0.39324522,   43.80874205,   76.62208404,    118.93021224,   78.65358487,   32.0646294 ,    1.87979933,     -5.13239726], [ -225.13675838, -147.68639774,    5.02475743,   -8.14223098,     71.10703136,   22.17714341,   42.25731205,   44.82906068,     78.65358487,  144.35668941,   80.63071591,   14.34045742,     -5.82373716], [ -263.6972195 ,  -83.71774155,    8.0927007 ,  -18.96903857,     32.70233079,   10.3766567 ,   34.64385285,   18.77307068,     32.0646294 ,   80.63071591,  112.88035703,   52.70394931,     14.17044276], [ -172.2862472 ,  -17.8337249 ,  -42.41745882,  -23.88342247,    -28.27385626,  -16.25019927,  -14.57852738,  -12.66143326,      1.87979933,   14.34045742,   52.70394931,  104.67464334,     66.06408141], [  -90.01914396,  -59.97380504,  -34.30362455,  -56.8200125 ,    -35.74686596,  -30.41998592,  -24.98896754,  -21.62716821,     -5.13239726,   -5.82373716,   14.17044276,   66.06408141,    117.39534259]]
/root/sim/music/out/Van Halen/Van Halen/06 Jamie's Cryin'.mp3; [-554.08813   ,  77.63487   ,  -7.1251473 ,  19.486244  ,  -6.0647864 ,    5.704927  ,   3.5465646 ,  -1.0364605 ,  -0.87385637,   3.9258742 ,   -2.3978753 ,  -1.7836847 ,  -2.3210967 ]; [[14019.16565374,  343.38894095, -117.91366392,  -24.88939405,   -102.50537835,   43.7295097 ,   10.72918628,   -4.19620514,   -127.47484311,   35.97405087,  -24.24369665, -142.96950807,   -101.28932235], [  343.38894095,  635.50240309,    7.35400557,   64.75206765,     -2.24149547,   40.13795839,   74.98772022,   29.25226296,     31.41373424,   11.87275225,   12.71595296,  -10.94254671,    -29.22734335], [ -117.91366392,    7.35400557,  461.64636316,   49.0983959 ,     85.69452739,   47.51353535,   -5.60195056,   69.81302982,     29.0774667 ,    8.36467062,   22.73768908,    6.65260983,     11.30492168], [  -24.88939405,   64.75206765,   49.0983959 ,  197.90167603,     70.1442823 ,    6.52832828,  -11.73586371,    3.21290663,     24.64720382,    6.43139775,  -11.15611518,   18.72997519,     15.58112345], [ -102.50537835,   -2.24149547,   85.69452739,   70.1442823 ,    143.69068857,   53.89577502,   -4.35392814,    6.68678547,     37.46286291,   20.42793434,    0.57207331,   12.07352036,      8.05838053], [   43.7295097 ,   40.13795839,   47.51353535,    6.52832828,     53.89577502,  114.48753953,   43.86882394,   18.75879592,     16.00572457,   10.59685678,   14.35622976,   -1.16703234,     -9.28937643], [   10.72918628,   74.98772022,   -5.60195056,  -11.73586371,     -4.35392814,   43.86882394,  131.66847421,   51.61746023,      0.45342401,   11.44653908,   28.54436337,    3.69099136,     -7.66604422], [   -4.19620514,   29.25226296,   69.81302982,    3.21290663,      6.68678547,   18.75879592,   51.61746023,   95.06052536,     50.84646974,   16.73649223,   11.55769319,    0.78879969,     -3.81669227], [ -127.47484311,   31.41373424,   29.0774667 ,   24.64720382,     37.46286291,   16.00572457,    0.45342401,   50.84646974,    125.25569206,   48.9317654 ,   -1.62480639,    7.07267437,     -3.48941686], [   35.97405087,   11.87275225,    8.36467062,    6.43139775,     20.42793434,   10.59685678,   11.44653908,   16.73649223,     48.9317654 ,   79.19790838,   32.78632087,    3.76663479,     -1.33884656], [  -24.24369665,   12.71595296,   22.73768908,  -11.15611518,      0.57207331,   14.35622976,   28.54436337,   11.55769319,     -1.62480639,   32.78632087,   71.47194801,   25.48917772,      2.74823592], [ -142.96950807,  -10.94254671,    6.65260983,   18.72997519,     12.07352036,   -1.16703234,    3.69099136,    0.78879969,      7.07267437,    3.76663479,   25.48917772,   64.41894407,     34.01704328], [ -101.28932235,  -29.22734335,   11.30492168,   15.58112345,      8.05838053,   -9.28937643,   -7.66604422,   -3.81669227,     -3.48941686,   -1.33884656,    2.74823592,   34.01704328,     62.6592964 ]]
/root/sim/music/out/Van Halen/Van Halen/11 On Fire.mp3; [-521.82043   ,  77.77303   ,   4.114986  ,  19.047468  ,  -2.0598881 ,    9.613901  ,   2.5499568 ,  -0.95392895,  -4.9907055 ,  -1.9755093 ,   -2.3935115 ,  -1.5367835 ,  -3.9951277 ]; [[17872.26673556,  618.0315401 ,  142.09240506,   80.3104662 ,     26.03592729,  212.43566954,   12.73173805,   15.89916931,    -35.80869778,   81.98733145,   55.95075347,  -66.69971039,    -62.60245939], [  618.0315401 ,  485.70105305,  -87.83104202,   52.75791755,     -0.90345571,   21.94504221,   29.38171847,   15.13069819,     17.28385355,   -9.38216699,   -1.92764023,   13.96548633,    -18.23634992], [  142.09240506,  -87.83104202,  455.8405555 ,  130.39009468,     88.67386843,  -18.50339827,  -32.17788993,   75.58739283,     54.36673171,   34.08205312,    4.35728369,  -20.96293784,     32.79864559], [   80.3104662 ,   52.75791755,  130.39009468,  231.03357929,     77.91730132,  -37.95647376,  -49.48769422,   31.89296381,     67.588789  ,   15.31918088,  -23.63458796,    0.91686421,     23.57490704], [   26.03592729,   -0.90345571,   88.67386843,   77.91730132,    154.13428283,   43.16331503,   -6.79886051,   21.8509508 ,     40.54139291,   24.40018766,    9.37626562,    3.2488339 ,     16.29113907], [  212.43566954,   21.94504221,  -18.50339827,  -37.95647376,     43.16331503,  115.5741645 ,   55.84812945,   -1.53153966,    -19.6631372 ,   14.00868265,   25.91689848,    8.1531275 ,      1.04280849], [   12.73173805,   29.38171847,  -32.17788993,  -49.48769422,     -6.79886051,   55.84812945,  111.43137233,   27.54014754,    -16.41297317,    0.54147533,   22.45840788,   18.73729977,      2.86241882], [   15.89916931,   15.13069819,   75.58739283,   31.89296381,     21.8509508 ,   -1.53153966,   27.54014754,  101.12916513,     60.11431766,    6.87661755,   -2.82347872,   -1.27026967,      6.92658954], [  -35.80869778,   17.28385355,   54.36673171,   67.588789  ,     40.54139291,  -19.6631372 ,  -16.41297317,   60.11431766,    113.59281807,   40.60681496,   -7.19957925,  -11.01850309,      3.18882315], [   81.98733145,   -9.38216699,   34.08205312,   15.31918088,     24.40018766,   14.00868265,    0.54147533,    6.87661755,     40.60681496,   81.73387807,   35.08873397,   -6.08474861,     -1.04860814], [   55.95075347,   -1.92764023,    4.35728369,  -23.63458796,      9.37626562,   25.91689848,   22.45840788,   -2.82347872,     -7.19957925,   35.08873397,   63.46669456,   21.7436695 ,      0.51835412], [  -66.69971039,   13.96548633,  -20.96293784,    0.91686421,      3.2488339 ,    8.1531275 ,   18.73729977,   -1.27026967,    -11.01850309,   -6.08474861,   21.7436695 ,   57.29660892,     24.68677776], [  -62.60245939,  -18.23634992,   32.79864559,   23.57490704,     16.29113907,    1.04280849,    2.86241882,    6.92658954,      3.18882315,   -1.04860814,    0.51835412,   24.68677776,     56.89352994]]
