/root/sim/music/out/Bob Dylan/The Very Best Of [Disc 2]/02 Rainy Day Women #12 & 35.mp3; [-581.82184   ,  98.44151   , -24.796368  ,   2.5887954 , -16.416992  ,    2.888273  ,  -6.463434  ,   5.7794676 ,   2.047447  ,   0.7275635 ,    1.3374442 ,  -4.285695  ,  -0.84415156]; [[14738.22686985,  195.39225276, -829.54968646,  -54.95427203,   -116.82398681,   66.98870804,  116.28340968,    6.25628105,     -3.11478706,  -29.70401948,   16.09073194,  -10.83127736,      8.51746162], [  195.39225276, 1199.09939895,   25.7839189 ,   52.93285287,    -28.34508112,   48.44926698,  -35.09526465,   88.28467478,     16.79063596,   36.25267019,   16.76406499,  -54.83650525,    -35.5410009 ], [ -829.54968646,   25.7839189 ,  855.04114549,  119.85400904,      5.26652816,  146.15999275,  -13.30719641,  106.19442664,     51.45339979,    6.4579986 ,   55.55742865,   -0.0963315 ,     12.83208034], [  -54.95427203,   52.93285287,  119.85400904,  345.75447455,    134.13905005,   50.19609211,  -23.30435616,   13.65561766,     53.39423259,   20.99586732,  -12.98244185,   19.80025444,     24.10452441], [ -116.82398681,  -28.34508112,    5.26652816,  134.13905005,    265.83911166,   18.80833789,   -8.99254009,   -5.76255169,     33.83207163,   32.38385626,   -4.03220775,   29.51790329,      9.76470024], [   66.98870804,   48.44926698,  146.15999275,   50.19609211,     18.80833789,  233.70098151,   71.88657848,   51.46179742,     32.12586736,   23.07994501,   53.69402315,    9.93642767,      6.19783049], [  116.28340968,  -35.09526465,  -13.30719641,  -23.30435616,     -8.99254009,   71.88657848,  203.19298681,   43.59342538,     -3.70293186,   16.55304272,   19.85445714,   22.31519628,     14.58307025], [    6.25628105,   88.28467478,  106.19442664,   13.65561766,     -5.76255169,   51.46179742,   43.59342538,  155.37479428,     59.29053472,   27.41377688,   15.31420936,  -12.21818834,     13.20126677], [   -3.11478706,   16.79063596,   51.45339979,   53.39423259,     33.83207163,   32.12586736,   -3.70293186,   59.29053472,    140.45546094,   54.40629055,    4.48102351,  -12.36243661,      3.47775066], [  -29.70401948,   36.25267019,    6.4579986 ,   20.99586732,     32.38385626,   23.07994501,   16.55304272,   27.41377688,     54.40629055,  121.67845507,   33.05427723,   -1.64396956,     -9.10938454], [   16.09073194,   16.76406499,   55.55742865,  -12.98244185,     -4.03220775,   53.69402315,   19.85445714,   15.31420936,      4.48102351,   33.05427723,  115.00222057,   33.73494876,      2.78662584], [  -10.83127736,  -54.83650525,   -0.0963315 ,   19.80025444,     29.51790329,    9.93642767,   22.31519628,  -12.21818834,    -12.36243661,   -1.64396956,   33.73494876,  100.41493656,     31.50857057], [    8.51746162,  -35.5410009 ,   12.83208034,   24.10452441,      9.76470024,    6.19783049,   14.58307025,   13.20126677,      3.47775066,   -9.10938454,    2.78662584,   31.50857057,     88.93592171]]
/root/sim/music/out/Bob Dylan/The Very Best Of [Disc 2]/16 Ring Them Bells.mp3; [-752.679     , 186.80527   ,  -2.913117  ,  16.330679  ,  -0.08738996,    0.40918535,  -0.6412505 ,  -2.532008  ,  -5.136569  ,   1.19765   ,   -5.2980733 ,  -5.4464564 ,  -3.7524235 ]; [[23023.57805531,-3536.57636057, -136.43410483, -645.50762125,   -814.63835891,  271.09186936,-1328.66423461,  193.65913647,   -147.81442347, -109.89991234,  405.77794273,  172.6941679 ,   -459.37561392], [-3536.57636057, 4498.2620425 ,-1004.09567969,  451.48833716,    278.29111557, -189.53329025,  581.28422867,  -89.52915178,     81.03433535,  125.95998838, -179.70228921, -120.2818824 ,    149.72207716], [ -136.43410483,-1004.09567969, 1312.53043581, -123.66839176,     56.52537159,  283.86248763,  -36.32203039,  133.67358935,     19.75410239,  -65.56020396,   77.62569277,   54.71386003,     11.1394168 ], [ -645.50762125,  451.48833716, -123.66839176,  431.28252227,     81.85367272,    0.7141894 ,  109.72676769,  -12.4927438 ,     65.92752713,   14.62917883,  -36.86048172,   19.74183205,     29.63097174], [ -814.63835891,  278.29111557,   56.52537159,   81.85367272,    245.17276716,   19.50350084,   49.60243262,   36.82537162,     33.84068257,   20.49153478,  -15.16726381,  -13.65120746,     39.1983032 ], [  271.09186936, -189.53329025,  283.86248763,    0.7141894 ,     19.50350084,  227.05393807,    8.16664087,   48.77498337,     49.12078754,   -9.43546888,   46.96738165,   38.88781077,    -31.12736909], [-1328.66423461,  581.28422867,  -36.32203039,  109.72676769,     49.60243262,    8.16664087,  268.79300739,    1.67605216,     17.68580491,   48.01425969,  -36.47918174,  -17.48104278,     35.20133876], [  193.65913647,  -89.52915178,  133.67358935,  -12.4927438 ,     36.82537162,   48.77498337,    1.67605216,  153.81021498,     23.8349282 ,   -6.68670198,   29.55300198,    1.58655154,      1.3133355 ], [ -147.81442347,   81.03433535,   19.75410239,   65.92752713,     33.84068257,   49.12078754,   17.68580491,   23.8349282 ,    156.57243979,   12.40235919,   -4.22173215,   29.14131146,    -21.89554685], [ -109.89991234,  125.95998838,  -65.56020396,   14.62917883,     20.49153478,   -9.43546888,   48.01425969,   -6.68670198,     12.40235919,  129.41945048,    4.26700398,  -25.38800656,     22.63158599], [  405.77794273, -179.70228921,   77.62569277,  -36.86048172,    -15.16726381,   46.96738165,  -36.47918174,   29.55300198,     -4.22173215,    4.26700398,  116.44933954,   29.64451824,    -23.18525863], [  172.6941679 , -120.2818824 ,   54.71386003,   19.74183205,    -13.65120746,   38.88781077,  -17.48104278,    1.58655154,     29.14131146,  -25.38800656,   29.64451824,  100.1005275 ,     -9.94686971], [ -459.37561392,  149.72207716,   11.1394168 ,   29.63097174,     39.1983032 ,  -31.12736909,   35.20133876,    1.3133355 ,    -21.89554685,   22.63158599,  -23.18525863,   -9.94686971,    114.40020117]]
/root/sim/music/out/Bob Dylan/The Very Best Of [Disc 2]/12 Gotta Serve Somebody.mp3; [-683.7319   , 125.75955  ,  13.270831 ,  29.460688 ,  12.463522 ,    3.8302672,  -8.564306 ,  -3.868215 ,  -4.5714984,  -3.5031648,   -1.2695905,  -4.176895 ,  -5.5064406]; [[21856.41338778, -676.58388484,-1724.3753748 , -784.01266869,   -549.5682481 ,   24.5168442 , -104.32119156, -174.18704854,     17.33635272,  194.8861779 ,   25.87164178, -148.01279344,   -362.26761206], [ -676.58388484, 1985.09121177, -146.02003444,  -67.17992771,     68.93039888,  -47.91417188,   14.23776517,   23.11973323,    -69.20228847,  -29.6345679 ,  -10.73789753,  -12.40411998,     94.03638448], [-1724.3753748 , -146.02003444, 1243.38890308,  299.33156151,     78.65519129,   96.91384286,  -81.17761327,   -1.32445988,     59.13056544,  -93.17290211,   44.31597707,   67.80817462,     42.44971959], [ -784.01266869,  -67.17992771,  299.33156151,  588.42012289,    186.1370029 ,  -24.05956053,  -58.81579456,   15.65685087,     70.20759444,  -56.22580519,   -5.55767959,   36.94251048,     19.17677562], [ -549.5682481 ,   68.93039888,   78.65519129,  186.1370029 ,    292.77667208,   24.2055044 ,  -28.74936873,   32.56299624,     49.684299  ,  -12.66454417,  -12.87971497,   29.84095029,     32.92963003], [   24.5168442 ,  -47.91417188,   96.91384286,  -24.05956053,     24.2055044 ,  245.47729875,   96.77152469,   10.61619319,    -13.43300426,   26.29347096,   46.43110607,   -2.23339771,      2.31125964], [ -104.32119156,   14.23776517,  -81.17761327,  -58.81579456,    -28.74936873,   96.77152469,  218.92081393,   59.09204792,    -49.31262902,   57.72241015,   23.25700285,  -13.21565853,      9.911836  ], [ -174.18704854,   23.11973323,   -1.32445988,   15.65685087,     32.56299624,   10.61619319,   59.09204792,  141.95190621,      5.66833047,   11.38627665,  -14.06014877,   -5.04258567,     34.37031602], [   17.33635272,  -69.20228847,   59.13056544,   70.20759444,     49.684299  ,  -13.43300426,  -49.31262902,    5.66833047,    134.18059416,    7.45914865,    1.45909876,   17.85405194,     -9.44270208], [  194.8861779 ,  -29.6345679 ,  -93.17290211,  -56.22580519,    -12.66454417,   26.29347096,   57.72241015,   11.38627665,      7.45914865,  158.43768762,   31.44672614,  -22.43419091,    -16.24101467], [   25.87164178,  -10.73789753,   44.31597707,   -5.55767959,    -12.87971497,   46.43110607,   23.25700285,  -14.06014877,      1.45909876,   31.44672614,  104.63559781,   20.52176189,    -19.50907155], [ -148.01279344,  -12.40411998,   67.80817462,   36.94251048,     29.84095029,   -2.23339771,  -13.21565853,   -5.04258567,     17.85405194,  -22.43419091,   20.52176189,   84.51561546,     19.54986553], [ -362.26761206,   94.03638448,   42.44971959,   19.17677562,     32.92963003,    2.31125964,    9.911836  ,   34.37031602,     -9.44270208,  -16.24101467,  -19.50907155,   19.54986553,    105.92043977]]
/root/sim/music/out/Bob Dylan/The Very Best Of [Disc 2]/03 Girl From The North Country.mp3; [-736.3642   , 127.92425  ,  22.761644 ,  29.715422 ,   1.7046655,   -7.9425845,  -7.034922 ,  -0.9279754,  -9.658636 , -22.019941 ,  -18.325825 , -16.46264  , -12.00406  ]; [[16420.25594963,-2523.35363145, -507.91504884, -727.62441547,   -480.25769748, -531.99114682, -231.59375754, -233.15243117,   -528.34696332,  -15.83287125, -120.6941154 , -417.00162805,     52.4099937 ], [-2523.35363145, 3470.61520534,   85.93345822, -223.71110265,    105.85956781,  188.42132935, -183.55988215,   46.16718943,     93.26869986,  -48.69958104,  -83.33043026,  115.38484838,    -61.63003069], [ -507.91504884,   85.93345822,  579.89331137,  -20.39533796,    -14.78050245,   59.32162583,  -20.23786498,   66.7121135 ,    -11.81393332,  -10.90394745,  -31.91544008,   35.93901812,    -27.21973984], [ -727.62441547, -223.71110265,  -20.39533796,  995.69077991,    127.50926544, -171.8324039 ,   75.61784094,  -32.20007711,     97.56363271, -159.41322487,  -45.18881231,   19.22536749,    -35.73662101], [ -480.25769748,  105.85956781,  -14.78050245,  127.50926544,    288.86083797,  -17.20370177,  -19.05294863,  -28.48722186,     42.7718452 ,   33.91091763,  -17.19379603,   13.21293521,    -27.82179785], [ -531.99114682,  188.42132935,   59.32162583, -171.8324039 ,    -17.20370177,  316.9042438 ,    6.47292376,   37.98472854,     12.87479409,   15.40529107,   -4.01366684,  -16.11817821,    -26.76369543], [ -231.59375754, -183.55988215,  -20.23786498,   75.61784094,    -19.05294863,    6.47292376,  211.87719575,   20.37247042,     -8.6872374 ,  -28.87064695,    4.61164487,  -18.70172631,     -7.53021729], [ -233.15243117,   46.16718943,   66.7121135 ,  -32.20007711,    -28.48722186,   37.98472854,   20.37247042,  175.95389392,     -4.28727062,  -67.88881279,  -29.40169221,  -11.51813335,    -10.5994097 ], [ -528.34696332,   93.26869986,  -11.81393332,   97.56363271,     42.7718452 ,   12.87479409,   -8.6872374 ,   -4.28727062,    160.14542756,   11.36735432,  -29.2940814 ,   -1.09669148,    -34.52261416], [  -15.83287125,  -48.69958104,  -10.90394745, -159.41322487,     33.91091763,   15.40529107,  -28.87064695,  -67.88881279,     11.36735432,  199.30614422,   26.05082089,  -10.64607975,     -1.32719396], [ -120.6941154 ,  -83.33043026,  -31.91544008,  -45.18881231,    -17.19379603,   -4.01366684,    4.61164487,  -29.40169221,    -29.2940814 ,   26.05082089,  138.49672389,   14.09669904,      7.04104991], [ -417.00162805,  115.38484838,   35.93901812,   19.22536749,     13.21293521,  -16.11817821,  -18.70172631,  -11.51813335,     -1.09669148,  -10.64607975,   14.09669904,  141.03603392,     22.27477858], [   52.4099937 ,  -61.63003069,  -27.21973984,  -35.73662101,    -27.82179785,  -26.76369543,   -7.53021729,  -10.5994097 ,    -34.52261416,   -1.32719396,    7.04104991,   22.27477858,    134.45494976]]
/root/sim/music/out/Bob Dylan/The Very Best Of [Disc 2]/10 It's All Over Now Baby Blue.mp3; [-634.3781    , 100.21725   , -13.174923  ,  19.057774  ,  -1.4988129 ,   -9.971327  ,  -0.74728477,   3.9478247 , -13.030197  ,  -4.5916514 ,  -11.5568075 , -11.364201  ,  -9.615539  ]; [[14526.46484069,-1556.15029917,-1565.99292359, -122.46402915,   -251.02164247, -299.22447419,   52.96818849, -102.71891355,   -140.27921868,  301.90634192,  -20.42871409,  -84.23381022,   -254.03160124], [-1556.15029917, 2541.38439375,  159.51783845, -185.26751563,    -92.98127043,  -23.24541392, -185.82070004,   56.07262947,     -4.11191309,  -83.89253879,  -78.0572937 ,   14.4917722 ,     88.27458892], [-1565.99292359,  159.51783845,  836.27826479,   77.29353461,     47.96962292,   38.3828216 ,    0.45918225,   87.75550222,    -46.4572456 ,  -69.01092043,   -8.86631525,   14.11814152,     41.74413129], [ -122.46402915, -185.26751563,   77.29353461,  499.58772013,    149.20478947, -106.7131662 ,   46.91322521,   11.0736494 ,     15.5016347 ,  -49.71806341,  -47.26464364,    2.29638319,     22.21927311], [ -251.02164247,  -92.98127043,   47.96962292,  149.20478947,    282.60647097,   -2.15310943,  -44.46570372,  -12.3459525 ,     26.21488686,  -30.41974116,  -23.5906518 ,    7.40045917,     -8.61887842], [ -299.22447419,  -23.24541392,   38.3828216 , -106.7131662 ,     -2.15310943,  343.24060381,   96.88829128,   11.30138759,     22.75852918,   -3.15216424,   49.41425663,  -43.24453731,    -49.49762675], [   52.96818849, -185.82070004,    0.45918225,   46.91322521,    -44.46570372,   96.88829128,  269.76742904,   11.60212126,    -18.18660812,   20.38875463,   27.40485997,  -26.75229053,    -24.38119325], [ -102.71891355,   56.07262947,   87.75550222,   11.0736494 ,    -12.3459525 ,   11.30138759,   11.60212126,  127.28432833,      1.32491409,  -22.9084318 ,   -4.14814678,   -0.83669442,      7.81259204], [ -140.27921868,   -4.11191309,  -46.4572456 ,   15.5016347 ,     26.21488686,   22.75852918,  -18.18660812,    1.32491409,    154.67918327,    4.92364296,  -11.38852248,   -5.74811489,    -13.05139216], [  301.90634192,  -83.89253879,  -69.01092043,  -49.71806341,    -30.41974116,   -3.15216424,   20.38875463,  -22.9084318 ,      4.92364296,  150.12321585,   24.25411121,   -7.5891787 ,     -1.2766458 ], [  -20.42871409,  -78.0572937 ,   -8.86631525,  -47.26464364,    -23.5906518 ,   49.41425663,   27.40485997,   -4.14814678,    -11.38852248,   24.25411121,  111.38127504,    7.3196802 ,    -23.13587793], [  -84.23381022,   14.4917722 ,   14.11814152,    2.29638319,      7.40045917,  -43.24453731,  -26.75229053,   -0.83669442,     -5.74811489,   -7.5891787 ,    7.3196802 ,  108.60408307,     18.77250885], [ -254.03160124,   88.27458892,   41.74413129,   22.21927311,     -8.61887842,  -49.49762675,  -24.38119325,    7.81259204,    -13.05139216,   -1.2766458 ,  -23.13587793,   18.77250885,    111.51613318]]
/root/sim/music/out/Bob Dylan/The Very Best Of [Disc 2]/04 Positively 4th Street (Single Version).mp3; [-638.81647   , 154.12358   , -22.96438   ,  11.928826  ,   0.19812608,  -15.174202  ,  -8.32127   ,  -9.049118  ,  -5.014003  ,   0.05195648,   -4.146128  ,  -3.9447243 ,  -7.9563403 ]; [[9924.75383641, 654.54959602,-214.99050406,-135.97892226,  26.97517912,  -217.71310887,-160.11605097,-125.7030777 ,-126.70028105,  -7.47279819,   -22.59165402,  -5.69870808,-145.92319701], [ 654.54959602,1583.07265625,-520.07324744, 100.13684804,-101.33724541,    10.73800223,  22.84311841,  -5.86093403,  11.3230345 ,  52.32965031,     4.72150352,   3.74494987, -18.64791569], [-214.99050406,-520.07324744, 545.1286838 ,  -6.23974489,  55.93250339,    25.36315288, -15.31408768,  12.40854313,  -8.71008261, -25.15805107,    -4.11353788,   3.21948106,  42.59252404], [-135.97892226, 100.13684804,  -6.23974489, 388.54193472,  -3.667745  ,    18.58615795, -24.05978846, -18.71891012,  45.61158931, -33.97426534,   -35.99832535, -26.02063153,  19.46857387], [  26.97517912,-101.33724541,  55.93250339,  -3.667745  , 280.85407821,   -70.51950188, -42.44453097,  18.81691407,  24.73433614,  13.0583595 ,   -17.26243046,  18.22668674,   9.63778767], [-217.71310887,  10.73800223,  25.36315288,  18.58615795, -70.51950188,   212.3602608 ,  63.75094469,  12.86483409,  -4.48772263,  23.31728088,    24.2364399 , -13.20583852, -15.64617788], [-160.11605097,  22.84311841, -15.31408768, -24.05978846, -42.44453097,    63.75094469, 173.29058167,  21.95624697,  -9.92691742,  19.26687857,     4.57603578,  14.64478984, -16.69290652], [-125.7030777 ,  -5.86093403,  12.40854313, -18.71891012,  18.81691407,    12.86483409,  21.95624697, 149.28900642,  38.30787049, -11.34260131,   -16.34915558,  -6.30374586,   3.36804565], [-126.70028105,  11.3230345 ,  -8.71008261,  45.61158931,  24.73433614,    -4.48772263,  -9.92691742,  38.30787049, 119.25390576,  29.13695496,    -2.30625755, -13.85942645,  -2.32974334], [  -7.47279819,  52.32965031, -25.15805107, -33.97426534,  13.0583595 ,    23.31728088,  19.26687857, -11.34260131,  29.13695496, 112.53545257,    38.25359164,   9.87644942, -18.51208031], [ -22.59165402,   4.72150352,  -4.11353788, -35.99832535, -17.26243046,    24.2364399 ,   4.57603578, -16.34915558,  -2.30625755,  38.25359164,    98.40548029,  29.52726643,   3.82207034], [  -5.69870808,   3.74494987,   3.21948106, -26.02063153,  18.22668674,   -13.20583852,  14.64478984,  -6.30374586, -13.85942645,   9.87644942,    29.52726643,  89.79646747,  35.9250287 ], [-145.92319701, -18.64791569,  42.59252404,  19.46857387,   9.63778767,   -15.64617788, -16.69290652,   3.36804565,  -2.32974334, -18.51208031,     3.82207034,  35.9250287 ,  87.94226961]]
/root/sim/music/out/Bob Dylan/The Very Best Of [Disc 2]/06 Shelter From The Storm.mp3; [-680.9027   , 137.16971  ,   2.2608006,  37.48316  ,   4.77801  ,   16.274252 ,  -3.6513267,   3.779526 ,  -5.6666145,  -8.738445 ,   -7.9039903,  -3.45132  ,  -7.665311 ]; [[12911.75298518,  323.53872642,-1158.99533711,  411.94201709,   -350.68608812,  102.25402912, -212.56247836, -175.6784412 ,   -107.40819399,   66.68751678, -158.72440841,  -95.59124617,   -256.8369973 ], [  323.53872642, 1388.51255451,  -30.43006949,  -40.88738629,    -18.31450076,  -10.81178252,  -47.73921344,   26.0463724 ,    -34.01485273,  -43.65443962,   68.33961442,   14.25757384,     21.21498503], [-1158.99533711,  -30.43006949,  567.78288312,   -2.94215431,     97.13759017,   53.56211798,   53.38058498,   54.94114416,     -6.40235427,  -65.1820049 ,   -4.79983514,   28.15056853,     50.56262227], [  411.94201709,  -40.88738629,   -2.94215431,  303.04172248,     64.97970584,    3.26420185,    1.97332205,   -4.62834686,      2.13061025,   -5.27029829,  -34.7214801 ,   -6.6729707 ,     12.63680361], [ -350.68608812,  -18.31450076,   97.13759017,   64.97970584,    243.49943703,   25.5404272 ,  -17.94592229,    6.57197769,     34.70251669,   -5.57417103,  -26.41407952,    9.02384309,     28.73207183], [  102.25402912,  -10.81178252,   53.56211798,    3.26420185,     25.5404272 ,  152.67537442,   52.82674046,   23.20969695,     18.85140413,    1.11213405,    1.76995794,    5.39716232,    -12.93070388], [ -212.56247836,  -47.73921344,   53.38058498,    1.97332205,    -17.94592229,   52.82674046,  187.53053259,   64.58383239,      4.40957744,   -9.02498706,    6.24705311,   12.82120802,     -0.16075498], [ -175.6784412 ,   26.0463724 ,   54.94114416,   -4.62834686,      6.57197769,   23.20969695,   64.58383239,  120.67120796,     22.61955619,  -12.11983324,   12.62811079,   10.00713879,     16.04075523], [ -107.40819399,  -34.01485273,   -6.40235427,    2.13061025,     34.70251669,   18.85140413,    4.40957744,   22.61955619,    111.60262743,   28.53231992,   -1.34037476,   17.45498388,      6.77528423], [   66.68751678,  -43.65443962,  -65.1820049 ,   -5.27029829,     -5.57417103,    1.11213405,   -9.02498706,  -12.11983324,     28.53231992,  118.37431178,   41.18699259,   -0.20634041,     -9.42757465], [ -158.72440841,   68.33961442,   -4.79983514,  -34.7214801 ,    -26.41407952,    1.76995794,    6.24705311,   12.62811079,     -1.34037476,   41.18699259,  105.85919576,   20.4586843 ,     -8.24531356], [  -95.59124617,   14.25757384,   28.15056853,   -6.6729707 ,      9.02384309,    5.39716232,   12.82120802,   10.00713879,     17.45498388,   -0.20634041,   20.4586843 ,   80.19330381,     20.61171593], [ -256.8369973 ,   21.21498503,   50.56262227,   12.63680361,     28.73207183,  -12.93070388,   -0.16075498,   16.04075523,      6.77528423,   -9.42757465,   -8.24531356,   20.61171593,     94.39208425]]
/root/sim/music/out/Bob Dylan/The Very Best Of [Disc 2]/08 (Quinn The Eskimo) The Mighty Quinn.mp3; [-629.7711   , 130.85579  , -24.737978 ,  38.312775 ,  -2.6953166,    7.1588745, -11.860326 ,   5.7713423,  -4.620685 ,   4.4598026,    1.4017686,  -3.0960348,  -4.632739 ]; [[14588.24965271, 1082.27491467, -832.50851379,  600.06545854,   -295.81752717,   97.14786268, -307.14622324,  201.79839781,    -74.20284133,   46.4489739 ,   71.78231313,  -38.47706694,   -156.56404872], [ 1082.27491467, 1196.86774846,  -61.66640152,   73.01999   ,     38.8851847 ,   38.05628996,   -8.10864396,   41.85228329,     -8.98189794,  -19.88005866,   45.59028594,    4.36794925,     14.28491647], [ -832.50851379,  -61.66640152,  632.24101985,    4.48542603,     63.27399506,   25.97809981,   95.35431701,   11.8133177 ,     28.44345188,   17.0402661 ,  -28.68069422,   44.71710076,     20.26942876], [  600.06545854,   73.01999   ,    4.48542603,  310.35510515,    103.44301799,    2.73556152,  -36.87708323,   25.32658667,     42.17929263,    1.41280827,  -27.97238134,    9.73194148,     17.19258288], [ -295.81752717,   38.8851847 ,   63.27399506,  103.44301799,    290.91401486,   46.19074287,  -36.15206913,  -22.59783861,     48.73235704,    1.93189254,  -27.06443486,   18.3893081 ,     13.83663437], [   97.14786268,   38.05628996,   25.97809981,    2.73556152,     46.19074287,  146.15600571,   63.70410936,    0.32024264,     15.43895522,   15.25611631,    5.48403241,    5.70315497,      3.85162194], [ -307.14622324,   -8.10864396,   95.35431701,  -36.87708323,    -36.15206913,   63.70410936,  240.04150569,   37.84391156,     -1.39553762,   38.83669167,   -6.1185504 ,    5.96743873,     12.87361838], [  201.79839781,   41.85228329,   11.8133177 ,   25.32658667,    -22.59783861,    0.32024264,   37.84391156,  125.76279696,     15.83619483,   -5.56071906,   29.58197106,   -1.95890279,     -6.49635835], [  -74.20284133,   -8.98189794,   28.44345188,   42.17929263,     48.73235704,   15.43895522,   -1.39553762,   15.83619483,    105.86316346,   28.83555073,  -24.87049109,    8.82419451,     15.18797025], [   46.4489739 ,  -19.88005866,   17.0402661 ,    1.41280827,      1.93189254,   15.25611631,   38.83669167,   -5.56071906,     28.83555073,  111.45983058,   17.23745745,  -10.57322154,      0.56487547], [   71.78231313,   45.59028594,  -28.68069422,  -27.97238134,    -27.06443486,    5.48403241,   -6.1185504 ,   29.58197106,    -24.87049109,   17.23745745,  107.47141714,   12.64104615,    -27.40524063], [  -38.47706694,    4.36794925,   44.71710076,    9.73194148,     18.3893081 ,    5.70315497,    5.96743873,   -1.95890279,      8.82419451,  -10.57322154,   12.64104615,   77.67387862,     21.62145696], [ -156.56404872,   14.28491647,   20.26942876,   17.19258288,     13.83663437,    3.85162194,   12.87361838,   -6.49635835,     15.18797025,    0.56487547,  -27.40524063,   21.62145696,     89.86193971]]
/root/sim/music/out/Bob Dylan/The Very Best Of [Disc 2]/07 Mississippi.mp3; [-606.27515   , 137.76126   ,  18.700304  ,  29.346033  ,  10.343126  ,    2.4173448 ,   0.16365454,   2.9120095 ,  -3.4431453 ,  -0.05877943,   -5.295059  ,  -2.377013  ,   0.49719444]; [[11181.46778199,  -48.19516412,  206.60408374,  -50.09266113,   -222.65747121,  111.99494882,   89.75982916,  163.24270418,     32.11343467,  101.3802701 ,  -29.74294968, -145.75318112,   -133.61218298], [  -48.19516412, 1574.88826719, -410.18143533,   44.22621343,     73.8309979 ,  -82.54135727,   51.89343687,   23.20090099,      6.50388791,  -27.81147277,  -20.90319646,    5.50145368,      7.45830557], [  206.60408374, -410.18143533,  510.01466681,   47.3524711 ,     20.21933699,   58.42234168,  -67.43988484,  -39.68874388,     -2.98613776,  -10.78004571,    2.9759821 ,   16.88993253,     19.15445351], [  -50.09266113,   44.22621343,   47.3524711 ,  241.84472626,    128.23561833,   -2.45625743,  -27.26286126,  -41.51076035,    -15.93066288,  -13.2009933 ,  -33.42147383,   16.89116503,     33.39981396], [ -222.65747121,   73.8309979 ,   20.21933699,  128.23561833,    260.08357169,   31.77409914,  -22.75140374,  -24.38476886,      9.59432684,  -51.13680147,  -32.88651113,   16.92608379,     38.2937652 ], [  111.99494882,  -82.54135727,   58.42234168,   -2.45625743,     31.77409914,  105.03651678,   34.60910648,   18.20573843,      4.78613086,   -9.23873319,   -1.2069445 ,   -2.65491179,     -3.00967788], [   89.75982916,   51.89343687,  -67.43988484,  -27.26286126,    -22.75140374,   34.60910648,  134.2058941 ,   57.69266778,      7.93770516,    6.05531877,    9.30341159,  -13.76969431,    -17.4342462 ], [  163.24270418,   23.20090099,  -39.68874388,  -41.51076035,    -24.38476886,   18.20573843,   57.69266778,  116.59723916,     41.03926677,    9.75695011,    6.31964545,  -12.80365086,     -9.43474861], [   32.11343467,    6.50388791,   -2.98613776,  -15.93066288,      9.59432684,    4.78613086,    7.93770516,   41.03926677,     90.68537158,   28.23291142,   12.24110957,   -2.49229997,      1.25332289], [  101.3802701 ,  -27.81147277,  -10.78004571,  -13.2009933 ,    -51.13680147,   -9.23873319,    6.05531877,    9.75695011,     28.23291142,  100.14747621,   40.02080522,   -2.6847552 ,    -10.87792134], [  -29.74294968,  -20.90319646,    2.9759821 ,  -33.42147383,    -32.88651113,   -1.2069445 ,    9.30341159,    6.31964545,     12.24110957,   40.02080522,   84.90843593,   19.6023483 ,     -7.51915727], [ -145.75318112,    5.50145368,   16.88993253,   16.89116503,     16.92608379,   -2.65491179,  -13.76969431,  -12.80365086,     -2.49229997,   -2.6847552 ,   19.6023483 ,   77.79439745,     37.31701503], [ -133.61218298,    7.45830557,   19.15445351,   33.39981396,     38.2937652 ,   -3.00967788,  -17.4342462 ,   -9.43474861,      1.25332289,  -10.87792134,   -7.51915727,   37.31701503,     74.58008727]]
/root/sim/music/out/Bob Dylan/The Very Best Of [Disc 2]/14 Jokerman.mp3; [-651.36993   , 159.03787   ,   0.2558297 ,  26.162285  ,   6.3565063 ,    8.484882  ,  -4.1382875 ,  -0.4452757 ,  -0.32010344,  -0.96490884,    2.4185781 ,  -4.0438237 ,  -4.8440504 ]; [[10226.88087326,  -91.78859273, -406.69433914,  272.2601778 ,    114.47780179,   67.60352975,  -68.81314708,   10.87496242,    141.6415078 ,  139.14133406,  200.10193719, -115.45006479,   -270.73968231], [  -91.78859273, 1536.40511424, -323.37664705,   61.47262366,     15.1608219 ,   -7.87674188,   41.04862741,    6.55317505,    -42.40251361,   17.03561223,  -57.48439786,   22.07992106,    114.37221549], [ -406.69433914, -323.37664705, 1121.6401594 ,   -3.90576306,     27.51165647,  112.08639779,   54.60393929,   48.68489973,     20.33375995,  -64.06642441,   66.06167788,   25.65681741,      5.89020171], [  272.2601778 ,   61.47262366,   -3.90576306,  294.57079904,     57.75802253,  -15.92430573,   28.07995798,   26.85322751,     26.1423365 ,    8.0862433 ,   -0.58104708,   18.99812743,     17.71342526], [  114.47780179,   15.1608219 ,   27.51165647,   57.75802253,    250.7847426 ,   11.10507986,    9.77293211,   66.69208405,     39.92065456,   16.56437109,   -1.5613758 ,   11.1878419 ,     57.20967942], [   67.60352975,   -7.87674188,  112.08639779,  -15.92430573,     11.10507986,  152.1496086 ,   28.32919488,    7.6171734 ,     13.70692468,   11.58239236,   24.71943421,   -1.27581654,     -2.09167116], [  -68.81314708,   41.04862741,   54.60393929,   28.07995798,      9.77293211,   28.32919488,  155.50085617,   23.74592786,      0.59737543,   28.63673023,   20.34196191,    9.63692468,      5.08727462], [   10.87496242,    6.55317505,   48.68489973,   26.85322751,     66.69208405,    7.6171734 ,   23.74592786,  118.73909357,     27.31140121,    5.80882129,   -4.30182888,    8.05542175,     36.57611371], [  141.6415078 ,  -42.40251361,   20.33375995,   26.1423365 ,     39.92065456,   13.70692468,    0.59737543,   27.31140121,    101.74157374,   26.78312732,    5.57261595,    2.87954189,      1.73654089], [  139.14133406,   17.03561223,  -64.06642441,    8.0862433 ,     16.56437109,   11.58239236,   28.63673023,    5.80882129,     26.78312732,  111.80078403,   34.33469842,   -8.77568205,    -17.54180711], [  200.10193719,  -57.48439786,   66.06167788,   -0.58104708,     -1.5613758 ,   24.71943421,   20.34196191,   -4.30182888,      5.57261595,   34.33469842,  117.09313463,    7.43186962,    -32.71900579], [ -115.45006479,   22.07992106,   25.65681741,   18.99812743,     11.1878419 ,   -1.27581654,    9.63692468,    8.05542175,      2.87954189,   -8.77568205,    7.43186962,   82.61662196,     39.25752881], [ -270.73968231,  114.37221549,    5.89020171,   17.71342526,     57.20967942,   -2.09167116,    5.08727462,   36.57611371,      1.73654089,  -17.54180711,  -32.71900579,   39.25752881,    132.96890776]]
/root/sim/music/out/Bob Dylan/The Very Best Of [Disc 2]/01 Maggie's Farm.mp3; [-541.592     ,  84.97486   , -12.918544  ,  14.791451  ,  -3.5147195 ,    4.4703913 ,   4.3074665 ,  -2.27119   ,  -6.698607  ,  -0.21709009,   -4.684279  ,  -2.2037637 ,  -4.1830435 ]; [[14858.91958477, 1059.05215974, -606.2984485 ,   97.17833238,   -206.51873086,   -3.53028919,  183.78953946,  -18.91851267,   -121.24979335,   13.40729166,  -64.92639354,  -22.98129661,    -81.1276579 ], [ 1059.05215974,  621.843852  ,  -57.16446492,  -24.87845784,    -49.5437106 ,   84.49010488,   79.73575284,   46.86131317,      4.74071671,   17.45903295,   18.71849347,    6.44500852,      5.235415  ], [ -606.2984485 ,  -57.16446492,  606.8451096 ,   16.80595262,     63.34003978,   54.86570063,  -22.58955824,   21.43248146,     23.8513791 ,  -11.35002285,    6.22844805,  -17.33251738,     44.65015828], [   97.17833238,  -24.87845784,   16.80595262,  403.27994725,    154.30578237,  -70.40379108, -104.4700108 ,   15.65051788,     89.4544959 ,   60.40856237,   -8.88806591,   48.6717924 ,     25.82501362], [ -206.51873086,  -49.5437106 ,   63.34003978,  154.30578237,    221.87821697,   32.1417218 ,  -75.54213716,  -22.03823512,     63.42159701,   38.38857328,    6.50830518,   16.19859908,     11.78273328], [   -3.53028919,   84.49010488,   54.86570063,  -70.40379108,     32.1417218 ,  208.94797926,   84.09065553,    0.82024894,    -21.52026222,    6.69749708,   32.45161571,   -3.52578911,    -21.27393705], [  183.78953946,   79.73575284,  -22.58955824, -104.4700108 ,    -75.54213716,   84.09065553,  187.17039285,   63.0552351 ,    -45.42722182,  -23.55897708,   27.14996865,    3.95188479,      4.43751829], [  -18.91851267,   46.86131317,   21.43248146,   15.65051788,    -22.03823512,    0.82024894,   63.0552351 ,  102.1791404 ,     18.29820649,   -5.61509276,    2.62176333,   13.19441051,     18.57726369], [ -121.24979335,    4.74071671,   23.8513791 ,   89.4544959 ,     63.42159701,  -21.52026222,  -45.42722182,   18.29820649,    104.26136824,   49.6233154 ,   -4.74645396,    5.57907075,     12.21850029], [   13.40729166,   17.45903295,  -11.35002285,   60.40856237,     38.38857328,    6.69749708,  -23.55897708,   -5.61509276,     49.6233154 ,  100.36729823,   25.6781485 ,    0.27384167,      2.49875929], [  -64.92639354,   18.71849347,    6.22844805,   -8.88806591,      6.50830518,   32.45161571,   27.14996865,    2.62176333,     -4.74645396,   25.6781485 ,   75.42959032,   27.32353874,     -8.07722753], [  -22.98129661,    6.44500852,  -17.33251738,   48.6717924 ,     16.19859908,   -3.52578911,    3.95188479,   13.19441051,      5.57907075,    0.27384167,   27.32353874,   81.16561974,     17.27959096], [  -81.1276579 ,    5.235415  ,   44.65015828,   25.82501362,     11.78273328,  -21.27393705,    4.43751829,   18.57726369,     12.21850029,    2.49875929,   -8.07722753,   17.27959096,     67.210724  ]]
/root/sim/music/out/Bob Dylan/The Very Best Of [Disc 2]/09 I Shall Be Released.mp3; [-768.9661    , 122.97652   ,  10.015739  ,  39.06991   ,  12.282129  ,   10.375856  ,  -3.2225454 ,  -4.9137325 ,  -7.19696   ,  -0.79488975,    0.07567912,  -2.9181633 ,  -1.746592  ]; [[17759.42350738,-1399.66696122,-2064.04210085,  103.32920378,   -654.43919635, -269.87634763, -198.71321479,  -79.48815739,   -182.51737167,  269.29234888,  101.74860093, -414.72009169,   -334.0142459 ], [-1399.66696122, 2752.01928467,  507.94764089,  -89.79090972,     27.16715466,  303.03588639,  -66.09853686,  -10.35373825,    -79.80735623,  -93.37580397,  -48.39492777,    7.95507358,     59.79207148], [-2064.04210085,  507.94764089,  928.87657748,  143.09996742,    168.5831047 ,  106.33515974,   46.13480814,   29.2562525 ,     12.25704459,  -81.02830716,  -36.11699327,   89.94109797,     55.74850993], [  103.32920378,  -89.79090972,  143.09996742,  529.13701734,    216.16454758,  -85.35642839,   15.94009512,    2.71308385,     47.0207587 ,  -44.6783195 ,  -26.33069174,   58.89025805,     59.17909238], [ -654.43919635,   27.16715466,  168.5831047 ,  216.16454758,    360.97346827,  -10.44935076,   27.1277674 ,    8.24679368,     56.27506685,  -17.8699801 ,  -10.07888272,   73.26155082,     53.46636465], [ -269.87634763,  303.03588639,  106.33515974,  -85.35642839,    -10.44935076,  248.54669231,   47.34742162,   11.51197684,    -11.15349211,   16.14109293,    7.15483142,   -5.68113119,     -4.41669734], [ -198.71321479,  -66.09853686,   46.13480814,   15.94009512,     27.1277674 ,   47.34742162,  274.33422601,   50.3247409 ,    -20.53818156,   -6.92327313,   24.29953544,   -8.79190786,     -9.63688336], [  -79.48815739,  -10.35373825,   29.2562525 ,    2.71308385,      8.24679368,   11.51197684,   50.3247409 ,  155.43065089,     43.71405659,  -19.35234243,  -15.76808177,   -7.97493702,     11.49435212], [ -182.51737167,  -79.80735623,   12.25704459,   47.0207587 ,     56.27506685,  -11.15349211,  -20.53818156,   43.71405659,    180.85653627,   47.09243237,  -21.21405736,   11.21198751,      7.45772478], [  269.29234888,  -93.37580397,  -81.02830716,  -44.6783195 ,    -17.8699801 ,   16.14109293,   -6.92327313,  -19.35234243,     47.09243237,  162.18511962,   50.70467431,  -17.78812169,    -15.5502394 ], [  101.74860093,  -48.39492777,  -36.11699327,  -26.33069174,    -10.07888272,    7.15483142,   24.29953544,  -15.76808177,    -21.21405736,   50.70467431,  134.55393985,   29.87489539,    -13.70962365], [ -414.72009169,    7.95507358,   89.94109797,   58.89025805,     73.26155082,   -5.68113119,   -8.79190786,   -7.97493702,     11.21198751,  -17.78812169,   29.87489539,  150.23352437,     59.89406374], [ -334.0142459 ,   59.79207148,   55.74850993,   59.17909238,     53.46636465,   -4.41669734,   -9.63688336,   11.49435212,      7.45772478,  -15.5502394 ,  -13.70962365,   59.89406374,    148.37251451]]
/root/sim/music/out/Bob Dylan/The Very Best Of [Disc 1]/06 I Want You.mp3; [-569.08307   , 104.85976   , -17.743052  ,  22.23783   ,   4.7852335 ,    8.6872225 ,  -0.6933755 ,   7.3054423 ,  -0.63888985,   0.78213316,    0.27262455,  -2.0990589 ,  -0.07831141]; [[15835.21476027, 1194.60032811, -304.13150035,  215.27111287,     35.67228522,   96.57478887,  -37.04901541,   57.28615909,    -19.0686003 ,    9.50131922,   35.05500306,  -96.49131395,      4.81614504], [ 1194.60032811, 1296.25310469, -372.02983144,   11.01451389,    -59.87871418,   65.4313695 ,  -87.93265232,   73.54091504,    -15.41161638,   15.72786527,   56.53632665,  -18.8225341 ,     42.26465601], [ -304.13150035, -372.02983144,  346.94725761,  -17.91983228,      1.7822385 ,  -11.45315265,   23.26163249,  -22.82577711,     15.82565276,    0.809411  ,   -6.46856848,   21.79492734,     -6.62884419], [  215.27111287,   11.01451389,  -17.91983228,  232.40618755,     48.49744873,   -7.95118413,   19.32277082,  -10.17240588,      6.26117311,  -36.99105907,  -33.40407385,   -1.5813503 ,     12.48678722], [   35.67228522,  -59.87871418,    1.7822385 ,   48.49744873,    159.22229404,  -19.93454933,   -9.6384554 ,   -9.52745688,     -0.85228336,  -14.5080535 ,  -19.5757266 ,   15.47568943,     -0.09080597], [   96.57478887,   65.4313695 ,  -11.45315265,   -7.95118413,    -19.93454933,  145.43288501,    4.12528273,    1.35912093,    -18.92114594,   -9.14504672,   -3.71111738,   -6.86766996,     11.03739698], [  -37.04901541,  -87.93265232,   23.26163249,   19.32277082,     -9.6384554 ,    4.12528273,  172.83470105,   -0.64852522,     -0.45127646,  -17.41034765,  -23.78202268,   12.06503712,     -2.25112478], [   57.28615909,   73.54091504,  -22.82577711,  -10.17240588,     -9.52745688,    1.35912093,   -0.64852522,  114.56974399,      7.25919308,   -7.03477686,   -6.78066263,  -12.50186563,      4.87208544], [  -19.0686003 ,  -15.41161638,   15.82565276,    6.26117311,     -0.85228336,  -18.92114594,   -0.45127646,    7.25919308,     93.87098107,   22.75740787,   -1.46381596,   -6.53839799,    -11.21725316], [    9.50131922,   15.72786527,    0.809411  ,  -36.99105907,    -14.5080535 ,   -9.14504672,  -17.41034765,   -7.03477686,     22.75740787,  107.29763283,   27.80521717,   -5.85572333,    -16.50596039], [   35.05500306,   56.53632665,   -6.46856848,  -33.40407385,    -19.5757266 ,   -3.71111738,  -23.78202268,   -6.78066263,     -1.46381596,   27.80521717,   91.9342818 ,    5.31844164,     -7.86763206], [  -96.49131395,  -18.8225341 ,   21.79492734,   -1.5813503 ,     15.47568943,   -6.86766996,   12.06503712,  -12.50186563,     -6.53839799,   -5.85572333,    5.31844164,   81.26745133,      7.02178398], [    4.81614504,   42.26465601,   -6.62884419,   12.48678722,     -0.09080597,   11.03739698,   -2.25112478,    4.87208544,    -11.21725316,  -16.50596039,   -7.86763206,    7.02178398,     81.32541695]]
