/root/sim/music/out/Blur/The Best Of/13 Country House.mp3; [-559.8906    , 104.667595  ,  -3.8533897 ,  18.114527  ,   3.8663595 ,    0.67617726,  -3.734094  ,   1.9515026 ,   0.04487976,   1.4179041 ,   -2.654487  ,  -3.5167139 ,  -1.2689018 ]; [[18856.78743393, -120.27938803,  401.94048045,   -7.64823084,   -175.67197538,  146.91836968, -101.87479409,  114.34292575,     27.98762419,  176.79023128,  180.2194399 ,  -17.61264824,    -10.63886935], [ -120.27938803, 1258.30848949, -296.97241702,   88.92400691,     40.00242538,  -78.68441764,   56.75007443,  -58.23501949,     10.44059041,  -44.05061018,  -19.58602804,   -1.86358976,      2.23481105], [  401.94048045, -296.97241702,  451.79250765,    9.15624742,     24.39328509,   40.96933163,   -8.57009936,   35.14131942,      5.0639706 ,   18.92811377,   24.33989728,   26.1895997 ,      4.86229764], [   -7.64823084,   88.92400691,    9.15624742,  279.09440372,    135.27141872,   16.85032242,  -22.30183909,    7.68796181,     37.66121827,   10.44268917,   -2.87431759,   25.36766298,     48.34853601], [ -175.67197538,   40.00242538,   24.39328509,  135.27141872,    223.48805752,   41.21441679,   -3.69092016,    7.58856408,     45.32658355,   23.77530788,   -4.87582247,   25.62067068,     38.70219992], [  146.91836968,  -78.68441764,   40.96933163,   16.85032242,     41.21441679,  131.80358108,   45.73519211,   34.96018978,     18.94180315,   27.16948989,   22.54602463,    2.62134154,     -0.3971969 ], [ -101.87479409,   56.75007443,   -8.57009936,  -22.30183909,     -3.69092016,   45.73519211,  139.34242565,   46.72147311,     13.83005277,    1.73421971,   15.61069242,    2.62777607,    -15.23957527], [  114.34292575,  -58.23501949,   35.14131942,    7.68796181,      7.58856408,   34.96018978,   46.72147311,   94.61034018,     34.06232335,   15.67178637,   13.40551417,    4.51945777,      0.02364351], [   27.98762419,   10.44059041,    5.0639706 ,   37.66121827,     45.32658355,   18.94180315,   13.83005277,   34.06232335,     85.3373325 ,   38.3356884 ,   15.76286047,    6.22515465,      6.19870811], [  176.79023128,  -44.05061018,   18.92811377,   10.44268917,     23.77530788,   27.16948989,    1.73421971,   15.67178637,     38.3356884 ,   96.15357495,   39.43695638,    2.08261196,      0.56760603], [  180.2194399 ,  -19.58602804,   24.33989728,   -2.87431759,     -4.87582247,   22.54602463,   15.61069242,   13.40551417,     15.76286047,   39.43695638,   86.49943941,   28.98943692,      5.10802259], [  -17.61264824,   -1.86358976,   26.1895997 ,   25.36766298,     25.62067068,    2.62134154,    2.62777607,    4.51945777,      6.22515465,    2.08261196,   28.98943692,   67.3527224 ,     28.33808449], [  -10.63886935,    2.23481105,    4.86229764,   48.34853601,     38.70219992,   -0.3971969 ,  -15.23957527,    0.02364351,      6.19870811,    0.56760603,    5.10802259,   28.33808449,     71.52534483]]
/root/sim/music/out/Blur/The Best Of/07 End Of A Century.mp3; [-587.59784   , 124.09703   ,  -6.90885   ,  20.247883  ,   4.313129  ,   -0.5774857 ,   2.058611  ,   3.157324  ,  -0.61776024,   3.6591146 ,    2.3150773 ,   2.88287   ,  -0.00977993]; [[22867.21066061,-1211.51135153, -280.33967393,   61.94349498,   -447.06456181, -200.49758254, -109.04585973,  237.79008823,    -60.35498248, -131.09743267, -193.02370396, -205.29412009,   -223.97363999], [-1211.51135153, 2118.90039809, -381.09526697,  133.27857191,     41.21945149,  -10.24881604,  137.68168284,  -14.65350222,     99.02887994,  107.91402128,  127.54413742,  166.06759312,    118.77036675], [ -280.33967393, -381.09526697,  571.46340432,  -46.2933291 ,     89.92593477,   22.7821729 ,  -62.34656271,    9.93319636,    -24.65848193,    2.49778649,   14.63752275,    9.18102744,     15.0809895 ], [   61.94349498,  133.27857191,  -46.2933291 ,  361.54848681,    136.48964271,   -9.52875342,  -59.37369127,  -33.6544711 ,     15.86144248,  -16.16977246,  -32.14791897,    2.56376094,     23.32043439], [ -447.06456181,   41.21945149,   89.92593477,  136.48964271,    236.46256885,   43.9461679 ,  -29.20370007,  -20.70299756,      3.44894749,    1.25527161,   -5.36964403,   25.86269532,     27.75146122], [ -200.49758254,  -10.24881604,   22.7821729 ,   -9.52875342,     43.9461679 ,  129.1022254 ,   68.56040667,   35.85623514,     -3.94418006,    1.68251109,   12.6379185 ,   10.18027682,      6.59558689], [ -109.04585973,  137.68168284,  -62.34656271,  -59.37369127,    -29.20370007,   68.56040667,  188.874329  ,   77.1151712 ,     21.29329958,    8.38979656,   25.12637935,   28.77144064,     15.62236915], [  237.79008823,  -14.65350222,    9.93319636,  -33.6544711 ,    -20.70299756,   35.85623514,   77.1151712 ,  120.64623443,     49.34331605,   20.24927527,   19.22854582,   21.97787268,     17.95828014], [  -60.35498248,   99.02887994,  -24.65848193,   15.86144248,      3.44894749,   -3.94418006,   21.29329958,   49.34331605,    113.96996179,   70.24663183,   37.67756617,   40.73419387,     30.12347808], [ -131.09743267,  107.91402128,    2.49778649,  -16.16977246,      1.25527161,    1.68251109,    8.38979656,   20.24927527,     70.24663183,  121.25376182,   63.91733666,   40.03590977,     21.3753931 ], [ -193.02370396,  127.54413742,   14.63752275,  -32.14791897,     -5.36964403,   12.6379185 ,   25.12637935,   19.22854582,     37.67756617,   63.91733666,  111.7328812 ,   64.73512004,     31.64327648], [ -205.29412009,  166.06759312,    9.18102744,    2.56376094,     25.86269532,   10.18027682,   28.77144064,   21.97787268,     40.73419387,   40.03590977,   64.73512004,  125.24697943,     66.70679462], [ -223.97363999,  118.77036675,   15.0809895 ,   23.32043439,     27.75146122,    6.59558689,   15.62236915,   17.95828014,     30.12347808,   21.3753931 ,   31.64327648,   66.70679462,    100.17886717]]
/root/sim/music/out/Blur/The Best Of/05 Coffee And TV.mp3; [-593.8742    , 119.60597   ,  21.434166  ,  47.00209   ,  10.575988  ,    6.039934  ,   0.01460755,   1.206918  ,   1.1482828 ,  -2.5551014 ,   -2.810558  ,  -0.41162702,   2.545237  ]; [[17213.2935182 ,-1335.88740214,  186.03872375,  594.56943641,    -32.96205573,  182.31231921,  171.64715424,  113.58996255,    103.90721453,   64.58872593,   75.31826452,  148.51500831,    292.59593934], [-1335.88740214, 1619.09293054, -268.92335884,  -48.96325754,    -24.77382838, -112.78078808,  -64.44436319,  -54.36568945,    -49.62324681,  -45.86819559,  -37.01060857,  -42.33054249,    -65.10349918], [  186.03872375, -268.92335884,  488.10885094,  -99.6772417 ,     42.60402299,   92.85532673,   -0.50641734,   34.77145547,    -16.47620274,   -6.87576531,   -0.90839695,  -18.65073331,     -5.57039491], [  594.56943641,  -48.96325754,  -99.6772417 ,  344.33508205,    121.16103554,   25.33288946,   17.8485888 ,  -24.24457705,      1.4490051 ,  -18.4329372 ,  -22.2886859 ,   26.2608582 ,     38.00206235], [  -32.96205573,  -24.77382838,   42.60402299,  121.16103554,    201.5677474 ,   76.083427  ,   33.56266061,    1.73775827,     -3.54999365,  -13.47417876,  -12.10741223,   11.02084191,     26.56993486], [  182.31231921, -112.78078808,   92.85532673,   25.33288946,     76.083427  ,  142.79174796,   72.29291558,   28.31946198,      9.93319136,    6.21119106,   -6.40642976,   -3.97564919,     -0.32588553], [  171.64715424,  -64.44436319,   -0.50641734,   17.8485888 ,     33.56266061,   72.29291558,  133.68315548,   55.57576678,     23.9818934 ,   11.92271951,    6.91027726,   -2.12650694,      1.90410598], [  113.58996255,  -54.36568945,   34.77145547,  -24.24457705,      1.73775827,   28.31946198,   55.57576678,  103.8271131 ,     38.79018968,   23.57063721,   14.5169983 ,    5.55196698,     -5.72225064], [  103.90721453,  -49.62324681,  -16.47620274,    1.4490051 ,     -3.54999365,    9.93319136,   23.9818934 ,   38.79018968,     93.84231252,   45.37609164,   21.74588185,    5.95478296,     13.95333542], [   64.58872593,  -45.86819559,   -6.87576531,  -18.4329372 ,    -13.47417876,    6.21119106,   11.92271951,   23.57063721,     45.37609164,   85.14893409,   38.26299706,   18.70976659,      0.14097794], [   75.31826452,  -37.01060857,   -0.90839695,  -22.2886859 ,    -12.10741223,   -6.40642976,    6.91027726,   14.5169983 ,     21.74588185,   38.26299706,   73.24808665,   28.16428027,     13.02228894], [  148.51500831,  -42.33054249,  -18.65073331,   26.2608582 ,     11.02084191,   -3.97564919,   -2.12650694,    5.55196698,      5.95478296,   18.70976659,   28.16428027,   74.67915696,     37.31833297], [  292.59593934,  -65.10349918,   -5.57039491,   38.00206235,     26.56993486,   -0.32588553,    1.90410598,   -5.72225064,     13.95333542,    0.14097794,   13.02228894,   37.31833297,     81.76691293]]
/root/sim/music/out/Blur/The Best Of/16 This Is A Low.mp3; [-592.97736  , 136.35378  ,   9.817326 ,  34.525326 ,   5.7391434,    3.8284714,   0.4655631,  -6.211611 ,  -5.097993 ,  -3.313335 ,   -3.1220722,  -4.0213284,  -8.333019 ]; [[15602.85805393,-1368.43838884, -882.16715605, -369.80669071,   -545.46813516, -193.36628008,   70.32483326,  106.09922039,    -39.21556121,   -6.19883215,   91.97061639,   28.96220388,    -22.16047901], [-1368.43838884, 1537.02532164,   23.62074008,  242.08777544,     73.86617945,   -9.61301488,   -1.28531662,  -62.50279431,    -19.50744049,  -38.73822805,  -40.2083227 ,  -71.86055196,    -70.8898324 ], [ -882.16715605,   23.62074008,  786.37657295,   13.83957305,    207.32801575,   51.46973801,  -67.64833895,   17.88561577,     41.45467697,   50.64521986,    3.63687387,   32.6956462 ,     53.59441807], [ -369.80669071,  242.08777544,   13.83957305,  417.30886081,     64.61108273,  -25.9752666 ,  -31.10130496,  -71.37931566,     11.2681884 ,    2.43531165,  -25.54481257,   20.20088885,     24.50570394], [ -545.46813516,   73.86617945,  207.32801575,   64.61108273,    242.37123341,   25.19249582,  -34.27247171,  -16.81428536,     27.59596509,   28.57091211,    6.2881687 ,   22.25528811,     40.6316067 ], [ -193.36628008,   -9.61301488,   51.46973801,  -25.9752666 ,     25.19249582,  113.33288212,   33.55475924,   14.33408666,      5.65956932,    7.5651507 ,    1.65828464,   -2.92802013,     -6.37818208], [   70.32483326,   -1.28531662,  -67.64833895,  -31.10130496,    -34.27247171,   33.55475924,  129.26541833,   42.70682153,     -6.07854957,    0.39554826,   11.66888069,   -9.91445138,    -13.49571278], [  106.09922039,  -62.50279431,   17.88561577,  -71.37931566,    -16.81428536,   14.33408666,   42.70682153,  107.86166243,     25.77925114,    4.19950577,    9.07496796,   -3.19934982,      5.86076882], [  -39.21556121,  -19.50744049,   41.45467697,   11.2681884 ,     27.59596509,    5.65956932,   -6.07854957,   25.77925114,     82.75717419,   35.96091088,    7.72775568,    9.14635129,     15.37995112], [   -6.19883215,  -38.73822805,   50.64521986,    2.43531165,     28.57091211,    7.5651507 ,    0.39554826,    4.19950577,     35.96091088,   83.12339127,   32.59571596,    7.69899056,     11.49027439], [   91.97061639,  -40.2083227 ,    3.63687387,  -25.54481257,      6.2881687 ,    1.65828464,   11.66888069,    9.07496796,      7.72775568,   32.59571596,   69.99652438,   21.86971951,      3.33501959], [   28.96220388,  -71.86055196,   32.6956462 ,   20.20088885,     22.25528811,   -2.92802013,   -9.91445138,   -3.19934982,      9.14635129,    7.69899056,   21.86971951,   66.41380718,     38.51891054], [  -22.16047901,  -70.8898324 ,   53.59441807,   24.50570394,     40.6316067 ,   -6.37818208,  -13.49571278,    5.86076882,     15.37995112,   11.49027439,    3.33501959,   38.51891054,     82.61726385]]
/root/sim/music/out/Blur/The Best Of/17 For Tomorrow.mp3; [-590.9959    , 128.8495    ,  -5.845193  ,  15.722623  ,   7.2164664 ,    4.616295  ,   5.823168  ,   1.9624003 ,   2.046139  ,  -0.11768924,    0.02950694,  -5.1315365 ,  -0.8841374 ]; [[14063.7263695 ,  164.39521217, -205.83344285, -157.04319343,   -244.11974953,  -51.53090481,  130.39424716,  130.05043408,    128.23169086,  137.57332167,   91.47480157,  -29.40007029,    -31.85798043], [  164.39521217, 1006.75357763, -241.79056881,  100.26608677,     42.93846739,  -28.00199679,   40.24467175,  -10.97033431,     11.46048115,  -29.21033878,   18.27873131,  -12.11599821,     14.34103622], [ -205.83344285, -241.79056881,  444.06445857,    2.3669376 ,     57.96848974,   63.57394368,  -28.76666304,    1.76979796,     -1.37429443,   20.51420006,   -6.69485881,   -3.92197342,    -10.18313639], [ -157.04319343,  100.26608677,    2.3669376 ,  233.81958625,     99.28933582,    9.00025895,  -19.32228139,  -14.01879192,     -5.88976548,  -14.28646597,  -19.96549943,    3.97948946,      8.54742494], [ -244.11974953,   42.93846739,   57.96848974,   99.28933582,    191.27517724,   36.55152143,   -1.82494562,   -6.20894584,     12.57756202,   -6.95906827,   -5.4184802 ,   19.75379327,     26.25022087], [  -51.53090481,  -28.00199679,   63.57394368,    9.00025895,     36.55152143,  105.05434736,   34.84329667,   23.66381957,      2.90660828,   12.13080682,   -4.7521255 ,    3.45726011,     -5.5810793 ], [  130.39424716,   40.24467175,  -28.76666304,  -19.32228139,     -1.82494562,   34.84329667,  110.83961284,   47.79555903,     16.23273736,    5.88726747,   14.60587608,   -5.5737198 ,      3.27543228], [  130.05043408,  -10.97033431,    1.76979796,  -14.01879192,     -6.20894584,   23.66381957,   47.79555903,   91.21638952,     30.7777198 ,   20.71592776,    5.3123665 ,    5.70383619,     -6.00481687], [  128.23169086,   11.46048115,   -1.37429443,   -5.88976548,     12.57756202,    2.90660828,   16.23273736,   30.7777198 ,     73.55871283,   34.19736442,   13.28537453,    0.67283042,      8.01592267], [  137.57332167,  -29.21033878,   20.51420006,  -14.28646597,     -6.95906827,   12.13080682,    5.88726747,   20.71592776,     34.19736442,   81.32032737,   26.16955291,    7.01849795,     -1.59165821], [   91.47480157,   18.27873131,   -6.69485881,  -19.96549943,     -5.4184802 ,   -4.7521255 ,   14.60587608,    5.3123665 ,     13.28537453,   26.16955291,   63.658128  ,   22.65597012,      9.67168814], [  -29.40007029,  -12.11599821,   -3.92197342,    3.97948946,     19.75379327,    3.45726011,   -5.5737198 ,    5.70383619,      0.67283042,    7.01849795,   22.65597012,   67.70142846,     25.38273536], [  -31.85798043,   14.34103622,  -10.18313639,    8.54742494,     26.25022087,   -5.5810793 ,    3.27543228,   -6.00481687,      8.01592267,   -1.59165821,    9.67168814,   25.38273536,     64.76268374]]
/root/sim/music/out/Blur/The Best Of/14 To The End.mp3; [-618.1203    , 155.58911   ,   0.32282397,  32.0018    ,  12.3278    ,   12.948119  ,   1.1480087 ,   7.6606374 ,   5.411079  ,   2.4798605 ,   -2.9078343 ,  -2.838074  ,  -1.4977293 ]; [[16752.15831695, 1116.85317976, -475.10572805,   98.72454646,   -212.89103998,   54.86780923,  -36.34321681,  248.44159913,    156.77761722,  134.51363421,  132.45946504,   96.52999591,    -35.02370717], [ 1116.85317976,  924.34315708, -150.56649707,  163.91457419,     21.68564793,   30.55908568,   23.78682888,   51.75414814,     26.95771744,   15.14286863,    7.24093898,   -4.11124239,     17.44020193], [ -475.10572805, -150.56649707,  475.50977911,  -27.55450693,     54.10795077,   86.0801939 ,   42.12485891,  -15.44808645,     -9.64428526,   -7.24542074,  -13.03262123,   -6.26784339,      7.12927965], [   98.72454646,  163.91457419,  -27.55450693,  236.14148664,    111.81597045,   49.33896253,   12.13539098,   31.90033053,     22.34350198,    3.72493261,   -2.99732015,   22.69905567,     45.49149628], [ -212.89103998,   21.68564793,   54.10795077,  111.81597045,    213.42357802,   31.52828535,  -15.1273831 ,    0.56379878,     30.3449379 ,   10.67902777,  -19.48734464,   12.83923739,     38.14954642], [   54.86780923,   30.55908568,   86.0801939 ,   49.33896253,     31.52828535,  171.71211108,   91.32945999,   27.567047  ,    -12.23886257,  -11.67641717,    0.70897443,    9.18196768,      7.07686928], [  -36.34321681,   23.78682888,   42.12485891,   12.13539098,    -15.1273831 ,   91.32945999,  181.9819319 ,   63.11054818,     -5.44986747,   -4.32712417,   37.86496874,   22.4558512 ,     -1.55197308], [  248.44159913,   51.75414814,  -15.44808645,   31.90033053,      0.56379878,   27.567047  ,   63.11054818,  131.9228865 ,     42.29395548,   16.71076716,   26.29827004,   22.09878195,      5.56439407], [  156.77761722,   26.95771744,   -9.64428526,   22.34350198,     30.3449379 ,  -12.23886257,   -5.44986747,   42.29395548,    115.29181528,   51.15736702,   10.28169955,   -4.63462878,      1.85404476], [  134.51363421,   15.14286863,   -7.24542074,    3.72493261,     10.67902777,  -11.67641717,   -4.32712417,   16.71076716,     51.15736702,  122.72418269,   46.79095199,   -7.17427888,    -10.67904446], [  132.45946504,    7.24093898,  -13.03262123,   -2.99732015,    -19.48734464,    0.70897443,   37.86496874,   26.29827004,     10.28169955,   46.79095199,  115.45573484,   44.16317869,     -1.2278905 ], [   96.52999591,   -4.11124239,   -6.26784339,   22.69905567,     12.83923739,    9.18196768,   22.4558512 ,   22.09878195,     -4.63462878,   -7.17427888,   44.16317869,  113.03916999,     40.64960968], [  -35.02370717,   17.44020193,    7.12927965,   45.49149628,     38.14954642,    7.07686928,   -1.55197308,    5.56439407,      1.85404476,  -10.67904446,   -1.2278905 ,   40.64960968,     89.01838175]]
/root/sim/music/out/Blur/The Best Of/15 On Your Own.mp3; [-557.337     , 121.47698   ,  -2.0043797 ,  13.842028  ,  -2.437986  ,    5.6708293 ,   0.8550226 ,   7.277309  ,  -0.12979144,   3.216806  ,   -0.9937587 ,  -0.64734334,  -4.5305266 ]; [[19518.56608869, 2296.56518308,-1328.71739888,  294.84497094,   -216.35401665,  113.82555866,  583.30922629,  -75.27237245,      2.57857415, -205.99569776, -298.52132263, -357.95909061,   -142.65954793], [ 2296.56518308, 1315.12852653, -456.55465089,  213.05671788,    -99.99293699,  -45.21446691,   73.72009363,  -81.64068203,     -8.91586171,  -63.8646213 ,  -43.01596693,  -65.95593519,    -56.97454065], [-1328.71739888, -456.55465089,  980.95677792, -165.28302845,    174.2757311 ,   80.03814112, -116.09178797,  135.28780699,    -19.69759601,   89.77489938,   64.2796682 ,   84.47649179,     23.07336772], [  294.84497094,  213.05671788, -165.28302845,  361.63073118,     87.52242166,  -43.37898563,  -25.35958104,  -34.35643351,     37.05526434,   -4.29513078,  -37.54012283,  -11.5970896 ,      9.0229733 ], [ -216.35401665,  -99.99293699,  174.2757311 ,   87.52242166,    223.66684748,   34.18355142,  -40.04244065,   34.36492229,     22.95619946,   39.32365214,  -12.92870814,   23.85386195,     28.34085849], [  113.82555866,  -45.21446691,   80.03814112,  -43.37898563,     34.18355142,  150.96441763,   74.24682975,   38.68253677,      1.3412668 ,    9.63188514,   28.31961453,    2.73958621,     -9.50649296], [  583.30922629,   73.72009363, -116.09178797,  -25.35958104,    -40.04244065,   74.24682975,  202.14170233,   50.40702751,      9.60752267,  -26.88019775,   11.59851534,   -9.42414474,     -3.92154368], [  -75.27237245,  -81.64068203,  135.28780699,  -34.35643351,     34.36492229,   38.68253677,   50.40702751,  143.19249924,     41.08518283,   29.70864858,   30.63684557,   33.87565768,     18.30064258], [    2.57857415,   -8.91586171,  -19.69759601,   37.05526434,     22.95619946,    1.3412668 ,    9.60752267,   41.08518283,     98.38286138,   45.75716247,   18.55553702,   13.07225346,     15.61441381], [ -205.99569776,  -63.8646213 ,   89.77489938,   -4.29513078,     39.32365214,    9.63188514,  -26.88019775,   29.70864858,     45.75716247,  110.72940563,   54.2144186 ,   26.04343123,      4.88213533], [ -298.52132263,  -43.01596693,   64.2796682 ,  -37.54012283,    -12.92870814,   28.31961453,   11.59851534,   30.63684557,     18.55553702,   54.2144186 ,  117.45928431,   57.55224488,     -0.42893386], [ -357.95909061,  -65.95593519,   84.47649179,  -11.5970896 ,     23.85386195,    2.73958621,   -9.42414474,   33.87565768,     13.07225346,   26.04343123,   57.55224488,  100.89764258,     44.90152175], [ -142.65954793,  -56.97454065,   23.07336772,    9.0229733 ,     28.34085849,   -9.50649296,   -3.92154368,   18.30064258,     15.61441381,    4.88213533,   -0.42893386,   44.90152175,     86.81618061]]
/root/sim/music/out/Blur/The Best Of/11 Charmless Man.mp3; [-545.15967  , 107.249435 ,  -4.106912 ,  17.891197 ,   6.970065 ,    4.579226 ,   1.4139664,   3.9665143,   2.7406576,   4.5433955,    3.3132873,  -1.1923044,  -2.4164586]; [[23549.18247668,-1272.91996029,  -33.98043411,  703.41503327,    591.33295576,  516.92925427,  313.92134892,  458.30791854,    466.68643911,  252.71102332, -100.50754278, -175.88964896,   -156.47811399], [-1272.91996029, 1268.66879233, -274.14263752,   81.95141177,     28.5958566 ,  -72.76960916,   83.49469896,  -56.31525543,    -35.05436845,  -32.42810205,   26.28046073,   26.36952643,     24.60745123], [  -33.98043411, -274.14263752,  568.57330262,   34.51319014,    115.36893435,   94.28900812,   19.23926387,   44.63037023,     12.3664278 ,    8.61162333,   -3.7096368 ,   15.4099713 ,      9.43589942], [  703.41503327,   81.95141177,   34.51319014,  351.49806072,    184.52596113,    5.8057613 ,   36.34973127,   14.37542546,     34.59705513,    6.81535951,  -20.29684834,   10.46833326,     20.95001084], [  591.33295576,   28.5958566 ,  115.36893435,  184.52596113,    286.63128518,   66.80693858,   58.30871272,   29.1056508 ,     55.31786529,   10.02056911,  -16.2980942 ,   17.33383725,     16.59431601], [  516.92925427,  -72.76960916,   94.28900812,    5.8057613 ,     66.80693858,  170.09272776,   93.22466642,   43.36724711,     33.91891898,   26.12728772,   -3.3172277 ,   -7.35044612,    -18.55352032], [  313.92134892,   83.49469896,   19.23926387,   36.34973127,     58.30871272,   93.22466642,  188.10828011,   64.71248905,     33.82587726,   22.42082137,   -4.53182575,  -10.75070804,     -8.06350836], [  458.30791854,  -56.31525543,   44.63037023,   14.37542546,     29.1056508 ,   43.36724711,   64.71248905,  103.69228466,     37.33748329,   21.66177824,   -0.76058967,   -7.93759085,     -6.42607762], [  466.68643911,  -35.05436845,   12.3664278 ,   34.59705513,     55.31786529,   33.91891898,   33.82587726,   37.33748329,     97.69762669,   34.67072281,   -2.32047675,    4.30014917,      1.90520168], [  252.71102332,  -32.42810205,    8.61162333,    6.81535951,     10.02056911,   26.12728772,   22.42082137,   21.66177824,     34.67072281,   86.75215118,   22.60228464,   -2.72108234,     -2.50920022], [ -100.50754278,   26.28046073,   -3.7096368 ,  -20.29684834,    -16.2980942 ,   -3.3172277 ,   -4.53182575,   -0.76058967,     -2.32047675,   22.60228464,   71.31190292,   21.55066911,     -2.0869714 ], [ -175.88964896,   26.36952643,   15.4099713 ,   10.46833326,     17.33383725,   -7.35044612,  -10.75070804,   -7.93759085,      4.30014917,   -2.72108234,   21.55066911,   65.59284448,     25.45937707], [ -156.47811399,   24.60745123,    9.43589942,   20.95001084,     16.59431601,  -18.55352032,   -8.06350836,   -6.42607762,      1.90520168,   -2.50920022,   -2.0869714 ,   25.45937707,     67.72601262]]
/root/sim/music/out/Van Halen/1984/01 1984.mp3; [-753.9531    , 108.811775  ,   1.142489  ,   7.828292  ,  -6.6931553 ,   -0.25268808,  -5.3525033 ,   2.4427247 ,   3.7518325 ,   8.01825   ,    2.2187362 ,   0.21961367,  -1.9692923 ]; [[12697.17221264,  173.1014648 ,-1055.24538371, -524.0094881 ,   -581.76575807, -221.98355439, -164.07217616,  -29.27091695,    -22.37448668,   50.46578522,  -26.13029838,  -14.66141752,    -34.39376009], [  173.1014648 , 1824.13480932,  398.40183571,  280.59589538,    208.75661259,   98.23410158,   34.45593444,  -77.06006292,   -132.62802666, -134.64975969,  -25.75681262,   69.02977217,    118.61814322], [-1055.24538371,  398.40183571,  818.06649308,  311.30519295,    204.35953449,   96.10286962,   16.25223365,  -38.38634485,    -37.13805239,  -28.24521715,   26.74876794,   57.68319567,     52.93150029], [ -524.0094881 ,  280.59589538,  311.30519295,  436.49405147,    199.95149712,  106.23337694,   38.51894026,    1.94025999,    -14.84499592,   -7.31516326,   14.3097751 ,   43.43253059,     38.21444542], [ -581.76575807,  208.75661259,  204.35953449,  199.95149712,    256.28886928,  119.42539203,   65.58020635,   36.76649573,     16.65858711,   14.71985553,   20.22934493,   26.2952626 ,     16.71930165], [ -221.98355439,   98.23410158,   96.10286962,  106.23337694,    119.42539203,  180.15899174,   79.37460758,   55.92572856,     55.67838991,   26.66024381,   26.18934832,    4.38059799,     -7.69526895], [ -164.07217616,   34.45593444,   16.25223365,   38.51894026,     65.58020635,   79.37460758,  181.68383855,   84.13497565,     69.99508138,   58.39874404,   27.67190555,   -0.35932265,    -17.69619012], [  -29.27091695,  -77.06006292,  -38.38634485,    1.94025999,     36.76649573,   55.92572856,   84.13497565,  188.67321744,    108.21332497,   75.09454406,   41.73112288,  -20.11663148,    -40.31327679], [  -22.37448668, -132.62802666,  -37.13805239,  -14.84499592,     16.65858711,   55.67838991,   69.99508138,  108.21332497,    220.93056962,  113.93427591,   46.80381695,  -17.32985171,    -46.14213942], [   50.46578522, -134.64975969,  -28.24521715,   -7.31516326,     14.71985553,   26.66024381,   58.39874404,   75.09454406,    113.93427591,  176.03206826,   71.33836731,    0.0116815 ,    -25.80417762], [  -26.13029838,  -25.75681262,   26.74876794,   14.3097751 ,     20.22934493,   26.18934832,   27.67190555,   41.73112288,     46.80381695,   71.33836731,  136.54024845,   49.89388337,     17.97953579], [  -14.66141752,   69.02977217,   57.68319567,   43.43253059,     26.2952626 ,    4.38059799,   -0.35932265,  -20.11663148,    -17.32985171,    0.0116815 ,   49.89388337,  126.14958222,     76.92603089], [  -34.39376009,  118.61814322,   52.93150029,   38.21444542,     16.71930165,   -7.69526895,  -17.69619012,  -40.31327679,    -46.14213942,  -25.80417762,   17.97953579,   76.92603089,    138.66810029]]
/root/sim/music/out/Van Halen/1984/05 Drop Dead Legs.mp3; [-636.79156  ,  85.43414  ,  -7.5457177,  15.5164   ,  -0.4766439,   -6.6039047,   0.915479 ,  -3.933403 ,   1.4563407,  -2.606794 ,   -4.9765577,  -5.1664605,  -3.071722 ]; [[13910.6054267 , -396.70461472,  539.98657369,  -31.61175386,    170.17839993,  -54.55569506,  122.65040466,   85.00496161,     41.84884903,   55.91354925,   63.75486045,  -94.68473509,    -20.53842012], [ -396.70461472, 1174.64904637, -481.0490535 ,  177.85160148,    -99.20256639,  -40.65020413,   26.06304897,    8.39702273,     13.75966006,  -29.00779508,  -65.70993612,   20.05643371,    -19.60743301], [  539.98657369, -481.0490535 ,  965.816068  ,  -42.29737067,    160.36273927,   48.6397678 ,   27.95872206,   57.34736653,    -14.20911647,   16.54204998,   82.55606935,  -31.7159817 ,      2.3408901 ], [  -31.61175386,  177.85160148,  -42.29737067,  243.11830795,     64.81867776,   28.81315204,   14.05643856,   14.62589633,     19.90697419,   15.13958124,   -6.18877049,   23.60009644,     20.62194297], [  170.17839993,  -99.20256639,  160.36273927,   64.81867776,    188.98717044,   69.27686782,   36.66053618,   34.47553494,     29.60078803,   20.88681474,   15.70109541,    0.10570446,     14.50184544], [  -54.55569506,  -40.65020413,   48.6397678 ,   28.81315204,     69.27686782,  120.05061829,   53.44071896,   21.9406581 ,      5.38289552,    9.54446106,   13.8007096 ,    4.48664017,      5.29289012], [  122.65040466,   26.06304897,   27.95872206,   14.05643856,     36.66053618,   53.44071896,  118.02995002,   58.11884008,     14.73591453,    4.731121  ,   16.19160807,    5.54519477,      4.69058475], [   85.00496161,    8.39702273,   57.34736653,   14.62589633,     34.47553494,   21.9406581 ,   58.11884008,  104.50783855,     38.17350881,   11.11673148,   10.98171565,    4.36386909,      2.41037741], [   41.84884903,   13.75966006,  -14.20911647,   19.90697419,     29.60078803,    5.38289552,   14.73591453,   38.17350881,     93.79210631,   43.52842314,    3.4934742 ,   -0.91531813,      0.79549776], [   55.91354925,  -29.00779508,   16.54204998,   15.13958124,     20.88681474,    9.54446106,    4.731121  ,   11.11673148,     43.52842314,   85.8199879 ,   37.59264992,   -1.37755299,     -3.39760429], [   63.75486045,  -65.70993612,   82.55606935,   -6.18877049,     15.70109541,   13.8007096 ,   16.19160807,   10.98171565,      3.4934742 ,   37.59264992,   78.61524702,   22.75478257,      1.5343699 ], [  -94.68473509,   20.05643371,  -31.7159817 ,   23.60009644,      0.10570446,    4.48664017,    5.54519477,    4.36386909,     -0.91531813,   -1.37755299,   22.75478257,   68.29334743,     33.76828683], [  -20.53842012,  -19.60743301,    2.3408901 ,   20.62194297,     14.50184544,    5.29289012,    4.69058475,    2.41037741,      0.79549776,   -3.39760429,    1.5343699 ,   33.76828683,     66.04698787]]
/root/sim/music/out/Van Halen/1984/07 I'll Wait.mp3; [-669.9557    ,  93.75345   , -11.705304  ,   9.614444  ,  -5.0061913 ,    0.03774802,  -0.49220997,  -3.3048034 ,   0.8441088 ,  -0.917689  ,   -0.03560873,  -0.3278006 ,  -1.8039693 ]; [[15295.31356895, -152.56330587,  629.06040191,  159.61020039,    165.51599706,   86.41516034,  138.50931356,   53.80766443,     98.59146029,  155.35980361,    0.41472349,  -81.31153886,      7.81958721], [ -152.56330587, 1509.27074722, -485.44006389,  123.84994018,    -25.88396051,   11.38531655,  -15.7366705 ,  -31.42259254,      1.88217649, -115.40248099,    6.21314004,   14.57539199,    -35.08623455], [  629.06040191, -485.44006389, 1225.4207902 ,   71.04693226,    448.76573983,  200.28303171,  206.89720032,  142.29710552,    124.25997158,   94.57685243,   40.31511658,   -4.46759017,     60.98796957], [  159.61020039,  123.84994018,   71.04693226,  305.35299442,    103.61006337,   76.55496975,   37.72904764,   36.94248713,     55.66471928,   39.30636134,    7.57214245,   16.69446867,     21.91898613], [  165.51599706,  -25.88396051,  448.76573983,  103.61006337,    387.06580649,  143.80299304,  106.24090637,   77.68207903,     81.49109919,   27.72573814,   20.35439449,    4.02938125,     15.54654169], [   86.41516034,   11.38531655,  200.28303171,   76.55496975,    143.80299304,  193.00227323,  122.72248192,   65.90427144,     50.3242385 ,   44.82689933,   28.97442159,    3.67915774,     11.93547807], [  138.50931356,  -15.7366705 ,  206.89720032,   37.72904764,    106.24090637,  122.72248192,  212.57749633,   98.22479415,     50.21313712,   46.83346044,   37.76563558,  -16.00633959,      8.46107358], [   53.80766443,  -31.42259254,  142.29710552,   36.94248713,     77.68207903,   65.90427144,   98.22479415,  144.4274275 ,     57.75719501,   38.15384447,   28.36405147,    1.01363001,     -3.67763384], [   98.59146029,    1.88217649,  124.25997158,   55.66471928,     81.49109919,   50.3242385 ,   50.21313712,   57.75719501,    124.66417761,   63.87778621,   18.27179443,    0.82702562,      7.88595887], [  155.35980361, -115.40248099,   94.57685243,   39.30636134,     27.72573814,   44.82689933,   46.83346044,   38.15384447,     63.87778621,  140.98843758,   56.30273704,   -3.3594156 ,     12.7037971 ], [    0.41472349,    6.21314004,   40.31511658,    7.57214245,     20.35439449,   28.97442159,   37.76563558,   28.36405147,     18.27179443,   56.30273704,   95.4406068 ,   25.0460901 ,      2.23000319], [  -81.31153886,   14.57539199,   -4.46759017,   16.69446867,      4.02938125,    3.67915774,  -16.00633959,    1.01363001,      0.82702562,   -3.3594156 ,   25.0460901 ,   87.25036457,     31.14909077], [    7.81958721,  -35.08623455,   60.98796957,   21.91898613,     15.54654169,   11.93547807,    8.46107358,   -3.67763384,      7.88595887,   12.7037971 ,    2.23000319,   31.14909077,     84.80926483]]
/root/sim/music/out/Van Halen/1984/02 Jump.mp3; [-652.45514   ,  76.649055  ,  22.774525  ,  22.131985  ,  -0.70444775,    1.6713881 ,  -3.9175198 ,  -1.8581493 ,  -1.437681  ,  -0.90394044,   -2.6642168 ,  -0.64439297,   0.6922685 ]; [[13551.69083899,  281.91619795,  -31.55796275,    1.26980945,    -85.23414199,  -85.27350875, -129.44948507, -105.48117642,    -25.03096935,  -15.83616668,  -54.21402524,  -31.77350973,     21.30738587], [  281.91619795,  423.15722516,   -6.92630663,    6.18642848,      1.71845068,   21.52446443,   19.06040114,   20.09263714,     12.17585753,  -10.2050851 ,    5.69018244,    0.44727324,    -12.36321792], [  -31.55796275,   -6.92630663,  325.03308613,   55.536147  ,     59.65166516,   12.58892728,   33.77981397,   25.35059397,     -3.06798691,  -11.47472884,    5.43260896,   -7.88261971,     -7.71470438], [    1.26980945,    6.18642848,   55.536147  ,  166.86293263,     64.11049124,   22.65164556,    2.32217545,   -5.35835401,      4.89935962,    9.24057053,   -4.84430189,    0.71595617,     16.44095913], [  -85.23414199,    1.71845068,   59.65166516,   64.11049124,    123.588149  ,   49.50429949,   14.49019761,    3.22571549,      9.82331698,   -4.50505629,   -9.86904761,   -3.33286947,     -0.63796736], [  -85.27350875,   21.52446443,   12.58892728,   22.65164556,     49.50429949,   80.77871016,   43.65116285,   12.97590028,      0.82577121,   -2.16688382,    2.68840044,    3.23987995,     -2.39027103], [ -129.44948507,   19.06040114,   33.77981397,    2.32217545,     14.49019761,   43.65116285,  105.51741005,   47.63540064,      6.48883374,   -3.19339043,    4.79697374,   -6.44105719,    -11.22755274], [ -105.48117642,   20.09263714,   25.35059397,   -5.35835401,      3.22571549,   12.97590028,   47.63540064,   77.65161777,     28.48308623,    3.62078978,    4.79120298,   -2.68572778,     -4.09643855], [  -25.03096935,   12.17585753,   -3.06798691,    4.89935962,      9.82331698,    0.82577121,    6.48883374,   28.48308623,     67.8082817 ,   30.36301381,    1.26504055,   -5.45161334,     -5.12953904], [  -15.83616668,  -10.2050851 ,  -11.47472884,    9.24057053,     -4.50505629,   -2.16688382,   -3.19339043,    3.62078978,     30.36301381,   65.20923833,   33.11831577,    6.33826129,      3.66548317], [  -54.21402524,    5.69018244,    5.43260896,   -4.84430189,     -9.86904761,    2.68840044,    4.79697374,    4.79120298,      1.26504055,   33.11831577,   67.31104658,   35.10074973,      8.04660111], [  -31.77350973,    0.44727324,   -7.88261971,    0.71595617,     -3.33286947,    3.23987995,   -6.44105719,   -2.68572778,     -5.45161334,    6.33826129,   35.10074973,   72.60932943,     35.37825067], [   21.30738587,  -12.36321792,   -7.71470438,   16.44095913,     -0.63796736,   -2.39027103,  -11.22755274,   -4.09643855,     -5.12953904,    3.66548317,    8.04660111,   35.37825067,     65.33205555]]
/root/sim/music/out/Van Halen/1984/04 Top Jimmy.mp3; [-679.3942    ,  87.179214  ,   5.672787  ,  26.339022  ,   5.149771  ,   -3.741003  ,  -3.8665519 ,   0.37715617,   1.1209829 ,  -2.0766706 ,   -4.0319953 ,  -1.6213641 ,  -3.2924314 ]; [[16982.04836408,-1605.39965737,  373.8630882 , -131.12942225,    713.17816107,  475.41859678,  390.81852442,   -9.33633572,    378.93076749,  444.82964329,  343.46304364,  -95.33376767,     99.06301148], [-1605.39965737, 1658.47099865, -448.86725228,  120.23649734,   -341.60932586, -234.73045972, -165.24427424,  -33.79208919,   -135.62333143, -187.84476611, -143.15384379,   46.11180299,    -55.73629654], [  373.8630882 , -448.86725228,  946.64892718,    4.02136563,    244.62864957,  141.23411995,   51.07259118,   35.33403249,      4.01709857,   54.52711689,   77.61393425,  -31.76088014,     52.35939541], [ -131.12942225,  120.23649734,    4.02136563,  352.95386832,     91.44683307,   35.70936016,  -19.65872459,  -29.30997995,     -3.01850262,  -15.26078755,  -18.30593958,   12.60795712,      3.90193293], [  713.17816107, -341.60932586,  244.62864957,   91.44683307,    353.76829934,  189.76688449,   91.8321636 ,   -4.27452507,     45.29884597,   63.06540613,   56.33880822,  -13.23299489,     41.52239038], [  475.41859678, -234.73045972,  141.23411995,   35.70936016,    189.76688449,  245.64755298,  132.17198001,   11.84082154,     23.90545457,   51.70788628,   50.21350085,   -9.95222962,     28.11139486], [  390.81852442, -165.24427424,   51.07259118,  -19.65872459,     91.8321636 ,  132.17198001,  198.49278141,   58.24680007,     27.4742851 ,   19.93087211,   42.32780259,    4.40639052,     22.6084218 ], [   -9.33633572,  -33.79208919,   35.33403249,  -29.30997995,     -4.27452507,   11.84082154,   58.24680007,  129.45810151,     36.57202212,    1.67376202,    9.94575262,   19.36589461,      4.03041128], [  378.93076749, -135.62333143,    4.01709857,   -3.01850262,     45.29884597,   23.90545457,   27.4742851 ,   36.57202212,    127.88353736,   77.17138633,   25.8866416 ,  -11.67165368,      2.51730687], [  444.82964329, -187.84476611,   54.52711689,  -15.26078755,     63.06540613,   51.70788628,   19.93087211,    1.67376202,     77.17138633,  149.15182959,   64.64429278,  -14.85628711,     10.53282656], [  343.46304364, -143.15384379,   77.61393425,  -18.30593958,     56.33880822,   50.21350085,   42.32780259,    9.94575262,     25.8866416 ,   64.64429278,  121.51322048,   37.5621876 ,     13.03696968], [  -95.33376767,   46.11180299,  -31.76088014,   12.60795712,    -13.23299489,   -9.95222962,    4.40639052,   19.36589461,    -11.67165368,  -14.85628711,   37.5621876 ,  107.32936313,     47.11987152], [   99.06301148,  -55.73629654,   52.35939541,    3.90193293,     41.52239038,   28.11139486,   22.6084218 ,    4.03041128,      2.51730687,   10.53282656,   13.03696968,   47.11987152,    120.35137644]]
