/root/sim/music/901~1000/923_Hold_Days.mp3; [-588.9474    ,  96.204185  ,  10.708759  ,  14.217731  ,   3.2426748 ,    5.3848243 ,  -2.0170662 ,   7.0458302 ,   3.5207171 ,  -0.41329947,   -3.7529078 ,  -2.3816662 ,  -1.168453  ]; [[10563.07394995,  423.75002429,  830.52497036,  236.34552946,    319.36697865,  609.76863415,  312.25837344,  325.70455777,    214.67767463,  133.05755742,   99.7800237 ,   94.02977551,    181.50481528], [  423.75002429, 1234.35558901, -327.05079736,  -75.70167972,    -31.21606423, -199.2597885 ,  -72.57351479,  -24.96686584,    -26.0765948 ,  -42.49104603,  -82.07809653,  -82.37049605,    -67.19780645], [  830.52497036, -327.05079736,  755.27383467,  141.07907168,    187.94262913,  319.51547708,  148.63269229,  145.77068241,     95.85097434,   91.09292088,  113.42977167,   59.84299084,     61.4728576 ], [  236.34552946,  -75.70167972,  141.07907168,  219.33928935,    132.36744699,  125.15131832,   85.91244086,   54.02420198,     38.63566347,   37.63986069,   28.66273612,   25.66149182,     30.48313654], [  319.36697865,  -31.21606423,  187.94262913,  132.36744699,    204.92308705,  161.78667443,  101.82459957,   75.92217409,     47.07673528,   44.97097873,   41.57495947,   23.01796994,     28.33701266], [  609.76863415, -199.2597885 ,  319.51547708,  125.15131832,    161.78667443,  271.24590201,  138.48358648,  102.19394611,     66.02272564,   64.50223675,   72.71900106,   44.54223734,     45.08930834], [  312.25837344,  -72.57351479,  148.63269229,   85.91244086,    101.82459957,  138.48358648,  139.80910128,   81.48875227,     44.87226757,   42.33715908,   42.13899541,   30.69193382,     27.67684158], [  325.70455777,  -24.96686584,  145.77068241,   54.02420198,     75.92217409,  102.19394611,   81.48875227,  129.99112798,     62.62537313,   41.38263711,   37.13942503,   32.10243184,     29.1022674 ], [  214.67767463,  -26.0765948 ,   95.85097434,   38.63566347,     47.07673528,   66.02272564,   44.87226757,   62.62537313,     79.10736041,   43.02186927,   28.04139701,   22.52970853,     23.54215198], [  133.05755742,  -42.49104603,   91.09292088,   37.63986069,     44.97097873,   64.50223675,   42.33715908,   41.38263711,     43.02186927,   76.16419486,   45.23846815,   27.95275064,     23.07683127], [   99.7800237 ,  -82.07809653,  113.42977167,   28.66273612,     41.57495947,   72.71900106,   42.13899541,   37.13942503,     28.04139701,   45.23846815,   82.98405338,   42.60359818,     22.76060076], [   94.02977551,  -82.37049605,   59.84299084,   25.66149182,     23.01796994,   44.54223734,   30.69193382,   32.10243184,     22.52970853,   27.95275064,   42.60359818,   64.62105219,     33.49974013], [  181.50481528,  -67.19780645,   61.4728576 ,   30.48313654,     28.33701266,   45.08930834,   27.67684158,   29.1022674 ,     23.54215198,   23.07683127,   22.76060076,   33.49974013,     55.52717094]]
/root/sim/music/901~1000/933_Certain_Curse.mp3; [-578.97144   , 128.69942   ,  14.078519  ,  19.292135  ,   9.78986   ,   11.393498  ,   3.0422313 ,   4.9968376 ,  -1.2814058 ,   0.08007496,    0.68930155,   0.48297328,  -1.7619607 ]; [[ 3673.4613694 ,-1201.91287745,  550.20792594,  202.72259174,     25.93882052,  223.68976192,   71.7931992 ,  127.54769757,    180.22525068,   94.02196264,   57.78442656,   71.05079153,     84.11010635], [-1201.91287745, 1075.31138109, -287.2629693 ,    5.04189554,     76.69967172,  -58.07356947,   68.67205447,   33.58861212,     -9.03097544,   48.98474665,   52.83939286,   50.09502181,     59.0958652 ], [  550.20792594, -287.2629693 ,  266.45598692,   34.54378449,     24.91460349,   80.25717325,    5.98535581,   26.17199501,     34.25638243,    5.11698964,   15.33316323,   16.01063525,     10.75573376], [  202.72259174,    5.04189554,   34.54378449,  134.92502362,     42.48051758,   58.39595138,   27.15798983,   36.9059914 ,     36.63150691,   45.10414139,   31.2951987 ,   31.07248061,     28.80880524], [   25.93882052,   76.69967172,   24.91460349,   42.48051758,     76.07840801,   49.16327063,   30.5245564 ,   19.44761686,     14.73674891,   15.88595785,   20.55295431,   25.89534431,     28.33876415], [  223.68976192,  -58.07356947,   80.25717325,   58.39595138,     49.16327063,  106.90728614,   40.04846146,   30.78710374,     27.42365249,   21.99957815,   21.42654909,   27.73569778,     27.10349292], [   71.7931992 ,   68.67205447,    5.98535581,   27.15798983,     30.5245564 ,   40.04846146,   64.51843596,   43.72736838,     23.64037503,   23.34396322,   25.23171588,   25.59805503,     28.35552241], [  127.54769757,   33.58861212,   26.17199501,   36.9059914 ,     19.44761686,   30.78710374,   43.72736838,   69.12256052,     46.15050517,   30.47371726,   26.83096253,   24.04168121,     23.02877228], [  180.22525068,   -9.03097544,   34.25638243,   36.63150691,     14.73674891,   27.42365249,   23.64037503,   46.15050517,     60.23155756,   40.51810705,   26.05466406,   21.58024735,     19.87522953], [   94.02196264,   48.98474665,    5.11698964,   45.10414139,     15.88595785,   21.99957815,   23.34396322,   30.47371726,     40.51810705,   60.33922051,   43.11738088,   26.2694672 ,     20.20257873], [   57.78442656,   52.83939286,   15.33316323,   31.2951987 ,     20.55295431,   21.42654909,   25.23171588,   26.83096253,     26.05466406,   43.11738088,   54.98866919,   35.12161013,     19.74174462], [   71.05079153,   50.09502181,   16.01063525,   31.07248061,     25.89534431,   27.73569778,   25.59805503,   24.04168121,     21.58024735,   26.2694672 ,   35.12161013,   46.89454905,     36.40016224], [   84.11010635,   59.0958652 ,   10.75573376,   28.80880524,     28.33876415,   27.10349292,   28.35552241,   23.02877228,     19.87522953,   20.20257873,   19.74174462,   36.40016224,     59.0207216 ]]
/root/sim/music/901~1000/954_Calm_Landscape.mp3; [-880.8434   , 174.93886  ,  37.378143 , -21.865307 , -12.44863  ,    4.520183 , -20.958197 ,  -6.9289527, -25.694284 , -18.157747 ,  -11.927675 ,   9.035972 ,  22.193127 ]; [[11324.68000921, 1576.91267252, 1794.97322946, 1507.97689696,    906.7927881 ,  500.99457778,  651.37081599,  884.66981776,    678.25841214,  190.43331788, -436.00892171, -673.7849766 ,    -53.16668968], [ 1576.91267252, 5087.724313  , 1330.15436439, 1749.1865786 ,    755.76322187,  108.63505836,  274.23996249,  473.40281782,    746.43763346,   37.28225295, -264.49006953, -488.96050637,    154.91123607], [ 1794.97322946, 1330.15436439, 1674.59726158, 1100.35623642,    292.34009253,  254.22195537,   80.76802912,  122.50108815,    145.4791125 , -120.45174767, -173.18787351, -270.29476183,    205.84665147], [ 1507.97689696, 1749.1865786 , 1100.35623642, 1424.86270398,    330.78414746,  275.97108804,  150.52163898,  109.35998491,    196.28144788, -162.08549706, -198.59363518, -355.5348686 ,    153.66419568], [  906.7927881 ,  755.76322187,  292.34009253,  330.78414746,    528.13434051,   93.76643951,  289.15280096,  182.71225791,    205.63348406,  135.03753711,   37.33965563,   44.91711327,    -39.22491531], [  500.99457778,  108.63505836,  254.22195537,  275.97108804,     93.76643951,  469.53155935,  209.06252593,  212.73302133,     -3.8815848 , -156.6362184 ,  -92.14794542,   -1.68924518,    226.33312056], [  651.37081599,  274.23996249,   80.76802912,  150.52163898,    289.15280096,  209.06252593,  446.46528593,  305.5791307 ,    197.635253  ,   49.81542075,   -8.50499671,   60.26438929,     58.98792448], [  884.66981776,  473.40281782,  122.50108815,  109.35998491,    182.71225791,  212.73302133,  305.5791307 ,  428.82112062,    293.83217892,   55.28977099,  -74.71131585,  -78.70330684,     53.49762773], [  678.25841214,  746.43763346,  145.4791125 ,  196.28144788,    205.63348406,   -3.8815848 ,  197.635253  ,  293.83217892,    445.08926628,  169.76943014,   -6.79100998, -195.14618155,   -127.27688993], [  190.43331788,   37.28225295, -120.45174767, -162.08549706,    135.03753711, -156.6362184 ,   49.81542075,   55.28977099,    169.76943014,  286.57373569,  147.57095008,   62.79255483,   -189.78057642], [ -436.00892171, -264.49006953, -173.18787351, -198.59363518,     37.33965563,  -92.14794542,   -8.50499671,  -74.71131585,     -6.79100998,  147.57095008,  227.73627588,  192.12933014,   -103.0129468 ], [ -673.7849766 , -488.96050637, -270.29476183, -355.5348686 ,     44.91711327,   -1.68924518,   60.26438929,  -78.70330684,   -195.14618155,   62.79255483,  192.12933014,  446.17571364,     88.94150065], [  -53.16668968,  154.91123607,  205.84665147,  153.66419568,    -39.22491531,  226.33312056,   58.98792448,   53.49762773,   -127.27688993, -189.78057642, -103.0129468 ,   88.94150065,    361.96567887]]
/root/sim/music/901~1000/924_Victory_march.mp3; [-558.4758    , 135.26242   , -35.173527  ,  22.664207  ,  -0.5612573 ,    2.217605  ,  -0.06699092,   1.7626946 ,  -7.3038993 ,   2.281558  ,    5.110458  ,   5.5521626 ,   5.4926615 ]; [[11215.20698731, 1213.61543475, -183.02347505,  156.19634279,    -12.69589473,  129.8023632 ,   36.42649843,   71.93100378,    -11.89154143,  -18.30899263,   26.03354824,   75.65379012,     67.64160373], [ 1213.61543475,  570.13437481,  -62.74215895,  136.8184659 ,     53.50524719,   37.5104905 ,   23.2372026 ,   15.01824065,    -29.83769364,   40.65225351,   38.28924614,   22.26691208,     30.77549022], [ -183.02347505,  -62.74215895,  169.3383493 ,   -1.88190157,     32.42392971,   29.58878936,   17.57272126,    4.25257548,     29.31776554,    9.32925973,    5.26476539,   14.38367614,      4.71883929], [  156.19634279,  136.8184659 ,   -1.88190157,  172.18386074,     40.54178677,   -0.58504944,   22.79181435,   30.01638652,      1.52083514,   23.83858536,   29.54359207,    2.57577055,     28.33700572], [  -12.69589473,   53.50524719,   32.42392971,   40.54178677,    117.92036532,   56.26028186,   32.75474808,   14.49708827,    -19.03059402,   10.33773336,   27.71533483,    9.57008854,     30.38486012], [  129.8023632 ,   37.5104905 ,   29.58878936,   -0.58504944,     56.26028186,   89.89525418,   49.43735292,   18.03822134,     -6.63253852,   -5.4676713 ,   10.46418535,   14.12537902,      8.94601473], [   36.42649843,   23.2372026 ,   17.57272126,   22.79181435,     32.75474808,   49.43735292,   91.50668736,   50.73385938,    -12.12687952,  -16.82883444,    8.51300175,    5.00820814,      6.73127594], [   71.93100378,   15.01824065,    4.25257548,   30.01638652,     14.49708827,   18.03822134,   50.73385938,   88.26855211,     22.50752034,  -19.71205266,    2.48606339,   -0.33215935,      6.11535666], [  -11.89154143,  -29.83769364,   29.31776554,    1.52083514,    -19.03059402,   -6.63253852,  -12.12687952,   22.50752034,     92.40517419,   32.81667249,  -17.26361593,   -5.03848065,    -22.92728057], [  -18.30899263,   40.65225351,    9.32925973,   23.83858536,     10.33773336,   -5.4676713 ,  -16.82883444,  -19.71205266,     32.81667249,   84.12154067,   30.52201791,   -1.49830504,      2.71296507], [   26.03354824,   38.28924614,    5.26476539,   29.54359207,     27.71533483,   10.46418535,    8.51300175,    2.48606339,    -17.26361593,   30.52201791,   69.46324277,   20.35011701,     21.54713272], [   75.65379012,   22.26691208,   14.38367614,    2.57577055,      9.57008854,   14.12537902,    5.00820814,   -0.33215935,     -5.03848065,   -1.49830504,   20.35011701,   61.72163233,     34.83551894], [   67.64160373,   30.77549022,    4.71883929,   28.33700572,     30.38486012,    8.94601473,    6.73127594,    6.11535666,    -22.92728057,    2.71296507,   21.54713272,   34.83551894,     88.82683075]]
/root/sim/music/901~1000/938_夜風と街明かり.mp3; [-832.8384    , 227.5867    ,  71.08004   ,  14.809718  ,   0.95334655,    0.06514432,  -2.5488012 ,  -8.510254  , -12.29358   , -12.288181  ,  -14.529881  , -17.15322   , -11.119527  ]; [[4272.02477319, 542.45986646, 118.53233401,-425.90817725, 218.51620146,  -152.04171514, -91.41289612,-149.35651082,-249.10005837,-241.25063694,   -33.33805957,  37.02710748, -27.38898525], [ 542.45986646,2291.30157739, 352.17726395, 596.18455183,-115.0462774 ,   -32.15179855,-253.95470607, -99.45727488,-203.61982909,-264.95891772,  -251.16551191, -30.74985225, 135.12008382], [ 118.53233401, 352.17726395, 850.73721173, 279.52671175,  32.00163055,    -5.10329928,   5.53443042,  32.20977025, -46.61813748,-195.79045875,   -98.78783366,  13.22704892,  76.32960244], [-425.90817725, 596.18455183, 279.52671175, 633.90222955, -72.37237018,  -105.64605777, -72.43397263, -73.4868182 , -85.45022217, -52.88868692,  -150.07646404, -60.25141857, 126.26477482], [ 218.51620146,-115.0462774 ,  32.00163055, -72.37237018, 271.54729996,    86.51124582, -91.94964294, -19.98234277,  25.00650249, -93.7141015 ,   -26.70986448,  -4.46878969, -47.69530615], [-152.04171514, -32.15179855,  -5.10329928,-105.64605777,  86.51124582,   426.60919852,  -1.95981501,  26.91847739,  49.76948423, -67.51021607,   -11.00960023,  12.12370213, -29.71703068], [ -91.41289612,-253.95470607,   5.53443042, -72.43397263, -91.94964294,    -1.95981501, 310.18674817, -25.40086576, -27.05015841,  89.43003197,    43.13293539, -18.96021381,  15.27813484], [-149.35651082, -99.45727488,  32.20977025, -73.4868182 , -19.98234277,    26.91847739, -25.40086576, 331.94185317, 103.26765127, -45.77234821,    46.52180851,  59.86967956, -79.11637397], [-249.10005837,-203.61982909, -46.61813748, -85.45022217,  25.00650249,    49.76948423, -27.05015841, 103.26765127, 335.21745165,  23.33610015,    22.21622064, -13.7399462 , -38.99970955], [-241.25063694,-264.95891772,-195.79045875, -52.88868692, -93.7141015 ,   -67.51021607,  89.43003197, -45.77234821,  23.33610015, 363.24308866,    78.6166665 , -29.89833788,   4.76967798], [ -33.33805957,-251.16551191, -98.78783366,-150.07646404, -26.70986448,   -11.00960023,  43.13293539,  46.52180851,  22.21622064,  78.6166665 ,   280.76864921,  72.43364941, -73.12542086], [  37.02710748, -30.74985225,  13.22704892, -60.25141857,  -4.46878969,    12.12370213, -18.96021381,  59.86967956, -13.7399462 , -29.89833788,    72.43364941, 171.69926655, -34.46797296], [ -27.38898525, 135.12008382,  76.32960244, 126.26477482, -47.69530615,   -29.71703068,  15.27813484, -79.11637397, -38.99970955,   4.76967798,   -73.12542086, -34.46797296, 187.71729593]]
/root/sim/music/901~1000/973_Sweet_Pea_Home.mp3; [-672.39557  , 133.4849   ,   8.412399 ,  36.4801   ,   7.356451 ,   13.945442 ,   7.620436 ,   2.096294 ,   1.3755376,   1.6532586,   -5.6837683,  -4.8865576,  -7.841661 ]; [[ 4875.7390578 ,-1775.15107811, -466.21422026, -666.05223333,     17.19786224,   32.70151718,  324.19114922, -141.55175991,    -73.36660903,  154.14543638,   59.21588038,  -88.74869468,    -35.48979884], [-1775.15107811, 1464.64562954, -201.48397131,  317.72063832,     32.28787272,   95.86731519,   -1.31250535,   95.93066244,    119.15137   ,   54.86914369,   -6.74288201,   19.49822781,    -34.92911614], [ -466.21422026, -201.48397131, 1013.69389222,   47.07285873,     49.55888117,  -90.30189147, -162.39141966,   91.38683983,     19.75882367,  -76.9056161 ,   89.66883775,   11.33118085,     69.87496832], [ -666.05223333,  317.72063832,   47.07285873,  357.256121  ,      3.59275166,  -12.39399113,  -23.96250581,   48.43884711,     36.13028252,  -21.70644255,  -32.56494252,   77.86096826,    101.42529767], [   17.19786224,   32.28787272,   49.55888117,    3.59275166,    139.28548929,   73.41657335,   13.63026854,   16.90458721,     53.87247814,   58.56108393,   51.77780698,  -24.13856769,    -46.40585823], [   32.70151718,   95.86731519,  -90.30189147,  -12.39399113,     73.41657335,  170.70045457,  112.11169711,   32.20646011,      8.33082931,   33.88982543,   10.49104094,   14.65669232,     15.10547647], [  324.19114922,   -1.31250535, -162.39141966,  -23.96250581,     13.63026854,  112.11169711,  284.23112003,   20.82228615,    -45.2324609 ,  -50.99603529,  -29.490012  ,   77.91488079,    156.73243274], [ -141.55175991,   95.93066244,   91.38683983,   48.43884711,     16.90458721,   32.20646011,   20.82228615,  125.31220612,     27.15340346,   -8.8201346 ,  -16.55219142,   -1.07641544,     42.25655511], [  -73.36660903,  119.15137   ,   19.75882367,   36.13028252,     53.87247814,    8.33082931,  -45.2324609 ,   27.15340346,    164.33807467,   86.80269677,    1.73178907,  -68.16597867,   -112.04129005], [  154.14543638,   54.86914369,  -76.9056161 ,  -21.70644255,     58.56108393,   33.88982543,  -50.99603529,   -8.8201346 ,     86.80269677,  200.5622172 ,   80.4121648 ,  -97.05940814,   -182.94185694], [   59.21588038,   -6.74288201,   89.66883775,  -32.56494252,     51.77780698,   10.49104094,  -29.490012  ,  -16.55219142,      1.73178907,   80.4121648 ,  142.7039378 ,   -8.05060991,   -128.17802654], [  -88.74869468,   19.49822781,   11.33118085,   77.86096826,    -24.13856769,   14.65669232,   77.91488079,   -1.07641544,    -68.16597867,  -97.05940814,   -8.05060991,  159.30225389,    161.03712593], [  -35.48979884,  -34.92911614,   69.87496832,  101.42529767,    -46.40585823,   15.10547647,  156.73243274,   42.25655511,   -112.04129005, -182.94185694, -128.17802654,  161.03712593,    430.70088662]]
/root/sim/music/901~1000/961_時を刻む森.mp3; [-703.94006   , 198.54636   , -36.608364  ,  14.563561  , -11.105459  ,   -8.964379  ,  -7.5914984 ,  -5.831074  ,  -1.5293338 ,  -2.1943357 ,   -9.258368  ,  -4.630204  ,   0.26300883]; [[9221.48096074, -54.79509058,-174.94525914, 474.19308132,-329.44456155,  -107.22232662,  36.96484524, -21.59828924, -45.06818421,  84.22044774,  -122.31811149,-221.96783804,  84.6162336 ], [ -54.79509058,2653.8612718 ,-348.94029863, -28.10544941, 381.70664528,   157.92923336, -87.40189594, -73.35893804, -24.72592688, -40.04862706,    54.86195048, 145.68933019,  -3.6893244 ], [-174.94525914,-348.94029863,1258.63152932, -57.32271164,   1.2489146 ,   165.59365605, 140.98519794, 219.79966704, 114.39361687,  26.98703639,    -8.44310316,-190.84068532, -63.34875367], [ 474.19308132, -28.10544941, -57.32271164, 378.03002201,  58.71983374,   -19.57628308,  22.40706094, -12.93483278,  13.38562971,  71.59890022,    45.53199715,  32.03128231,  21.3412659 ], [-329.44456155, 381.70664528,   1.2489146 ,  58.71983374, 260.62683732,   118.71598791,  34.77724303,  18.64904793,  -3.70891628, -23.03300844,    24.44140653,  40.53842713,  30.51561764], [-107.22232662, 157.92923336, 165.59365605, -19.57628308, 118.71598791,   273.66665259, 118.93030416,  35.73151044,   6.40469255, -43.10267106,   -19.49525332, -21.72296989,   5.95174263], [  36.96484524, -87.40189594, 140.98519794,  22.40706094,  34.77724303,   118.93030416, 193.92139572,  59.26030284, -19.96739265,  -0.35356568,     9.57001356,  20.26577901,  15.41959456], [ -21.59828924, -73.35893804, 219.79966704, -12.93483278,  18.64904793,    35.73151044,  59.26030284, 207.47186256,  62.55361357, -36.20089818,   -30.37799884, -38.09590511,  27.8225395 ], [ -45.06818421, -24.72592688, 114.39361687,  13.38562971,  -3.70891628,     6.40469255, -19.96739265,  62.55361357, 149.23072861,  51.2152848 ,    -2.37093124, -44.36182153, -25.06480283], [  84.22044774, -40.04862706,  26.98703639,  71.59890022, -23.03300844,   -43.10267106,  -0.35356568, -36.20089818,  51.2152848 , 211.79779396,   105.45548003, -15.90237732, -65.03588015], [-122.31811149,  54.86195048,  -8.44310316,  45.53199715,  24.44140653,   -19.49525332,   9.57001356, -30.37799884,  -2.37093124, 105.45548003,   173.15100926,  72.41266727, -37.2539012 ], [-221.96783804, 145.68933019,-190.84068532,  32.03128231,  40.53842713,   -21.72296989,  20.26577901, -38.09590511, -44.36182153, -15.90237732,    72.41266727, 246.27415705, 119.04834503], [  84.6162336 ,  -3.6893244 , -63.34875367,  21.3412659 ,  30.51561764,     5.95174263,  15.41959456,  27.8225395 , -25.06480283, -65.03588015,   -37.2539012 , 119.04834503, 265.85328662]]
/root/sim/music/901~1000/910_愛哀傘.mp3; [-682.22894  , 206.2403   ,  24.780449 ,  12.159408 ,   1.3705025,    3.3088152,  -7.7561326,   2.3988488,  -2.0433583,  -3.5507543,   -3.6803024,  -2.018911 ,  -2.2512865]; [[12932.31706476,-1532.05197492, -738.57011042,  573.8599252 ,    630.14507002,  250.52705387, -145.33313339,  236.13469498,    309.21821399,  -25.16415057,   36.92111988,   11.35033602,     28.1523613 ], [-1532.05197492, 3797.20904864,  282.20879957,  -62.04502647,    154.85225708,  -37.47142583,  137.42086253,  -84.95586887,     19.26023223,  218.2126117 ,  163.45892903,  142.63719191,    114.55103149], [ -738.57011042,  282.20879957, 2020.91963244,  244.15213867,   -198.59508658,   52.38636613, -106.09969716,  -61.9306657 ,    157.17062738,  112.59462831,  105.92289848,  222.71050862,    142.89698028], [  573.8599252 ,  -62.04502647,  244.15213867,  596.53263219,     57.97009064,  -67.73061846,  -20.49444819,   73.11207128,     84.57447925,   57.15128895,   51.90003392,   73.12225755,     64.4637898 ], [  630.14507002,  154.85225708, -198.59508658,   57.97009064,    319.64438655,   39.498798  ,  -25.35461981,   14.38132942,     44.37613702,   43.25285821,   33.87810676,   -4.09657739,     -4.86460321], [  250.52705387,  -37.47142583,   52.38636613,  -67.73061846,     39.498798  ,  185.38738744,  -10.89638338,  -42.17046713,      6.91043216,   30.92933864,   21.2666148 ,   11.97728939,      4.2519027 ], [ -145.33313339,  137.42086253, -106.09969716,  -20.49444819,    -25.35461981,  -10.89638338,  196.42983536,   32.69124716,    -52.89149315,  -29.46481339,    3.67267211,   19.92055915,     17.11386311], [  236.13469498,  -84.95586887,  -61.9306657 ,   73.11207128,     14.38132942,  -42.17046713,   32.69124716,  153.63947321,     38.34573133,  -41.52665427,  -36.09788094,  -25.34826926,     34.2426053 ], [  309.21821399,   19.26023223,  157.17062738,   84.57447925,     44.37613702,    6.91043216,  -52.89149315,   38.34573133,    196.62630007,   84.93910637,  -20.83631917,    1.96884085,     38.57378089], [  -25.16415057,  218.2126117 ,  112.59462831,   57.15128895,     43.25285821,   30.92933864,  -29.46481339,  -41.52665427,     84.93910637,  177.83257161,   62.70439553,   17.20150346,     12.15915027], [   36.92111988,  163.45892903,  105.92289848,   51.90003392,     33.87810676,   21.2666148 ,    3.67267211,  -36.09788094,    -20.83631917,   62.70439553,  147.51047032,   66.41726046,    -20.11424804], [   11.35033602,  142.63719191,  222.71050862,   73.12225755,     -4.09657739,   11.97728939,   19.92055915,  -25.34826926,      1.96884085,   17.20150346,   66.41726046,  137.30408051,     61.63876202], [   28.1523613 ,  114.55103149,  142.89698028,   64.4637898 ,     -4.86460321,    4.2519027 ,   17.11386311,   34.2426053 ,     38.57378089,   12.15915027,  -20.11424804,   61.63876202,    200.57599384]]
/root/sim/music/901~1000/906_Sunlight.mp3; [-624.15204  , 181.1981   ,   7.8495297,  21.848461 , -13.215327 ,   -7.4669085,  -9.817526 ,   1.6523387,   8.067192 ,  12.607192 ,    6.8975654,   2.6568651,  -1.8318934]; [[ 2854.07150427,-2062.71160832,  545.07684907, -501.56397238,    -67.96485849,  157.21480442,  513.5831933 ,  711.62546512,    416.91584995, -223.99630775, -425.22061333, -390.18194204,   -239.09784049], [-2062.71160832, 2255.13907778, -525.5030006 ,  533.88505441,    120.37596876, -138.96215179, -516.00895154, -714.93311562,   -372.7573996 ,  291.32845975,  484.06389307,  444.50445413,    257.81924608], [  545.07684907, -525.5030006 ,  283.6321334 , -131.15836031,     11.86931847,   82.68884117,  186.52080465,  211.38925817,     85.18406419, -117.6509411 , -146.66757282, -107.52313472,    -26.26648961], [ -501.56397238,  533.88505441, -131.15836031,  239.5969165 ,     38.09954445,  -13.95935925, -140.76415024, -172.80571217,    -60.83917513,  150.77802724,  182.91150103,  131.60135217,     43.58702629], [  -67.96485849,  120.37596876,   11.86931847,   38.09954445,    145.76256716,   56.3178241 ,   20.73811053,  -60.98049531,    -87.78437838,  -17.41780099,   74.73689286,   83.34523743,     66.48752823], [  157.21480442, -138.96215179,   82.68884117,  -13.95935925,     56.3178241 ,  129.64394274,  128.43852813,   91.66447769,    -11.20045818,  -59.82181769,  -28.30367614,   -9.8052794 ,     15.36908724], [  513.5831933 , -516.00895154,  186.52080465, -140.76415024,     20.73811053,  128.43852813,  300.90213524,  291.40341323,     58.63310551, -185.17088836, -178.93434922, -122.82532341,    -30.63630204], [  711.62546512, -714.93311562,  211.38925817, -172.80571217,    -60.98049531,   91.66447769,  291.40341323,  431.93197015,    229.75572802, -120.67977683, -257.48547686, -229.77960123,   -106.18560057], [  416.91584995, -372.7573996 ,   85.18406419,  -60.83917513,    -87.78437838,  -11.20045818,   58.63310551,  229.75572802,    328.96059144,  140.21129878, -102.88864592, -153.97894144,   -116.29719163], [ -223.99630775,  291.32845975, -117.6509411 ,  150.77802724,    -17.41780099,  -59.82181769, -185.17088836, -120.67977683,    140.21129878,  377.22500297,  238.13658363,   83.20150036,    -23.52383302], [ -425.22061333,  484.06389307, -146.66757282,  182.91150103,     74.73689286,  -28.30367614, -178.93434922, -257.48547686,   -102.88864592,  238.13658363,  363.18772873,  248.13523514,     85.97104383], [ -390.18194204,  444.50445413, -107.52313472,  131.60135217,     83.34523743,   -9.8052794 , -122.82532341, -229.77960123,   -153.97894144,   83.20150036,  248.13523514,  267.8151874 ,    142.34078135], [ -239.09784049,  257.81924608,  -26.26648961,   43.58702629,     66.48752823,   15.36908724,  -30.63630204, -106.18560057,   -116.29719163,  -23.52383302,   85.97104383,  142.34078135,    160.08696184]]
/root/sim/music/901~1000/985_開かずの子供部屋.mp3; [-853.9994   , 116.97985  , -41.023155 , -57.52697  , -40.49378  ,  -57.348324 , -17.719286 ,   7.238368 ,   5.2487903,  21.670174 ,   11.756895 ,  -7.435245 , -10.296472 ]; [[14689.72831315, -419.18849794,  348.53769612,  533.66389477,   -251.45860153,-1196.80319743,  266.61090966,  882.95206802,     49.67684536, 1060.4942103 ,   98.86529093,  -67.995945  ,   -631.05485917], [ -419.18849794,  959.73259458,   95.94036664, -104.67630882,    126.48741283, -169.6494546 , -246.93296884, -113.98478227,    -12.23339399,  -47.81781189,  173.78371388,  -58.94204793,     35.57375683], [  348.53769612,   95.94036664,  581.13038241,  125.61068933,    149.9102509 ,   27.93095795, -236.0886382 , -133.73824541,    -63.01377034, -169.82337405,  167.9022558 ,  122.25655005,    -59.06335607], [  533.66389477, -104.67630882,  125.61068933,  246.95034617,     52.17288408,  109.09460181,    4.03655843,  -43.19561404,   -101.79218452,  -59.14383561,  -24.9282928 ,   33.67642164,    -65.29539071], [ -251.45860153,  126.48741283,  149.9102509 ,   52.17288408,    215.92294186,   19.10313823, -117.96723166,  -32.67615048,    -24.9573268 ,  -67.1289067 ,  123.0418898 ,   95.14561789,    -81.44892455], [-1196.80319743, -169.6494546 ,   27.93095795,  109.09460181,     19.10313823,  564.00340606,    0.19411283, -302.42943661,   -112.90988926, -280.97311666, -226.45133509,  158.49352539,    306.15203571], [  266.61090966, -246.93296884, -236.0886382 ,    4.03655843,   -117.96723166,    0.19411283,  569.10019841,  281.58808249,     58.61603067,  148.00962684, -246.75421672, -192.86735085,    -81.130281  ], [  882.95206802, -113.98478227, -133.73824541,  -43.19561404,    -32.67615048, -302.42943661,  281.58808249,  693.6247071 ,    142.65207782,  236.63374486,   25.32251323,    5.21142573,   -339.18345179], [   49.67684536,  -12.23339399,  -63.01377034, -101.79218452,    -24.9573268 , -112.90988926,   58.61603067,  142.65207782,    271.19137232,  140.45300177,   32.29927333,   11.0938107 ,     17.15005676], [ 1060.4942103 ,  -47.81781189, -169.82337405,  -59.14383561,    -67.1289067 , -280.97311666,  148.00962684,  236.63374486,    140.45300177,  381.33612928,    2.20479861, -123.22603699,    -72.73932682], [   98.86529093,  173.78371388,  167.9022558 ,  -24.9282928 ,    123.0418898 , -226.45133509, -246.75421672,   25.32251323,     32.29927333,    2.20479861,  457.38950533,   19.87690235,   -292.56433934], [  -67.995945  ,  -58.94204793,  122.25655005,   33.67642164,     95.14561789,  158.49352539, -192.86735085,    5.21142573,     11.0938107 , -123.22603699,   19.87690235,  475.57813368,     52.89400417], [ -631.05485917,   35.57375683,  -59.06335607,  -65.29539071,    -81.44892455,  306.15203571,  -81.130281  , -339.18345179,     17.15005676,  -72.73932682, -292.56433934,   52.89400417,    753.62450729]]
/root/sim/music/901~1000/995_Another_Meeting.mp3; [-584.8284    , 120.20507   ,  13.714459  ,  16.98267   ,   7.883894  ,   11.729461  ,   0.33877027,   2.766059  ,   0.5613351 ,   2.132121  ,   -0.52355844,   0.61585706,   2.304407  ]; [[15076.07767446,-1150.41900545, 1961.21888665,  385.2790073 ,   1080.41992128,  926.78734634,  724.16173744,  669.6441556 ,    545.06928026,  500.23122462,  369.63085526,  280.28908216,    377.48279327], [-1150.41900545, 2635.70647412, -898.13802193,  186.63220681,   -159.98913485, -171.89476675, -169.421102  ,  -80.70702967,    -18.99299244,  -28.94249181,  -35.68156365,   -3.07009658,    -53.09809867], [ 1961.21888665, -898.13802193, 1278.4079408 ,  139.97809709,    409.68085287,  339.58129849,  275.35611643,  233.69568141,    213.38196246,  213.2591199 ,  166.55305598,  103.00039154,    160.92794717], [  385.2790073 ,  186.63220681,  139.97809709,  266.39118132,    167.20364846,  116.63049105,   86.57283535,   76.65679492,     72.44586218,   58.72960132,   48.44618423,   40.618142  ,     36.30694641], [ 1080.41992128, -159.98913485,  409.68085287,  167.20364846,    397.18078784,  261.25845949,  198.55422869,  194.90884885,    166.06406569,  135.35887661,  113.53319856,   84.33059568,    101.15730103], [  926.78734634, -171.89476675,  339.58129849,  116.63049105,    261.25845949,  252.54212415,  187.51254029,  150.86697412,    130.33524939,  106.91022408,   84.56341948,   61.88454335,     81.79848111], [  724.16173744, -169.421102  ,  275.35611643,   86.57283535,    198.55422869,  187.51254029,  192.01661325,  152.72401585,    118.79301374,   92.34900738,   77.75570069,   59.37514122,     71.22508267], [  669.6441556 ,  -80.70702967,  233.69568141,   76.65679492,    194.90884885,  150.86697412,  152.72401585,  173.61379575,    136.34014772,  101.34557445,   84.59526709,   64.55290861,     72.99852762], [  545.06928026,  -18.99299244,  213.38196246,   72.44586218,    166.06406569,  130.33524939,  118.79301374,  136.34014772,    150.91878127,  117.74340626,   88.75452573,   62.04953198,     71.12586677], [  500.23122462,  -28.94249181,  213.2591199 ,   58.72960132,    135.35887661,  106.91022408,   92.34900738,  101.34557445,    117.74340626,  131.97006215,   95.94802083,   62.91184948,     71.6655176 ], [  369.63085526,  -35.68156365,  166.55305598,   48.44618423,    113.53319856,   84.56341948,   77.75570069,   84.59526709,     88.75452573,   95.94802083,   98.49690508,   68.05292988,     63.05500902], [  280.28908216,   -3.07009658,  103.00039154,   40.618142  ,     84.33059568,   61.88454335,   59.37514122,   64.55290861,     62.04953198,   62.91184948,   68.05292988,   72.38594533,     60.96849608], [  377.48279327,  -53.09809867,  160.92794717,   36.30694641,    101.15730103,   81.79848111,   71.22508267,   72.99852762,     71.12586677,   71.6655176 ,   63.05500902,   60.96849608,     85.20522879]]
/root/sim/music/901~1000/996_陽だまりの休日.mp3; [-776.3748   , 176.71909  ,  21.212574 ,  40.701157 ,   8.8007345,    2.6574075,  -7.7019863, -10.80868  , -17.300451 ,  -8.713125 ,   -4.068096 ,   2.182085 ,   2.7908099]; [[25251.46110833, 3581.81413318, -496.48401599, 1065.51679762,   -123.47740153,  -22.78888755, -176.06667603, -141.77317886,   -417.62983097,  -58.50826969,   11.83956302,  110.21880818,    248.8350306 ], [ 3581.81413318, 2753.04194846,  -76.75792025,  366.65718358,     36.02594687,  -25.77087565, -129.66944037, -162.18688954,   -223.41604402, -108.17300483,  -63.67538911,   77.84787059,     23.58184006], [ -496.48401599,  -76.75792025,  447.31613312,   -8.83153746,     57.73623924,    3.60889962,   12.35638672,  -12.00945472,     17.40330624,  -22.70388472,   11.359918  ,  -19.91353875,     -2.1714229 ], [ 1065.51679762,  366.65718358,   -8.83153746,  248.37360181,     45.71302285,   17.17744143,   -9.10509098,   -3.25405049,    -21.94831624,   11.68599395,   -2.30081876,    8.4083679 ,      2.81601741], [ -123.47740153,   36.02594687,   57.73623924,   45.71302285,    146.72045343,   42.52394554,   18.94332934,  -14.6709162 ,      0.26974789,    9.77310778,   23.95231491,  -13.67492886,    -17.14028212], [  -22.78888755,  -25.77087565,    3.60889962,   17.17744143,     42.52394554,  116.90488864,   24.28023061,    8.68415147,      1.14193633,    3.7287277 ,   20.81635165,   14.93150914,      3.37672728], [ -176.06667603, -129.66944037,   12.35638672,   -9.10509098,     18.94332934,   24.28023061,  102.31177993,   42.52138759,     23.93261631,   19.72060442,   21.89434391,   27.00862767,     18.41312979], [ -141.77317886, -162.18688954,  -12.00945472,   -3.25405049,    -14.6709162 ,    8.68415147,   42.52138759,  117.44800415,     41.20985379,   22.52753134,   16.16425077,   21.05237596,     28.10916984], [ -417.62983097, -223.41604402,   17.40330624,  -21.94831624,      0.26974789,    1.14193633,   23.93261631,   41.20985379,    124.11115343,   29.41192037,   14.78471914,    0.35436549,     22.11385691], [  -58.50826969, -108.17300483,  -22.70388472,   11.68599395,      9.77310778,    3.7287277 ,   19.72060442,   22.52753134,     29.41192037,  102.3603131 ,   31.68799373,   13.6020318 ,      4.49175232], [   11.83956302,  -63.67538911,   11.359918  ,   -2.30081876,     23.95231491,   20.81635165,   21.89434391,   16.16425077,     14.78471914,   31.68799373,   99.84317731,   13.43587636,      1.61252705], [  110.21880818,   77.84787059,  -19.91353875,    8.4083679 ,    -13.67492886,   14.93150914,   27.00862767,   21.05237596,      0.35436549,   13.6020318 ,   13.43587636,   98.12623384,     43.00196321], [  248.8350306 ,   23.58184006,   -2.1714229 ,    2.81601741,    -17.14028212,    3.37672728,   18.41312979,   28.10916984,     22.11385691,    4.49175232,    1.61252705,   43.00196321,    107.33222966]]
/root/sim/music/901~1000/992_Crank.mp3; [-615.098    , 162.33195  ,  22.514116 ,  23.764915 ,  -4.1901135,    5.1407533,   2.0240662,  10.650679 ,   2.291304 ,  -2.5019114,  -17.941748 ,  -9.972046 ,  -6.1018796]; [[10197.88445303, -157.2333004 ,  304.70246996,  -39.90503234,   -410.36753579,   79.91080345,  495.08934483,  322.03206215,    -72.24150259,    8.56132909,  105.86586844,  -35.81535432,    -61.49665499], [ -157.2333004 , 2198.25864021, -218.30121172,   67.25616189,    119.66480003,  253.51709163,   18.47287777,  108.25849682,    289.76028565,  148.91396738,  -82.36080283,  136.02463309,    142.30630996], [  304.70246996, -218.30121172,  381.69543041,   75.99147497,    109.7486362 ,  -20.70742451,  -24.21581363,   40.15438378,    108.03773408,   73.70800521,    2.66655776,   -3.22724398,    -24.60935615], [  -39.90503234,   67.25616189,   75.99147497,  430.41393243,    125.65369535,   21.35370803,   43.36744446,   42.06273828,     75.23528954,  123.52238662,   24.82333565,   20.14643639,     59.02450594], [ -410.36753579,  119.66480003,  109.7486362 ,  125.65369535,    235.79276614,   60.5460506 ,    4.53028854,   18.23042507,     40.87996978,   64.84480478,   27.7110985 ,   37.61934242,     21.961665  ], [   79.91080345,  253.51709163,  -20.70742451,   21.35370803,     60.5460506 ,  203.73080568,  127.5448245 ,   36.38002809,     47.0832641 ,   22.63606745,   22.77059367,   82.3433856 ,     81.93588162], [  495.08934483,   18.47287777,  -24.21581363,   43.36744446,      4.53028854,  127.5448245 ,  298.55940116,  157.63532755,     34.61527958,   48.86201584,   63.47971248,   47.58957439,     79.99056847], [  322.03206215,  108.25849682,   40.15438378,   42.06273828,     18.23042507,   36.38002809,  157.63532755,  181.02185723,     79.50975517,   63.76088843,   39.07088021,   -7.01166506,     20.84106422], [  -72.24150259,  289.76028565,  108.03773408,   75.23528954,     40.87996978,   47.0832641 ,   34.61527958,   79.50975517,    206.62627527,  122.18980773,  -23.24079508,   17.86548754,     18.40235593], [    8.56132909,  148.91396738,   73.70800521,  123.52238662,     64.84480478,   22.63606745,   48.86201584,   63.76088843,    122.18980773,  173.3045184 ,   62.49636583,   10.68031848,      6.73306344], [  105.86586844,  -82.36080283,    2.66655776,   24.82333565,     27.7110985 ,   22.77059367,   63.47971248,   39.07088021,    -23.24079508,   62.49636583,  189.52932287,   61.32475942,      2.01904778], [  -35.81535432,  136.02463309,   -3.22724398,   20.14643639,     37.61934242,   82.3433856 ,   47.58957439,   -7.01166506,     17.86548754,   10.68031848,   61.32475942,  140.01598742,     69.1011343 ], [  -61.49665499,  142.30630996,  -24.60935615,   59.02450594,     21.961665  ,   81.93588162,   79.99056847,   20.84106422,     18.40235593,    6.73306344,    2.01904778,   69.1011343 ,    120.70562359]]
/root/sim/music/901~1000/935_Sparkling_Rain.mp3; [-616.50397  , 117.702774 ,  -5.990547 ,  33.011112 ,   0.7866362,    2.9631996,  -2.5450654,   1.822978 ,   3.282827 ,  10.229275 ,    5.6879487,   6.3334665,   1.1796768]; [[18389.10045128,  137.65885299, 1406.48488637,  -14.86249069,    359.89178522,  765.74184853, 1122.08389097,  790.43323345,    317.23759038, -118.18863836,   69.04060551,   29.05040912,    -45.45246318], [  137.65885299, 2270.22168142, -340.14824278,  713.22413467,     21.75092467,   11.06978298, -152.08687448,   21.32811738,    -32.39824288,   33.23825409,  -68.02858693,  -20.40279482,    -47.88729728], [ 1406.48488637, -340.14824278,  996.4245363 , -242.85965271,    261.4674758 ,  244.36534958,  263.60762827,  207.83840552,    200.46113587,   40.76574285,  108.37338285,    2.35745137,     69.91610945], [  -14.86249069,  713.22413467, -242.85965271,  557.56970177,     42.2808194 ,   -5.12999932,  -31.32404422,   14.25590879,    -32.63282484,   12.8136866 ,  -67.27810412,    0.92310165,    -31.36031535], [  359.89178522,   21.75092467,  261.4674758 ,   42.2808194 ,    277.03111622,  129.55697178,  106.9233947 ,   65.36393949,     77.70201054,   27.92524857,   61.94787438,   39.57161137,     63.11728925], [  765.74184853,   11.06978298,  244.36534958,   -5.12999932,    129.55697178,  236.34810896,  206.15665285,  131.01162364,     68.88328575,   17.4783964 ,   46.59034873,   36.58914976,     41.61935334], [ 1122.08389097, -152.08687448,  263.60762827,  -31.32404422,    106.9233947 ,  206.15665285,  371.72801544,  221.00832588,     78.33014722,  -11.20109877,   33.6382297 ,   30.82285901,     41.86474878], [  790.43323345,   21.32811738,  207.83840552,   14.25590879,     65.36393949,  131.01162364,  221.00832588,  227.85089197,    105.67067759,   -1.21154479,   11.27219164,   11.30043615,     38.81787149], [  317.23759038,  -32.39824288,  200.46113587,  -32.63282484,     77.70201054,   68.88328575,   78.33014722,  105.67067759,    160.22403675,   74.04965307,   10.44670521,   -9.67966436,     40.78044544], [ -118.18863836,   33.23825409,   40.76574285,   12.8136866 ,     27.92524857,   17.4783964 ,  -11.20109877,   -1.21154479,     74.04965307,  147.863536  ,   57.92577759,   -4.71328822,     22.72550424], [   69.04060551,  -68.02858693,  108.37338285,  -67.27810412,     61.94787438,   46.59034873,   33.6382297 ,   11.27219164,     10.44670521,   57.92577759,  179.40820166,   88.17856471,     38.03169722], [   29.05040912,  -20.40279482,    2.35745137,    0.92310165,     39.57161137,   36.58914976,   30.82285901,   11.30043615,     -9.67966436,   -4.71328822,   88.17856471,  123.85463159,     51.40530551], [  -45.45246318,  -47.88729728,   69.91610945,  -31.36031535,     63.11728925,   41.61935334,   41.86474878,   38.81787149,     40.78044544,   22.72550424,   38.03169722,   51.40530551,    143.36877411]]
