/root/sim/music/out/Led Zeppelin/Remasters [Disc 1]/1-08 Immigrant Song.mp3; [-595.81824  , 111.574524 ,   5.852329 ,  30.482166 ,   9.734289 ,   14.401949 ,  -0.8198044,   7.5537705,   0.5481745,   4.155101 ,   -5.207126 ,  -1.3130841,  -1.7429508]; [[5787.30498529,  44.30009397,-100.91031604,-234.61984563,  60.19705307,    90.17919657,   8.20392188,  45.71964388,-130.89993698,-146.38763268,  -105.37730947,   8.96285694,  -7.74929806], [  44.30009397, 709.24270267, -11.87429063,   2.45897778,  68.81967423,   -12.12451788,  47.90170701,  31.12537214,  20.74971536,  -9.5692949 ,    15.18316082,  28.42573294,   6.59263437], [-100.91031604, -11.87429063, 591.66887803, 149.15376325, -24.71027351,    13.43331597, -24.38585542,  61.95759313,  48.52845666,  21.31451168,   -34.34486647,  22.80213748,  53.54221464], [-234.61984563,   2.45897778, 149.15376325, 238.6836264 ,  10.11162967,   -13.33784249,  -6.3620245 ,  21.81792737,  40.60809087,  39.29536531,    -9.63662176,   9.70039178,  25.74065952], [  60.19705307,  68.81967423, -24.71027351,  10.11162967, 152.23040013,    37.32371498,  -1.41713202, -24.81419914,   3.96241878,   9.01716584,    24.85680002,   1.22799903, -10.79068817], [  90.17919657, -12.12451788,  13.43331597, -13.33784249,  37.32371498,    94.88958597,  29.50635408,  -7.44635644, -12.9207816 ,   0.25897871,    12.03101524,  -0.15492561,  -9.60777859], [   8.20392188,  47.90170701, -24.38585542,  -6.3620245 ,  -1.41713202,    29.50635408,  91.27599369,  24.94560765,  -4.73816423,   2.98711892,    11.32697193,   6.00045426,   1.15345868], [  45.71964388,  31.12537214,  61.95759313,  21.81792737, -24.81419914,    -7.44635644,  24.94560765,  83.91454536,  30.15805915,  -3.60848961,   -17.46378175,   9.31380226,  20.6264989 ], [-130.89993698,  20.74971536,  48.52845666,  40.60809087,   3.96241878,   -12.9207816 ,  -4.73816423,  30.15805915,  67.52743515,  25.75076206,    -5.060519  ,   8.8262121 ,  12.66356492], [-146.38763268,  -9.5692949 ,  21.31451168,  39.29536531,   9.01716584,     0.25897871,   2.98711892,  -3.60848961,  25.75076206,  60.21220923,    26.36472011,   2.1968737 ,   1.04734796], [-105.37730947,  15.18316082, -34.34486647,  -9.63662176,  24.85680002,    12.03101524,  11.32697193, -17.46378175,  -5.060519  ,  26.36472011,    67.010577  ,  15.1748128 , -10.0537765 ], [   8.96285694,  28.42573294,  22.80213748,   9.70039178,   1.22799903,    -0.15492561,   6.00045426,   9.31380226,   8.8262121 ,   2.1968737 ,    15.1748128 ,  44.32824867,  20.76702101], [  -7.74929806,   6.59263437,  53.54221464,  25.74065952, -10.79068817,    -9.60777859,   1.15345868,  20.6264989 ,  12.66356492,   1.04734796,   -10.0537765 ,  20.76702101,  57.29725341]]
/root/sim/music/out/Led Zeppelin/Remasters [Disc 1]/1-06 Heartbreaker.mp3; [-624.36664  , 138.12305  , -25.92122  ,  20.74734  ,  14.605836 ,    3.248538 ,   3.6310332,   1.2795217,  -4.158993 ,  -1.2404575,   -6.306115 ,  -7.30162  ,  -7.928825 ]; [[ 8611.38210503,-1726.11127899,  785.30091296,  391.31841919,    446.10676378,  442.62830893,  251.52699973,  -32.45449146,     -9.74200172,   72.93836358,  109.20710223,   69.6038151 ,    -84.90897215], [-1726.11127899, 1537.72392294, -313.13256165, -114.361699  ,     45.47731403,    4.48697897,   -7.79933833,   36.94772457,     38.28303586, -104.06993955,  -30.63186293,   -2.81658966,    -13.10481974], [  785.30091296, -313.13256165, 1791.18529184,    3.06481897,    683.27019527,  445.67006871,  180.28611558,   93.68726069,    192.78486929,  -27.32821088,   72.94133558,   86.94735238,   -107.2385636 ], [  391.31841919, -114.361699  ,    3.06481897,  301.57463509,     46.54616311,   21.54168583,   10.75601554,    7.26022909,    -10.84470597,   38.49036614,   14.93636452,    6.22451465,     10.22715141], [  446.10676378,   45.47731403,  683.27019527,   46.54616311,    589.71858926,  334.51923531,   96.31312241,   50.92878416,    112.52840382,  -42.82979198,   39.46640341,   57.68014266,    -66.32682774], [  442.62830893,    4.48697897,  445.67006871,   21.54168583,    334.51923531,  462.43213461,  119.08087036,   56.98735863,     78.13519386,  -66.92534149,    7.64162187,   42.19115055,    -99.2194612 ], [  251.52699973,   -7.79933833,  180.28611558,   10.75601554,     96.31312241,  119.08087036,  182.3968872 ,   52.94599963,     26.51947564,    7.30005233,   27.0673475 ,   13.10985895,    -12.75360944], [  -32.45449146,   36.94772457,   93.68726069,    7.26022909,     50.92878416,   56.98735863,   52.94599963,  105.1988092 ,     43.49825127,   -9.53368204,    0.7225223 ,    6.70092082,    -12.78538898], [   -9.74200172,   38.28303586,  192.78486929,  -10.84470597,    112.52840382,   78.13519386,   26.51947564,   43.49825127,    126.7928578 ,   16.31133009,    3.9765633 ,   14.71059725,    -19.88229233], [   72.93836358, -104.06993955,  -27.32821088,   38.49036614,    -42.82979198,  -66.92534149,    7.30005233,   -9.53368204,     16.31133009,  113.18961645,   39.08460301,   -6.20725413,     27.79528053], [  109.20710223,  -30.63186293,   72.94133558,   14.93636452,     39.46640341,    7.64162187,   27.0673475 ,    0.7225223 ,      3.9765633 ,   39.08460301,   96.96015664,   32.52448446,      9.25829481], [   69.6038151 ,   -2.81658966,   86.94735238,    6.22451465,     57.68014266,   42.19115055,   13.10985895,    6.70092082,     14.71059725,   -6.20725413,   32.52448446,   69.08029433,     14.00984701], [  -84.90897215,  -13.10481974, -107.2385636 ,   10.22715141,    -66.32682774,  -99.2194612 ,  -12.75360944,  -12.78538898,    -19.88229233,   27.79528053,    9.25829481,   14.00984701,     98.94064908]]
/root/sim/music/out/Led Zeppelin/Remasters [Disc 1]/1-10 Since I've Been Loving You.mp3; [-672.23615   , 120.844574  ,   0.18329547,  30.725103  ,  21.904446  ,   15.723416  ,   0.5568963 ,   7.5384974 ,   5.7528934 ,   5.5550437 ,   -1.9500003 ,  -0.23465157,  -4.378494  ]; [[18148.60559385, -902.03858982,-4096.14211077,-1938.53747572,   -237.9648384 ,  348.0093047 , -153.45307028, -126.21575984,      4.39581269,  258.5131335 ,   33.86685672,  -68.85943734,     46.64794815], [ -902.03858982, 1340.25294447, -315.48749272,    4.23422924,     78.26202472,  -87.45440459,  -20.65240878,  -23.65919093,     25.94082285,  -39.27468556,  -54.27275218,  -11.98786144,    -31.48523337], [-4096.14211077, -315.48749272, 2304.65016846,  587.27863978,    -94.07479723,  -48.58709708,   58.84657542,   63.05547654,    -64.46470566, -127.60663988,  -12.87986739,    1.30283718,    -31.64786834], [-1938.53747572,    4.23422924,  587.27863978,  573.81965874,     89.16616374,  -26.46453855,   18.33454909,    5.66060148,    -16.45207142,  -38.05234508,  -26.0887473 ,   11.73603764,     -5.88507356], [ -237.9648384 ,   78.26202472,  -94.07479723,   89.16616374,    249.33588091,   28.5554808 ,  -27.95652295,   -4.75956048,     16.13255278,   -3.7086849 ,  -39.74768262,  -14.17475132,    -12.78475293], [  348.0093047 ,  -87.45440459,  -48.58709708,  -26.46453855,     28.5554808 ,  160.4174627 ,   52.90931988,   -5.61213973,    -22.77106568,    1.46142383,    3.12910738,   -0.45450163,      4.77512637], [ -153.45307028,  -20.65240878,   58.84657542,   18.33454909,    -27.95652295,   52.90931988,  140.7686105 ,   27.21149909,    -30.245176  ,   -5.30405849,   16.25944673,    7.33057761,      7.00068424], [ -126.21575984,  -23.65919093,   63.05547654,    5.66060148,     -4.75956048,   -5.61213973,   27.21149909,  124.184446  ,     46.92632425,   -5.70139621,   -5.86012186,   -9.33915868,     -3.55231909], [    4.39581269,   25.94082285,  -64.46470566,  -16.45207142,     16.13255278,  -22.77106568,  -30.245176  ,   46.92632425,    123.17707596,   40.96081476,  -10.78590026,  -11.87281859,     -6.26935178], [  258.5131335 ,  -39.27468556, -127.60663988,  -38.05234508,     -3.7086849 ,    1.46142383,   -5.30405849,   -5.70139621,     40.96081476,  104.81393811,   35.94419093,   -3.66975516,     -2.13568605], [   33.86685672,  -54.27275218,  -12.87986739,  -26.0887473 ,    -39.74768262,    3.12910738,   16.25944673,   -5.86012186,    -10.78590026,   35.94419093,  105.92220965,   38.04489434,      6.55818214], [  -68.85943734,  -11.98786144,    1.30283718,   11.73603764,    -14.17475132,   -0.45450163,    7.33057761,   -9.33915868,    -11.87281859,   -3.66975516,   38.04489434,   89.1990975 ,     41.64518448], [   46.64794815,  -31.48523337,  -31.64786834,   -5.88507356,    -12.78475293,    4.77512637,    7.00068424,   -3.55231909,     -6.26935178,   -2.13568605,    6.55818214,   41.64518448,     88.79330998]]
/root/sim/music/out/Led Zeppelin/Remasters [Disc 1]/1-04 Dazed And Confused.mp3; [-630.46106   , 140.15005   ,  -9.789306  ,  29.717419  ,   5.3187056 ,    6.104239  ,   3.5302174 ,   9.166658  ,   3.8443232 ,   2.227279  ,   -0.07252255,   1.2651142 ,  -2.5115914 ]; [[13671.31529186,-3664.00762535, -951.9829542 , -281.49943411,   -910.8111092 ,   80.18651959,   65.99744282,   45.22229167,    -30.64618249,   11.95731486,  -66.46245706,  101.33866269,    -18.06049936], [-3664.00762535, 2214.57537617, -210.19055233,   24.75441675,    245.39513018, -131.2616791 ,  -60.21663031,  -56.50945636,     -2.65009296,  -15.97365965,   47.49398014,  -18.1383329 ,     49.38568865], [ -951.9829542 , -210.19055233,  946.01698939,    2.14936911,     54.94717156,  138.98174701,    5.87320409,  -24.36963607,    -12.77290735,   12.61077683,   18.54688521,    6.3841713 ,    -20.47028032], [ -281.49943411,   24.75441675,    2.14936911,  384.33844198,    175.27399061,  -11.69514268,   38.05121105,   54.97237761,     49.739379  ,   47.20770314,   -5.14189473,    5.20228829,     29.57466888], [ -910.8111092 ,  245.39513018,   54.94717156,  175.27399061,    298.26789463,   29.30878421,   23.20057789,   30.26051099,     26.94223969,   40.5302483 ,    8.29113238,    1.21949995,     27.45749423], [   80.18651959, -131.2616791 ,  138.98174701,  -11.69514268,     29.30878421,  246.79904493,   77.90743209,   29.30926943,     14.23446049,    8.48955134,   38.34281355,   31.14838183,     12.73719237], [   65.99744282,  -60.21663031,    5.87320409,   38.05121105,     23.20057789,   77.90743209,  178.01859048,   72.45022129,      6.59278667,   -8.87306368,    2.47740295,    5.1125377 ,     -8.41423573], [   45.22229167,  -56.50945636,  -24.36963607,   54.97237761,     30.26051099,   29.30926943,   72.45022129,  154.26748159,     56.56183576,    3.55726038,   -0.44774888,   -2.91036644,     -1.43209004], [  -30.64618249,   -2.65009296,  -12.77290735,   49.739379  ,     26.94223969,   14.23446049,    6.59278667,   56.56183576,    122.02446422,   47.13666391,    5.86606625,    3.90188562,      2.0620422 ], [   11.95731486,  -15.97365965,   12.61077683,   47.20770314,     40.5302483 ,    8.48955134,   -8.87306368,    3.55726038,     47.13666391,  121.42559893,   38.57496068,   12.52721081,     23.58695871], [  -66.46245706,   47.49398014,   18.54688521,   -5.14189473,      8.29113238,   38.34281355,    2.47740295,   -0.44774888,      5.86606625,   38.57496068,  105.33830307,   45.89087329,     13.94364115], [  101.33866269,  -18.1383329 ,    6.3841713 ,    5.20228829,      1.21949995,   31.14838183,    5.1125377 ,   -2.91036644,      3.90188562,   12.52721081,   45.89087329,   97.51745878,     47.53672801], [  -18.06049936,   49.38568865,  -20.47028032,   29.57466888,     27.45749423,   12.73719237,   -8.41423573,   -1.43209004,      2.0620422 ,   23.58695871,   13.94364115,   47.53672801,    104.99923676]]
/root/sim/music/out/Led Zeppelin/Remasters [Disc 1]/1-07 Ramble On.mp3; [-679.163    , 123.34806  ,  -5.802542 ,  29.589495 ,  10.666555 ,   12.07603  ,  -0.6689304,   5.2605977,  -1.383221 ,  -2.805838 ,   -8.434825 ,  -3.3680587,  -9.136309 ]; [[15012.0032712 ,   -1.87631417, -791.73096847,   -7.6885669 ,    -57.83328554, -202.4303621 , -145.32337153, -113.29827083,    -77.40520187,    1.36805824, -124.50513988,   25.04655575,    -16.44838858], [   -1.87631417, 1014.59650762,  -29.12880807,  127.23428968,    -95.96599531,    5.66532664,    7.04033667,   -4.68126931,     -4.77626329,   -5.16438884,   36.54451005,   -2.62213479,     -5.36766508], [ -791.73096847,  -29.12880807,  679.58475677,   84.95739398,     30.3917032 ,   55.68112147,   22.92919943,   26.67669159,    -40.84918539,  -17.2688593 ,   -4.66704328,  -16.43980763,    -13.90250633], [   -7.6885669 ,  127.23428968,   84.95739398,  287.34133572,     48.37129357,    0.47745037,  -41.19921622,    8.61634845,     -8.7737971 ,    3.98946633,    2.91970397,   12.25939103,     22.94210029], [  -57.83328554,  -95.96599531,   30.3917032 ,   48.37129357,    227.5226422 ,   34.54371885,   24.80822812,   -7.416826  ,     19.11091403,   12.33117318,  -13.2351124 ,    3.98280847,     34.29197162], [ -202.4303621 ,    5.66532664,   55.68112147,    0.47745037,     34.54371885,  200.76996174,   83.85590175,   32.5176367 ,     -0.9989317 ,  -23.70145904,  -14.3860236 ,  -12.70618365,    -28.00706901], [ -145.32337153,    7.04033667,   22.92919943,  -41.19921622,     24.80822812,   83.85590175,  162.8054501 ,   47.01162285,     -3.28946865,  -10.16793766,    0.35638246,   -8.49692424,     -8.18077934], [ -113.29827083,   -4.68126931,   26.67669159,    8.61634845,     -7.416826  ,   32.5176367 ,   47.01162285,  106.68597896,     26.43042178,    6.02636397,    6.55902362,   -8.35028404,     -8.23502056], [  -77.40520187,   -4.77626329,  -40.84918539,   -8.7737971 ,     19.11091403,   -0.9989317 ,   -3.28946865,   26.43042178,    108.89889688,   34.0699935 ,    4.00500603,    8.02899679,      4.17867526], [    1.36805824,   -5.16438884,  -17.2688593 ,    3.98946633,     12.33117318,  -23.70145904,  -10.16793766,    6.02636397,     34.0699935 ,  103.97785914,   47.43852496,   24.26778138,     22.9542276 ], [ -124.50513988,   36.54451005,   -4.66704328,    2.91970397,    -13.2351124 ,  -14.3860236 ,    0.35638246,    6.55902362,      4.00500603,   47.43852496,   98.59730106,   36.93131616,     17.86156978], [   25.04655575,   -2.62213479,  -16.43980763,   12.25939103,      3.98280847,  -12.70618365,   -8.49692424,   -8.35028404,      8.02899679,   24.26778138,   36.93131616,   80.64121365,     38.37728637], [  -16.44838858,   -5.36766508,  -13.90250633,   22.94210029,     34.29197162,  -28.00706901,   -8.18077934,   -8.23502056,      4.17867526,   22.9542276 ,   17.86156978,   38.37728637,     94.56895544]]
/root/sim/music/out/Led Zeppelin/Remasters [Disc 1]/1-09 Celebration Day.mp3; [-595.36554   , 129.62486   ,  -2.0499187 ,  11.928371  ,   2.9657857 ,    9.531453  ,   5.242561  ,   4.2572436 ,  -0.08733095,   2.437977  ,   -5.374923  ,  -2.9093554 ,  -1.1290983 ]; [[7997.45892651,-649.94549041, 374.11124046,-100.57450208, 136.06529886,   190.13516841,-152.61539434,  64.29952837,-102.91140601, -93.67348076,    57.26404194, -33.46330541,  -3.53909262], [-649.94549041, 875.86815327,-379.99980653, 110.29416313, -56.31127594,   -89.57271676,  75.35013795, -61.13104968,  14.41015074,  34.60463493,   -24.36302523,  25.65929523,  18.7115809 ], [ 374.11124046,-379.99980653, 591.21378381, -66.07073053,  13.96772021,    75.44423803, -18.82092773,  56.80065519,  -1.82767319, -18.87401284,    -2.40065101, -10.60151743,  -5.65247696], [-100.57450208, 110.29416313, -66.07073053, 153.68756757, -10.13184608,   -20.55163236,   9.25669643, -11.1214234 ,   8.11612179,  10.47644229,    -8.00555977,  10.30087246,  11.97733212], [ 136.06529886, -56.31127594,  13.96772021, -10.13184608, 167.2234488 ,    49.32591256, -12.09209223,  19.40167676,  -2.49509508,  -4.42888772,    15.44998374,  -8.96767907, -14.00907763], [ 190.13516841, -89.57271676,  75.44423803, -20.55163236,  49.32591256,   126.14112541,  30.35319091,  17.37089663,  -9.1372229 ,   2.517249  ,    15.74783813,  -5.71247612,  -2.96460347], [-152.61539434,  75.35013795, -18.82092773,   9.25669643, -12.09209223,    30.35319091,  96.27396326,  17.9706087 ,  -5.40898749,  -0.71494882,    -6.01463103,  -1.14386157,   3.50729033], [  64.29952837, -61.13104968,  56.80065519, -11.1214234 ,  19.40167676,    17.37089663,  17.9706087 ,  85.54131763,  21.10844997, -21.4527075 ,    -9.73829225,  -8.63547744,   1.62138245], [-102.91140601,  14.41015074,  -1.82767319,   8.11612179,  -2.49509508,    -9.1372229 ,  -5.40898749,  21.10844997,  74.26423813,  32.15421842,     0.78814009,  10.81703062,   5.59741963], [ -93.67348076,  34.60463493, -18.87401284,  10.47644229,  -4.42888772,     2.517249  ,  -0.71494882, -21.4527075 ,  32.15421842,  87.82386499,    34.87982872,  15.23033866,  -0.40363374], [  57.26404194, -24.36302523,  -2.40065101,  -8.00555977,  15.44998374,    15.74783813,  -6.01463103,  -9.73829225,   0.78814009,  34.87982872,    74.38873977,  19.87385586,  -7.34632095], [ -33.46330541,  25.65929523, -10.60151743,  10.30087246,  -8.96767907,    -5.71247612,  -1.14386157,  -8.63547744,  10.81703062,  15.23033866,    19.87385586,  54.74965328,  21.58395178], [  -3.53909262,  18.7115809 ,  -5.65247696,  11.97733212, -14.00907763,    -2.96460347,   3.50729033,   1.62138245,   5.59741963,  -0.40363374,    -7.34632095,  21.58395178,  49.96138959]]
/root/sim/music/out/Led Zeppelin/Remasters [Disc 2]/2-09 Achilles Last Stand.mp3; [-605.2455    , 120.43393   , -26.396477  ,  37.99699   ,  19.482622  ,   10.080513  ,   4.3391714 ,  -5.864891  ,   0.87808615,   4.9075947 ,    0.84561443,  -1.760266  ,  -0.46280608]; [[11000.98455429,   66.30973875,  486.76450483, -422.75030377,   -199.4454728 ,   98.47111859,  337.74700192,  127.80066963,   -143.7063452 ,  280.07967054,  327.63183028,  224.82188674,     53.54907406], [   66.30973875,  746.22668256, -355.37642005,  145.46006394,     -8.61427038,   -6.94054974,    2.85160211,  -26.48611284,     37.05330856,  -41.98873169,  -41.9737903 ,  -32.40549994,    -40.48752882], [  486.76450483, -355.37642005,  913.54625962, -348.06546205,     88.49067581,   72.20137739,   10.50044565,   48.22866237,    -42.75160361,   63.4850967 ,   46.6593994 ,   54.61928709,     49.90399541], [ -422.75030377,  145.46006394, -348.06546205,  405.983992  ,     42.34883311,  -23.02099512,  -41.59327961,  -64.18143379,     27.80948635,  -17.51517974,  -32.75688128,  -30.99901904,     -2.60859711], [ -199.4454728 ,   -8.61427038,   88.49067581,   42.34883311,    165.33163257,   37.95864212,  -28.22753374,  -21.39614201,      2.83046316,   10.7526622 ,   -4.87125642,    3.27608271,     13.01681416], [   98.47111859,   -6.94054974,   72.20137739,  -23.02099512,     37.95864212,  156.6791724 ,   34.25937266,  -26.19464532,      1.94723706,   22.17535152,   19.69394255,   -0.57076184,     -3.94433533], [  337.74700192,    2.85160211,   10.50044565,  -41.59327961,    -28.22753374,   34.25937266,  130.6394988 ,   42.26155428,     -8.55089564,   23.24574411,   23.50099895,   21.3690919 ,     10.06278746], [  127.80066963,  -26.48611284,   48.22866237,  -64.18143379,    -21.39614201,  -26.19464532,   42.26155428,  119.99465172,     20.63138575,   -7.19653699,    1.79792431,    9.4105761 ,     -0.23860022], [ -143.7063452 ,   37.05330856,  -42.75160361,   27.80948635,      2.83046316,    1.94723706,   -8.55089564,   20.63138575,     72.86041055,   14.62050997,  -11.17310171,  -10.75514734,     -8.33591195], [  280.07967054,  -41.98873169,   63.4850967 ,  -17.51517974,     10.7526622 ,   22.17535152,   23.24574411,   -7.19653699,     14.62050997,   81.41973352,   34.61606894,   12.88700042,      6.59645845], [  327.63183028,  -41.9737903 ,   46.6593994 ,  -32.75688128,     -4.87125642,   19.69394255,   23.50099895,    1.79792431,    -11.17310171,   34.61606894,   76.87737482,   34.58844268,     -1.23995149], [  224.82188674,  -32.40549994,   54.61928709,  -30.99901904,      3.27608271,   -0.57076184,   21.3690919 ,    9.4105761 ,    -10.75514734,   12.88700042,   34.58844268,   72.64278605,     30.97840149], [   53.54907406,  -40.48752882,   49.90399541,   -2.60859711,     13.01681416,   -3.94433533,   10.06278746,   -0.23860022,     -8.33591195,    6.59645845,   -1.23995149,   30.97840149,     69.22512288]]
/root/sim/music/out/Led Zeppelin/Remasters [Disc 2]/2-11 In The Evening.mp3; [-639.87427   , 140.27654   , -22.123379  ,  27.06335   ,  14.221077  ,    9.4802475 ,   1.6943492 ,   1.3619378 ,   3.161354  ,   1.3505589 ,   -4.6831083 ,  -1.7234201 ,   0.14010224]; [[19775.14310568,-4063.59219486,-1743.0651869 ,  219.17488925,   -810.78080286,  401.25545013,  127.58242369, -638.60802972,   -459.06804979,  249.01096945,  213.58595797,  -96.3499944 ,   -251.67975577], [-4063.59219486, 3065.57625569,  237.6673923 ,   49.98046626,    446.77394839, -178.46946215,  -54.0655264 ,  250.28972006,    187.25821539,  -96.69907317, -133.69268285,   17.09349515,     73.5469542 ], [-1743.0651869 ,  237.6673923 ,  763.466188  ,  -49.83535983,     60.37148598,   -6.76465872,  -19.11788006,   95.42882286,     33.3131391 ,  -45.69874115,   12.52926316,   -8.82184555,     17.94562186], [  219.17488925,   49.98046626,  -49.83535983,  217.24871791,     -4.62496344,  -26.4838604 ,    3.20693146,   -6.49581721,      5.81861933,    0.03169031,   -9.81918679,    8.10206693,     15.86477827], [ -810.78080286,  446.77394839,   60.37148598,   -4.62496344,    288.10261655,   39.3706809 ,    7.13306075,   64.19058444,     75.32811947,   11.12534478,  -45.00676404,   15.18977548,     37.23902764], [  401.25545013, -178.46946215,   -6.76465872,  -26.4838604 ,     39.3706809 ,  175.20715785,   39.47388021,  -16.3676965 ,     22.77601812,   33.44306235,    2.3696861 ,    1.51125458,      5.38073455], [  127.58242369,  -54.0655264 ,  -19.11788006,    3.20693146,      7.13306075,   39.47388021,  102.49891932,   22.44035217,      8.1497169 ,   19.39112176,    1.47748219,   -2.33016541,     -5.08955848], [ -638.60802972,  250.28972006,   95.42882286,   -6.49581721,     64.19058444,  -16.3676965 ,   22.44035217,  129.5508412 ,     46.68301666,   -6.77603339,  -10.61704583,    3.63961488,     17.63442856], [ -459.06804979,  187.25821539,   33.3131391 ,    5.81861933,     75.32811947,   22.77601812,    8.1497169 ,   46.68301666,    113.47375885,   27.41310998,  -17.80105642,    5.2116542 ,     19.39765814], [  249.01096945,  -96.69907317,  -45.69874115,    0.03169031,     11.12534478,   33.44306235,   19.39112176,   -6.77603339,     27.41310998,   87.58294336,   18.5994125 ,   -6.96500495,     -2.7109125 ], [  213.58595797, -133.69268285,   12.52926316,   -9.81918679,    -45.00676404,    2.3696861 ,    1.47748219,  -10.61704583,    -17.80105642,   18.5994125 ,   75.40688908,   12.8442354 ,    -13.87609178], [  -96.3499944 ,   17.09349515,   -8.82184555,    8.10206693,     15.18977548,    1.51125458,   -2.33016541,    3.63961488,      5.2116542 ,   -6.96500495,   12.8442354 ,   71.82552051,     27.43789822], [ -251.67975577,   73.5469542 ,   17.94562186,   15.86477827,     37.23902764,    5.38073455,   -5.08955848,   17.63442856,     19.39765814,   -2.7109125 ,  -13.87609178,   27.43789822,     71.10282003]]
/root/sim/music/out/Led Zeppelin/Remasters [Disc 2]/2-03 D'yer Mak'er.mp3; [-620.9579    ,  97.617455  ,  -7.4398546 ,  27.36939   ,  11.800746  ,    4.2083507 ,  -0.39132756,  -0.5506816 ,  -0.73288804,  -0.49620375,   -4.598211  ,  -4.177742  ,  -1.5357131 ]; [[9041.92416537,-218.32519521, -33.08852616, -61.02311274, -74.14119776,   -13.33939247,  54.22352813,  -8.44525028, -40.36748331, -16.32550164,   -39.38565555, -48.55113061, -66.25391175], [-218.32519521,1111.68700908,-241.48228633,  50.09685178,   8.02226446,    -5.04778643,  35.77940932,  26.20999107,  62.29402349,  43.35289061,    -6.01227155,  18.5261679 , -10.90746325], [ -33.08852616,-241.48228633, 822.37863572, -17.06468558, -22.19044458,    59.42327011,  28.03997217,  21.56287449,  -1.44921279,  -4.40330494,    16.21118393,   2.88404137,  -9.57782615], [ -61.02311274,  50.09685178, -17.06468558, 286.42460225,  93.08359622,   -16.38176771, -33.38351482,  -0.31485471,  26.92267368,  21.29088123,   -17.68443457,   6.73837243,  21.8944893 ], [ -74.14119776,   8.02226446, -22.19044458,  93.08359622, 272.16936239,    50.59299882,   4.76696716,  12.0427154 ,  46.1720868 ,  37.31443482,    -9.03200753,   1.79572648,  11.79826193], [ -13.33939247,  -5.04778643,  59.42327011, -16.38176771,  50.59299882,   174.89683998,  80.38207291,  19.68054648,  -0.94925821,   8.67719801,    27.73564871,  -0.74227536, -17.79397186], [  54.22352813,  35.77940932,  28.03997217, -33.38351482,   4.76696716,    80.38207291, 157.29559519,  53.95003512,  -2.08642331,   7.98205204,    27.42257022,   2.95545862,  -8.60551917], [  -8.44525028,  26.20999107,  21.56287449,  -0.31485471,  12.0427154 ,    19.68054648,  53.95003512,  91.98341566,  27.6806333 ,   2.50621187,    12.21737376,   6.09378903,   6.1646446 ], [ -40.36748331,  62.29402349,  -1.44921279,  26.92267368,  46.1720868 ,    -0.94925821,  -2.08642331,  27.6806333 , 103.67023739,  42.53145684,    -1.05078312,   6.05815086,   1.26476192], [ -16.32550164,  43.35289061,  -4.40330494,  21.29088123,  37.31443482,     8.67719801,   7.98205204,   2.50621187,  42.53145684,  78.80972352,    20.06784255,  -0.62497363,   2.49808172], [ -39.38565555,  -6.01227155,  16.21118393, -17.68443457,  -9.03200753,    27.73564871,  27.42257022,  12.21737376,  -1.05078312,  20.06784255,    72.08910945,  15.74934055,  -5.02745582], [ -48.55113061,  18.5261679 ,   2.88404137,   6.73837243,   1.79572648,    -0.74227536,   2.95545862,   6.09378903,   6.05815086,  -0.62497363,    15.74934055,  53.67924234,  18.55826229], [ -66.25391175, -10.90746325,  -9.57782615,  21.8944893 ,  11.79826193,   -17.79397186,  -8.60551917,   6.1646446 ,   1.26476192,   2.49808172,    -5.02745582,  18.55826229,  63.2861642 ]]
/root/sim/music/out/Led Zeppelin/Remasters [Disc 2]/2-10 All My Love.mp3; [-662.08527   , 126.220055  , -19.813934  ,  21.76968   ,   8.535767  ,    2.8383577 ,  -0.85817444,  -4.511547  ,  -1.862304  ,  -0.888834  ,   -4.29527   ,  -2.0783339 ,  -2.1196003 ]; [[15533.09795794,  374.21578255, -626.68110125,  271.72295891,    109.25946372,  153.26297474,  117.16605153,  -56.36101185,     -7.02614414,   -6.08896748,  -38.82940204,  -54.51488253,    -46.28716859], [  374.21578255, 1277.0160778 , -286.35927992,   -8.89573132,     11.43811326,  -22.180539  ,   32.04176999,  -10.0783348 ,      0.8410321 ,  -30.21902791,    1.30665228,   -1.42318552,     -3.44524685], [ -626.68110125, -286.35927992,  785.50589599,   46.39019244,     36.87827443,  148.02245081,   59.04702409,   50.45159772,     35.37855578,   22.61814644,   17.39769881,   22.41800321,     29.28671066], [  271.72295891,   -8.89573132,   46.39019244,  296.86998641,    117.73682771,   43.51124497,   26.4562507 ,   23.74033982,     36.33999451,   22.42418415,  -23.31118965,    8.61097681,     33.87674224], [  109.25946372,   11.43811326,   36.87827443,  117.73682771,    290.8911931 ,   45.43565232,  -16.17346391,    5.00697504,     26.72963521,   16.42075645,  -19.89163821,    2.72588925,     38.24279954], [  153.26297474,  -22.180539  ,  148.02245081,   43.51124497,     45.43565232,  197.31839551,   74.84289031,   37.29112071,     28.72235406,   22.56417658,   17.09660358,   -3.50916302,     17.23174291], [  117.16605153,   32.04176999,   59.04702409,   26.4562507 ,    -16.17346391,   74.84289031,  158.90306289,   63.20991096,     28.64605888,   29.19898554,   33.34553599,   12.10524724,      6.140662  ], [  -56.36101185,  -10.0783348 ,   50.45159772,   23.74033982,      5.00697504,   37.29112071,   63.20991096,  125.67347854,     50.44550645,   17.29058634,   20.96028475,    4.05796097,      8.90687155], [   -7.02614414,    0.8410321 ,   35.37855578,   36.33999451,     26.72963521,   28.72235406,   28.64605888,   50.44550645,    111.87549967,   50.35257799,   19.5361088 ,    3.52724333,      4.96865359], [   -6.08896748,  -30.21902791,   22.61814644,   22.42418415,     16.42075645,   22.56417658,   29.19898554,   17.29058634,     50.35257799,  106.58304154,   43.13873485,    2.70947945,      1.32251423], [  -38.82940204,    1.30665228,   17.39769881,  -23.31118965,    -19.89163821,   17.09660358,   33.34553599,   20.96028475,     19.5361088 ,   43.13873485,  107.32930889,   31.89328454,    -12.48789428], [  -54.51488253,   -1.42318552,   22.41800321,    8.61097681,      2.72588925,   -3.50916302,   12.10524724,    4.05796097,      3.52724333,    2.70947945,   31.89328454,   78.15109776,     23.89896232], [  -46.28716859,   -3.44524685,   29.28671066,   33.87674224,     38.24279954,   17.23174291,    6.140662  ,    8.90687155,      4.96865359,    1.32251423,  -12.48789428,   23.89896232,     86.70876874]]
/root/sim/music/out/Led Zeppelin/Remasters [Disc 2]/2-08 Nobody's F.ault But Mine.mp3; [-672.5537    , 116.78726   , -25.149456  ,  47.072266  ,   6.7084193 ,   -1.7927974 ,   7.141684  ,  -4.1522593 ,  -6.273625  ,  -0.8561864 ,   -3.04742   ,  -0.75795144,   0.89297915]; [[20040.9796283 ,-1013.8733729 , -675.20584102,  335.5080563 ,    397.25655833,  563.94121525,  615.35887719,  326.44720464,    178.62192089,  271.63149219,  316.9007163 ,  196.45333833,    117.54240159], [-1013.8733729 , 1682.16118955,  249.77433083,  270.49988143,     68.15481911,  -96.59739032,  -38.25361482,  -27.60851823,    -37.54599073,  -46.96993859,  -45.41211752,  -20.15484823,    -31.56555323], [ -675.20584102,  249.77433083, 2100.82034759,   43.44365075,    777.09842874,  422.65461793,  -30.11218005,  255.30644967,    149.3555499 ,  195.6585129 ,  233.86538973,   54.76382627,     59.24581836], [  335.5080563 ,  270.49988143,   43.44365075,  405.91224844,    161.09525597,   64.23298189,   44.83294331,   34.39027969,     46.88304177,   24.13959433,   17.40749699,   11.26236757,     10.01822691], [  397.25655833,   68.15481911,  777.09842874,  161.09525597,    539.43348206,  264.26994194,   57.74368852,  128.5637737 ,     94.42029492,  114.85073557,  122.98539444,   35.49252528,     26.85398319], [  563.94121525,  -96.59739032,  422.65461793,   64.23298189,    264.26994194,  280.90807657,   90.21042422,  107.62057147,     67.64691328,   78.70694738,  105.10633694,   39.87890462,     17.62100587], [  615.35887719,  -38.25361482,  -30.11218005,   44.83294331,     57.74368852,   90.21042422,  200.67998489,   94.03081826,     27.59272224,   14.43290139,   31.38166188,   27.67140639,      5.06598851], [  326.44720464,  -27.60851823,  255.30644967,   34.39027969,    128.5637737 ,  107.62057147,   94.03081826,  168.96706019,     69.80170768,   29.68226685,   48.98554945,   21.55159334,     12.96768971], [  178.62192089,  -37.54599073,  149.3555499 ,   46.88304177,     94.42029492,   67.64691328,   27.59272224,   69.80170768,    109.25314917,   61.2136026 ,   37.01750248,   17.31827295,     12.33903144], [  271.63149219,  -46.96993859,  195.6585129 ,   24.13959433,    114.85073557,   78.70694738,   14.43290139,   29.68226685,     61.2136026 ,  122.5788332 ,   73.95433366,   23.02372531,     14.50980744], [  316.9007163 ,  -45.41211752,  233.86538973,   17.40749699,    122.98539444,  105.10633694,   31.38166188,   48.98554945,     37.01750248,   73.95433366,  125.83740943,   42.83006305,      4.20638546], [  196.45333833,  -20.15484823,   54.76382627,   11.26236757,     35.49252528,   39.87890462,   27.67140639,   21.55159334,     17.31827295,   23.02372531,   42.83006305,   72.32685661,     32.27892217], [  117.54240159,  -31.56555323,   59.24581836,   10.01822691,     26.85398319,   17.62100587,    5.06598851,   12.96768971,     12.33903144,   14.50980744,    4.20638546,   32.27892217,     82.17112497]]
/root/sim/music/out/Led Zeppelin/Remasters [Disc 2]/2-06 Kashmir.mp3; [-643.07324  , 143.58731  ,  -5.1274376,  23.161993 ,   1.109027 ,   -9.050705 , -10.228877 ,  -5.9234495,  -1.6998302,  -6.8397803,  -10.611241 ,  -6.8045225,  -6.9091306]; [[12648.39182805,   99.21965018, -633.49199871,   44.98018995,   -116.84958921, -161.86245524,   66.46499862, -116.21790329,    -76.38900383,  -58.71264199,  -26.72887073,    4.56391221,   -107.42839991], [   99.21965018, 1466.89183538, -402.38155317,  204.33813137,    112.61822115,  -31.90591847,  -11.65209717,   60.13482984,     27.20335695,   -9.97371556,  -47.0118887 ,  -36.38506909,    -20.26254243], [ -633.49199871, -402.38155317,  863.66049794, -140.50504693,     69.47696736,   90.6714875 ,   -8.4625622 ,  -17.32674502,     11.34243668,   10.83446183,   10.60131851,    4.65919053,     40.54724262], [   44.98018995,  204.33813137, -140.50504693,  314.69305365,     54.0403641 ,  -20.00518928,   -5.07364814,    7.93287943,     25.16694754,    2.93548198,  -39.80850536,    9.17274441,     15.77458237], [ -116.84958921,  112.61822115,   69.47696736,   54.0403641 ,    248.71036589,  -17.77295176,  -34.52801836,   27.43103536,     35.37401774,    6.18606279,  -38.64717496,   -7.9009109 ,      8.5905178 ], [ -161.86245524,  -31.90591847,   90.6714875 ,  -20.00518928,    -17.77295176,  136.58289341,   40.53818371,    4.35261071,     -3.24207386,   11.53104775,   24.97386148,    3.88149129,     -0.2208469 ], [   66.46499862,  -11.65209717,   -8.4625622 ,   -5.07364814,    -34.52801836,   40.53818371,  140.82509216,   32.32753365,    -10.63180565,    7.18831758,   21.31871762,    0.29441856,     11.04214526], [ -116.21790329,   60.13482984,  -17.32674502,    7.93287943,     27.43103536,    4.35261071,   32.32753365,  111.91973505,     31.60540615,    1.73897034,    0.14940097,  -10.08087066,      5.92213527], [  -76.38900383,   27.20335695,   11.34243668,   25.16694754,     35.37401774,   -3.24207386,  -10.63180565,   31.60540615,     91.74292341,   20.63543216,  -11.31052558,   -0.81814378,     -3.87941822], [  -58.71264199,   -9.97371556,   10.83446183,    2.93548198,      6.18606279,   11.53104775,    7.18831758,    1.73897034,     20.63543216,   70.81487745,   22.52986312,    6.55489697,      1.97206151], [  -26.72887073,  -47.0118887 ,   10.60131851,  -39.80850536,    -38.64717496,   24.97386148,   21.31871762,    0.14940097,    -11.31052558,   22.52986312,  100.8957178 ,   25.83664093,     -2.40758741], [    4.56391221,  -36.38506909,    4.65919053,    9.17274441,     -7.9009109 ,    3.88149129,    0.29441856,  -10.08087066,     -0.81814378,    6.55489697,   25.83664093,   70.65656711,     18.76573313], [ -107.42839991,  -20.26254243,   40.54724262,   15.77458237,      8.5905178 ,   -0.2208469 ,   11.04214526,    5.92213527,     -3.87941822,    1.97206151,   -2.40758741,   18.76573313,     67.49308458]]
/root/sim/music/out/Led Zeppelin/Remasters [Disc 2]/2-04 No Quarter.mp3; [-800.8325    , 163.64218   ,  18.235945  ,  14.424412  ,  -1.3413484 ,   -1.3334235 ,   2.2161164 ,   3.52513   ,   4.7538347 ,   9.048155  ,    6.786892  ,   5.5864077 ,   0.40084523]; [[42986.67059462,-6021.01378168,-7870.10467218, -465.32054268,    231.9941421 , 1305.90970975, 1071.36544775,  273.25380696,   -512.43599883, -415.84562658, -386.38991713,   17.21360788,    -54.87205784], [-6021.01378168, 3317.13718398,  902.4951756 , -405.14109212,    -18.37439618, -232.51743716, -138.91092748,   -4.14324505,    119.27822636,  120.90774857,   97.66466837,   34.99094026,    116.41438235], [-7870.10467218,  902.4951756 , 2828.36134324,  329.93950921,   -219.02709805, -378.40402918, -345.16796617,  -50.48481927,    178.41621203,  129.68377383,  151.40902169,   19.70797161,    -20.58350871], [ -465.32054268, -405.14109212,  329.93950921,  582.89874608,     31.78599494,  -97.18126986,  -74.3328601 ,  -27.025313  ,     14.05681071,   60.60331795,   28.57255036,   13.3181056 ,    -17.12843983], [  231.9941421 ,  -18.37439618, -219.02709805,   31.78599494,    285.53902815,   93.79055437,   -8.27132086,  -33.35073547,     -9.66575175,    8.32338945,   -9.23431777,  -18.47076796,     14.79792185], [ 1305.90970975, -232.51743716, -378.40402918,  -97.18126986,     93.79055437,  235.46452466,  110.10958187,    9.54934837,    -38.28262986,  -47.52649625,  -35.22029103,   -6.37581693,     -6.02516143], [ 1071.36544775, -138.91092748, -345.16796617,  -74.3328601 ,     -8.27132086,  110.10958187,  196.14947381,   73.52829236,    -38.90274642,  -51.44054382,  -40.83599115,   -4.10543704,      3.02369769], [  273.25380696,   -4.14324505,  -50.48481927,  -27.025313  ,    -33.35073547,    9.54934837,   73.52829236,  128.5645681 ,     31.11808141,  -17.18160351,  -18.39610138,  -17.26826489,     -0.95231226], [ -512.43599883,  119.27822636,  178.41621203,   14.05681071,     -9.66575175,  -38.28262986,  -38.90274642,   31.11808141,    115.36310014,   58.05509279,   11.47100919,   -2.11109856,    -10.77404021], [ -415.84562658,  120.90774857,  129.68377383,   60.60331795,      8.32338945,  -47.52649625,  -51.44054382,  -17.18160351,     58.05509279,  127.99208454,   69.13065167,   12.37266908,      4.30392373], [ -386.38991713,   97.66466837,  151.40902169,   28.57255036,     -9.23431777,  -35.22029103,  -40.83599115,  -18.39610138,     11.47100919,   69.13065167,  127.42801577,   64.29178163,      3.67022781], [   17.21360788,   34.99094026,   19.70797161,   13.3181056 ,    -18.47076796,   -6.37581693,   -4.10543704,  -17.26826489,     -2.11109856,   12.37266908,   64.29178163,  114.77443553,     38.99984205], [  -54.87205784,  116.41438235,  -20.58350871,  -17.12843983,     14.79792185,   -6.02516143,    3.02369769,   -0.95231226,    -10.77404021,    4.30392373,    3.67022781,   38.99984205,     89.90026774]]
