/root/sim/music/901~1000/907_まんぷくオオカミ.mp3; [-968.5278    , 202.61884   ,  22.875679  , -25.859064  , -25.496864  ,  -22.966858  ,  -9.6420355 ,   4.696295  ,   1.6559478 ,  -0.14810255,   -0.3906939 ,   4.8642397 ,   4.1606774 ]; [[18546.55157499, 4584.93450453,-1494.8066163 , 1213.88975275,   2180.78218761,  957.38709174,  588.29542186,  155.91044762,   -264.03160644, -415.511721  , -830.54974553, -718.90713363,   -674.84945025], [ 4584.93450453, 2779.37376293,  222.91295296,  665.47502518,   1202.94818549,  935.17845572,  435.02553197,  -29.34091111,    -90.86423541, -234.83361076, -486.64581518, -430.12814959,   -251.10710805], [-1494.8066163 ,  222.91295296, 1070.01842424,  400.09710331,    332.4845318 ,  434.88283156,  215.28923076, -117.56926973,    -51.76567151,  -62.49760204, -154.28653961, -207.09738129,    -62.30638077], [ 1213.88975275,  665.47502518,  400.09710331,  718.50376362,    669.06011735,  456.76618513,  182.02993515,  -52.11923261,    -89.34277154, -144.75686531, -221.11208354, -225.0195912 ,   -118.79137142], [ 2180.78218761, 1202.94818549,  332.4845318 ,  669.06011735,   1096.56632033,  767.32800639,  258.34095911,  -93.81733338,    -92.88713635, -248.17780794, -396.88759197, -371.16880188,   -140.11884583], [  957.38709174,  935.17845572,  434.88283156,  456.76618513,    767.32800639,  878.80233336,  380.80789939, -127.65079279,    -75.31482802, -240.22971355, -421.16421266, -361.84961237,   -108.39030434], [  588.29542186,  435.02553197,  215.28923076,  182.02993515,    258.34095911,  380.80789939,  384.34620356,   29.60847558,      2.01469735,  -73.54875219, -186.72414778, -185.37540401,    -85.90296769], [  155.91044762,  -29.34091111, -117.56926973,  -52.11923261,    -93.81733338, -127.65079279,   29.60847558,  305.41306016,    109.72967271,   73.82749352,  121.93466916,   47.27064002,   -105.29881741], [ -264.03160644,  -90.86423541,  -51.76567151,  -89.34277154,    -92.88713635,  -75.31482802,    2.01469735,  109.72967271,    114.5104615 ,   84.1688489 ,   92.1255281 ,   60.89987657,     12.56927943], [ -415.511721  , -234.83361076,  -62.49760204, -144.75686531,   -248.17780794, -240.22971355,  -73.54875219,   73.82749352,     84.1688489 ,  205.81040734,  223.02504208,  165.11797405,     65.34485728], [ -830.54974553, -486.64581518, -154.28653961, -221.11208354,   -396.88759197, -421.16421266, -186.72414778,  121.93466916,     92.1255281 ,  223.02504208,  388.56954155,  318.98816638,    106.56399405], [ -718.90713363, -430.12814959, -207.09738129, -225.0195912 ,   -371.16880188, -361.84961237, -185.37540401,   47.27064002,     60.89987657,  165.11797405,  318.98816638,  405.99279179,    224.19838621], [ -674.84945025, -251.10710805,  -62.30638077, -118.79137142,   -140.11884583, -108.39030434,  -85.90296769, -105.29881741,     12.56927943,   65.34485728,  106.56399405,  224.19838621,    295.32146162]]
/root/sim/music/901~1000/960_幽玄の刻.mp3; [-770.3345    , 297.2733    ,   0.16754848,  -9.798314  ,   4.4547124 ,   -6.3602996 , -13.033766  , -15.867944  , -17.95422   ,  -9.071159  ,   -6.517118  ,  -6.3975573 ,  -2.4351645 ]; [[ 9322.76932799, 2776.15694118,-1163.8593113 , -386.02842193,   -225.01032595, -339.22121268, -228.55809104,  -96.0019818 ,    -65.56335572,  193.88800841,  190.44552619,  186.57342036,    292.62776937], [ 2776.15694118, 2672.33254268, -546.64134298, -265.43527094,     49.45330387, -146.29000193,  -40.65223455,  -73.08522343,   -100.44938581,   -9.6889279 ,   26.82159287,    3.0171284 ,     54.27887301], [-1163.8593113 , -546.64134298,  730.6633031 ,   11.88749429,    -42.69225242,  200.39775945,    3.9257854 ,   -7.23516408,     12.06781554,  -95.73986156,  -67.69271879,  -37.50966796,   -108.36607697], [ -386.02842193, -265.43527094,   11.88749429,  220.23170947,     54.51307519,  -53.35882607,   70.99777025,   76.41012727,     26.66900035,   35.28291466,    8.49838117,   33.79439714,     61.0697132 ], [ -225.01032595,   49.45330387,  -42.69225242,   54.51307519,    117.09678631,   20.18781419,    8.31461788,    5.84054251,    -16.99399721,    3.52114318,   11.92545148,    0.25108116,     24.83628401], [ -339.22121268, -146.29000193,  200.39775945,  -53.35882607,     20.18781419,  164.61331274,   11.57169814,  -34.46308575,    -10.64602751,  -29.46549006,   -3.3569044 ,  -32.30978718,    -58.62477258], [ -228.55809104,  -40.65223455,    3.9257854 ,   70.99777025,      8.31461788,   11.57169814,  111.66590298,   70.91285225,     20.23762117,   33.30694679,   11.87617127,   -6.37625098,     16.83890664], [  -96.0019818 ,  -73.08522343,   -7.23516408,   76.41012727,      5.84054251,  -34.46308575,   70.91285225,  123.68097396,     73.94362232,   34.37969328,    6.75234334,   12.23545985,     22.02694889], [  -65.56335572, -100.44938581,   12.06781554,   26.66900035,    -16.99399721,  -10.64602751,   20.23762117,   73.94362232,    119.4020803 ,   46.37661433,  -15.90246523,    4.52286678,    -11.91320623], [  193.88800841,   -9.6889279 ,  -95.73986156,   35.28291466,      3.52114318,  -29.46549006,   33.30694679,   34.37969328,     46.37661433,   86.43965369,   25.91903721,   -9.74886113,     29.23995822], [  190.44552619,   26.82159287,  -67.69271879,    8.49838117,     11.92545148,   -3.3569044 ,   11.87617127,    6.75234334,    -15.90246523,   25.91903721,   73.0051073 ,   36.94022187,     10.16281282], [  186.57342036,    3.0171284 ,  -37.50966796,   33.79439714,      0.25108116,  -32.30978718,   -6.37625098,   12.23545985,      4.52286678,   -9.74886113,   36.94022187,  103.22303444,     51.49370357], [  292.62776937,   54.27887301, -108.36607697,   61.0697132 ,     24.83628401,  -58.62477258,   16.83890664,   22.02694889,    -11.91320623,   29.23995822,   10.16281282,   51.49370357,    127.60699976]]
/root/sim/music/901~1000/978_Orange_Highway.mp3; [-718.9423    , 200.53534   ,  14.492136  ,  18.723377  ,   4.942709  ,   -3.6824195 ,  -9.507838  ,   0.62698424,   3.1637642 ,   7.034147  ,    4.762004  ,   3.813878  ,   5.6382604 ]; [[32264.97010515,-3539.92164918,-1678.60763453, 2901.61550222,   1048.31763951,  583.18741   ,  295.25269187,  949.12027885,    731.11796202,  504.1682011 ,  287.81328214,  437.35158484,    643.02774404], [-3539.92164918, 5070.58931715, -155.56603823, -903.8598387 ,    -25.71867289, -131.15282157, -184.77753151, -296.98548829,   -206.33942299,  -31.67037112,  -20.95724364,  -96.5977538 ,   -155.87736189], [-1678.60763453, -155.56603823,  802.23371135, -125.7367969 ,    -98.23912984,   71.3338819 ,   55.57199678,  -28.70060822,     -5.29063278,    2.55787636,   31.8859486 ,   -4.68076889,    -42.48965171], [ 2901.61550222, -903.8598387 , -125.7367969 ,  617.47632815,    175.28730973,  134.78520462,  119.69702372,  171.89204314,    132.52191555,   93.44018365,   45.66046241,   87.72942209,    113.48413307], [ 1048.31763951,  -25.71867289,  -98.23912984,  175.28730973,    260.33982088,  149.91213831,   92.63249063,   89.39135704,     75.94761819,   60.04430692,   25.92041927,   22.93385823,     28.17902358], [  583.18741   , -131.15282157,   71.3338819 ,  134.78520462,    149.91213831,  212.48993113,  116.21018806,   82.41808025,     66.04419509,   53.31862617,   35.01099238,   19.7247422 ,     13.6468537 ], [  295.25269187, -184.77753151,   55.57199678,  119.69702372,     92.63249063,  116.21018806,  144.35819234,   89.68526402,     58.63801764,   52.77145219,   24.33618408,   18.48962874,      2.16321317], [  949.12027885, -296.98548829,  -28.70060822,  171.89204314,     89.39135704,   82.41808025,   89.68526402,  162.79811255,     85.67856316,   55.32512789,   30.92550457,   29.8140521 ,     31.27424729], [  731.11796202, -206.33942299,   -5.29063278,  132.52191555,     75.94761819,   66.04419509,   58.63801764,   85.67856316,    116.40408193,   56.54649749,   17.72694894,   22.92533384,     26.14425935], [  504.1682011 ,  -31.67037112,    2.55787636,   93.44018365,     60.04430692,   53.31862617,   52.77145219,   55.32512789,     56.54649749,  100.88687032,   36.65685365,   28.08647606,     17.04138908], [  287.81328214,  -20.95724364,   31.8859486 ,   45.66046241,     25.92041927,   35.01099238,   24.33618408,   30.92550457,     17.72694894,   36.65685365,   81.80893442,   35.16997177,     11.85744271], [  437.35158484,  -96.5977538 ,   -4.68076889,   87.72942209,     22.93385823,   19.7247422 ,   18.48962874,   29.8140521 ,     22.92533384,   28.08647606,   35.16997177,   80.84072531,     46.76873095], [  643.02774404, -155.87736189,  -42.48965171,  113.48413307,     28.17902358,   13.6468537 ,    2.16321317,   31.27424729,     26.14425935,   17.04138908,   11.85744271,   46.76873095,    103.21908372]]
/root/sim/music/901~1000/982_ピクニックロード.mp3; [-819.4172   , 202.77977  ,  16.354645 ,   1.6910753,  -7.288876 ,   -3.0359304,  -3.2031105,  -8.764159 , -18.684395 , -14.579799 ,  -10.344645 ,   3.5557625,   6.3376136]; [[20189.4788913 ,-1807.82420874, 1275.61241126,  589.82183067,     15.55503754,  904.0867736 , 1188.06910309, 1288.96270665,    847.75535073,  850.11031904,  567.3973057 ,  497.17963955,    398.47213948], [-1807.82420874, 5466.11260371,  401.99801373,  987.44981136,    397.70373891,  -48.38587201,  342.08524059,  228.11320059,    273.15504877,  351.5590441 ,  148.44964677,    7.17201034,    228.6467276 ], [ 1275.61241126,  401.99801373, 1949.45364569,  557.8914074 ,    267.00463713,  239.31248586,  165.84897557,  325.61158606,    477.63202626,  492.96833712,  146.41946917,  -65.33722572,     60.79994992], [  589.82183067,  987.44981136,  557.8914074 ,  683.50512445,    323.60330117,  252.3232755 ,  309.16603331,  276.161991  ,    263.51946461,  253.65146874,  126.19123681,   78.59248575,    109.81835027], [   15.55503754,  397.70373891,  267.00463713,  323.60330117,    444.68992795,  321.76891316,  166.21729653,   68.53469538,     92.27485697,  126.91407828,  128.17781014,  109.10689012,     60.64829489], [  904.0867736 ,  -48.38587201,  239.31248586,  252.3232755 ,    321.76891316,  581.96706838,  430.15019298,   74.78830797,    -55.16205388,  123.54493238,  241.8730355 ,  298.81077912,    139.37856977], [ 1188.06910309,  342.08524059,  165.84897557,  309.16603331,    166.21729653,  430.15019298,  594.32672675,  294.15253899,     33.09097539,  138.03712364,  168.31795629,  252.30911558,    193.40199074], [ 1288.96270665,  228.11320059,  325.61158606,  276.161991  ,     68.53469538,   74.78830797,  294.15253899,  523.9091004 ,    392.44103574,  163.81930289,  -51.92136198,  -38.49166777,     97.05234051], [  847.75535073,  273.15504877,  477.63202626,  263.51946461,     92.27485697,  -55.16205388,   33.09097539,  392.44103574,    572.02134091,  289.69595611,  -75.01227207, -164.8696722 ,    -43.25256308], [  850.11031904,  351.5590441 ,  492.96833712,  253.65146874,    126.91407828,  123.54493238,  138.03712364,  163.81930289,    289.69595611,  346.1971558 ,  142.2859761 ,    9.83238209,    -19.76993949], [  567.3973057 ,  148.44964677,  146.41946917,  126.19123681,    128.17781014,  241.8730355 ,  168.31795629,  -51.92136198,    -75.01227207,  142.2859761 ,  325.07328126,  277.84614938,     14.93270257], [  497.17963955,    7.17201034,  -65.33722572,   78.59248575,    109.10689012,  298.81077912,  252.30911558,  -38.49166777,   -164.8696722 ,    9.83238209,  277.84614938,  425.52179514,    138.80486108], [  398.47213948,  228.6467276 ,   60.79994992,  109.81835027,     60.64829489,  139.37856977,  193.40199074,   97.05234051,    -43.25256308,  -19.76993949,   14.93270257,  138.80486108,    318.46026354]]
/root/sim/music/901~1000/983_ホットココア.mp3; [-942.8912   , 202.9625   ,  16.594196 ,  30.335346 ,  -1.6780527,   -4.4433584, -15.653191 , -20.00767  , -23.190348 , -17.030092 ,   -5.1699386,  -9.196193 ,  -8.863408 ]; [[26909.45461342, 8897.83420359,-5813.16918981,  475.72058357,  -1958.59797284,   88.68085508, -458.13503256,  308.39361718,    177.16095158,  286.56817121,  783.70142782, -366.95831518,    -43.75355206], [ 8897.83420359, 4514.93578964,-1483.37819334, -124.15968055,   -348.33938241,  -78.82206878,  -29.2211825 ,  -16.50284538,    -72.8484559 ,   52.85342993,  322.13188379,  -43.65061876,    -96.77493681], [-5813.16918981,-1483.37819334, 1845.96246911,  -36.90607858,    562.59639476,   49.14673581,  126.69649826,  -41.45480367,    -56.80468928,  -42.76177497, -131.33546346,  164.04816934,     43.41758329], [  475.72058357, -124.15968055,  -36.90607858,  262.61689852,    -53.67093838,   62.2675773 ,   -5.37438693,   42.8656093 ,     60.3324335 ,   31.27352718,   36.65280054,   23.91296967,     39.44827019], [-1958.59797284, -348.33938241,  562.59639476,  -53.67093838,    334.47477118,   19.44785521,   95.21789936,   -3.38729386,    -10.92068887,    8.0048586 ,  -17.60462532,   36.73961897,    -27.92197526], [   88.68085508,  -78.82206878,   49.14673581,   62.2675773 ,     19.44785521,  105.81099441,   21.02837631,   55.75137216,     41.84541967,   19.38950403,   15.86199826,   15.67990845,     12.83013494], [ -458.13503256,  -29.2211825 ,  126.69649826,   -5.37438693,     95.21789936,   21.02837631,  121.1767117 ,   12.256698  ,     -1.9663881 ,    2.81764425,   -0.53692959,   50.73007652,    -29.20017184], [  308.39361718,  -16.50284538,  -41.45480367,   42.8656093 ,     -3.38729386,   55.75137216,   12.256698  ,   92.26174129,     49.30956825,   41.89495214,   33.31419996,  -28.20506161,     10.02541539], [  177.16095158,  -72.8484559 ,  -56.80468928,   60.3324335 ,    -10.92068887,   41.84541967,   -1.9663881 ,   49.30956825,     87.84294605,   51.95348289,   19.72672337,   14.65649059,     31.49656908], [  286.56817121,   52.85342993,  -42.76177497,   31.27352718,      8.0048586 ,   19.38950403,    2.81764425,   41.89495214,     51.95348289,   84.16147926,   46.17118786,    4.71130136,     25.13952147], [  783.70142782,  322.13188379, -131.33546346,   36.65280054,    -17.60462532,   15.86199826,   -0.53692959,   33.31419996,     19.72672337,   46.17118786,  103.98354557,  -19.73682739,     -8.67347608], [ -366.95831518,  -43.65061876,  164.04816934,   23.91296967,     36.73961897,   15.67990845,   50.73007652,  -28.20506161,     14.65649059,    4.71130136,  -19.73682739,  147.58405365,     32.5371453 ], [  -43.75355206,  -96.77493681,   43.41758329,   39.44827019,    -27.92197526,   12.83013494,  -29.20017184,   10.02541539,     31.49656908,   25.13952147,   -8.67347608,   32.5371453 ,     73.45933757]]
/root/sim/music/901~1000/901_Hello_Good-by.mp3; [-723.97363   , 161.49754   ,  -5.1723995 ,  22.804281  ,  -8.054619  ,   10.869422  ,  -2.4850197 ,  -7.934706  ,   8.031088  ,   5.502274  ,    3.0399728 ,   3.0314028 ,  -0.16166547]; [[24407.20880348,-3263.37250224,-1830.05816646, 1076.60789012,  -2366.21274675,-1339.00148322, -526.07734538, -808.39419173,     96.22086241, -106.18936225,   39.58462175,  568.04777664,   -119.26064424], [-3263.37250224, 5541.03176023, 1113.28584948, -342.83515443,   1116.42960025,  556.93871899,  122.08770921,  332.41206024,      4.10325266,   82.84394705, -205.60151754, -217.35672242,     91.41622913], [-1830.05816646, 1113.28584948,  940.25982004,  -35.13275487,    543.28526676,  495.96761781,  182.60632591,  398.09449605,    125.05834997,   44.62585279, -101.5730881 , -193.43557546,     11.75000872], [ 1076.60789012, -342.83515443,  -35.13275487,  936.87213184,    107.4376268 ,  233.3283496 ,  494.8473439 ,   21.84604097,    318.57712088,  177.77516057,    7.65793966,  131.43774074,   -216.98535612], [-2366.21274675, 1116.42960025,  543.28526676,  107.4376268 ,    818.27446243,  460.26049769,  266.45092006,  240.82624561,    125.21408616,  162.65703517,  -32.73595061,  -51.69371359,    -11.350662  ], [-1339.00148322,  556.93871899,  495.96761781,  233.3283496 ,    460.26049769,  602.96018191,  385.02350618,  258.46464427,    160.29134259,   69.6329845 ,   -7.15201885,  -79.88773848,    -96.74838714], [ -526.07734538,  122.08770921,  182.60632591,  494.8473439 ,    266.45092006,  385.02350618,  570.16123759,  150.59144754,    197.22454326,  156.72493527,  -18.89798437,   48.88746597,   -156.12653565], [ -808.39419173,  332.41206024,  398.09449605,   21.84604097,    240.82624561,  258.46464427,  150.59144754,  428.98134883,    105.97201689,   29.91582708,  -54.81736381,  -81.12379033,     54.79188207], [   96.22086241,    4.10325266,  125.05834997,  318.57712088,    125.21408616,  160.29134259,  197.22454326,  105.97201689,    346.36747975,  102.04309192,  -39.3034396 ,  -21.32949985,   -114.08536922], [ -106.18936225,   82.84394705,   44.62585279,  177.77516057,    162.65703517,   69.6329845 ,  156.72493527,   29.91582708,    102.04309192,  237.71117267,    0.62758067,   74.43414641,    -16.28508879], [   39.58462175, -205.60151754, -101.5730881 ,    7.65793966,    -32.73595061,   -7.15201885,  -18.89798437,  -54.81736381,    -39.3034396 ,    0.62758067,  208.93208387,   76.3140089 ,     33.62062285], [  568.04777664, -217.35672242, -193.43557546,  131.43774074,    -51.69371359,  -79.88773848,   48.88746597,  -81.12379033,    -21.32949985,   74.43414641,   76.3140089 ,  210.76801117,     26.0007451 ], [ -119.26064424,   91.41622913,   11.75000872, -216.98535612,    -11.350662  ,  -96.74838714, -156.12653565,   54.79188207,   -114.08536922,  -16.28508879,   33.62062285,   26.0007451 ,    283.70727393]]
/root/sim/music/901~1000/908_Surface_of_the_Water.mp3; [-694.023    , 218.3442   , -11.983546 ,  19.107729 ,   1.2745562,    9.919622 ,   1.3448927,  -0.6494986,  -0.7611162,   2.6544113,    3.1387143,   2.8696096,   2.4757018]; [[6996.21946956, -94.5327457 ,-116.38871028,  91.01113525,  54.4159592 ,   140.58403621, 105.29926083,   0.53070389, 132.00508058, 240.71309627,   220.78511518, 142.33565673,  20.8117611 ], [ -94.5327457 ,2131.06456868,-489.00392237, -62.79941493,  86.05066645,   148.39836927,  62.14806509,  95.27477124,  36.18040673,  80.90095437,    17.61786585,   9.77686565,  34.33367533], [-116.38871028,-489.00392237, 680.87693256,   6.30430635,  66.8076401 ,     1.50895618,  58.64237348,  32.73058447,  31.21891202, -54.88669868,     7.20932514,  -2.44040137,  -0.9039301 ], [  91.01113525, -62.79941493,   6.30430635, 335.82428491, -18.30380836,    27.91783224,  13.89733408,  39.2490274 ,  15.1616775 ,  23.49383257,    -2.15523135,   8.52160669,   3.68650656], [  54.4159592 ,  86.05066645,  66.8076401 , -18.30380836, 200.59445368,    61.45899425,  34.55168147,   8.17968296,  39.8765431 ,  41.70388643,    34.59848173,  -7.6011903 ,   2.25775971], [ 140.58403621, 148.39836927,   1.50895618,  27.91783224,  61.45899425,   204.71132979,  54.51477339,  12.63872851,  28.59847645,  78.524426  ,    70.53122126,  34.64194422,  -2.30279131], [ 105.29926083,  62.14806509,  58.64237348,  13.89733408,  34.55168147,    54.51477339, 115.91983928,  42.79556714,  19.8450202 ,  23.94938167,    32.42143311,  29.26203563,  18.29640786], [   0.53070389,  95.27477124,  32.73058447,  39.2490274 ,   8.17968296,    12.63872851,  42.79556714, 111.69774936,  39.90575444,  18.35904294,     6.36207417,  19.02720692,  31.34187387], [ 132.00508058,  36.18040673,  31.21891202,  15.1616775 ,  39.8765431 ,    28.59847645,  19.8450202 ,  39.90575444,  90.94569548,  54.69138338,    24.6079652 ,  11.77421917,   7.46272382], [ 240.71309627,  80.90095437, -54.88669868,  23.49383257,  41.70388643,    78.524426  ,  23.94938167,  18.35904294,  54.69138338, 135.08769526,    71.1589505 ,  25.66319075,   1.19258658], [ 220.78511518,  17.61786585,   7.20932514,  -2.15523135,  34.59848173,    70.53122126,  32.42143311,   6.36207417,  24.6079652 ,  71.1589505 ,   102.43597162,  48.44069253,   3.03444863], [ 142.33565673,   9.77686565,  -2.44040137,   8.52160669,  -7.6011903 ,    34.64194422,  29.26203563,  19.02720692,  11.77421917,  25.66319075,    48.44069253,  76.97330835,  29.34516336], [  20.8117611 ,  34.33367533,  -0.9039301 ,   3.68650656,   2.25775971,    -2.30279131,  18.29640786,  31.34187387,   7.46272382,   1.19258658,     3.03444863,  29.34516336,  65.0831996 ]]
/root/sim/music/901~1000/945_欠けた人形の踊り.mp3; [-785.4158   , 172.0136   ,  -5.372673 , -54.3514   , -66.137474 ,   -9.052323 , -18.49351  , -13.005514 , -16.720165 , -18.800156 ,  -14.678872 ,  -1.9799647,   8.785174 ]; [[ 5996.93698725,-1073.22213999,  736.12490972, -209.89403477,    151.03995646,  332.61078885,  234.60029562, -416.54449538,   -103.93811569, -270.10468365,  -19.39879511,  -32.36098037,     43.14389805], [-1073.22213999, 1545.65236548,  286.82063698,  674.21068853,    169.93950396,   52.48608439, -401.86078841, -116.66476377,   -225.05059968,   86.66074138,    2.29385986, -198.02437623,   -186.79886878], [  736.12490972,  286.82063698, 1132.92874929,  609.80693068,    138.68383013,  -45.77197976, -324.52350967, -226.44606313,   -111.80896493, -128.62862558,  -91.32052684,  -79.95732566,    -79.85555073], [ -209.89403477,  674.21068853,  609.80693068,  984.48638741,    324.8354399 ,  224.45711427, -525.81925143, -422.88193333,   -218.93660918,   17.43949955,   41.95801782, -181.57130746,   -158.49265123], [  151.03995646,  169.93950396,  138.68383013,  324.8354399 ,    796.49908583,  296.50516721,   57.66826826, -302.36246362,   -212.28058172,   28.71450546, -102.84130812, -232.56302635,   -222.73594008], [  332.61078885,   52.48608439,  -45.77197976,  224.45711427,    296.50516721,  460.52042346,  -76.80969401, -300.43881208,   -196.97059482,    1.90290427,  194.92589726,  -49.61862493,    -68.97393684], [  234.60029562, -401.86078841, -324.52350967, -525.81925143,     57.66826826,  -76.80969401,  931.93731722,  395.87125662,    139.0765833 , -317.95521199, -342.84760518,   83.17825361,     92.76383123], [ -416.54449538, -116.66476377, -226.44606313, -422.88193333,   -302.36246362, -300.43881208,  395.87125662,  738.8456958 ,    349.69664475,   -7.17502744, -371.84959582,  -23.20539948,      8.23363131], [ -103.93811569, -225.05059968, -111.80896493, -218.93660918,   -212.28058172, -196.97059482,  139.0765833 ,  349.69664475,    434.68842406,   80.13733712, -221.75499535,  -96.61215097,     26.60869487], [ -270.10468365,   86.66074138, -128.62862558,   17.43949955,     28.71450546,    1.90290427, -317.95521199,   -7.17502744,     80.13733712,  498.5455535 ,  135.2255532 , -145.26915937,   -230.69899282], [  -19.39879511,    2.29385986,  -91.32052684,   41.95801782,   -102.84130812,  194.92589726, -342.84760518, -371.84959582,   -221.75499535,  135.2255532 ,  817.45101843,  259.90353181,     19.17567014], [  -32.36098037, -198.02437623,  -79.95732566, -181.57130746,   -232.56302635,  -49.61862493,   83.17825361,  -23.20539948,    -96.61215097, -145.26915937,  259.90353181,  437.57864063,    226.17159725], [   43.14389805, -186.79886878,  -79.85555073, -158.49265123,   -222.73594008,  -68.97393684,   92.76383123,    8.23363131,     26.60869487, -230.69899282,   19.17567014,  226.17159725,    523.01155799]]
/root/sim/music/901~1000/931_So-soAlrightRaindrop.mp3; [-660.6481    , 146.95717   ,  37.968346  ,  16.234814  , -10.144807  ,  -10.424278  ,  -2.2719517 ,  -0.36265388,  -1.2674041 ,   3.5934222 ,   -2.1868289 ,  -8.658641  ,  -2.3738093 ]; [[18305.17295562,-4136.66271113,-2263.67586426, -347.39778734,    -54.66387715,  332.68995749,  288.82960507,  299.62378244,    128.48340884,   56.70108175,  -92.05109824, -273.59593204,    104.09199185], [-4136.66271113, 5192.20459799, 1689.30147415,  436.70495559,    288.05678543,  138.6829326 ,   51.68501069,  -22.67210733,     94.69571442,  182.37789142,  187.33026429,  195.26206183,    -72.00427279], [-2263.67586426, 1689.30147415, 1630.27295633,  705.20788418,    227.10276483,   14.80030767,  -32.87056805,   -0.8602908 ,     44.53478706,   68.32306548,  109.30913113,   96.3547346 ,     -6.18674202], [ -347.39778734,  436.70495559,  705.20788418,  836.3021298 ,    386.9560537 ,  119.97941486,  -13.75192413,    8.95151395,     16.32651584,   29.06568214,   57.62598844,   70.6830225 ,     20.82474888], [  -54.66387715,  288.05678543,  227.10276483,  386.9560537 ,    459.80090074,  276.53201541,   92.86362077,   43.54930374,     53.80768041,   36.13718741,   55.76588252,   76.27202912,     50.03584885], [  332.68995749,  138.6829326 ,   14.80030767,  119.97941486,    276.53201541,  334.87396293,  180.59990967,  110.22121189,     86.07743732,   41.10963841,   60.72921593,   69.71261914,     34.17453587], [  288.82960507,   51.68501069,  -32.87056805,  -13.75192413,     92.86362077,  180.59990967,  221.55176996,  165.77151598,     86.11617041,   34.83560725,    7.93961883,   16.08225497,     26.67272702], [  299.62378244,  -22.67210733,   -0.8602908 ,    8.95151395,     43.54930374,  110.22121189,  165.77151598,  194.82833755,    129.43711192,   44.59510527,   -8.88612779,  -17.5982768 ,      4.78150844], [  128.48340884,   94.69571442,   44.53478706,   16.32651584,     53.80768041,   86.07743732,   86.11617041,  129.43711192,    171.35099564,  117.0365805 ,   42.64685201,  -16.96221777,    -22.75874804], [   56.70108175,  182.37789142,   68.32306548,   29.06568214,     36.13718741,   41.10963841,   34.83560725,   44.59510527,    117.0365805 ,  185.45122149,  126.1604904 ,   31.15611069,    -28.06195494], [  -92.05109824,  187.33026429,  109.30913113,   57.62598844,     55.76588252,   60.72921593,    7.93961883,   -8.88612779,     42.64685201,  126.1604904 ,  183.97876512,  125.65099475,     21.8523556 ], [ -273.59593204,  195.26206183,   96.3547346 ,   70.6830225 ,     76.27202912,   69.71261914,   16.08225497,  -17.5982768 ,    -16.96221777,   31.15611069,  125.65099475,  184.25700465,     98.07038439], [  104.09199185,  -72.00427279,   -6.18674202,   20.82474888,     50.03584885,   34.17453587,   26.67272702,    4.78150844,    -22.75874804,  -28.06195494,   21.8523556 ,   98.07038439,    151.56156518]]
/root/sim/music/901~1000/922_Bottom_Down.mp3; [-534.3997   , 101.58957  ,  -9.670925 ,  63.31369  ,  16.709787 ,   19.929203 ,   8.037085 ,   2.6868649,  10.070591 ,  11.646706 ,   -3.1119406,   4.4627905,  -0.8831444]; [[1314.38198278,-673.57718129, 487.52013601,-313.04749196, 125.66772441,    -0.26290042,  23.18333982,  76.94081931, -88.5381822 ,   8.14871595,    26.08747703,   0.47274706,   3.35734654], [-673.57718129, 773.86556599,-433.26540813, 362.29713452,-155.03806571,    63.16609697, -17.66450075, -40.1830334 ,  67.91755134, -29.80969345,   -20.69561782, -33.94600427, -18.46418136], [ 487.52013601,-433.26540813, 355.1355111 ,-201.79021026, 102.27652236,   -33.79621722,  14.91058847,  40.09158191, -42.33028926,  11.16791543,     8.93420971,   7.88442115,   5.46954374], [-313.04749196, 362.29713452,-201.79021026, 269.00558049, -44.68266285,    66.90578501,  11.92997024,  -1.21320804,  43.91259176, -10.55450111,     4.73017583, -14.03971954,   1.59826987], [ 125.66772441,-155.03806571, 102.27652236, -44.68266285,  85.67848633,    -0.10108086,  22.71249537,   9.22493724,  -4.54342267,  12.97621764,     6.00656767,  13.92162553,   6.4584914 ], [  -0.26290042,  63.16609697, -33.79621722,  66.90578501,  -0.10108086,    53.35181799,  16.79178708,  12.6923615 ,   2.4654906 ,  -3.62661866,     4.24972918,  -7.3237625 ,   3.76331246], [  23.18333982, -17.66450075,  14.91058847,  11.92997024,  22.71249537,    16.79178708,  36.79812409,  15.57193197,   8.34787412,   5.31529939,     5.0835571 ,   1.98255593,   4.73518525], [  76.94081931, -40.1830334 ,  40.09158191,  -1.21320804,   9.22493724,    12.6923615 ,  15.57193197,  36.24956428,   6.93396988,   4.84145299,     3.93304089,  -1.97306095,   3.42264911], [ -88.5381822 ,  67.91755134, -42.33028926,  43.91259176,  -4.54342267,     2.4654906 ,   8.34787412,   6.93396988,  38.72179832,  18.03744406,     8.68896375,   1.93612209,  -1.79071898], [   8.14871595, -29.80969345,  11.16791543, -10.55450111,  12.97621764,    -3.62661866,   5.31529939,   4.84145299,  18.03744406,  40.40853162,    19.62578304,   9.64804506,  -2.19007573], [  26.08747703, -20.69561782,   8.93420971,   4.73017583,   6.00656767,     4.24972918,   5.0835571 ,   3.93304089,   8.68896375,  19.62578304,    29.49982322,  11.27311612,   2.93325709], [   0.47274706, -33.94600427,   7.88442115, -14.03971954,  13.92162553,    -7.3237625 ,   1.98255593,  -1.97306095,   1.93612209,   9.64804506,    11.27311612,  28.04915606,  11.91367074], [   3.35734654, -18.46418136,   5.46954374,   1.59826987,   6.4584914 ,     3.76331246,   4.73518525,   3.42264911,  -1.79071898,  -2.19007573,     2.93325709,  11.91367074,  25.86117722]]
/root/sim/music/901~1000/977_Cosmic_Story.mp3; [-612.0132    , 134.20488   ,   1.4170563 ,  10.158442  ,  -3.617822  ,    1.4727683 ,  -7.8817854 ,  -6.783282  ,  -4.380725  ,  -2.643584  ,   -2.5845575 ,  -0.97103655,   1.7160624 ]; [[17664.37451134,   19.77302143,  -81.71828268,  362.74041602,    707.35979916,  354.13862795,  367.37984376,  260.59814283,    186.68580472,  173.62996167,  159.72296179,  248.55521805,    -67.7478737 ], [   19.77302143, 1931.40343637, -494.51850295,  148.22161215,   -134.41184251,  125.52730253,  -57.14574458,   93.4757135 ,     33.40278393,   68.3748472 ,   28.40588749,   44.20192566,     79.20774115], [  -81.71828268, -494.51850295, 1619.49904921,   -5.90056512,    246.27379231,  173.57063589,  244.68731025,  169.974521  ,    172.47897134,   67.72134153,   60.04358312,  -88.34698861,     45.67914399], [  362.74041602,  148.22161215,   -5.90056512,  444.72618866,     77.53607734,  111.84937   ,   54.40446058,   70.75681004,    111.39446608,   81.12644882,   91.48897613,   55.92823322,     50.21052794], [  707.35979916, -134.41184251,  246.27379231,   77.53607734,    365.02734251,  159.32411283,   69.32134586,   68.93194998,    109.81947131,  103.71957186,   84.74627468,   52.50061188,     50.51151734], [  354.13862795,  125.52730253,  173.57063589,  111.84937   ,    159.32411283,  325.13492733,  107.33903398,   85.50252557,     74.12839929,   84.80599271,   93.90637413,   36.63456558,     56.60037243], [  367.37984376,  -57.14574458,  244.68731025,   54.40446058,     69.32134586,  107.33903398,  336.92223309,  101.95781967,     58.35969815,  -11.02036941,   -1.51058547,   58.0088875 ,     -9.97545407], [  260.59814283,   93.4757135 ,  169.974521  ,   70.75681004,     68.93194998,   85.50252557,  101.95781967,  267.77959107,     73.76513397,   54.89252097,   14.91544649,   -5.9976946 ,     41.39763444], [  186.68580472,   33.40278393,  172.47897134,  111.39446608,    109.81947131,   74.12839929,   58.35969815,   73.76513397,    199.2504839 ,   55.47360273,   44.70000019,   29.53471947,     18.55452089], [  173.62996167,   68.3748472 ,   67.72134153,   81.12644882,    103.71957186,   84.80599271,  -11.02036941,   54.89252097,     55.47360273,  181.93697908,   51.39024279,   17.857907  ,     29.4579981 ], [  159.72296179,   28.40588749,   60.04358312,   91.48897613,     84.74627468,   93.90637413,   -1.51058547,   14.91544649,     44.70000019,   51.39024279,  172.38332302,   10.57293482,     33.16597591], [  248.55521805,   44.20192566,  -88.34698861,   55.92823322,     52.50061188,   36.63456558,   58.0088875 ,   -5.9976946 ,     29.53471947,   17.857907  ,   10.57293482,  189.40510292,      7.96807307], [  -67.7478737 ,   79.20774115,   45.67914399,   50.21052794,     50.51151734,   56.60037243,   -9.97545407,   41.39763444,     18.55452089,   29.4579981 ,   33.16597591,    7.96807307,    149.35319046]]
/root/sim/music/901~1000/928_工作タイム.mp3; [-830.7599    , 195.95297   ,  -6.8745866 ,  11.006185  ,   3.7826357 ,    0.36459956,  -3.5605376 ,  -4.33513   ,  -4.610731  ,  -1.634467  ,    1.4594018 ,   5.356284  ,   2.654706  ]; [[24884.88011801, 2755.70215987,-1225.91196736,  892.49344771,   -311.65827915, -482.30949326, -665.40194794, -165.05676421,   -346.50249445,  -62.67403179, -117.3445567 ,    4.3579747 ,   -280.10158489], [ 2755.70215987, 3848.74427285, -144.57188977, -361.49186289,     89.97214343,   72.28269106, -176.26575357, -258.75094056,   -170.51382616, -109.16744592,  -61.10234713,  -20.90789515,    -27.28862452], [-1225.91196736, -144.57188977, 2189.33671042,  149.00683916,   -149.49024398,   54.06250059,   -2.9169611 ,  -30.25844248,    -96.23840256,  -28.21435646,  -52.74077727, -101.48909033,    -85.011997  ], [  892.49344771, -361.49186289,  149.00683916,  831.86521969,     19.37474131, -136.25241311,  -35.05539992,  167.55627062,    -20.7633236 ,   75.24893276,  -22.46844549,   35.72620489,    -43.14339843], [ -311.65827915,   89.97214343, -149.49024398,   19.37474131,    194.76443797,   35.75931737,   21.90291034,    1.66879514,     40.32067983,   -0.97978338,   21.47765548,   15.58308647,     33.55607616], [ -482.30949326,   72.28269106,   54.06250059, -136.25241311,     35.75931737,  163.7145952 ,   66.3913345 ,   -4.93697351,     11.12787653,   16.71253401,   13.51750077,   13.57721487,      7.73693345], [ -665.40194794, -176.26575357,   -2.9169611 ,  -35.05539992,     21.90291034,   66.3913345 ,  153.68069293,   56.09166124,     33.03010099,   17.38116566,   10.07414622,    8.64611303,     -2.15889727], [ -165.05676421, -258.75094056,  -30.25844248,  167.55627062,      1.66879514,   -4.93697351,   56.09166124,  178.16752567,     19.04063602,   32.94890265,  -26.74081832,   10.76172922,     -5.17783568], [ -346.50249445, -170.51382616,  -96.23840256,  -20.7633236 ,     40.32067983,   11.12787653,   33.03010099,   19.04063602,    158.33909895,   37.48104845,   31.74203352,   -8.52435824,      5.80210611], [  -62.67403179, -109.16744592,  -28.21435646,   75.24893276,     -0.97978338,   16.71253401,   17.38116566,   32.94890265,     37.48104845,  134.27374932,   44.93450432,   40.28079297,    -13.57080243], [ -117.3445567 ,  -61.10234713,  -52.74077727,  -22.46844549,     21.47765548,   13.51750077,   10.07414622,  -26.74081832,     31.74203352,   44.93450432,  145.19647177,   34.39301756,     28.3115828 ], [    4.3579747 ,  -20.90789515, -101.48909033,   35.72620489,     15.58308647,   13.57721487,    8.64611303,   10.76172922,     -8.52435824,   40.28079297,   34.39301756,  113.35645655,     21.8604048 ], [ -280.10158489,  -27.28862452,  -85.011997  ,  -43.14339843,     33.55607616,    7.73693345,   -2.15889727,   -5.17783568,      5.80210611,  -13.57080243,   28.3115828 ,   21.8604048 ,    137.69239614]]
/root/sim/music/901~1000/911_Starry_Sky.mp3; [-598.0757   , 107.02098  , -24.865915 ,  57.81914  ,  10.18266  ,    3.1310892,   1.5838424,  -3.3287988,   7.473107 ,  -2.4125311,   -4.2359767,  -6.20028  ,  -0.536928 ]; [[2168.19368713,-414.08279922, 247.13743861,-127.21761997, 170.88372537,   171.61577139,  29.28155358,  59.02264501,-102.54500319, 150.84604197,    21.34072553,  82.9132356 ,  56.79858491], [-414.08279922, 580.76710716,-106.29625114, 370.83947477,  39.30760038,    55.66814459,  84.98961432,  47.98021354, 158.9470407 ,   4.33416488,    35.2048897 , -23.71959467, -37.69593079], [ 247.13743861,-106.29625114, 369.86963935, -33.90875386, 128.03402577,    64.04751732,  28.13077475, 116.54944833, -20.01755595,  52.15489685,    10.94525919,  34.53218402,   9.41457894], [-127.21761997, 370.83947477, -33.90875386, 446.9683101 , 142.79662186,   129.75574301, 132.43694293, 100.36238548, 139.78695619,  51.5456959 ,    48.50573386,  19.17802517,   3.69616607], [ 170.88372537,  39.30760038, 128.03402577, 142.79662186, 175.36571274,   103.71580752,  57.31232191,  84.44001321,  62.89482307,  68.08561368,    14.73902688,  24.79923149,  12.10831851], [ 171.61577139,  55.66814459,  64.04751732, 129.75574301, 103.71580752,   156.81381149, 103.21206651,  81.90678002,  34.07631344,  57.37932799,    30.00827717,  23.02688832,  24.59505118], [  29.28155358,  84.98961432,  28.13077475, 132.43694293,  57.31232191,   103.21206651, 171.12573406,  88.75567119,  16.51540327,  35.04909397,    40.44109484,  19.53968522,  26.40185178], [  59.02264501,  47.98021354, 116.54944833, 100.36238548,  84.44001321,    81.90678002,  88.75567119, 135.22301677,  37.71129554,  28.12768095,    22.30329348,  30.25068216,  18.25450095], [-102.54500319, 158.9470407 , -20.01755595, 139.78695619,  62.89482307,    34.07631344,  16.51540327,  37.71129554, 120.84084026,  31.25646572,     7.62718395,   2.13596378,  -9.35245217], [ 150.84604197,   4.33416488,  52.15489685,  51.5456959 ,  68.08561368,    57.37932799,  35.04909397,  28.12768095,  31.25646572, 105.83058194,    35.88368523,  12.04815662,  10.42998545], [  21.34072553,  35.2048897 ,  10.94525919,  48.50573386,  14.73902688,    30.00827717,  40.44109484,  22.30329348,   7.62718395,  35.88368523,    65.58017109,  29.97829068,   8.928362  ], [  82.9132356 , -23.71959467,  34.53218402,  19.17802517,  24.79923149,    23.02688832,  19.53968522,  30.25068216,   2.13596378,  12.04815662,    29.97829068,  59.98085049,  26.78564252], [  56.79858491, -37.69593079,   9.41457894,   3.69616607,  12.10831851,    24.59505118,  26.40185178,  18.25450095,  -9.35245217,  10.42998545,     8.928362  ,  26.78564252,  50.83953302]]
/root/sim/music/901~1000/990_クラヤミ廊下.mp3; [-959.89233  , 228.59425  ,   7.078    , -44.490974 , -25.439682 ,    6.7787504,  22.112839 ,  22.236841 ,  16.060707 ,   7.7282157,   -5.473708 ,  -4.4325037,  -2.740508 ]; [[ 8162.61755217, 2144.02787573,-1433.95571169,  -81.65064066,   -145.75150693,  285.2865463 ,  434.47908987,  239.72245579,      0.17374984,  288.40168536, -342.56597657, -610.68265998,   -424.98157485], [ 2144.02787573, 1860.54507568,  493.47312122,  446.14232324,    514.70708116,  466.85411001,  388.22376817,  221.83485197,     86.04083062,   23.05468717, -182.5915953 , -208.03941896,     -4.49993133], [-1433.95571169,  493.47312122, 1770.99484217,  970.43584264,    571.75927888,  258.89351539,   45.60394243,   72.60315363,     53.26601654,  -86.09446876,  108.69808541,  199.6528466 ,    109.09362998], [  -81.65064066,  446.14232324,  970.43584264,  847.28005207,    480.49298713,  218.81834047,   65.03322417,   13.44780064,    -23.37049122,  -15.33704541,   72.73643014,   96.53074608,     61.95947646], [ -145.75150693,  514.70708116,  571.75927888,  480.49298713,    522.20150012,  342.90501954,  167.12477542,   50.58296431,    -32.04283707, -116.77058922,  -65.83215053,   19.77341578,    124.03579096], [  285.2865463 ,  466.85411001,  258.89351539,  218.81834047,    342.90501954,  380.82924079,  249.80648015,   73.59097982,    -51.01050036, -128.28761316, -108.46008407,  -39.03911709,     38.52608351], [  434.47908987,  388.22376817,   45.60394243,   65.03322417,    167.12477542,  249.80648015,  270.49638153,  134.57311978,     22.73663325,  -29.71020248,  -78.70504646,  -94.73152782,    -33.87027709], [  239.72245579,  221.83485197,   72.60315363,   13.44780064,     50.58296431,   73.59097982,  134.57311978,  220.05193886,    182.64926623,   27.97552824,  -70.99443962,  -84.66964929,    -35.44360414], [    0.17374984,   86.04083062,   53.26601654,  -23.37049122,    -32.04283707,  -51.01050036,   22.73663325,  182.64926623,    286.9661045 ,  171.07391118,   23.65003319,  -74.49909973,    -87.16081466], [  288.40168536,   23.05468717,  -86.09446876,  -15.33704541,   -116.77058922, -128.28761316,  -29.71020248,   27.97552824,    171.07391118,  347.50298592,  216.83632774,  -86.66116883,   -230.06642027], [ -342.56597657, -182.5915953 ,  108.69808541,   72.73643014,    -65.83215053, -108.46008407,  -78.70504646,  -70.99443962,     23.65003319,  216.83632774,  322.34311975,  115.20195294,   -168.75730994], [ -610.68265998, -208.03941896,  199.6528466 ,   96.53074608,     19.77341578,  -39.03911709,  -94.73152782,  -84.66964929,    -74.49909973,  -86.66116883,  115.20195294,  311.06325795,    153.87837722], [ -424.98157485,   -4.49993133,  109.09362998,   61.95947646,    124.03579096,   38.52608351,  -33.87027709,  -35.44360414,    -87.16081466, -230.06642027, -168.75730994,  153.87837722,    419.71119467]]
