/root/sim/music/out/John Lennon/Working Class Hero_ The Definitive Lennon [Disc 2]/01-Woman.mp3; [-604.8143    , 134.44722   , -10.220271  ,  16.2707    ,  -6.60387   ,   -0.87589914,  -8.3917675 ,   1.0453882 ,  -2.8853018 ,  -4.115578  ,   -2.1399662 ,  -0.42426318,   0.20073178]; [[17273.09624706,  688.93308011,   21.50795302,  254.46492135,   -349.49282791,  125.73795084, -178.66063639,   67.80975848,    -24.87139556,  -43.01182925,   97.7082323 ,  -21.9000481 ,    -32.25178256], [  688.93308011, 1175.88603298, -281.99992285,  117.07865344,    125.68537525,  -74.03683139,   49.02270326,   47.20534148,     13.44069441,   35.46773963,   -8.04223613,   48.21451345,     46.84159139], [   21.50795302, -281.99992285,  500.32645217,   26.96378816,     60.87162423,  121.94734649,   59.57270824,   27.69781358,     19.78886031,   62.27300285,   47.82385514,   47.9111907 ,     43.17149089], [  254.46492135,  117.07865344,   26.96378816,  364.87067256,    166.97125692,    6.61250159,   14.2940736 ,   38.55288385,     66.69900436,   25.06250694,   -5.50000606,   56.7042673 ,     66.73344293], [ -349.49282791,  125.68537525,   60.87162423,  166.97125692,    253.16308116,   19.21795152,   19.79799916,   47.44608483,     76.19461188,   39.55424395,  -10.51006186,   47.03333642,     56.37107843], [  125.73795084,  -74.03683139,  121.94734649,    6.61250159,     19.21795152,  157.3063543 ,   74.82904956,   39.88886445,     25.98919738,   37.33982505,   39.37967986,   15.46905252,     15.70304527], [ -178.66063639,   49.02270326,   59.57270824,   14.2940736 ,     19.79799916,   74.82904956,  164.85681147,   61.85149864,      5.68666663,   41.40864112,   40.26284316,   31.2299058 ,     21.77915171], [   67.80975848,   47.20534148,   27.69781358,   38.55288385,     47.44608483,   39.88886445,   61.85149864,  119.66482955,     61.93684397,   28.37053714,   15.91077936,   33.52044408,     37.77272559], [  -24.87139556,   13.44069441,   19.78886031,   66.69900436,     76.19461188,   25.98919738,    5.68666663,   61.93684397,    122.60006462,   39.96030157,    4.4934723 ,   24.3105696 ,     35.68984636], [  -43.01182925,   35.46773963,   62.27300285,   25.06250694,     39.55424395,   37.33982505,   41.40864112,   28.37053714,     39.96030157,   94.54793682,   38.59287713,   24.63010234,     24.00837837], [   97.7082323 ,   -8.04223613,   47.82385514,   -5.50000606,    -10.51006186,   39.37967986,   40.26284316,   15.91077936,      4.4934723 ,   38.59287713,   95.12600705,   30.81373163,      8.40838327], [  -21.9000481 ,   48.21451345,   47.9111907 ,   56.7042673 ,     47.03333642,   15.46905252,   31.2299058 ,   33.52044408,     24.3105696 ,   24.63010234,   30.81373163,   85.60657019,     49.05388301], [  -32.25178256,   46.84159139,   43.17149089,   66.73344293,     56.37107843,   15.70304527,   21.77915171,   37.77272559,     35.68984636,   24.00837837,    8.40838327,   49.05388301,     82.30163623]]
/root/sim/music/out/John Lennon/Working Class Hero_ The Definitive Lennon [Disc 2]/02-Mind Games.mp3; [-560.48285   , 104.69522   , -36.887352  ,  20.700686  ,   2.457252  ,    0.26686954,   0.3669183 ,   1.4694381 ,  -1.7497185 ,   1.2085973 ,   -2.112562  ,  -3.7186148 ,  -5.347439  ]; [[10384.16137045,  410.56395805,    4.58166634,   -9.73735174,    -49.3954071 ,   34.88293354,   17.06282409, -115.24073198,     29.94630411,   84.27588044, -131.45014993, -119.76485372,    -17.74004212], [  410.56395805,  799.86159339, -149.21593232,  186.3402543 ,     31.82019007,   65.20235141,   66.87854675,   17.66757733,     30.46844293,   40.04134062,    5.55194993,    5.58078781,     10.78206901], [    4.58166634, -149.21593232,  488.70628579,  128.58391381,    126.77000715,   69.62010236,   41.18047902,   57.56586655,     19.75224127,   19.27224296,    4.89430002,   36.36995347,     16.10991626], [   -9.73735174,  186.3402543 ,  128.58391381,  375.03322701,    100.71013776,   75.12725486,   36.84956057,   49.69223648,     30.90931779,   17.03441565,   -3.46506535,   51.86498922,     16.72199356], [  -49.3954071 ,   31.82019007,  126.77000715,  100.71013776,    192.15150833,   60.07366148,   30.74237855,   45.37901053,     38.70196854,   18.09984073,   10.46194248,    5.02407234,     13.24697784], [   34.88293354,   65.20235141,   69.62010236,   75.12725486,     60.07366148,  158.16402376,   65.2330228 ,   28.1522916 ,      1.75417457,   12.76615212,   11.98545752,   10.47474322,      1.13262836], [   17.06282409,   66.87854675,   41.18047902,   36.84956057,     30.74237855,   65.2330228 ,  121.68844442,   46.90516494,      7.8774723 ,    9.57540329,   16.6194026 ,   19.69324796,     17.0543204 ], [ -115.24073198,   17.66757733,   57.56586655,   49.69223648,     45.37901053,   28.1522916 ,   46.90516494,  103.58808038,     44.02956161,   22.63517101,   17.917992  ,   22.38134725,     14.10324616], [   29.94630411,   30.46844293,   19.75224127,   30.90931779,     38.70196854,    1.75417457,    7.8774723 ,   44.02956161,    119.71538482,   56.21302539,   13.77610787,    8.17999125,     11.2396206 ], [   84.27588044,   40.04134062,   19.27224296,   17.03441565,     18.09984073,   12.76615212,    9.57540329,   22.63517101,     56.21302539,   88.74626873,   34.98169508,   14.10616452,      6.97410458], [ -131.45014993,    5.55194993,    4.89430002,   -3.46506535,     10.46194248,   11.98545752,   16.6194026 ,   17.917992  ,     13.77610787,   34.98169508,   88.59788458,   27.86699647,     -2.83415297], [ -119.76485372,    5.58078781,   36.36995347,   51.86498922,      5.02407234,   10.47474322,   19.69324796,   22.38134725,      8.17999125,   14.10616452,   27.86699647,   92.59133315,     37.2256585 ], [  -17.74004212,   10.78206901,   16.10991626,   16.72199356,     13.24697784,    1.13262836,   17.0543204 ,   14.10324616,     11.2396206 ,    6.97410458,   -2.83415297,   37.2256585 ,     82.64855519]]
/root/sim/music/out/John Lennon/Working Class Hero_ The Definitive Lennon [Disc 2]/06-Mother.mp3; [-741.2028    , 170.78793   ,   4.400998  ,  21.210274  ,   7.134501  ,   13.641285  ,   0.09601607,   6.305404  ,  -8.043285  ,  -5.116053  ,   -5.0227556 ,  -7.9557157 ,  -5.645985  ]; [[28861.38509951,-6046.68374267,-4327.10558113,  906.19691041,   -570.0756705 , -126.86783081, -735.97709845,  240.881883  ,   -621.81373401,  301.59322561,  401.20979711, -224.0650953 ,   -382.35071069], [-6046.68374267, 5663.76793475,  122.48195338, -440.86032516,    205.45520633,  -65.52400426,  319.26964865, -131.66895003,    129.22307444, -191.95738592, -157.7313896 ,   39.10103454,    130.97186858], [-4327.10558113,  122.48195338, 2909.1109813 ,  -55.90996081,      7.7478097 ,  294.9490612 ,  176.23727899,  -18.81879421,     88.47773024,  -91.83458549, -143.20129886,   58.34463638,     17.02268472], [  906.19691041, -440.86032516,  -55.90996081,  612.91100022,    135.23362225,   29.99243619,   -7.54385882,    7.23527509,     34.63757294,   18.64579961,   -4.51393464,   -5.85148513,    -26.62073058], [ -570.0756705 ,  205.45520633,    7.7478097 ,  135.23362225,    365.25186005,   51.58628974,   -6.11011189,   17.52392693,     85.02200694,    7.07519195,  -20.78880272,   14.24132767,     29.63830221], [ -126.86783081,  -65.52400426,  294.9490612 ,   29.99243619,     51.58628974,  212.97483862,   64.26295438,   23.01051121,     36.53937143,   14.17199681,   -3.43341919,    7.2472492 ,     11.25088357], [ -735.97709845,  319.26964865,  176.23727899,   -7.54385882,     -6.11011189,   64.26295438,  203.589449  ,   38.04255321,     -9.87296716,   -4.03667237,   -5.93279613,   -3.21630342,     19.33404952], [  240.881883  , -131.66895003,  -18.81879421,    7.23527509,     17.52392693,   23.01051121,   38.04255321,  133.15895489,      3.93504685,   16.3834681 ,    3.87411074,  -16.38972959,     -3.62575163], [ -621.81373401,  129.22307444,   88.47773024,   34.63757294,     85.02200694,   36.53937143,   -9.87296716,    3.93504685,    162.93798147,   35.93041981,  -27.73424567,    9.84101173,     10.2111344 ], [  301.59322561, -191.95738592,  -91.83458549,   18.64579961,      7.07519195,   14.17199681,   -4.03667237,   16.3834681 ,     35.93041981,  115.78016295,   38.72787314,   -6.79901341,     -2.77703255], [  401.20979711, -157.7313896 , -143.20129886,   -4.51393464,    -20.78880272,   -3.43341919,   -5.93279613,    3.87411074,    -27.73424567,   38.72787314,  102.45046054,   14.45999945,     -5.78386339], [ -224.0650953 ,   39.10103454,   58.34463638,   -5.85148513,     14.24132767,    7.2472492 ,   -3.21630342,  -16.38972959,      9.84101173,   -6.79901341,   14.45999945,  106.9841487 ,     63.47886503], [ -382.35071069,  130.97186858,   17.02268472,  -26.62073058,     29.63830221,   11.25088357,   19.33404952,   -3.62575163,     10.2111344 ,   -2.77703255,   -5.78386339,   63.47886503,    130.21294329]]
/root/sim/music/out/John Lennon/Working Class Hero_ The Definitive Lennon [Disc 2]/07-Be.autiful Boy (Darling Boy).mp3; [-686.249    , 153.8417   , -17.60511  ,   5.181189 ,  -2.5127904,   -3.559717 , -12.318455 ,  -2.4122405,   0.359174 ,  -0.544032 ,   -0.989409 ,  -5.103952 ,  -4.6202374]; [[20527.21376664,   27.61934202,  165.27833579,  604.96031434,    244.45201267,   75.44359781, -282.34367288, -113.84344758,    126.84950172,  -10.84292376,  123.81276371, -231.40916089,   -370.56059506], [   27.61934202, 1402.25161924, -189.64391778,  -57.14254829,     34.46304669,  -51.62117212,   37.2675062 ,   -2.97361045,     -0.47527537,    8.4078228 ,  -30.88589231,  -14.91824004,     25.03484708], [  165.27833579, -189.64391778,  595.14656567,   91.20192705,     54.01877191,   93.47729836,   67.10141798,   -0.50042469,      3.10812232,    0.98480799,    0.6581391 ,   13.01174199,     -6.87112042], [  604.96031434,  -57.14254829,   91.20192705,  343.06030811,    178.48059131,   63.87523708,   28.74372866,    6.28215605,     39.79785059,   20.78442629,   -7.49557061,   23.9741672 ,     28.2769905 ], [  244.45201267,   34.46304669,   54.01877191,  178.48059131,    310.89954885,   42.94897143,   15.19829891,   -4.83876153,     47.39984252,   36.84923781,    2.80239407,   29.50276405,     25.52917559], [   75.44359781,  -51.62117212,   93.47729836,   63.87523708,     42.94897143,  192.21361771,   67.95188691,   32.58557723,     24.70124747,   29.79210667,   12.06440478,   -3.06046831,     20.86952039], [ -282.34367288,   37.2675062 ,   67.10141798,   28.74372866,     15.19829891,   67.95188691,  161.3513238 ,   52.96893905,     11.73121858,   26.07201845,   11.02591756,   10.53278249,     30.55808394], [ -113.84344758,   -2.97361045,   -0.50042469,    6.28215605,     -4.83876153,   32.58557723,   52.96893905,  129.04968335,     32.58005027,   20.22705535,   13.96401929,   11.00686937,     25.08936794], [  126.84950172,   -0.47527537,    3.10812232,   39.79785059,     47.39984252,   24.70124747,   11.73121858,   32.58005027,    124.52608074,   42.39503759,    5.00378789,   10.0323875 ,      4.6935126 ], [  -10.84292376,    8.4078228 ,    0.98480799,   20.78442629,     36.84923781,   29.79210667,   26.07201845,   20.22705535,     42.39503759,  108.25244422,   37.96929834,    0.14432191,      7.53937536], [  123.81276371,  -30.88589231,    0.6581391 ,   -7.49557061,      2.80239407,   12.06440478,   11.02591756,   13.96401929,      5.00378789,   37.96929834,   97.11397572,   23.42812604,    -10.9919743 ], [ -231.40916089,  -14.91824004,   13.01174199,   23.9741672 ,     29.50276405,   -3.06046831,   10.53278249,   11.00686937,     10.0323875 ,    0.14432191,   23.42812604,   93.5820201 ,     29.09570194], [ -370.56059506,   25.03484708,   -6.87112042,   28.2769905 ,     25.52917559,   20.86952039,   30.55808394,   25.08936794,      4.6935126 ,    7.53937536,  -10.9919743 ,   29.09570194,    114.93426968]]
/root/sim/music/out/安室奈美恵 & VERBAL/THE GREATEST HITS -小室哲哉作品集 a- [Disc 1]/12-lovin' it.mp3; [-576.861     , 115.167336  ,  19.83363   ,  15.970655  ,   6.21127   ,   -1.0997778 ,   9.437175  ,  -0.51845187,   1.4478934 ,   7.06108   ,   -4.075331  ,  -2.7081435 ,  -1.4627253 ]; [[19108.05655057,-1155.00021909,  516.80178788,  188.72024532,     -1.12824128,  368.79367843,  158.66934989,  405.64177381,    355.42837518,  423.57555768,  295.91064584,  276.64971523,    272.51968728], [-1155.00021909, 2349.0801118 , -511.80607091, -346.99379042,    157.88611099, -218.87315108,   62.45653139, -190.29808071,    -62.80812916,  -50.84804642, -114.71233013, -136.48394887,    -89.37787247], [  516.80178788, -511.80607091, 1245.26585218,  192.94635509,    127.6883064 ,  218.16306015, -135.06726378,  153.81539762,     88.02663899,  -45.33842499,   56.8549181 ,   68.56340166,     19.16083217], [  188.72024532, -346.99379042,  192.94635509,  916.64450648,     60.66073149,  255.45009848,  -13.16328902,  185.46132945,    119.61435522,  -32.95285946,   60.03715748,   70.3776701 ,     16.56908262], [   -1.12824128,  157.88611099,  127.6883064 ,   60.66073149,    423.00993655,  -25.10086447,  -41.8081446 ,   52.21893392,     64.2447044 ,    8.39205555,  -50.611397  ,    6.47539006,     20.69295843], [  368.79367843, -218.87315108,  218.16306015,  255.45009848,    -25.10086447,  445.70861568,   68.27218187,  135.51955228,     69.94767155,   27.59762547,  118.60982073,   25.67584599,     27.23898598], [  158.66934989,   62.45653139, -135.06726378,  -13.16328902,    -41.8081446 ,   68.27218187,  370.28055867,   13.70374818,    -15.72516874,   98.54326328,    5.10599545,   30.46419475,     26.06540966], [  405.64177381, -190.29808071,  153.81539762,  185.46132945,     52.21893392,  135.51955228,   13.70374818,  247.08595852,     82.0709781 ,  -10.54724181,   57.91570778,   55.38840994,     40.39284505], [  355.42837518,  -62.80812916,   88.02663899,  119.61435522,     64.2447044 ,   69.94767155,  -15.72516874,   82.0709781 ,    165.59684923,   23.2129209 ,   30.54528616,   25.6689895 ,     24.22474775], [  423.57555768,  -50.84804642,  -45.33842499,  -32.95285946,      8.39205555,   27.59762547,   98.54326328,  -10.54724181,     23.2129209 ,  197.63528462,   35.88373486,   12.75252948,     10.02816174], [  295.91064584, -114.71233013,   56.8549181 ,   60.03715748,    -50.611397  ,  118.60982073,    5.10599545,   57.91570778,     30.54528616,   35.88373486,  184.02211424,   38.2713457 ,     15.97477958], [  276.64971523, -136.48394887,   68.56340166,   70.3776701 ,      6.47539006,   25.67584599,   30.46419475,   55.38840994,     25.6689895 ,   12.75252948,   38.2713457 ,  136.50541961,     46.36304812], [  272.51968728,  -89.37787247,   19.16083217,   16.56908262,     20.69295843,   27.23898598,   26.06540966,   40.39284505,     24.22474775,   10.02816174,   15.97477958,   46.36304812,    117.35712001]]
/root/sim/music/out/clannad/不明なアルバム/CLANNAD_______.mp3; [-723.72736   , 114.000305  , -27.633732  ,   1.5135548 , -28.5129    ,    0.82425976, -18.41726   , -10.137045  , -18.270561  ,   1.6783816 ,  -12.905965  ,  -0.77374744,  -0.8784301 ]; [[24141.81742783, 2059.27488988,  413.70106631, 2373.16399826,    324.80991718,   78.89063634,  482.44565965, 1198.68320151,    195.90207942,  -37.86225903, -401.03777776,  113.65985601,   -445.55445523], [ 2059.27488988, 2284.6928454 ,  -49.90359514,  391.50590303,    299.94124714,   76.69999402,  112.43476306,  273.26206281,     69.9364167 , -114.45477398,  -31.20575248, -110.24025199,   -183.03267042], [  413.70106631,  -49.90359514,  578.01757355,   95.96642018,     88.62233256,   34.16023898,   68.89235763,    9.2279681 ,      5.69426797,   31.75104285,    8.30816524,   -0.93498452,      1.74975103], [ 2373.16399826,  391.50590303,   95.96642018,  694.16434968,    169.98416311,  -49.3638293 ,  104.47184201,  287.99133138,      7.52510272,  -10.54898947,  -28.0635598 ,  -60.48898703,    -98.1857834 ], [  324.80991718,  299.94124714,   88.62233256,  169.98416311,    372.46510998,   99.41978233,   95.90869325,  152.85010145,     72.07361138,   44.25245182,   41.76924616,  -50.21627831,    -44.62624967], [   78.89063634,   76.69999402,   34.16023898,  -49.3638293 ,     99.41978233,  316.23128261,   69.88223235,   90.51780276,     -3.15424615,   58.6407299 ,   35.3626094 ,  -13.61613025,     -1.83965981], [  482.44565965,  112.43476306,   68.89235763,  104.47184201,     95.90869325,   69.88223235,  254.93331522,  143.91378176,     28.08960452,   41.84415876,   41.24551279,  -19.7979744 ,    -12.4239311 ], [ 1198.68320151,  273.26206281,    9.2279681 ,  287.99133138,    152.85010145,   90.51780276,  143.91378176,  482.29193428,     -0.31703256,   42.78701907,   55.25102297,  -71.21863152,    -78.61659948], [  195.90207942,   69.9364167 ,    5.69426797,    7.52510272,     72.07361138,   -3.15424615,   28.08960452,   -0.31703256,    292.38121132,   43.57189504,   15.07234639,   76.36387858,     60.39375043], [  -37.86225903, -114.45477398,   31.75104285,  -10.54898947,     44.25245182,   58.6407299 ,   41.84415876,   42.78701907,     43.57189504,  184.28816414,   37.58676648,    7.89067943,      6.80831299], [ -401.03777776,  -31.20575248,    8.30816524,  -28.0635598 ,     41.76924616,   35.3626094 ,   41.24551279,   55.25102297,     15.07234639,   37.58676648,  199.63575193,   22.59824116,     33.18389299], [  113.65985601, -110.24025199,   -0.93498452,  -60.48898703,    -50.21627831,  -13.61613025,  -19.7979744 ,  -71.21863152,     76.36387858,    7.89067943,   22.59824116,  254.84346711,     82.76879343], [ -445.55445523, -183.03267042,    1.74975103,  -98.1857834 ,    -44.62624967,   -1.83965981,  -12.4239311 ,  -78.61659948,     60.39375043,    6.80831299,   33.18389299,   82.76879343,    246.15379857]]
/root/sim/music/out/斉藤和義/素敵な匂いの世界/04 何もないテーブルに.mp3; [-571.7174    , 113.19588   ,   2.5765786 ,  30.542454  ,  17.00874   ,   13.152604  ,   1.7933478 ,   3.574423  ,   1.718046  ,   2.3286128 ,    0.5754707 ,   0.64484173,  -2.3600008 ]; [[9886.70552719, 547.36252153,-126.85004085, -21.58350544, -11.26789779,   -21.63395029,-141.98396042,  -8.74329068, -86.30091011,  10.6417056 ,    26.69070284, -53.20144182, -48.38512573], [ 547.36252153, 594.19967049, -87.29087483,  -2.72189187,  18.32093412,    15.19477056,  36.40066661,   3.56696122,   3.81530249,  20.16959218,     6.9827552 ,  13.20867972,   5.96656102], [-126.85004085, -87.29087483, 395.64137049, -46.26218075, -12.19133158,    27.54717124,  -8.3649999 , -29.96642501, -34.62644312, -46.58594767,     2.92557846,   1.60880169,   0.19063445], [ -21.58350544,  -2.72189187, -46.26218075, 240.73854243,  56.17412863,    -9.95693364,  -4.18201939,  11.58215544,  36.16033243, -18.5645582 ,   -27.00736565,   2.2392159 ,  16.47426553], [ -11.26789779,  18.32093412, -12.19133158,  56.17412863, 165.75995227,    14.77798179,   8.28506623,  -6.55406627,  15.2519008 ,  -9.17714864,   -27.24725662,  -2.59176294,   0.09005397], [ -21.63395029,  15.19477056,  27.54717124,  -9.95693364,  14.77798179,   105.59321333,  28.44212983,  -4.52045541,   0.23996977,  14.50573589,     9.89106713,  -2.28884351,   0.1179413 ], [-141.98396042,  36.40066661,  -8.3649999 ,  -4.18201939,   8.28506623,    28.44212983, 118.20852286,   6.44500699,   9.16801396,   0.89346474,    -4.91510474,   5.76794273,   6.37666708], [  -8.74329068,   3.56696122, -29.96642501,  11.58215544,  -6.55406627,    -4.52045541,   6.44500699,  79.71263145,  20.66709128,   3.51473334,     2.74464504,   1.88753971,   8.54035125], [ -86.30091011,   3.81530249, -34.62644312,  36.16033243,  15.2519008 ,     0.23996977,   9.16801396,  20.66709128,  80.07623309,  16.15063863,    -6.47963758,  -0.36301449,   7.17087504], [  10.6417056 ,  20.16959218, -46.58594767, -18.5645582 ,  -9.17714864,    14.50573589,   0.89346474,   3.51473334,  16.15063863,  88.06360229,    31.06070748,   5.0742947 ,  -5.50885556], [  26.69070284,   6.9827552 ,   2.92557846, -27.00736565, -27.24725662,     9.89106713,  -4.91510474,   2.74464504,  -6.47963758,  31.06070748,    82.00681119,  18.56444555,  -0.60483293], [ -53.20144182,  13.20867972,   1.60880169,   2.2392159 ,  -2.59176294,    -2.28884351,   5.76794273,   1.88753971,  -0.36301449,   5.0742947 ,    18.56444555,  53.89798658,  12.8297132 ], [ -48.38512573,   5.96656102,   0.19063445,  16.47426553,   0.09005397,     0.1179413 ,   6.37666708,   8.54035125,   7.17087504,  -5.50885556,    -0.60483293,  12.8297132 ,  56.133903  ]]
/root/sim/music/out/斉藤和義/素敵な匂いの世界/09 素敵な匂いの世界.mp3; [-591.22205   , 118.4129    ,  -4.1227307 ,  38.70886   ,  16.55185   ,    9.21787   ,   4.2158146 ,   3.0550027 ,  -2.8355677 ,   3.3402271 ,    1.0695461 ,   0.90541923,  -0.50756764]; [[19502.98508714,-5698.75541534, -239.31337728,  274.95675421,    -30.24017268,   -4.46657946,   31.70664156,  584.84212641,    457.24867598,  637.26872282,  246.70278784,  168.83792526,    195.60922624], [-5698.75541534, 2556.21348613, -324.21860018,   10.08598111,    -32.95351069,  -27.26834597,   -2.55357575, -218.17810253,   -184.97301101, -222.70537371,  -62.06566141,  -41.9899884 ,    -62.86912316], [ -239.31337728, -324.21860018,  643.94268189, -158.6426996 ,     78.45449442,   38.47881398,   17.99098046,   32.54742641,     14.24410784,   15.01326272,   -7.80294063,    9.93025946,      7.10054556], [  274.95675421,   10.08598111, -158.6426996 ,  268.33257125,     -4.33902628,   30.20914114,   10.42068912,   -9.76627465,     22.61816164,    2.46812775,  -15.03567388,  -10.62140291,     15.92712724], [  -30.24017268,  -32.95351069,   78.45449442,   -4.33902628,    136.68974059,   18.71907423,   11.25178092,    6.77426274,     22.4309698 ,   16.11735724,   -3.69521396,    2.5972431 ,      1.76073099], [   -4.46657946,  -27.26834597,   38.47881398,   30.20914114,     18.71907423,   90.34264705,   22.5297431 ,    6.35095183,     10.94794033,    7.7574519 ,    2.54849611,   -0.56033854,     -1.88164551], [   31.70664156,   -2.55357575,   17.99098046,   10.42068912,     11.25178092,   22.5297431 ,   95.48332442,   22.71705895,     13.29276008,    6.87174821,    9.77811156,   11.41884776,      9.26177279], [  584.84212641, -218.17810253,   32.54742641,   -9.76627465,      6.77426274,    6.35095183,   22.71705895,   87.5416798 ,     35.25906345,   32.43861887,   14.26826951,   11.26812231,     14.41133911], [  457.24867598, -184.97301101,   14.24410784,   22.61816164,     22.4309698 ,   10.94794033,   13.29276008,   35.25906345,     85.55996352,   42.60991216,    9.64230837,    3.97569646,      8.08212436], [  637.26872282, -222.70537371,   15.01326272,    2.46812775,     16.11735724,    7.7574519 ,    6.87174821,   32.43861887,     42.60991216,   86.57450717,   28.91095601,   12.54227283,      7.89562502], [  246.70278784,  -62.06566141,   -7.80294063,  -15.03567388,     -3.69521396,    2.54849611,    9.77811156,   14.26826951,      9.64230837,   28.91095601,   57.92664695,   20.01647352,      5.25503508], [  168.83792526,  -41.9899884 ,    9.93025946,  -10.62140291,      2.5972431 ,   -0.56033854,   11.41884776,   11.26812231,      3.97569646,   12.54227283,   20.01647352,   52.34893459,     20.15849851], [  195.60922624,  -62.86912316,    7.10054556,   15.92712724,      1.76073099,   -1.88164551,    9.26177279,   14.41133911,      8.08212436,    7.89562502,    5.25503508,   20.15849851,     59.15261426]]
/root/sim/music/out/斉藤和義/素敵な匂いの世界/10 ある日の出来事.mp3; [-788.88965  , 187.4769   ,  37.784145 ,  25.74002  ,  12.6294985,   17.531805 ,   9.161782 ,   5.685762 ,  -1.1772194,   7.523606 ,    3.3539522,   4.870306 ,  -0.5266889]; [[18266.34850296,-2046.04169339, -954.71668502,  356.71398913,   -389.4688696 ,  -41.8038003 , -438.10961297,  227.63973666,    -78.45986762,  108.05626802,  363.82033389,  193.20753862,      7.92345085], [-2046.04169339, 2997.72187873,  244.61943239,  -96.67244567,    310.23874963,  144.0892876 ,  223.76867749,  -19.85000777,      1.50060506,   22.69845056,  -25.91591341,  -98.20601549,     36.93797215], [ -954.71668502,  244.61943239,  549.96317489,   56.59158678,     10.46603784,   63.00966261,   73.26063821,    0.89277699,      0.83418453,  -19.27796096,  -25.28601708,   17.97462231,     16.79248273], [  356.71398913,  -96.67244567,   56.59158678,  296.23133574,     68.99218212,   -1.49626555,  -35.58411333,   19.56283337,     36.89098666,   -6.22212048,  -24.74430315,   12.99272647,     18.02600247], [ -389.4688696 ,  310.23874963,   10.46603784,   68.99218212,    228.13611744,   20.30446388,  -32.21703673,    7.16003801,     38.13621552,   -0.68135598,  -28.99839662,   -8.35228396,      0.46881563], [  -41.8038003 ,  144.0892876 ,   63.00966261,   -1.49626555,     20.30446388,  145.62938021,   41.94387679,  -10.89093234,     12.24510791,   16.21636072,   27.7770001 ,    1.61622228,     12.56101161], [ -438.10961297,  223.76867749,   73.26063821,  -35.58411333,    -32.21703673,   41.94387679,  183.68850782,    2.50320634,    -23.50224691,   21.92096521,   20.02005626,    4.11517333,     15.42405346], [  227.63973666,  -19.85000777,    0.89277699,   19.56283337,      7.16003801,  -10.89093234,    2.50320634,  108.66525924,     13.4184786 ,  -15.07361391,   12.40911345,   11.6612621 ,     15.76604363], [  -78.45986762,    1.50060506,    0.83418453,   36.89098666,     38.13621552,   12.24510791,  -23.50224691,   13.4184786 ,    104.37617803,   -9.50732135,  -16.17613603,    3.97728324,     10.6348948 ], [  108.05626802,   22.69845056,  -19.27796096,   -6.22212048,     -0.68135598,   16.21636072,   21.92096521,  -15.07361391,     -9.50732135,  118.41527152,   22.32129811,    4.49765151,     -5.75194265], [  363.82033389,  -25.91591341,  -25.28601708,  -24.74430315,    -28.99839662,   27.7770001 ,   20.02005626,   12.40911345,    -16.17613603,   22.32129811,  118.10409589,   10.19056706,      3.7977363 ], [  193.20753862,  -98.20601549,   17.97462231,   12.99272647,     -8.35228396,    1.61622228,    4.11517333,   11.6612621 ,      3.97728324,    4.49765151,   10.19056706,   93.69945084,     13.24363862], [    7.92345085,   36.93797215,   16.79248273,   18.02600247,      0.46881563,   12.56101161,   15.42405346,   15.76604363,     10.6348948 ,   -5.75194265,    3.7977363 ,   13.24363862,     90.42380111]]
/root/sim/music/out/斉藤和義/素敵な匂いの世界/08 僕は他人.mp3; [-592.9114    , 108.32867   ,  11.069624  ,  30.552845  ,  12.015113  ,    3.5317848 ,  -1.8237295 ,   5.364808  ,   0.47092122,   0.48542255,    1.5407301 ,   0.36767483,   0.33828193]; [[13822.92203586,    4.72022698, -166.79318737, -162.49505474,   -178.03277726,   -9.65463604, -162.94652296,  -80.49570617,   -147.81347019,  -90.5010286 ,  -25.70354155,   14.21093159,    -80.20741657], [    4.72022698,  683.52497268,   52.28502241,  -65.80992038,     42.62429318,    2.40731642,   49.76577138,  -11.74020202,    -20.53224574,   29.723654  ,   40.83838712,   14.00523474,      8.74074344], [ -166.79318737,   52.28502241,  596.74464165,  -20.42262681,     15.01292404,   90.9506774 ,   47.72612725,  -72.4267483 ,    -41.62772947,   27.14090243,   23.34910054,   34.60871088,     13.07394938], [ -162.49505474,  -65.80992038,  -20.42262681,  350.21704096,     89.44619399,   -7.38825678,  -10.16283671,   29.9174504 ,     56.03684491,  -23.72784257,  -36.28167614,  -39.87635309,     21.05747187], [ -178.03277726,   42.62429318,   15.01292404,   89.44619399,    157.45947999,    0.34658007,    8.14952385,   16.34208587,     28.69065519,    4.9567395 ,   -2.30551766,   -4.84815832,      9.92459612], [   -9.65463604,    2.40731642,   90.9506774 ,   -7.38825678,      0.34658007,  121.77309454,   41.56839209,  -13.79450506,     -0.92102631,   12.77128203,   11.9861597 ,   10.78388934,      7.95960616], [ -162.94652296,   49.76577138,   47.72612725,  -10.16283671,      8.14952385,   41.56839209,  118.16822344,   23.18677059,      5.02924171,   11.84651472,   19.00236862,   10.08996763,      5.93987965], [  -80.49570617,  -11.74020202,  -72.4267483 ,   29.9174504 ,     16.34208587,  -13.79450506,   23.18677059,  102.75842335,     43.47661842,   -1.50542899,   -3.44756968,   -5.77609275,      2.47017099], [ -147.81347019,  -20.53224574,  -41.62772947,   56.03684491,     28.69065519,   -0.92102631,    5.02924171,   43.47661842,     91.16149354,   22.61061027,   -7.11984684,  -11.30648337,      7.8465585 ], [  -90.5010286 ,   29.723654  ,   27.14090243,  -23.72784257,      4.9567395 ,   12.77128203,   11.84651472,   -1.50542899,     22.61061027,   81.09516131,   30.99362496,   10.702109  ,     -4.97625452], [  -25.70354155,   40.83838712,   23.34910054,  -36.28167614,     -2.30551766,   11.9861597 ,   19.00236862,   -3.44756968,     -7.11984684,   30.99362496,   74.13433568,   31.03470779,     -3.91053742], [   14.21093159,   14.00523474,   34.60871088,  -39.87635309,     -4.84815832,   10.78388934,   10.08996763,   -5.77609275,    -11.30648337,   10.702109  ,   31.03470779,   65.60597819,     17.10606222], [  -80.20741657,    8.74074344,   13.07394938,   21.05747187,      9.92459612,    7.95960616,    5.93987965,    2.47017099,      7.8465585 ,   -4.97625452,   -3.91053742,   17.10606222,     63.46531639]]
/root/sim/music/out/斉藤和義/素敵な匂いの世界/02 彼女.mp3; [-593.8086    ,  90.22383   ,   9.725669  ,  42.925156  ,  12.745641  ,    8.205564  ,   3.3034194 ,   8.01696   ,   1.8784101 ,   2.4220328 ,    0.30624104,   2.311865  ,  -0.86665136]; [[19300.45201518, -247.48851185, -213.80676291, -474.23996017,   -570.55449963, -164.73288682, -730.25229957,  -76.98578016,     86.73314166,   41.77439019,  192.87581242,  -17.53502825,    -89.82795806], [ -247.48851185,  774.98541364, -117.3324992 ,   16.23278873,     14.35961759,   38.27054531,  114.15296582,   12.41658983,    -30.32660562,   20.60385945,   37.40246775,    7.00070559,     -3.54826738], [ -213.80676291, -117.3324992 ,  419.51577067,   46.81652938,     34.005751  ,   51.99514151,    8.04103894,   30.79430027,     12.23871979,   -7.84004597,   -2.72628134,    8.05350707,     28.94329705], [ -474.23996017,   16.23278873,   46.81652938,  381.68953469,    117.85219211,  -25.27707612,   26.38629208,   31.83706681,     32.24248101,  -29.47372956,  -42.18248627,   28.96917959,     40.1795057 ], [ -570.55449963,   14.35961759,   34.005751  ,  117.85219211,    214.72003471,   23.31039383,   28.09447299,   15.15119355,     34.68960173,    2.77885402,  -31.37269378,   15.23738419,     10.6499082 ], [ -164.73288682,   38.27054531,   51.99514151,  -25.27707612,     23.31039383,  141.78717036,   68.58519427,   16.72814238,     -0.70758526,   24.91492008,   20.98026802,   -7.74511141,     -1.83368847], [ -730.25229957,  114.15296582,    8.04103894,   26.38629208,     28.09447299,   68.58519427,  202.55610386,   49.34100446,    -15.21978601,   13.94170138,   11.16097846,    7.90014204,      3.99065088], [  -76.98578016,   12.41658983,   30.79430027,   31.83706681,     15.15119355,   16.72814238,   49.34100446,   94.02497286,     27.62449954,   -2.57348657,   -0.60572902,    3.16728441,     14.1236892 ], [   86.73314166,  -30.32660562,   12.23871979,   32.24248101,     34.68960173,   -0.70758526,  -15.21978601,   27.62449954,     99.56769729,   34.19289727,   -3.55292241,    1.80473057,      6.88342808], [   41.77439019,   20.60385945,   -7.84004597,  -29.47372956,      2.77885402,   24.91492008,   13.94170138,   -2.57348657,     34.19289727,  104.59100434,   38.63800931,   -5.2903047 ,    -10.8255635 ], [  192.87581242,   37.40246775,   -2.72628134,  -42.18248627,    -31.37269378,   20.98026802,   11.16097846,   -0.60572902,     -3.55292241,   38.63800931,   88.47517573,   15.70153689,     -7.70720043], [  -17.53502825,    7.00070559,    8.05350707,   28.96917959,     15.23738419,   -7.74511141,    7.90014204,    3.16728441,      1.80473057,   -5.2903047 ,   15.70153689,   76.38270206,     23.56097411], [  -89.82795806,   -3.54826738,   28.94329705,   40.1795057 ,     10.6499082 ,   -1.83368847,    3.99065088,   14.1236892 ,      6.88342808,  -10.8255635 ,   -7.70720043,   23.56097411,     69.39116381]]
/root/sim/music/out/斉藤和義/素敵な匂いの世界/03 幻の夢.mp3; [-608.53595   ,  98.433426  ,  23.536388  ,  33.131687  ,  10.935679  ,    7.0715904 ,   1.3207449 ,   6.2135816 ,   0.15207645,   0.9475156 ,    1.0230814 ,   3.056558  ,   2.6091084 ]; [[12359.46694178,  -65.8031678 , -560.0284737 ,   50.13463955,    -48.9423797 ,  143.19240489, -149.55848321,   59.60690781,   -108.26523088,   95.01650812,   90.94161255,  -11.2995564 ,   -178.80410438], [  -65.8031678 ,  719.45489311,   -9.99722406,  -87.45500144,      8.7425171 ,  -39.86848664,   45.44471223,   24.57859558,     -1.08516725,    9.8256004 ,   20.89629189,    9.58652097,     24.29278895], [ -560.0284737 ,   -9.99722406,  642.33786422,   81.57076802,     35.31223986,   73.6117325 ,   49.71000732,   25.09557249,     71.90561817,    9.12309616,  -17.22281525,    3.21022064,     33.56103143], [   50.13463955,  -87.45500144,   81.57076802,  405.86686104,    141.14317516,   37.7851641 ,    1.58246663,   17.15059704,     15.9616837 ,  -12.37399353,  -40.07310677,  -16.39263397,     13.42832868], [  -48.9423797 ,    8.7425171 ,   35.31223986,  141.14317516,    210.72824742,   22.70371571,  -14.13747025,    7.1337376 ,     28.67989173,    8.67875055,  -16.22165805,  -11.21351623,      1.12045943], [  143.19240489,  -39.86848664,   73.6117325 ,   37.7851641 ,     22.70371571,  150.40527041,   42.55594576,   16.92077656,     -7.03066979,   20.30819132,   11.79384526,  -10.68411129,    -14.48872092], [ -149.55848321,   45.44471223,   49.71000732,    1.58246663,    -14.13747025,   42.55594576,  140.74937473,   41.61840538,      5.94151028,   11.45152285,   17.17716385,   12.53702014,      7.58734046], [   59.60690781,   24.57859558,   25.09557249,   17.15059704,      7.1337376 ,   16.92077656,   41.61840538,   86.03237497,     18.84883897,    6.31133128,    7.95711224,    2.82191038,      6.81553469], [ -108.26523088,   -1.08516725,   71.90561817,   15.9616837 ,     28.67989173,   -7.03066979,    5.94151028,   18.84883897,     91.00415503,   23.67033987,   -8.79924264,    5.57562543,     14.09837278], [   95.01650812,    9.8256004 ,    9.12309616,  -12.37399353,      8.67875055,   20.30819132,   11.45152285,    6.31133128,     23.67033987,   84.14557285,   33.0168502 ,    0.17641464,    -13.19124636], [   90.94161255,   20.89629189,  -17.22281525,  -40.07310677,    -16.22165805,   11.79384526,   17.17716385,    7.95711224,     -8.79924264,   33.0168502 ,   76.17902736,   19.23172965,    -13.977024  ], [  -11.2995564 ,    9.58652097,    3.21022064,  -16.39263397,    -11.21351623,  -10.68411129,   12.53702014,    2.82191038,      5.57562543,    0.17641464,   19.23172965,   58.49451538,     13.52353025], [ -178.80410438,   24.29278895,   33.56103143,   13.42832868,      1.12045943,  -14.48872092,    7.58734046,    6.81553469,     14.09837278,  -13.19124636,  -13.977024  ,   13.52353025,     68.61025016]]
/root/sim/music/out/斉藤和義/素敵な匂いの世界/05 君の顔が好きだ.mp3; [-565.1733   , 115.560646 ,  -4.2918468,  18.799227 ,   2.5093846,    6.6698346,   2.2966924,   2.39484  ,  -2.3937414,   0.9889032,   -0.6781138,  -0.9518377,  -3.0104291]; [[ 9721.80213545,-1118.90468865,  541.80089939,  -23.92876976,   -136.27244639,   -6.65044544, -127.66925063,  -44.24025662,    104.14812924,   74.48492959,   17.09689714,  -14.35420613,    -32.44748719], [-1118.90468865, 1523.95243308, -572.04691778,  135.93921506,     44.43436973,   30.84564691,   90.8553113 ,   41.12455545,    -58.9205338 ,  -13.41763161,    1.58917496,   25.60506603,     14.95850746], [  541.80089939, -572.04691778,  956.83736262, -175.61265513,    176.49511598,   25.71261874,    4.42890175,   50.70213035,      8.88982564,   63.86536746,  -15.09708262,   26.77342059,     -6.89716508], [  -23.92876976,  135.93921506, -175.61265513,  453.349784  ,     -6.40487406,  135.1755589 ,   30.5142108 ,   41.40276155,     45.75036365,  -44.42412073,    6.9054247 ,   -7.48734558,     37.87884784], [ -136.27244639,   44.43436973,  176.49511598,   -6.40487406,    219.23111989,   25.36016747,   22.66353084,   31.23460386,     15.61203836,   32.23701876,   -9.67714229,   12.97939076,     -3.14490874], [   -6.65044544,   30.84564691,   25.71261874,  135.1755589 ,     25.36016747,  164.43248573,   54.6177549 ,   54.49702363,     36.32881222,    4.39184228,   20.99093817,    8.48947855,      0.50204874], [ -127.66925063,   90.8553113 ,    4.42890175,   30.5142108 ,     22.66353084,   54.6177549 ,  141.5532517 ,   45.15160925,     30.35119725,    8.59307846,   23.984554  ,    8.47975696,     11.17037358], [  -44.24025662,   41.12455545,   50.70213035,   41.40276155,     31.23460386,   54.49702363,   45.15160925,   98.57909096,     33.39425975,   18.47397402,    5.51917632,    5.94331747,     -0.51596664], [  104.14812924,  -58.9205338 ,    8.88982564,   45.75036365,     15.61203836,   36.32881222,   30.35119725,   33.39425975,     99.42124865,   27.04538295,   19.13493859,   -0.59376589,     -6.97803085], [   74.48492959,  -13.41763161,   63.86536746,  -44.42412073,     32.23701876,    4.39184228,    8.59307846,   18.47397402,     27.04538295,  102.12391467,   22.49226746,   10.4878664 ,    -17.63031657], [   17.09689714,    1.58917496,  -15.09708262,    6.9054247 ,     -9.67714229,   20.99093817,   23.984554  ,    5.51917632,     19.13493859,   22.49226746,   77.54972304,   19.02577832,      3.87942907], [  -14.35420613,   25.60506603,   26.77342059,   -7.48734558,     12.97939076,    8.48947855,    8.47975696,    5.94331747,     -0.59376589,   10.4878664 ,   19.02577832,   71.04229899,     12.23097451], [  -32.44748719,   14.95850746,   -6.89716508,   37.87884784,     -3.14490874,    0.50204874,   11.17037358,   -0.51596664,     -6.97803085,  -17.63031657,    3.87942907,   12.23097451,     65.00443958]]
