/root/sim/music/out/RADWIMPS/君の名は。/22 見えないふたり.mp3; [-929.3549   , 140.14384  ,   9.2230835,  10.200442 ,  -7.000571 ,  -12.322361 , -20.01884  , -11.582878 ,  -5.122705 ,   3.9181623,   -4.9151454, -23.303143 , -10.86526  ]; [[35338.07355008, 4948.58651356,-3253.26942949, -473.32367697,    187.53996965,  352.52567894,-1131.88288881,-1144.46395349,   -758.77881523,   74.33394007,  134.62254754, -907.11272603,    663.49164613], [ 4948.58651356, 6545.16651451,   31.74477946,-1076.11553033,   -677.97892002, -652.52872913, -258.80575243,  -85.33630027,      3.70752783,  -54.32847931,  -79.26900244, -340.12453222,   -678.12996185], [-3253.26942949,   31.74477946, 1540.13392763,  212.07740759,   -297.71719963, -275.01404545,  125.70845695,  281.36108738,    162.40781077,   38.40797951,   70.56998062,  115.57151176,   -311.99298899], [ -473.32367697,-1076.11553033,  212.07740759, 1104.94378193,     68.7235909 ,   -4.36560159,   -9.61049267,   22.28924215,   -234.34402892, -142.84597395,  124.73168153,  146.38349442,     58.00560799], [  187.53996965, -677.97892002, -297.71719963,   68.7235909 ,    555.24893115,  238.68641417,  -61.48852146, -182.72298514,      6.26823351,   49.88687953,  -80.44860758, -127.46902481,    313.80840641], [  352.52567894, -652.52872913, -275.01404545,   -4.36560159,    238.68641417,  283.13237365,    6.06535641,  -75.63322085,    -27.33208167,   37.76823616,  -42.84638278,  -48.56540646,    183.80901404], [-1131.88288881, -258.80575243,  125.70845695,   -9.61049267,    -61.48852146,    6.06535641,  266.12027403,  245.30949668,    114.92692148,  -13.7986079 ,   48.15699586,   86.95667525,    -90.04178046], [-1144.46395349,  -85.33630027,  281.36108738,   22.28924215,   -182.72298514,  -75.63322085,  245.30949668,  447.21676769,    208.9913099 ,   20.92918488,   71.37973567,   98.46497097,   -147.33621894], [ -758.77881523,    3.70752783,  162.40781077, -234.34402892,      6.26823351,  -27.33208167,  114.92692148,  208.9913099 ,    344.2829646 ,  129.30910961,  -20.56675687, -108.84687381,    -37.90288267], [   74.33394007,  -54.32847931,   38.40797951, -142.84597395,     49.88687953,   37.76823616,  -13.7986079 ,   20.92918488,    129.30910961,  188.25755225,  -12.58766725,  -95.17842334,     23.06585363], [  134.62254754,  -79.26900244,   70.56998062,  124.73168153,    -80.44860758,  -42.84638278,   48.15699586,   71.37973567,    -20.56675687,  -12.58766725,  186.21268151,  133.83819596,    -58.68460238], [ -907.11272603, -340.12453222,  115.57151176,  146.38349442,   -127.46902481,  -48.56540646,   86.95667525,   98.46497097,   -108.84687381,  -95.17842334,  133.83819596,  348.12988351,    -60.63396702], [  663.49164613, -678.12996185, -311.99298899,   58.00560799,    313.80840641,  183.80901404,  -90.04178046, -147.33621894,    -37.90288267,   23.06585363,  -58.68460238,  -60.63396702,    368.54293495]]
/root/sim/music/out/RADWIMPS/君の名は。/07 ふたりの異変.mp3; [-549.82227   , 127.99115   , -20.723953  ,  36.69225   ,  13.104398  ,    7.6138406 ,   2.9245994 ,  -1.7670355 ,  -1.218663  ,  -0.32143366,   -3.8872378 ,  -0.8048233 ,  -3.62812   ]; [[11785.29194325, -362.29217182,  131.66960146,  267.41518046,    231.31488477,  -15.09764303,   30.77145432,   16.94643736,      1.20126062,    7.37362969, -198.38623846, -220.16346766,   -209.48463301], [ -362.29217182, 1442.52634491, -545.10210722,  183.16105997,      3.43375499,   -9.5342061 ,    2.1523363 ,  -37.90111963,     -9.59293652,  -33.42751491,   13.16109296,  -22.61121218,      9.12212298], [  131.66960146, -545.10210722,  626.22532291,  -50.997239  ,     57.99674049,   57.80586978,   24.43118753,   22.21590402,     -6.21888368,   24.97291802,    1.89933283,   24.37137255,     -7.21517199], [  267.41518046,  183.16105997,  -50.997239  ,  209.23412286,     29.96694239,   41.98099301,   27.5703364 ,   14.65490302,     16.49756722,   -4.35606335,    6.78145617,  -10.23665843,     -5.52413247], [  231.31488477,    3.43375499,   57.99674049,   29.96694239,    128.95354918,   48.80534353,   36.32210506,   11.3686145 ,     14.1069807 ,    4.6263384 ,    3.59894221,    5.98007888,     -2.87604421], [  -15.09764303,   -9.5342061 ,   57.80586978,   41.98099301,     48.80534353,  124.72806712,   48.08183581,   10.41627306,      0.87811261,    6.03855374,    7.86715446,    4.56245245,      5.70713604], [   30.77145432,    2.1523363 ,   24.43118753,   27.5703364 ,     36.32210506,   48.08183581,  110.76291462,   35.89197668,     19.16014409,    4.922291  ,    5.80571297,    8.81649323,      4.87460726], [   16.94643736,  -37.90111963,   22.21590402,   14.65490302,     11.3686145 ,   10.41627306,   35.89197668,   93.19463973,     31.46885001,    0.71313345,   -0.49112929,    2.73767536,     -2.8686885 ], [    1.20126062,   -9.59293652,   -6.21888368,   16.49756722,     14.1069807 ,    0.87811261,   19.16014409,   31.46885001,     87.4325223 ,   25.27455091,   10.80444141,    6.3596346 ,      1.07074288], [    7.37362969,  -33.42751491,   24.97291802,   -4.35606335,      4.6263384 ,    6.03855374,    4.922291  ,    0.71313345,     25.27455091,   69.87648199,   23.67796783,    7.25010069,      2.50030612], [ -198.38623846,   13.16109296,    1.89933283,    6.78145617,      3.59894221,    7.86715446,    5.80571297,   -0.49112929,     10.80444141,   23.67796783,   79.87264556,   39.03150092,     11.03013255], [ -220.16346766,  -22.61121218,   24.37137255,  -10.23665843,      5.98007888,    4.56245245,    8.81649323,    2.73767536,      6.3596346 ,    7.25010069,   39.03150092,   84.22327373,     34.98645031], [ -209.48463301,    9.12212298,   -7.21517199,   -5.52413247,     -2.87604421,    5.70713604,    4.87460726,   -2.8686885 ,      1.07074288,    2.50030612,   11.03013255,   34.98645031,     74.78106699]]
/root/sim/music/out/RADWIMPS/君の名は。/21 三葉のテーマ.mp3; [-877.3771    , 228.07864   , -18.318865  , -12.295945  ,  -6.167541  ,   -7.300326  ,  -7.779416  ,  -3.7786157 ,  -2.3916187 ,   0.88250744,   -0.5368534 ,   1.4381359 ,   1.4731112 ]; [[23929.49435982, 4613.86095493,-3930.93906139, 1855.72094395,   -172.66533332, -256.48700228, -102.50953434,   87.09737663,   -241.60476578, -200.28992169, -673.31477315, -631.60208292,   -364.34403052], [ 4613.86095493, 3784.185444  , -383.23973805, -410.76448307,    142.67350226, -130.79418023,  -14.99961611,    4.60197131,      6.14448179,   -1.19916355,  -93.90069493,  -73.09028972,    -67.86089637], [-3930.93906139, -383.23973805, 1322.37524525, -324.61060922,     62.35954779,  204.30439913,   88.08825507,    9.90886026,     54.1373222 ,   26.05304414,   87.44561924,   72.20428152,     26.3465502 ], [ 1855.72094395, -410.76448307, -324.61060922,  627.77711878,     32.90050515,   52.4308609 ,   54.88179898,  -12.84578412,    -87.02934968,  -62.7713484 , -107.20948447,  -94.82218403,    -38.37288929], [ -172.66533332,  142.67350226,   62.35954779,   32.90050515,    244.71293442,  103.2723731 ,   21.87605309,   -8.97957787,    -28.81808338,  -30.66618147,  -12.05083195,    2.0356819 ,      0.82749935], [ -256.48700228, -130.79418023,  204.30439913,   52.4308609 ,    103.2723731 ,  198.53367064,   75.02223874,   -1.76324759,    -10.87563251,  -20.86536893,  -19.8277008 ,  -20.7302432 ,    -14.64791533], [ -102.50953434,  -14.99961611,   88.08825507,   54.88179898,     21.87605309,   75.02223874,  137.81775664,   61.19472298,     15.02204381,   12.10526081,  -21.55379353,  -43.54329599,    -22.25384698], [   87.09737663,    4.60197131,    9.90886026,  -12.84578412,     -8.97957787,   -1.76324759,   61.19472298,  148.18157245,     85.59973105,   14.44426625,  -22.33126199,  -54.42897442,    -51.65158278], [ -241.60476578,    6.14448179,   54.1373222 ,  -87.02934968,    -28.81808338,  -10.87563251,   15.02204381,   85.59973105,    131.96694597,   63.36882277,    1.75866424,  -30.3171347 ,    -43.77163185], [ -200.28992169,   -1.19916355,   26.05304414,  -62.7713484 ,    -30.66618147,  -20.86536893,   12.10526081,   14.44426625,     63.36882277,  119.70320189,   74.62629966,   19.28322225,      3.56311759], [ -673.31477315,  -93.90069493,   87.44561924, -107.20948447,    -12.05083195,  -19.8277008 ,  -21.55379353,  -22.33126199,      1.75866424,   74.62629966,  171.21291816,  141.76426922,     70.44898454], [ -631.60208292,  -73.09028972,   72.20428152,  -94.82218403,      2.0356819 ,  -20.7302432 ,  -43.54329599,  -54.42897442,    -30.3171347 ,   19.28322225,  141.76426922,  224.54139565,    148.53017244], [ -364.34403052,  -67.86089637,   26.3465502 ,  -38.37288929,      0.82749935,  -14.64791533,  -22.25384698,  -51.65158278,    -43.77163185,    3.56311759,   70.44898454,  148.53017244,    178.22945629]]
/root/sim/music/out/RADWIMPS/君の名は。/16 旅館の夜.mp3; [-1006.195    ,   96.874626 ,  -61.18361  ,  -17.056139 ,  -21.431662 ,    17.646523 ,    6.388614 ,    3.2487779,  -17.107115 ,  -15.717156 ,    26.44787  ,   29.091948 ,    4.8730345]; [[15767.91485814, 8128.03185768,  853.17786331, -730.82288796,  -1567.69849861,    0.20707561,-1394.50439981,  511.32368026,    439.70241551,  821.18118006,  271.07179805,-1635.27245653,     18.46099281], [ 8128.03185768, 6013.07809344, 1513.10646736, -390.08576243,   -679.30480976, -413.08864391, -800.1505886 ,  330.14843765,    529.93303935,  416.61898103, -119.98815327,-1327.71379363,     57.06289238], [  853.17786331, 1513.10646736, 1416.81343853,    6.89857543,    -36.65038277, -329.24240041, -368.17497982,  190.90923783,    319.38475522,  266.89808419, -310.4303364 , -691.68816894,     50.27902966], [ -730.82288796, -390.08576243,    6.89857543,  239.09619031,    104.95930872,   -0.39951736,    2.40834284, -111.09182768,    -16.27650246,   -8.43612086,   76.73906203,   58.28024087,    -29.30628795], [-1567.69849861, -679.30480976,  -36.65038277,  104.95930872,    326.54172701,   31.45785546,  139.69590341,  -64.93960566,    -81.37699197,  -84.69760864,  -32.48132901,  123.03729797,     -9.67348226], [    0.20707561, -413.08864391, -329.24240041,   -0.39951736,     31.45785546,  323.629499  ,  128.71199064,   15.58372905,    -70.24348077,    7.73475393,   41.07686468,   70.43067781,     10.03133352], [-1394.50439981, -800.1505886 , -368.17497982,    2.40834284,    139.69590341,  128.71199064,  418.37670574,   -5.67581407,   -122.96645899, -208.45973791,  -26.2757071 ,  323.45649913,    -34.73207999], [  511.32368026,  330.14843765,  190.90923783, -111.09182768,    -64.93960566,   15.58372905,   -5.67581407,  278.82483515,     77.06927742,   22.2349482 , -145.00125438, -173.09601503,     91.59688448], [  439.70241551,  529.93303935,  319.38475522,  -16.27650246,    -81.37699197,  -70.24348077, -122.96645899,   77.06927742,    300.13603389,  125.71086812, -121.21577915, -232.20357889,     79.65375854], [  821.18118006,  416.61898103,  266.89808419,   -8.43612086,    -84.69760864,    7.73475393, -208.45973791,   22.2349482 ,    125.71086812,  295.72919467,  -29.65695527, -288.1246622 ,      4.86964705], [  271.07179805, -119.98815327, -310.4303364 ,   76.73906203,    -32.48132901,   41.07686468,  -26.2757071 , -145.00125438,   -121.21577915,  -29.65695527,  337.84571896,  171.16175003,   -125.33275242], [-1635.27245653,-1327.71379363, -691.68816894,   58.28024087,    123.03729797,   70.43067781,  323.45649913, -173.09601503,   -232.20357889, -288.1246622 ,  171.16175003,  746.53202793,     -1.41189755], [   18.46099281,   57.06289238,   50.27902966,  -29.30628795,     -9.67348226,   10.03133352,  -34.73207999,   91.59688448,     79.65375854,    4.86964705, -125.33275242,   -1.41189755,    280.60069061]]
/root/sim/music/out/RADWIMPS/君の名は。/04 はじめての、東京.mp3; [-696.17426  , 159.50107  , -52.87578  ,  10.392621 , -20.412878 ,   -8.152515 , -13.092392 ,  -1.7214446,  -5.978196 ,  -5.827904 ,  -10.16713  , -10.990396 ,  -6.982344 ]; [[33371.27289784, 4459.74579033,-1471.6125318 , 2555.00536539,   -125.66809986,  329.05683547, -486.8277041 ,   75.46413873,   -364.11460614,   63.27164837, -145.16790748, -134.49236869,    447.36201955], [ 4459.74579033, 1992.42402587, -563.83330446, -116.92586238,   -233.00117687, -103.79600267,  -27.49880484,   59.6278263 ,     52.62868034,    1.31631443,  -21.61989185,  -28.11779796,    -67.32918226], [-1471.6125318 , -563.83330446,  704.86130785,  264.45241049,    280.85469268,  144.27866343,  112.39819371,   73.21132491,     62.65863215,   91.85821429,  103.95204761,   87.26681907,    118.09228762], [ 2555.00536539, -116.92586238,  264.45241049,  660.7978499 ,    218.0511938 ,  156.92183476,  -26.76593763,  -44.75161925,    -97.95726815,   31.51408662,   29.15112551,   51.63942555,    141.91180707], [ -125.66809986, -233.00117687,  280.85469268,  218.0511938 ,    222.38914901,  124.96274838,   68.87534507,   42.4730069 ,     14.98454786,   50.31089709,   61.36942312,   62.29692789,     80.8781709 ], [  329.05683547, -103.79600267,  144.27866343,  156.92183476,    124.96274838,  159.64987101,   85.63427677,   42.92814279,     18.56907148,   39.60662422,   45.89752051,   44.65696859,     54.81532451], [ -486.8277041 ,  -27.49880484,  112.39819371,  -26.76593763,     68.87534507,   85.63427677,  185.00592461,  131.99272373,    104.67638956,   72.89112882,   80.06284812,   70.27723879,     35.15260952], [   75.46413873,   59.6278263 ,   73.21132491,  -44.75161925,     42.4730069 ,   42.92814279,  131.99272373,  196.80864182,    145.30520399,   70.89451932,   57.7059093 ,   30.53450358,     35.66173253], [ -364.11460614,   52.62868034,   62.65863215,  -97.95726815,     14.98454786,   18.56907148,  104.67638956,  145.30520399,    180.28331615,   92.52667205,   53.98545834,   22.39818284,     15.29033783], [   63.27164837,    1.31631443,   91.85821429,   31.51408662,     50.31089709,   39.60662422,   72.89112882,   70.89451932,     92.52667205,  120.45494343,   80.09772562,   47.39768557,     38.21392047], [ -145.16790748,  -21.61989185,  103.95204761,   29.15112551,     61.36942312,   45.89752051,   80.06284812,   57.7059093 ,     53.98545834,   80.09772562,  143.43483631,  109.79969861,     37.60343677], [ -134.49236869,  -28.11779796,   87.26681907,   51.63942555,     62.29692789,   44.65696859,   70.27723879,   30.53450358,     22.39818284,   47.39768557,  109.79969861,  160.25509717,     78.50013118], [  447.36201955,  -67.32918226,  118.09228762,  141.91180707,     80.8781709 ,   54.81532451,   35.15260952,   35.66173253,     15.29033783,   38.21392047,   37.60343677,   78.50013118,    149.1161149 ]]
/root/sim/music/out/RADWIMPS/君の名は。/12 記憶を呼び起こす瀧.mp3; [-779.82117  , 169.48392  ,  33.280952 ,  21.541895 ,  -6.1182623,   -8.87735  , -24.209013 , -10.886256 , -20.433453 , -16.83291  ,  -21.229307 , -17.163374 ,  -2.0938473]; [[34985.68478913,  605.46048747,  -32.99766985, 1979.6905938 ,   1418.05714837, 1505.37179685,  264.74118275, 1271.83952079,    171.37347858,  127.86115167, -658.04092788,-1019.86213361,    -76.71956322], [  605.46048747, 4338.93401984, -291.48780357,  106.85770805,   -142.93011976, -159.39823199, -201.88837143, -355.96008446,   -280.22935588, -374.67702426, -373.0366291 , -218.60004983,   -156.73074117], [  -32.99766985, -291.48780357,  920.07066345, -185.43567352,     -4.87682511,    1.43854829,    7.15296341,   54.24046675,      4.78644213,   35.01159884,   55.74045095,   66.72410417,     73.27918078], [ 1979.6905938 ,  106.85770805, -185.43567352,  517.14939486,    171.07666353,  169.16546608,  113.17868485,  169.64379252,     92.368182  ,   74.33487533,   21.69809822,  -25.26129195,     30.05930457], [ 1418.05714837, -142.93011976,   -4.87682511,  171.07666353,    310.48847918,  200.69097131,  132.0249285 ,  172.50776883,    106.63961797,   75.94933531,   21.56251844,   -9.37834237,      6.54038086], [ 1505.37179685, -159.39823199,    1.43854829,  169.16546608,    200.69097131,  292.13286759,  156.67104829,  179.10657904,    121.34686144,   90.47280825,   38.52385101,  -20.64243762,     16.47754285], [  264.74118275, -201.88837143,    7.15296341,  113.17868485,    132.0249285 ,  156.67104829,  223.26671388,  168.91135132,    155.32006097,  122.74372881,  102.25539967,   55.20246686,     38.27999272], [ 1271.83952079, -355.96008446,   54.24046675,  169.64379252,    172.50776883,  179.10657904,  168.91135132,  269.27174204,    163.86390541,  134.24293728,   85.07679432,   38.50399303,     51.84621826], [  171.37347858, -280.22935588,    4.78644213,   92.368182  ,    106.63961797,  121.34686144,  155.32006097,  163.86390541,    227.65153135,  165.87798071,  139.29926225,   70.91292957,     58.5822026 ], [  127.86115167, -374.67702426,   35.01159884,   74.33487533,     75.94933531,   90.47280825,  122.74372881,  134.24293728,    165.87798071,  213.91851318,  177.07442219,   90.60575234,     51.22490198], [ -658.04092788, -373.0366291 ,   55.74045095,   21.69809822,     21.56251844,   38.52385101,  102.25539967,   85.07679432,    139.29926225,  177.07442219,  243.66973309,  148.60489946,     54.0389922 ], [-1019.86213361, -218.60004983,   66.72410417,  -25.26129195,     -9.37834237,  -20.64243762,   55.20246686,   38.50399303,     70.91292957,   90.60575234,  148.60489946,  179.36695095,     53.82542069], [  -76.71956322, -156.73074117,   73.27918078,   30.05930457,      6.54038086,   16.47754285,   38.27999272,   51.84621826,     58.5822026 ,   51.22490198,   54.0389922 ,   53.82542069,    114.10941179]]
/root/sim/music/out/Sex Pistols/Jubilee/14 EMI (Unlimited Edition).mp3; [-505.7994    , 123.781784  , -23.62899   ,  14.906699  ,  14.849439  ,   12.0433445 ,   6.120523  ,   1.7645432 ,  -2.5655422 ,   2.6156845 ,   -6.8830266 ,  -0.31966087,  -2.7835314 ]; [[4187.12888782, -13.51370299,-219.20643957, -64.75980791, -38.70661431,    31.73648407, -24.90005653, -18.0226511 , -17.19582808,  50.63728255,   -76.76902578,  -3.91374379,  -9.09869495], [ -13.51370299, 585.32811809, -86.99435649,  43.95208095, -16.76711252,    -8.20344081,  41.29719993,   1.12573564,   7.59758107,  18.12972736,    14.02125317,  -0.38967837,  -5.24560512], [-219.20643957, -86.99435649, 384.83230891, -19.64548087,  27.77669521,   -19.54030192, -38.99425406,  10.59771515,  -9.58387398, -22.53886292,    35.22929695,   3.90060978,  -8.73505978], [ -64.75980791,  43.95208095, -19.64548087, 203.64346981,  32.86959071,    -9.4757333 ,  -1.34264767, -26.72733624,   2.68883131,  11.40039738,    -9.56192387,  24.36906913,  20.65048484], [ -38.70661431, -16.76711252,  27.77669521,  32.86959071, 116.6352895 ,     9.91851427,  -2.97046561,  -3.20176013,  12.04458279,  10.8378285 ,     1.51080353,  14.04522336,  10.70347653], [  31.73648407,  -8.20344081, -19.54030192,  -9.4757333 ,   9.91851427,   140.54401854,  63.6011804 , -16.28055767,  -4.55830055,   8.90122465,     7.13434006,  -3.43762639,  12.37752577], [ -24.90005653,  41.29719993, -38.99425406,  -1.34264767,  -2.97046561,    63.6011804 , 121.79953326,   3.41911154,   4.38748128,   0.84155906,     0.25287681,  11.81715508,  13.59118006], [ -18.0226511 ,   1.12573564,  10.59771515, -26.72733624,  -3.20176013,   -16.28055767,   3.41911154,  94.01811305,  24.10723981,   2.7605199 ,     5.77038909,  -4.92406982,  -5.15784768], [ -17.19582808,   7.59758107,  -9.58387398,   2.68883131,  12.04458279,    -4.55830055,   4.38748128,  24.10723981,  71.61185391,  31.16178805,     5.07153148,  -3.30582538,   3.14047652], [  50.63728255,  18.12972736, -22.53886292,  11.40039738,  10.8378285 ,     8.90122465,   0.84155906,   2.7605199 ,  31.16178805,  70.87413913,    17.53862544,   6.26012377,   0.07646708], [ -76.76902578,  14.02125317,  35.22929695,  -9.56192387,   1.51080353,     7.13434006,   0.25287681,   5.77038909,   5.07153148,  17.53862544,    63.84146783,  13.38042675,  -5.18038295], [  -3.91374379,  -0.38967837,   3.90060978,  24.36906913,  14.04522336,    -3.43762639,  11.81715508,  -4.92406982,  -3.30582538,   6.26012377,    13.38042675,  56.45760428,  22.39368664], [  -9.09869495,  -5.24560512,  -8.73505978,  20.65048484,  10.70347653,    12.37752577,  13.59118006,  -5.15784768,   3.14047652,   0.07646708,    -5.18038295,  22.39368664,  52.20177114]]
/root/sim/music/out/Sex Pistols/Jubilee/12 (I'm Not Your) Stepping Stone.mp3; [-547.963     , 120.338554  ,   7.023553  ,  24.80432   ,  -2.2408338 ,    5.772147  ,  -7.091127  ,  13.135086  ,   0.79389375,  -1.4186184 ,   -4.600684  ,  -4.3398185 ,  -9.478135  ]; [[16391.87779248, 1461.64739466, -330.64646443, -350.35846801,   -295.1908395 ,   81.30312479, -340.97633629,  273.49872959,    -44.71734364,  -79.04253111, -278.53957788, -146.44747347,   -153.04626627], [ 1461.64739466, 1562.54806186, -132.07189485,  153.1210356 ,    -97.51914065,  -67.96553272,   -4.62308691,   20.43830541,     43.63641716,  -68.67788028,    8.03259328,  -20.24993959,    -90.2591098 ], [ -330.64646443, -132.07189485,  360.7017855 ,   46.43959668,     61.69367036,   31.2325031 ,   -5.11535859,   11.11456931,    -43.19962631,    5.05389676,  -16.83357858,   -4.84398304,     -1.59664751], [ -350.35846801,  153.1210356 ,   46.43959668,  233.99774044,     40.35237826,   -2.34293246,    5.20701956,  -19.02060151,     32.56561394,  -30.16970282,    8.6409471 ,   13.57957112,      5.69323398], [ -295.1908395 ,  -97.51914065,   61.69367036,   40.35237826,    201.23248497,   39.81771255,   -9.84555163,    6.71605217,     -0.85688833,   37.64559381,   -6.22693829,   -4.96419714,      9.36854643], [   81.30312479,  -67.96553272,   31.2325031 ,   -2.34293246,     39.81771255,  147.60499711,   20.2589257 ,   32.28248313,    -23.06922991,    7.04606022,    2.93754383,    2.92034709,      4.30537729], [ -340.97633629,   -4.62308691,   -5.11535859,    5.20701956,     -9.84555163,   20.2589257 ,  118.01572651,  -15.77903575,     17.92043908,  -16.53566425,   16.92602913,    9.1415253 ,      6.22513547], [  273.49872959,   20.43830541,   11.11456931,  -19.02060151,      6.71605217,   32.28248313,  -15.77903575,   97.25735916,      4.62017134,   37.71561164,    2.3541403 ,    6.61955367,      2.67308022], [  -44.71734364,   43.63641716,  -43.19962631,   32.56561394,     -0.85688833,  -23.06922991,   17.92043908,    4.62017134,     98.29864846,   20.57040481,   19.22444692,    4.81309766,      1.26545437], [  -79.04253111,  -68.67788028,    5.05389676,  -30.16970282,     37.64559381,    7.04606022,  -16.53566425,   37.71561164,     20.57040481,  108.09826244,   26.77022355,   -2.23961274,     -5.00166035], [ -278.53957788,    8.03259328,  -16.83357858,    8.6409471 ,     -6.22693829,    2.93754383,   16.92602913,    2.3541403 ,     19.22444692,   26.77022355,   63.50029557,   18.77535682,      2.94695978], [ -146.44747347,  -20.24993959,   -4.84398304,   13.57957112,     -4.96419714,    2.92034709,    9.1415253 ,    6.61955367,      4.81309766,   -2.23961274,   18.77535682,   56.95674667,     22.24140548], [ -153.04626627,  -90.2591098 ,   -1.59664751,    5.69323398,      9.36854643,    4.30537729,    6.22513547,    2.67308022,      1.26545437,   -5.00166035,    2.94695978,   22.24140548,     54.34552694]]
/root/sim/music/out/Sex Pistols/Jubilee/03 Pretty Vacant.mp3; [-535.08075  , 146.70276  , -27.575039 ,  14.516602 ,  -2.981297 ,    8.316395 ,   9.7469425,  -1.392821 ,   5.360895 ,   8.673338 ,   -4.914222 ,   3.534508 ,  -3.0438976]; [[10848.27944583, -301.80327403,  574.37435637,  139.05368526,    121.47020571,  509.49513972,  237.40072212,  368.60959809,    211.20329718,  150.48215549,  237.02392577,  -60.16117076,    -13.58146623], [ -301.80327403, 1204.12402393, -398.81370025,   72.47962781,    -54.4228301 , -161.9814607 ,  -27.99993889, -157.77044004,    -47.18388954,   10.56264417, -107.54553269,   52.16726639,     -8.99167308], [  574.37435637, -398.81370025,  553.34160106,   59.1383621 ,    100.59482446,  132.75370313,   39.17438343,  130.67041143,     23.34049098,  -24.82911313,   79.70721072,  -13.66610174,     48.70216893], [  139.05368526,   72.47962781,   59.1383621 ,  135.15129732,     50.63830069,   24.60262686,    9.95644688,   14.73445555,     16.18778595,    8.40555152,   -9.03359317,   13.58001478,     13.86551385], [  121.47020571,  -54.4228301 ,  100.59482446,   50.63830069,    109.72114065,   47.82099951,   16.38932029,   28.59345342,     23.16495576,    9.39118591,   10.333822  ,   -1.26284847,     14.98066538], [  509.49513972, -161.9814607 ,  132.75370313,   24.60262686,     47.82099951,  158.74577468,   82.41136017,   75.97053582,     19.87228987,    2.64488882,   36.65242294,   -8.03519682,     13.35802501], [  237.40072212,  -27.99993889,   39.17438343,    9.95644688,     16.38932029,   82.41136017,  109.42903263,   54.79598104,     19.32874172,    8.70214278,   13.8491466 ,    9.0212822 ,      8.70380282], [  368.60959809, -157.77044004,  130.67041143,   14.73445555,     28.59345342,   75.97053582,   54.79598104,  109.54929363,     46.05894983,   16.3925789 ,   40.80668046,   -3.39845956,     11.82487343], [  211.20329718,  -47.18388954,   23.34049098,   16.18778595,     23.16495576,   19.87228987,   19.32874172,   46.05894983,     75.08035531,   44.87142587,   19.58456311,    1.611653  ,      2.64968628], [  150.48215549,   10.56264417,  -24.82911313,    8.40555152,      9.39118591,    2.64488882,    8.70214278,   16.3925789 ,     44.87142587,   73.10459898,   29.78597815,    7.25762449,     -2.9414535 ], [  237.02392577, -107.54553269,   79.70721072,   -9.03359317,     10.333822  ,   36.65242294,   13.8491466 ,   40.80668046,     19.58456311,   29.78597815,   78.46605855,    9.59156714,     11.99844347], [  -60.16117076,   52.16726639,  -13.66610174,   13.58001478,     -1.26284847,   -8.03519682,    9.0212822 ,   -3.39845956,      1.611653  ,    7.25762449,    9.59156714,   51.35518588,     22.23758382], [  -13.58146623,   -8.99167308,   48.70216893,   13.86551385,     14.98066538,   13.35802501,    8.70380282,   11.82487343,      2.64968628,   -2.9414535 ,   11.99844347,   22.23758382,     52.14182822]]
/root/sim/music/out/Sex Pistols/Jubilee/07 Something Else.mp3; [-590.8655   ,  97.69372  ,   9.850549 ,  27.077908 ,  13.71347  ,    3.2149127,  -9.004731 ,  -1.5391263,  -9.802336 ,  -5.5460815,   -2.8127892,   1.8149699, -11.712325 ]; [[15222.60961836, 1132.87915677,  120.36202797,  350.83814193,     95.82248222,  209.98566992, -232.91046638,  -15.42918005,   -121.56816754,  -34.6924062 ,  -20.6847884 ,  -30.939275  ,   -156.05781351], [ 1132.87915677,  887.31173097, -262.62280572,   30.59700588,     43.71149783,  -40.11237728,   73.4246179 ,    1.03849323,    -52.8464819 ,   16.42138685,   15.23623557,    1.27638975,      2.7972205 ], [  120.36202797, -262.62280572,  695.35000379,  167.69039791,    -26.95280065,  138.36646756, -107.73784887,  -14.57594126,     68.28619775,  -51.05621126,   -4.17917947,   88.06827828,      3.49740266], [  350.83814193,   30.59700588,  167.69039791,  267.86116458,     33.70135872,   53.08057545,  -78.11105628,  -32.48073527,     50.2195505 ,   -3.30602512,  -18.22338544,   51.78265822,    -13.15647964], [   95.82248222,   43.71149783,  -26.95280065,   33.70135872,    145.97052708,    4.99145223,  -11.87079028,   -2.66893809,     17.10723066,   37.25616227,    5.65136688,  -17.6622375 ,     -7.13730088], [  209.98566992,  -40.11237728,  138.36646756,   53.08057545,      4.99145223,  147.86826803,   16.31088385,    7.81362512,     18.37411017,   -6.73070053,    4.72818146,   34.35038554,     -0.4708913 ], [ -232.91046638,   73.4246179 , -107.73784887,  -78.11105628,    -11.87079028,   16.31088385,  160.32904717,   46.59193291,    -31.52037441,    9.23083442,   11.87088049,   -7.44822143,     17.80852209], [  -15.42918005,    1.03849323,  -14.57594126,  -32.48073527,     -2.66893809,    7.81362512,   46.59193291,   80.10360602,     18.08770823,    9.17854733,    3.66393463,    6.80607355,     12.97500894], [ -121.56816754,  -52.8464819 ,   68.28619775,   50.2195505 ,     17.10723066,   18.37411017,  -31.52037441,   18.08770823,    104.19952364,   28.63359453,   -0.39230743,   42.13611173,      2.69941577], [  -34.6924062 ,   16.42138685,  -51.05621126,   -3.30602512,     37.25616227,   -6.73070053,    9.23083442,    9.17854733,     28.63359453,   84.62670863,   31.79992747,    8.48259378,      4.44994838], [  -20.6847884 ,   15.23623557,   -4.17917947,  -18.22338544,      5.65136688,    4.72818146,   11.87088049,    3.66393463,     -0.39230743,   31.79992747,   65.70580684,   28.46476536,      6.42848303], [  -30.939275  ,    1.27638975,   88.06827828,   51.78265822,    -17.6622375 ,   34.35038554,   -7.44822143,    6.80607355,     42.13611173,    8.48259378,   28.46476536,  127.3439855 ,     22.34824772], [ -156.05781351,    2.7972205 ,    3.49740266,  -13.15647964,     -7.13730088,   -0.4708913 ,   17.80852209,   12.97500894,      2.69941577,    4.44994838,    6.42848303,   22.34824772,     53.807898  ]]
/root/sim/music/out/Sex Pistols/Jubilee/04 Holidays In The Sun.mp3; [-517.67755   , 146.13925   , -32.87884   ,  12.617364  ,  -1.4450239 ,    7.4490056 ,   4.39465   ,   3.6845512 ,   4.909152  ,   3.6692107 ,   -2.856777  ,  -0.27174357,  -6.075595  ]; [[7048.33505958,  52.68025771, -89.03015858,-126.78783127,  32.63372483,   146.64294078,  53.54739136,  34.79803106,  37.76473316,  94.05510651,     3.26920518,  -1.1827399 , -65.65725834], [  52.68025771, 848.93477201,-159.13135079, 176.78976685,   1.09858051,   -18.28817505,  23.83785745,  -0.7394764 ,  11.16684375, -11.87595865,   -21.95999875,  23.4837139 ,   3.11316786], [ -89.03015858,-159.13135079, 334.83125895,   3.20934668,  50.71012425,     0.41074354, -37.31856646,  15.05800432,   6.99717374,  -0.10875126,    25.69206719, -14.32658068,  -5.50645599], [-126.78783127, 176.78976685,   3.20934668, 160.02452455,  38.46327035,    -9.34595248,  -0.41567114,   0.53518644,  15.89441688,   3.39130794,   -14.82346092,  11.85796189,  10.22766219], [  32.63372483,   1.09858051,  50.71012425,  38.46327035, 106.7784548 ,    17.07368848,   1.8490934 ,   3.34498913,  23.61851128,  19.430048  ,     4.72471507,  -0.93165766,   1.05061101], [ 146.64294078, -18.28817505,   0.41074354,  -9.34595248,  17.07368848,    97.39576951,  41.63265819,  12.5418661 ,  -0.61131664,   5.70549952,    12.4102152 ,   7.40139192,   3.89985824], [  53.54739136,  23.83785745, -37.31856646,  -0.41567114,   1.8490934 ,    41.63265819,  97.3923868 ,  25.53841138,   8.55230609,   6.54442147,    -1.1459833 ,  25.55952712,   4.22021044], [  34.79803106,  -0.7394764 ,  15.05800432,   0.53518644,   3.34498913,    12.5418661 ,  25.53841138,  62.79323564,  25.17141384,   7.76136891,     5.76052731,   5.00931236,   9.07831954], [  37.76473316,  11.16684375,   6.99717374,  15.89441688,  23.61851128,    -0.61131664,   8.55230609,  25.17141384,  67.28697448,  31.36563816,     4.909091  ,  -0.31820994,  -0.64523342], [  94.05510651, -11.87595865,  -0.10875126,   3.39130794,  19.430048  ,     5.70549952,   6.54442147,   7.76136891,  31.36563816,  60.4561954 ,    19.88457359,   5.25294939,  -4.32315181], [   3.26920518, -21.95999875,  25.69206719, -14.82346092,   4.72471507,    12.4102152 ,  -1.1459833 ,   5.76052731,   4.909091  ,  19.88457359,    52.21781276,   9.58366175,   0.79305748], [  -1.1827399 ,  23.4837139 , -14.32658068,  11.85796189,  -0.93165766,     7.40139192,  25.55952712,   5.00931236,  -0.31820994,   5.25294939,     9.58366175,  54.35536867,  14.81200262], [ -65.65725834,   3.11316786,  -5.50645599,  10.22766219,   1.05061101,     3.89985824,   4.22021044,   9.07831954,  -0.64523342,  -4.32315181,     0.79305748,  14.81200262,  48.50558113]]
/root/sim/music/out/Sex Pistols/Jubilee/08 Friggin' In The Riggin'.mp3; [-574.55206   , 154.44443   , -22.385607  ,   0.603534  ,  -1.2355093 ,    1.4528271 ,  -0.75914377,   2.7721577 ,  -0.661004  ,   0.16118275,   -1.1017295 ,   0.12186954,  -7.189099  ]; [[14421.93088027,  721.66234221, -817.38428995, -106.69843986,    -25.0356904 ,   61.53631935,   90.68429754,  261.58264863,     65.36529189,  273.96888917,  177.71363071,   64.65408115,    -50.98372859], [  721.66234221,  982.97592694,  -24.34927258,  -10.14378082,     31.89340482,  -17.35538056,   89.94878735,   63.83303395,    -28.21090784,  -34.17715022,    4.33363172,   11.2552744 ,     17.05786246], [ -817.38428995,  -24.34927258,  455.26132961,   85.52257863,     45.49487322,   42.51736893,   12.54541039,   18.41112511,     14.81711342,    1.44158963,  -10.81241262,   -5.38168115,     27.62692438], [ -106.69843986,  -10.14378082,   85.52257863,  175.98994195,     72.19197809,   37.25748801,   -5.67862866,   -4.70858399,     27.90500823,   28.46743694,   -6.76999675,    4.37363848,     21.19320441], [  -25.0356904 ,   31.89340482,   45.49487322,   72.19197809,    181.88480593,   38.63923293,    3.39597176,   29.33527366,     23.24629174,   49.09299086,    0.71845837,    0.00968457,     36.92117482], [   61.53631935,  -17.35538056,   42.51736893,   37.25748801,     38.63923293,  101.18056271,   36.85517912,   22.14372929,     16.06035036,   11.12941401,    7.03788546,   14.53759047,     13.14479635], [   90.68429754,   89.94878735,   12.54541039,   -5.67862866,      3.39597176,   36.85517912,  173.9801226 ,   98.59114572,    -14.86947188,  -23.02155257,    8.57776703,   20.90881468,     18.69852245], [  261.58264863,   63.83303395,   18.41112511,   -4.70858399,     29.33527366,   22.14372929,   98.59114572,  160.70068202,     12.47713022,    1.25882918,   12.07212434,   13.15396442,     36.39347224], [   65.36529189,  -28.21090784,   14.81711342,   27.90500823,     23.24629174,   16.06035036,  -14.86947188,   12.47713022,    100.70755454,   45.36500916,    5.88956235,   -8.20412279,     -3.65352075], [  273.96888917,  -34.17715022,    1.44158963,   28.46743694,     49.09299086,   11.12941401,  -23.02155257,    1.25882918,     45.36500916,  128.1898479 ,   36.60008061,    1.35671933,     13.80612202], [  177.71363071,    4.33363172,  -10.81241262,   -6.76999675,      0.71845837,    7.03788546,    8.57776703,   12.07212434,      5.88956235,   36.60008061,   78.24253893,   32.33051162,     -2.96064884], [   64.65408115,   11.2552744 ,   -5.38168115,    4.37363848,      0.00968457,   14.53759047,   20.90881468,   13.15396442,     -8.20412279,    1.35671933,   32.33051162,   79.42543791,     20.78108666], [  -50.98372859,   17.05786246,   27.62692438,   21.19320441,     36.92117482,   13.14479635,   18.69852245,   36.39347224,     -3.65352075,   13.80612202,   -2.96064884,   20.78108666,     89.80055063]]
/root/sim/music/out/Sex Pistols/Jubilee/09 Silly Thing.mp3; [-534.84296  , 118.1344   , -20.391666 ,  16.142235 ,  -3.0502605,   11.191782 ,  10.553994 ,   3.4093091,   1.9827708,   3.8887362,  -11.174688 ,   0.9921275,  -3.836537 ]; [[9325.2216297 , 966.88460729,-362.68511215,  90.94823133, -64.95495565,   171.44170508,  62.6512477 ,   3.71005437,  18.16556635,  75.24604393,   -87.87418815,  15.39399989, -68.03237494], [ 966.88460729, 440.98895756,-102.03485651,  72.01915476, -15.34341844,     9.63529872,  62.93522078,   1.870798  ,  33.01686892,  24.48234471,   -18.32506961,  28.20261948,   5.07658024], [-362.68511215,-102.03485651, 258.52901006, -11.86922096,  40.4558493 ,   -19.84104436, -14.66177928,  12.56281312,  -8.76733255, -16.86159354,    19.70527727, -13.29165158,  20.84959753], [  90.94823133,  72.01915476, -11.86922096,  95.81449217,  24.61975784,    25.43509267,   4.19411733,   7.75374314,   9.99938123,   6.92495682,   -12.62693415,  12.39949833,  14.49879675], [ -64.95495565, -15.34341844,  40.4558493 ,  24.61975784,  85.67738009,    15.9478513 ,  -8.59881556,  -9.7251003 ,  14.4348018 ,   5.10293838,     4.88778071,  -3.53498775,  11.99465892], [ 171.44170508,   9.63529872, -19.84104436,  25.43509267,  15.9478513 ,    80.76427625,  30.3118921 ,  21.09810277,   2.27266556,   8.05504657,    -4.22305563,   9.8065314 ,  -3.11779533], [  62.6512477 ,  62.93522078, -14.66177928,   4.19411733,  -8.59881556,    30.3118921 , 101.51848186,  34.79533692,  10.83451803,   1.86453315,    -0.95654528,  11.86873938,  -3.93900909], [   3.71005437,   1.870798  ,  12.56281312,   7.75374314,  -9.7251003 ,    21.09810277,  34.79533692,  63.52157403,  14.8022987 ,  11.14379886,     4.28214967,   5.83798099,  -2.74594904], [  18.16556635,  33.01686892,  -8.76733255,   9.99938123,  14.4348018 ,     2.27266556,  10.83451803,  14.8022987 ,  58.08961118,  27.85565986,     9.34561626,   8.44531851,   5.18106572], [  75.24604393,  24.48234471, -16.86159354,   6.92495682,   5.10293838,     8.05504657,   1.86453315,  11.14379886,  27.85565986,  60.99191398,    26.42453546,   8.84958307,  -3.06503845], [ -87.87418815, -18.32506961,  19.70527727, -12.62693415,   4.88778071,    -4.22305563,  -0.95654528,   4.28214967,   9.34561626,  26.42453546,    66.44546022,  12.16253063,  -3.47816505], [  15.39399989,  28.20261948, -13.29165158,  12.39949833,  -3.53498775,     9.8065314 ,  11.86873938,   5.83798099,   8.44531851,   8.84958307,    12.16253063,  50.25367444,  20.31694197], [ -68.03237494,   5.07658024,  20.84959753,  14.49879675,  11.99465892,    -3.11779533,  -3.93900909,  -2.74594904,   5.18106572,  -3.06503845,    -3.47816505,  20.31694197,  47.43690777]]
/root/sim/music/out/Sex Pistols/Jubilee/01 God Save The Queen.mp3; [-523.61273  , 139.48709  , -21.544342 ,   9.4496355,   5.774635 ,   11.97155  ,  10.114335 ,   1.5199444,   3.8803442,   4.914754 ,   -1.7424347,   3.2564821,  -1.6815408]; [[7968.97292912, 645.70131713,-117.89926855,  34.87375909,  -3.63228693,    96.84094353,  43.98230139, -22.15325317, -18.72494262,   9.16684671,    -7.70405057, -11.20487879, -33.64556169], [ 645.70131713, 750.24856332,-209.11409413,  77.67934823,   4.52271945,   -10.30676431,  27.43079039,   1.20288207,  25.28232862,  34.40255216,   -32.35418355,  29.3382752 , -13.32345732], [-117.89926855,-209.11409413, 282.25055188, -28.16080947,   4.27465842,   -26.97254998, -56.4540724 ,  10.29581333, -15.28892692, -31.67171317,    28.41018213, -30.24321057,   8.97234166], [  34.87375909,  77.67934823, -28.16080947, 128.76867971,  32.31404501,     7.71987874,  -2.74983912, -11.67241234,  -4.88901147,  -4.23781083,   -19.62096439,  10.9100788 ,  -2.64994016], [  -3.63228693,   4.52271945,   4.27465842,  32.31404501,  85.99779134,    14.18300646,   1.44954386,  -4.79938431,   6.14375336,   4.36753076,    -2.68963286,   1.4417736 ,   9.0656036 ], [  96.84094353, -10.30676431, -26.97254998,   7.71987874,  14.18300646,   102.78013118,  46.78811893,  10.33265076,  -9.46514375,  -1.85569107,    -2.11661446,   0.89396201,   0.60710639], [  43.98230139,  27.43079039, -56.4540724 ,  -2.74983912,   1.44954386,    46.78811893,  98.54479167,  17.73665734,  11.11862684,   3.47420726,    -6.98794489,  12.15347935,  -0.95231283], [ -22.15325317,   1.20288207,  10.29581333, -11.67241234,  -4.79938431,    10.33265076,  17.73665734,  62.43183632,  19.86417029,   7.27722882,     6.64826899,  -1.51401815,   1.47211487], [ -18.72494262,  25.28232862, -15.28892692,  -4.88901147,   6.14375336,    -9.46514375,  11.11862684,  19.86417029,  60.53030446,  32.91745056,     6.84502071,   2.4890639 ,   2.4811459 ], [   9.16684671,  34.40255216, -31.67171317,  -4.23781083,   4.36753076,    -1.85569107,   3.47420726,   7.27722882,  32.91745056,  58.50181711,    19.76335653,   9.08277025,   1.1183761 ], [  -7.70405057, -32.35418355,  28.41018213, -19.62096439,  -2.68963286,    -2.11661446,  -6.98794489,   6.64826899,   6.84502071,  19.76335653,    51.71020928,  15.07278465,   6.14923699], [ -11.20487879,  29.3382752 , -30.24321057,  10.9100788 ,   1.4417736 ,     0.89396201,  12.15347935,  -1.51401815,   2.4890639 ,   9.08277025,    15.07278465,  48.4964585 ,  16.39404004], [ -33.64556169, -13.32345732,   8.97234166,  -2.64994016,   9.0656036 ,     0.60710639,  -0.95231283,   1.47211487,   2.4811459 ,   1.1183761 ,     6.14923699,  16.39404004,  40.04908235]]
