/root/sim/music/1~100/22_ensolarado.mp3; [-755.6244    , 181.79846   ,  40.159073  ,  15.551864  ,   0.5796996 ,   -0.8117729 ,  -4.4111533 ,  -7.0756607 ,  -6.7177367 ,  -5.474179  ,   -6.196628  ,  -0.31611815,   0.9979796 ]; [[20442.13872912, 3519.21739327,  192.53095414,   88.95594708,   -212.27362613, -438.69742136, -503.28504614, -525.09060649,   -364.17969512, -291.46618853, -330.38093048, -135.91579653,   -103.62282363], [ 3519.21739327, 3696.05758542,   13.64711917, -139.00232388,    -92.6091228 ,   22.37624483, -162.23021544, -191.59003493,    -92.37010868,   -1.74776117,  -42.8736891 ,  -43.93558749,    -86.30367465], [  192.53095414,   13.64711917,  726.55499676,  153.92363853,    -18.79360226,   46.63913421,   42.66333425,  -13.82127771,    -39.7932764 ,  -35.68531452,   13.08498151,   40.23301819,    -40.28364587], [   88.95594708, -139.00232388,  153.92363853,  305.87523195,    125.24280555,   53.70949416,   43.30715791,   19.38015509,     -7.1077383 ,   -5.59922698,   -5.83517784,    8.28500316,    -15.21563313], [ -212.27362613,  -92.6091228 ,  -18.79360226,  125.24280555,    174.21252227,   79.38303388,   34.26252624,    3.43259398,     -8.22624754,   11.65178298,   16.29679197,    1.53212755,     -2.52442814], [ -438.69742136,   22.37624483,   46.63913421,   53.70949416,     79.38303388,  163.17626023,   92.11202814,   21.85320541,    -15.33559001,  -15.45231833,    3.90746297,   14.6030257 ,      0.81063596], [ -503.28504614, -162.23021544,   42.66333425,   43.30715791,     34.26252624,   92.11202814,  156.03962307,   84.30644901,      7.2937313 ,  -23.21031843,   -6.19804701,   11.68156171,     19.78608524], [ -525.09060649, -191.59003493,  -13.82127771,   19.38015509,      3.43259398,   21.85320541,   84.30644901,  136.05278197,     67.66148408,   -0.63142662,  -19.22544892,   -4.87444537,     19.33588665], [ -364.17969512,  -92.37010868,  -39.7932764 ,   -7.1077383 ,     -8.22624754,  -15.33559001,    7.2937313 ,   67.66148408,    124.9830283 ,   60.7470793 ,    4.75879999,  -27.1945959 ,    -16.45780218], [ -291.46618853,   -1.74776117,  -35.68531452,   -5.59922698,     11.65178298,  -15.45231833,  -23.21031843,   -0.63142662,     60.7470793 ,  106.14726345,   46.43903593,  -21.16764002,    -35.03584459], [ -330.38093048,  -42.8736891 ,   13.08498151,   -5.83517784,     16.29679197,    3.90746297,   -6.19804701,  -19.22544892,      4.75879999,   46.43903593,   88.8198347 ,   35.76621569,     -6.84016235], [ -135.91579653,  -43.93558749,   40.23301819,    8.28500316,      1.53212755,   14.6030257 ,   11.68156171,   -4.87444537,    -27.1945959 ,  -21.16764002,   35.76621569,   99.5519971 ,     58.65676339], [ -103.62282363,  -86.30367465,  -40.28364587,  -15.21563313,     -2.52442814,    0.81063596,   19.78608524,   19.33588665,    -16.45780218,  -35.03584459,   -6.84016235,   58.65676339,    144.90213274]]
/root/sim/music/1~100/33_春のキッチン.mp3; [-732.29645  , 186.04617  , -30.643183 ,  29.264338 ,   5.795765 ,   -3.6991093,  -2.6025186,  -1.4160092,   0.53978  ,   4.934921 ,    2.0025663,   1.3590348,  -3.147079 ]; [[ 9658.93699293,-1118.79454837, -864.74686323, -362.72443497,   -770.65213708, -514.97821301, -315.58326514,  204.04013408,   -158.87901177, -597.45124026, -286.43483749,  -36.83606236,    275.08317641], [-1118.79454837, 1398.04164772,  202.21564929, -144.12677988,    260.7939973 ,  122.50483449,   73.41651308,  -28.94163897,     10.60540969,   97.743534  ,  139.8134784 ,   -6.0260483 ,    -17.59153402], [ -864.74686323,  202.21564929, 1016.19530448, -144.82597015,    256.42319017,  142.35183136,   41.05238448,  -11.24091893,     59.18579547,   32.75507442,  -57.58636899,  -47.68525872,     -7.06414176], [ -362.72443497, -144.12677988, -144.82597015,  656.75107853,   -108.58391034,   18.63322711,   54.04084607,   18.1650308 ,     30.10253875,  127.63153966,   29.50252353,   41.98293649,    -71.45649421], [ -770.65213708,  260.7939973 ,  256.42319017, -108.58391034,    434.57915446,  114.57203395,   45.48194818,    6.19869282,     13.41433869,    4.14565626,   52.66995796,  -32.62742513,     15.23119211], [ -514.97821301,  122.50483449,  142.35183136,   18.63322711,    114.57203395,  301.54949454,   88.28455803,  -53.06442143,      6.61521481,   72.57173753,   -0.11842084,    2.18996306,    -33.76261199], [ -315.58326514,   73.41651308,   41.05238448,   54.04084607,     45.48194818,   88.28455803,  225.81057015,   48.1868066 ,    -32.94627458,   35.4759243 ,   57.7042015 ,  -34.44482082,    -46.33775041], [  204.04013408,  -28.94163897,  -11.24091893,   18.1650308 ,      6.19869282,  -53.06442143,   48.1868066 ,  205.0926108 ,     39.94955762,  -42.6882248 ,   -8.85374161,  -32.62659874,     -8.55648934], [ -158.87901177,   10.60540969,   59.18579547,   30.10253875,     13.41433869,    6.61521481,  -32.94627458,   39.94955762,    259.97423424,  102.63680607,  -64.47314904,  -20.56487838,    -30.30484561], [ -597.45124026,   97.743534  ,   32.75507442,  127.63153966,      4.14565626,   72.57173753,   35.4759243 ,  -42.6882248 ,    102.63680607,  300.98662086,   87.28896583,  -33.59763938,    -82.16067497], [ -286.43483749,  139.8134784 ,  -57.58636899,   29.50252353,     52.66995796,   -0.11842084,   57.7042015 ,   -8.85374161,    -64.47314904,   87.28896583,  258.25404925,   46.62440131,     -4.51794282], [  -36.83606236,   -6.0260483 ,  -47.68525872,   41.98293649,    -32.62742513,    2.18996306,  -34.44482082,  -32.62659874,    -20.56487838,  -33.59763938,   46.62440131,  233.43910035,     78.14811033], [  275.08317641,  -17.59153402,   -7.06414176,  -71.45649421,     15.23119211,  -33.76261199,  -46.33775041,   -8.55648934,    -30.30484561,  -82.16067497,   -4.51794282,   78.14811033,    226.40799914]]
/root/sim/music/1~100/96_星の破線.mp3; [-925.53424  , 157.03015  , -88.31447  , -41.898865 ,   8.126988 ,   18.141989 ,   1.8003594, -13.006877 ,  -6.239155 ,   1.3816895,    9.013972 ,  13.511326 ,  21.219109 ]; [[11839.40786686, 2401.43687793,-2199.03242951,  671.54175581,    -13.61050761,   72.42643583, -600.01849983, -495.75364056,    254.4387162 ,  242.16720867, -133.56218397, -623.39117223,   -269.985324  ], [ 2401.43687793, 1338.14638024, -564.75091895,    1.93610508,   -115.93856766, -279.82862957, -109.21439072,   -9.26688235,   -135.89602968,  -62.01489329,   16.72514768,   68.07994295,     28.18052694], [-2199.03242951, -564.75091895,  723.3268639 ,  -48.56707206,    -33.28908039,   78.78524667,  152.88226148,  133.30459951,    -37.97110075,  -49.20499127,   31.17248083,  147.96997659,     34.28272245], [  671.54175581,    1.93610508,  -48.56707206,  319.35897265,     96.34640033,   -3.24415613, -121.5488735 ,    5.49162359,    178.35140898,   60.15178229,  -81.146095  , -196.00193521,     19.56662716], [  -13.61050761, -115.93856766,  -33.28908039,   96.34640033,    361.1231866 ,  204.7462623 , -120.74422416, -117.84158841,    140.34900434,   37.96132238,  -31.00597636, -193.14194528,     77.16845129], [   72.42643583, -279.82862957,   78.78524667,   -3.24415613,    204.7462623 ,  458.66095369,   91.26441705, -172.14875888,     11.15676074,   88.05147957,   45.61922307,  -61.33801132,   -112.23637681], [ -600.01849983, -109.21439072,  152.88226148, -121.5488735 ,   -120.74422416,   91.26441705,  346.23396853,  112.74064544,   -225.34483216,  -83.3978621 ,   61.11136158,  192.26093256,    -94.45220098], [ -495.75364056,   -9.26688235,  133.30459951,    5.49162359,   -117.84158841, -172.14875888,  112.74064544,  336.47228967,     -9.80687878, -177.66890644,  -93.03493871,   81.28560222,    171.89317369], [  254.4387162 , -135.89602968,  -37.97110075,  178.35140898,    140.34900434,   11.15676074, -225.34483216,   -9.80687878,    428.36344031,  118.21743674, -130.23567898, -345.7936207 ,    147.87267092], [  242.16720867,  -62.01489329,  -49.20499127,   60.15178229,     37.96132238,   88.05147957,  -83.3978621 , -177.66890644,    118.21743674,  312.68813366,   79.04999978, -152.238799  ,   -234.12879956], [ -133.56218397,   16.72514768,   31.17248083,  -81.146095  ,    -31.00597636,   45.61922307,   61.11136158,  -93.03493871,   -130.23567898,   79.04999978,  287.16573657,  157.62788486,   -133.68511049], [ -623.39117223,   68.07994295,  147.96997659, -196.00193521,   -193.14194528,  -61.33801132,  192.26093256,   81.28560222,   -345.7936207 , -152.238799  ,  157.62788486,  608.33759595,      4.50289279], [ -269.985324  ,   28.18052694,   34.28272245,   19.56662716,     77.16845129, -112.23637681,  -94.45220098,  171.89317369,    147.87267092, -234.12879956, -133.68511049,    4.50289279,    717.81360068]]
/root/sim/music/1~100/44_Cassette_Tape_Dream.mp3; [-655.0866    , 126.747215  ,  19.949106  ,  50.68478   ,   3.913     ,    3.155573  ,  -2.0414689 ,  -0.07788053,   3.4107592 ,   3.446856  ,   -3.3485756 ,  -0.6987486 ,  -3.2357845 ]; [[20076.23539531,  774.06941587, -110.95809286,  184.63092474,   -349.37838772,  145.15231897, -295.03091087,  -91.22532127,    -91.16458403, -154.74055809,  -17.85129979,  -46.87914506,   -182.36336221], [  774.06941587, 3586.36049792, -412.24161987,  309.26654865,     93.79535681, -441.96518501,  -24.2134967 , -188.09291943,    137.25688541,  163.19399955,  -92.52835486, -109.99686673,    -86.50661876], [ -110.95809286, -412.24161987, 1656.59780366, -117.8038195 ,     77.76294716,  417.21712313,   41.85798823,  214.30917218,    140.0957815 ,   53.32324544,   47.80144118,  -35.05637201,    -18.51204003], [  184.63092474,  309.26654865, -117.8038195 ,  959.68533862,    435.80081229,   39.84461473,   73.9156726 ,    6.04552045,     73.66130838,  112.12501416,   36.75007523,   53.34065283,     26.98883631], [ -349.37838772,   93.79535681,   77.76294716,  435.80081229,    579.99152419,  275.86881549,  132.59091079,   16.74985927,     10.47808469,   49.95924246,   33.09512337,   47.09789045,     63.01102383], [  145.15231897, -441.96518501,  417.21712313,   39.84461473,    275.86881549,  581.64965323,  228.28463593,  133.78415582,    -33.88984284,  -29.60249884,   52.07609053,   59.88755094,     61.94394152], [ -295.03091087,  -24.2134967 ,   41.85798823,   73.9156726 ,    132.59091079,  228.28463593,  341.42929174,  164.63939533,     -3.94711261,   -7.52340058,    7.57375239,   43.96126992,     59.99760881], [  -91.22532127, -188.09291943,  214.30917218,    6.04552045,     16.74985927,  133.78415582,  164.63939533,  299.1442512 ,    151.27259101,   54.23107116,    9.15621379,    3.91418164,     24.64911757], [  -91.16458403,  137.25688541,  140.0957815 ,   73.66130838,     10.47808469,  -33.88984284,   -3.94711261,  151.27259101,    257.09549389,  134.85849472,    0.20942876,  -38.15026037,    -35.79684692], [ -154.74055809,  163.19399955,   53.32324544,  112.12501416,     49.95924246,  -29.60249884,   -7.52340058,   54.23107116,    134.85849472,  186.86211112,   86.50373599,   -1.45341173,    -27.23364988], [  -17.85129979,  -92.52835486,   47.80144118,   36.75007523,     33.09512337,   52.07609053,    7.57375239,    9.15621379,      0.20942876,   86.50373599,  151.20215972,   85.40509331,     15.98699268], [  -46.87914506, -109.99686673,  -35.05637201,   53.34065283,     47.09789045,   59.88755094,   43.96126992,    3.91418164,    -38.15026037,   -1.45341173,   85.40509331,  144.01259814,     84.05295238], [ -182.36336221,  -86.50661876,  -18.51204003,   26.98883631,     63.01102383,   61.94394152,   59.99760881,   24.64911757,    -35.79684692,  -27.23364988,   15.98699268,   84.05295238,    128.08865428]]
/root/sim/music/1~100/72_ながれぼし.mp3; [-762.93585   , 238.0035    , -37.465096  ,   2.743107  ,   1.6935264 ,    4.6943054 ,   0.12773158,  -9.0554905 , -15.253463  ,  -2.7789598 ,   -4.0544944 ,  -8.877115  ,  -3.3204336 ]; [[12773.94465905,  929.81213948, -981.22749235, 1010.58026814,   -158.40274391,   82.64537255,  -72.72587245, -177.44435792,   -245.30403764, -238.13028789, -188.72368042,  -80.99361626,   -167.18589903], [  929.81213948, 1020.40615885,  -54.1168981 , -165.88246987,     78.05171664,  -54.2487996 , -126.60177847, -116.96060567,   -112.85341315, -135.65079032,  -58.58069742,  -19.75616318,    -61.02297289], [ -981.22749235,  -54.1168981 ,  567.38618407,   22.06596801,     74.13641489,   78.57100916,   10.8358341 ,   15.04914929,     33.97561001,   -7.13176057,    9.09787593,   45.37074932,      8.54953581], [ 1010.58026814, -165.88246987,   22.06596801,  407.06149866,     56.53151496,   50.50548165,   74.98801949,   70.87386822,     44.69151363,   45.10832297,   32.57300453,   29.03721581,     26.38860238], [ -158.40274391,   78.05171664,   74.13641489,   56.53151496,    242.18597586,  103.99875436,   18.05123432,   35.6417357 ,     -4.9687341 ,  -38.06080263,    6.35908168,    2.05378324,     10.6983672 ], [   82.64537255,  -54.2487996 ,   78.57100916,   50.50548165,    103.99875436,  208.15802545,   84.24848699,   36.95427636,     36.25695691,  -18.48397184,  -19.22940102,   -4.8432772 ,    -19.72716036], [  -72.72587245, -126.60177847,   10.8358341 ,   74.98801949,     18.05123432,   84.24848699,  149.81402384,  101.72637111,     65.65655299,   54.04496942,   26.62671407,   13.65005188,      8.89865326], [ -177.44435792, -116.96060567,   15.04914929,   70.87386822,     35.6417357 ,   36.95427636,  101.72637111,  183.46233108,    136.56280535,   86.35732648,   45.70966403,   28.65282308,     49.04549399], [ -245.30403764, -112.85341315,   33.97561001,   44.69151363,     -4.9687341 ,   36.25695691,   65.65655299,  136.56280535,    229.94416842,  149.62984172,   33.88585428,   37.41471318,     55.99829014], [ -238.13028789, -135.65079032,   -7.13176057,   45.10832297,    -38.06080263,  -18.48397184,   54.04496942,   86.35732648,    149.62984172,  216.34018258,  110.1176343 ,   23.54384903,     33.84547485], [ -188.72368042,  -58.58069742,    9.09787593,   32.57300453,      6.35908168,  -19.22940102,   26.62671407,   45.70966403,     33.88585428,  110.1176343 ,  163.16733874,   54.62134419,     -1.37488942], [  -80.99361626,  -19.75616318,   45.37074932,   29.03721581,      2.05378324,   -4.8432772 ,   13.65005188,   28.65282308,     37.41471318,   23.54384903,   54.62134419,  121.0100623 ,     71.17649265], [ -167.18589903,  -61.02297289,    8.54953581,   26.38860238,     10.6983672 ,  -19.72716036,    8.89865326,   49.04549399,     55.99829014,   33.84547485,   -1.37488942,   71.17649265,    154.42149565]]
/root/sim/music/1~100/80_人狼の為の子守唄.mp3; [-900.64764  , 270.88797  ,  29.229956 , -17.833311 , -12.933355 ,  -14.757247 , -21.470186 , -15.149382 , -11.55104  ,  -9.526352 ,   -7.0070806,  -6.962055 ,  -9.63787  ]; [[10083.62833738, 4098.35597793,-1270.44529532, -839.34017363,   -577.24554653, -472.5219268 , -609.71610727, -294.88095878,   -239.7734264 , -226.29278441, -155.11508517,  -68.21555755,   -279.99025819], [ 4098.35597793, 3046.48844552, -328.35007277, -600.24126253,   -249.64177628, -265.3397923 , -297.02150411, -152.84390033,   -120.39633215, -140.88338008,  -96.73693718,  -71.74963563,   -138.16665265], [-1270.44529532, -328.35007277,  784.51526287,  280.37021977,    -25.98309239,   63.45615218,   85.50604348,  -26.97309527,     11.70534381,   67.39472499,   14.47616738,    9.15616497,     51.77035939], [ -839.34017363, -600.24126253,  280.37021977,  379.16579642,    136.59026529,   53.77140056,   38.31901977,   10.99411823,     12.03985964,   25.92701054,   32.8310891 ,   39.78887022,     29.76085109], [ -577.24554653, -249.64177628,  -25.98309239,  136.59026529,    224.59677063,   62.51661295,   -4.27537999,   10.71523072,     -5.51819691,  -16.61700807,   31.24358021,   28.95434346,      9.39225139], [ -472.5219268 , -265.3397923 ,   63.45615218,   53.77140056,     62.51661295,  135.03936066,   94.21241479,    7.41960063,     -0.41332813,   17.7006085 ,   12.29087005,   -9.6925214 ,      4.93458614], [ -609.71610727, -297.02150411,   85.50604348,   38.31901977,     -4.27537999,   94.21241479,  187.14496597,  118.1663478 ,     33.13263571,    3.52527289,  -14.11972163,  -11.56437018,     36.31862014], [ -294.88095878, -152.84390033,  -26.97309527,   10.99411823,     10.71523072,    7.41960063,  118.1663478 ,  178.30298736,     78.15121056,  -16.30295243,  -23.45473682,    2.8790039 ,     33.07562853], [ -239.7734264 , -120.39633215,   11.70534381,   12.03985964,     -5.51819691,   -0.41332813,   33.13263571,   78.15121056,    109.22630922,   65.58050391,   12.41044422,   -8.25695189,     -9.76347128], [ -226.29278441, -140.88338008,   67.39472499,   25.92701054,    -16.61700807,   17.7006085 ,    3.52527289,  -16.30295243,     65.58050391,  129.99862205,   75.55593116,   -9.10095094,    -36.40143623], [ -155.11508517,  -96.73693718,   14.47616738,   32.8310891 ,     31.24358021,   12.29087005,  -14.11972163,  -23.45473682,     12.41044422,   75.55593116,  101.73996009,   32.48607861,    -22.45658171], [  -68.21555755,  -71.74963563,    9.15616497,   39.78887022,     28.95434346,   -9.6925214 ,  -11.56437018,    2.8790039 ,     -8.25695189,   -9.10095094,   32.48607861,   92.4085457 ,     81.42104852], [ -279.99025819, -138.16665265,   51.77035939,   29.76085109,      9.39225139,    4.93458614,   36.31862014,   33.07562853,     -9.76347128,  -36.40143623,  -22.45658171,   81.42104852,    165.56379741]]
/root/sim/music/1~100/62_はりきっちゃう時のテーマ.mp3; [-634.1806   , 123.697075 ,  13.25862  ,  46.421295 ,  16.852337 ,   18.18664  ,   3.6409729,   8.787906 ,   4.608467 ,   7.178029 ,    5.044154 ,   2.5968623,  -3.448332 ]; [[15040.05532986,-1411.51231693,-1158.00328972, -875.89349645,   -342.13336811, -450.20439328, -443.59082817, -288.50626013,   -318.63767019, -189.87358446, -168.86316448,  -59.2164112 ,    -91.1401639 ], [-1411.51231693, 1301.03559953, -182.03899186,   90.58526092,     24.1442979 ,  -15.44806448,  -52.9309706 ,   14.51578733,     25.4624666 ,   32.59847065,   60.6995032 ,   38.58765531,    -31.56881933], [-1158.00328972, -182.03899186,  498.50190679,  205.91183775,     99.77162567,  117.90207339,  107.85944934,   47.21511824,     25.45241792,  -12.15937501,  -25.60329938,  -26.81067616,     12.19032849], [ -875.89349645,   90.58526092,  205.91183775,  324.32036134,     84.05795533,   63.97413861,   61.3268227 ,   37.13149319,     40.3280418 ,   59.9641979 ,   59.75778693,    8.06536658,    -21.81631599], [ -342.13336811,   24.1442979 ,   99.77162567,   84.05795533,    115.44509048,   74.05789456,   58.08442515,   40.39903738,     18.93163282,    9.07656133,   -0.8791326 ,    0.9181715 ,      5.87393458], [ -450.20439328,  -15.44806448,  117.90207339,   63.97413861,     74.05789456,  117.21117903,   72.7424012 ,   43.05679603,     25.44539252,   -0.05557124,  -15.96460381,  -12.95681734,      7.67111099], [ -443.59082817,  -52.9309706 ,  107.85944934,   61.3268227 ,     58.08442515,   72.7424012 ,   99.62630398,   52.93237966,     24.01827286,   10.36877652,   -2.37394569,    1.52501235,     15.28108586], [ -288.50626013,   14.51578733,   47.21511824,   37.13149319,     40.39903738,   43.05679603,   52.93237966,   75.34960924,     30.84970978,   13.76008487,    3.42769437,    7.58260032,     10.1803744 ], [ -318.63767019,   25.4624666 ,   25.45241792,   40.3280418 ,     18.93163282,   25.44539252,   24.01827286,   30.84970978,     66.64924378,   39.62358182,   18.12002533,    4.92829804,      1.40866062], [ -189.87358446,   32.59847065,  -12.15937501,   59.9641979 ,      9.07656133,   -0.05557124,   10.36877652,   13.76008487,     39.62358182,   79.69687669,   58.92050159,   16.13581286,     -6.51016218], [ -168.86316448,   60.6995032 ,  -25.60329938,   59.75778693,     -0.8791326 ,  -15.96460381,   -2.37394569,    3.42769437,     18.12002533,   58.92050159,  101.1761768 ,   37.58391653,    -14.11095448], [  -59.2164112 ,   38.58765531,  -26.81067616,    8.06536658,      0.9181715 ,  -12.95681734,    1.52501235,    7.58260032,      4.92829804,   16.13581286,   37.58391653,   48.37576091,     12.87164043], [  -91.1401639 ,  -31.56881933,   12.19032849,  -21.81631599,      5.87393458,    7.67111099,   15.28108586,   10.1803744 ,      1.40866062,   -6.51016218,  -14.11095448,   12.87164043,     57.05214148]]
/root/sim/music/1~100/15_自宅にて.mp3; [-822.61444   , 183.62971   ,  33.451347  ,  21.12384   ,  11.080684  ,   18.472685  ,  10.389202  ,  13.853489  ,  11.1807575 ,   6.790733  ,    8.458997  ,   0.72543246,   4.282903  ]; [[15409.76557507,-4295.40032168,-2270.59643417, -964.81081363,  -1034.01414116, -502.83286427, -320.73928416,  -25.25107372,     19.52584722,  -90.58368407, -190.76299809,  249.96701996,     93.98610073], [-4295.40032168, 3951.90686461,  104.52029639, -280.06819603,   -322.56842671,  -34.75031846, -188.97255411,   13.78632564,     -6.85357176,  -30.37875277,  102.8371198 , -145.86747421,    -68.70004101], [-2270.59643417,  104.52029639, 1409.16994095,  376.6261274 ,    216.57291546,  133.09244274,  154.36070128,   29.00015986,     17.19039759,   28.94764603,   75.48756186, -141.51600884,    -42.47298282], [ -964.81081363, -280.06819603,  376.6261274 ,  617.08036537,    330.4181919 ,  227.58807067,  106.32270849,   69.0169437 ,     35.12469147,   36.27709982,    4.68377248,   36.96658583,     34.89833648], [-1034.01414116, -322.56842671,  216.57291546,  330.4181919 ,    482.15351316,  165.93037141,  107.53822157,   16.54440442,     -2.51979323,   31.8868007 ,   13.6094654 ,   45.10829518,     55.4142303 ], [ -502.83286427,  -34.75031846,  133.09244274,  227.58807067,    165.93037141,  309.62610416,  126.65009856,   78.99776794,     26.56302527,  -12.38966555,   16.00325984,  -12.52794039,     11.64191396], [ -320.73928416, -188.97255411,  154.36070128,  106.32270849,    107.53822157,  126.65009856,  210.03074446,   43.95974701,     13.03458917,   21.11984258,  -38.65188393,  -20.23852156,    -32.80492809], [  -25.25107372,   13.78632564,   29.00015986,   69.0169437 ,     16.54440442,   78.99776794,   43.95974701,  144.99303916,     81.76502881,   18.89761676,   -4.48496823,  -27.28683747,    -11.19446325], [   19.52584722,   -6.85357176,   17.19039759,   35.12469147,     -2.51979323,   26.56302527,   13.03458917,   81.76502881,    131.63709489,   64.62834073,    5.38898366,  -18.03607371,    -15.59802384], [  -90.58368407,  -30.37875277,   28.94764603,   36.27709982,     31.8868007 ,  -12.38966555,   21.11984258,   18.89761676,     64.62834073,  138.74888621,   34.02138049,   12.7236347 ,     -6.74421788], [ -190.76299809,  102.8371198 ,   75.48756186,    4.68377248,     13.6094654 ,   16.00325984,  -38.65188393,   -4.48496823,      5.38898366,   34.02138049,  170.37137416,   37.27436696,     20.50659998], [  249.96701996, -145.86747421, -141.51600884,   36.96658583,     45.10829518,  -12.52794039,  -20.23852156,  -27.28683747,    -18.03607371,   12.7236347 ,   37.27436696,  197.74511145,     71.27788396], [   93.98610073,  -68.70004101,  -42.47298282,   34.89833648,     55.4142303 ,   11.64191396,  -32.80492809,  -11.19446325,    -15.59802384,   -6.74421788,   20.50659998,   71.27788396,    110.90195532]]
/root/sim/music/1~100/93_全てが終わる夜に.mp3; [-581.20685   , 154.86122   ,  -7.178881  ,  38.93614   ,  12.494131  ,   -2.763818  ,  -5.8618073 ,   4.091272  ,   3.9804318 ,   0.16877796,   -8.963853  ,  -3.2452264 ,  -0.62733334]; [[7958.8081985 ,-110.95560145,-420.06538484, 170.28488173, 371.63956049,   393.16143851, -50.50689034,  95.11179844, -67.94852962,  28.69761859,    43.11889404,  77.49886475,  -3.94374944], [-110.95560145,1470.19701154,-130.69550749,  71.6783113 , -82.86123373,  -304.67336435,  51.61116392,  20.42719392, 148.33507869,  39.49072304,   -71.93962619, -21.00680795,  49.72344053], [-420.06538484,-130.69550749, 834.17316516,-163.14863144,-170.94740438,    79.49006423, -58.78357737,  58.94704457,  -6.74671576,   9.43188271,    34.55959364, -62.37713317, -23.37468166], [ 170.28488173,  71.6783113 ,-163.14863144, 165.90602453,  66.20161413,    -9.37535676,  12.08589392,  -0.74877696,   2.14620459,   9.63047899,   -12.45630556,  23.84139279,  -2.88191764], [ 371.63956049, -82.86123373,-170.94740438,  66.20161413, 203.81732141,    54.88343515,  26.69849181, -22.04742717, -23.455153  ,   8.33075667,     6.54616591,  23.99283428,   8.94827896], [ 393.16143851,-304.67336435,  79.49006423,  -9.37535676,  54.88343515,   213.67827111,  -6.59931626,  -7.07395157, -80.24454395,  14.70899043,    34.29233993,   6.2906751 , -19.61064938], [ -50.50689034,  51.61116392, -58.78357737,  12.08589392,  26.69849181,    -6.59931626,  91.37937562,   3.22233783,  24.25142924,  -2.69166518,     0.64189806,   5.57992376,  10.64890904], [  95.11179844,  20.42719392,  58.94704457,  -0.74877696, -22.04742717,    -7.07395157,   3.22233783, 104.56028201,  27.61445174,   5.20306984,   -20.03393592,   7.87572136,   0.78709707], [ -67.94852962, 148.33507869,  -6.74671576,   2.14620459, -23.455153  ,   -80.24454395,  24.25142924,  27.61445174, 117.4069703 ,   1.0381836 ,    -1.93948732, -10.74245725,  21.08791371], [  28.69761859,  39.49072304,   9.43188271,   9.63047899,   8.33075667,    14.70899043,  -2.69166518,   5.20306984,   1.0381836 ,  86.57700896,     7.5211624 ,   7.18804781, -20.09736782], [  43.11889404, -71.93962619,  34.55959364, -12.45630556,   6.54616591,    34.29233993,   0.64189806, -20.03393592,  -1.93948732,   7.5211624 ,    75.53219281,  -3.71475307,   7.58249847], [  77.49886475, -21.00680795, -62.37713317,  23.84139279,  23.99283428,     6.2906751 ,   5.57992376,   7.87572136, -10.74245725,   7.18804781,    -3.71475307,  70.23561198,   2.90608909], [  -3.94374944,  49.72344053, -23.37468166,  -2.88191764,   8.94827896,   -19.61064938,  10.64890904,   0.78709707,  21.08791371, -20.09736782,     7.58249847,   2.90608909,  68.97106906]]
/root/sim/music/1~100/19_ぐだぐだな感じ.mp3; [-794.0401   , 210.35     ,  65.49016  ,   9.735152 ,   2.9726906,  -11.644045 ,  -6.5248103,   1.8395917, -17.40028  ,   6.203896 ,  -16.786633 ,  -3.2092938,  -7.598838 ]; [[13912.68978914, 1435.49062478, -425.56145218, -110.69839198,   -526.66490355, -187.78669447, -105.1897363 , -293.6614381 ,    257.66282278, -412.49979655,    8.29530852,  -98.30822013,   -139.1035385 ], [ 1435.49062478, 4987.47663488, -421.73740154, -520.28477645,   -508.77594097,  419.25131842,  375.35829295,  230.57002729,    465.3624287 ,   64.35701634,  168.2084604 ,  303.21187938,      0.23932912], [ -425.56145218, -421.73740154,  868.56276534,   21.66396553,    129.56990343,  159.91729461,  162.58134832,  187.98726615,     60.00959275,  191.28197172,  135.66433113,  -56.09226246,     71.31893048], [ -110.69839198, -520.28477645,   21.66396553,  469.69926038,    123.95070221,   17.86029902,  -43.6959273 ,  -11.22562609,     26.60512111,  -65.12405549,   -8.86744843,   45.32702407,     10.81443398], [ -526.66490355, -508.77594097,  129.56990343,  123.95070221,    315.2648934 ,    1.31658887,  -21.0063384 ,   24.60022068,    -94.35173166,   90.75442714,  -20.64916037,   10.17623406,     -0.22879028], [ -187.78669447,  419.25131842,  159.91729461,   17.86029902,      1.31658887,  360.74986782,  250.90508228,  172.07607158,    302.68322384,   92.88668032,  224.25193297,  127.5866641 ,    101.23715317], [ -105.1897363 ,  375.35829295,  162.58134832,  -43.6959273 ,    -21.0063384 ,  250.90508228,  270.95118319,  187.76919899,    259.93318814,  118.55382059,  187.12010141,   90.53061598,     93.23240729], [ -293.6614381 ,  230.57002729,  187.98726615,  -11.22562609,     24.60022068,  172.07607158,  187.76919899,  247.28088244,    207.07537104,  163.70588132,  161.99535471,   83.66362823,    106.01118261], [  257.66282278,  465.3624287 ,   60.00959275,   26.60512111,    -94.35173166,  302.68322384,  259.93318814,  207.07537104,    524.75568203,  132.4674656 ,  289.71543409,  231.49198105,    151.65765979], [ -412.49979655,   64.35701634,  191.28197172,  -65.12405549,     90.75442714,   92.88668032,  118.55382059,  163.70588132,    132.4674656 ,  281.5659485 ,  132.46914264,   99.61203966,     90.84156583], [    8.29530852,  168.2084604 ,  135.66433113,   -8.86744843,    -20.64916037,  224.25193297,  187.12010141,  161.99535471,    289.71543409,  132.46914264,  313.54486691,  138.6616516 ,    143.96297475], [  -98.30822013,  303.21187938,  -56.09226246,   45.32702407,     10.17623406,  127.5866641 ,   90.53061598,   83.66362823,    231.49198105,   99.61203966,  138.6616516 ,  276.89170652,     90.35779349], [ -139.1035385 ,    0.23932912,   71.31893048,   10.81443398,     -0.22879028,  101.23715317,   93.23240729,  106.01118261,    151.65765979,   90.84156583,  143.96297475,   90.35779349,    164.50652755]]
/root/sim/music/1~100/49_so_sweet.mp3; [-762.5796   , 191.9097   , -12.685691 ,   3.640319 , -15.668889 ,  -11.185352 , -18.457798 , -17.816061 , -15.074914 ,   2.1032958,    4.6438828,   5.599811 ,  12.0345335]; [[10829.48121323, -480.45610918,  -50.08296308,  648.78268415,    416.70586676,  462.06768743,  408.30195767,  516.18739479,    359.34630254,  188.19369347,  105.00222848,  126.71948582,    -25.30963062], [ -480.45610918, 1575.31347442, -169.81255216, -283.96418884,     -9.10231518, -115.89124307, -152.12251846,  -93.67414641,    -84.57712292,   35.07994258,   73.79854929,   88.52143332,    100.57518598], [  -50.08296308, -169.81255216,  807.47393837,  297.03622244,    183.16062845,  119.08071377,   55.85917996,   65.51011251,     33.20494506,   20.60830897,   73.72786796,   56.36880418,    -27.61629581], [  648.78268415, -283.96418884,  297.03622244,  522.64271463,    237.29989862,  119.97041822,  135.22794465,   81.5171069 ,     55.8898276 ,   38.8103368 ,   36.10716606,   25.91944272,      1.56571202], [  416.70586676,   -9.10231518,  183.16062845,  237.29989862,    332.02578875,  224.97971826,  124.16613466,   38.52294334,     73.26891152,   58.01907828,   35.78592364,   50.16602208,     43.27543276], [  462.06768743, -115.89124307,  119.08071377,  119.97041822,    224.97971826,  316.97202822,  200.71376318,   96.69725723,     70.03559071,   33.67062569,   16.82061993,   52.83815844,     24.07977577], [  408.30195767, -152.12251846,   55.85917996,  135.22794465,    124.16613466,  200.71376318,  323.14433161,  138.60853752,     76.40051434,   15.56059244,    4.59470464,   26.16115147,     41.37248412], [  516.18739479,  -93.67414641,   65.51011251,   81.5171069 ,     38.52294334,   96.69725723,  138.60853752,  231.0133983 ,     93.8761624 ,  -17.74907938,   -6.96775323,   19.45305196,    -65.08298001], [  359.34630254,  -84.57712292,   33.20494506,   55.8898276 ,     73.26891152,   70.03559071,   76.40051434,   93.8761624 ,    211.64050761,  109.37859913,   -0.37779381,  -16.47452271,     54.3715508 ], [  188.19369347,   35.07994258,   20.60830897,   38.8103368 ,     58.01907828,   33.67062569,   15.56059244,  -17.74907938,    109.37859913,  168.31201719,   54.60506272,   -6.8998473 ,     59.16978082], [  105.00222848,   73.79854929,   73.72786796,   36.10716606,     35.78592364,   16.82061993,    4.59470464,   -6.96775323,     -0.37779381,   54.60506272,  130.16524883,   76.23539117,      6.33178199], [  126.71948582,   88.52143332,   56.36880418,   25.91944272,     50.16602208,   52.83815844,   26.16115147,   19.45305196,    -16.47452271,   -6.8998473 ,   76.23539117,  163.18568622,     73.36793353], [  -25.30963062,  100.57518598,  -27.61629581,    1.56571202,     43.27543276,   24.07977577,   41.37248412,  -65.08298001,     54.3715508 ,   59.16978082,    6.33178199,   73.36793353,    265.21047784]]
/root/sim/music/1~100/94_バルーン.mp3; [-546.18475   , 111.9471    ,  -5.291093  ,  25.14735   ,  -7.3518467 ,    2.0454085 ,   5.5657187 ,  -3.439839  ,   1.9495574 ,   4.479283  ,   -0.45027882,   5.0098085 ,   6.2347507 ]; [[6558.24575284, 389.60773318,  50.65502037, 199.58111041,   2.36937357,   142.59856364, 262.684952  , 188.70651633, 189.69666071,  22.02237852,    91.8034913 ,  56.88825297, -77.78279842], [ 389.60773318, 872.02783926,-148.24730734,  36.17623897,  21.75936085,    28.71287863,  76.32686282,  19.61790124,  57.64935477,  58.76058595,    41.75752163,  41.16578542,  22.11520219], [  50.65502037,-148.24730734, 385.3312369 ,  -5.59989426, 110.20512   ,    65.63520952, -34.30466979,  63.92762825, -17.47141431,  -6.82870891,    24.02735147, -45.49761756, -26.44559379], [ 199.58111041,  36.17623897,  -5.59989426, 303.8579003 ,  61.20136182,   -37.63913698,   7.19761431,  47.290026  ,  31.70812218,   3.66938269,    22.74040548,  12.08613752, -16.42148468], [   2.36937357,  21.75936085, 110.20512   ,  61.20136182, 257.8875207 ,    85.89676266, -40.34444217,  76.72331153,   5.29931888,  33.18902131,    34.93308396, -17.13413345,  -1.42125309], [ 142.59856364,  28.71287863,  65.63520952, -37.63913698,  85.89676266,   221.91761724,  37.80594167,  38.48610231,  13.27424044,  33.02302828,    18.65981041,   3.0442843 ,  22.85332168], [ 262.684952  ,  76.32686282, -34.30466979,   7.19761431, -40.34444217,    37.80594167, 181.34295329,   8.08537454,  37.50835566,   4.18016637,    10.26121255,  32.90236341,  24.50272414], [ 188.70651633,  19.61790124,  63.92762825,  47.290026  ,  76.72331153,    38.48610231,   8.08537454, 165.23034227,  33.54238934,  17.80278925,    36.8984538 ,  -9.04264273,  -0.72692724], [ 189.69666071,  57.64935477, -17.47141431,  31.70812218,   5.29931888,    13.27424044,  37.50835566,  33.54238934, 122.83081716,  43.58385068,    18.53813581,  19.61570934,   6.05430335], [  22.02237852,  58.76058595,  -6.82870891,   3.66938269,  33.18902131,    33.02302828,   4.18016637,  17.80278925,  43.58385068, 122.2619447 ,    49.2730859 ,  19.03420615,   9.30758399], [  91.8034913 ,  41.75752163,  24.02735147,  22.74040548,  34.93308396,    18.65981041,  10.26121255,  36.8984538 ,  18.53813581,  49.2730859 ,   117.67038196,  38.13855953,   1.80405822], [  56.88825297,  41.16578542, -45.49761756,  12.08613752, -17.13413345,     3.0442843 ,  32.90236341,  -9.04264273,  19.61570934,  19.03420615,    38.13855953, 128.83551675,  47.26862153], [ -77.78279842,  22.11520219, -26.44559379, -16.42148468,  -1.42125309,    22.85332168,  24.50272414,  -0.72692724,   6.05430335,   9.30758399,     1.80405822,  47.26862153, 105.98799072]]
/root/sim/music/1~100/100_パーティーはハチャメチャ大騒ぎ.mp3; [-476.23492  ,  92.94619  ,  -9.3648405,  26.046585 ,   9.110807 ,   21.112114 ,   4.279375 ,   7.695342 ,   2.7864642,   5.362111 ,   -1.7212712,   1.99017  ,   1.7369616]; [[2296.3796164 ,-218.06118438, -98.70598245,  39.89126259, -28.86288571,    -2.07538903,  -6.39344682, -37.97777792, -40.34933354, -26.54251998,   -43.98412711, -27.5423766 , -19.82211402], [-218.06118438, 556.57185918, -27.75025538,  79.69380644, 135.63990156,    80.45904583,  60.01753067,  23.0223043 ,  84.36685832,  52.37991755,    29.30047462,  40.23980942,  13.05481785], [ -98.70598245, -27.75025538, 343.58597953, -55.11760177,  -0.33779679,    31.06074583,  -5.35530239,  10.69135304, -11.87796833,  -3.59261433,    -4.28224628,  -7.63482738, -14.66106899], [  39.89126259,  79.69380644, -55.11760177, 177.39648356,  80.38074381,    -9.90315233,  18.47842144,  35.27262351,  33.17341857,  23.09994422,    36.64849327,  22.74920087,  28.96726948], [ -28.86288571, 135.63990156,  -0.33779679,  80.38074381, 178.07001216,    42.81068899,  19.91745835,  26.10502607,  57.14017992,  35.60783825,    22.50671895,  17.83473849,  32.95628993], [  -2.07538903,  80.45904583,  31.06074583,  -9.90315233,  42.81068899,   119.77588827,  57.21588075,  -2.9516502 ,  20.06690969,  12.09217023,     2.70166608,  15.16691465,   7.44616747], [  -6.39344682,  60.01753067,  -5.35530239,  18.47842144,  19.91745835,    57.21588075,  89.4871523 ,  26.99610946,  22.76729929,  10.30733081,    18.31128649,  23.58734682,  11.22037865], [ -37.97777792,  23.0223043 ,  10.69135304,  35.27262351,  26.10502607,    -2.9516502 ,  26.99610946,  68.88260826,  36.03709566,  13.83623019,    20.41633714,  14.85279892,  16.10721257], [ -40.34933354,  84.36685832, -11.87796833,  33.17341857,  57.14017992,    20.06690969,  22.76729929,  36.03709566,  77.9042534 ,  40.86877575,    18.34956251,  18.80045259,  25.7652857 ], [ -26.54251998,  52.37991755,  -3.59261433,  23.09994422,  35.60783825,    12.09217023,  10.30733081,  13.83623019,  40.86877575,  62.80110229,    31.22338455,  10.56149357,  20.33191118], [ -43.98412711,  29.30047462,  -4.28224628,  36.64849327,  22.50671895,     2.70166608,  18.31128649,  20.41633714,  18.34956251,  31.22338455,    57.06058245,  29.97423951,  17.83652624], [ -27.5423766 ,  40.23980942,  -7.63482738,  22.74920087,  17.83473849,    15.16691465,  23.58734682,  14.85279892,  18.80045259,  10.56149357,    29.97423951,  51.92554813,  26.67962312], [ -19.82211402,  13.05481785, -14.66106899,  28.96726948,  32.95628993,     7.44616747,  11.22037865,  16.10721257,  25.7652857 ,  20.33191118,    17.83652624,  26.67962312,  57.85977667]]
/root/sim/music/1~100/91_堕ちる.mp3; [-784.0635   , 203.43076  , -10.107408 ,  29.809631 ,   0.7861782,   -2.9876204, -10.296944 , -14.391585 , -13.460703 ,  -4.1122084,   -7.384928 ,  -7.772094 ,  -6.094923 ]; [[15984.79098571,-2316.38315587,-3146.78854072, 1484.48625242,    -73.68992666,  126.5346313 , -218.32734205, -328.19297397,     31.03406926,  211.82006193, -327.68210155, -279.73005539,    -86.83809024], [-2316.38315587, 2665.4106937 ,  577.76493734, -970.45961032,   -211.76964888, -289.15345516, -110.80176795,  -71.23862806,    -48.23592262, -195.89317584,   24.79848899,   93.12940186,     11.86416445], [-3146.78854072,  577.76493734, 1936.31303785, -507.16009174,    141.2959301 ,   41.77001392,   92.39805994,  271.85767909,    -10.07534659,  -65.24187433,  219.83609637,  177.71537154,     43.21013287], [ 1484.48625242, -970.45961032, -507.16009174,  709.42136791,     87.08501985,   94.67658215,   41.62246601,  -18.63099591,      8.53615134,   91.02323593,  -34.85258439,  -61.02108744,      5.36961513], [  -73.68992666, -211.76964888,  141.2959301 ,   87.08501985,    260.37397848,   78.95358379,    9.97942534,   87.35494299,     50.54443964,   49.55427106,   34.92262715,   48.56437998,     31.46218206], [  126.5346313 , -289.15345516,   41.77001392,   94.67658215,     78.95358379,  179.07327459,   78.27588171,   40.35909582,     28.91772488,   24.14986669,    1.07967739,  -11.49274244,      9.06866792], [ -218.32734205, -110.80176795,   92.39805994,   41.62246601,      9.97942534,   78.27588171,  166.13602288,   81.41245911,     -7.97574187,  -15.82286846,   10.44826124,  -10.8162483 ,      3.1149524 ], [ -328.19297397,  -71.23862806,  271.85767909,  -18.63099591,     87.35494299,   40.35909582,   81.41245911,  237.83296861,     64.70592566,   10.57343636,   40.04113956,   37.99951354,      8.0403957 ], [   31.03406926,  -48.23592262,  -10.07534659,    8.53615134,     50.54443964,   28.91772488,   -7.97574187,   64.70592566,    167.53312409,   84.61981514,    8.68040456,    3.79496837,    -13.850697  ], [  211.82006193, -195.89317584,  -65.24187433,   91.02323593,     49.55427106,   24.14986669,  -15.82286846,   10.57343636,     84.61981514,  183.22796405,   53.61841347,   -6.56394236,     -4.03099718], [ -327.68210155,   24.79848899,  219.83609637,  -34.85258439,     34.92262715,    1.07967739,   10.44826124,   40.04113956,      8.68040456,   53.61841347,  162.62216313,   81.08331399,     16.52999999], [ -279.73005539,   93.12940186,  177.71537154,  -61.02108744,     48.56437998,  -11.49274244,  -10.8162483 ,   37.99951354,      3.79496837,   -6.56394236,   81.08331399,  161.08257279,     54.6588726 ], [  -86.83809024,   11.86416445,   43.21013287,    5.36961513,     31.46218206,    9.06866792,    3.1149524 ,    8.0403957 ,    -13.850697  ,   -4.03099718,   16.52999999,   54.6588726 ,    120.54973595]]
