/root/sim/music/501~600/510_Highway_Mermaid.mp3; [-565.6769    , 113.66787   , -22.36617   ,  16.649738  ,  -9.005191  ,    2.976921  ,   0.38683096,  -2.859624  ,   7.1743636 ,   5.4772596 ,   -2.6111453 ,   3.5333462 ,  -2.1926827 ]; [[18351.2426168 ,  826.74035003,  984.42595975,  703.12830145,      3.36762533,  209.3394893 ,  193.66156462,  197.35363294,    432.83099927,  167.08552153,  -70.87529813,  339.4551037 ,     77.3513434 ], [  826.74035003, 2989.49663216,  177.27818836,   60.2839375 ,    -38.10663937,  -11.39170217,   90.33644368, -137.46545972,    140.65348566,  116.2414837 ,   -8.91872488,   28.69221568,     10.35759197], [  984.42595975,  177.27818836, 1867.90313931,  209.49360935,    378.63247749,  140.75616846,  102.68699597,  134.50236673,     88.50972222,   76.07018999,   76.38769689,   18.59906382,     54.64986986], [  703.12830145,   60.2839375 ,  209.49360935,  578.72825926,    119.3294934 ,  -15.28288857,   71.37900376,  132.18946949,     47.59575749,   44.37773862,   20.35283184,   23.55331154,     31.43163841], [    3.36762533,  -38.10663937,  378.63247749,  119.3294934 ,    577.03969581,  153.21611404,  102.43072272,  155.382765  ,     73.29268842,   34.59197688,   70.19124628,    8.2063132 ,     64.55954601], [  209.3394893 ,  -11.39170217,  140.75616846,  -15.28288857,    153.21611404,  382.56985171,   99.07566228,   21.93481875,     96.08327938,   39.03865701,   47.65601664,   52.64213413,     21.37082769], [  193.66156462,   90.33644368,  102.68699597,   71.37900376,    102.43072272,   99.07566228,  202.69215952,   68.0556251 ,     56.88930245,   35.02243815,   42.26089877,   36.20374906,     14.85031409], [  197.35363294, -137.46545972,  134.50236673,  132.18946949,    155.382765  ,   21.93481875,   68.0556251 ,  237.56775412,     48.14547482,   21.46544119,   43.78518287,   26.35485391,     33.7703182 ], [  432.83099927,  140.65348566,   88.50972222,   47.59575749,     73.29268842,   96.08327938,   56.88930245,   48.14547482,    211.82033393,   50.35645616,   15.11439016,   57.79773174,     37.73084409], [  167.08552153,  116.2414837 ,   76.07018999,   44.37773862,     34.59197688,   39.03865701,   35.02243815,   21.46544119,     50.35645616,  155.00849694,   43.95133917,   36.18439436,     37.78875205], [  -70.87529813,   -8.91872488,   76.38769689,   20.35283184,     70.19124628,   47.65601664,   42.26089877,   43.78518287,     15.11439016,   43.95133917,  139.05822009,   29.71007619,     30.71824717], [  339.4551037 ,   28.69221568,   18.59906382,   23.55331154,      8.2063132 ,   52.64213413,   36.20374906,   26.35485391,     57.79773174,   36.18439436,   29.71007619,  130.63742373,     38.73831337], [   77.3513434 ,   10.35759197,   54.64986986,   31.43163841,     64.55954601,   21.37082769,   14.85031409,   33.7703182 ,     37.73084409,   37.78875205,   30.71824717,   38.73831337,    113.45358627]]
/root/sim/music/501~600/521_サクラソウ.mp3; [-816.96643   , 283.18988   ,  -0.96061486, -17.015932  ,   5.9766693 ,   -4.5362043 , -16.924158  , -17.165134  , -19.772177  , -15.321333  ,   -9.457232  ,  -6.8445005 ,  -3.402041  ]; [[12754.20593147, 4442.99683591,-1075.33429525, -110.68673493,     70.22557861, -248.23167738, -422.7865537 , -279.39163693,   -325.86457911, -261.10813519, -100.66220542,  173.52548161,    205.87076164], [ 4442.99683591, 3578.3290052 , -419.0312916 , -236.18121986,    188.93212381,  -94.1725256 , -104.24666615,  -92.66585745,   -155.73180068, -126.40150857,  -55.82692176,  -66.32521998,    -64.48426651], [-1075.33429525, -419.0312916 ,  627.1812294 ,   49.99479501,    -55.77836002,  159.37041696,   54.65890157,   23.89990071,     72.54064547,  -14.79975117,  -82.65122326,  -57.30320366,    -48.42186427], [ -110.68673493, -236.18121986,   49.99479501,  174.39646167,     26.07298082,  -27.82530743,   10.52923242,   41.75742991,     46.09158356,   -5.3220689 ,  -22.78644459,   42.21001119,     42.69025502], [   70.22557861,  188.93212381,  -55.77836002,   26.07298082,    101.16912797,    2.99151651,   -8.83629011,    9.5856179 ,    -12.81049435,  -22.90644281,   -3.42375565,   -1.27423619,      4.88684015], [ -248.23167738,  -94.1725256 ,  159.37041696,  -27.82530743,      2.99151651,  139.06723812,   50.53421439,  -23.182243  ,     -4.24950642,    4.09070251,  -14.54576216,  -37.2113985 ,    -19.76438773], [ -422.7865537 , -104.24666615,   54.65890157,   10.52923242,     -8.83629011,   50.53421439,   94.66357588,   36.09315402,     16.49602096,   34.244536  ,    8.60408371,  -28.92357847,    -20.11023597], [ -279.39163693,  -92.66585745,   23.89990071,   41.75742991,      9.5856179 ,  -23.182243  ,   36.09315402,   94.39446865,     63.01474038,    3.57697631,   -5.68651054,   -5.77957833,    -23.91118039], [ -325.86457911, -155.73180068,   72.54064547,   46.09158356,    -12.81049435,   -4.24950642,   16.49602096,   63.01474038,    117.31236759,   51.72898899,  -12.80592946,    7.04050493,     -6.40203851], [ -261.10813519, -126.40150857,  -14.79975117,   -5.3220689 ,    -22.90644281,    4.09070251,   34.244536  ,    3.57697631,     51.72898899,  128.06075679,   75.96400498,    5.96935402,      8.40595141], [ -100.66220542,  -55.82692176,  -82.65122326,  -22.78644459,     -3.42375565,  -14.54576216,    8.60408371,   -5.68651054,    -12.80592946,   75.96400498,  116.4969393 ,   43.17887512,     17.87253142], [  173.52548161,  -66.32521998,  -57.30320366,   42.21001119,     -1.27423619,  -37.2113985 ,  -28.92357847,   -5.77957833,      7.04050493,    5.96935402,   43.17887512,  113.87338859,     90.47845194], [  205.87076164,  -64.48426651,  -48.42186427,   42.69025502,      4.88684015,  -19.76438773,  -20.11023597,  -23.91118039,     -6.40203851,    8.40595141,   17.87253142,   90.47845194,    112.20962533]]
/root/sim/music/501~600/582_鈍行列車.mp3; [-780.9734   , 246.97795  , -19.875875 ,   5.65422  ,   4.1219993,  -11.742495 , -11.467339 ,  -4.45817  , -14.068814 ,  -7.541326 ,   -4.0717564,  -2.239287 ,  -3.7143373]; [[ 6055.86034213,-1098.59634203,-1202.5438008 ,  337.19176683,     93.33723554,  143.03634724,   92.42197613,  348.21698559,    153.7655007 ,  461.00103128,  416.51906119,  388.17590119,     46.80899258], [-1098.59634203, 1438.59987374,   30.02403013, -138.2529153 ,    199.42836487,   32.56416503,   28.78618271,  -84.80568997,     74.56151467,   15.19350385,   36.91797449,  -44.03682409,     10.02943784], [-1202.5438008 ,   30.02403013, 1061.40386409,  -75.67023868,   -102.85638617,  117.05618085,   31.35018767,  -53.27731741,      5.91099807,  -98.11135235, -150.80590039, -152.20238137,     -8.95421431], [  337.19176683, -138.2529153 ,  -75.67023868,  298.3256626 ,     35.94766661,  -22.26649026,   21.91982796,   45.28131175,      2.99508939,   56.4502744 ,   41.84406853,   49.73909833,     19.49750915], [   93.33723554,  199.42836487, -102.85638617,   35.94766661,    224.44107516,   50.14524929,   -9.7927599 ,   -4.78948991,     27.94665078,   49.94080592,   73.94028676,   43.88524221,     18.88763754], [  143.03634724,   32.56416503,  117.05618085,  -22.26649026,     50.14524929,  220.67512784,   89.08815888,   14.51022644,     47.04179477,    9.76789109,   -4.25727436,    1.43779413,      4.79937332], [   92.42197613,   28.78618271,   31.35018767,   21.91982796,     -9.7927599 ,   89.08815888,  176.28145162,   85.15557645,     35.55944992,   22.46727973,   -5.78675439,   16.37121756,      9.56814544], [  348.21698559,  -84.80568997,  -53.27731741,   45.28131175,     -4.78948991,   14.51022644,   85.15557645,  171.88423691,     66.2457164 ,   30.31227988,    8.37416363,   32.53912645,     10.94941324], [  153.7655007 ,   74.56151467,    5.91099807,    2.99508939,     27.94665078,   47.04179477,   35.55944992,   66.2457164 ,    180.01685113,   83.03168831,   -0.55790962,   -3.59106575,     -2.05941034], [  461.00103128,   15.19350385,  -98.11135235,   56.4502744 ,     49.94080592,    9.76789109,   22.46727973,   30.31227988,     83.03168831,  216.13651434,  120.5802707 ,   35.41227626,     -1.60698544], [  416.51906119,   36.91797449, -150.80590039,   41.84406853,     73.94028676,   -4.25727436,   -5.78675439,    8.37416363,     -0.55790962,  120.5802707 ,  219.91300295,  106.22635168,    -12.39613733], [  388.17590119,  -44.03682409, -152.20238137,   49.73909833,     43.88524221,    1.43779413,   16.37121756,   32.53912645,     -3.59106575,   35.41227626,  106.22635168,  167.72038595,     37.78595397], [   46.80899258,   10.02943784,   -8.95421431,   19.49750915,     18.88763754,    4.79937332,    9.56814544,   10.94941324,     -2.05941034,   -1.60698544,  -12.39613733,   37.78595397,    108.52751224]]
/root/sim/music/501~600/592_帰り道.mp3; [-981.3908   , 231.92963  ,  24.170887 , -30.882751 , -39.440098 ,  -31.819376 , -30.424986 , -22.264847 ,  -7.107745 , -13.484963 ,  -15.990117 ,  -7.4236336,  -8.813811 ]; [[ 5767.62641149, 2381.78243369,-1759.82682153, -328.3070686 ,    147.50002031,  198.83178591, -150.38403326, -151.15706759,    235.56555486,   -0.43539334,  -40.27302428,  245.31827022,    -16.69372678], [ 2381.78243369, 1954.03726291,   22.75797479, -462.18432621,   -169.17762707,   34.51276454,   83.73890489,   11.24769368,   -120.35045734,  -47.11023155,   26.05130205,   11.87784859,     50.55505332], [-1759.82682153,   22.75797479, 1501.09784464,   76.30789506,   -352.21065578, -200.88680862,  113.46661871,   76.05247139,   -314.17070856, -135.32925405,    7.45299726, -182.44575262,    -37.61333535], [ -328.3070686 , -462.18432621,   76.30789506,  473.34469891,     80.49081519,  -90.23998671, -149.52841277, -105.27426541,     64.17090788,  -72.59072561, -100.47714743,  -12.65885591,   -108.80779959], [  147.50002031, -169.17762707, -352.21065578,   80.49081519,    259.13095203,  139.20878806,  -12.23694513,  -14.90439689,    109.5967353 ,   71.12347336,  -14.30733301,   20.54368489,     23.77128275], [  198.83178591,   34.51276454, -200.88680862,  -90.23998671,    139.20878806,  210.15783406,  117.37755939,   12.46978023,     31.05355224,   95.8667566 ,   29.74904537,    9.41542236,     49.66710917], [ -150.38403326,   83.73890489,  113.46661871, -149.52841277,    -12.23694513,  117.37755939,  250.53465642,   97.43152024,   -117.2686653 ,   90.14082722,   81.66520352,  -42.82879423,     75.50642005], [ -151.15706759,   11.24769368,   76.05247139, -105.27426541,    -14.90439689,   12.46978023,   97.43152024,  153.25725006,    -15.10740123,  -16.71494708,   24.31143987,  -52.77822277,     -1.16513388], [  235.56555486, -120.35045734, -314.17070856,   64.17090788,    109.5967353 ,   31.05355224, -117.2686653 ,  -15.10740123,    216.86214439,   26.21432275,  -78.4402372 ,   13.44025767,    -40.78335183], [   -0.43539334,  -47.11023155, -135.32925405,  -72.59072561,     71.12347336,   95.8667566 ,   90.14082722,  -16.71494708,     26.21432275,  208.05531663,   81.18081501,   17.04967505,    100.85631138], [  -40.27302428,   26.05130205,    7.45299726, -100.47714743,    -14.30733301,   29.74904537,   81.66520352,   24.31143987,    -78.4402372 ,   81.18081501,  158.21910756,   84.40169309,     61.93738186], [  245.31827022,   11.87784859, -182.44575262,  -12.65885591,     20.54368489,    9.41542236,  -42.82879423,  -52.77822277,     13.44025767,   17.04967505,   84.40169309,  183.31010341,     88.21628193], [  -16.69372678,   50.55505332,  -37.61333535, -108.80779959,     23.77128275,   49.66710917,   75.50642005,   -1.16513388,    -40.78335183,  100.85631138,   61.93738186,   88.21628193,    225.24383355]]
/root/sim/music/501~600/580_たき火の前で.mp3; [-975.20703  , 231.7988   ,  34.462433 ,  16.831095 ,  11.882839 ,    1.6772217,   6.1462855,  -4.829655 , -23.066957 , -25.432158 ,  -16.14028  ,  11.007504 ,  21.462095 ]; [[5950.46552611,2695.07244164,-883.82749096,  16.63544401,-482.35983243,   -47.21752326, 216.5309349 ,  51.13306059,  -7.88424334, 237.84068249,    42.24724609, 209.42494483, 135.13216408], [2695.07244164,1999.86377324,-133.77211139,-203.6306974 ,-123.13522488,  -144.29115692,  35.29188401,  36.35470605,  38.74013021,  63.69917502,   -17.32425738,  13.10081543,  62.61694971], [-883.82749096,-133.77211139, 792.03265457, 365.29074719, 155.62690404,    60.98908497,-140.80256786, -68.18411757,  98.87864936, 100.57836128,    12.20376541,-137.48508531,-138.8572443 ], [  16.63544401,-203.6306974 , 365.29074719, 601.57426615, 158.98890299,   181.60305396,  50.38291026, -83.78744912,  23.33185214, 123.88759725,    77.3489918 ,  33.63291888,-115.54670942], [-482.35983243,-123.13522488, 155.62690404, 158.98890299, 322.80025238,   200.41865701,  96.64436917,  20.50974122,  -8.29296518, -32.83742873,    36.41578266,  40.88867568, -31.9826499 ], [ -47.21752326,-144.29115692,  60.98908497, 181.60305396, 200.41865701,   307.45347003, 214.50658914,  65.83631021,  -1.62180577,  11.95279778,    74.37639098,  97.69402184, -74.10940221], [ 216.5309349 ,  35.29188401,-140.80256786,  50.38291026,  96.64436917,   214.50658914, 378.38294322, 176.34163405, -31.54369253, -64.79467986,    63.29848822, 136.59486787, -61.71457963], [  51.13306059,  36.35470605, -68.18411757, -83.78744912,  20.50974122,    65.83631021, 176.34163405, 261.70005662, 127.03252343, -32.34464356,   -83.5628474 , -95.89923854, -28.29043706], [  -7.88424334,  38.74013021,  98.87864936,  23.33185214,  -8.29296518,    -1.62180577, -31.54369253, 127.03252343, 271.1670052 , 150.35280273,   -87.38435141,-226.65028879,-115.76054117], [ 237.84068249,  63.69917502, 100.57836128, 123.88759725, -32.83742873,    11.95279778, -64.79467986, -32.34464356, 150.35280273, 247.22276411,    77.38255437, -99.89511003,-146.25841335], [  42.24724609, -17.32425738,  12.20376541,  77.3489918 ,  36.41578266,    74.37639098,  63.29848822, -83.5628474 , -87.38435141,  77.38255437,   242.95866895, 196.44353352,-122.10924924], [ 209.42494483,  13.10081543,-137.48508531,  33.63291888,  40.88867568,    97.69402184, 136.59486787, -95.89923854,-226.65028879, -99.89511003,   196.44353352, 387.93244428,  79.09596679], [ 135.13216408,  62.61694971,-138.8572443 ,-115.54670942, -31.9826499 ,   -74.10940221, -61.71457963, -28.29043706,-115.76054117,-146.25841335,  -122.10924924,  79.09596679, 381.80405347]]
/root/sim/music/501~600/594_Azami.mp3; [-535.7898   , 105.99771  ,  24.629608 ,  20.175837 ,  18.412403 ,   19.191889 ,  11.802484 ,  11.509053 ,   8.061784 ,   4.6764307,    1.6420414,   2.2709162,   1.3058934]; [[1985.20250127,-695.02923652,  49.74998434,-145.60977347, -90.88890641,  -102.8790262 ,-159.48453882,-115.80940064, -61.50099749,-107.39373045,   -80.30935273,-110.10181237, -89.78063285], [-695.02923652, 611.79733934,-115.1992501 ,  80.98290096,  68.22599263,    98.43252022,  99.33335686,  77.641298  ,  15.62663308,  48.43710964,    25.55409843,  44.39424939,  38.11425085], [  49.74998434,-115.1992501 , 134.95400744,  -9.2787552 , -14.85331758,   -39.84233089, -15.46087914, -18.79157936,  -3.64942324, -22.47447565,   -24.88880699, -27.479454  , -28.52482481], [-145.60977347,  80.98290096,  -9.2787552 , 121.48704437,   6.91919822,    47.17908127,  -2.67415284,  43.9875295 ,  10.99838758,  22.60333284,     8.59317019,  14.72768027,   5.18405418], [ -90.88890641,  68.22599263, -14.85331758,   6.91919822,  43.76781487,    25.34290181,  19.01962133,  11.43645059,   2.21249322,   7.71317783,     4.88048989,   7.01043309,   2.7641134 ], [-102.8790262 ,  98.43252022, -39.84233089,  47.17908127,  25.34290181,    77.21951029,  25.70926526,  34.37054857,   6.06502349,  23.11223577,    14.30434403,  15.36883867,   4.47745403], [-159.48453882,  99.33335686, -15.46087914,  -2.67415284,  19.01962133,    25.70926526,  54.76067172,  21.950309  ,   7.22417879,  14.44726228,     9.98051552,  11.55372119,   8.4570674 ], [-115.80940064,  77.641298  , -18.79157936,  43.9875295 ,  11.43645059,    34.37054857,  21.950309  ,  57.47019157,  20.20868171,  21.15043603,    10.38877939,  14.342045  ,   4.75516333], [ -61.50099749,  15.62663308,  -3.64942324,  10.99838758,   2.21249322,     6.06502349,   7.22417879,  20.20868171,  32.71393498,  21.35759281,     9.44920795,   9.22746158,   5.31904466], [-107.39373045,  48.43710964, -22.47447565,  22.60333284,   7.71317783,    23.11223577,  14.44726228,  21.15043603,  21.35759281,  48.96198418,    30.23121137,  23.76667537,  16.161385  ], [ -80.30935273,  25.55409843, -24.88880699,   8.59317019,   4.88048989,    14.30434403,   9.98051552,  10.38877939,   9.44920795,  30.23121137,    43.50060565,  31.38251708,  16.54839464], [-110.10181237,  44.39424939, -27.479454  ,  14.72768027,   7.01043309,    15.36883867,  11.55372119,  14.342045  ,   9.22746158,  23.76667537,    31.38251708,  47.39497187,  30.93059582], [ -89.78063285,  38.11425085, -28.52482481,   5.18405418,   2.7641134 ,     4.47745403,   8.4570674 ,   4.75516333,   5.31904466,  16.161385  ,    16.54839464,  30.93059582,  46.33733695]]
/root/sim/music/501~600/562_そういう夏ばっかりだった.mp3; [-987.1573   , 164.77405  ,   3.8554986,   8.313449 ,  -2.5673459,  -10.74297  , -11.471572 , -10.718156 , -10.378137 ,  -5.9276357,   -6.611245 ,  -3.7171392,  -0.7953202]; [[15516.26042157, 6509.11651013, -979.57495284, 1164.02183062,    296.58155289, -228.87987961, -552.35230751, -485.96920338,   -484.59806752, -498.27259226, -540.27727775, -311.71174607,   -202.48990269], [ 6509.11651013, 3790.58162488,   55.21258263,  605.82223553,    371.553076  ,  -28.85817539, -163.32158044, -150.95805031,   -212.67875476, -238.44420568, -257.87143468, -109.51158248,    -75.09509311], [ -979.57495284,   55.21258263,  766.61796706,  197.43194948,    212.45798247,  100.09961372,   42.01790804,   86.31579509,     10.17637375,  -42.9076318 ,   15.45880729,   86.59634614,    -10.07517039], [ 1164.02183062,  605.82223553,  197.43194948,  411.21526032,    221.7564848 ,   44.38500395,  -38.33578093,  -33.10061269,    -46.01871554,  -80.58357894,  -42.76628052,    8.12662675,    -41.97568664], [  296.58155289,  371.553076  ,  212.45798247,  221.7564848 ,    315.28644067,  156.32306017,   38.44290129,   41.98149296,     10.08888024,  -26.47490829,  -18.2454051 ,  -20.06785153,    -64.51150237], [ -228.87987961,  -28.85817539,  100.09961372,   44.38500395,    156.32306017,  206.90126243,  115.34532226,   82.12580969,     80.45377441,   56.19331325,   21.75311411,  -33.32036255,    -46.37927881], [ -552.35230751, -163.32158044,   42.01790804,  -38.33578093,     38.44290129,  115.34532226,  175.03024639,  104.14240386,     71.79384638,   92.21529598,   36.09343045,  -27.99328335,      7.67327048], [ -485.96920338, -150.95805031,   86.31579509,  -33.10061269,     41.98149296,   82.12580969,  104.14240386,  136.95538721,     86.401858  ,   37.11166521,   30.62894228,   12.47233404,     -2.20294053], [ -484.59806752, -212.67875476,   10.17637375,  -46.01871554,     10.08888024,   80.45377441,   71.79384638,   86.401858  ,    141.91590265,   99.6042784 ,   31.26493359,   -5.2736734 ,      3.58672561], [ -498.27259226, -238.44420568,  -42.9076318 ,  -80.58357894,    -26.47490829,   56.19331325,   92.21529598,   37.11166521,     99.6042784 ,  207.12278056,   70.71529167,  -62.11176004,     23.43675638], [ -540.27727775, -257.87143468,   15.45880729,  -42.76628052,    -18.2454051 ,   21.75311411,   36.09343045,   30.62894228,     31.26493359,   70.71529167,  117.80272822,   47.64515247,     -3.41083392], [ -311.71174607, -109.51158248,   86.59634614,    8.12662675,    -20.06785153,  -33.32036255,  -27.99328335,   12.47233404,     -5.2736734 ,  -62.11176004,   47.64515247,  193.1237558 ,     75.0744271 ], [ -202.48990269,  -75.09509311,  -10.07517039,  -41.97568664,    -64.51150237,  -46.37927881,    7.67327048,   -2.20294053,      3.58672561,   23.43675638,   -3.41083392,   75.0744271 ,    159.44226275]]
/root/sim/music/501~600/525_水車.mp3; [-642.45166   , 160.04086   ,  76.235725  ,  41.60567   ,  -1.448552  ,   -3.2935672 ,  -0.17813249,   6.4872017 ,   0.70084405,  -9.439692  ,  -12.204131  ,  -5.3655357 ,  -3.0290494 ]; [[ 6876.9236314 ,-2118.34626063,-1396.16743841, -402.67105755,   -302.78581138, -388.80979139,    2.66199437,  218.27923809,    327.57098416,   16.39709053, -121.10395128, -218.26733141,   -140.22949694], [-2118.34626063, 1961.02374916,  543.25943194,  -81.29201669,   -317.61445999, -190.93011454, -118.00965692,    9.10045655,    -28.02567541,  -30.71773039, -101.13847846,  -65.8817558 ,    -93.15613427], [-1396.16743841,  543.25943194, 1080.59599038,   68.30488609,    -33.70922311,  -17.4291392 , -179.56642394, -298.95452061,   -192.60246889,   16.84828191,  117.85691486,  149.23284892,    129.3878729 ], [ -402.67105755,  -81.29201669,   68.30488609,  275.05632571,    171.18852833,   21.49996721,  -85.68157407,  -62.72589761,    -27.29832767,   12.26328012,  -21.75310838,  -22.42919264,     14.19004719], [ -302.78581138, -317.61445999,  -33.70922311,  171.18852833,    293.72605851,  164.15627296,   -5.55329506,  -97.64441411,    -67.86180232,   18.1488202 ,   67.81799901,   48.07363982,     64.06180452], [ -388.80979139, -190.93011454,  -17.4291392 ,   21.49996721,    164.15627296,  253.28616741,  132.43253742,  -55.40329974,   -106.12603667,    7.09462503,   94.90674911,  101.65454449,     65.99750656], [    2.66199437, -118.00965692, -179.56642394,  -85.68157407,     -5.55329506,  132.43253742,  242.76037066,  167.98161722,     25.96979192,  -33.8715627 ,  -19.44418978,   14.91429452,    -40.84822972], [  218.27923809,    9.10045655, -298.95452061,  -62.72589761,    -97.64441411,  -55.40329974,  167.98161722,  372.27596218,    231.52826679,  -26.40807645, -151.61764528, -142.41239022,   -148.86950229], [  327.57098416,  -28.02567541, -192.60246889,  -27.29832767,    -67.86180232, -106.12603667,   25.96979192,  231.52826679,    268.54004839,   55.47081521, -108.0014819 , -130.85134308,   -135.8728852 ], [   16.39709053,  -30.71773039,   16.84828191,   12.26328012,     18.1488202 ,    7.09462503,  -33.8715627 ,  -26.40807645,     55.47081521,  160.08772945,   57.27164572,   -0.89274728,      0.18926154], [ -121.10395128, -101.13847846,  117.85691486,  -21.75310838,     67.81799901,   94.90674911,  -19.44418978, -151.61764528,   -108.0014819 ,   57.27164572,  210.82007887,  135.45650148,    114.72966821], [ -218.26733141,  -65.8817558 ,  149.23284892,  -22.42919264,     48.07363982,  101.65454449,   14.91429452, -142.41239022,   -130.85134308,   -0.89274728,  135.45650148,  188.59252091,    114.4433313 ], [ -140.22949694,  -93.15613427,  129.3878729 ,   14.19004719,     64.06180452,   65.99750656,  -40.84822972, -148.86950229,   -135.8728852 ,    0.18926154,  114.72966821,  114.4433313 ,    178.75818815]]
/root/sim/music/501~600/547_Kindly.mp3; [-680.4913    , 224.09505   ,  76.77637   ,   9.998876  ,  -7.8753233 ,   -0.98454565,  -7.779923  ,   1.4387667 ,   0.60192925,  -0.8019457 ,   -6.593678  ,  -3.925265  ,  -0.26077768]; [[ 3974.75859851,-2181.87173935,  -81.04660193,  364.61759919,    106.85445457,   80.26996675,  148.4858096 ,   89.10035543,    225.49061413,  191.11306253,   18.49086758,  -78.58809699,   -162.08640389], [-2181.87173935, 1965.43166803, -304.3079925 , -250.74715006,    -19.77668947,  -60.71957787,  -10.84672714,   48.04395227,   -147.0193245 , -137.88087389,  -91.83542133,  -33.5455867 ,     65.33630917], [  -81.04660193, -304.3079925 ,  597.99341237,  -83.877405  ,    -76.4374589 ,   34.79395655,  -67.95034926,  -24.39011541,     22.95072881,    7.63127147,   77.17798221,  118.75774056,     38.77654695], [  364.61759919, -250.74715006,  -83.877405  ,  295.78283159,     79.18561325,  -44.16920893,  -64.98797507,  -25.29095623,     56.68974229,   28.77699276,   68.75315794,   92.8369588 ,     30.63835163], [  106.85445457,  -19.77668947,  -76.4374589 ,   79.18561325,    156.40992613,   41.85779997,  -71.5716752 ,  -44.68927835,      9.41984443,   22.28438239,   42.95222702,   22.55613138,     -2.33239262], [   80.26996675,  -60.71957787,   34.79395655,  -44.16920893,     41.85779997,  145.21898167,   46.1903789 ,  -63.24609533,    -22.98230024,   -8.92947325,  -14.35319821,  -21.86463975,     29.23195845], [  148.4858096 ,  -10.84672714,  -67.95034926,  -64.98797507,    -71.5716752 ,   46.1903789 ,  305.10242844,   94.75755975,    -48.27754134,  -64.87264686, -153.98412063, -115.4134564 ,     22.29836551], [   89.10035543,   48.04395227,  -24.39011541,  -25.29095623,    -44.68927835,  -63.24609533,   94.75755975,  212.58511831,     39.43188037,  -18.29315408,  -50.63655237,  -29.15728521,    -19.51435304], [  225.49061413, -147.0193245 ,   22.95072881,   56.68974229,      9.41984443,  -22.98230024,  -48.27754134,   39.43188037,    128.54393916,   82.15655801,   41.40656371,   -2.03888911,    -36.35265741], [  191.11306253, -137.88087389,    7.63127147,   28.77699276,     22.28438239,   -8.92947325,  -64.87264686,  -18.29315408,     82.15655801,  165.27900682,   80.67164613,  -47.14246879,    -79.16444483], [   18.49086758,  -91.83542133,   77.17798221,   68.75315794,     42.95222702,  -14.35319821, -153.98412063,  -50.63655237,     41.40656371,   80.67164613,  185.82185296,  117.02392825,    -19.67967275], [  -78.58809699,  -33.5455867 ,  118.75774056,   92.8369588 ,     22.55613138,  -21.86463975, -115.4134564 ,  -29.15728521,     -2.03888911,  -47.14246879,  117.02392825,  255.67624974,     99.35033421], [ -162.08640389,   65.33630917,   38.77654695,   30.63835163,     -2.33239262,   29.23195845,   22.29836551,  -19.51435304,    -36.35265741,  -79.16444483,  -19.67967275,   99.35033421,    173.35944417]]
/root/sim/music/501~600/550_procedure.mp3; [-602.06757  , 100.28968  ,   3.9372594,  36.847862 ,   1.4814274,    8.130637 ,   1.7537117,   4.37001  ,   1.7852314,   9.825172 ,    8.760024 ,  11.293074 ,  13.498901 ]; [[16521.65638334, 1811.11205834,   36.94078858,  555.36158682,   -157.94522921, -143.54173632, -164.07355354, -472.35382856,   -344.57533106,  -74.4499074 ,  -47.23267829,   94.77951574,    113.48762647], [ 1811.11205834, 1097.88434625,  -72.29408848,  298.59980982,      9.22718963,   14.66119731,  -60.50312822, -137.00948778,   -141.7128075 ,  -39.05480098,  -23.80771422,   -1.26349759,    -19.21483215], [   36.94078858,  -72.29408848,  421.0552492 ,   12.45753525,    158.71495151,   70.67734227,   61.32831487,   81.51280178,     71.9188134 ,    5.9452897 ,    9.39973108,   34.08619859,     17.00149923], [  555.36158682,  298.59980982,   12.45753525,  284.89745655,     62.97134676,   48.83797975,    4.35146661,  -36.40049173,    -32.39381324,  -18.6535418 ,   -5.8888276 ,   32.27213733,     51.27479145], [ -157.94522921,    9.22718963,  158.71495151,   62.97134676,    211.15750876,  125.20089441,   65.49849202,   61.60511173,     51.50746682,  -16.74054494,  -37.83719364,    5.66254432,     30.63459715], [ -143.54173632,   14.66119731,   70.67734227,   48.83797975,    125.20089441,  197.06720281,   90.61310584,   58.30204692,     43.94945135,    6.97674297,  -12.22696565,  -18.43717976,    -10.54113406], [ -164.07355354,  -60.50312822,   61.32831487,    4.35146661,     65.49849202,   90.61310584,  136.20497446,   81.44126857,     40.66245513,    0.92209368,    8.92499849,   21.62162932,     32.69140455], [ -472.35382856, -137.00948778,   81.51280178,  -36.40049173,     61.60511173,   58.30204692,   81.44126857,  207.83578093,    122.33792666,   48.31895544,   45.8541291 ,   26.93121058,     33.82883675], [ -344.57533106, -141.7128075 ,   71.9188134 ,  -32.39381324,     51.50746682,   43.94945135,   40.66245513,  122.33792666,    158.28229621,   70.72520301,   38.60349285,   18.36471808,      8.15319399], [  -74.4499074 ,  -39.05480098,    5.9452897 ,  -18.6535418 ,    -16.74054494,    6.97674297,    0.92209368,   48.31895544,     70.72520301,  122.39737993,   71.49037133,   -3.11949997,    -28.75948291], [  -47.23267829,  -23.80771422,    9.39973108,   -5.8888276 ,    -37.83719364,  -12.22696565,    8.92499849,   45.8541291 ,     38.60349285,   71.49037133,  181.06721749,   73.69952607,     16.80636163], [   94.77951574,   -1.26349759,   34.08619859,   32.27213733,      5.66254432,  -18.43717976,   21.62162932,   26.93121058,     18.36471808,   -3.11949997,   73.69952607,  172.29137795,    128.04049711], [  113.48762647,  -19.21483215,   17.00149923,   51.27479145,     30.63459715,  -10.54113406,   32.69140455,   33.82883675,      8.15319399,  -28.75948291,   16.80636163,  128.04049711,    220.43993478]]
/root/sim/music/501~600/590_City_Break_Time.mp3; [-654.89575   , 159.36467   ,  25.008528  ,  16.087675  ,   0.41616628,   12.002613  ,   3.3509448 ,   6.101912  ,  -2.4259305 ,   2.2159019 ,    2.3738058 ,   1.032211  ,  -5.345433  ]; [[10748.64348879,-2262.04419287,  479.11928185, -424.58638985,   -234.51275235,  273.75164164, -135.29505965,   88.09822736,   -128.74582818,  -91.58290344,  -35.22318948, -111.64048946,     35.82329161], [-2262.04419287, 3332.55617609, -508.5724405 ,  144.73432792,    131.48391983,  -60.6251652 ,  249.81743936,   27.74315965,     87.15898051,  120.9326586 ,  107.37586207,  152.39454052,     -4.01023163], [  479.11928185, -508.5724405 ,  824.01667988,  -24.4922514 ,     42.47637023,    9.28041966,  -46.58320556,   20.07051282,    116.17596655,   57.97582585,   86.74490057,   20.59736783,     62.92262562], [ -424.58638985,  144.73432792,  -24.4922514 ,  425.04010743,     50.13119661,  -22.23922258,  -25.4854852 ,   25.11531576,     19.22351416,   46.6811022 ,    0.09517127,   22.30978429,     -3.14849545], [ -234.51275235,  131.48391983,   42.47637023,   50.13119661,    186.32486748,   83.30625646,   72.34820633,   25.29789473,     27.97263206,   26.020759  ,   21.70896263,   15.14360832,     12.84504449], [  273.75164164,  -60.6251652 ,    9.28041966,  -22.23922258,     83.30625646,  196.43090031,   96.78558605,   44.91989378,     -3.96171412,  -12.5002653 ,   12.03045541,    4.46990899,      5.23183105], [ -135.29505965,  249.81743936,  -46.58320556,  -25.4854852 ,     72.34820633,   96.78558605,  166.33621112,   75.5605747 ,     16.39197626,    1.14305585,    8.7359556 ,   18.92862395,     11.9457746 ], [   88.09822736,   27.74315965,   20.07051282,   25.11531576,     25.29789473,   44.91989378,   75.5605747 ,  106.23975453,     46.90926475,   10.68844032,   -0.96288212,    6.29749807,      6.87439618], [ -128.74582818,   87.15898051,  116.17596655,   19.22351416,     27.97263206,   -3.96171412,   16.39197626,   46.90926475,    114.20694878,   64.92397063,   30.15049084,    9.68673213,      3.16994864], [  -91.58290344,  120.9326586 ,   57.97582585,   46.6811022 ,     26.020759  ,  -12.5002653 ,    1.14305585,   10.68844032,     64.92397063,  100.70459116,   53.84532572,   21.04337849,      6.80453293], [  -35.22318948,  107.37586207,   86.74490057,    0.09517127,     21.70896263,   12.03045541,    8.7359556 ,   -0.96288212,     30.15049084,   53.84532572,   92.6549548 ,   37.31368731,     13.40641586], [ -111.64048946,  152.39454052,   20.59736783,   22.30978429,     15.14360832,    4.46990899,   18.92862395,    6.29749807,      9.68673213,   21.04337849,   37.31368731,   76.70138404,     33.53825179], [   35.82329161,   -4.01023163,   62.92262562,   -3.14849545,     12.84504449,    5.23183105,   11.9457746 ,    6.87439618,      3.16994864,    6.80453293,   13.40641586,   33.53825179,     74.17064945]]
/root/sim/music/501~600/572_Napper&#039s_Island.mp3; [-582.276     , 149.79483   ,   5.305012  ,  -3.5428467 , -10.336266  ,    1.4202546 ,   3.9180288 ,   8.519398  ,   0.08279636,   1.978843  ,    1.2688752 ,  -0.69989187,   0.7151976 ]; [[9257.40916612, 414.27727779,-446.53393024, 158.476277  ,  58.07225624,     1.8733364 , -19.6457202 , -29.94750804, -15.76384574, -22.76837586,  -147.53192114,-155.96881923, -19.21433002], [ 414.27727779,2747.47626073, 871.23303052, 204.75493419, 164.9707083 ,   128.82404088, 208.96150136, 213.98725347,-101.25282315, -22.31224762,   -85.77818688, -95.19450152,-170.19339487], [-446.53393024, 871.23303052,1254.81372516, 404.7204131 , 353.34279525,   281.2590312 , 197.95389574, 104.28104379,   7.26731407,  34.81382221,     2.40007664, -50.84354605, -86.30104756], [ 158.476277  , 204.75493419, 404.7204131 , 472.86178184, 299.66643585,   195.66614498, 133.63425946,  71.20744648,  36.30147504,  16.76058615,   -20.73674737, -44.24404885, -49.54269862], [  58.07225624, 164.9707083 , 353.34279525, 299.66643585, 425.76553209,   257.0363865 , 134.82639762,  50.98001899,  62.24491329,  42.11712736,     9.54640756,  -6.75223831, -25.77760664], [   1.8733364 , 128.82404088, 281.2590312 , 195.66614498, 257.0363865 ,   292.87450698, 146.56239511,  81.81007327,  49.35915145,  34.18377541,     5.59940365, -22.27027467, -20.4027201 ], [ -19.6457202 , 208.96150136, 197.95389574, 133.63425946, 134.82639762,   146.56239511, 204.0625499 , 125.24447319,  50.99114379,   0.00695184,   -12.43078411,  -4.11162984, -20.86133485], [ -29.94750804, 213.98725347, 104.28104379,  71.20744648,  50.98001899,    81.81007327, 125.24447319, 187.21653006,  39.69868924, -13.75304344,   -20.55590287,  -0.89055138, -18.25267046], [ -15.76384574,-101.25282315,   7.26731407,  36.30147504,  62.24491329,    49.35915145,  50.99114379,  39.69868924, 132.48822348,  43.37387209,    23.21478587,  26.33772024,  19.26802467], [ -22.76837586, -22.31224762,  34.81382221,  16.76058615,  42.11712736,    34.18377541,   0.00695184, -13.75304344,  43.37387209, 112.25538528,    56.60648606,   0.16040608,  -3.09205767], [-147.53192114, -85.77818688,   2.40007664, -20.73674737,   9.54640756,     5.59940365, -12.43078411, -20.55590287,  23.21478587,  56.60648606,   100.31264795,  55.60471567,  13.92806752], [-155.96881923, -95.19450152, -50.84354605, -44.24404885,  -6.75223831,   -22.27027467,  -4.11162984,  -0.89055138,  26.33772024,   0.16040608,    55.60471567, 121.96852036,  65.72571868], [ -19.21433002,-170.19339487, -86.30104756, -49.54269862, -25.77760664,   -20.4027201 , -20.86133485, -18.25267046,  19.26802467,  -3.09205767,    13.92806752,  65.72571868, 119.75649595]]
/root/sim/music/501~600/545_Bright_Green_Winds.mp3; [-610.75757   , 148.36304   ,  14.780586  ,   8.702293  ,   3.0249388 ,    8.409321  ,  -0.595194  ,  -2.7460341 ,   1.3255392 ,   6.904608  ,    0.71124476,  -2.4033058 ,  -2.2232282 ]; [[ 3870.29727987,-2490.66486351,  878.4707256 ,  309.27961235,    -99.60676505,   17.56716343,  184.32686511,  -17.37760271,     20.13042642,  175.24695094,   11.81254342,  -37.83811574,     -5.72150635], [-2490.66486351, 2505.84116757, -686.96779416,  -94.78759747,    222.55305321,   95.47354413,  -90.9460489 ,   61.77410119,     57.26229331,  -64.37901744,   39.40785743,   50.17697233,     -8.40729649], [  878.4707256 , -686.96779416,  627.48348016,  -21.89860886,     19.8365971 ,   35.45985311,   49.93734884,   35.75676291,     32.78030688,   80.20580178,   26.68575524,   35.27014508,     96.14114425], [  309.27961235,  -94.78759747,  -21.89860886,  236.78289837,     45.11036518,   65.45419188,   71.50917188,   22.58159219,     54.26121845,   47.67389745,   42.02247088,   18.03340665,     -8.71485696], [  -99.60676505,  222.55305321,   19.8365971 ,   45.11036518,    179.38139473,   90.41348884,   28.57093947,   35.33158858,     42.48750504,   53.53309045,   53.50580077,   38.73112171,     25.13199498], [   17.56716343,   95.47354413,   35.45985311,   65.45419188,     90.41348884,  139.00266994,   52.80763494,   21.04954306,     63.84784508,   50.16742923,   33.7896968 ,   43.82923853,      6.37190514], [  184.32686511,  -90.9460489 ,   49.93734884,   71.50917188,     28.57093947,   52.80763494,   89.9281752 ,   42.24244719,     33.22274223,   31.52300464,   17.27914381,   -1.36713482,     10.14858352], [  -17.37760271,   61.77410119,   35.75676291,   22.58159219,     35.33158858,   21.04954306,   42.24244719,   84.56148315,     39.34001483,   15.52877707,   10.99292148,   -4.16890851,     14.19254317], [   20.13042642,   57.26229331,   32.78030688,   54.26121845,     42.48750504,   63.84784508,   33.22274223,   39.34001483,     92.00248454,   44.4408641 ,   29.5891529 ,   33.41794665,      6.61798614], [  175.24695094,  -64.37901744,   80.20580178,   47.67389745,     53.53309045,   50.16742923,   31.52300464,   15.52877707,     44.4408641 ,   82.97350104,   47.84733111,   24.82782759,     22.64471721], [   11.81254342,   39.40785743,   26.68575524,   42.02247088,     53.50580077,   33.7896968 ,   17.27914381,   10.99292148,     29.5891529 ,   47.84733111,   74.97549365,   31.78246189,     26.52261337], [  -37.83811574,   50.17697233,   35.27014508,   18.03340665,     38.73112171,   43.82923853,   -1.36713482,   -4.16890851,     33.41794665,   24.82782759,   31.78246189,   90.49117108,     22.9274954 ], [   -5.72150635,   -8.40729649,   96.14114425,   -8.71485696,     25.13199498,    6.37190514,   10.14858352,   14.19254317,      6.61798614,   22.64471721,   26.52261337,   22.9274954 ,     85.13101099]]
/root/sim/music/501~600/503_シフォンケーキ.mp3; [-884.75916  , 162.1169   ,  15.606822 , -16.695763 , -19.8231   ,  -22.108355 , -23.653793 , -24.348873 ,  -5.042715 ,  -2.5872622,    1.9708393,  -2.335222 ,  -7.779505 ]; [[12637.12525823,-1197.66432622,-1361.90193857, -179.31646755,   -165.34817457,  442.65880514,  118.20471631, -418.33663883,   -215.2388158 ,   95.77564827, -304.42363984, -225.31036272,   -242.21143179], [-1197.66432622, 3100.85664129,   78.05800853,  -88.45463444,    437.89155405, -153.13252651, -128.66093477,   61.92278846,    131.93699869, -105.40318309,  166.05833737,  -33.3860885 ,     60.69431107], [-1361.90193857,   78.05800853, 1001.06563406,  -53.1508402 ,     69.8569415 ,   -7.83814288,  -54.65976486,   86.79806333,     67.67111408,   -8.00483922,   69.80107485,   11.95576982,     21.74855015], [ -179.31646755,  -88.45463444,  -53.1508402 ,  513.59379448,   -112.6482499 ,  -23.33322225,  142.53539804,   -4.69535783,    -66.02060456,  -24.53765649,   -3.09650329,   53.4087254 ,     -8.28590547], [ -165.34817457,  437.89155405,   69.8569415 , -112.6482499 ,    475.89176343,  -65.84251359, -165.72215832,   50.80953503,     93.86509439,  -18.07340099,  -20.10987995,  -11.28024247,     38.75740137], [  442.65880514, -153.13252651,   -7.83814288,  -23.33322225,    -65.84251359,  340.20389325,   53.0626633 , -123.59426805,    -78.54998985,   40.30659436,   -8.87156868,  -47.40561513,    -27.74093379], [  118.20471631, -128.66093477,  -54.65976486,  142.53539804,   -165.72215832,   53.0626633 ,  311.80412357,   15.276744  ,   -127.96853093,   -6.75265132,   38.65099127,   41.01557374,    -57.61161311], [ -418.33663883,   61.92278846,   86.79806333,   -4.69535783,     50.80953503, -123.59426805,   15.276744  ,  229.89866018,     67.14880127,   10.5202141 ,   22.58028995,   40.11352477,      3.89322715], [ -215.2388158 ,  131.93699869,   67.67111408,  -66.02060456,     93.86509439,  -78.54998985, -127.96853093,   67.14880127,    270.03244466,   -0.47756678,   32.56540115,   12.95550467,     91.1290319 ], [   95.77564827, -105.40318309,   -8.00483922,  -24.53765649,    -18.07340099,   40.30659436,   -6.75265132,   10.5202141 ,     -0.47756678,  186.15641108,  -16.7331177 ,  -24.7368968 ,    -18.26452776], [ -304.42363984,  166.05833737,   69.80107485,   -3.09650329,    -20.10987995,   -8.87156868,   38.65099127,   22.58028995,     32.56540115,  -16.7331177 ,  196.25956192,   38.17824193,      6.04677484], [ -225.31036272,  -33.3860885 ,   11.95576982,   53.4087254 ,    -11.28024247,  -47.40561513,   41.01557374,   40.11352477,     12.95550467,  -24.7368968 ,   38.17824193,  166.24245398,     22.99241818], [ -242.21143179,   60.69431107,   21.74855015,   -8.28590547,     38.75740137,  -27.74093379,  -57.61161311,    3.89322715,     91.1290319 ,  -18.26452776,    6.04677484,   22.99241818,    215.42982729]]
