/root/sim/music/1~100/40_いつかの夢.mp3; [-723.928     , 220.66519   ,  -4.4299498 ,  37.675594  ,   4.182309  ,    7.8180537 ,   4.01327   ,   7.4430428 ,  -5.668128  ,  -3.799525  ,   -0.03092333,  -2.5373967 ,  -8.125208  ]; [[10965.2605918 , -706.76953498,  -31.26992935,  307.28751519,   -410.80018403,  138.35855912,  -89.26701793,  147.78922138,    -59.48198255, -108.40158544, -174.11288083,  -94.09466232,   -113.19405515], [ -706.76953498, 2140.37684534, -517.6418174 ,   79.13930675,     35.9670542 , -150.95043063,   31.8929904 ,  -49.30078915,    -86.44826561,  -50.60686469,   18.64392797,  -45.82587509,    -28.35357926], [  -31.26992935, -517.6418174 ,  534.92019237, -118.58124101,     67.66129381,   36.18585476,   12.04937811,   34.25370689,     59.32024461,   96.00825416,   42.05670963,    5.29288269,    -18.69044323], [  307.28751519,   79.13930675, -118.58124101,  212.19923424,    -12.36628437,   20.70240837,  -14.58335525,    0.08823433,      1.83633006,  -11.38953476,   11.85806331,    6.08448002,      1.57434786], [ -410.80018403,   35.9670542 ,   67.66129381,  -12.36628437,    181.12462335,   45.30689856,   18.89872259,   -9.31240739,     13.07411789,   56.51864065,   54.315177  ,   21.53086969,      9.80926466], [  138.35855912, -150.95043063,   36.18585476,   20.70240837,     45.30689856,  128.47818869,   37.26597125,   26.82666404,     28.36710795,   16.20086099,   14.17794655,   25.96527476,     15.86516414], [  -89.26701793,   31.8929904 ,   12.04937811,  -14.58335525,     18.89872259,   37.26597125,  125.17534676,   69.2471646 ,     50.9950519 ,   22.70070104,   -5.98229281,    9.18980344,     26.81417445], [  147.78922138,  -49.30078915,   34.25370689,    0.08823433,     -9.31240739,   26.82666404,   69.2471646 ,  134.10918735,     88.24920447,   23.66174183,   -0.73425335,    9.24543668,      6.17752391], [  -59.48198255,  -86.44826561,   59.32024461,    1.83633006,     13.07411789,   28.36710795,   50.9950519 ,   88.24920447,    159.05351948,   84.09714935,    9.46353014,   -0.85786969,      5.18102232], [ -108.40158544,  -50.60686469,   96.00825416,  -11.38953476,     56.51864065,   16.20086099,   22.70070104,   23.66174183,     84.09714935,  155.6883    ,   57.21684599,  -19.46111214,    -14.73928049], [ -174.11288083,   18.64392797,   42.05670963,   11.85806331,     54.315177  ,   14.17794655,   -5.98229281,   -0.73425335,      9.46353014,   57.21684599,  114.94142468,   32.9900618 ,    -24.70812167], [  -94.09466232,  -45.82587509,    5.29288269,    6.08448002,     21.53086969,   25.96527476,    9.18980344,    9.24543668,     -0.85786969,  -19.46111214,   32.9900618 ,   92.36819488,     38.12829496], [ -113.19405515,  -28.35357926,  -18.69044323,    1.57434786,      9.80926466,   15.86516414,   26.81417445,    6.17752391,      5.18102232,  -14.73928049,  -24.70812167,   38.12829496,    108.77600179]]
/root/sim/music/1~100/9_10℃.mp3; [-658.6087   , 151.9269   ,   8.78374  ,   9.955043 , -12.190157 ,    7.175692 , -11.740092 ,  -1.4515382,  -5.0440288,  -5.3866057,   -4.9577255,   1.5468204,   2.3218992]; [[14639.07171894, 1519.12697357,  770.33378917,  569.99322912,    399.48118759,  106.90567967, -279.20624775,  447.65669935,    -64.98413279, -158.42171257,  394.91052224, -200.17481676,    192.8829618 ], [ 1519.12697357, 3257.84763892,   85.67134564,  153.87478168,    184.36767702,    2.8559242 ,  -36.90508047,  -81.92918077,     77.76154044,  -53.20703322,   28.15598729,  106.99407048,     73.90053955], [  770.33378917,   85.67134564,  859.69464928,  201.4042172 ,    156.44855968,  174.28722498,   78.09705112,  106.00364914,     82.86261423,   66.79593868,   88.0789092 ,   51.12492696,     77.47564432], [  569.99322912,  153.87478168,  201.4042172 ,  454.40854452,    144.36413093,  109.99390518,   25.50336437,  115.50099401,     63.73076404,   41.61203751,  100.82912547,   40.6325713 ,     27.61861131], [  399.48118759,  184.36767702,  156.44855968,  144.36413093,    316.91889204,  107.6496074 ,   77.04761318,   71.55094143,     33.16156602,   77.14038335,  103.82367929,   53.82861176,     34.53498576], [  106.90567967,    2.8559242 ,  174.28722498,  109.99390518,    107.6496074 ,  303.93862891,  103.75337916,   96.79140615,     64.1849636 ,   58.7349164 ,   85.49056183,   55.17303311,     47.31622748], [ -279.20624775,  -36.90508047,   78.09705112,   25.50336437,     77.04761318,  103.75337916,  236.03889961,   98.51986047,     38.2129023 ,   32.92956008,   51.81293324,   41.52737689,     12.82304594], [  447.65669935,  -81.92918077,  106.00364914,  115.50099401,     71.55094143,   96.79140615,   98.51986047,  231.85786498,     84.89655109,   30.33437511,   56.788661  ,   12.93660314,     30.22724967], [  -64.98413279,   77.76154044,   82.86261423,   63.73076404,     33.16156602,   64.1849636 ,   38.2129023 ,   84.89655109,    199.64840126,   90.00339778,   33.93125905,    5.69163257,     12.55989901], [ -158.42171257,  -53.20703322,   66.79593868,   41.61203751,     77.14038335,   58.7349164 ,   32.92956008,   30.33437511,     90.00339778,  235.85513135,   72.97425967,   17.36058221,     -3.03459476], [  394.91052224,   28.15598729,   88.0789092 ,  100.82912547,    103.82367929,   85.49056183,   51.81293324,   56.788661  ,     33.93125905,   72.97425967,  188.66878111,   48.71492358,      1.64846635], [ -200.17481676,  106.99407048,   51.12492696,   40.6325713 ,     53.82861176,   55.17303311,   41.52737689,   12.93660314,      5.69163257,   17.36058221,   48.71492358,  171.4096989 ,     64.27418758], [  192.8829618 ,   73.90053955,   77.47564432,   27.61861131,     34.53498576,   47.31622748,   12.82304594,   30.22724967,     12.55989901,   -3.03459476,    1.64846635,   64.27418758,    197.93046311]]
/root/sim/music/1~100/32_のんきな日常.mp3; [-748.4275   , 174.76556  ,   4.934    ,  13.015392 ,  -9.072976 ,    7.6771092, -17.407957 ,  -7.8369226, -11.934255 ,  -8.385669 ,   -4.065551 ,  -0.5710624,  -5.333306 ]; [[25348.5408418 ,  -55.10167758,-1129.51790402,  162.70849353,   -664.41992428,   46.30365314, -452.15509281, -260.1953399 ,   -351.25558888, -108.83235213,  -47.92327547,  448.16395385,    367.94218517], [  -55.10167758, 3534.58210492, -221.50033694,   66.26135305,    415.77818138, -311.18153006, -129.63065229,  -76.29404796,     41.32517241,   44.87314394,  -96.62189765,  -90.4965145 ,    -29.93527385], [-1129.51790402, -221.50033694,  674.76984204,  -20.90905336,    132.74822259,   22.28035963, -120.97603086,   50.97476293,    -15.81507383,  -69.32583335,   14.70146959, -118.89435767,     -9.06101772], [  162.70849353,   66.26135305,  -20.90905336,  278.63970959,    107.64094823,    5.33743198,   62.1963914 ,   -4.11940935,      8.73777529,  -31.15388951,  -42.4563103 ,   -3.90603025,    -14.67092586], [ -664.41992428,  415.77818138,  132.74822259,  107.64094823,    387.07685638,   45.125188  ,  109.14826433,  113.3679555 ,     -2.25821385,  -22.9538982 ,  -14.81585176, -100.1291333 ,     -1.94144293], [   46.30365314, -311.18153006,   22.28035963,    5.33743198,     45.125188  ,  257.24213238,  141.20596583,  110.60885193,    -55.69225443,   -8.95963463,   60.52984563,   -0.37607254,     28.5865264 ], [ -452.15509281, -129.63065229, -120.97603086,   62.1963914 ,    109.14826433,  141.20596583,  358.05938878,  171.66168685,     11.45989295,   -1.52977101,   11.68842078,  -41.89528635,     -9.3167126 ], [ -260.1953399 ,  -76.29404796,   50.97476293,   -4.11940935,    113.3679555 ,  110.60885193,  171.66168685,  285.49948434,     24.13456755,  -58.0621465 ,   23.94360413,  -96.99811647,     19.68139111], [ -351.25558888,   41.32517241,  -15.81507383,    8.73777529,     -2.25821385,  -55.69225443,   11.45989295,   24.13456755,    173.87968682,   34.77455321,  -13.61475609,   20.10326094,    -30.31717736], [ -108.83235213,   44.87314394,  -69.32583335,  -31.15388951,    -22.9538982 ,   -8.95963463,   -1.52977101,  -58.0621465 ,     34.77455321,  124.93301619,   19.67397632,   35.75177484,      7.71413564], [  -47.92327547,  -96.62189765,   14.70146959,  -42.4563103 ,    -14.81585176,   60.52984563,   11.68842078,   23.94360413,    -13.61475609,   19.67397632,  115.96063047,   31.17251409,     18.58085803], [  448.16395385,  -90.4965145 , -118.89435767,   -3.90603025,   -100.1291333 ,   -0.37607254,  -41.89528635,  -96.99811647,     20.10326094,   35.75177484,   31.17251409,  171.13468528,     18.41782952], [  367.94218517,  -29.93527385,   -9.06101772,  -14.67092586,     -1.94144293,   28.5865264 ,   -9.3167126 ,   19.68139111,    -30.31717736,    7.71413564,   18.58085803,   18.41782952,     80.23311046]]
/root/sim/music/1~100/60_夏の思い出.mp3; [-784.21686  , 226.14061  , -32.188293 ,  14.27982  ,  -6.3337693,  -18.78813  , -19.354475 ,  -8.760736 , -14.669828 , -12.178781 ,   -7.3876367,  -2.5538135,  -4.215665 ]; [[12696.75368972, 3317.46020543,-1445.49914764, 1000.38618187,    -59.61881097,  102.42469126,  -58.3160684 ,   33.14500097,   -165.43157651, -204.46748334,  -59.15125659,  267.42111951,    216.08747584], [ 3317.46020543, 1593.91082181, -150.35162658,  205.23911327,     55.27069457,  -40.22641517,  -33.09020264,    8.28164238,    -77.94905185, -106.65365649,  -71.57335759,    5.58495988,      1.27316322], [-1445.49914764, -150.35162658,  480.06581193,  -49.36200001,     68.09004693,   23.08767789,   25.46546599,   30.55678908,     36.05932536,    9.15064874,  -26.16296002,  -60.5247609 ,    -45.14916932], [ 1000.38618187,  205.23911327,  -49.36200001,  200.23611913,     43.53831129,   42.32004643,   10.72556047,   27.18151891,     16.63357288,   -3.44884106,   -8.58918287,   23.57315442,     30.07363762], [  -59.61881097,   55.27069457,   68.09004693,   43.53831129,    117.89933836,   38.64791633,   14.2073527 ,   31.77553167,     15.137541  ,  -10.59936971,  -22.58284107,   -6.87214748,      8.81887685], [  102.42469126,  -40.22641517,   23.08767789,   42.32004643,     38.64791633,  115.88211819,   74.58959014,   34.70494448,     19.10237149,   11.26456713,   13.86773292,   16.47645112,      5.93334582], [  -58.3160684 ,  -33.09020264,   25.46546599,   10.72556047,     14.2073527 ,   74.58959014,  112.50157554,   53.41332133,     17.28892316,   16.48773001,   15.85172859,   18.99932943,      1.49255386], [   33.14500097,    8.28164238,   30.55678908,   27.18151891,     31.77553167,   34.70494448,   53.41332133,   79.30331067,     40.2459343 ,   12.10356836,   -0.70079817,    7.26887727,     10.07379538], [ -165.43157651,  -77.94905185,   36.05932536,   16.63357288,     15.137541  ,   19.10237149,   17.28892316,   40.2459343 ,     72.85831764,   45.97829582,   13.32946862,    4.7491942 ,      7.35416049], [ -204.46748334, -106.65365649,    9.15064874,   -3.44884106,    -10.59936971,   11.26456713,   16.48773001,   12.10356836,     45.97829582,   84.38366661,   49.9220946 ,    6.16274101,      3.87226349], [  -59.15125659,  -71.57335759,  -26.16296002,   -8.58918287,    -22.58284107,   13.86773292,   15.85172859,   -0.70079817,     13.32946862,   49.9220946 ,   98.53703896,   45.68490805,      6.75261832], [  267.42111951,    5.58495988,  -60.5247609 ,   23.57315442,     -6.87214748,   16.47645112,   18.99932943,    7.26887727,      4.7491942 ,    6.16274101,   45.68490805,  101.51712493,     62.74124224], [  216.08747584,    1.27316322,  -45.14916932,   30.07363762,      8.81887685,    5.93334582,    1.49255386,   10.07379538,      7.35416049,    3.87226349,    6.75261832,   62.74124224,     93.23636367]]
/root/sim/music/1~100/48_サンタは中央線でやってくる.mp3; [-656.2852    , 156.54434   ,  11.692596  ,  12.669803  ,   3.3616068 ,   -0.53318036,   4.5949626 ,   5.465439  ,   5.287024  ,  -1.6240604 ,    0.01883407,   4.130853  ,   4.214987  ]; [[17136.93095016, -172.26324458, -164.44133139,   78.86777992,   -185.99058939,  138.32733757, -457.08344631,  438.5791049 ,    207.50403509,   61.44330716,  265.65594978,  147.73147092,     66.28996323], [ -172.26324458, 4451.5876861 , -249.27552402, -526.78565529,   -364.29828475, -501.65098527,  140.33006452, -141.41206459,    -97.93932907,   43.2814754 ,  -23.19688178,  100.57855612,    151.51917691], [ -164.44133139, -249.27552402, 1127.13997427,  -65.09816783,     45.14434993,  320.28360059,   25.71579705,  224.95243256,    154.56781317,   98.03754104,  138.0942454 ,   52.10057336,     32.48114121], [   78.86777992, -526.78565529,  -65.09816783,  852.17576637,    292.45553112,   48.56885995,   36.97133827,  -51.3285125 ,      2.48722686,    9.8264069 ,  -46.01933965,  -56.06220651,    -26.03661722], [ -185.99058939, -364.29828475,   45.14434993,  292.45553112,    454.87180454,  213.25540064,   40.55590451,   27.90640226,     27.12588147,    6.20301636,   49.04664201,   -5.45672972,     19.9221052 ], [  138.32733757, -501.65098527,  320.28360059,   48.56885995,    213.25540064,  523.38100514,   98.75596686,  155.11897683,     25.99260961,   77.97563836,  100.49476905,   57.84924072,     26.1504527 ], [ -457.08344631,  140.33006452,   25.71579705,   36.97133827,     40.55590451,   98.75596686,  228.7168512 ,   37.62125997,     -9.52986536,   38.30441033,   35.09568762,   41.23560546,     12.46862068], [  438.5791049 , -141.41206459,  224.95243256,  -51.3285125 ,     27.90640226,  155.11897683,   37.62125997,  301.99704598,    103.23716569,  -11.34161284,   71.40146101,  108.53149468,     79.76330281], [  207.50403509,  -97.93932907,  154.56781317,    2.48722686,     27.12588147,   25.99260961,   -9.52986536,  103.23716569,    352.50088855,   27.0015873 ,   -8.34605513,  -16.03716325,     91.06012468], [   61.44330716,   43.2814754 ,   98.03754104,    9.8264069 ,      6.20301636,   77.97563836,   38.30441033,  -11.34161284,     27.0015873 ,  316.16031561,   90.28786974,  -44.56549687,    -69.22512261], [  265.65594978,  -23.19688178,  138.0942454 ,  -46.01933965,     49.04664201,  100.49476905,   35.09568762,   71.40146101,     -8.34605513,   90.28786974,  247.55506118,   74.93420965,    -29.0214782 ], [  147.73147092,  100.57855612,   52.10057336,  -56.06220651,     -5.45672972,   57.84924072,   41.23560546,  108.53149468,    -16.03716325,  -44.56549687,   74.93420965,  244.12867698,     69.26094351], [   66.28996323,  151.51917691,   32.48114121,  -26.03661722,     19.9221052 ,   26.1504527 ,   12.46862068,   79.76330281,     91.06012468,  -69.22512261,  -29.0214782 ,   69.26094351,    291.6123478 ]]
/root/sim/music/1~100/28_少年達の夏休み的なBGM.mp3; [-621.4817   , 133.47359  , -24.05266  ,  11.143302 ,  -9.156855 ,    3.493135 , -10.969858 ,   1.0891562,  -7.886749 ,   0.5058747,   -5.421799 ,  -5.2011943,  -3.70445  ]; [[6335.95581311,-119.07340682,-904.93659815, 258.9988178 , 278.35931166,   -72.15682509, 143.66561716, -81.75358924, -11.22117403,  66.26507544,     0.2692854 , -54.95582382,  99.27667588], [-119.07340682,1744.27781282, -74.62219791, -82.82478278,  91.15616497,   -60.17423687,  64.36483252,  54.22795416,   8.29451068,  59.13577665,    61.16232794,  21.78531655,  44.80443394], [-904.93659815, -74.62219791, 958.80728553, -74.63473444, -60.70606856,   132.52433396, -55.46771521,  54.83139533,  59.4765738 ,-133.30053481,   -59.1002704 ,  23.27237715,-103.54291698], [ 258.9988178 , -82.82478278, -74.63473444, 271.53586061,  72.65090371,    24.61347517,  54.82761274,  25.46361945,  19.08241459,  30.30233453,    -4.84846028,  -5.65777238,  43.31283953], [ 278.35931166,  91.15616497, -60.70606856,  72.65090371, 213.30117605,    49.86596682,  56.68275849,  18.03427096,  21.32347157,  13.1253243 ,    -3.29293368,  -7.16439046,  15.419624  ], [ -72.15682509, -60.17423687, 132.52433396,  24.61347517,  49.86596682,   171.3529883 ,  22.99998953,  26.58112877,  22.65642263, -24.68953446,   -11.99334309,   1.44846271, -37.23456213], [ 143.66561716,  64.36483252, -55.46771521,  54.82761274,  56.68275849,    22.99998953, 116.77745172,  43.67987892,  22.49110723,  44.08079674,    16.71466633,   5.20530027,  18.52902687], [ -81.75358924,  54.22795416,  54.83139533,  25.46361945,  18.03427096,    26.58112877,  43.67987892, 110.21445794,  63.04397621,  17.10795976,    18.62484584,  19.48504714,   3.25239899], [ -11.22117403,   8.29451068,  59.4765738 ,  19.08241459,  21.32347157,    22.65642263,  22.49110723,  63.04397621, 117.86125333,  58.60484724,     1.94109696, -13.79052071, -18.34703791], [  66.26507544,  59.13577665,-133.30053481,  30.30233453,  13.1253243 ,   -24.68953446,  44.08079674,  17.10795976,  58.60484724, 168.62028352,    44.05109962, -42.4703352 ,   7.19072261], [   0.2692854 ,  61.16232794, -59.1002704 ,  -4.84846028,  -3.29293368,   -11.99334309,  16.71466633,  18.62484584,   1.94109696,  44.05109962,    97.04178368,  49.24636008,  14.63842005], [ -54.95582382,  21.78531655,  23.27237715,  -5.65777238,  -7.16439046,     1.44846271,   5.20530027,  19.48504714, -13.79052071, -42.4703352 ,    49.24636008, 149.26512404,  78.44470372], [  99.27667588,  44.80443394,-103.54291698,  43.31283953,  15.419624  ,   -37.23456213,  18.52902687,   3.25239899, -18.34703791,   7.19072261,    14.63842005,  78.44470372, 162.07153726]]
/root/sim/music/1~100/54_Sunshine!.mp3; [-545.7967    ,  98.46802   ,  -4.2870755 ,  36.66067   ,   2.3914413 ,   12.3773    ,   2.406173  ,   6.0170436 ,   0.59548676,   6.9176974 ,    2.3602915 ,   1.7888931 ,   3.1907887 ]; [[7445.67228738,-351.30364928,-374.53219553,-375.76458227,-345.54038679,  -244.00839468,-269.77515129,-187.8590061 , -99.56347423, -12.31823078,    23.33168086, -11.49220327, -12.09035689], [-351.30364928, 716.30762236,-200.77971241,  59.36658837,  76.86695634,   -40.14185087,  28.75117917,  16.29756884,  -5.48526108,  17.08729958,    19.26597431,  14.87349847,   8.96760267], [-374.53219553,-200.77971241, 395.11736761,  13.98699183,  33.06286404,    57.61434929,  17.35907355,  39.85087668,  23.54430042,  18.31844577,     7.27065853,   3.74549783,  23.56648934], [-375.76458227,  59.36658837,  13.98699183, 227.76840415,  15.66069905,    64.63780985,  29.80021653,  35.89005513,  30.50424454,  35.6085745 ,    12.61581017,  25.28511442,  23.07136014], [-345.54038679,  76.86695634,  33.06286404,  15.66069905, 164.31027783,    19.96188087,  67.98506687,  25.93908876,  16.47718513,   9.00349414,    21.48256603,  12.83913506,  16.60261903], [-244.00839468, -40.14185087,  57.61434929,  64.63780985,  19.96188087,   179.01661642,  37.80316883,  54.61011565,  20.19493493,  10.69125109,     8.53176248,  22.14332387,   2.06763599], [-269.77515129,  28.75117917,  17.35907355,  29.80021653,  67.98506687,    37.80316883, 122.44286611,  30.68640198,  24.93384807,   7.29382745,    16.42427458,   6.89495517,  12.99066363], [-187.8590061 ,  16.29756884,  39.85087668,  35.89005513,  25.93908876,    54.61011565,  30.68640198,  98.24760877,  36.39405266,  25.50362479,     8.92653117,  16.11738779,  14.48157019], [ -99.56347423,  -5.48526108,  23.54430042,  30.50424454,  16.47718513,    20.19493493,  24.93384807,  36.39405266,  90.51811743,  31.64518185,     8.84952292,   6.86063911,  10.20251226], [ -12.31823078,  17.08729958,  18.31844577,  35.6085745 ,   9.00349414,    10.69125109,   7.29382745,  25.50362479,  31.64518185,  81.44905815,    36.56384266,  13.59851644,  14.14248262], [  23.33168086,  19.26597431,   7.27065853,  12.61581017,  21.48256603,     8.53176248,  16.42427458,   8.92653117,   8.84952292,  36.56384266,    77.78051059,  41.88551142,  14.23516253], [ -11.49220327,  14.87349847,   3.74549783,  25.28511442,  12.83913506,    22.14332387,   6.89495517,  16.11738779,   6.86063911,  13.59851644,    41.88551142,  81.09167721,  29.1123376 ], [ -12.09035689,   8.96760267,  23.56648934,  23.07136014,  16.60261903,     2.06763599,  12.99066363,  14.48157019,  10.20251226,  14.14248262,    14.23516253,  29.1123376 ,  71.40709522]]
/root/sim/music/1~100/63_なんということはない日常.mp3; [-682.117    , 193.65274  ,  39.448166 ,   5.256782 , -26.87291  ,   -8.9481535,  -9.700236 ,  -5.498598 ,  -4.73239  ,  -1.0772657,   -2.1227078,   1.034394 ,  -2.2364693]; [[13698.38492732,-5259.26224433,  672.93593513, 2329.03672698,   1187.47214208, 1068.07292603,  840.19976462,  694.84755072,    575.80953502,  698.69498107,  527.16332932,  439.65798537,    270.03078064], [-5259.26224433, 3518.78353906, -479.48614852,-1422.27663333,   -620.52028804, -392.17973955, -356.83363239, -380.98371107,   -280.9459879 , -320.18820863, -219.43735593, -174.48299709,   -106.77714035], [  672.93593513, -479.48614852,  947.9403094 ,  657.89942461,    197.86324908,   89.90555207,  124.69156446,  163.90658656,     97.24986817,   90.08683671,   55.56091895,   28.66158776,     14.20335348], [ 2329.03672698,-1422.27663333,  657.89942461, 1193.61988865,    504.35388435,  293.95467303,  243.43065415,  269.54863473,    191.52346504,  226.28245598,  157.9356083 ,  105.58594977,     51.97723448], [ 1187.47214208, -620.52028804,  197.86324908,  504.35388435,    377.8574827 ,  229.14041914,  115.60322679,  111.66319454,    120.45960029,  135.33649333,  107.72774233,   71.97241579,     18.6747626 ], [ 1068.07292603, -392.17973955,   89.90555207,  293.95467303,    229.14041914,  272.12403711,  138.76825534,   85.807881  ,    105.488325  ,  120.29055818,   98.64186997,   91.40060882,     51.52251261], [  840.19976462, -356.83363239,  124.69156446,  243.43065415,    115.60322679,  138.76825534,  165.05484286,  106.72462232,     44.21551375,   64.12016588,   58.40358645,   61.58782151,     66.09229679], [  694.84755072, -380.98371107,  163.90658656,  269.54863473,    111.66319454,   85.807881  ,  106.72462232,  164.44770105,     88.16833509,   66.14200869,   44.91778068,   26.14922196,     21.28326896], [  575.80953502, -280.9459879 ,   97.24986817,  191.52346504,    120.45960029,  105.488325  ,   44.21551375,   88.16833509,    147.90278051,  110.82692458,   52.22816779,   16.13176606,    -29.6423464 ], [  698.69498107, -320.18820863,   90.08683671,  226.28245598,    135.33649333,  120.29055818,   64.12016588,   66.14200869,    110.82692458,  160.84980724,  109.69047145,   47.89902505,    -10.84587363], [  527.16332932, -219.43735593,   55.56091895,  157.9356083 ,    107.72774233,   98.64186997,   58.40358645,   44.91778068,     52.22816779,  109.69047145,  126.95919275,   81.51616971,     25.80273206], [  439.65798537, -174.48299709,   28.66158776,  105.58594977,     71.97241579,   91.40060882,   61.58782151,   26.14922196,     16.13176606,   47.89902505,   81.51616971,  116.18760967,     85.50297162], [  270.03078064, -106.77714035,   14.20335348,   51.97723448,     18.6747626 ,   51.52251261,   66.09229679,   21.28326896,    -29.6423464 ,  -10.84587363,   25.80273206,   85.50297162,    134.22018442]]
/root/sim/music/1~100/10_ほんわかぷっぷー.mp3; [-843.7717   , 154.23448  , -88.058014 ,  -6.0252924,  -8.738915 ,   -5.830063 ,  -5.035936 , -13.28985  ,  -5.745297 ,  -2.87772  ,    2.3723755,  -3.5452943,  -8.484034 ]; [[21104.12418319, 1811.53529807,-3231.54593565,  720.90330147,  -1193.22541404,   56.43720941, -240.91597712, -176.56581099,    152.34931688, -332.67496446,   80.09291273, -481.00150299,   -851.43460313], [ 1811.53529807, 1631.45899345,  -55.83710476,   95.49439586,    137.18237903,  -94.43945086,  -72.48712225, -176.53313215,   -106.24235869,  -86.37701343,  -71.69265643,    0.94727386,     -6.99861833], [-3231.54593565,  -55.83710476, 1117.96788508, -103.98313417,    306.43597489,  -10.58914729,   -6.35302697,  -15.18580179,    -77.43023151,  -26.157427  ,  -87.12380031,   85.48914477,    136.02104547], [  720.90330147,   95.49439586, -103.98313417,  253.1979279 ,     -1.35146699,   -9.66885887,  -21.68149118,  -11.72938889,     15.9160326 ,    8.17097163,   17.72295379,   -5.5722568 ,     -7.79957419], [-1193.22541404,  137.18237903,  306.43597489,   -1.35146699,    304.35532138,   25.44236084,   26.26322552,   -7.52634149,    -69.55160869,  -46.653914  , -115.14217517,  -22.69598154,     58.52256609], [   56.43720941,  -94.43945086,  -10.58914729,   -9.66885887,     25.44236084,  236.61622964,  103.64029532,   49.64761082,     24.17301752,  -82.7685969 ,  -47.62368351,  -35.77889248,    -34.08939835], [ -240.91597712,  -72.48712225,   -6.35302697,  -21.68149118,     26.26322552,  103.64029532,  254.5262322 ,  136.72289442,     77.69265507,   28.0186629 , -108.47873865, -137.5792897 ,   -130.62022748], [ -176.56581099, -176.53313215,  -15.18580179,  -11.72938889,     -7.52634149,   49.64761082,  136.72289442,  233.01101811,    172.16739126,   82.24883896,  -31.29345094, -126.70228882,   -117.84597014], [  152.34931688, -106.24235869,  -77.43023151,   15.9160326 ,    -69.55160869,   24.17301752,   77.69265507,  172.16739126,    339.88260841,  203.43725735,   50.01836487,  -43.74031623,   -131.03537476], [ -332.67496446,  -86.37701343,  -26.157427  ,    8.17097163,    -46.653914  ,  -82.7685969 ,   28.0186629 ,   82.24883896,    203.43725735,  385.34186475,  199.59233187,   41.11524673,    -53.92372924], [   80.09291273,  -71.69265643,  -87.12380031,   17.72295379,   -115.14217517,  -47.62368351, -108.47873865,  -31.29345094,     50.01836487,  199.59233187,  431.60254309,  328.96057048,    128.63717827], [ -481.00150299,    0.94727386,   85.48914477,   -5.5722568 ,    -22.69598154,  -35.77889248, -137.5792897 , -126.70228882,    -43.74031623,   41.11524673,  328.96057048,  571.34806655,    374.46708149], [ -851.43460313,   -6.99861833,  136.02104547,   -7.79957419,     58.52256609,  -34.08939835, -130.62022748, -117.84597014,   -131.03537476,  -53.92372924,  128.63717827,  374.46708149,    441.76356562]]
/root/sim/music/1~100/95_いちごホイップ.mp3; [-563.71      ,  96.281555  ,  21.61673   ,   0.25911686,   6.987148  ,   -2.682756  ,  -3.622784  ,   3.9979713 ,  -3.236936  ,   2.121439  ,    4.61775   ,   7.067283  ,   8.165491  ]; [[2935.58992247,-413.53526466, 260.24030946,  58.44061659, 175.77965278,   183.80392624, 337.90347964,  23.6758978 , 111.81351144,  -0.47620509,    80.85196901, -55.82943444,  -6.32069946], [-413.53526466, 884.7489363 , -13.08072827, 141.9395878 , 107.70196462,    83.88681168,  -0.22892135,  88.43657537,   2.88647841, 100.20083423,     4.06434863,  61.35429699,  22.36603822], [ 260.24030946, -13.08072827, 536.60953203, 123.90566932, 124.41512652,    88.36357167, 124.69480209,  25.11423434,  48.11465546,   8.05246116,    67.28705194,  41.25038356,  38.97538496], [  58.44061659, 141.9395878 , 123.90566932, 327.76750187, 148.78651598,   119.68198479,  53.66499467,  72.70233502,  18.10563508,  55.19771185,    16.74345168,  -3.46833886,  -8.86288323], [ 175.77965278, 107.70196462, 124.41512652, 148.78651598, 235.54597723,   111.28626775,  89.16981158,  37.40694958,  43.81732916,  43.53382031,    35.59573943,   2.5270684 ,   9.54028992], [ 183.80392624,  83.88681168,  88.36357167, 119.68198479, 111.28626775,   210.89101716, 107.6741624 ,  50.6532336 ,  39.6790512 ,  48.48800804,    22.52843261,  10.1186422 ,  18.71342789], [ 337.90347964,  -0.22892135, 124.69480209,  53.66499467,  89.16981158,   107.6741624 , 222.87948657,  82.35709123,  45.31148172,  32.83462844,    49.92520532,   0.05795116,   2.41457608], [  23.6758978 ,  88.43657537,  25.11423434,  72.70233502,  37.40694958,    50.6532336 ,  82.35709123, 140.18191165,  31.72839166,  15.29313951,     4.95205379,  17.32935922, -15.95459942], [ 111.81351144,   2.88647841,  48.11465546,  18.10563508,  43.81732916,    39.6790512 ,  45.31148172,  31.72839166, 109.28215346,  46.31126924,     9.92808275, -17.87255761,  28.80370217], [  -0.47620509, 100.20083423,   8.05246116,  55.19771185,  43.53382031,    48.48800804,  32.83462844,  15.29313951,  46.31126924, 144.19207513,    40.61321684, -21.32176545,  -1.7010874 ], [  80.85196901,   4.06434863,  67.28705194,  16.74345168,  35.59573943,    22.52843261,  49.92520532,   4.95205379,   9.92808275,  40.61321684,   119.46020694,  49.17542791,  16.14688582], [ -55.82943444,  61.35429699,  41.25038356,  -3.46833886,   2.5270684 ,    10.1186422 ,   0.05795116,  17.32935922, -17.87255761, -21.32176545,    49.17542791, 155.09594017,  63.32639195], [  -6.32069946,  22.36603822,  38.97538496,  -8.86288323,   9.54028992,    18.71342789,   2.41457608, -15.95459942,  28.80370217,  -1.7010874 ,    16.14688582,  63.32639195, 143.8932904 ]]
/root/sim/music/1~100/79_タイフーンパレード.mp3; [-519.67395   ,  90.96577   ,  28.99077   ,  32.22744   ,   8.108084  ,    9.067168  ,   7.789019  ,   5.7871737 ,   4.818965  ,  -0.32446975,   -4.325301  ,  -7.4991674 ,  -5.501352  ]; [[8779.63204765,-321.61798211,-656.75375826,-679.35614602,-662.87525438,  -467.8698966 ,-389.9718059 ,-348.04252846,-229.83185198,-207.20787366,  -303.56980224,-265.25959559,-215.61761763], [-321.61798211,1012.15098011,-190.58923455,  80.1434868 ,   7.97596839,    34.55779974,  86.87663481,   7.14603916,  59.7665397 , -25.20392217,    -5.96574866, -30.37949984,   3.44880989], [-656.75375826,-190.58923455, 425.30748309, 134.60266134,  86.68504799,     0.28965745,  -3.38794966,  50.00414802,  10.04041686,  27.71709578,    17.38414261,  18.4293475 , -10.20519326], [-679.35614602,  80.1434868 , 134.60266134, 312.2295337 ,  72.62762423,    19.9599771 ,  15.26915457,  46.19831125,  25.28200056,  23.82937491,    20.73014505,  18.61277841,  10.34141725], [-662.87525438,   7.97596839,  86.68504799,  72.62762423, 200.76714572,    72.55845415,  41.10526409,  42.2863011 ,  24.30043437,  30.40147893,    23.67825652,  27.94767468,  23.99759046], [-467.8698966 ,  34.55779974,   0.28965745,  19.9599771 ,  72.55845415,   168.14343756,  64.70692464,  25.17886218,   9.30942198,  20.39440627,    15.2491711 ,  24.66422153,  20.60081378], [-389.9718059 ,  86.87663481,  -3.38794966,  15.26915457,  41.10526409,    64.70692464, 110.09186667,  54.59761035,  27.13758432,  16.31117055,    23.57158503,  13.68657907,   9.66587355], [-348.04252846,   7.14603916,  50.00414802,  46.19831125,  42.2863011 ,    25.17886218,  54.59761035, 118.71045963,  37.19566576,  38.50249313,    20.42804325,  24.29250632,   0.13494633], [-229.83185198,  59.7665397 ,  10.04041686,  25.28200056,  24.30043437,     9.30942198,  27.13758432,  37.19566576,  85.38906241,  32.10918743,    20.03331285,   7.56195925,  14.89310795], [-207.20787366, -25.20392217,  27.71709578,  23.82937491,  30.40147893,    20.39440627,  16.31117055,  38.50249313,  32.10918743,  76.33889767,    35.75269806,  20.68579591,   5.49801115], [-303.56980224,  -5.96574866,  17.38414261,  20.73014505,  23.67825652,    15.2491711 ,  23.57158503,  20.42804325,  20.03331285,  35.75269806,    73.34221533,  41.0027649 ,  20.52104506], [-265.25959559, -30.37949984,  18.4293475 ,  18.61277841,  27.94767468,    24.66422153,  13.68657907,  24.29250632,   7.56195925,  20.68579591,    41.0027649 ,  78.6852548 ,  40.7111582 ], [-215.61761763,   3.44880989, -10.20519326,  10.34141725,  23.99759046,    20.60081378,   9.66587355,   0.13494633,  14.89310795,   5.49801115,    20.52104506,  40.7111582 ,  85.15791932]]
/root/sim/music/1~100/86_他愛のない話.mp3; [-1070.5627   ,  147.51488  ,    6.5741405,   -2.4159834,    2.6646533,    -9.539879 ,  -12.12765  ,  -13.221939 ,  -17.734365 ,  -14.62007  ,   -11.418935 ,  -11.632774 ,   -5.968335 ]; [[15103.13910442, 8216.27499244,-3197.67101293, -710.07890906,    559.25673132, -309.33182466, -104.45236843,   32.80863665,   -275.05869166,  163.79003534,  250.80371948, -209.65317315,      5.05296251], [ 8216.27499244, 6258.76929157, -315.8521415 ,  -40.12837948,    705.59470827,  120.1348024 ,  207.35835191,  186.21355425,   -125.83593591,   -0.51162669,  -12.2424497 , -321.27797213,   -144.79589745], [-3197.67101293, -315.8521415 , 2956.41296591, 1040.3525645 ,     68.2516923 ,  425.26527028,  273.32375594,  109.34419064,    218.57008483,  -26.25159297, -261.88559556, -116.36570273,    -78.24360671], [ -710.07890906,  -40.12837948, 1040.3525645 ,  828.51750874,    252.70703857,  192.18850808,  149.75497112,   66.96272528,     86.24884143,    6.94343333,  -91.23601667,  -20.38813599,     59.8894119 ], [  559.25673132,  705.59470827,   68.2516923 ,  252.70703857,    651.23582475,  348.43883845,  233.76047683,  181.89603629,    -14.0737248 ,  -42.22882725,  -34.09355944, -113.26659248,    -52.17163338], [ -309.33182466,  120.1348024 ,  425.26527028,  192.18850808,    348.43883845,  440.21308171,  316.99372887,  214.49609851,    104.80921461,   32.58383379,  -27.55958865,  -97.76435169,   -109.81471502], [ -104.45236843,  207.35835191,  273.32375594,  149.75497112,    233.76047683,  316.99372887,  392.766826  ,  305.34058356,    157.3866908 ,  100.07674859,   46.70867572,  -54.9246699 ,    -88.17360494], [   32.80863665,  186.21355425,  109.34419064,   66.96272528,    181.89603629,  214.49609851,  305.34058356,  386.03693425,    302.39572572,  205.45256737,  119.72591072,    8.37996844,    -30.64759405], [ -275.05869166, -125.83593591,  218.57008483,   86.24884143,    -14.0737248 ,  104.80921461,  157.3866908 ,  302.39572572,    510.51938686,  440.44519383,  237.7906997 ,  160.93664381,    110.69302687], [  163.79003534,   -0.51162669,  -26.25159297,    6.94343333,    -42.22882725,   32.58383379,  100.07674859,  205.45256737,    440.44519383,  552.7586481 ,  404.34364577,  262.73904679,    213.65436028], [  250.80371948,  -12.2424497 , -261.88559556,  -91.23601667,    -34.09355944,  -27.55958865,   46.70867572,  119.72591072,    237.7906997 ,  404.34364577,  466.27923407,  350.43078289,    242.99173107], [ -209.65317315, -321.27797213, -116.36570273,  -20.38813599,   -113.26659248,  -97.76435169,  -54.9246699 ,    8.37996844,    160.93664381,  262.73904679,  350.43078289,  427.52909684,    345.27771235], [    5.05296251, -144.79589745,  -78.24360671,   59.8894119 ,    -52.17163338, -109.81471502,  -88.17360494,  -30.64759405,    110.69302687,  213.65436028,  242.99173107,  345.27771235,    424.5527916 ]]
/root/sim/music/1~100/18_わくわくクッキングタイム的なBGM.mp3; [-855.8626    , 233.22296   , -30.118044  ,   6.2498035 ,  -0.6020003 ,   -6.0760174 ,  -7.427737  ,  -6.7635465 ,  -3.8798988 ,   0.54713905,   -2.0223212 ,   1.276494  ,  -0.09476405]; [[13450.61056724, 2513.65367514,-2696.5956105 ,  866.09526339,  -1036.87144942, -385.75935656, -557.14622492, -393.11352795,   -459.19540997,  -13.1424225 , -159.55135285,  185.44060076,      0.08462763], [ 2513.65367514, 2202.03551244, -341.69448483, -152.81526977,    228.03244933,  -89.83925856,  -10.69135576, -186.92465496,   -368.57372223, -317.17533904, -194.21574859, -117.65022109,     -5.37184592], [-2696.5956105 , -341.69448483,  971.21234462, -203.36657843,    236.74970546,  212.8549317 ,  145.10226728,  118.84996961,    121.38395801,   -8.79599067,    7.70983894,  -79.33260965,    -70.4843753 ], [  866.09526339, -152.81526977, -203.36657843,  374.55900012,    -87.08565926,   -1.09087946,   21.62777194,   23.90880566,     70.1995706 ,  108.51549837,   50.39323501,   75.21249468,     36.30592242], [-1036.87144942,  228.03244933,  236.74970546,  -87.08565926,    440.79173319,   99.80291725,  131.96321774,   90.53178376,    -74.22802294, -110.15405622,  -45.31479582,  -41.42651542,     77.71853609], [ -385.75935656,  -89.83925856,  212.8549317 ,   -1.09087946,     99.80291725,  266.88350993,  120.22622796,  111.10684136,     73.10747424,  -31.66482229,  -50.76822829,  -52.97828975,    -33.79670216], [ -557.14622492,  -10.69135576,  145.10226728,   21.62777194,    131.96321774,  120.22622796,  244.75917467,  136.30844871,     30.69243674,  -33.64220313,  -25.81364581,  -26.40502436,     21.87316539], [ -393.11352795, -186.92465496,  118.84996961,   23.90880566,     90.53178376,  111.10684136,  136.30844871,  241.09195957,     96.16768924,    2.27383698,   20.33251297,  -11.44693361,      9.94764872], [ -459.19540997, -368.57372223,  121.38395801,   70.1995706 ,    -74.22802294,   73.10747424,   30.69243674,   96.16768924,    294.61171599,  145.90386235,   44.96842219,   39.61816926,    -71.4788787 ], [  -13.1424225 , -317.17533904,   -8.79599067,  108.51549837,   -110.15405622,  -31.66482229,  -33.64220313,    2.27383698,    145.90386235,  206.04861898,   88.18543388,   73.15839818,      6.12469214], [ -159.55135285, -194.21574859,    7.70983894,   50.39323501,    -45.31479582,  -50.76822829,  -25.81364581,   20.33251297,     44.96842219,   88.18543388,  175.63224395,   86.47697675,    -10.80590679], [  185.44060076, -117.65022109,  -79.33260965,   75.21249468,    -41.42651542,  -52.97828975,  -26.40502436,  -11.44693361,     39.61816926,   73.15839818,   86.47697675,  147.36095857,     47.14430475], [    0.08462763,   -5.37184592,  -70.4843753 ,   36.30592242,     77.71853609,  -33.79670216,   21.87316539,    9.94764872,    -71.4788787 ,    6.12469214,  -10.80590679,   47.14430475,    179.78056658]]
/root/sim/music/1~100/78_Into_the_light.mp3; [-536.45844   ,  87.19895   ,   1.7401465 ,  19.430225  ,  -0.04169426,    5.086226  ,  -2.7149093 ,   5.1693606 ,  -1.4992934 ,   3.947029  ,    3.1875477 ,   4.108126  ,   4.0271606 ]; [[29898.69435464, 2983.16885036, 2063.98500966, 1562.60013123,    411.01061417,  559.44122157,  -13.26123828,   66.045089  ,   -124.21398643,  182.29913252,  251.62446429,  308.2706211 ,    386.35867701], [ 2983.16885036,  892.43289969,  148.08865521,  321.10268081,      3.70099247,   73.87478096,   -4.73755239,   13.71111417,    -18.0166031 ,    8.03309159,   13.88022175,   24.8880334 ,     37.18959217], [ 2063.98500966,  148.08865521,  775.87346834,  336.67661088,    196.99575879,  171.97870578,   52.92280419,    6.49805602,     10.30589055,   49.53687232,   63.8952958 ,   89.47323329,     76.27134447], [ 1562.60013123,  321.10268081,  336.67661088,  316.68813888,     90.83989876,  118.60673563,   20.73287786,    3.86129819,     -1.61230475,   11.70059274,   35.10722516,   43.00293653,     49.20113227], [  411.01061417,    3.70099247,  196.99575879,   90.83989876,    137.95927166,   79.23809796,   47.2595403 ,   24.70216949,     28.55140675,   31.64816118,   18.57002394,   24.95678135,     13.93327362], [  559.44122157,   73.87478096,  171.97870578,  118.60673563,     79.23809796,  114.42804418,   45.65835247,   27.83432722,     32.10785694,   18.78876822,   17.55000819,   18.59261422,     10.85574717], [  -13.26123828,   -4.73755239,   52.92280419,   20.73287786,     47.2595403 ,   45.65835247,   74.51604409,   49.94368526,     42.33647204,   35.56991262,   13.40953231,    8.29572115,      2.60170731], [   66.045089  ,   13.71111417,    6.49805602,    3.86129819,     24.70216949,   27.83432722,   49.94368526,   68.63178886,     47.06567768,   26.86020262,   14.7162756 ,    9.74647792,      6.03915357], [ -124.21398643,  -18.0166031 ,   10.30589055,   -1.61230475,     28.55140675,   32.10785694,   42.33647204,   47.06567768,     63.68005955,   37.6826044 ,   14.81795812,   11.00298539,      2.24472292], [  182.29913252,    8.03309159,   49.53687232,   11.70059274,     31.64816118,   18.78876822,   35.56991262,   26.86020262,     37.6826044 ,   65.26898512,   30.60281842,   20.60127152,     10.2087358 ], [  251.62446429,   13.88022175,   63.8952958 ,   35.10722516,     18.57002394,   17.55000819,   13.40953231,   14.7162756 ,     14.81795812,   30.60281842,   48.00656537,   30.46177246,     20.91266856], [  308.2706211 ,   24.8880334 ,   89.47323329,   43.00293653,     24.95678135,   18.59261422,    8.29572115,    9.74647792,     11.00298539,   20.60127152,   30.46177246,   62.48053766,     37.67135737], [  386.35867701,   37.18959217,   76.27134447,   49.20113227,     13.93327362,   10.85574717,    2.60170731,    6.03915357,      2.24472292,   10.2087358 ,   20.91266856,   37.67135737,     53.8630908 ]]
