/root/sim/music/out/Godiego/GOLDEN☆BEST [Disc 1]/09 ガンダーラ (2).mp3; [-602.57947   , 140.44624   ,   8.856167  ,   7.505043  , -11.03043   ,   -4.95289   ,   1.9952005 ,  -0.18748192,  -8.243199  ,  -2.7412097 ,   -6.0244308 ,  -3.361338  ,  -1.2581111 ]; [[15789.81238678, 1042.73835189, -273.42821082,  -69.66849728,   -201.26396363,  -49.50186884,   56.96062246,  -49.00097552,    -85.53260613,   26.53845365,  -66.10233833,  -82.70211377,    -84.51957553], [ 1042.73835189,  994.7665579 ,  -25.93340157,  -60.81448752,    -93.98875119,   16.26217601,   71.01288644,   79.87666808,     -4.54141471,   29.01129693,   29.3516025 ,    8.11264808,     17.05747906], [ -273.42821082,  -25.93340157,  342.61251676,  168.98333983,    105.60458597,   82.50859466,  -13.21395172,   11.59176543,     15.06576259,  -42.0755285 ,    9.350987  ,   34.81008481,      6.27442233], [  -69.66849728,  -60.81448752,  168.98333983,  353.05637054,    216.39124112,   36.0306614 ,  -44.27535057,   -7.83581268,     31.97474417,  -40.69998332,  -23.62565737,   19.65510438,     19.86652251], [ -201.26396363,  -93.98875119,  105.60458597,  216.39124112,    261.30984739,   50.43708141,  -37.64938202,   -6.26843143,     37.16403376,  -15.678273  ,  -15.92115813,   13.4986985 ,      7.67554569], [  -49.50186884,   16.26217601,   82.50859466,   36.0306614 ,     50.43708141,  146.74286585,   71.68724749,   25.14861969,     -2.48161965,   -8.70001018,   23.39986494,    3.38453084,    -14.03039316], [   56.96062246,   71.01288644,  -13.21395172,  -44.27535057,    -37.64938202,   71.68724749,  160.45322566,   65.16356263,     -5.97968016,   26.02464487,   27.67267811,   -6.95300364,     -2.7174816 ], [  -49.00097552,   79.87666808,   11.59176543,   -7.83581268,     -6.26843143,   25.14861969,   65.16356263,  107.16363271,     34.25292746,    9.00334844,   11.85977934,    3.74564394,      8.73396552], [  -85.53260613,   -4.54141471,   15.06576259,   31.97474417,     37.16403376,   -2.48161965,   -5.97968016,   34.25292746,     93.94531266,   29.27180106,   -4.77197886,    4.67642677,      6.61016123], [   26.53845365,   29.01129693,  -42.0755285 ,  -40.69998332,    -15.678273  ,   -8.70001018,   26.02464487,    9.00334844,     29.27180106,  101.62289946,   24.0250549 ,  -10.7484187 ,      1.71925559], [  -66.10233833,   29.3516025 ,    9.350987  ,  -23.62565737,    -15.92115813,   23.39986494,   27.67267811,   11.85977934,     -4.77197886,   24.0250549 ,   76.14357893,   22.44373587,     -8.8941333 ], [  -82.70211377,    8.11264808,   34.81008481,   19.65510438,     13.4986985 ,    3.38453084,   -6.95300364,    3.74564394,      4.67642677,  -10.7484187 ,   22.44373587,   63.082954  ,     15.82332652], [  -84.51957553,   17.05747906,    6.27442233,   19.86652251,      7.67554569,  -14.03039316,   -2.7174816 ,    8.73396552,      6.61016123,    1.71925559,   -8.8941333 ,   15.82332652,     67.45131199]]
/root/sim/music/out/Godiego/GOLDEN☆BEST [Disc 1]/02 イエロー・センター・ライン (2).mp3; [-577.48987   , 124.616554  , -15.423761  ,   8.360093  ,  -0.04898384,    1.7582139 ,  -8.851091  ,  -3.7919495 ,  -9.244106  ,  -0.58410287,   -6.020038  ,  -9.4063425 ,  -7.7396874 ]; [[12927.19063598,  737.46393125, -117.81034755,   57.48688332,     13.54166973,  201.41818289,  -82.38771697, -146.80436442,    -62.57898254,   99.71888808, -104.85730332, -140.02128554,    -60.92946558], [  737.46393125, 1195.45745015, -410.00085773,   75.36252273,     20.52440625,  -46.89865134,   49.16659561,   20.59797147,    -19.66254158,   -4.13708318,   39.17216386,  -33.9143786 ,    -33.14885115], [ -117.81034755, -410.00085773,  654.18758046,  -11.62589641,     13.18513383,   14.90186691,  -28.85900652,   11.02397227,    -27.31090232,    7.94687813,   -7.69657536,   29.44150196,     22.14546719], [   57.48688332,   75.36252273,  -11.62589641,  358.43441658,    178.84274776,   12.44107719,   -4.4561582 ,  -15.14265921,     42.99582917,   -6.06215743,  -35.82809621,   23.41708573,     -1.37619432], [   13.54166973,   20.52440625,   13.18513383,  178.84274776,    291.91068703,   49.00037666,   -6.98630124,   -1.1239338 ,     44.75650655,   13.34156891,   -8.80007946,   23.9897782 ,     -8.98513139], [  201.41818289,  -46.89865134,   14.90186691,   12.44107719,     49.00037666,  190.40498394,   80.56057594,   33.62992695,     11.70748843,   24.45743286,   49.29842086,   12.35538981,    -24.71779299], [  -82.38771697,   49.16659561,  -28.85900652,   -4.4561582 ,     -6.98630124,   80.56057594,  173.22827986,   51.81275304,     12.1430748 ,   14.3091701 ,   42.96794624,    4.24970321,     -8.93131003], [ -146.80436442,   20.59797147,   11.02397227,  -15.14265921,     -1.1239338 ,   33.62992695,   51.81275304,  117.51060479,     23.38638552,    9.2656205 ,   20.2628662 ,    0.58117138,      3.90477925], [  -62.57898254,  -19.66254158,  -27.31090232,   42.99582917,     44.75650655,   11.70748843,   12.1430748 ,   23.38638552,    115.69262051,   39.77150402,    1.35455955,    4.0700124 ,      5.99030048], [   99.71888808,   -4.13708318,    7.94687813,   -6.06215743,     13.34156891,   24.45743286,   14.3091701 ,    9.2656205 ,     39.77150402,   93.06749752,   40.17228666,    3.61292573,     -4.05917318], [ -104.85730332,   39.17216386,   -7.69657536,  -35.82809621,     -8.80007946,   49.29842086,   42.96794624,   20.2628662 ,      1.35455955,   40.17228666,  110.89432325,   29.40406319,    -13.84185312], [ -140.02128554,  -33.9143786 ,   29.44150196,   23.41708573,     23.9897782 ,   12.35538981,    4.24970321,    0.58117138,      4.0700124 ,    3.61292573,   29.40406319,   89.93211446,     29.27430533], [  -60.92946558,  -33.14885115,   22.14546719,   -1.37619432,     -8.98513139,  -24.71779299,   -8.93131003,    3.90477925,      5.99030048,   -4.05917318,  -13.84185312,   29.27430533,     90.49375651]]
/root/sim/music/out/Godiego/GOLDEN☆BEST [Disc 1]/06 イエス・アイ・サンキュー (MONO) (2).mp3; [-730.8209    , 161.15773   ,   7.94405   ,   4.338317  ,  -4.862147  ,   -3.888693  ,  -0.93446577,  -5.4182334 ,  -9.44049   ,  -9.940597  ,   -5.220766  ,  -9.293605  ,  -4.178185  ]; [[21867.9696339 , 2242.65703803,-1590.71012098, -784.58854966,   -540.57193202, -290.41686045,   48.01282324,   66.64503359,   -472.65349954, -406.2785918 , -227.94582403, -450.16239614,   -274.77063794], [ 2242.65703803, 2213.33701201, -224.21192085,   80.85199747,     27.85314719,  -79.90451214,   15.19468694,  -39.15436873,    -27.38181627,  -33.07705356,  -44.72695717,  -45.11671567,      3.77960938], [-1590.71012098, -224.21192085,  741.16821375,  178.51465518,     61.16582427,   97.26521608,    0.03161261,  -26.65815901,     72.1913825 ,   -1.98995836,   20.86326961,   46.43003575,     44.78537817], [ -784.58854966,   80.85199747,  178.51465518,  411.49909445,     94.61169756,   31.10963416,  -40.60301421,  -65.98810516,     71.05791756,   16.67246962,  -20.43913321,    2.14719784,      6.73879275], [ -540.57193202,   27.85314719,   61.16582427,   94.61169756,    229.05663339,   23.95228815,  -32.98824179,  -33.20254633,     31.16547897,   53.8817645 ,    1.36546403,   -3.77084104,      3.63633592], [ -290.41686045,  -79.90451214,   97.26521608,   31.10963416,     23.95228815,  131.58019227,   15.8437784 ,   -9.19903201,     30.54075318,    3.28752935,   16.64598153,   15.88192057,     -1.85259079], [   48.01282324,   15.19468694,    0.03161261,  -40.60301421,    -32.98824179,   15.8437784 ,  142.89980969,   69.72030311,    -18.26663983,   -5.8288046 ,    0.08510162,   21.75021176,      6.01246891], [   66.64503359,  -39.15436873,  -26.65815901,  -65.98810516,    -33.20254633,   -9.19903201,   69.72030311,  144.19406056,     -7.07241741,   -6.75020158,    6.49813744,   14.48295574,      8.79831646], [ -472.65349954,  -27.38181627,   72.1913825 ,   71.05791756,     31.16547897,   30.54075318,  -18.26663983,   -7.07241741,    105.71734333,   27.73991543,    2.68303391,    5.07438537,      0.63477088], [ -406.2785918 ,  -33.07705356,   -1.98995836,   16.67246962,     53.8817645 ,    3.28752935,   -5.8288046 ,   -6.75020158,     27.73991543,  126.55304709,   28.89348711,   10.92673994,     -4.00692879], [ -227.94582403,  -44.72695717,   20.86326961,  -20.43913321,      1.36546403,   16.64598153,    0.08510162,    6.49813744,      2.68303391,   28.89348711,   79.76588918,   28.2685071 ,      4.23147669], [ -450.16239614,  -45.11671567,   46.43003575,    2.14719784,     -3.77084104,   15.88192057,   21.75021176,   14.48295574,      5.07438537,   10.92673994,   28.2685071 ,   87.76201994,     16.2601092 ], [ -274.77063794,    3.77960938,   44.78537817,    6.73879275,      3.63633592,   -1.85259079,    6.01246891,    8.79831646,      0.63477088,   -4.00692879,    4.23147669,   16.2601092 ,     77.36221435]]
/root/sim/music/out/Godiego/GOLDEN☆BEST [Disc 1]/15 はるかな旅へ (2).mp3; [-575.92554  , 119.46998  ,  -7.08048  ,  28.582571 ,   0.5996259,    6.8315434,   1.2230214,   1.5149145,  -1.1734498,  -1.6729782,   -4.5711246,  -7.894408 ,  -2.4066405]; [[14062.51698996,  835.8752906 , -456.49506625,    4.84971397,   -276.90582275,   20.89942687,  -73.01294659, -141.10879703,   -176.16058152,    8.54903508,  -65.71527378, -146.95723913,    -11.47202401], [  835.8752906 ,  948.27552268, -129.45794104,  -16.8423801 ,     26.87074064,    4.51507363,   34.74101308,   31.84990954,    -39.42928876,   12.45082392,   26.66447018,  -24.67532331,     13.11683336], [ -456.49506625, -129.45794104,  342.26000141,   94.56188186,     50.24050395,   13.16128015,   11.24002169,   11.65165616,     10.11654609,  -13.46122958,   -9.92258282,   11.49718404,    -15.76947381], [    4.84971397,  -16.8423801 ,   94.56188186,  287.41588049,     83.55264478,   30.32482398,   -2.22573352,    8.97232341,     40.8107861 ,    1.97027874,  -26.18286936,   -0.45809628,    -10.04934749], [ -276.90582275,   26.87074064,   50.24050395,   83.55264478,    176.21484874,   25.12778131,  -13.83887309,    3.25668774,     28.74894994,    9.64845792,   -1.13267707,    4.05803264,     -6.60663481], [   20.89942687,    4.51507363,   13.16128015,   30.32482398,     25.12778131,  128.58259109,   51.15227843,   16.69786793,      4.54813363,    6.4140674 ,   12.55758768,   -1.15209187,     -6.42379716], [  -73.01294659,   34.74101308,   11.24002169,   -2.22573352,    -13.83887309,   51.15227843,  114.40255832,   39.63505843,     -9.35167035,    7.05119566,   17.14175757,    0.83390998,     -0.82330524], [ -141.10879703,   31.84990954,   11.65165616,    8.97232341,      3.25668774,   16.69786793,   39.63505843,   97.12574885,     27.39412405,    5.24369844,    8.0665859 ,    3.64754458,      5.38224153], [ -176.16058152,  -39.42928876,   10.11654609,   40.8107861 ,     28.74894994,    4.54813363,   -9.35167035,   27.39412405,     96.00074637,   22.51354628,   -6.13120424,    4.3531995 ,     -3.79194923], [    8.54903508,   12.45082392,  -13.46122958,    1.97027874,      9.64845792,    6.4140674 ,    7.05119566,    5.24369844,     22.51354628,   78.39097716,   29.14707188,   -7.2374797 ,     -2.72009897], [  -65.71527378,   26.66447018,   -9.92258282,  -26.18286936,     -1.13267707,   12.55758768,   17.14175757,    8.0665859 ,     -6.13120424,   29.14707188,   65.17799768,   12.64501867,      0.32742733], [ -146.95723913,  -24.67532331,   11.49718404,   -0.45809628,      4.05803264,   -1.15209187,    0.83390998,    3.64754458,      4.3531995 ,   -7.2374797 ,   12.64501867,   68.74733579,     25.82365669], [  -11.47202401,   13.11683336,  -15.76947381,  -10.04934749,     -6.60663481,   -6.42379716,   -0.82330524,    5.38224153,     -3.79194923,   -2.72009897,    0.32742733,   25.82365669,     65.57201934]]
/root/sim/music/out/Godiego/GOLDEN☆BEST [Disc 1]/05 君は恋のチェリー (2).mp3; [-624.13135   , 115.56376   ,   1.175337  ,  27.409798  ,   1.1433774 ,   10.188056  ,  -1.2434771 ,   0.2989581 ,  -0.08770101,  -2.359886  ,   -3.5587828 ,  -3.760459  ,  -3.7919712 ]; [[27722.0661875 ,  700.09413844, -745.75916268,  280.07123518,   -615.57569033, -235.61745419, -581.3462402 , -142.16207889,    210.83894133, -152.74006164, -266.97419798, -143.59029506,    120.09357531], [  700.09413844, 1358.04639288, -152.82295195,  -17.20969122,     71.91715684,   43.80250733,   95.8840794 ,   15.75264045,    -47.04533866,   25.71782993,   34.43471033,   37.43712696,    -22.92275666], [ -745.75916268, -152.82295195,  372.70665123,   87.06890022,      0.31865508,   27.09472777,   29.51118099,   28.21270699,    -38.00404604,   -2.05969576,   19.98239936,   12.14637424,     -2.20847965], [  280.07123518,  -17.20969122,   87.06890022,  320.71455796,     70.90958354,  -36.04348422,  -76.44020813,    4.06989454,     28.65763641,  -31.1920163 ,  -47.1623064 ,   41.68633065,     28.01148167], [ -615.57569033,   71.91715684,    0.31865508,   70.90958354,    221.81655178,   19.7355549 ,  -11.80059463,   -7.31438791,     14.35996797,   12.34559208,  -16.46112283,   31.58559681,     -1.60577779], [ -235.61745419,   43.80250733,   27.09472777,  -36.04348422,     19.7355549 ,  171.06782747,   99.72743148,   19.38945001,    -21.96136554,   33.02768822,   47.89344766,  -15.39337163,    -31.19114928], [ -581.3462402 ,   95.8840794 ,   29.51118099,  -76.44020813,    -11.80059463,   99.72743148,  187.09335891,   48.89150427,    -44.43682069,   22.93551094,   50.83788389,   -9.20025193,    -27.72277468], [ -142.16207889,   15.75264045,   28.21270699,    4.06989454,     -7.31438791,   19.38945001,   48.89150427,   86.89032705,     12.51378436,    8.10619664,   13.19138322,    9.25049216,      4.10711762], [  210.83894133,  -47.04533866,  -38.00404604,   28.65763641,     14.35996797,  -21.96136554,  -44.43682069,   12.51378436,     97.78480048,   17.47103684,  -19.59709749,    2.58411492,     12.21251993], [ -152.74006164,   25.71782993,   -2.05969576,  -31.1920163 ,     12.34559208,   33.02768822,   22.93551094,    8.10619664,     17.47103684,   87.20465416,   42.00237104,  -12.09492098,     -9.62737589], [ -266.97419798,   34.43471033,   19.98239936,  -47.1623064 ,    -16.46112283,   47.89344766,   50.83788389,   13.19138322,    -19.59709749,   42.00237104,   94.6279786 ,    6.6491899 ,     -9.48454506], [ -143.59029506,   37.43712696,   12.14637424,   41.68633065,     31.58559681,  -15.39337163,   -9.20025193,    9.25049216,      2.58411492,  -12.09492098,    6.6491899 ,   84.05790357,     35.4156489 ], [  120.09357531,  -22.92275666,   -2.20847965,   28.01148167,     -1.60577779,  -31.19114928,  -27.72277468,    4.10711762,     12.21251993,   -9.62737589,   -9.48454506,   35.4156489 ,     78.5211058 ]]
/root/sim/music/out/Godiego/GOLDEN☆BEST [Disc 1]/11 モンキー・マジック (2).mp3; [-567.27094  ,  95.21026  , -10.219598 ,  21.94599  ,   1.4433141,    1.067459 ,  -1.8095812,   2.804184 ,  -1.4280761,  -1.6118195,   -3.8562279,  -3.1792178,  -1.5570444]; [[16107.86869891, 1432.38044416, -283.06616816,   59.61738912,    -47.09109985, -223.47626765,   -0.12907957,  -89.18085317,    -26.25166464,   51.25669583,   72.29836054,   -9.16628926,   -131.79623483], [ 1432.38044416, 1031.88895681, -129.93445826,   49.23845553,    -34.7153701 ,  -74.8484778 ,  -17.9253248 ,  -12.55231394,     -5.4638034 ,   19.87761487,   26.43555048,   27.9294414 ,     37.72398037], [ -283.06616816, -129.93445826,  272.67541596,   65.20264666,     51.85325728,   58.54059654,   35.94618216,   14.28027897,     19.96588147,    1.48219514,    3.36322902,   20.61613132,      4.22575212], [   59.61738912,   49.23845553,   65.20264666,  217.23338316,     74.54381592,   25.7753455 ,  -12.99199002,   22.80183802,      1.51468329,   -1.4593946 ,   -7.44384303,    7.58032528,      5.14694035], [  -47.09109985,  -34.7153701 ,   51.85325728,   74.54381592,    149.11641737,   38.39152389,   21.42995427,   15.97317221,     22.14653041,    4.12710252,    3.27434583,    7.4893992 ,     -2.52192284], [ -223.47626765,  -74.8484778 ,   58.54059654,   25.7753455 ,     38.39152389,  130.23614504,   56.81933407,   35.7758418 ,     13.90137297,   17.54703645,   11.68065724,   15.00185471,     -2.9490895 ], [   -0.12907957,  -17.9253248 ,   35.94618216,  -12.99199002,     21.42995427,   56.81933407,  119.70509864,   58.20750835,     16.53764117,    7.24695759,   19.42578549,   12.31454259,      2.13185451], [  -89.18085317,  -12.55231394,   14.28027897,   22.80183802,     15.97317221,   35.7758418 ,   58.20750835,  122.98355189,     55.26257458,   15.26113767,    2.29810788,    9.50835834,      8.54335097], [  -26.25166464,   -5.4638034 ,   19.96588147,    1.51468329,     22.14653041,   13.90137297,   16.53764117,   55.26257458,    104.91159055,   45.99777086,   -0.77284822,   -0.4038689 ,      8.77277599], [   51.25669583,   19.87761487,    1.48219514,   -1.4593946 ,      4.12710252,   17.54703645,    7.24695759,   15.26113767,     45.99777086,   93.69795641,   35.2419598 ,    0.44414148,     -6.94485472], [   72.29836054,   26.43555048,    3.36322902,   -7.44384303,      3.27434583,   11.68065724,   19.42578549,    2.29810788,     -0.77284822,   35.2419598 ,   87.233415  ,   34.18595725,     -8.01747192], [   -9.16628926,   27.9294414 ,   20.61613132,    7.58032528,      7.4893992 ,   15.00185471,   12.31454259,    9.50835834,     -0.4038689 ,    0.44414148,   34.18595725,   87.3422041 ,     28.89464567], [ -131.79623483,   37.72398037,    4.22575212,    5.14694035,     -2.52192284,   -2.9490895 ,    2.13185451,    8.54335097,      8.77277599,   -6.94485472,   -8.01747192,   28.89464567,     80.11897618]]
/root/sim/music/out/Godiego/GOLDEN☆BEST [Disc 1]/14 ビューティフル・ネーム (英語) (2).mp3; [-601.51636  , 130.79039  , -21.309935 ,   4.392334 ,  -4.568422 ,   -3.5162106,  -1.5998951,  -6.0634785,  -4.3248115,  -2.2913914,   -6.1296334,  -6.791766 ,  -8.131112 ]; [[19122.44967816, 1881.89255556, -957.57752157,   -2.0744828 ,   -192.86225769,   55.33729493,  107.99413307,  -80.95601744,   -148.05505892,  -58.77054433, -146.93364927, -194.6715314 ,   -161.51969392], [ 1881.89255556, 1185.76839758, -182.48989018,  -57.27522249,    -43.24783161,   18.84887053,   60.06486674,   37.68855589,      8.92198709,   22.53115408,   32.70066691,  -19.81514133,     -8.66328076], [ -957.57752157, -182.48989018,  616.86958392,  124.91154103,     94.95562679,   31.27149359,   22.28383348,    2.69420936,    -12.89384687,   -0.69128315,    8.14284767,   21.54915776,      6.86626355], [   -2.0744828 ,  -57.27522249,  124.91154103,  315.11030945,    165.38825873,   14.14152319,  -45.33565204,  -15.27063161,     27.43726759,   -3.97735827,  -22.48792   ,    6.36167373,    -17.52163376], [ -192.86225769,  -43.24783161,   94.95562679,  165.38825873,    261.33779051,   54.64197339,  -49.91833714,  -20.00109225,     38.00162605,    9.76954171,   -2.24298634,   15.32320747,    -17.80696567], [   55.33729493,   18.84887053,   31.27149359,   14.14152319,     54.64197339,  142.30490014,   71.97847759,   21.3357083 ,     -2.75123848,    4.31550802,   10.89604522,   -6.20814244,      0.23295295], [  107.99413307,   60.06486674,   22.28383348,  -45.33565204,    -49.91833714,   71.97847759,  187.05988137,   65.2142181 ,    -25.73445761,   -6.2163813 ,    4.01814039,  -18.59724709,      6.03651482], [  -80.95601744,   37.68855589,    2.69420936,  -15.27063161,    -20.00109225,   21.3357083 ,   65.2142181 ,  108.91336499,     27.66734377,   -6.92138447,   -4.3109341 ,  -11.13503955,      4.57072007], [ -148.05505892,    8.92198709,  -12.89384687,   27.43726759,     38.00162605,   -2.75123848,  -25.73445761,   27.66734377,    105.7191209 ,   41.0318354 ,    5.12978629,   -0.62223464,    -13.03620788], [  -58.77054433,   22.53115408,   -0.69128315,   -3.97735827,      9.76954171,    4.31550802,   -6.2163813 ,   -6.92138447,     41.0318354 ,   93.21492799,   38.10019391,    1.02808762,    -10.99436409], [ -146.93364927,   32.70066691,    8.14284767,  -22.48792   ,     -2.24298634,   10.89604522,    4.01814039,   -4.3109341 ,      5.12978629,   38.10019391,   88.26068278,   29.41352867,     -6.49584666], [ -194.6715314 ,  -19.81514133,   21.54915776,    6.36167373,     15.32320747,   -6.20814244,  -18.59724709,  -11.13503955,     -0.62223464,    1.02808762,   29.41352867,   73.44434797,     27.92483965], [ -161.51969392,   -8.66328076,    6.86626355,  -17.52163376,    -17.80696567,    0.23295295,    6.03651482,    4.57072007,    -13.03620788,  -10.99436409,   -6.49584666,   27.92483965,     88.45531246]]
/root/sim/music/out/Godiego/GOLDEN☆BEST [Disc 1]/07 ミラージュのテーマ (2).mp3; [-597.85016   , 103.45361   ,   0.65101546,  26.941927  ,   4.2408442 ,    1.7554954 ,  -2.282523  ,   3.6682322 ,  -0.7457035 ,  -2.314077  ,   -4.064773  ,  -4.359717  ,  -4.8384547 ]; [[21476.2796706 , 1099.04177192, -276.09921387,   33.09585973,   -142.70906609,   70.55961433, -144.96095151,  -84.67309125,   -123.44078415,  -61.82660089,  -15.95874391,  -59.61612024,    -82.78112162], [ 1099.04177192, 1177.7193715 , -256.14173163,  -88.1416658 ,    -30.50946387,  -15.83961227,   82.83491262,   78.4780695 ,     15.65121508,   13.16184986,   41.11229149,   37.15650425,     -6.30282575], [ -276.09921387, -256.14173163,  544.90737938,  174.44951275,     85.21421402,   56.07418853,   23.08332231,  -28.32708444,    -20.55967091,   -6.06153761,    4.8376341 ,   -4.24870574,      7.21101832], [   33.09585973,  -88.1416658 ,  174.44951275,  407.74709113,    162.86971832,   20.29485459,  -45.04692497,  -15.91664914,     43.42238035,  -14.09380248,  -34.08845015,    6.70062709,      2.29109669], [ -142.70906609,  -30.50946387,   85.21421402,  162.86971832,    259.65648328,   35.70161287,  -65.59217216,  -29.79067419,     71.86797491,   17.56526202,  -23.27613694,    4.43770745,      8.29371403], [   70.55961433,  -15.83961227,   56.07418853,   20.29485459,     35.70161287,  132.34158097,   70.85697584,    6.30158021,     -6.99075616,   11.26766528,   26.84624795,    1.97474453,    -10.1735182 ], [ -144.96095151,   82.83491262,   23.08332231,  -45.04692497,    -65.59217216,   70.85697584,  184.59971911,   69.39952105,    -32.78200082,    4.82319528,   45.59349446,   13.46948645,     -6.84888995], [  -84.67309125,   78.4780695 ,  -28.32708444,  -15.91664914,    -29.79067419,    6.30158021,   69.39952105,  108.92943496,     28.75646917,   10.45257007,   11.4369836 ,   16.92940147,     10.55034571], [ -123.44078415,   15.65121508,  -20.55967091,   43.42238035,     71.86797491,   -6.99075616,  -32.78200082,   28.75646917,    121.8023393 ,   41.56189482,   -6.37398703,    6.76127201,      7.35143617], [  -61.82660089,   13.16184986,   -6.06153761,  -14.09380248,     17.56526202,   11.26766528,    4.82319528,   10.45257007,     41.56189482,   83.47588019,   38.52284333,    5.08849681,      3.65574354], [  -15.95874391,   41.11229149,    4.8376341 ,  -34.08845015,    -23.27613694,   26.84624795,   45.59349446,   11.4369836 ,     -6.37398703,   38.52284333,   86.75325044,   33.14794257,      2.18923017], [  -59.61612024,   37.15650425,   -4.24870574,    6.70062709,      4.43770745,    1.97474453,   13.46948645,   16.92940147,      6.76127201,    5.08849681,   33.14794257,   74.19541904,     31.03104692], [  -82.78112162,   -6.30282575,    7.21101832,    2.29109669,      8.29371403,  -10.1735182 ,   -6.84888995,   10.55034571,      7.35143617,    3.65574354,    2.18923017,   31.03104692,     63.32826542]]
/root/sim/music/out/Godiego/GOLDEN☆BEST [Disc 1]/16 トライ・トゥ・ウエイク・アップ・トゥ・ア・モーニング (2).mp3; [-651.0986    , 145.27312   , -12.986921  ,  17.806711  ,  -8.012611  ,   -0.40101367,  -5.0823874 ,  -5.597516  ,  -6.457133  ,   1.5565199 ,   -2.4007325 ,  -3.5090504 ,   0.91607356]; [[9752.27311464, 348.9079113 ,  78.59849133,  -2.11276472,-162.43515062,   163.23971484, 113.00376371,  88.00019023, 108.8201788 ,  93.26900016,    72.72726536, -19.17395742,  39.84712653], [ 348.9079113 ,1644.29924266,-191.13208915, 126.48230439, 101.87680196,    43.08459538,  36.29226063, 105.38911189,  18.06926549,  37.40436122,     6.00531121,  15.4207623 , -17.33372467], [  78.59849133,-191.13208915, 505.60634898,  33.40028442,  83.12777366,    67.60040186,  60.1513391 ,  21.50135105,  40.7964417 ,  -3.37902123,    33.72372461,  13.36380091,   3.46331109], [  -2.11276472, 126.48230439,  33.40028442, 493.65080947, 236.69596552,   108.53317945,  57.5611951 ,  67.60653829,  50.26432574,  35.71662982,   -30.06815654,   8.96529564, -10.36435432], [-162.43515062, 101.87680196,  83.12777366, 236.69596552, 306.00368403,   112.39251726,  43.09705854,  33.03429302,  49.90898538,  25.73313203,   -14.10224484,   9.5544608 , -19.46771792], [ 163.23971484,  43.08459538,  67.60040186, 108.53317945, 112.39251726,   203.68093834, 103.65205317,  57.29921676,  54.80027586,  33.43204542,    17.21107574,  -1.8949856 , -15.58425843], [ 113.00376371,  36.29226063,  60.1513391 ,  57.5611951 ,  43.09705854,   103.65205317, 221.36929063,  89.8132503 ,  40.69306819,  37.94219455,    43.49509438,  16.83770337,  17.13978541], [  88.00019023, 105.38911189,  21.50135105,  67.60653829,  33.03429302,    57.29921676,  89.8132503 , 142.67049624,  58.26367911,  20.40513804,     9.2672838 ,  11.51763793,  13.55245329], [ 108.8201788 ,  18.06926549,  40.7964417 ,  50.26432574,  49.90898538,    54.80027586,  40.69306819,  58.26367911, 129.7247538 ,  44.38668314,    10.14393405,   5.54855661,  -4.62577539], [  93.26900016,  37.40436122,  -3.37902123,  35.71662982,  25.73313203,    33.43204542,  37.94219455,  20.40513804,  44.38668314, 101.86573832,    37.61146322,  16.77298696,  10.5036827 ], [  72.72726536,   6.00531121,  33.72372461, -30.06815654, -14.10224484,    17.21107574,  43.49509438,   9.2672838 ,  10.14393405,  37.61146322,   104.07927498,  41.93508146,  22.27918891], [ -19.17395742,  15.4207623 ,  13.36380091,   8.96529564,   9.5544608 ,    -1.8949856 ,  16.83770337,  11.51763793,   5.54855661,  16.77298696,    41.93508146,  89.91025419,  40.78933746], [  39.84712653, -17.33372467,   3.46331109, -10.36435432, -19.46771792,   -15.58425843,  17.13978541,  13.55245329,  -4.62577539,  10.5036827 ,    22.27918891,  40.78933746,  98.70680949]]
/root/sim/music/out/Godiego/GOLDEN☆BEST [Disc 1]/12 ア・フール! (2).mp3; [-643.12494   , 129.49922   ,  -6.188028  ,  19.282944  ,  -1.030788  ,    0.05461258,  -2.4104443 ,  -6.6437726 ,  -4.156912  ,  -2.415632  ,   -4.0073385 ,  -5.5247693 ,  -6.4221926 ]; [[21091.97157243, -315.00162127, -113.77210919,  216.45108885,   -208.15641865,  -31.06747472, -241.52971869, -201.6455199 ,   -223.33925637, -215.0460994 ,   27.6798526 ,  121.40292208,   -124.63844918], [ -315.00162127, 2129.58506763, -113.61225078,  120.81793254,     39.47249386,    5.44172429,   50.00766548,   12.51210418,    -36.48290235,   -5.71809279,  -81.30278544,  -63.25992502,     27.7367199 ], [ -113.77210919, -113.61225078,  779.81612445,  132.60776715,    161.61846383,   53.53980179,   18.13313499,   22.13139494,      6.19441585,  -49.45051863,  -84.11470667,  -31.70680117,      0.74298079], [  216.45108885,  120.81793254,  132.60776715,  395.1763045 ,    154.61832496,   51.87508046,  -15.12198968,   -7.81755656,    -18.60885699,   -5.10799995,  -30.08657353,  -15.51143586,     -8.01780463], [ -208.15641865,   39.47249386,  161.61846383,  154.61832496,    314.53202519,  106.88880923,   17.62137425,  -13.42692973,     17.19731253,   -9.28466544,  -11.13276177,   34.58396134,    -12.7772844 ], [  -31.06747472,    5.44172429,   53.53980179,   51.87508046,    106.88880923,  206.7469042 ,   68.93614679,    3.60200545,     -3.22698003,   11.29971103,    6.25288363,   15.85122439,     -5.07805368], [ -241.52971869,   50.00766548,   18.13313499,  -15.12198968,     17.62137425,   68.93614679,  248.82802278,  129.04640899,    -12.63984128,  -28.58686559,  -23.12829744,  -36.8918332 ,      5.40513827], [ -201.6455199 ,   12.51210418,   22.13139494,   -7.81755656,    -13.42692973,    3.60200545,  129.04640899,  208.60958666,     44.35397486,  -23.672071  ,  -31.30729692,  -43.00069453,     -3.90126316], [ -223.33925637,  -36.48290235,    6.19441585,  -18.60885699,     17.19731253,   -3.22698003,  -12.63984128,   44.35397486,    150.55582153,   46.03355448,    3.27104166,    1.58630935,    -16.68868011], [ -215.0460994 ,   -5.71809279,  -49.45051863,   -5.10799995,     -9.28466544,   11.29971103,  -28.58686559,  -23.672071  ,     46.03355448,  128.66164305,   50.50900303,    8.25326007,     -7.85657693], [   27.6798526 ,  -81.30278544,  -84.11470667,  -30.08657353,    -11.13276177,    6.25288363,  -23.12829744,  -31.30729692,      3.27104166,   50.50900303,  134.88854843,   51.82285234,     -4.12597129], [  121.40292208,  -63.25992502,  -31.70680117,  -15.51143586,     34.58396134,   15.85122439,  -36.8918332 ,  -43.00069453,      1.58630935,    8.25326007,   51.82285234,  140.72388694,     35.09741238], [ -124.63844918,   27.7367199 ,    0.74298079,   -8.01780463,    -12.7772844 ,   -5.07805368,    5.40513827,   -3.90126316,    -16.68868011,   -7.85657693,   -4.12597129,   35.09741238,     95.62169954]]
/root/sim/music/out/Godiego/GOLDEN☆BEST [Disc 1]/10 セレブレイション (2).mp3; [-575.50055   , 119.91348   , -21.697977  ,  12.792796  ,   3.0083199 ,    8.562773  ,   3.2823043 ,   3.118144  ,  -0.21222395,   2.100208  ,   -2.164873  ,  -0.62003934,  -2.1701071 ]; [[14653.15914173,  696.25182691, -500.44460935, -332.44752046,   -338.36872312,  -70.79796745,   -1.83917123,  -75.35010565,   -120.31574188,   92.58331936,  -86.46991467,  -56.16978506,    -15.27588752], [  696.25182691,  946.64144084, -155.92182985,   78.0284147 ,     20.59784138,   51.09226073,   25.88744999,   20.6700837 ,    -31.89643978,  -17.48063221,   -1.28216632,   30.54894754,     25.60600701], [ -500.44460935, -155.92182985,  356.23499802,  101.48217183,    103.7523753 ,   41.08333176,    9.13780963,   -1.85788972,      5.61068694,  -59.11932075,    1.21971349,    9.28741994,      6.72488758], [ -332.44752046,   78.0284147 ,  101.48217183,  287.05590225,    123.0351588 ,   49.8665083 ,  -31.81748713,    0.3680946 ,     17.61695205,  -45.83923948,  -22.72674775,    0.55226781,     -7.13721086], [ -338.36872312,   20.59784138,  103.7523753 ,  123.0351588 ,    184.47400499,   46.02551092,   -7.35548156,    6.97174008,     24.07721686,  -28.76269822,  -10.78964276,    8.30892929,     -3.89910793], [  -70.79796745,   51.09226073,   41.08333176,   49.8665083 ,     46.02551092,  121.13656854,   47.96201784,   30.87077786,     14.2643558 ,  -16.69669251,    5.21321556,   -0.81606023,     -8.89077343], [   -1.83917123,   25.88744999,    9.13780963,  -31.81748713,     -7.35548156,   47.96201784,  119.71625613,   53.49100052,      4.68112816,   13.70150948,   21.17953838,   -1.73663515,    -11.36442319], [  -75.35010565,   20.6700837 ,   -1.85788972,    0.3680946 ,      6.97174008,   30.87077786,   53.49100052,   91.86201902,     36.73159783,   13.48884877,   13.29966286,   -0.22913293,     -8.58373368], [ -120.31574188,  -31.89643978,    5.61068694,   17.61695205,     24.07721686,   14.2643558 ,    4.68112816,   36.73159783,     91.95322744,   37.1098321 ,    8.20635278,  -11.81847877,     -8.38561809], [   92.58331936,  -17.48063221,  -59.11932075,  -45.83923948,    -28.76269822,  -16.69669251,   13.70150948,   13.48884877,     37.1098321 ,  113.27411699,   35.03073291,   -8.03501782,    -10.00969453], [  -86.46991467,   -1.28216632,    1.21971349,  -22.72674775,    -10.78964276,    5.21321556,   21.17953838,   13.29966286,      8.20635278,   35.03073291,   69.62036759,   18.26476515,     -6.30848232], [  -56.16978506,   30.54894754,    9.28741994,    0.55226781,      8.30892929,   -0.81606023,   -1.73663515,   -0.22913293,    -11.81847877,   -8.03501782,   18.26476515,   63.61774027,     29.60542848], [  -15.27588752,   25.60600701,    6.72488758,   -7.13721086,     -3.89910793,   -8.89077343,  -11.36442319,   -8.58373368,     -8.38561809,  -10.00969453,   -6.30848232,   29.60542848,     67.3339842 ]]
/root/sim/music/out/Godiego/GOLDEN☆BEST [Disc 1]/03 シンフォニカ (2).mp3; [-596.84015   , 126.2978    ,  -7.677226  ,   4.1882906 ,  -5.14747   ,   10.614055  ,   5.12174   ,   0.03279527,  -6.147544  ,  -4.613767  ,   -1.2162952 ,  -5.6073914 ,  -5.0707583 ]; [[17493.38678276,  204.64702401, -465.09776182, -265.83690772,   -305.60361605,  113.20919502,  -75.31037165, -120.49980318,   -167.76241325, -143.13821259, -181.77899062, -120.49433941,    -17.35846139], [  204.64702401, 1245.97520752, -306.92473756,  -18.63071391,      2.74837005,  -31.58401743,   69.99257129,   33.95489564,     -6.80849035,  -21.24738741,   47.45546189,  -20.4254813 ,      3.64089441], [ -465.09776182, -306.92473756,  960.54337535,  378.37669811,    223.58911478,  162.87985808,  126.37229078,   64.15615199,     31.94668827,   21.54415146,  -29.37568066,   58.49005014,    -90.40099005], [ -265.83690772,  -18.63071391,  378.37669811,  435.76306882,    215.33411524,   52.77749707,   -0.27668054,   -0.8811649 ,     33.79939279,  -23.7385503 ,  -60.85312078,   10.05905612,    -28.87738845], [ -305.60361605,    2.74837005,  223.58911478,  215.33411524,    284.55215723,   85.86137339,    1.54725007,  -15.33040469,     42.05516994,   14.57170213,  -34.92994165,   15.90522448,    -24.23099873], [  113.20919502,  -31.58401743,  162.87985808,   52.77749707,     85.86137339,  192.63940476,  105.77443732,   39.14261081,     32.71239604,   34.54358122,   27.04330842,   15.45944784,    -41.38416319], [  -75.31037165,   69.99257129,  126.37229078,   -0.27668054,      1.54725007,  105.77443732,  209.14803937,  100.1182814 ,     32.34762626,   29.20278194,   48.71646594,   26.96266182,    -30.03898913], [ -120.49980318,   33.95489564,   64.15615199,   -0.8811649 ,    -15.33040469,   39.14261081,  100.1182814 ,  128.22432569,     43.85448935,   15.41857814,   26.09237051,   19.17913125,     -0.01550005], [ -167.76241325,   -6.80849035,   31.94668827,   33.79939279,     42.05516994,   32.71239604,   32.34762626,   43.85448935,    114.29173865,   43.64363711,    5.80668177,   14.38180357,     -1.62229884], [ -143.13821259,  -21.24738741,   21.54415146,  -23.7385503 ,     14.57170213,   34.54358122,   29.20278194,   15.41857814,     43.64363711,   96.10496524,   40.43836638,   10.94941613,     -5.03791468], [ -181.77899062,   47.45546189,  -29.37568066,  -60.85312078,    -34.92994165,   27.04330842,   48.71646594,   26.09237051,      5.80668177,   40.43836638,   94.43744276,   23.11247455,      1.43584537], [ -120.49433941,  -20.4254813 ,   58.49005014,   10.05905612,     15.90522448,   15.45944784,   26.96266182,   19.17913125,     14.38180357,   10.94941613,   23.11247455,   81.52165746,     29.08086661], [  -17.35846139,    3.64089441,  -90.40099005,  -28.87738845,    -24.23099873,  -41.38416319,  -30.03898913,   -0.01550005,     -1.62229884,   -5.03791468,    1.43584537,   29.08086661,    111.06601687]]
/root/sim/music/out/Godiego/GOLDEN☆BEST [Disc 1]/08 水滸伝のテーマ (2).mp3; [-599.9419   , 104.95948  ,   4.4009075,  21.312721 ,   7.754852 ,    8.720397 ,   2.394895 ,   8.55307  ,  -1.4063643,   0.4935525,   -3.3500457,  -3.1887224,  -1.3999753]; [[15268.13719398,  936.53579293, -478.17886798,  241.82533057,    306.64032095,  197.57976154,  -31.20388745,  -10.93381483,    -85.51888965,   39.68586594,  -74.81254279, -128.97438668,    -54.17563055], [  936.53579293, 1332.74068415,  -98.07837026,  204.11787029,     36.74666663,  135.54683986,   24.47896856,  102.07670346,     56.95041477,   38.4866764 ,   11.45040698,  -11.92376393,     19.74721495], [ -478.17886798,  -98.07837026,  849.4696391 ,  113.79452192,    128.44302318,   93.38657251,  134.58053626,    9.48768393,     73.15653451,  -39.08319152,   33.57998487,   66.15732485,     -5.8519175 ], [  241.82533057,  204.11787029,  113.79452192,  435.86142989,     94.43018331,   74.37537745,    7.87482853,   60.85826753,     64.32781754,   -0.81556138,  -17.22455455,    0.96724437,     25.70664431], [  306.64032095,   36.74666663,  128.44302318,   94.43018331,    284.26934988,   15.87388777,   10.53910126,  -20.26855781,     43.76281837,   -1.74553376,    2.05723674,   -4.77468166,     16.17863472], [  197.57976154,  135.54683986,   93.38657251,   74.37537745,     15.87388777,  185.93867723,   61.14474548,   38.53021669,     24.689014  ,   30.55951414,   18.87187055,    7.82012056,    -10.70544357], [  -31.20388745,   24.47896856,  134.58053626,    7.87482853,     10.53910126,   61.14474548,  168.03732913,   48.85861484,     15.24957523,   14.42392669,   18.1884582 ,   23.43780776,    -18.02222349], [  -10.93381483,  102.07670346,    9.48768393,   60.85826753,    -20.26855781,   38.53021669,   48.85861484,  127.20881594,     39.04718999,   14.77387989,    1.94511368,    7.00808685,     -2.3192292 ], [  -85.51888965,   56.95041477,   73.15653451,   64.32781754,     43.76281837,   24.689014  ,   15.24957523,   39.04718999,    122.8204156 ,   30.73222927,   11.84040898,   10.74589678,     18.98996984], [   39.68586594,   38.4866764 ,  -39.08319152,   -0.81556138,     -1.74553376,   30.55951414,   14.42392669,   14.77387989,     30.73222927,  104.34696587,   37.49505175,    5.15024523,     -4.56015017], [  -74.81254279,   11.45040698,   33.57998487,  -17.22455455,      2.05723674,   18.87187055,   18.1884582 ,    1.94511368,     11.84040898,   37.49505175,   86.02190844,   36.09141964,      0.54582437], [ -128.97438668,  -11.92376393,   66.15732485,    0.96724437,     -4.77468166,    7.82012056,   23.43780776,    7.00808685,     10.74589678,    5.15024523,   36.09141964,   81.73918767,     23.80643835], [  -54.17563055,   19.74721495,   -5.8519175 ,   25.70664431,     16.17863472,  -10.70544357,  -18.02222349,   -2.3192292 ,     18.98996984,   -4.56015017,    0.54582437,   23.80643835,     80.6604878 ]]
