/root/sim/music/out/Van Halen/Best Of Volume 1/13 Poundcake.mp3; [-556.1922   ,  69.358574 ,  19.512682 ,  40.61915  ,   5.5612345,    3.3664055,   3.37278  ,   3.5904555,  -2.4402273,  -3.9418051,   -1.2421196,  -3.8786552,  -6.036834 ]; [[23117.59957763,   31.22079588,  269.33075994,  297.96816638,   -181.92153943,   17.62263278,  114.89775022,  113.36669735,    -60.94829065,  -56.20362913,  -52.96148754,  -90.34735648,   -140.47795818], [   31.22079588,  566.15527134, -184.98221065,   64.02169585,    -24.82347006,  -14.67920544,   28.20707587,   14.79624311,     -8.22789107,  -27.25293329,    3.59338406,    6.06153905,    -10.74078677], [  269.33075994, -184.98221065,  477.31699006,   20.82424323,     39.25948865,  -28.8799023 ,  -27.63703452,   -2.12026453,     31.83032341,   29.39753742,   11.81840682,   13.92460204,     31.18177697], [  297.96816638,   64.02169585,   20.82424323,  203.23937259,     39.65300409,  -19.49756411,  -38.1774679 ,    3.37000331,     11.43903032,   -9.75023354,  -16.11183359,   -7.44022274,     -6.21891653], [ -181.92153943,  -24.82347006,   39.25948865,   39.65300409,    150.45811361,   40.58900861,    4.83679603,   -2.04161438,     29.93455189,   17.56832844,    3.44095102,   -5.70676341,      2.89874084], [   17.62263278,  -14.67920544,  -28.8799023 ,  -19.49756411,     40.58900861,  106.59804962,   57.68186167,    7.02508082,    -11.22635563,   11.73172264,    9.55151863,    4.65010433,      1.76965145], [  114.89775022,   28.20707587,  -27.63703452,  -38.1774679 ,      4.83679603,   57.68186167,  125.74484731,   50.75959166,     -8.34501841,   -5.42024209,    8.57632192,    4.74528019,     -5.09439845], [  113.36669735,   14.79624311,   -2.12026453,    3.37000331,     -2.04161438,    7.02508082,   50.75959166,   84.48480367,     31.1426017 ,   -1.60170686,   -7.43257628,    0.94432043,      1.83029716], [  -60.94829065,   -8.22789107,   31.83032341,   11.43903032,     29.93455189,  -11.22635563,   -8.34501841,   31.1426017 ,     83.22153306,   33.47543069,   -2.60632913,   -5.98530434,      4.68587537], [  -56.20362913,  -27.25293329,   29.39753742,   -9.75023354,     17.56832844,   11.73172264,   -5.42024209,   -1.60170686,     33.47543069,   75.46914828,   28.20704134,    0.83322974,      0.09654058], [  -52.96148754,    3.59338406,   11.81840682,  -16.11183359,      3.44095102,    9.55151863,    8.57632192,   -7.43257628,     -2.60632913,   28.20704134,   65.56978598,   27.34468526,     -2.94316278], [  -90.34735648,    6.06153905,   13.92460204,   -7.44022274,     -5.70676341,    4.65010433,    4.74528019,    0.94432043,     -5.98530434,    0.83322974,   27.34468526,   59.01230919,     27.79649109], [ -140.47795818,  -10.74078677,   31.18177697,   -6.21891653,      2.89874084,    1.76965145,   -5.09439845,    1.83029716,      4.68587537,    0.09654058,   -2.94316278,   27.79649109,     63.67901317]]
/root/sim/music/out/Van Halen/Best Of Volume 1/05 And The Cradle Will Rock _.mp3; [-544.03217   ,  95.93548   ,  -8.707648  ,  20.626854  ,  -4.0340066 ,   -1.2850816 ,   0.99594766,   0.90633005,   0.13983011,  -2.3235562 ,   -4.302067  ,   0.51902074,  -0.7311091 ]; [[20093.28169497,  906.93390849, -404.34249481,   42.09911895,    -30.09968459,   33.59622138,   44.29888536,  -27.22416645,     16.71233205,   60.34332833,  -50.06003132,   -0.03814588,    -43.46608545], [  906.93390849,  712.19250373, -168.85378109,   20.17416044,    -43.72045437,  -41.24524522,   43.97297855,    1.77644329,     18.13014706,  -11.82314142,   -7.09598817,   18.10385799,      8.64962163], [ -404.34249481, -168.85378109,  494.41464477,    0.25055613,     80.67772414,    1.26206466,  -20.7194233 ,   45.98673295,     17.99212899,   14.8211259 ,   -4.86577721,   -2.27349487,     -2.10585553], [   42.09911895,   20.17416044,    0.25055613,  171.47124401,     24.97221201,   -5.78528491,  -37.63833442,  -24.05403638,      0.50778924,   -9.14995483,  -20.09440537,   -1.67370625,     23.99402417], [  -30.09968459,  -43.72045437,   80.67772414,   24.97221201,    134.06566382,   38.72315367,   -1.98934933,   -3.52536999,     13.39721852,   22.63761131,    4.25473139,   10.69200446,     -5.57666539], [   33.59622138,  -41.24524522,    1.26206466,   -5.78528491,     38.72315367,  103.07804427,   39.27024654,    7.07448701,     -5.68331705,   10.63426517,   10.55852825,   -0.49856117,     -8.0664535 ], [   44.29888536,   43.97297855,  -20.7194233 ,  -37.63833442,     -1.98934933,   39.27024654,  114.56335897,   55.19436702,      8.46147819,    0.47144143,   11.53808285,    5.72387828,     -5.85367149], [  -27.22416645,    1.77644329,   45.98673295,  -24.05403638,     -3.52536999,    7.07448701,   55.19436702,  106.26543076,     42.14422011,    6.98302284,    6.79862268,    6.43595605,     -6.94342365], [   16.71233205,   18.13014706,   17.99212899,    0.50778924,     13.39721852,   -5.68331705,    8.46147819,   42.14422011,     89.363548  ,   44.13469073,   12.66310734,    7.62360333,      0.32833298], [   60.34332833,  -11.82314142,   14.8211259 ,   -9.14995483,     22.63761131,   10.63426517,    0.47144143,    6.98302284,     44.13469073,   83.93348282,   38.83930664,    5.65452675,     -8.80945633], [  -50.06003132,   -7.09598817,   -4.86577721,  -20.09440537,      4.25473139,   10.55852825,   11.53808285,    6.79862268,     12.66310734,   38.83930664,   68.88612683,   22.18088487,     -8.11926554], [   -0.03814588,   18.10385799,   -2.27349487,   -1.67370625,     10.69200446,   -0.49856117,    5.72387828,    6.43595605,      7.62360333,    5.65452675,   22.18088487,   56.33584722,     18.90216654], [  -43.46608545,    8.64962163,   -2.10585553,   23.99402417,     -5.57666539,   -8.0664535 ,   -5.85367149,   -6.94342365,      0.32833298,   -8.80945633,   -8.11926554,   18.90216654,     58.06631755]]
/root/sim/music/out/Van Halen/Best Of Volume 1/18 Me Wise Magic.mp3; [-554.99243   ,  82.613075  ,  10.163236  ,  28.926468  ,  -0.27148047,    5.028118  ,   1.0648344 ,   6.376965  ,   1.9710222 ,   2.4103656 ,   -2.2228477 ,  -2.4786675 ,  -0.9338196 ]; [[18046.22140616, -553.86401758, -157.93165458,  294.19124107,   -154.38237591,   62.67227376,  204.35424804,  411.69266943,   -166.81632777,  -61.62272967, -113.39538666,    9.04190657,     47.01871185], [ -553.86401758,  707.55332694,  -30.93727755,   50.61124791,     -4.21392868,  -62.92850934,   -8.6083435 ,   -7.94578154,     19.08601026,  -21.58103238,   -9.10883612,   21.46613276,    -30.49240932], [ -157.93165458,  -30.93727755,  419.52963488,  -12.53370429,     52.84992619,  -10.39560915,  -31.60554204,    5.44805766,    -15.55980944,  -18.99559987,   11.50101986,   -6.05463945,     -8.9332678 ], [  294.19124107,   50.61124791,  -12.53370429,  174.57138713,     38.575699  ,    1.20352829,   -9.32971184,   11.39325907,      6.25665554,    8.36028233,   -0.35389823,    1.20614782,     15.30080274], [ -154.38237591,   -4.21392868,   52.84992619,   38.575699  ,    177.82459038,   68.4676531 ,  -18.06144096,  -14.50418398,     25.02440615,   26.15431516,   17.12305044,   -5.88328289,      2.66399803], [   62.67227376,  -62.92850934,  -10.39560915,    1.20352829,     68.4676531 ,  151.04492719,   40.18280624,  -20.10998083,     -5.27716828,   23.05266493,   21.16765686,   -5.24126815,     -2.11510804], [  204.35424804,   -8.6083435 ,  -31.60554204,   -9.32971184,    -18.06144096,   40.18280624,  146.90710408,   60.19338724,    -27.35923489,  -19.5830897 ,   -0.01299445,   22.86851884,     -2.07425333], [  411.69266943,   -7.94578154,    5.44805766,   11.39325907,    -14.50418398,  -20.10998083,   60.19338724,  137.89541701,     26.1792852 ,  -26.66783157,  -18.63999999,   -4.59824508,     -3.12767582], [ -166.81632777,   19.08601026,  -15.55980944,    6.25665554,     25.02440615,   -5.27716828,  -27.35923489,   26.1792852 ,    112.63038481,   44.32402172,   -3.48030044,  -24.08116097,    -12.58407133], [  -61.62272967,  -21.58103238,  -18.99559987,    8.36028233,     26.15431516,   23.05266493,  -19.5830897 ,  -26.66783157,     44.32402172,   93.94781081,   33.15353153,  -10.55725465,     -3.8065966 ], [ -113.39538666,   -9.10883612,   11.50101986,   -0.35389823,     17.12305044,   21.16765686,   -0.01299445,  -18.63999999,     -3.48030044,   33.15353153,   71.35491695,   22.48157255,     -2.5164235 ], [    9.04190657,   21.46613276,   -6.05463945,    1.20614782,     -5.88328289,   -5.24126815,   22.86851884,   -4.59824508,    -24.08116097,  -10.55725465,   22.48157255,   79.1123079 ,     24.74878904], [   47.01871185,  -30.49240932,   -8.9332678 ,   15.30080274,      2.66399803,   -2.11510804,   -2.07425333,   -3.12767582,    -12.58407133,   -3.8065966 ,   -2.5164235 ,   24.74878904,     83.87187836]]
/root/sim/music/out/Van Halen/Best Of Volume 1/06 Unchained.mp3; [-553.43536  ,  82.2793   ,  14.869544 ,  35.549786 ,   8.740663 ,   12.496718 ,   3.3972404,   2.6766226,   0.8687254,   1.3264023,   -5.902281 ,  -5.811803 ,  -4.250265 ]; [[15982.95545373, -940.56948423, -576.20241618, -288.74567326,   -258.79647124, -145.62944667, -214.15031018,   15.99298398,    -34.11843648,   73.23314314,  160.44621495,  138.69087353,    127.57630772], [ -940.56948423,  993.78921521, -117.76445422,   43.16351167,     -9.24670231,  -16.12717842,   14.04039354,  -75.55740051,     -3.01695053,  -20.21357436,  -51.05608947,   -1.73006547,    -34.91745618], [ -576.20241618, -117.76445422,  718.30112063,  137.52461506,    147.94678676,   86.62194631,   33.58980182,   74.40494836,     14.90509028,   24.39021364,   23.4553544 ,  -39.16306473,     14.08762143], [ -288.74567326,   43.16351167,  137.52461506,  302.32770385,    105.24614051,   25.72143973,  -15.11246547,   -0.60781774,     11.30034226,    3.20260224,  -35.98507539,  -24.03808455,      7.79719287], [ -258.79647124,   -9.24670231,  147.94678676,  105.24614051,    202.65117184,   75.15137364,   11.78015038,    8.50619722,     18.10941431,   21.03212946,    0.22315728,   -6.57966154,      5.56205205], [ -145.62944667,  -16.12717842,   86.62194631,   25.72143973,     75.15137364,  128.52865703,   55.91897122,   22.28768724,     -5.19248302,    5.72307008,   11.85830354,  -20.18889632,    -19.21050373], [ -214.15031018,   14.04039354,   33.58980182,  -15.11246547,     11.78015038,   55.91897122,  137.36623582,   74.25233391,      3.18878954,  -14.13789812,   10.46106623,    3.15009524,    -13.67188097], [   15.99298398,  -75.55740051,   74.40494836,   -0.60781774,      8.50619722,   22.28768724,   74.25233391,  121.28893254,     45.93133253,   -1.17682593,    5.31145247,   -4.49174917,     -6.61205626], [  -34.11843648,   -3.01695053,   14.90509028,   11.30034226,     18.10941431,   -5.19248302,    3.18878954,   45.93133253,    107.6827939 ,   47.61859733,   -2.44731833,   -8.51562493,     -2.71886874], [   73.23314314,  -20.21357436,   24.39021364,    3.20260224,     21.03212946,    5.72307008,  -14.13789812,   -1.17682593,     47.61859733,   89.44497889,   38.00353423,   -9.53751376,     -6.14538041], [  160.44621495,  -51.05608947,   23.4553544 ,  -35.98507539,      0.22315728,   11.85830354,   10.46106623,    5.31145247,     -2.44731833,   38.00353423,   90.18372524,   30.84083916,     -3.79722607], [  138.69087353,   -1.73006547,  -39.16306473,  -24.03808455,     -6.57966154,  -20.18889632,    3.15009524,   -4.49174917,     -8.51562493,   -9.53751376,   30.84083916,   85.0442259 ,     37.10882089], [  127.57630772,  -34.91745618,   14.08762143,    7.79719287,      5.56205205,  -19.21050373,  -13.67188097,   -6.61205626,     -2.71886874,   -6.14538041,   -3.79722607,   37.10882089,     76.0048384 ]]
/root/sim/music/out/Van Halen/Best Of Volume 1/17 Can't Get This Stuff No More.mp3; [-567.9146    ,  81.62264   ,  -3.0877018 ,  28.689457  ,   2.4604511 ,    6.5720325 ,   1.5999247 ,   1.6245139 ,  -0.47520497,  -4.609593  ,   -3.446037  ,  -2.7012439 ,   1.3356651 ]; [[20650.15139252,  -68.18618599, -563.15328814, -196.10362341,     22.42316109,  297.80244886,  193.47947215,  228.38958152,     46.92699948,  286.1444549 ,  -92.27905157,   24.31962487,    -27.66875343], [  -68.18618599, 1009.5010633 , -145.26895322,   84.65092291,    -33.4184504 ,  -19.57825499,   12.36136082,  -50.62980299,     -9.84886075,  -99.5124349 ,   23.93253828,  -12.63454508,     -6.8252248 ], [ -563.15328814, -145.26895322,  666.58091956,  103.59339041,    113.27648995,   54.20629672,   -6.22342075,   34.43763744,    -10.36435482,   60.51626213,   12.6357867 ,   25.31823651,     -2.54386963], [ -196.10362341,   84.65092291,  103.59339041,  320.84825709,     98.57999865,   36.48177389,   10.31195465,   -1.51805761,     49.81568995,    0.61196605,   25.73791573,   -0.2009983 ,     31.30482209], [   22.42316109,  -33.4184504 ,  113.27648995,   98.57999865,    285.26481055,  113.51097305,   23.68314782,   27.74949187,     33.20494055,   27.49648209,    4.29938391,   25.10663913,      7.48019848], [  297.80244886,  -19.57825499,   54.20629672,   36.48177389,    113.51097305,  174.18877979,   87.2006901 ,   40.60644371,     10.2882273 ,   22.73059637,   14.84704864,   24.79316383,      9.09537962], [  193.47947215,   12.36136082,   -6.22342075,   10.31195465,     23.68314782,   87.2006901 ,  179.68338468,   77.55644008,     10.42071105,   20.57690043,   17.80624204,   11.79805003,      4.3673598 ], [  228.38958152,  -50.62980299,   34.43763744,   -1.51805761,     27.74949187,   40.60644371,   77.55644008,  130.34699542,     39.29653161,   21.49682792,    1.79664647,    5.66707449,      1.90570807], [   46.92699948,   -9.84886075,  -10.36435482,   49.81568995,     33.20494055,   10.2882273 ,   10.42071105,   39.29653161,    117.4545095 ,   44.61633843,    6.08276769,   -6.44608889,      4.65466485], [  286.1444549 ,  -99.5124349 ,   60.51626213,    0.61196605,     27.49648209,   22.73059637,   20.57690043,   21.49682792,     44.61633843,  150.64905725,   39.85104418,    3.11957475,    -23.05956799], [  -92.27905157,   23.93253828,   12.6357867 ,   25.73791573,      4.29938391,   14.84704864,   17.80624204,    1.79664647,      6.08276769,   39.85104418,   91.39544843,   30.77642699,     -2.39868613], [   24.31962487,  -12.63454508,   25.31823651,   -0.2009983 ,     25.10663913,   24.79316383,   11.79805003,    5.66707449,     -6.44608889,    3.11957475,   30.77642699,   75.47775724,     28.95326037], [  -27.66875343,   -6.8252248 ,   -2.54386963,   31.30482209,      7.48019848,    9.09537962,    4.3673598 ,    1.90570807,      4.65466485,  -23.05956799,   -2.39868613,   28.95326037,     74.89971901]]
/root/sim/music/out/Van Halen/Best Of Volume 1/04 Dance The Night Away.mp3; [-568.6864    ,  84.584946  ,   2.8740444 ,  21.537628  ,   0.3455905 ,    9.37155   ,  -1.0603691 ,  -0.02869343,   1.5352308 ,   3.9789932 ,    0.24789141,  -6.063573  ,  -1.7897238 ]; [[26519.45197476, 1552.35047734, -252.0971411 ,  427.2646876 ,     17.93665698,  248.89565161,   74.66510773,   99.45477929,    175.7274419 ,  325.67386283,   19.62882004, -280.60250702,   -162.91021529], [ 1552.35047734,  731.14137376,  -90.80667287,   60.90101107,    -26.07552454,   42.2590476 ,   37.51395443,   -8.28248143,     10.85287697,   -0.81422101,   17.16546241,  -37.79672319,    -16.55754762], [ -252.0971411 ,  -90.80667287,  429.57804676,   59.45961709,     39.74340025,   -5.49111299,  -29.64228823,   19.32704875,    -14.08265593,  -44.32237719,  -10.6364985 ,   13.63419722,     20.05094993], [  427.2646876 ,   60.90101107,   59.45961709,  174.1115709 ,     54.75770398,   -4.35877567,  -33.44338237,  -14.51657073,     10.73058947,    4.4125902 ,  -19.15493592,  -15.06739241,     11.73415213], [   17.93665698,  -26.07552454,   39.74340025,   54.75770398,    149.97063733,   51.11783549,   -8.06234693,   -4.86132369,      3.03439268,   12.21466227,  -12.52450495,    0.91001381,     -4.25378074], [  248.89565161,   42.2590476 ,   -5.49111299,   -4.35877567,     51.11783549,  124.83593336,   68.9051284 ,   11.72249028,     -4.34825139,   -0.2866484 ,    4.5923274 ,   -2.84439574,    -10.67944233], [   74.66510773,   37.51395443,  -29.64228823,  -33.44338237,     -8.06234693,   68.9051284 ,  138.64409924,   52.12491482,    -11.20842872,   -1.14591451,    8.96364296,    5.40192858,    -15.23544234], [   99.45477929,   -8.28248143,   19.32704875,  -14.51657073,     -4.86132369,   11.72249028,   52.12491482,   97.42880361,     27.18306261,    0.98353978,    3.83359415,   11.47165439,     -0.14967683], [  175.7274419 ,   10.85287697,  -14.08265593,   10.73058947,      3.03439268,   -4.34825139,  -11.20842872,   27.18306261,    104.22276327,   57.94323886,   11.54156201,   -5.88735143,      1.12687073], [  325.67386283,   -0.81422101,  -44.32237719,    4.4125902 ,     12.21466227,   -0.2866484 ,   -1.14591451,    0.98353978,     57.94323886,  115.25082738,   32.18672302,   -6.97220923,    -20.0352731 ], [   19.62882004,   17.16546241,  -10.6364985 ,  -19.15493592,    -12.52450495,    4.5923274 ,    8.96364296,    3.83359415,     11.54156201,   32.18672302,   79.10515694,   28.44697009,      3.42595115], [ -280.60250702,  -37.79672319,   13.63419722,  -15.06739241,      0.91001381,   -2.84439574,    5.40192858,   11.47165439,     -5.88735143,   -6.97220923,   28.44697009,   82.57204989,     38.50471402], [ -162.91021529,  -16.55754762,   20.05094993,   11.73415213,     -4.25378074,  -10.67944233,  -15.23544234,   -0.14967683,      1.12687073,  -20.0352731 ,    3.42595115,   38.50471402,     95.59696729]]
/root/sim/music/out/Van Halen/Best Of Volume 1/07 Jump.mp3; [-554.09143   ,  80.37556   ,  24.831808  ,  22.121588  ,   1.4771426 ,    2.3511944 ,  -2.3032207 ,  -1.6099347 ,  -0.12788714,  -0.20132308,   -2.08847   ,   0.1997223 ,   1.2683847 ]; [[16735.03279708,  318.41458761,  -10.89097679,   82.34605456,      0.05159845,  -41.28502317,  -89.68470545,  -84.87107784,     22.38353108,   12.7141836 ,  -31.75184541,  -10.25526349,     39.0395146 ], [  318.41458761,  421.58325971,  -11.54865814,    0.37175826,     -1.14930869,   17.99756338,   14.52259215,   18.58201332,      8.60286953,   -9.27012879,    7.49378924,    5.17751498,    -12.77063414], [  -10.89097679,  -11.54865814,  332.54102983,   65.02386767,     58.17387228,   11.67900381,   34.88723698,   21.3765555 ,     -3.30314084,  -13.54293701,    5.07434299,   -7.8281884 ,     -7.17149344], [   82.34605456,    0.37175826,   65.02386767,  164.02212691,     66.07888033,   22.07810739,    1.80854213,   -6.70926624,      3.42194688,    8.0017589 ,   -7.9218549 ,   -2.24531364,     13.41432998], [    0.05159845,   -1.14930869,   58.17387228,   66.07888033,    124.69955026,   51.640413  ,   14.85371052,    0.02717083,      8.84192069,   -5.78282029,  -11.53639653,   -4.57456902,     -0.70704069], [  -41.28502317,   17.99756338,   11.67900381,   22.07810739,     51.640413  ,   83.59094596,   45.90184466,   12.50358835,     -0.3953745 ,   -2.48317791,    2.07499991,    1.86386705,     -3.86459077], [  -89.68470545,   14.52259215,   34.88723698,    1.80854213,     14.85371052,   45.90184466,  107.15055734,   47.79153375,      5.14525697,   -3.53783451,    4.3271895 ,   -8.00164232,    -12.42987404], [  -84.87107784,   18.58201332,   21.3765555 ,   -6.70926624,      0.02717083,   12.50358835,   47.79153375,   77.43410345,     27.04612288,    3.74218766,    4.54487809,   -3.53698962,     -4.56996925], [   22.38353108,    8.60286953,   -3.30314084,    3.42194688,      8.84192069,   -0.3953745 ,    5.14525697,   27.04612288,     67.12110705,   30.09462479,    0.04537823,   -5.82358655,     -5.28422273], [   12.7141836 ,   -9.27012879,  -13.54293701,    8.0017589 ,     -5.78282029,   -2.48317791,   -3.53783451,    3.74218766,     30.09462479,   67.02663161,   33.94547026,    6.51053464,      3.65157145], [  -31.75184541,    7.49378924,    5.07434299,   -7.9218549 ,    -11.53639653,    2.07499991,    4.3271895 ,    4.54487809,      0.04537823,   33.94547026,   67.72056291,   34.82474427,      7.17871476], [  -10.25526349,    5.17751498,   -7.8281884 ,   -2.24531364,     -4.57456902,    1.86386705,   -8.00164232,   -3.53698962,     -5.82358655,    6.51053464,   34.82474427,   70.96340829,     35.25504546], [   39.0395146 ,  -12.77063414,   -7.17149344,   13.41432998,     -0.70704069,   -3.86459077,  -12.42987404,   -4.56996925,     -5.28422273,    3.65157145,    7.17871476,   35.25504546,     66.04123414]]
/root/sim/music/out/Van Halen/Van Halen II/10 Be.autiful Girls.mp3; [-531.0722    , 112.52328   , -11.420107  ,  25.530022  ,  -4.7305493 ,   10.235428  ,  -1.3748882 ,  -0.42874047,  -0.670198  ,   5.5096364 ,   -5.1652412 ,  -1.6972915 ,  -5.974501  ]; [[8279.79861371,-307.38441559,-106.75463264,-302.89933207,-133.64003759,    67.03840598,  92.52847342, 111.67839985, -40.8387049 ,  36.20654094,    41.40321609,-145.79474442, -73.8716852 ], [-307.38441559,1003.95901835,-240.07979507, 129.31471379, -93.76505135,    -8.09809186, -47.38822662, -46.34402982,  -6.05598104,  -9.89117102,   -42.07892427,  46.84750288, -14.36215038], [-106.75463264,-240.07979507, 492.3582745 ,   4.08388393, 106.22827871,   -10.22315532,  -5.11868727,   8.48116831,   7.03244688, -18.09322257,    35.99520756,  -4.0530943 ,  39.95240241], [-302.89933207, 129.31471379,   4.08388393, 352.82479752,  62.41102642,   -23.78633299,-106.90072417, -56.98796092,  11.45860701,   6.17004327,   -56.05436873,  38.18015359,  17.13749581], [-133.64003759, -93.76505135, 106.22827871,  62.41102642, 191.36057034,    27.42816465, -14.96487485, -26.54885471,  26.50119073,  15.12810346,    12.8150808 ,   2.09311522,  27.13930658], [  67.03840598,  -8.09809186, -10.22315532, -23.78633299,  27.42816465,   104.65600576,  44.82058416,  17.34865102, -11.5857144 ,   1.73792525,     8.7632042 ,  -0.06456408, -10.40554244], [  92.52847342, -47.38822662,  -5.11868727,-106.90072417, -14.96487485,    44.82058416, 167.70817972,  72.9953472 ,  -4.00284941,  -4.14752373,    36.12904601,  -9.25660566,  -7.211676  ], [ 111.67839985, -46.34402982,   8.48116831, -56.98796092, -26.54885471,    17.34865102,  72.9953472 , 112.81916631,  19.62890477,   2.03555831,    11.66090395,  -1.36405874,  -8.4176741 ], [ -40.8387049 ,  -6.05598104,   7.03244688,  11.45860701,  26.50119073,   -11.5857144 ,  -4.00284941,  19.62890477, 113.20980099,  41.5719918 ,     2.59657411,   1.22768148,  14.97432965], [  36.20654094,  -9.89117102, -18.09322257,   6.17004327,  15.12810346,     1.73792525,  -4.14752373,   2.03555831,  41.5719918 ,  93.9613202 ,    26.52491075,  -5.5803631 ,   1.57090671], [  41.40321609, -42.07892427,  35.99520756, -56.05436873,  12.8150808 ,     8.7632042 ,  36.12904601,  11.66090395,   2.59657411,  26.52491075,    88.09361962,  19.02435786,  -2.28002276], [-145.79474442,  46.84750288,  -4.0530943 ,  38.18015359,   2.09311522,    -0.06456408,  -9.25660566,  -1.36405874,   1.22768148,  -5.5803631 ,    19.02435786,  78.10195229,  23.14813445], [ -73.8716852 , -14.36215038,  39.95240241,  17.13749581,  27.13930658,   -10.40554244,  -7.211676  ,  -8.4176741 ,  14.97432965,   1.57090671,    -2.28002276,  23.14813445,  76.74606787]]
/root/sim/music/out/Van Halen/Van Halen II/08 DOA_.mp3; [-534.11383   ,  87.926     ,  -2.0457318 ,  22.957285  ,  -2.2751293 ,    5.454593  ,  -1.4786818 ,  -1.516629  ,   4.1022663 ,   5.1306815 ,   -2.2697105 ,  -0.87129897,  -3.7601285 ]; [[15387.08973858,  469.74401579,  241.69773995, -230.88498049,     11.15548702,  108.31380338,   -9.10205032, -103.61670708,    -81.12678996,  -37.09469784,   92.32015009,  -73.19671877,      5.02410986], [  469.74401579,  959.70293719, -306.40728271,  105.39586451,   -111.66090235,    5.43397388,  -45.13943676,  -18.43257333,     -1.43644084,   -5.06874471,  -60.97988865,   53.37907846,    -47.33547038], [  241.69773995, -306.40728271,  493.82716734,  -37.66181119,     80.28030062,  -27.75235488,   -1.09133674,   14.70234055,     21.86877859,   -5.54011171,   59.58473083,  -17.29373516,     54.91042371], [ -230.88498049,  105.39586451,  -37.66181119,  297.01151931,     43.86353498,   -5.59541712,  -30.09899196,    3.90605067,      5.94131994,   23.90289905,  -39.11010282,    7.05877812,     -4.24665312], [   11.15548702, -111.66090235,   80.28030062,   43.86353498,    164.93557263,   43.18390852,    9.94049665,   -7.22130901,     23.14204095,   11.45903069,   23.34669883,   -7.19233718,     17.1198134 ], [  108.31380338,    5.43397388,  -27.75235488,   -5.59541712,     43.18390852,   91.442771  ,   50.99179499,    8.19481594,     -8.96351465,    0.61654975,    5.32608612,   -1.17242866,     -2.99485895], [   -9.10205032,  -45.13943676,   -1.09133674,  -30.09899196,      9.94049665,   50.99179499,  131.13454309,   53.85839593,     -4.91761337,   -3.81657512,   17.57758211,   -1.50351336,      2.88900653], [ -103.61670708,  -18.43257333,   14.70234055,    3.90605067,     -7.22130901,    8.19481594,   53.85839593,   81.52278907,     21.02056555,   -2.13302705,    2.88079054,    1.9984257 ,     -0.61828019], [  -81.12678996,   -1.43644084,   21.86877859,    5.94131994,     23.14204095,   -8.96351465,   -4.91761337,   21.02056555,     81.47627403,   33.57999474,    6.13329395,   -0.30742274,      7.62365113], [  -37.09469784,   -5.06874471,   -5.54011171,   23.90289905,     11.45903069,    0.61654975,   -3.81657512,   -2.13302705,     33.57999474,   72.64370711,   24.54680724,   -4.12957474,     -1.6467897 ], [   92.32015009,  -60.97988865,   59.58473083,  -39.11010282,     23.34669883,    5.32608612,   17.57758211,    2.88079054,      6.13329395,   24.54680724,   71.96725726,   15.61873421,      8.91975859], [  -73.19671877,   53.37907846,  -17.29373516,    7.05877812,     -7.19233718,   -1.17242866,   -1.50351336,    1.9984257 ,     -0.30742274,   -4.12957474,   15.61873421,   64.64463463,     21.46901695], [    5.02410986,  -47.33547038,   54.91042371,   -4.24665312,     17.1198134 ,   -2.99485895,    2.88900653,   -0.61828019,      7.62365113,   -1.6467897 ,    8.91975859,   21.46901695,     61.23701964]]
/root/sim/music/out/Van Halen/Van Halen II/05 Outta Love Again.mp3; [-599.02075   , 120.9918    , -14.71808   ,  40.02592   ,  -4.4370766 ,   19.063414  ,  -0.9534656 ,   2.0183914 ,   0.16863361,  -0.16622975,   -0.08240233,  -2.9753447 ,   0.87163466]; [[22557.01253293, 2339.84324582,  283.95119428,   57.42668029,     15.5043587 ,  137.43583137, -142.54650878,  116.17348679,    369.80665628,  257.66806469,  367.31745894, -235.3856055 ,    -17.41059721], [ 2339.84324582, 1854.77421685, -179.14093313,   66.34308005,   -106.82526721,  171.02344223,  -96.25386759,   84.81023429,     78.96200992,   -1.92932434,  114.62073656, -128.01331036,      0.78150056], [  283.95119428, -179.14093313,  778.18677171,  -70.32181533,    285.07239079, -191.61179577,  -20.22148488,  -33.00802674,    109.76213541,   50.84839698,    1.68649991,   69.09775974,    -46.97610793], [   57.42668029,   66.34308005,  -70.32181533,  335.50401037,    -65.97967241,   35.23091672, -144.95186986,    4.95491989,    -11.93652727,   -4.9397476 ,  -29.36246041,  -55.5829222 ,     34.07701181], [   15.5043587 , -106.82526721,  285.07239079,  -65.97967241,    339.50981846,  -74.24014031,   33.34716954,  -34.67198218,     82.81178834,   30.46262559,    7.47535042,   48.1195858 ,    -23.26860865], [  137.43583137,  171.02344223, -191.61179577,   35.23091672,    -74.24014031,  192.147333  ,   30.18981233,   45.27216703,    -55.62362377,   -5.07053874,   14.9955965 ,  -12.79213598,      8.75043662], [ -142.54650878,  -96.25386759,  -20.22148488, -144.95186986,     33.34716954,   30.18981233,  224.04369281,   18.14243055,    -13.83848335,  -27.65409059,   30.82427957,   34.40861314,     15.09609969], [  116.17348679,   84.81023429,  -33.00802674,    4.95491989,    -34.67198218,   45.27216703,   18.14243055,  117.13222389,     16.16378273,   24.99721722,    1.48532221,    4.8513017 ,    -13.84020846], [  369.80665628,   78.96200992,  109.76213541,  -11.93652727,     82.81178834,  -55.62362377,  -13.83848335,   16.16378273,    164.71768022,   37.25385938,   40.61614866,  -42.21164813,     -0.67383239], [  257.66806469,   -1.92932434,   50.84839698,   -4.9397476 ,     30.46262559,   -5.07053874,  -27.65409059,   24.99721722,     37.25385938,  115.43997452,   13.06773023,   15.30454223,    -37.73589684], [  367.31745894,  114.62073656,    1.68649991,  -29.36246041,      7.47535042,   14.9955965 ,   30.82427957,    1.48532221,     40.61614866,   13.06773023,  121.92248476,   -5.61364447,     13.17356633], [ -235.3856055 , -128.01331036,   69.09775974,  -55.5829222 ,     48.1195858 ,  -12.79213598,   34.40861314,    4.8513017 ,    -42.21164813,   15.30454223,   -5.61364447,  138.2877864 ,      2.9659003 ], [  -17.41059721,    0.78150056,  -46.97610793,   34.07701181,    -23.26860865,    8.75043662,   15.09609969,  -13.84020846,     -0.67383239,  -37.73589684,   13.17356633,    2.9659003 ,    106.70563387]]
/root/sim/music/out/Van Halen/Van Halen II/03 Somebody Get Me A Doctor.mp3; [-529.5749    ,  78.408325  ,   0.12815309,  28.179262  ,   1.0473088 ,    9.099429  ,  -0.9276079 ,  -3.8396058 ,  -2.7493412 ,   3.4981027 ,   -0.5747374 ,  -1.8824404 ,  -1.5741096 ]; [[14676.52723488, 1221.61717547, -161.38499883,  268.20151006,     37.95748967,  329.9027475 ,   55.29498592,  -12.77013395,    -78.82957397,   11.66163   ,   38.94478027,  -42.17613683,    -92.68265633], [ 1221.61717547,  704.36439826, -100.93501599,   43.20217442,    -11.90015916,   81.23782557,   37.8482721 ,   58.82730208,     -0.93438514,   21.68734409,   -1.22771297,   10.76745792,    -56.79138779], [ -161.38499883, -100.93501599,  461.75617848,  206.10445661,     29.5707679 ,  -38.30547249,  -17.51125524,    4.48820472,     18.97226209,   -9.65361624,   10.1210041 ,   -6.88717034,     44.72340325], [  268.20151006,   43.20217442,  206.10445661,  333.70386451,     86.49403366,    2.89146417,  -31.32125845,   -8.83269468,     16.35019402,   16.97212992,   -2.89491959,   13.45846335,     41.5520988 ], [   37.95748967,  -11.90015916,   29.5707679 ,   86.49403366,    135.76281573,   53.83213409,   13.42877812,  -15.14329681,     12.40144487,    8.06386303,    9.20878922,    5.19132024,     11.00607113], [  329.9027475 ,   81.23782557,  -38.30547249,    2.89146417,     53.83213409,  136.28699204,   60.92346831,   18.71044873,    -10.27884883,    9.59618714,    5.87713918,   -4.98532803,    -23.90219841], [   55.29498592,   37.8482721 ,  -17.51125524,  -31.32125845,     13.42877812,   60.92346831,  112.76680064,   38.18975541,      7.76173411,   -0.5269163 ,   13.56437707,   -2.29584724,     -9.49143162], [  -12.77013395,   58.82730208,    4.48820472,   -8.83269468,    -15.14329681,   18.71044873,   38.18975541,   86.93251006,     31.7961862 ,    4.85167431,    1.45860012,    2.30406565,    -10.4688245 ], [  -78.82957397,   -0.93438514,   18.97226209,   16.35019402,     12.40144487,  -10.27884883,    7.76173411,   31.7961862 ,     90.01732081,   34.13851418,    2.35157811,   -4.19641007,      5.13968864], [   11.66163   ,   21.68734409,   -9.65361624,   16.97212992,      8.06386303,    9.59618714,   -0.5269163 ,    4.85167431,     34.13851418,   67.89974225,   17.71323827,   -4.12675062,     -2.38371191], [   38.94478027,   -1.22771297,   10.1210041 ,   -2.89491959,      9.20878922,    5.87713918,   13.56437707,    1.45860012,      2.35157811,   17.71323827,   57.57294838,   22.41169178,      2.95998353], [  -42.17613683,   10.76745792,   -6.88717034,   13.45846335,      5.19132024,   -4.98532803,   -2.29584724,    2.30406565,     -4.19641007,   -4.12675062,   22.41169178,   65.49209794,     28.47631186], [  -92.68265633,  -56.79138779,   44.72340325,   41.5520988 ,     11.00607113,  -23.90219841,   -9.49143162,  -10.4688245 ,      5.13968864,   -2.38371191,    2.95998353,   28.47631186,     77.23133716]]
/root/sim/music/out/Van Halen/Van Halen II/04 Bottoms Up!.mp3; [-573.9663    , 116.38785   ,  -8.489231  ,  32.61575   ,  -7.476544  ,    9.342341  ,  -3.004019  ,  -0.8216709 ,  -2.0659132 ,   3.1245997 ,   -4.005092  ,  -3.0324693 ,  -0.56860536]; [[20689.97512553,-1904.46438126,  762.83149346,  169.8496965 ,    572.83228357,   59.09643881,  145.90745787,  326.24871207,     70.78440139,  179.98790401,  -71.31217729,  146.43193836,   -207.31743921], [-1904.46438126, 1476.02793474, -547.24143256,   54.89019576,   -320.92793546,   64.70404983,  -86.53497015,  -42.58765013,    -63.68349198,  -32.38829059,   24.59998186,  -47.13801226,     27.50246527], [  762.83149346, -547.24143256, 1111.76175786,   90.33521808,    426.60683502,  -67.34300295,  106.92536842,   47.2292325 ,    110.34886876,    1.54675784,   -0.31342222,   69.5921827 ,     -2.25674911], [  169.8496965 ,   54.89019576,   90.33521808,  240.58560914,     78.51938548,   29.37583767,  -30.52714666,   10.13335522,     21.96376305,   16.14513407,  -19.60565096,   12.13761609,     21.7769398 ], [  572.83228357, -320.92793546,  426.60683502,   78.51938548,    421.33696522,  -12.80374153,  101.1252259 ,   -6.14867856,    110.57221918,   13.38671168,   -0.97119507,   57.52614399,     -1.06124503], [   59.09643881,   64.70404983,  -67.34300295,   29.37583767,    -12.80374153,  152.4028502 ,   14.00043569,   45.13089367,    -17.30099184,   22.55119787,    3.72600561,   -0.27400815,     -2.9802876 ], [  145.90745787,  -86.53497015,  106.92536842,  -30.52714666,    101.1252259 ,   14.00043569,  174.32461267,   42.71645984,     32.56287076,   -4.23818921,   24.51133649,   17.3961054 ,     -2.84306631], [  326.24871207,  -42.58765013,   47.2292325 ,   10.13335522,     -6.14867856,   45.13089367,   42.71645984,  145.11669311,     10.85218265,   23.08904895,   -1.64539845,   14.4819919 ,    -22.98515247], [   70.78440139,  -63.68349198,  110.34886876,   21.96376305,    110.57221918,  -17.30099184,   32.56287076,   10.85218265,    145.99473693,   34.29503044,    6.53949955,    4.31994277,      7.03964288], [  179.98790401,  -32.38829059,    1.54675784,   16.14513407,     13.38671168,   22.55119787,   -4.23818921,   23.08904895,     34.29503044,  100.15253207,   17.83043827,   10.16800688,    -16.50416805], [  -71.31217729,   24.59998186,   -0.31342222,  -19.60565096,     -0.97119507,    3.72600561,   24.51133649,   -1.64539845,      6.53949955,   17.83043827,   80.30872765,   14.1220109 ,      6.36054118], [  146.43193836,  -47.13801226,   69.5921827 ,   12.13761609,     57.52614399,   -0.27400815,   17.3961054 ,   14.4819919 ,      4.31994277,   10.16800688,   14.1220109 ,   90.58486983,     14.58891314], [ -207.31743921,   27.50246527,   -2.25674911,   21.7769398 ,     -1.06124503,   -2.9802876 ,   -2.84306631,  -22.98515247,      7.03964288,  -16.50416805,    6.36054118,   14.58891314,     91.59608833]]
/root/sim/music/out/Van Halen/Van Halen II/07 Spanish Fly.mp3; [-819.38947   , 170.3839    ,  25.101748  ,  19.414848  ,   5.0252075 ,   -6.281721  ,  -5.2788033 ,  -0.83142525,  -7.1152034 , -11.419981  ,  -10.713292  , -11.164298  ,  -6.616938  ]; [[23942.31231205, 2452.21521249,-1439.56161736, -362.73523187,   -468.43986661, -736.97629003, -482.06547451, -132.16353623,   -368.85079766, -529.60228328, -384.38986365, -491.18656865,   -326.03178572], [ 2452.21521249, 3632.18155878,  283.03264408,   29.23489893,    -38.51026166, -189.74957051, -126.53588466,  -15.00060078,   -112.66682281, -134.8788698 , -241.72381068, -261.06248315,   -224.75656619], [-1439.56161736,  283.03264408,  767.1579777 ,  175.05861607,     90.69889716,   89.46815821,   39.71879928,   -4.32249593,     33.10883197,   28.79199379,   -6.88450901,  -14.29831237,     -4.43226255], [ -362.73523187,   29.23489893,  175.05861607,  328.94201903,    159.09216504,   88.14963463,   51.77980984,   37.13623157,     17.34975735,   16.86593399,   -3.3915145 ,  -33.92329552,    -37.07942164], [ -468.43986661,  -38.51026166,   90.69889716,  159.09216504,    228.57221037,  110.45227567,   40.98593462,   22.00492499,     22.43484866,   27.96658668,    7.2747343 ,  -15.83438959,    -26.7136038 ], [ -736.97629003, -189.74957051,   89.46815821,   88.14963463,    110.45227567,  197.44913764,   80.34243301,   19.01927953,     27.25444931,   40.51812466,   27.82666068,   30.08017156,     12.70526142], [ -482.06547451, -126.53588466,   39.71879928,   51.77980984,     40.98593462,   80.34243301,  106.96891528,   40.32660401,      7.96943516,   15.19033013,   16.10440575,   10.52502953,     -1.42242599], [ -132.16353623,  -15.00060078,   -4.32249593,   37.13623157,     22.00492499,   19.01927953,   40.32660401,   83.94132308,     22.72775413,    2.28652781,    9.49753122,   -3.14088227,    -10.33695965], [ -368.85079766, -112.66682281,   33.10883197,   17.34975735,     22.43484866,   27.25444931,    7.96943516,   22.72775413,     94.15897927,   55.81908306,   26.88019941,   29.85891146,     22.71699327], [ -529.60228328, -134.8788698 ,   28.79199379,   16.86593399,     27.96658668,   40.51812466,   15.19033013,    2.28652781,     55.81908306,  114.41563667,   60.07395936,   32.72921136,     18.37473696], [ -384.38986365, -241.72381068,   -6.88450901,   -3.3915145 ,      7.2747343 ,   27.82666068,   16.10440575,    9.49753122,     26.88019941,   60.07395936,  114.96312037,   76.63037715,     34.78960582], [ -491.18656865, -261.06248315,  -14.29831237,  -33.92329552,    -15.83438959,   30.08017156,   10.52502953,   -3.14088227,     29.85891146,   32.72921136,   76.63037715,  152.6297491 ,     99.16220696], [ -326.03178572, -224.75656619,   -4.43226255,  -37.07942164,    -26.7136038 ,   12.70526142,   -1.42242599,  -10.33695965,     22.71699327,   18.37473696,   34.78960582,   99.16220696,    147.13427131]]
