/root/sim/music/out/斉藤和義/歌うたい25 SINGLES BEST 2008～2017 [Disc 3]/3-11 今夜、リンゴの木の下で.mp3; [-565.6168   , 139.37569  ,   5.691246 ,  16.971493 ,   9.573326 ,   14.213754 ,  -2.7909234,   4.9756513,  -3.154123 ,   2.1006315,   -2.63524  ,  -2.7571592,  -1.5106049]; [[18315.75635795,-1509.79063549, -790.56586956, -836.41118463,  -1122.47944347, -387.8777748 , -584.93311705, -330.00858351,   -540.22990056,   34.15492468,   81.06736251, -257.91639434,   -250.68777744], [-1509.79063549, 1741.56594602, -369.36562616,   90.54897311,    266.83832276,   33.70949246,  -15.17603444,    6.00985306,     64.81837291,  -93.48592913, -112.81056389,   34.27487189,     64.71000083], [ -790.56586956, -369.36562616,  788.92760801,  103.8116014 ,     56.33010168,   65.97970702,  103.37737857,   46.81221911,     34.12463213,   84.74706854,   34.17891998,   58.68253987,     34.38548456], [ -836.41118463,   90.54897311,  103.8116014 ,  264.17884156,    131.47468279,   20.85076681,   40.46334417,   33.04417148,     44.44202755,   -8.55207785,  -15.12759667,   26.66385817,     30.81849681], [-1122.47944347,  266.83832276,   56.33010168,  131.47468279,    279.51804638,   35.73535474,   24.53447926,   24.50258983,     74.16645753,  -31.35506855,  -46.85948428,   34.39527759,     41.96351478], [ -387.8777748 ,   33.70949246,   65.97970702,   20.85076681,     35.73535474,  133.62987743,   57.48504756,   21.96700276,     20.93954643,    3.71467958,   20.86375788,    9.39687648,      9.14170255], [ -584.93311705,  -15.17603444,  103.37737857,   40.46334417,     24.53447926,   57.48504756,  149.34032646,   44.78074191,     29.90542918,    6.58546286,   34.00360044,    4.23841376,     -1.97261694], [ -330.00858351,    6.00985306,   46.81221911,   33.04417148,     24.50258983,   21.96700276,   44.78074191,   86.33368647,     31.42954107,   11.15758322,   11.40259276,    2.12661119,      3.42765047], [ -540.22990056,   64.81837291,   34.12463213,   44.44202755,     74.16645753,   20.93954643,   29.90542918,   31.42954107,    101.9407197 ,   13.98442973,   -3.0420525 ,   -1.47218688,     10.47553601], [   34.15492468,  -93.48592913,   84.74706854,   -8.55207785,    -31.35506855,    3.71467958,    6.58546286,   11.15758322,     13.98442973,  104.67696376,   40.09793526,   -3.80169395,    -16.11794482], [   81.06736251, -112.81056389,   34.17891998,  -15.12759667,    -46.85948428,   20.86375788,   34.00360044,   11.40259276,     -3.0420525 ,   40.09793526,   91.52518219,    6.70341786,    -18.66129281], [ -257.91639434,   34.27487189,   58.68253987,   26.66385817,     34.39527759,    9.39687648,    4.23841376,    2.12661119,     -1.47218688,   -3.80169395,    6.70341786,   87.17023947,     31.75797761], [ -250.68777744,   64.71000083,   34.38548456,   30.81849681,     41.96351478,    9.14170255,   -1.97261694,    3.42765047,     10.47553601,  -16.11794482,  -18.66129281,   31.75797761,     78.48906843]]
/root/sim/music/out/斉藤和義/歌うたい25 SINGLES BEST 2008～2017 [Disc 3]/3-02 やわらかな日 (スタジオアコースティックバージョン).mp3; [-537.67865  , 109.16237  ,  -3.2773163,  38.49453  ,  10.831197 ,   16.995111 ,  -3.5355256,   4.572804 ,  -7.941774 ,   5.155717 ,   -5.6817994,  -3.0175729,  -7.4794245]; [[13959.3185192 ,-1407.10192336, -984.98899322,  -36.43525174,   -217.09579224,  153.47228126,   37.21452237,   -9.59137218,   -234.70501606,   24.12644198,  -96.42693463,  -53.72468856,    -91.2569458 ], [-1407.10192336, 1422.28976098, -133.98300184,   43.8375314 ,    -61.19765071,  -69.54304384,  -35.29626004,    8.2801613 ,    -49.14504774,   10.06040412,  -19.85697943,   35.77866581,     29.81400125], [ -984.98899322, -133.98300184,  615.39808428,   42.85111407,    114.77655552,    9.41252378,  -54.10880201,    6.60902651,     90.44868129,  -12.63349645,   44.12030322,    2.81373983,     26.2183302 ], [  -36.43525174,   43.8375314 ,   42.85111407,  295.64018612,     91.8287469 ,   -8.0254136 ,  -87.57680257,    0.83497082,     48.49841981,   -4.88725092,  -14.11049741,   -0.98584788,     15.13601342], [ -217.09579224,  -61.19765071,  114.77655552,   91.8287469 ,    194.45528834,   19.58734236,  -47.03711465,   -1.58561115,     56.55556841,   11.46839443,   -1.80154124,    0.0622219 ,    -14.46627068], [  153.47228126,  -69.54304384,    9.41252378,   -8.0254136 ,     19.58734236,  182.67841852,   64.43198933,   25.8990842 ,     11.65349705,   16.60909535,   49.78906077,  -17.06005405,    -23.42364703], [   37.21452237,  -35.29626004,  -54.10880201,  -87.57680257,    -47.03711465,   64.43198933,  181.59649607,   27.79354719,    -22.38609106,   14.06589137,   31.70839102,    3.25553468,     -2.93688623], [   -9.59137218,    8.2801613 ,    6.60902651,    0.83497082,     -1.58561115,   25.8990842 ,   27.79354719,   91.14383893,     21.06504078,    2.96896338,    8.93062073,   -2.0965676 ,     -1.8504939 ], [ -234.70501606,  -49.14504774,   90.44868129,   48.49841981,     56.55556841,   11.65349705,  -22.38609106,   21.06504078,    132.14250799,   27.9415642 ,   13.59292326,  -15.58948278,    -11.74521488], [   24.12644198,   10.06040412,  -12.63349645,   -4.88725092,     11.46839443,   16.60909535,   14.06589137,    2.96896338,     27.9415642 ,  100.6048421 ,   21.37481462,   -0.46758473,    -16.80246139], [  -96.42693463,  -19.85697943,   44.12030322,  -14.11049741,     -1.80154124,   49.78906077,   31.70839102,    8.93062073,     13.59292326,   21.37481462,  103.0981624 ,   11.74799838,     -4.72791805], [  -53.72468856,   35.77866581,    2.81373983,   -0.98584788,      0.0622219 ,  -17.06005405,    3.25553468,   -2.0965676 ,    -15.58948278,   -0.46758473,   11.74799838,   75.0919717 ,     22.07463036], [  -91.2569458 ,   29.81400125,   26.2183302 ,   15.13601342,    -14.46627068,  -23.42364703,   -2.93688623,   -1.8504939 ,    -11.74521488,  -16.80246139,   -4.72791805,   22.07463036,     83.74324684]]
/root/sim/music/out/斉藤和義/歌うたい25 SINGLES BEST 2008～2017 [Disc 3]/3-10 メトロに乗って.mp3; [-511.98      , 112.321236  ,  17.618464  ,  20.149122  ,   1.6752933 ,    1.4491116 ,   5.1706357 ,   4.1013536 ,  -4.1649203 ,   0.0941046 ,   -0.63480335,  -4.2496934 ,  -1.1714098 ]; [[13761.77807841, -501.43786615,    9.32134279, -468.47360547,   -491.69553638, -104.68862912,   81.17030988,   -5.12403799,   -128.72153854,  104.35584884,  115.46746322,  -15.37558629,    -32.79122877], [ -501.43786615,  843.37143611, -108.53428035,   97.49850975,     47.33790851,  -20.2516366 ,  -10.74639686,   20.57572632,     14.92609872,  -14.58643855,    8.73755791,    8.85832535,     17.38986751], [    9.32134279, -108.53428035,  260.15599512,   -9.86132954,     38.31863569,   23.9036007 ,    3.29772266,    9.23111467,     -0.94253997,    7.12249572,    4.4131762 ,   27.90114605,     23.45012164], [ -468.47360547,   97.49850975,   -9.86132954,  212.52403576,     63.54045473,   12.99575409,  -22.83216536,    3.45664971,      8.55177088,  -21.22243165,  -24.671558  ,   -3.69961553,     18.01022497], [ -491.69553638,   47.33790851,   38.31863569,   63.54045473,    139.6620997 ,   30.77242015,   -4.57626158,   -3.07119064,      7.96885959,    2.86660859,   -1.50432711,    0.70176524,      8.00863482], [ -104.68862912,  -20.2516366 ,   23.9036007 ,   12.99575409,     30.77242015,   88.96968434,   31.59747404,    6.450581  ,     -1.31970774,   -0.57355504,   11.92697761,    2.6574361 ,      1.08898884], [   81.17030988,  -10.74639686,    3.29772266,  -22.83216536,     -4.57626158,   31.59747404,   97.48378725,   27.10389113,      7.02229098,   -4.93241752,   17.30517189,    3.15367609,     -1.17618858], [   -5.12403799,   20.57572632,    9.23111467,    3.45664971,     -3.07119064,    6.450581  ,   27.10389113,   71.23906356,     27.16767463,    3.67250497,    0.51418298,    3.78367017,     -2.28288352], [ -128.72153854,   14.92609872,   -0.94253997,    8.55177088,      7.96885959,   -1.31970774,    7.02229098,   27.16767463,     79.86259106,   11.77919832,   -1.79785714,   -8.86108687,     -7.1958294 ], [  104.35584884,  -14.58643855,    7.12249572,  -21.22243165,      2.86660859,   -0.57355504,   -4.93241752,    3.67250497,     11.77919832,   88.9165566 ,   25.57415894,   -2.95367684,     -9.37209563], [  115.46746322,    8.73755791,    4.4131762 ,  -24.671558  ,     -1.50432711,   11.92697761,   17.30517189,    0.51418298,     -1.79785714,   25.57415894,   70.91734707,   24.40292038,     -3.6091543 ], [  -15.37558629,    8.85832535,   27.90114605,   -3.69961553,      0.70176524,    2.6574361 ,    3.15367609,    3.78367017,     -8.86108687,   -2.95367684,   24.40292038,   63.06105096,     24.53522245], [  -32.79122877,   17.38986751,   23.45012164,   18.01022497,      8.00863482,    1.08898884,   -1.17618858,   -2.28288352,     -7.1958294 ,   -9.37209563,   -3.6091543 ,   24.53522245,     65.93877562]]
/root/sim/music/out/斉藤和義/歌うたい25 SINGLES BEST 2008～2017 [Disc 3]/3-17 Call me Now.mp3; [-559.7726    , 132.71632   ,  18.469582  ,  25.641695  ,   0.46999285,    9.511492  ,   3.705666  ,   6.477192  ,  -1.6350229 ,   3.3125718 ,   -0.0580756 ,   0.5240397 ,  -1.2963303 ]; [[12874.58720443, -883.65343138, -773.36459005, -332.86045563,   -327.28182296, -247.18168283, -326.90514923,  -56.5190177 ,   -222.86300225, -115.15204012, -191.54413633,  -25.70236075,    -36.19381913], [ -883.65343138, 1157.77012295,   35.93411369,   54.06127634,     44.28607114,   59.55840697,  104.23189662,   46.00173173,     34.6425495 ,   28.0933061 ,   35.38724648,   11.96158235,     15.707761  ], [ -773.36459005,   35.93411369,  543.17118377,  105.70093151,     70.415871  ,   55.60939691,   20.22670056,   19.83471269,     25.74871063,    3.70494795,   12.1786169 ,   15.2834557 ,     -4.99363784], [ -332.86045563,   54.06127634,  105.70093151,  285.60063099,     87.31665328,   48.05529652,   22.02552025,    2.75587531,     42.90965941,   15.64697712,   14.28783205,  -13.66787755,     12.40643964], [ -327.28182296,   44.28607114,   70.415871  ,   87.31665328,    129.90616678,   59.13230724,   21.86482041,   -1.59294676,     24.13614146,   27.02919849,    9.32167864,   -5.52666874,      0.76484627], [ -247.18168283,   59.55840697,   55.60939691,   48.05529652,     59.13230724,  124.06039454,   65.61872401,    2.97237198,      8.23582268,   18.10743021,   23.74789381,   -1.46698648,     -2.13506659], [ -326.90514923,  104.23189662,   20.22670056,   22.02552025,     21.86482041,   65.61872401,  123.2346101 ,   38.19180704,     10.77061948,    5.79513723,   24.83617016,    8.52521133,     -4.23672112], [  -56.5190177 ,   46.00173173,   19.83471269,    2.75587531,     -1.59294676,    2.97237198,   38.19180704,   76.86396982,     22.86357811,   -0.8887668 ,    0.64340842,   11.99284691,      3.52239233], [ -222.86300225,   34.6425495 ,   25.74871063,   42.90965941,     24.13614146,    8.23582268,   10.77061948,   22.86357811,     78.13205945,   38.23639747,   -1.68023348,  -16.3516635 ,      5.85952889], [ -115.15204012,   28.0933061 ,    3.70494795,   15.64697712,     27.02919849,   18.10743021,    5.79513723,   -0.8887668 ,     38.23639747,   89.03840805,   23.20216265,   -6.47103021,     -3.02181327], [ -191.54413633,   35.38724648,   12.1786169 ,   14.28783205,      9.32167864,   23.74789381,   24.83617016,    0.64340842,     -1.68023348,   23.20216265,   65.82204225,   26.69285182,     -9.65028546], [  -25.70236075,   11.96158235,   15.2834557 ,  -13.66787755,     -5.52666874,   -1.46698648,    8.52521133,   11.99284691,    -16.3516635 ,   -6.47103021,   26.69285182,   65.88487366,     17.60423683], [  -36.19381913,   15.707761  ,   -4.99363784,   12.40643964,      0.76484627,   -2.13506659,   -4.23672112,    3.52239233,      5.85952889,   -3.02181327,   -9.65028546,   17.60423683,     62.41087102]]
/root/sim/music/out/斉藤和義/歌うたい25 SINGLES BEST 2008～2017 [Disc 3]/3-16 ダイアモンドリング.mp3; [-618.6922   , 165.32115  ,  26.306646 ,   9.67334  ,   2.962351 ,    8.193238 ,  -4.7053533,  -0.1280924,  -6.5976624,   3.3302512,   -5.9729195,  -1.9505495,  -3.4412332]; [[12969.89165364,  500.28088356,  267.10951598, -250.71879171,   -405.27102268, -127.09120595, -195.15138263,  130.74804054,   -120.68650288,  145.53043836,  -23.59788208,   21.65584305,   -121.73497577], [  500.28088356, 1478.62715103, -111.16637708,  110.28082093,    105.8887688 ,  117.83269114,   70.53591075,   16.82349905,     14.11599949,   28.11758123,   20.55624914,   24.51559851,     44.62152742], [  267.10951598, -111.16637708,  437.87688232,  -35.5816749 ,     39.05719484,   27.96512304,  -30.84859602,   46.79368212,    -13.47021504,   42.34003137,    2.26035206,   24.48249572,      3.94851259], [ -250.71879171,  110.28082093,  -35.5816749 ,  275.45698657,     82.87710839,   21.70865078,    9.87823527,  -28.32487619,     30.44071021,  -30.55122722,  -23.40988193,    3.1489264 ,     38.21052383], [ -405.27102268,  105.8887688 ,   39.05719484,   82.87710839,    180.97188325,   52.9436562 ,   13.73797302,   -7.39902316,     14.98940811,    4.65506381,    4.63899525,   17.47065306,     10.1645457 ], [ -127.09120595,  117.83269114,   27.96512304,   21.70865078,     52.9436562 ,  128.14223726,   54.88902448,    7.58993978,      3.38176107,    4.36117134,   17.68566398,   11.73083951,     11.29875987], [ -195.15138263,   70.53591075,  -30.84859602,    9.87823527,     13.73797302,   54.88902448,  148.81798173,   20.05166197,     19.71170244,   -9.0856224 ,   11.65885176,    8.99328155,     13.18621609], [  130.74804054,   16.82349905,   46.79368212,  -28.32487619,     -7.39902316,    7.58993978,   20.05166197,  108.85588503,     13.15605969,   22.87354147,   12.68237616,    6.83334651,      1.13709796], [ -120.68650288,   14.11599949,  -13.47021504,   30.44071021,     14.98940811,    3.38176107,   19.71170244,   13.15605969,     91.12176994,   15.75570016,    6.96706888,   -5.0586733 ,      0.87594448], [  145.53043836,   28.11758123,   42.34003137,  -30.55122722,      4.65506381,    4.36117134,   -9.0856224 ,   22.87354147,     15.75570016,  127.39784519,   32.73765192,    7.88358111,    -17.31477657], [  -23.59788208,   20.55624914,    2.26035206,  -23.40988193,      4.63899525,   17.68566398,   11.65885176,   12.68237616,      6.96706888,   32.73765192,   93.33472567,   22.72277452,     -9.84119679], [   21.65584305,   24.51559851,   24.48249572,    3.1489264 ,     17.47065306,   11.73083951,    8.99328155,    6.83334651,     -5.0586733 ,    7.88358111,   22.72277452,   82.18675318,     27.48839586], [ -121.73497577,   44.62152742,    3.94851259,   38.21052383,     10.1645457 ,   11.29875987,   13.18621609,    1.13709796,      0.87594448,  -17.31477657,   -9.84119679,   27.48839586,     81.00264752]]
/root/sim/music/out/斉藤和義/歌うたい25 SINGLES BEST 2008～2017 [Disc 3]/3-13 幸せハッピー.mp3; [-581.33124   , 121.64823   ,  16.880613  ,  11.24042   ,  -5.004551  ,    3.1772792 ,   0.76955736,  12.046878  ,   2.4257278 ,   8.267565  ,   -0.05625176,   5.0732493 ,  -0.90684754]; [[16769.99492889, -313.94489551, -295.95991761, -687.1021257 ,   -472.38907824, -165.39691586, -123.81045907,  136.37335617,   -197.57944439,   45.10448865, -197.60132318,  -86.03299535,   -123.0140114 ], [ -313.94489551, 2002.21780289,  -19.71788827,  134.78921701,     68.86765816,  135.42333764,   73.60725416,   80.54700392,    125.8992863 ,   29.88152903,   89.26118509,   54.83459672,     11.10938626], [ -295.95991761,  -19.71788827,  626.79930119,  126.78800507,    145.70451142,   29.46288736,   54.17299717,   44.02057494,     23.50174339,   30.98973041,   19.88828784,   44.05681498,     34.69447798], [ -687.1021257 ,  134.78921701,  126.78800507,  457.41842217,    200.78681102,   16.60011574,    1.25635084,   37.01702044,     69.98140295,   11.09476615,   12.41928226,   28.38642733,     54.74924843], [ -472.38907824,   68.86765816,  145.70451142,  200.78681102,    278.8904907 ,   60.48350474,   23.47986586,   34.01587006,     56.09894931,   42.51562592,   27.13861391,   25.94789073,     17.68803226], [ -165.39691586,  135.42333764,   29.46288736,   16.60011574,     60.48350474,  214.91181473,  112.20808495,   57.40175283,     56.69534147,   59.77861765,   55.41889613,   19.36025984,     -7.06197691], [ -123.81045907,   73.60725416,   54.17299717,    1.25635084,     23.47986586,  112.20808495,  174.41306437,   78.76815452,     45.85449551,   22.30240739,   41.81369658,   22.44046375,      1.83647735], [  136.37335617,   80.54700392,   44.02057494,   37.01702044,     34.01587006,   57.40175283,   78.76815452,  135.0133208 ,     49.30065372,   13.38949199,   13.06615179,   29.66909929,     26.02769802], [ -197.57944439,  125.8992863 ,   23.50174339,   69.98140295,     56.09894931,   56.69534147,   45.85449551,   49.30065372,    120.32670892,   41.88456537,   19.72816715,   10.1077911 ,     15.66718528], [   45.10448865,   29.88152903,   30.98973041,   11.09476615,     42.51562592,   59.77861765,   22.30240739,   13.38949199,     41.88456537,  125.07626804,   53.52440686,   11.00366685,     -8.50309388], [ -197.60132318,   89.26118509,   19.88828784,   12.41928226,     27.13861391,   55.41889613,   41.81369658,   13.06615179,     19.72816715,   53.52440686,  102.36961867,   33.60150493,     -6.13877634], [  -86.03299535,   54.83459672,   44.05681498,   28.38642733,     25.94789073,   19.36025984,   22.44046375,   29.66909929,     10.1077911 ,   11.00366685,   33.60150493,   91.92950029,     44.66826233], [ -123.0140114 ,   11.10938626,   34.69447798,   54.74924843,     17.68803226,   -7.06197691,    1.83647735,   26.02769802,     15.66718528,   -8.50309388,   -6.13877634,   44.66826233,    106.10335516]]
/root/sim/music/out/斉藤和義/歌うたい25 SINGLES BEST 2008～2017 [Disc 3]/3-06 愛の灯.mp3; [-594.3463   , 174.99889  ,  -6.7780395,  -6.746201 ,  -4.389342 ,    3.0285213,  -8.212271 ,   3.2352886, -14.28461  ,  -0.0244003,   -3.6988168,  -1.4665363,  -3.749829 ]; [[19849.09140118,-1035.05422537, -772.24838203, -115.27773976,   -493.47551955,  126.03498928, -174.33923004,  207.49689776,   -349.74817784,  300.23969799,   74.99098236,   39.92443739,   -106.93745134], [-1035.05422537, 2283.77846626, -221.60043896,  -59.69282811,    145.20370644,  -47.11630127,   15.23015364, -103.13462731,      1.42357387, -125.29082379,  -53.22762681,  -23.85610601,     21.71189291], [ -772.24838203, -221.60043896,  469.69520851,  -15.82216183,     52.6148497 ,   37.95414211,  -19.24833053,   36.49724747,     17.14327244,   -9.7666727 ,  -33.05015218,   29.57561812,     32.81354742], [ -115.27773976,  -59.69282811,  -15.82216183,  234.18431789,     41.2474547 ,    8.49043323,  -18.97005464,   31.66005048,     50.97513714,  -27.30663951,  -26.63227002,    0.34674991,     17.37755282], [ -493.47551955,  145.20370644,   52.6148497 ,   41.2474547 ,    164.64084108,   -7.25425898,  -23.49395503,    5.39236242,     28.01993695,  -34.87033307,  -21.34726771,    6.31159276,     18.22148053], [  126.03498928,  -47.11630127,   37.95414211,    8.49043323,     -7.25425898,  121.72111774,   25.91630993,    7.55163636,      3.25874616,   21.2893813 ,   19.55442845,    6.70719632,     -5.39470836], [ -174.33923004,   15.23015364,  -19.24833053,  -18.97005464,    -23.49395503,   25.91630993,  152.91250456,   -8.9618625 ,     28.83605619,   18.55147453,   47.51864077,  -12.65483247,     -5.37117011], [  207.49689776, -103.13462731,   36.49724747,   31.66005048,      5.39236242,    7.55163636,   -8.9618625 ,  106.77211633,     12.38251022,   15.64090409,  -19.75451267,   15.50469458,     15.89501861], [ -349.74817784,    1.42357387,   17.14327244,   50.97513714,     28.01993695,    3.25874616,   28.83605619,   12.38251022,    100.37152336,  -10.51695034,    3.07593757,   -9.22330869,     10.86811305], [  300.23969799, -125.29082379,   -9.7666727 ,  -27.30663951,    -34.87033307,   21.2893813 ,   18.55147453,   15.64090409,    -10.51695034,  104.57875152,   32.84319003,   12.19462381,    -19.3612974 ], [   74.99098236,  -53.22762681,  -33.05015218,  -26.63227002,    -21.34726771,   19.55442845,   47.51864077,  -19.75451267,      3.07593757,   32.84319003,   93.74849959,    6.2619538 ,     -8.7240797 ], [   39.92443739,  -23.85610601,   29.57561812,    0.34674991,      6.31159276,    6.70719632,  -12.65483247,   15.50469458,     -9.22330869,   12.19462381,    6.2619538 ,   65.67653716,     14.4371464 ], [ -106.93745134,   21.71189291,   32.81354742,   17.37755282,     18.22148053,   -5.39470836,   -5.37117011,   15.89501861,     10.86811305,  -19.3612974 ,   -8.7240797 ,   14.4371464 ,     65.95201644]]
/root/sim/music/out/xxx/Forever Love.mp3; [-654.8306    , 123.17457   ,  -5.087418  ,  15.965459  ,  -2.6300902 ,    1.6261805 ,  -2.911204  ,   0.01091762,  -3.965192  ,   2.5909889 ,   -1.2507992 ,  -5.8890634 ,   1.632582  ]; [[15733.40887464,-1453.281343  ,   66.50650699,  496.8590114 ,    -37.82839438,   99.81894914,   78.84720349,  -71.00472629,     47.5553825 ,  234.50511532,   92.39720596,   62.27902142,    103.72696543], [-1453.281343  , 2243.72014901, -116.06656119,   81.12934988,     48.24943021,   -6.80530575,   62.69181178,   90.8954635 ,     -4.20145917,  -67.39208794,  -20.80772109,   -3.92407911,    -88.20526245], [   66.50650699, -116.06656119,  447.57220642,  -85.34816777,     17.24505994,   16.83258248,  -48.32191343,   15.89544968,     -1.48364888,    3.77241535,   31.98174028,  -15.05045097,     12.54471623], [  496.8590114 ,   81.12934988,  -85.34816777,  502.83759231,     89.67614777,   44.07917238,   25.17926692,   68.38547175,     79.7301779 ,  -10.14877962,  -25.13488501,  102.78349218,    -17.47162956], [  -37.82839438,   48.24943021,   17.24505994,   89.67614777,    194.71589741,   14.4930425 ,  -15.80254358,   12.08466782,     41.9942987 ,    7.78782284,  -14.58045586,   29.15547046,     25.67934075], [   99.81894914,   -6.80530575,   16.83258248,   44.07917238,     14.4930425 ,  128.29995548,   58.22552525,   28.50661003,     14.43201376,   10.35815466,    3.27919206,   13.66508519,     -1.67065244], [   78.84720349,   62.69181178,  -48.32191343,   25.17926692,    -15.80254358,   58.22552525,  192.31722562,   39.73345923,      9.39032438,   37.30374212,   23.11050475,   11.75801377,    -24.17885121], [  -71.00472629,   90.8954635 ,   15.89544968,   68.38547175,     12.08466782,   28.50661003,   39.73345923,  104.69754964,     26.73443222,    0.89190146,    7.14499332,   19.30879576,    -12.36083911], [   47.5553825 ,   -4.20145917,   -1.48364888,   79.7301779 ,     41.9942987 ,   14.43201376,    9.39032438,   26.73443222,    113.62554883,   22.06874095,  -11.25522407,   17.3224719 ,     -0.21245961], [  234.50511532,  -67.39208794,    3.77241535,  -10.14877962,      7.78782284,   10.35815466,   37.30374212,    0.89190146,     22.06874095,  106.66332885,   33.47206072,  -10.95605653,     14.2225377 ], [   92.39720596,  -20.80772109,   31.98174028,  -25.13488501,    -14.58045586,    3.27919206,   23.11050475,    7.14499332,    -11.25522407,   33.47206072,   82.47033042,   13.29227607,      3.40313376], [   62.27902142,   -3.92407911,  -15.05045097,  102.78349218,     29.15547046,   13.66508519,   11.75801377,   19.30879576,     17.3224719 ,  -10.95605653,   13.29227607,  118.28333149,     10.0313385 ], [  103.72696543,  -88.20526245,   12.54471623,  -17.47162956,     25.67934075,   -1.67065244,  -24.17885121,  -12.36083911,     -0.21245961,   14.2225377 ,    3.40313376,   10.0313385 ,     90.97883438]]
/root/sim/music/out/xxx/X Japan - Tears (single).mp3; [-566.73535   , 111.236465  ,   0.4670944 ,  26.746603  ,  -4.7669578 ,   -2.4992206 , -11.026788  ,  -1.5845286 ,  -5.5108037 ,  -0.93018824,   -6.2166243 ,  -5.589545  ,   0.22395477]; [[8232.47609362,-758.54796701, 374.07101122, 123.67025827, 157.11536823,   113.59733354, 147.06950487,  98.6650258 ,  92.47766593,  94.10893584,   122.02914951, 180.23201427,  89.04488999], [-758.54796701, 529.49748881,-116.73422336,  22.1942276 , -42.0112242 ,   -32.5456627 , -18.11430432,  -2.83968134, -19.64201704,  -9.17910515,    10.44110074,  -1.45251002, -27.76708336], [ 374.07101122,-116.73422336, 332.41177958,  26.36202787,  51.42258826,    53.35071553,  13.68415291,  27.59242062,  13.98838003,  -2.44827354,    15.7799013 ,  -1.20523378,  -1.75353233], [ 123.67025827,  22.1942276 ,  26.36202787, 246.62133683,  63.72246694,    15.32317827,  13.551708  ,  32.78019573,  18.42875831, -20.84536052,    -6.46385661,  50.36978214,  12.93456989], [ 157.11536823, -42.0112242 ,  51.42258826,  63.72246694, 109.21119542,    24.91328368,  12.9420087 ,  14.7468676 ,  17.0841332 ,   4.82488789,    -4.2052827 ,  22.94970304,  18.13627753], [ 113.59733354, -32.5456627 ,  53.35071553,  15.32317827,  24.91328368,   102.06725165,  29.81784847,  20.12671572,   2.33906634,   2.84099479,     5.67210418,  -7.03324103,   3.31492849], [ 147.06950487, -18.11430432,  13.68415291,  13.551708  ,  12.9420087 ,    29.81784847,  96.41883956,  28.68642762,   8.8547473 ,   9.96386532,    17.12542586,   3.53248552,   2.43841399], [  98.6650258 ,  -2.83968134,  27.59242062,  32.78019573,  14.7468676 ,    20.12671572,  28.68642762,  74.56367201,  22.2399763 ,   6.12075648,     1.76692435,  17.90774795,   9.76217254], [  92.47766593, -19.64201704,  13.98838003,  18.42875831,  17.0841332 ,     2.33906634,   8.8547473 ,  22.2399763 ,  69.12771952,  25.70060007,     3.8856481 ,   3.38576806,   4.89826314], [  94.10893584,  -9.17910515,  -2.44827354, -20.84536052,   4.82488789,     2.84099479,   9.96386532,   6.12075648,  25.70060007,  75.05509751,    27.6654726 ,  -1.83860382,  -0.2298325 ], [ 122.02914951,  10.44110074,  15.7799013 ,  -6.46385661,  -4.2052827 ,     5.67210418,  17.12542586,   1.76692435,   3.8856481 ,  27.6654726 ,    70.85964824,  19.86762793,  -4.95902679], [ 180.23201427,  -1.45251002,  -1.20523378,  50.36978214,  22.94970304,    -7.03324103,   3.53248552,  17.90774795,   3.38576806,  -1.83860382,    19.86762793,  89.40784426,  32.47726588], [  89.04488999, -27.76708336,  -1.75353233,  12.93456989,  18.13627753,     3.31492849,   2.43841399,   9.76217254,   4.89826314,  -0.2298325 ,    -4.95902679,  32.47726588,  73.47605691]]
/root/sim/music/out/FIRE BOMBER/ACOUSTIC FIRE!!/03 君に届け→ (Acoustic Ver).mp3; [-634.8132    , 132.82127   ,  18.617304  ,  40.447483  ,  11.289048  ,   -0.89231604,  10.85244   ,   2.9114118 ,   7.1734433 ,  -2.4329884 ,   -2.525258  ,  -2.9814012 ,  -0.81789744]; [[14933.46901336,   18.10719188, -955.88011957, -129.9976099 ,   -152.71161102, -254.37042465,   -5.21665853,  -52.89003094,    -30.32467078,  -82.48252721,  -98.3151102 , -154.80588485,    -34.1625697 ], [   18.10719188, 1286.95187384,   75.63627407,  130.37512364,     87.01408425,   19.41373556,  151.78466967,  -28.61618472,    132.18134132,    6.63645632,    3.24107132,   -6.11702733,     -6.39401828], [ -955.88011957,   75.63627407,  788.0502405 ,  158.89495327,    127.39306567,  170.2197886 ,   27.64211876,   87.51188082,     10.88668041,   62.26358184,   68.97482771,   42.82526361,    -27.01995027], [ -129.9976099 ,  130.37512364,  158.89495327,  358.86944905,    118.13217901,   22.55682724,   26.76540982,   61.4231445 ,     13.61827455,    1.94117285,   38.78125878,   47.33632629,     19.55888623], [ -152.71161102,   87.01408425,  127.39306567,  118.13217901,    254.83597635,   76.22492046,   69.80897888,   51.03737649,     53.37574423,   27.17773954,   11.98942705,   48.92523717,     15.40955298], [ -254.37042465,   19.41373556,  170.2197886 ,   22.55682724,     76.22492046,  296.61399978,   62.96381979,   89.765111  ,     25.13324553,   70.69179338,   53.92011514,   12.89693919,     15.12326222], [   -5.21665853,  151.78466967,   27.64211876,   26.76540982,     69.80897888,   62.96381979,  184.27349716,   40.03917086,     65.00736665,   13.42596695,   14.90784421,    8.09993482,      7.40018011], [  -52.89003094,  -28.61618472,   87.51188082,   61.4231445 ,     51.03737649,   89.765111  ,   40.03917086,  150.61715337,     26.58725099,   33.2221377 ,   21.63649425,   18.5303271 ,     19.40973545], [  -30.32467078,  132.18134132,   10.88668041,   13.61827455,     53.37574423,   25.13324553,   65.00736665,   26.58725099,    129.99237474,   27.13885079,    0.28701073,   -1.41898449,      1.10145038], [  -82.48252721,    6.63645632,   62.26358184,    1.94117285,     27.17773954,   70.69179338,   13.42596695,   33.2221377 ,     27.13885079,  112.96966832,   45.15330496,   -0.40950989,     -1.31603594], [  -98.3151102 ,    3.24107132,   68.97482771,   38.78125878,     11.98942705,   53.92011514,   14.90784421,   21.63649425,      0.28701073,   45.15330496,   99.16125809,   31.69194172,     -0.02436018], [ -154.80588485,   -6.11702733,   42.82526361,   47.33632629,     48.92523717,   12.89693919,    8.09993482,   18.5303271 ,     -1.41898449,   -0.40950989,   31.69194172,   94.76483573,     37.36732136], [  -34.1625697 ,   -6.39401828,  -27.01995027,   19.55888623,     15.40955298,   15.12326222,    7.40018011,   19.40973545,      1.10145038,   -1.31603594,   -0.02436018,   37.36732136,     83.50999774]]
/root/sim/music/out/FIRE BOMBER/ACOUSTIC FIRE!!/09 SWEET FANTASY (Acoustic Ver).mp3; [-692.7524   , 142.76897  ,   1.5573586,  32.08904  ,   7.1658106,   -0.7068046,   9.984843 ,  -3.4668345,  -1.6667109,  -3.795736 ,   -3.10186  ,  -1.2704196,   0.7011229]; [[18748.90508014, -616.6321846 ,  363.70161293,  600.74953493,     41.08249281, -126.54139384,  248.30581605,  161.80030498,    266.05935346,  126.43290611,  101.78514409,   58.39672681,    159.6148348 ], [ -616.6321846 , 1543.8090367 , -553.5921929 ,  -11.27596105,    -19.57457548,  -27.98239749,  -11.87042656,  -90.46574294,    -78.27711069,  -53.78777341,  -56.79167457,  -54.28745399,    -10.48123316], [  363.70161293, -553.5921929 ,  784.19057802,   27.37292945,    105.73412078,  215.38726757,    5.3892207 ,  133.87024785,     78.29275759,   23.37598788,   91.64241553,   22.30899508,     -5.76553438], [  600.74953493,  -11.27596105,   27.37292945,  300.03085205,     23.16729209,    0.81893256,  -10.91318913,   13.68154149,     -5.66256785,  -16.10347661,   11.28607068,   25.42993748,     17.04719214], [   41.08249281,  -19.57457548,  105.73412078,   23.16729209,    199.84721246,   -3.6116513 ,   30.13964136,   12.38140244,     18.42755138,    1.35785349,   -4.17118442,   17.13098821,     13.67639608], [ -126.54139384,  -27.98239749,  215.38726757,    0.81893256,     -3.6116513 ,  560.809765  ,    1.51186054,  194.90708212,     42.75306082,   62.61646952,  113.7094732 ,  -22.50326451,     27.78516118], [  248.30581605,  -11.87042656,    5.3892207 ,  -10.91318913,     30.13964136,    1.51186054,  157.85080211,   36.64664528,     32.0674377 ,   19.34887472,   13.30850779,   22.73378205,     27.40970418], [  161.80030498,  -90.46574294,  133.87024785,   13.68154149,     12.38140244,  194.90708212,   36.64664528,  206.02152328,     60.78663207,   32.68170143,   66.56808143,   29.52399281,     29.74748364], [  266.05935346,  -78.27711069,   78.29275759,   -5.66256785,     18.42755138,   42.75306082,   32.0674377 ,   60.78663207,    130.73956078,   48.57480887,   26.63005977,    3.0101499 ,     13.95970597], [  126.43290611,  -53.78777341,   23.37598788,  -16.10347661,      1.35785349,   62.61646952,   19.34887472,   32.68170143,     48.57480887,  138.60782713,   57.45110834,   -5.72305392,     18.7712726 ], [  101.78514409,  -56.79167457,   91.64241553,   11.28607068,     -4.17118442,  113.7094732 ,   13.30850779,   66.56808143,     26.63005977,   57.45110834,  129.87362633,   36.69709831,     14.09438379], [   58.39672681,  -54.28745399,   22.30899508,   25.42993748,     17.13098821,  -22.50326451,   22.73378205,   29.52399281,      3.0101499 ,   -5.72305392,   36.69709831,  118.28328861,     39.76172716], [  159.6148348 ,  -10.48123316,   -5.76553438,   17.04719214,     13.67639608,   27.78516118,   27.40970418,   29.74748364,     13.95970597,   18.7712726 ,   14.09438379,   39.76172716,    115.155046  ]]
/root/sim/music/out/FIRE BOMBER/ACOUSTIC FIRE!!/01 突撃ラブハート (Acoustic Ver).mp3; [-566.99927   , 120.02229   ,   3.4631217 ,  36.56232   ,   9.409555  ,    7.2865086 ,   8.389037  ,   4.152881  ,  -1.6510702 ,   3.034573  ,    0.7319791 ,  -1.4044724 ,  -0.70078117]; [[17790.85546358, -660.13005752, -759.31659464,  292.45785011,   -268.54730572,  123.33356394,   54.26003874,  -18.40598912,    -43.04217935,  120.65674176, -114.21596178, -172.64856462,    -45.48229762], [ -660.13005752, 1445.73845852, -118.27356419,  -20.44696478,     72.24451098,  -66.83504313,   -5.33289017,   -1.82298936,    -20.11918467,   -6.07180539,   -8.51986876,  -28.42362842,    -25.87815248], [ -759.31659464, -118.27356419,  325.7095019 ,    6.4839843 ,     38.55543357,   -3.98305405,   -3.63850217,  -13.83704954,      6.50713557,  -20.53918968,   -2.35607915,   10.03858389,     -7.17080071], [  292.45785011,  -20.44696478,    6.4839843 ,  217.47968605,     58.90810921,    7.04774853,  -42.9030635 ,    6.35306199,      1.78404848,  -29.26872851,  -10.7643123 ,   19.79466539,     17.10444016], [ -268.54730572,   72.24451098,   38.55543357,   58.90810921,    160.50037577,    7.97047121,   -3.7815788 ,    8.60204086,      8.23649506,  -17.10698478,   -5.08317765,   14.24803911,      6.09403223], [  123.33356394,  -66.83504313,   -3.98305405,    7.04774853,      7.97047121,  146.69753714,   66.15130331,    3.87175765,     -2.02560659,    2.66715954,    8.1001824 ,    1.23950466,      1.79289038], [   54.26003874,   -5.33289017,   -3.63850217,  -42.9030635 ,     -3.7815788 ,   66.15130331,  152.62149713,   27.71981261,     -0.06018504,   25.5939171 ,    8.59488974,   -8.16776041,     -4.27805   ], [  -18.40598912,   -1.82298936,  -13.83704954,    6.35306199,      8.60204086,    3.87175765,   27.71981261,   76.3663711 ,     18.1747461 ,    2.61576602,    3.45590417,    4.01582755,      0.86086402], [  -43.04217935,  -20.11918467,    6.50713557,    1.78404848,      8.23649506,   -2.02560659,   -0.06018504,   18.1747461 ,     85.1720295 ,   22.84306846,    8.31856664,    2.05689048,     -3.83644698], [  120.65674176,   -6.07180539,  -20.53918968,  -29.26872851,    -17.10698478,    2.66715954,   25.5939171 ,    2.61576602,     22.84306846,   89.03064844,   20.43377796,  -11.73980808,     -6.59064613], [ -114.21596178,   -8.51986876,   -2.35607915,  -10.7643123 ,     -5.08317765,    8.1001824 ,    8.59488974,    3.45590417,      8.31856664,   20.43377796,   59.40627761,   19.43666458,      4.68402085], [ -172.64856462,  -28.42362842,   10.03858389,   19.79466539,     14.24803911,    1.23950466,   -8.16776041,    4.01582755,      2.05689048,  -11.73980808,   19.43666458,   67.4177076 ,     26.45093917], [  -45.48229762,  -25.87815248,   -7.17080071,   17.10444016,      6.09403223,    1.79289038,   -4.27805   ,    0.86086402,     -3.83644698,   -6.59064613,    4.68402085,   26.45093917,     55.34759388]]
/root/sim/music/out/FIRE BOMBER/ACOUSTIC FIRE!!/07 PLANET DANCE (Acoustic Ver).mp3; [-584.1925    , 112.91327   ,  -4.831457  ,  31.954338  ,  12.670335  ,   12.01135   ,   7.794402  ,   3.35853   ,   0.19915995,  -0.76492095,    1.1370318 ,   0.02169196,  -1.3032498 ]; [[11679.14552293,  547.5673451 , -541.84406936,  100.71315552,   -211.28238042,  -62.83256871,  -65.5994987 ,   92.27985551,     29.28900183,    3.42633076,  -50.9553662 , -107.73858289,   -115.21669746], [  547.5673451 ,  552.46344297,  -15.94336293,   35.9341455 ,     25.46537118,   -5.05471034,   12.58307021,  -22.06946838,    -33.60852221,  -22.60295149,  -24.56765351,  -25.29091514,     -7.81182173], [ -541.84406936,  -15.94336293,  444.95117471,   26.57224935,     31.84970817,  -11.62606585,   12.31965827,  -50.55539629,    -22.22774139,  -20.42609431,  -11.41956787,   20.11887692,      4.19217144], [  100.71315552,   35.9341455 ,   26.57224935,  178.02893107,     71.44034371,    7.26537781,  -33.89868533,   -8.17935453,     -4.57713903,  -17.46495007,  -10.65799063,    8.24209858,      7.68534696], [ -211.28238042,   25.46537118,   31.84970817,   71.44034371,    195.71699464,   35.01223791,   15.89646957,   -2.58485913,      3.48368535,  -16.21843599,   -2.63550793,    5.58751277,      2.24715783], [  -62.83256871,   -5.05471034,  -11.62606585,    7.26537781,     35.01223791,  116.23859975,   53.12727232,   11.48557299,     -1.96645597,   10.62634469,   12.83136144,    8.90411015,      1.60197913], [  -65.5994987 ,   12.58307021,   12.31965827,  -33.89868533,     15.89646957,   53.12727232,  121.72352851,   35.10587093,      2.98058129,    9.22047095,   12.74245683,    3.83959644,      3.95019946], [   92.27985551,  -22.06946838,  -50.55539629,   -8.17935453,     -2.58485913,   11.48557299,   35.10587093,   98.49578098,     49.5135687 ,   14.6385148 ,   -0.80225352,   -6.47005425,     -3.17413024], [   29.28900183,  -33.60852221,  -22.22774139,   -4.57713903,      3.48368535,   -1.96645597,    2.98058129,   49.5135687 ,    101.67841643,   36.24532982,    2.14901237,   -2.45391648,     -5.29277281], [    3.42633076,  -22.60295149,  -20.42609431,  -17.46495007,    -16.21843599,   10.62634469,    9.22047095,   14.6385148 ,     36.24532982,   90.05179686,   32.28328679,   -3.80408359,     -8.47982045], [  -50.9553662 ,  -24.56765351,  -11.41956787,  -10.65799063,     -2.63550793,   12.83136144,   12.74245683,   -0.80225352,      2.14901237,   32.28328679,   79.98859138,   31.73624619,     -0.58379436], [ -107.73858289,  -25.29091514,   20.11887692,    8.24209858,      5.58751277,    8.90411015,    3.83959644,   -6.47005425,     -2.45391648,   -3.80408359,   31.73624619,   79.28079701,     25.69582382], [ -115.21669746,   -7.81182173,    4.19217144,    7.68534696,      2.24715783,    1.60197913,    3.95019946,   -3.17413024,     -5.29277281,   -8.47982045,   -0.58379436,   25.69582382,     63.24446236]]
