/root/sim/music/101~200/177_晴れの日.mp3; [-703.66815  , 148.75421  ,  46.401115 ,   6.519558 ,   8.735466 ,    6.016154 ,   1.696543 ,  -0.8065474, -11.206594 , -11.386606 ,   -6.4664273,  -2.3455842,   1.1309662]; [[3659.21182824,-462.58656124,  26.76074104, 271.25782352,  24.66437097,    26.99252641,  14.34958336,  95.45907998,  51.43349796, -11.54364534,     5.79502708,  61.98388058,  67.51430261], [-462.58656124, 440.44443693,-135.71210601, -37.17038537, -22.59087471,    13.22452002, -11.54075782,  -4.1520976 ,  -1.3798451 , -14.63888599,    11.6854161 ,  -7.91125841,  14.01752568], [  26.76074104,-135.71210601, 199.90608169,  35.86217368,  63.06135987,     8.94904553,  39.79463572,  19.39871427,  22.8923746 ,  45.46849356,     9.35006223,  16.35049931,  -1.31658605], [ 271.25782352, -37.17038537,  35.86217368, 217.92507303,  53.58755146,    59.16961419,  38.58389428,  45.95818677,  44.42154184,  49.01935696,    49.21227766,  39.89016744,  30.91956693], [  24.66437097, -22.59087471,  63.06135987,  53.58755146,  94.20527468,    28.84340705,  28.46431722,  24.57092981,  17.58765749,  24.6040083 ,    24.62099976,  24.35881986,   8.00709581], [  26.99252641,  13.22452002,   8.94904553,  59.16961419,  28.84340705,    79.99094513,  45.36607048,  23.79480359,   7.32922006,  17.66726336,    27.92893277,  22.67736963,  10.50470434], [  14.34958336, -11.54075782,  39.79463572,  38.58389428,  28.46431722,    45.36607048,  82.35191745,  37.19899065,  20.884986  ,  24.68325474,    20.45120708,  16.40538288,  11.44486033], [  95.45907998,  -4.1520976 ,  19.39871427,  45.95818677,  24.57092981,    23.79480359,  37.19899065,  73.19197265,  35.25044814,  19.50608577,     0.44168377,  11.15886653,  13.91467581], [  51.43349796,  -1.3798451 ,  22.8923746 ,  44.42154184,  17.58765749,     7.32922006,  20.884986  ,  35.25044814,  86.95089846,  49.1852509 ,     1.06848869,  -1.51335456,  12.70256163], [ -11.54364534, -14.63888599,  45.46849356,  49.01935696,  24.6040083 ,    17.66726336,  24.68325474,  19.50608577,  49.1852509 ,  75.15118166,    28.77940742,  12.71316643,   9.52001572], [   5.79502708,  11.6854161 ,   9.35006223,  49.21227766,  24.62099976,    27.92893277,  20.45120708,   0.44168377,   1.06848869,  28.77940742,    78.79734635,  36.33248354,   3.8972285 ], [  61.98388058,  -7.91125841,  16.35049931,  39.89016744,  24.35881986,    22.67736963,  16.40538288,  11.15886653,  -1.51335456,  12.71316643,    36.33248354,  60.3085778 ,  29.47201045], [  67.51430261,  14.01752568,  -1.31658605,  30.91956693,   8.00709581,    10.50470434,  11.44486033,  13.91467581,  12.70256163,   9.52001572,     3.8972285 ,  29.47201045,  60.60199868]]
/root/sim/music/101~200/128_Freedom_Dance.mp3; [-676.1972   , 248.5353   , -19.870111 ,   9.176632 , -16.333405 ,    1.9550909,  -1.9743179,  -2.0252385,  -7.0126915,  -2.2417264,   -2.2053401,   1.6405032,   1.2979364]; [[ 8989.94202137,-1650.82735402,  326.42104188, 1643.72124525,    133.06643562,  558.77569968,  326.12031527,  563.62183379,    184.19570949,  409.19407131,  372.02523589,  401.42582155,    276.54574715], [-1650.82735402, 2529.26718439, -398.07256904, -703.87299046,    101.91276228, -126.17811395,  -12.48322278, -182.66866182,     -9.08617103,  -99.60496814,  -71.58274955,  -88.62238397,    -20.27708204], [  326.42104188, -398.07256904,  858.39302183,  164.51844399,    224.34171756,  287.33643399,  254.30163452,  244.6257815 ,    169.35260369,  166.83653909,  156.39794022,  128.77748329,     95.81154986], [ 1643.72124525, -703.87299046,  164.51844399,  683.67986817,     84.84728996,  178.02690798,  103.33368877,  182.28907968,     77.44340055,  117.95546112,   89.53056172,   82.59628641,     49.51962363], [  133.06643562,  101.91276228,  224.34171756,   84.84728996,    270.17368606,  118.29265568,  122.38501428,  109.97245558,     79.13925278,   74.87909086,   78.77769677,   50.09276898,     49.90691848], [  558.77569968, -126.17811395,  287.33643399,  178.02690798,    118.29265568,  234.37553274,  153.03928308,  136.66510559,    101.87191524,  104.16382398,   97.74684445,   99.57405506,     74.70594514], [  326.12031527,  -12.48322278,  254.30163452,  103.33368877,    122.38501428,  153.03928308,  197.82245464,  129.67592062,     78.89617644,   97.18573164,   93.38956952,   85.65639887,     82.09271901], [  563.62183379, -182.66866182,  244.6257815 ,  182.28907968,    109.97245558,  136.66510559,  129.67592062,  182.65481055,     83.97924395,   91.74288192,   92.54174518,   74.04160535,     64.93639773], [  184.19570949,   -9.08617103,  169.35260369,   77.44340055,     79.13925278,  101.87191524,   78.89617644,   83.97924395,    130.87192396,   76.19339302,   51.37334381,   49.74564521,     31.48718232], [  409.19407131,  -99.60496814,  166.83653909,  117.95546112,     74.87909086,  104.16382398,   97.18573164,   91.74288192,     76.19339302,  122.17679001,   85.20212528,   67.35933442,     61.02623649], [  372.02523589,  -71.58274955,  156.39794022,   89.53056172,     78.77769677,   97.74684445,   93.38956952,   92.54174518,     51.37334381,   85.20212528,  110.61606522,   83.27179181,     64.57842867], [  401.42582155,  -88.62238397,  128.77748329,   82.59628641,     50.09276898,   99.57405506,   85.65639887,   74.04160535,     49.74564521,   67.35933442,   83.27179181,  110.36339382,     81.72554273], [  276.54574715,  -20.27708204,   95.81154986,   49.51962363,     49.90691848,   74.70594514,   82.09271901,   64.93639773,     31.48718232,   61.02623649,   64.57842867,   81.72554273,    100.27520533]]
/root/sim/music/101~200/134_われわれはどこへいくのか.mp3; [-838.53906 , 168.99669 , -39.364227, -26.059141, -27.836767,  -8.939755,  -16.66043 , -15.280267, -27.303438,  -9.62744 , -13.854509, -10.914633,  -11.687653]; [[9273.48936207,-106.95267466,-114.18883399, 599.16748   ,-391.22270121,  -516.77749849, 176.86904757, 410.7122447 ,-698.03486024, 181.04248277,  -380.86264423, 101.11515072, 182.49615381], [-106.95267466,1484.99374928,  46.74439735,-135.77119921,  44.56669266,   148.45217214,  -4.83508726, -91.71150535, 113.44257762, -82.36743355,    11.49489126, -29.42106521, -67.17195369], [-114.18883399,  46.74439735, 854.73708161, 473.03827065, 137.30559447,    49.65302997, 237.18185293, 272.85776222, -47.01849883,  48.33740109,  -108.65027263,-122.87719862,-115.59034315], [ 599.16748   ,-135.77119921, 473.03827065, 482.74354306,  68.4923389 ,   -18.76644795, 146.87757909, 226.77526295,-110.51593568,  64.92928013,  -103.66546816, -50.96205267, -14.84253086], [-391.22270121,  44.56669266, 137.30559447,  68.4923389 , 142.26777037,    83.80618034,  40.70307437,  21.84323339,   6.14132971,  -6.15613802,   -35.63955031, -38.49487788, -43.58993468], [-516.77749849, 148.45217214,  49.65302997, -18.76644795,  83.80618034,   187.39461341,  54.65501868, -17.49237242,  52.40119802, -12.79002475,    29.39554091, -48.62777578, -98.79997925], [ 176.86904757,  -4.83508726, 237.18185293, 146.87757909,  40.70307437,    54.65501868, 270.55298161, 141.42502772,  20.01008229,  50.54519619,    14.36308475,  33.37615449, -19.74475575], [ 410.7122447 , -91.71150535, 272.85776222, 226.77526295,  21.84323339,   -17.49237242, 141.42502772, 261.86414528, -56.93576334,  67.16925568,   -67.90573711, -19.59684541,  23.36936397], [-698.03486024, 113.44257762, -47.01849883,-110.51593568,   6.14132971,    52.40119802,  20.01008229, -56.93576334, 257.24750491,  -3.30864024,    99.17331599,  13.56283232, -41.73028575], [ 181.04248277, -82.36743355,  48.33740109,  64.92928013,  -6.15613802,   -12.79002475,  50.54519619,  67.16925568,  -3.30864024, 179.08587554,    48.29064736,  46.7739031 ,  27.8965022 ], [-380.86264423,  11.49489126,-108.65027263,-103.66546816, -35.63955031,    29.39554091,  14.36308475, -67.90573711,  99.17331599,  48.29064736,   182.78519032,  78.25892015,  11.41470098], [ 101.11515072, -29.42106521,-122.87719862, -50.96205267, -38.49487788,   -48.62777578,  33.37615449, -19.59684541,  13.56283232,  46.7739031 ,    78.25892015, 185.11489803, 116.4269128 ], [ 182.49615381, -67.17195369,-115.59034315, -14.84253086, -43.58993468,   -98.79997925, -19.74475575,  23.36936397, -41.73028575,  27.8965022 ,    11.41470098, 116.4269128 , 270.48088153]]
/root/sim/music/101~200/196_Welcome_to_h.aunted_house_(SEあり・なし).mp3; [-857.4057    , 223.01085   , -13.221408  , -12.089219  ,   6.73743   ,   10.4910345 ,   4.7156916 ,   0.08716353,  -0.84000236,   1.3921598 ,    5.905292  ,   3.9036458 ,   1.2730882 ]; [[24512.51938558, 7641.80623647,-1867.8673987 , -728.2856787 ,   -291.89041887, -253.86821307, -324.03200386, -487.59851399,   -266.07009808, -145.07878368,   84.66577132, -115.41576114,   -129.41433522], [ 7641.80623647, 6580.00832618, -525.87111732, -385.82919406,    366.34993666,  318.77822718,  -49.10202471,  -62.890764  ,   -100.01683117,  -41.0023865 ,  168.41647178,  117.60031731,     12.32742675], [-1867.8673987 , -525.87111732, 1176.50749727,  110.35660407,     13.17457202,  133.58744923,  362.59669723,  306.39783061,    291.32083961,  -84.88320497,  -18.32332682,  177.03763167,    136.00058808], [ -728.2856787 , -385.82919406,  110.35660407,  515.0979219 ,    -48.74557824,  -55.08349426, -187.26304307,   96.7822887 ,     98.94934759,  205.43924703,  -97.72401177,  -96.75613791,    -71.29475052], [ -291.89041887,  366.34993666,   13.17457202,  -48.74557824,    453.32409016,  172.07173103,   74.47386286, -118.0715619 ,    -52.6894214 ,   64.25008027,  129.54579862,  -58.90247193,    -22.60560307], [ -253.86821307,  318.77822718,  133.58744923,  -55.08349426,    172.07173103,  424.68120482,  287.2566199 ,   59.47848268,    -23.15219783,  102.67301951,  166.26715681,  103.00417965,     15.53563351], [ -324.03200386,  -49.10202471,  362.59669723, -187.26304307,     74.47386286,  287.2566199 ,  538.06686079,  156.4375371 ,     72.0061594 , -135.0358188 ,  132.76296615,  189.94254189,    114.69938531], [ -487.59851399,  -62.890764  ,  306.39783061,   96.7822887 ,   -118.0715619 ,   59.47848268,  156.4375371 ,  285.58078458,    106.40905948,  -55.92930988,  -42.90039535,  137.87704653,     29.61082363], [ -266.07009808, -100.01683117,  291.32083961,   98.94934759,    -52.6894214 ,  -23.15219783,   72.0061594 ,  106.40905948,    262.15813013,   18.46000756,  -59.34565076,  -27.96177372,     36.26873788], [ -145.07878368,  -41.0023865 ,  -84.88320497,  205.43924703,     64.25008027,  102.67301951, -135.0358188 ,  -55.92930988,     18.46000756,  416.0507637 ,   57.62677653, -123.12473331,   -146.50306799], [   84.66577132,  168.41647178,  -18.32332682,  -97.72401177,    129.54579862,  166.26715681,  132.76296615,  -42.90039535,    -59.34565076,   57.62677653,  261.55670381,   77.9858573 ,      9.34674146], [ -115.41576114,  117.60031731,  177.03763167,  -96.75613791,    -58.90247193,  103.00417965,  189.94254189,  137.87704653,    -27.96177372, -123.12473331,   77.9858573 ,  267.80771231,     88.09878022], [ -129.41433522,   12.32742675,  136.00058808,  -71.29475052,    -22.60560307,   15.53563351,  114.69938531,   29.61082363,     36.26873788, -146.50306799,    9.34674146,   88.09878022,    238.64485134]]
/root/sim/music/101~200/169_Rain_in_the_shade_of_a_tree_.mp3; [-693.7206   , 198.74774  ,  37.174007 ,  59.069298 ,  -2.0455656,    8.936011 ,  -4.452327 ,   6.0300965,  -6.462359 ,   2.012004 ,   -4.31135  ,   2.0847278,  -1.0561354]; [[5058.33789389, 302.3877034 ,-361.41937388,-120.36325354,-271.75291899,  -179.96794747,-323.36869351,-367.82899648,-192.99703016,-183.0348474 ,    48.2930825 , -14.45043602, -12.72701515], [ 302.3877034 ,1022.24820735, 423.99438071,  38.39828442, -69.40642749,  -148.14439407,-123.98475054,-137.44008614,-138.85200075, -61.41979916,    22.19603681, 104.16091273, 114.95526646], [-361.41937388, 423.99438071, 450.16681695, 157.68242469,   3.74483073,   -94.08397108, -51.93394494, -39.75191928, -36.68498914,  -6.65454774,     2.12312624,  39.19557929,  75.76971704], [-120.36325354,  38.39828442, 157.68242469, 182.57489053,  60.29747214,     8.724062  ,  14.87974404,  36.33171776,  27.27078067,  21.9445647 ,    -6.89959424,  -5.68831643,  13.77869386], [-271.75291899, -69.40642749,   3.74483073,  60.29747214, 139.8598922 ,   103.73458072,  99.35894905,  83.71637583,  53.66370807,  30.21157135,    -1.9281794 ,  -9.25029363, -10.50394648], [-179.96794747,-148.14439407, -94.08397108,   8.724062  , 103.73458072,   166.1030685 , 146.66545746, 125.55037362,  75.74815185,  43.64702149,    -2.28314531, -15.84761759, -35.13128834], [-323.36869351,-123.98475054, -51.93394494,  14.87974404,  99.35894905,   146.66545746, 199.60949912, 180.83436521, 124.42585955,  75.52315235,     4.27962949, -26.79045667, -37.3332642 ], [-367.82899648,-137.44008614, -39.75191928,  36.33171776,  83.71637583,   125.55037362, 180.83436521, 216.49531369, 152.2375201 ,  99.29390062,     6.10139798, -29.67689008, -40.3854612 ], [-192.99703016,-138.85200075, -36.68498914,  27.27078067,  53.66370807,    75.74815185, 124.42585955, 152.2375201 , 155.17658685,  96.63137311,    20.12974558, -32.78472491, -35.51009292], [-183.0348474 , -61.41979916,  -6.65454774,  21.9445647 ,  30.21157135,    43.64702149,  75.52315235,  99.29390062,  96.63137311,  93.86793579,    28.34367099, -11.31561549, -18.97364917], [  48.2930825 ,  22.19603681,   2.12312624,  -6.89959424,  -1.9281794 ,    -2.28314531,   4.27962949,   6.10139798,  20.12974558,  28.34367099,    44.27284138,  19.19921996,   5.6757145 ], [ -14.45043602, 104.16091273,  39.19557929,  -5.68831643,  -9.25029363,   -15.84761759, -26.79045667, -29.67689008, -32.78472491, -11.31561549,    19.19921996,  60.55759813,  40.19649306], [ -12.72701515, 114.95526646,  75.76971704,  13.77869386, -10.50394648,   -35.13128834, -37.3332642 , -40.3854612 , -35.51009292, -18.97364917,     5.6757145 ,  40.19649306,  64.40628878]]
/root/sim/music/101~200/111_eye-catch.mp3; [-849.44604   , 137.64203   , -49.60751   , -14.865035  , -34.533653  ,  -15.739355  , -13.239717  ,   5.3162985 ,   0.12355079, -11.349885  ,  -14.274714  ,  -9.034546  ,   4.7800508 ]; [[40739.82112324, 8492.96718987,-4282.19258826,-1081.68971626,  -5221.24215147,-2116.40299832, -940.59131634,  201.25928082,   -516.39088921,  403.99128828,  661.45394887, -323.91363705,    -57.66494426], [ 8492.96718987, 2946.89541696,-1002.45710666, -271.91081488,   -869.02802886, -404.14663061, -198.8910862 ,   58.84593608,   -186.56162391, -173.0620022 ,  -53.04952676,  -57.15877846,     24.04482373], [-4282.19258826,-1002.45710666, 1066.44146944,  488.77965663,    688.0851731 ,  354.89877792,  133.35052696, -139.67225946,    -20.71874107,  -12.09318297,  -17.94199816,   93.22687009,    -56.33561209], [-1081.68971626, -271.91081488,  488.77965663,  380.01767419,    236.50513633,   95.92662634,   10.75410092,  -90.06531309,    -40.92550313,   31.13725111,   35.20139052,   35.93774375,    -83.15045292], [-5221.24215147, -869.02802886,  688.0851731 ,  236.50513633,   1035.33607718,  445.53397445,  157.99479694,  -45.89229224,   -125.59190516, -266.17700712, -159.43307419,  163.40625558,    137.78945465], [-2116.40299832, -404.14663061,  354.89877792,   95.92662634,    445.53397445,  359.98003628,  146.45319789,  -63.85331511,   -119.94597594, -136.45909383,  -30.01938069,  132.78768605,    131.43816972], [ -940.59131634, -198.8910862 ,  133.35052696,   10.75410092,    157.99479694,  146.45319789,  156.56473663,    8.24706983,    -69.38234483,  -71.61995627,   12.42912673,   90.35402366,     48.79657649], [  201.25928082,   58.84593608, -139.67225946,  -90.06531309,    -45.89229224,  -63.85331511,    8.24706983,  249.22867894,    104.45191399, -113.80915409, -134.0840867 , -127.07657564,     56.68623296], [ -516.39088921, -186.56162391,  -20.71874107,  -40.92550313,   -125.59190516, -119.94597594,  -69.38234483,  104.45191399,    357.6288618 ,  189.07755771,  -87.04317152, -241.3843716 ,   -181.02861607], [  403.99128828, -173.0620022 ,  -12.09318297,   31.13725111,   -266.17700712, -136.45909383,  -71.61995627, -113.80915409,    189.07755771,  400.93702268,  187.40584096,  -56.1154914 ,   -254.71522416], [  661.45394887,  -53.04952676,  -17.94199816,   35.20139052,   -159.43307419,  -30.01938069,   12.42912673, -134.0840867 ,    -87.04317152,  187.40584096,  334.77204212,  193.30715817,   -118.95602872], [ -323.91363705,  -57.15877846,   93.22687009,   35.93774375,    163.40625558,  132.78768605,   90.35402366, -127.07657564,   -241.3843716 ,  -56.1154914 ,  193.30715817,  390.84292451,     92.009822  ], [  -57.66494426,   24.04482373,  -56.33561209,  -83.15045292,    137.78945465,  131.43816972,   48.79657649,   56.68623296,   -181.02861607, -254.71522416, -118.95602872,   92.009822  ,    424.76023908]]
/root/sim/music/101~200/171_City_Street.mp3; [-614.3625   , 124.061676 ,  23.073563 ,   0.8553315,  -6.6914167,   -3.543199 ,   3.8660443,   7.6085253,  -3.582611 ,  -6.27773  ,   -4.2479672,  -4.3069835,  -4.5758944]; [[4555.90461777,-345.17508795, 449.64898109,  94.01837074,  44.98283141,  -201.4315506 ,-384.43133232,-406.40351276,-393.53877442,-158.10734403,    79.55825588, 320.73676486, 202.42741895], [-345.17508795,1512.20301182,  -3.08690371, -69.91701414,  22.8356887 ,    96.40017799,  -8.16369159, -67.63049191, -14.72893004, -27.12445288,  -121.73230974,  70.90758899, 278.40403194], [ 449.64898109,  -3.08690371, 811.25213673, 415.86603612, 198.11505475,    59.70386474, 130.44944453, 139.95168358,  34.65614125,  73.15449501,   204.87732298,  58.79855021, -49.74957602], [  94.01837074, -69.91701414, 415.86603612, 501.1317144 , 291.11869436,   119.56375132, 162.83498453, 204.58440154, 134.70857985, 150.0343269 ,   182.46722737,  37.59405939,-100.71897506], [  44.98283141,  22.8356887 , 198.11505475, 291.11869436, 274.92355869,   180.39135623, 130.53605196, 156.27990578, 146.57785663, 122.8156003 ,    59.4487776 ,  13.93451189,  -3.51202366], [-201.4315506 ,  96.40017799,  59.70386474, 119.56375132, 180.39135623,   254.41486442, 172.4339031 , 126.62436823, 133.00143008,  83.80863387,   -16.70512038, -36.80173052,  45.13745281], [-384.43133232,  -8.16369159, 130.44944453, 162.83498453, 130.53605196,   172.4339031 , 241.02841452, 211.98416688, 148.39680693, 101.45193637,    52.85510069, -51.00475137, -38.92637182], [-406.40351276, -67.63049191, 139.95168358, 204.58440154, 156.27990578,   126.62436823, 211.98416688, 271.19739879, 213.68247212, 134.62666036,    74.53972962, -42.26679986, -83.94779805], [-393.53877442, -14.72893004,  34.65614125, 134.70857985, 146.57785663,   133.00143008, 148.39680693, 213.68247212, 244.97911957, 150.41142768,    11.12120288, -60.18940549, -33.35062319], [-158.10734403, -27.12445288,  73.15449501, 150.0343269 , 122.8156003 ,    83.80863387, 101.45193637, 134.62666036, 150.41142768, 150.70849673,    68.38153362, -34.45363284, -46.48663717], [  79.55825588,-121.73230974, 204.87732298, 182.46722737,  59.4487776 ,   -16.70512038,  52.85510069,  74.53972962,  11.12120288,  68.38153362,   219.87222438,  76.80641703,-136.48823085], [ 320.73676486,  70.90758899,  58.79855021,  37.59405939,  13.93451189,   -36.80173052, -51.00475137, -42.26679986, -60.18940549, -34.45363284,    76.80641703, 161.89364231,  39.57844835], [ 202.42741895, 278.40403194, -49.74957602,-100.71897506,  -3.51202366,    45.13745281, -38.92637182, -83.94779805, -33.35062319, -46.48663717,  -136.48823085,  39.57844835, 277.59303674]]
/root/sim/music/101~200/194_歩み.mp3; [-615.94275   , 101.21941   ,   7.5104623 ,  14.215298  ,  -4.1091475 ,    7.966489  ,  -2.9174602 ,  -3.056462  ,  -6.6328044 ,  -1.9320558 ,   -3.5704324 ,  -0.18358028,   0.03058738]; [[43929.52091376, 4833.67387229, 1611.54332913, 1261.59882321,    616.18856694,  926.31187707,  282.7826498 ,  334.42029215,     87.70059469,  370.16454008,  251.35484581,  525.03182634,    407.84456956], [ 4833.67387229, 1216.23818197,  314.80817673,  194.75156297,     74.3296991 ,  159.5070077 ,   68.42703295,   55.03202199,     55.2667733 ,   75.61547284,   65.08513933,   72.94947428,     56.13967118], [ 1611.54332913,  314.80817673,  642.61408498,   96.19615003,    146.12336716,   94.70661898,   62.84423048,   42.33194649,     52.93875868,   82.11515317,   60.23763001,   67.65715243,     53.21052796], [ 1261.59882321,  194.75156297,   96.19615003,  187.1294397 ,     81.77624993,   65.00343257,   32.26392112,   38.23525247,     20.26188436,   18.18997941,   10.54790977,   20.60037207,     20.97881773], [  616.18856694,   74.3296991 ,  146.12336716,   81.77624993,    151.02430048,   68.2273261 ,   37.6111947 ,   35.97857919,     35.56204625,   32.76461298,   18.42443038,   30.02971745,     34.30364145], [  926.31187707,  159.5070077 ,   94.70661898,   65.00343257,     68.2273261 ,  127.8009016 ,   76.09338943,   48.15988681,     23.83224299,   24.5686491 ,   25.2285914 ,   27.16143622,     18.17337152], [  282.7826498 ,   68.42703295,   62.84423048,   32.26392112,     37.6111947 ,   76.09338943,  104.8522163 ,   55.18819827,     27.27552549,   12.36868993,   27.0869597 ,   15.28735032,     14.80080289], [  334.42029215,   55.03202199,   42.33194649,   38.23525247,     35.97857919,   48.15988681,   55.18819827,   73.83167211,     45.72283424,   27.05066663,   17.90344148,   15.63489758,     16.67746304], [   87.70059469,   55.2667733 ,   52.93875868,   20.26188436,     35.56204625,   23.83224299,   27.27552549,   45.72283424,     73.88545544,   44.90305023,   21.24638487,   11.22598082,     17.82547323], [  370.16454008,   75.61547284,   82.11515317,   18.18997941,     32.76461298,   24.5686491 ,   12.36868993,   27.05066663,     44.90305023,   67.40198947,   41.20232143,   27.05922533,     17.58372732], [  251.35484581,   65.08513933,   60.23763001,   10.54790977,     18.42443038,   25.2285914 ,   27.0869597 ,   17.90344148,     21.24638487,   41.20232143,   71.33603598,   47.76626057,     20.3561992 ], [  525.03182634,   72.94947428,   67.65715243,   20.60037207,     30.02971745,   27.16143622,   15.28735032,   15.63489758,     11.22598082,   27.05922533,   47.76626057,   66.24836185,     37.9620508 ], [  407.84456956,   56.13967118,   53.21052796,   20.97881773,     34.30364145,   18.17337152,   14.80080289,   16.67746304,     17.82547323,   17.58372732,   20.3561992 ,   37.9620508 ,     61.08146432]]
/root/sim/music/101~200/146_花夜行.mp3; [-843.3321   , 296.59045  ,  12.0065365, -15.496178 ,   2.9852593,   -7.59089  , -16.8491   ,  -8.444495 ,  -5.5709143,  -7.8152566,   -8.774372 ,  -5.063262 ,  -2.5107348]; [[ 8706.07534467, 1719.98562647,-2370.67454486,  126.84098856,    373.92957332,   -0.43336915,  121.80244028,  255.2851623 ,    100.97798329,  160.40951651,  153.71134486,  125.21936354,    100.7458282 ], [ 1719.98562647, 1557.97482265, -555.20144763, -333.76706579,    211.81011914,   87.43979499,   46.7998252 ,   80.28951009,     63.96256646,   12.59775381,  -17.6112163 ,  -26.63131911,    -14.36380684], [-2370.67454486, -555.20144763, 1194.78517477,    7.82018908,   -195.73185249,  148.42292445,   58.70015375,  -63.32325527,    -32.80995429,  -27.32259297,  -27.5615987 ,  -35.43709991,    -45.99057908], [  126.84098856, -333.76706579,    7.82018908,  344.10825841,     37.35218483,  -38.27758108,   69.04076885,   45.52344638,    -19.37883816,   26.64258632,   70.43313742,   50.40428992,     22.5766181 ], [  373.92957332,  211.81011914, -195.73185249,   37.35218483,    204.76697759,   41.10990035,   12.62071586,   52.04047381,     14.05507291,    6.46505274,   22.4465784 ,    9.9688281 ,     20.74873559], [   -0.43336915,   87.43979499,  148.42292445,  -38.27758108,     41.10990035,  175.83665613,   70.65424586,    1.10895337,     24.57860683,    8.58502053,  -24.58988872,  -26.16805741,     -8.09084743], [  121.80244028,   46.7998252 ,   58.70015375,   69.04076885,     12.62071586,   70.65424586,  137.81189749,   66.35047665,     -1.24993781,   25.86496415,   32.54617232,    1.96347395,     -0.5976489 ], [  255.2851623 ,   80.28951009,  -63.32325527,   45.52344638,     52.04047381,    1.10895337,   66.35047665,  120.39199063,     49.89379514,   15.67300079,   32.7623522 ,   26.08382624,     14.70903146], [  100.97798329,   63.96256646,  -32.80995429,  -19.37883816,     14.05507291,   24.57860683,   -1.24993781,   49.89379514,    138.33909991,   37.86224565,  -46.41818664,   15.3124602 ,     21.28813255], [  160.40951651,   12.59775381,  -27.32259297,   26.64258632,      6.46505274,    8.58502053,   25.86496415,   15.67300079,     37.86224565,   81.78262052,   39.06956351,    0.59261509,     18.93389386], [  153.71134486,  -17.6112163 ,  -27.5615987 ,   70.43313742,     22.4465784 ,  -24.58988872,   32.54617232,   32.7623522 ,    -46.41818664,   39.06956351,  128.68348009,   48.58364354,      2.1697699 ], [  125.21936354,  -26.63131911,  -35.43709991,   50.40428992,      9.9688281 ,  -26.16805741,    1.96347395,   26.08382624,     15.3124602 ,    0.59261509,   48.58364354,   94.27385589,     36.54559227], [  100.7458282 ,  -14.36380684,  -45.99057908,   22.5766181 ,     20.74873559,   -8.09084743,   -0.5976489 ,   14.70903146,     21.28813255,   18.93389386,    2.1697699 ,   36.54559227,     68.98533602]]
/root/sim/music/101~200/188_森の掲示板.mp3; [-802.6791   , 294.57834  ,  -7.489304 , -33.58441  , -23.7871   ,   -7.1851196,  -3.7880394,  -1.5701336,  -6.115413 , -10.5134535,  -12.00116  ,  -1.7400442,   5.8695583]; [[4614.62063534,1152.48979251,-511.28798599,-113.34049721,-101.85291621,   169.33686445,  87.728797  , 136.0006043 , -19.00534262, -36.55007191,    74.80183901, 163.75218572, 143.41196781], [1152.48979251,1268.2864399 ,-336.78476597,-158.02610763,  75.92829169,   -26.38287308,  47.52792751,  -5.13359781, -17.11043486, -21.36201473,   -40.3768749 ,  23.0172371 ,  30.52088584], [-511.28798599,-336.78476597, 407.07439972,  49.75687594, -71.03889223,    -3.04480062, -27.91274799,  22.33895759,  55.09083378,  22.91761745,   -28.04454317, -51.50277753, -29.04185917], [-113.34049721,-158.02610763,  49.75687594, 214.05918042,  31.94879766,    15.94803308,  -0.44111367,  14.17414575,  32.86602423,  29.56803205,    13.32098596,  -0.65063436,  20.39323409], [-101.85291621,  75.92829169, -71.03889223,  31.94879766, 165.53071679,     1.61190338,   0.36175302, -11.83538272, -26.52501611,   0.07273213,    16.24038149,  43.81333753,  -5.05213387], [ 169.33686445, -26.38287308,  -3.04480062,  15.94803308,   1.61190338,   120.98397064,  42.79424678,  11.90230587, -15.69090758, -15.4180277 ,    22.20964648,  32.0825523 ,  33.43358351], [  87.728797  ,  47.52792751, -27.91274799,  -0.44111367,   0.36175302,    42.79424678, 104.675088  ,  26.00996158, -14.51596402,  -8.01101357,    -2.41254826,  35.80113269,  30.67525696], [ 136.0006043 ,  -5.13359781,  22.33895759,  14.17414575, -11.83538272,    11.90230587,  26.00996158,  86.57387756,  30.47856035,  -8.84644969,    -7.72631368,  -7.93172303,  14.43446424], [ -19.00534262, -17.11043486,  55.09083378,  32.86602423, -26.52501611,   -15.69090758, -14.51596402,  30.47856035, 101.65810383,  48.69283674,   -25.86835462, -40.76032509, -24.75431532], [ -36.55007191, -21.36201473,  22.91761745,  29.56803205,   0.07273213,   -15.4180277 ,  -8.01101357,  -8.84644969,  48.69283674,  93.2700527 ,    23.50062856, -14.64587989, -21.59465718], [  74.80183901, -40.3768749 , -28.04454317,  13.32098596,  16.24038149,    22.20964648,  -2.41254826,  -7.72631368, -25.86835462,  23.50062856,    96.66040763,  47.32909185,  -4.0662403 ], [ 163.75218572,  23.0172371 , -51.50277753,  -0.65063436,  43.81333753,    32.0825523 ,  35.80113269,  -7.93172303, -40.76032509, -14.64587989,    47.32909185, 130.6666096 ,  37.04170824], [ 143.41196781,  30.52088584, -29.04185917,  20.39323409,  -5.05213387,    33.43358351,  30.67525696,  14.43446424, -24.75431532, -21.59465718,    -4.0662403 ,  37.04170824, 112.275506  ]]
/root/sim/music/101~200/139_Phone_Thinker.mp3; [-978.5992   , 113.957054 , -22.711254 , -17.029762 , -28.922602 ,  -38.993217 , -31.426657 , -24.395763 ,  -9.289742 ,   3.8070145,   12.073366 ,  16.63232  ,  10.246269 ]; [[39573.64469979, 7508.36622617,-7125.29425405,-2495.86891859,  -2309.12510051,-3181.93446543,-2284.91558251,-1268.7200581 ,   -220.38439492,  297.83980982,  995.5005577 , 1535.27019835,    516.8821407 ], [ 7508.36622617, 5326.92188621, 1210.53124338,  -59.91787181,  -1183.08924743,-1763.13756469,-1823.19486926,-1234.75683309,   -527.34901929,   67.47867755,  605.75566433,  753.36182871,    677.63945127], [-7125.29425405, 1210.53124338, 3939.65472304, 1246.14477334,   -109.96149396, -267.97792203, -524.26654157, -634.31048689,   -501.52941807,   48.13577347,    2.15092271,  117.34936123,    430.1944613 ], [-2495.86891859,  -59.91787181, 1246.14477334,  692.78395878,    178.34752376,   99.64826336,   35.34397122, -222.33335985,   -283.02298071,  -98.92337162, -163.52196343,  -37.78682228,    170.92363301], [-2309.12510051,-1183.08924743, -109.96149396,  178.34752376,    620.84610294,  618.28721547,  452.07970728,  289.04681474,    -27.91941441, -295.43524336, -247.94903673, -318.10224515,   -167.83602818], [-3181.93446543,-1763.13756469, -267.97792203,   99.64826336,    618.28721547, 1049.64374171,  689.86462419,  373.38995383,    142.69621388, -177.53109429, -455.96159568, -332.88128425,   -223.12667767], [-2284.91558251,-1823.19486926, -524.26654157,   35.34397122,    452.07970728,  689.86462419,  856.07718536,  487.79893617,    235.68223479,   84.36519342, -262.52782192, -279.50325317,   -288.30548811], [-1268.7200581 ,-1234.75683309, -634.31048689, -222.33335985,    289.04681474,  373.38995383,  487.79893617,  601.20857513,    305.75415952,  -32.62218982,   30.97735414, -281.30101008,   -327.9903555 ], [ -220.38439492, -527.34901929, -501.52941807, -283.02298071,    -27.91941441,  142.69621388,  235.68223479,  305.75415952,    362.64256554,  268.08423632,   69.15425952,   -4.32977339,   -176.80443231], [  297.83980982,   67.47867755,   48.13577347,  -98.92337162,   -295.43524336, -177.53109429,   84.36519342,  -32.62218982,    268.08423632,  647.37833352,   93.01150353,  283.2185557 ,      8.12085639], [  995.5005577 ,  605.75566433,    2.15092271, -163.52196343,   -247.94903673, -455.96159568, -262.52782192,   30.97735414,     69.15425952,   93.01150353,  361.51451308,   89.60141628,     27.76464853], [ 1535.27019835,  753.36182871,  117.34936123,  -37.78682228,   -318.10224515, -332.88128425, -279.50325317, -281.30101008,     -4.32977339,  283.2185557 ,   89.60141628,  335.53276567,    148.27570996], [  516.8821407 ,  677.63945127,  430.1944613 ,  170.92363301,   -167.83602818, -223.12667767, -288.30548811, -327.9903555 ,   -176.80443231,    8.12085639,   27.76464853,  148.27570996,    246.53822897]]
/root/sim/music/101~200/141_よちよち歩き.mp3; [-795.8438   ,  88.71461  , -23.726816 , -35.59363  , -48.994347 ,  -28.196907 ,  -9.789653 , -10.686234 ,   2.1117287,   1.3632684,   -2.4726346,   5.200357 ,   4.0305843]; [[31688.59251256, 1856.35649922,-1217.66733894,-1000.75643713,   -885.32919099, -247.03538516,  140.83837557, -904.49406875,   -429.51328946,  -16.73923995, -568.35410448,-1013.87843046,  -1803.72502884], [ 1856.35649922, 1002.48477056, -284.29859305,   -1.48568385,    -92.44415278, -191.55712105, -276.60466042, -300.79759915,   -249.07957306,  -20.16801293,   14.01048777,    9.77529761,    -88.26097111], [-1217.66733894, -284.29859305,  419.78591902,  131.20409372,    159.47269783,  110.27633221,  142.81568404,  215.56189188,    112.80825415,   20.82652294,  117.80967179,   89.5307815 ,    184.27839623], [-1000.75643713,   -1.48568385,  131.20409372,  404.02475381,    168.8261896 ,   66.81095824,   31.06598094,  119.09459668,    -29.38293013,   84.01993088,  114.01261686,   70.95302424,     23.15006677], [ -885.32919099,  -92.44415278,  159.47269783,  168.8261896 ,    266.75856984,   82.25630968,   10.18306343,   80.02112091,    -45.7029321 ,  -58.67329215,  123.10186658,   62.02829409,     91.70966776], [ -247.03538516, -191.55712105,  110.27633221,   66.81095824,     82.25630968,  298.39528158,  167.84823012,   96.83539939,     87.88307691, -144.834375  ,    6.11831002,    4.14965848,    135.47771325], [  140.83837557, -276.60466042,  142.81568404,   31.06598094,     10.18306343,  167.84823012,  306.8986285 ,  165.06584595,    167.45807834,  -37.97422352,  -51.09308569,  -26.37509921,     71.86999246], [ -904.49406875, -300.79759915,  215.56189188,  119.09459668,     80.02112091,   96.83539939,  165.06584595,  291.04749428,    154.09094299,   61.48059722,   63.73346817,   72.36153905,    114.12063273], [ -429.51328946, -249.07957306,  112.80825415,  -29.38293013,    -45.7029321 ,   87.88307691,  167.45807834,  154.09094299,    258.55977893,   -9.36096258,  -23.93808535,  -27.49711294,    102.4696434 ], [  -16.73923995,  -20.16801293,   20.82652294,   84.01993088,    -58.67329215, -144.834375  ,  -37.97422352,   61.48059722,     -9.36096258,  359.58280727,  -10.29994387,   67.90056725,   -156.71309933], [ -568.35410448,   14.01048777,  117.80967179,  114.01261686,    123.10186658,    6.11831002,  -51.09308569,   63.73346817,    -23.93808535,  -10.29994387,  274.7235587 ,   60.73758097,    100.44022702], [-1013.87843046,    9.77529761,   89.5307815 ,   70.95302424,     62.02829409,    4.14965848,  -26.37509921,   72.36153905,    -27.49711294,   67.90056725,   60.73758097,  182.36045567,     88.05598929], [-1803.72502884,  -88.26097111,  184.27839623,   23.15006677,     91.70966776,  135.47771325,   71.86999246,  114.12063273,    102.4696434 , -156.71309933,  100.44022702,   88.05598929,    394.9110409 ]]
/root/sim/music/101~200/144_マイペースでいこう.mp3; [-855.12396   , 224.82205   ,  27.64289   ,  10.19012   ,  -9.952556  ,  -16.077133  , -13.285978  ,  -3.4146943 ,  -2.7384453 ,   0.40536997,    3.3581455 ,   0.18397069,   2.8097882 ]; [[14093.88720081,-3178.55915858,-3247.12435739, -652.14124055,   -326.74041816,  392.85495884,   -7.46638083,  198.77185795,    -99.94271277, -184.13668208,  151.72536715, -112.60516766,    104.99244617], [-3178.55915858, 3966.29774364, -457.86245124,   64.51280436,    217.11959122, -482.92609733,    2.06551506,  -84.92691316,    155.37526896,  117.9842344 , -276.73460388, -181.1814875 ,   -139.25148102], [-3247.12435739, -457.86245124, 3010.65802139,  441.89256839,     60.17401358,  204.61465795,  -55.94208915,   49.47479304,     98.46149975,    1.82742388,  102.00815904,   90.56487702,    -47.73265857], [ -652.14124055,   64.51280436,  441.89256839,  396.39162034,    109.12394368,   21.41847654,    6.34979641,    8.2092036 ,     68.49942322,    6.86146956,    6.55736959,   -0.09374351,    -48.27910514], [ -326.74041816,  217.11959122,   60.17401358,  109.12394368,    237.46923764,   57.87954702,  -21.1943993 ,  -19.11684032,     55.82258869,    4.24349958,  -53.18524504,  -39.63001336,    -61.89914286], [  392.85495884, -482.92609733,  204.61465795,   21.41847654,     57.87954702,  256.12647823,   80.54023397,  -15.05795791,    -11.05732938,    7.21121504,   40.15599418,   23.85060781,    -18.07943697], [   -7.46638083,    2.06551506,  -55.94208915,    6.34979641,    -21.1943993 ,   80.54023397,  187.86002507,   65.79756062,    -14.39186894,    7.81981282,   19.47678805,    4.93905106,     -4.08090126], [  198.77185795,  -84.92691316,   49.47479304,    8.2092036 ,    -19.11684032,  -15.05795791,   65.79756062,  227.70282483,     94.53935884,  -37.03185384,   -4.14520632,  -39.56725403,    -36.16322097], [  -99.94271277,  155.37526896,   98.46149975,   68.49942322,     55.82258869,  -11.05732938,  -14.39186894,   94.53935884,    294.1080209 ,   66.83980055,  -50.37341708,  -55.70371824,   -125.03308879], [ -184.13668208,  117.9842344 ,    1.82742388,    6.86146956,      4.24349958,    7.21121504,    7.81981282,  -37.03185384,     66.83980055,  224.34625339,   62.33512067,   36.27334162,     -5.64233447], [  151.72536715, -276.73460388,  102.00815904,    6.55736959,    -53.18524504,   40.15599418,   19.47678805,   -4.14520632,    -50.37341708,   62.33512067,  211.90794681,  106.11643697,     84.45118087], [ -112.60516766, -181.1814875 ,   90.56487702,   -0.09374351,    -39.63001336,   23.85060781,    4.93905106,  -39.56725403,    -55.70371824,   36.27334162,  106.11643697,  203.51445093,    104.21683732], [  104.99244617, -139.25148102,  -47.73265857,  -48.27910514,    -61.89914286,  -18.07943697,   -4.08090126,  -36.16322097,   -125.03308879,   -5.64233447,   84.45118087,  104.21683732,    267.46500566]]
/root/sim/music/101~200/137_For_U.mp3; [-812.23883  , 194.09325  , -61.60731  ,  -8.94118  , -22.59226  ,   -5.7570357, -17.879438 , -15.720964 , -16.256495 ,  -8.441855 ,  -17.42759  , -14.431622 , -10.970308 ]; [[1068.38246078, 451.3388702 , -87.41435672,-209.09867209,  66.40420375,   -33.79194723, -68.01621133, -33.58215412,  37.80998519,  33.20724571,    64.63990416,  28.93451132,  53.59332936], [ 451.3388702 ,1714.29152775, 327.16755105,-290.9849382 , 140.52105495,   135.64691812,  67.41912908,  -1.03391785,  23.96958486, -26.53028566,    70.13525733,  48.77218221,  -9.50116223], [ -87.41435672, 327.16755105, 205.34497823,   9.40971421,  21.40391266,    32.40181919,  40.75636409,  16.13258387,  -5.37627936,  -7.98174138,    20.91510211,  22.7694745 , -13.9980316 ], [-209.09867209,-290.9849382 ,   9.40971421, 186.1544755 ,   9.26339467,     6.85609253,  22.61013683,   3.71702994, -19.76861515,  14.78839463,     3.84082142,  15.71990466,   1.65486096], [  66.40420375, 140.52105495,  21.40391266,   9.26339467,  82.8410677 ,    42.50639958,   3.39387877, -12.32759184, -12.71607448,  -2.23690503,    12.84292554,  13.23201418,  10.84034725], [ -33.79194723, 135.64691812,  32.40181919,   6.85609253,  42.50639958,    80.59272116,  40.31537071,  -2.03447131, -13.06892709,  -6.88744568,    -4.87465453,   7.29130846,  15.92554961], [ -68.01621133,  67.41912908,  40.75636409,  22.61013683,   3.39387877,    40.31537071,  75.62311117,  37.49981746,   2.45981068,  -6.51879915,   -10.63457175,   1.13356492,   3.89816976], [ -33.58215412,  -1.03391785,  16.13258387,   3.71702994, -12.32759184,    -2.03447131,  37.49981746,  75.55345846,  42.02914329,  -4.90167477,   -25.08318202, -18.94026089, -13.42915746], [  37.80998519,  23.96958486,  -5.37627936, -19.76861515, -12.71607448,   -13.06892709,   2.45981068,  42.02914329,  72.22977873,  25.57085175,    -9.42812632, -14.97095486, -13.56077014], [  33.20724571, -26.53028566,  -7.98174138,  14.78839463,  -2.23690503,    -6.88744568,  -6.51879915,  -4.90167477,  25.57085175,  57.54176027,    36.76353346,   8.55133801,  -4.23864566], [  64.63990416,  70.13525733,  20.91510211,   3.84082142,  12.84292554,    -4.87465453, -10.63457175, -25.08318202,  -9.42812632,  36.76353346,    81.60862679,  46.18245393,   2.10324348], [  28.93451132,  48.77218221,  22.7694745 ,  15.71990466,  13.23201418,     7.29130846,   1.13356492, -18.94026089, -14.97095486,   8.55133801,    46.18245393,  72.57458126,  37.83431325], [  53.59332936,  -9.50116223, -13.9980316 ,   1.65486096,  10.84034725,    15.92554961,   3.89816976, -13.42915746, -13.56077014,  -4.23864566,     2.10324348,  37.83431325,  79.1769729 ]]
