/root/sim/music/101~200/110_Erica.mp3; [-932.8669    , 214.33873   , -36.670734  , -14.742527  ,   9.721911  ,    2.6662962 ,  -0.28555894, -10.777784  , -14.21205   ,  -9.509993  ,   -5.512545  ,  -1.3023764 ,  -3.6820216 ]; [[13319.42955377, 5555.22257107,-2894.9784091 , -342.44619036,   -780.42945557, -590.33611058, -322.23323709, -629.64621411,   -631.35520838, -453.7814464 , -234.86408562,  -78.31091483,   -272.67392637], [ 5555.22257107, 2960.05703768,-1028.20007467, -348.48786218,   -202.79696082, -187.12137327, -201.22569547, -398.54616037,   -436.89932857, -372.4582263 , -198.33149766, -109.24964318,   -197.61715164], [-2894.9784091 ,-1028.20007467, 1148.07851146,  155.03698438,    263.1728939 ,  355.7860639 ,   73.11893517,   56.09006205,      0.50448983, -123.56295847, -145.18570631,  -90.25598424,     -3.28299905], [ -342.44619036, -348.48786218,  155.03698438,  294.45819551,     37.19244034,   29.83785461,   51.07181426,   41.11155442,     55.30888234,   25.51377003,  -10.9374134 ,    1.70992121,     11.89697847], [ -780.42945557, -202.79696082,  263.1728939 ,   37.19244034,    239.3554901 ,  178.00261396,   21.28325438,   19.86220993,    -16.71658073,  -88.3723211 ,  -65.64632011,  -40.52029789,    -52.12625607], [ -590.33611058, -187.12137327,  355.7860639 ,   29.83785461,    178.00261396,  416.97878358,  182.62935708,   15.4495356 ,    -49.96054067, -208.24900723, -222.848442  ,  -91.14063622,    -55.14759744], [ -322.23323709, -201.22569547,   73.11893517,   51.07181426,     21.28325438,  182.62935708,  230.83900049,   80.9149039 ,     13.65832745,  -47.04766802,  -93.9434054 ,  -20.7039154 ,     -0.24097602], [ -629.64621411, -398.54616037,   56.09006205,   41.11155442,     19.86220993,   15.4495356 ,   80.9149039 ,  180.52300366,    136.37646983,   80.44004978,   64.54973443,   29.64516151,     19.99554438], [ -631.35520838, -436.89932857,    0.50448983,   55.30888234,    -16.71658073,  -49.96054067,   13.65832745,  136.37646983,    219.83942872,  192.26819277,  110.11702777,   54.08692411,     40.5467603 ], [ -453.7814464 , -372.4582263 , -123.56295847,   25.51377003,    -88.3723211 , -208.24900723,  -47.04766802,   80.44004978,    192.26819277,  364.42074652,  292.35560494,   77.86149125,     11.19626233], [ -234.86408562, -198.33149766, -145.18570631,  -10.9374134 ,    -65.64632011, -222.848442  ,  -93.9434054 ,   64.54973443,    110.11702777,  292.35560494,  362.68438645,   99.74264164,    -42.44970686], [  -78.31091483, -109.24964318,  -90.25598424,    1.70992121,    -40.52029789,  -91.14063622,  -20.7039154 ,   29.64516151,     54.08692411,   77.86149125,   99.74264164,  115.08515358,     73.76395167], [ -272.67392637, -197.61715164,   -3.28299905,   11.89697847,    -52.12625607,  -55.14759744,   -0.24097602,   19.99554438,     40.5467603 ,   11.19626233,  -42.44970686,   73.76395167,    192.50448223]]
/root/sim/music/101~200/166_堺ヶ原.mp3; [-663.24835   , 173.25209   , -11.663859  ,  37.313927  ,  10.072012  ,    5.2669888 ,  -0.21870977,  10.926782  ,   6.755205  ,   5.781746  ,    1.7996409 ,   3.707829  ,   8.457297  ]; [[18967.35290486,-1668.32392883,-1321.58728431,  871.21219243,    171.69945171,  191.6240393 , -496.08950543,  290.20044159,    648.38388412,  363.22555966, -147.50630451,   55.3111694 ,    338.64036493], [-1668.32392883, 2353.45375191,  467.81921945,    5.66089574,     21.51213784,   49.19299477,  193.03609685,  -14.40746427,   -165.695252  ,   -0.03031015,  139.02106586,    0.02088345,    -41.88018242], [-1321.58728431,  467.81921945,  659.33336969,  -47.31040395,     84.03868904,   49.35481698,  224.0753851 ,   52.09965508,    -38.53110853,  -11.51801348,   56.12742499,  -30.44116351,    -58.70061466], [  871.21219243,    5.66089574,  -47.31040395,  290.42645886,     56.95540024,   62.08573553,    2.18925044,   59.69037358,     51.64652348,   34.77174108,    6.32294981,   20.39110162,     37.27784178], [  171.69945171,   21.51213784,   84.03868904,   56.95540024,    131.8080718 ,   32.25204129,   43.93373522,   26.67885294,     22.10523266,    3.56107105,   12.26869575,   -3.48633089,      9.42420942], [  191.6240393 ,   49.19299477,   49.35481698,   62.08573553,     32.25204129,  161.2000572 ,   43.17512461,   39.88965076,     18.37026012,   26.2035042 ,    2.38586675,   17.1708346 ,     -1.72685815], [ -496.08950543,  193.03609685,  224.0753851 ,    2.18925044,     43.93373522,   43.17512461,  240.91493426,   23.51375695,    -29.95583765,    2.67404118,   35.56672218,  -20.73608791,    -42.00324429], [  290.20044159,  -14.40746427,   52.09965508,   59.69037358,     26.67885294,   39.88965076,   23.51375695,  113.07278061,     43.73395729,    4.66305756,   -5.69406514,    9.46738368,     14.30914697], [  648.38388412, -165.695252  ,  -38.53110853,   51.64652348,     22.10523266,   18.37026012,  -29.95583765,   43.73395729,    117.70135401,   18.58239531,  -32.37776602,   -3.49114175,     13.40803006], [  363.22555966,   -0.03031015,  -11.51801348,   34.77174108,      3.56107105,   26.2035042 ,    2.67404118,    4.66305756,     18.58239531,   99.20212747,   24.01056037,   -2.23424362,     19.2803957 ], [ -147.50630451,  139.02106586,   56.12742499,    6.32294981,     12.26869575,    2.38586675,   35.56672218,   -5.69406514,    -32.37776602,   24.01056037,  106.57385116,   24.14071313,      0.35547256], [   55.3111694 ,    0.02088345,  -30.44116351,   20.39110162,     -3.48633089,   17.1708346 ,  -20.73608791,    9.46738368,     -3.49114175,   -2.23424362,   24.14071313,   91.40864436,     27.72922181], [  338.64036493,  -41.88018242,  -58.70061466,   37.27784178,      9.42420942,   -1.72685815,  -42.00324429,   14.30914697,     13.40803006,   19.2803957 ,    0.35547256,   27.72922181,    129.32529143]]
/root/sim/music/101~200/140_寂しいジングル.mp3; [-1026.5889   ,  168.37886  ,  -29.746193 ,  -48.627094 ,  -22.115942 ,   -10.83972  ,    8.204581 ,   20.894854 ,   16.63624  ,    6.6079965,     4.3833194,    8.337238 ,    9.472947 ]; [[10790.5193449 , 5371.33474617,-1390.3339324 ,  978.33145398,   1355.84064918,  604.3450041 ,  572.39700581,   84.24998341,   -376.27826591, -692.01217306, -663.0360804 , -290.92213872,    -72.90235275], [ 5371.33474617, 3302.5432737 , -500.80658583,  317.15337008,    658.66056098,  237.06319377,  269.50098492,  137.94981281,   -110.20295543, -274.35196476, -279.22747533, -153.54732286,    -45.55726662], [-1390.3339324 , -500.80658583,  667.08971339,  -35.12140282,   -347.2687098 , -201.42159177, -209.12171261, -116.44595423,     10.68497666,  107.68574785,  138.68357068,   45.4782163 ,     -0.55254216], [  978.33145398,  317.15337008,  -35.12140282,  558.89144337,    231.26998206,  -84.50037644,  -77.29649024, -171.71044423,   -113.58149448,   14.20783598,   16.8096402 ,  -92.33166777,   -152.01228346], [ 1355.84064918,  658.66056098, -347.2687098 ,  231.26998206,    477.3616603 ,  251.02300962,  191.98841815,  112.52595098,    -21.54234115, -106.89294649,  -97.27688776,  -68.58344837,    -87.14001228], [  604.3450041 ,  237.06319377, -201.42159177,  -84.50037644,    251.02300962,  475.0614406 ,  370.57021809,  205.59637259,     32.85357239, -177.93964609, -122.00926579,   26.64212898,    -31.71809351], [  572.39700581,  269.50098492, -209.12171261,  -77.29649024,    191.98841815,  370.57021809,  410.45780694,  280.23388514,     87.35905351, -115.1920552 , -152.10159431,  -62.89574458,    -65.27305811], [   84.24998341,  137.94981281, -116.44595423, -171.71044423,    112.52595098,  205.59637259,  280.23388514,  374.51411104,    214.19745962,  -63.92990562, -190.07191635, -132.65127287,    -13.40460113], [ -376.27826591, -110.20295543,   10.68497666, -113.58149448,    -21.54234115,   32.85357239,   87.35905351,  214.19745962,    280.88027688,  133.48009479, -131.19750207, -187.94675861,    -25.87496979], [ -692.01217306, -274.35196476,  107.68574785,   14.20783598,   -106.89294649, -177.93964609, -115.1920552 ,  -63.92990562,    133.48009479,  413.33102726,  272.78395116,  -72.55983044,   -209.7131606 ], [ -663.0360804 , -279.22747533,  138.68357068,   16.8096402 ,    -97.27688776, -122.00926579, -152.10159431, -190.07191635,   -131.19750207,  272.78395116,  634.78240597,  349.04754787,   -229.11347478], [ -290.92213872, -153.54732286,   45.4782163 ,  -92.33166777,    -68.58344837,   26.64212898,  -62.89574458, -132.65127287,   -187.94675861,  -72.55983044,  349.04754787,  546.16441848,    205.99668131], [  -72.90235275,  -45.55726662,   -0.55254216, -152.01228346,    -87.14001228,  -31.71809351,  -65.27305811,  -13.40460113,    -25.87496979, -209.7131606 , -229.11347478,  205.99668131,    580.18162774]]
/root/sim/music/101~200/173_遥かなる空へ.mp3; [-555.2031   , 117.90819  ,  -2.6455688,  25.22216  ,   3.451119 ,    8.350449 ,  -2.135875 ,   4.5605607,  -0.9177109,   3.5036488,    1.3611742,   0.4128881,  -0.176598 ]; [[15480.29712248, -407.98926852, -191.29309282,  313.31317905,   -186.88538743, -141.8179919 , -288.44422411, -264.80217898,   -411.40589371, -270.47401006, -218.19273751, -262.96037004,   -168.93702298], [ -407.98926852, 1340.38952587, -109.85347209,  -18.47858461,    -24.88011944,   33.14267729,  -51.89003738,  -25.01700375,     15.19248423,   15.93356793,  -55.91122557,   17.97747426,    -20.31553333], [ -191.29309282, -109.85347209,  252.36101185,    2.57227907,     43.04777009,   25.20846615,   52.51124834,   22.62012539,     31.31727839,    8.2691419 ,   35.42418642,    6.70478972,     12.0502073 ], [  313.31317905,  -18.47858461,    2.57227907,  140.77086785,     20.53051664,   17.33572138,    2.48985576,   21.24317537,     -3.89100006,   -3.40372317,  -10.62865548,   -3.35057922,      2.19013077], [ -186.88538743,  -24.88011944,   43.04777009,   20.53051664,     92.63272977,   44.95451506,   31.04139862,   15.37394804,     14.01398321,    6.99894588,   13.4777447 ,    6.96260279,      6.49182761], [ -141.8179919 ,   33.14267729,   25.20846615,   17.33572138,     44.95451506,  100.16844675,   38.19824435,   13.42532258,      7.50370621,   16.39058445,   11.64182189,    8.95266268,     -8.81509227], [ -288.44422411,  -51.89003738,   52.51124834,    2.48985576,     31.04139862,   38.19824435,   95.65470122,   50.92751829,     20.16901645,   17.71932836,   41.21925854,   15.79373328,     10.61707734], [ -264.80217898,  -25.01700375,   22.62012539,   21.24317537,     15.37394804,   13.42532258,   50.92751829,   84.03459997,     34.85288191,   18.70262125,   24.49581838,   12.94800901,     11.82037243], [ -411.40589371,   15.19248423,   31.31727839,   -3.89100006,     14.01398321,    7.50370621,   20.16901645,   34.85288191,     78.5124439 ,   24.02229725,   11.364716  ,    9.77582016,     21.93148998], [ -270.47401006,   15.93356793,    8.2691419 ,   -3.40372317,      6.99894588,   16.39058445,   17.71932836,   18.70262125,     24.02229725,   67.1470002 ,   23.66627675,   17.15072255,     -4.286392  ], [ -218.19273751,  -55.91122557,   35.42418642,  -10.62865548,     13.4777447 ,   11.64182189,   41.21925854,   24.49581838,     11.364716  ,   23.66627675,   78.94982857,   20.79298555,     10.09990869], [ -262.96037004,   17.97747426,    6.70478972,   -3.35057922,      6.96260279,    8.95266268,   15.79373328,   12.94800901,      9.77582016,   17.15072255,   20.79298555,   60.87581172,     16.87868293], [ -168.93702298,  -20.31553333,   12.0502073 ,    2.19013077,      6.49182761,   -8.81509227,   10.61707734,   11.82037243,     21.93148998,   -4.286392  ,   10.09990869,   16.87868293,     74.51772718]]
/root/sim/music/101~200/108_15_years_ago.mp3; [-646.16534  , 152.69916  , -20.160044 ,  25.039324 ,  10.137142 ,   21.092783 ,  10.009231 ,  -6.6890116,   2.433236 ,  -1.8942425,   -3.9297729,  -3.68003  , -18.603056 ]; [[1973.66205428,  47.56370685, 181.11675746, 158.02525216,  64.29044672,   -28.05378012,  49.57945972,  12.65305053, -86.35436765,-127.10728813,   164.8281774 , 137.33584956, 194.57642607], [  47.56370685, 358.86259996, -24.90434393,  93.83772619,  -5.00584077,   -33.11285553,  28.79974235,  57.70993397, -71.69830233,  40.98636062,    39.61690295, -18.6302443 , -42.66306233], [ 181.11675746, -24.90434393, 220.40579654, -17.46927184,   3.35344685,    -2.02639807, -14.15299408,  -4.69165633, -20.38310296, -20.75652449,    31.91704952,  23.78944849,  25.89073715], [ 158.02525216,  93.83772619, -17.46927184, 257.86755113,   4.88357413,    -0.45949299,  11.08261581,  28.63992094, -23.31214098,  27.20895232,   -16.00297587, -22.6976684 , -32.20682675], [  64.29044672,  -5.00584077,   3.35344685,   4.88357413, 153.1547479 ,    -6.07333226,   4.33759479,  30.95226115, -10.59646617, -26.2569206 ,    -1.32773316, -15.9675784 ,  -3.10469161], [ -28.05378012, -33.11285553,  -2.02639807,  -0.45949299,  -6.07333226,   197.15754816,  12.74690903, -56.09586114,  43.54655907, -21.37679396,   -15.59711054,  35.16140973,  48.59099409], [  49.57945972,  28.79974235, -14.15299408,  11.08261581,   4.33759479,    12.74690903, 121.73267094,   1.42106512, -25.42828371,   7.90948365,    37.61169886,  21.92727985,  11.12594249], [  12.65305053,  57.70993397,  -4.69165633,  28.63992094,  30.95226115,   -56.09586114,   1.42106512, 184.87914551,  17.43362752, -22.16680026,   -21.98385905, -19.44961928,  -1.96932153], [ -86.35436765, -71.69830233, -20.38310296, -23.31214098, -10.59646617,    43.54655907, -25.42828371,  17.43362752, 147.17350142,  -1.41861892,   -51.02629673,  20.89912477,  37.16836234], [-127.10728813,  40.98636062, -20.75652449,  27.20895232, -26.2569206 ,   -21.37679396,   7.90948365, -22.16680026,  -1.41861892, 214.54203122,    57.00790331,-116.89482756, -68.23834173], [ 164.8281774 ,  39.61690295,  31.91704952, -16.00297587,  -1.32773316,   -15.59711054,  37.61169886, -21.98385905, -51.02629673,  57.00790331,   201.113327  ,  25.67334968, -12.97020309], [ 137.33584956, -18.6302443 ,  23.78944849, -22.6976684 , -15.9675784 ,    35.16140973,  21.92727985, -19.44961928,  20.89912477,-116.89482756,    25.67334968, 271.55978003,  56.66448749], [ 194.57642607, -42.66306233,  25.89073715, -32.20682675,  -3.10469161,    48.59099409,  11.12594249,  -1.96932153,  37.16836234, -68.23834173,   -12.97020309,  56.66448749, 277.97474588]]
/root/sim/music/101~200/172_Take_a_Short_Break.mp3; [-585.5493   , 144.7452   ,  31.339449 ,  27.472551 ,  26.116398 ,   21.724813 ,  -0.7164319,  -5.23283  ,  -4.133152 ,   4.389085 ,    4.48391  ,  -3.0990453,  -2.865523 ]; [[ 8507.40243951,-2124.55496361, 2031.09096961,  162.77226301,   -229.89938321,   90.68393426,  310.82709957,  391.46805879,    354.43734236,  118.38054218,  136.81620382,  -16.21716207,    264.06324687], [-2124.55496361, 2524.91804791, -925.30731806, -210.05532335,    124.18760542, -114.47333184, -222.37848133, -285.56542307,   -233.06770198, -101.91262713, -126.44094606,  -91.79189883,   -160.88008535], [ 2031.09096961, -925.30731806,  934.08752356,   62.24962857,     -9.99582552,   86.33671668,  123.46609402,  153.11186533,    155.16759883,   86.14551711,   94.35544458,   -7.552008  ,     93.6819286 ], [  162.77226301, -210.05532335,   62.24962857,  163.831763  ,     28.73187082,   37.64189464,   42.56846623,   36.1923952 ,     19.27189817,   24.94967229,   16.86903008,   26.81386136,     11.45739554], [ -229.89938321,  124.18760542,   -9.99582552,   28.73187082,    147.57300834,   77.03827049,   29.53980158,    4.72515265,     -6.51026785,    9.72725599,   10.69829206,  -10.21293276,      0.46088186], [   90.68393426, -114.47333184,   86.33671668,   37.64189464,     77.03827049,  123.61183298,   55.63315049,   30.37519928,     20.92037067,   13.08145939,   13.00097078,    0.29063091,      6.19292986], [  310.82709957, -222.37848133,  123.46609402,   42.56846623,     29.53980158,   55.63315049,  103.26270801,   75.11504694,     44.32474624,   19.91148814,   21.5841252 ,   10.50032875,     22.27488507], [  391.46805879, -285.56542307,  153.11186533,   36.1923952 ,      4.72515265,   30.37519928,   75.11504694,  116.42072673,     75.62707501,   31.09989753,   28.56270611,   21.83028472,     37.01229558], [  354.43734236, -233.06770198,  155.16759883,   19.27189817,     -6.51026785,   20.92037067,   44.32474624,   75.62707501,    115.9836833 ,   62.13391845,   38.17765118,   21.76400374,     30.59707753], [  118.38054218, -101.91262713,   86.14551711,   24.94967229,      9.72725599,   13.08145939,   19.91148814,   31.09989753,     62.13391845,   92.78812619,   55.63586504,   16.02616831,     10.01370429], [  136.81620382, -126.44094606,   94.35544458,   16.86903008,     10.69829206,   13.00097078,   21.5841252 ,   28.56270611,     38.17765118,   55.63586504,   84.02507067,   31.72938529,     17.9029247 ], [  -16.21716207,  -91.79189883,   -7.552008  ,   26.81386136,    -10.21293276,    0.29063091,   10.50032875,   21.83028472,     21.76400374,   16.02616831,   31.72938529,   65.59727735,     28.88022561], [  264.06324687, -160.88008535,   93.6819286 ,   11.45739554,      0.46088186,    6.19292986,   22.27488507,   37.01229558,     30.59707753,   10.01370429,   17.9029247 ,   28.88022561,     70.1919712 ]]
/root/sim/music/101~200/180_悠久の彼方.mp3; [-769.92474   , 248.25249   ,  10.054547  , -10.579638  ,  25.433756  ,   17.200716  ,   3.8545678 ,  -3.249564  , -17.629671  , -13.459655  ,   -1.2304616 ,   0.21398474,  13.224762  ]; [[8353.36167683,2026.67096474, 420.1406259 ,-177.79664136, 213.05309453,   175.14627215, -62.8362862 ,-146.7601399 ,-180.55272899, -81.80848472,    90.34014827, 144.96590837, 400.38324687], [2026.67096474,1770.10622761,-387.23218905,  34.64340127, 142.38262902,    -4.65742555,  17.78506491, -28.90958218, -85.70775123, -13.59657839,    13.91946261,  36.79302797, 131.1904893 ], [ 420.1406259 ,-387.23218905, 519.49994282, -45.04234647,  38.59178619,   102.95028436,  10.11047308, -10.56987628,  16.42066595, -20.6555015 ,    18.9750342 ,  21.25278068, -16.93804014], [-177.79664136,  34.64340127, -45.04234647, 228.68591035,  16.71256908,    23.57846352,  45.73683823,  72.13689805,  22.35099889,  24.96772372,    15.38806773, -19.04950671, -43.87553734], [ 213.05309453, 142.38262902,  38.59178619,  16.71256908, 125.29886028,    31.23717767,  42.99459386,  20.71594314,  12.70201137,   2.89131002,     2.08915345,  -4.45282275,  -3.74021586], [ 175.14627215,  -4.65742555, 102.95028436,  23.57846352,  31.23717767,   140.27766269,  34.3418435 ,  28.22715977,   8.02419457, -12.60788378,    -4.97363452, -16.99713368,  -6.8381122 ], [ -62.8362862 ,  17.78506491,  10.11047308,  45.73683823,  42.99459386,    34.3418435 , 112.62987563,  50.87137308,   6.0537241 ,  -5.66428533,    -1.35505762,   5.53982574, -37.22158092], [-146.7601399 , -28.90958218, -10.56987628,  72.13689805,  20.71594314,    28.22715977,  50.87137308, 104.50431524,  33.29348392,   5.25799314,    13.93700034, -26.44895935, -23.31170161], [-180.55272899, -85.70775123,  16.42066595,  22.35099889,  12.70201137,     8.02419457,   6.0537241 ,  33.29348392,  64.08559332,  33.05465726,    -2.91561406, -13.61002574, -18.2063506 ], [ -81.80848472, -13.59657839, -20.6555015 ,  24.96772372,   2.89131002,   -12.60788378,  -5.66428533,   5.25799314,  33.05465726,  57.65447148,    22.91995933,  -2.22073557,  -4.30586386], [  90.34014827,  13.91946261,  18.9750342 ,  15.38806773,   2.08915345,    -4.97363452,  -1.35505762,  13.93700034,  -2.91561406,  22.91995933,    63.60432583,  24.51964821,   8.50706813], [ 144.96590837,  36.79302797,  21.25278068, -19.04950671,  -4.45282275,   -16.99713368,   5.53982574, -26.44895935, -13.61002574,  -2.22073557,    24.51964821,  72.97842271,  18.70039237], [ 400.38324687, 131.1904893 , -16.93804014, -43.87553734,  -3.74021586,    -6.8381122 , -37.22158092, -23.31170161, -18.2063506 ,  -4.30586386,     8.50706813,  18.70039237,  85.6102805 ]]
/root/sim/music/101~200/136_Sweet_Dreams.mp3; [-589.66125   , 100.41146   ,  -1.8532246 ,   1.7483174 ,  -6.8255444 ,    4.4328804 ,  -3.1191957 ,   1.1977121 ,  -0.4779749 ,   3.6179323 ,    5.0524445 ,   5.9179544 ,   0.78117454]; [[19279.7065987 ,-1788.73929583,  692.55491933, 1170.04906302,   1068.67545828, 1718.25190214, 1223.38357822, 1104.24767676,    579.06034314,  487.21606807,  400.91940792,  305.15372066,    384.02516547], [-1788.73929583, 1783.07078727,  145.10225883,  382.41209486,    242.66244173,  -35.81976084,  -37.36581652,   22.88875206,    -37.60526579,  -19.18448268,    7.31924851,   27.30142433,      4.36807319], [  692.55491933,  145.10225883, 1353.66785777,  722.44590406,    541.86007221,  454.03820641,  248.24059034,  206.74594972,    151.28361037,  122.24019951,  104.53580061,   64.06112937,     84.4138341 ], [ 1170.04906302,  382.41209486,  722.44590406,  821.0405981 ,    556.77406001,  406.37359369,  232.39449924,  214.4347627 ,    110.80280926,  115.45374102,  103.4412254 ,   80.05520334,     96.47386624], [ 1068.67545828,  242.66244173,  541.86007221,  556.77406001,    500.86198186,  345.73015018,  169.82882947,  157.50346164,     95.62998249,   84.87713178,   74.21099259,   53.63043344,     55.52982659], [ 1718.25190214,  -35.81976084,  454.03820641,  406.37359369,    345.73015018,  463.78503213,  267.64742656,  202.35419336,    134.48033581,  140.3686255 ,  111.14294821,   95.53677497,     89.61927768], [ 1223.38357822,  -37.36581652,  248.24059034,  232.39449924,    169.82882947,  267.64742656,  297.90317765,  160.40740824,     79.47621835,   96.51348957,  100.74593475,   72.36762341,     92.20046231], [ 1104.24767676,   22.88875206,  206.74594972,  214.4347627 ,    157.50346164,  202.35419336,  160.40740824,  213.65199829,     97.14332306,   63.06382028,   57.48211566,   56.81536981,     93.08690943], [  579.06034314,  -37.60526579,  151.28361037,  110.80280926,     95.62998249,  134.48033581,   79.47621835,   97.14332306,    156.7664702 ,   73.10584293,   29.31351103,   37.94543226,     39.27017361], [  487.21606807,  -19.18448268,  122.24019951,  115.45374102,     84.87713178,  140.3686255 ,   96.51348957,   63.06382028,     73.10584293,  143.05812541,   85.54884237,   46.90395301,     40.27952371], [  400.91940792,    7.31924851,  104.53580061,  103.4412254 ,     74.21099259,  111.14294821,  100.74593475,   57.48211566,     29.31351103,   85.54884237,  141.12773378,   70.80211215,     51.97477062], [  305.15372066,   27.30142433,   64.06112937,   80.05520334,     53.63043344,   95.53677497,   72.36762341,   56.81536981,     37.94543226,   46.90395301,   70.80211215,  118.29918627,     67.80200447], [  384.02516547,    4.36807319,   84.4138341 ,   96.47386624,     55.52982659,   89.61927768,   92.20046231,   93.08690943,     39.27017361,   40.27952371,   51.97477062,   67.80200447,    165.88709373]]
/root/sim/music/101~200/149_Trick_or_Treat.mp3; [-586.13464  , 144.41682  ,  -5.756439 ,   2.3917623,   3.342574 ,   -2.6495323,  -0.6007104,  -1.8100489,   2.050818 ,   3.67262  ,    1.5674232,  -5.15224  ,  -2.5570478]; [[2133.35277943,-212.72547379, 215.38441691, -66.16429381,  39.88320206,   127.89993166, 125.3556051 , 143.46001025,  41.48815216,  49.80922236,    -5.41905689,   1.21510729, -74.02945163], [-212.72547379,1370.13432283,-142.02159115, 214.6734231 ,-137.41765589,   109.88694799,  57.34964092, 131.4425898 ,  26.82284797, 127.17579322,    73.88087294, 178.04546659,  87.4461685 ], [ 215.38441691,-142.02159115, 451.07026476, -26.7612427 , 142.55716574,    23.65541702,  30.11348581,  69.61068713,  68.71433539,  -9.05223321,    24.15208344, -55.84404826,   8.03561819], [ -66.16429381, 214.6734231 , -26.7612427 , 250.8250743 ,  20.53926595,    85.90200525,  25.07016498,  47.72023917,   0.35312676,  62.71228427,   -21.09859441,  78.62116443,  -8.42720959], [  39.88320206,-137.41765589, 142.55716574,  20.53926595, 148.68506801,    51.6123549 ,  36.53615972,  18.34252642,  14.30254685,  13.00931111,    13.05227791,  -5.40671134,  12.69431822], [ 127.89993166, 109.88694799,  23.65541702,  85.90200525,  51.6123549 ,   147.44996895,  72.11970335,  53.59086967,  17.90842796,  60.26390179,    17.2008916 ,  74.44257887,  14.30914998], [ 125.3556051 ,  57.34964092,  30.11348581,  25.07016498,  36.53615972,    72.11970335,  99.11935286,  60.01817953,  20.76753149,  37.48643831,    29.53946586,  28.53298713,  23.19354774], [ 143.46001025, 131.4425898 ,  69.61068713,  47.72023917,  18.34252642,    53.59086967,  60.01817953, 109.87101397,  45.32637903,  38.07300173,    19.66685742,  27.62377326,  13.28015698], [  41.48815216,  26.82284797,  68.71433539,   0.35312676,  14.30254685,    17.90842796,  20.76753149,  45.32637903,  71.49797043,  30.72476054,    23.02391595,  -3.7919315 ,  -8.54968689], [  49.80922236, 127.17579322,  -9.05223321,  62.71228427,  13.00931111,    60.26390179,  37.48643831,  38.07300173,  30.72476054,  87.37653933,    37.58748997,  50.7314686 ,   5.64192779], [  -5.41905689,  73.88087294,  24.15208344, -21.09859441,  13.05227791,    17.2008916 ,  29.53946586,  19.66685742,  23.02391595,  37.58748997,    87.01310262,   3.71614663,   3.48963568], [   1.21510729, 178.04546659, -55.84404826,  78.62116443,  -5.40671134,    74.44257887,  28.53298713,  27.62377326,  -3.7919315 ,  50.7314686 ,     3.71614663, 152.67781643,  63.43353315], [ -74.02945163,  87.4461685 ,   8.03561819,  -8.42720959,  12.69431822,    14.30914998,  23.19354774,  13.28015698,  -8.54968689,   5.64192779,     3.48963568,  63.43353315, 102.39129138]]
/root/sim/music/101~200/186_L.aughing_Ghost.mp3; [-539.8914    , 126.5861    ,  -9.3712    ,  47.4332    , -14.820481  ,   19.15035   ,  -0.25669342,   3.5723298 ,   3.388198  ,  -2.3631122 ,    2.0013392 ,  -0.32038808,   1.1826355 ]; [[18246.22579867,  -57.42177136,  365.72713249,  437.2981217 ,    -33.09730906,  463.17823405,   71.79418506,  297.35476814,    135.36334793,  305.23875497,  214.47500214,  354.32720669,    211.25657037], [  -57.42177136, 1338.82953183, -549.80790326,  531.39629279,   -276.06042008,  172.00029148,   27.84720976,    9.51671487,    115.00617057,  -66.71159005,  118.97142104,  -11.71975426,    105.50268424], [  365.72713249, -549.80790326,  504.72287863, -272.36463334,    249.49284509, -124.59219882,   15.45991375,    8.35840717,    -44.01435774,   68.82810394,  -57.82372945,   29.38438929,    -62.3962759 ], [  437.2981217 ,  531.39629279, -272.36463334,  344.52768852,   -145.50089166,  149.69422214,   13.3008473 ,   31.57749798,     71.46473204,   -5.72562758,   93.10967423,   20.62834784,     74.15835123], [  -33.09730906, -276.06042008,  249.49284509, -145.50089166,    174.90502032,  -57.8420675 ,   34.72964446,    7.72911473,     -6.70531251,   37.08418639,  -25.33045196,   23.77215405,    -25.53866225], [  463.17823405,  172.00029148, -124.59219882,  149.69422214,    -57.8420675 ,  121.49750604,   32.31293349,   32.32393671,     35.81431881,   11.24653978,   49.9566078 ,   21.22836076,     42.49054837], [   71.79418506,   27.84720976,   15.45991375,   13.3008473 ,     34.72964446,   32.31293349,   82.68485531,   30.40986685,     32.28662069,   16.86586058,   25.67059698,   29.96594642,     24.53090534], [  297.35476814,    9.51671487,    8.35840717,   31.57749798,      7.72911473,   32.32393671,   30.40986685,   54.39406314,     38.58204324,   21.58986276,   22.18055292,   24.94768018,     21.585206  ], [  135.36334793,  115.00617057,  -44.01435774,   71.46473204,     -6.70531251,   35.81431881,   32.28662069,   38.58204324,     71.9959439 ,   24.14429255,   38.5609125 ,   25.31578738,     32.18205598], [  305.23875497,  -66.71159005,   68.82810394,   -5.72562758,     37.08418639,   11.24653978,   16.86586058,   21.58986276,     24.14429255,   56.46108083,   27.97457237,   28.60766437,      6.30022532], [  214.47500214,  118.97142104,  -57.82372945,   93.10967423,    -25.33045196,   49.9566078 ,   25.67059698,   22.18055292,     38.5609125 ,   27.97457237,   71.52103969,   40.23532735,     35.25319744], [  354.32720669,  -11.71975426,   29.38438929,   20.62834784,     23.77215405,   21.22836076,   29.96594642,   24.94768018,     25.31578738,   28.60766437,   40.23532735,   60.3933592 ,     35.32143879], [  211.25657037,  105.50268424,  -62.3962759 ,   74.15835123,    -25.53866225,   42.49054837,   24.53090534,   21.585206  ,     32.18205598,    6.30022532,   35.25319744,   35.32143879,     60.88027098]]
/root/sim/music/101~200/113_はっぴいばあすでいつーゆー.mp3; [-823.5057   , 220.2514   ,  39.50108  , -10.369014 ,   4.8006887,    1.775628 ,  -9.87453  ,  -4.894472 ,  12.790957 ,   5.0390162,   -7.6393924,  -2.1881585,   0.7425328]; [[23939.45828675, 3569.10882137, -969.73719369,-2126.52098422,  -1013.64337349, -789.69622791,-1232.39537093, -757.30431493,    545.54595423,   57.78068409, -265.76285672,  109.78546157,   -235.91274629], [ 3569.10882137, 7487.60305098,-1416.23610801,-1572.56560331,   -795.83746363,   63.80996211, -578.45634508, -310.62989039,     97.21966343,    9.81736185, -154.70324319,  -33.7391498 ,    -10.98760081], [ -969.73719369,-1416.23610801, 1511.16288563,  557.33396612,    346.58921611, -106.679597  ,  102.02383506,  135.88289585,    -81.51049134,  -10.90274973,  -27.16379113, -177.92126175,    -63.04812962], [-2126.52098422,-1572.56560331,  557.33396612,  824.27221277,    272.21719721,   37.50119396,  193.955764  ,  147.20068003,    -21.6169956 ,    8.49979507,   -7.31543918,  -70.58137134,    -65.14110444], [-1013.64337349, -795.83746363,  346.58921611,  272.21719721,    354.54661225,   29.54716765,  106.98979223,  125.83361024,     33.06551548,  -10.83710379,  -14.71708762, -100.90376842,    -71.57172373], [ -789.69622791,   63.80996211, -106.679597  ,   37.50119396,     29.54716765,  190.96702659,   94.3715992 ,   64.25363817,    -35.43540739,  -50.70190945,  -32.22673891,   13.88666341,     36.61014938], [-1232.39537093, -578.45634508,  102.02383506,  193.955764  ,    106.98979223,   94.3715992 ,  271.90122946,  125.53073539,    -65.2485555 , -114.22585013,  -53.63429949,    2.34818973,     93.82090692], [ -757.30431493, -310.62989039,  135.88289585,  147.20068003,    125.83361024,   64.25363817,  125.53073539,  253.23368666,    -22.7491008 ,  -87.37702113,  -83.80775508,  -63.24780655,     25.77907308], [  545.54595423,   97.21966343,  -81.51049134,  -21.6169956 ,     33.06551548,  -35.43540739,  -65.2485555 ,  -22.7491008 ,    165.14151956,   49.3968309 ,    0.64174928,  -38.17974462,   -104.36342241], [   57.78068409,    9.81736185,  -10.90274973,    8.49979507,    -10.83710379,  -50.70190945, -114.22585013,  -87.37702113,     49.3968309 ,  187.11427814,   95.24118624,    2.73943072,    -96.75954554], [ -265.76285672, -154.70324319,  -27.16379113,   -7.31543918,    -14.71708762,  -32.22673891,  -53.63429949,  -83.80775508,      0.64174928,   95.24118624,  159.9270837 ,   47.54642919,    -13.40430136], [  109.78546157,  -33.7391498 , -177.92126175,  -70.58137134,   -100.90376842,   13.88666341,    2.34818973,  -63.24780655,    -38.17974462,    2.73943072,   47.54642919,  190.09765165,     91.51426299], [ -235.91274629,  -10.98760081,  -63.04812962,  -65.14110444,    -71.57172373,   36.61014938,   93.82090692,   25.77907308,   -104.36342241,  -96.75954554,  -13.40430136,   91.51426299,    233.56980083]]
/root/sim/music/101~200/126_消えそうな光.mp3; [-1027.4979  ,  153.47269 ,  -51.3221  ,  -70.47611 ,  -40.513977,   -29.097815,   -8.441699,   20.626705,   31.76001 ,   23.809639,     4.6436  ,  -10.105202,   -9.87989 ]; [[7076.5708751 ,3136.91042188,-868.92758864, -45.26983811,-447.89972747,  -464.94393685, 251.67594804, 411.12714559, -34.08213313,-150.03437724,  -109.66180052,-166.98375599,-193.3243109 ], [3136.91042188,1954.60043789,-280.51679384, -77.36713289,-167.04774613,  -308.48934055,  35.76668058, 163.15185284,   0.63680428,  -1.56454437,    79.00594437,  26.26114129, -84.81048033], [-868.92758864,-280.51679384, 734.9103378 , 292.51750671,-113.44861918,   -48.54217379,-131.09999424,-256.54678127,-138.04819546, 184.90607713,   441.11173272, 321.30019442,-120.49330084], [ -45.26983811, -77.36713289, 292.51750671, 335.9120607 ,  18.40273448,   -52.71894431, -71.47606405,-155.72689389,-123.84112138,  62.22445536,   215.87277366, 174.51463721, -21.51011878], [-447.89972747,-167.04774613,-113.44861918,  18.40273448, 251.1787762 ,    88.36939466, -69.91516233, -29.70125788,  41.89690677, -12.14925518,   -81.66645164, -27.50117461, 102.94633172], [-464.94393685,-308.48934055, -48.54217379, -52.71894431,  88.36939466,   162.50008542,  65.09285351,   8.82991665,  21.70390089, -41.24288947,  -119.45571009, -71.80908626,  59.3246604 ], [ 251.67594804,  35.76668058,-131.09999424, -71.47606405, -69.91516233,    65.09285351, 267.57515174, 218.93395752,  -9.49186413,-176.87458505,  -231.4261949 ,-164.84918429,  -1.48145474], [ 411.12714559, 163.15185284,-256.54678127,-155.72689389, -29.70125788,     8.82991665, 218.93395752, 336.8637254 , 111.23163348,-206.93800456,  -341.81368091,-241.73342311, -11.27551951], [ -34.08213313,   0.63680428,-138.04819546,-123.84112138,  41.89690677,    21.70390089,  -9.49186413, 111.23163348, 175.38339859,  18.56603735,  -161.93545647,-154.48112921, -26.65435664], [-150.03437724,  -1.56454437, 184.90607713,  62.22445536, -12.14925518,   -41.24288947,-176.87458505,-206.93800456,  18.56603735, 273.79656679,   296.55986625, 104.32076615,-127.45568934], [-109.66180052,  79.00594437, 441.11173272, 215.87277366, -81.66645164,  -119.45571009,-231.4261949 ,-341.81368091,-161.93545647, 296.55986625,   600.48376138, 375.153088  ,-148.09094957], [-166.98375599,  26.26114129, 321.30019442, 174.51463721, -27.50117461,   -71.80908626,-164.84918429,-241.73342311,-154.48112921, 104.32076615,   375.153088  , 370.2565034 ,  60.79640673], [-193.3243109 , -84.81048033,-120.49330084, -21.51011878, 102.94633172,    59.3246604 ,  -1.48145474, -11.27551951, -26.65435664,-127.45568934,  -148.09094957,  60.79640673, 303.44884264]]
/root/sim/music/101~200/145_Restart.mp3; [-607.066     ,  98.6803    ,  -2.7156644 ,   0.9245168 ,  -7.924995  ,   -5.278172  ,  -8.426487  ,  -0.37782767,  -0.7686353 ,   0.9138092 ,   -0.728109  ,   0.8702909 ,  -0.12818663]; [[23138.91091579, 1380.45080818, 1773.82550763, 1263.24689986,    812.30498148, 1078.76593888,  953.21924307,  735.45132954,    576.72555268,  643.16496174,  365.09488461,  221.87327157,    -11.38692371], [ 1380.45080818, 2677.55635551,  304.66907051,  304.71043367,    138.84211013,  -54.62620459,  -17.32721979,  112.53113083,     59.42014674,  -30.18372037,  -13.75245932,   53.82238673,    121.0991741 ], [ 1773.82550763,  304.66907051, 1416.90125359,  754.06814224,    744.48888127,  557.72395094,  514.69862161,  379.83114801,    295.08865773,  207.69389124,  172.61893738,  131.45929343,    -16.54789586], [ 1263.24689986,  304.71043367,  754.06814224,  862.88715362,    638.21524214,  551.39806854,  499.39683915,  353.93861073,    277.03841344,  219.43543493,  167.58649176,   99.43117619,     30.77718095], [  812.30498148,  138.84211013,  744.48888127,  638.21524214,    717.30119004,  521.7203177 ,  467.81672297,  330.48398467,    269.19440731,  184.99475611,  139.25579663,  102.65290035,     -6.94813696], [ 1078.76593888,  -54.62620459,  557.72395094,  551.39806854,    521.7203177 ,  591.00091377,  465.55851392,  294.08289341,    250.44607118,  211.05608686,  148.752661  ,   79.76119328,     -0.45245679], [  953.21924307,  -17.32721979,  514.69862161,  499.39683915,    467.81672297,  465.55851392,  532.26829416,  312.84501746,    211.51585908,  206.73261277,  157.8804388 ,   88.43345222,    -15.50093256], [  735.45132954,  112.53113083,  379.83114801,  353.93861073,    330.48398467,  294.08289341,  312.84501746,  317.32859862,    192.22263531,   99.63669661,  108.30425707,   64.44160334,      2.9507865 ], [  576.72555268,   59.42014674,  295.08865773,  277.03841344,    269.19440731,  250.44607118,  211.51585908,  192.22263531,    256.8618594 ,  151.74799697,   53.61382201,   39.99520985,      1.33750931], [  643.16496174,  -30.18372037,  207.69389124,  219.43543493,    184.99475611,  211.05608686,  206.73261277,   99.63669661,    151.74799697,  263.06693581,  112.4297366 ,   42.35079015,      0.49878041], [  365.09488461,  -13.75245932,  172.61893738,  167.58649176,    139.25579663,  148.752661  ,  157.8804388 ,  108.30425707,     53.61382201,  112.4297366 ,  197.51698911,   90.46863534,     10.4154759 ], [  221.87327157,   53.82238673,  131.45929343,   99.43117619,    102.65290035,   79.76119328,   88.43345222,   64.44160334,     39.99520985,   42.35079015,   90.46863534,  201.92818967,     29.01077709], [  -11.38692371,  121.0991741 ,  -16.54789586,   30.77718095,     -6.94813696,   -0.45245679,  -15.50093256,    2.9507865 ,      1.33750931,    0.49878041,   10.4154759 ,   29.01077709,    191.15082037]]
/root/sim/music/101~200/105_追跡者.mp3; [-525.15137  , 102.015465 ,  12.359887 ,  24.392754 ,   4.1691184,    9.256608 ,   4.3467565,   8.472687 ,   1.4520923,   3.127249 ,    2.9476032,   4.528352 ,   2.715542 ]; [[5162.80237379,-565.12285065,-338.70464313,-152.6794077 , -54.49221147,  -174.3016157 ,-136.81918887, -64.08027829,  28.36840833,  31.6997978 ,   -20.77513433,  -1.40228168, -36.85259112], [-565.12285065, 702.2008927 , -28.10704994, -36.62818487, -52.05691143,   -75.76744558, -68.33020213, -32.72058369, -35.5206758 , -16.97835935,   -10.87151444,  -1.59593428,   4.37965325], [-338.70464313, -28.10704994, 228.73378719,   8.37263459,  17.02098785,    -1.96904476,  -6.1669646 ,  -4.72573811,  -2.16421647,  -3.26475167,    -3.67530982, -19.23118953, -11.99686136], [-152.6794077 , -36.62818487,   8.37263459, 152.67211835,  48.59589714,    59.79339623,  31.30228089,  17.45484666,  17.1643901 ,  10.32867583,     6.02639979,  -3.83403183,  -4.14250995], [ -54.49221147, -52.05691143,  17.02098785,  48.59589714, 107.85717021,    63.83571861,  48.73499304,  24.7665194 ,  21.71213863,  10.57766838,     9.55364561,   5.1659672 ,   1.05586003], [-174.3016157 , -75.76744558,  -1.96904476,  59.79339623,  63.83571861,   140.92063251,  95.29523942,  49.04836129,  15.52610681,   3.52851612,    12.20649168,  19.20683917,  18.1715783 ], [-136.81918887, -68.33020213,  -6.1669646 ,  31.30228089,  48.73499304,    95.29523942, 116.21343701,  51.48845969,  14.22577714,   5.57461987,    13.01400303,  19.86238761,  19.35444211], [ -64.08027829, -32.72058369,  -4.72573811,  17.45484666,  24.7665194 ,    49.04836129,  51.48845969,  66.62573504,  25.75350511,   8.03317795,    10.42322877,  12.42288687,   8.4313584 ], [  28.36840833, -35.5206758 ,  -2.16421647,  17.1643901 ,  21.71213863,    15.52610681,  14.22577714,  25.75350511,  59.93789614,  30.36649306,    11.19664424,  -0.50723689,  -9.41441618], [  31.6997978 , -16.97835935,  -3.26475167,  10.32867583,  10.57766838,     3.52851612,   5.57461987,   8.03317795,  30.36649306,  55.77964758,    23.06237594,   3.33067794,  -7.60288138], [ -20.77513433, -10.87151444,  -3.67530982,   6.02639979,   9.55364561,    12.20649168,  13.01400303,  10.42322877,  11.19664424,  23.06237594,    45.43528801,  21.96200715,   5.187321  ], [  -1.40228168,  -1.59593428, -19.23118953,  -3.83403183,   5.1659672 ,    19.20683917,  19.86238761,  12.42288687,  -0.50723689,   3.33067794,    21.96200715,  49.92842734,  26.57410785], [ -36.85259112,   4.37965325, -11.99686136,  -4.14250995,   1.05586003,    18.1715783 ,  19.35444211,   8.4313584 ,  -9.41441618,  -7.60288138,     5.187321  ,  26.57410785,  49.79547659]]
