/root/sim/music/601~700/650_8_Bit_Island.mp3; [-566.11743   ,  72.64052   ,  -0.54063857,   8.890738  ,  -1.2861373 ,    3.4430795 ,   4.867077  ,   9.13931   ,   8.104013  ,   7.3816853 ,    0.10252793,   0.60605836,  -4.1505184 ]; [[7743.73544835,  60.49232703, -58.03208971,  83.39672334, 101.06159534,   -19.65998525,  13.14300062, 208.24217277, 110.09109248,  61.68262025,   157.47874752,  32.94807674, -16.89751579], [  60.49232703, 791.59034272, 266.38695693, 128.31174663, 112.84922327,     9.99597137,  -9.82138299,-100.47779578, -22.5694297 ,  28.4920939 ,    35.98987243,  65.35404068,  19.98696025], [ -58.03208971, 266.38695693, 440.89959194, 256.47912131, 117.73964638,   112.1714267 ,  82.46534154,  63.21864074,  53.45587765,  39.30660619,    20.46558016,  19.81380954,  29.68950124], [  83.39672334, 128.31174663, 256.47912131, 339.0788271 , 251.59143218,   171.81689914, 165.72593311, 105.57300051,  86.29148408,  59.49333868,    30.02495909,  28.49304444,  41.6771988 ], [ 101.06159534, 112.84922327, 117.73964638, 251.59143218, 333.05730413,   229.20282811, 173.14337952,  89.15763167,  73.00081665,  51.08524366,    27.44981525,  31.03024452,  43.86808467], [ -19.65998525,   9.99597137, 112.1714267 , 171.81689914, 229.20282811,   349.41088121, 235.39107837, 140.46704086,  57.24277713,   3.60350287,    -9.95297347,  23.83209827,  67.71922372], [  13.14300062,  -9.82138299,  82.46534154, 165.72593311, 173.14337952,   235.39107837, 373.52996576, 240.04188592,  78.10090097, -39.98140686,   -55.74739093, -15.23839609,  -3.4738066 ], [ 208.24217277,-100.47779578,  63.21864074, 105.57300051,  89.15763167,   140.46704086, 240.04188592, 360.9955573 , 193.3911347 , -28.90738345,   -49.04112441, -32.67749124,  14.54379113], [ 110.09109248, -22.5694297 ,  53.45587765,  86.29148408,  73.00081665,    57.24277713,  78.10090097, 193.3911347 , 368.08121932, 189.78726984,   -26.92461641, -65.8248283 , -75.52372324], [  61.68262025,  28.4920939 ,  39.30660619,  59.49333868,  51.08524366,     3.60350287, -39.98140686, -28.90738345, 189.78726984, 376.83607561,   182.3770905 ,  39.80435378, -44.15951606], [ 157.47874752,  35.98987243,  20.46558016,  30.02495909,  27.44981525,    -9.95297347, -55.74739093, -49.04112441, -26.92461641, 182.3770905 ,   296.33282065, 147.94598328,  70.14180938], [  32.94807674,  65.35404068,  19.81380954,  28.49304444,  31.03024452,    23.83209827, -15.23839609, -32.67749124, -65.8248283 ,  39.80435378,   147.94598328, 227.03534258, 140.64501004], [ -16.89751579,  19.98696025,  29.68950124,  41.6771988 ,  43.86808467,    67.71922372,  -3.4738066 ,  14.54379113, -75.52372324, -44.15951606,    70.14180938, 140.64501004, 294.18438523]]
/root/sim/music/601~700/655_Little_Splash.mp3; [-657.76654   , 155.27838   ,   7.8978477 ,   6.211877  ,  -1.4615414 ,  -11.223429  , -11.153442  ,   4.333914  ,  11.342052  ,   8.534895  ,    0.22423169,   3.153268  ,   4.5754595 ]; [[ 8093.27190178,-2508.32905162,  858.65802921, -169.63906246,     62.41026288,  111.64917287,  170.10299187,  141.99277035,     58.83325959,  -57.4663359 , -201.70557233, -130.91350918,   -139.48291542], [-2508.32905162, 2238.68734582, -680.69388647,  149.82701826,    -83.00010774, -160.78469274, -126.61894039,  -98.80805643,   -151.65882931, -149.30973676,   18.71969811,  112.85780598,    135.16988068], [  858.65802921, -680.69388647,  977.22634477,  192.86065689,    302.39450747,  262.73740977,  256.61780881,  275.37427184,    233.9663404 ,  198.72937916,   63.23324885,   -2.10231243,     33.32500848], [ -169.63906246,  149.82701826,  192.86065689,  231.84307461,    140.53193349,  101.69065478,   57.84455262,   56.99290191,     64.68844263,   70.0484113 ,   24.46791609,   -7.20769367,     30.35661101], [   62.41026288,  -83.00010774,  302.39450747,  140.53193349,    208.63693229,  153.24616856,  105.16519328,   94.66990974,     77.8511962 ,   67.18030385,   21.35981645,   21.63534075,     39.67595452], [  111.64917287, -160.78469274,  262.73740977,  101.69065478,    153.24616856,  213.26296572,  150.27060937,  100.77821594,     83.01387588,   82.20741252,   42.41487188,   24.17919989,     46.05596724], [  170.10299187, -126.61894039,  256.61780881,   57.84455262,    105.16519328,  150.27060937,  214.37676976,  167.66339093,     85.6675642 ,   60.29520556,   34.42472946,   41.51345088,     39.55754695], [  141.99277035,  -98.80805643,  275.37427184,   56.99290191,     94.66990974,  100.77821594,  167.66339093,  215.29856858,    127.98905798,   57.94091704,   -4.32985326,   25.93252855,     19.89669426], [   58.83325959, -151.65882931,  233.9663404 ,   64.68844263,     77.8511962 ,   83.01387588,   85.6675642 ,  127.98905798,    160.11134157,  116.71747966,   22.28709278,  -12.18589178,      8.87807996], [  -57.4663359 , -149.30973676,  198.72937916,   70.0484113 ,     67.18030385,   82.20741252,   60.29520556,   57.94091704,    116.71747966,  173.6846205 ,   72.1054084 ,  -36.95835763,     15.34360309], [ -201.70557233,   18.71969811,   63.23324885,   24.46791609,     21.35981645,   42.41487188,   34.42472946,   -4.32985326,     22.28709278,   72.1054084 ,  112.56166483,   29.82494918,     27.58107814], [ -130.91350918,  112.85780598,   -2.10231243,   -7.20769367,     21.63534075,   24.17919989,   41.51345088,   25.93252855,    -12.18589178,  -36.95835763,   29.82494918,  112.89752888,     51.90865953], [ -139.48291542,  135.16988068,   33.32500848,   30.35661101,     39.67595452,   46.05596724,   39.55754695,   19.89669426,      8.87807996,   15.34360309,   27.58107814,   51.90865953,     76.54548164]]
/root/sim/music/601~700/663_ピアノのマーチ.mp3; [-764.5274    , 275.09433   , -27.086432  ,  32.980595  ,  11.980738  ,    1.973091  ,   2.5344245 ,   1.2202083 ,   2.2809536 ,  -0.12398651,   -5.713711  ,  -5.869586  ,  -2.398921  ]; [[4532.70843259,-257.10510283,-572.72029005, 551.4921028 ,-549.48634885,   286.80227359,-258.32758359,  33.27686231, -37.86599952,  77.55765584,     2.58011998, -42.28678641, -26.75021759], [-257.10510283, 557.24062868,-101.65410199,  28.31207457, 134.4779994 ,   -70.43012574, 104.32025148, -48.78414749,  -0.76984381, -22.35156376,    18.78706086, -10.98490897,  14.67067507], [-572.72029005,-101.65410199, 345.80743566,-101.21500655, 112.0083465 ,     0.2033003 ,  31.93271371,  37.9550987 ,  18.34501099,  10.95609865,     6.79625686,  26.25166378,  19.86087791], [ 551.4921028 ,  28.31207457,-101.21500655, 218.03468969, -45.6571238 ,    92.79199845,   6.32147256,   9.84848823,   9.78374721,  31.83637323,    20.85206854,   5.25734972,  23.36021863], [-549.48634885, 134.4779994 , 112.0083465 , -45.6571238 , 229.81774578,   -39.82195366,  93.70575671,   3.55702848, -35.74809944,  -8.82380365,    19.60729496,  13.93875791,  33.92479416], [ 286.80227359, -70.43012574,   0.2033003 ,  92.79199845, -39.82195366,   128.38244413,  17.6697052 ,  32.16565566,  27.12389483,  33.4623304 ,     7.28460583,  -6.265975  ,  15.58820018], [-258.32758359, 104.32025148,  31.93271371,   6.32147256,  93.70575671,    17.6697052 , 114.2054646 ,   8.97560177,   5.68602566,  14.31870619,     9.91776611, -15.38777927,  16.94591666], [  33.27686231, -48.78414749,  37.9550987 ,   9.84848823,   3.55702848,    32.16565566,   8.97560177,  75.90702003,  11.48920917,  -0.45317765,    12.20616273,  11.70294226,   0.97526407], [ -37.86599952,  -0.76984381,  18.34501099,   9.78374721, -35.74809944,    27.12389483,   5.68602566,  11.48920917,  79.72116994,  23.80276184,     2.56613396,   5.25595803,  -4.27882433], [  77.55765584, -22.35156376,  10.95609865,  31.83637323,  -8.82380365,    33.4623304 ,  14.31870619,  -0.45317765,  23.80276184,  57.94253583,     7.36506479, -12.80730402,   5.6088825 ], [   2.58011998,  18.78706086,   6.79625686,  20.85206854,  19.60729496,     7.28460583,   9.91776611,  12.20616273,   2.56613396,   7.36506479,    39.08711439,  15.45445955,  -0.98099169], [ -42.28678641, -10.98490897,  26.25166378,   5.25734972,  13.93875791,    -6.265975  , -15.38777927,  11.70294226,   5.25595803, -12.80730402,    15.45445955,  62.2401427 ,  17.40958985], [ -26.75021759,  14.67067507,  19.86087791,  23.36021863,  33.92479416,    15.58820018,  16.94591666,   0.97526407,  -4.27882433,   5.6088825 ,    -0.98099169,  17.40958985,  59.36808988]]
/root/sim/music/601~700/679_Stay_Blue_Winds.mp3; [-621.5876    , 155.1654    , -15.771856  ,  15.716629  ,   4.652185  ,    6.226839  , -21.588823  ,   0.21925862, -10.686072  ,  -6.6583796 ,  -13.602084  , -11.28809   ,  -8.62691   ]; [[ 2554.08785828,-1540.46739045,  252.06766009,   19.97810207,    -19.88001626, -188.22659475,  106.60680155,  -85.72203307,    211.68911604,   29.6423717 ,  134.8836224 ,  -25.02462486,   -108.98324808], [-1540.46739045, 1284.86325114, -319.36787231,    6.56696514,     -9.8476325 ,  115.0048007 ,  -88.14548184,   91.02788616,   -162.80393538,  -43.30954199,  -72.98685223,    0.24895223,     84.46174014], [  252.06766009, -319.36787231,  533.37855321, -110.78117542,     66.16673839,  106.39688575,  107.61866723,  127.79304834,     86.89876549,   96.76260062,   20.73312076,   76.58589042,     74.96223889], [   19.97810207,    6.56696514, -110.78117542,  144.08755043,     16.78667365,   11.76477406,  -12.85403295,   11.08092337,     48.76315321,   11.67683039,   23.20055691,    0.63560017,     22.09339711], [  -19.88001626,   -9.8476325 ,   66.16673839,   16.78667365,    216.97186653,   24.65559754,   54.18095925,   -6.33744286,     65.9918954 ,   75.29553212,  -10.44327221,   56.70093765,     62.23881564], [ -188.22659475,  115.0048007 ,  106.39688575,   11.76477406,     24.65559754,  189.47195219,    3.96597531,  134.33844743,     24.38132317,   45.2530805 ,  -23.07300244,   59.01442328,     71.25484318], [  106.60680155,  -88.14548184,  107.61866723,  -12.85403295,     54.18095925,    3.96597531,  139.67941914,   -0.90540153,     66.60292691,   42.84773523,   -9.57001659,   28.97270702,     48.85960402], [  -85.72203307,   91.02788616,  127.79304834,   11.08092337,     -6.33744286,  134.33844743,   -0.90540153,  262.96607858,     33.38372831,   50.67918976,    6.27670482,    8.35110436,     50.00826829], [  211.68911604, -162.80393538,   86.89876549,   48.76315321,     65.9918954 ,   24.38132317,   66.60292691,   33.38372831,    189.5299073 ,   60.50933655,   36.45287701,   -9.12772383,     75.63177392], [   29.6423717 ,  -43.30954199,   96.76260062,   11.67683039,     75.29553212,   45.2530805 ,   42.84773523,   50.67918976,     60.50933655,  150.03825041,  -50.68105374,   54.94945825,     46.92207429], [  134.8836224 ,  -72.98685223,   20.73312076,   23.20055691,    -10.44327221,  -23.07300244,   -9.57001659,    6.27670482,     36.45287701,  -50.68105374,  152.7026983 ,  -76.4547403 ,     22.10672925], [  -25.02462486,    0.24895223,   76.58589042,    0.63560017,     56.70093765,   59.01442328,   28.97270702,    8.35110436,     -9.12772383,   54.94945825,  -76.4547403 ,  253.01956463,    -48.44158045], [ -108.98324808,   84.46174014,   74.96223889,   22.09339711,     62.23881564,   71.25484318,   48.85960402,   50.00826829,     75.63177392,   46.92207429,   22.10672925,  -48.44158045,    234.10599525]]
/root/sim/music/601~700/634_気分の良い早朝.mp3; [-694.5577   , 163.77585  ,  13.702997 ,  33.24146  ,   3.255653 ,    8.3896055,   4.797916 ,   6.856477 ,   7.8105383,  13.841277 ,    8.756331 ,   3.75385  ,  -2.206012 ]; [[15869.78132737,  414.92881366,  254.30519271,  512.10381642,    214.8985758 ,  330.55394396,  273.94359763,  227.66638161,    226.16731406,  303.41102765,  103.4162008 ,  -64.07204515,   -161.57452112], [  414.92881366, 2065.9504126 , -212.68824164,  494.69474905,    100.74335147,   26.98969355,   86.58817269,   82.1060667 ,    -45.93833694,   36.80118431,   38.08068316,   64.92956259,    119.62962453], [  254.30519271, -212.68824164,  758.01377251,  140.09488155,    304.79423841,   79.58689976,  151.50865165,   88.61627334,     81.28394052,  -27.90542239,   45.37365609,  113.01471094,    127.20537678], [  512.10381642,  494.69474905,  140.09488155,  524.17079816,    202.52185994,   81.51625033,  118.58436778,   60.90261205,    -24.72370489,   33.47743924,   18.79001206,   71.59275347,    114.5058031 ], [  214.8985758 ,  100.74335147,  304.79423841,  202.52185994,    295.19718442,  108.4275159 ,  150.15327036,  110.53365763,     82.87917236,   18.37869467,   47.77249979,   75.60362437,     77.3295682 ], [  330.55394396,   26.98969355,   79.58689976,   81.51625033,    108.4275159 ,  301.20609077,  139.39654374,  144.21596147,    201.54212062,  139.46461876,   72.3264006 ,   36.57015463,    -22.24415838], [  273.94359763,   86.58817269,  151.50865165,  118.58436778,    150.15327036,  139.39654374,  239.75196077,  161.40440132,    123.81993595,   77.43318202,   47.91099758,   54.88588722,     66.24427878], [  227.66638161,   82.1060667 ,   88.61627334,   60.90261205,    110.53365763,  144.21596147,  161.40440132,  222.48532855,    183.35651256,   82.14512546,   48.55745101,   32.6963293 ,     16.89667615], [  226.16731406,  -45.93833694,   81.28394052,  -24.72370489,     82.87917236,  201.54212062,  123.81993595,  183.35651256,    319.25478654,  206.95187088,  122.29091129,   55.37630478,    -33.67172236], [  303.41102765,   36.80118431,  -27.90542239,   33.47743924,     18.37869467,  139.46461876,   77.43318202,   82.14512546,    206.95187088,  292.60440167,  180.04121544,   93.90940956,     -4.23502791], [  103.4162008 ,   38.08068316,   45.37365609,   18.79001206,     47.77249979,   72.3264006 ,   47.91099758,   48.55745101,    122.29091129,  180.04121544,  209.74921144,  141.24623634,     49.72875617], [  -64.07204515,   64.92956259,  113.01471094,   71.59275347,     75.60362437,   36.57015463,   54.88588722,   32.6963293 ,     55.37630478,   93.90940956,  141.24623634,  192.96662747,    133.65604045], [ -161.57452112,  119.62962453,  127.20537678,  114.5058031 ,     77.3295682 ,  -22.24415838,   66.24427878,   16.89667615,    -33.67172236,   -4.23502791,   49.72875617,  133.65604045,    203.69531441]]
/root/sim/music/601~700/688_After_The_Myth.mp3; [-658.91864   , 215.68782   , -13.859638  ,  27.57673   ,   0.58333623,    5.4497256 ,  -2.8926697 ,   2.736625  ,  -0.3026379 ,   2.1276317 ,    0.06249537,   1.1490203 ,  -1.2793496 ]; [[8561.82846783,-492.92262133,-885.56781473, 525.60286966,  23.43817027,   114.92156135, -32.81669277,  24.44942484,  -5.54319046, 121.79881011,    -0.99982263,  44.77716332,  68.09435193], [-492.92262133,1861.87500071, 129.54477403,-175.91959096,  15.36581138,   -41.49211295,   2.7240064 ,  18.00640647,  23.17189548, -25.31831667,   -14.88428236, -35.84709972,   3.99029215], [-885.56781473, 129.54477403, 725.35396248,-110.04803867, -19.11018521,   -41.79780778,   8.64415738,  -8.31710752,   0.07519313, -20.29734628,    -3.78747043,  -6.63411059,  -0.62704086], [ 525.60286966,-175.91959096,-110.04803867, 287.8023912 ,  42.58800683,    48.94767961,  -2.75006949,  -3.96122778, -13.06778344,   2.90208176,    -4.99618866,   5.45498105,   1.69938425], [  23.43817027,  15.36581138, -19.11018521,  42.58800683, 105.18901164,    41.17045352,  15.5713822 ,   1.31443444,   4.68859537,   1.34147388,     2.7533416 ,   4.76970132,   7.02893021], [ 114.92156135, -41.49211295, -41.79780778,  48.94767961,  41.17045352,    89.85186762,  41.50817427,  11.23583097,   1.32858123,   7.64764261,     1.52201458,   1.80416168,   1.95017147], [ -32.81669277,   2.7240064 ,   8.64415738,  -2.75006949,  15.5713822 ,    41.50817427,  66.44201047,  32.45113001,  15.88817848,  10.93848339,     6.33276432,  -3.22228588,  -3.86917335], [  24.44942484,  18.00640647,  -8.31710752,  -3.96122778,   1.31443444,    11.23583097,  32.45113001,  57.22146093,  35.10826488,  17.27969434,     8.37362326,  -0.7736348 ,  -6.55674998], [  -5.54319046,  23.17189548,   0.07519313, -13.06778344,   4.68859537,     1.32858123,  15.88817848,  35.10826488,  53.24321573,  30.97688431,    12.49652694,   1.10159418,  -4.07803478], [ 121.79881011, -25.31831667, -20.29734628,   2.90208176,   1.34147388,     7.64764261,  10.93848339,  17.27969434,  30.97688431,  49.00275824,    24.46385294,   6.89308506,   1.31976363], [  -0.99982263, -14.88428236,  -3.78747043,  -4.99618866,   2.7533416 ,     1.52201458,   6.33276432,   8.37362326,  12.49652694,  24.46385294,    41.2889582 ,  22.71388683,   7.89253617], [  44.77716332, -35.84709972,  -6.63411059,   5.45498105,   4.76970132,     1.80416168,  -3.22228588,  -0.7736348 ,   1.10159418,   6.89308506,    22.71388683,  38.51513   ,  22.67046475], [  68.09435193,   3.99029215,  -0.62704086,   1.69938425,   7.02893021,     1.95017147,  -3.86917335,  -6.55674998,  -4.07803478,   1.31976363,     7.89253617,  22.67046475,  39.73873413]]
/root/sim/music/601~700/674_Poisonous_Invasion.mp3; [-621.5437    , 127.39561   ,  -3.5164094 ,  32.678616  , -10.622354  ,    3.1275003 ,  -1.1983513 ,   0.01410931,   2.604752  ,  -2.7373283 ,   -5.056202  ,  -0.7047897 ,  -4.3481665 ]; [[14578.82680077, -126.93977758,  -74.31994742, 1261.40120136,     25.3738285 ,  747.54077193,  511.2410734 ,  599.27519297,    668.6893906 ,  287.17621734,  202.78455021,  269.69345181,    -60.82792128], [ -126.93977758,  824.14307882,   31.87841499,  -52.98183778,     67.45128295,   -0.55587015,   54.36296164,   28.38171941,     52.31386198,   26.72531008,    2.04906348,   25.96959835,     45.71248947], [  -74.31994742,   31.87841499,  437.30819742, -104.27817493,    130.68057989,   61.88830035,   27.47414207,   72.52774154,    -20.66988339,   55.91975   ,   18.72768543,   24.59369521,     42.86582062], [ 1261.40120136,  -52.98183778, -104.27817493,  445.24871912,     42.0824296 ,   97.14836868,   55.23438013,   44.04319155,    145.33405717,   50.82745263,   73.6128296 ,   64.04904407,     -3.93905505], [   25.3738285 ,   67.45128295,  130.68057989,   42.0824296 ,    162.36678448,   78.41328338,   32.95476701,   39.55526553,     16.70557161,   39.02153172,   30.30040315,   30.80717323,     26.84413111], [  747.54077193,   -0.55587015,   61.88830035,   97.14836868,     78.41328338,  185.43449088,   99.5142726 ,   65.19184185,     62.70064166,   33.21326378,   45.8955272 ,   40.95472325,     20.7497623 ], [  511.2410734 ,   54.36296164,   27.47414207,   55.23438013,     32.95476701,   99.5142726 ,  144.57949009,   97.14990566,     64.76372803,   34.51087239,   28.04255805,   35.11779677,     21.73713411], [  599.27519297,   28.38171941,   72.52774154,   44.04319155,     39.55526553,   65.19184185,   97.14990566,  151.19656808,     83.75455218,   44.25598614,   19.92718132,   27.85478449,     23.48492024], [  668.6893906 ,   52.31386198,  -20.66988339,  145.33405717,     16.70557161,   62.70064166,   64.76372803,   83.75455218,    159.35202807,   66.85808849,   38.40136227,   41.14789666,     12.16740651], [  287.17621734,   26.72531008,   55.91975   ,   50.82745263,     39.02153172,   33.21326378,   34.51087239,   44.25598614,     66.85808849,  106.84296083,   51.75887582,   29.41024318,     11.92868286], [  202.78455021,    2.04906348,   18.72768543,   73.6128296 ,     30.30040315,   45.8955272 ,   28.04255805,   19.92718132,     38.40136227,   51.75887582,   98.77764597,   51.05113592,     14.6399953 ], [  269.69345181,   25.96959835,   24.59369521,   64.04904407,     30.80717323,   40.95472325,   35.11779677,   27.85478449,     41.14789666,   29.41024318,   51.05113592,   88.90062352,     35.89254286], [  -60.82792128,   45.71248947,   42.86582062,   -3.93905505,     26.84413111,   20.7497623 ,   21.73713411,   23.48492024,     12.16740651,   11.92868286,   14.6399953 ,   35.89254286,     79.81136042]]
/root/sim/music/601~700/610_夜空を見上げて.mp3; [-999.0843   , 256.62915  ,  70.31154  , -14.16508  , -18.093426 ,   -9.007043 , -12.397872 , -14.355039 ,  -9.508183 ,  -4.8102365,   -4.8518395,  -5.9305344,  -4.8188286]; [[3731.56663492,2110.00349345,-738.79350919,-570.04181246, -38.97031796,    -0.14620951,-209.07460071,-199.08620566,-125.51023718, -46.99383954,     7.44069671,  51.50432321,  45.15807743], [2110.00349345,1697.04038132,-100.5962421 ,-438.73625608, -78.36204549,    46.14396732, -66.19301224,-106.44259845, -56.25770865, -29.07519306,   -27.28900159,  -2.40061065,  15.89156667], [-738.79350919,-100.5962421 , 622.18211618, 236.40527288, -63.94862973,    39.23745196, 160.7331536 , 107.79524208,  52.27805047,  16.78892254,   -13.41169319, -19.68479626, -11.84515967], [-570.04181246,-438.73625608, 236.40527288, 367.92965202,  81.88521871,    -7.56705561,  90.43786845, 118.18839155,  54.37082651,  17.57899023,    23.4503663 ,  29.30324584,  25.25646049], [ -38.97031796, -78.36204549, -63.94862973,  81.88521871, 142.72624465,    48.58063268,  -1.37780531,  30.50328471,  43.12104729,  17.80324336,     6.39468641,  21.53826548,  36.85172481], [  -0.14620951,  46.14396732,  39.23745196,  -7.56705561,  48.58063268,   110.64708711,  61.65136205,   6.42929424,  18.84508263,  20.97539167,    -2.67913517,   0.27297052,  11.9420676 ], [-209.07460071, -66.19301224, 160.7331536 ,  90.43786845,  -1.37780531,    61.65136205, 129.18617246,  87.20474245,  25.2951569 ,   7.89693298,    15.4059059 ,  17.21055767,   7.97021966], [-199.08620566,-106.44259845, 107.79524208, 118.18839155,  30.50328471,     6.42929424,  87.20474245, 141.9059791 ,  88.51208987,  10.69360359,    -1.50640932,  20.64193633,  26.72731832], [-125.51023718, -56.25770865,  52.27805047,  54.37082651,  43.12104729,    18.84508263,  25.2951569 ,  88.51208987, 122.63236797,  53.9437207 ,   -20.63873844, -11.50837232,  25.44213899], [ -46.99383954, -29.07519306,  16.78892254,  17.57899023,  17.80324336,    20.97539167,   7.89693298,  10.69360359,  53.9437207 ,  76.3887844 ,    37.85844826,  -0.53536001,   2.52648717], [   7.44069671, -27.28900159, -13.41169319,  23.4503663 ,   6.39468641,    -2.67913517,  15.4059059 ,  -1.50640932, -20.63873844,  37.85844826,    94.10054821,  57.2543591 ,   0.10479114], [  51.50432321,  -2.40061065, -19.68479626,  29.30324584,  21.53826548,     0.27297052,  17.21055767,  20.64193633, -11.50837232,  -0.53536001,    57.2543591 ,  75.4759456 ,  34.43051637], [  45.15807743,  15.89156667, -11.84515967,  25.25646049,  36.85172481,    11.9420676 ,   7.97021966,  26.72731832,  25.44213899,   2.52648717,     0.10479114,  34.43051637,  55.43022874]]
/root/sim/music/601~700/643_Grasp_the_Attack.mp3; [-513.55255  ,  83.13516  ,  -4.2142606,  49.68351  ,  17.269812 ,   17.347858 ,   9.809289 ,   3.1402104,  12.522345 ,  12.085961 ,   -0.962051 ,   0.9260877,  -2.7875276]; [[1618.95829799,-231.55513492, 147.24102266, -91.74657029, -94.59689439,    75.31365178, -34.77782017, 105.29907443, -52.14719952,  52.97979989,    63.43323425,  -4.49601062,  14.11219766], [-231.55513492, 255.60150602,-127.92884598,  38.76902057,  -9.48738101,   -49.50181201,  -1.73294208, -68.38287337,   7.43995848, -16.64124928,   -31.30742029,  -4.05190617, -15.64119889], [ 147.24102266,-127.92884598, 174.25615752,  -7.14919372,  22.28152881,    35.65281276,  -9.45134717,  44.16456126, -23.68986049, -15.94259978,     2.47864623, -10.57780993,   6.79676519], [ -91.74657029,  38.76902057,  -7.14919372,  78.1512462 ,  27.5054631 ,     1.33151307,   9.60030894,  -6.12144075,   7.48617675,   4.01927992,    -0.35111618,   8.9917051 ,   0.96645979], [ -94.59689439,  -9.48738101,  22.28152881,  27.5054631 ,  52.728735  ,    17.06585026,  10.91644934,  -2.68375448,   4.00376155,  -0.58710757,    -2.09344113,   2.54929716,   0.61184388], [  75.31365178, -49.50181201,  35.65281276,   1.33151307,  17.06585026,    48.02157927,  10.03415311,  21.36533841, -11.22242607,   1.93215666,     6.64794888,  -4.03473758,   0.90585263], [ -34.77782017,  -1.73294208,  -9.45134717,   9.60030894,  10.91644934,    10.03415311,  37.88785337,  15.16486008,  16.073646  ,   8.53479418,     5.8259541 ,   3.4671635 ,   1.48230087], [ 105.29907443, -68.38287337,  44.16456126,  -6.12144075,  -2.68375448,    21.36533841,  15.16486008,  59.99971989,  12.17849057,  18.89367969,    15.7188053 ,   1.00352549,   5.33497272], [ -52.14719952,   7.43995848, -23.68986049,   7.48617675,   4.00376155,   -11.22242607,  16.073646  ,  12.17849057,  48.89702077,  27.49515704,    15.20669588,   8.47765027,   1.7906017 ], [  52.97979989, -16.64124928, -15.94259978,   4.01927992,  -0.58710757,     1.93215666,   8.53479418,  18.89367969,  27.49515704,  53.42867203,    27.60538506,  14.20845234,   4.00555719], [  63.43323425, -31.30742029,   2.47864623,  -0.35111618,  -2.09344113,     6.64794888,   5.8259541 ,  15.7188053 ,  15.20669588,  27.60538506,    36.6580899 ,  15.40257472,   7.35016033], [  -4.49601062,  -4.05190617, -10.57780993,   8.9917051 ,   2.54929716,    -4.03473758,   3.4671635 ,   1.00352549,   8.47765027,  14.20845234,    15.40257472,  29.65049011,  13.3284489 ], [  14.11219766, -15.64119889,   6.79676519,   0.96645979,   0.61184388,     0.90585263,   1.48230087,   5.33497272,   1.7906017 ,   4.00555719,     7.35016033,  13.3284489 ,  23.81274941]]
/root/sim/music/601~700/680_午後のカメレオンは星の波動を数えてうたた寝をする.mp3; [-918.7076    , 156.58026   ,  34.41926   ,   4.367427  , -12.47607   ,   -4.6038575 ,  -0.63101196,  -2.556344  ,  -2.3927221 ,  -1.3166871 ,   -1.675947  ,  -0.28034487,  -3.718993  ]; [[20408.210849  ,  709.75305447,  587.01993071, -573.98446262,  -1332.28693296, -632.06627985, -337.28623801, -490.18025629,   -474.86136895, -132.68353997,    3.34189487,  -85.027711  ,   -343.60900963], [  709.75305447, 2801.25601748,  119.02979633, -471.33791401,   -542.63057533, -344.82689609, -249.43337266, -190.29454967,   -214.42471584, -178.80394881, -138.81242323, -105.76817534,    -47.25624689], [  587.01993071,  119.02979633, 1334.3984398 ,  379.96555744,    101.80469691,   97.2424159 ,   33.8521347 ,   -2.45362824,    -18.52318726,  -71.50920673, -108.07787235,  -27.98388476,    -35.26162601], [ -573.98446262, -471.33791401,  379.96555744,  698.24819393,    446.09993365,  164.51615211,   47.43670857,   64.80472274,      2.40467424,  -68.85303727,  -50.30837681,  -13.55921642,    -25.24868436], [-1332.28693296, -542.63057533,  101.80469691,  446.09993365,    676.5820942 ,  306.73227578,   86.34354184,  101.36246077,    107.63697206,   11.21487991,  -31.86755931,  -18.58459559,     20.83628756], [ -632.06627985, -344.82689609,   97.2424159 ,  164.51615211,    306.73227578,  348.51951523,  196.58742267,   78.0278868 ,    152.46601173,  140.58673992,   69.30360168,   19.74744292,    -43.89058313], [ -337.28623801, -249.43337266,   33.8521347 ,   47.43670857,     86.34354184,  196.58742267,  290.2052565 ,  139.34952341,    112.93177108,  138.05250029,   92.08093766,   47.9390037 ,     -8.6214665 ], [ -490.18025629, -190.29454967,   -2.45362824,   64.80472274,    101.36246077,   78.0278868 ,  139.34952341,  273.04295182,    137.57954324,   10.47261889,   -7.86953497,  -12.22974375,    -16.05462291], [ -474.86136895, -214.42471584,  -18.52318726,    2.40467424,    107.63697206,  152.46601173,  112.93177108,  137.57954324,    283.14417535,  146.30524325,   52.05579374,   -6.3901949 ,    -88.97782802], [ -132.68353997, -178.80394881,  -71.50920673,  -68.85303727,     11.21487991,  140.58673992,  138.05250029,   10.47261889,    146.30524325,  288.30011786,  184.37312469,   74.9766261 ,    -58.90881693], [    3.34189487, -138.81242323, -108.07787235,  -50.30837681,    -31.86755931,   69.30360168,   92.08093766,   -7.86953497,     52.05579374,  184.37312469,  247.98468302,  159.68120503,     -0.44425662], [  -85.027711  , -105.76817534,  -27.98388476,  -13.55921642,    -18.58459559,   19.74744292,   47.9390037 ,  -12.22974375,     -6.3901949 ,   74.9766261 ,  159.68120503,  268.85534132,    110.86293642], [ -343.60900963,  -47.25624689,  -35.26162601,  -25.24868436,     20.83628756,  -43.89058313,   -8.6214665 ,  -16.05462291,    -88.97782802,  -58.90881693,   -0.44425662,  110.86293642,    307.79826394]]
/root/sim/music/601~700/683_おうちへ　かーえろ.mp3; [-731.50885  , 140.36177  , -26.74757  ,   2.3965356, -68.580536 ,  -16.791237 , -19.057331 , -17.621975 , -10.224295 ,  13.327749 ,   15.460558 ,  17.35547  ,   2.181621 ]; [[16710.69658329, 1579.74904544, -218.23945717,  168.831929  ,   -442.79177148,  955.79161307,  185.07975054,  179.20766257,   -519.64228171, -484.5469333 , -820.21175892, -406.43503134,   -491.94541272], [ 1579.74904544, 1744.67753625,  117.33087139,   -8.97795864,    130.22010127,  201.1573477 ,  279.03874187,  -79.03588492,   -508.78968646, -629.00692123, -522.6427711 , -331.39728024,    -48.36794503], [ -218.23945717,  117.33087139,  189.37662194,   10.55057037,     91.50675529,   90.50016831,   63.84063326,   40.46263399,      3.69303977,  -49.05428359,  -31.14307567,  -33.90000106,      2.22396487], [  168.831929  ,   -8.97795864,   10.55057037,  407.78054919,     69.91453802,  -68.367674  ,   72.51229878,  140.45687682,     -7.31164054,   52.31130083,  101.75143576,  177.71731559,    211.88613711], [ -442.79177148,  130.22010127,   91.50675529,   69.91453802,    263.38001455,  113.73447185,  122.4263842 ,   82.25836797,     -6.48735054,  -82.81218514,  -68.97451082,  -42.64716086,     26.4039713 ], [  955.79161307,  201.1573477 ,   90.50016831,  -68.367674  ,    113.73447185,  327.4899388 ,   87.76928936,   33.12466293,     22.18252721,  -97.55788327, -124.15040348, -149.77998591,   -149.38238009], [  185.07975054,  279.03874187,   63.84063326,   72.51229878,    122.4263842 ,   87.76928936,  172.08008135,   77.25411965,    -50.37587856, -107.33202062,  -85.57473349,  -34.53696972,     19.32941062], [  179.20766257,  -79.03588492,   40.46263399,  140.45687682,     82.25836797,   33.12466293,   77.25411965,  156.69186232,     80.87205707,   69.78905792,   64.66273903,   66.68527276,     68.34034211], [ -519.64228171, -508.78968646,    3.69303977,   -7.31164054,     -6.48735054,   22.18252721,  -50.37587856,   80.87205707,    360.10438744,  314.10573019,  247.23890324,  132.77062736,    -21.8104811 ], [ -484.5469333 , -629.00692123,  -49.05428359,   52.31130083,    -82.81218514,  -97.55788327, -107.33202062,   69.78905792,    314.10573019,  407.07588922,  312.39275276,  198.23212943,     54.57697805], [ -820.21175892, -522.6427711 ,  -31.14307567,  101.75143576,    -68.97451082, -124.15040348,  -85.57473349,   64.66273903,    247.23890324,  312.39275276,  327.19173892,  231.46781793,    105.02820984], [ -406.43503134, -331.39728024,  -33.90000106,  177.71731559,    -42.64716086, -149.77998591,  -34.53696972,   66.68527276,    132.77062736,  198.23212943,  231.46781793,  270.89548607,    168.74346558], [ -491.94541272,  -48.36794503,    2.22396487,  211.88613711,     26.4039713 , -149.38238009,   19.32941062,   68.34034211,    -21.8104811 ,   54.57697805,  105.02820984,  168.74346558,    233.86792585]]
/root/sim/music/601~700/686_F.oggy_Road.mp3; [-963.863    , 257.0884   ,  47.09459  , -20.482206 , -22.875984 ,  -18.720892 , -16.483034 , -10.829114 ,  -5.756966 ,  -1.1162088,    0.691056 ,  -1.2370894,  -5.5757484]; [[ 8085.48723435, 3353.56999692,-2100.93717082, -814.1705524 ,    224.43857842,   34.3322542 , -419.85694406, -524.31756763,   -548.93614038, -410.01128881, -181.23489793,  151.4745844 ,    304.91500065], [ 3353.56999692, 2250.77785062, -559.13482669, -459.84567837,    101.80772627,   30.1034899 , -144.48658891, -223.96816553,   -252.50439536, -198.80041646,  -81.76655758,   50.77654411,    114.77288469], [-2100.93717082, -559.13482669, 1200.13302849,  414.9733815 ,   -138.79537371,   14.25064604,  177.58865004,  187.59237128,    179.49659002,  139.77876783,   62.88043163,  -59.65277926,   -127.095553  ], [ -814.1705524 , -459.84567837,  414.9733815 ,  384.17787359,     71.10478572,   29.16400301,   80.78905125,   89.13046707,     75.70776569,   47.04496269,    0.06218116,  -35.78555247,    -53.13862394], [  224.43857842,  101.80772627, -138.79537371,   71.10478572,    228.8502141 ,  113.72506426,    5.87171312,  -37.33442717,    -59.97923828,  -74.55968737,  -63.63773765,   -9.94787401,     35.83493284], [   34.3322542 ,   30.1034899 ,   14.25064604,   29.16400301,    113.72506426,  152.48928928,   79.14263544,    1.31223769,    -41.73138222,  -70.53156375,  -70.414444  ,  -22.04191447,     29.75100572], [ -419.85694406, -144.48658891,  177.58865004,   80.78905125,      5.87171312,   79.14263544,  158.68519487,  132.66126772,     52.52312155,  -22.29070897,  -55.35911434,  -43.90008428,     -9.97134068], [ -524.31756763, -223.96816553,  187.59237128,   89.13046707,    -37.33442717,    1.31223769,  132.66126772,  206.84596207,    155.88253996,   40.06195112,  -34.72790093,  -47.85365206,    -27.10238668], [ -548.93614038, -252.50439536,  179.49659002,   75.70776569,    -59.97923828,  -41.73138222,   52.52312155,  155.88253996,    216.47053856,  168.42093776,   58.76908151,  -32.62743566,    -62.81646662], [ -410.01128881, -198.80041646,  139.77876783,   47.04496269,    -74.55968737,  -70.53156375,  -22.29070897,   40.06195112,    168.42093776,  280.07381336,  219.81273177,   22.81445057,   -106.65075393], [ -181.23489793,  -81.76655758,   62.88043163,    0.06218116,    -63.63773765,  -70.414444  ,  -55.35911434,  -34.72790093,     58.76908151,  219.81273177,  262.86236482,  102.97471748,    -69.58513556], [  151.4745844 ,   50.77654411,  -59.65277926,  -35.78555247,     -9.94787401,  -22.04191447,  -43.90008428,  -47.85365206,    -32.62743566,   22.81445057,  102.97471748,  132.70105866,     68.80138958], [  304.91500065,  114.77288469, -127.095553  ,  -53.13862394,     35.83493284,   29.75100572,   -9.97134068,  -27.10238668,    -62.81646662, -106.65075393,  -69.58513556,   68.80138958,    167.02543128]]
/root/sim/music/601~700/661_明かりを灯して.mp3; [-852.9003   , 274.23822  ,   4.8303347, -19.612978 ,  -6.858054 ,  -17.146559 , -20.264425 ,  -6.7444954, -10.238937 , -11.762292 ,   -8.369587 ,  -3.75633  ,  -4.8892255]; [[ 7910.22204248, 3195.85116723,-1373.96080388, -646.01011737,     19.08498692, -237.89299761, -355.85125587,   65.89060607,    -36.84245789,  -73.10159675,  -29.83020583,   40.37978316,    -63.8777428 ], [ 3195.85116723, 2608.5922527 , -446.76379625, -459.76994489,     67.28477319,  -79.43627253, -109.24511631,   52.91879615,     -1.55890999,  -69.97922397,  -24.2999465 ,  -22.22748422,    -36.04812294], [-1373.96080388, -446.76379625, 1051.19506706,  200.54942979,   -210.88992422,  211.18075025,  168.32782761,  -60.89028607,     60.63556639,   70.19551325,  -60.32198381,  -61.04382628,     -9.98966086], [ -646.01011737, -459.76994489,  200.54942979,  244.53032086,     23.28163994,   25.43564123,   67.6639857 ,   -1.83605099,      2.83139773,   45.82505101,   13.04294615,   -2.3251103 ,      7.95150499], [   19.08498692,   67.28477319, -210.88992422,   23.28163994,    252.32808195,   34.28246703,  -29.83536758,   73.4069288 ,     16.65582117,  -20.61548697,   41.99354159,   21.12640212,     17.24948311], [ -237.89299761,  -79.43627253,  211.18075025,   25.43564123,     34.28246703,  166.97764329,   78.61665604,   12.82562967,     38.22219345,   20.35924653,   -1.80346563,   -0.23397798,      8.87176893], [ -355.85125587, -109.24511631,  168.32782761,   67.6639857 ,    -29.83536758,   78.61665604,  150.09003892,   34.28400627,      6.14173059,   31.5069548 ,    6.92101667,   -6.15388828,      0.32767843], [   65.89060607,   52.91879615,  -60.89028607,   -1.83605099,     73.4069288 ,   12.82562967,   34.28400627,  118.68545208,     36.71919735,  -21.97007694,   17.3375283 ,    2.32671309,     -9.11172459], [  -36.84245789,   -1.55890999,   60.63556639,    2.83139773,     16.65582117,   38.22219345,    6.14173059,   36.71919735,     97.85831544,   41.13643569,  -21.46199876,   -9.71700506,      5.90505613], [  -73.10159675,  -69.97922397,   70.19551325,   45.82505101,    -20.61548697,   20.35924653,   31.5069548 ,  -21.97007694,     41.13643569,  104.05223464,   16.14841345,   -7.53497194,     13.14421365], [  -29.83020583,  -24.2999465 ,  -60.32198381,   13.04294615,     41.99354159,   -1.80346563,    6.92101667,   17.3375283 ,    -21.46199876,   16.14841345,   86.83155507,   36.53622124,     -7.46826664], [   40.37978316,  -22.22748422,  -61.04382628,   -2.3251103 ,     21.12640212,   -0.23397798,   -6.15388828,    2.32671309,     -9.71700506,   -7.53497194,   36.53622124,   71.12567748,     32.6543029 ], [  -63.8777428 ,  -36.04812294,   -9.98966086,    7.95150499,     17.24948311,    8.87176893,    0.32767843,   -9.11172459,      5.90505613,   13.14421365,   -7.46826664,   32.6543029 ,     80.33582336]]
/root/sim/music/601~700/644_Regret.mp3; [-923.18427 , 259.60315 ,  26.501253, -24.57553 ,  -9.891836,  -9.220724,  -18.235046, -16.595936, -14.019416, -13.64576 , -14.186762,  -9.494932,   -8.522262]; [[18711.45778543, 9628.59129745,-1972.61704846,-1632.72992324,    405.12782566,  325.82378993, -664.33597899, -589.6391877 ,   -459.661873  , -235.02896807, -124.59112046, -131.4024396 ,   -234.1084787 ], [ 9628.59129745, 6852.08085667, -624.88870266,-1106.74465279,    227.26372058,   73.05388124, -417.7790198 , -374.60789354,   -301.25408712, -216.88100722, -177.57555411, -132.63757733,   -160.89672733], [-1972.61704846, -624.88870266,  923.80071798,  317.48985415,   -278.78595681, -161.01912348,   14.94437211,  -15.67807992,    -24.55862772,  -74.31702442,  -81.67566708,  -29.8260339 ,    -13.82562334], [-1632.72992324,-1106.74465279,  317.48985415,  329.93605563,    -91.76851035,  -93.09082788,   37.72371765,   35.8725652 ,     10.15738457,    4.30232165,   18.70920757,   26.44944317,     29.47630025], [  405.12782566,  227.26372058, -278.78595681,  -91.76851035,    172.92196168,   92.04929697,    3.20268363,    6.61310491,     10.63495919,   13.17942379,    7.67820024,   -5.14017798,     -2.83154108], [  325.82378993,   73.05388124, -161.01912348,  -93.09082788,     92.04929697,  161.04787453,   66.69178123,   15.11113234,     18.16662712,    8.46753199,  -19.97754677,  -39.68410889,    -33.09500801], [ -664.33597899, -417.7790198 ,   14.94437211,   37.72371765,      3.20268363,   66.69178123,  119.22023854,   73.19098524,     33.69469607,   19.70642379,   -7.6404976 ,  -31.33939553,    -16.67477426], [ -589.6391877 , -374.60789354,  -15.67807992,   35.8725652 ,      6.61310491,   15.11113234,   73.19098524,   89.0185414 ,     60.70075534,   17.62201199,  -12.74154575,  -22.55627418,    -12.01999879], [ -459.661873  , -301.25408712,  -24.55862772,   10.15738457,     10.63495919,   18.16662712,   33.69469607,   60.70075534,     80.65734007,   40.24898116,  -13.10455816,  -24.97082826,    -10.98376933], [ -235.02896807, -216.88100722,  -74.31702442,    4.30232165,     13.17942379,    8.46753199,   19.70642379,   17.62201199,     40.24898116,   70.35739769,   46.73782686,    9.20235542,      9.80670586], [ -124.59112046, -177.57555411,  -81.67566708,   18.70920757,      7.67820024,  -19.97754677,   -7.6404976 ,  -12.74154575,    -13.10455816,   46.73782686,   95.36651205,   75.97702486,     40.00755872], [ -131.4024396 , -132.63757733,  -29.8260339 ,   26.44944317,     -5.14017798,  -39.68410889,  -31.33939553,  -22.55627418,    -24.97082826,    9.20235542,   75.97702486,  104.06107346,     66.88021095], [ -234.1084787 , -160.89672733,  -13.82562334,   29.47630025,     -2.83154108,  -33.09500801,  -16.67477426,  -12.01999879,    -10.98376933,    9.80670586,   40.00755872,   66.88021095,     70.98181542]]
