/root/sim/music/601~700/626_顔のない群衆.mp3; [-828.19977  , 253.53568  , -21.610786 , -20.686672 , -25.228357 ,   -9.241484 , -22.636627 , -10.271982 ,  -5.4985957, -24.991665 ,  -14.516225 ,  -3.5352352, -16.693985 ]; [[12595.11749674,  428.86589613,-3165.39840034,  955.3071998 ,   -683.88817245,  281.66279308, -730.29987837,   79.11474746,    152.55808055, -571.64071908,   71.25998279,  450.86380635,   -412.14210013], [  428.86589613, 2030.98175565, -127.86307943, -503.82333484,    263.19434557,  -87.09296436,  -73.41259693, -143.04994916,     58.2858267 ,  -39.6360045 , -110.07116975,  -41.75567082,     74.47767786], [-3165.39840034, -127.86307943, 1321.97135928, -305.50488716,     45.58691696,  -60.59433689,  226.41513093,   12.96177752,   -107.18402958,  180.51066374,   -7.55987262, -162.50909742,     70.05362782], [  955.3071998 , -503.82333484, -305.50488716,  463.54181824,    -92.82036114,    3.13939129,  -79.41393028,   59.11990145,     36.3236419 ,  -85.93383355,   16.6071694 ,   74.85737813,    -63.99050253], [ -683.88817245,  263.19434557,   45.58691696,  -92.82036114,    334.13489504,  -46.1568466 ,  -83.95125198,  -50.17609656,     65.97502264,   43.45705975,  -52.14287223,    6.10892488,    139.09540723], [  281.66279308,  -87.09296436,  -60.59433689,    3.13939129,    -46.1568466 ,  196.94550631,   57.79050769,  -56.69294574,     -3.87599253,   47.03101484,   11.98853098,  -13.34490572,    -52.55913265], [ -730.29987837,  -73.41259693,  226.41513093,  -79.41393028,    -83.95125198,   57.79050769,  266.45145739,   56.46086668,    -98.72477697,    2.86975838,   32.58002674,  -43.02898063,   -112.37101934], [   79.11474746, -143.04994916,   12.96177752,   59.11990145,    -50.17609656,  -56.69294574,   56.46086668,  187.11662183,    -55.52322335,  -76.28291311,   26.12864843,   18.33570004,    -26.37021059], [  152.55808055,   58.2858267 , -107.18402958,   36.3236419 ,     65.97502264,   -3.87599253,  -98.72477697,  -55.52322335,    167.61986878,   51.96143487,  -50.27232767,   -3.00058585,     42.0396516 ], [ -571.64071908,  -39.6360045 ,  180.51066374,  -85.93383355,     43.45705975,   47.03101484,    2.86975838,  -76.28291311,     51.96143487,  163.05691193,    0.81753977,  -50.84778673,     34.97826814], [   71.25998279, -110.07116975,   -7.55987262,   16.6071694 ,    -52.14287223,   11.98853098,   32.58002674,   26.12864843,    -50.27232767,    0.81753977,  143.18591193,   19.68089618,    -26.66721066], [  450.86380635,  -41.75567082, -162.50909742,   74.85737813,      6.10892488,  -13.34490572,  -43.02898063,   18.33570004,     -3.00058585,  -50.84778673,   19.68089618,  119.6177935 ,     29.22257988], [ -412.14210013,   74.47767786,   70.05362782,  -63.99050253,    139.09540723,  -52.55913265, -112.37101934,  -26.37021059,     42.0396516 ,   34.97826814,  -26.66721066,   29.22257988,    237.14782652]]
/root/sim/music/601~700/654_忘れてたー！.mp3; [-607.78094   ,  90.00447   ,  -9.327433  ,  22.820438  ,  -3.9947307 ,  -10.436474  ,  -4.2137184 ,  -6.505013  ,  -7.0522194 ,   0.2069255 ,   -0.21617608,   1.6886156 ,   1.3877382 ]; [[15365.5070513 , -544.26847007,  263.19103469,  243.46605472,   -378.50162064, -788.93820136, -172.99078732,  -50.35652524,   -224.74308537,   79.45257491, -166.64100146,  -20.86469513,    167.51859219], [ -544.26847007, 2189.40757682,  218.05569163,  -68.24105811,    173.91256711,  118.87223549,  143.1801361 ,  202.22596849,     97.38232664,   41.69802528,   28.90784706,   22.71597047,     50.96552094], [  263.19103469,  218.05569163,  727.15073361,  194.6168235 ,    166.42447542,   -7.53677506,  226.74690179,   85.20867493,    -83.02571736,   39.14339404,  -24.99714587,  -39.41666679,     11.31781648], [  243.46605472,  -68.24105811,  194.6168235 ,  279.2758128 ,     64.28313167,    8.86145849,  104.92469057,   58.27604146,    -29.8561589 ,  -18.74515286,  -33.78280863,  -27.94012723,      0.59750162], [ -378.50162064,  173.91256711,  166.42447542,   64.28313167,    212.6310378 ,  123.68467776,  107.51924989,   55.52443801,     15.63055728,  -10.53792643,  -14.98333613,   -6.39439539,    -12.23455868], [ -788.93820136,  118.87223549,   -7.53677506,    8.86145849,    123.68467776,  336.2640016 ,   90.76994169,   22.25709958,     80.36438468,  -26.16409817,   27.04529485,  -19.34375253,    -39.68796062], [ -172.99078732,  143.1801361 ,  226.74690179,  104.92469057,    107.51924989,   90.76994169,  208.55960937,  104.3520505 ,    -26.22795575,  -17.19511557,  -34.72295782,  -27.79212597,    -13.75810798], [  -50.35652524,  202.22596849,   85.20867493,   58.27604146,     55.52443801,   22.25709958,  104.3520505 ,  171.15143379,     67.04964902,    8.60068422,  -21.46380866,   -6.07964023,     16.48746291], [ -224.74308537,   97.38232664,  -83.02571736,  -29.8561589 ,     15.63055728,   80.36438468,  -26.22795575,   67.04964902,    200.9006756 ,   91.09099185,   71.12765668,   17.63306813,     -9.24879839], [   79.45257491,   41.69802528,   39.14339404,  -18.74515286,    -10.53792643,  -26.16409817,  -17.19511557,    8.60068422,     91.09099185,  180.82795883,  122.55285441,   36.13090346,      4.72450736], [ -166.64100146,   28.90784706,  -24.99714587,  -33.78280863,    -14.98333613,   27.04529485,  -34.72295782,  -21.46380866,     71.12765668,  122.55285441,  165.1635853 ,   54.60332933,     -0.17111866], [  -20.86469513,   22.71597047,  -39.41666679,  -27.94012723,     -6.39439539,  -19.34375253,  -27.79212597,   -6.07964023,     17.63306813,   36.13090346,   54.60332933,   91.9258938 ,     44.94858628], [  167.51859219,   50.96552094,   11.31781648,    0.59750162,    -12.23455868,  -39.68796062,  -13.75810798,   16.48746291,     -9.24879839,    4.72450736,   -0.17111866,   44.94858628,    102.89861309]]
/root/sim/music/601~700/700_Asymmetry.mp3; [-745.8648    , 236.04808   ,  29.18175   ,  -7.7359414 , -19.316673  ,   -8.044502  ,  -6.3566084 ,  -0.46986887,  -9.944764  , -14.66877   ,   -9.757968  ,  -2.9468021 ,   0.2448336 ]; [[18242.50969627,-2732.75230924, -515.39936474, 2027.92081454,   2052.36363582, 1746.56293759,  866.50696288, 1075.82700187,    547.95330924,  401.49545694,  583.6063246 , 1116.54568375,    961.41128327], [-2732.75230924, 4586.43898816,  112.91278786, -916.89340134,   -740.72244819, -503.39838509, -253.09096456, -308.56272381,   -258.13441651, -239.52844107, -178.48684724, -418.81282505,   -339.65524029], [ -515.39936474,  112.91278786, 1518.81445337,  276.09735918,    143.11107127,  199.42116882,  111.58183695,   -6.91475533,    178.43792797,  249.67780326,   95.63938173,   61.93043489,    -26.52740712], [ 2027.92081454, -916.89340134,  276.09735918,  777.48369108,    553.05597027,  437.1046748 ,  257.94464147,  291.91748523,    170.61372165,  169.93699586,  208.40827537,  277.95011145,    220.9111986 ], [ 2052.36363582, -740.72244819,  143.11107127,  553.05597027,    808.42043419,  535.90309286,  242.87243766,  249.36064074,    201.99094369,  197.63822741,  210.49077584,  373.48243743,    302.08850584], [ 1746.56293759, -503.39838509,  199.42116882,  437.1046748 ,    535.90309286,  547.6766031 ,  263.14830753,  200.29601504,     99.99295603,  164.94509854,  199.78701743,  236.21121122,    242.13136037], [  866.50696288, -253.09096456,  111.58183695,  257.94464147,    242.87243766,  263.14830753,  266.16927191,  161.33601843,     36.32939497,   64.57170405,  117.25417059,  133.80474133,    123.72268666], [ 1075.82700187, -308.56272381,   -6.91475533,  291.91748523,    249.36064074,  200.29601504,  161.33601843,  262.66855971,    164.73631167,   21.57129681,   61.17200028,  116.86835401,    123.97593459], [  547.95330924, -258.13441651,  178.43792797,  170.61372165,    201.99094369,   99.99295603,   36.32939497,  164.73631167,    359.06356377,  145.16687096,  -15.10442312,   53.65409508,     22.70196526], [  401.49545694, -239.52844107,  249.67780326,  169.93699586,    197.63822741,  164.94509854,   64.57170405,   21.57129681,    145.16687096,  330.62202791,  150.74797358,   40.85497776,     18.29100065], [  583.6063246 , -178.48684724,   95.63938173,  208.40827537,    210.49077584,  199.78701743,  117.25417059,   61.17200028,    -15.10442312,  150.74797358,  226.87461079,  129.91673685,     51.10109754], [ 1116.54568375, -418.81282505,   61.93043489,  277.95011145,    373.48243743,  236.21121122,  133.80474133,  116.86835401,     53.65409508,   40.85497776,  129.91673685,  349.1825988 ,    155.75275639], [  961.41128327, -339.65524029,  -26.52740712,  220.9111986 ,    302.08850584,  242.13136037,  123.72268666,  123.97593459,     22.70196526,   18.29100065,   51.10109754,  155.75275639,    370.04201505]]
/root/sim/music/601~700/699_驚愕の真実.mp3; [-815.4817    , 251.67065   , -32.54172   ,   6.006007  ,  11.062099  ,    1.37789   ,  -7.0793543 ,   5.1428113 ,  16.399168  ,   8.547279  ,   -0.44234398,  -1.5328658 , -10.795123  ]; [[30191.72483435,10455.68466783,-5013.15194796, 1346.66172515,   -167.26479515,  156.54151427,   -2.61710868,  166.85663912,    666.08539419,  359.81400761,  -72.88265363,   48.7455683 ,   -268.66382131], [10455.68466783, 7953.02415278, -843.9549307 , -175.97375969,   1061.79990696,   54.77923967, -280.30468153,   37.20288468,    477.36282014,  106.60372463,  -71.68065754,   -4.12379776,   -440.94431206], [-5013.15194796, -843.9549307 , 1499.66198025, -450.47503122,    248.42503181,    9.23950278,  -78.21180129,   -7.32243252,    -29.02672383,  -76.93408419,  -21.50447023,  -10.673438  ,    -38.25185149], [ 1346.66172515, -175.97375969, -450.47503122,  477.61819311,   -135.68874821,  -62.94871806,  116.38043187,  -61.66100686,    -31.49111412,  -20.18999179,  -13.24477334,  -41.52562435,    -20.08047487], [ -167.26479515, 1061.79990696,  248.42503181, -135.68874821,    520.65024713,   -7.1044108 ,  -90.96557836,  -21.08456984,     38.10924705,  -65.3145543 ,  -37.85843027,   -9.46834135,   -119.75027786], [  156.54151427,   54.77923967,    9.23950278,  -62.94871806,     -7.1044108 ,   85.36007512,  -22.38676545,   23.95999263,     26.82437798,    0.29663822,    7.03156323,   25.99190091,     29.71294054], [   -2.61710868, -280.30468153,  -78.21180129,  116.38043187,    -90.96557836,  -22.38676545,  106.75296704,  -15.03624231,    -16.29602969,    9.87270644,    9.61702466,   19.45998062,     22.31785239], [  166.85663912,   37.20288468,   -7.32243252,  -61.66100686,    -21.08456984,   23.95999263,  -15.03624231,   74.3450042 ,     20.38391803,   27.17463796,    8.02357434,   17.29392862,     29.21046851], [  666.08539419,  477.36282014,  -29.02672383,  -31.49111412,     38.10924705,   26.82437798,  -16.29602969,   20.38391803,     80.55850065,   21.54780368,   -4.4601691 ,   18.6372223 ,     -9.05292469], [  359.81400761,  106.60372463,  -76.93408419,  -20.18999179,    -65.3145543 ,    0.29663822,    9.87270644,   27.17463796,     21.54780368,   65.41836912,   20.94976837,   20.71135921,     19.40589412], [  -72.88265363,  -71.68065754,  -21.50447023,  -13.24477334,    -37.85843027,    7.03156323,    9.61702466,    8.02357434,     -4.4601691 ,   20.94976837,   49.73794279,   19.47135944,     12.529503  ], [   48.7455683 ,   -4.12379776,  -10.673438  ,  -41.52562435,     -9.46834135,   25.99190091,   19.45998062,   17.29392862,     18.6372223 ,   20.71135921,   19.47135944,   69.58019008,     30.84303684], [ -268.66382131, -440.94431206,  -38.25185149,  -20.08047487,   -119.75027786,   29.71294054,   22.31785239,   29.21046851,     -9.05292469,   19.40589412,   12.529503  ,   30.84303684,     83.84230672]]
/root/sim/music/601~700/652_海風の通り道.mp3; [-684.4988   , 178.30583  ,  -8.335079 ,  15.40533  ,   7.3896637,    4.8719373,  -9.35832  ,  -8.061237 ,  -7.8733954,   0.4198082,   -9.769643 , -14.699612 ,  -9.972926 ]; [[ 8567.34347325,-1551.13611818,  -85.17193045,  382.54938796,   -123.60569776,   36.99490339,  -31.05776303,  133.44740925,    123.2321937 ,   -7.81657805,  116.37248836,   23.17765638,    122.43930149], [-1551.13611818, 1880.48857892, -771.04688721,  208.03397897,     43.51494843,   47.66404603,   48.21076325,  -30.94648959,      0.51780681,  -96.76744678,   36.84120519,  -30.37123726,    -82.25539634], [  -85.17193045, -771.04688721,  801.45548179, -149.32015654,    103.93478055,  -14.59537812,    7.98546348,   10.80691588,    -73.75461965,   19.11835077,   -9.46407851,   36.77981463,      1.87051657], [  382.54938796,  208.03397897, -149.32015654,  265.23061215,    -78.48889544,   -1.86626527,   11.82343286,   -8.90912563,    -13.20748368,  -76.57351996,   44.06441414,   -3.4955809 ,    -24.01454606], [ -123.60569776,   43.51494843,  103.93478055,  -78.48889544,    142.03696398,   31.07708226,    2.13981859,   16.27777149,     -6.46774273,    8.22933374,  -10.50712387,   12.80346674,      8.87858549], [   36.99490339,   47.66404603,  -14.59537812,   -1.86626527,     31.07708226,   68.05328115,   16.6045961 ,    8.56971861,     15.02503004,    9.66969163,    7.63008492,   -6.5658244 ,      9.10147942], [  -31.05776303,   48.21076325,    7.98546348,   11.82343286,      2.13981859,   16.6045961 ,   49.82227528,   22.13586535,      0.41806618,   -8.04010485,    0.92177095,    2.9305841 ,      4.28869105], [  133.44740925,  -30.94648959,   10.80691588,   -8.90912563,     16.27777149,    8.56971861,   22.13586535,   49.03472109,     16.36818449,   -2.52378164,    0.71966725,   16.86634821,     27.94486252], [  123.2321937 ,    0.51780681,  -73.75461965,  -13.20748368,     -6.46774273,   15.02503004,    0.41806618,   16.36818449,     62.3484134 ,   36.3150352 ,   -4.34127112,   -6.2642829 ,     18.84480345], [   -7.81657805,  -96.76744678,   19.11835077,  -76.57351996,      8.22933374,    9.66969163,   -8.04010485,   -2.52378164,     36.3150352 ,   99.35326898,   28.74778181,    5.81878384,     13.31924077], [  116.37248836,   36.84120519,   -9.46407851,   44.06441414,    -10.50712387,    7.63008492,    0.92177095,    0.71966725,     -4.34127112,   28.74778181,   85.35547653,   38.60444863,      0.82597182], [   23.17765638,  -30.37123726,   36.77981463,   -3.4955809 ,     12.80346674,   -6.5658244 ,    2.9305841 ,   16.86634821,     -6.2642829 ,    5.81878384,   38.60444863,   63.50060604,     24.4939301 ], [  122.43930149,  -82.25539634,    1.87051657,  -24.01454606,      8.87858549,    9.10147942,    4.28869105,   27.94486252,     18.84480345,   13.31924077,    0.82597182,   24.4939301 ,     61.9768164 ]]
/root/sim/music/601~700/603_身を縛る鎖は過去的なBGM.mp3; [-908.08984  , 249.33398  ,  20.943398 ,   2.5341144,   1.9425431,    1.5674696, -10.664625 , -16.21412  , -10.831044 ,  -6.291646 ,  -10.320147 ,  -8.435687 ,  -6.7589297]; [[16165.73028376, 1960.95666262,-4102.76099604, 1462.314573  ,   -795.15569223, -881.04320335, -159.03044202,  117.4833317 ,    -68.00961717,  -98.5598237 , -340.35830639,  324.50308122,    262.18124891], [ 1960.95666262, 2962.2759612 ,  327.51838362, -641.72760612,    255.28428425,  270.14743895,  -47.67368182,  -77.59201243,     71.85180737,   81.07119876,   80.18682734,   -0.21766324,     34.02606348], [-4102.76099604,  327.51838362, 1836.45829035, -519.44655407,    253.76243996,  445.77387412,   96.97304357,  -57.47161251,     58.19313069,  102.06483282,  154.86753722,  -70.14178447,    -70.18004937], [ 1462.314573  , -641.72760612, -519.44655407,  701.74586955,   -141.19935717, -202.75202531,   85.41533486,   92.22349565,    -30.15530459,  -20.89411456,  -35.99587459,   78.55283127,     70.06394269], [ -795.15569223,  255.28428425,  253.76243996, -141.19935717,    248.46953776,  155.53016748,   25.62235262,   25.04884157,     53.57257639,   41.6443643 ,   63.40961598,   17.09137416,     36.32322016], [ -881.04320335,  270.14743895,  445.77387412, -202.75202531,    155.53016748,  275.32551098,   86.9262005 ,    5.06190885,     62.9797275 ,   84.50082684,   87.97140732,   16.84986317,     18.63222001], [ -159.03044202,  -47.67368182,   96.97304357,   85.41533486,     25.62235262,   86.9262005 ,  138.36247317,   59.37710692,     15.90886206,   47.69550838,   56.27187302,   35.54554594,     27.1416515 ], [  117.4833317 ,  -77.59201243,  -57.47161251,   92.22349565,     25.04884157,    5.06190885,   59.37710692,   97.7429241 ,     41.70622558,   13.37921797,   21.31810331,   38.65629224,     42.95704374], [  -68.00961717,   71.85180737,   58.19313069,  -30.15530459,     53.57257639,   62.9797275 ,   15.90886206,   41.70622558,    107.56358747,   47.05170222,    2.15848852,   29.93542499,     48.42677644], [  -98.5598237 ,   81.07119876,  102.06483282,  -20.89411456,     41.6443643 ,   84.50082684,   47.69550838,   13.37921797,     47.05170222,   84.76825642,   50.47378968,   22.10481939,     30.31023072], [ -340.35830639,   80.18682734,  154.86753722,  -35.99587459,     63.40961598,   87.97140732,   56.27187302,   21.31810331,      2.15848852,   50.47378968,  112.19360221,   39.42398982,      3.02204663], [  324.50308122,   -0.21766324,  -70.14178447,   78.55283127,     17.09137416,   16.84986317,   35.54554594,   38.65629224,     29.93542499,   22.10481939,   39.42398982,   84.72914244,     54.15374169], [  262.18124891,   34.02606348,  -70.18004937,   70.06394269,     36.32322016,   18.63222001,   27.1416515 ,   42.95704374,     48.42677644,   30.31023072,    3.02204663,   54.15374169,    102.98545292]]
/root/sim/music/601~700/666_雨上がりの空気の匂いが好きなの.mp3; [-1078.9907   ,  179.03098  ,   50.157356 ,   -6.2738843,  -15.3824   ,   -10.015158 ,   -1.3672874,    5.233924 ,    7.1502576,    5.663089 ,     4.209453 ,    1.6090997,   -1.0588547]; [[ 6939.35792753, 4937.08952414, -624.11442754,-1441.51415683,  -1202.66599431, -881.86874703, -526.60037965, -229.837704  ,    -37.37835593,   18.20477072,  136.81072251,  143.23895446,     -5.82126435], [ 4937.08952414, 4151.18856283,  299.73234351, -941.38505044,   -972.59785942, -680.74629817, -404.42548482, -207.53720071,    -51.97439749,   16.85988825,   87.88032318,   77.43051186,    -32.78801941], [ -624.11442754,  299.73234351, 1370.91068832,  816.39860262,    242.11896822,   60.59211586, -145.59602826, -284.87070024,   -188.31673832,  -56.89106125,  -76.54981924, -126.89015945,   -121.17094438], [-1441.51415683, -941.38505044,  816.39860262, 1583.40158761,   1299.81353428,  390.33936581, -393.71521356, -650.78645866,   -436.70510357, -130.54904776, -143.82210212, -283.49224099,   -210.11134638], [-1202.66599431, -972.59785942,  242.11896822, 1299.81353428,   1627.52176121,  691.57424278, -402.54917663, -778.70779026,   -529.86250108, -146.33460754, -151.55008352, -324.14166083,   -225.56643009], [ -881.86874703, -680.74629817,   60.59211586,  390.33936581,    691.57424278,  679.3472032 ,  160.89565067, -292.70788699,   -290.75035492, -122.24206473, -130.33186488, -176.07507328,    -96.99545894], [ -526.60037965, -404.42548482, -145.59602826, -393.71521356,   -402.54917663,  160.89565067,  617.1547717 ,  500.85088225,    137.17180533,  -75.55706092,  -79.66960521,   45.25351347,    111.08582833], [ -229.837704  , -207.53720071, -284.87070024, -650.78645866,   -778.70779026, -292.70788699,  500.85088225,  869.7040988 ,    528.54599195,   37.56804062,  -47.84527596,  130.73704562,    194.93326164], [  -37.37835593,  -51.97439749, -188.31673832, -436.70510357,   -529.86250108, -290.75035492,  137.17180533,  528.54599195,    583.3446442 ,  244.37550358,  -15.58492537,   16.14555937,    120.07466134], [   18.20477072,   16.85988825,  -56.89106125, -130.54904776,   -146.33460754, -122.24206473,  -75.55706092,   37.56804062,    244.37550358,  295.21460294,   92.88477428,  -47.11616159,     33.76825612], [  136.81072251,   87.88032318,  -76.54981924, -143.82210212,   -151.55008352, -130.33186488,  -79.66960521,  -47.84527596,    -15.58492537,   92.88477428,  207.98585224,  155.70557824,     24.16294607], [  143.23895446,   77.43051186, -126.89015945, -283.49224099,   -324.14166083, -176.07507328,   45.25351347,  130.73704562,     16.14555937,  -47.11616159,  155.70557824,  305.75700899,    117.37348311], [   -5.82126435,  -32.78801941, -121.17094438, -210.11134638,   -225.56643009,  -96.99545894,  111.08582833,  194.93326164,    120.07466134,   33.76825612,   24.16294607,  117.37348311,    171.97980192]]
/root/sim/music/601~700/670_Freedom_City.mp3; [-762.0583   , 190.63481  , -20.212557 ,  21.117935 ,  -9.500191 ,    3.932059 ,  -5.760117 ,   2.5519936,  -4.5404406,  -2.9620848,   -6.378371 ,  -5.7619576,  -4.2251086]; [[10652.46245968, 1851.14302246, -339.66473172,  626.19943295,    167.08074534,  614.37731215,  428.98383485,  561.06191923,    281.87350032,  304.19116509,  217.4611588 ,  206.73113802,     68.3933284 ], [ 1851.14302246, 1529.13294272,  507.4242879 ,  358.37130807,    421.48806757,  383.3827164 ,  360.0019323 ,  298.72002805,    297.96221213,  214.73787743,  177.88465445,  148.84104119,    130.71835538], [ -339.66473172,  507.4242879 ,  952.53923372,  383.55808693,    487.30718526,  350.55832855,  325.0841659 ,  265.47414324,    275.69698712,  252.30213232,  212.96130009,  198.13940077,    167.4056457 ], [  626.19943295,  358.37130807,  383.55808693,  459.13065939,    289.39058547,  254.6197417 ,  213.89544759,  181.65816127,    187.23838045,  165.50965222,  156.64062894,  129.34460765,     87.66849216], [  167.08074534,  421.48806757,  487.30718526,  289.39058547,    445.27110244,  321.81895276,  287.74623236,  218.14517489,    197.44007634,  173.71348057,  157.79285924,  151.14242751,    134.9755086 ], [  614.37731215,  383.3827164 ,  350.55832855,  254.6197417 ,    321.81895276,  340.06760922,  275.26715364,  206.76635918,    178.2352846 ,  145.51217191,  136.20409611,  118.88772156,     93.85702057], [  428.98383485,  360.0019323 ,  325.0841659 ,  213.89544759,    287.74623236,  275.26715364,  305.29300989,  221.34198987,    185.58411268,  137.01176153,  115.57256109,  113.14939289,     92.10869941], [  561.06191923,  298.72002805,  265.47414324,  181.65816127,    218.14517489,  206.76635918,  221.34198987,  238.0920987 ,    170.80770304,  126.74225553,   92.94923148,   81.10873541,     80.86398183], [  281.87350032,  297.96221213,  275.69698712,  187.23838045,    197.44007634,  178.2352846 ,  185.58411268,  170.80770304,    210.94190319,  147.42488128,  103.82593274,   77.91917303,     52.36441534], [  304.19116509,  214.73787743,  252.30213232,  165.50965222,    173.71348057,  145.51217191,  137.01176153,  126.74225553,    147.42488128,  175.14343053,  123.82933313,   92.59449952,     60.99823572], [  217.4611588 ,  177.88465445,  212.96130009,  156.64062894,    157.79285924,  136.20409611,  115.57256109,   92.94923148,    103.82593274,  123.82933313,  154.65047743,  109.20553208,     57.93998323], [  206.73113802,  148.84104119,  198.13940077,  129.34460765,    151.14242751,  118.88772156,  113.14939289,   81.10873541,     77.91917303,   92.59449952,  109.20553208,  153.89885254,    102.9181083 ], [   68.3933284 ,  130.71835538,  167.4056457 ,   87.66849216,    134.9755086 ,   93.85702057,   92.10869941,   80.86398183,     52.36441534,   60.99823572,   57.93998323,  102.9181083 ,    143.03764429]]
/root/sim/music/601~700/616_美味いキノコにゃ毒がある.mp3; [-676.0716    , 153.68037   ,   5.336471  ,  29.057638  , -13.619679  ,    4.4769683 ,  -7.54921   , -12.108687  ,  -0.09915998,   6.8741117 ,   -6.1387577 ,   1.3856837 ,   0.50396097]; [[25928.1315783 , 2659.16247187,  108.00450271,  773.17057935,   -838.15009304, -269.28938991, -597.40350491, -556.00269083,    -85.21679727,  317.85867719, -298.56539835, -135.72170729,   -434.03664482], [ 2659.16247187, 3176.10381356,  121.14030251,  290.71766223,     31.29365665,  313.27392277,   93.28315091, -108.66101085,    141.13145178,  136.40177544,   16.33452627,  123.21719201,    151.11596994], [  108.00450271,  121.14030251,  408.25232931,   12.33523135,    177.55723915,  109.8278226 ,   76.4084053 ,   99.97853972,     89.04229606,  -62.84152551,   73.74374444,   20.86219628,     58.73756481], [  773.17057935,  290.71766223,   12.33523135,  415.5661898 ,     76.72654609,   98.15132851,   85.53989312,   80.11292072,     47.73021695,   67.939258  ,    0.79331587,   47.49278973,     81.11342974], [ -838.15009304,   31.29365665,  177.55723915,   76.72654609,    300.78681184,  101.59494847,   98.85662614,  133.55255091,     31.25479187,  -54.98298071,   82.09632531,   19.90591658,     85.21780534], [ -269.28938991,  313.27392277,  109.8278226 ,   98.15132851,    101.59494847,  247.25534797,  125.51937655,   88.35067781,     99.67424354,   -3.63509856,   33.02393423,   34.31350772,     74.78159999], [ -597.40350491,   93.28315091,   76.4084053 ,   85.53989312,     98.85662614,  125.51937655,  226.6818028 ,   93.84788899,     49.66634742,   26.32440865,    1.16258568,   38.43668605,     91.98744677], [ -556.00269083, -108.66101085,   99.97853972,   80.11292072,    133.55255091,   88.35067781,   93.84788899,  214.47183016,     24.71638212,  -55.1502588 ,   47.74932242,   -6.53470065,     83.1933698 ], [  -85.21679727,  141.13145178,   89.04229606,   47.73021695,     31.25479187,   99.67424354,   49.66634742,   24.71638212,    170.1083891 ,   20.76654361,  -12.38489918,   22.58352228,     20.99983062], [  317.85867719,  136.40177544,  -62.84152551,   67.939258  ,    -54.98298071,   -3.63509856,   26.32440865,  -55.1502588 ,     20.76654361,  143.34616446,  -16.56287851,   20.76754657,      0.80980627], [ -298.56539835,   16.33452627,   73.74374444,    0.79331587,     82.09632531,   33.02393423,    1.16258568,   47.74932242,    -12.38489918,  -16.56287851,  105.1070546 ,   13.73432668,     -4.09652568], [ -135.72170729,  123.21719201,   20.86219628,   47.49278973,     19.90591658,   34.31350772,   38.43668605,   -6.53470065,     22.58352228,   20.76754657,   13.73432668,   86.25798672,     21.84549153], [ -434.03664482,  151.11596994,   58.73756481,   81.11342974,     85.21780534,   74.78159999,   91.98744677,   83.1933698 ,     20.99983062,    0.80980627,   -4.09652568,   21.84549153,    164.34492321]]
/root/sim/music/601~700/607_終わらない雨とモントリオール.mp3; [-1097.4548    ,  168.45291   ,   54.00441   ,   -6.279974  ,   -20.769772  ,  -16.40434   ,   -7.4874864 ,   -2.3431454 ,    -0.26580212,    1.4940323 ,    2.72141   ,    3.2887247 ,     2.6099405 ]; [[ 5272.01487146, 3849.56613884, -541.45708477,-1013.84949629,   -465.13254787, -119.7915026 ,   36.03827632, -100.20012926,   -255.09055512, -232.35821709, -142.69911385,  -47.95163168,      7.93344503], [ 3849.56613884, 3192.35354532,  105.23063908, -666.58764661,   -459.2231957 , -212.54098535, -100.91143039, -169.77207855,   -209.24072279, -145.3261418 ,  -90.0998468 ,  -69.97889969,    -60.06842392], [ -541.45708477,  105.23063908,  879.24491549,  412.90956518,    -72.90011587, -202.72940833, -246.81819734, -187.25728882,    -33.3987655 ,   66.86529746,   54.24057458,  -42.96881644,   -119.29096038], [-1013.84949629, -666.58764661,  412.90956518,  564.9336269 ,    238.41004002,  -14.83405681, -134.80561441, -129.12985049,    -42.75436835,   35.37782876,   54.08776041,   11.43536231,    -36.58227276], [ -465.13254787, -459.2231957 ,  -72.90011587,  238.41004002,    322.94660418,  185.0984731 ,   24.94597137,  -64.20341382,    -86.14585185,  -41.72867251,   18.62570396,   49.50129954,     46.25770318], [ -119.7915026 , -212.54098535, -202.72940833,  -14.83405681,    185.0984731 ,  221.28793301,  129.21726836,   12.8572873 ,    -62.29034899,  -65.05825952,  -15.03622473,   36.79415632,     52.20915259], [   36.03827632, -100.91143039, -246.81819734, -134.80561441,     24.94597137,  129.21726836,  205.06793183,  176.28721677,     33.68601604,  -81.30481744,  -72.30921056,    7.70815126,     59.42570367], [ -100.20012926, -169.77207855, -187.25728882, -129.12985049,    -64.20341382,   12.8572873 ,  176.28721677,  282.82251095,    159.01018541,  -35.53048447,  -77.14320138,   -2.6848879 ,     52.32194958], [ -255.09055512, -209.24072279,  -33.3987655 ,  -42.75436835,    -86.14585185,  -62.29034899,   33.68601604,  159.01018541,    210.71555238,  135.27139698,   19.39666659,  -39.8705575 ,    -27.00889218], [ -232.35821709, -145.3261418 ,   66.86529746,   35.37782876,    -41.72867251,  -65.05825952,  -81.30481744,  -35.53048447,    135.27139698,  253.82113241,  140.10291868,  -48.71916751,    -85.18360249], [ -142.69911385,  -90.0998468 ,   54.24057458,   54.08776041,     18.62570396,  -15.03622473,  -72.30921056,  -77.14320138,     19.39666659,  140.10291868,  159.91956453,   73.62402808,     -9.86839218], [  -47.95163168,  -69.97889969,  -42.96881644,   11.43536231,     49.50129954,   36.79415632,    7.70815126,   -2.6848879 ,    -39.8705575 ,  -48.71916751,   73.62402808,  204.39385317,    130.83485472], [    7.93344503,  -60.06842392, -119.29096038,  -36.58227276,     46.25770318,   52.20915259,   59.42570367,   52.32194958,    -27.00889218,  -85.18360249,   -9.86839218,  130.83485472,    157.64275423]]
/root/sim/music/601~700/694_The_Days.mp3; [-605.7914   , 116.591866 ,  -7.051232 ,  18.082487 , -12.032598 ,   -9.252874 ,  -6.124746 ,  -1.9399502,  -6.8099184,   2.943812 ,    0.851285 ,   4.851636 ,   3.0571678]; [[21821.95440759,-4261.59574676, 3088.9261989 ,  765.49614249,   1009.3126    , 1478.43444235, 1613.01364085, 1438.64626207,   1007.91034322,  872.51360141,  535.84900219,  391.07715061,     75.11802675], [-4261.59574676, 3400.85589829,-1597.68669188,   55.85393298,   -385.14795145, -605.46931757, -674.77496823, -593.23859523,   -406.46636349, -264.05094426, -130.81396159, -115.78782599,     -5.49404841], [ 3088.9261989 ,-1597.68669188, 1596.04975551,    3.33094651,    532.8141863 ,  517.14327096,  488.37478981,  415.30368901,    378.96189853,  289.01633652,  240.82581827,  183.06040031,     23.86616812], [  765.49614249,   55.85393298,    3.33094651,  332.21900161,    119.72370601,  166.31534175,  174.24370089,  159.22942958,    103.01376146,   83.12681928,   41.41067082,   14.06063543,     38.7753359 ], [ 1009.3126    , -385.14795145,  532.8141863 ,  119.72370601,    427.1685097 ,  307.23488189,  301.68482194,  222.34405512,    191.57420369,  141.27239581,  127.13851616,   72.92656004,     30.77683964], [ 1478.43444235, -605.46931757,  517.14327096,  166.31534175,    307.23488189,  399.24319711,  338.09032729,  266.61200875,    204.88184004,  154.26192314,  128.32980893,   88.81655367,     45.76445812], [ 1613.01364085, -674.77496823,  488.37478981,  174.24370089,    301.68482194,  338.09032729,  461.08764864,  342.06862635,    232.85701839,  144.66331044,   93.4711582 ,   65.54187749,     49.14072982], [ 1438.64626207, -593.23859523,  415.30368901,  159.22942958,    222.34405512,  266.61200875,  342.06862635,  366.38193047,    232.79664468,  138.15146006,   75.76702377,   30.95634956,     33.72613577], [ 1007.91034322, -406.46636349,  378.96189853,  103.01376146,    191.57420369,  204.88184004,  232.85701839,  232.79664468,    266.52006524,  163.88295014,   81.93483544,   34.98468328,    -21.9174614 ], [  872.51360141, -264.05094426,  289.01633652,   83.12681928,    141.27239581,  154.26192314,  144.66331044,  138.15146006,    163.88295014,  219.8306835 ,  115.67091733,   44.98117008,    -10.86292031], [  535.84900219, -130.81396159,  240.82581827,   41.41067082,    127.13851616,  128.32980893,   93.4711582 ,   75.76702377,     81.93483544,  115.67091733,  191.3168037 ,   85.01420348,     18.33473861], [  391.07715061, -115.78782599,  183.06040031,   14.06063543,     72.92656004,   88.81655367,   65.54187749,   30.95634956,     34.98468328,   44.98117008,   85.01420348,  157.86264896,     67.36825676], [   75.11802675,   -5.49404841,   23.86616812,   38.7753359 ,     30.77683964,   45.76445812,   49.14072982,   33.72613577,    -21.9174614 ,  -10.86292031,   18.33473861,   67.36825676,    146.28843262]]
/root/sim/music/601~700/656_昏睡の雨〜COMA_RAIN〜.mp3; [-598.642     , 102.89796   ,  -3.0011795 ,  10.168531  ,   2.8485055 ,    4.488499  ,   0.44154978,   2.882451  ,   3.2574296 ,   4.6080775 ,    2.510054  ,   5.3386273 ,   2.9920917 ]; [[14777.58299299,-1906.25283498,  523.36762805,  270.66461515,    401.90655247,  509.20943022,  272.97585218,  323.02788596,    220.0537203 ,  388.808545  ,   22.53581761,  -73.79722891,    -54.2211151 ], [-1906.25283498, 2296.43446833, -453.19003095,  -27.26931936,   -165.37692819, -232.69698371, -145.05780642, -178.06143585,    -38.65364772, -155.8657587 ,   62.24984823,   33.25576996,     16.79424333], [  523.36762805, -453.19003095,  649.50339869,  227.15774772,    245.26088098,  225.71949469,  117.11145479,  114.90949733,     52.21245455,   54.00676195,   -4.15981281,  -23.96132138,     -8.65658705], [  270.66461515,  -27.26931936,  227.15774772,  240.73325367,    163.72794832,  160.80612971,   73.53921018,   54.40323051,     62.50860111,   19.28634385,   37.63546529,   -6.42242396,     -0.38401433], [  401.90655247, -165.37692819,  245.26088098,  163.72794832,    276.05311219,  236.09663625,  124.2830679 ,   97.89513702,     95.88821964,   66.14113518,   63.42348726,    7.22915203,      6.53025701], [  509.20943022, -232.69698371,  225.71949469,  160.80612971,    236.09663625,  311.50060315,  173.75910525,  128.39157273,    121.81135136,   81.3721075 ,   84.18730913,   14.01525389,     14.86509512], [  272.97585218, -145.05780642,  117.11145479,   73.53921018,    124.2830679 ,  173.75910525,  173.92537837,  126.4946546 ,     98.05613314,   68.28492052,   47.48797701,   13.81000033,     12.51349228], [  323.02788596, -178.06143585,  114.90949733,   54.40323051,     97.89513702,  128.39157273,  126.4946546 ,  165.81312755,    113.36197145,   76.62146322,   38.53510156,   12.44489137,      5.06570533], [  220.0537203 ,  -38.65364772,   52.21245455,   62.50860111,     95.88821964,  121.81135136,   98.05613314,  113.36197145,    176.28106253,   98.22577512,   88.95709936,   26.49350241,     23.41257842], [  388.808545  , -155.8657587 ,   54.00676195,   19.28634385,     66.14113518,   81.3721075 ,   68.28492052,   76.62146322,     98.22577512,  134.62944337,   73.23395368,   26.93047777,      7.64332985], [   22.53581761,   62.24984823,   -4.15981281,   37.63546529,     63.42348726,   84.18730913,   47.48797701,   38.53510156,     88.95709936,   73.23395368,  140.80047454,   56.0346669 ,     31.45427467], [  -73.79722891,   33.25576996,  -23.96132138,   -6.42242396,      7.22915203,   14.01525389,   13.81000033,   12.44489137,     26.49350241,   26.93047777,   56.0346669 ,   78.89914076,     53.54872123], [  -54.2211151 ,   16.79424333,   -8.65658705,   -0.38401433,      6.53025701,   14.86509512,   12.51349228,    5.06570533,     23.41257842,    7.64332985,   31.45427467,   53.54872123,     94.72465965]]
/root/sim/music/601~700/602_In_the_fog.mp3; [-797.9835    , 260.72095   ,  57.14394   ,  67.96018   ,  17.241222  ,  -10.055885  ,  18.500378  ,  15.45503   , -14.548987  ,  10.268023  ,   20.13681   ,  -7.0549297 ,  -0.07591891]; [[3641.07548664, 556.55830647,  67.3042748 , -78.91693515, -98.60819974,   179.20241914, -48.92683135,-116.34313396,  13.31545419, -97.83015468,  -136.9436592 ,  53.10860268,  35.66802253], [ 556.55830647,1378.19548722,-254.54119808, -63.25610015,  14.9418355 ,  -208.57026767,  64.59221857,  27.51901563,-191.24894626,   1.43581631,    73.10808613, -94.13566589,  19.25532169], [  67.3042748 ,-254.54119808, 267.73627353, 110.94680151,  40.84758911,    25.42625151, -10.26333648,  42.11374217,  51.54975638,  37.79399981,    25.3844793 ,  15.58154247, -30.06778317], [ -78.91693515, -63.25610015, 110.94680151, 343.47603331,  28.50435937,   -19.48196986,  60.12395012,  41.38575017,  35.6259779 ,  60.71015778,    52.56534641,   0.59673224, -34.02609966], [ -98.60819974,  14.9418355 ,  40.84758911,  28.50435937, 123.04431916,   -15.9269175 ,  18.7945119 ,  42.85247332, -23.30650307,  18.3175256 ,    25.80593854, -30.31878094,  -7.01352034], [ 179.20241914,-208.57026767,  25.42625151, -19.48196986, -15.9269175 ,   125.62065282, -15.22100706, -27.79171779,  34.11983937, -46.28347347,   -52.22449854,  17.13571444,   8.70701514], [ -48.92683135,  64.59221857, -10.26333648,  60.12395012,  18.7945119 ,   -15.22100706,  69.1422562 ,  14.15583174,  -2.6842867 ,  16.81213609,     3.31745323,   2.08713694,  -3.06281779], [-116.34313396,  27.51901563,  42.11374217,  41.38575017,  42.85247332,   -27.79171779,  14.15583174,  84.28826166,  -8.07738153,  27.09055915,    58.22679655, -28.40281978, -10.61934672], [  13.31545419,-191.24894626,  51.54975638,  35.6259779 , -23.30650307,    34.11983937,  -2.6842867 ,  -8.07738153,  98.75686734,  45.00666816,    -3.34119924,  44.33854466, -13.58391407], [ -97.83015468,   1.43581631,  37.79399981,  60.71015778,  18.3175256 ,   -46.28347347,  16.81213609,  27.09055915,  45.00666816,  99.38773052,    50.98244714,  13.15673369, -14.71931656], [-136.9436592 ,  73.10808613,  25.3844793 ,  52.56534641,  25.80593854,   -52.22449854,   3.31745323,  58.22679655,  -3.34119924,  50.98244714,    93.28482687, -15.67980358, -15.8804565 ], [  53.10860268, -94.13566589,  15.58154247,   0.59673224, -30.31878094,    17.13571444,   2.08713694, -28.40281978,  44.33854466,  13.15673369,   -15.67980358,  55.12883219,   7.92154749], [  35.66802253,  19.25532169, -30.06778317, -34.02609966,  -7.01352034,     8.70701514,  -3.06281779, -10.61934672, -13.58391407, -14.71931656,   -15.8804565 ,   7.92154749,  33.20037473]]
