/root/sim/music/601~700/615_町の喫茶店.mp3; [-737.96326  , 203.22002  ,  30.644981 ,  15.528611 , -11.076728 ,    2.3049846,   9.150872 ,   8.190056 , -12.072904 ,  -9.531426 ,  -11.346284 , -17.017355 , -11.656641 ]; [[ 8790.68724819,-4021.64351063, -386.27473169,  659.93085152,    -79.2807714 ,  101.90819466,  -61.71503899, -258.55105687,    -46.43595897,  271.78293557,   39.89398024,   42.43158615,    251.36487522], [-4021.64351063, 3316.82510656, -206.49817015, -122.88281992,      7.11597118,  -26.99437072,   66.11452771,  119.22274076,    113.099837  , -163.76949387,  -48.78702371,  -91.96886633,   -225.82367012], [ -386.27473169, -206.49817015,  773.79717629, -184.42592777,    186.45466273,   86.69555141,   59.21324247,  140.49820028,     76.63298166,    8.84352153,  -29.58121809,   27.10536314,    -26.49055468], [  659.93085152, -122.88281992, -184.42592777,  332.81803061,    -31.37317212,   55.12259802,   73.3947572 ,  -12.13570411,     17.62052826,   64.41845353,    9.13290782,  -13.68828989,    -11.41532707], [  -79.2807714 ,    7.11597118,  186.45466273,  -31.37317212,    162.3796931 ,   36.87929372,   11.59596605,   44.84621891,     53.42347514,   38.27662852,   16.84435523,   17.40645259,    -11.68861241], [  101.90819466,  -26.99437072,   86.69555141,   55.12259802,     36.87929372,  142.83459584,   75.1641758 ,    2.18364108,     24.72465838,   39.3776121 ,   17.48720792,   22.82190531,      3.82261786], [  -61.71503899,   66.11452771,   59.21324247,   73.3947572 ,     11.59596605,   75.1641758 ,  132.84197414,   24.09958078,     -6.55346863,   27.71159932,   -8.25038348,    9.7589461 ,    -14.90294359], [ -258.55105687,  119.22274076,  140.49820028,  -12.13570411,     44.84621891,    2.18364108,   24.09958078,   94.80965398,     44.88178303,   -6.24231638,   -6.1152949 ,    1.8744421 ,    -18.3487651 ], [  -46.43595897,  113.099837  ,   76.63298166,   17.62052826,     53.42347514,   24.72465838,   -6.55346863,   44.88178303,    107.52406002,   23.14781518,    8.88265793,   18.5188654 ,    -13.49337934], [  271.78293557, -163.76949387,    8.84352153,   64.41845353,     38.27662852,   39.3776121 ,   27.71159932,   -6.24231638,     23.14781518,   91.86185899,   25.29770733,    5.80466082,     15.78340077], [   39.89398024,  -48.78702371,  -29.58121809,    9.13290782,     16.84435523,   17.48720792,   -8.25038348,   -6.1152949 ,      8.88265793,   25.29770733,   53.08692804,   21.98577537,     17.00765298], [   42.43158615,  -91.96886633,   27.10536314,  -13.68828989,     17.40645259,   22.82190531,    9.7589461 ,    1.8744421 ,     18.5188654 ,    5.80466082,   21.98577537,   83.58373297,     28.82212939], [  251.36487522, -225.82367012,  -26.49055468,  -11.41532707,    -11.68861241,    3.82261786,  -14.90294359,  -18.3487651 ,    -13.49337934,   15.78340077,   17.00765298,   28.82212939,     71.27960981]]
/root/sim/music/601~700/689_私のチープな25時。.mp3; [-720.17346   , 185.63808   ,  31.357307  ,  38.815453  ,   3.3606226 ,   -2.3428879 , -12.277356  ,  -8.36969   , -13.136154  ,  -7.997129  ,   -6.4897404 ,   0.14562103,   3.4587767 ]; [[28849.43141819,-1660.37249676,-3863.36661756, -186.67114865,   -101.21135235, 1124.84979095, 1336.24417849, 2014.66573941,   1473.00338712, 1328.86264835,  695.46887885,  629.17889882,    528.59075927], [-1660.37249676, 2695.56218119,  995.71896905,  469.93279859,    211.88650202, -138.11658524, -189.99164366, -404.55427773,   -316.95701367, -313.34269469, -162.72699093, -157.02679215,   -125.07375186], [-3863.36661756,  995.71896905, 2190.79639126,  532.15523875,    498.14174309,  104.45803545,  -82.90245867, -305.53043782,   -314.81374235, -344.75831931, -224.30484838, -127.1871479 ,    -45.41606596], [ -186.67114865,  469.93279859,  532.15523875,  622.7563987 ,    319.72004876,  190.96309901,   61.10936956,  -35.73056358,   -106.94361135, -177.5666003 , -156.51925715,  -86.61733512,    -18.16766879], [ -101.21135235,  211.88650202,  498.14174309,  319.72004876,    586.37301061,  316.41212167,  228.28284345,   87.16512119,      7.19637657,  -52.38919778,  -89.32635091,  -76.85736782,    -17.63193745], [ 1124.84979095, -138.11658524,  104.45803545,  190.96309901,    316.41212167,  382.40298631,  305.95599598,  232.77835342,    129.7443388 ,   56.60252332,    7.38252971,   -1.03681263,     21.57058788], [ 1336.24417849, -189.99164366,  -82.90245867,   61.10936956,    228.28284345,  305.95599598,  356.01967927,  290.77108435,    225.60000457,  140.37966028,   76.67925781,   38.8361645 ,     51.56067854], [ 2014.66573941, -404.55427773, -305.53043782,  -35.73056358,     87.16512119,  232.77835342,  290.77108435,  359.44891538,    284.98104532,  216.73927808,  130.91659575,   83.55018402,     56.59849184], [ 1473.00338712, -316.95701367, -314.81374235, -106.94361135,      7.19637657,  129.7443388 ,  225.60000457,  284.98104532,    321.63849146,  260.66705131,  180.26172148,   99.21017587,     59.63991071], [ 1328.86264835, -313.34269469, -344.75831931, -177.5666003 ,    -52.38919778,   56.60252332,  140.37966028,  216.73927808,    260.66705131,  296.53619757,  221.43433134,  123.95936406,     50.27699321], [  695.46887885, -162.72699093, -224.30484838, -156.51925715,    -89.32635091,    7.38252971,   76.67925781,  130.91659575,    180.26172148,  221.43433134,  236.47683765,  153.49832496,     71.78025167], [  629.17889882, -157.02679215, -127.1871479 ,  -86.61733512,    -76.85736782,   -1.03681263,   38.8361645 ,   83.55018402,     99.21017587,  123.95936406,  153.49832496,  161.82324561,    103.45834698], [  528.59075927, -125.07375186,  -45.41606596,  -18.16766879,    -17.63193745,   21.57058788,   51.56067854,   56.59849184,     59.63991071,   50.27699321,   71.78025167,  103.45834698,    135.7829704 ]]
/root/sim/music/601~700/659_Rough_Driving.mp3; [-584.85516  ,  89.72444  ,   2.3964186,  39.633507 ,  14.87464  ,   10.119706 ,   3.9171476,   9.252474 ,   5.9134126,   3.2209015,    3.6387136,   2.4023464,  -4.9315763]; [[10241.89954552,  408.55132162,  855.19013338,  264.1888338 ,    113.97694621,  189.28551338,  236.45318174,  257.06004636,    294.6415525 ,  118.9718756 ,   10.22959289,  -51.17991656,    -22.35933486], [  408.55132162,  818.46274767,  -61.9838943 ,  203.18496256,     57.00064354,   31.71896354,  113.07831907,   53.48309576,     74.86824753,   30.35339973,   15.97413166,   34.46178492,    -16.6714294 ], [  855.19013338,  -61.9838943 ,  530.86493532,    1.14206466,    116.59572187,   76.56421499,   68.65794005,  102.583721  ,     58.60489103,   38.47533505,   18.30564687,  -13.83439427,     49.02805182], [  264.1888338 ,  203.18496256,    1.14206466,  196.20716151,     67.71813467,   65.15776441,   64.26086026,   63.59594129,     64.89263194,   47.20166237,   41.63182817,   38.5100172 ,      8.90182398], [  113.97694621,   57.00064354,  116.59572187,   67.71813467,    120.23636199,   63.40511343,   53.68299478,   53.08890631,     34.16153142,   30.93175902,   34.53272865,   14.93793302,     23.67015351], [  189.28551338,   31.71896354,   76.56421499,   65.15776441,     63.40511343,   95.73792561,   60.09225297,   50.8818335 ,     40.84195816,   29.10712486,   25.2849597 ,   15.34949433,     15.77614592], [  236.45318174,  113.07831907,   68.65794005,   64.26086026,     53.68299478,   60.09225297,  115.62907179,   86.04462941,     66.59190213,   33.59408875,   16.03961722,   10.06203213,     11.33297791], [  257.06004636,   53.48309576,  102.583721  ,   63.59594129,     53.08890631,   50.8818335 ,   86.04462941,  133.49759798,     78.56137134,   38.10878953,   23.99621834,    6.61911556,     13.64741609], [  294.6415525 ,   74.86824753,   58.60489103,   64.89263194,     34.16153142,   40.84195816,   66.59190213,   78.56137134,    113.4461025 ,   49.96979192,   21.72988538,   14.22635659,     14.5654465 ], [  118.9718756 ,   30.35339973,   38.47533505,   47.20166237,     30.93175902,   29.10712486,   33.59408875,   38.10878953,     49.96979192,   56.80459318,   31.38536584,   18.96624289,     11.55654921], [   10.22959289,   15.97413166,   18.30564687,   41.63182817,     34.53272865,   25.2849597 ,   16.03961722,   23.99621834,     21.72988538,   31.38536584,   61.24481346,   35.62399104,     19.27110557], [  -51.17991656,   34.46178492,  -13.83439427,   38.5100172 ,     14.93793302,   15.34949433,   10.06203213,    6.61911556,     14.22635659,   18.96624289,   35.62399104,   55.06109855,     26.82182731], [  -22.35933486,  -16.6714294 ,   49.02805182,    8.90182398,     23.67015351,   15.77614592,   11.33297791,   13.64741609,     14.5654465 ,   11.55654921,   19.27110557,   26.82182731,     50.84333501]]
/root/sim/music/601~700/664_Raindrop.mp3; [-739.7991   , 227.4951   ,  12.702264 , -12.865282 , -20.016779 ,  -10.690743 ,  -8.877957 ,   2.9494221,  -0.692826 ,   2.6242654,    2.3378115,   2.192158 ,   2.7536988]; [[16699.56410652,-2754.46795772,  925.32660154, 1451.10489166,    100.17336019, 1006.43403856,  767.31336573,  969.36299473,    718.99733394,  478.20221974,  310.76092341,  145.37010275,    -17.0802443 ], [-2754.46795772, 5710.70965935, -134.75056578, -567.65340011,    143.78732441, -204.54467753, -114.3669051 , -140.13414945,   -174.82871987,   44.47487634,   53.6881459 ,   43.35268136,    145.97705262], [  925.32660154, -134.75056578, 1073.00580709,  450.51107276,    313.42967939,  453.91300458,  269.42089766,  315.43895949,    243.95709971,  197.66516792,  196.97083193,  140.9393851 ,     82.87960538], [ 1451.10489166, -567.65340011,  450.51107276,  636.25727843,    309.44959225,  379.9014825 ,  259.30802413,  246.22380722,    238.75428679,  167.0694567 ,  176.20362714,  141.29341028,     65.51688926], [  100.17336019,  143.78732441,  313.42967939,  309.44959225,    475.33521031,  330.49210843,  225.18607098,  196.77346946,    103.31360735,  100.36327524,   98.11580672,  100.36513995,     98.00494134], [ 1006.43403856, -204.54467753,  453.91300458,  379.9014825 ,    330.49210843,  486.15458649,  298.58630248,  275.78911547,    191.31534854,  121.72124621,  122.2245683 ,   97.66384937,     99.7788739 ], [  767.31336573, -114.3669051 ,  269.42089766,  259.30802413,    225.18607098,  298.58630248,  433.42363362,  268.47407892,    114.44612994,  126.38930341,   10.08573974,   35.12457202,     82.64460774], [  969.36299473, -140.13414945,  315.43895949,  246.22380722,    196.77346946,  275.78911547,  268.47407892,  442.07767771,    202.45661652,  142.44909324,   58.42001334,  -18.47590186,     10.17639121], [  718.99733394, -174.82871987,  243.95709971,  238.75428679,    103.31360735,  191.31534854,  114.44612994,  202.45661652,    269.30783333,  146.81440833,  114.22908828,   53.24303876,     16.32393204], [  478.20221974,   44.47487634,  197.66516792,  167.0694567 ,    100.36327524,  121.72124621,  126.38930341,  142.44909324,    146.81440833,  200.73173855,  109.80502835,   53.98763175,     41.29987299], [  310.76092341,   53.6881459 ,  196.97083193,  176.20362714,     98.11580672,  122.2245683 ,   10.08573974,   58.42001334,    114.22908828,  109.80502835,  244.42284522,  117.7600025 ,     42.02941825], [  145.37010275,   43.35268136,  140.9393851 ,  141.29341028,    100.36513995,   97.66384937,   35.12457202,  -18.47590186,     53.24303876,   53.98763175,  117.7600025 ,  221.11275253,     95.20344334], [  -17.0802443 ,  145.97705262,   82.87960538,   65.51688926,     98.00494134,   99.7788739 ,   82.64460774,   10.17639121,     16.32393204,   41.29987299,   42.02941825,   95.20344334,    180.9840858 ]]
/root/sim/music/601~700/646_海沿いロードウェイ.mp3; [-768.312    , 250.2329   , -28.64218  ,   3.6755133, -26.93298  ,  -10.327519 , -11.046592 , -20.443531 ,  -9.977464 , -11.787991 ,  -11.1605425, -10.458502 ,  -1.9772693]; [[6290.71001126,-183.12020859,-532.28847777, 781.97341182,-419.31184526,    21.90504194, -44.09989492,-113.95678454,  -0.99758225, -53.0656896 ,    72.61938571,-246.29792988, -30.00169714], [-183.12020859,2207.7392649 ,-446.09348275,-519.46609185, 419.90312377,   -10.11334479, -28.47556332,  79.72167371,  84.66735119,  32.27587405,  -160.38894887, 176.87305184,-112.65924464], [-532.28847777,-446.09348275, 501.22546869,  33.39070751, -80.62612782,    71.33141855, 127.57974777,  26.67768118, -29.88106405,   3.78888098,    82.55681359, -61.84665186,  14.63953124], [ 781.97341182,-519.46609185,  33.39070751, 509.34319747,-244.69738408,    28.86317911,  82.75394258, -74.03645223,  13.07292675,  20.12346289,   -14.62263613, -60.53781701,  12.59153517], [-419.31184526, 419.90312377, -80.62612782,-244.69738408, 373.14321827,   -35.60895408,-108.18341896,  73.85897046,  32.62532   , -18.69869024,     6.33456554,  72.86328408,  -1.68044579], [  21.90504194, -10.11334479,  71.33141855,  28.86317911, -35.60895408,   130.63998461,  87.31630169,   2.79067086,   6.19212787,  13.58272776,     7.47983915, -12.53343343,  -7.52755757], [ -44.09989492, -28.47556332, 127.57974777,  82.75394258,-108.18341896,    87.31630169, 214.0334899 ,  25.95519136,  -4.56191436,  25.75514392,    -5.44642252, -18.18825477, -20.85749502], [-113.95678454,  79.72167371,  26.67768118, -74.03645223,  73.85897046,     2.79067086,  25.95519136, 109.90782105,  33.88099588,  -5.85992365,     7.67426004,  -4.59788612,  -0.69103216], [  -0.99758225,  84.66735119, -29.88106405,  13.07292675,  32.62532   ,     6.19212787,  -4.56191436,  33.88099588, 108.36561028,  17.49640047,   -32.52252605,  -3.6908472 ,  -9.30975644], [ -53.0656896 ,  32.27587405,   3.78888098,  20.12346289, -18.69869024,    13.58272776,  25.75514392,  -5.85992365,  17.49640047,  93.24525725,   -15.2746797 ,  25.96271376,  -5.8098452 ], [  72.61938571,-160.38894887,  82.55681359, -14.62263613,   6.33456554,     7.47983915,  -5.44642252,   7.67426004, -32.52252605, -15.2746797 ,   149.21582768, -30.38178391,  27.10535456], [-246.29792988, 176.87305184, -61.84665186, -60.53781701,  72.86328408,   -12.53343343, -18.18825477,  -4.59788612,  -3.6908472 ,  25.96271376,   -30.38178391, 124.30003267,  -0.3916843 ], [ -30.00169714,-112.65924464,  14.63953124,  12.59153517,  -1.68044579,    -7.52755757, -20.85749502,  -0.69103216,  -9.30975644,  -5.8098452 ,    27.10535456,  -0.3916843 ,  63.73697825]]
/root/sim/music/601~700/637_チョウチンアンコウの声.mp3; [-956.36566   , 168.19849   ,  31.701258  ,   4.602593  ,  -2.22801   ,    0.25997195,  -1.5324425 ,  -8.658808  , -14.422908  , -12.233077  ,  -13.10622   , -11.2191305 ,  -7.775894  ]; [[34281.25794654, 4259.21860878,-3884.39969418,-1556.84060943,  -2130.68497928,-1602.06907127, -968.99245061, -670.9063652 ,   -883.97514771, -817.08454468, -897.25372906, -380.59150947,   -108.65968688], [ 4259.21860878, 4909.12028526, -236.48152936, -991.34363885,   -322.82430386, -140.25972705, -271.13968108, -507.2722018 ,   -420.11347752, -112.15845668, -110.17181107, -149.10133979,    -64.05821898], [-3884.39969418, -236.48152936,  931.1093205 ,  132.50860086,    135.48593711,  177.43488243,   68.06926021,   34.83608957,     98.1990843 ,   62.37934237,   55.65776772,   13.04222311,    -61.82016462], [-1556.84060943, -991.34363885,  132.50860086,  487.27000656,    141.47115588,   40.66626481,   32.67777409,  107.70470965,    147.2373989 ,   31.33205399,   30.37814273,   31.46898858,     16.22110867], [-2130.68497928, -322.82430386,  135.48593711,  141.47115588,    262.61628507,  132.33280271,   64.93150419,   47.02294862,     54.59876705,   75.69856162,   62.9713748 ,   30.23110071,     33.80898503], [-1602.06907127, -140.25972705,  177.43488243,   40.66626481,    132.33280271,  168.56500057,   70.85465486,   13.72374866,     33.99446806,   51.15292833,   64.17397147,    2.37152567,      6.44482144], [ -968.99245061, -271.13968108,   68.06926021,   32.67777409,     64.93150419,   70.85465486,  136.62085722,   74.23624003,     23.46471545,   38.14407353,   21.34309514,    4.64150934,    -11.04910435], [ -670.9063652 , -507.2722018 ,   34.83608957,  107.70470965,     47.02294862,   13.72374866,   74.23624003,  171.21691148,     67.82242457,   25.47838031,    9.58391986,   -3.46190473,    -20.23185307], [ -883.97514771, -420.11347752,   98.1990843 ,  147.2373989 ,     54.59876705,   33.99446806,   23.46471545,   67.82242457,    148.16295105,   29.48279655,   29.37457288,   29.60812506,      2.66315853], [ -817.08454468, -112.15845668,   62.37934237,   31.33205399,     75.69856162,   51.15292833,   38.14407353,   25.47838031,     29.48279655,  103.42102032,   40.9745028 ,    3.60678322,     11.5809501 ], [ -897.25372906, -110.17181107,   55.65776772,   30.37814273,     62.9713748 ,   64.17397147,   21.34309514,    9.58391986,     29.37457288,   40.9745028 ,  105.57636093,   20.3195095 ,     10.55343146], [ -380.59150947, -149.10133979,   13.04222311,   31.46898858,     30.23110071,    2.37152567,    4.64150934,   -3.46190473,     29.60812506,    3.60678322,   20.3195095 ,  106.35187647,     40.54703129], [ -108.65968688,  -64.05821898,  -61.82016462,   16.22110867,     33.80898503,    6.44482144,  -11.04910435,  -20.23185307,      2.66315853,   11.5809501 ,   10.55343146,   40.54703129,     95.41196232]]
/root/sim/music/601~700/697_雨傘とおでかけ.mp3; [-879.3545   , 290.34735  ,   7.062778 , -17.549961 ,   6.3630753,   -6.133659 , -13.291407 ,  -6.0543885,  -8.757417 , -14.327345 ,  -10.941105 ,  -4.2635202,  -3.2996783]; [[ 6279.83030056, 1771.21878536,-2055.06193041,  224.52155898,    359.46205184, -108.02372565,  -65.97993001,   41.9800487 ,      2.01269339,   68.49863785,  174.20998099,  222.88323222,    146.26991779], [ 1771.21878536, 1519.79940223, -325.60646378, -295.45197599,    163.12072735,  -19.02343568,  -34.33969068,   25.50073392,     26.6640944 ,    6.0037505 ,   -2.23212073,    6.17676809,      9.84197611], [-2055.06193041, -325.60646378, 1136.02464282, -160.63438251,   -205.45515463,  118.72557061,   19.95048294,  -14.00544953,     25.64154274,  -17.23719687,  -90.6759758 , -103.7569049 ,    -71.0337401 ], [  224.52155898, -295.45197599, -160.63438251,  308.49821951,     45.48651701,  -10.28572784,   48.59373901,   28.45151474,     23.51088894,   41.8628217 ,   53.08865351,   51.51692076,     36.79547858], [  359.46205184,  163.12072735, -205.45515463,   45.48651701,    168.27001273,   14.14509012,   20.30643166,   38.4119484 ,     19.5309755 ,   32.67329793,   36.47590075,   29.86289652,     22.15214539], [ -108.02372565,  -19.02343568,  118.72557061,  -10.28572784,     14.14509012,  111.42906029,   45.29868718,    5.60502583,     21.72764402,   25.40508197,   14.76059776,    7.53506019,     10.15849038], [  -65.97993001,  -34.33969068,   19.95048294,   48.59373901,     20.30643166,   45.29868718,   87.04697203,   29.59154187,     18.36645374,   34.2935952 ,   15.28603133,   14.26167766,     21.03286306], [   41.9800487 ,   25.50073392,  -14.00544953,   28.45151474,     38.4119484 ,    5.60502583,   29.59154187,   83.2900884 ,     52.60012669,   14.77494551,   20.57794103,   14.91225605,     20.489319  ], [    2.01269339,   26.6640944 ,   25.64154274,   23.51088894,     19.5309755 ,   21.72764402,   18.36645374,   52.60012669,     78.98119283,   35.38336754,   14.49060182,   14.75740625,     16.24033916], [   68.49863785,    6.0037505 ,  -17.23719687,   41.8628217 ,     32.67329793,   25.40508197,   34.2935952 ,   14.77494551,     35.38336754,   67.50191913,   33.1678447 ,   18.32951973,     23.28967739], [  174.20998099,   -2.23212073,  -90.6759758 ,   53.08865351,     36.47590075,   14.76059776,   15.28603133,   20.57794103,     14.49060182,   33.1678447 ,   75.51529209,   58.58033422,     24.39594648], [  222.88323222,    6.17676809, -103.7569049 ,   51.51692076,     29.86289652,    7.53506019,   14.26167766,   14.91225605,     14.75740625,   18.32951973,   58.58033422,   81.6564462 ,     34.46587616], [  146.26991779,    9.84197611,  -71.0337401 ,   36.79547858,     22.15214539,   10.15849038,   21.03286306,   20.489319  ,     16.24033916,   23.28967739,   24.39594648,   34.46587616,     53.91523348]]
/root/sim/music/601~700/677_Candy_Bass.mp3; [-593.10693   ,  71.68883   ,  10.200953  ,  11.846578  ,   0.2607607 ,    7.08733   ,  -0.84183156,  -0.22824782,   1.1592995 ,   7.8381658 ,    6.7622004 ,   3.9542348 ,   1.002111  ]; [[18037.69087587, 1907.30776996,  758.20016587, 1096.26829473,    998.25491047,  927.20298971,  485.84580563,  193.48585427,    115.84395404,  286.10570742,  238.26055529,  126.43759675,     21.55973203], [ 1907.30776996, 1733.50482413,  312.69140962,  619.03534953,    687.95961179,  550.05856613,  316.33088154,  145.22656787,     51.02865235,   62.17742744,   72.42705063,   58.56609729,     27.02773689], [  758.20016587,  312.69140962,  626.09888401,  309.46712826,    394.57902162,  309.47773207,  193.1401097 ,  113.30000141,     79.0428856 ,   21.61658291,   60.999099  ,   63.55316869,     58.15531475], [ 1096.26829473,  619.03534953,  309.46712826,  637.58291975,    593.31184569,  438.62017283,  213.26087585,   88.39971414,     56.87410023,   78.10910462,   84.23221448,   68.71248514,     54.13686861], [  998.25491047,  687.95961179,  394.57902162,  593.31184569,    886.13236885,  644.13870718,  341.68297759,  148.33521169,     96.97698735,   95.43333816,  133.79944865,  131.57301196,    150.51602281], [  927.20298971,  550.05856613,  309.47773207,  438.62017283,    644.13870718,  598.49781686,  353.48449789,  170.05498877,     87.03351662,   75.70627625,  117.69251991,  130.49923249,    131.79323947], [  485.84580563,  316.33088154,  193.1401097 ,  213.26087585,    341.68297759,  353.48449789,  326.41443026,  186.24482856,     83.51043593,   37.80501301,   69.45377891,   98.14082643,    111.42641068], [  193.48585427,  145.22656787,  113.30000141,   88.39971414,    148.33521169,  170.05498877,  186.24482856,  223.98282083,    150.31066303,   66.09363852,   34.58649522,   53.81992021,     76.30835786], [  115.84395404,   51.02865235,   79.0428856 ,   56.87410023,     96.97698735,   87.03351662,   83.51043593,  150.31066303,    236.13530014,  161.15310197,   76.95148736,   48.65037794,     42.70085869], [  286.10570742,   62.17742744,   21.61658291,   78.10910462,     95.43333816,   75.70627625,   37.80501301,   66.09363852,    161.15310197,  240.77509631,  162.95607602,   72.78887769,     38.05756305], [  238.26055529,   72.42705063,   60.999099  ,   84.23221448,    133.79944865,  117.69251991,   69.45377891,   34.58649522,     76.95148736,  162.95607602,  228.67398086,  144.13485086,     72.38076797], [  126.43759675,   58.56609729,   63.55316869,   68.71248514,    131.57301196,  130.49923249,   98.14082643,   53.81992021,     48.65037794,   72.78887769,  144.13485086,  176.24288652,    117.83540561], [   21.55973203,   27.02773689,   58.15531475,   54.13686861,    150.51602281,  131.79323947,  111.42641068,   76.30835786,     42.70085869,   38.05756305,   72.38076797,  117.83540561,    181.79577766]]
/root/sim/music/601~700/629_Cocktail_In_Beach.mp3; [-588.4579    , 114.19608   ,  35.724068  ,  11.1568    ,  14.218442  ,   -2.2276168 ,   7.3720665 ,   2.497123  ,   3.6626983 ,  -3.103663  ,    2.535379  ,  -4.9516544 ,   0.11374182]; [[11475.12977909,   77.29449306,  284.79757544,   31.8931714 ,   -175.26144651,   37.71801852,  112.94484591,   87.86832643,    197.01133748,  -51.09201276,  -47.3487798 ,   11.4081365 ,    -37.85148313], [   77.29449306, 1274.18301995,  -13.60375296, -159.40987587,    183.92878001, -102.18680801,   65.98392483,  -20.70540384,     14.03316534,  -75.8194654 ,   43.39569511,  -38.25975877,     38.20957975], [  284.79757544,  -13.60375296,  631.37859302,  -17.23341864,     41.19948614,  -33.29552852,   45.32193487,   -7.83869861,     12.23971972,  -19.80919734,   16.5600028 ,  -28.73630026,      9.57470509], [   31.8931714 , -159.40987587,  -17.23341864,  253.29347509,    -17.50683054,   85.05343561,   -8.39348437,    9.92606738,     -6.67449655,    9.62163271,  -18.21141399,   24.97134461,     -2.33657239], [ -175.26144651,  183.92878001,   41.19948614,  -17.50683054,    240.63682561,  -13.80745314,   39.99490989,   -6.57343252,    -18.64540298,  -22.51796038,   27.86227048,  -20.05759418,      3.01409923], [   37.71801852, -102.18680801,  -33.29552852,   85.05343561,    -13.80745314,  150.17501123,    8.47172329,    8.83689703,     -3.2930313 ,    9.86416103,  -10.34824314,   15.65348189,      0.01409048], [  112.94484591,   65.98392483,   45.32193487,   -8.39348437,     39.99490989,    8.47172329,   85.35605128,   17.33028062,      9.95118702,   -5.02530771,    9.80853421,   -8.30835478,      4.97118805], [   87.86832643,  -20.70540384,   -7.83869861,    9.92606738,     -6.57343252,    8.83689703,   17.33028062,   80.26433157,     27.7037964 ,    3.76215984,    0.21963785,    7.82603729,      0.37916325], [  197.01133748,   14.03316534,   12.23971972,   -6.67449655,    -18.64540298,   -3.2930313 ,    9.95118702,   27.7037964 ,    106.46327202,   26.0583124 ,    4.9399177 ,    3.43857514,      3.81898   ], [  -51.09201276,  -75.8194654 ,  -19.80919734,    9.62163271,    -22.51796038,    9.86416103,   -5.02530771,    3.76215984,     26.0583124 ,   79.52673073,   29.81309454,    9.30586618,     -4.61835264], [  -47.3487798 ,   43.39569511,   16.5600028 ,  -18.21141399,     27.86227048,  -10.34824314,    9.80853421,    0.21963785,      4.9399177 ,   29.81309454,   75.17640754,   21.15209212,      0.85182852], [   11.4081365 ,  -38.25975877,  -28.73630026,   24.97134461,    -20.05759418,   15.65348189,   -8.30835478,    7.82603729,      3.43857514,    9.30586618,   21.15209212,   72.64319037,     23.32820748], [  -37.85148313,   38.20957975,    9.57470509,   -2.33657239,      3.01409923,    0.01409048,    4.97118805,    0.37916325,      3.81898   ,   -4.61835264,    0.85182852,   23.32820748,     69.52302035]]
/root/sim/music/601~700/682_ジャジーなアイキャッチ.mp3; [-899.84143  , 146.76645  ,  26.98059  ,  32.645947 ,  13.267234 ,   21.204899 ,  16.82005  ,  16.240063 ,  10.062484 ,   7.3446655,   -1.7176219,  -2.100512 ,   1.4758859]; [[56593.41064948, 9137.21587963,-4026.13081519,-2938.58828231,  -4763.91256067,-1400.22487012,-1437.94590601, -468.77275998,  -1186.52633928,-1275.06303733,-2259.37666095,-1461.63915562,   -402.36164086], [ 9137.21587963, 5126.79604686, -489.42374259,  240.68861965,   -464.053652  , -236.39667162, -124.55708698, -100.74698878,   -238.39823473, -189.40439818, -442.11507607, -419.38995669,   -194.8826087 ], [-4026.13081519, -489.42374259,  761.26110295,  436.6246055 ,    557.81536739,  205.41053331,  211.91014533,   63.92830747,    169.91196354,  132.86280795,  220.53679798,  108.89935862,    -10.57047214], [-2938.58828231,  240.68861965,  436.6246055 ,  600.35575878,    421.01156583,  188.82224525,  144.56795588,   39.98479942,    100.58579015,  106.35533224,  137.86348161,   62.45973499,    -15.97884213], [-4763.91256067, -464.053652  ,  557.81536739,  421.01156583,    707.55660696,  213.54257509,  191.61296854,   66.80217079,    150.15660446,  141.98132009,  250.95719063,  135.70357397,     40.18521482], [-1400.22487012, -236.39667162,  205.41053331,  188.82224525,    213.54257509,  176.80857321,  118.82856753,   78.78225773,     80.42946159,   79.51005159,   91.72983383,   72.23997825,     30.28820564], [-1437.94590601, -124.55708698,  211.91014533,  144.56795588,    191.61296854,  118.82856753,  188.62217448,   78.29726494,     95.96817403,   68.90653428,   86.08086716,   50.51870153,     18.40122678], [ -468.77275998, -100.74698878,   63.92830747,   39.98479942,     66.80217079,   78.78225773,   78.29726494,  112.23974725,     67.89493256,   46.43731263,   28.76881984,   48.17619942,     58.24181105], [-1186.52633928, -238.39823473,  169.91196354,  100.58579015,    150.15660446,   80.42946159,   95.96817403,   67.89493256,    109.20925309,   64.83581846,   69.29493124,   53.55561336,     38.86065113], [-1275.06303733, -189.40439818,  132.86280795,  106.35533224,    141.98132009,   79.51005159,   68.90653428,   46.43731263,     64.83581846,   98.74086155,   91.486545  ,   58.54350561,     12.35293027], [-2259.37666095, -442.11507607,  220.53679798,  137.86348161,    250.95719063,   91.72983383,   86.08086716,   28.76881984,     69.29493124,   91.486545  ,  162.27441729,   89.41788729,     10.07837384], [-1461.63915562, -419.38995669,  108.89935862,   62.45973499,    135.70357397,   72.23997825,   50.51870153,   48.17619942,     53.55561336,   58.54350561,   89.41788729,  109.62687247,     45.47836722], [ -402.36164086, -194.8826087 ,  -10.57047214,  -15.97884213,     40.18521482,   30.28820564,   18.40122678,   58.24181105,     38.86065113,   12.35293027,   10.07837384,   45.47836722,     95.83543858]]
/root/sim/music/601~700/636_Floor_Beast.mp3; [-542.9108   , 105.59764  ,  20.457726 ,  20.329332 ,   6.0016546,    5.612854 ,   7.567868 ,   6.2866225,   4.8374553,   1.8458354,    3.6151469,   2.8592658,   1.3885723]; [[14238.30518204,-2932.58548977, -843.19985167,  429.4729019 ,    323.76453286, -134.30169298,   58.62758546,  265.6695199 ,    188.2258574 ,  -30.85592545,  -40.77549004, -221.80281549,   -266.61613464], [-2932.58548977, 2867.51120184,  -33.32219025,  -76.88601802,   -114.79328548,  124.10558838,   -2.03275909,  -36.72622291,    -68.9869942 ,   89.66542706,   25.38761314,   99.46264727,     97.03184653], [ -843.19985167,  -33.32219025,  713.46468793, -154.79787463,    -47.66091549,   31.83344804,   25.68554997,  -57.97783018,    -49.75759802,  -54.74590594,   23.82997683,   54.76630391,     63.73893904], [  429.4729019 ,  -76.88601802, -154.79787463,  348.30463595,     50.74446542,   -3.78651377,   -3.45989537,   55.54990149,     -6.51966577,    2.65937296,  -48.14631267,  -59.01093449,    -63.66159944], [  323.76453286, -114.79328548,  -47.66091549,   50.74446542,    110.85898287,    4.37024675,   17.62404397,   25.34269814,     33.08870741,    7.46000322,    0.13000465,  -16.40721817,    -17.52561899], [ -134.30169298,  124.10558838,   31.83344804,   -3.78651377,      4.37024675,   96.49647368,   34.25456184,   -2.74445675,    -28.26990812,  -11.27110355,    4.53811644,   17.55954958,     14.39236186], [   58.62758546,   -2.03275909,   25.68554997,   -3.45989537,     17.62404397,   34.25456184,  102.14246063,   46.149898  ,     -2.81364058,  -24.5435805 ,  -14.44037874,   -5.52128064,     13.60868465], [  265.6695199 ,  -36.72622291,  -57.97783018,   55.54990149,     25.34269814,   -2.74445675,   46.149898  ,  107.86381856,     55.92272446,   11.3653953 ,  -15.59715877,  -22.50590828,    -15.92111279], [  188.2258574 ,  -68.9869942 ,  -49.75759802,   -6.51966577,     33.08870741,  -28.26990812,   -2.81364058,   55.92272446,    114.28791681,   59.73860832,   25.31472907,   -0.69857764,     -8.11146922], [  -30.85592545,   89.66542706,  -54.74590594,    2.65937296,      7.46000322,  -11.27110355,  -24.5435805 ,   11.3653953 ,     59.73860832,   91.5308836 ,   50.84143213,   23.79040508,      6.21317516], [  -40.77549004,   25.38761314,   23.82997683,  -48.14631267,      0.13000465,    4.53811644,  -14.44037874,  -15.59715877,     25.31472907,   50.84143213,   92.6526357 ,   65.78086942,     34.00648086], [ -221.80281549,   99.46264727,   54.76630391,  -59.01093449,    -16.40721817,   17.55954958,   -5.52128064,  -22.50590828,     -0.69857764,   23.79040508,   65.78086942,   96.20699544,     65.11137804], [ -266.61613464,   97.03184653,   63.73893904,  -63.66159944,    -17.52561899,   14.39236186,   13.60868465,  -15.92111279,     -8.11146922,    6.21317516,   34.00648086,   65.11137804,     87.8597461 ]]
/root/sim/music/601~700/662_One_dream.mp3; [-568.7919    , 121.3475    ,  42.62483   ,  19.787807  , -10.96801   ,    0.73392755,  -6.5077033 ,  -1.2911066 ,   3.598587  ,  12.286059  ,   11.493307  ,   9.301987  ,  -4.9696836 ]; [[ 3189.40028257,-1225.07040885,  -16.26462398, -128.72792932,     64.39959554, -111.249436  ,    3.41572854, -101.53655566,   -111.29188628, -129.91907995,  -86.3687169 , -111.5637297 ,     23.9281355 ], [-1225.07040885, 1071.90602165,  -25.03840808,  143.9908405 ,     -2.58682542,   97.51663084,   15.60131269,   52.17031302,     59.65626192,   52.831247  ,   29.33912158,   62.69538045,      0.22903302], [  -16.26462398,  -25.03840808,  420.43457858,    6.24210135,    112.30316132,   39.36582464,   71.53820068,   65.07597253,     23.4033283 ,   37.45896559,   23.68819104,   14.18137741,     46.16575789], [ -128.72792932,  143.9908405 ,    6.24210135,  225.12705955,      2.60675542,   32.46614483,   -3.14730346,   -7.03217709,      3.74113661,   16.83872738,    8.44048297,   19.77985552,     20.22470279], [   64.39959554,   -2.58682542,  112.30316132,    2.60675542,    173.09520537,   49.55245295,   36.83889979,   29.0668488 ,     20.19503219,   25.58107289,   26.80515748,   18.30395819,     27.43374579], [ -111.249436  ,   97.51663084,   39.36582464,   32.46614483,     49.55245295,  113.05006965,   48.47570133,   19.76192953,      5.7130953 ,   19.25798476,   25.14832741,   47.92905317,     39.82158627], [    3.41572854,   15.60131269,   71.53820068,   -3.14730346,     36.83889979,   48.47570133,  107.23882269,   60.70609194,      9.58510066,   11.20996872,   12.52436092,   28.24387646,     44.65960442], [ -101.53655566,   52.17031302,   65.07597253,   -7.03217709,     29.0668488 ,   19.76192953,   60.70609194,  123.87099729,     63.58343622,   22.1902656 ,   -2.93877848,   -8.54420389,     17.45154   ], [ -111.29188628,   59.65626192,   23.4033283 ,    3.74113661,     20.19503219,    5.7130953 ,    9.58510066,   63.58343622,    105.93788837,   50.36545784,  -14.77372527,  -35.24832181,     -7.00708222], [ -129.91907995,   52.831247  ,   37.45896559,   16.83872738,     25.58107289,   19.25798476,   11.20996872,   22.1902656 ,     50.36545784,  101.56543364,   49.23961807,    1.10618838,    -12.10091949], [  -86.3687169 ,   29.33912158,   23.68819104,    8.44048297,     26.80515748,   25.14832741,   12.52436092,   -2.93877848,    -14.77372527,   49.23961807,  127.46421225,   94.96357306,      1.46262374], [ -111.5637297 ,   62.69538045,   14.18137741,   19.77985552,     18.30395819,   47.92905317,   28.24387646,   -8.54420389,    -35.24832181,    1.10618838,   94.96357306,  181.40236743,     70.30672984], [   23.9281355 ,    0.22903302,   46.16575789,   20.22470279,     27.43374579,   39.82158627,   44.65960442,   17.45154   ,     -7.00708222,  -12.10091949,    1.46262374,   70.30672984,    128.10572121]]
/root/sim/music/601~700/692_あの頃の日記.mp3; [-813.0696    ,  73.49633   , -36.04225   , -35.550682  , -38.90536   ,  -47.91908   , -35.190533  , -21.087084  , -30.206102  ,  -8.155818  ,   18.03874   ,  14.346967  ,   0.07395181]; [[13376.3124285 , 2068.53382394, -894.67480783,  -76.93320069,    207.05821077, -394.13172686, -987.63564274,-1276.94041048,   -684.03351721, -245.29390765,  264.54040653,    0.12553918,   -721.37007449], [ 2068.53382394,  921.25656427,  136.44466629,  444.54247082,    361.23606338,   13.95740142, -426.82406449, -446.76354854,   -254.66898098, -154.97677389, -148.43417089, -269.29933726,   -390.62389372], [ -894.67480783,  136.44466629,  318.60959975,  291.66434107,    129.41485019,   63.6236754 ,  -84.82110648,  -17.20001058,     24.47129686,  -30.01355943, -107.79404243, -143.99139791,   -109.13672294], [  -76.93320069,  444.54247082,  291.66434107,  753.06424027,    465.92184222,   46.95242944, -340.29067677, -354.25481244,   -143.03028118, -112.81805718, -166.51040063, -289.82526888,   -292.14457717], [  207.05821077,  361.23606338,  129.41485019,  465.92184222,    653.98095542,  212.33202911, -179.8932562 , -410.86887116,   -210.40630462, -164.47590348, -174.7559506 , -246.86643753,   -269.23453784], [ -394.13172686,   13.95740142,   63.6236754 ,   46.95242944,    212.33202911,  333.20993377,   81.90802299,  -62.16366601,     31.74307555,    8.62476563, -135.53413138, -131.40600704,   -179.66898197], [ -987.63564274, -426.82406449,  -84.82110648, -340.29067677,   -179.8932562 ,   81.90802299,  430.47655371,  284.90076137,    122.23221982,   82.08372611,  105.09947306,  211.98651657,    242.79464092], [-1276.94041048, -446.76354854,  -17.20001058, -354.25481244,   -410.86887116,  -62.16366601,  284.90076137,  632.76475209,    248.63252809,   91.7660818 ,   29.75233116,  124.12341028,    307.67903502], [ -684.03351721, -254.66898098,   24.47129686, -143.03028118,   -210.40630462,   31.74307555,  122.23221982,  248.63252809,    307.79486623,  138.35990239,    5.31483417,   33.34327054,     67.02920126], [ -245.29390765, -154.97677389,  -30.01355943, -112.81805718,   -164.47590348,    8.62476563,   82.08372611,   91.7660818 ,    138.35990239,  209.02319287,   80.3194409 ,   30.1099894 ,     13.62862718], [  264.54040653, -148.43417089, -107.79404243, -166.51040063,   -174.7559506 , -135.53413138,  105.09947306,   29.75233116,      5.31483417,   80.3194409 ,  308.8939671 ,  221.62705187,    134.68845013], [    0.12553918, -269.29933726, -143.99139791, -289.82526888,   -246.86643753, -131.40600704,  211.98651657,  124.12341028,     33.34327054,   30.1099894 ,  221.62705187,  434.71982264,    310.69619461], [ -721.37007449, -390.62389372, -109.13672294, -292.14457717,   -269.23453784, -179.66898197,  242.79464092,  307.67903502,     67.02920126,   13.62862718,  134.68845013,  310.69619461,    516.50453941]]
