/root/sim/music/601~700/631_夏休み.mp3; [-889.68634  , 230.05167  ,  44.536457 ,  15.309888 ,   0.5081481,   -6.0167403, -12.412906 , -13.565555 , -10.881911 ,  -9.094214 ,  -11.692152 , -12.44639  ,  -5.431976 ]; [[10607.47204955, 1038.77598712,-1292.96168264,  -27.64982294,   -145.51288516,  -62.4687728 ,  166.23441349,  205.68628082,    199.81002632,  145.23921684,   -5.75227558, -202.35321539,    -71.46080508], [ 1038.77598712, 1756.1874325 ,  135.16828348,  -41.6489681 ,     23.81670135,   77.36990128,  -14.01880026,  -12.721594  ,    -88.82628943, -145.48575067, -135.22854768, -112.69399689,    -66.0405    ], [-1292.96168264,  135.16828348,  724.77993115,   87.74405237,     40.76521535,   41.95522409,   10.55636646,  -29.3365471 ,    -94.30443636, -108.95893437,  -52.65045041,   13.34267665,    -14.06669438], [  -27.64982294,  -41.6489681 ,   87.74405237,  243.52407829,     71.5425116 ,   32.82458408,   29.18182846,    8.43087792,    -16.26932145,  -35.87843871,  -34.83549581,  -14.52170668,    -27.07040651], [ -145.51288516,   23.81670135,   40.76521535,   71.5425116 ,    165.48795908,   44.3469325 ,    4.96241937,    5.207535  ,     -0.44537391,  -17.53589814,  -11.3653504 ,   10.03611098,      2.75001432], [  -62.4687728 ,   77.36990128,   41.95522409,   32.82458408,     44.3469325 ,  133.80804046,   59.09805927,   27.66197992,    -20.90580271,  -32.6240421 ,  -10.31549453,   13.3723455 ,     25.16285114], [  166.23441349,  -14.01880026,   10.55636646,   29.18182846,      4.96241937,   59.09805927,  119.13462605,   66.95760179,     14.32060226,   -6.80464984,   -0.37428757,    6.14339007,     10.19801312], [  205.68628082,  -12.721594  ,  -29.3365471 ,    8.43087792,      5.207535  ,   27.66197992,   66.95760179,  141.15499031,     57.74270258,    4.42086474,   -1.86192235,  -10.27211061,     -4.44805659], [  199.81002632,  -88.82628943,  -94.30443636,  -16.26932145,     -0.44537391,  -20.90580271,   14.32060226,   57.74270258,    159.28146737,  104.74410412,   32.22707271,   19.66386764,    -16.71285601], [  145.23921684, -145.48575067, -108.95893437,  -35.87843871,    -17.53589814,  -32.6240421 ,   -6.80464984,    4.42086474,    104.74410412,  187.06054721,   98.28612791,   34.50511713,      2.61090515], [   -5.75227558, -135.22854768,  -52.65045041,  -34.83549581,    -11.3653504 ,  -10.31549453,   -0.37428757,   -1.86192235,     32.22707271,   98.28612791,  163.23458621,   84.96372541,     54.6896248 ], [ -202.35321539, -112.69399689,   13.34267665,  -14.52170668,     10.03611098,   13.3723455 ,    6.14339007,  -10.27211061,     19.66386764,   34.50511713,   84.96372541,  145.7259102 ,     79.50581079], [  -71.46080508,  -66.0405    ,  -14.06669438,  -27.07040651,      2.75001432,   25.16285114,   10.19801312,   -4.44805659,    -16.71285601,    2.61090515,   54.6896248 ,   79.50581079,    139.28509763]]
/root/sim/music/601~700/685_アメリカザリガニは雲形定規を欲しがるのか.mp3; [-1067.1506    ,  193.28462   ,   62.25079   ,   -2.606034  ,   -16.585861  ,  -12.457096  ,   -8.498818  ,   -5.884863  ,    -4.348301  ,    0.2728969 ,    4.5263166 ,    2.8616152 ,    -0.84577763]; [[7027.1878041 ,5145.00231365, 161.04781986,-845.4507211 ,-558.14452368,  -184.08524078,-299.90204148,-502.94213446,-417.5274776 ,-275.99852768,  -396.11797001,-478.01392025,-432.15650311], [5145.00231365,4552.34061488, 881.65201383,-493.9652298 ,-471.72260494,  -190.67864417,-282.85546352,-520.58234079,-446.89311472,-360.49833604,  -455.97407372,-442.94703253,-401.23259371], [ 161.04781986, 881.65201383,1260.05802735, 595.11094136,  18.78253779,  -116.38529734,-137.05392261,-228.63054048,-262.32692736,-296.53580427,  -267.04096446,-152.6565485 ,-155.73468684], [-845.4507211 ,-493.9652298 , 595.11094136, 761.07954572, 313.8793188 ,    -2.359     , -53.59848271, -43.95165326,-113.7228892 ,-177.37008167,  -130.73239391, -53.42038039, -35.54339832], [-558.14452368,-471.72260494,  18.78253779, 313.8793188 , 330.91387832,   159.62640286,  24.96535083, -11.76942337, -26.68323798, -56.0026476 ,   -72.37416544, -48.22736345,   7.43396071], [-184.08524078,-190.67864417,-116.38529734,  -2.359     , 159.62640286,   215.3918648 , 126.18820952,   4.30817036, -29.75432669, -13.83478911,   -27.64485971, -33.02163626,  -0.43707359], [-299.90204148,-282.85546352,-137.05392261, -53.59848271,  24.96535083,   126.18820952, 200.80740082, 126.38264923,  -4.8564505 , -13.20617215,    38.02210395,  39.01078642,  21.69850941], [-502.94213446,-520.58234079,-228.63054048, -43.95165326, -11.76942337,     4.30817036, 126.38264923, 226.87469622, 125.07222468,  43.65515086,    88.38507976,  95.6144259 ,  72.96599945], [-417.5274776 ,-446.89311472,-262.32692736,-113.7228892 , -26.68323798,   -29.75432669,  -4.8564505 , 125.07222468, 221.86641883, 163.9257043 ,    70.80029453,  56.86819115,  84.71463548], [-275.99852768,-360.49833604,-296.53580427,-177.37008167, -56.0026476 ,   -13.83478911, -13.20617215,  43.65515086, 163.9257043 , 295.30981964,   213.00395519, -23.56816693, -28.48741808], [-396.11797001,-455.97407372,-267.04096446,-130.73239391, -72.37416544,   -27.64485971,  38.02210395,  88.38507976,  70.80029453, 213.00395519,   313.4116072 , 105.3042999 , -16.7771396 ], [-478.01392025,-442.94703253,-152.6565485 , -53.42038039, -48.22736345,   -33.02163626,  39.01078642,  95.6144259 ,  56.86819115, -23.56816693,   105.3042999 , 307.38202152, 202.30688181], [-432.15650311,-401.23259371,-155.73468684, -35.54339832,   7.43396071,    -0.43707359,  21.69850941,  72.96599945,  84.71463548, -28.48741808,   -16.7771396 , 202.30688181, 239.37816835]]
/root/sim/music/601~700/617_The_Defeater.mp3; [-564.69025  , 108.6232   , -13.223913 ,  60.573326 ,  16.23052  ,   21.944525 ,  11.953359 ,   5.9805217,   8.007066 ,   8.083149 ,   -5.9609256,  -0.7943087,  -3.1321397]; [[ 8077.96234246,-1048.48546262, -361.38782057, -157.22329931,   -318.90768163, -229.45634755, -369.94864467, -302.67209282,   -125.66438857,   71.0256497 , -112.2210031 ,   -9.18146882,    -45.19573863], [-1048.48546262,  689.07092714, -417.8342345 ,  216.42557984,    -57.64974091,   16.56684111,   27.01810996,  -59.54202803,     47.20278001,  -39.81783301,  -46.07407129,  -18.74009669,    -34.35216313], [ -361.38782057, -417.8342345 ,  609.684569  , -155.77098801,    137.69337015,   45.82257429,   46.41355078,  134.259168  ,    -46.61338481,    7.23571092,   70.59729391,   20.248587  ,     41.69050159], [ -157.22329931,  216.42557984, -155.77098801,  213.41672987,      8.11155698,   46.78193313,   34.80154614,   -0.44069702,     53.24002142,   18.5964993 ,    8.2189378 ,   21.17612273,     14.08516579], [ -318.90768163,  -57.64974091,  137.69337015,    8.11155698,    101.98713186,   40.97173762,   53.69261152,   51.62069172,     13.20127462,   20.23609121,   22.61985741,   14.78836942,     18.28237512], [ -229.45634755,   16.56684111,   45.82257429,   46.78193313,     40.97173762,   61.24704041,   42.67347131,   35.34505352,     12.10998168,    7.95745073,   17.29238725,   10.57708758,     13.28695041], [ -369.94864467,   27.01810996,   46.41355078,   34.80154614,     53.69261152,   42.67347131,   78.83825299,   53.10739752,     28.13698567,   10.71281636,   15.26527193,   11.32959037,     13.00434163], [ -302.67209282,  -59.54202803,  134.259168  ,   -0.44069702,     51.62069172,   35.34505352,   53.10739752,   81.8073351 ,     25.67961301,   20.20345079,   32.53946404,   18.6392073 ,     21.43624178], [ -125.66438857,   47.20278001,  -46.61338481,   53.24002142,     13.20127462,   12.10998168,   28.13698567,   25.67961301,     67.22203001,   39.85161986,   22.12636896,   18.27255112,     12.63409379], [   71.0256497 ,  -39.81783301,    7.23571092,   18.5964993 ,     20.23609121,    7.95745073,   10.71281636,   20.20345079,     39.85161986,   58.47079169,   32.59368983,   23.12737305,     15.30540254], [ -112.2210031 ,  -46.07407129,   70.59729391,    8.2189378 ,     22.61985741,   17.29238725,   15.26527193,   32.53946404,     22.12636896,   32.59368983,   53.5733154 ,   30.31895403,     22.87546426], [   -9.18146882,  -18.74009669,   20.248587  ,   21.17612273,     14.78836942,   10.57708758,   11.32959037,   18.6392073 ,     18.27255112,   23.12737305,   30.31895403,   39.74358018,     24.86423519], [  -45.19573863,  -34.35216313,   41.69050159,   14.08516579,     18.28237512,   13.28695041,   13.00434163,   21.43624178,     12.63409379,   15.30540254,   22.87546426,   24.86423519,     36.61161934]]
/root/sim/music/601~700/642_街を歩けば.mp3; [-804.0507   , 280.52917  ,  -0.4477224, -21.247883 ,  -6.150541 ,  -12.294355 , -19.861313 , -18.611637 , -19.48733  , -14.329632 ,  -10.260201 ,  -6.821577 ,  -2.4129033]; [[11971.8406439 , 4486.69828178,-1015.92468725, -418.49376562,   -113.94246752, -100.99325086,  -67.27968294,   57.963657  ,      8.97874075,  122.62159028,  176.44223904,  168.56596236,     45.6889486 ], [ 4486.69828178, 3757.49359991, -390.91362987, -310.4310005 ,    109.80518543,  -90.22099234,  -46.45881199,  -32.41732195,   -116.64699899,  -95.44272872,  -64.70711898,  -84.58654593,    -68.71542946], [-1015.92468725, -390.91362987,  697.69420038,   80.2092237 ,    -52.43910392,  120.9104465 ,  -31.96612881, -105.37346002,    -76.37509477, -118.25739749, -127.89774722,  -81.14106305,    -68.1812989 ], [ -418.49376562, -310.4310005 ,   80.2092237 ,  174.87751116,     59.39044557,   -0.96168449,    0.65484263,   -8.12071883,      0.31262635,    6.61456929,   15.61544317,   29.16580227,      7.33587893], [ -113.94246752,  109.80518543,  -52.43910392,   59.39044557,    165.43068197,   23.6942919 ,  -45.39565941,  -39.17474855,    -54.10683513,  -26.33099623,   21.52412828,   10.34311116,      9.07061253], [ -100.99325086,  -90.22099234,  120.9104465 ,   -0.96168449,     23.6942919 ,  110.43826399,   18.80417355,  -32.73366558,    -33.51104448,  -35.19388831,  -16.79472572,   -8.66777078,     -7.33423675], [  -67.27968294,  -46.45881199,  -31.96612881,    0.65484263,    -45.39565941,   18.80417355,  118.66064668,   96.54684693,     58.4466674 ,   35.0847672 ,   15.85152501,    3.85634376,     -7.8021638 ], [   57.963657  ,  -32.41732195, -105.37346002,   -8.12071883,    -39.17474855,  -32.73366558,   96.54684693,  175.282332  ,    128.32975068,   55.13394209,   30.7981376 ,   13.40426397,    -11.81584751], [    8.97874075, -116.64699899,  -76.37509477,    0.31262635,    -54.10683513,  -33.51104448,   58.4466674 ,  128.32975068,    161.48540372,   98.03994093,   25.8991631 ,   22.88139181,      7.20532637], [  122.62159028,  -95.44272872, -118.25739749,    6.61456929,    -26.33099623,  -35.19388831,   35.0847672 ,   55.13394209,     98.03994093,  139.42740655,   84.45604113,   27.06213392,      9.97828853], [  176.44223904,  -64.70711898, -127.89774722,   15.61544317,     21.52412828,  -16.79472572,   15.85152501,   30.7981376 ,     25.8991631 ,   84.45604113,  132.05920485,   74.9262511 ,      7.32165131], [  168.56596236,  -84.58654593,  -81.14106305,   29.16580227,     10.34311116,   -8.66777078,    3.85634376,   13.40426397,     22.88139181,   27.06213392,   74.9262511 ,  129.93201734,     74.09018262], [   45.6889486 ,  -68.71542946,  -68.1812989 ,    7.33587893,      9.07061253,   -7.33423675,   -7.8021638 ,  -11.81584751,      7.20532637,    9.97828853,    7.32165131,   74.09018262,    111.51203491]]
/root/sim/music/601~700/647_迷子.mp3; [-858.8527    , 246.09471   ,  15.8814745 ,  -6.638342  ,  -7.8176193 ,   -0.7678251 , -10.573801  ,  -4.288708  ,  -3.407882  ,  -4.4745026 ,   -5.707871  ,  -0.45142308,   0.37432778]; [[17671.49144538, 3987.19579385,-2737.68238606, -327.16340772,    220.64338074,  645.04933523, -514.44646294, -128.3865861 ,   -212.23158729, -297.92517879, -323.69275032,    1.10286822,    -36.56106555], [ 3987.19579385, 4484.39579051,  586.76523474, -471.10644219,   -154.76529484,  -28.30738661,   -8.72766628,  -76.36995893,    -47.79441706,   12.77464511,   35.6450698 ,   29.75700655,     10.76268639], [-2737.68238606,  586.76523474, 1420.01653212,   45.4212355 ,   -184.97331603, -182.04205121,  143.45854939,   30.61384763,     38.73258723,   67.07759952,   79.22461239,   10.59168042,      3.82769169], [ -327.16340772, -471.10644219,   45.4212355 ,  371.02086851,     22.82770546,  -72.51070503,   55.79144721,  106.11902974,     24.67945444,  -15.44136285,  -19.40402174,  -11.99563933,      5.21404762], [  220.64338074, -154.76529484, -184.97331603,   22.82770546,    220.14692954,  101.64205996,  -61.72950743,   -2.60506215,     20.46396663,  -11.46664278,    6.37215884,   18.13764896,      5.98056131], [  645.04933523,  -28.30738661, -182.04205121,  -72.51070503,    101.64205996,  218.40580434,  -30.38990669,  -36.08106467,      5.66764704,    1.11128255,  -19.59671921,    4.55707862,      3.33134723], [ -514.44646294,   -8.72766628,  143.45854939,   55.79144721,    -61.72950743,  -30.38990669,  173.98931913,   75.35959932,      3.9239727 ,    9.71431228,   18.6471841 ,   -3.32154534,     17.05597979], [ -128.3865861 ,  -76.36995893,   30.61384763,  106.11902974,     -2.60506215,  -36.08106467,   75.35959932,  161.45580374,     57.98709316,  -11.83747094,   -3.11577752,    7.07871026,      9.88797681], [ -212.23158729,  -47.79441706,   38.73258723,   24.67945444,     20.46396663,    5.66764704,    3.9239727 ,   57.98709316,     98.4312001 ,   43.45327071,   -0.31664985,   -6.07009375,      7.95608539], [ -297.92517879,   12.77464511,   67.07759952,  -15.44136285,    -11.46664278,    1.11128255,    9.71431228,  -11.83747094,     43.45327071,   91.83023003,   38.0392915 ,   -8.22959803,     -8.41813061], [ -323.69275032,   35.6450698 ,   79.22461239,  -19.40402174,      6.37215884,  -19.59671921,   18.6471841 ,   -3.11577752,     -0.31664985,   38.0392915 ,   84.93230216,   28.75629132,    -11.52717263], [    1.10286822,   29.75700655,   10.59168042,  -11.99563933,     18.13764896,    4.55707862,   -3.32154534,    7.07871026,     -6.07009375,   -8.22959803,   28.75629132,   61.0036595 ,     23.01040858], [  -36.56106555,   10.76268639,    3.82769169,    5.21404762,      5.98056131,    3.33134723,   17.05597979,    9.88797681,      7.95608539,   -8.41813061,  -11.52717263,   23.01040858,     72.65307064]]
/root/sim/music/601~700/665_はじまりの予感.mp3; [-723.209     , 214.82379   , -38.4763    ,  17.603851  , -15.269629  ,   -6.508597  ,   0.69204897,   7.187123  ,  -3.723688  ,  -0.72623354,  -12.409467  ,   0.04584856,   9.815265  ]; [[5533.49646326, 792.70660956,-897.79494373, -81.84897376,-410.47466474,   -49.22860845, 107.75099116, 124.04868816,   8.23888846,  68.46076161,    -8.04683166, 194.86538846, 266.77116026], [ 792.70660956, 724.89244403, -64.8032205 ,  51.61697574,  56.12688443,    -8.50116553, -38.7065806 ,  65.62961965, 106.57889997,  96.91475882,    42.88812387, -34.94244941, -70.67598207], [-897.79494373, -64.8032205 , 423.01913556,  90.46400427, 119.33261991,    26.5252942 ,  41.91671207,  49.6969382 ,  55.46514625,  12.03686124,    33.22880308, -19.33185059, -31.26843975], [ -81.84897376,  51.61697574,  90.46400427, 172.103885  ,  90.08528078,    26.58200133,   5.04567415,  29.94114046,  59.2450528 ,  34.39810669,    35.81128631,   2.47019776, -42.80693199], [-410.47466474,  56.12688443, 119.33261991,  90.08528078, 184.93215354,    88.33000505,  26.34521458,  16.46355153,  43.66112772,  34.56831137,    47.15026817,  13.46733055, -49.74053068], [ -49.22860845,  -8.50116553,  26.5252942 ,  26.58200133,  88.33000505,   143.20224026,  83.09339828, -13.18299205,  -8.69954738,  26.52471386,    41.04066009,  47.7984727 ,  13.61559471], [ 107.75099116, -38.7065806 ,  41.91671207,   5.04567415,  26.34521458,    83.09339828, 151.31574282,  31.80854805, -35.9496951 ,  -6.03435462,    16.64708524,  65.95105816,  67.02256919], [ 124.04868816,  65.62961965,  49.6969382 ,  29.94114046,  16.46355153,   -13.18299205,  31.80854805, 149.09565962,  82.91617537, -11.73203304,   -28.56754584,  -4.71213959,  42.15092612], [   8.23888846, 106.57889997,  55.46514625,  59.2450528 ,  43.66112772,    -8.69954738, -35.9496951 ,  82.91617537, 150.40910176,  48.33938065,    -9.76366362, -27.04526452, -12.72308722], [  68.46076161,  96.91475882,  12.03686124,  34.39810669,  34.56831137,    26.52471386,  -6.03435462, -11.73203304,  48.33938065, 111.80448858,    67.63003631, -23.86338483, -45.27781101], [  -8.04683166,  42.88812387,  33.22880308,  35.81128631,  47.15026817,    41.04066009,  16.64708524, -28.56754584,  -9.76366362,  67.63003631,   131.4753678 ,  13.39157754, -83.36289556], [ 194.86538846, -34.94244941, -19.33185059,   2.47019776,  13.46733055,    47.7984727 ,  65.95105816,  -4.71213959, -27.04526452, -23.86338483,    13.39157754, 163.08129145,  90.93100668], [ 266.77116026, -70.67598207, -31.26843975, -42.80693199, -49.74053068,    13.61559471,  67.02256919,  42.15092612, -12.72308722, -45.27781101,   -83.36289556,  90.93100668, 251.62373263]]
/root/sim/music/601~700/601_Wake_Me_Up.mp3; [-664.07245  , 132.03433  ,  -6.8569274,  21.515102 ,  -6.5832205,   -1.902655 ,  -3.816671 ,   1.9682931,  -3.4782603,   1.8916886,   -4.2591987,  -2.2758305,  -3.715971 ]; [[14235.06964924, -716.67013591, 1468.71079929,  290.49075296,   1230.50240725,  973.81381705,  571.46522135,  508.80207684,    527.65818387,  431.90263645,  534.08387825,  460.06612526,    382.53972838], [ -716.67013591, 2024.96910641, -602.13913121,  195.32203949,   -421.17258112, -339.65116075, -242.0604968 , -240.00092351,   -338.86761596, -151.77205887, -170.75830884, -150.58349701,   -151.35644277], [ 1468.71079929, -602.13913121,  788.89381869,  101.20565162,    488.94829551,  390.73405405,  300.76479175,  249.35945095,    207.57535578,  164.24259091,  248.00330709,  203.1484178 ,    176.16595136], [  290.49075296,  195.32203949,  101.20565162,  206.6552674 ,     64.7230446 ,   77.68901425,   68.28033803,   40.45048864,     16.49081123,   16.14496292,   42.58749664,   37.65824292,     22.82117066], [ 1230.50240725, -421.17258112,  488.94829551,   64.7230446 ,    488.36527252,  335.90469532,  244.31756486,  211.38727588,    200.61887637,  136.78476629,  206.81552134,  170.18100459,    160.0693522 ], [  973.81381705, -339.65116075,  390.73405405,   77.68901425,    335.90469532,  379.22174707,  244.63203964,  202.34801469,    169.51165295,   91.59792204,  151.68322546,  125.06565467,    120.36862359], [  571.46522135, -242.0604968 ,  300.76479175,   68.28033803,    244.31756486,  244.63203964,  289.50320327,  192.09256508,    149.82378994,   93.29879426,  119.32610376,  101.89095165,     81.6935626 ], [  508.80207684, -240.00092351,  249.35945095,   40.45048864,    211.38727588,  202.34801469,  192.09256508,  282.86972765,    178.85427943,   20.39083489,   58.03596273,   70.53018636,     81.60108616], [  527.65818387, -338.86761596,  207.57535578,   16.49081123,    200.61887637,  169.51165295,  149.82378994,  178.85427943,    297.19770798,  129.42899394,   45.04306403,   45.78742634,     46.49429285], [  431.90263645, -151.77205887,  164.24259091,   16.14496292,    136.78476629,   91.59792204,   93.29879426,   20.39083489,    129.42899394,  261.15322883,  123.04151938,   57.09564244,     44.73656744], [  534.08387825, -170.75830884,  248.00330709,   42.58749664,    206.81552134,  151.68322546,  119.32610376,   58.03596273,     45.04306403,  123.04151938,  273.73208989,  159.23202213,     98.58072834], [  460.06612526, -150.58349701,  203.1484178 ,   37.65824292,    170.18100459,  125.06565467,  101.89095165,   70.53018636,     45.78742634,   57.09564244,  159.23202213,  198.4224139 ,     97.68495928], [  382.53972838, -151.35644277,  176.16595136,   22.82117066,    160.0693522 ,  120.36862359,   81.6935626 ,   81.60108616,     46.49429285,   44.73656744,   98.58072834,   97.68495928,    185.53128467]]
/root/sim/music/601~700/609_夏の終わり.mp3; [-1037.7126    ,  205.70724   ,   56.728287  ,   -5.181951  ,   -19.406534  ,  -14.291055  ,   -7.6906934 ,   -4.3234396 ,    -4.240582  ,   -3.334387  ,   -1.5556908 ,    0.11082278,    -0.96488065]; [[12432.44837603, 8054.25804052, -229.79344581,-1135.49499238,   -936.37786776, -578.90249328, -408.17239438, -268.4439344 ,   -337.64629963, -347.66347984, -319.43288044, -160.0387597 ,    -30.60215918], [ 8054.25804052, 6265.11585493,  427.59437008, -973.44224874,   -852.6703966 , -552.73379612, -381.39851315, -289.99454336,   -307.49098549, -291.8191304 , -231.86150827, -116.61059645,    -55.5484852 ], [ -229.79344581,  427.59437008,  716.55639357,  170.28299575,    -59.39880532,  -77.86017433,  -97.06477747, -119.39344037,   -106.49586139,  -70.24133806,  -12.01858907,    3.2215185 ,    -28.28954967], [-1135.49499238, -973.44224874,  170.28299575,  602.668065  ,    482.98896324,  288.1944998 ,  131.05454667,   33.35843295,    -16.49013374,  -17.00267443,    4.1228048 ,    4.32299497,      4.55417777], [ -936.37786776, -852.6703966 ,  -59.39880532,  482.98896324,    648.80768795,  496.33956914,  289.92838615,  132.06503825,     14.76173451,  -40.79809168,  -36.9847405 ,  -14.56505232,     18.71720582], [ -578.90249328, -552.73379612,  -77.86017433,  288.1944998 ,    496.33956914,  489.45108273,  342.06164941,  163.26278882,      9.84630991,  -70.70658624,  -67.89088967,  -28.75223084,     12.31083381], [ -408.17239438, -381.39851315,  -97.06477747,  131.05454667,    289.92838615,  342.06164941,  313.73696343,  198.38568396,     50.7912796 ,  -50.36412029,  -73.59285751,  -42.7998957 ,     -2.00940852], [ -268.4439344 , -289.99454336, -119.39344037,   33.35843295,    132.06503825,  163.26278882,  198.38568396,  222.40455191,    153.63162783,   24.21801518,  -53.28309094,  -45.32323066,      0.24260526], [ -337.64629963, -307.49098549, -106.49586139,  -16.49013374,     14.76173451,    9.84630991,   50.7912796 ,  153.63162783,    220.06688507,  151.13348925,   19.2129779 ,  -42.68004419,    -12.91713517], [ -347.66347984, -291.8191304 ,  -70.24133806,  -17.00267443,    -40.79809168,  -70.70658624,  -50.36412029,   24.21801518,    151.13348925,  226.3252264 ,  138.52858549,   -9.2164216 ,    -56.58230833], [ -319.43288044, -231.86150827,  -12.01858907,    4.1228048 ,    -36.9847405 ,  -67.89088967,  -73.59285751,  -53.28309094,     19.2129779 ,  138.52858549,  193.32991962,  101.08260175,    -26.93299134], [ -160.0387597 , -116.61059645,    3.2215185 ,    4.32299497,    -14.56505232,  -28.75223084,  -42.7998957 ,  -45.32323066,    -42.68004419,   -9.2164216 ,  101.08260175,  186.01395827,    120.59139789], [  -30.60215918,  -55.5484852 ,  -28.28954967,    4.55417777,     18.71720582,   12.31083381,   -2.00940852,    0.24260526,    -12.91713517,  -56.58230833,  -26.93299134,  120.59139789,    218.00556175]]
/root/sim/music/601~700/672_vigilant.mp3; [-652.16144   ,  80.74132   ,  64.54449   ,  25.585596  ,   0.79033256,   20.53662   ,   5.067641  ,  13.565193  ,   3.5508685 ,   9.264748  ,    2.6148994 ,   5.434233  ,   3.3841627 ]; [[18452.04185821, -383.3749464 , 1021.86428833,  305.52154672,   -322.51409804,  517.49938714,   36.68297941,  229.18731031,    -57.66883725,  -29.77386264,  -79.74333186,  -34.14524269,    -18.39634911], [ -383.3749464 , 1828.39544137, -319.18386905, -245.81517215,    111.67173482, -133.87485612,   34.13109594,   43.06084644,    -27.50651369,    8.69409127,   20.18580253,   37.70726195,    -14.41277675], [ 1021.86428833, -319.18386905, 1210.51500483,  415.24293279,    -98.09604804,  129.67880501,   15.51979045,   79.18129452,     44.5902888 ,  100.99623295,   36.46121908,   48.83381354,     16.62855835], [  305.52154672, -245.81517215,  415.24293279,  454.04030418,    139.89442023,   75.36183794,  102.21435736,   18.72922811,     66.70913112,   62.38438363,   23.29456552,   30.97089167,     -6.11419743], [ -322.51409804,  111.67173482,  -98.09604804,  139.89442023,    357.449837  ,  105.54589308,  117.42037122,   -9.58048759,     44.03777827,   42.56955037,   35.35329625,   17.30832539,     -2.488127  ], [  517.49938714, -133.87485612,  129.67880501,   75.36183794,    105.54589308,  205.48819707,   55.35916769,   26.15144718,     13.84180831,   24.26193217,   14.7321553 ,   -8.13522015,     -1.66734245], [   36.68297941,   34.13109594,   15.51979045,  102.21435736,    117.42037122,   55.35916769,  216.57958302,   48.34501962,     51.70703596,   18.18611487,   22.04255312,   33.91832393,     -9.0202481 ], [  229.18731031,   43.06084644,   79.18129452,   18.72922811,     -9.58048759,   26.15144718,   48.34501962,  157.53980741,     42.51023003,   28.28783939,   26.48521638,    6.47900986,      5.47930009], [  -57.66883725,  -27.50651369,   44.5902888 ,   66.70913112,     44.03777827,   13.84180831,   51.70703596,   42.51023003,    111.58040448,   55.58806452,   11.68755725,   24.88519022,      6.02630314], [  -29.77386264,    8.69409127,  100.99623295,   62.38438363,     42.56955037,   24.26193217,   18.18611487,   28.28783939,     55.58806452,  113.32835715,   57.01741804,   12.52747063,     18.89073975], [  -79.74333186,   20.18580253,   36.46121908,   23.29456552,     35.35329625,   14.7321553 ,   22.04255312,   26.48521638,     11.68755725,   57.01741804,   99.79746022,   57.06216204,     21.76411181], [  -34.14524269,   37.70726195,   48.83381354,   30.97089167,     17.30832539,   -8.13522015,   33.91832393,    6.47900986,     24.88519022,   12.52747063,   57.06216204,  127.34235948,     46.9648971 ], [  -18.39634911,  -14.41277675,   16.62855835,   -6.11419743,     -2.488127  ,   -1.66734245,   -9.0202481 ,    5.47930009,      6.02630314,   18.89073975,   21.76411181,   46.9648971 ,     66.68776337]]
/root/sim/music/601~700/619_百鬼夜行.mp3; [-553.11566  , 122.042496 ,  12.382884 ,  10.388973 ,   6.153136 ,   14.038775 ,  11.08542  ,   8.568988 ,   0.8760227,   5.6379123,    2.2615967,   4.433196 ,   3.9719958]; [[ 8725.007572  ,-2231.46228737, -272.56801213, -832.32269656,   -110.11288764,  -75.75768381, -295.74831838, -234.92776734,    -97.5875593 , -112.75491841, -184.26095435, -161.26613306,   -181.93187723], [-2231.46228737, 2167.02957597,  -44.57389235,  318.77321086,   -204.35595581,  -57.01002694,   68.5519572 ,   47.72735261,    -37.53271317,   -2.27049821,   43.57394643,  -10.68420969,     29.43624103], [ -272.56801213,  -44.57389235,  428.58136386,   83.1344282 ,     70.63182846,   18.91257747,   20.14839612,    6.20952326,     -0.21979109,   -0.34243403,  -23.54124442,    2.26635226,     21.56444503], [ -832.32269656,  318.77321086,   83.1344282 ,  302.34669063,     22.15076819,    8.02592858,   33.41636976,   37.90407805,      1.99604314,   11.36733211,   13.38349678,    3.54624855,     -5.27849912], [ -110.11288764, -204.35595581,   70.63182846,   22.15076819,    215.24144188,   88.14270743,   41.49479164,   29.43151782,     38.73819432,   10.94365561,   18.54045708,   28.01426919,     27.70627667], [  -75.75768381,  -57.01002694,   18.91257747,    8.02592858,     88.14270743,  150.07921162,   67.85646522,   50.37122494,     36.17318088,   14.0249715 ,   32.27838389,   29.12808356,     24.56569584], [ -295.74831838,   68.5519572 ,   20.14839612,   33.41636976,     41.49479164,   67.85646522,  130.63852317,   46.65408676,     32.93543307,   21.32672566,   31.55794762,   22.51802812,     21.67144649], [ -234.92776734,   47.72735261,    6.20952326,   37.90407805,     29.43151782,   50.37122494,   46.65408676,   93.94802832,     46.77619981,   27.24992598,   35.47023695,   24.40637306,     26.02043642], [  -97.5875593 ,  -37.53271317,   -0.21979109,    1.99604314,     38.73819432,   36.17318088,   32.93543307,   46.77619981,     95.61195514,   44.83309368,   32.66259873,   21.58038018,     18.11713293], [ -112.75491841,   -2.27049821,   -0.34243403,   11.36733211,     10.94365561,   14.0249715 ,   21.32672566,   27.24992598,     44.83309368,   71.93744045,   33.49327457,   16.51436262,     13.22980958], [ -184.26095435,   43.57394643,  -23.54124442,   13.38349678,     18.54045708,   32.27838389,   31.55794762,   35.47023695,     32.66259873,   33.49327457,   92.42162375,   40.30284024,     22.22356954], [ -161.26613306,  -10.68420969,    2.26635226,    3.54624855,     28.01426919,   29.12808356,   22.51802812,   24.40637306,     21.58038018,   16.51436262,   40.30284024,   71.90128414,     46.57629517], [ -181.93187723,   29.43624103,   21.56444503,   -5.27849912,     27.70627667,   24.56569584,   21.67144649,   26.02043642,     18.11713293,   13.22980958,   22.22356954,   46.57629517,     84.67172334]]
/root/sim/music/601~700/638_雨が止むまで.mp3; [-775.2834    , 167.72682   ,   1.2401161 ,   4.1588655 ,  -4.6075673 ,  -15.184171  , -13.307661  ,  -7.04545   ,  -7.3496566 ,  -9.796608  ,   -9.217695  ,   0.29594293,  -5.4106207 ]; [[25563.40105189,  854.43212301,-1600.01647795,  485.74489356,    993.43164328, 1091.22747037,  852.90266677,  921.25671262,   1104.46233875,  854.97779405,  729.95616564,  698.71666673,    214.46497765], [  854.43212301, 4317.66907491,   48.50692059,  356.98711846,   -311.55760308, -240.24747188,  257.21802057, -187.55623314,   -339.16052687, -219.90989804,   73.40487884,   70.17413884,    -77.29312795], [-1600.01647795,   48.50692059, 1326.64862471,  110.4371202 ,      5.90020222, -158.88326855,  -17.35760621,   36.9588033 ,    -24.43972384,  -69.93108562,  -29.3058713 ,  -33.04021104,    -42.48162504], [  485.74489356,  356.98711846,  110.4371202 ,  595.06090057,     -7.97037261,  -15.38644561,  -80.42432433,  -86.13806436,    -94.65098   ,    9.03521416,   10.52226052,  -25.05946044,      5.93382761], [  993.43164328, -311.55760308,    5.90020222,   -7.97037261,    658.01259683,  307.05815404,  132.95833485,  237.78953083,    157.06985047,   10.45474347,  114.25910781,   95.74595281,     61.44880895], [ 1091.22747037, -240.24747188, -158.88326855,  -15.38644561,    307.05815404,  459.97699883,  190.65455202,  130.61517199,    128.78642082,   81.83271886,   78.74778303,   66.62484263,     75.9172439 ], [  852.90266677,  257.21802057,  -17.35760621,  -80.42432433,    132.95833485,  190.65455202,  426.68711115,  124.17405403,     33.49849102,   10.90780726,  110.49944145,   83.91078297,     69.34889262], [  921.25671262, -187.55623314,   36.9588033 ,  -86.13806436,    237.78953083,  130.61517199,  124.17405403,  422.27982712,    186.23815359,    4.93086302,   32.43614124,   96.43961405,     -6.44018016], [ 1104.46233875, -339.16052687,  -24.43972384,  -94.65098   ,    157.06985047,  128.78642082,   33.49849102,  186.23815359,    458.3013584 ,  144.48257657,    4.92446426,   54.47548411,     -1.51255677], [  854.97779405, -219.90989804,  -69.93108562,    9.03521416,     10.45474347,   81.83271886,   10.90780726,    4.93086302,    144.48257657,  334.00442697,   49.29891347,   21.32203387,      3.01139854], [  729.95616564,   73.40487884,  -29.3058713 ,   10.52226052,    114.25910781,   78.74778303,  110.49944145,   32.43614124,      4.92446426,   49.29891347,  375.43641443,   21.59893057,    -86.36233992], [  698.71666673,   70.17413884,  -33.04021104,  -25.05946044,     95.74595281,   66.62484263,   83.91078297,   96.43961405,     54.47548411,   21.32203387,   21.59893057,  227.94350742,     65.02328897], [  214.46497765,  -77.29312795,  -42.48162504,    5.93382761,     61.44880895,   75.9172439 ,   69.34889262,   -6.44018016,     -1.51255677,    3.01139854,  -86.36233992,   65.02328897,    286.53012708]]
/root/sim/music/601~700/618_お菓子作り.mp3; [-735.5993    , 187.53864   ,  44.608444  ,  14.485838  ,   7.50075   ,    3.9444463 , -14.389043  ,  -4.788178  ,  -0.22644639,  -5.3955154 ,    1.9478778 ,   5.3256464 ,   0.8953133 ]; [[21501.45034124,-3304.22395198,-2086.91800371,-1260.43834783,   -948.55726355, -354.09261273, -488.69495517, -217.9578512 ,   -215.93237254,  -73.48009542,  -13.54186926, -141.31075152,    161.29562296], [-3304.22395198, 3867.53895271,  478.32152472,  386.96452514,    345.97992358,   83.67139592,   21.95080913,  228.09162452,    281.39750124,  260.96661631,  227.80917407,   50.55382699,   -117.15389773], [-2086.91800371,  478.32152472, 1290.15284022,  272.01011409,    217.59820211,  211.41495091,  210.14301228,   -9.30599449,     50.64926098,   61.94283061,  -87.16728945,  -55.75793676,    -26.84377155], [-1260.43834783,  386.96452514,  272.01011409,  427.02283065,    163.76732963,  102.57850967,  100.42397323,  177.49859745,     49.80333869,   54.39705239,   64.17430473,   41.84381955,    -28.12539157], [ -948.55726355,  345.97992358,  217.59820211,  163.76732963,    283.21551994,   75.32014479,  111.76814115,   10.47162115,    112.39918558,   32.29108874,    1.84010944,   14.25181334,     25.06246835], [ -354.09261273,   83.67139592,  211.41495091,  102.57850967,     75.32014479,  264.63517261,  107.46498127,  -12.45995971,     34.10560683,   68.33999674,    7.14495754,  -26.01353599,     84.25478113], [ -488.69495517,   21.95080913,  210.14301228,  100.42397323,    111.76814115,  107.46498127,  370.99756075,   70.63097067,     -4.26169358,   86.37489902,  -35.72403214, -158.4481428 ,    -74.08370111], [ -217.9578512 ,  228.09162452,   -9.30599449,  177.49859745,     10.47162115,  -12.45995971,   70.63097067,  387.49371352,     24.77507726,   15.386172  ,   85.17781818,   24.76296403,   -101.51426486], [ -215.93237254,  281.39750124,   50.64926098,   49.80333869,    112.39918558,   34.10560683,   -4.26169358,   24.77507726,    410.84412483,   -4.66913985,  -34.2769968 ,   61.1035352 ,    160.62386599], [  -73.48009542,  260.96661631,   61.94283061,   54.39705239,     32.29108874,   68.33999674,   86.37489902,   15.386172  ,     -4.66913985,  273.96452282,   51.60670463, -122.68566362,    -64.63127795], [  -13.54186926,  227.80917407,  -87.16728945,   64.17430473,      1.84010944,    7.14495754,  -35.72403214,   85.17781818,    -34.2769968 ,   51.60670463,  237.32572833,   41.35982355,    -33.05796088], [ -141.31075152,   50.55382699,  -55.75793676,   41.84381955,     14.25181334,  -26.01353599, -158.4481428 ,   24.76296403,     61.1035352 , -122.68566362,   41.35982355,  303.84770195,     85.15880304], [  161.29562296, -117.15389773,  -26.84377155,  -28.12539157,     25.06246835,   84.25478113,  -74.08370111, -101.51426486,    160.62386599,  -64.63127795,  -33.05796088,   85.15880304,    339.35511601]]
/root/sim/music/601~700/653_A_Morning_In_The_Forest.mp3; [-793.65094   , 243.54121   ,  28.248198  ,  39.085205  ,   7.4063063 ,    6.134271  ,  -1.9736123 ,  -0.37963042,   3.357731  ,  -2.4676437 ,   -9.137698  ,  -7.0538783 , -11.8046055 ]; [[ 6515.2992833 ,  -88.37332663,-2078.61130969,  132.74244893,   -254.54817896,   14.69459444,   32.16667477,   22.70009743,    274.48180443, -106.67592574,  -26.4563216 ,   32.00740232,    -27.46639566], [  -88.37332663, 1157.29192072,   40.88904766, -212.9372972 ,    -35.96759494,  -11.81691746,   28.0043336 ,   35.14792022,    -45.52862594,    7.63688118,   44.06328844,   49.10309282,     20.44111561], [-2078.61130969,   40.88904766, 1370.38646264, -217.80844404,     89.66489255,   17.97200445,  -13.55846604,   91.19528438,   -174.995698  ,  123.31342674,   44.49760375,  -72.55406252,     27.75934292], [  132.74244893, -212.9372972 , -217.80844404,  537.08794221,     25.36037346,  -67.17556246,  -41.85118675,  -77.08263813,    164.41247818,  -11.67608847,  -20.70153408,   38.66153888,    -13.34201344], [ -254.54817896,  -35.96759494,   89.66489255,   25.36037346,    216.38516927,   66.52826401,   16.58976584,  -45.20442627,    -39.30176237,  -12.23141075,  -15.92104403,   45.53517267,     20.33107478], [   14.69459444,  -11.81691746,   17.97200445,  -67.17556246,     66.52826401,  150.50624219,   59.73237627,   40.30374313,    -46.37914604,   -3.08728178,   18.1219032 ,   -6.49483177,     10.35770615], [   32.16667477,   28.0043336 ,  -13.55846604,  -41.85118675,     16.58976584,   59.73237627,  126.400935  ,   65.07642731,     16.79244479,    6.75029256,  -10.90303871,   -3.56760371,     -0.97930742], [   22.70009743,   35.14792022,   91.19528438,  -77.08263813,    -45.20442627,   40.30374313,   65.07642731,  195.21891839,     48.52676251,   27.61574495,   10.80936437,  -42.14773159,     16.57737601], [  274.48180443,  -45.52862594, -174.995698  ,  164.41247818,    -39.30176237,  -46.37914604,   16.79244479,   48.52676251,    179.67829966,   33.51166879,  -19.68661482,    0.94025269,    -26.74380228], [ -106.67592574,    7.63688118,  123.31342674,  -11.67608847,    -12.23141075,   -3.08728178,    6.75029256,   27.61574495,     33.51166879,  109.79388158,   43.49874306,  -26.58430148,    -30.17244451], [  -26.4563216 ,   44.06328844,   44.49760375,  -20.70153408,    -15.92104403,   18.1219032 ,  -10.90303871,   10.80936437,    -19.68661482,   43.49874306,   99.29005718,    0.35925216,     -1.24191257], [   32.00740232,   49.10309282,  -72.55406252,   38.66153888,     45.53517267,   -6.49483177,   -3.56760371,  -42.14773159,      0.94025269,  -26.58430148,    0.35925216,   99.36517456,     41.4164324 ], [  -27.46639566,   20.44111561,   27.75934292,  -13.34201344,     20.33107478,   10.35770615,   -0.97930742,   16.57737601,    -26.74380228,  -30.17244451,   -1.24191257,   41.4164324 ,     85.33185042]]
/root/sim/music/601~700/630_Fly_With_Dreams.mp3; [-622.7377    , 158.04773   ,   5.5747037 ,  22.849361  ,  12.170973  ,    4.41085   ,  -5.6049333 ,  -0.49265093,   0.6026598 ,   0.7883136 ,   -3.3284068 ,  -1.1831404 ,  -4.8810234 ]; [[ 3366.27990579,-2179.93998002,  914.34854635,  200.08748413,   -195.13883947,  188.90507333,  112.60443973,   75.27340313,     29.79320973,   76.64754965,   53.19695446,   16.70654413,     86.97714964], [-2179.93998002, 2205.41438317, -807.35824046,   55.9470139 ,    255.27601175,  -55.13192309,   32.78032715,  -12.80015718,      5.27957592,   13.35539498,  -11.80155465,   33.37819714,     -0.19146822], [  914.34854635, -807.35824046,  532.53799717,    1.57907544,      1.77822481,  112.93724984,   31.31672112,   47.96550575,     37.87799371,   53.60275261,   39.22499346,   11.39873355,     35.59845074], [  200.08748413,   55.9470139 ,    1.57907544,  221.54650116,     36.41143196,   50.89391265,   76.78661913,   60.1838997 ,     43.33506   ,   60.69085588,   34.07353916,   21.802585  ,     28.88309025], [ -195.13883947,  255.27601175,    1.77822481,   36.41143196,    175.00827441,   46.55099406,   54.32599578,   63.56368367,     34.12740031,   45.99540057,   27.041259  ,   33.07708131,     25.11061735], [  188.90507333,  -55.13192309,  112.93724984,   50.89391265,     46.55099406,  109.55360829,   58.98967263,   35.58127475,     23.22611476,   30.12926095,   24.06609692,   22.87770521,     30.34856543], [  112.60443973,   32.78032715,   31.31672112,   76.78661913,     54.32599578,   58.98967263,  104.00923199,   54.29924282,     26.75200016,   40.39206289,   23.87547   ,   27.44061884,     32.84695108], [   75.27340313,  -12.80015718,   47.96550575,   60.1838997 ,     63.56368367,   35.58127475,   54.29924282,  105.2350859 ,     42.28469191,   35.222053  ,   25.04076323,   18.01290676,     23.64250745], [   29.79320973,    5.27957592,   37.87799371,   43.33506   ,     34.12740031,   23.22611476,   26.75200016,   42.28469191,     69.22508067,   46.04467823,   20.06284611,   10.78075548,      9.06525281], [   76.64754965,   13.35539498,   53.60275261,   60.69085588,     45.99540057,   30.12926095,   40.39206289,   35.222053  ,     46.04467823,   88.08805669,   36.70855991,   10.33930335,     12.92144935], [   53.19695446,  -11.80155465,   39.22499346,   34.07353916,     27.041259  ,   24.06609692,   23.87547   ,   25.04076323,     20.06284611,   36.70855991,   52.80083731,   19.97317061,      4.26511328], [   16.70654413,   33.37819714,   11.39873355,   21.802585  ,     33.07708131,   22.87770521,   27.44061884,   18.01290676,     10.78075548,   10.33930335,   19.97317061,   51.00376379,     25.57345258], [   86.97714964,   -0.19146822,   35.59845074,   28.88309025,     25.11061735,   30.34856543,   32.84695108,   23.64250745,      9.06525281,   12.92144935,    4.26511328,   25.57345258,     55.25986641]]
