/root/sim/music/701~800/745_葛藤と決意。.mp3; [-738.29865   , 266.76135   ,  -1.8210092 ,  -4.451273  , -13.038851  ,    1.4009929 ,  -4.4923296 ,   0.02434151,   0.5887108 ,   4.111132  ,    5.4883494 ,   4.924936  ,  -2.776631  ]; [[10115.90576164, 1900.53800711, -982.64519118,  929.05399258,    243.10605825,  162.71279982,  329.80689967,  342.6120949 ,    111.55310303,  157.40187478,   34.11404488,  255.68747021,     64.88447704], [ 1900.53800711, 1573.15979615,  176.50877512, -117.0531693 ,     89.7373286 ,  129.47525672,   43.39579641,   90.49203662,     48.50465759,   14.84156977,   19.91825592,   -7.29670057,     10.65990052], [ -982.64519118,  176.50877512,  933.66326361,  -69.94921825,    -22.28505653,   57.65541079,   29.03455957,  142.68047305,    118.47300979,   30.23185864,    5.80655392,  -80.53251522,    -43.31538064], [  929.05399258, -117.0531693 ,  -69.94921825,  611.7734346 ,     41.46511132,  -20.18266631,  115.99875081,   91.17183152,     87.49187806,   90.48723398,   49.67448576,  109.74007138,     48.10543192], [  243.10605825,   89.7373286 ,  -22.28505653,   41.46511132,    181.44711581,   66.27108921,   22.89502461,   22.14921148,    -25.46886364,    1.46878049,   39.30053637,   39.46208366,     -7.68176904], [  162.71279982,  129.47525672,   57.65541079,  -20.18266631,     66.27108921,  148.46458446,   63.89743705,   39.79711713,     16.08054941,    3.12572468,   20.01231366,    5.09374345,    -21.52557152], [  329.80689967,   43.39579641,   29.03455957,  115.99875081,     22.89502461,   63.89743705,  192.26828471,   91.5062296 ,     16.16913881,   25.23382149,    9.43706555,   12.9959494 ,    -36.35818993], [  342.6120949 ,   90.49203662,  142.68047305,   91.17183152,     22.14921148,   39.79711713,   91.5062296 ,  204.70420007,    120.9468872 ,   30.30529828,  -11.53095056,  -22.20806446,    -29.78800044], [  111.55310303,   48.50465759,  118.47300979,   87.49187806,    -25.46886364,   16.08054941,   16.16913881,  120.9468872 ,    210.31742274,   72.61814942,  -54.07918846,  -55.51750636,      7.07989048], [  157.40187478,   14.84156977,   30.23185864,   90.48723398,      1.46878049,    3.12572468,   25.23382149,   30.30529828,     72.61814942,  115.62760032,   44.22957284,   -4.35846884,    -29.43004341], [   34.11404488,   19.91825592,    5.80655392,   49.67448576,     39.30053637,   20.01231366,    9.43706555,  -11.53095056,    -54.07918846,   44.22957284,  226.40823814,  108.96924273,    -60.6958607 ], [  255.68747021,   -7.29670057,  -80.53251522,  109.74007138,     39.46208366,    5.09374345,   12.9959494 ,  -22.20806446,    -55.51750636,   -4.35846884,  108.96924273,  174.57183888,     50.7665928 ], [   64.88447704,   10.65990052,  -43.31538064,   48.10543192,     -7.68176904,  -21.52557152,  -36.35818993,  -29.78800044,      7.07989048,  -29.43004341,  -60.6958607 ,   50.7665928 ,    195.17887847]]
/root/sim/music/701~800/747_カレーラッシー.mp3; [-697.25305   , 116.65532   ,  -0.84952706,  16.243773  ,   7.2527966 ,    7.518352  ,  -6.2774096 ,  -4.5073724 ,  -8.026535  ,   7.7983665 ,   -2.108344  ,   1.5706325 ,  -3.2239847 ]; [[5375.67030049,-987.69142475, 363.59043057, 214.19782888, -11.39767443,    37.71600751, 164.50158603,  87.08811545, 147.1340263 ,-266.92582057,   -56.55922401,  -9.20317198, -49.15101933], [-987.69142475,1219.23298455,  16.86279464,  12.94947851, 173.14517754,   106.72475314,  74.80887411, 197.07105002,  46.62559633, 169.95065271,    32.16475374,  -3.56473699,   5.88585431], [ 363.59043057,  16.86279464, 485.16922929, 229.90794431, 146.01179631,   172.01998162, 134.57243285, 105.86474534, 113.83301563,  60.62050019,    73.64367581,  57.83973959,  31.77950147], [ 214.19782888,  12.94947851, 229.90794431, 362.60265835, 168.4932593 ,   131.16989528, 118.01411396,  68.28253197,  81.22050325,  29.35172392,    54.83049788,  41.7540021 ,  13.85769855], [ -11.39767443, 173.14517754, 146.01179631, 168.4932593 , 358.33525735,   120.48203602, 104.03199122,  74.59257616,  -2.19720091,  75.05418494,    60.74545538,  35.58902125,  18.80368545], [  37.71600751, 106.72475314, 172.01998162, 131.16989528, 120.48203602,   212.50488144,  74.2581835 ,  69.69951605,  59.87842052,  54.52049452,    56.56115732,  28.53424843,  28.15995077], [ 164.50158603,  74.80887411, 134.57243285, 118.01411396, 104.03199122,    74.2581835 , 179.85305478,  83.79739218,  82.08882681,  34.073422  ,     4.15955242,  18.76367131,   6.65854824], [  87.08811545, 197.07105002, 105.86474534,  68.28253197,  74.59257616,    69.69951605,  83.79739218, 170.15087846,  92.88254809,  54.71438583,    12.48133856,  11.74424485,  -3.51638991], [ 147.1340263 ,  46.62559633, 113.83301563,  81.22050325,  -2.19720091,    59.87842052,  82.08882681,  92.88254809, 172.8436247 ,  41.52311953,     8.54034106,  32.8600992 ,  11.26349452], [-266.92582057, 169.95065271,  60.62050019,  29.35172392,  75.05418494,    54.52049452,  34.073422  ,  54.71438583,  41.52311953, 142.96859931,    65.52305512,  38.65310461,  30.84040853], [ -56.55922401,  32.16475374,  73.64367581,  54.83049788,  60.74545538,    56.56115732,   4.15955242,  12.48133856,   8.54034106,  65.52305512,   139.79904146,  52.79974221,  62.30367924], [  -9.20317198,  -3.56473699,  57.83973959,  41.7540021 ,  35.58902125,    28.53424843,  18.76367131,  11.74424485,  32.8600992 ,  38.65310461,    52.79974221, 123.21664405,  51.75166615], [ -49.15101933,   5.88585431,  31.77950147,  13.85769855,  18.80368545,    28.15995077,   6.65854824,  -3.51638991,  11.26349452,  30.84040853,    62.30367924,  51.75166615, 105.30569058]]
/root/sim/music/701~800/786_リスのおやつ.mp3; [-801.5857   , 158.61324  ,  41.056595 ,  14.478548 ,  26.886454 ,    6.6410394, -12.598739 , -10.247722 ,  -9.429058 , -22.784319 ,  -16.6144   ,  -3.0150928, -18.816088 ]; [[11482.98609257,-3468.47473593,  284.77105248, -685.2121916 ,   -414.80102592, -814.04001942,  245.68411934, -311.16733679,   -146.72548195, -399.7184591 ,  -50.75674904,  288.42572519,    -59.87544041], [-3468.47473593, 2931.14020466, -684.70063775,   20.45330781,   -251.58228734,  230.47226322,  125.20027969,  234.78647072,    -24.3347601 ,  143.33279139,  -95.52329548, -230.55941652,    122.20555372], [  284.77105248, -684.70063775, 1337.63472745,  161.34509878,    211.51004692,    2.11202928, -275.85699001, -412.42962054,      8.56231975,  297.81457318,  219.97451063,  140.62643933,    -75.70980849], [ -685.2121916 ,   20.45330781,  161.34509878,  454.50632427,    186.17216143,    8.32284648, -286.31736787,   -4.92361364,    -25.05707855,  -27.39539903,   49.70144811,  165.60181056,   -111.64557768], [ -414.80102592, -251.58228734,  211.51004692,  186.17216143,    404.51923551,  113.1671972 , -143.64753351,   13.70167533,     70.06841862,   -5.06784819,   87.98554866,  106.61998731,     -9.2768043 ], [ -814.04001942,  230.47226322,    2.11202928,    8.32284648,    113.1671972 ,  663.34806618,  358.40043608, -149.87865941,    -17.64806018,  455.50449558,  166.31746172,   52.0461378 ,    -14.87512507], [  245.68411934,  125.20027969, -275.85699001, -286.31736787,   -143.64753351,  358.40043608,  902.39873249,  -21.1961442 ,    -86.28297811,  359.7312722 ,   73.46137231,  -44.45090996,     68.60366345], [ -311.16733679,  234.78647072, -412.42962054,   -4.92361364,     13.70167533, -149.87865941,  -21.1961442 ,  691.3017269 ,    140.34516372, -459.87738463, -126.31492508,  -59.6930838 ,    130.60797361], [ -146.72548195,  -24.3347601 ,    8.56231975,  -25.05707855,     70.06841862,  -17.64806018,  -86.28297811,  140.34516372,    246.02887736, -106.2502266 ,  -54.28153026,  -84.93751366,     88.61800889], [ -399.7184591 ,  143.33279139,  297.81457318,  -27.39539903,     -5.06784819,  455.50449558,  359.7312722 , -459.87738463,   -106.2502266 ,  796.34646222,  150.89860804,   61.47136064,   -101.61494286], [  -50.75674904,  -95.52329548,  219.97451063,   49.70144811,     87.98554866,  166.31746172,   73.46137231, -126.31492508,    -54.28153026,  150.89860804,  306.84174986,   45.00520924,     17.27225732], [  288.42572519, -230.55941652,  140.62643933,  165.60181056,    106.61998731,   52.0461378 ,  -44.45090996,  -59.6930838 ,    -84.93751366,   61.47136064,   45.00520924,  374.88064762,   -146.05551935], [  -59.87544041,  122.20555372,  -75.70980849, -111.64557768,     -9.2768043 ,  -14.87512507,   68.60366345,  130.60797361,     88.61800889, -101.61494286,   17.27225732, -146.05551935,    251.0564476 ]]
/root/sim/music/701~800/758_Go_Go_サイクリング.mp3; [-587.8441    , 134.22429   ,   0.07078877,  31.39578   ,  -1.1549379 ,   13.16101   ,   4.261289  ,   4.467087  ,   0.5009772 ,   0.16984808,   -6.82284   ,  -4.5265493 ,  -7.692817  ]; [[ 3225.42593642,-1282.50097551,  304.65123654,  117.67621125,    -35.58137849,  -53.93487066,  -12.35972171,   19.95319692,    -19.98028342,   40.65366504,   19.69140132,   -2.06447793,     69.37276926], [-1282.50097551,  965.02985207, -328.90944919,  -26.54744132,     23.19954196,   28.86244092,   24.85852187,  -16.56920914,     55.70585879,    3.34303569,    4.81259766,   36.66593066,     -1.03540205], [  304.65123654, -328.90944919,  433.55543121,   18.41639316,     42.29916261,   29.18484182,   -6.9291923 ,   60.91270607,    -23.4608414 ,    6.88796809,   54.33888451,   -5.52548834,     21.76106186], [  117.67621125,  -26.54744132,   18.41639316,  181.30991869,     43.02894969,   28.18517609,   33.55891897,   15.38002696,     36.80808112,   44.27991189,   21.51422713,   30.77503968,     29.38713439], [  -35.58137849,   23.19954196,   42.29916261,   43.02894969,     80.39498326,   58.12363101,   40.44887175,   34.637291  ,     25.74099054,   30.86176756,   32.28585312,   17.8282338 ,     22.25729561], [  -53.93487066,   28.86244092,   29.18484182,   28.18517609,     58.12363101,   93.44906035,   62.94809587,   43.19076281,     17.51922145,   22.64643137,   32.96049924,   18.59919871,     22.34213379], [  -12.35972171,   24.85852187,   -6.9291923 ,   33.55891897,     40.44887175,   62.94809587,   96.94172576,   52.64277245,     34.77491315,   31.21001351,   28.41891745,   23.07832808,     25.76515232], [   19.95319692,  -16.56920914,   60.91270607,   15.38002696,     34.637291  ,   43.19076281,   52.64277245,   71.29138877,     30.15051185,   24.17963632,   28.5398814 ,   16.49973509,     21.73382462], [  -19.98028342,   55.70585879,  -23.4608414 ,   36.80808112,     25.74099054,   17.51922145,   34.77491315,   30.15051185,     59.1664579 ,   41.22991291,   21.08076539,   16.91881869,     16.03907994], [   40.65366504,    3.34303569,    6.88796809,   44.27991189,     30.86176756,   22.64643137,   31.21001351,   24.17963632,     41.22991291,   72.31678174,   41.91557189,   20.46154501,     11.62620646], [   19.69140132,    4.81259766,   54.33888451,   21.51422713,     32.28585312,   32.96049924,   28.41891745,   28.5398814 ,     21.08076539,   41.91557189,   69.12041774,   30.40509642,     10.71785788], [   -2.06447793,   36.66593066,   -5.52548834,   30.77503968,     17.8282338 ,   18.59919871,   23.07832808,   16.49973509,     16.91881869,   20.46154501,   30.40509642,   47.65515812,     27.04477582], [   69.37276926,   -1.03540205,   21.76106186,   29.38713439,     22.25729561,   22.34213379,   25.76515232,   21.73382462,     16.03907994,   11.62620646,   10.71785788,   27.04477582,     50.63302098]]
/root/sim/music/701~800/765_Hydrangea_in_June.mp3; [-960.0678   , 265.82452  ,  40.334198 , -25.814636 , -17.695139 ,  -15.260694 , -16.7723   , -14.862185 , -12.017257 ,  -3.4477844,    2.116543 ,  -1.1185087,  -6.0423436]; [[ 6246.86530188, 3216.4821141 ,-1387.09308638, -460.08189865,    264.1656332 ,  -45.82842198,  -42.05922791,  104.4996996 ,    -27.55605668,   32.09067857,   45.32892814,  -45.28825907,    -97.58510935], [ 3216.4821141 , 2464.75945555, -214.85692275, -363.49259574,    144.15299756,  106.11482212,   32.25612306,   22.2976585 ,    -21.80367862,   10.01724547,   22.06766196,  -44.70574115,   -105.27420547], [-1387.09308638, -214.85692275,  998.89298896,  178.71625943,   -149.27545885,  140.22443145,  102.46876683,  -28.2893994 ,     25.48887669,    1.52955351,  -16.80468819,   -0.67391894,    -28.9146532 ], [ -460.08189865, -363.49259574,  178.71625943,  252.97626651,     29.41712207,   -1.09946803,   50.8316091 ,   50.99210111,     31.75094426,   17.32531908,   12.6608703 ,   29.16025307,     42.5340964 ], [  264.1656332 ,  144.15299756, -149.27545885,   29.41712207,    211.70848492,  101.79437083,   20.24718452,   29.6087366 ,     20.79665652,    7.25971106,   14.15075229,   27.61893489,     33.2501632 ], [  -45.82842198,  106.11482212,  140.22443145,   -1.09946803,    101.79437083,  218.46904931,  101.53405094,    6.47040563,     26.63744266,   14.70860885,   -0.85896037,    7.44877659,    -11.6242549 ], [  -42.05922791,   32.25612306,  102.46876683,   50.8316091 ,     20.24718452,  101.53405094,  157.73492145,   98.03701876,     39.84303535,   32.16063787,   26.94627537,    7.00541135,     -9.2987279 ], [  104.4996996 ,   22.2976585 ,  -28.2893994 ,   50.99210111,     29.6087366 ,    6.47040563,   98.03701876,  150.51501407,     90.82163769,   35.28506802,   22.42409793,   18.39897589,     12.7217835 ], [  -27.55605668,  -21.80367862,   25.48887669,   31.75094426,     20.79665652,   26.63744266,   39.84303535,   90.82163769,    124.45319607,   67.56192953,    6.95511527,   11.40874792,     15.54777806], [   32.09067857,   10.01724547,    1.52955351,   17.32531908,      7.25971106,   14.70860885,   32.16063787,   35.28506802,     67.56192953,   98.79268809,   62.01404508,   16.1329333 ,      7.31718127], [   45.32892814,   22.06766196,  -16.80468819,   12.6608703 ,     14.15075229,   -0.85896037,   26.94627537,   22.42409793,      6.95511527,   62.01404508,  101.09513573,   57.58468222,     10.58310001], [  -45.28825907,  -44.70574115,   -0.67391894,   29.16025307,     27.61893489,    7.44877659,    7.00541135,   18.39897589,     11.40874792,   16.1329333 ,   57.58468222,   82.98440811,     51.15579747], [  -97.58510935, -105.27420547,  -28.9146532 ,   42.5340964 ,     33.2501632 ,  -11.6242549 ,   -9.2987279 ,   12.7217835 ,     15.54777806,    7.31718127,   10.58310001,   51.15579747,     91.49195448]]
/root/sim/music/701~800/788_Neon_Lovers.mp3; [-609.40796  ,  89.334274 ,  13.382424 ,  19.702793 ,  -3.224118 ,   12.553359 ,   2.5770533,   3.3232791,  -1.8327812,   3.2602832,    0.8361797,   1.8969012,  -0.2701307]; [[20636.57700975,  -81.52920742, 1179.37722474,  994.6915915 ,    415.21174567,  137.27535171,  232.47551716,  305.9805565 ,    190.32287415, -103.62382412,  149.706155  ,  -31.69826178,   -308.08940587], [  -81.52920742, 1896.01712997,  201.24365646,  176.65364902,     20.05903634,   57.06306606,   98.55136572,   99.24768407,     81.71137461,  152.99896534,   34.58807056,    8.55120285,     68.17070443], [ 1179.37722474,  201.24365646,  878.67470639,  433.98085191,    183.75278412,   15.60584755,  162.24852125,  157.46539118,    134.85372151,   39.99192745,  101.75789501,   -8.31899934,    -53.45503949], [  994.6915915 ,  176.65364902,  433.98085191,  596.4868647 ,    168.48813404,   85.29304665,  157.7848064 ,  134.30478758,    112.62714299,   58.80178757,   39.47142803,   15.68227698,      0.28773415], [  415.21174567,   20.05903634,  183.75278412,  168.48813404,    305.83403549,   77.98664793,  127.15833364,   97.15735463,    115.74970842,   80.26916975,   66.61091308,   53.10019776,     45.65482496], [  137.27535171,   57.06306606,   15.60584755,   85.29304665,     77.98664793,  179.06439295,   75.91892869,   35.72958591,     24.07371248,   55.29613456,    5.4333361 ,   39.89052643,     46.58456242], [  232.47551716,   98.55136572,  162.24852125,  157.7848064 ,    127.15833364,   75.91892869,  165.7687318 ,  104.96769933,     91.63752521,   73.95011659,   49.99056023,   36.00880429,     39.22790205], [  305.9805565 ,   99.24768407,  157.46539118,  134.30478758,     97.15735463,   35.72958591,  104.96769933,  140.57563134,     95.41689621,   66.83538374,   45.82333031,   35.50674031,     26.37466184], [  190.32287415,   81.71137461,  134.85372151,  112.62714299,    115.74970842,   24.07371248,   91.63752521,   95.41689621,    150.87292411,   93.51562556,   58.09638764,   38.91081447,     40.7951887 ], [ -103.62382412,  152.99896534,   39.99192745,   58.80178757,     80.26916975,   55.29613456,   73.95011659,   66.83538374,     93.51562556,  156.66890077,   61.1845229 ,   60.6258585 ,     82.29600987], [  149.706155  ,   34.58807056,  101.75789501,   39.47142803,     66.61091308,    5.4333361 ,   49.99056023,   45.82333031,     58.09638764,   61.1845229 ,   90.76939659,   49.21098694,     23.4783732 ], [  -31.69826178,    8.55120285,   -8.31899934,   15.68227698,     53.10019776,   39.89052643,   36.00880429,   35.50674031,     38.91081447,   60.6258585 ,   49.21098694,  106.32414853,     73.49416511], [ -308.08940587,   68.17070443,  -53.45503949,    0.28773415,     45.65482496,   46.58456242,   39.22790205,   26.37466184,     40.7951887 ,   82.29600987,   23.4783732 ,   73.49416511,    127.07263441]]
/root/sim/music/701~800/742_Water_City.mp3; [-609.12994  , 134.46689  ,  41.86644  ,  30.52513  ,  12.931962 ,    7.0682945,   6.664714 ,  12.962917 ,  11.8532295,  -0.5458262,    1.7420266,   4.4872055,   3.1281157]; [[7924.11212681, 163.67695271, 606.51393929, 406.1413798 , 214.77520564,    95.98922295,   6.75088551,  92.86420594,  91.11307086, -45.01275342,   -53.50115871, -49.68881909,  14.39447994], [ 163.67695271,1022.09192495, 222.7460933 ,  34.0263348 , 109.31469354,    41.67616135,  78.99869272,  48.6949594 ,  43.89279885,  16.11535119,    23.60682532, -18.63774898, -18.90972735], [ 606.51393929, 222.7460933 , 564.02460718, 143.95969668, 224.9147073 ,    42.35203846,  80.8603087 ,   1.57811667,  26.64273831, -39.84169711,   -25.89437814, -47.37278629, -15.25093414], [ 406.1413798 ,  34.0263348 , 143.95969668, 313.93454606, 114.00875403,    78.3147666 ,  26.38708209,   9.43258515,  -2.99189055, -12.77856282,     1.26267699, -20.45137658,  -7.45693209], [ 214.77520564, 109.31469354, 224.9147073 , 114.00875403, 269.93736313,    40.84306802,  40.81905934,  12.86922615,  39.63179038, -38.8030206 ,   -16.82781577, -13.12724724,   1.33035689], [  95.98922295,  41.67616135,  42.35203846,  78.3147666 ,  40.84306802,   108.26944084,  46.66500243,  22.75291495,  -5.08362221,   3.73214222,    -1.21574678, -12.63606001,  -2.51975614], [   6.75088551,  78.99869272,  80.8603087 ,  26.38708209,  40.81905934,    46.66500243, 112.1181636 ,  36.04673286,   3.61276192,   2.62463901,    -0.9173385 , -22.96068541,  -2.87816917], [  92.86420594,  48.6949594 ,   1.57811667,   9.43258515,  12.86922615,    22.75291495,  36.04673286,  90.35421448,  47.36280785,  13.05357594,     3.86580115,   9.63675932,  10.28504066], [  91.11307086,  43.89279885,  26.64273831,  -2.99189055,  39.63179038,    -5.08362221,   3.61276192,  47.36280785,  96.13808524,  32.80012321,    20.49766429,  27.78012504,  11.71821646], [ -45.01275342,  16.11535119, -39.84169711, -12.77856282, -38.8030206 ,     3.73214222,   2.62463901,  13.05357594,  32.80012321, 114.00919655,    77.24732277,  21.43224851,  -0.54523279], [ -53.50115871,  23.60682532, -25.89437814,   1.26267699, -16.82781577,    -1.21574678,  -0.9173385 ,   3.86580115,  20.49766429,  77.24732277,    99.71642462,  42.7398427 ,  12.15473654], [ -49.68881909, -18.63774898, -47.37278629, -20.45137658, -13.12724724,   -12.63606001, -22.96068541,   9.63675932,  27.78012504,  21.43224851,    42.7398427 ,  85.38346021,  43.35816712], [  14.39447994, -18.90972735, -15.25093414,  -7.45693209,   1.33035689,    -2.51975614,  -2.87816917,  10.28504066,  11.71821646,  -0.54523279,    12.15473654,  43.35816712,  57.33765206]]
/root/sim/music/701~800/793_Clutch_For_Gain.mp3; [-523.36163   ,  93.09962   ,   8.413461  ,  27.753319  ,  -0.7177175 ,    9.330744  ,  -0.24088319,   6.3819246 ,  -4.5152035 ,   4.1412897 ,   -0.23831846,   1.352533  ,   0.92915475]; [[1988.42698063,-126.32006763, 321.5766536 , 307.06210314, 198.76425569,   156.75255655, 146.41434355, 188.41693725,  81.06980184,  49.86157039,    -5.95251474,-104.1924001 , -53.52511249], [-126.32006763, 506.96125141,   8.98486451, 189.13666248, 124.23907964,    82.14460321, 142.63242438,  74.79588815,  73.37470599,  65.76083224,    64.24007152,  18.59312576,  13.37487096], [ 321.5766536 ,   8.98486451, 258.46129078, 111.95082223, 113.30658481,   111.68570495,  86.45999585, 104.58911252,  61.33911635,  55.13635793,    28.47374891,   6.75097905,   4.46307133], [ 307.06210314, 189.13666248, 111.95082223, 286.07164112, 149.19235207,    91.88780684, 147.14679417, 124.79463272,  70.60208838,  75.44561637,    51.93333904,  -6.58416855,   8.79153706], [ 198.76425569, 124.23907964, 113.30658481, 149.19235207, 154.36512103,    90.40283703, 111.73691715,  86.05975043,  63.21071572,  50.32854944,    44.62621918,  -0.07434964,  12.31344167], [ 156.75255655,  82.14460321, 111.68570495,  91.88780684,  90.40283703,   114.70337229,  85.25304265,  76.79517562,  51.58622161,  46.00783134,    35.66065244,  14.66193843,  15.80827136], [ 146.41434355, 142.63242438,  86.45999585, 147.14679417, 111.73691715,    85.25304265, 141.32060098,  96.42873098,  56.20217045,  54.7183769 ,    50.84984247,   7.36555512,  18.89444788], [ 188.41693725,  74.79588815, 104.58911252, 124.79463272,  86.05975043,    76.79517562,  96.42873098, 114.70191954,  58.41754786,  50.68645617,    39.76211078,  14.29026941,  21.0117058 ], [  81.06980184,  73.37470599,  61.33911635,  70.60208838,  63.21071572,    51.58622161,  56.20217045,  58.41754786,  78.23803393,  41.17003072,    32.68079685,  10.87926983,  22.54700587], [  49.86157039,  65.76083224,  55.13635793,  75.44561637,  50.32854944,    46.00783134,  54.7183769 ,  50.68645617,  41.17003072,  70.80368806,    36.16671215,  17.35594268,  18.30401751], [  -5.95251474,  64.24007152,  28.47374891,  51.93333904,  44.62621918,    35.66065244,  50.84984247,  39.76211078,  32.68079685,  36.16671215,    69.49972876,  23.35369277,  26.38087523], [-104.1924001 ,  18.59312576,   6.75097905,  -6.58416855,  -0.07434964,    14.66193843,   7.36555512,  14.29026941,  10.87926983,  17.35594268,    23.35369277,  60.70450669,  30.33868174], [ -53.52511249,  13.37487096,   4.46307133,   8.79153706,  12.31344167,    15.80827136,  18.89444788,  21.0117058 ,  22.54700587,  18.30401751,    26.38087523,  30.33868174,  56.30682538]]
/root/sim/music/701~800/760_のんきな昼下がり.mp3; [-749.12897   , 196.77533   , -56.17089   , -15.753527  ,  -8.094877  ,    1.3489742 , -23.335878  , -15.945635  , -14.105874  ,  -6.8952627 ,   -3.3096344 ,  -9.006147  ,   0.77172184]; [[17412.92299873, 2486.04296616,-2509.12352274,  -27.03089155,   -982.46040389,  409.50491448,    0.99039832,  -94.14804189,   -496.2201255 , -189.8703395 ,  -85.94861115, -205.76708154,      9.99432986], [ 2486.04296616, 3406.10293389,  713.88834088,  297.50469785,    192.2530253 ,   41.46834413,   17.73296385,   19.148136  ,    -40.31939942,  -52.48562782,   -4.35335839,  -25.8933421 ,   -149.53966855], [-2509.12352274,  713.88834088, 1769.7169918 ,  481.90352873,    341.21314013,  -29.5303412 ,   89.43506243,   93.81915311,    124.367128  ,   31.45247925,   61.82831541,   65.90294748,   -157.0473279 ], [  -27.03089155,  297.50469785,  481.90352873,  412.61012774,    115.4995003 ,   63.39516817,   57.70570352,   67.05178442,     49.94957362,   29.90781004,   37.85569457,   -0.61297763,    -47.66589296], [ -982.46040389,  192.2530253 ,  341.21314013,  115.4995003 ,    320.59444411,   20.70356447,  -50.63518493,   19.66408658,    103.44848985,   71.28435234,   36.69086324,   14.72317453,    -57.640955  ], [  409.50491448,   41.46834413,  -29.5303412 ,   63.39516817,     20.70356447,  250.95395134,   83.32014077,   36.64062998,      9.25182625,    6.53895781,   12.79752122,    5.63528538,     16.40501341], [    0.99039832,   17.73296385,   89.43506243,   57.70570352,    -50.63518493,   83.32014077,  285.67875986,   77.88665833,    -48.43818552,  -32.22609936,   30.26226684,   61.12265799,     60.04800033], [  -94.14804189,   19.148136  ,   93.81915311,   67.05178442,     19.66408658,   36.64062998,   77.88665833,  172.79928482,     50.05928668,    6.19558223,   30.53579646,    9.67162115,     13.75091688], [ -496.2201255 ,  -40.31939942,  124.367128  ,   49.94957362,    103.44848985,    9.25182625,  -48.43818552,   50.05928668,    211.7478029 ,  106.31971285,    8.8920649 ,   -3.94852452,     39.70525289], [ -189.8703395 ,  -52.48562782,   31.45247925,   29.90781004,     71.28435234,    6.53895781,  -32.22609936,    6.19558223,    106.31971285,  205.00458503,   17.21733266,   13.24145527,     78.13928889], [  -85.94861115,   -4.35335839,   61.82831541,   37.85569457,     36.69086324,   12.79752122,   30.26226684,   30.53579646,      8.8920649 ,   17.21733266,  153.96777279,   45.31783895,    -34.06946584], [ -205.76708154,  -25.8933421 ,   65.90294748,   -0.61297763,     14.72317453,    5.63528538,   61.12265799,    9.67162115,     -3.94852452,   13.24145527,   45.31783895,  229.03007514,     64.97473996], [    9.99432986, -149.53966855, -157.0473279 ,  -47.66589296,    -57.640955  ,   16.40501341,   60.04800033,   13.75091688,     39.70525289,   78.13928889,  -34.06946584,   64.97473996,    365.75301628]]
/root/sim/music/701~800/755_風にそよぐ花.mp3; [-926.14777  , 247.69923  ,   7.622712 , -36.040756 , -27.760555 ,  -30.117512 , -30.874508 , -18.7682   ,  -6.552105 ,  -1.9298694,   -4.348348 ,  -5.424128 ,  -4.7658634]; [[ 9958.92817765, 2741.23374609,-2438.23028264, -420.73396932,    -90.82830656, -296.77332024, -364.45100091, -127.48147978,    174.67519951,  370.55328947,  242.3170482 ,  108.3925856 ,    -58.88242562], [ 2741.23374609, 1994.29586467, -598.02026334, -464.44363262,     49.99586106,  -85.41062321, -212.76234483, -164.08175632,    -55.55146898,    8.49467141,   -2.61926568,   -6.03737487,     24.11799995], [-2438.23028264, -598.02026334, 1046.37879572,  158.46630835,    -51.17416191,   95.4643596 ,   62.71744652,  -21.49157619,   -116.57485861, -150.61099439,  -78.60266611,  -22.35794844,     20.97691638], [ -420.73396932, -464.44363262,  158.46630835,  315.94820645,     41.42630718,   -3.01789047,   45.14945283,   22.26146186,    -12.98029079,  -22.20972592,  -25.2991253 ,  -28.00692005,    -18.31590864], [  -90.82830656,   49.99586106,  -51.17416191,   41.42630718,    165.88982649,   42.77165221,  -24.1366115 ,  -20.86232593,    -30.31288023,  -28.21741078,  -21.65293983,  -18.36997738,     15.14163601], [ -296.77332024,  -85.41062321,   95.4643596 ,   -3.01789047,     42.77165221,  114.4088952 ,   35.40525093,  -17.32971017,    -18.13920945,  -24.86537462,  -15.76494588,  -14.82245491,    -14.20141482], [ -364.45100091, -212.76234483,   62.71744652,   45.14945283,    -24.1366115 ,   35.40525093,   98.15667792,   55.66623465,     12.56270246,    3.97601345,    6.54697969,  -10.74709073,    -27.9843186 ], [ -127.48147978, -164.08175632,  -21.49157619,   22.26146186,    -20.86232593,  -17.32971017,   55.66623465,  100.55990219,     67.86665125,   23.96507542,    7.40607021,   -5.92221069,    -20.91877004], [  174.67519951,  -55.55146898, -116.57485861,  -12.98029079,    -30.31288023,  -18.13920945,   12.56270246,   67.86665125,    132.78714965,   85.91087185,   19.8126772 ,   12.94096121,    -19.23817708], [  370.55328947,    8.49467141, -150.61099439,  -22.20972592,    -28.21741078,  -24.86537462,    3.97601345,   23.96507542,     85.91087185,  128.28723724,   87.19384714,   34.24534316,    -15.69131158], [  242.3170482 ,   -2.61926568,  -78.60266611,  -25.2991253 ,    -21.65293983,  -15.76494588,    6.54697969,    7.40607021,     19.8126772 ,   87.19384714,  128.87428136,   79.57746385,    -14.18557577], [  108.3925856 ,   -6.03737487,  -22.35794844,  -28.00692005,    -18.36997738,  -14.82245491,  -10.74709073,   -5.92221069,     12.94096121,   34.24534316,   79.57746385,  133.25999414,     71.89093943], [  -58.88242562,   24.11799995,   20.97691638,  -18.31590864,     15.14163601,  -14.20141482,  -27.9843186 ,  -20.91877004,    -19.23817708,  -15.69131158,  -14.18557577,   71.89093943,    159.00499778]]
/root/sim/music/701~800/756_鼓動.mp3; [-629.2173   , 186.16331  ,   4.200826 ,  -7.776367 ,  -8.397264 ,   -2.8981287,   1.356924 ,   1.3739899,  -1.9330376,   5.2245755,    2.9571195,   2.8874974,   1.1607424]; [[11790.78369791,-1834.80702147,  -45.32381035,  188.51382249,   -210.61396627, -107.05965168, -423.81453444, -362.40527479,   -231.20702837, -264.13239755, -219.01030866, -174.70691211,    -87.40045666], [-1834.80702147, 3561.10616828, -322.75779982,  -84.13431111,    322.21237212,   73.80761345,  221.26513101,  187.81607957,    101.08503093,  209.37155693,  134.06226451,   52.31586264,     23.64120874], [  -45.32381035, -322.75779982,  532.08513038,  -89.52705434,     39.26799698,   43.51975512,   19.88443031,   15.28401098,     57.36088625,   14.78594154,  -18.02335846,   10.32471057,     19.18619086], [  188.51382249,  -84.13431111,  -89.52705434,  308.63563139,      3.34494901,   22.96435326,   54.21063073,   50.31517961,     17.61133288,   -4.58846534,    9.91559867,  -17.54727333,    -27.46441077], [ -210.61396627,  322.21237212,   39.26799698,    3.34494901,    190.46284786,   34.66709742,   17.13938156,   29.8596609 ,     33.61249349,   41.86823833,   18.1347711 ,   13.59065414,     15.56383496], [ -107.05965168,   73.80761345,   43.51975512,   22.96435326,     34.66709742,   89.93127856,   65.55376344,   46.55158813,     31.61634694,    4.78459271,   19.05390264,   16.33148893,     12.76499346], [ -423.81453444,  221.26513101,   19.88443031,   54.21063073,     17.13938156,   65.55376344,  252.7371178 ,  175.92584164,     52.9676786 ,   12.44143961,   11.40543475,   19.07476701,     -7.02572306], [ -362.40527479,  187.81607957,   15.28401098,   50.31517961,     29.8596609 ,   46.55158813,  175.92584164,  187.70809427,     77.35167912,   11.85804131,   14.69932367,    8.14115088,      1.45140102], [ -231.20702837,  101.08503093,   57.36088625,   17.61133288,     33.61249349,   31.61634694,   52.9676786 ,   77.35167912,    104.8521353 ,   49.1281893 ,   13.91719079,    1.33748354,     -1.02628608], [ -264.13239755,  209.37155693,   14.78594154,   -4.58846534,     41.86823833,    4.78459271,   12.44143961,   11.85804131,     49.1281893 ,   88.70920679,   41.93733324,   15.28906944,      7.60014441], [ -219.01030866,  134.06226451,  -18.02335846,    9.91559867,     18.1347711 ,   19.05390264,   11.40543475,   14.69932367,     13.91719079,   41.93733324,   78.11814942,   47.18177118,     22.63126773], [ -174.70691211,   52.31586264,   10.32471057,  -17.54727333,     13.59065414,   16.33148893,   19.07476701,    8.14115088,      1.33748354,   15.28906944,   47.18177118,   90.19013536,     45.80367357], [  -87.40045666,   23.64120874,   19.18619086,  -27.46441077,     15.56383496,   12.76499346,   -7.02572306,    1.45140102,     -1.02628608,    7.60014441,   22.63126773,   45.80367357,     69.29730448]]
/root/sim/music/701~800/757_明日へ.mp3; [-646.60126   ,  96.807076  ,  28.029882  ,  12.018307  ,   2.6825852 ,    4.588212  ,   2.23688   ,   0.16460675,  -4.89734   ,  -0.73618263,    0.6287416 ,   2.8510895 ,   1.8488396 ]; [[38166.84785855, 2936.52245573, 2056.1914237 , 1111.87125647,    820.08949821,  854.26745693,  806.53523383,  587.39941836,    272.45958129,  436.85311854,  272.8606061 ,  120.1837395 ,     84.31394564], [ 2936.52245573, 1049.06811548,   74.12851916,   57.9174743 ,     71.21654664,  141.96334514,  124.77822936,   70.88573141,     11.99441866,   21.40188329,   68.2578703 ,   88.60314196,     53.36710939], [ 2056.1914237 ,   74.12851916,  381.68875363,  139.49048445,    111.81446266,   74.369227  ,   74.34994716,   85.35700489,     85.684418  ,   87.00301636,   67.66899448,   29.68990873,     42.26703271], [ 1111.87125647,   57.9174743 ,  139.49048445,  147.38784512,     99.82815742,   72.30223219,   50.71984094,   56.24438585,     52.6198187 ,   55.93186576,   41.57902423,   23.62415161,     18.62710925], [  820.08949821,   71.21654664,  111.81446266,   99.82815742,    143.10206386,  111.25525484,   87.62316636,   72.1560347 ,     60.44084958,   56.38982397,   48.53051896,   33.97574078,     22.86805597], [  854.26745693,  141.96334514,   74.369227  ,   72.30223219,    111.25525484,  168.31675657,  133.01700382,   93.88205001,     55.56185447,   54.7442296 ,   60.14727112,   63.00575269,     31.53489175], [  806.53523383,  124.77822936,   74.34994716,   50.71984094,     87.62316636,  133.01700382,  167.45607082,  107.08410529,     57.63867818,   51.03761758,   54.02516298,   55.40696585,     29.57999395], [  587.39941836,   70.88573141,   85.35700489,   56.24438585,     72.1560347 ,   93.88205001,  107.08410529,  116.98057713,     75.49557567,   55.89607204,   51.07854284,   48.382885  ,     31.06236469], [  272.45958129,   11.99441866,   85.684418  ,   52.6198187 ,     60.44084958,   55.56185447,   57.63867818,   75.49557567,     93.35906289,   70.52676002,   49.52047951,   32.40897802,     23.63304582], [  436.85311854,   21.40188329,   87.00301636,   55.93186576,     56.38982397,   54.7442296 ,   51.03761758,   55.89607204,     70.52676002,   84.08115493,   57.64685128,   29.74793897,     20.89482122], [  272.8606061 ,   68.2578703 ,   67.66899448,   41.57902423,     48.53051896,   60.14727112,   54.02516298,   51.07854284,     49.52047951,   57.64685128,   73.56714763,   52.60092321,     29.01829944], [  120.1837395 ,   88.60314196,   29.68990873,   23.62415161,     33.97574078,   63.00575269,   55.40696585,   48.382885  ,     32.40897802,   29.74793897,   52.60092321,   79.72733612,     47.37913184], [   84.31394564,   53.36710939,   42.26703271,   18.62710925,     22.86805597,   31.53489175,   29.57999395,   31.06236469,     23.63304582,   20.89482122,   29.01829944,   47.37913184,     57.54952522]]
/root/sim/music/701~800/761_Star_dust.mp3; [-705.7625   , 156.72331  ,  -8.122021 ,   4.037123 , -11.796695 ,   -1.8399659,  14.917846 ,  -2.4528654,  -5.053525 , -11.829467 ,    3.924288 ,  -4.457067 ,   2.7947364]; [[29571.21990423, 5410.894752  ,-1381.70359822,-1022.88377577,   -492.80629192,  632.89718148, 1149.57982789, -436.10827461,    410.05561826, -183.44687732,  381.29214347, -560.78502674,     91.98703108], [ 5410.894752  , 1716.97212683, -260.43146094,   91.04154033,     32.86432528,  191.99492528,  301.76014567,   16.14555356,    147.46487469,   -6.94734227,  178.45659438,    4.48698654,     81.82875614], [-1381.70359822, -260.43146094,  652.36628143,  134.00574817,    -25.83673893,   15.5388347 ,  150.18924426,  155.88746068,     21.41008577,   33.33427363,   45.43257432,   91.10089163,     60.04894994], [-1022.88377577,   91.04154033,  134.00574817,  305.25915049,    100.05722687,    4.850301  ,   24.80471104,   74.68466889,     53.28601228,   34.57602519,   54.93663609,   68.7255589 ,     38.45140292], [ -492.80629192,   32.86432528,  -25.83673893,  100.05722687,    253.66709997,   41.08315658,   44.25526931,  -25.72205328,     69.23832802,   40.69986003,   51.27027348,   33.64054184,     28.25142318], [  632.89718148,  191.99492528,   15.5388347 ,    4.850301  ,     41.08315658,  233.40851987,   83.82982987,   83.92180511,     52.73538871,   31.50520271,   49.45206296,   23.54255859,      3.29003737], [ 1149.57982789,  301.76014567,  150.18924426,   24.80471104,     44.25526931,   83.82982987,  362.93625305,    6.86452973,     85.93380174,    3.89925319,  116.27574795,   44.38922618,     56.70059102], [ -436.10827461,   16.14555356,  155.88746068,   74.68466889,    -25.72205328,   83.92180511,    6.86452973,  229.26236795,     -3.87552167,   17.67667219,   17.11111415,   61.75363611,      7.31244236], [  410.05561826,  147.46487469,   21.41008577,   53.28601228,     69.23832802,   52.73538871,   85.93380174,   -3.87552167,    168.40027854,   39.51890228,   42.6743554 ,   -2.82287176,     30.73252564], [ -183.44687732,   -6.94734227,   33.33427363,   34.57602519,     40.69986003,   31.50520271,    3.89925319,   17.67667219,     39.51890228,  100.87020395,   21.12255254,   26.03360547,      6.71583166], [  381.29214347,  178.45659438,   45.43257432,   54.93663609,     51.27027348,   49.45206296,  116.27574795,   17.11111415,     42.6743554 ,   21.12255254,  147.63861861,   40.57278503,     16.65677846], [ -560.78502674,    4.48698654,   91.10089163,   68.7255589 ,     33.64054184,   23.54255859,   44.38922618,   61.75363611,     -2.82287176,   26.03360547,   40.57278503,  134.76069679,     18.91221239], [   91.98703108,   81.82875614,   60.04894994,   38.45140292,     28.25142318,    3.29003737,   56.70059102,    7.31244236,     30.73252564,    6.71583166,   16.65677846,   18.91221239,    106.72908406]]
/root/sim/music/701~800/784_夏の匂いとエトセトラ.mp3; [-984.16034   , 234.96939   ,  21.05406   , -15.446602  ,   0.46026215,   -8.389485  , -12.721011  ,  -7.5785236 ,  -3.0213137 ,  -0.35205552,   -2.5719004 ,  -6.4621177 ,  -6.966232  ]; [[ 6972.22086668, 3783.92872636,-1620.03542019, -182.83751295,    445.19284948, -136.98491191, -206.0182608 , -235.24046882,   -261.26992733,  -81.29029797,  -25.04280881,   -7.33382702,      2.29949408], [ 3783.92872636, 2789.43998453, -336.41719927, -338.51862383,    198.10111272,  -34.34442099, -229.35606383, -206.28094144,   -149.56259754, -109.95421791, -112.97611634, -112.50808388,    -98.28106231], [-1620.03542019, -336.41719927, 1077.51237107,   42.84380042,   -241.14078525,   91.95042235,   60.79380525,   28.94893199,     69.47618611,   -4.23531223,  -50.34680161,  -71.81656158,    -93.79897932], [ -182.83751295, -338.51862383,   42.84380042,  318.90220134,     31.44298075,    9.89128193,  151.53747531,   76.66999536,      0.96621829,   48.638009  ,   65.17364415,   44.53233012,     24.94652636], [  445.19284948,  198.10111272, -241.14078525,   31.44298075,    275.03692828,  100.14318107,  -24.58868061,  -15.89166169,    -27.99193351,  -25.39164696,   -0.45835128,   16.48867052,     18.88058709], [ -136.98491191,  -34.34442099,   91.95042235,    9.89128193,    100.14318107,  214.56421499,   80.74800456,   -8.23066392,     21.81229623,   -8.14126455,  -22.19503744,  -13.17621308,    -38.52600779], [ -206.0182608 , -229.35606383,   60.79380525,  151.53747531,    -24.58868061,   80.74800456,  221.02156319,  103.99117708,      9.67160744,   31.98002996,   39.57192822,    7.79850652,    -20.75787953], [ -235.24046882, -206.28094144,   28.94893199,   76.66999536,    -15.89166169,   -8.23066392,  103.99117708,  145.93337782,     63.60093111,    5.68987433,   16.77751499,   17.897884  ,     11.06939152], [ -261.26992733, -149.56259754,   69.47618611,    0.96621829,    -27.99193351,   21.81229623,    9.67160744,   63.60093111,    152.16963454,   89.00463944,   -1.48112389,   -8.89370882,    -11.85524016], [  -81.29029797, -109.95421791,   -4.23531223,   48.638009  ,    -25.39164696,   -8.14126455,   31.98002996,    5.68987433,     89.00463944,  182.53534219,   94.7602363 ,   -5.53633603,    -21.83529299], [  -25.04280881, -112.97611634,  -50.34680161,   65.17364415,     -0.45835128,  -22.19503744,   39.57192822,   16.77751499,     -1.48112389,   94.7602363 ,  136.81846017,   67.41463697,      4.16179184], [   -7.33382702, -112.50808388,  -71.81656158,   44.53233012,     16.48867052,  -13.17621308,    7.79850652,   17.897884  ,     -8.89370882,   -5.53633603,   67.41463697,  136.32562822,     85.60992701], [    2.29949408,  -98.28106231,  -93.79897932,   24.94652636,     18.88058709,  -38.52600779,  -20.75787953,   11.06939152,    -11.85524016,  -21.83529299,    4.16179184,   85.60992701,    140.71611101]]
