/root/sim/music/101~200/143_びいどろの瞳.mp3; [-849.77606 , 194.6727  ,  -9.050991, -51.01617 , -63.48216 , -24.81204 ,  -35.312477, -24.518501, -15.370037,  -8.341097,  -6.782392,  -4.205901,    3.772339]; [[10042.03119217,  485.93573282,  377.96045036,  443.8563422 ,    -68.40289754,  408.97045467,  -97.62446902, -155.08909829,   -173.27940238, -692.08805885, -775.82861254, -593.27371901,   -101.24178698], [  485.93573282, 1010.77549356,   80.54392579,  -41.96276172,    -76.66156951, -160.2028446 , -104.45692119, -129.64155904,   -131.89788597,  -31.47000097,  -48.29243902, -102.72610972,   -140.29593414], [  377.96045036,   80.54392579, 1271.51311489,  638.35776689,    271.0218846 ,  214.95010214,  -32.6422419 , -272.21455509,   -331.8528626 , -354.32065903,    9.28174513,  -35.30202508,   -214.3976199 ], [  443.8563422 ,  -41.96276172,  638.35776689,  895.37756576,    488.97070703,  135.57990632,   21.76382728, -336.98606987,   -394.84657135, -331.91284554, -123.50205848, -156.79856937,   -144.69657626], [  -68.40289754,  -76.66156951,  271.0218846 ,  488.97070703,    717.10312416,   33.72962906,  239.17697422, -104.04726443,   -248.14046196, -284.24320723, -332.81570338, -223.33117666,   -145.67919818], [  408.97045467, -160.2028446 ,  214.95010214,  135.57990632,     33.72962906,  287.50379686,   23.09777079,   13.90269248,     16.62267519,  -86.72584748,  -37.52292054,  -17.65363345,     51.8857467 ], [  -97.62446902, -104.45692119,  -32.6422419 ,   21.76382728,    239.17697422,   23.09777079,  333.90463225,   94.98310548,     57.19699587,  -45.27269057, -280.55835213, -175.94239476,    -68.04899265], [ -155.08909829, -129.64155904, -272.21455509, -336.98606987,   -104.04726443,   13.90269248,   94.98310548,  418.37149276,    231.21473603,  153.37517566,  -28.16466863,    3.17174056,    -21.53965705], [ -173.27940238, -131.89788597, -331.8528626 , -394.84657135,   -248.14046196,   16.62267519,   57.19699587,  231.21473603,    448.49938068,  207.78786544, -118.28820133,   -5.83638013,    120.19647298], [ -692.08805885,  -31.47000097, -354.32065903, -331.91284554,   -284.24320723,  -86.72584748,  -45.27269057,  153.37517566,    207.78786544,  591.94672969,  193.73490552,  -35.97132004,    -92.77964533], [ -775.82861254,  -48.29243902,    9.28174513, -123.50205848,   -332.81570338,  -37.52292054, -280.55835213,  -28.16466863,   -118.28820133,  193.73490552,  844.06391273,  415.94038864,     -1.60586054], [ -593.27371901, -102.72610972,  -35.30202508, -156.79856937,   -223.33117666,  -17.65363345, -175.94239476,    3.17174056,     -5.83638013,  -35.97132004,  415.94038864,  618.4396541 ,    261.56468642], [ -101.24178698, -140.29593414, -214.3976199 , -144.69657626,   -145.67919818,   51.8857467 ,  -68.04899265,  -21.53965705,    120.19647298,  -92.77964533,   -1.60586054,  261.56468642,    496.49445478]]
/root/sim/music/101~200/120_Away_from_the_moment.mp3; [-596.0334    , 131.94514   ,   1.0493057 ,  30.320774  ,   4.103409  ,    1.1368312 ,  -1.5541716 ,   1.046826  ,  -3.7451885 ,   0.677203  ,   -3.24414   ,   0.63518614,  -0.2379949 ]; [[15951.90772804, -973.65888409, -635.04661878,  835.26333753,    610.68034956,  595.51476373,  194.38201441,   70.30178849,    -47.45794974,   98.85627778,  -45.02244644,  -32.91903364,     40.10055841], [ -973.65888409, 1391.5519631 , -142.71706972, -179.34080724,    -34.19869021,   12.56972604,   20.89471066,    7.94186969,      2.42640647,   23.15165551,   62.89871776,   12.93140755,     29.84924166], [ -635.04661878, -142.71706972,  566.1693277 ,   16.87217317,    -33.2771439 ,   28.6892052 ,   20.4411676 ,   22.72510883,     31.79966878,    3.34937479,   -6.44389372,    1.50083505,     20.16832779], [  835.26333753, -179.34080724,   16.87217317,  328.6240088 ,    106.68150412,   19.82020862,   13.8896734 ,    4.76326162,     18.67124483,   27.75906931,   -8.00795756,   -4.85021284,      8.01017492], [  610.68034956,  -34.19869021,  -33.2771439 ,  106.68150412,    176.87876283,  100.99882115,   44.16212073,   12.90124698,      7.36472085,   29.59691902,   24.20662977,    6.33827703,      8.69829756], [  595.51476373,   12.56972604,   28.6892052 ,   19.82020862,    100.99882115,  201.33404449,   91.40201443,   31.81238256,      8.34321445,   28.15140841,   28.89658007,    3.46761032,     22.94919143], [  194.38201441,   20.89471066,   20.4411676 ,   13.8896734 ,     44.16212073,   91.40201443,  122.27166778,   52.01017815,      6.3093071 ,   14.24632422,   19.51815123,   20.21255128,     19.60455464], [   70.30178849,    7.94186969,   22.72510883,    4.76326162,     12.90124698,   31.81238256,   52.01017815,   90.44883169,     41.11263988,    6.6459175 ,   -3.21000416,   -1.68781281,     10.47690752], [  -47.45794974,    2.42640647,   31.79966878,   18.67124483,      7.36472085,    8.34321445,    6.3093071 ,   41.11263988,     93.43728814,   43.98740183,    5.42726172,  -24.28581038,     -5.93723448], [   98.85627778,   23.15165551,    3.34937479,   27.75906931,     29.59691902,   28.15140841,   14.24632422,    6.6459175 ,     43.98740183,   88.29385842,   47.74430494,  -12.62557019,    -12.4731855 ], [  -45.02244644,   62.89871776,   -6.44389372,   -8.00795756,     24.20662977,   28.89658007,   19.51815123,   -3.21000416,      5.42726172,   47.74430494,   93.44932536,   35.00075219,     -2.57543459], [  -32.91903364,   12.93140755,    1.50083505,   -4.85021284,      6.33827703,    3.46761032,   20.21255128,   -1.68781281,    -24.28581038,  -12.62557019,   35.00075219,  107.20961391,     52.31538574], [   40.10055841,   29.84924166,   20.16832779,    8.01017492,      8.69829756,   22.94919143,   19.60455464,   10.47690752,     -5.93723448,  -12.4731855 ,   -2.57543459,   52.31538574,    102.36785085]]
/root/sim/music/101~200/127_Dancing_Robot.mp3; [-844.6424   , 142.46645  ,   4.385511 ,  13.544395 ,  -7.3480916,  -13.306312 ,  -3.2248423,  -4.680409 , -16.630163 ,  -4.6048594,    3.3921173,   4.5323653,   1.3900051]; [[29554.15850174, -672.39639803,-1160.8730897 ,  357.14067081,    310.57652025, 1931.85759942,  549.66481798,  256.11825641,    386.64482925,  401.14046578, -196.04951203, -283.33190283,   -497.45394724], [ -672.39639803, 7513.79353059, -508.87227367,  720.602991  ,    193.92248253, -944.78264   ,  117.32396682,  -69.07172284,   -882.61853673, -551.1669264 ,  135.88187339,  351.35147883,    214.09773188], [-1160.8730897 , -508.87227367, 1200.19475637,  331.52167656,    426.18855157,  273.54931384,   72.95905791,  199.55603757,    331.94356254,  151.75955858,  110.06646724,   -2.07721414,     20.09074837], [  357.14067081,  720.602991  ,  331.52167656,  845.8544551 ,    393.72406469,   21.02819538,  -11.92580243,   55.98145999,    -94.40173943,  -68.97510314,  121.73470247,  199.48481655,    114.83735349], [  310.57652025,  193.92248253,  426.18855157,  393.72406469,    688.03373223,  348.27229864,  203.52638191,  245.39343173,    152.85799582,  -37.86636743,   78.31585192,   91.50028189,    105.77507358], [ 1931.85759942, -944.78264   ,  273.54931384,   21.02819538,    348.27229864,  919.90014201,  404.87837106,  244.585288  ,    325.81831116,  176.700991  ,   -2.11674081,  -52.1555525 ,    -60.24190889], [  549.66481798,  117.32396682,   72.95905791,  -11.92580243,    203.52638191,  404.87837106,  593.66918905,  191.602694  ,     58.83639343,   21.52951705,   25.18690416,   45.47910549,     48.68911811], [  256.11825641,  -69.07172284,  199.55603757,   55.98145999,    245.39343173,  244.585288  ,  191.602694  ,  466.08976548,    281.77321389,   86.41401196,   35.10743708,   23.04641525,     70.80844591], [  386.64482925, -882.61853673,  331.94356254,  -94.40173943,    152.85799582,  325.81831116,   58.83639343,  281.77321389,    640.60008825,  356.58675361,   83.97850521,  -58.78184902,    -85.50205019], [  401.14046578, -551.1669264 ,  151.75955858,  -68.97510314,    -37.86636743,  176.700991  ,   21.52951705,   86.41401196,    356.58675361,  482.27889258,  219.99671755,   -1.07447318,    -85.4163926 ], [ -196.04951203,  135.88187339,  110.06646724,  121.73470247,     78.31585192,   -2.11674081,   25.18690416,   35.10743708,     83.97850521,  219.99671755,  339.1243973 ,  165.93645081,     97.53351806], [ -283.33190283,  351.35147883,   -2.07721414,  199.48481655,     91.50028189,  -52.1555525 ,   45.47910549,   23.04641525,    -58.78184902,   -1.07447318,  165.93645081,  268.81671244,    181.27978388], [ -497.45394724,  214.09773188,   20.09074837,  114.83735349,    105.77507358,  -60.24190889,   48.68911811,   70.80844591,    -85.50205019,  -85.4163926 ,   97.53351806,  181.27978388,    310.16680551]]
/root/sim/music/101~200/121_Funky_weekend_night.mp3; [-791.9407   , 249.80244  , -51.94318  ,  13.2771435,  -7.316865 ,  -12.057677 , -10.923446 , -10.785625 ,  -7.975339 ,  -5.1468883,   -4.1997204,  -5.0755296,  -3.9752111]; [[ 6337.22532154,  962.1542614 ,-1034.02571818, 1081.32823694,   -127.49767653,  427.25294391,   15.57506533,  138.15906016,    -39.07204926, -117.31078109,  145.29435975,  287.11333579,     60.39875895], [  962.1542614 ,  757.76703788, -146.47696345,  159.01928255,    127.93955746,   28.23694345,   66.23255946,  -17.8520244 ,     -9.45451257,  -46.44826028,   46.19691064,    1.25602984,    -39.84454989], [-1034.02571818, -146.47696345,  434.67089978, -195.57724765,     54.03097176,  -49.68754134,  -10.51328035,  -24.43493775,      0.76334839,   20.48032145,  -56.14916192,  -78.39929189,    -27.51502867], [ 1081.32823694,  159.01928255, -195.57724765,  383.07612839,     17.62235281,  132.70723638,   55.6703178 ,   51.51546109,     23.20197181,   -6.37585216,   45.34853488,   53.35769278,     11.89887232], [ -127.49767653,  127.93955746,   54.03097176,   17.62235281,    231.55202842,   51.86684998,   26.00115418,   48.35670454,    -21.45975958,   11.49847452,   86.45223612,  -21.57786088,    -58.00478297], [  427.25294391,   28.23694345,  -49.68754134,  132.70723638,     51.86684998,  211.55510346,   32.40306365,   53.31628117,     42.27323093,  -14.72790515,   64.78722405,   85.87341299,     15.9740066 ], [   15.57506533,   66.23255946,  -10.51328035,   55.6703178 ,     26.00115418,   32.40306365,  129.42500026,   15.43040286,      3.04361086,   47.94938248,   28.19636834,  -17.12956137,      6.15035061], [  138.15906016,  -17.8520244 ,  -24.43493775,   51.51546109,     48.35670454,   53.31628117,   15.43040286,  140.01356948,      9.74531064,  -37.83631876,   96.24686722,   65.35388831,     -8.42942985], [  -39.07204926,   -9.45451257,    0.76334839,   23.20197181,    -21.45975958,   42.27323093,    3.04361086,    9.74531064,    139.56742478,  -16.92643356,  -52.2379219 ,   94.48435108,     62.20802032], [ -117.31078109,  -46.44826028,   20.48032145,   -6.37585216,     11.49847452,  -14.72790515,   47.94938248,  -37.83631876,    -16.92643356,  195.82333164,    9.39496025, -130.58315274,      8.40107444], [  145.29435975,   46.19691064,  -56.14916192,   45.34853488,     86.45223612,   64.78722405,   28.19636834,   96.24686722,    -52.2379219 ,    9.39496025,  261.99542742,   62.08185506,    -87.87930661], [  287.11333579,    1.25602984,  -78.39929189,   53.35769278,    -21.57786088,   85.87341299,  -17.12956137,   65.35388831,     94.48435108, -130.58315274,   62.08185506,  305.5260901 ,     84.68033724], [   60.39875895,  -39.84454989,  -27.51502867,   11.89887232,    -58.00478297,   15.9740066 ,    6.15035061,   -8.42942985,     62.20802032,    8.40107444,  -87.87930661,   84.68033724,    183.74547093]]
/root/sim/music/101~200/122_君が降りたバス停.mp3; [-557.5077    , 125.84114   ,  29.678732  ,  24.243628  , -11.753961  ,   13.734281  ,  -0.04662623,   4.103781  ,   0.0766743 ,  -3.6191442 ,   -3.9647672 ,   0.76848453,   3.0153234 ]; [[18284.19425496,-1050.46591523, 1636.83721014, 1926.68765873,    887.04947368,  765.82480822, -247.56805176, -580.64050692,   -308.65615877,  326.81864547,  390.95353709,  338.37499747,    120.942791  ], [-1050.46591523, 3201.12478033, -877.0224878 , -206.4579657 ,     66.26045673,   94.27143129, -187.84430159,   57.43818796,     83.89523218, -158.5168467 ,   87.51521498,   17.36768451,    121.62880964], [ 1636.83721014, -877.0224878 ,  605.38652942,  223.71612049,    157.26395411,   67.49561605,   82.27315925,  -22.85152326,     -2.67252664,   95.84243105,   25.03318153,   82.73993493,      6.96514866], [ 1926.68765873, -206.4579657 ,  223.71612049,  576.97443277,    149.61440109,  163.4777965 ,  -16.22699554,  -69.55148656,    -13.19843775,  113.15484246,  102.15785693,   89.0310016 ,     78.8045052 ], [  887.04947368,   66.26045673,  157.26395411,  149.61440109,    249.7462712 ,   82.48877763,   -7.14728855,  -22.74159032,     30.75499307,   61.92261146,   46.54904907,   70.70810564,     43.50216726], [  765.82480822,   94.27143129,   67.49561605,  163.4777965 ,     82.48877763,  139.68755441,   25.90113183,  -31.88230362,     -6.83637901,   63.32810589,   81.96361982,   35.49068964,     23.89428378], [ -247.56805176, -187.84430159,   82.27315925,  -16.22699554,     -7.14728855,   25.90113183,  194.89296245,   33.35387768,     -4.41901294,   69.04181634,   72.08061727,   15.94648113,    -57.39579158], [ -580.64050692,   57.43818796,  -22.85152326,  -69.55148656,    -22.74159032,  -31.88230362,   33.35387768,  180.44381094,     68.03322702,  -55.23246077,  -48.17133441,   27.96705719,     -0.92501255], [ -308.65615877,   83.89523218,   -2.67252664,  -13.19843775,     30.75499307,   -6.83637901,   -4.41901294,   68.03322702,     95.18065396,    3.36135959,  -22.27282856,   33.08260822,     31.98959522], [  326.81864547, -158.5168467 ,   95.84243105,  113.15484246,     61.92261146,   63.32810589,   69.04181634,  -55.23246077,      3.36135959,  185.90810585,  107.87551019,   29.31447856,    -20.27282612], [  390.95353709,   87.51521498,   25.03318153,  102.15785693,     46.54904907,   81.96361982,   72.08061727,  -48.17133441,    -22.27282856,  107.87551019,  161.13203823,   23.15275418,    -34.28450798], [  338.37499747,   17.36768451,   82.73993493,   89.0310016 ,     70.70810564,   35.49068964,   15.94648113,   27.96705719,     33.08260822,   29.31447856,   23.15275418,   98.46424757,     46.69107533], [  120.942791  ,  121.62880964,    6.96514866,   78.8045052 ,     43.50216726,   23.89428378,  -57.39579158,   -0.92501255,     31.98959522,  -20.27282612,  -34.28450798,   46.69107533,    130.8776846 ]]
/root/sim/music/101~200/162_ゆきどけ.mp3; [-923.17596 , 202.15402 ,  35.70993 , -53.5741  , -50.78334 , -44.10359 ,  -25.812206, -23.919016,  -8.830251, -11.871506,  -9.875319,  -9.447431,   -6.937201]; [[11015.36773715, 1091.07135727, -465.15825725, -608.5177861 ,   -119.81549947,  -77.79576385,  -53.5263098 , -472.29652362,    -92.13437755, -358.87710426, -473.78559575, -417.75413957,   -771.77721943], [ 1091.07135727, 1748.68750371,  868.33906932,  342.25395733,   -150.95025692, -178.95177727, -315.95283875, -240.93827908,   -256.19988246, -181.22544546, -167.32778624, -239.40148631,   -285.16405566], [ -465.15825725,  868.33906932, 1833.59927443, 1394.37175778,     55.01761393, -113.09775411, -632.58184861, -297.28175294,   -500.41664564, -199.17544408, -313.31848909, -348.59646211,   -358.59333662], [ -608.5177861 ,  342.25395733, 1394.37175778, 2096.70423955,    290.9014979 ,  137.83684008, -515.13381561, -288.13375381,   -615.96018817, -227.75027741, -222.35386052, -244.43224258,   -414.32700363], [ -119.81549947, -150.95025692,   55.01761393,  290.9014979 ,    490.59412749,  144.97115003,   55.0812561 ,  -85.3341017 ,   -138.92811317,  -99.84017843,  -21.01495903,    1.46282452,      2.82982205], [  -77.79576385, -178.95177727, -113.09775411,  137.83684008,    144.97115003,  471.226283  ,  199.90408119,  101.50850064,   -151.38838815, -179.63536483,  -96.67271812,  -22.31602508,     52.72731062], [  -53.5263098 , -315.95283875, -632.58184861, -515.13381561,     55.0812561 ,  199.90408119,  618.21295953,  255.73324977,    313.03439453,    8.23368169,  -26.10970585,   40.50934202,     89.72580558], [ -472.29652362, -240.93827908, -297.28175294, -288.13375381,    -85.3341017 ,  101.50850064,  255.73324977,  415.96443022,    217.50178214,   75.18380026,  -15.73571162,  -67.08673898,     81.03956335], [  -92.13437755, -256.19988246, -500.41664564, -615.96018817,   -138.92811317, -151.38838815,  313.03439453,  217.50178214,    556.77504424,  228.91088131,   78.68221923,   15.37595997,     12.61831626], [ -358.87710426, -181.22544546, -199.17544408, -227.75027741,    -99.84017843, -179.63536483,    8.23368169,   75.18380026,    228.91088131,  331.53067831,  196.02960703,  160.45034104,      3.75468255], [ -473.78559575, -167.32778624, -313.31848909, -222.35386052,    -21.01495903,  -96.67271812,  -26.10970585,  -15.73571162,     78.68221923,  196.02960703,  395.45753524,  253.01497798,    198.69025313], [ -417.75413957, -239.40148631, -348.59646211, -244.43224258,      1.46282452,  -22.31602508,   40.50934202,  -67.08673898,     15.37595997,  160.45034104,  253.01497798,  417.1634039 ,    185.15940254], [ -771.77721943, -285.16405566, -358.59333662, -414.32700363,      2.82982205,   52.72731062,   89.72580558,   81.03956335,     12.61831626,    3.75468255,  198.69025313,  185.15940254,    495.34880499]]
/root/sim/music/101~200/198_Saturday_morning.mp3; [-745.99786   , 176.57777   ,  59.16346   ,  28.271078  ,   9.484329  ,    6.5794697 ,  -1.2925464 ,   2.0023932 ,  -5.6203675 ,   0.29081905,   -8.833895  ,  -1.312271  ,  -5.465184  ]; [[20128.99688145, -890.3748966 ,-2602.21135809, -872.10808387,     26.50441566,  123.68507068,  180.22548738,  337.37296495,     24.31241406,  340.40237394,  241.33861866,  144.98871467,   -114.16589858], [ -890.3748966 , 4417.57027128,  139.91639993,   45.99739554,    301.99555859,  165.50590847,  221.8201233 ,  130.46998573,     -4.43104984,   65.08034242,  191.03942724, -102.36561554,   -116.6557418 ], [-2602.21135809,  139.91639993, 2741.59858521, 1003.62588578,    241.65147142,  260.63557009,  202.58930534,  104.24071381,     74.10683583,  -87.99494555, -167.61886661,   31.88679374,    151.57315995], [ -872.10808387,   45.99739554, 1003.62588578, 1197.94032126,    689.79757515,  305.07539726,  155.63765581,   43.16657181,    -20.54486041,  -73.36134554,  -34.86657614,   12.59219685,     39.87956975], [   26.50441566,  301.99555859,  241.65147142,  689.79757515,    807.48516916,  327.00743928,  127.74221391,   50.62163675,    -24.03629843,   40.43663316,   87.40254622,  -27.89056922,    -22.54015915], [  123.68507068,  165.50590847,  260.63557009,  305.07539726,    327.00743928,  332.18247724,  164.82135182,   30.62614897,     29.75262458,   24.61072018,   10.61751062,   -1.80139984,      4.15723108], [  180.22548738,  221.8201233 ,  202.58930534,  155.63765581,    127.74221391,  164.82135182,  211.92250775,  120.18239494,     44.23584084,   17.43740179,   18.84667801,   16.27649474,     20.4392274 ], [  337.37296495,  130.46998573,  104.24071381,   43.16657181,     50.62163675,   30.62614897,  120.18239494,  175.91542079,     63.14912535,   38.9267708 ,   35.93766698,   22.26622056,     14.85969942], [   24.31241406,   -4.43104984,   74.10683583,  -20.54486041,    -24.03629843,   29.75262458,   44.23584084,   63.14912535,     82.23768729,   40.49953635,    6.75804824,   10.90008879,      9.08223284], [  340.40237394,   65.08034242,  -87.99494555,  -73.36134554,     40.43663316,   24.61072018,   17.43740179,   38.9267708 ,     40.49953635,   92.27038718,   52.46081326,  -10.30564977,    -17.14107293], [  241.33861866,  191.03942724, -167.61886661,  -34.86657614,     87.40254622,   10.61751062,   18.84667801,   35.93766698,      6.75804824,   52.46081326,   85.47857452,   -0.23508221,    -20.80703021], [  144.98871467, -102.36561554,   31.88679374,   12.59219685,    -27.89056922,   -1.80139984,   16.27649474,   22.26622056,     10.90008879,  -10.30564977,   -0.23508221,   57.0928621 ,     33.1692877 ], [ -114.16589858, -116.6557418 ,  151.57315995,   39.87956975,    -22.54015915,    4.15723108,   20.4392274 ,   14.85969942,      9.08223284,  -17.14107293,  -20.80703021,   33.1692877 ,     62.89551504]]
/root/sim/music/101~200/190_rainy_night_city.mp3; [-730.91815  , 243.04839  ,   5.1715264,  52.54566  , -21.392147 ,   -4.3190393,  -6.7922344,   1.2335813,  10.322416 ,   2.8985724,    5.1582656,   6.7095003,   8.194692 ]; [[23496.19531949, 6614.49814107, -756.66757781, 1627.80584463,  -1292.23757599,  182.26804213, -541.45171574,   -0.56707084,     10.99273579,  -33.22895712,  122.48603689,   66.29728347,    154.29150704], [ 6614.49814107, 2876.60710777, -188.1427631 ,  613.61001284,   -448.97750059,  -16.18353127, -146.86840054,    5.3871609 ,     73.70681225,   -5.61846082,   54.35038983,   38.35063803,     79.26771646], [ -756.66757781, -188.1427631 ,  432.43435523, -240.60471979,    208.04311966,  -54.30369897,   95.32550878,   -7.14981128,    -21.05944301,   10.27051459,  -16.35142165,   17.24541413,    -24.60158594], [ 1627.80584463,  613.61001284, -240.60471979,  511.85245331,   -108.14860096,   92.48579808, -106.87929795,    6.93251592,     50.97399646,   19.49337701,   49.64715499,   16.72267529,     58.00907529], [-1292.23757599, -448.97750059,  208.04311966, -108.14860096,    258.60143741,   23.86863296,   81.42206714,    7.26026096,      0.42472619,   14.35627731,  -11.99686295,    2.28515431,    -23.07904201], [  182.26804213,  -16.18353127,  -54.30369897,   92.48579808,     23.86863296,  130.48070557,   10.34658862,   38.78531614,     -6.84494533,    4.92107213,   -5.02545133,  -21.7815697 ,    -15.44001201], [ -541.45171574, -146.86840054,   95.32550878, -106.87929795,     81.42206714,   10.34658862,   90.42719908,   29.61549857,     10.16348603,    1.26481526,  -13.67862121,  -10.30684147,    -20.19241396], [   -0.56707084,    5.3871609 ,   -7.14981128,    6.93251592,      7.26026096,   38.78531614,   29.61549857,   59.97827935,     20.85574972,    6.9541413 ,   -8.49106945,  -12.79596763,     -8.3998634 ], [   10.99273579,   73.70681225,  -21.05944301,   50.97399646,      0.42472619,   -6.84494533,   10.16348603,   20.85574972,     58.57472464,   17.87621146,   10.15431058,    5.79537679,     11.74181915], [  -33.22895712,   -5.61846082,   10.27051459,   19.49337701,     14.35627731,    4.92107213,    1.26481526,    6.9541413 ,     17.87621146,   33.89809136,   19.02662756,   10.2726195 ,      8.49213051], [  122.48603689,   54.35038983,  -16.35142165,   49.64715499,    -11.99686295,   -5.02545133,  -13.67862121,   -8.49106945,     10.15431058,   19.02662756,   41.01054731,   24.77760885,     18.62235889], [   66.29728347,   38.35063803,   17.24541413,   16.72267529,      2.28515431,  -21.7815697 ,  -10.30684147,  -12.79596763,      5.79537679,   10.2726195 ,   24.77760885,   40.00921355,     23.3857197 ], [  154.29150704,   79.26771646,  -24.60158594,   58.00907529,    -23.07904201,  -15.44001201,  -20.19241396,   -8.3998634 ,     11.74181915,    8.49213051,   18.62235889,   23.3857197 ,     35.65884783]]
/root/sim/music/101~200/133_For_Return_Trip.mp3; [-651.0252    , 217.78238   , -60.055565  ,  27.243706  , -16.775682  ,  -11.897404  ,  -0.13745043,  -2.1688366 , -17.654917  , -16.56049   ,    0.474865  ,   1.1433907 ,  -6.6513276 ]; [[ 8752.58511526,-1292.12826819,  576.79911784,  355.87204458,   -220.92799386,  498.01902877,  -41.11502859,  302.89208019,    125.11140359,  203.74222508,  -94.76667935,  155.28855673,    148.4974396 ], [-1292.12826819, 2705.94283486,-1325.48914977,  176.83664641,    128.43458293, -394.33741269,  150.2728958 , -103.79474225,    -62.80072501, -161.2765738 ,  188.31310569,  -50.54958032,   -129.78539037], [  576.79911784,-1325.48914977,  995.37767659, -124.62431709,     -5.93558357,  250.01229931, -104.13937532,   64.14058206,     35.45380002,  164.03523346,  -82.70547098,  -12.16035543,     34.85516973], [  355.87204458,  176.83664641, -124.62431709,  187.13479754,    -27.68866762,   35.70575554,   35.86005728,   17.49888599,     37.70707675,    8.43786433,   22.78498102,    6.73327669,      0.36805403], [ -220.92799386,  128.43458293,   -5.93558357,  -27.68866762,    134.74024033,  -23.11197288,   -5.80319681,   30.35462357,      8.80255867,   24.80234737,   22.60884835,    9.00500667,      6.7932632 ], [  498.01902877, -394.33741269,  250.01229931,   35.70575554,    -23.11197288,  155.49724155,   -1.09296151,   55.95710898,     32.74347301,   52.20888644,  -21.82248357,    9.82682651,     30.90660802], [  -41.11502859,  150.2728958 , -104.13937532,   35.86005728,     -5.80319681,   -1.09296151,  112.7659158 ,   27.28812905,      2.55894677,  -17.17808617,   29.0809103 ,   11.51453491,     17.59303622], [  302.89208019, -103.79474225,   64.14058206,   17.49888599,     30.35462357,   55.95710898,   27.28812905,  107.22195108,     21.89482971,   21.37871697,   -0.70565055,   27.32766908,     38.05037515], [  125.11140359,  -62.80072501,   35.45380002,   37.70707675,      8.80255867,   32.74347301,    2.55894677,   21.89482971,     61.75126168,   26.21679029,    2.32618024,    6.91738688,     13.30376835], [  203.74222508, -161.2765738 ,  164.03523346,    8.43786433,     24.80234737,   52.20888644,  -17.17808617,   21.37871697,     26.21679029,   85.96270035,   14.99680073,    1.07435388,     10.62798753], [  -94.76667935,  188.31310569,  -82.70547098,   22.78498102,     22.60884835,  -21.82248357,   29.0809103 ,   -0.70565055,      2.32618024,   14.99680073,   53.65947058,   13.53434834,      0.63377003], [  155.28855673,  -50.54958032,  -12.16035543,    6.73327669,      9.00500667,    9.82682651,   11.51453491,   27.32766908,      6.91738688,    1.07435388,   13.53434834,   48.11727104,     35.18375946], [  148.4974396 , -129.78539037,   34.85516973,    0.36805403,      6.7932632 ,   30.90660802,   17.59303622,   38.05037515,     13.30376835,   10.62798753,    0.63377003,   35.18375946,     61.01630445]]
/root/sim/music/101~200/178_Walk_lakeside.mp3; [-625.9479    , 186.75336   ,  20.041958  ,  32.81137   ,  -7.381195  ,   -0.7629663 ,  -7.1460104 ,  -0.4636867 ,  -2.725421  ,   0.99839467,   -2.1011605 ,   4.5572863 ,  -8.160876  ]; [[ 5492.63624255,-2357.17671503,  -26.99087168,  393.48345267,   -559.97232488,  -79.28602892, -200.38792606, -168.83864677,    122.96735949,  436.1582171 ,  101.91414612,  -13.27590391,   -183.65770109], [-2357.17671503, 2428.42653108, -411.43923907, -494.83718081,    287.65354751,   -8.59141108,  -22.35340758,  -69.24377723,      7.98372714,  -87.92028711,   59.94685652,  114.4902734 ,    150.9277868 ], [  -26.99087168, -411.43923907,  497.36621852,  116.13685565,     12.02380847,  -35.03189726,   47.25482   ,   34.52561657,   -110.35036481,  -85.47893019, -112.24660472,  -64.9404774 ,     -7.29892145], [  393.48345267, -494.83718081,  116.13685565,  309.33840661,    -46.126421  ,   14.73215042,   10.10453993,   54.80915741,     17.2191505 ,  -16.72439687,  -31.44554453,  -47.13054907,    -81.18408458], [ -559.97232488,  287.65354751,   12.02380847,  -46.126421  ,    224.40517568,   71.68767697,   52.96347121,   16.66487189,    -63.84138153,  -96.33089589,  -58.70534585,  -37.2552833 ,     36.0780499 ], [  -79.28602892,   -8.59141108,  -35.03189726,   14.73215042,     71.68767697,  156.9730984 ,   76.04908222,   10.26289556,    -20.08455337,  -68.9151189 ,  -38.05007629,  -23.85384715,    -11.6639618 ], [ -200.38792606,  -22.35340758,   47.25482   ,   10.10453993,     52.96347121,   76.04908222,  168.02938788,   67.17308641,    -36.63356478,  -75.66081511,  -68.75918931,  -17.78924375,     21.71017983], [ -168.83864677,  -69.24377723,   34.52561657,   54.80915741,     16.66487189,   10.26289556,   67.17308641,  180.32400216,     33.13219981,  -53.55095975,  -19.11008733,  -36.40260615,    -33.73172867], [  122.96735949,    7.98372714, -110.35036481,   17.2191505 ,    -63.84138153,  -20.08455337,  -36.63356478,   33.13219981,    152.51267641,   93.77936032,   56.33443806,   16.89601567,    -39.34892758], [  436.1582171 ,  -87.92028711,  -85.47893019,  -16.72439687,    -96.33089589,  -68.9151189 ,  -75.66081511,  -53.55095975,     93.77936032,  211.07956266,   91.3464481 ,   25.67058026,     -2.90198579], [  101.91414612,   59.94685652, -112.24660472,  -31.44554453,    -58.70534585,  -38.05007629,  -68.75918931,  -19.11008733,     56.33443806,   91.3464481 ,  156.38750363,   61.85635669,    -11.81129829], [  -13.27590391,  114.4902734 ,  -64.9404774 ,  -47.13054907,    -37.2552833 ,  -23.85384715,  -17.78924375,  -36.40260615,     16.89601567,   25.67058026,   61.85635669,  150.53378553,     70.56451549], [ -183.65770109,  150.9277868 ,   -7.29892145,  -81.18408458,     36.0780499 ,  -11.6639618 ,   21.71017983,  -33.73172867,    -39.34892758,   -2.90198579,  -11.81129829,   70.56451549,    173.19472743]]
/root/sim/music/101~200/117_カエルの勇者.mp3; [-678.03046  , 185.9386   , -14.903331 ,  14.182759 ,   3.621807 ,   -3.6633434, -10.242866 , -18.587795 , -16.557884 , -16.110743 ,   -8.33391  ,  -8.921369 ,  -3.9658496]; [[11593.03996158, 1656.12128273, 1122.94888253, 1536.56015582,    523.81312364, -425.16431786, -542.70424587,  -25.33136077,    129.40252796,   90.80935175,  -27.78375934, -221.11845826,   -314.56119053], [ 1656.12128273, 1468.51084022,   25.30121655,  266.97611513,     59.88897541, -250.40562107, -166.16328771, -134.98707069,    -26.63448454,  -13.11369485,  -30.90952418, -115.31478956,   -137.79713729], [ 1122.94888253,   25.30121655,  926.79957175,  310.37266856,    425.39719744,  188.09450642,   98.36906568,  112.54159084,    -32.38654396,  -16.08020214,  -80.53311   ,  -70.04865062,    -93.33028558], [ 1536.56015582,  266.97611513,  310.37266856,  524.5136199 ,    140.10541484,   39.42653628,  -39.21699534,   45.15355717,     33.15191781,   35.96709929,  -29.49285307,  -44.79806478,    -60.2550224 ], [  523.81312364,   59.88897541,  425.39719744,  140.10541484,    382.85107721,   95.61953476,  101.83617638,   74.13161286,      3.14928506,   -9.19343096,  -40.6619035 ,  -25.39566655,    -16.63458537], [ -425.16431786, -250.40562107,  188.09450642,   39.42653628,     95.61953476,  310.41099614,  132.01542547,   90.39788779,    -25.33573569,    0.60120443,   -1.3715691 ,   19.69339003,     20.37112904], [ -542.70424587, -166.16328771,   98.36906568,  -39.21699534,    101.83617638,  132.01542547,  205.03749763,   81.47967716,     -5.77015154,  -31.98533411,   14.29170806,   15.67143556,     28.4057754 ], [  -25.33136077, -134.98707069,  112.54159084,   45.15355717,     74.13161286,   90.39788779,   81.47967716,  156.31630091,     45.46135252,    0.88227239,   18.402587  ,   39.15691767,     45.45985806], [  129.40252796,  -26.63448454,  -32.38654396,   33.15191781,      3.14928506,  -25.33573569,   -5.77015154,   45.46135252,    140.69788313,   41.82707165,   30.25651965,   21.57085346,     31.4941016 ], [   90.80935175,  -13.11369485,  -16.08020214,   35.96709929,     -9.19343096,    0.60120443,  -31.98533411,    0.88227239,     41.82707165,  148.7708702 ,   37.27291195,   22.86412568,      5.82656318], [  -27.78375934,  -30.90952418,  -80.53311   ,  -29.49285307,    -40.6619035 ,   -1.3715691 ,   14.29170806,   18.402587  ,     30.25651965,   37.27291195,  126.98766046,   27.30202528,     41.53362873], [ -221.11845826, -115.31478956,  -70.04865062,  -44.79806478,    -25.39566655,   19.69339003,   15.67143556,   39.15691767,     21.57085346,   22.86412568,   27.30202528,  110.36929021,     57.13554607], [ -314.56119053, -137.79713729,  -93.33028558,  -60.2550224 ,    -16.63458537,   20.37112904,   28.4057754 ,   45.45985806,     31.4941016 ,    5.82656318,   41.53362873,   57.13554607,    158.31130655]]
/root/sim/music/101~200/125_スターもありがとナイスタ！.mp3; [-681.871     , 107.35871   ,   2.8899376 ,   7.379211  , -27.256268  ,   -8.755372  ,  -9.991262  ,  -1.5921574 ,  -5.544265  ,  -0.69657886,    0.9558703 ,   1.1148831 ,  -1.0738573 ]; [[13422.63249917, -581.61505913,  928.84984503, 2032.49813187,   1004.99986076, 1186.01201356,  625.1149217 ,  223.78242541,    479.5557808 ,  495.77134302,  178.38767416,  142.23838413,   -158.25646644], [ -581.61505913, 4757.28785952, 1564.22132804,  247.27271237,    544.36495208,  136.19166135,  566.15142383,  234.65133361,    218.63917041,  235.38724351,  287.77254291,   83.02917948,    215.76614553], [  928.84984503, 1564.22132804, 1680.72646137,  756.38977987,    291.39752894,  149.56119632,  109.76414299,  155.49597108,    315.33489835,  217.80909131,  135.04508084,   87.23122054,     10.38890802], [ 2032.49813187,  247.27271237,  756.38977987, 1103.42255925,    432.04307432,  169.88387421,  219.11343596,  164.34765013,    207.79031429,  232.0270965 ,  107.77197238,   71.0310834 ,      5.47178159], [ 1004.99986076,  544.36495208,  291.39752894,  432.04307432,    638.03368768,  194.32862872,  227.05942068,  161.08645531,    144.79809039,  134.93923905,  100.24080207,  100.91183219,     54.88716335], [ 1186.01201356,  136.19166135,  149.56119632,  169.88387421,    194.32862872,  679.18570693,  238.98442513,  149.8087812 ,    170.98002651,   96.18607426,  101.45653205,  147.42247026,     94.5060276 ], [  625.1149217 ,  566.15142383,  109.76414299,  219.11343596,    227.05942068,  238.98442513,  501.86879716,  159.94837436,     65.62436038,  155.77157602,  101.47947513,   78.27386153,     70.00870517], [  223.78242541,  234.65133361,  155.49597108,  164.34765013,    161.08645531,  149.8087812 ,  159.94837436,  329.60033803,    123.48499566,   12.50313929,   66.64267224,  105.41253466,     98.22386725], [  479.5557808 ,  218.63917041,  315.33489835,  207.79031429,    144.79809039,  170.98002651,   65.62436038,  123.48499566,    269.28749428,   92.25332989,   31.59350706,   49.03155045,     59.5558289 ], [  495.77134302,  235.38724351,  217.80909131,  232.0270965 ,    134.93923905,   96.18607426,  155.77157602,   12.50313929,     92.25332989,  276.13293729,   71.63159849,   19.89974115,    -38.13526336], [  178.38767416,  287.77254291,  135.04508084,  107.77197238,    100.24080207,  101.45653205,  101.47947513,   66.64267224,     31.59350706,   71.63159849,  185.22407595,   63.72896364,     35.91282464], [  142.23838413,   83.02917948,   87.23122054,   71.0310834 ,    100.91183219,  147.42247026,   78.27386153,  105.41253466,     49.03155045,   19.89974115,   63.72896364,  207.3115549 ,     58.26138044], [ -158.25646644,  215.76614553,   10.38890802,    5.47178159,     54.88716335,   94.5060276 ,   70.00870517,   98.22386725,     59.5558289 ,  -38.13526336,   35.91282464,   58.26138044,    271.51695342]]
/root/sim/music/101~200/151_和心.mp3; [-795.74243   , 250.8864    ,   2.7728972 ,  11.7727995 ,  15.607665  ,    6.6019497 ,   0.41065046,   2.0573049 ,   0.42797843,   7.736063  ,    5.4073644 ,   2.7496011 ,   3.2850897 ]; [[6323.15591949,  78.79453713,-820.3160674 , 571.5934041 , 547.56336173,    50.33124346,  84.76831863, 394.08547201,  43.95880036, -77.50496904,    44.86425482, 142.2846102 , -33.36136573], [  78.79453713,1198.06739798,-337.76979294, 107.92474635, 204.03085424,   -35.10150907,  51.43395985,  57.29501787,  23.7023917 ,   0.77490566,    -0.43043525,  20.7040179 ,   0.69653563], [-820.3160674 ,-337.76979294, 791.01053319,  18.25520496,  -8.07457276,   249.86684105,  56.19790051,  20.74193848, 106.27199983,  77.93292076,    58.63987862,  50.63603013,  67.64457983], [ 571.5934041 , 107.92474635,  18.25520496, 284.40861051, 142.20080232,    46.83579801, 100.94428989, 114.23422324,  48.54182676,  38.82700006,    62.55275772,  66.55967416,  10.57369178], [ 547.56336173, 204.03085424,  -8.07457276, 142.20080232, 279.21769187,   129.15024479,  65.99370819,  93.30060193,  56.81242708,  32.43303187,    37.68413703,  33.92150687,  10.42525288], [  50.33124346, -35.10150907, 249.86684105,  46.83579801, 129.15024479,   260.82350426,  64.85311115,  46.64783573,  88.2434275 ,  45.04059564,    31.27143777,  40.49764909,  19.44914978], [  84.76831863,  51.43395985,  56.19790051, 100.94428989,  65.99370819,    64.85311115, 167.87859795,  95.86303267,  19.83734713,  42.1882435 ,    58.67801816,  50.0257508 ,  31.01755932], [ 394.08547201,  57.29501787,  20.74193848, 114.23422324,  93.30060193,    46.64783573,  95.86303267, 169.21115751,  53.40779937,   2.37950465,    48.56914183,  45.67700337,  23.1346996 ], [  43.95880036,  23.7023917 , 106.27199983,  48.54182676,  56.81242708,    88.2434275 ,  19.83734713,  53.40779937, 125.22529892,  58.35358438,    16.70348031,  32.89941916,  22.63236096], [ -77.50496904,   0.77490566,  77.93292076,  38.82700006,  32.43303187,    45.04059564,  42.1882435 ,   2.37950465,  58.35358438, 112.00881652,    50.61473397,  11.23569697,  21.82957392], [  44.86425482,  -0.43043525,  58.63987862,  62.55275772,  37.68413703,    31.27143777,  58.67801816,  48.56914183,  16.70348031,  50.61473397,    96.11994586,  56.11005733,  10.09003884], [ 142.2846102 ,  20.7040179 ,  50.63603013,  66.55967416,  33.92150687,    40.49764909,  50.0257508 ,  45.67700337,  32.89941916,  11.23569697,    56.11005733, 110.6842661 ,  43.70400177], [ -33.36136573,   0.69653563,  67.64457983,  10.57369178,  10.42525288,    19.44914978,  31.01755932,  23.1346996 ,  22.63236096,  21.82957392,    10.09003884,  43.70400177,  97.95599322]]
/root/sim/music/101~200/119_大慌て.mp3; [-509.8199    , 130.38147   , -29.817013  ,  27.724     ,  -6.6432877 ,    8.04187   ,   0.67632055,  11.419705  ,   4.189136  ,   5.8034573 ,   -1.6787944 ,   0.46410105,  -1.1025239 ]; [[2114.42377073,-961.96744312, 206.49224716, -99.67926684,  -3.53470484,    88.80268357,  81.99766458,  66.58212841,  59.32217149,  33.33814079,     2.87734008,  25.73629527,  17.88130289], [-961.96744312,1216.17327885,-191.0940138 , 120.27422823,  25.02040106,   -22.90427128,   3.10700864,  -3.48645943, -14.0719933 ,  -4.12242671,     5.19216906, -23.28651512,   7.88807334], [ 206.49224716,-191.0940138 , 356.94737693,  18.8974676 ,  54.0760603 ,    55.1210262 ,  49.37473438,  13.83119412,  34.97264876,  18.61215417,    25.65798194,  11.51264667, -10.9403953 ], [ -99.67926684, 120.27422823,  18.8974676 ,  88.31038002,  19.02979568,     0.13970342,  -5.17290395,  -1.96674627,  -3.93245915,  -0.05707225,     4.65018042,   4.59751734,  -2.00159551], [  -3.53470484,  25.02040106,  54.0760603 ,  19.02979568,  72.80620191,    29.9829136 ,  19.73243618,  13.05687909,  18.74708856,  13.62844291,    19.19500191,   8.95855669,   5.41590761], [  88.80268357, -22.90427128,  55.1210262 ,   0.13970342,  29.9829136 ,    71.11428559,  48.88738643,  16.45061219,  15.3020087 ,  17.95278162,    16.36927227,   9.85656719,   8.29174352], [  81.99766458,   3.10700864,  49.37473438,  -5.17290395,  19.73243618,    48.88738643,  85.41413758,  35.21178393,  20.15622553,  11.67746253,    10.35369249,   8.35992402,   7.8349686 ], [  66.58212841,  -3.48645943,  13.83119412,  -1.96674627,  13.05687909,    16.45061219,  35.21178393,  54.15861759,  27.76583048,   7.16630796,     9.60209355,  10.04539797,   3.97219753], [  59.32217149, -14.0719933 ,  34.97264876,  -3.93245915,  18.74708856,    15.3020087 ,  20.15622553,  27.76583048,  51.74547321,  27.76488199,    14.96771469,   6.36609427,   3.09125075], [  33.33814079,  -4.12242671,  18.61215417,  -0.05707225,  13.62844291,    17.95278162,  11.67746253,   7.16630796,  27.76488199,  54.98677294,    27.80028539,   7.74490783,   5.63909817], [   2.87734008,   5.19216906,  25.65798194,   4.65018042,  19.19500191,    16.36927227,  10.35369249,   9.60209355,  14.96771469,  27.80028539,    53.94345021,  27.03020909,   7.42473836], [  25.73629527, -23.28651512,  11.51264667,   4.59751734,   8.95855669,     9.85656719,   8.35992402,  10.04539797,   6.36609427,   7.74490783,    27.03020909,  51.71369854,  26.62666836], [  17.88130289,   7.88807334, -10.9403953 ,  -2.00159551,   5.41590761,     8.29174352,   7.8349686 ,   3.97219753,   3.09125075,   5.63909817,     7.42473836,  26.62666836,  51.98100093]]
