/root/sim/music/101~200/183_wet_day.mp3; [-807.9415    , 248.9282    ,   5.826093  ,   4.6902    ,   2.0540304 ,   -0.02085296,  -6.9319115 ,  -9.677174  , -20.116772  , -12.814597  ,   -3.1528678 ,   2.8362002 ,  -0.8585792 ]; [[19945.1822887 , 5159.27492248, -817.97433967,  292.24287015,    290.27879839,  679.51638527,  451.67994915,  545.4635917 ,     44.30674305,  149.60421879,  422.46729104,  434.59775523,     70.35840736], [ 5159.27492248, 4727.97269832, -482.60701415, -122.52711932,     52.83488868,  -25.2039924 ,   -0.25544728,   -1.68555678,   -237.82261553, -198.88467166,   26.08669373,  150.40289588,     53.82069025], [ -817.97433967, -482.60701415, 1002.08064248,   -0.05533441,    163.14088385,  114.89837347,   67.45579579,   -4.202559  ,     70.17392979,   26.23744763,   25.57233224,   32.87862839,     11.5391242 ], [  292.24287015, -122.52711932,   -0.05533441,  440.60161104,     68.47784387,   46.5745684 ,   33.53873762,   22.24057467,     -8.97213842,   68.2777337 ,   74.83035661,  -14.83547478,    -29.49081221], [  290.27879839,   52.83488868,  163.14088385,   68.47784387,    233.83457748,  150.82734275,  139.86663493,  109.93362002,     46.11244631,   30.49684274,   88.70526315,   97.01757415,     41.86243222], [  679.51638527,  -25.2039924 ,  114.89837347,   46.5745684 ,    150.82734275,  299.65829379,  200.14524297,  145.10128283,    107.22139757,   61.84089186,  107.88936359,  149.23099062,     45.78782277], [  451.67994915,   -0.25544728,   67.45579579,   33.53873762,    139.86663493,  200.14524297,  243.97966197,  175.90327039,     90.49106546,   54.95135861,  103.60643727,  105.37971791,     35.39693634], [  545.4635917 ,   -1.68555678,   -4.202559  ,   22.24057467,    109.93362002,  145.10128283,  175.90327039,  253.6753684 ,    126.0294739 ,   21.03514866,   78.70901255,   85.25635948,    -38.70867389], [   44.30674305, -237.82261553,   70.17392979,   -8.97213842,     46.11244631,  107.22139757,   90.49106546,  126.0294739 ,    190.90897448,  102.41045553,   50.63862308,   28.82050878,    -14.67690438], [  149.60421879, -198.88467166,   26.23744763,   68.2777337 ,     30.49684274,   61.84089186,   54.95135861,   21.03514866,    102.41045553,  184.20994186,   63.33010354,  -42.21334107,     51.49123645], [  422.46729104,   26.08669373,   25.57233224,   74.83035661,     88.70526315,  107.88936359,  103.60643727,   78.70901255,     50.63862308,   63.33010354,  133.28293588,   87.93599564,      6.44815508], [  434.59775523,  150.40289588,   32.87862839,  -14.83547478,     97.01757415,  149.23099062,  105.37971791,   85.25635948,     28.82050878,  -42.21334107,   87.93599564,  251.47699623,     66.29312766], [   70.35840736,   53.82069025,   11.5391242 ,  -29.49081221,     41.86243222,   45.78782277,   35.39693634,  -38.70867389,    -14.67690438,   51.49123645,    6.44815508,   66.29312766,    252.58563137]]
/root/sim/music/101~200/114_寝坊熊の優雅な朝食.mp3; [-818.5625    , 245.6969    ,   1.2624737 ,   7.893533  ,  -5.354427  ,  -13.8157015 ,  -4.3903747 ,  -3.792226  ,  -3.8455403 ,   0.39780435,   -8.025057  ,  -8.37691   ,  -5.447352  ]; [[8699.64061242, 234.156381  ,-841.19323629,  45.43426545,-486.90394739,    26.82223392, 151.8044097 , 173.14909352, 293.17936826, 816.17599468,  1172.62221055,1010.13120633, 534.9666137 ], [ 234.156381  ,1092.89940949,  68.62652678, -36.5773274 ,  17.66104706,  -131.68033468,  14.19129419,  30.97460383,  43.20922154, 217.99778754,   270.6939041 , 120.18300063,  65.53799524], [-841.19323629,  68.62652678, 702.08431352,  -5.78687529, 187.31839223,   213.82423635,  13.39863935, 109.45812665,  97.31271919,   4.41809161,    18.80282545, -52.6834086 ,-106.34933191], [  45.43426545, -36.5773274 ,  -5.78687529, 294.46645719,  85.07439634,    10.96729857,  72.88976514,  69.95941991,  51.15063819,  73.24980848,    36.84421923,  50.27870802,  66.73310604], [-486.90394739,  17.66104706, 187.31839223,  85.07439634, 190.82540601,   116.48878257,  35.70216037,  59.07042056,  50.58760051,  17.82889643,   -10.55624228, -32.05476203, -27.33738707], [  26.82223392,-131.68033468, 213.82423635,  10.96729857, 116.48878257,   273.68119078,  62.56162547,  87.34847124,  90.97606516,  23.86628534,    12.73593673, -18.2750444 , -60.60636523], [ 151.8044097 ,  14.19129419,  13.39863935,  72.88976514,  35.70216037,    62.56162547, 130.70946008,  63.38757427,  56.26921228,  60.07639685,    44.98300801,  26.5841031 , -13.08798403], [ 173.14909352,  30.97460383, 109.45812665,  69.95941991,  59.07042056,    87.34847124,  63.38757427, 140.37859669, 112.90382408,  65.92878163,    20.47418561,   8.36704779,  -0.86022226], [ 293.17936826,  43.20922154,  97.31271919,  51.15063819,  50.58760051,    90.97606516,  56.26921228, 112.90382408, 198.49969254, 137.46463385,    28.08873363,  -4.3158504 , -20.45494311], [ 816.17599468, 217.99778754,   4.41809161,  73.24980848,  17.82889643,    23.86628534,  60.07639685,  65.92878163, 137.46463385, 302.52311308,   284.22967479, 140.810075  ,  53.07646264], [1172.62221055, 270.6939041 ,  18.80282545,  36.84421923, -10.55624228,    12.73593673,  44.98300801,  20.47418561,  28.08873363, 284.22967479,   483.62601717, 286.12538378,  73.22665371], [1010.13120633, 120.18300063, -52.6834086 ,  50.27870802, -32.05476203,   -18.2750444 ,  26.5841031 ,   8.36704779,  -4.3158504 , 140.810075  ,   286.12538378, 270.39713418, 120.60523621], [ 534.9666137 ,  65.53799524,-106.34933191,  66.73310604, -27.33738707,   -60.60636523, -13.08798403,  -0.86022226, -20.45494311,  53.07646264,    73.22665371, 120.60523621, 167.53742772]]
/root/sim/music/101~200/161_Contrail.mp3; [-770.66016  , 125.772125 , -14.017656 ,   8.622973 , -17.787645 ,  -20.649597 , -15.3491335, -18.337654 ,  -9.896839 , -13.8163   ,  -11.300782 , -18.11467  , -19.459484 ]; [[ 8343.84846659,-1617.29983797, -510.95716494, 1229.35250226,     66.7400241 ,  464.88639036,  310.26451822,  -55.96073129,    343.69964864,  243.38730445,  115.44362952,  -36.5027529 ,   -439.25344426], [-1617.29983797, 3751.09303996,  495.22757445, -235.59741649,    419.62602129,   17.88901205,    1.5238798 , -139.3527915 ,   -383.37253167, -261.99881412,    8.57368412,  629.66373429,    527.95567794], [ -510.95716494,  495.22757445,  506.67415469, -184.36562896,    135.02534127,  -71.82482556,   21.33644844,  -31.35750911,   -118.89436232,  -49.17959436,    8.23356534,  106.87395195,    148.5631773 ], [ 1229.35250226, -235.59741649, -184.36562896,  637.10857022,    120.99788506,  230.39920035,  163.33991453,   36.18227108,     87.5359291 ,  120.59137617,   95.05831964,   14.61242922,   -136.66496923], [   66.7400241 ,  419.62602129,  135.02534127,  120.99788506,    388.11908029,   92.95342949,  155.05775116,   90.55081993,      1.53162522,   11.61333014,   47.5407336 ,   66.09588133,     81.31523394], [  464.88639036,   17.88901205,  -71.82482556,  230.39920035,     92.95342949,  248.5154035 ,  100.4062169 ,   29.46901244,     76.98218188,   21.12968014,  -32.31060309,   23.29050289,   -112.13141188], [  310.26451822,    1.5238798 ,   21.33644844,  163.33991453,    155.05775116,  100.4062169 ,  167.11558858,   68.40335796,     49.97266702,   28.18370885,   10.98888097,   -8.78417208,    -15.10086437], [  -55.96073129, -139.3527915 ,  -31.35750911,   36.18227108,     90.55081993,   29.46901244,   68.40335796,  173.2103446 ,     82.39335532,   29.08104052,    5.64541661, -112.34494166,    -11.48756641], [  343.69964864, -383.37253167, -118.89436232,   87.5359291 ,      1.53162522,   76.98218188,   49.97266702,   82.39335532,    201.93849872,   34.18394508,  -48.72450424,  -98.08115566,    -94.60089896], [  243.38730445, -261.99881412,  -49.17959436,  120.59137617,     11.61333014,   21.12968014,   28.18370885,   29.08104052,     34.18394508,  118.52817369,   60.6925679 ,  -30.40689654,    -19.46631555], [  115.44362952,    8.57368412,    8.23356534,   95.05831964,     47.5407336 ,  -32.31060309,   10.98888097,    5.64541661,    -48.72450424,   60.6925679 ,  161.69191148,    1.11151195,     24.78300012], [  -36.5027529 ,  629.66373429,  106.87395195,   14.61242922,     66.09588133,   23.29050289,   -8.78417208, -112.34494166,    -98.08115566,  -30.40689654,    1.11151195,  371.01415223,     87.1157466 ], [ -439.25344426,  527.95567794,  148.5631773 , -136.66496923,     81.31523394, -112.13141188,  -15.10086437,  -11.48756641,    -94.60089896,  -19.46631555,   24.78300012,   87.1157466 ,    323.28621436]]
/root/sim/music/101~200/132_安らぎジングル.mp3; [-1043.8357   ,  173.6556   ,  -20.437426 ,  -52.234837 ,  -15.071638 ,    -8.609538 ,   -9.639899 ,    0.6962824,    2.4059422,  -12.993742 ,   -25.612566 ,  -20.29957  ,   -4.2145486]; [[6148.32009293,3795.0247391 ,-623.45458092, 347.79905748, 628.19110903,    47.01759799, 141.42141922, 170.48122486, 231.38578254, 330.7906311 ,   345.87741053, 188.84486825,-338.78682595], [3795.0247391 ,2602.49101688,-219.03893892, 110.09672277, 379.13668775,    59.82097651,  94.64910988, 163.13966436, 152.71365261, 198.94434454,   252.04145045, 107.76861179,-227.39466027], [-623.45458092,-219.03893892, 331.88942198, -25.47241769,-121.57875004,    27.78392237,  40.15662567,  42.67616942, -26.83219163, -47.81620927,    -2.88450519, -15.98219157,  33.25430983], [ 347.79905748, 110.09672277, -25.47241769, 241.75770724, 114.15399799,    -3.2092695 ,  42.05196452,   3.09987897,  34.76953648,  59.13021784,    27.48951139,  31.89055409, -23.41708824], [ 628.19110903, 379.13668775,-121.57875004, 114.15399799, 235.59109532,    72.76555716,  20.10174688,  41.20082122,  65.16243968,  41.70831989,     2.10712053,  17.53951334,   3.64317241], [  47.01759799,  59.82097651,  27.78392237,  -3.2092695 ,  72.76555716,   172.09902555, 154.192764  ,  75.74009328,   6.37749237, -47.18223076,   -38.00485784,  52.09257602, 124.18439828], [ 141.42141922,  94.64910988,  40.15662567,  42.05196452,  20.10174688,   154.192764  , 267.88775375, 170.63247844,  36.24390185, -11.56430047,    24.08294122,  93.49878694, 108.77194009], [ 170.48122486, 163.13966436,  42.67616942,   3.09987897,  41.20082122,    75.74009328, 170.63247844, 233.43549747, 121.99973996,  29.80063999,    40.37467967,  35.43579777,  49.34770155], [ 231.38578254, 152.71365261, -26.83219163,  34.76953648,  65.16243968,     6.37749237,  36.24390185, 121.99973996, 140.02436227,  96.74595447,    47.7227695 ,  -0.85696961, -19.95117355], [ 330.7906311 , 198.94434454, -47.81620927,  59.13021784,  41.70831989,   -47.18223076, -11.56430047,  29.80063999,  96.74595447, 175.07773832,   141.55667   ,   3.10857814,-141.96809055], [ 345.87741053, 252.04145045,  -2.88450519,  27.48951139,   2.10712053,   -38.00485784,  24.08294122,  40.37467967,  47.7227695 , 141.55667   ,   191.88302576,  60.62299603,-153.25921627], [ 188.84486825, 107.76861179, -15.98219157,  31.89055409,  17.53951334,    52.09257602,  93.49878694,  35.43579777,  -0.85696961,   3.10857814,    60.62299603, 119.3105353 ,  45.86277648], [-338.78682595,-227.39466027,  33.25430983, -23.41708824,   3.64317241,   124.18439828, 108.77194009,  49.34770155, -19.95117355,-141.96809055,  -153.25921627,  45.86277648, 270.70272143]]
/root/sim/music/101~200/182_Sunshower.mp3; [-786.05035  , 217.89006  ,  19.622526 ,   5.7034163,   7.733112 ,    1.3401201,  -9.131317 , -10.7134075,  -5.7698774,  -1.7796663,   -7.536956 ,  -5.496514 , -10.788334 ]; [[14807.29788105,  687.74461313,-1536.42426848, -984.25428272,   -268.225601  , -133.67014648,  474.77818118, -815.03260693,   -981.6560864 ,   34.74935683,   18.65662047, -175.11454265,   -987.54499495], [  687.74461313, 2083.40827347,  236.18470584,   80.36619865,   -153.30827424,   25.91784849, -332.15803337, -213.88044206,    -13.56853318,  -33.78860096,  -34.84810281, -197.71872115,     96.68055169], [-1536.42426848,  236.18470584, 1127.71204077,  221.84392481,     65.76376655,  159.0672763 ,  -50.03858727,  146.03552898,    121.47310413,  111.97755801,   51.24486532,   59.21357781,    200.22139153], [ -984.25428272,   80.36619865,  221.84392481,  517.20607121,    235.39931222,  168.03458825,   27.29714615,  200.2841283 ,    216.61392606,   43.59089698,   49.05766655,   82.82576421,    195.17168773], [ -268.225601  , -153.30827424,   65.76376655,  235.39931222,    337.59628032,  178.75227591,   82.5925856 ,  151.44124453,    153.20292794,   83.73188284,   63.17374647,  112.55564413,    111.92842466], [ -133.67014648,   25.91784849,  159.0672763 ,  168.03458825,    178.75227591,  263.50464927,  155.47918302,  109.22776619,    104.66431667,  121.40475642,  110.87202762,   78.28240631,     92.44181639], [  474.77818118, -332.15803337,  -50.03858727,   27.29714615,     82.5925856 ,  155.47918302,  493.5296821 ,  232.22630822,     89.66468648,  109.57825849,  133.65735977,   94.40046865,    -99.38746647], [ -815.03260693, -213.88044206,  146.03552898,  200.2841283 ,    151.44124453,  109.22776619,  232.22630822,  365.96015441,    260.10644164,   86.96252309,   61.98023471,  104.99162676,     74.3074067 ], [ -981.6560864 ,  -13.56853318,  121.47310413,  216.61392606,    153.20292794,  104.66431667,   89.66468648,  260.10644164,    292.09927887,   88.73010721,   48.40853018,   77.67792257,    121.68590241], [   34.74935683,  -33.78860096,  111.97755801,   43.59089698,     83.73188284,  121.40475642,  109.57825849,   86.96252309,     88.73010721,  156.62530542,  101.77772116,   49.98110943,     31.12516929], [   18.65662047,  -34.84810281,   51.24486532,   49.05766655,     63.17374647,  110.87202762,  133.65735977,   61.98023471,     48.40853018,  101.77772116,  133.81332621,   63.28209427,     14.81953964], [ -175.11454265, -197.71872115,   59.21357781,   82.82576421,    112.55564413,   78.28240631,   94.40046865,  104.99162676,     77.67792257,   49.98110943,   63.28209427,  134.85028984,     74.95393042], [ -987.54499495,   96.68055169,  200.22139153,  195.17168773,    111.92842466,   92.44181639,  -99.38746647,   74.3074067 ,    121.68590241,   31.12516929,   14.81953964,   74.95393042,    236.27714051]]
/root/sim/music/101~200/107_和テイスト.mp3; [-588.75446  , 109.88097  , -27.210558 ,  -5.5820556,   1.7136085,   14.532129 ,  13.890158 ,   8.683177 ,   5.5397534,   5.6060205,    0.2694541,  -1.2910624,  -2.9991822]; [[9799.48326357,-393.64357172, -69.73654587, -70.66342033,  -2.96750219,   208.17690342, 279.05769754, 100.7069686 ,  37.33481068, 112.90308427,   -60.54350775,-126.41436198, -16.13342376], [-393.64357172,1047.11236574, 157.41779931, 196.03799591, 144.1587546 ,     8.62303314, -76.94099119, -33.59624246, -30.30783334, -41.39556385,    10.46448898,  30.5491908 , -22.56395047], [ -69.73654587, 157.41779931, 541.68144241, 185.63140396, 232.8382479 ,    86.69438971,  76.61320838,  -1.34922451, -23.31841676, -17.20697002,   -12.72043282, -48.42289527,  -8.22955432], [ -70.66342033, 196.03799591, 185.63140396, 417.25547762, 157.30960602,   135.9308106 ,  86.51250103,  34.14702424, -23.09251931, -16.61347884,     1.06918263, -31.23614834, -27.58290512], [  -2.96750219, 144.1587546 , 232.8382479 , 157.30960602, 283.37076427,   117.79751802,  83.39310881,  36.28692324,  19.03130683, -20.52895833,   -13.74520395, -56.52779674,  -1.6829884 ], [ 208.17690342,   8.62303314,  86.69438971, 135.9308106 , 117.79751802,   253.95122718, 152.06230984,  75.87479101,  60.76313896,  17.7222876 ,    -5.04398967, -37.57351171, -21.6723083 ], [ 279.05769754, -76.94099119,  76.61320838,  86.51250103,  83.39310881,   152.06230984, 226.23866765,  98.57957759,  62.43091032,  18.95780709,    -1.89773457, -39.81879676, -15.46272959], [ 100.7069686 , -33.59624246,  -1.34922451,  34.14702424,  36.28692324,    75.87479101,  98.57957759, 151.3287459 ,  73.07853512,  18.87878732,   -30.79454443, -12.9845626 ,  -7.39776327], [  37.33481068, -30.30783334, -23.31841676, -23.09251931,  19.03130683,    60.76313896,  62.43091032,  73.07853512, 139.8224302 ,  43.0036287 ,    -6.10087912, -28.21990006,  -8.78680123], [ 112.90308427, -41.39556385, -17.20697002, -16.61347884, -20.52895833,    17.7222876 ,  18.95780709,  18.87878732,  43.0036287 , 131.52658384,    47.43243503,  -2.03289087, -45.82369525], [ -60.54350775,  10.46448898, -12.72043282,   1.06918263, -13.74520395,    -5.04398967,  -1.89773457, -30.79454443,  -6.10087912,  47.43243503,   113.84975162,  32.13673673, -35.1617419 ], [-126.41436198,  30.5491908 , -48.42289527, -31.23614834, -56.52779674,   -37.57351171, -39.81879676, -12.9845626 , -28.21990006,  -2.03289087,    32.13673673, 160.26873579,  43.22687086], [ -16.13342376, -22.56395047,  -8.22955432, -27.58290512,  -1.6829884 ,   -21.6723083 , -15.46272959,  -7.39776327,  -8.78680123, -45.82369525,   -35.1617419 ,  43.22687086, 132.68739092]]
/root/sim/music/101~200/199_Reputation.mp3; [-685.2009    , 194.90535   ,  25.031397  ,  28.867764  ,  21.865131  ,   25.038683  ,   3.6944702 ,   0.83780986,   2.5957375 ,   8.922264  ,    7.671824  ,   6.825871  ,   2.7655504 ]; [[ 9010.17730475,-3556.43754157,  518.63573156,  179.14678393,   -295.73696539,  -26.33803265,  120.20955006,  -98.16921799,    -73.62740336,   17.28156508,   89.02667528,   19.64866256,     33.47235331], [-3556.43754157, 4207.11582633, -824.65517034, -435.65952073,    376.00341046,  164.18116047, -101.82030801,   -1.31987626,     30.26672435,   43.60498733,   -7.02926044,   39.22666317,     48.12921735], [  518.63573156, -824.65517034,  618.18207009,  237.97037522,   -127.38713582,  -56.52415008,   33.6379746 ,   43.80696519,     42.53455421,   -8.31678417,   -7.43717857,  -15.3089388 ,     -0.71744849], [  179.14678393, -435.65952073,  237.97037522,  307.87752714,    -41.20938227,  -61.24618287,   31.86059974,   50.0613481 ,      7.80190157,    2.85554565,   -7.2422564 ,   -9.41287773,     -8.24804673], [ -295.73696539,  376.00341046, -127.38713582,  -41.20938227,    145.52898734,   64.75201412,   -8.6785257 ,  -22.25854705,    -12.96050073,   -1.88871915,    7.42374352,    7.82885812,      2.72767865], [  -26.33803265,  164.18116047,  -56.52415008,  -61.24618287,     64.75201412,  136.55026818,   25.12707738,  -33.24103256,    -25.80573774,    2.73886957,    6.6437896 ,    9.2228878 ,     -0.33440766], [  120.20955006, -101.82030801,   33.6379746 ,   31.86059974,     -8.6785257 ,   25.12707738,   73.44675805,   31.79827043,     -6.36559186,   -9.33181176,   -0.95641204,    1.44002484,      2.40306067], [  -98.16921799,   -1.31987626,   43.80696519,   50.0613481 ,    -22.25854705,  -33.24103256,   31.79827043,   89.58510946,     39.51097062,  -10.09905338,  -13.03838066,    1.01713085,      8.13299658], [  -73.62740336,   30.26672435,   42.53455421,    7.80190157,    -12.96050073,  -25.80573774,   -6.36559186,   39.51097062,     72.28077244,   22.62626155,   -5.59221343,   -3.41678433,      9.10550435], [   17.28156508,   43.60498733,   -8.31678417,    2.85554565,     -1.88871915,    2.73886957,   -9.33181176,  -10.09905338,     22.62626155,   69.80806643,   33.86898208,   -3.1553101 ,    -13.27818203], [   89.02667528,   -7.02926044,   -7.43717857,   -7.2422564 ,      7.42374352,    6.6437896 ,   -0.95641204,  -13.03838066,     -5.59221343,   33.86898208,   73.2323355 ,   21.35888967,    -18.38765689], [   19.64866256,   39.22666317,  -15.3089388 ,   -9.41287773,      7.82885812,    9.2228878 ,    1.44002484,    1.01713085,     -3.41678433,   -3.1553101 ,   21.35888967,   62.95547858,     20.32354744], [   33.47235331,   48.12921735,   -0.71744849,   -8.24804673,      2.72767865,   -0.33440766,    2.40306067,    8.13299658,      9.10550435,  -13.27818203,  -18.38765689,   20.32354744,     68.7657051 ]]
/root/sim/music/101~200/147_Swells_Like_Luck.mp3; [-592.36346   , 167.81781   ,  -4.590325  ,  33.303207  ,  11.755915  ,    2.8011994 ,  -2.5226278 ,  -7.391948  ,  -0.86051095,  12.873917  ,    6.4310565 ,   0.8596065 ,   3.5131598 ]; [[18249.75815165, -527.10893838,  279.82953166,   98.9014282 ,   -283.58652252,  215.31034785, -292.09262165, -153.45344361,     71.45354266,  118.44472069,  -56.75425663, -125.11961023,    -35.33438961], [ -527.10893838, 3916.32381843,-1512.93364761,  175.10192832,    339.19850998, -427.92994684,   34.20045156, -257.62183519,   -194.90366395,  216.06741789,  222.83366846,  186.72903578,    191.59223093], [  279.82953166,-1512.93364761, 1067.58741314,  -49.09249996,   -119.86583852,  255.1731569 ,  -17.53647931,  143.68990696,     84.82371247, -127.66001373,  -86.58416349,  -68.61197849,    -95.25311017], [   98.9014282 ,  175.10192832,  -49.09249996,  155.96468483,      5.91265047,   10.4589552 ,   35.32604452,    3.96509528,     11.80064698,   18.05150783,   -2.59514384,   -5.37414508,    -12.53867929], [ -283.58652252,  339.19850998, -119.86583852,    5.91265047,    129.16713614,  -38.93054744,    8.70254987,  -12.06983946,    -19.51274742,    7.8243718 ,    6.80922882,    8.27667568,     27.95658886], [  215.31034785, -427.92994684,  255.1731569 ,   10.4589552 ,    -38.93054744,  139.85153456,   16.71532037,   39.00633842,     23.65034519,  -41.11766688,  -27.85234488,  -21.42320972,    -34.41583241], [ -292.09262165,   34.20045156,  -17.53647931,   35.32604452,      8.70254987,   16.71532037,   87.29072281,   23.34216396,     -4.71724283,    4.83557281,   -4.36791836,  -16.88989331,    -16.58057715], [ -153.45344361, -257.62183519,  143.68990696,    3.96509528,    -12.06983946,   39.00633842,   23.34216396,   91.03060986,     36.18819759,  -16.35185524,  -17.58856948,  -29.99813485,    -34.21922205], [   71.45354266, -194.90366395,   84.82371247,   11.80064698,    -19.51274742,   23.65034519,   -4.71724283,   36.18819759,     79.29755054,    7.82240636,  -24.28579463,  -20.58346163,    -20.5153335 ], [  118.44472069,  216.06741789, -127.66001373,   18.05150783,      7.8243718 ,  -41.11766688,    4.83557281,  -16.35185524,      7.82240636,   78.66373061,   31.13012417,   -0.78139931,      9.89422103], [  -56.75425663,  222.83366846,  -86.58416349,   -2.59514384,      6.80922882,  -27.85234488,   -4.36791836,  -17.58856948,    -24.28579463,   31.13012417,   80.65307496,   41.71368693,      9.75469152], [ -125.11961023,  186.72903578,  -68.61197849,   -5.37414508,      8.27667568,  -21.42320972,  -16.88989331,  -29.99813485,    -20.58346163,   -0.78139931,   41.71368693,   86.00354664,     36.40495043], [  -35.33438961,  191.59223093,  -95.25311017,  -12.53867929,     27.95658886,  -34.41583241,  -16.58057715,  -34.21922205,    -20.5153335 ,    9.89422103,    9.75469152,   36.40495043,     76.56792714]]
/root/sim/music/101~200/160_泣いてもいいさ、明日がある.mp3; [-818.8364   , 135.14342  , -31.29473  ,   9.004908 , -24.478361 ,  -15.481286 , -31.966019 , -19.674223 ,  -9.025165 ,  -6.6234784,   -9.435404 ,  -9.017264 ,  -6.7604394]; [[39511.0163971 , 5579.20774994,-3279.89248248, 2538.86082093,  -1073.17152805, 2131.46353754,  329.09944983,  443.91541616,    -83.8441325 , -250.43750168, -253.96346586, -410.45728831,   -151.09956856], [ 5579.20774994, 4617.18748352, -341.42714199,  386.13130981,   -370.77548832,  538.10070262,  -97.01642497,  -65.6963585 ,    122.18923482, -106.04620577,  -90.93746484, -199.48444053,    -19.7907336 ], [-3279.89248248, -341.42714199, 1107.56575843, -356.48754219,    406.14412353, -264.3382143 ,  119.77496235,  -48.67682573,     52.78086892,   58.13993745,  112.84521021,   83.28542304,     76.57059767], [ 2538.86082093,  386.13130981, -356.48754219,  732.52414601,     -0.05830922,  412.33455423,  195.42699672,  144.74524912,     53.90212846,  106.80305068,   76.34680459,   58.7037247 ,     87.61691147], [-1073.17152805, -370.77548832,  406.14412353,   -0.05830922,    331.38563418,  -17.3754232 ,  184.68223375,   34.25350476,     69.73568528,   70.60050957,  100.16513753,   78.2841942 ,     70.75946644], [ 2131.46353754,  538.10070262, -264.3382143 ,  412.33455423,    -17.3754232 ,  429.12019149,  180.71409597,  145.08463822,     85.61414957,  129.34629296,   78.70450103,   35.46530451,     85.91985846], [  329.09944983,  -97.01642497,  119.77496235,  195.42699672,    184.68223375,  180.71409597,  286.74635502,   74.67116064,     76.27408802,  104.92227305,  124.91097891,   30.56435375,     99.59192526], [  443.91541616,  -65.6963585 ,  -48.67682573,  144.74524912,     34.25350476,  145.08463822,   74.67116064,  256.2314167 ,    119.86688407,   78.08818328,   50.41887925,  121.0221466 ,     19.15853612], [  -83.8441325 ,  122.18923482,   52.78086892,   53.90212846,     69.73568528,   85.61414957,   76.27408802,  119.86688407,    144.5274313 ,   80.40489704,   71.03666999,   79.38519342,     35.31961883], [ -250.43750168, -106.04620577,   58.13993745,  106.80305068,     70.60050957,  129.34629296,  104.92227305,   78.08818328,     80.40489704,  182.06987609,  102.42903791,   96.20602877,     88.05288281], [ -253.96346586,  -90.93746484,  112.84521021,   76.34680459,    100.16513753,   78.70450103,  124.91097891,   50.41887925,     71.03666999,  102.42903791,  161.73442034,   58.790737  ,     76.65609787], [ -410.45728831, -199.48444053,   83.28542304,   58.7037247 ,     78.2841942 ,   35.46530451,   30.56435375,  121.0221466 ,     79.38519342,   96.20602877,   58.790737  ,  149.99950018,     47.40038074], [ -151.09956856,  -19.7907336 ,   76.57059767,   87.61691147,     70.75946644,   85.91985846,   99.59192526,   19.15853612,     35.31961883,   88.05288281,   76.65609787,   47.40038074,    109.67833202]]
/root/sim/music/101~200/187_Let_Me_Dance.mp3; [-549.2995    ,  85.74837   ,  -4.5076404 ,   5.9093213 ,  -0.29045418,    5.193364  ,  -4.1016293 ,  -0.88014895,  -3.0295053 ,   0.42768714,   -4.8022394 ,  -1.5915078 ,  -4.559595  ]; [[12502.39575788,-1321.65847405, 2001.29621394,  947.71781892,   1153.25080541,  628.19647003,  737.08655372,  814.81808109,    588.26186036,  690.01772385,  536.81295191,  642.28118225,    488.81772803], [-1321.65847405, 1295.39658485, -663.68752596, -161.43350825,   -338.71315743, -194.70321117, -263.33216783, -239.15059498,   -168.70831405, -209.24405692, -167.91170712, -120.42070789,    -93.71397591], [ 2001.29621394, -663.68752596, 1014.52488619,  361.97316922,    470.06211577,  280.05355444,  339.19510454,  340.07076527,    250.6514175 ,  258.99169259,  236.6265332 ,  237.05129737,    188.27682933], [  947.71781892, -161.43350825,  361.97316922,  414.97510202,    251.66183984,  148.57144732,  186.13174098,  169.2269905 ,    162.52497932,  142.9318493 ,  118.00871486,  145.83542865,    114.03928601], [ 1153.25080541, -338.71315743,  470.06211577,  251.66183984,    451.37302814,  232.81455102,  256.19022294,  240.892717  ,    196.34111412,  229.75055651,  179.81191134,  163.08804519,    131.72637551], [  628.19647003, -194.70321117,  280.05355444,  148.57144732,    232.81455102,  244.02912586,  205.11965416,  140.26575959,    135.86458219,  158.24831743,  133.91047357,  111.28894628,     80.97784842], [  737.08655372, -263.33216783,  339.19510454,  186.13174098,    256.19022294,  205.11965416,  307.29673358,  195.75180303,    151.75719899,  218.41203944,  179.11503778,  106.96174839,     90.21993081], [  814.81808109, -239.15059498,  340.07076527,  169.2269905 ,    240.892717  ,  140.26575959,  195.75180303,  236.50244508,    149.1070028 ,  144.70000636,  137.01833668,  119.87213982,     89.3304915 ], [  588.26186036, -168.70831405,  250.6514175 ,  162.52497932,    196.34111412,  135.86458219,  151.75719899,  149.1070028 ,    209.98931936,  147.74561174,   83.18611857,  104.99068291,     72.6975171 ], [  690.01772385, -209.24405692,  258.99169259,  142.9318493 ,    229.75055651,  158.24831743,  218.41203944,  144.70000636,    147.74561174,  280.14281224,  166.46910084,   66.38721101,     93.70332116], [  536.81295191, -167.91170712,  236.6265332 ,  118.00871486,    179.81191134,  133.91047357,  179.11503778,  137.01833668,     83.18611857,  166.46910084,  207.84882794,   82.74876758,     55.78288972], [  642.28118225, -120.42070789,  237.05129737,  145.83542865,    163.08804519,  111.28894628,  106.96174839,  119.87213982,    104.99068291,   66.38721101,   82.74876758,  180.77194719,     85.43632787], [  488.81772803,  -93.71397591,  188.27682933,  114.03928601,    131.72637551,   80.97784842,   90.21993081,   89.3304915 ,     72.6975171 ,   93.70332116,   55.78288972,   85.43632787,    144.09094428]]
/root/sim/music/101~200/175_ナクシタカタチ.mp3; [-825.8548    , 214.02962   ,   0.01605061,  14.397752  ,   0.08758419,   -3.295985  , -15.337766  ,  -5.674218  ,  -7.655561  ,  -8.136283  ,  -14.889331  , -12.928131  ,  -4.9377775 ]; [[22938.23769364,-2783.56749008,-5265.68848612, 1471.2253736 ,   -920.00936379, -330.59415597,-1382.68742485,  -43.47845293,   -224.3466162 ,    9.17530412, -227.07691526,  312.62717203,    803.08308718], [-2783.56749008, 2815.83187207, 1229.5286044 , -389.49359167,    312.55993003,   20.32595487,  305.47711673,  -28.13122646,    -13.34439891,  -63.01684212,  -80.19277122, -250.18902297,   -324.0497511 ], [-5265.68848612, 1229.5286044 , 1744.934141  , -282.72261574,    283.99002393,  133.15173396,  305.12961043,  -12.65690357,     21.88951308,  -56.08823343,   -0.58983246, -145.46280558,   -269.85661433], [ 1471.2253736 , -389.49359167, -282.72261574,  353.60130998,    -34.7913008 ,   17.9323925 ,  -79.61036034,   -8.23758541,    -20.87297301,   -2.65813808,  -13.48845617,   28.75766192,     59.54733419], [ -920.00936379,  312.55993003,  283.99002393,  -34.7913008 ,    207.97526586,   77.56201918,   77.69515301,    7.86745995,     -2.50793978,  -14.19852712,   -9.27446006,  -37.87061158,    -44.01465049], [ -330.59415597,   20.32595487,  133.15173396,   17.9323925 ,     77.56201918,  148.13098011,   77.97952172,   21.46362706,     27.1166279 ,    4.74490106,  -15.29106036,  -23.04016465,     -5.03333533], [-1382.68742485,  305.47711673,  305.12961043,  -79.61036034,     77.69515301,   77.97952172,  217.3083543 ,   57.67707228,     22.76709117,   10.8486821 ,   -3.71410038,  -61.81978684,    -61.18833549], [  -43.47845293,  -28.13122646,  -12.65690357,   -8.23758541,      7.86745995,   21.46362706,   57.67707228,   94.72479786,     44.50209137,   10.97219576,   -5.33357864,  -21.97459061,     -2.37076437], [ -224.3466162 ,  -13.34439891,   21.88951308,  -20.87297301,     -2.50793978,   27.1166279 ,   22.76709117,   44.50209137,     99.23960812,   47.09206947,    0.27651913,  -17.83329214,    -10.94486935], [    9.17530412,  -63.01684212,  -56.08823343,   -2.65813808,    -14.19852712,    4.74490106,   10.8486821 ,   10.97219576,     47.09206947,  115.40286535,   54.02750691,    3.85082872,     -9.17786314], [ -227.07691526,  -80.19277122,   -0.58983246,  -13.48845617,     -9.27446006,  -15.29106036,   -3.71410038,   -5.33357864,      0.27651913,   54.02750691,  152.61216286,  100.66787061,      0.75433637], [  312.62717203, -250.18902297, -145.46280558,   28.75766192,    -37.87061158,  -23.04016465,  -61.81978684,  -21.97459061,    -17.83329214,    3.85082872,  100.66787061,  202.58282055,    109.22596401], [  803.08308718, -324.0497511 , -269.85661433,   59.54733419,    -44.01465049,   -5.03333533,  -61.18833549,   -2.37076437,    -10.94486935,   -9.17786314,    0.75433637,  109.22596401,    202.86464253]]
/root/sim/music/101~200/129_小さな一本の木.mp3; [-823.9384   , 183.82079  , -19.719975 ,   0.9585222, -16.489824 ,  -15.601301 , -20.150595 , -14.760219 , -14.269565 , -11.332995 ,  -17.29555  , -11.611332 ,  -3.6606183]; [[21769.80895509, 3331.15808809,-1801.4542074 , 2735.88542479,   1051.60932161,  687.29833675, -235.53612764,  -75.30576762,   -157.82017601,  -75.62817181, -171.0238411 ,  252.63571025,    521.9377738 ], [ 3331.15808809, 2262.79087006,   87.43137192,  219.99506714,    147.58996372,  -15.9876751 , -153.74310636, -301.9317378 ,   -244.98489875,  -63.55360061,  -40.92865067,  -34.56635933,     17.15653199], [-1801.4542074 ,   87.43137192,  785.33645387,  -31.85868621,    -66.93721838,  -75.88408158,  -66.01539421,  -92.52748683,    -84.93743452,  -55.36540825,   -7.33200885,  -12.32120941,    -24.15843258], [ 2735.88542479,  219.99506714,  -31.85868621,  891.64810894,    349.22248103,  259.61124551,   95.29639778,   73.67692812,     38.0792118 ,   55.97913183,    7.17599969,   64.04142589,    148.13281709], [ 1051.60932161,  147.58996372,  -66.93721838,  349.22248103,    372.47520855,  231.43768343,  112.20980855,   46.68372697,      9.29732153,   36.06948294,   31.28005692,   26.67021182,     44.64622242], [  687.29833675,  -15.9876751 ,  -75.88408158,  259.61124551,    231.43768343,  291.4540558 ,  176.99697647,   89.69276288,     35.07136909,   41.92337367,   43.27686322,   38.57318784,     60.7987891 ], [ -235.53612764, -153.74310636,  -66.01539421,   95.29639778,    112.20980855,  176.99697647,  303.00516457,  208.17762074,    101.37523268,   56.80276129,   38.66852619,   40.9979768 ,     55.8262614 ], [  -75.30576762, -301.9317378 ,  -92.52748683,   73.67692812,     46.68372697,   89.69276288,  208.17762074,  298.02270571,    181.15562975,   29.48395049,    4.44247685,   39.77966503,     44.83965898], [ -157.82017601, -244.98489875,  -84.93743452,   38.0792118 ,      9.29732153,   35.07136909,  101.37523268,  181.15562975,    236.40418007,  120.79386956,   17.75139411,   -5.39708858,     13.07417769], [  -75.62817181,  -63.55360061,  -55.36540825,   55.97913183,     36.06948294,   41.92337367,   56.80276129,   29.48395049,    120.79386956,  237.08543975,   99.20387203,  -42.00674552,    -26.32283977], [ -171.0238411 ,  -40.92865067,   -7.33200885,    7.17599969,     31.28005692,   43.27686322,   38.66852619,    4.44247685,     17.75139411,   99.20387203,  167.25782316,   85.71965296,      5.27563866], [  252.63571025,  -34.56635933,  -12.32120941,   64.04142589,     26.67021182,   38.57318784,   40.9979768 ,   39.77966503,     -5.39708858,  -42.00674552,   85.71965296,  245.43945675,    144.18434975], [  521.9377738 ,   17.15653199,  -24.15843258,  148.13281709,     44.64622242,   60.7987891 ,   55.8262614 ,   44.83965898,     13.07417769,  -26.32283977,    5.27563866,  144.18434975,    236.26149748]]
/root/sim/music/101~200/174_水の世界.mp3; [-611.7391   , 141.99193  ,  30.290987 ,  29.007792 ,   1.0654495,    4.0869045,  -3.8910725,  -1.6376252,  -6.3536444,  -1.0124592,   -2.1542187,   3.1182544,  -2.1217673]; [[11295.36410576, -589.88993989,  159.82750751,   69.27592408,    -58.99741308, -164.04653828,  -78.25600539,   91.61822847,     25.8531007 ,   19.98859171,   14.49946755,   71.77493082,    -44.20264523], [ -589.88993989, 1750.77912517, -401.98392257,  143.91997905,   -125.91862539,   24.46766677,  -16.80503799,  -23.11683399,    -46.89180129,  -18.83385722,   -2.44064216,  -21.43261337,     -2.49522335], [  159.82750751, -401.98392257,  727.70677775,  -88.09546373,    234.64533129,  115.36737455,   81.55389805,  -12.28229461,     17.42775488,    6.66930086,   -7.30508572,    8.45305828,     14.08348943], [   69.27592408,  143.91997905,  -88.09546373,  309.25085445,     28.99547266,   16.15579049,  -25.25472289,  -10.35917421,    -37.30641753,  -28.36988248,   22.46192395,   26.12645553,     37.10831   ], [  -58.99741308, -125.91862539,  234.64533129,   28.99547266,    197.57086974,   67.90071967,   44.9028667 ,   -6.11798715,     -4.84502401,  -24.27897662,    4.0600889 ,   26.72270296,     44.93710826], [ -164.04653828,   24.46766677,  115.36737455,   16.15579049,     67.90071967,  164.66975555,   86.62361793,   21.52478066,    -12.01372429,  -32.3994628 ,  -40.73582598,  -22.15511742,     18.40352476], [  -78.25600539,  -16.80503799,   81.55389805,  -25.25472289,     44.9028667 ,   86.62361793,  158.12127637,   73.53404781,     33.78746498,   -7.91766785,  -32.22680999,  -20.46130608,     -1.65906374], [   91.61822847,  -23.11683399,  -12.28229461,  -10.35917421,     -6.11798715,   21.52478066,   73.53404781,  128.96337711,     61.89652216,   12.31897088,   -6.11701118,  -15.07162887,     -6.55464474], [   25.8531007 ,  -46.89180129,   17.42775488,  -37.30641753,     -4.84502401,  -12.01372429,   33.78746498,   61.89652216,    117.03259952,   62.85107407,   14.52989879,  -16.48735125,    -32.71249764], [   19.98859171,  -18.83385722,    6.66930086,  -28.36988248,    -24.27897662,  -32.3994628 ,   -7.91766785,   12.31897088,     62.85107407,  120.20871813,   48.99754228,   -4.49385109,    -50.78313969], [   14.49946755,   -2.44064216,   -7.30508572,   22.46192395,      4.0600889 ,  -40.73582598,  -32.22680999,   -6.11701118,     14.52989879,   48.99754228,  105.93867426,   58.08792657,      5.78409484], [   71.77493082,  -21.43261337,    8.45305828,   26.12645553,     26.72270296,  -22.15511742,  -20.46130608,  -15.07162887,    -16.48735125,   -4.49385109,   58.08792657,  113.0101855 ,     51.93634362], [  -44.20264523,   -2.49522335,   14.08348943,   37.10831   ,     44.93710826,   18.40352476,   -1.65906374,   -6.55464474,    -32.71249764,  -50.78313969,    5.78409484,   51.93634362,    111.396565  ]]
/root/sim/music/101~200/152_森にて.mp3; [-605.14044  , 153.66936  , -27.229445 ,  27.403252 ,   1.8233705,   19.15709  ,   7.9291673,  12.065079 ,  12.570929 ,  13.789067 ,    8.607884 ,   2.123745 ,  -3.9704363]; [[13061.79204192, 1568.06425905, -176.80536223,  138.30642599,     36.5793803 ,  144.90062665,   70.19421465,  114.23203828,     19.79061439,   47.86110267,   71.52860481,   97.29954695,     41.16460934], [ 1568.06425905, 1467.28282801, -263.15521632,  380.33552841,   -115.2803502 , -101.81407969,  -45.54429103,  157.6846574 ,    -61.64226712,  -27.22273221,   55.8505319 ,   24.17895211,     50.34860048], [ -176.80536223, -263.15521632,  344.31126676,  -80.78200353,     86.55222001,  -28.22042712,  -22.03738514,  -50.0193722 ,    -29.19580027,  -33.40655667,  -12.52295326,   26.70410958,     19.43138495], [  138.30642599,  380.33552841,  -80.78200353,  323.2830539 ,    -16.86005101,   58.78532889,    5.09979967,   97.34123895,     60.92274771,   33.99886224,  -14.62026949,  -41.95837765,     -8.38439791], [   36.5793803 , -115.2803502 ,   86.55222001,  -16.86005101,    131.77926151,   56.24395915,   21.67027838,  -40.07015673,     26.14538047,   26.28953262,  -18.0810647 ,  -14.86496135,    -30.85915957], [  144.90062665, -101.81407969,  -28.22042712,   58.78532889,     56.24395915,  274.75659223,   62.78678591,  -37.29094241,    113.34326446,   98.76537658,   11.47877441,  -38.51765562,    -85.12627851], [   70.19421465,  -45.54429103,  -22.03738514,    5.09979967,     21.67027838,   62.78678591,  167.17291937,   61.61069479,    -24.38056311,   -2.96952488,   37.23039094,    4.12641828,     -7.76523292], [  114.23203828,  157.6846574 ,  -50.0193722 ,   97.34123895,    -40.07015673,  -37.29094241,   61.61069479,  213.06063711,     23.86281248,  -47.18578611,   -2.93297684,    8.20888798,     39.26084192], [   19.79061439,  -61.64226712,  -29.19580027,   60.92274771,     26.14538047,  113.34326446,  -24.38056311,   23.86281248,    259.22711377,  121.9954507 ,  -53.45128865,  -54.22992586,    -68.95363263], [   47.86110267,  -27.22273221,  -33.40655667,   33.99886224,     26.28953262,   98.76537658,   -2.96952488,  -47.18578611,    121.9954507 ,  183.33556558,   26.51116907,  -48.9830952 ,    -74.48127676], [   71.52860481,   55.8505319 ,  -12.52295326,  -14.62026949,    -18.0810647 ,   11.47877441,   37.23039094,   -2.93297684,    -53.45128865,   26.51116907,  132.55740593,   52.89609368,      0.19864746], [   97.29954695,   24.17895211,   26.70410958,  -41.95837765,    -14.86496135,  -38.51765562,    4.12641828,    8.20888798,    -54.22992586,  -48.9830952 ,   52.89609368,  113.07621868,     53.65125203], [   41.16460934,   50.34860048,   19.43138495,   -8.38439791,    -30.85915957,  -85.12627851,   -7.76523292,   39.26084192,    -68.95363263,  -74.48127676,    0.19864746,   53.65125203,    118.53992125]]
