/root/sim/music/401~500/449_夏、夜、海岸.mp3; [-884.1229   , 225.43192  ,  35.03103  ,   2.3472662,  -9.442626 ,  -18.949503 , -28.914448 , -27.513735 , -23.031775 , -16.591436 ,  -14.765293 , -10.2710705,  -8.04741  ]; [[9009.56908121,1395.55745876,-385.12033153, 211.8960305 , -51.83765822,  -324.5049277 ,-432.97558681,-293.51598461,-114.86524984,   2.91286173,  -121.58350395,-216.56076195,-268.22727655], [1395.55745876,2085.00910563,   3.01137497,-123.80029686, 114.37598134,   -42.0497289 ,-113.64585408,-130.65225654,-154.66798125, -98.69107352,   -81.75678051, -99.19632717,-118.62809655], [-385.12033153,   3.01137497, 436.87348148,  52.38598783, -24.6984086 ,    55.68604554,  58.27695618,  -0.46970269, -60.41153502, -62.61782612,   -23.07620163,  -0.18729128, -15.34141385], [ 211.8960305 ,-123.80029686,  52.38598783, 178.76852383,   5.07911445,   -18.60012934,  -2.28269317,  -3.0301265 , -14.90925685,  -9.04110476,     0.54105035,  -6.32424778, -17.56830381], [ -51.83765822, 114.37598134, -24.6984086 ,   5.07911445, 170.93585216,    44.49769004,   2.13451265,  -9.580431  , -25.18668278,  -4.41038389,     8.92401104,   8.13300688,  -4.92896654], [-324.5049277 , -42.0497289 ,  55.68604554, -18.60012934,  44.49769004,   122.04055883,  75.05864111,  26.00531194,  -7.86192443, -22.08944256,    -9.22466944,  11.06016484,   2.60491285], [-432.97558681,-113.64585408,  58.27695618,  -2.28269317,   2.13451265,    75.05864111, 157.69849911,  73.50525304,   3.79872141, -18.82747965,   -12.14237885,  -1.24318523,  -7.97477708], [-293.51598461,-130.65225654,  -0.46970269,  -3.0301265 ,  -9.580431  ,    26.00531194,  73.50525304, 123.76591719,  62.73088806,   0.91882371,    -2.0018002 , -15.38823472,  -8.75090629], [-114.86524984,-154.66798125, -60.41153502, -14.90925685, -25.18668278,    -7.86192443,   3.79872141,  62.73088806, 133.50110016,  62.32498251,     5.14175257, -16.2684832 ,  -5.55587692], [   2.91286173, -98.69107352, -62.61782612,  -9.04110476,  -4.41038389,   -22.08944256, -18.82747965,   0.91882371,  62.32498251, 107.15609938,    47.68533661,   5.554948  ,  13.179998  ], [-121.58350395, -81.75678051, -23.07620163,   0.54105035,   8.92401104,    -9.22466944, -12.14237885,  -2.0018002 ,   5.14175257,  47.68533661,   100.36094904,  65.35684095,  23.02169362], [-216.56076195, -99.19632717,  -0.18729128,  -6.32424778,   8.13300688,    11.06016484,  -1.24318523, -15.38823472, -16.2684832 ,   5.554948  ,    65.35684095, 150.40470231,  69.9853117 ], [-268.22727655,-118.62809655, -15.34141385, -17.56830381,  -4.92896654,     2.60491285,  -7.97477708,  -8.75090629,  -5.55587692,  13.179998  ,    23.02169362,  69.9853117 , 104.24166861]]
/root/sim/music/401~500/406_Stella.mp3; [-641.5883   , 143.4434   ,  12.361593 ,  10.506191 , -16.721552 ,   16.723015 ,  -5.7188478,  -1.1472851,  -4.410679 ,  -6.343111 ,   -6.394253 ,  -8.190161 ,  -7.690109 ]; [[ 4950.04865908,-1737.99476266,  861.54316828,  547.21192348,   -302.15805467,  406.17985871,  117.41627936,  335.66995866,    343.25120505,  157.71490971,  302.07562747,   50.62310214,    205.25314288], [-1737.99476266, 2159.74789273, -439.54163204,  -30.5126246 ,    289.05709553,   -7.80799584,   32.11331973, -119.87266225,    -31.35670353,  -23.71271945,  -81.90272843,  -57.22697073,   -107.07578076], [  861.54316828, -439.54163204,  553.41553321,   -4.40026247,     -4.90233631,  153.39236814,  -32.58116232,  177.59178801,     76.0053471 ,   85.51770361,   81.47268791,  -53.39924394,     46.40234849], [  547.21192348,  -30.5126246 ,   -4.40026247,  593.16157882,   -232.29220899,   50.89375322,  158.62112968,  -57.77900867,    144.05548017,   51.83375548,   29.16374381,  158.54896446,     46.47880168], [ -302.15805467,  289.05709553,   -4.90233631, -232.29220899,    370.68525132,  -27.47996648,   12.83367416,   11.41539357,    -52.94938638,   20.81812416,  -65.97204867,   -7.98943793,     -7.944174  ], [  406.17985871,   -7.80799584,  153.39236814,   50.89375322,    -27.47996648,  387.5949531 ,  -40.37278999,  218.35615592,     57.92076134,   40.5508415 ,  191.72503847, -139.88295821,    120.30039724], [  117.41627936,   32.11331973,  -32.58116232,  158.62112968,     12.83367416,  -40.37278999,  231.71282675,  -84.27422316,     12.8750797 ,   61.28700471,  -67.22599013,  157.48559337,     10.7744218 ], [  335.66995866, -119.87266225,  177.59178801,  -57.77900867,     11.41539357,  218.35615592,  -84.27422316,  377.71499684,    -19.42981672,   22.7052855 ,  155.87047157, -176.15997636,     89.21637928], [  343.25120505,  -31.35670353,   76.0053471 ,  144.05548017,    -52.94938638,   57.92076134,   12.8750797 ,  -19.42981672,    183.55143285,   19.58562146,   33.25013706,   72.71290009,     16.71407357], [  157.71490971,  -23.71271945,   85.51770361,   51.83375548,     20.81812416,   40.5508415 ,   61.28700471,   22.7052855 ,     19.58562146,  159.22986584,  -36.65839541,   34.50090373,     72.29687953], [  302.07562747,  -81.90272843,   81.47268791,   29.16374381,    -65.97204867,  191.72503847,  -67.22599013,  155.87047157,     33.25013706,  -36.65839541,  271.21695371, -122.68686372,     29.89288055], [   50.62310214,  -57.22697073,  -53.39924394,  158.54896446,     -7.98943793, -139.88295821,  157.48559337, -176.15997636,     72.71290009,   34.50090373, -122.68686372,  312.44174988,    -11.85056698], [  205.25314288, -107.07578076,   46.40234849,   46.47880168,     -7.944174  ,  120.30039724,   10.7744218 ,   89.21637928,     16.71407357,   72.29687953,   29.89288055,  -11.85056698,    174.04289519]]
/root/sim/music/401~500/487_Melting_Summer.mp3; [-626.00836  , 132.86298  ,  32.987568 ,  12.993424 ,   6.324273 ,   18.088642 ,   9.23191  ,   8.393564 ,   0.4637744,   5.5342536,    9.583104 ,   3.834457 ,  -2.458876 ]; [[11615.28719247,-1243.91183995,  201.26340318,  807.18932909,     73.62015296,  -26.79140237,  -62.97623151,  282.07565599,     33.91146837,  -47.62894706, -124.90610322,  -66.62173871,     39.63356744], [-1243.91183995, 2286.97918322,   78.02656956, -401.85740732,    -90.03386205,   20.09506667,   80.83495772,  -69.15400946,     42.78720523,  135.4306526 ,  175.14685606,   65.98347332,    -37.87675841], [  201.26340318,   78.02656956,  623.31700229, -196.76198924,     26.21639623,   81.97373374,    7.20133045,  -12.62826739,     41.31830838,   12.71293427,   58.35012195,   20.00144325,    -20.09514085], [  807.18932909, -401.85740732, -196.76198924,  418.47765836,    123.99186637,   24.59780509,   -0.18328714,   18.32563796,    -50.15972106,  -45.37607451,  -55.40769791,   -3.18089782,     37.74127433], [   73.62015296,  -90.03386205,   26.21639623,  123.99186637,    247.01693076,  116.57114187,   66.81533615,    0.57972997,    -29.82229658,  -55.11651853,  -31.74931893,  -10.2664595 ,      9.90203893], [  -26.79140237,   20.09506667,   81.97373374,   24.59780509,    116.57114187,  213.20449455,  101.93289423,   39.87273129,     -4.30500089,  -27.21741185,  -27.29104565,  -15.65912725,    -16.86926214], [  -62.97623151,   80.83495772,    7.20133045,   -0.18328714,     66.81533615,  101.93289423,  157.92655056,   83.91246598,     32.85850398,   -8.32968868,  -25.49033618,  -27.22308355,    -16.53218979], [  282.07565599,  -69.15400946,  -12.62826739,   18.32563796,      0.57972997,   39.87273129,   83.91246598,  151.31003174,     71.02232402,    4.40588864,  -21.86314124,  -25.88690836,    -21.33767568], [   33.91146837,   42.78720523,   41.31830838,  -50.15972106,    -29.82229658,   -4.30500089,   32.85850398,   71.02232402,    115.14822583,   64.7422166 ,   18.09066282,  -10.84012765,    -22.81886419], [  -47.62894706,  135.4306526 ,   12.71293427,  -45.37607451,    -55.11651853,  -27.21741185,   -8.32968868,    4.40588864,     64.7422166 ,  113.60803551,   61.9370341 ,   14.42455901,     -8.4538702 ], [ -124.90610322,  175.14685606,   58.35012195,  -55.40769791,    -31.74931893,  -27.29104565,  -25.49033618,  -21.86314124,     18.09066282,   61.9370341 ,  103.0376667 ,   49.20272672,      1.77337558], [  -66.62173871,   65.98347332,   20.00144325,   -3.18089782,    -10.2664595 ,  -15.65912725,  -27.22308355,  -25.88690836,    -10.84012765,   14.42455901,   49.20272672,   83.12624809,     41.81822955], [   39.63356744,  -37.87675841,  -20.09514085,   37.74127433,      9.90203893,  -16.86926214,  -16.53218979,  -21.33767568,    -22.81886419,   -8.4538702 ,    1.77337558,   41.81822955,     81.36329611]]
/root/sim/music/401~500/425_裏切り.mp3; [-843.32263   , 179.40085   , -29.715157  , -26.345158  , -18.729937  ,   -1.6265097 ,   3.2880485 ,   7.8062477 ,  -8.693288  ,  -2.241649  ,    6.9556737 ,   8.87538   ,  -0.30534878]; [[19140.32762079, 2799.03063738, 2846.30238724, 5957.69306501,   2088.01809433,  772.20951003, -459.32937735,  431.70460272,    846.7853969 ,  903.83641193, -244.04327185, -735.65647381,    -49.27931602], [ 2799.03063738, 4701.11826242, 1590.33253847, 1096.21893164,    709.15473399,   78.82882898,  -86.7593504 ,  105.89889884,    143.2863452 ,  377.33498514,  102.79294935, -293.5039337 ,    -98.0636045 ], [ 2846.30238724, 1590.33253847, 1314.25581109, 1360.65716958,    526.21920271,  291.15923994,   -8.69174164,  101.16266476,    168.96637168,  264.11577869,  -24.18653827, -183.58747495,     47.5191436 ], [ 5957.69306501, 1096.21893164, 1360.65716958, 2309.31563334,    818.56585627,  372.20401708, -114.59641462,  145.06931281,    297.38056051,  361.23054787,  -79.91257422, -268.16956339,     34.09793266], [ 2088.01809433,  709.15473399,  526.21920271,  818.56585627,    401.39867747,  145.4490534 ,  -66.41676507,   32.23897814,    105.02281172,  141.43774671,  -18.26185789, -118.86959059,    -18.35388198], [  772.20951003,   78.82882898,  291.15923994,  372.20401708,    145.4490534 ,  220.02347274,   53.05187171,    9.83111919,     11.09359532,   39.80335732,  -47.39796969,  -55.43733996,     23.68313059], [ -459.32937735,  -86.7593504 ,   -8.69174164, -114.59641462,    -66.41676507,   53.05187171,  179.95403452,  109.50084746,      4.15133769,  -28.17827488,   11.4053577 ,   31.70373949,    -12.22338744], [  431.70460272,  105.89889884,  101.16266476,  145.06931281,     32.23897814,    9.83111919,  109.50084746,  221.17886333,    131.940277  ,   39.17929638,   19.68404918,   -0.19413768,     -7.83602965], [  846.7853969 ,  143.2863452 ,  168.96637168,  297.38056051,    105.02281172,   11.09359532,    4.15133769,  131.940277  ,    191.86626035,  106.96830968,    2.96349311,  -44.70758173,    -14.28824067], [  903.83641193,  377.33498514,  264.11577869,  361.23054787,    141.43774671,   39.80335732,  -28.17827488,   39.17929638,    106.96830968,  175.90244943,   61.54343232,  -49.23054503,    -12.45563931], [ -244.04327185,  102.79294935,  -24.18653827,  -79.91257422,    -18.26185789,  -47.39796969,   11.4053577 ,   19.68404918,      2.96349311,   61.54343232,  163.07003785,   85.30569308,    -24.29358294], [ -735.65647381, -293.5039337 , -183.58747495, -268.16956339,   -118.86959059,  -55.43733996,   31.70373949,   -0.19413768,    -44.70758173,  -49.23054503,   85.30569308,  167.21847789,     62.04795626], [  -49.27931602,  -98.0636045 ,   47.5191436 ,   34.09793266,    -18.35388198,   23.68313059,  -12.22338744,   -7.83602965,    -14.28824067,  -12.45563931,  -24.29358294,   62.04795626,    193.92245836]]
/root/sim/music/401~500/443_37564.mp3; [-559.2512    , 115.66686   ,   9.962879  ,  43.417     ,  21.406326  ,   10.570206  ,   5.013821  ,   3.0942233 ,   1.975654  ,   1.7170044 ,    0.55081844,   0.4393548 ,  -2.4833856 ]; [[28385.93124274,   59.99289933,   27.48109117, 1101.20421801,    638.0494387 ,  354.79510246,  235.50163859,  230.69241511,    301.1000095 ,  242.31241428,  152.26100472,  115.74839228,    -39.59387244], [   59.99289933, 1888.15034251,  144.18632906,   97.39867023,   -149.42267224, -160.84387356, -123.57333719, -109.60694536,   -172.76651554,  -89.81042453,  -60.56078497,  -88.06766915,    -49.01963453], [   27.48109117,  144.18632906,  404.71537208,    3.38268601,    -72.23291326,  -91.4019097 , -108.35712571,  -54.00079004,    -67.03946551,   -2.74615461,   -2.70899095,  -27.866336  ,    -19.64195862], [ 1101.20421801,   97.39867023,    3.38268601,  187.13723494,     63.34406577,   58.23883243,   31.20642478,   23.15629683,     17.75891059,   14.21609662,   15.53404264,   14.8746718 ,      8.23312631], [  638.0494387 , -149.42267224,  -72.23291326,   63.34406577,    194.25849981,  114.28587567,   74.20558879,   33.26530851,     47.09164512,   -0.69445234,    1.77452254,   16.16464216,     12.03269635], [  354.79510246, -160.84387356,  -91.4019097 ,   58.23883243,    114.28587567,  172.65422068,  103.75829661,   67.54860788,     48.81587451,   27.88401196,   21.64498642,   32.74684953,     21.07075264], [  235.50163859, -123.57333719, -108.35712571,   31.20642478,     74.20558879,  103.75829661,  116.23819366,   70.51223193,     48.27384679,   20.51568956,   16.06275464,   25.25933828,     17.52338197], [  230.69241511, -109.60694536,  -54.00079004,   23.15629683,     33.26530851,   67.54860788,   70.51223193,   86.11167642,     47.55215027,   43.05078058,   31.74810503,   22.8550544 ,     15.1789112 ], [  301.1000095 , -172.76651554,  -67.03946551,   17.75891059,     47.09164512,   48.81587451,   48.27384679,   47.55215027,     78.56870158,   36.79202602,   21.6431676 ,   24.29523214,     12.9261905 ], [  242.31241428,  -89.81042453,   -2.74615461,   14.21609662,     -0.69445234,   27.88401196,   20.51568956,   43.05078058,     36.79202602,   91.47064539,   70.75537824,   27.60434741,      8.95050356], [  152.26100472,  -60.56078497,   -2.70899095,   15.53404264,      1.77452254,   21.64498642,   16.06275464,   31.74810503,     21.6431676 ,   70.75537824,   83.45245534,   33.45568265,      9.63874185], [  115.74839228,  -88.06766915,  -27.866336  ,   14.8746718 ,     16.16464216,   32.74684953,   25.25933828,   22.8550544 ,     24.29523214,   27.60434741,   33.45568265,   49.93153692,     25.55712215], [  -39.59387244,  -49.01963453,  -19.64195862,    8.23312631,     12.03269635,   21.07075264,   17.52338197,   15.1789112 ,     12.9261905 ,    8.95050356,    9.63874185,   25.55712215,     39.83192277]]
/root/sim/music/401~500/412_南国の海.mp3; [-745.0769    , 139.74857   ,  35.949886  ,  15.748452  ,   9.542698  ,   -0.37492296,   7.755613  ,   5.544686  ,  -0.3901047 ,   0.6984611 ,    5.883169  ,   7.1036134 ,   5.576809  ]; [[11792.63058743, -990.4717448 ,  -19.92277739, 1514.43749198,    599.77680958,  316.32267212,  261.36988919,  442.40862629,     75.40413819,   44.68531602,  -49.83979083, -264.20795947,   -123.64759657], [ -990.4717448 , 2023.84501362,  271.07806217,  282.31866908,    311.86726876,  418.41801166,  269.40130407,  238.14674727,    250.79143443,  218.87411192,  204.84371278,  166.03933751,     92.75764487], [  -19.92277739,  271.07806217, 1141.59360935,  293.84763318,    163.50069006,  373.498049  ,  257.53694284,  182.41824932,    199.16339621,  158.56697788,  131.99517041,   99.42462985,     63.72980169], [ 1514.43749198,  282.31866908,  293.84763318,  693.16973818,    326.06533681,  323.24300475,  227.35418871,  237.1856238 ,    164.57992614,  137.8243117 ,  102.76346954,   18.66052547,     26.55889736], [  599.77680958,  311.86726876,  163.50069006,  326.06533681,    303.9191141 ,  191.84973336,  169.53485981,  147.75481519,    117.50745989,  100.54161175,   79.25784199,   42.17786419,     33.93953746], [  316.32267212,  418.41801166,  373.498049  ,  323.24300475,    191.84973336,  377.84384059,  200.07680433,  170.72801535,    175.80115247,  143.50554728,  120.22503379,   73.81676583,     48.5668412 ], [  261.36988919,  269.40130407,  257.53694284,  227.35418871,    169.53485981,  200.07680433,  214.11206328,  152.42158548,    118.66695046,  100.14545972,   70.55230684,   39.09907598,     40.55472605], [  442.40862629,  238.14674727,  182.41824932,  237.1856238 ,    147.75481519,  170.72801535,  152.42158548,  190.59409061,    109.93472507,   77.68395318,   57.05199501,   23.32200129,     11.51612684], [   75.40413819,  250.79143443,  199.16339621,  164.57992614,    117.50745989,  175.80115247,  118.66695046,  109.93472507,    166.70966177,  124.77814295,   83.35122151,   50.81681494,     38.38613134], [   44.68531602,  218.87411192,  158.56697788,  137.8243117 ,    100.54161175,  143.50554728,  100.14545972,   77.68395318,    124.77814295,  140.15307004,   86.39296917,   48.61762673,     44.99068448], [  -49.83979083,  204.84371278,  131.99517041,  102.76346954,     79.25784199,  120.22503379,   70.55230684,   57.05199501,     83.35122151,   86.39296917,  106.09593055,   67.90323428,     36.63259684], [ -264.20795947,  166.03933751,   99.42462985,   18.66052547,     42.17786419,   73.81676583,   39.09907598,   23.32200129,     50.81681494,   48.61762673,   67.90323428,   86.2099614 ,     46.48689558], [ -123.64759657,   92.75764487,   63.72980169,   26.55889736,     33.93953746,   48.5668412 ,   40.55472605,   11.51612684,     38.38613134,   44.99068448,   36.63259684,   46.48689558,     78.68223816]]
/root/sim/music/401~500/438_木の実あつめ.mp3; [-856.99023  , 164.23866  ,  19.245422 , -25.061447 , -24.14806  ,  -23.543722 , -30.022245 , -16.916128 , -24.42461  , -12.161983 ,  -12.513723 ,  -1.1755584,   3.52013  ]; [[12361.35785918, -390.80296381,-2120.75545872,-1400.07537009,   -520.31448158,-1127.07508585,  -50.35415195,  341.79094566,    610.54105472, 1066.00825468,  843.16461592,  600.21103048,    653.50613477], [ -390.80296381, 1177.62023478,  415.33700629,  291.57890846,    283.00111698,  310.4874321 , -111.1830705 , -171.4319623 ,   -345.52025378, -305.79375155, -288.51527471, -223.73429926,   -270.18567088], [-2120.75545872,  415.33700629, 1162.11488472,  481.85853773,    312.61280108,  378.08470173,  -52.85719094, -204.79875847,   -435.99342373, -473.64788115, -337.70244846, -290.32223812,   -324.36315697], [-1400.07537009,  291.57890846,  481.85853773,  611.63710759,    201.75731802,  251.74784928,  -20.30567311,  -80.94027007,   -272.15470823, -317.17730843, -269.09592083, -208.67614912,   -233.86859578], [ -520.31448158,  283.00111698,  312.61280108,  201.75731802,    450.07168501,  243.80422533,   -0.30546278,  -84.03093353,   -162.13173422, -216.03373159, -238.45561485, -216.27948619,   -230.52026213], [-1127.07508585,  310.4874321 ,  378.08470173,  251.74784928,    243.80422533,  579.5723459 ,   22.18586022,  -48.89840523,   -248.15203132, -266.95802589, -242.73616823, -227.26361118,   -267.50634789], [  -50.35415195, -111.1830705 ,  -52.85719094,  -20.30567311,     -0.30546278,   22.18586022,  261.5718762 ,   33.85168717,     40.04250633,  -66.84200616,  -13.85898831,    9.01693676,     18.73148503], [  341.79094566, -171.4319623 , -204.79875847,  -80.94027007,    -84.03093353,  -48.89840523,   33.85168717,  246.42706806,    171.37511527,  126.9492687 ,    5.07401717,   32.46525891,     38.83705948], [  610.54105472, -345.52025378, -435.99342373, -272.15470823,   -162.13173422, -248.15203132,   40.04250633,  171.37511527,    493.94494926,  279.96594673,  117.96314119,  153.82330196,    230.94708905], [ 1066.00825468, -305.79375155, -473.64788115, -317.17730843,   -216.03373159, -266.95802589,  -66.84200616,  126.9492687 ,    279.96594673,  492.10318648,  243.72570086,  122.97187266,    229.70113193], [  843.16461592, -288.51527471, -337.70244846, -269.09592083,   -238.45561485, -242.73616823,  -13.85898831,    5.07401717,    117.96314119,  243.72570086,  502.38466867,  203.64457103,    121.46863987], [  600.21103048, -223.73429926, -290.32223812, -208.67614912,   -216.27948619, -227.26361118,    9.01693676,   32.46525891,    153.82330196,  122.97187266,  203.64457103,  373.64389542,    206.9137314 ], [  653.50613477, -270.18567088, -324.36315697, -233.86859578,   -230.52026213, -267.50634789,   18.73148503,   38.83705948,    230.94708905,  229.70113193,  121.46863987,  206.9137314 ,    432.22506308]]
/root/sim/music/401~500/447_The_Black_Lotus.mp3; [-649.1061   , 171.79988  ,  -7.1635494,   9.536106 ,   6.821346 ,   -2.0126662,  -2.9861462,  -0.8630649,  -6.452503 ,  -3.753358 ,   -8.729629 ,  -6.853594 ,  -3.7158964]; [[ 5166.64771642,-2278.35306635,  591.37838809,  199.66927589,    119.45451619,  381.1381756 ,  176.68113247,  175.81850851,    202.98838998,  107.9800412 ,   71.23989613,  222.37803876,    125.7108053 ], [-2278.35306635, 2412.05417689, -578.8682214 ,  247.23393845,    123.54772053,  -67.98430877,  150.16574973,  102.52024852,     58.61564803,  131.76590624,   96.95663884,   -9.1576681 ,     65.12669902], [  591.37838809, -578.8682214 ,  806.65563037,  146.67159689,    236.00541803,  253.54930765,  137.97589496,  155.33164625,    113.11147446,   35.47035403,   55.76300977,   87.89182645,     36.05400054], [  199.66927589,  247.23393845,  146.67159689,  353.27801724,    180.38925178,  186.92816328,  147.12126872,  157.95512494,    154.79402624,  112.31537003,   70.7401672 ,   84.66312765,     47.38642223], [  119.45451619,  123.54772053,  236.00541803,  180.38925178,    229.24039341,  155.63934301,  141.46001121,  146.20012681,    114.04783923,   89.78471014,   64.55106741,   77.51143675,     61.67634216], [  381.1381756 ,  -67.98430877,  253.54930765,  186.92816328,    155.63934301,  211.01820928,  148.71745638,  130.74136166,    110.09662928,   72.2279656 ,   62.74897485,   77.08634088,     56.29865597], [  176.68113247,  150.16574973,  137.97589496,  147.12126872,    141.46001121,  148.71745638,  189.95550513,  147.25467822,     97.84736157,   73.01969466,   63.29040041,   63.94143994,     71.18814066], [  175.81850851,  102.52024852,  155.33164625,  157.95512494,    146.20012681,  130.74136166,  147.25467822,  168.79071166,    117.89261076,   77.99888732,   56.43749825,   64.32740955,     52.44736412], [  202.98838998,   58.61564803,  113.11147446,  154.79402624,    114.04783923,  110.09662928,   97.84736157,  117.89261076,    133.77517432,   85.65970263,   49.05773526,   55.17492586,     36.32562549], [  107.9800412 ,  131.76590624,   35.47035403,  112.31537003,     89.78471014,   72.2279656 ,   73.01969466,   77.99888732,     85.65970263,  103.61547261,   56.23715118,   50.27242042,     42.72313127], [   71.23989613,   96.95663884,   55.76300977,   70.7401672 ,     64.55106741,   62.74897485,   63.29040041,   56.43749825,     49.05773526,   56.23715118,   88.08287966,   59.5742571 ,     42.77238089], [  222.37803876,   -9.1576681 ,   87.89182645,   84.66312765,     77.51143675,   77.08634088,   63.94143994,   64.32740955,     55.17492586,   50.27242042,   59.5742571 ,   95.77443795,     57.27657397], [  125.7108053 ,   65.12669902,   36.05400054,   47.38642223,     61.67634216,   56.29865597,   71.18814066,   52.44736412,     36.32562549,   42.72313127,   42.77238089,   57.27657397,     86.52871242]]
/root/sim/music/401~500/496_macaron_road.mp3; [-685.5134    , 167.7206    ,  18.975426  ,  -3.61431   ,   4.84589   ,   11.096038  ,  -1.3905205 ,   7.627901  ,   6.0630436 ,   0.28226167,   -3.02753   ,  -5.0998178 ,  -4.421593  ]; [[11387.63944742,-2399.32820997, -739.75798433, -613.58239471,   -287.80214767, -101.9090843 ,   65.63722567,    8.35699365,   -245.71081182, -325.67193387, -261.37883549, -233.90286324,   -133.99994047], [-2399.32820997, 3256.16695909,  -73.05772509,   16.2205406 ,    207.47224168,  -15.95109974,  -87.86480278,  -62.19953412,    -73.03555287, -154.20612553, -103.45199994,  -25.22276747,    211.88950708], [ -739.75798433,  -73.05772509, 1605.90303582,  607.55191468,    181.96608957,  310.63152548,  263.47664745,   20.83164054,    190.5321148 ,  112.82117806,   42.58095915,   91.35098694,     79.81279639], [ -613.58239471,   16.2205406 ,  607.55191468,  645.50333033,    275.13864865,  137.42151602,  134.22571382,  116.62376013,    107.79421029,  171.22572004,  133.30448692,   38.16633484,    -51.55510477], [ -287.80214767,  207.47224168,  181.96608957,  275.13864865,    290.96950759,  143.20116474,   70.21164834,  131.06316628,     77.71921655,   51.20285139,   69.4191883 ,  -12.39453478,    -75.92746445], [ -101.9090843 ,  -15.95109974,  310.63152548,  137.42151602,    143.20116474,  262.62165167,  142.03864259,   57.01743587,     64.09135795,   12.52999023,    6.52285165,   27.06230385,      9.73862922], [   65.63722567,  -87.86480278,  263.47664745,  134.22571382,     70.21164834,  142.03864259,  214.39827207,  115.52947052,     22.86079371,  -15.5222149 ,  -39.57577389,  -40.18944459,     -7.14913953], [    8.35699365,  -62.19953412,   20.83164054,  116.62376013,    131.06316628,   57.01743587,  115.52947052,  273.94051087,    121.46892338,  -15.42983101,   -7.80153119,  -86.81660535,   -154.77196563], [ -245.71081182,  -73.03555287,  190.5321148 ,  107.79421029,     77.71921655,   64.09135795,   22.86079371,  121.46892338,    194.20506364,   96.35673405,   59.89752981,   23.05060026,    -71.17402128], [ -325.67193387, -154.20612553,  112.82117806,  171.22572004,     51.20285139,   12.52999023,  -15.5222149 ,  -15.42983101,     96.35673405,  213.26878021,  146.35435653,   80.96387127,     -0.49469519], [ -261.37883549, -103.45199994,   42.58095915,  133.30448692,     69.4191883 ,    6.52285165,  -39.57577389,   -7.80153119,     59.89752981,  146.35435653,  162.73880851,   85.12855194,    -12.65082242], [ -233.90286324,  -25.22276747,   91.35098694,   38.16633484,    -12.39453478,   27.06230385,  -40.18944459,  -86.81660535,     23.05060026,   80.96387127,   85.12855194,  160.92734695,    117.15829591], [ -133.99994047,  211.88950708,   79.81279639,  -51.55510477,    -75.92746445,    9.73862922,   -7.14913953, -154.77196563,    -71.17402128,   -0.49469519,  -12.65082242,  117.15829591,    221.47488384]]
/root/sim/music/401~500/408_Over_Time.mp3; [-605.1747   , 169.70706  ,  13.374637 ,   5.745399 ,  13.346998 ,    5.5778527,   4.4703817,  14.273722 ,  11.655708 ,  10.475967 ,    4.7366023,   3.5190887,   5.252017 ]; [[ 8456.50667357,-1471.60763778, -247.49115975, -121.82487796,   -135.98679929,  -82.8227868 ,   44.94930149,  -19.86999058,   -206.17040413, -190.76227505,   56.36390082,   55.77623206,      3.37325953], [-1471.60763778, 2350.0938275 ,  -93.67490866, -139.31636105,    167.79422964,  -11.75933242, -111.28286211,  -17.28885056,    101.8585299 ,   74.32569866,  -36.75025878,  -46.85632841,     26.63744181], [ -247.49115975,  -93.67490866,  398.12090762,   18.45868787,    -54.57793189,   34.57116709,   -2.36999193,  -34.11941022,     23.55794357,   26.98214158,  -22.74659097,    4.59433553,     -6.3424531 ], [ -121.82487796, -139.31636105,   18.45868787,  152.8019057 ,     54.05801481,    0.26596621,    4.22338143,   18.74844263,     -6.25908864,  -10.30345572,    3.21599333,   -1.14682201,    -21.49896727], [ -135.98679929,  167.79422964,  -54.57793189,   54.05801481,    172.0603428 ,   -0.62391957,   -9.02076488,   17.10853226,     -9.9547223 ,  -18.3643118 ,   -3.65898278,   -0.19315753,      8.70232621], [  -82.8227868 ,  -11.75933242,   34.57116709,    0.26596621,     -0.62391957,  100.65508402,   33.46573248,   11.96304715,     -2.24963775,    3.4438741 ,   -2.39839928,   -2.16267009,     -4.38621923], [   44.94930149, -111.28286211,   -2.36999193,    4.22338143,     -9.02076488,   33.46573248,   92.00313501,   31.29937308,    -13.50139893,   -8.62104516,   -0.78444369,   -2.93541481,      5.71373458], [  -19.86999058,  -17.28885056,  -34.11941022,   18.74844263,     17.10853226,   11.96304715,   31.29937308,   94.88443719,     34.26362902,   -7.12458163,   -8.36226711,  -15.41291611,     -8.06725933], [ -206.17040413,  101.8585299 ,   23.55794357,   -6.25908864,     -9.9547223 ,   -2.24963775,  -13.50139893,   34.26362902,    107.80104063,   51.05595252,   -1.79440044,   -6.94206453,     -8.48860929], [ -190.76227505,   74.32569866,   26.98214158,  -10.30345572,    -18.3643118 ,    3.4438741 ,   -8.62104516,   -7.12458163,     51.05595252,   88.53364926,   29.85696348,    0.19079074,     -5.00549693], [   56.36390082,  -36.75025878,  -22.74659097,    3.21599333,     -3.65898278,   -2.39839928,   -0.78444369,   -8.36226711,     -1.79440044,   29.85696348,   74.95530523,   30.41598428,     -8.04119148], [   55.77623206,  -46.85632841,    4.59433553,   -1.14682201,     -0.19315753,   -2.16267009,   -2.93541481,  -15.41291611,     -6.94206453,    0.19079074,   30.41598428,   74.66607164,     29.4052624 ], [    3.37325953,   26.63744181,   -6.3424531 ,  -21.49896727,      8.70232621,   -4.38621923,    5.71373458,   -8.06725933,     -8.48860929,   -5.00549693,   -8.04119148,   29.4052624 ,     91.43542363]]
/root/sim/music/401~500/418_セミの一生.mp3; [-1005.92834  ,  143.66637  ,   12.788059 ,   -2.5883577,  -34.601208 ,    16.265732 ,  -17.960602 ,   -5.8326645,   -7.209249 ,   -5.390437 ,    -5.5203924,   -6.6816306,    4.6675777]; [[11597.43295971, 7410.87833076,-1111.30653057, -410.67247829,    935.1704738 ,  231.22879884, -534.55104927,  249.57018348,   -106.03546847, -491.00790365, -194.05978532,   46.21542057,     -2.98231241], [ 7410.87833076, 5332.56690614, -123.11255871, -128.56385034,    636.10324285,  171.96143017, -329.41453327,  169.0200137 ,    -82.59537659, -407.44101768, -201.80993089,   -3.15875671,    -58.30748602], [-1111.30653057, -123.11255871, 1169.77193584,  453.43537634,   -220.27137753,   39.09455758,   73.44918134,  -69.0709193 ,    -68.02303669,  -69.02245273, -106.97582648,  -93.04243834,    -58.81821048], [ -410.67247829, -128.56385034,  453.43537634,  469.80408593,    167.65035912,   15.83416589,   17.20887387,  -23.64789818,    -46.82279607,  -48.36227094,  -49.20950352,  -35.66236413,     -9.65538982], [  935.1704738 ,  636.10324285, -220.27137753,  167.65035912,    586.12036007,  118.93409408,  -19.65242421,   39.62393915,     -4.21628534,  -72.10076567,  -29.43468961,   12.600722  ,      0.46658654], [  231.22879884,  171.96143017,   39.09455758,   15.83416589,    118.93409408,  239.57954229,  108.63124766,    0.49967629,    -13.77693164,   -3.46782319,  -28.07712769,  -45.41890586,     -2.32384836], [ -534.55104927, -329.41453327,   73.44918134,   17.20887387,    -19.65242421,  108.63124766,  245.77619616,  123.15153263,     19.57389156,  -10.89165582,  -27.99574048,  -26.07398368,    -22.60776576], [  249.57018348,  169.0200137 ,  -69.0709193 ,  -23.64789818,     39.62393915,    0.49967629,  123.15153263,  225.34497375,    117.37041824,  -38.49278005,  -62.84089943,  -11.74953217,    -13.00232078], [ -106.03546847,  -82.59537659,  -68.02303669,  -46.82279607,     -4.21628534,  -13.77693164,   19.57389156,  117.37041824,    208.03281025,  131.6787362 ,  -11.63001376,  -57.18188081,    -28.27951951], [ -491.00790365, -407.44101768,  -69.02245273,  -48.36227094,    -72.10076567,   -3.46782319,  -10.89165582,  -38.49278005,    131.6787362 ,  274.48384759,  141.35725777,  -55.22703046,    -60.57263118], [ -194.05978532, -201.80993089, -106.97582648,  -49.20950352,    -29.43468961,  -28.07712769,  -27.99574048,  -62.84089943,    -11.63001376,  141.35725777,  206.40343431,   78.09387176,    -23.17475875], [   46.21542057,   -3.15875671,  -93.04243834,  -35.66236413,     12.600722  ,  -45.41890586,  -26.07398368,  -11.74953217,    -57.18188081,  -55.22703046,   78.09387176,  187.01555589,    106.3169696 ], [   -2.98231241,  -58.30748602,  -58.81821048,   -9.65538982,      0.46658654,   -2.32384836,  -22.60776576,  -13.00232078,    -28.27951951,  -60.57263118,  -23.17475875,  106.3169696 ,    169.44590129]]
/root/sim/music/401~500/491_妖精の子守歌.mp3; [-856.604     , 165.55652   ,   6.5488534 , -14.806198  ,  -4.3937697 ,    7.8093376 ,   4.5883527 ,  14.422555  ,  11.889203  ,   5.1223383 ,    1.3354961 ,  -0.00994418,  -3.2168074 ]; [[23859.91492013,  131.94133089, -524.15866286, -529.86805659,  -1026.81215075,-1058.41694495,-1159.27289529,   67.68114375,    612.23962962,  506.81661312,   49.74726105, -404.87052374,   -354.90077947], [  131.94133089, 5648.51027665,  151.22530794, -181.63924484,   -324.73917471, -488.78202932, -535.85676521, -115.84572895,    200.91292128,   67.98725674,   12.0061801 ,  124.24748647,     95.12317057], [ -524.15866286,  151.22530794, 2434.23594762,  993.01964636,     -0.09912117, -529.59527453, -446.14765624, -370.59710941,     -5.78623206,  280.6408953 ,  369.01159152,  226.71705671,    109.38163471], [ -529.86805659, -181.63924484,  993.01964636, 1080.88131229,    268.2594715 , -134.21590577, -148.92577823, -257.65843246,   -110.33617795,  106.7262988 ,  177.87036528,  222.19458465,    133.07109471], [-1026.81215075, -324.73917471,   -0.09912117,  268.2594715 ,    765.32992237,  649.6300747 ,  417.66884193,   64.70645163,   -225.6373419 , -250.89289065, -140.16116965,   35.19462683,     98.12350243], [-1058.41694495, -488.78202932, -529.59527453, -134.21590577,    649.6300747 ,  947.9361226 ,  672.88634494,  234.26727316,   -214.24456758, -399.42522559, -242.82044166,  -36.60424371,     44.4221008 ], [-1159.27289529, -535.85676521, -446.14765624, -148.92577823,    417.66884193,  672.88634494,  731.84341628,  361.8778906 ,    -56.87068481, -286.07570005, -279.69595949,  -76.44285304,     44.95242983], [   67.68114375, -115.84572895, -370.59710941, -257.65843246,     64.70645163,  234.26727316,  361.8778906 ,  503.17966652,    281.6417965 ,  -14.35348336, -227.60397217, -247.76647399,    -79.32118612], [  612.23962962,  200.91292128,   -5.78623206, -110.33617795,   -225.6373419 , -214.24456758,  -56.87068481,  281.6417965 ,    558.83276615,  380.50210012,  -13.58028511, -301.05762841,   -265.00611899], [  506.81661312,   67.98725674,  280.6408953 ,  106.7262988 ,   -250.89289065, -399.42522559, -286.07570005,  -14.35348336,    380.50210012,  669.69641952,  276.22881761, -217.11359913,   -369.63490774], [   49.74726105,   12.0061801 ,  369.01159152,  177.87036528,   -140.16116965, -242.82044166, -279.69595949, -227.60397217,    -13.58028511,  276.22881761,  523.31433045,  238.9967185 ,   -155.97490042], [ -404.87052374,  124.24748647,  226.71705671,  222.19458465,     35.19462683,  -36.60424371,  -76.44285304, -247.76647399,   -301.05762841, -217.11359913,  238.9967185 ,  607.81076938,    351.29579398], [ -354.90077947,   95.12317057,  109.38163471,  133.07109471,     98.12350243,   44.4221008 ,   44.95242983,  -79.32118612,   -265.00611899, -369.63490774, -155.97490042,  351.29579398,    640.24365338]]
/root/sim/music/401~500/497_August_Cycles.mp3; [-577.1904    , 116.240486  ,  26.38403   ,  27.711449  ,   2.9508648 ,   11.535568  ,   0.21541888,   4.6593347 ,  -4.0727873 ,   4.577205  ,   -1.1346734 ,  -3.887907  ,  -5.543977  ]; [[17166.26004887,-3964.5251584 , 1378.08386693, -292.71292506,    -91.90245695,  844.72146166,  260.54825991,  560.16194503,    912.71062326,  821.29873099,  494.5960684 ,  251.47379341,    510.69758979], [-3964.5251584 , 2657.34023369, -797.79972057,  226.81261649,    161.36591776, -269.84808719,   25.12857052, -137.12316798,   -278.23910847, -210.82620679,  -72.54581675,  -28.2885503 ,   -121.70662457], [ 1378.08386693, -797.79972057,  685.50443323,  -60.55683231,     44.02422544,  188.54329434,   63.21963217,  128.75521908,    209.23328347,  107.66488156,   74.57881152,   41.79431499,     77.02706589], [ -292.71292506,  226.81261649,  -60.55683231,  230.24764094,     60.17032162,   10.30160565,    8.91927854,    2.34845121,    -43.51372182,    7.06539066,   -2.26848972,   28.88570989,     -4.08891734], [  -91.90245695,  161.36591776,   44.02422544,   60.17032162,    190.6557981 ,   91.89299911,   63.55378308,   34.14413328,     44.60669088,   49.1213458 ,   58.78960708,   36.61220916,     33.04691867], [  844.72146166, -269.84808719,  188.54329434,   10.30160565,     91.89299911,  255.46463325,   81.91599535,  105.50035085,    115.54151931,  107.54853916,   81.61465056,   72.75646423,     87.18454397], [  260.54825991,   25.12857052,   63.21963217,    8.91927854,     63.55378308,   81.91599535,  151.43244649,   66.00763969,     67.63682772,   32.6506917 ,   56.56305157,   40.56481806,     62.60284532], [  560.16194503, -137.12316798,  128.75521908,    2.34845121,     34.14413328,  105.50035085,   66.00763969,  146.90484837,    103.88057317,   53.29808387,   37.08706426,   41.567055  ,     45.64117161], [  912.71062326, -278.23910847,  209.23328347,  -43.51372182,     44.60669088,  115.54151931,   67.63682772,  103.88057317,    253.84106719,  134.77343066,   83.83637321,   38.04707952,     82.02995344], [  821.29873099, -210.82620679,  107.66488156,    7.06539066,     49.1213458 ,  107.54853916,   32.6506917 ,   53.29808387,    134.77343066,  192.59133207,  103.4992046 ,   40.1975113 ,     54.17929759], [  494.5960684 ,  -72.54581675,   74.57881152,   -2.26848972,     58.78960708,   81.61465056,   56.56305157,   37.08706426,     83.83637321,  103.4992046 ,  120.27620924,   54.02447645,     50.94675557], [  251.47379341,  -28.2885503 ,   41.79431499,   28.88570989,     36.61220916,   72.75646423,   40.56481806,   41.567055  ,     38.04707952,   40.1975113 ,   54.02447645,   84.18300934,     52.8181459 ], [  510.69758979, -121.70662457,   77.02706589,   -4.08891734,     33.04691867,   87.18454397,   62.60284532,   45.64117161,     82.02995344,   54.17929759,   50.94675557,   52.8181459 ,    102.90462666]]
