/root/sim/music/401~500/467_Midsummer_dream.mp3; [-565.72565  ,  95.24219  ,  33.002144 ,   5.4234834, -26.449379 ,  -18.40946  , -13.138118 ,   2.5646408,   8.462311 ,  16.858284 ,   13.613574 ,  14.600333 ,   7.498971 ]; [[ 5196.80652082,-1078.49840761,  -86.1156755 ,  505.5491742 ,    667.30017475,  209.38816702,  -71.26208859,   27.8864843 ,    -18.24718287,  -45.55047689,  -39.97838003, -133.8421044 ,   -140.38843667], [-1078.49840761, 1168.19741162,  286.75433801,  114.11069381,    129.42662267,  159.50770696,  186.98885038,   47.3758221 ,    -20.13868118,   25.22034666,   43.73971803,  -17.63798499,    -82.63620815], [  -86.1156755 ,  286.75433801, 1358.77586099,  640.7582876 ,    173.19722297,  197.19499031,  155.1269597 ,   80.66863991,     29.0402301 ,    2.84417921,  117.031335  ,  125.66080593,   -174.67156709], [  505.5491742 ,  114.11069381,  640.7582876 ,  824.53566193,    516.7429897 ,  244.64627822,   98.68814165,   84.26300011,    -24.02771867,  -11.86732371,   59.14334486,  -24.76143455,   -157.28973848], [  667.30017475,  129.42662267,  173.19722297,  516.7429897 ,    552.03146881,  274.3590657 ,   90.55644043,   60.61009303,    -16.99963646,   10.04208433,   37.2676244 ,  -42.24857426,    -96.71422497], [  209.38816702,  159.50770696,  197.19499031,  244.64627822,    274.3590657 ,  259.0669036 ,  137.90613835,   56.41692886,    -12.28364321,    7.57777703,   48.79127608,   31.66309281,    -33.45364137], [  -71.26208859,  186.98885038,  155.1269597 ,   98.68814165,     90.55644043,  137.90613835,  171.27545322,   83.90234989,    -18.13336987,   -4.25399819,   28.12584229,   19.58083246,    -11.30204807], [   27.8864843 ,   47.3758221 ,   80.66863991,   84.26300011,     60.61009303,   56.41692886,   83.90234989,  124.45666392,     60.53322114,   21.51237627,    3.49220178,   -2.91869165,     10.25625015], [  -18.24718287,  -20.13868118,   29.0402301 ,  -24.02771867,    -16.99963646,  -12.28364321,  -18.13336987,   60.53322114,    163.89199038,  102.84840523,    2.87289366,   -7.41534674,     28.49923517], [  -45.55047689,   25.22034666,    2.84417921,  -11.86732371,     10.04208433,    7.57777703,   -4.25399819,   21.51237627,    102.84840523,  164.94219463,   71.35291304,  -37.72264185,    -27.82317968], [  -39.97838003,   43.73971803,  117.031335  ,   59.14334486,     37.2676244 ,   48.79127608,   28.12584229,    3.49220178,      2.87289366,   71.35291304,  184.83454019,  113.96739763,    -78.11539148], [ -133.8421044 ,  -17.63798499,  125.66080593,  -24.76143455,    -42.24857426,   31.66309281,   19.58083246,   -2.91869165,     -7.41534674,  -37.72264185,  113.96739763,  256.64486909,     68.71651791], [ -140.38843667,  -82.63620815, -174.67156709, -157.28973848,    -96.71422497,  -33.45364137,  -11.30204807,   10.25625015,     28.49923517,  -27.82317968,  -78.11539148,   68.71651791,    249.6261698 ]]
/root/sim/music/401~500/465_Little_Promise.mp3; [-668.8913    , 163.1281    ,   3.1324575 ,   5.8943315 ,   9.9900465 ,   -8.845079  , -29.684856  ,  -9.556894  , -16.937696  ,  -4.2564335 ,   -6.48163   ,  -0.77440816,  -1.7326111 ]; [[ 6678.08339753,-3169.25163512, 1129.64369664,  199.41064707,    255.00080209,  399.5129527 ,   78.21003701,  817.10841134,    356.81085465,  241.24272594,  205.82850941,  456.75433408,    -36.21321644], [-3169.25163512, 3017.4844715 , -829.66387707,    8.7606524 ,    332.36055731,   81.0554985 ,  218.91419165, -171.01435821,   -147.75912892,  159.12537944,    5.28291992,  -37.885107  ,     25.9858934 ], [ 1129.64369664, -829.66387707,  802.6294504 ,  265.67934821,    191.94589569,  117.2835433 ,  105.52254753,  391.70384185,    197.28685989,  129.20300291,  174.63921657,  212.27955942,     44.01418951], [  199.41064707,    8.7606524 ,  265.67934821,  363.06991535,    177.41454298,  153.30234266,  138.91332999,  214.39095151,    159.09549184,  142.40528942,  122.53996616,  117.68005831,     51.22700773], [  255.00080209,  332.36055731,  191.94589569,  177.41454298,    391.06159417,  141.46930195,  184.27870288,  325.49756769,     85.29807838,  184.59786979,  117.56264228,  168.60208656,    -28.37736094], [  399.5129527 ,   81.0554985 ,  117.2835433 ,  153.30234266,    141.46930195,  398.1761762 ,  -51.68373187,  173.87880571,    146.96151705,   96.50343032,   66.90558483,  120.61434302,    101.4048798 ], [   78.21003701,  218.91419165,  105.52254753,  138.91332999,    184.27870288,  -51.68373187,  544.60087061,   36.15223819,     15.77988027,  152.08647569,   72.8861282 ,   21.56989044,    -37.87067216], [  817.10841134, -171.01435821,  391.70384185,  214.39095151,    325.49756769,  173.87880571,   36.15223819,  550.97242981,    141.45409247,  180.92472598,  101.68989793,  228.79861061,    -42.5365171 ], [  356.81085465, -147.75912892,  197.28685989,  159.09549184,     85.29807838,  146.96151705,   15.77988027,  141.45409247,    204.3915128 ,   35.62709924,   66.54480621,   61.68773088,     77.4987354 ], [  241.24272594,  159.12537944,  129.20300291,  142.40528942,    184.59786979,   96.50343032,  152.08647569,  180.92472598,     35.62709924,  209.86451678,   83.35994742,  129.3098798 ,    -17.31621681], [  205.82850941,    5.28291992,  174.63921657,  122.53996616,    117.56264228,   66.90558483,   72.8861282 ,  101.68989793,     66.54480621,   83.35994742,  162.13419095,   95.48684912,     44.3443462 ], [  456.75433408,  -37.885107  ,  212.27955942,  117.68005831,    168.60208656,  120.61434302,   21.56989044,  228.79861061,     61.68773088,  129.3098798 ,   95.48684912,  224.08175144,     32.36199272], [  -36.21321644,   25.9858934 ,   44.01418951,   51.22700773,    -28.37736094,  101.4048798 ,  -37.87067216,  -42.5365171 ,     77.4987354 ,  -17.31621681,   44.3443462 ,   32.36199272,    178.79655087]]
/root/sim/music/401~500/420_海は歌う.mp3; [-861.4628    , 266.19482   , -10.143827  ,  -4.281806  ,  -4.295773  ,   -0.47020862,   0.16694555, -10.013506  ,  -7.560994  ,  -8.638271  ,   -2.45362   ,  -5.27644   ,  -8.366962  ]; [[ 5117.88246202, 1880.51275424,-1430.22405084, -398.44549986,   -289.00941764,  -80.85282497,  -80.38588158, -110.22412731,     48.12145528,   22.94404022,   77.02282159, -115.53508191,   -211.21510038], [ 1880.51275424, 1196.83968296, -498.68612761, -233.8508519 ,    -29.71142   ,  -84.87312253,   25.14985973,  -29.44926087,     -9.26537786,   14.12857535,   26.11173087,  -16.13986885,    -46.20317186], [-1430.22405084, -498.68612761,  850.15425852,  142.00113773,     38.20684191,   82.93584874,   27.56607872,   74.98734975,      6.58086059,  -11.75717383,  -57.75517151,   74.24493829,     67.55111675], [ -398.44549986, -233.8508519 ,  142.00113773,  270.62374592,     49.36803355,   75.68849741,   46.20179014,    2.72309234,     36.51567112,   30.19351688,   20.96008606,    6.31100956,     19.34595645], [ -289.00941764,  -29.71142   ,   38.20684191,   49.36803355,    187.75362113,   12.24305765,   59.15760546,   39.78754053,    -18.75146195,   68.96101817,    7.05892597,    3.08570575,     52.93594776], [  -80.85282497,  -84.87312253,   82.93584874,   75.68849741,     12.24305765,  138.97473954,   21.13051222,   25.37269142,     57.90842371,  -19.96632095,   45.21533357,   21.55411811,    -11.297116  ], [  -80.38588158,   25.14985973,   27.56607872,   46.20179014,     59.15760546,   21.13051222,  116.90512803,   43.19602113,      5.73970533,   55.37114177,   -3.09365052,   19.07469509,     41.26230327], [ -110.22412731,  -29.44926087,   74.98734975,    2.72309234,     39.78754053,   25.37269142,   43.19602113,   91.45445309,     32.66751062,   36.51285496,   25.1702052 ,    5.41142691,     36.5209113 ], [   48.12145528,   -9.26537786,    6.58086059,   36.51567112,    -18.75146195,   57.90842371,    5.73970533,   32.66751062,    105.65480534,   12.69966562,   38.75365123,   39.56443681,    -16.10606762], [   22.94404022,   14.12857535,  -11.75717383,   30.19351688,     68.96101817,  -19.96632095,   55.37114177,   36.51285496,     12.69966562,  132.51943818,   20.08569925,    2.21944958,     50.00154205], [   77.02282159,   26.11173087,  -57.75517151,   20.96008606,      7.05892597,   45.21533357,   -3.09365052,   25.1702052 ,     38.75365123,   20.08569925,  121.14682578,   30.90608886,     16.26783067], [ -115.53508191,  -16.13986885,   74.24493829,    6.31100956,      3.08570575,   21.55411811,   19.07469509,    5.41142691,     39.56443681,    2.21944958,   30.90608886,  117.97786134,     14.04740181], [ -211.21510038,  -46.20317186,   67.55111675,   19.34595645,     52.93594776,  -11.297116  ,   41.26230327,   36.5209113 ,    -16.10606762,   50.00154205,   16.26783067,   14.04740181,    125.97580536]]
/root/sim/music/401~500/468_夏休みの冒険.mp3; [-663.5761   , 130.2253   ,  24.209566 ,   8.134692 ,  10.561799 ,    8.573672 ,  -4.697785 ,   7.75721  ,   0.9010846,   2.8132513,   -1.8451289,  -1.4614592,  -2.647496 ]; [[20861.26511399,-1437.55549417, -359.28740352, -499.59542532,   -238.26059556,   21.49208685, -245.01822469,    6.54852435,   -250.63398714, -110.87340906, -311.63351739,  -84.40858176,   -126.83487164], [-1437.55549417, 2765.16312557, -888.26965926,  167.47723253,    237.94506792, -102.41217737,  118.33811252,   93.98214782,    147.17230956,   35.69680664,  -33.55840464, -120.67796925,    -18.25538711], [ -359.28740352, -888.26965926, 1255.78835142, -209.12302721,   -124.62154685,   48.61545882,  -90.45438602,   -8.79757846,    -27.53863394,  -89.38427035,   25.34605181,   94.97913212,     -0.09964489], [ -499.59542532,  167.47723253, -209.12302721,  501.61691047,     56.07109965,  -12.13588697,  127.95645796,   37.44285155,     33.59849734,   54.63357659,   30.62098403,   18.82313231,     83.59613961], [ -238.26059556,  237.94506792, -124.62154685,   56.07109965,    280.07994242,   58.07349318,  120.03978147,   33.60439479,     66.44996562,   32.2325456 ,   21.29317015,  -14.24580158,    -21.58514253], [   21.49208685, -102.41217737,   48.61545882,  -12.13588697,     58.07349318,  198.23567446,   50.1286257 ,   -7.56531519,    -64.50011421,   -0.85834004,   26.9363189 ,   40.83629712,     36.7010893 ], [ -245.01822469,  118.33811252,  -90.45438602,  127.95645796,    120.03978147,   50.1286257 ,  263.94448583,   34.21050215,     52.30922451,  -19.04129217,    4.07311307,   14.77786586,     22.03913678], [    6.54852435,   93.98214782,   -8.79757846,   37.44285155,     33.60439479,   -7.56531519,   34.21050215,  152.60908214,     94.72372354,   18.83306444,  -22.05986815,  -21.07808879,    -30.69034766], [ -250.63398714,  147.17230956,  -27.53863394,   33.59849734,     66.44996562,  -64.50011421,   52.30922451,   94.72372354,    256.90447581,   42.04429067,  -34.87379812,  -50.09910268,    -83.05123478], [ -110.87340906,   35.69680664,  -89.38427035,   54.63357659,     32.2325456 ,   -0.85834004,  -19.04129217,   18.83306444,     42.04429067,  130.07247016,   44.68343167,  -10.30740952,    -12.4922016 ], [ -311.63351739,  -33.55840464,   25.34605181,   30.62098403,     21.29317015,   26.9363189 ,    4.07311307,  -22.05986815,    -34.87379812,   44.68343167,  114.88362167,   47.11368836,     10.09359309], [  -84.40858176, -120.67796925,   94.97913212,   18.82313231,    -14.24580158,   40.83629712,   14.77786586,  -21.07808879,    -50.09910268,  -10.30740952,   47.11368836,  119.93745089,     75.09998458], [ -126.83487164,  -18.25538711,   -0.09964489,   83.59613961,    -21.58514253,   36.7010893 ,   22.03913678,  -30.69034766,    -83.05123478,  -12.4922016 ,   10.09359309,   75.09998458,    159.79381221]]
/root/sim/music/401~500/446_花手水.mp3; [-936.31934  , 265.8715   ,  26.240107 , -32.415863 , -18.497763 ,  -20.145092 , -27.04646  , -20.295319 , -16.31977  , -12.920437 ,   -8.659931 ,  -7.603056 ,  -7.3128643]; [[ 7336.87758945, 2184.57179549,-2415.29775469, -430.61869087,    528.7018225 , -194.06217723, -509.08830657, -117.47738771,   -153.93826898,   -9.19665628,  172.59018579,  116.34501278,     49.25507933], [ 2184.57179549, 1526.64674158, -564.11855592, -361.14124806,    218.93986689,   30.37562175, -134.23528337,  -66.77282976,    -82.75792375,  -71.6449894 ,   -3.74315906,   -1.0460468 ,    -20.18356068], [-2415.29775469, -564.11855592, 1381.21176539,  299.7218638 ,   -270.70768571,  208.21358568,  304.78172077,   24.6545891 ,     56.65287248,   20.77246623,  -99.12330109,  -65.29537336,    -47.70015556], [ -430.61869087, -361.14124806,  299.7218638 ,  378.82588832,     44.47458521,    1.7902024 ,  104.2756808 ,   89.12280861,     46.29935029,   53.73488059,   26.71240083,    0.77538336,     -0.86559692], [  528.7018225 ,  218.93986689, -270.70768571,   44.47458521,    240.92422043,   10.73183919,  -56.04262841,   33.42151228,     14.74309251,   -2.40309626,   19.77356475,    7.29453663,      6.02531033], [ -194.06217723,   30.37562175,  208.21358568,    1.7902024 ,     10.73183919,  155.7345401 ,   74.77296459,  -32.91887726,      1.4629694 ,   -2.13696283,  -39.86022669,  -21.86015921,    -11.61678017], [ -509.08830657, -134.23528337,  304.78172077,  104.2756808 ,    -56.04262841,   74.77296459,  154.70765178,   56.658944  ,      2.42225684,    7.58589964,   -1.66091936,  -13.42395618,    -15.03924009], [ -117.47738771,  -66.77282976,   24.6545891 ,   89.12280861,     33.42151228,  -32.91887726,   56.658944  ,  132.50318804,     77.56911388,   19.31826934,   12.37424578,    6.12508382,      7.62786255], [ -153.93826898,  -82.75792375,   56.65287248,   46.29935029,     14.74309251,    1.4629694 ,    2.42225684,   77.56911388,    156.03217363,   78.56478966,  -27.2914601 ,   -2.14359601,     39.13960685], [   -9.19665628,  -71.6449894 ,   20.77246623,   53.73488059,     -2.40309626,   -2.13696283,    7.58589964,   19.31826934,     78.56478966,  100.27857149,   35.5711627 ,   11.20816665,     31.53963756], [  172.59018579,   -3.74315906,  -99.12330109,   26.71240083,     19.77356475,  -39.86022669,   -1.66091936,   12.37424578,    -27.2914601 ,   35.5711627 ,  107.45383616,   57.51351113,      4.46254236], [  116.34501278,   -1.0460468 ,  -65.29537336,    0.77538336,      7.29453663,  -21.86015921,  -13.42395618,    6.12508382,     -2.14359601,   11.20816665,   57.51351113,   76.97443174,     43.20739476], [   49.25507933,  -20.18356068,  -47.70015556,   -0.86559692,      6.02531033,  -11.61678017,  -15.03924009,    7.62786255,     39.13960685,   31.53963756,    4.46254236,   43.20739476,     83.69267141]]
/root/sim/music/401~500/484_荒れ地の先へ.mp3; [-647.7381    , 130.90343   ,  -0.8988796 ,  27.161081  ,   4.953755  ,    0.14754102,   4.911777  ,   1.5059192 ,  -0.05873218,   1.4777339 ,    0.69772404,   5.0116305 ,   2.5404348 ]; [[13968.22839947, 2792.85557025, 1611.78187622,  487.09899101,   1404.90858502,  403.3299046 ,   63.69523943, -209.13843677,   -133.51708357,  185.67265885,  464.58958885,  615.42689847,    258.92097279], [ 2792.85557025, 1841.50840383,  804.72482508,  207.47427053,    505.74808561,  256.22375208,   81.8388355 ,   -5.87448334,    -53.36809654,   27.69039393,  141.13034919,  117.59521542,     16.8281466 ], [ 1611.78187622,  804.72482508,  979.95326916,  132.59643087,    368.59074501,  241.50489224,  124.65865428,   59.7028932 ,     15.20874257,   66.68741386,   42.94118173,   29.77997057,    -11.73091977], [  487.09899101,  207.47427053,  132.59643087,  390.60600998,     96.07240857,   63.90391559,   52.88336763,    2.40831036,     61.11210435,   50.25189658,   -6.29963274,   34.71566378,     36.97556954], [ 1404.90858502,  505.74808561,  368.59074501,   96.07240857,    380.7540997 ,  143.48510333,   31.22871064,   -9.29180168,    -22.11886435,   34.04948888,   72.65021487,   75.48745896,     27.46382137], [  403.3299046 ,  256.22375208,  241.50489224,   63.90391559,    143.48510333,  203.87673079,   98.52426766,   25.5829899 ,     13.00766216,   10.16145206,   -8.30825271,  -30.23152955,     15.27204355], [   63.69523943,   81.8388355 ,  124.65865428,   52.88336763,     31.22871064,   98.52426766,  152.60996029,   62.01747081,     29.07680459,   18.13156359,  -10.89390678,   -9.95182258,      5.42710524], [ -209.13843677,   -5.87448334,   59.7028932 ,    2.40831036,     -9.29180168,   25.5829899 ,   62.01747081,  145.683912  ,     64.39802391,   25.60897583,   -2.09516443,  -12.74876519,    -19.94765359], [ -133.51708357,  -53.36809654,   15.20874257,   61.11210435,    -22.11886435,   13.00766216,   29.07680459,   64.39802391,    140.35666707,   56.82552705,   -4.73876416,   -5.38407995,      8.99297646], [  185.67265885,   27.69039393,   66.68741386,   50.25189658,     34.04948888,   10.16145206,   18.13156359,   25.60897583,     56.82552705,  107.93327222,   42.72544926,   25.98864022,     13.35596503], [  464.58958885,  141.13034919,   42.94118173,   -6.29963274,     72.65021487,   -8.30825271,  -10.89390678,   -2.09516443,     -4.73876416,   42.72544926,  186.71797929,   80.86647794,     35.42287049], [  615.42689847,  117.59521542,   29.77997057,   34.71566378,     75.48745896,  -30.23152955,   -9.95182258,  -12.74876519,     -5.38407995,   25.98864022,   80.86647794,  204.53531983,     57.27516279], [  258.92097279,   16.8281466 ,  -11.73091977,   36.97556954,     27.46382137,   15.27204355,    5.42710524,  -19.94765359,      8.99297646,   13.35596503,   35.42287049,   57.27516279,    126.54100369]]
/root/sim/music/401~500/404_Moonwards.mp3; [-1006.4334   ,  226.31407  ,   20.152678 ,  -37.214478 ,  -19.129358 ,   -17.02453  ,  -22.72638  ,  -17.079597 ,   -8.919502 ,   -9.199561 ,    -9.4249325,   -0.7628555,    2.8502634]; [[ 4783.33211979, 3084.95743973,-1005.8146981 , -626.90810818,    224.39126799,  -82.16314926, -420.5240694 , -400.10025308,   -226.04332279, -208.8649675 , -316.53284414, -128.61531875,     53.91150915], [ 3084.95743973, 2352.97695537, -350.70162867, -512.41700067,    123.71312758,  -14.9346377 , -309.71598481, -295.23903154,   -186.21217146, -204.8858981 , -255.89663656, -126.79203659,     12.65570699], [-1005.8146981 , -350.70162867,  641.53707124,  235.80318666,    -51.34109625,   43.084246  ,   45.78757951,  -14.3184451 ,    -69.35436472,  -70.15968495,  -28.24114312,  -49.71027636,    -36.12219102], [ -626.90810818, -512.41700067,  235.80318666,  449.08594251,    142.62225937,    3.66853999,   17.99751592,  -56.43335723,   -107.85893019,  -65.4216462 ,  -54.3732336 ,  -51.05075454,      0.36055425], [  224.39126799,  123.71312758,  -51.34109625,  142.62225937,    265.26409913,   72.06951786,  -76.52162129,  -83.9422255 ,    -88.49233869,  -94.78765253,  -97.81370278,  -66.67826682,      3.47571233], [  -82.16314926,  -14.9346377 ,   43.084246  ,    3.66853999,     72.06951786,  117.8098161 ,   53.75144565,   21.41238055,     27.84540387,   16.5920249 ,    2.83067812,  -16.23798298,    -17.14138536], [ -420.5240694 , -309.71598481,   45.78757951,   17.99751592,    -76.52162129,   53.75144565,  180.12592803,  148.91622017,    117.12600216,  122.89233252,  101.86853275,   42.90334143,    -17.30713227], [ -400.10025308, -295.23903154,  -14.3184451 ,  -56.43335723,    -83.9422255 ,   21.41238055,  148.91622017,  214.37885974,    185.92910441,  137.79202723,  128.43141686,   74.05847204,    -17.51715792], [ -226.04332279, -186.21217146,  -69.35436472, -107.85893019,    -88.49233869,   27.84540387,  117.12600216,  185.92910441,    227.92818795,  189.5190402 ,  136.9422355 ,   67.30646276,    -23.20082032], [ -208.8649675 , -204.8858981 ,  -70.15968495,  -65.4216462 ,    -94.78765253,   16.5920249 ,  122.89233252,  137.79202723,    189.5190402 ,  229.74396199,  161.84483355,   44.89394323,    -36.88773376], [ -316.53284414, -255.89663656,  -28.24114312,  -54.3732336 ,    -97.81370278,    2.83067812,  101.86853275,  128.43141686,    136.9422355 ,  161.84483355,  174.56450781,   98.84366553,     -7.04968565], [ -128.61531875, -126.79203659,  -49.71027636,  -51.05075454,    -66.67826682,  -16.23798298,   42.90334143,   74.05847204,     67.30646276,   44.89394323,   98.84366553,  146.13061958,     73.6191839 ], [   53.91150915,   12.65570699,  -36.12219102,    0.36055425,      3.47571233,  -17.14138536,  -17.30713227,  -17.51715792,    -23.20082032,  -36.88773376,   -7.04968565,   73.6191839 ,     92.00525017]]
/root/sim/music/401~500/479_GO_HAPPY.mp3; [-578.1507    , 143.46095   , -16.5191    ,  38.086212  ,   0.49563777,   10.310547  ,  19.294847  ,  19.657265  ,  11.751114  ,   5.031035  ,   -5.8021307 ,   0.86932987,   0.16919093]; [[8547.88173237, 733.8891784 , 537.2500261 , 450.02388949, 351.51989168,   501.78305987, 271.16180889, 129.37544694, 147.91499083, 179.68936117,   235.69125058, 283.31903677, 191.5893321 ], [ 733.8891784 , 770.7830749 ,-101.66479233, 176.67653159,  -4.57424252,    -8.89558596,  83.64032311,  44.21050895, 139.45803872, 109.22753943,    30.93130121,  58.42983555,  -4.96221659], [ 537.2500261 ,-101.66479233, 387.4958036 ,  -8.65893068,  97.94804938,    41.01903051, -28.1863023 ,  49.29160832,  33.16119651,  51.56656385,    44.14533529,  -9.05674372,  -9.38101928], [ 450.02388949, 176.67653159,  -8.65893068, 190.36449261,  36.67383236,    36.0092723 ,  -8.43561825,  -0.12498133,  51.30736297,  63.07336486,    36.04923822,  24.72193177, -14.27264047], [ 351.51989168,  -4.57424252,  97.94804938,  36.67383236, 132.42959706,    68.79261719,  27.75965017, -23.12230575,  -6.04327522,  30.30380751,    60.18106569,  56.27733548,  30.23627069], [ 501.78305987,  -8.89558596,  41.01903051,  36.0092723 ,  68.79261719,   148.62649283,  55.97553712,   4.57455364, -40.89959452,  -0.17823517,    53.45972864,  71.535058  ,  50.25171056], [ 271.16180889,  83.64032311, -28.1863023 ,  -8.43561825,  27.75965017,    55.97553712, 124.13497028,  41.93217529,  14.93069011, -13.43686001,     2.03525269,  46.61551618,  52.1293641 ], [ 129.37544694,  44.21050895,  49.29160832,  -0.12498133, -23.12230575,     4.57455364,  41.93217529, 115.3977386 ,  63.30012148,  13.60319501,   -37.28128459, -30.81814657,   4.16598663], [ 147.91499083, 139.45803872,  33.16119651,  51.30736297,  -6.04327522,   -40.89959452,  14.93069011,  63.30012148, 136.91531004,  76.9191313 ,    -2.66746206, -28.3518928 , -27.38639485], [ 179.68936117, 109.22753943,  51.56656385,  63.07336486,  30.30380751,    -0.17823517, -13.43686001,  13.60319501,  76.9191313 , 117.48592322,    60.98262158,  18.04768554, -23.7505073 ], [ 235.69125058,  30.93130121,  44.14533529,  36.04923822,  60.18106569,    53.45972864,   2.03525269, -37.28128459,  -2.66746206,  60.98262158,   111.1960224 ,  79.2008604 ,  16.777921  ], [ 283.31903677,  58.42983555,  -9.05674372,  24.72193177,  56.27733548,    71.535058  ,  46.61551618, -30.81814657, -28.3518928 ,  18.04768554,    79.2008604 , 124.84242267,  70.31771898], [ 191.5893321 ,  -4.96221659,  -9.38101928, -14.27264047,  30.23627069,    50.25171056,  52.1293641 ,   4.16598663, -27.38639485, -23.7505073 ,    16.777921  ,  70.31771898, 104.67821633]]
/root/sim/music/401~500/407_財布忘れた.mp3; [-775.28735  , 138.49171  ,  -5.673735 ,   7.3585544, -17.423796 ,   -4.257355 , -10.159052 ,  -2.7041566,  -6.326161 ,   2.642193 ,  -14.124651 ,   0.6289034, -16.593197 ]; [[19834.24595644,-1718.87742535,-2391.07357732,   -8.50341295,   -753.82017438,  220.70277246,  -59.54112267, -711.62944109,   -697.52839234, -313.14129428, -582.84914445,   93.92738698,    153.18334833], [-1718.87742535, 3277.36747774,  985.05795284,  408.71204755,    156.09725979,  -65.70684534,  -38.95256262,    8.37638205,     96.54142362,   34.35265453,   59.47415155,  -71.92040813,   -120.69394625], [-2391.07357732,  985.05795284, 1599.83126797,  548.76792816,    496.67489584,  139.48607774,  116.97023507,  431.64376885,    228.98755087,  187.59788732,   94.85313729,  -29.69819291,   -142.82657684], [   -8.50341295,  408.71204755,  548.76792816,  685.56881601,    360.43655917,  253.54270088,  168.69856564,   77.32089259,     85.73778272,  123.05000412,   12.77580768,  -13.36945956,     13.03765728], [ -753.82017438,  156.09725979,  496.67489584,  360.43655917,    491.10525062,  307.08052677,  184.8757898 ,   88.79170814,     33.79425319,   90.91384148,   54.26972781,    2.22910729,     24.18498519], [  220.70277246,  -65.70684534,  139.48607774,  253.54270088,    307.08052677,  470.23551678,  247.96560352,  -12.79191338,    -99.62232963,   64.22967574,  -21.78722871,   40.89079452,     15.70948579], [  -59.54112267,  -38.95256262,  116.97023507,  168.69856564,    184.8757898 ,  247.96560352,  367.11133037,  176.91926346,    -42.00147223,  -25.2220163 ,  -32.30487867,  -34.31920775,      1.81804504], [ -711.62944109,    8.37638205,  431.64376885,   77.32089259,     88.79170814,  -12.79191338,  176.91926346,  589.91667171,    236.08167567,   10.59837928,  -19.72741894,  -68.07456764,   -146.78768776], [ -697.52839234,   96.54142362,  228.98755087,   85.73778272,     33.79425319,  -99.62232963,  -42.00147223,  236.08167567,    476.26399872,  148.13813371,  116.60161175,  -18.08065174,    -88.87407975], [ -313.14129428,   34.35265453,  187.59788732,  123.05000412,     90.91384148,   64.22967574,  -25.2220163 ,   10.59837928,    148.13813371,  261.32002151,  111.42138621,   61.68100556,     -7.85006797], [ -582.84914445,   59.47415155,   94.85313729,   12.77580768,     54.26972781,  -21.78722871,  -32.30487867,  -19.72741894,    116.60161175,  111.42138621,  177.67044013,   61.91624299,     35.09149062], [   93.92738698,  -71.92040813,  -29.69819291,  -13.36945956,      2.22910729,   40.89079452,  -34.31920775,  -68.07456764,    -18.08065174,   61.68100556,   61.91624299,  172.54124471,     75.80035115], [  153.18334833, -120.69394625, -142.82657684,   13.03765728,     24.18498519,   15.70948579,    1.81804504, -146.78768776,    -88.87407975,   -7.85006797,   35.09149062,   75.80035115,    201.65269709]]
/root/sim/music/401~500/490_夏の訪れ.mp3; [-765.11414   , 180.32507   ,  -6.6847663 ,  -1.0535918 ,  -4.413403  ,   -0.27464664,   7.05393   ,  -1.5525185 ,   3.1126409 ,  13.48336   ,   14.263015  ,   6.805508  ,  -1.663993  ]; [[ 6365.21587923,-1062.85688347, -283.36190995, -254.45435448,   -111.60054008,   12.10315514,   97.53356158,   91.03017012,     93.43227615,   48.2263083 ,   -1.11477581,    5.54719099,    -44.18298413], [-1062.85688347, 1719.53316177,  -35.47251608,   27.0681577 ,    183.13673078,  154.58840372,  115.67564955,   95.63097302,     66.11032543,   90.55064675,   70.17402159,   28.23354758,    -17.06509118], [ -283.36190995,  -35.47251608, 1252.62291964,  557.25071261,    462.49052412,  328.39784104,  210.84868201,  162.80565117,     77.47252164,  -30.52232202,  -60.67863438,   42.68809728,    114.49892813], [ -254.45435448,   27.0681577 ,  557.25071261,  837.14627788,    324.93802358,  258.85740418,  148.18802596,   93.57104709,     45.80222049,    9.56847454,  -75.78029701,   -6.62988397,    100.17948756], [ -111.60054008,  183.13673078,  462.49052412,  324.93802358,    382.67897323,  190.13792007,  127.89435788,   80.10124607,     52.69201905,   18.5432595 ,   -6.48332508,   12.55624272,     49.07254188], [   12.10315514,  154.58840372,  328.39784104,  258.85740418,    190.13792007,  248.33623583,  143.09822069,  111.03323825,     53.32683959,   19.19204706,    0.95115519,   21.42481113,     40.45124549], [   97.53356158,  115.67564955,  210.84868201,  148.18802596,    127.89435788,  143.09822069,  201.09156638,  118.21678175,     64.82059615,   19.0792973 ,  -12.7132224 ,    2.57879449,     24.95407649], [   91.03017012,   95.63097302,  162.80565117,   93.57104709,     80.10124607,  111.03323825,  118.21678175,  164.65648343,     83.08861413,    8.35207667,  -34.59744307,  -24.32105755,     17.70131042], [   93.43227615,   66.11032543,   77.47252164,   45.80222049,     52.69201905,   53.32683959,   64.82059615,   83.08861413,    112.35474817,   35.55443898,  -19.1988047 ,  -20.26672207,     12.65035263], [   48.2263083 ,   90.55064675,  -30.52232202,    9.56847454,     18.5432595 ,   19.19204706,   19.0792973 ,    8.35207667,     35.55443898,   96.96938682,   81.69931866,   20.95308877,    -42.11996587], [   -1.11477581,   70.17402159,  -60.67863438,  -75.78029701,     -6.48332508,    0.95115519,  -12.7132224 ,  -34.59744307,    -19.1988047 ,   81.69931866,  223.77076823,  109.53909635,    -79.11169095], [    5.54719099,   28.23354758,   42.68809728,   -6.62988397,     12.55624272,   21.42481113,    2.57879449,  -24.32105755,    -20.26672207,   20.95308877,  109.53909635,  159.24714156,     34.13403909], [  -44.18298413,  -17.06509118,  114.49892813,  100.17948756,     49.07254188,   40.45124549,   24.95407649,   17.70131042,     12.65035263,  -42.11996587,  -79.11169095,   34.13403909,    171.53153523]]
/root/sim/music/401~500/455_Lawn_Beds.mp3; [-586.0114   , 129.83252  ,   3.368018 ,  20.469995 ,   4.569809 ,    6.4823728,   1.2872351,  13.0966835,   3.7868106,   3.5351644,    2.778678 ,   1.3064   ,  -1.5604055]; [[10896.2552063 , -870.63531831,  162.37408323, -156.02502396,    154.94204707,  -72.67150159, -133.33865423,   13.92645945,    -80.28592361, -192.89584422,  -73.75220344, -126.74707733,   -127.58496374], [ -870.63531831, 1819.42323787, -385.4214816 ,   -9.3195577 ,     22.54140263, -158.09314557,    1.70432637,   12.99308236,     42.95912471,   25.65591947,    2.17506268,  -10.96488015,     15.26557777], [  162.37408323, -385.4214816 ,  811.04511306,   77.14244022,     37.11677085,  200.55839835,   39.69888021,   80.03210511,     61.06772093,   49.61024582,   37.51586448,   -5.85173485,     26.97138328], [ -156.02502396,   -9.3195577 ,   77.14244022,  308.29694676,    110.38699233,  117.30867854,  117.41283805,   69.40410343,     56.67506829,   60.69108879,   20.60639352,   39.84087896,     16.88210251], [  154.94204707,   22.54140263,   37.11677085,  110.38699233,    232.50968071,   94.39970091,   86.72818882,   52.93041102,     64.91371129,   34.11032838,   46.08029748,   41.65694803,     25.71625541], [  -72.67150159, -158.09314557,  200.55839835,  117.30867854,     94.39970091,  194.52806949,  105.65120743,   41.60502135,     31.58114663,   43.72248229,   27.39926248,   35.85148861,     35.84739966], [ -133.33865423,    1.70432637,   39.69888021,  117.41283805,     86.72818882,  105.65120743,  218.1705961 ,  109.97029988,     35.09168764,   32.88613553,   16.33568998,    7.5389199 ,     39.98933734], [   13.92645945,   12.99308236,   80.03210511,   69.40410343,     52.93041102,   41.60502135,  109.97029988,  176.09060652,     75.15112428,   26.29504309,   14.05936047,  -23.13171662,     -9.19124216], [  -80.28592361,   42.95912471,   61.06772093,   56.67506829,     64.91371129,   31.58114663,   35.09168764,   75.15112428,    135.72160578,   55.15675927,   34.0548179 ,   21.62701357,    -13.59025652], [ -192.89584422,   25.65591947,   49.61024582,   60.69108879,     34.11032838,   43.72248229,   32.88613553,   26.29504309,     55.15675927,   80.87756147,   40.4506455 ,   25.6547776 ,     10.34561559], [  -73.75220344,    2.17506268,   37.51586448,   20.60639352,     46.08029748,   27.39926248,   16.33568998,   14.05936047,     34.0548179 ,   40.4506455 ,   76.8925042 ,   36.38991482,      3.17142129], [ -126.74707733,  -10.96488015,   -5.85173485,   39.84087896,     41.65694803,   35.85148861,    7.5389199 ,  -23.13171662,     21.62701357,   25.6547776 ,   36.38991482,   94.59657888,     36.32985753], [ -127.58496374,   15.26557777,   26.97138328,   16.88210251,     25.71625541,   35.84739966,   39.98933734,   -9.19124216,    -13.59025652,   10.34561559,    3.17142129,   36.32985753,     85.5399955 ]]
/root/sim/music/401~500/498_Night_Shade_Story.mp3; [-691.3994    , 176.63551   ,  29.609076  ,  14.16202   ,   2.8453608 ,    0.81650925,  -6.943866  ,  -1.2732193 ,  -4.9030247 ,  -8.127887  ,  -13.858099  , -16.743313  , -17.710548  ]; [[ 6436.59963747,-2889.80038494,  -72.76381919, -192.75746268,   -273.96148067,   52.16763173,  275.81326518,  196.65429095,    341.66868306,  349.00462233,   59.7801625 , -100.68153694,    -72.26986446], [-2889.80038494, 2699.95431799, -746.75995046,   78.6173996 ,    248.84657791,  -22.21425401,  -71.3189329 ,   42.77501761,    -27.94216591,  -16.69471617,   14.82655319,  -31.79038007,      7.01950767], [  -72.76381919, -746.75995046,  766.80809071,   -2.34316154,    -24.021442  ,   69.83679236,  -18.63227781,  -67.54194785,    -58.97463542,  -88.8935751 ,  -18.56097704,   93.07344759,     67.08400564], [ -192.75746268,   78.6173996 ,   -2.34316154,  186.88803646,     41.94619687,   -9.08337897,   15.28069551,  -29.10731401,    -45.15910278,    2.31496367,   16.53582594,   33.38260374,     45.94380426], [ -273.96148067,  248.84657791,  -24.021442  ,   41.94619687,    157.1476466 ,   57.32679007,  -27.33180518,  -16.88431902,    -17.04062002,   -4.57938472,   26.82560737,   34.99134106,     41.8256991 ], [   52.16763173,  -22.21425401,   69.83679236,   -9.08337897,     57.32679007,   99.07021047,   14.12217987,  -10.25439462,      1.98676553,    2.96313633,   18.40471058,   16.41943338,     24.28039959], [  275.81326518,  -71.3189329 ,  -18.63227781,   15.28069551,    -27.33180518,   14.12217987,   79.02193184,   33.44732392,     21.50931724,   31.26120474,   -8.79882332,  -12.89645478,      9.65866266], [  196.65429095,   42.77501761,  -67.54194785,  -29.10731401,    -16.88431902,  -10.25439462,   33.44732392,   79.00407967,     56.78625506,   15.86127605,  -10.18520101,  -12.76414814,     -4.34507128], [  341.66868306,  -27.94216591,  -58.97463542,  -45.15910278,    -17.04062002,    1.98676553,   21.50931724,   56.78625506,     93.85619275,   55.46074795,    7.48492895,  -17.42427445,    -24.99925857], [  349.00462233,  -16.69471617,  -88.8935751 ,    2.31496367,     -4.57938472,    2.96313633,   31.26120474,   15.86127605,     55.46074795,  110.49875262,   45.79621518,  -26.15800457,    -39.32312685], [   59.7801625 ,   14.82655319,  -18.56097704,   16.53582594,     26.82560737,   18.40471058,   -8.79882332,  -10.18520101,      7.48492895,   45.79621518,   74.23022013,   15.79333139,    -24.94603117], [ -100.68153694,  -31.79038007,   93.07344759,   33.38260374,     34.99134106,   16.41943338,  -12.89645478,  -12.76414814,    -17.42427445,  -26.15800457,   15.79333139,   69.12322257,     45.15851066], [  -72.26986446,    7.01950767,   67.08400564,   45.94380426,     41.8256991 ,   24.28039959,    9.65866266,   -4.34507128,    -24.99925857,  -39.32312685,  -24.94603117,   45.15851066,    106.1498979 ]]
/root/sim/music/401~500/451_庶民のお茶会.mp3; [-781.75226  , 104.48598  , -43.855927 ,  -1.8032683, -28.494421 ,   -3.1136508, -14.826499 , -15.715165 ,  -8.971413 ,  -3.7742636,  -15.255691 ,   1.696585 ,  -3.3366296]; [[10839.59104393, -872.39890603, -595.30481464,   97.04777323,   -987.51566799, -384.11337058,  -74.93125739, -357.96885725,   -463.3053566 ,  -96.21601494, -258.56728264,   79.35815117,     31.23914575], [ -872.39890603,  962.31706989,   36.39195115,  -97.30314636,    121.7795737 ,   13.01760993,  -24.90926039,   50.47755083,    -19.06035058,   18.14189199,   86.47455484,   65.98173116,      4.40178759], [ -595.30481464,   36.39195115,  401.75137564,   40.14306611,    185.82473721,   40.94814183,   94.2384547 ,   34.16734297,    -30.9105645 ,   19.37495181,   22.94025635,   -1.94297651,    -24.66396437], [   97.04777323,  -97.30314636,   40.14306611,  262.95386187,    -63.73400256,   21.47362037,   66.97454481,   44.83353947,    -64.43406924,   -7.62419308,  -12.93495182,  -13.47157873,     55.34225459], [ -987.51566799,  121.7795737 ,  185.82473721,  -63.73400256,    507.68521263,  103.48399156,  -29.92211017,   23.15528667,    181.92479081,   -8.05493415,   60.2871663 ,  -28.42303215,     24.30484837], [ -384.11337058,   13.01760993,   40.94814183,   21.47362037,    103.48399156,  205.57067728,  117.94616765,   46.95206287,    -28.85206152,   10.24927413,   44.79700082,   35.94639768,      1.81164663], [  -74.93125739,  -24.90926039,   94.2384547 ,   66.97454481,    -29.92211017,  117.94616765,  256.20294469,   69.00534241,    -72.44360516,   11.10676074,   18.99548666,   29.91942099,      5.25686537], [ -357.96885725,   50.47755083,   34.16734297,   44.83353947,     23.15528667,   46.95206287,   69.00534241,  184.00699345,     38.1260828 ,  -58.80803758,   27.63043426,   17.49797728,     42.35773582], [ -463.3053566 ,  -19.06035058,  -30.9105645 ,  -64.43406924,    181.92479081,  -28.85206152,  -72.44360516,   38.1260828 ,    402.74991383,  -82.02863657,  -39.20016885,  -49.39047073,     50.15557166], [  -96.21601494,   18.14189199,   19.37495181,   -7.62419308,     -8.05493415,   10.24927413,   11.10676074,  -58.80803758,    -82.02863657,  283.94139448,  -11.27794534,   22.34818449,   -115.10979851], [ -258.56728264,   86.47455484,   22.94025635,  -12.93495182,     60.2871663 ,   44.79700082,   18.99548666,   27.63043426,    -39.20016885,  -11.27794534,  157.92147969,   25.68045861,     38.58097919], [   79.35815117,   65.98173116,   -1.94297651,  -13.47157873,    -28.42303215,   35.94639768,   29.91942099,   17.49797728,    -49.39047073,   22.34818449,   25.68045861,  134.09557771,     -5.65851526], [   31.23914575,    4.40178759,  -24.66396437,   55.34225459,     24.30484837,    1.81164663,    5.25686537,   42.35773582,     50.15557166, -115.10979851,   38.58097919,   -5.65851526,    224.51870943]]
/root/sim/music/401~500/474_Still.mp3; [-509.50687  ,  67.00225  ,   1.213223 ,  30.206228 ,  10.099102 ,    8.950039 ,   4.1942563,   8.563314 ,   5.091813 ,   4.6450315,    1.4339715,   1.6221852,  -4.3506107]; [[3891.83727937,-383.11883469,  88.81722285, -47.85504115,  97.92797153,     1.44945237,  51.59192562, -15.14960382, -51.38906484, -68.21362706,   -17.02754816,  37.35294383,  30.18945709], [-383.11883469,1083.47508724,-203.64976861,  86.36650145, -11.99544247,   -73.72742521, -16.52637077, -13.4432907 ,   8.41919741, -23.57038062,    -7.84812469,  11.4237097 ,   2.51521075], [  88.81722285,-203.64976861, 556.18316194,  39.85277142,  81.6771695 ,   104.17736756,   7.28334158,  -8.74941211, -30.30569379, -19.25000074,   -38.65664355, -47.67764928, -23.74499218], [ -47.85504115,  86.36650145,  39.85277142, 351.52514545, 101.14399549,   -15.68823813, -21.62786117,  26.1484971 ,  36.56429738,  20.10392636,     7.19543949,   4.20528398,  -4.02392789], [  97.92797153, -11.99544247,  81.6771695 , 101.14399549, 150.49435829,    63.44612061,  26.21730156,  20.59096393,  13.23203243,  11.73252509,    10.03227376,   6.27857405,   2.27051077], [   1.44945237, -73.72742521, 104.17736756, -15.68823813,  63.44612061,   156.67130232,  69.63280818,  29.88217274,  -2.28221519,  12.36195658,     9.71138466,   4.20822942,   5.25596511], [  51.59192562, -16.52637077,   7.28334158, -21.62786117,  26.21730156,    69.63280818, 104.9615597 ,  58.13879133,  26.03737101,  15.80663662,    15.78150764,  13.74681062,  15.57199452], [ -15.14960382, -13.4432907 ,  -8.74941211,  26.1484971 ,  20.59096393,    29.88217274,  58.13879133, 107.15344892,  70.24232954,  51.45085174,    33.75547419,  17.33238791,  15.99176413], [ -51.38906484,   8.41919741, -30.30569379,  36.56429738,  13.23203243,    -2.28221519,  26.03737101,  70.24232954, 100.96651471,  72.28225169,    44.62582523,  23.75598605,  17.57967849], [ -68.21362706, -23.57038062, -19.25000074,  20.10392636,  11.73252509,    12.36195658,  15.80663662,  51.45085174,  72.28225169, 105.41031241,    71.68791852,  40.41387109,  29.09297705], [ -17.02754816,  -7.84812469, -38.65664355,   7.19543949,  10.03227376,     9.71138466,  15.78150764,  33.75547419,  44.62582523,  71.68791852,    89.52884946,  60.14937053,  37.3621099 ], [  37.35294383,  11.4237097 , -47.67764928,   4.20528398,   6.27857405,     4.20822942,  13.74681062,  17.33238791,  23.75598605,  40.41387109,    60.14937053,  79.11096155,  53.2852969 ], [  30.18945709,   2.51521075, -23.74499218,  -4.02392789,   2.27051077,     5.25596511,  15.57199452,  15.99176413,  17.57967849,  29.09297705,    37.3621099 ,  53.2852969 ,  74.93065853]]
