/root/sim/music/401~500/450_英雄の帰還.mp3; [-630.60614   , 127.336716  ,  -2.828031  ,  19.745737  ,  -0.08346111,   -0.33555773,  -6.2407117 ,   0.9545524 ,  -3.7300239 ,   0.61798334,   -2.1275387 ,   0.9580516 ,   0.28342646]; [[24064.2692868 ,-1388.43043495, -691.30690759,   49.11096625,   -375.7338809 ,   79.86072569, -233.94735725, -157.1910797 ,   -185.9025751 ,  -18.24181123,  159.38092252,   17.38566454,    -20.25893647], [-1388.43043495, 1710.55886582,   -5.33155493,  -27.73682452,    -61.35275086,  -22.90829386,  -83.68280469,    3.19053384,    -53.78297437,  -59.03952126,  -98.80989961,  -34.46504461,    -46.15577841], [ -691.30690759,   -5.33155493,  468.10528875,   85.8517622 ,    114.78850278,  133.28808215,   90.92238572,   69.05177581,     73.52168742,   18.34059919,   70.51685577,   36.30402996,     12.84905725], [   49.11096625,  -27.73682452,   85.8517622 ,  193.95837291,     82.69762817,   67.62935463,   56.53402112,   41.96517892,     27.11978688,   27.35772655,   17.85540286,   19.14716515,     20.47366826], [ -375.7338809 ,  -61.35275086,  114.78850278,   82.69762817,    166.84833309,   92.55799065,   84.71629371,   47.42369417,     51.63190182,   22.40624961,   25.14874436,   18.22895988,     11.49689938], [   79.86072569,  -22.90829386,  133.28808215,   67.62935463,     92.55799065,  181.4143849 ,   96.61540948,   64.51166432,     57.60671083,   22.24646445,   58.45566526,   31.83207876,     11.10233124], [ -233.94735725,  -83.68280469,   90.92238572,   56.53402112,     84.71629371,   96.61540948,  121.16599417,   63.5983294 ,     55.49591898,   28.85885524,   42.43532215,   24.80320707,     19.886453  ], [ -157.1910797 ,    3.19053384,   69.05177581,   41.96517892,     47.42369417,   64.51166432,   63.5983294 ,   86.75092957,     55.77099754,   19.6016837 ,   28.64983822,   21.06203173,     13.63900003], [ -185.9025751 ,  -53.78297437,   73.52168742,   27.11978688,     51.63190182,   57.60671083,   55.49591898,   55.77099754,     88.25150274,   35.67922513,   38.603997  ,   19.36157025,     16.20686727], [  -18.24181123,  -59.03952126,   18.34059919,   27.35772655,     22.40624961,   22.24646445,   28.85885524,   19.6016837 ,     35.67922513,   61.01710414,   33.80047473,   11.73762385,     11.3155749 ], [  159.38092252,  -98.80989961,   70.51685577,   17.85540286,     25.14874436,   58.45566526,   42.43532215,   28.64983822,     38.603997  ,   33.80047473,   91.16257728,   40.52485015,     16.33735596], [   17.38566454,  -34.46504461,   36.30402996,   19.14716515,     18.22895988,   31.83207876,   24.80320707,   21.06203173,     19.36157025,   11.73762385,   40.52485015,   57.97943128,     29.30998192], [  -20.25893647,  -46.15577841,   12.84905725,   20.47366826,     11.49689938,   11.10233124,   19.886453  ,   13.63900003,     16.20686727,   11.3155749 ,   16.33735596,   29.30998192,     59.55432402]]
/root/sim/music/401~500/493_おとぼけダンス(Silly_dance).mp3; [-903.98737  , 170.75035  ,  -5.1451287, -33.35042  , -34.314972 ,  -13.523541 , -11.610842 , -17.220243 , -19.100954 , -10.145701 ,   -5.9147058,  -4.327338 ,  -3.7409656]; [[20892.4453603 , 1295.75590711,-1026.8646326 , 1516.45716518,    -72.28113868,   94.07911629, -288.55161574, -119.6609983 ,   -125.2696751 ,   17.25571186,  -32.52140805,  360.7302745 ,    295.13093894], [ 1295.75590711,  896.76471514,  469.76537463,  375.53899095,    164.03268158,   37.58229711,   95.67845332,  212.54425771,     23.88726568,  -61.49583059,  -98.12734217, -179.32898558,   -137.86060465], [-1026.8646326 ,  469.76537463,  755.94672937,  299.09248983,    165.32012244,   26.53015106,   91.99828155,  204.97982492,     50.23427237,  -60.26986426, -113.03066965, -190.87859127,   -170.86498275], [ 1516.45716518,  375.53899095,  299.09248983,  408.53880285,    150.82187125,   64.73106243,   23.90672516,   98.55861543,     42.490775  ,    3.94364239,  -37.84319649,  -31.51484949,    -43.774846  ], [  -72.28113868,  164.03268158,  165.32012244,  150.82187125,    156.96099393,   97.17421776,   30.94039175,   21.87189248,     35.82573735,   46.81447202,   10.70226359,   -7.63966149,    -22.13025073], [   94.07911629,   37.58229711,   26.53015106,   64.73106243,     97.17421776,  149.34202425,   78.48208677,   -2.68101133,     -7.07373715,   44.73155373,   47.57898253,   28.17397805,     13.14331488], [ -288.55161574,   95.67845332,   91.99828155,   23.90672516,     30.94039175,   78.48208677,  159.89752438,  113.05054661,    -25.07122775,  -36.90752143,   14.24827789,  -45.07887634,     -6.87580261], [ -119.6609983 ,  212.54425771,  204.97982492,   98.55861543,     21.87189248,   -2.68101133,  113.05054661,  203.91065499,     34.48956898,  -60.81304122,  -22.04756707,  -60.70918712,    -42.11015433], [ -125.2696751 ,   23.88726568,   50.23427237,   42.490775  ,     35.82573735,   -7.07373715,  -25.07122775,   34.48956898,    123.04519815,   61.15471066,  -17.1855588 ,   10.42531088,     16.49464489], [   17.25571186,  -61.49583059,  -60.26986426,    3.94364239,     46.81447202,   44.73155373,  -36.90752143,  -60.81304122,     61.15471066,  118.02414183,   38.88866471,   46.02519022,     39.45417133], [  -32.52140805,  -98.12734217, -113.03066965,  -37.84319649,     10.70226359,   47.57898253,   14.24827789,  -22.04756707,    -17.1855588 ,   38.88866471,  101.75363815,   81.3232881 ,     34.20346666], [  360.7302745 , -179.32898558, -190.87859127,  -31.51484949,     -7.63966149,   28.17397805,  -45.07887634,  -60.70918712,     10.42531088,   46.02519022,   81.3232881 ,  178.99951317,     66.94098113], [  295.13093894, -137.86060465, -170.86498275,  -43.774846  ,    -22.13025073,   13.14331488,   -6.87580261,  -42.11015433,     16.49464489,   39.45417133,   34.20346666,   66.94098113,    133.02464447]]
/root/sim/music/401~500/414_Running_Turning.mp3; [-581.2398    , 113.7498    ,  44.67456   ,  32.148632  ,   8.983139  ,   19.269089  ,  13.747643  ,  13.931347  ,   2.8359952 ,   3.7789395 ,    4.2091002 ,   3.1697683 ,   0.46081373]; [[ 7376.90602099,-1113.14742089, -512.43182203, -440.02093818,   -209.11991642,   10.911142  ,    7.24821725,   15.10884788,    -96.82127796, -131.30812262,   29.31286082,   32.4527889 ,    -31.13231841], [-1113.14742089, 1022.15601549,  -82.77304545,   74.97171901,     54.60993144,  -10.26107712,   24.093714  ,   25.20637516,     18.02169818,   71.72403807,    2.41133055,    3.94637457,     15.15436465], [ -512.43182203,  -82.77304545,  519.38764811,  153.81101747,     34.53196092,   10.39687387,  -24.56764445,   17.03466211,     44.42634366,   -3.67260738,    3.92712364,  -19.84340643,      3.21426285], [ -440.02093818,   74.97171901,  153.81101747,  196.79630496,     53.19626786,   -0.99067078,   -3.07891561,    2.49243839,      8.06827047,   10.2548063 ,   -5.402501  ,   -8.33206956,      3.72715576], [ -209.11991642,   54.60993144,   34.53196092,   53.19626786,     91.84680823,   16.23705452,    1.5544427 ,    1.64589691,      4.97935033,    0.54019272,   -5.52285864,  -13.27617224,      6.80653505], [   10.911142  ,  -10.26107712,   10.39687387,   -0.99067078,     16.23705452,   94.40401842,   47.87602943,    2.0547955 ,     -7.14669391,   -5.75770129,  -15.44146951,    1.74407869,      9.34035566], [    7.24821725,   24.093714  ,  -24.56764445,   -3.07891561,      1.5544427 ,   47.87602943,   85.08122688,   19.38966109,    -18.84554845,  -13.88941737,  -15.55450927,   -1.56348694,      3.62787056], [   15.10884788,   25.20637516,   17.03466211,    2.49243839,      1.64589691,    2.0547955 ,   19.38966109,   52.66394442,     21.99737427,   -3.4993837 ,    0.41898247,   -2.70668676,     -1.91650151], [  -96.82127796,   18.02169818,   44.42634366,    8.06827047,      4.97935033,   -7.14669391,  -18.84554845,   21.99737427,     70.68500234,   38.37300943,    8.60087763,   -1.30638828,      1.01130916], [ -131.30812262,   71.72403807,   -3.67260738,   10.2548063 ,      0.54019272,   -5.75770129,  -13.88941737,   -3.4993837 ,     38.37300943,   75.66623711,   27.98393188,    5.44535494,      4.96502648], [   29.31286082,    2.41133055,    3.92712364,   -5.402501  ,     -5.52285864,  -15.44146951,  -15.55450927,    0.41898247,      8.60087763,   27.98393188,   62.3192139 ,   25.54699258,      0.45157641], [   32.4527889 ,    3.94637457,  -19.84340643,   -8.33206956,    -13.27617224,    1.74407869,   -1.56348694,   -2.70668676,     -1.30638828,    5.44535494,   25.54699258,   60.23805082,     21.03270932], [  -31.13231841,   15.15436465,    3.21426285,    3.72715576,      6.80653505,    9.34035566,    3.62787056,   -1.91650151,      1.01130916,    4.96502648,    0.45157641,   21.03270932,     50.76177901]]
/root/sim/music/401~500/471_あの夏は、遠く遥か.mp3; [-902.5296    , 270.59378   ,   4.0431437 , -19.276047  ,   4.4963493 ,   -9.706202  , -17.48552   , -10.696183  ,  -8.896775  ,  -4.5262027 ,    0.23648813,   2.0873182 ,   0.15495092]; [[ 9102.81297698, 2386.07163281,-3039.77931957,  210.89812334,    443.29257174, -501.22398352, -277.35771151,  -69.01470942,   -254.55622584,   24.83364615,   30.92990038,   50.81562296,    218.65907022], [ 2386.07163281, 1794.73649042, -451.18026336, -293.181754  ,    199.69523202,   35.38542651,  -27.88164486,  -21.09713801,    -90.32264729, -101.12293499,  -65.91299251,  -59.15723644,    -58.75062654], [-3039.77931957, -451.18026336, 1657.23852029,  -85.89296809,   -258.30892555,  343.53866916,  190.1094412 ,   53.95399771,    156.2464146 ,   -3.78875433,  -41.2272332 ,  -29.22386626,   -130.07618693], [  210.89812334, -293.181754  ,  -85.89296809,  343.47856154,     45.3351353 ,  -66.75629194,   46.27119447,   51.81881746,     35.46714098,   59.48994673,   17.98031996,   28.05845719,     70.79690275], [  443.29257174,  199.69523202, -258.30892555,   45.3351353 ,    235.62963247,   15.94049014,  -36.45797959,   11.10563364,    -27.70919427,  -34.1559    ,  -18.29430833,  -10.79539657,     31.09790039], [ -501.22398352,   35.38542651,  343.53866916,  -66.75629194,     15.94049014,  220.88515825,   93.92596655,    4.84937064,     23.57592038,  -29.29016641,  -32.66088936,  -20.81452498,    -42.29688414], [ -277.35771151,  -27.88164486,  190.1094412 ,   46.27119447,    -36.45797959,   93.92596655,  190.53042431,   96.87421452,     16.08276506,    8.46752154,   10.49144521,    2.49311834,    -10.30235327], [  -69.01470942,  -21.09713801,   53.95399771,   51.81881746,     11.10563364,    4.84937064,   96.87421452,  143.79344839,     55.55316682,    4.31224022,   26.43041063,   20.85102263,     -1.6900703 ], [ -254.55622584,  -90.32264729,  156.2464146 ,   35.46714098,    -27.70919427,   23.57592038,   16.08276506,   55.55316682,    130.06983785,   69.49860764,    6.76671915,   17.61431641,     -2.10191023], [   24.83364615, -101.12293499,   -3.78875433,   59.48994673,    -34.1559    ,  -29.29016641,    8.46752154,    4.31224022,     69.49860764,  125.00526094,   48.1227207 ,    8.3889723 ,     35.06360797], [   30.92990038,  -65.91299251,  -41.2272332 ,   17.98031996,    -18.29430833,  -32.66088936,   10.49144521,   26.43041063,      6.76671915,   48.1227207 ,   87.9148586 ,   40.17313139,      1.26432092], [   50.81562296,  -59.15723644,  -29.22386626,   28.05845719,    -10.79539657,  -20.81452498,    2.49311834,   20.85102263,     17.61431641,    8.3889723 ,   40.17313139,   76.07876284,     33.46950997], [  218.65907022,  -58.75062654, -130.07618693,   70.79690275,     31.09790039,  -42.29688414,  -10.30235327,   -1.6900703 ,     -2.10191023,   35.06360797,    1.26432092,   33.46950997,    116.04970422]]
/root/sim/music/401~500/473_森へ.mp3; [-1015.702     ,  207.77692   ,   18.715944  ,  -25.498648  ,   -15.725841  ,   -5.984376  ,    0.18643785,   -0.24987806,    -5.060977  ,   -6.322123  ,    0.21049443,    1.8969448 ,    -2.051661  ]; [[ 8795.67012648, 4584.28482303,-1476.75150668,  282.98184145,    384.86799755, -230.12895016, -298.56856369, -132.92101554,    -23.02781669, -328.4154892 , -175.83106257,  -64.26118918,    137.22947778], [ 4584.28482303, 4077.21527565,  302.51684881, -677.98274937,   -164.70234844, -166.90924751, -130.13174382,    0.27768101,    -96.86367767, -158.21891911, -145.04538524,   21.70248738,    120.02181678], [-1476.75150668,  302.51684881, 1595.05171987,  -54.88802303,   -436.15316737, -287.72297037, -178.76723293,   13.93072884,     52.04665209,   19.00973155, -133.25104903,  -36.41235029,      6.71334676], [  282.98184145, -677.98274937,  -54.88802303, 1379.40529717,    510.56102811, -297.74743095, -346.04056572,  -87.65874305,    116.97738299, -167.97780197, -234.15955947, -140.31992173,     83.21421999], [  384.86799755, -164.70234844, -436.15316737,  510.56102811,    665.84240717,  179.57113271,   14.58167785,    8.78361448,    -73.56839498, -157.9115114 , -106.43226164,   -0.32227951,    103.70805899], [ -230.12895016, -166.90924751, -287.72297037, -297.74743095,    179.57113271,  447.25180521,  347.81858036,   49.32449832,   -162.09243291,  -32.22611172,  109.12144084,   78.36187832,    -44.91081196], [ -298.56856369, -130.13174382, -178.76723293, -346.04056572,     14.58167785,  347.81858036,  387.54278237,  124.95840664,   -124.89773135,  -35.59224491,   94.15199053,   72.88652588,    -29.09148723], [ -132.92101554,    0.27768101,   13.93072884,  -87.65874305,      8.78361448,   49.32449832,  124.95840664,  179.30609218,     72.69758281,  -36.05633639,  -57.4254126 ,   15.26283514,     72.91800423], [  -23.02781669,  -96.86367767,   52.04665209,  116.97738299,    -73.56839498, -162.09243291, -124.89773135,   72.69758281,    238.89638619,  101.48253201,  -59.02322019,  -70.61274182,      4.81540701], [ -328.4154892 , -158.21891911,   19.00973155, -167.97780197,   -157.9115114 ,  -32.22611172,  -35.59224491,  -36.05633639,    101.48253201,  231.68024394,  134.90070527,  -40.86720627,   -129.19618883], [ -175.83106257, -145.04538524, -133.25104903, -234.15955947,   -106.43226164,  109.12144084,   94.15199053,  -57.4254126 ,    -59.02322019,  134.90070527,  228.09464035,   59.8505231 ,   -115.94413792], [  -64.26118918,   21.70248738,  -36.41235029, -140.31992173,     -0.32227951,   78.36187832,   72.88652588,   15.26283514,    -70.61274182,  -40.86720627,   59.8505231 ,  148.28599094,    102.38653747], [  137.22947778,  120.02181678,    6.71334676,   83.21421999,    103.70805899,  -44.91081196,  -29.09148723,   72.91800423,      4.81540701, -129.19618883, -115.94413792,  102.38653747,    275.99289336]]
/root/sim/music/401~500/459_夏の穏やかな海辺で.mp3; [-920.44855  , 267.0146   ,   6.202338 , -26.907263 ,  -5.3858275,  -15.881575 , -21.229515 , -11.020091 ,  -7.7130327,  -7.6057506,   -7.1661167,  -3.8894138,  -1.2457037]; [[7190.90568856,3332.09331939,-905.63235333, 386.37408096, 248.71357371,     0.19995154, 102.67266478, 179.75693368,  17.35118532, 165.7185223 ,   134.25590417,  86.89226733, 120.33209311], [3332.09331939,2627.90483267, -68.30840401, -68.30750253, 319.25686176,    58.75396319, -13.28131771,  72.81868349,  57.69265527,   6.33842041,     9.74707205,   5.36927061,  10.1611195 ], [-905.63235333, -68.30840401, 511.55428822, -68.47145522,  -1.34397326,   100.00277416, -16.57143809, -11.85013534,  46.17710667, -46.92397886,   -57.60202743, -13.16776147, -31.81956576], [ 386.37408096, -68.30750253, -68.47145522, 260.47324907,  57.90919761,    41.33830516, 116.70889112,  70.14103894,  20.55184569,  65.0466823 ,    46.94785845,  31.80220127,  49.67923349], [ 248.71357371, 319.25686176,  -1.34397326,  57.90919761, 223.558351  ,    94.50269591,  46.27340157,  51.89792983,  36.64371834,  22.22879011,    31.09778667,  18.74653867,  21.96753656], [   0.19995154,  58.75396319, 100.00277416,  41.33830516,  94.50269591,   140.85194435,  55.23656031,  24.83728523,  36.06859524,  18.14639688,     5.16466033,   6.95095601,  11.44271868], [ 102.67266478, -13.28131771, -16.57143809, 116.70889112,  46.27340157,    55.23656031, 143.05401985,  75.64805713,  12.25595655,  55.40338307,    40.28250278,  12.11591317,  39.8430232 ], [ 179.75693368,  72.81868349, -11.85013534,  70.14103894,  51.89792983,    24.83728523,  75.64805713, 103.83675567,  49.75412493,  31.98494039,    36.87716901,  28.88484723,  23.91219669], [  17.35118532,  57.69265527,  46.17710667,  20.55184569,  36.64371834,    36.06859524,  12.25595655,  49.75412493,  84.81213078,  35.02390236,     8.49932734,  18.06605205,  11.61579665], [ 165.7185223 ,   6.33842041, -46.92397886,  65.0466823 ,  22.22879011,    18.14639688,  55.40338307,  31.98494039,  35.02390236,  96.61138941,    58.56938304,   8.34359121,  29.15107771], [ 134.25590417,   9.74707205, -57.60202743,  46.94785845,  31.09778667,     5.16466033,  40.28250278,  36.87716901,   8.49932734,  58.56938304,   104.44620659,  49.24139356,  18.83961232], [  86.89226733,   5.36927061, -13.16776147,  31.80220127,  18.74653867,     6.95095601,  12.11591317,  28.88484723,  18.06605205,   8.34359121,    49.24139356,  85.65241974,  44.45003485], [ 120.33209311,  10.1611195 , -31.81956576,  49.67923349,  21.96753656,    11.44271868,  39.8430232 ,  23.91219669,  11.61579665,  29.15107771,    18.83961232,  44.45003485,  74.1433543 ]]
/root/sim/music/401~500/477_小さな冒険者.mp3; [-588.426     , 140.9518    ,  -6.2912917 ,   6.3701963 ,  -2.3486302 ,   -0.84268796,   1.5031486 ,   1.4321632 ,   0.82085025,   1.3464156 ,    2.129842  ,  -5.990969  ,  -3.8874378 ]; [[ 3001.16169859,-1029.0647936 , -121.90250019,  133.09839042,    233.49220556,   93.04904735,  152.36802892,   83.37148519,     50.90463745,   94.15438295,   60.46001533,  -30.57606874,      1.87862946], [-1029.0647936 ,  835.53071452,  170.53535063,  177.70075087,     41.08922954,  119.42388103,   45.29565435,   68.7515642 ,     78.39300752,   66.62560193,   16.95747443,   41.1261874 ,    -16.94025371], [ -121.90250019,  170.53535063,  727.1380292 ,  421.65782863,    205.60037665,  250.41959831,  101.39964727,  144.36107143,     60.11308432,   97.31135587,  -13.97177457,   42.70323795,    -27.96203934], [  133.09839042,  177.70075087,  421.65782863,  550.79836463,    208.4194033 ,  285.5627771 ,  192.79611521,  183.02122193,    101.10441606,  144.15440809,   12.8742967 ,    7.68233138,    -57.820777  ], [  233.49220556,   41.08922954,  205.60037665,  208.4194033 ,    258.63866359,  186.61138772,  125.71705631,  109.80859249,     83.40006143,   71.14088998,   39.34505802,   36.98972577,     10.57563512], [   93.04904735,  119.42388103,  250.41959831,  285.5627771 ,    186.61138772,  256.93150633,  160.38684516,  137.12993208,     90.94547745,   79.34379275,    7.82856492,   32.84223174,     -7.20044065], [  152.36802892,   45.29565435,  101.39964727,  192.79611521,    125.71705631,  160.38684516,  151.13073488,  111.42921784,     68.26394996,   51.87774191,    6.57486297,    3.61064677,     -1.86910736], [   83.37148519,   68.7515642 ,  144.36107143,  183.02122193,    109.80859249,  137.12993208,  111.42921784,  135.64730424,     63.27305371,   53.7886179 ,    4.14467578,   -0.90117303,     -9.54373911], [   50.90463745,   78.39300752,   60.11308432,  101.10441606,     83.40006143,   90.94547745,   68.26394996,   63.27305371,     84.8481856 ,   50.19570825,   11.8661701 ,   19.79433005,      3.10491109], [   94.15438295,   66.62560193,   97.31135587,  144.15440809,     71.14088998,   79.34379275,   51.87774191,   53.7886179 ,     50.19570825,  106.87304364,   41.59958955,   -1.33870049,    -40.84581854], [   60.46001533,   16.95747443,  -13.97177457,   12.8742967 ,     39.34505802,    7.82856492,    6.57486297,    4.14467578,     11.8661701 ,   41.59958955,   70.22599711,   -3.13280454,    -28.62650562], [  -30.57606874,   41.1261874 ,   42.70323795,    7.68233138,     36.98972577,   32.84223174,    3.61064677,   -0.90117303,     19.79433005,   -1.33870049,   -3.13280454,   86.41148467,     52.76256356], [    1.87862946,  -16.94025371,  -27.96203934,  -57.820777  ,     10.57563512,   -7.20044065,   -1.86910736,   -9.54373911,      3.10491109,  -40.84581854,  -28.62650562,   52.76256356,     87.68079169]]
/root/sim/music/401~500/448_銀色都市の秘密.mp3; [-888.75604  , 254.64438  ,  -5.8067446, -25.655611 ,   5.9056325,   -3.929724 ,  -6.4823394,  -6.2871656,  -9.858769 , -10.957662 ,   -2.5710986,   1.2956871,  -1.379131 ]; [[ 2174.18523115,  -98.22286412,-1081.62690316,  335.9949494 ,    184.34652651, -303.92557862, -218.11127946,  -52.05343654,    -61.91412548, -101.86574376,  -75.33420572,  -63.49378401,    -82.63501275], [  -98.22286412,  320.48048637,  239.8432419 ,  -98.00086857,     53.99107131,   98.07309105,  -14.88863557,  -53.34474397,     13.99685746,   21.24676907,  -10.41128813,    0.67082882,     37.31671435], [-1081.62690316,  239.8432419 , 1112.22564392, -270.67430635,   -103.50549771,  359.85381308,  176.92774333,  -11.94688236,     66.95752264,   88.98446572,   40.89580043,   39.16113016,     82.58441469], [  335.9949494 ,  -98.00086857, -270.67430635,  244.79521194,     42.34548027, -114.07502234,  -22.11694844,   23.07888775,    -23.68041139,  -20.73995984,    5.54023721,    5.61620223,    -27.40137033], [  184.34652651,   53.99107131, -103.50549771,   42.34548027,    194.86889608,   34.96377243,  -31.58777737,    8.26185471,     22.47422557,   -7.09472517,   -3.14046347,   15.88616381,      2.26417953], [ -303.92557862,   98.07309105,  359.85381308, -114.07502234,     34.96377243,  255.44548658,  110.70258773,   -9.59267814,     43.08704933,   55.53517273,   21.36265729,   12.28301683,     33.92578695], [ -218.11127946,  -14.88863557,  176.92774333,  -22.11694844,    -31.58777737,  110.70258773,  174.9676792 ,   58.05822337,      7.62475046,   40.64220821,   44.69584981,   15.15227489,      3.66031032], [  -52.05343654,  -53.34474397,  -11.94688236,   23.07888775,      8.26185471,   -9.59267814,   58.05822337,  116.88958054,     37.53530762,   -5.9623431 ,   20.52958321,   26.06757918,     -6.59256761], [  -61.91412548,   13.99685746,   66.95752264,  -23.68041139,     22.47422557,   43.08704933,    7.62475046,   37.53530762,    107.35538475,   42.61132471,  -13.80649675,    9.70011016,     25.07428933], [ -101.86574376,   21.24676907,   88.98446572,  -20.73995984,     -7.09472517,   55.53517273,   40.64220821,   -5.9623431 ,     42.61132471,  113.50785612,   40.83440933,  -16.8011725 ,     17.33527616], [  -75.33420572,  -10.41128813,   40.89580043,    5.54023721,     -3.14046347,   21.36265729,   44.69584981,   20.52958321,    -13.80649675,   40.83440933,   96.51443629,   26.72295398,    -21.57721302], [  -63.49378401,    0.67082882,   39.16113016,    5.61620223,     15.88616381,   12.28301683,   15.15227489,   26.06757918,      9.70011016,  -16.8011725 ,   26.72295398,   85.52544987,     24.42712161], [  -82.63501275,   37.31671435,   82.58441469,  -27.40137033,      2.26417953,   33.92578695,    3.66031032,   -6.59256761,     25.07428933,   17.33527616,  -21.57721302,   24.42712161,     96.46200362]]
/root/sim/music/401~500/413_Noct.mp3; [-731.6957   , 224.29193  ,  -8.12732  , -32.65013  , -15.230762 ,   -6.770255 ,  -3.0942452,  -5.74696  , -15.402072 ,  -2.2898707,   -8.909424 ,  -6.9262886, -10.720537 ]; [[ 4561.62226433,-1758.99799466, 1378.53943314,  599.20119249,    319.98169627,  250.12043381,  183.8547194 ,  336.33520144,    383.92952694,  356.66262198,  122.30990807,   45.983592  ,    110.30500452], [-1758.99799466, 2259.65243531, -682.44750911,  193.04847653,     51.9746615 ,  -17.50146368,  158.01561237,   24.67761734,    -15.57756698, -130.62675704,  -79.03015164,  -75.18615507,    -37.02999146], [ 1378.53943314, -682.44750911, 1194.74143789,  -91.30659434,     90.6016393 ,  152.91000633,   55.56687237,  211.87277281,     68.06035619,   23.73809037,   12.6488671 ,   35.78178704,    -30.12390062], [  599.20119249,  193.04847653,  -91.30659434,  636.50970036,    189.73893801,  142.71941051,  216.64990659,  136.09640294,    254.34800951,  216.51040494,  177.74352226,   80.58639424,     93.06041984], [  319.98169627,   51.9746615 ,   90.6016393 ,  189.73893801,    304.7197291 ,  133.55002338,  113.6672659 ,  137.6726165 ,    130.35380351,  151.21620562,  118.62286027,   94.74961934,     83.19551768], [  250.12043381,  -17.50146368,  152.91000633,  142.71941051,    133.55002338,  174.8280246 ,  118.61188748,   96.1378993 ,    112.46494779,  103.45426699,   92.82081913,   54.26054621,     54.43105227], [  183.8547194 ,  158.01561237,   55.56687237,  216.64990659,    113.6672659 ,  118.61188748,  171.13073603,  123.39942597,    122.78349074,  108.58824635,   90.08396096,   51.58467306,     47.73545037], [  336.33520144,   24.67761734,  211.87277281,  136.09640294,    137.6726165 ,   96.1378993 ,  123.39942597,  193.4773367 ,    159.06973383,  119.85536203,  101.42039879,   73.12546951,     36.35598827], [  383.92952694,  -15.57756698,   68.06035619,  254.34800951,    130.35380351,  112.46494779,  122.78349074,  159.06973383,    241.96504874,  200.99571244,  156.12987405,   89.28917456,     64.48480639], [  356.66262198, -130.62675704,   23.73809037,  216.51040494,    151.21620562,  103.45426699,  108.58824635,  119.85536203,    200.99571244,  257.31891863,  194.86291259,  108.19987886,     89.80736026], [  122.30990807,  -79.03015164,   12.6488671 ,  177.74352226,    118.62286027,   92.82081913,   90.08396096,  101.42039879,    156.12987405,  194.86291259,  221.21328905,  143.20864051,     79.07500313], [   45.983592  ,  -75.18615507,   35.78178704,   80.58639424,     94.74961934,   54.26054621,   51.58467306,   73.12546951,     89.28917456,  108.19987886,  143.20864051,  143.683573  ,     70.69465904], [  110.30500452,  -37.02999146,  -30.12390062,   93.06041984,     83.19551768,   54.43105227,   47.73545037,   36.35598827,     64.48480639,   89.80736026,   79.07500313,   70.69465904,     90.834193  ]]
/root/sim/music/401~500/445_Left_Behind_Bottles.mp3; [-628.5704    , 125.28151   ,   8.748232  ,  20.678003  ,  -8.728432  ,   -6.8236723 , -14.881707  ,  -9.440599  , -11.161789  ,  -5.8537025 ,   -5.7005906 ,  -2.0708165 ,   0.48321083]; [[10135.74335112,-1456.55801982, 1666.41214679, 1431.0813408 ,    786.41855723, 1075.42664142, 1024.38909041, 1062.83105688,    712.55427984,  651.73803556,  464.04761625,  355.95505506,    172.84504371], [-1456.55801982, 2117.11446634, -115.36811806,  260.67766836,    335.78426532,  152.16010174,  188.47128512,  113.55927493,    119.71229589,   99.23724041,  117.3815138 ,   95.52199993,     79.38819779], [ 1666.41214679, -115.36811806, 1133.70851674,  621.51406981,    396.53976295,  445.86560088,  419.58368568,  382.76663714,    309.69816193,  301.49541378,  219.93252694,  160.55758664,    103.15721546], [ 1431.0813408 ,  260.67766836,  621.51406981,  778.23850153,    438.71333565,  432.18739375,  428.86425301,  419.65041124,    313.63510505,  293.76620954,  234.35645933,  179.41860402,     98.53111386], [  786.41855723,  335.78426532,  396.53976295,  438.71333565,    438.29068373,  335.05196699,  349.78068652,  304.99930428,    237.52377284,  188.9725593 ,  166.79765773,  132.64523858,     75.39067139], [ 1075.42664142,  152.16010174,  445.86560088,  432.18739375,    335.05196699,  384.07481174,  349.18441742,  319.59941666,    241.480239  ,  214.13579507,  168.56913242,  131.95905089,     76.74178231], [ 1024.38909041,  188.47128512,  419.58368568,  428.86425301,    349.78068652,  349.18441742,  397.19875593,  342.41603728,    255.90835015,  213.3533639 ,  175.36054989,  133.82437222,     79.02567999], [ 1062.83105688,  113.55927493,  382.76663714,  419.65041124,    304.99930428,  319.59941666,  342.41603728,  362.76006348,    260.36747143,  219.9105593 ,  177.26922562,  134.30839225,     79.5593663 ], [  712.55427984,  119.71229589,  309.69816193,  313.63510505,    237.52377284,  241.480239  ,  255.90835015,  260.36747143,    229.51342878,  188.33179332,  145.40485969,  108.25351073,     68.84918997], [  651.73803556,   99.23724041,  301.49541378,  293.76620954,    188.9725593 ,  214.13579507,  213.3533639 ,  219.9105593 ,    188.33179332,  204.65416976,  149.47475934,  106.6178221 ,     67.11412656], [  464.04761625,  117.3815138 ,  219.93252694,  234.35645933,    166.79765773,  168.56913242,  175.36054989,  177.26922562,    145.40485969,  149.47475934,  145.23371869,  106.3295136 ,     66.95385372], [  355.95505506,   95.52199993,  160.55758664,  179.41860402,    132.64523858,  131.95905089,  133.82437222,  134.30839225,    108.25351073,  106.6178221 ,  106.3295136 ,  107.72475575,     69.87318985], [  172.84504371,   79.38819779,  103.15721546,   98.53111386,     75.39067139,   76.74178231,   79.02567999,   79.5593663 ,     68.84918997,   67.11412656,   66.95385372,   69.87318985,     77.16327246]]
/root/sim/music/401~500/483_Air_Travel.mp3; [-514.24817  ,  91.86788  ,  26.731113 ,  29.062359 ,   9.888818 ,   17.928383 ,   6.941717 ,   9.688452 ,   6.1677732,   6.081615 ,    3.17779  ,   2.8129814,   0.9911639]; [[7437.15206125,-561.45375757, 677.57311326, 244.87593808,  55.92561044,   217.83217039,  65.40385091,  79.50878161,  76.55858532,  -0.14597481,    76.82967574, 144.53339155, 135.07975808], [-561.45375757,1575.47012711,-370.86984781, -60.4574808 ,  25.70939481,   -84.35703365, -43.53787711, -27.72217275, -71.3029647 ,   7.15082315,   -31.78153684,  -6.63374109, -17.21715538], [ 677.57311326,-370.86984781, 376.04777493,  48.94362373,  23.19359222,    11.25989337,  32.39210602,  23.67676603,  12.69599579, -22.31074535,   -14.1103739 ,   0.20038766,  -3.29611641], [ 244.87593808, -60.4574808 ,  48.94362373, 130.52079413,  44.5522275 ,    47.53494663,  12.64586321,  23.39626102,   7.08917978,  -4.95399488,     1.94636668,  -2.86319613, -12.06094866], [  55.92561044,  25.70939481,  23.19359222,  44.5522275 , 103.98452091,    52.13834293,  21.9357769 ,  17.20228699,  15.093194  ,   0.09519393,     0.32494979,   2.83151509,  -8.1894456 ], [ 217.83217039, -84.35703365,  11.25989337,  47.53494663,  52.13834293,   103.46449596,  28.15522764,  19.17925179,  18.88375284,  12.8354828 ,    11.77618642,  12.46238718,   4.74278255], [  65.40385091, -43.53787711,  32.39210602,  12.64586321,  21.9357769 ,    28.15522764,  65.81759976,  35.89945798,  22.89567027,  13.71078975,    15.23747901,  11.12404171,   9.7336385 ], [  79.50878161, -27.72217275,  23.67676603,  23.39626102,  17.20228699,    19.17925179,  35.89945798,  63.66765788,  35.82707135,  17.29260694,    17.06939625,  16.82703703,  10.8058924 ], [  76.55858532, -71.3029647 ,  12.69599579,   7.08917978,  15.093194  ,    18.88375284,  22.89567027,  35.82707135,  67.73333664,  38.13935052,    19.51523824,  22.41459545,  17.18661776], [  -0.14597481,   7.15082315, -22.31074535,  -4.95399488,   0.09519393,    12.8354828 ,  13.71078975,  17.29260694,  38.13935052,  65.97435294,    30.87440516,  16.43061808,  20.8729577 ], [  76.82967574, -31.78153684, -14.1103739 ,   1.94636668,   0.32494979,    11.77618642,  15.23747901,  17.06939625,  19.51523824,  30.87440516,    61.75064007,  28.92703884,  16.9942739 ], [ 144.53339155,  -6.63374109,   0.20038766,  -2.86319613,   2.83151509,    12.46238718,  11.12404171,  16.82703703,  22.41459545,  16.43061808,    28.92703884,  66.9855971 ,  37.20622752], [ 135.07975808, -17.21715538,  -3.29611641, -12.06094866,  -8.1894456 ,     4.74278255,   9.7336385 ,  10.8058924 ,  17.18661776,  20.8729577 ,    16.9942739 ,  37.20622752,  61.21097622]]
/root/sim/music/401~500/486_Dark_Stagnation.mp3; [-567.1633    , 121.93651   , -12.246126  ,  47.56927   ,   6.129508  ,   15.72963   ,   8.475227  ,   2.5508273 ,   6.156222  ,   4.639126  ,   -4.5972614 ,   0.35131937,  -1.3679339 ]; [[ 4604.39962073,-1322.60341886,  299.93494021,  822.94697575,    276.92286941,  -10.78189238,   16.88566715,   96.84638051,    168.94775028,  248.87213   ,  -84.10583034,   -5.76649515,     14.11862929], [-1322.60341886, 1123.91436057, -635.75201   ,  135.15255733,    -89.17616652,   -4.30319746,    3.10869803,  -95.73711465,     19.94451678,  -60.23036828,  -54.19295697,  -10.33894293,     -7.12890652], [  299.93494021, -635.75201   ,  669.01114951, -371.51697847,     80.4490907 ,   11.39661259,   12.06349133,   91.35359059,    -70.43471764,    8.72889397,   81.50096554,   21.79785482,      6.3262852 ], [  822.94697575,  135.15255733, -371.51697847,  700.99288423,     31.50664445,   53.26781333,   38.10256591,   -3.06845343,    136.95745376,   88.47649857,  -46.22252526,   10.27769009,     26.47934207], [  276.92286941,  -89.17616652,   80.4490907 ,   31.50664445,    100.58698709,   21.2177792 ,   27.41956454,   26.83690328,     24.78263827,   28.09870874,   -1.19400795,    6.29520995,      2.37444942], [  -10.78189238,   -4.30319746,   11.39661259,   53.26781333,     21.2177792 ,   71.2751128 ,   23.90999873,   27.02751779,     10.04762849,    8.0325872 ,   13.41836241,    1.36250822,      6.18326741], [   16.88566715,    3.10869803,   12.06349133,   38.10256591,     27.41956454,   23.90999873,   53.67930876,   27.47252197,     16.78686654,   16.8524163 ,    7.46166189,    4.13479074,      6.93586385], [   96.84638051,  -95.73711465,   91.35359059,   -3.06845343,     26.83690328,   27.02751779,   27.47252197,   64.91304732,     14.01690996,   24.28383105,   19.61535618,    5.79435628,      9.88354055], [  168.94775028,   19.94451678,  -70.43471764,  136.95745376,     24.78263827,   10.04762849,   16.78686654,   14.01690996,     80.22846186,   37.73391433,   -4.52530176,   14.27762979,      9.62879329], [  248.87213   ,  -60.23036828,    8.72889397,   88.47649857,     28.09870874,    8.0325872 ,   16.8524163 ,   24.28383105,     37.73391433,   57.32500955,   13.93501937,    9.50285393,      9.90602696], [  -84.10583034,  -54.19295697,   81.50096554,  -46.22252526,     -1.19400795,   13.41836241,    7.46166189,   19.61535618,     -4.52530176,   13.93501937,   51.13727067,   19.80401061,      8.51637949], [   -5.76649515,  -10.33894293,   21.79785482,   10.27769009,      6.29520995,    1.36250822,    4.13479074,    5.79435628,     14.27762979,    9.50285393,   19.80401061,   37.95808086,     18.63835682], [   14.11862929,   -7.12890652,    6.3262852 ,   26.47934207,      2.37444942,    6.18326741,    6.93586385,    9.88354055,      9.62879329,    9.90602696,    8.51637949,   18.63835682,     32.01094786]]
/root/sim/music/401~500/423_夕日の深呼吸.mp3; [-768.74817   , 212.24527   ,  61.739666  ,  13.256756  ,   2.156737  ,    4.657496  ,  -9.222559  ,  -1.7899772 ,  -6.543075  ,  -1.7493593 ,   -3.8528562 ,  -4.516377  ,  -0.16707247]; [[11490.89202058,-5699.54803612, -570.8479586 ,  -77.74135906,   -131.47037271,  123.86901351,  210.90558689,  411.24824399,    142.3467184 ,  185.08906819,  249.79058511,   99.7787259 ,     37.76904564], [-5699.54803612, 7555.34636582,-1631.2781645 , -663.81039969,    244.24980906,  -42.66709778,  140.18829642, -238.9118154 ,    128.64599889,  116.75044729, -101.54078933,   35.85857846,     25.63850021], [ -570.8479586 ,-1631.2781645 , 2318.88847727, -244.17792122,   -172.99957232,  212.18378047, -213.33848423,   24.75820555,    -42.78300274,  -67.44652079,   55.72987202,  -30.70147021,     82.22630126], [  -77.74135906, -663.81039969, -244.17792122,  850.74711477,     55.92374323, -145.9959177 ,   44.70880106,    1.39946308,    -48.39332396,  -35.50902404,  -26.19228519,   44.12717918,    -19.38775979], [ -131.47037271,  244.24980906, -172.99957232,   55.92374323,    256.77055828,   34.23063626,   18.96200629,   -2.19619505,      9.21341841,    7.68956365,    3.85612251,   10.13623207,     27.63203773], [  123.86901351,  -42.66709778,  212.18378047, -145.9959177 ,     34.23063626,  191.59532445,   60.54470163,   30.26053017,     13.44096317,    4.20171936,   19.5562703 ,   13.4981375 ,     24.81970358], [  210.90558689,  140.18829642, -213.33848423,   44.70880106,     18.96200629,   60.54470163,  161.33884506,   62.77949136,     19.34204111,   16.73319899,   15.21464521,   32.2715223 ,      6.17944687], [  411.24824399, -238.9118154 ,   24.75820555,    1.39946308,     -2.19619505,   30.26053017,   62.77949136,  116.24391066,     35.82730722,   16.01697877,   25.78611551,   17.18310025,     10.88637841], [  142.3467184 ,  128.64599889,  -42.78300274,  -48.39332396,      9.21341841,   13.44096317,   19.34204111,   35.82730722,     77.74556403,   50.64942862,   15.66988246,    7.66292656,      6.38489423], [  185.08906819,  116.75044729,  -67.44652079,  -35.50902404,      7.68956365,    4.20171936,   16.73319899,   16.01697877,     50.64942862,   83.42314661,   46.47188848,   10.17166402,      2.76337701], [  249.79058511, -101.54078933,   55.72987202,  -26.19228519,      3.85612251,   19.5562703 ,   15.21464521,   25.78611551,     15.66988246,   46.47188848,   77.01145361,   38.03128965,      4.20261828], [   99.7787259 ,   35.85857846,  -30.70147021,   44.12717918,     10.13623207,   13.4981375 ,   32.2715223 ,   17.18310025,      7.66292656,   10.17166402,   38.03128965,   63.55565101,     18.15567485], [   37.76904564,   25.63850021,   82.22630126,  -19.38775979,     27.63203773,   24.81970358,    6.17944687,   10.88637841,      6.38489423,    2.76337701,    4.20261828,   18.15567485,     48.89114177]]
/root/sim/music/401~500/476_August_Squall.mp3; [-571.4123    , 109.11848   ,   2.7224855 ,  21.277548  ,  -9.156338  ,    5.4804864 ,  -0.21816237,   1.7968043 ,   2.2821155 ,   2.6879644 ,    0.97059625,   2.5167356 ,  -1.740128  ]; [[18250.27418691,-3031.45959712, 1494.64446826, 1255.23342894,    804.3583674 ,  896.89432846, 1101.13025506,  700.05300098,    925.69784051,  574.48040774,  574.79907376,  501.74287597,    372.81843116], [-3031.45959712, 2523.51241987, -770.79612609, -326.85610973,   -246.50911439, -221.49742384, -329.0953244 , -169.85750719,   -282.77327395, -143.03670337, -162.40166184, -153.36370037,   -116.86711007], [ 1494.64446826, -770.79612609,  735.03727051,  113.03420387,    193.17092015,  170.05810158,  305.79412385,  156.66515359,    211.95175715,  113.81285828,  137.03216118,  117.2911832 ,    106.51102565], [ 1255.23342894, -326.85610973,  113.03420387,  391.97436876,     94.6379673 ,  104.90697695,   67.54361618,   82.39410612,     72.54639637,   69.96500997,   36.97586488,   19.59607442,     11.76429233], [  804.3583674 , -246.50911439,  193.17092015,   94.6379673 ,    231.3017774 ,  125.35405715,  176.47921453,   94.26057643,    127.32239986,   84.00606436,   75.36205232,   51.30666879,     61.73667033], [  896.89432846, -221.49742384,  170.05810158,  104.90697695,    125.35405715,  166.07488467,  163.76676428,  101.20845216,    103.90668025,   73.70383117,   59.28499323,   42.74797285,     39.81521365], [ 1101.13025506, -329.0953244 ,  305.79412385,   67.54361618,    176.47921453,  163.76676428,  321.08678859,  179.42232474,    189.70715084,  114.17550692,  124.71916951,   98.8862079 ,     93.14681427], [  700.05300098, -169.85750719,  156.66515359,   82.39410612,     94.26057643,  101.20845216,  179.42232474,  158.78504458,    135.42773513,   85.92635836,   75.17281988,   54.84117173,     48.48983974], [  925.69784051, -282.77327395,  211.95175715,   72.54639637,    127.32239986,  103.90668025,  189.70715084,  135.42773513,    185.38988408,  108.53566432,   97.88456846,   67.49590612,     59.90815828], [  574.48040774, -143.03670337,  113.81285828,   69.96500997,     84.00606436,   73.70383117,  114.17550692,   85.92635836,    108.53566432,  113.45834782,   79.39551151,   49.28523621,     42.21570099], [  574.79907376, -162.40166184,  137.03216118,   36.97586488,     75.36205232,   59.28499323,  124.71916951,   75.17281988,     97.88456846,   79.39551151,  111.60317374,   81.87329244,     56.27108545], [  501.74287597, -153.36370037,  117.2911832 ,   19.59607442,     51.30666879,   42.74797285,   98.8862079 ,   54.84117173,     67.49590612,   49.28523621,   81.87329244,  101.87573269,     65.64901559], [  372.81843116, -116.86711007,  106.51102565,   11.76429233,     61.73667033,   39.81521365,   93.14681427,   48.48983974,     59.90815828,   42.21570099,   56.27108545,   65.64901559,     78.91551339]]
