/root/sim/music/801~900/894_Only_You.mp3; [-664.08453  , 130.88907  ,  -3.0121264,   9.439408 ,  -1.9453487,    3.0491784,   0.4947259,   1.7795514,  -4.3626504,   0.5239817,   -2.7185755,   6.1886287,   2.8002515]; [[14523.95655581,  141.2154752 ,  496.09286713, -375.15986411,    174.93762048,  162.75758488,  201.5328545 ,  213.86989134,     37.20551243,  133.16796819,    8.91009955,  216.99270851,     63.06482588], [  141.2154752 , 1465.75047418, -497.01622133,  148.57537502,   -227.79130249,  -35.09418826,  -69.92105481,  -63.00086526,    -74.18198864,  -27.86948763,   17.5831003 ,   33.70623166,    -11.85791388], [  496.09286713, -497.01622133,  830.14123224,  -55.21841849,    337.71290838,  160.05945765,  210.46862577,  159.77955143,    120.20273947,  130.70570227,   89.37633282,   63.55427427,     27.23851698], [ -375.15986411,  148.57537502,  -55.21841849,  403.50783233,     69.14663927,   94.01651486,   42.58384273,   34.99253944,     79.72593424,   15.06056412,   14.32838492,  -33.02133362,     26.08754176], [  174.93762048, -227.79130249,  337.71290838,   69.14663927,    284.01830952,  121.44731643,  113.42362125,   88.05165803,     83.03108261,   62.75680341,   41.83246053,   21.21304784,     31.5708893 ], [  162.75758488,  -35.09418826,  160.05945765,   94.01651486,    121.44731643,  199.88238952,  139.44749412,   89.1084807 ,     70.51530303,   49.43066298,   52.99914154,   57.98959266,     52.47451308], [  201.5328545 ,  -69.92105481,  210.46862577,   42.58384273,    113.42362125,  139.44749412,  185.49087985,  100.31156907,     57.31932605,   47.94705359,   46.82127185,   56.96469584,     45.98800143], [  213.86989134,  -63.00086526,  159.77955143,   34.99253944,     88.05165803,   89.1084807 ,  100.31156907,  132.95528497,     74.20319286,   48.61431908,   39.77717475,   37.01340158,     38.06951766], [   37.20551243,  -74.18198864,  120.20273947,   79.72593424,     83.03108261,   70.51530303,   57.31932605,   74.20319286,    120.82725354,   63.67921165,   31.27456949,    9.96853442,     21.81383013], [  133.16796819,  -27.86948763,  130.70570227,   15.06056412,     62.75680341,   49.43066298,   47.94705359,   48.61431908,     63.67921165,  102.07493036,   58.63907585,   29.74473949,     13.94572818], [    8.91009955,   17.5831003 ,   89.37633282,   14.32838492,     41.83246053,   52.99914154,   46.82127185,   39.77717475,     31.27456949,   58.63907585,   96.51754078,   61.06165315,     24.08246716], [  216.99270851,   33.70623166,   63.55427427,  -33.02133362,     21.21304784,   57.98959266,   56.96469584,   37.01340158,      9.96853442,   29.74473949,   61.06165315,  118.64382839,     54.56750063], [   63.06482588,  -11.85791388,   27.23851698,   26.08754176,     31.5708893 ,   52.47451308,   45.98800143,   38.06951766,     21.81383013,   13.94572818,   24.08246716,   54.56750063,     92.68980076]]
/root/sim/music/801~900/898_小さなレモンタルト.mp3; [-856.4837   , 150.87288  , -11.225831 , -51.140594 , -31.759768 ,  -19.247206 ,  -2.8693404,   5.93363  ,  -6.8557663,  -4.743771 ,   -0.265916 ,  16.216316 ,   7.1204114]; [[14460.65775455, 1535.46917048, -128.580965  , -751.27351955,   -185.43328334, -882.07807244, -867.76934151, -850.3683402 ,   -374.64641326,   53.16766836, -382.69421766, -461.40202787,   -166.09334319], [ 1535.46917048, 2196.96328835,  221.97950679,   39.75786302,    178.93022424,  -12.10438068, -341.59958936, -349.45561253,     -7.52095994,  -11.06158839, -176.58179615,  -98.47167067,    -41.48856888], [ -128.580965  ,  221.97950679,  704.78818498,  108.7289141 ,    159.39447131,  -47.4787268 ,  -19.49327908,    8.83205009,     -4.98632447,   28.88113765,    5.65683108, -211.96388195,   -134.68411176], [ -751.27351955,   39.75786302,  108.7289141 ,  452.97884261,    150.15580856,  164.98700867,   37.68127472,   43.63760569,    -11.65696292,  -24.59516511,  -18.26239778,  -66.40871974,   -139.81122746], [ -185.43328334,  178.93022424,  159.39447131,  150.15580856,    558.32070987,  161.36931565, -201.56516753,  -48.63604544,    -53.75729639,  -11.07437282,  139.12790481,   16.2102593 ,   -166.4182508 ], [ -882.07807244,  -12.10438068,  -47.4787268 ,  164.98700867,    161.36931565,  936.74341938,  283.25022589,  -53.74706522,    118.680219  , -237.65409042,   39.82954456,  161.64822543,    -48.6246714 ], [ -867.76934151, -341.59958936,  -19.49327908,   37.68127472,   -201.56516753,  283.25022589, 1575.51535731,  543.98724566,    263.45079154,  -51.87887908, -335.56803215, -291.89465751,    -97.95980419], [ -850.3683402 , -349.45561253,    8.83205009,   43.63760569,    -48.63604544,  -53.74706522,  543.98724566,  774.12196252,    131.05115669,   75.96949784, -118.45948059, -184.7773817 ,   -203.68532784], [ -374.64641326,   -7.52095994,   -4.98632447,  -11.65696292,    -53.75729639,  118.680219  ,  263.45079154,  131.05115669,    369.98483199,   39.94086281,  -24.90524297,  -38.04064933,    -43.54255571], [   53.16766836,  -11.06158839,   28.88113765,  -24.59516511,    -11.07437282, -237.65409042,  -51.87887908,   75.96949784,     39.94086281,  566.72423191,   66.71813228, -246.32115916,    -45.31851181], [ -382.69421766, -176.58179615,    5.65683108,  -18.26239778,    139.12790481,   39.82954456, -335.56803215, -118.45948059,    -24.90524297,   66.71813228,  558.0782433 ,  200.80791545,    -67.93136382], [ -461.40202787,  -98.47167067, -211.96388195,  -66.40871974,     16.2102593 ,  161.64822543, -291.89465751, -184.7773817 ,    -38.04064933, -246.32115916,  200.80791545,  740.80263569,    212.01551037], [ -166.09334319,  -41.48856888, -134.68411176, -139.81122746,   -166.4182508 ,  -48.6246714 ,  -97.95980419, -203.68532784,    -43.54255571,  -45.31851181,  -67.93136382,  212.01551037,    630.23329957]]
/root/sim/music/801~900/892_おさかなどろぼう現る.mp3; [-800.61816  , 193.41273  ,  28.03259  ,  47.675415 ,  22.880077 ,   27.683325 ,  16.793394 ,   9.473244 , -15.549214 , -22.189478 ,  -24.83681  , -13.012037 ,  -5.1520357]; [[14632.0409762 , -728.55301551,-1633.63296959, 1073.62390603,   -451.24326297,  427.9639877 ,  259.13401601,  958.73672643,     39.61202598, -356.79220552, -644.10073066,   24.6685632 ,    146.32269343], [ -728.55301551, 2864.45119058,  931.084401  ,  -13.65230448,    206.01753028, -161.40923274,   51.37098804,  -36.43942714,    280.14177185,  271.93671671,   78.29748239, -176.23017265,    -83.72788596], [-1633.63296959,  931.084401  , 1379.58073854,  133.01044404,    214.70693866,  -45.15678824,  112.88426094,   23.71427926,     76.03403087,  178.14882754,  307.31729057,  260.68194399,     53.0481151 ], [ 1073.62390603,  -13.65230448,  133.01044404,  681.0908961 ,    315.1838941 ,  244.07753061,   88.10271392,  166.10183387,     99.10867471,   22.74053833,   44.91208447,  185.06686117,    119.82627138], [ -451.24326297,  206.01753028,  214.70693866,  315.1838941 ,    757.65847318,  471.46176825,  105.52510798,  -80.51795075,     79.32349221,  194.89480105,  197.93605497,   84.10995805,     26.01227834], [  427.9639877 , -161.40923274,  -45.15678824,  244.07753061,    471.46176825,  591.13072901,  166.1389546 , -115.08279605,    -81.37269602,   50.01154443,  151.41895991,  157.26799189,     53.82549933], [  259.13401601,   51.37098804,  112.88426094,   88.10271392,    105.52510798,  166.1389546 ,  300.57180616,  164.23260742,    -31.32963198,  -64.59247987,  -27.555369  ,   82.55198375,    132.42482219], [  958.73672643,  -36.43942714,   23.71427926,  166.10183387,    -80.51795075, -115.08279605,  164.23260742,  547.93699728,    266.21518522,  -52.45434622, -191.09240744,  -78.22297753,     81.94577966], [   39.61202598,  280.14177185,   76.03403087,   99.10867471,     79.32349221,  -81.37269602,  -31.32963198,  266.21518522,    557.80925613,  345.82976009,    5.03406245, -162.27140703,   -106.57224972], [ -356.79220552,  271.93671671,  178.14882754,   22.74053833,    194.89480105,   50.01154443,  -64.59247987,  -52.45434622,    345.82976009,  529.33847414,  278.56661278, -134.35646882,   -244.64079031], [ -644.10073066,   78.29748239,  307.31729057,   44.91208447,    197.93605497,  151.41895991,  -27.555369  , -191.09240744,      5.03406245,  278.56661278,  464.61045656,  211.53107758,   -140.87842985], [   24.6685632 , -176.23017265,  260.68194399,  185.06686117,     84.10995805,  157.26799189,   82.55198375,  -78.22297753,   -162.27140703, -134.35646882,  211.53107758,  657.03019361,    341.44758923], [  146.32269343,  -83.72788596,   53.0481151 ,  119.82627138,     26.01227834,   53.82549933,  132.42482219,   81.94577966,   -106.57224972, -244.64079031, -140.87842985,  341.44758923,    551.13373366]]
/root/sim/music/801~900/869_こぐま座は見つからないけど.mp3; [-999.3856   , 183.99431  ,  -3.095742 , -25.830664 ,  -7.460757 ,   -3.3705235,   2.4304893,   6.9759297,   3.8535185,   7.6820483,   -6.037163 , -11.966313 ,   1.1781212]; [[12158.42327722, 5466.02672706,-2088.58555667,-1410.30998096,   -554.84230504, -801.29058056, -372.76043735,  139.17736472,   -326.92045556,   63.59808661,  -10.31295388,  216.21662582,    313.27263458], [ 5466.02672706, 3399.50954846, -808.11455211, -644.33883144,   -225.01518326, -305.18071212,   -7.27427665,  190.37069779,     26.08193819,   58.10147227,   -9.40612915,  -20.2262678 ,      8.45756662], [-2088.58555667, -808.11455211,  794.88059528,  328.3918842 ,    -14.70925256,  253.66321604,  122.46249213,   87.80083595,    131.52562261,   89.31590343,   44.14617907, -177.17813292,   -172.8209959 ], [-1410.30998096, -644.33883144,  328.3918842 ,  492.08597333,     33.88013797,  121.40150024,   29.02834888,  -90.00142432,    -48.73424431,  130.4093622 ,   71.15397685, -107.78599734,    -49.78827676], [ -554.84230504, -225.01518326,  -14.70925256,   33.88013797,    595.79359814,  273.00785581,   80.63457902, -132.8102752 ,     30.1206063 ,   54.71571862,    4.88890356,   34.1384511 ,     38.04365044], [ -801.29058056, -305.18071212,  253.66321604,  121.40150024,    273.00785581,  538.29406411,  135.74341061,  -20.32937748,    171.99088064,  244.66303591,  122.05270627, -193.77327218,    -93.07524635], [ -372.76043735,   -7.27427665,  122.46249213,   29.02834888,     80.63457902,  135.74341061,  390.07399428,  226.81962498,    232.46510274,  -16.85745909, -114.79303306, -102.21257996,    -45.48117316], [  139.17736472,  190.37069779,   87.80083595,  -90.00142432,   -132.8102752 ,  -20.32937748,  226.81962498,  473.36152538,    209.42078389,  -59.28852983, -193.57216523, -154.21852924,    -88.9958158 ], [ -326.92045556,   26.08193819,  131.52562261,  -48.73424431,     30.1206063 ,  171.99088064,  232.46510274,  209.42078389,    347.59268292,   31.99643558,  -63.74142256, -134.07543687,    -84.63092356], [   63.59808661,   58.10147227,   89.31590343,  130.4093622 ,     54.71571862,  244.66303591,  -16.85745909,  -59.28852983,     31.99643558,  451.17654386,  115.40100266, -182.94885732,    -94.94463145], [  -10.31295388,   -9.40612915,   44.14617907,   71.15397685,      4.88890356,  122.05270627, -114.79303306, -193.57216523,    -63.74142256,  115.40100266,  355.3623813 ,   38.24251269,    -61.74242789], [  216.21662582,  -20.2262678 , -177.17813292, -107.78599734,     34.1384511 , -193.77327218, -102.21257996, -154.21852924,   -134.07543687, -182.94885732,   38.24251269,  340.77060791,    161.01902518], [  313.27263458,    8.45756662, -172.8209959 ,  -49.78827676,     38.04365044,  -93.07524635,  -45.48117316,  -88.9958158 ,    -84.63092356,  -94.94463145,  -61.74242789,  161.01902518,    219.51480801]]
/root/sim/music/801~900/875_STARDUST_LEMON.mp3; [-702.9622   , 182.21342  ,  37.622433 ,   6.3604336,  -2.4572723,   14.374367 ,   2.213359 ,   6.9115634,   5.269174 ,   6.594451 ,    6.0693994,   6.4259124,   4.7927475]; [[18821.27841699,-4791.34905077,  -92.8340947 , 1906.02974592,    416.11737399,  -97.46579215,  322.03604136,  517.18719195,    -82.89017938,  -12.23187066,    0.95218166,   66.12095397,   -158.20061266], [-4791.34905077, 6187.79285149,  622.62547045, -858.60703087,     49.88920318,  365.31697113,    2.43435235,   -8.71355017,    187.10114152,  -61.90235483,  105.1561808 ,   90.35823873,    186.24396776], [  -92.8340947 ,  622.62547045, 1040.75646559,  107.92569877,    -63.49543516,  127.83765196,  142.77478819,  105.47488861,    100.69199971,   78.03571725,    8.867137  ,   62.55477864,     66.2281161 ], [ 1906.02974592, -858.60703087,  107.92569877,  847.21335421,    332.82172977,  144.70705158,  125.08587151,   99.23351506,     -1.44112731,   47.03784234,   30.02019901,   53.95888311,     10.79135372], [  416.11737399,   49.88920318,  -63.49543516,  332.82172977,    490.04936085,  243.09344422,   74.12557935,   34.22528423,     21.68866554,  -29.10320565,    2.56861633,  -30.68436873,      4.04459549], [  -97.46579215,  365.31697113,  127.83765196,  144.70705158,    243.09344422,  298.84355626,   64.02207997,   10.86499932,     82.25003392,  -13.30151098,  -25.61515143,  -27.55804572,     40.0427061 ], [  322.03604136,    2.43435235,  142.77478819,  125.08587151,     74.12557935,   64.02207997,  205.23402713,  101.05382681,     -9.30382683,   14.94461607,   15.66671704,    0.39265566,    -52.74533675], [  517.18719195,   -8.71355017,  105.47488861,   99.23351506,     34.22528423,   10.86499932,  101.05382681,  206.39747295,     34.84029205,  -41.44166528,  -16.73871132,   22.06522633,     49.58411139], [  -82.89017938,  187.10114152,  100.69199971,   -1.44112731,     21.68866554,   82.25003392,   -9.30382683,   34.84029205,    244.04335199,   33.73464401,  -87.68388989,  -52.05772201,     44.57063031], [  -12.23187066,  -61.90235483,   78.03571725,   47.03784234,    -29.10320565,  -13.30151098,   14.94461607,  -41.44166528,     33.73464401,  200.36832425,   95.85863267,  -41.11265758,   -102.21946306], [    0.95218166,  105.1561808 ,    8.867137  ,   30.02019901,      2.56861633,  -25.61515143,   15.66671704,  -16.73871132,    -87.68388989,   95.85863267,  189.96541171,   54.58663976,    -73.84057701], [   66.12095397,   90.35823873,   62.55477864,   53.95888311,    -30.68436873,  -27.55804572,    0.39265566,   22.06522633,    -52.05772201,  -41.11265758,   54.58663976,  209.0529465 ,    108.38557133], [ -158.20061266,  186.24396776,   66.2281161 ,   10.79135372,      4.04459549,   40.0427061 ,  -52.74533675,   49.58411139,     44.57063031, -102.21946306,  -73.84057701,  108.38557133,    310.32805061]]
/root/sim/music/801~900/828_逃げた実験体.mp3; [-770.2473    , 200.2286    ,  43.232903  ,  25.45205   ,   9.75848   ,   14.235062  ,  17.911062  ,  22.04883   ,  14.1102    ,   6.030727  ,    2.8205464 ,  -0.21754713,  -2.6034014 ]; [[4500.32275185,-977.20966705,-853.00165009,  89.51339741, 152.03702941,   269.71011378,-165.59415005,  17.08382937, 145.6740638 ,  48.65231731,  -216.45143355,-148.96340107, 187.41730689], [-977.20966705, 982.22935132, 455.2575923 , -42.40930615,-137.95233349,  -163.57970699, 120.31090326,  71.46098617, -10.09117981,  22.30599213,   114.64401072,  41.9421958 ,-112.02058202], [-853.00165009, 455.2575923 , 625.33198198, 158.26128596, -72.02678534,  -117.67541832,  76.04196406,  -1.51239787, -97.55631427, -49.67570653,    68.76842489,  67.94623961, -29.83955628], [  89.51339741, -42.40930615, 158.26128596, 256.67153498,  80.05928133,     7.598677  , -17.26741847, -29.01751079, -32.13741473, -13.19555189,   -11.50470068,  -3.76211143,   8.06127451], [ 152.03702941,-137.95233349, -72.02678534,  80.05928133, 233.40174866,   141.21750521, -34.01241398, -33.2276319 ,   7.73250881,   4.64208967,     9.46515352,  -7.8278822 ,  12.052956  ], [ 269.71011378,-163.57970699,-117.67541832,   7.598677  , 141.21750521,   221.47510232,  89.63882353,  31.58014616,  47.15685387,  13.37135643,   -27.83046159, -60.14076109,  -8.76756808], [-165.59415005, 120.31090326,  76.04196406, -17.26741847, -34.01241398,    89.63882353, 251.90619489, 161.35493827,  65.40823181,  22.67116311,    -1.26936345, -50.90893646, -73.9675642 ], [  17.08382937,  71.46098617,  -1.51239787, -29.01751079, -33.2276319 ,    31.58014616, 161.35493827, 217.30349553, 138.5475541 ,  54.71584073,     1.71872459, -40.17455021, -53.7460666 ], [ 145.6740638 , -10.09117981, -97.55631427, -32.13741473,   7.73250881,    47.15685387,  65.40823181, 138.5475541 , 196.23981864, 113.27228981,    13.6014413 , -48.25484751, -52.73870955], [  48.65231731,  22.30599213, -49.67570653, -13.19555189,   4.64208967,    13.37135643,  22.67116311,  54.71584073, 113.27228981, 141.74537023,    62.29505652, -14.5417553 , -36.91810922], [-216.45143355, 114.64401072,  68.76842489, -11.50470068,   9.46515352,   -27.83046159,  -1.26936345,   1.71872459,  13.6014413 ,  62.29505652,   135.0173822 ,  92.05946743,   2.31230419], [-148.96340107,  41.9421958 ,  67.94623961,  -3.76211143,  -7.8278822 ,   -60.14076109, -50.90893646, -40.17455021, -48.25484751, -14.5417553 ,    92.05946743, 218.34177036, 139.44463929], [ 187.41730689,-112.02058202, -29.83955628,   8.06127451,  12.052956  ,    -8.76756808, -73.9675642 , -53.7460666 , -52.73870955, -36.91810922,     2.31230419, 139.44463929, 243.53068337]]
/root/sim/music/801~900/887_騒がしい日常の始まり！.mp3; [-632.8647    , 131.13042   ,  28.696312  ,  23.327421  , -13.414335  ,    8.068147  ,  -3.3657248 ,   1.0125282 ,   1.685931  ,   6.2602496 ,    0.20751324,   2.8290238 ,  -0.678944  ]; [[14739.46031919, 2174.08370097,  472.18242413,  359.64522593,   -169.42009389,  665.98104266,  315.36892806,  183.24425723,    445.6962619 ,  457.69722781,  187.28261089,   74.49308256,   -239.97473441], [ 2174.08370097, 1675.92016515,  -66.14383024,  245.16165703,    111.31923017,  278.45766598,  163.71145889,  138.11465008,     75.93087287,  129.23081236,   87.16237011,   -2.19231519,   -109.36586917], [  472.18242413,  -66.14383024,  389.28959998,   12.1268835 ,    -55.98495296,  -30.04975784,  -16.85743298,    9.55586203,     13.07857469,   12.79050547,  -30.80643878,  -32.71347055,     11.75749325], [  359.64522593,  245.16165703,   12.1268835 ,  560.60404886,    103.62431623,  133.29278618,   98.67423103,  112.30423964,    -31.55985659,    4.97147914,   29.49513782,   24.35641254,    -36.54648271], [ -169.42009389,  111.31923017,  -55.98495296,  103.62431623,    269.93411495,  159.02081187,   72.77382515,   55.34214082,     10.5910608 ,   11.48770578,   42.17868789,   46.29402072,     -8.24729716], [  665.98104266,  278.45766598,  -30.04975784,  133.29278618,    159.02081187,  245.76443567,  130.64812326,   54.91308536,     44.70809104,   54.35983448,   49.46501725,   47.10560812,    -26.47535202], [  315.36892806,  163.71145889,  -16.85743298,   98.67423103,     72.77382515,  130.64812326,  140.30382111,   52.90142603,     31.07094772,    5.51163675,   24.45620829,   40.26963592,      2.02391592], [  183.24425723,  138.11465008,    9.55586203,  112.30423964,     55.34214082,   54.91308536,   52.90142603,  126.55231367,     20.41984977,   13.1595264 ,   12.41923838,   25.92689423,     33.78275673], [  445.6962619 ,   75.93087287,   13.07857469,  -31.55985659,     10.5910608 ,   44.70809104,   31.07094772,   20.41984977,    138.84098686,   63.30711559,   -9.23557917,  -21.5287712 ,     -1.73100804], [  457.69722781,  129.23081236,   12.79050547,    4.97147914,     11.48770578,   54.35983448,    5.51163675,   13.1595264 ,     63.30711559,  126.5177145 ,   49.05446216,  -34.8453342 ,    -44.75975504], [  187.28261089,   87.16237011,  -30.80643878,   29.49513782,     42.17868789,   49.46501725,   24.45620829,   12.41923838,     -9.23557917,   49.05446216,  117.63738469,   73.61626215,     -6.43193425], [   74.49308256,   -2.19231519,  -32.71347055,   24.35641254,     46.29402072,   47.10560812,   40.26963592,   25.92689423,    -21.5287712 ,  -34.8453342 ,   73.61626215,  185.41688286,     97.17045206], [ -239.97473441, -109.36586917,   11.75749325,  -36.54648271,     -8.24729716,  -26.47535202,    2.02391592,   33.78275673,     -1.73100804,  -44.75975504,   -6.43193425,   97.17045206,    164.38189353]]
/root/sim/music/801~900/850_Smile_For_It.mp3; [-596.32      , 140.04208   ,  12.46382   ,  25.090952  ,  -0.5795485 ,    6.1057925 ,  -0.17786416,   8.713198  ,   4.979719  ,   4.559455  ,   -2.1300626 ,   0.6764112 ,   0.541247  ]; [[12668.98145711, -273.68361771,  884.86320721,  187.76632543,    308.41227811,  392.62855479,  415.73952609,  458.79051349,    324.3700889 ,  231.01125262,  104.72223739,  184.68894104,    178.85583446], [ -273.68361771, 1722.90845458, -472.78637673,  235.07416851,    -17.78296748,   57.21628891,   13.60314105,   83.20391464,     97.97498629,   62.20623398,   45.93940497,   66.84095767,     47.38171994], [  884.86320721, -472.78637673,  656.08344821,  -24.6344138 ,    149.83776142,  100.40689905,  111.24983095,   68.43193556,     23.72567769,   24.94080032,   18.98406521,    8.21871299,     17.33950426], [  187.76632543,  235.07416851,  -24.6344138 ,  254.09015933,     68.81028369,   52.85439362,   43.70568132,   82.82044563,     78.38157933,   51.81331011,   35.13457736,   37.65906395,     20.55012391], [  308.41227811,  -17.78296748,  149.83776142,   68.81028369,    196.51137042,   87.59086604,   64.65271224,   71.94745551,     78.34970961,   39.56187644,   36.21887538,   32.05146691,     30.11077224], [  392.62855479,   57.21628891,  100.40689905,   52.85439362,     87.59086604,  137.53090197,   95.81416565,   58.16657414,     46.72420771,   49.34467232,   45.48147805,   38.78325644,     33.06306402], [  415.73952609,   13.60314105,  111.24983095,   43.70568132,     64.65271224,   95.81416565,  149.59493176,   91.60927196,     56.22021682,   41.82280468,   41.86555288,   37.65034039,     37.14950523], [  458.79051349,   83.20391464,   68.43193556,   82.82044563,     71.94745551,   58.16657414,   91.60927196,  169.43737105,    120.97941287,   52.25758663,   23.87573391,   46.24263525,     30.20305104], [  324.3700889 ,   97.97498629,   23.72567769,   78.38157933,     78.34970961,   46.72420771,   56.22021682,  120.97941287,    172.5887114 ,   84.17014709,   27.35757581,   36.586782  ,     14.40865214], [  231.01125262,   62.20623398,   24.94080032,   51.81331011,     39.56187644,   49.34467232,   41.82280468,   52.25758663,     84.17014709,  113.07401855,   54.47374564,   16.62610752,     22.1344589 ], [  104.72223739,   45.93940497,   18.98406521,   35.13457736,     36.21887538,   45.48147805,   41.86555288,   23.87573391,     27.35757581,   54.47374564,   92.90797388,   46.4198094 ,     17.60117782], [  184.68894104,   66.84095767,    8.21871299,   37.65906395,     32.05146691,   38.78325644,   37.65034039,   46.24263525,     36.586782  ,   16.62610752,   46.4198094 ,   95.43196862,     35.48251988], [  178.85583446,   47.38171994,   17.33950426,   20.55012391,     30.11077224,   33.06306402,   37.14950523,   30.20305104,     14.40865214,   22.1344589 ,   17.60117782,   35.48251988,     88.24405871]]
/root/sim/music/801~900/889_Behind_the_Stars.mp3; [-765.10266  , 199.38367  , -30.85508  , -15.535567 ,  -6.752521 ,   -7.1663895,  -8.65608  ,  -7.045501 ,  -7.6079316,  -9.142935 ,  -10.891991 ,  -8.18334  ,  -6.5759525]; [[ 8513.16375151,-2110.40479196, 1355.96615045,  664.42591574,    525.74924122,  473.75263334,  423.58838768,  677.29530518,    567.84114671,  519.15021861,  379.52918398,  341.64173019,    199.41350954], [-2110.40479196, 3145.75790207,-1136.07947762,  271.15654875,    123.81581844,    2.60132434,  157.75396779,   41.51570145,     57.76879145,   56.73969859,   56.2941384 ,   64.16989286,     36.62373051], [ 1355.96615045,-1136.07947762, 1684.44944143,  396.58421761,    616.92130818,  628.73960346,  390.05978956,  476.19077703,    372.98484852,  365.28142075,  247.00417826,  251.18521115,    267.82153803], [  664.42591574,  271.15654875,  396.58421761,  567.08934248,    356.93028562,  322.90418336,  276.44528319,  249.415278  ,    221.21810147,  222.17372232,  149.08240885,  163.92191115,    119.04795128], [  525.74924122,  123.81581844,  616.92130818,  356.93028562,    514.59616473,  381.93877686,  285.8051332 ,  313.34924896,    242.66913296,  251.38590931,  170.63362056,  191.74277834,    180.63799782], [  473.75263334,    2.60132434,  628.73960346,  322.90418336,    381.93877686,  441.51145497,  289.39464905,  296.67223588,    240.23124287,  225.16343973,  155.98872863,  170.24536936,    161.89953877], [  423.58838768,  157.75396779,  390.05978956,  276.44528319,    285.8051332 ,  289.39464905,  277.31395447,  247.89900903,    189.55907993,  176.02366847,  121.50918942,  136.29888549,    122.15064281], [  677.29530518,   41.51570145,  476.19077703,  249.415278  ,    313.34924896,  296.67223588,  247.89900903,  330.56094601,    241.59294344,  206.50715431,  149.9886748 ,  150.53552891,    134.19845409], [  567.84114671,   57.76879145,  372.98484852,  221.21810147,    242.66913296,  240.23124287,  189.55907993,  241.59294344,    246.37740792,  197.09986896,  132.2087486 ,  127.91875093,    103.53149993], [  519.15021861,   56.73969859,  365.28142075,  222.17372232,    251.38590931,  225.16343973,  176.02366847,  206.50715431,    197.09986896,  229.07745803,  144.64049598,  131.38450079,    104.11879038], [  379.52918398,   56.2941384 ,  247.00417826,  149.08240885,    170.63362056,  155.98872863,  121.50918942,  149.9886748 ,    132.2087486 ,  144.64049598,  147.86115331,  112.61168123,     77.47361589], [  341.64173019,   64.16989286,  251.18521115,  163.92191115,    191.74277834,  170.24536936,  136.29888549,  150.53552891,    127.91875093,  131.38450079,  112.61168123,  169.47068107,    119.36522   ], [  199.41350954,   36.62373051,  267.82153803,  119.04795128,    180.63799782,  161.89953877,  122.15064281,  134.19845409,    103.53149993,  104.11879038,   77.47361589,  119.36522   ,    149.69453876]]
/root/sim/music/801~900/890_旭のもののふ.mp3; [-662.98016  , 161.16812  , -42.230858 ,   2.7595737, -23.280628 ,   -8.731143 , -13.645164 , -10.112505 ,  -9.827413 ,  -4.110511 ,   -8.601931 ,  -3.2728784,  -1.762435 ]; [[14541.50160276, -274.90944114, -240.92743119,  737.71131007,   -151.57420173,  225.95121345,  119.85091572,  364.17676149,    310.91306627,  310.06080438,  139.87074844,  190.77084562,     13.09035779], [ -274.90944114, 1406.60662727, -173.11635171, -103.92168212,     26.15573859, -110.09605234,  -69.19707305,  -57.20025038,    -63.37819751,  -52.46711744,  -40.12323016,   13.61234105,     66.35982109], [ -240.92743119, -173.11635171,  325.03328488,   64.42510522,     58.68063343,   49.87605914,   38.68573624,   32.70961214,     39.48279605,   21.69364618,   24.53470266,    5.92626986,     -6.50166357], [  737.71131007, -103.92168212,   64.42510522,  280.27412509,     69.88901416,   49.24923251,   28.9759831 ,   59.70307283,     44.42070284,   39.43550089,   14.7986358 ,   18.40521408,      3.56872003], [ -151.57420173,   26.15573859,   58.68063343,   69.88901416,    177.75724652,   52.36578952,   41.14034614,   43.43500167,     30.56273854,   47.24738167,   25.46894758,   22.93052526,     22.42661909], [  225.95121345, -110.09605234,   49.87605914,   49.24923251,     52.36578952,  156.42581573,   77.47978894,   44.57271936,     21.67616256,   22.38467214,   24.44675955,   16.0828941 ,      6.62362205], [  119.85091572,  -69.19707305,   38.68573624,   28.9759831 ,     41.14034614,   77.47978894,  123.50968973,   68.55096615,     25.21328318,   21.04468509,   16.26509611,   15.56253484,      3.68352903], [  364.17676149,  -57.20025038,   32.70961214,   59.70307283,     43.43500167,   44.57271936,   68.55096615,  129.16323813,     63.65233048,   27.78970985,   20.54033948,   22.14589224,      6.1824973 ], [  310.91306627,  -63.37819751,   39.48279605,   44.42070284,     30.56273854,   21.67616256,   25.21328318,   63.65233048,    114.55105386,   74.06219497,   27.78122092,    8.13834557,     -8.60451643], [  310.06080438,  -52.46711744,   21.69364618,   39.43550089,     47.24738167,   22.38467214,   21.04468509,   27.78970985,     74.06219497,  130.75463442,   54.1805942 ,   12.43607199,      0.17892143], [  139.87074844,  -40.12323016,   24.53470266,   14.7986358 ,     25.46894758,   24.44675955,   16.26509611,   20.54033948,     27.78122092,   54.1805942 ,   93.59073457,   46.69121126,      6.36356112], [  190.77084562,   13.61234105,    5.92626986,   18.40521408,     22.93052526,   16.0828941 ,   15.56253484,   22.14589224,      8.13834557,   12.43607199,   46.69121126,   95.20730814,     42.09926523], [   13.09035779,   66.35982109,   -6.50166357,    3.56872003,     22.42661909,    6.62362205,    3.68352903,    6.1824973 ,     -8.60451643,    0.17892143,    6.36356112,   42.09926523,    103.70775476]]
/root/sim/music/801~900/806_EMERGENCY.mp3; [-652.72156  , 150.10379  ,  -2.0560641,  28.464315 ,   7.779686 ,    2.2852008,  -3.2226875,   1.9242432,   5.797569 ,   2.8652077,   -3.5512712,  -2.2137682,  -1.8895133]; [[17253.34293725, -309.9680362 , -127.84165753,  588.28553416,    234.97809001,  122.23619281,  121.95307476,  134.21036514,    177.1425186 ,  176.07940054,  296.62506389,  236.44918544,    -35.10282598], [ -309.9680362 , 2106.59537959, -314.87023396,  -83.85560451,    -93.28373673,   -5.13629685, -110.52022274,    8.6244287 ,    -12.55786141,  -45.89934971, -198.98256448, -142.91268932,    -10.97505671], [ -127.84165753, -314.87023396,  510.87158496,  270.90898671,    107.70739717,  124.49228041,   89.85258027,   68.39050728,      7.96294833,   29.0702751 ,   66.51225135,   53.01298503,     53.25540919], [  588.28553416,  -83.85560451,  270.90898671,  439.29412962,    126.93053325,  122.27178641,   89.04459491,   90.55954615,     49.32237107,   23.9972445 ,   73.39035361,   81.76369851,     68.42854952], [  234.97809001,  -93.28373673,  107.70739717,  126.93053325,    118.87433838,   52.77322799,   35.17525276,   22.12493473,     20.21625626,    8.90174987,   29.02784734,   25.70373671,     15.40657416], [  122.23619281,   -5.13629685,  124.49228041,  122.27178641,     52.77322799,  124.22088057,   63.35086366,   52.36832821,     14.20415953,   15.93918331,   21.58242844,   25.1423999 ,     29.38581514], [  121.95307476, -110.52022274,   89.85258027,   89.04459491,     35.17525276,   63.35086366,   95.83856691,   52.20827556,     24.18505644,    9.63091201,   27.46672584,   28.06159566,     23.71166014], [  134.21036514,    8.6244287 ,   68.39050728,   90.55954615,     22.12493473,   52.36832821,   52.20827556,   88.78069881,     35.23461809,   10.61074764,    6.52451769,   13.26075623,     32.46414455], [  177.1425186 ,  -12.55786141,    7.96294833,   49.32237107,     20.21625626,   14.20415953,   24.18505644,   35.23461809,     64.33663465,   23.34639376,    2.67544386,    1.88133249,     11.44194811], [  176.07940054,  -45.89934971,   29.0702751 ,   23.9972445 ,      8.90174987,   15.93918331,    9.63091201,   10.61074764,     23.34639376,   53.58050925,   28.64179483,    4.51254186,      1.48290028], [  296.62506389, -198.98256448,   66.51225135,   73.39035361,     29.02784734,   21.58242844,   27.46672584,    6.52451769,      2.67544386,   28.64179483,   89.47079914,   57.70599082,      1.11668404], [  236.44918544, -142.91268932,   53.01298503,   81.76369851,     25.70373671,   25.1423999 ,   28.06159566,   13.26075623,      1.88133249,    4.51254186,   57.70599082,   81.3219699 ,     25.38457793], [  -35.10282598,  -10.97505671,   53.25540919,   68.42854952,     15.40657416,   29.38581514,   23.71166014,   32.46414455,     11.44194811,    1.48290028,    1.11668404,   25.38457793,     80.00358168]]
/root/sim/music/801~900/816_Synthetic_Vox.mp3; [-827.5268   , 123.75689  , -39.804375 , -31.136744 , -37.272938 ,   -0.7468559,   7.33669  ,  -4.410921 , -12.986657 ,  -3.1332834,   -9.109574 ,  -4.948315 ,  -5.1591387]; [[16816.42209806, -790.16501437, -418.25179223, 1533.66869406,    580.47160609,  459.53146648,  -57.78459365,  119.97356099,   -254.64060403, -178.02719181,   56.68652456,   32.83777235,    221.73995571], [ -790.16501437, 2163.01584724,  498.37317352, -502.46396743,   -343.6893358 ,  -61.34395802,  253.35056233,  -96.62031713,     11.58112981,   66.14394576, -295.62476509, -232.61753643,   -153.21275486], [ -418.25179223,  498.37317352,  601.07514947,  209.43754999,     67.83752977,   43.39481228,   16.08085051,    8.67738675,     25.28581827,  -47.11201764,  -55.19161471,  -49.13218285,    -47.28687324], [ 1533.66869406, -502.46396743,  209.43754999,  667.82727724,    322.45136813,  133.15464369,  -76.71166767,   90.37384486,     27.45096594,  -68.87877575,   66.84428835,   65.56837962,     53.17433876], [  580.47160609, -343.6893358 ,   67.83752977,  322.45136813,    302.5292244 ,  118.4342652 ,  -57.84686123,   85.85850414,     49.68346369,  -64.86807322,   34.88307277,   21.32008808,     59.90168926], [  459.53146648,  -61.34395802,   43.39481228,  133.15464369,    118.4342652 ,  139.81069283,    5.4113378 ,   46.11633163,     28.75037217,   -5.70018488,   27.43793738,    7.47234651,     36.69547751], [  -57.78459365,  253.35056233,   16.08085051,  -76.71166767,    -57.84686123,    5.4113378 ,  124.06420663,    0.01401889,    -11.30281028,   19.88437388,  -44.30977824,  -32.52169131,    -13.66692388], [  119.97356099,  -96.62031713,    8.67738675,   90.37384486,     85.85850414,   46.11633163,    0.01401889,  127.70169901,     60.65157322,  -13.47853977,   38.54752212,   32.59889256,     29.50258581], [ -254.64060403,   11.58112981,   25.28581827,   27.45096594,     49.68346369,   28.75037217,  -11.30281028,   60.65157322,    128.28973312,   34.04218573,   15.95944991,   17.36951423,     17.17608119], [ -178.02719181,   66.14394576,  -47.11201764,  -68.87877575,    -64.86807322,   -5.70018488,   19.88437388,  -13.47853977,     34.04218573,  150.59671601,   62.48053522,   38.49694592,    -20.44532778], [   56.68652456, -295.62476509,  -55.19161471,   66.84428835,     34.88307277,   27.43793738,  -44.30977824,   38.54752212,     15.95944991,   62.48053522,  190.66327009,  119.44217458,     15.28182761], [   32.83777235, -232.61753643,  -49.13218285,   65.56837962,     21.32008808,    7.47234651,  -32.52169131,   32.59889256,     17.36951423,   38.49694592,  119.44217458,  175.39665322,     51.18530962], [  221.73995571, -153.21275486,  -47.28687324,   53.17433876,     59.90168926,   36.69547751,  -13.66692388,   29.50258581,     17.17608119,  -20.44532778,   15.28182761,   51.18530962,    146.53581746]]
/root/sim/music/801~900/822_ヒカリの雫.mp3; [-874.2947   , 277.70374  , -19.364967 , -32.084442 ,   3.3282585,   -5.12467  , -13.082825 ,  -6.3929963,   1.6206516,   1.9584386,   -7.924937 , -14.601544 ,  -7.229401 ]; [[ 2116.935414  , -469.45538719,-1145.9945625 ,  440.63402506,     62.93391695, -144.65665278,   22.58752596,   27.3103385 ,    -25.94102992,  -91.81720276,  -84.19828135,  -77.29207454,    -66.23268633], [ -469.45538719,  594.3881956 ,  559.37220767, -164.53881005,    102.27502136,  212.28507186,  133.35158759,  143.40555012,    121.48953618,   49.58865071,   26.78307649,   87.56177899,     84.43484381], [-1145.9945625 ,  559.37220767, 1365.78973765, -258.01233866,    -84.61231037,  426.82090775,  234.38306791,  188.84853421,    206.51078928,  138.45294996,   93.73397965,  136.97624243,    115.0450483 ], [  440.63402506, -164.53881005, -258.01233866,  332.91680609,     90.35576654,  -18.11930866,   47.10514919,  -12.87950885,    -10.28466689,   46.70470488,   71.92471425,   -1.31244684,    -38.09130685], [   62.93391695,  102.27502136,  -84.61231037,   90.35576654,    219.29685696,   24.79817976,  -26.20680881,   12.53313068,     18.97476289,    1.1455969 ,  -26.68827242,  -15.68266111,    -12.02813918], [ -144.65665278,  212.28507186,  426.82090775,  -18.11930866,     24.79817976,  277.45306491,  153.80719814,   68.42472605,    100.82263822,   46.01277334,    8.7665406 ,   52.8433212 ,     54.88571191], [   22.58752596,  133.35158759,  234.38306791,   47.10514919,    -26.20680881,  153.80719814,  197.65771116,   86.95446201,     36.72880155,   65.99881898,   66.69028836,   44.33548161,     35.09293384], [   27.3103385 ,  143.40555012,  188.84853421,  -12.87950885,     12.53313068,   68.42472605,   86.95446201,  146.09330905,     87.51159487,   -0.89358253,  -12.87403665,   18.55024655,     20.76680207], [  -25.94102992,  121.48953618,  206.51078928,  -10.28466689,     18.97476289,  100.82263822,   36.72880155,   87.51159487,    134.02975928,   13.68282031,  -42.95823478,    4.63781776,      6.25292759], [  -91.81720276,   49.58865071,  138.45294996,   46.70470488,      1.1455969 ,   46.01277334,   65.99881898,   -0.89358253,     13.68282031,  119.3282294 ,  101.37582838,   -1.3373745 ,    -23.14059014], [  -84.19828135,   26.78307649,   93.73397965,   71.92471425,    -26.68827242,    8.7665406 ,   66.69028836,  -12.87403665,    -42.95823478,  101.37582838,  192.09791072,   76.58104383,    -14.95110692], [  -77.29207454,   87.56177899,  136.97624243,   -1.31244684,    -15.68266111,   52.8433212 ,   44.33548161,   18.55024655,      4.63781776,   -1.3373745 ,   76.58104383,  135.88033348,     67.26662947], [  -66.23268633,   84.43484381,  115.0450483 ,  -38.09130685,    -12.02813918,   54.88571191,   35.09293384,   20.76680207,      6.25292759,  -23.14059014,  -14.95110692,   67.26662947,    118.72706171]]
