/root/sim/music/301~400/314_アイドル.mp3; [-567.5255   ,  96.85468  ,  13.121483 ,  13.884377 ,  -3.6440845,    1.0792269,  -1.9668883,   5.11872  ,   3.5553432,   6.432667 ,    5.0446534,   6.7577252,   4.209952 ]; [[6946.14070514, 353.881224  , 583.17316629,  -0.04967879, -20.69946913,    92.07734513,  48.96827698,  40.21526394,  18.24508802,  80.01061379,    19.04669441,  53.2036928 , 148.25522882], [ 353.881224  , 711.24419107,-136.0088052 , 101.98855591,   0.51456911,     2.10060943, -34.64228208,  -8.9822371 , -14.39340451, -33.15543361,   -61.68538332, -67.77314099,  14.89556874], [ 583.17316629,-136.0088052 , 246.6223146 ,  -1.03625416,  23.19166771,    33.67155948,  42.55406008,  24.36745633,  10.57331845,  15.87905304,    34.35772938,  39.9338976 ,  25.8823544 ], [  -0.04967879, 101.98855591,  -1.03625416, 124.91786621,  47.63269708,    17.72449251,   2.51127531,   7.43315978,   6.381516  ,   3.19698607,     4.93764291,  -3.83751496, -17.78772708], [ -20.69946913,   0.51456911,  23.19166771,  47.63269708, 109.97176249,    67.75756893,  29.63555331,  15.13806497,   3.13118503,  -0.35372319,     1.65603945,  -2.71162753, -13.43297693], [  92.07734513,   2.10060943,  33.67155948,  17.72449251,  67.75756893,   119.94673297,  69.58647207,  22.60501242,  -4.18303868, -10.82355686,    -6.86364042,   6.02745916,   5.95530809], [  48.96827698, -34.64228208,  42.55406008,   2.51127531,  29.63555331,    69.58647207, 114.20279658,  62.18616842,   7.54719528, -17.7762888 ,   -14.68069152,   4.40718421,   6.51244818], [  40.21526394,  -8.9822371 ,  24.36745633,   7.43315978,  15.13806497,    22.60501242,  62.18616842, 100.42371802,  39.32076927,  -5.12145088,   -14.56673678,  -3.62194429,  -7.92896082], [  18.24508802, -14.39340451,  10.57331845,   6.381516  ,   3.13118503,    -4.18303868,   7.54719528,  39.32076927,  75.98726493,  37.23466633,    -1.96885044, -14.28390035, -10.13880216], [  80.01061379, -33.15543361,  15.87905304,   3.19698607,  -0.35372319,   -10.82355686, -17.7762888 ,  -5.12145088,  37.23466633,  86.99031817,    45.8813001 ,   0.20248852, -18.02278638], [  19.04669441, -61.68538332,  34.35772938,   4.93764291,   1.65603945,    -6.86364042, -14.68069152, -14.56673678,  -1.96885044,  45.8813001 ,   106.91747953,  67.54890572,  -5.51530131], [  53.2036928 , -67.77314099,  39.9338976 ,  -3.83751496,  -2.71162753,     6.02745916,   4.40718421,  -3.62194429, -14.28390035,   0.20248852,    67.54890572, 122.22195931,  56.03394083], [ 148.25522882,  14.89556874,  25.8823544 , -17.78772708, -13.43297693,     5.95530809,   6.51244818,  -7.92896082, -10.13880216, -18.02278638,    -5.51530131,  56.03394083, 125.88644548]]
/root/sim/music/301~400/329_緑の楽園.mp3; [-728.7118    , 212.65799   ,  27.186537  ,  21.73639   ,   9.752241  ,    2.361324  ,  -0.07887334,  13.558409  ,   9.808241  ,  -0.6041791 ,   -7.2083955 ,  -6.1752796 ,  -4.333498  ]; [[ 8314.83323188,   51.52756977,-1169.67192518, -398.73176918,   -227.08441922,   68.24230221,   38.54845123,  382.73399985,    299.08271226,  205.36565548,  -46.81103271,  -50.78176256,   -148.43215808], [   51.52756977, 1127.9212466 ,   74.79066305,  -30.25881081,      9.96277576,  -54.1690452 ,  -18.5408083 ,  -21.11780874,     42.30883276,  -28.22459293,  -14.9835474 ,   -8.75162191,     16.39419366], [-1169.67192518,   74.79066305,  489.83425388,  117.31652193,     20.23534768,  -35.95059645,    0.15409822,  -60.73427096,    -56.02251017,  -87.64958288,    0.18773609,    3.27904625,     35.97361752], [ -398.73176918,  -30.25881081,  117.31652193,  185.47843981,     10.94728669,   34.11318811,   -2.58050485,  -49.55647348,    -57.95597147,  -18.65975677,  -16.01617483,   10.2351774 ,     49.82205857], [ -227.08441922,    9.96277576,   20.23534768,   10.94728669,    183.46191159,   30.08539239,  -32.95026046,  -67.63054245,    -66.94009535,   -5.99726049,   46.67579087,   26.36304783,    -15.0806582 ], [   68.24230221,  -54.1690452 ,  -35.95059645,   34.11318811,     30.08539239,  131.10159305,   48.14608043,   -3.9003725 ,    -53.80516751,  -21.76665747,   -0.49238662,   20.92742758,     37.74916182], [   38.54845123,  -18.5408083 ,    0.15409822,   -2.58050485,    -32.95026046,   48.14608043,  121.87027933,   69.50750012,      4.2196724 ,  -36.27152895,  -30.19640074,   -8.14672174,     24.93996812], [  382.73399985,  -21.11780874,  -60.73427096,  -49.55647348,    -67.63054245,   -3.9003725 ,   69.50750012,  163.44996345,    119.9369812 ,   14.46029424,  -52.47414134,  -35.47088215,    -28.37453569], [  299.08271226,   42.30883276,  -56.02251017,  -57.95597147,    -66.94009535,  -53.80516751,    4.2196724 ,  119.9369812 ,    230.37443634,   88.1312287 ,  -33.23397074,  -39.29481865,    -68.74470421], [  205.36565548,  -28.22459293,  -87.64958288,  -18.65975677,     -5.99726049,  -21.76665747,  -36.27152895,   14.46029424,     88.1312287 ,  122.69320322,   31.24231693,    1.55134007,    -43.59633845], [  -46.81103271,  -14.9835474 ,    0.18773609,  -16.01617483,     46.67579087,   -0.49238662,  -30.19640074,  -52.47414134,    -33.23397074,   31.24231693,   89.2606867 ,   33.39626472,     -5.79597514], [  -50.78176256,   -8.75162191,    3.27904625,   10.2351774 ,     26.36304783,   20.92742758,   -8.14672174,  -35.47088215,    -39.29481865,    1.55134007,   33.39626472,   60.88647337,     22.89043227], [ -148.43215808,   16.39419366,   35.97361752,   49.82205857,    -15.0806582 ,   37.74916182,   24.93996812,  -28.37453569,    -68.74470421,  -43.59633845,   -5.79597514,   22.89043227,    104.82101799]]
/root/sim/music/301~400/328_pampas_grass.mp3; [-797.2592    , 237.37454   , -77.55867   ,  -6.399633  ,   4.5026393 ,    0.87745106, -13.355575  , -14.417385  , -17.182436  , -16.55035   ,  -14.843145  ,  -9.250384  ,  -6.4321876 ]; [[1860.39261639,-244.38378947, 164.12625816, 377.50384263,  35.27414692,   267.67926285, 105.20400882, 198.58718564,  92.68550623, 102.53324096,   100.28990225,  83.31701075, 220.88483989], [-244.38378947, 649.28010965,  48.01258085,  34.15206423, 285.22390714,   -91.11950592,  -4.71987537,   4.53766929,  70.36117928,  39.22491184,   100.44580271, -17.76333158,-114.19150317], [ 164.12625816,  48.01258085, 180.12456597,  41.75375533,  94.31588459,    45.77015974,  -0.13092429,   9.7858067 ,   1.57999446,  34.50383106,    35.79580502, -20.64135853,  17.37074645], [ 377.50384263,  34.15206423,  41.75375533, 216.03237898,  61.12494138,    64.07828646,  20.82522322,  43.30575983,  18.22728527,  60.73666026,    78.81664947,  15.89588979,  39.72685969], [  35.27414692, 285.22390714,  94.31588459,  61.12494138, 259.5861886 ,   -22.84773452, -13.34718904,  12.85004108,  51.4924044 ,  55.64870869,   100.88639631, -40.35659487, -49.88283401], [ 267.67926285, -91.11950592,  45.77015974,  64.07828646, -22.84773452,   148.53816766,   1.4563118 ,  19.16343682, -10.50935767,  -2.26401477,    36.61026432,   6.96935161,  70.90375865], [ 105.20400882,  -4.71987537,  -0.13092429,  20.82522322, -13.34718904,     1.4563118 , 111.84479174,  38.91527344, -14.10459459,  -5.77752637,   -53.48502155,  47.00388414,  16.82609881], [ 198.58718564,   4.53766929,   9.7858067 ,  43.30575983,  12.85004108,    19.16343682,  38.91527344,  94.00370079,  52.51759721,   5.50461986,    -4.72997464,  28.28323911,  19.50521153], [  92.68550623,  70.36117928,   1.57999446,  18.22728527,  51.4924044 ,   -10.50935767, -14.10459459,  52.51759721, 112.63535566,  16.15888019,    19.48482858,   6.41805473,  -7.92616971], [ 102.53324096,  39.22491184,  34.50383106,  60.73666026,  55.64870869,    -2.26401477,  -5.77752637,   5.50461986,  16.15888019,  85.60695837,    56.54864785, -24.07137101,  -7.38104983], [ 100.28990225, 100.44580271,  35.79580502,  78.81664947, 100.88639631,    36.61026432, -53.48502155,  -4.72997464,  19.48482858,  56.54864785,   221.61047999, -60.54367064,   3.72559862], [  83.31701075, -17.76333158, -20.64135853,  15.89588979, -40.35659487,     6.96935161,  47.00388414,  28.28323911,   6.41805473, -24.07137101,   -60.54367064, 100.39067824,  20.37504173], [ 220.88483989,-114.19150317,  17.37074645,  39.72685969, -49.88283401,    70.90375865,  16.82609881,  19.50521153,  -7.92616971,  -7.38104983,     3.72559862,  20.37504173, 103.03990122]]
/root/sim/music/301~400/387_大正セピア.mp3; [-688.0386   , 187.37769  , -16.951323 ,  10.278188 ,  -7.8917966,    6.7424574,  -6.0998945,  -4.414073 ,   2.0177743,   1.9818316,   -1.2912892,  -7.71347  ,  -4.5104055]; [[ 4864.08446465,-1593.61561355,  183.87797859, -221.56958346,    338.59692141,  -73.45872093, -147.71754828, -133.31823638,   -142.40038903,    1.97910622, -227.36799583,   31.35579193,    119.93212683], [-1593.61561355, 1296.44069361,  -36.83279982,  117.65301605,     33.69315136,   85.93473502,   68.69466013,    2.70808157,     59.53342529,  -36.80366293,  119.01343195,    0.97040763,    -13.36493921], [  183.87797859,  -36.83279982,  309.55107023,   64.92903858,     80.55523351,   68.22536528,   60.60131758,   15.75452178,     -6.34342835,    8.12021078,   53.11297281,   48.00423013,     18.41398657], [ -221.56958346,  117.65301605,   64.92903858,  214.96688404,     35.479227  ,   57.01163691,  103.44874934,   50.60918434,     12.31380637,   29.31542573,   58.99242958,   30.47617124,      9.8863355 ], [  338.59692141,   33.69315136,   80.55523351,   35.479227  ,    168.81177878,   47.98488686,   15.65938465,  -34.47112696,    -22.22226742,  -13.45015659,   16.94436794,    5.61982437,     13.36332854], [  -73.45872093,   85.93473502,   68.22536528,   57.01163691,     47.98488686,   94.54711822,   51.88406776,   14.14494742,     13.5279616 ,    6.80865716,   27.86757637,   22.84521759,      8.7748597 ], [ -147.71754828,   68.69466013,   60.60131758,  103.44874934,     15.65938465,   51.88406776,  135.83374449,   70.46748346,     22.75234868,   15.79344635,   51.13235996,   20.26966361,      3.77537577], [ -133.31823638,    2.70808157,   15.75452178,   50.60918434,    -34.47112696,   14.14494742,   70.46748346,  131.6250371 ,     65.3690606 ,   29.60743159,    4.98763636,   16.6277658 ,     -2.13530242], [ -142.40038903,   59.53342529,   -6.34342835,   12.31380637,    -22.22226742,   13.5279616 ,   22.75234868,   65.3690606 ,     96.6102131 ,   30.96281835,   -2.70305201,   -1.91990197,      0.10384618], [    1.97910622,  -36.80366293,    8.12021078,   29.31542573,    -13.45015659,    6.80865716,   15.79344635,   29.60743159,     30.96281835,   67.85434056,   24.08217193,   15.15804341,     13.57987484], [ -227.36799583,  119.01343195,   53.11297281,   58.99242958,     16.94436794,   27.86757637,   51.13235996,    4.98763636,     -2.70305201,   24.08217193,  110.25338792,   33.8849157 ,      3.99121634], [   31.35579193,    0.97040763,   48.00423013,   30.47617124,      5.61982437,   22.84521759,   20.26966361,   16.6277658 ,     -1.91990197,   15.15804341,   33.8849157 ,   77.71526022,     32.23254656], [  119.93212683,  -13.36493921,   18.41398657,    9.8863355 ,     13.36332854,    8.7748597 ,    3.77537577,   -2.13530242,      0.10384618,   13.57987484,    3.99121634,   32.23254656,     65.22990575]]
/root/sim/music/301~400/399_伏魔殿.mp3; [-584.0406   , 142.74928  , -22.298136 ,  25.218012 ,   1.0480697,    9.572854 ,  -4.487761 ,   1.9940894,   1.6620771,   2.1393158,   -1.6719928,   3.5040808,  -1.9301553]; [[12934.25597071, -802.46206048,  743.69323268,  396.53875894,    114.44715795,  288.63869687,  295.79912427,  161.96768368,    217.17114531,  143.19395628,  -31.82914065,   72.31890588,     93.16783168], [ -802.46206048, 3077.83302275,-1329.6833793 ,   78.108422  ,   -160.98054065, -131.80010706, -319.0835122 , -147.11312194,   -314.66898249, -143.49197828,   35.38348835,  -13.5633601 ,   -133.01700694], [  743.69323268,-1329.6833793 ,  943.61786089,  -70.12309122,     98.22776526,  112.59694296,  155.64297518,   48.33178386,    190.15488038,  107.57530246,   -7.2908084 ,   16.22611868,     67.36456561], [  396.53875894,   78.108422  ,  -70.12309122,  182.02016818,     11.64768166,   46.68440285,   12.43307253,   11.4851988 ,     27.68240522,   11.41226183,   -4.9227181 ,    6.63187271,     -1.08538059], [  114.44715795, -160.98054065,   98.22776526,   11.64768166,    150.83111434,   12.65180533,   55.31998303,   21.04810359,     16.39138136,   13.94244105,    2.84134009,    0.4475445 ,     14.34494509], [  288.63869687, -131.80010706,  112.59694296,   46.68440285,     12.65180533,  145.8774847 ,   52.47863969,   -9.09606267,     48.60606102,   37.00803601,   -3.20072622,    4.54643776,     13.26380781], [  295.79912427, -319.0835122 ,  155.64297518,   12.43307253,     55.31998303,   52.47863969,  128.83847066,   44.36901715,     48.04161403,   33.15272117,    5.00963468,   12.4697567 ,     25.9406623 ], [  161.96768368, -147.11312194,   48.33178386,   11.4851988 ,     21.04810359,   -9.09606267,   44.36901715,   97.16797988,     38.04310929,    9.64763107,   11.68867224,   11.6800102 ,     18.59894602], [  217.17114531, -314.66898249,  190.15488038,   27.68240522,     16.39138136,   48.60606102,   48.04161403,   38.04310929,    133.38747206,   55.52404051,   -1.74081576,   21.30837698,     30.01193208], [  143.19395628, -143.49197828,  107.57530246,   11.41226183,     13.94244105,   37.00803601,   33.15272117,    9.64763107,     55.52404051,   67.97461793,   15.99330978,   10.25954006,     16.49622832], [  -31.82914065,   35.38348835,   -7.2908084 ,   -4.9227181 ,      2.84134009,   -3.20072622,    5.00963468,   11.68867224,     -1.74081576,   15.99330978,   52.91551782,   23.83245388,      7.63389439], [   72.31890588,  -13.5633601 ,   16.22611868,    6.63187271,      0.4475445 ,    4.54643776,   12.4697567 ,   11.6800102 ,     21.30837698,   10.25954006,   23.83245388,   59.35321891,     22.62037727], [   93.16783168, -133.01700694,   67.36456561,   -1.08538059,     14.34494509,   13.26380781,   25.9406623 ,   18.59894602,     30.01193208,   16.49622832,    7.63389439,   22.62037727,     50.96049668]]
/root/sim/music/301~400/371_彗星に乗って.mp3; [-672.7687   , 179.59862  ,  28.439093 ,  20.368649 ,  13.462363 ,   13.567569 ,   1.3568062,  -8.1961975,  -3.0295415,   5.5710454,   -3.3376577,  -5.945392 ,   9.035362 ]; [[16647.09807529,  240.10840689, -936.71935974, -461.16595198,    108.31682848,  328.01942246,  142.96546298,  183.55632141,    139.20587999,  145.30689817,   -8.61881723, -123.41727152,    -79.49225888], [  240.10840689, 2015.6698732 ,  -56.54360006, -157.77613232,   -228.07032108, -128.49398559,  -25.63114259, -112.136388  ,     17.91036707,  100.65967245,   33.42139836,  -67.13875387,     75.19677703], [ -936.71935974,  -56.54360006,  526.6135529 ,   78.69367414,     86.27576413,  -16.26638054,  -41.08661921,  -38.92838655,     40.1726229 ,   76.55772572,  -16.93503675,   17.35458149,    142.2570865 ], [ -461.16595198, -157.77613232,   78.69367414,  217.35388748,     72.58064457,    9.71158567,   -2.77628195,   19.70120121,      6.72411142,  -21.24656486,   -4.28349736,    8.31657298,     -1.90435706], [  108.31682848, -228.07032108,   86.27576413,   72.58064457,    185.44306579,  123.69701312,   23.37875997,  -38.66560937,     19.01058556,   54.08329108,   11.52086963,   -7.97009666,     23.6625805 ], [  328.01942246, -128.49398559,  -16.26638054,    9.71158567,    123.69701312,  241.61432833,   73.89983245,  -73.45177415,     -2.80282266,   46.10724643,   34.20825795,   31.28423543,     21.51501178], [  142.96546298,  -25.63114259,  -41.08661921,   -2.77628195,     23.37875997,   73.89983245,  106.82536895,   43.76189847,     -3.20722363,  -11.9049623 ,   17.00083203,   25.03223075,     18.95813467], [  183.55632141, -112.136388  ,  -38.92838655,   19.70120121,    -38.66560937,  -73.45177415,   43.76189847,  203.01281292,     34.58343737,  -66.53195124,    4.76101469,   30.32820918,    -22.63696164], [  139.20587999,   17.91036707,   40.1726229 ,    6.72411142,     19.01058556,   -2.80282266,   -3.20722363,   34.58343737,    115.32178477,   50.01303235,  -12.16129595,  -33.53049879,      5.21295786], [  145.30689817,  100.65967245,   76.55772572,  -21.24656486,     54.08329108,   46.10724643,  -11.9049623 ,  -66.53195124,     50.01303235,  118.57072386,   16.36531492,  -36.60658729,     35.88221928], [   -8.61881723,   33.42139836,  -16.93503675,   -4.28349736,     11.52086963,   34.20825795,   17.00083203,    4.76101469,    -12.16129595,   16.36531492,   79.47998775,   58.89745002,     -8.37125526], [ -123.41727152,  -67.13875387,   17.35458149,    8.31657298,     -7.97009666,   31.28423543,   25.03223075,   30.32820918,    -33.53049879,  -36.60658729,   58.89745002,  131.34721937,     21.72212205], [  -79.49225888,   75.19677703,  142.2570865 ,   -1.90435706,     23.6625805 ,   21.51501178,   18.95813467,  -22.63696164,      5.21295786,   35.88221928,   -8.37125526,   21.72212205,    151.92441214]]
/root/sim/music/301~400/324_酒飲んでたおじさん.mp3; [-728.42365   , 141.2676    ,  10.717261  ,  16.044868  , -15.963925  ,    2.3863275 ,  -6.678658  ,  -7.9343886 ,   4.675535  ,   2.9767356 ,   -5.8712635 ,   0.48420665, -12.4609785 ]; [[13438.81624782,-1592.2101819 ,  164.71587786, 1218.04255455,    514.23914992,  398.46907915,  183.14941059, -148.62061352,    193.16524134,  275.2060338 ,  186.49163026,  280.23027677,    -55.17898031], [-1592.2101819 , 2727.05505975,  651.18133711, -166.97141338,    391.38824606,  308.71514026,  161.2796622 ,  111.29814666,   -157.11352505,  -66.6518973 ,   11.6834107 ,  -12.80845246,    189.27880647], [  164.71587786,  651.18133711,  579.27187036,  193.25976168,    199.30312761,  149.1730391 ,   69.01822602,   46.00603165,     -8.56118307,   15.90054792,   49.57390723,    2.00904511,     78.2753721 ], [ 1218.04255455, -166.97141338,  193.25976168,  518.11286651,    193.4987748 ,  158.89298805,   43.72183908,  -72.10156388,     58.78747717,   86.81927001,   72.80826804,   78.87980221,     -7.75829487], [  514.23914992,  391.38824606,  199.30312761,  193.4987748 ,    291.91040083,  216.29713666,   63.83583048,   20.74335219,     21.15316191,   35.34613512,   55.08677114,   48.31685809,     51.99450648], [  398.46907915,  308.71514026,  149.1730391 ,  158.89298805,    216.29713666,  257.19955474,   99.94699714,   26.25203091,     21.51783147,   25.17006299,   40.50579666,   42.24576576,     42.29823925], [  183.14941059,  161.2796622 ,   69.01822602,   43.72183908,     63.83583048,   99.94699714,  179.94018963,  102.47822861,     18.05730453,   12.07057433,    0.66791619,    0.69635452,     17.40182409], [ -148.62061352,  111.29814666,   46.00603165,  -72.10156388,     20.74335219,   26.25203091,  102.47822861,  188.6686033 ,     47.10195939,  -23.00967344,  -28.79449548,  -25.16906808,     24.57987182], [  193.16524134, -157.11352505,   -8.56118307,   58.78747717,     21.15316191,   21.51783147,   18.05730453,   47.10195939,    120.71729917,   43.30184001,   12.31730522,   11.46653989,    -12.20302332], [  275.2060338 ,  -66.6518973 ,   15.90054792,   86.81927001,     35.34613512,   25.17006299,   12.07057433,  -23.00967344,     43.30184001,  105.91670536,   57.75505566,   22.22133766,     -7.73513314], [  186.49163026,   11.6834107 ,   49.57390723,   72.80826804,     55.08677114,   40.50579666,    0.66791619,  -28.79449548,     12.31730522,   57.75505566,   98.44237228,   32.93099451,      5.26966609], [  280.23027677,  -12.80845246,    2.00904511,   78.87980221,     48.31685809,   42.24576576,    0.69635452,  -25.16906808,     11.46653989,   22.22133766,   32.93099451,   87.78500613,     32.37171818], [  -55.17898031,  189.27880647,   78.2753721 ,   -7.75829487,     51.99450648,   42.29823925,   17.40182409,   24.57987182,    -12.20302332,   -7.73513314,    5.26966609,   32.37171818,    102.70697214]]
/root/sim/music/301~400/331_Walking_Towards_Tomorrow.mp3; [-590.7636   , 150.87788  ,  17.074097 ,  23.66207  ,  15.90703  ,   17.906982 ,   5.265954 ,   0.7299567,  -2.093161 ,   7.182957 ,    1.9869788,  -3.3283114,   1.9294057]; [[ 6602.12737493,-1560.70931895,  735.19430187,  -82.32561914,   -106.67697375,   84.57824051,   64.10207377,  113.56271758,     74.99896676,  -22.4506179 ,   61.94551804,   48.25950071,     98.15117587], [-1560.70931895, 2118.33172215, -441.08639625,   26.74447077,    256.22384632,  124.52688872,  122.4800358 ,   19.32223816,     70.37745003,  202.11116043,  103.27753111,   27.08345303,     96.14295821], [  735.19430187, -441.08639625,  354.52088067,  -48.97491649,      6.28348171,   58.95529727,   -7.03284095,   20.86941121,     32.78351898,  -14.66090671,   27.68716024,    2.10028703,     11.12755602], [  -82.32561914,   26.74447077,  -48.97491649,  129.23596216,     16.26135523,   -2.990692  ,   23.27821859,    8.15598257,     -7.8543321 ,   11.78099122,   -2.83243254,   12.67840193,      4.89047814], [ -106.67697375,  256.22384632,    6.28348171,   16.26135523,    164.19729562,  101.52675958,   45.60628764,   20.9637183 ,     40.35183797,   45.17289603,   31.73371811,    3.47760547,     33.92892625], [   84.57824051,  124.52688872,   58.95529727,   -2.990692  ,    101.52675958,  154.49309749,   51.59785996,   29.59611663,     40.43064539,   36.44817876,   33.9391543 ,   16.74726039,     23.57256361], [   64.10207377,  122.4800358 ,   -7.03284095,   23.27821859,     45.60628764,   51.59785996,   95.99451341,   45.08963101,     22.12993293,   33.712155  ,   22.23117499,   12.04880916,     25.56582205], [  113.56271758,   19.32223816,   20.86941121,    8.15598257,     20.9637183 ,   29.59611663,   45.08963101,   67.97884719,     35.29658748,   19.69464256,   10.9477007 ,    9.58348587,     14.40686465], [   74.99896676,   70.37745003,   32.78351898,   -7.8543321 ,     40.35183797,   40.43064539,   22.12993293,   35.29658748,     75.391042  ,   39.0947318 ,   20.73596204,    1.31831201,     12.30354633], [  -22.4506179 ,  202.11116043,  -14.66090671,   11.78099122,     45.17289603,   36.44817876,   33.712155  ,   19.69464256,     39.0947318 ,   93.9839774 ,   42.05291604,   13.34427339,     18.43488592], [   61.94551804,  103.27753111,   27.68716024,   -2.83243254,     31.73371811,   33.9391543 ,   22.23117499,   10.9477007 ,     20.73596204,   42.05291604,   74.47962525,   23.81244401,     15.42923941], [   48.25950071,   27.08345303,    2.10028703,   12.67840193,      3.47760547,   16.74726039,   12.04880916,    9.58348587,      1.31831201,   13.34427339,   23.81244401,   62.1420047 ,     28.96811367], [   98.15117587,   96.14295821,   11.12755602,    4.89047814,     33.92892625,   23.57256361,   25.56582205,   14.40686465,     12.30354633,   18.43488592,   15.42923941,   28.96811367,     65.17133184]]
/root/sim/music/301~400/400_馬車に揺られて.mp3; [-808.27423  , 225.22601  ,  14.55743  ,  35.109913 ,  -5.12218  ,   -1.9177256, -22.529076 , -29.315271 , -20.429058 ,  -1.5687166,  -10.634237 ,   9.239082 ,   9.318578 ]; [[9632.06277294,1525.18029044,-689.54995246, 679.55019468,  -3.67086508,   517.18852452, 201.11665795, 281.0862738 , 172.03605107, 497.90393213,   -57.13713816, 197.89152132, 242.86965649], [1525.18029044,1387.98571971,-119.91058026,  28.21852751,  -8.77651437,    54.72876582,  20.2528787 , -31.6548454 ,  47.81639013, 101.81189506,    75.85794547,  48.80229372, -15.1649953 ], [-689.54995246,-119.91058026, 257.33045985, -59.99613322,  11.60131973,   -59.848604  , -19.64718228, -40.9677492 , -22.64639411, -65.60256288,   -11.76344023, -15.44934446, -53.31153459], [ 679.55019468,  28.21852751, -59.99613322, 163.00569718,  -2.82958632,    56.13835613,  28.5033015 ,  42.3507356 ,  26.42506618,  28.20288658,   -43.46441174,  36.90140831,  41.14777541], [  -3.67086508,  -8.77651437,  11.60131973,  -2.82958632, 123.37029569,    24.43709176, -22.01838767,  10.12084684,  18.26003501,  29.22057252,   -13.11945099, -57.38680138,  21.61651778], [ 517.18852452,  54.72876582, -59.848604  ,  56.13835613,  24.43709176,   110.4720585 ,  26.20139058,  14.88533146,  -1.09664483,  50.86752845,    -8.65312742, -30.72241366,  13.54244882], [ 201.11665795,  20.2528787 , -19.64718228,  28.5033015 , -22.01838767,    26.20139058, 136.7805455 ,  62.33817018,  -2.96149845, -37.22123268,     1.25237682,  39.20728344, -18.67631432], [ 281.0862738 , -31.6548454 , -40.9677492 ,  42.3507356 ,  10.12084684,    14.88533146,  62.33817018, 121.81305056,  45.59959691,   9.03021469,   -14.0256947 ,  25.10621189,  18.51302098], [ 172.03605107,  47.81639013, -22.64639411,  26.42506618,  18.26003501,    -1.09664483,  -2.96149845,  45.59959691, 109.16014589,  51.2143179 ,    -9.12939667,  35.47203741,  13.21067976], [ 497.90393213, 101.81189506, -65.60256288,  28.20288658,  29.22057252,    50.86752845, -37.22123268,   9.03021469,  51.2143179 , 153.55196239,    11.80332327, -36.53486071,  24.83306967], [ -57.13713816,  75.85794547, -11.76344023, -43.46441174, -13.11945099,    -8.65312742,   1.25237682, -14.0256947 ,  -9.12939667,  11.80332327,    82.49801093,   8.5387019 , -17.82765354], [ 197.89152132,  48.80229372, -15.44934446,  36.90140831, -57.38680138,   -30.72241366,  39.20728344,  25.10621189,  35.47203741, -36.53486071,     8.5387019 , 155.55278622,   7.48206398], [ 242.86965649, -15.1649953 , -53.31153459,  41.14777541,  21.61651778,    13.54244882, -18.67631432,  18.51302098,  13.21067976,  24.83306967,   -17.82765354,   7.48206398, 118.21944329]]
/root/sim/music/301~400/377_Piano_Improvisation_(2022825_Take_2).mp3; [-992.1648   , 250.6602   ,  37.450764 , -29.574202 ,   1.5103238,   10.496338 , -10.270768 , -19.323513 , -12.336683 ,  -5.011038 ,   -5.0287175,  -7.557603 ,  -5.0172453]; [[4634.2638878 ,3368.3271653 ,-557.5402954 ,-659.95221196, 216.19549272,    59.85992535,-136.04139488,   6.42298811, -48.87070842, -46.09689305,    89.95946201,  37.59256173, -97.74345531], [3368.3271653 ,2875.61364132,  62.31787157,-520.67111476, 101.26029988,   225.04536781, -10.85126946, -95.09813582, -84.37166813, -41.83396257,    -3.09659271, -41.47035149, -80.69246982], [-557.5402954 ,  62.31787157, 751.60092075, 170.23221687,-132.62930347,   183.42793213, 153.53255921,-117.62707859, -81.06442418, -11.87089161,   -94.20195734, -92.24369938,   7.57479071], [-659.95221196,-520.67111476, 170.23221687, 290.51466032,  -0.49601644,   -73.51558651,  32.0566557 ,  39.43268412,   3.29137122,  14.20023404,    13.25184048,  11.41460348,  44.24889216], [ 216.19549272, 101.26029988,-132.62930347,  -0.49601644, 146.01706444,    42.30555135, -43.2961924 ,   7.22215426,  46.08180162,  35.14016652,    28.68631108,  23.87757456,  13.64661096], [  59.85992535, 225.04536781, 183.42793213, -73.51558651,  42.30555135,   269.33117168, 113.22721403, -84.27574523, -16.31113672,  32.36992   ,   -37.14211821, -52.85939957, -14.00165665], [-136.04139488, -10.85126946, 153.53255921,  32.0566557 , -43.2961924 ,   113.22721403, 204.4679535 ,  83.25986792, -13.18864545,   0.03106785,     2.62876067,  -4.26419063,  24.57430967], [   6.42298811, -95.09813582,-117.62707859,  39.43268412,   7.22215426,   -84.27574523,  83.25986792, 219.02436328,  92.37141984, -15.26592318,    34.67388866,  77.59651796,  52.32437897], [ -48.87070842, -84.37166813, -81.06442418,   3.29137122,  46.08180162,   -16.31113672, -13.18864545,  92.37141984, 128.73267275,  56.32617319,     8.1599561 ,  18.70731031,  21.69002049], [ -46.09689305, -41.83396257, -11.87089161,  14.20023404,  35.14016652,    32.36992   ,   0.03106785, -15.26592318,  56.32617319, 119.22225322,    51.36773534, -30.95634138,  -8.02405273], [  89.95946201,  -3.09659271, -94.20195734,  13.25184048,  28.68631108,   -37.14211821,   2.62876067,  34.67388866,   8.1599561 ,  51.36773534,    99.40394643,  55.80633653,   7.77757777], [  37.59256173, -41.47035149, -92.24369938,  11.41460348,  23.87757456,   -52.85939957,  -4.26419063,  77.59651796,  18.70731031, -30.95634138,    55.80633653, 118.65746807,  57.11196131], [ -97.74345531, -80.69246982,   7.57479071,  44.24889216,  13.64661096,   -14.00165665,  24.57430967,  52.32437897,  21.69002049,  -8.02405273,     7.77757777,  57.11196131,  85.83062088]]
/root/sim/music/301~400/333_Fall_Breeze.mp3; [-820.19885   , 240.28313   , -22.622892  ,  -3.1470697 ,  -4.2436137 ,   -9.252691  ,  -9.426813  ,  -4.493311  ,  -6.129989  ,  -0.49233174,   -0.7358863 ,  -1.3300991 ,   1.1208259 ]; [[20816.41123464, 3382.48625237,-2609.43410101, 3027.47674475,    792.54287571,  262.53787528, -280.24483399, -255.3224281 ,    -88.69112753,  374.63864222,  114.02015546,  119.2681238 ,    218.73926005], [ 3382.48625237, 2466.71223682, -226.24398079,   65.86757025,    265.39290476, -265.58779477, -357.29987044, -311.47013563,   -182.76336974,   86.28546477,  175.22342588,  -11.83239051,   -202.39330175], [-2609.43410101, -226.24398079,  888.74219309, -207.47441712,   -117.74815294,  -20.34638474,  -33.44766497,  -63.21290809,    -16.34771102,  -54.6330732 ,    2.34481765,    0.87878994,    -84.78768021], [ 3027.47674475,   65.86757025, -207.47441712,  822.08142172,    143.30194122,  141.42192371,   30.80345517,  -22.6291949 ,     26.95248266,   69.51624508,  -18.48589791,   23.12705567,     63.52047195], [  792.54287571,  265.39290476, -117.74815294,  143.30194122,    182.22651762,   49.16557874,  -36.20697333,  -60.63408473,    -25.90604005,   30.98121921,   28.03939545,   -3.97938918,    -11.39278552], [  262.53787528, -265.58779477,  -20.34638474,  141.42192371,     49.16557874,  270.99171006,  183.64285641,   71.31949641,     62.35861274,    2.25187722,  -34.37548733,   28.77256201,     70.39415231], [ -280.24483399, -357.29987044,  -33.44766497,   30.80345517,    -36.20697333,  183.64285641,  270.2608871 ,  180.0678229 ,     83.93900598,   -4.52727479,  -34.99864108,   30.33123879,     80.81123582], [ -255.3224281 , -311.47013563,  -63.21290809,  -22.6291949 ,    -60.63408473,   71.31949641,  180.0678229 ,  211.28125327,    107.48789261,   -7.47576374,  -30.12239857,   24.11939426,     72.25073727], [  -88.69112753, -182.76336974,  -16.34771102,   26.95248266,    -25.90604005,   62.35861274,   83.93900598,  107.48789261,    141.14832674,   61.12115911,  -14.38846969,   11.36048031,     42.77167932], [  374.63864222,   86.28546477,  -54.6330732 ,   69.51624508,     30.98121921,    2.25187722,   -4.52727479,   -7.47576374,     61.12115911,  131.52918712,   66.64795037,    1.45217229,      2.94713031], [  114.02015546,  175.22342588,    2.34481765,  -18.48589791,     28.03939545,  -34.37548733,  -34.99864108,  -30.12239857,    -14.38846969,   66.64795037,  111.7870812 ,   39.92515415,    -18.46050633], [  119.2681238 ,  -11.83239051,    0.87878994,   23.12705567,     -3.97938918,   28.77256201,   30.33123879,   24.11939426,     11.36048031,    1.45217229,   39.92515415,   91.75039974,     65.84205236], [  218.73926005, -202.39330175,  -84.78768021,   63.52047195,    -11.39278552,   70.39415231,   80.81123582,   72.25073727,     42.77167932,    2.94713031,  -18.46050633,   65.84205236,    154.81918838]]
/root/sim/music/301~400/342_Loose_Day_Blues.mp3; [-515.1125   , 123.686226 , -12.2139225,  52.040127 ,   7.8711925,   -2.4103563,   1.8782187,   8.2267885,   5.777258 ,   0.4075031,   -3.7219744,  -1.7031492,  -7.2891884]; [[11198.44266399,  357.99692633,-1207.38008338, -121.27966316,   -561.89192296, -525.30965575, -342.88136731, -186.48480896,   -180.73005779, -216.44085523, -240.30808039, -193.38549589,   -239.70852327], [  357.99692633,  374.99391141,  -64.58946662,  142.58264236,      5.16221336,  -22.75991713,   12.17002322,   -2.60520773,     19.18975636,    1.93897177,   -4.94959718,   19.88748291,     -0.9849581 ], [-1207.38008338,  -64.58946662,  387.22212787,    4.88447502,    134.354627  ,   83.56436147,   25.6775374 ,   23.360455  ,      2.9327094 ,   11.80594731,   23.51961468,   -4.80260823,     31.38218021], [ -121.27966316,  142.58264236,    4.88447502,  132.2003355 ,     53.34639638,   25.12319694,   32.03074284,   17.56315279,     29.81408734,   14.59912247,    7.94856028,   16.17527677,      8.1125892 ], [ -561.89192296,    5.16221336,  134.354627  ,   53.34639638,    109.42701816,   62.15346825,   34.93379701,   20.65686231,     22.02185035,   16.52431464,   18.15519172,    6.65547728,     21.07391952], [ -525.30965575,  -22.75991713,   83.56436147,   25.12319694,     62.15346825,   80.41968101,   44.82912353,   15.20701826,     10.38033391,   15.44070013,   16.85737509,    9.95596671,     13.07225304], [ -342.88136731,   12.17002322,   25.6775374 ,   32.03074284,     34.93379701,   44.82912353,   62.10842724,   32.81953243,     20.4840053 ,   13.864119  ,   13.14642391,   13.09466671,     10.93188389], [ -186.48480896,   -2.60520773,   23.360455  ,   17.56315279,     20.65686231,   15.20701826,   32.81953243,   52.9758644 ,     32.45343546,   13.27465177,    8.9264012 ,    3.44117613,      6.47106591], [ -180.73005779,   19.18975636,    2.9327094 ,   29.81408734,     22.02185035,   10.38033391,   20.4840053 ,   32.45343546,     59.93237706,   30.76978769,   13.40645905,    9.36299303,      8.17588814], [ -216.44085523,    1.93897177,   11.80594731,   14.59912247,     16.52431464,   15.44070013,   13.864119  ,   13.27465177,     30.76978769,   42.89928871,   23.79061149,   11.31255721,      8.3291181 ], [ -240.30808039,   -4.94959718,   23.51961468,    7.94856028,     18.15519172,   16.85737509,   13.14642391,    8.9264012 ,     13.40645905,   23.79061149,   37.94564366,   22.79981398,     14.91838183], [ -193.38549589,   19.88748291,   -4.80260823,   16.17527677,      6.65547728,    9.95596671,   13.09466671,    3.44117613,      9.36299303,   11.31255721,   22.79981398,   41.02627159,     25.39620545], [ -239.70852327,   -0.9849581 ,   31.38218021,    8.1125892 ,     21.07391952,   13.07225304,   10.93188389,    6.47106591,      8.17588814,    8.3291181 ,   14.91838183,   25.39620545,     44.50758112]]
/root/sim/music/301~400/343_秋晴れの空に.mp3; [-926.11475  , 270.93988  ,   8.980965 , -29.17686  ,  -3.0432787,  -13.487416 , -19.459723 ,  -9.598255 ,  -5.7527447,  -5.9468155,   -6.037127 ,  -3.2960026,  -1.8701396]; [[3986.51656767,1441.24355333,-812.01791226, 444.10096812, 253.43022629,  -100.33623202, 148.38070226, 194.0592579 ,  -1.31536147,  90.08957698,    85.30352671,  65.05352822,  26.42234791], [1441.24355333,1106.54922161, -73.61047124,  99.8890559 , 292.30854072,    87.54136621,  75.56925662, 113.54866618,  53.7421101 ,  16.87225272,    22.28087363,  -7.52075092, -40.1750702 ], [-812.01791226, -73.61047124, 487.72392155, -56.19154481,  18.68246325,   166.40515266,  -6.96188412, -19.34852334,  73.82486272,   9.361473  ,   -17.13005261, -24.86782272, -32.1116509 ], [ 444.10096812,  99.8890559 , -56.19154481, 193.23461508,  73.56311936,    13.74315228,  77.60308492,  46.5538569 ,  14.16276751,  48.54805589,    27.49430098,  21.46617201,  36.53545057], [ 253.43022629, 292.30854072,  18.68246325,  73.56311936, 198.80428796,    90.6659729 ,  46.50517841,  60.34901709,  37.60675331,  10.07015693,    16.07550383,  12.73106906,   2.02121784], [-100.33623202,  87.54136621, 166.40515266,  13.74315228,  90.6659729 ,   159.24013595,  51.59157731,  20.90216426,  51.00268809,  17.73155214,    -1.56731793,  -0.67869441,  -8.18674441], [ 148.38070226,  75.56925662,  -6.96188412,  77.60308492,  46.50517841,    51.59157731, 116.46424821,  54.46784526,  -0.35357342,  31.98308038,    20.727736  ,   1.05454011,  22.26236066], [ 194.0592579 , 113.54866618, -19.34852334,  46.5538569 ,  60.34901709,    20.90216426,  54.46784526,  91.76994998,  44.61544515,   3.748641  ,    15.66244305,  25.04387662,   7.91197479], [  -1.31536147,  53.7421101 ,  73.82486272,  14.16276751,  37.60675331,    51.00268809,  -0.35357342,  44.61544515,  99.86204077,  36.92274817,    -3.06651017,  12.21166945,   2.95254088], [  90.08957698,  16.87225272,   9.361473  ,  48.54805589,  10.07015693,    17.73155214,  31.98308038,   3.748641  ,  36.92274817,  96.12744449,    39.39414778, -13.19431902,  18.60760355], [  85.30352671,  22.28087363, -17.13005261,  27.49430098,  16.07550383,    -1.56731793,  20.727736  ,  15.66244305,  -3.06651017,  39.39414778,    75.51352976,  35.13511336,   6.00650087], [  65.05352822,  -7.52075092, -24.86782272,  21.46617201,  12.73106906,    -0.67869441,   1.05454011,  25.04387662,  12.21166945, -13.19431902,    35.13511336,  88.84809041,  37.15421158], [  26.42234791, -40.1750702 , -32.1116509 ,  36.53545057,   2.02121784,    -8.18674441,  22.26236066,   7.91197479,   2.95254088,  18.60760355,     6.00650087,  37.15421158,  75.9866218 ]]
/root/sim/music/301~400/303_Fear_of_Machine.mp3; [-532.7925    ,  52.64179   ,  16.344193  ,  22.769361  ,   9.520367  ,   10.274163  ,   0.7379248 ,   9.821167  ,  -1.2166209 ,   3.2925026 ,   -1.7213348 ,   0.17185286,  -0.16467153]; [[7753.1136192 , 430.62131409, 995.81818874, 418.80112007, 518.53774035,   469.33373907, 174.95501919, 318.68257875, 109.58554987, 249.76636523,   146.79852788, 185.64703897, 143.42429301], [ 430.62131409, 613.15381501, 149.96033327, 205.34874214, 183.62161552,   165.48860337, 152.73408281, 116.61630194,  98.94765709,  86.91369886,    87.72143325,  99.02964892,  57.50649345], [ 995.81818874, 149.96033327, 571.54975374, 176.69639359, 231.227558  ,   235.37479146,  71.11961549, 173.66413828,  63.67696512, 134.3880258 ,    87.35471026,  73.96611922,  70.18517722], [ 418.80112007, 205.34874214, 176.69639359, 268.56391329, 185.08107436,   153.09574786, 156.294036  , 118.37224042, 130.37553293,  90.78862283,    75.5571496 ,  70.32667891,  58.4638757 ], [ 518.53774035, 183.62161552, 231.227558  , 185.08107436, 210.47834694,   183.14775797, 122.58985523, 143.48849747,  95.67342063,  97.77219215,    76.30670322,  75.83857603,  62.16833731], [ 469.33373907, 165.48860337, 235.37479146, 153.09574786, 183.14775797,   206.81962483, 132.03953073, 146.41627988,  87.58484257,  96.72107681,    75.38208136,  72.73822101,  56.22204601], [ 174.95501919, 152.73408281,  71.11961549, 156.294036  , 122.58985523,   132.03953073, 171.63832404, 124.59750704, 113.9619968 ,  80.89999188,    72.1168224 ,  67.74824745,  55.40121341], [ 318.68257875, 116.61630194, 173.66413828, 118.37224042, 143.48849747,   146.41627988, 124.59750704, 182.21609132, 103.8101921 , 103.61643139,    72.21725761,  71.80611835,  65.02595193], [ 109.58554987,  98.94765709,  63.67696512, 130.37553293,  95.67342063,    87.58484257, 113.9619968 , 103.8101921 , 132.26569081,  80.22348751,    62.84235845,  53.64256916,  49.21833628], [ 249.76636523,  86.91369886, 134.3880258 ,  90.78862283,  97.77219215,    96.72107681,  80.89999188, 103.61643139,  80.22348751, 104.36578592,    68.08831756,  57.04695915,  49.09106445], [ 146.79852788,  87.72143325,  87.35471026,  75.5571496 ,  76.30670322,    75.38208136,  72.1168224 ,  72.21725761,  62.84235845,  68.08831756,    75.23359291,  62.0124549 ,  45.22983372], [ 185.64703897,  99.02964892,  73.96611922,  70.32667891,  75.83857603,    72.73822101,  67.74824745,  71.80611835,  53.64256916,  57.04695915,    62.0124549 ,  78.92079544,  57.42703899], [ 143.42429301,  57.50649345,  70.18517722,  58.4638757 ,  62.16833731,    56.22204601,  55.40121341,  65.02595193,  49.21833628,  49.09106445,    45.22983372,  57.42703899,  69.01408924]]
