/root/sim/music/801~900/803_窓の外.mp3; [-727.55164  , 242.03983  , -14.778837 ,   8.548464 ,  -9.990449 ,  -20.322033 , -23.390194 , -21.30603  , -19.69892  ,  -9.881237 ,   -7.563419 ,   1.3561734,   5.6977863]; [[13315.70771086, 2096.5004936 , -331.21226245, 1366.53654853,     10.78747843,  -75.14818435,   48.59128044, -130.34101061,   -176.51805375,  226.21432034,   26.04380789,   28.08921381,     98.62714249], [ 2096.5004936 , 2819.92141276,  -51.31721513, -310.43200183,     64.98598933, -135.56993122, -190.17381135,  -99.32101771,    -26.20987509,  -48.98818964,   21.65906973,   81.64232834,     66.81932256], [ -331.21226245,  -51.31721513,  430.50281977,  -71.76357668,     10.76649311,   66.57346892,   -0.43041919,    1.75906216,      5.97313882,  -41.9396057 ,  -30.19779562,  -14.75326218,     -0.58388696], [ 1366.53654853, -310.43200183,  -71.76357668,  557.86722933,     67.62589139,   66.03925791,  118.82413551,   34.27829777,    -23.42964087,   45.7795503 ,  -25.52123694,  -45.66377372,    -15.08405572], [   10.78747843,   64.98598933,   10.76649311,   67.62589139,    116.90928006,   36.51242224,   17.49297008,   17.02648664,      2.98210073,    1.10893989,    1.42038545,    2.49316258,      8.08466848], [  -75.14818435, -135.56993122,   66.57346892,   66.03925791,     36.51242224,  112.68879477,   69.12456393,   18.91012824,     -0.31349177,    3.15574689,    4.82839655,   -3.20134267,     -9.69037305], [   48.59128044, -190.17381135,   -0.43041919,  118.82413551,     17.49297008,   69.12456393,  121.4449053 ,   47.83679231,      7.89875495,   30.39443775,    9.60618906,   -8.17390732,    -10.58654298], [ -130.34101061,  -99.32101771,    1.75906216,   34.27829777,     17.02648664,   18.91012824,   47.83679231,   89.56384892,     49.56552435,   21.24851116,   15.86003982,    1.72894744,     -7.81765069], [ -176.51805375,  -26.20987509,    5.97313882,  -23.42964087,      2.98210073,   -0.31349177,    7.89875495,   49.56552435,     85.94011983,   42.64771061,   19.08567306,   12.73448089,      6.41477802], [  226.21432034,  -48.98818964,  -41.9396057 ,   45.7795503 ,      1.10893989,    3.15574689,   30.39443775,   21.24851116,     42.64771061,   87.38809582,   42.85987052,   13.15972385,     14.68006209], [   26.04380789,   21.65906973,  -30.19779562,  -25.52123694,      1.42038545,    4.82839655,    9.60618906,   15.86003982,     19.08567306,   42.85987052,   80.1907562 ,   44.42877919,     12.72799431], [   28.08921381,   81.64232834,  -14.75326218,  -45.66377372,      2.49316258,   -3.20134267,   -8.17390732,    1.72894744,     12.73448089,   13.15972385,   44.42877919,   82.23666292,     45.50199028], [   98.62714249,   66.81932256,   -0.58388696,  -15.08405572,      8.08466848,   -9.69037305,  -10.58654298,   -7.81765069,      6.41477802,   14.68006209,   12.72799431,   45.50199028,     77.06182485]]
/root/sim/music/801~900/882_まどろむ.mp3; [-678.75604   , 195.57942   ,  -1.1548626 ,  -9.732292  , -11.447654  ,   -0.00355717,  -0.89687335,   2.5381112 ,   3.5033288 ,   0.17188899,   -0.07881695,   1.9823378 ,  -1.1976943 ]; [[15978.08131318,-2969.92076717, -100.30087789,  493.92166868,    192.21647765,  274.35956182,   55.41525493,   30.79551405,     75.01489822,   57.81161426,   13.30232412,  -59.45119109,     77.35824962], [-2969.92076717, 3696.71481811, -112.09346959,   90.4566459 ,    149.03475127,  216.52651326,  172.87494558,   64.57683247,    -72.82838721,   28.26235093,   30.79689518,  170.22941864,    163.4031349 ], [ -100.30087789, -112.09346959, 1565.42345851,  648.27520443,    532.17649052,  314.96340482,  248.19361544,  114.51009142,    179.60327425,  168.67552614,  177.58947171,  139.62808905,    187.36649409], [  493.92166868,   90.4566459 ,  648.27520443,  804.0543966 ,    405.10595167,  227.8482967 ,   93.07771852,   62.75998969,    107.70608329,  165.23849412,   65.30695892,   41.05874484,    140.37568626], [  192.21647765,  149.03475127,  532.17649052,  405.10595167,    487.15350593,  293.40654251,  166.17849382,   69.35729483,     70.85860287,   93.24900774,  122.98800165,  107.11567655,    158.57676564], [  274.35956182,  216.52651326,  314.96340482,  227.8482967 ,    293.40654251,  364.95600095,  221.14125242,   88.02401892,     26.74180505,   30.93389049,   77.52723444,  120.87257659,    138.90149314], [   55.41525493,  172.87494558,  248.19361544,   93.07771852,    166.17849382,  221.14125242,  292.82393978,  143.19167026,     81.87860812,   21.18727956,   46.04697329,   82.17354853,     94.0812133 ], [   30.79551405,   64.57683247,  114.51009142,   62.75998969,     69.35729483,   88.02401892,  143.19167026,  222.02440252,    126.00380562,   74.31602239,   23.08965339,   27.8305254 ,     45.25822705], [   75.01489822,  -72.82838721,  179.60327425,  107.70608329,     70.85860287,   26.74180505,   81.87860812,  126.00380562,    241.32129531,  125.04054099,   46.44767304,   -6.81336698,     31.05358856], [   57.81161426,   28.26235093,  168.67552614,  165.23849412,     93.24900774,   30.93389049,   21.18727956,   74.31602239,    125.04054099,  231.16241505,   73.45017249,   46.01059503,     16.91158951], [   13.30232412,   30.79689518,  177.58947171,   65.30695892,    122.98800165,   77.52723444,   46.04697329,   23.08965339,     46.44767304,   73.45017249,  246.01835216,   72.37204347,     94.52137314], [  -59.45119109,  170.22941864,  139.62808905,   41.05874484,    107.11567655,  120.87257659,   82.17354853,   27.8305254 ,     -6.81336698,   46.01059503,   72.37204347,  279.94095765,     67.26062449], [   77.35824962,  163.4031349 ,  187.36649409,  140.37568626,    158.57676564,  138.90149314,   94.0812133 ,   45.25822705,     31.05358856,   16.91158951,   94.52137314,   67.26062449,    231.88264828]]
/root/sim/music/801~900/856_ひつじワールド.mp3; [-858.456     , 203.29858   , -33.137344  , -66.91749   , -17.339672  ,   -7.176097  , -22.782421  , -22.740808  , -10.833537  ,  -0.22465035,   -2.4602482 ,  -6.866935  ,  -8.969731  ]; [[15162.17455989, 2199.63692352,-2274.81170177,-1198.40848587,    204.59386919,  -94.83024331,-1154.76348102, -874.50850096,   -921.65198125, -713.18334042,  141.37501277,   36.98306409,    260.23699258], [ 2199.63692352, 2703.86963672,-1257.61949177, -421.92797161,    137.56174851,   46.98377114, -304.78222564, -258.68693883,   -228.38341546, -245.39843128,   38.39329465,  -21.55352478,    -38.61325578], [-2274.81170177,-1257.61949177, 1953.2245285 ,  483.24008874,   -131.18583136,  139.64464762,  356.48504231,  285.14366101,    470.67873442,  126.32672406,   -5.61596855,   35.0740112 ,   -112.17568344], [-1198.40848587, -421.92797161,  483.24008874,  798.17209404,    -78.08667238,  -20.19977548,  225.23513655,  127.6323232 ,    126.64119578,  183.23643807, -162.8353108 ,  -22.31653213,    -16.09572341], [  204.59386919,  137.56174851, -131.18583136,  -78.08667238,    269.58825323,   -5.82156489,  -11.32587733,  -78.2006161 ,    -48.84250016,  -40.57922151,  -49.4474133 ,  -32.40120496,     24.19679281], [  -94.83024331,   46.98377114,  139.64464762,  -20.19977548,     -5.82156489,  231.97016597,   53.23911782,  134.96956284,     96.53740264,   -6.65732371,   47.96848117,    0.866437  ,    -65.33872346], [-1154.76348102, -304.78222564,  356.48504231,  225.23513655,    -11.32587733,   53.23911782,  407.43785457,  241.70926802,    173.57791903,   97.82458093,  -34.70998661,  -11.33817954,    -85.36855915], [ -874.50850096, -258.68693883,  285.14366101,  127.6323232 ,    -78.2006161 ,  134.96956284,  241.70926802,  497.51679572,    190.27572451,  113.41992456,  113.91872498,   16.860171  ,   -138.84034504], [ -921.65198125, -228.38341546,  470.67873442,  126.64119578,    -48.84250016,   96.53740264,  173.57791903,  190.27572451,    424.40407641,  122.95306684,   70.09925915,   51.18795547,   -106.79281813], [ -713.18334042, -245.39843128,  126.32672406,  183.23643807,    -40.57922151,   -6.65732371,   97.82458093,  113.41992456,    122.95306684,  358.69119676,  -15.50307575,   78.34392839,     19.98444473], [  141.37501277,   38.39329465,   -5.61596855, -162.8353108 ,    -49.4474133 ,   47.96848117,  -34.70998661,  113.91872498,     70.09925915,  -15.50307575,  319.73419213,  107.76472437,    -15.03138035], [   36.98306409,  -21.55352478,   35.0740112 ,  -22.31653213,    -32.40120496,    0.866437  ,  -11.33817954,   16.860171  ,     51.18795547,   78.34392839,  107.76472437,  250.53501678,     72.94621827], [  260.23699258,  -38.61325578, -112.17568344,  -16.09572341,     24.19679281,  -65.33872346,  -85.36855915, -138.84034504,   -106.79281813,   19.98444473,  -15.03138035,   72.94621827,    290.24028467]]
/root/sim/music/801~900/870_BABY_FACE.mp3; [-843.82745   , 256.8173    ,  53.102276  ,   0.20002538, -15.683651  ,    3.9652717 ,  13.765986  ,   3.3623495 ,  -1.7831094 ,   1.0213208 ,   -3.2542    ,  -0.41062218,   0.71111304]; [[17223.64125372,-1473.30932973,-3017.18682523,  505.07069336,    547.21170074,  667.52208483,  541.81505954,  401.28732647,    559.98685011,  241.8481737 ,  105.28846216,  428.48848875,    450.69173025], [-1473.30932973, 3750.55438654,  984.10905994, -449.9291381 ,   -178.39096349,   85.070041  ,  242.82080141,  -44.89588941,   -237.85599918,   87.54519368,   79.17637647,  122.63175911,     24.97203449], [-3017.18682523,  984.10905994, 1513.24010993,  -65.50741139,    -78.86730357,  -98.26867158,   -4.52965445,  -17.61469338,   -111.97063693,  -84.70868572,   77.88328854,   65.47372186,    -16.00400965], [  505.07069336, -449.9291381 ,  -65.50741139,  763.46069973,    197.23634673,   76.56250003,   38.32843097,   68.52292636,    109.28587081,  124.11784525,   27.50957803,   78.88688635,    107.3363797 ], [  547.21170074, -178.39096349,  -78.86730357,  197.23634673,    608.28238259,  174.82157811,  -36.12513826,   51.25730598,     86.58263797,   23.86080298,  131.35564578,  213.38806985,     42.76635191], [  667.52208483,   85.070041  ,  -98.26867158,   76.56250003,    174.82157811,  398.65232197,  206.48576099,   75.30492312,     66.03585082,   33.33581878,   -6.63644   ,   78.81560513,     98.32391568], [  541.81505954,  242.82080141,   -4.52965445,   38.32843097,    -36.12513826,  206.48576099,  426.32560038,   99.92082554,     -4.41187281,   90.10929014,  -70.15591061,  -25.54523518,    159.97500083], [  401.28732647,  -44.89588941,  -17.61469338,   68.52292636,     51.25730598,   75.30492312,   99.92082554,  327.12062724,    123.93862491,  -37.71199142,  -48.82919433,   -3.66987849,    132.22720278], [  559.98685011, -237.85599918, -111.97063693,  109.28587081,     86.58263797,   66.03585082,   -4.41187281,  123.93862491,    275.14949657,   53.00649189,  -73.29728608,   -4.39952722,     46.20038177], [  241.8481737 ,   87.54519368,  -84.70868572,  124.11784525,     23.86080298,   33.33581878,   90.10929014,  -37.71199142,     53.00649189,  318.53924706,   36.90822977, -201.01699247,    -35.49958955], [  105.28846216,   79.17637647,   77.88328854,   27.50957803,    131.35564578,   -6.63644   ,  -70.15591061,  -48.82919433,    -73.29728608,   36.90822977,  263.66889899,   90.50270702,   -104.32459489], [  428.48848875,  122.63175911,   65.47372186,   78.88688635,    213.38806985,   78.81560513,  -25.54523518,   -3.66987849,     -4.39952722, -201.01699247,   90.50270702,  586.94923965,    108.56043167], [  450.69173025,   24.97203449,  -16.00400965,  107.3363797 ,     42.76635191,   98.32391568,  159.97500083,  132.22720278,     46.20038177,  -35.49958955, -104.32459489,  108.56043167,    313.84010943]]
/root/sim/music/801~900/846_なんかいいことないかな～的なBGM.mp3; [-1022.0438   ,  222.38603  ,   54.23336  ,   -7.9566894,  -16.291794 ,   -12.13153  ,  -11.673321 ,  -12.575991 ,   -8.736117 ,   -2.1762533,    -3.1898446,  -10.410762 ,  -14.067642 ]; [[5941.59478653,4251.55943822, -28.01278216,-525.90947627,-279.67644218,   -35.61382849, -75.98243921,-118.3314719 , -16.66703212, 131.51306113,    27.14707754,-171.8151436 ,-214.38507529], [4251.55943822,3597.98296008, 454.53117907,-343.07824209,-189.18748247,    -1.08244566, -47.28930495,-121.30079895, -79.92509427,  -0.57819833,   -55.8417889 ,-186.68723449,-184.2970827 ], [ -28.01278216, 454.53117907, 607.55104713, 196.35599608,  18.28687366,     4.8456894 ,   4.49766135, -23.04393938, -65.72758934, -92.62415369,   -64.17533833, -35.92384536, -21.59479818], [-525.90947627,-343.07824209, 196.35599608, 296.76411932, 144.45955701,     4.48805068,   6.69978295,  41.90035643,  32.21746157,  11.12810838,    17.88027225,  46.97056764,  44.07055222], [-279.67644218,-189.18748247,  18.28687366, 144.45955701, 208.59968229,   107.15413425,  20.24867993,  19.79616497,  37.4849998 ,  27.89284483,    22.86386452,  40.77504594,  63.83947141], [ -35.61382849,  -1.08244566,   4.8456894 ,   4.48805068, 107.15413425,   170.88202484,  75.27703165,  -7.72134356,  -9.4275609 , -14.93396498,   -12.62087824,   2.90321493,  28.74543379], [ -75.98243921, -47.28930495,   4.49766135,   6.69978295,  20.24867993,    75.27703165, 121.28504464,  90.15306721,  17.67970415, -27.04162374,   -19.9226403 ,  -1.51160629,   9.56764343], [-118.3314719 ,-121.30079895, -23.04393938,  41.90035643,  19.79616497,    -7.72134356,  90.15306721, 171.4211487 ,  99.93148921,   7.32773951,    -8.08100327,   5.90901658,  13.63550494], [ -16.66703212, -79.92509427, -65.72758934,  32.21746157,  37.4849998 ,    -9.4275609 ,  17.67970415,  99.93148921, 154.31972208, 106.64605432,    29.52893697,   3.34311355,  -6.37152204], [ 131.51306113,  -0.57819833, -92.62415369,  11.12810838,  27.89284483,   -14.93396498, -27.04162374,   7.32773951, 106.64605432, 171.15982126,   108.24466754,  26.43305296, -12.27496583], [  27.14707754, -55.8417889 , -64.17533833,  17.88027225,  22.86386452,   -12.62087824, -19.9226403 ,  -8.08100327,  29.52893697, 108.24466754,   139.07660423,  82.92646801,  14.03534118], [-171.8151436 ,-186.68723449, -35.92384536,  46.97056764,  40.77504594,     2.90321493,  -1.51160629,   5.90901658,   3.34311355,  26.43305296,    82.92646801, 122.90314374,  83.34652434], [-214.38507529,-184.2970827 , -21.59479818,  44.07055222,  63.83947141,    28.74543379,   9.56764343,  13.63550494,  -6.37152204, -12.27496583,    14.03534118,  83.34652434, 135.80086338]]
/root/sim/music/801~900/859_Strange_Strings.mp3; [-765.7542   , 187.98274  , -32.924995 ,  23.572332 , -21.19794  ,  -16.126644 , -14.373919 ,  -5.3052416, -14.08826  ,  -9.295285 ,  -11.236689 ,  -8.676632 ,  -9.233742 ]; [[15106.74295692,  598.86794645, -935.26824359,  269.04326873,    239.42912381, 1533.64678817,  333.83854433,  519.02847054,    354.13460708,  112.78873022, -589.46933688, -130.11944118,   -477.80275337], [  598.86794645, 3377.28885494,  363.25953816, -286.55911648,    338.64275657,  331.54792046,  139.07133511,  -10.08057139,    136.8605141 , -106.97460168, -159.2595766 , -103.5454254 ,    -45.9422581 ], [ -935.26824359,  363.25953816,  942.64745105, -173.70272088,    210.56555236,  294.28886879,  168.32278517,   63.19218121,    139.71573159,   36.18417263,  -76.46663727,  -84.17206257,    -27.29272196], [  269.04326873, -286.55911648, -173.70272088,  492.74230058,    -71.62541664, -284.26007767,  -61.85904341,  -53.31138975,   -145.41838871,   -3.85833036,   79.29799168,    6.11615207,     42.15834265], [  239.42912381,  338.64275657,  210.56555236,  -71.62541664,    485.0151774 ,  386.5537685 ,  159.47299752,  162.13208665,    175.81260224,   15.13599853,  -84.82735327,  -43.45420998,    -75.00324984], [ 1533.64678817,  331.54792046,  294.28886879, -284.26007767,    386.5537685 ,  884.85293757,  317.19462449,  241.36800296,    360.44841203,   92.87154263, -230.41014447,  -67.17686137,   -158.0334124 ], [  333.83854433,  139.07133511,  168.32278517,  -61.85904341,    159.47299752,  317.19462449,  248.14345121,  159.37890473,    154.95020982,   48.21609728,  -92.01307546,  -43.96247402,    -73.40603658], [  519.02847054,  -10.08057139,   63.19218121,  -53.31138975,    162.13208665,  241.36800296,  159.37890473,  271.78868604,    188.24854211,   47.78963294,  -72.52150364,  -49.43075486,   -127.92798725], [  354.13460708,  136.8605141 ,  139.71573159, -145.41838871,    175.81260224,  360.44841203,  154.95020982,  188.24854211,    297.76641723,   88.01046186, -119.54556707,  -43.33867491,   -119.84633783], [  112.78873022, -106.97460168,   36.18417263,   -3.85833036,     15.13599853,   92.87154263,   48.21609728,   47.78963294,     88.01046186,   98.25636191,   -2.81709088,  -31.38524454,    -37.22893802], [ -589.46933688, -159.2595766 ,  -76.46663727,   79.29799168,    -84.82735327, -230.41014447,  -92.01307546,  -72.52150364,   -119.54556707,   -2.81709088,  141.60535537,   38.31401927,     47.23075968], [ -130.11944118, -103.5454254 ,  -84.17206257,    6.11615207,    -43.45420998,  -67.17686137,  -43.96247402,  -49.43075486,    -43.33867491,  -31.38524454,   38.31401927,  111.8864417 ,     45.32848704], [ -477.80275337,  -45.9422581 ,  -27.29272196,   42.15834265,    -75.00324984, -158.0334124 ,  -73.40603658, -127.92798725,   -119.84633783,  -37.22893802,   47.23075968,   45.32848704,    150.07589808]]
/root/sim/music/801~900/884_Zen.mp3; [-503.91724   , 106.85294   ,  -2.6627488 ,  38.257153  ,   5.2872343 ,    9.000827  ,  16.969967  ,  20.627398  ,  10.9233465 ,   3.7886653 ,   -1.9448965 ,  -1.4057412 ,  -0.62810624]; [[15611.66154667,  -32.92562457,  885.07420287,  386.0580224 ,     22.19259781,  290.61389936,  587.83389189,  720.43018699,    382.34750767,  242.12034786,   56.7034163 ,   53.31231206,     31.06173383], [  -32.92562457,  659.93902127, -249.22054537,  154.15748046,     -7.04800018,   10.31103881,   46.64484546,   19.06109868,     56.00737253,   29.34885815,   19.51558564,    4.07774088,    -17.08662574], [  885.07420287, -249.22054537,  551.40296054, -129.17203911,    -11.35110479,   18.72921973,  -84.11746329,   -8.96515655,    -14.57434098,   42.52934831,   34.71129704,  -15.09929429,    -18.34731137], [  386.0580224 ,  154.15748046, -129.17203911,  193.08387642,      7.31500403,    7.54433118,   22.9781333 ,   40.39684611,     45.05503346,   53.34688308,   13.12682743,    4.32496898,    -15.40797932], [   22.19259781,   -7.04800018,  -11.35110479,    7.31500403,     63.99771538,    1.12420734,   18.51314705,    1.3050988 ,      5.59233324,    7.93249074,    2.83685475,   17.35371524,      1.89793206], [  290.61389936,   10.31103881,   18.72921973,    7.54433118,      1.12420734,   80.55727908,   42.34607765,   24.52565659,     -9.34196669,  -16.28464268,   -1.89286063,    3.48345184,     10.2394852 ], [  587.83389189,   46.64484546,  -84.11746329,   22.9781333 ,     18.51314705,   42.34607765,  158.47597341,   89.24141755,     29.12447053,  -35.39386326,  -32.12125335,   11.0652757 ,     27.36528604], [  720.43018699,   19.06109868,   -8.96515655,   40.39684611,      1.3050988 ,   24.52565659,   89.24141755,  128.09723511,     72.20678916,   19.22672177,  -31.58342507,  -23.60227533,     -6.74696016], [  382.34750767,   56.00737253,  -14.57434098,   45.05503346,      5.59233324,   -9.34196669,   29.12447053,   72.20678916,    101.7477591 ,   56.32729262,   -5.87222471,  -22.18796924,    -25.02778353], [  242.12034786,   29.34885815,   42.52934831,   53.34688308,      7.93249074,  -16.28464268,  -35.39386326,   19.22672177,     56.32729262,  105.05004202,   40.14917728,   -3.34280872,    -33.15935295], [   56.7034163 ,   19.51558564,   34.71129704,   13.12682743,      2.83685475,   -1.89286063,  -32.12125335,  -31.58342507,     -5.87222471,   40.14917728,   76.06294496,   41.46862178,      1.67862704], [   53.31231206,    4.07774088,  -15.09929429,    4.32496898,     17.35371524,    3.48345184,   11.0652757 ,  -23.60227533,    -22.18796924,   -3.34280872,   41.46862178,   73.6422683 ,     31.59593981], [   31.06173383,  -17.08662574,  -18.34731137,  -15.40797932,      1.89793206,   10.2394852 ,   27.36528604,   -6.74696016,    -25.02778353,  -33.15935295,    1.67862704,   31.59593981,     55.37902841]]
/root/sim/music/801~900/831_白塵の遊具.mp3; [-973.2442   , 256.70316  ,  48.20269  , -20.045658 , -17.141129 ,   -9.137778 ,  -4.8837953,   3.6533687,   9.000092 ,   5.076011 ,   -9.171761 , -21.383392 , -19.95701  ]; [[5226.00514551,2950.66900341,-729.14741051,-540.65037731,-143.39674471,  -221.83205365,-349.89351075,-180.47899948,  59.1468995 , 267.59987722,   170.03584841, -65.42906202,-184.9251587 ], [2950.66900341,2605.82751385, 203.82133075,-380.8265837 ,-135.07110855,  -144.28758211,-216.70973646,-112.91207287,  88.02924268, 193.91137541,    89.47994889, -76.61370766, -94.61241598], [-729.14741051, 203.82133075,1149.51081872, 486.50387057, -55.53574431,   -43.37871235, -38.27797286, -69.77547765, -13.14242113,  39.7503798 ,   136.96257805, 232.37667315, 215.52108496], [-540.65037731,-380.8265837 , 486.50387057, 629.33013666, 205.13655978,    23.44301004,  10.36473589,  -7.4993221 , -29.79824014,   3.9229967 ,   123.09975251, 249.6575448 , 234.93632503], [-143.39674471,-135.07110855, -55.53574431, 205.13655978, 318.13289908,   161.9068366 ,  75.85966088,  66.57087657,  32.85968209,  -8.91845244,    -9.49360188,  27.99884626,  61.08180471], [-221.83205365,-144.28758211, -43.37871235,  23.44301004, 161.9068366 ,   210.72609278, 162.84988906, 106.06502591,  53.58059055, -21.57773557,   -83.29001054, -91.70971473, -37.31224456], [-349.89351075,-216.70973646, -38.27797286,  10.36473589,  75.85966088,   162.84988906, 246.63528728, 195.54154634,  57.52861398, -69.3296159 ,  -150.81192203,-156.58231529, -46.8033298 ], [-180.47899948,-112.91207287, -69.77547765,  -7.4993221 ,  66.57087657,   106.06502591, 195.54154634, 222.72038632, 130.6625988 , -22.16582441,  -166.74506633,-202.71063214, -59.67145044], [  59.1468995 ,  88.02924268, -13.14242113, -29.79824014,  32.85968209,    53.58059055,  57.52861398, 130.6625988 , 226.54851811, 158.49446643,   -74.63933384,-210.86594362, -88.16604926], [ 267.59987722, 193.91137541,  39.7503798 ,   3.9229967 ,  -8.91845244,   -21.57773557, -69.3296159 , -22.16582441, 158.49446643, 270.95842615,   162.76342023,  -6.13582692, -50.30116104], [ 170.03584841,  89.47994889, 136.96257805, 123.09975251,  -9.49360188,   -83.29001054,-150.81192203,-166.74506633, -74.63933384, 162.76342023,   419.11575642, 424.21871439, 101.72702388], [ -65.42906202, -76.61370766, 232.37667315, 249.6575448 ,  27.99884626,   -91.70971473,-156.58231529,-202.71063214,-210.86594362,  -6.13582692,   424.21871439, 634.77967028, 285.63924329], [-184.9251587 , -94.61241598, 215.52108496, 234.93632503,  61.08180471,   -37.31224456, -46.8033298 , -59.67145044, -88.16604926, -50.30116104,   101.72702388, 285.63924329, 333.30522343]]
/root/sim/music/801~900/804_神の棲み処.mp3; [-646.0277    , 208.03838   , -36.4089    ,  -2.9336274 , -11.695619  ,    0.34600675,  -3.0448189 ,  -0.9051727 ,  -5.369383  ,   1.6307473 ,   -2.065812  ,  -0.3918814 ,  -0.6617252 ]; [[10389.93728003, 1184.05457124,   95.88199094, -263.65606734,     -2.6977827 ,  100.12686091,  -71.72526688,  -73.55330974,    -18.45805771,   48.1785687 ,  121.48171512,  -47.67281986,    -66.06739137], [ 1184.05457124, 1488.03349417,  -71.79707863,   56.05417129,     73.16660411,  103.56383346,   66.18541975,   -3.48485325,      9.1692633 ,   45.59635781,  -17.80061858,  -20.5160002 ,     11.72005752], [   95.88199094,  -71.79707863,  503.53384072,    5.01209824,    156.22950287,   38.56251674,   57.87125586,   16.77460045,     23.25778559,   -3.45453371,    5.21817822,    5.65333789,     -2.26729964], [ -263.65606734,   56.05417129,    5.01209824,  199.56945233,     40.72121598,   49.58594784,   47.82032404,   54.96833849,     18.87548581,   21.79375945,   21.92110341,   24.69980828,     16.34802067], [   -2.6977827 ,   73.16660411,  156.22950287,   40.72121598,    189.52063873,   65.29421273,   41.43438075,    1.24213802,      8.32247092,   18.11540695,    9.82696515,   12.65126244,      8.84602748], [  100.12686091,  103.56383346,   38.56251674,   49.58594784,     65.29421273,  170.88416392,  113.78277398,   61.5411967 ,     27.46723165,    6.62472494,    1.01224722,  -19.5335834 ,     -7.3345243 ], [  -71.72526688,   66.18541975,   57.87125586,   47.82032404,     41.43438075,  113.78277398,  169.04731899,  104.83544496,     39.65999807,    7.30553356,  -17.87454937,  -20.52773527,      2.6405225 ], [  -73.55330974,   -3.48485325,   16.77460045,   54.96833849,      1.24213802,   61.5411967 ,  104.83544496,  143.68153221,     66.90467163,    5.10095673,  -15.340372  ,  -15.13992155,      8.8204499 ], [  -18.45805771,    9.1692633 ,   23.25778559,   18.87548581,      8.32247092,   27.46723165,   39.65999807,   66.90467163,     92.54673547,   40.21010383,    3.66242817,   -8.71683367,      2.58023056], [   48.1785687 ,   45.59635781,   -3.45453371,   21.79375945,     18.11540695,    6.62472494,    7.30553356,    5.10095673,     40.21010383,   96.23697989,   53.99339519,   12.45063324,      0.84652593], [  121.48171512,  -17.80061858,    5.21817822,   21.92110341,      9.82696515,    1.01224722,  -17.87454937,  -15.340372  ,      3.66242817,   53.99339519,  103.64659956,   46.97769178,      0.73978469], [  -47.67281986,  -20.5160002 ,    5.65333789,   24.69980828,     12.65126244,  -19.5335834 ,  -20.52773527,  -15.13992155,     -8.71683367,   12.45063324,   46.97769178,   83.92837835,     35.77286831], [  -66.06739137,   11.72005752,   -2.26729964,   16.34802067,      8.84602748,   -7.3345243 ,    2.6405225 ,    8.8204499 ,      2.58023056,    0.84652593,    0.73978469,   35.77286831,     75.73271761]]
/root/sim/music/801~900/821_空と山と海と.mp3; [-643.0525   , 155.97682  ,  -9.501503 ,  16.428995 ,  11.18131  ,    9.4823265,  -7.862192 ,  -1.6127403,   7.5025034,   6.65834  ,    2.052332 ,   3.4007215,   7.399254 ]; [[22765.01552397, 1881.38051341,   -1.07573065, 1380.81670741,   1486.39250686,  559.94313898,  356.11390857,  566.5745243 ,    656.40585795,   93.37168163,  -20.60715239,  133.84236194,    429.15672811], [ 1881.38051341, 1555.18878452, -268.05853094,  284.75895739,    240.72445148,  203.4877449 ,   50.1076214 ,   84.43241784,     45.47696168,  105.17996751,   38.89867552,  -13.16467894,      0.05746339], [   -1.07573065, -268.05853094,  548.9108081 ,  -25.78272179,     46.87897436,  111.35034165,   48.69488222,   21.16445036,     47.32739695,   18.59244759,   42.9100384 ,    3.95411364,    -38.21490933], [ 1380.81670741,  284.75895739,  -25.78272179,  307.75863032,    230.6012501 ,   54.03300121,    2.77535694,  101.38857951,     84.24278868,   41.12803707,    0.67757607,   33.0906364 ,     31.77500142], [ 1486.39250686,  240.72445148,   46.87897436,  230.6012501 ,    391.25388645,   93.18748661,  -19.59139882,   95.56106639,    144.12085077,   44.63629898,   16.90024572,    2.8429683 ,     26.29798227], [  559.94313898,  203.4877449 ,  111.35034165,   54.03300121,     93.18748661,  205.21362286,   59.00400549,  -21.64621726,     26.8849902 ,   73.94037108,   58.33203332,  -37.08203187,    -55.80134448], [  356.11390857,   50.1076214 ,   48.69488222,    2.77535694,    -19.59139882,   59.00400549,  161.38230331,    6.22984385,    -61.04927456,  -15.30560315,   61.23868753,   26.70778625,     -6.82578877], [  566.5745243 ,   84.43241784,   21.16445036,  101.38857951,     95.56106639,  -21.64621726,    6.22984385,  196.99676698,     53.45681261,  -43.78562485,  -45.127642  ,   98.58875093,     74.24153581], [  656.40585795,   45.47696168,   47.32739695,   84.24278868,    144.12085077,   26.8849902 ,  -61.04927456,   53.45681261,    180.90729809,   62.10323684,  -24.58801959,  -50.9257778 ,     15.15977605], [   93.37168163,  105.17996751,   18.59244759,   41.12803707,     44.63629898,   73.94037108,  -15.30560315,  -43.78562485,     62.10323684,  171.99143738,   48.27129543,  -72.5934761 ,    -63.54101418], [  -20.60715239,   38.89867552,   42.9100384 ,    0.67757607,     16.90024572,   58.33203332,   61.23868753,  -45.127642  ,    -24.58801959,   48.27129543,  124.47575586,    3.25480479,    -52.02547031], [  133.84236194,  -13.16467894,    3.95411364,   33.0906364 ,      2.8429683 ,  -37.08203187,   26.70778625,   98.58875093,    -50.9257778 ,  -72.5934761 ,    3.25480479,  201.9261153 ,     69.49777609], [  429.15672811,    0.05746339,  -38.21490933,   31.77500142,     26.29798227,  -55.80134448,   -6.82578877,   74.24153581,     15.15977605,  -63.54101418,  -52.02547031,   69.49777609,    153.06625936]]
/root/sim/music/801~900/840_傘をさして.mp3; [-661.307    , 214.01917  ,  28.186916 ,  46.12648  ,  17.883858 ,    4.343014 ,  -2.6184719,  10.288311 ,  -4.8269386,  -8.277779 ,   -1.5320609,   5.196438 ,  -4.3372703]; [[ 6016.72386501,-2965.69653437, -553.06047415, -962.02955271,   -185.96260573,  768.52641861,  -67.04773335, -358.99530916,     33.84367237,  146.18375958,  134.82170366,  -47.10751311,   -302.86174194], [-2965.69653437, 2421.49321035, -452.36393132,  448.16603131,    135.47864686, -524.05071655,  -74.85413106,  234.0146342 ,    124.63157484,  109.85194956,  -44.0914218 ,   36.69074044,     52.89230159], [ -553.06047415, -452.36393132, 1174.33159456,   39.78216225,   -160.57588942, -132.92036436,    6.88031129,    0.37011746,   -154.1020224 , -152.64225635,  -48.06206261,  -33.43022241,    217.92976532], [ -962.02955271,  448.16603131,   39.78216225,  371.94347301,     48.38041134, -104.67208731,   -6.57207524,   88.4704302 ,    -75.88866209,  -55.83302652,  -33.236104  ,    7.49523091,     91.44328096], [ -185.96260573,  135.47864686, -160.57588942,   48.38041134,    229.3434291 ,   -0.41735756,  -49.3382602 ,   38.86148483,     51.52243459,    8.87908007,   -4.09735975,  -14.98292273,     -2.45355274], [  768.52641861, -524.05071655, -132.92036436, -104.67208731,     -0.41735756,  432.78840224,   60.12537553, -145.46183863,    -41.25128297,  -99.32901323,   73.95572012,    7.26384119,    -86.49470652], [  -67.04773335,  -74.85413106,    6.88031129,   -6.57207524,    -49.3382602 ,   60.12537553,  332.59589598,  -57.40544518,    -57.09470978,  -41.78913091, -111.50149311,   57.11666281,    -35.49520887], [ -358.99530916,  234.0146342 ,    0.37011746,   88.4704302 ,     38.86148483, -145.46183863,  -57.40544518,  307.83498121,     10.22328682,   37.55907349,  -99.94117838, -141.79258664,     56.01970351], [   33.84367237,  124.63157484, -154.1020224 ,  -75.88866209,     51.52243459,  -41.25128297,  -57.09470978,   10.22328682,    214.57791886,   48.49461602,   37.93550431,  -24.25669985,   -104.80328936], [  146.18375958,  109.85194956, -152.64225635,  -55.83302652,      8.87908007,  -99.32901323,  -41.78913091,   37.55907349,     48.49461602,  207.21995639,  -19.63422   ,  -53.24350587,    -24.58152513], [  134.82170366,  -44.0914218 ,  -48.06206261,  -33.236104  ,     -4.09735975,   73.95572012, -111.50149311,  -99.94117838,     37.93550431,  -19.63422   ,  338.03750012,   -0.90121463,   -146.18072125], [  -47.10751311,   36.69074044,  -33.43022241,    7.49523091,    -14.98292273,    7.26384119,   57.11666281, -141.79258664,    -24.25669985,  -53.24350587,   -0.90121463,  418.52414023,     75.28081921], [ -302.86174194,   52.89230159,  217.92976532,   91.44328096,     -2.45355274,  -86.49470652,  -35.49520887,   56.01970351,   -104.80328936,  -24.58152513, -146.18072125,   75.28081921,    370.00492001]]
/root/sim/music/801~900/829_Evil_City.mp3; [-581.358     ,  71.12686   ,  28.977835  ,  21.819145  ,   5.281669  ,    2.9995093 ,   0.3167032 ,   0.62931013,   3.3451693 ,   0.7192027 ,   -1.1848639 ,  -1.765514  ,  -2.876459  ]; [[16798.92285948,  254.32224508,  318.54054567,  227.00262743,    -97.14744955,  -81.72149274, -113.00257334,  -49.88592864,     79.10197542,  -11.60908708,  -17.84658956,  -70.1107706 ,    -46.49920997], [  254.32224508, 1018.22315777,   88.21994714,  133.48358307,     62.42679434,  104.22167709,   25.25067215,  107.22542105,     49.05026606,   12.43783571,  -14.54424157,    1.51098828,      4.76054514], [  318.54054567,   88.21994714,  568.62620145,  259.442505  ,    135.10872085,   55.44592633,   66.65733436,   62.35812885,     88.84416679,   91.08153553,   95.24557189,   53.0491279 ,     58.79758229], [  227.00262743,  133.48358307,  259.442505  ,  349.13642222,    219.47940663,   59.5209243 ,   64.61905122,   96.1971795 ,     81.62484118,   78.03244791,   78.7682279 ,   71.4565763 ,     53.60783946], [  -97.14744955,   62.42679434,  135.10872085,  219.47940663,    297.75456227,  129.04384392,   77.37410204,   78.27925505,     94.36939067,   88.5169019 ,   80.37060586,   74.16563025,     63.87180873], [  -81.72149274,  104.22167709,   55.44592633,   59.5209243 ,    129.04384392,  199.97197601,  123.74792752,   64.57442228,     54.28699072,   64.11393511,   55.35279315,   43.29065348,     41.27183495], [ -113.00257334,   25.25067215,   66.65733436,   64.61905122,     77.37410204,  123.74792752,  209.72205567,  132.7708161 ,     69.71966982,   63.34557188,   71.84222798,   69.8481522 ,     52.89694671], [  -49.88592864,  107.22542105,   62.35812885,   96.1971795 ,     78.27925505,   64.57442228,  132.7708161 ,  179.71617911,    112.14993334,   56.79567052,   53.4441138 ,   57.96958694,     49.78005708], [   79.10197542,   49.05026606,   88.84416679,   81.62484118,     94.36939067,   54.28699072,   69.71966982,  112.14993334,    162.43942191,  106.58853898,   62.70080028,   50.30161166,     50.83170976], [  -11.60908708,   12.43783571,   91.08153553,   78.03244791,     88.5169019 ,   64.11393511,   63.34557188,   56.79567052,    106.58853898,  138.30383685,   97.35766521,   55.02933644,     45.0573387 ], [  -17.84658956,  -14.54424157,   95.24557189,   78.7682279 ,     80.37060586,   55.35279315,   71.84222798,   53.4441138 ,     62.70080028,   97.35766521,  129.37115031,   84.49006612,     47.44736828], [  -70.1107706 ,    1.51098828,   53.0491279 ,   71.4565763 ,     74.16563025,   43.29065348,   69.8481522 ,   57.96958694,     50.30161166,   55.02933644,   84.49006612,  108.46750277,     64.33347621], [  -46.49920997,    4.76054514,   58.79758229,   53.60783946,     63.87180873,   41.27183495,   52.89694671,   49.78005708,     50.83170976,   45.0573387 ,   47.44736828,   64.33347621,     84.42529787]]
/root/sim/music/801~900/802_夢の中でも、あなたと。.mp3; [-945.16943  , 211.10931  ,  40.75555  ,   5.298912 , -31.11678  ,  -14.468597 , -10.437344 , -15.553393 , -10.443252 ,  -7.2919707,   -8.574906 ,  -7.6059623,  -3.864767 ]; [[ 8433.42120879, 1865.34531843,-1837.85163601,-1072.53689606,   -458.68227346,   80.57206554,  151.72011935,    5.75216695,     14.80501302,  271.85329497,  185.53871665,  -85.94531841,     54.80221282], [ 1865.34531843, 2244.98721983,  659.77044221, -165.10105439,   -388.70227642,  -72.98600853,    6.88867912,  -31.78908548,   -122.17327829, -172.67825704, -312.99316242, -126.64912243,   -154.94668103], [-1837.85163601,  659.77044221, 1877.79451604,  934.98938862,     -3.48061862, -319.829512  , -163.52787975,  -97.14382505,   -167.08915629, -399.38689651, -468.66775418, -208.27951959,   -199.54646718], [-1072.53689606, -165.10105439,  934.98938862,  987.37132345,    283.7451837 , -196.50002952, -217.36783356, -180.9466116 ,   -148.83920136, -245.15120621, -257.3567613 , -176.3343736 ,    -77.67987877], [ -458.68227346, -388.70227642,   -3.48061862,  283.7451837 ,    662.22344684,  280.81855255,  -53.55999651,  -79.62159577,   -195.11777727, -214.1988683 , -132.8268667 , -180.78300287,    -31.05234858], [   80.57206554,  -72.98600853, -319.829512  , -196.50002952,    280.81855255,  504.51427993,  237.33875566,   41.14240782,   -139.41737738, -176.82114996, -138.15132258,  -10.36781291,     31.96333352], [  151.72011935,    6.88867912, -163.52787975, -217.36783356,    -53.55999651,  237.33875566,  517.48215521,  252.99821359,    -27.80745142, -137.6938743 , -198.95866753,  -87.75145164,     64.61650463], [    5.75216695,  -31.78908548,  -97.14382505, -180.9466116 ,    -79.62159577,   41.14240782,  252.99821359,  424.3924381 ,    118.94608991, -107.33042042, -154.48254661, -128.67127525,    -51.01029526], [   14.80501302, -122.17327829, -167.08915629, -148.83920136,   -195.11777727, -139.41737738,  -27.80745142,  118.94608991,    314.67802492,  228.46916815,  134.34494991,   14.97760693,    -65.29381543], [  271.85329497, -172.67825704, -399.38689651, -245.15120621,   -214.1988683 , -176.82114996, -137.6938743 , -107.33042042,    228.46916815,  572.86076035,  475.3991755 ,  176.5008561 ,    -71.25023812], [  185.53871665, -312.99316242, -468.66775418, -257.3567613 ,   -132.8268667 , -138.15132258, -198.95866753, -154.48254661,    134.34494991,  475.3991755 ,  666.92375883,  346.89855538,    -14.50621023], [  -85.94531841, -126.64912243, -208.27951959, -176.3343736 ,   -180.78300287,  -10.36781291,  -87.75145164, -128.67127525,     14.97760693,  176.5008561 ,  346.89855538,  606.26877343,    253.94933234], [   54.80221282, -154.94668103, -199.54646718,  -77.67987877,    -31.05234858,   31.96333352,   64.61650463,  -51.01029526,    -65.29381543,  -71.25023812,  -14.50621023,  253.94933234,    511.5488303 ]]
/root/sim/music/801~900/833_風に歌、君に愛を.mp3; [-896.7217   , 282.13168  ,  18.251673 , -16.589283 ,   0.3521204,  -12.071574 , -20.211016 , -11.509297 ,  -8.5813   ,  -8.92968  ,   -5.205422 ,  -3.0745416,  -6.23443  ]; [[ 7635.74425519, 2310.67643145,-2218.61730947,  -59.87562224,    143.89391016, -307.31518184, -205.41450501, -151.59653878,   -226.0631409 ,  -83.27171935,   -0.19907828,  -23.63262811,    -34.40579054], [ 2310.67643145, 1820.19643048, -403.77113029, -347.44168059,    126.10938096,  -29.5366754 , -116.56254757,  -57.19617835,    -56.24879214,  -89.6116082 ,  -63.17099586,  -54.78204876,    -71.55119642], [-2218.61730947, -403.77113029, 1201.15618482,   23.80168759,   -121.28083927,  194.78899125,   72.31015323,   29.32893069,    106.89408791,   61.61681073,   -6.7352882 ,    2.13138003,      8.76912344], [  -59.87562224, -347.44168059,   23.80168759,  301.49740896,     22.7651379 ,  -11.19282604,   59.20916241,   12.799939  ,     26.66861092,   76.13189369,   46.56816348,   29.36785625,     47.95395706], [  143.89391016,  126.10938096, -121.28083927,   22.7651379 ,    185.06227873,   42.03510271,  -32.3613938 ,    2.59041315,     20.03732521,    7.26116499,    0.91030192,    5.03760239,      7.99589061], [ -307.31518184,  -29.5366754 ,  194.78899125,  -11.19282604,     42.03510271,  141.85924475,   31.99530048,   -4.05680659,     46.46840613,   22.42538891,   -9.99819709,   -2.22736947,      0.03054299], [ -205.41450501, -116.56254757,   72.31015323,   59.20916241,    -32.3613938 ,   31.99530048,  123.23696599,   67.39138519,      7.24028094,   24.40489066,   24.7195703 ,   -3.44677966,     14.5092955 ], [ -151.59653878,  -57.19617835,   29.32893069,   12.799939  ,      2.59041315,   -4.05680659,   67.39138519,  100.23565697,     28.86350565,    1.51346237,   16.97778688,   -0.96482252,      4.17834458], [ -226.0631409 ,  -56.24879214,  106.89408791,   26.66861092,     20.03732521,   46.46840613,    7.24028094,   28.86350565,    103.00571718,   55.95443908,  -11.83001203,    3.80865214,      9.93949897], [  -83.27171935,  -89.6116082 ,   61.61681073,   76.13189369,      7.26116499,   22.42538891,   24.40489066,    1.51346237,     55.95443908,   97.27733104,   31.11980359,    1.45413757,     31.73894543], [   -0.19907828,  -63.17099586,   -6.7352882 ,   46.56816348,      0.91030192,   -9.99819709,   24.7195703 ,   16.97778688,    -11.83001203,   31.11980359,   73.92888146,   36.61905192,      9.14448936], [  -23.63262811,  -54.78204876,    2.13138003,   29.36785625,      5.03760239,   -2.22736947,   -3.44677966,   -0.96482252,      3.80865214,    1.45413757,   36.61905192,   68.29800586,     27.57611364], [  -34.40579054,  -71.55119642,    8.76912344,   47.95395706,      7.99589061,    0.03054299,   14.5092955 ,    4.17834458,      9.93949897,   31.73894543,    9.14448936,   27.57611364,     81.2535548 ]]
