/root/sim/music/701~800/702_Afterimage_of_Summer.mp3; [-588.0889    ,  93.00516   ,  11.437652  ,  40.243538  ,   6.306994  ,    5.0190616 ,  -6.0397897 ,   4.6559043 ,   2.1228876 ,  -0.81256807,   -0.14903435,   1.1644288 ,  -3.983303  ]; [[12116.69767636,  449.77342894, 1194.22001434,  453.87864406,    275.18158311,  652.4957928 ,  352.73359128,  494.62347712,    261.73386848,  216.37671439,  128.79508128,   81.61104814,    118.63561082], [  449.77342894, 1172.8798205 ,  -10.32890438,  237.36945351,     90.29806259,   89.11222182,  163.65787622,   97.33596606,     95.31181846,   70.30129214,   10.78112832,   26.5983913 ,     -9.88872056], [ 1194.22001434,  -10.32890438,  638.61612863,   37.0829159 ,     69.15076138,  188.64696886,  104.45779834,  120.71185131,     54.80104049,   58.48070681,   36.4158219 ,  -10.1338544 ,     47.79252926], [  453.87864406,  237.36945351,   37.0829159 ,  332.04179464,    199.22797916,  104.02805001,  125.19747605,  102.4074728 ,    102.72172842,   74.10487443,   65.05880466,   55.39692015,     14.31737845], [  275.18158311,   90.29806259,   69.15076138,  199.22797916,    245.32895927,  131.39528981,  102.56340327,  103.85496453,     98.20660917,   54.93076322,   62.51964179,   44.57598334,     22.68255712], [  652.4957928 ,   89.11222182,  188.64696886,  104.02805001,    131.39528981,  167.83607192,  108.93417837,   94.75830156,     74.3652851 ,   54.14265579,   41.0428023 ,   22.08305466,     24.67886067], [  352.73359128,  163.65787622,  104.45779834,  125.19747605,    102.56340327,  108.93417837,  139.52886397,  104.8576387 ,     78.78941405,   54.80476186,   37.85649736,   26.79379774,     16.92742787], [  494.62347712,   97.33596606,  120.71185131,  102.4074728 ,    103.85496453,   94.75830156,  104.8576387 ,  135.89342575,     92.19870625,   53.5828591 ,   38.89909798,   24.41989489,     20.93261521], [  261.73386848,   95.31181846,   54.80104049,  102.72172842,     98.20660917,   74.3652851 ,   78.78941405,   92.19870625,    111.74190031,   63.97116707,   43.62141861,   27.91878024,     17.39784762], [  216.37671439,   70.30129214,   58.48070681,   74.10487443,     54.93076322,   54.14265579,   54.80476186,   53.5828591 ,     63.97116707,   82.4456    ,   46.91368901,   23.544384  ,     17.96397107], [  128.79508128,   10.78112832,   36.4158219 ,   65.05880466,     62.51964179,   41.0428023 ,   37.85649736,   38.89909798,     43.62141861,   46.91368901,   68.3817978 ,   39.50957213,     19.28852718], [   81.61104814,   26.5983913 ,  -10.1338544 ,   55.39692015,     44.57598334,   22.08305466,   26.79379774,   24.41989489,     27.91878024,   23.544384  ,   39.50957213,   60.74076946,     27.25928897], [  118.63561082,   -9.88872056,   47.79252926,   14.31737845,     22.68255712,   24.67886067,   16.92742787,   20.93261521,     17.39784762,   17.96397107,   19.28852718,   27.25928897,     48.87913569]]
/root/sim/music/701~800/750_少女の見た夢は.mp3; [-950.42773  , 254.62843  ,  37.472954 , -24.634066 , -27.535255 ,  -15.631852 ,  -7.500852 ,  -4.0388236,  -2.0811598,   4.381308 ,    6.3966217,   1.9179621,  -1.6447692]; [[10108.56084515, 5212.66063218, -952.71132708, -997.00827938,   -696.80720549, -327.02810854, -356.28679353, -275.77002111,   -231.95403833, -148.52144242, -196.31555908, -153.91899461,   -144.82578077], [ 5212.66063218, 4119.13917718,  142.22095372, -621.60972319,   -387.84456816, -215.80833045, -238.29576691, -307.64369847,   -288.45837896, -146.88900145,  -57.95622665,  -60.55058246,    -84.83705748], [ -952.71132708,  142.22095372,  879.64449174,  315.25810928,     61.62095507,   33.30679106,   19.8019147 ,  -59.96327478,    -56.62724147,    2.81773918,   61.94605496,   47.89639118,    -27.50116674], [ -997.00827938, -621.60972319,  315.25810928,  440.40246449,    256.46014522,  133.36949985,   93.4555402 ,   64.60514277,     34.8795355 ,    7.34908543,    1.78128747,   31.3937233 ,     37.6691379 ], [ -696.80720549, -387.84456816,   61.62095507,  256.46014522,    383.87921396,  241.37963062,   80.81014334,    8.31698386,    -26.12409005,  -39.21060246,   -0.39719359,   47.19653367,     58.59068182], [ -327.02810854, -215.80833045,   33.30679106,  133.36949985,    241.37963062,  248.68072408,  112.95195105,    2.49531531,    -37.9108661 ,  -53.65545995,  -21.88025513,   30.19712599,     30.90189559], [ -356.28679353, -238.29576691,   19.8019147 ,   93.4555402 ,     80.81014334,  112.95195105,  171.01119132,  140.63129484,     43.3619125 ,  -47.01975607,  -61.56636688,   -6.56236616,     39.2206561 ], [ -275.77002111, -307.64369847,  -59.96327478,   64.60514277,      8.31698386,    2.49531531,  140.63129484,  247.78407491,    158.14022553,   -7.06680868,  -74.76737832,  -29.83577324,     37.68760523], [ -231.95403833, -288.45837896,  -56.62724147,   34.8795355 ,    -26.12409005,  -37.9108661 ,   43.3619125 ,  158.14022553,    182.61776604,   83.88514307,  -12.43290866,  -30.98251187,    -10.58473485], [ -148.52144242, -146.88900145,    2.81773918,    7.34908543,    -39.21060246,  -53.65545995,  -47.01975607,   -7.06680868,     83.88514307,  154.84648683,  105.02182824,   -2.41725966,    -46.34543784], [ -196.31555908,  -57.95622665,   61.94605496,    1.78128747,     -0.39719359,  -21.88025513,  -61.56636688,  -74.76737832,    -12.43290866,  105.02182824,  161.06227427,   71.83273229,    -30.61069571], [ -153.91899461,  -60.55058246,   47.89639118,   31.3937233 ,     47.19653367,   30.19712599,   -6.56236616,  -29.83577324,    -30.98251187,   -2.41725966,   71.83273229,  112.80255013,     62.02880828], [ -144.82578077,  -84.83705748,  -27.50116674,   37.6691379 ,     58.59068182,   30.90189559,   39.2206561 ,   37.68760523,    -10.58473485,  -46.34543784,  -30.61069571,   62.02880828,    164.07977556]]
/root/sim/music/701~800/780_何気ない一日.mp3; [-778.86957  , 212.36284  , -20.642418 , -24.281393 ,  -4.0745363,  -10.415315 , -15.237722 ,  -7.5232234, -11.809508 ,  -4.71543  ,  -14.441873 ,  -9.370485 , -10.875785 ]; [[8995.71576545, -99.64522724,1283.6001923 , 715.50381513,  71.79615658,   111.42725543,  67.86718952,  48.84489256,  63.65927357, 155.67380134,    13.17841141,  99.83485055,  -6.99175185], [ -99.64522724,3693.87706784,-568.069169  , 132.68581568, 222.42164706,  -290.31574461,-172.6102047 ,-239.56054175,-119.67281471,-209.36542292,  -122.94527302, -42.89894803,  55.7023475 ], [1283.6001923 ,-568.069169  ,1088.94485669, 241.86360681, 311.05905474,   269.61034744, 177.76790731, 164.92785332, 124.41470839,  63.89792645,    48.93729382,  97.37757173, -20.77191585], [ 715.50381513, 132.68581568, 241.86360681, 606.23659785, 156.04173948,   258.42644231, 217.22865992, 170.27322722, 208.09569543, 133.41327589,    89.96757455,  -9.13293927, -73.91685003], [  71.79615658, 222.42164706, 311.05905474, 156.04173948, 294.0910712 ,   121.98448104, 125.40052024, 118.17284834, 122.71741184, 105.91475384,    54.19351372,  42.09555147,  -8.41403851], [ 111.42725543,-290.31574461, 269.61034744, 258.42644231, 121.98448104,   268.2242619 , 186.50930305, 161.27014117, 153.91273225, 117.03165155,    91.63340717,  -4.91887782, -56.59077519], [  67.86718952,-172.6102047 , 177.76790731, 217.22865992, 125.40052024,   186.50930305, 226.05633762, 170.52434872, 141.36793393,  99.73216143,    80.10116449,  21.80950963, -12.88441109], [  48.84489256,-239.56054175, 164.92785332, 170.27322722, 118.17284834,   161.27014117, 170.52434872, 224.07657282, 186.4729481 , 130.98485993,    48.31892446,   4.62172071, -45.90504496], [  63.65927357,-119.67281471, 124.41470839, 208.09569543, 122.71741184,   153.91273225, 141.36793393, 186.4729481 , 228.75529077, 168.26652242,    53.77277082, -22.44583642, -77.78345767], [ 155.67380134,-209.36542292,  63.89792645, 133.41327589, 105.91475384,   117.03165155,  99.73216143, 130.98485993, 168.26652242, 216.5362828 ,    93.23197812, -21.47098653, -67.76995704], [  13.17841141,-122.94527302,  48.93729382,  89.96757455,  54.19351372,    91.63340717,  80.10116449,  48.31892446,  53.77277082,  93.23197812,   152.13534554,  27.90338186, -12.66094218], [  99.83485055, -42.89894803,  97.37757173,  -9.13293927,  42.09555147,    -4.91887782,  21.80950963,   4.62172071, -22.44583642, -21.47098653,    27.90338186,  98.23617381,  81.23750381], [  -6.99175185,  55.7023475 , -20.77191585, -73.91685003,  -8.41403851,   -56.59077519, -12.88441109, -45.90504496, -77.78345767, -67.76995704,   -12.66094218,  81.23750381, 145.66582798]]
/root/sim/music/701~800/713_Battle_Fang.mp3; [-527.2931   ,  97.416016 ,  -2.0177686,  52.086052 ,  17.124516 ,   16.110802 ,  12.18437  ,   2.3116703,   9.680806 ,   4.370536 ,   -4.1695466,  -0.2903688,  -0.8585738]; [[1260.34195823,-393.80046656, 396.89781181,-168.01503833,   3.86002001,    37.75619079, -28.46173119, 119.18643888, -63.9851026 ,  42.06820186,    55.29591618,  33.69321503,  23.17189838], [-393.80046656, 414.74925983,-259.803416  , 140.61724295, -63.0955663 ,    -5.84092838,  -3.73656561, -77.89993028,  13.43039743, -42.46078373,   -31.20789803, -20.89763374, -12.76466933], [ 396.89781181,-259.803416  , 336.71894378, -97.14009462,  73.69621097,    17.60803318,  -8.69986956,  62.36757731, -31.12606962,  22.59802237,    23.77600769,  20.96811218,  20.86310839], [-168.01503833, 140.61724295, -97.14009462, 116.98648507, -16.77971973,    27.62009808,   4.46031673, -12.59417939,  13.52204144,  -5.31007965,    -2.50995164,  -4.63785282,  -2.64423464], [   3.86002001, -63.0955663 ,  73.69621097, -16.77971973,  68.74963311,    10.83686043,  18.80229668,   9.77544241,   6.45156082,  11.27352058,     6.70212043,   9.22342961,   5.59846135], [  37.75619079,  -5.84092838,  17.60803318,  27.62009808,  10.83686043,    50.44354201,  12.58756089,  20.48931624,  -0.91336638,   8.85403626,    11.56885072,   6.39544711,   3.61308678], [ -28.46173119,  -3.73656561,  -8.69986956,   4.46031673,  18.80229668,    12.58756089,  41.4741705 ,  10.4753321 ,  15.40679553,   6.9843362 ,     8.61238626,   4.37750464,   0.47682907], [ 119.18643888, -77.89993028,  62.36757731, -12.59417939,   9.77544241,    20.48931624,  10.4753321 ,  53.45054797,   7.44245432,  20.68907631,    13.4095544 ,   9.54238701,   3.86899892], [ -63.9851026 ,  13.43039743, -31.12606962,  13.52204144,   6.45156082,    -0.91336638,  15.40679553,   7.44245432,  39.60248543,  16.25063639,     4.95037444,   1.80553663,  -2.36011353], [  42.06820186, -42.46078373,  22.59802237,  -5.31007965,  11.27352058,     8.85403626,   6.9843362 ,  20.68907631,  16.25063639,  35.11804375,    13.76190332,   8.96892073,   0.43892172], [  55.29591618, -31.20789803,  23.77600769,  -2.50995164,   6.70212043,    11.56885072,   8.61238626,  13.4095544 ,   4.95037444,  13.76190332,    27.56855585,  13.78100946,   5.45195145], [  33.69321503, -20.89763374,  20.96811218,  -4.63785282,   9.22342961,     6.39544711,   4.37750464,   9.54238701,   1.80553663,   8.96892073,    13.78100946,  23.87588553,  10.39367427], [  23.17189838, -12.76466933,  20.86310839,  -2.64423464,   5.59846135,     3.61308678,   0.47682907,   3.86899892,  -2.36011353,   0.43892172,     5.45195145,  10.39367427,  21.4010037 ]]
/root/sim/music/701~800/727_青空.mp3; [-703.01654  , 188.15086  , -17.828274 ,   9.713147 ,  15.343778 ,   -1.1084836,  -5.0688334,   2.9567404,   5.536572 ,   4.6919746,    1.2665052,   9.565104 ,   2.888922 ]; [[19493.67970266,-1793.32768033,-3966.77497375,  505.39842929,    225.68942148,-1177.22766486,-1036.51562797, -116.57163104,   -169.14341062, -495.9264631 , -709.29907487,   73.37455894,    105.38343758], [-1793.32768033, 2886.91161511, -111.96518401, -768.02776642,   -163.62855212,  114.29558965,  203.95209173, -126.32563416,      4.17577585,  143.22740731,  177.96231901,   10.76427634,    -63.67423613], [-3966.77497375, -111.96518401, 1896.06778843,  188.92575241,     75.71341611,  540.85405264,  493.35167843,  310.54220231,    164.20207318,  227.75298214,  291.56058343,   27.81207318,    -51.96386633], [  505.39842929, -768.02776642,  188.92575241,  583.46272275,    210.42196141,    6.5490812 ,   14.85720029,   73.0917709 ,     53.61743479,   -7.54692344,  -71.96224877,   -3.3127179 ,     38.37615882], [  225.68942148, -163.62855212,   75.71341611,  210.42196141,    237.64106329,   54.57599702,   37.71414202,   64.77308286,     65.03799761,   33.56250053,  -16.0939156 ,   11.05242762,     22.2403222 ], [-1177.22766486,  114.29558965,  540.85405264,    6.5490812 ,     54.57599702,  348.9358101 ,  221.59551476,  117.44317248,     92.45952237,   84.94378638,  115.81592601,   23.11500116,     -9.08270398], [-1036.51562797,  203.95209173,  493.35167843,   14.85720029,     37.71414202,  221.59551476,  323.42882824,  170.85330076,    108.84620763,  107.72004045,   98.53208045,   10.79284121,    -15.08902434], [ -116.57163104, -126.32563416,  310.54220231,   73.0917709 ,     64.77308286,  117.44317248,  170.85330076,  253.48161255,    111.88071459,   56.03492138,   66.80272496,    9.4166245 ,     15.69157884], [ -169.14341062,    4.17577585,  164.20207318,   53.61743479,     65.03799761,   92.45952237,  108.84620763,  111.88071459,    175.05444447,   68.97525201,   25.35988837,   -2.63511939,      2.20621459], [ -495.9264631 ,  143.22740731,  227.75298214,   -7.54692344,     33.56250053,   84.94378638,  107.72004045,   56.03492138,     68.97525201,  174.08069298,   56.80485794,    4.77301187,     -9.39790517], [ -709.29907487,  177.96231901,  291.56058343,  -71.96224877,    -16.0939156 ,  115.81592601,   98.53208045,   66.80272496,     25.35988837,   56.80485794,  181.79208253,   35.60331819,    -12.41942413], [   73.37455894,   10.76427634,   27.81207318,   -3.3127179 ,     11.05242762,   23.11500116,   10.79284121,    9.4166245 ,     -2.63511939,    4.77301187,   35.60331819,   92.58165928,     18.6463688 ], [  105.38343758,  -63.67423613,  -51.96386633,   38.37615882,     22.2403222 ,   -9.08270398,  -15.08902434,   15.69157884,      2.20621459,   -9.39790517,  -12.41942413,   18.6463688 ,     89.4553396 ]]
/root/sim/music/701~800/770_Nostalgia.mp3; [-683.4566    , 211.22319   ,  17.372072  ,  -9.45232   ,  -8.176626  ,   -1.1060865 ,  -0.8004841 ,   1.485512  ,   0.38787973,  -3.8397498 ,    0.79576886,   4.4247346 ,   1.2915292 ]; [[22970.37210337,-4994.87203886, 3146.49722258, 1481.21682501,   1143.85608375, 1182.17926695,  514.86787184,  842.993122  ,   1113.22366715,  768.00827817,  494.39511684,  176.72574574,     68.09863722], [-4994.87203886, 7427.99467026, -520.38117728, -642.71112751,    202.33482157,  -33.50956303, -114.92815855, -192.90888968,   -160.32824933, -117.1850819 , -151.07879038,  -19.13966362,      2.65123264], [ 3146.49722258, -520.38117728, 1495.29731481,  423.4865194 ,    180.81520944,  280.01749769,  133.06209402,  167.67601481,    244.29697774,  116.29425542,    2.85271428,    4.7683518 ,     23.37781637], [ 1481.21682501, -642.71112751,  423.4865194 ,  485.28891478,    115.03864434,  108.28159352,   76.52994039,  117.32905784,    121.90120504,   93.12843652,   16.41128347,   -9.32691237,     19.42956227], [ 1143.85608375,  202.33482157,  180.81520944,  115.03864434,    303.39661646,  133.80447979,   42.21598331,   80.21050018,    114.88214548,   59.61041332,   49.37856569,   39.53910108,     22.75779165], [ 1182.17926695,  -33.50956303,  280.01749769,  108.28159352,    133.80447979,  247.78929045,   89.29388308,   41.62645989,     67.10212246,   52.07030321,   49.81146558,   57.07381543,      2.74830552], [  514.86787184, -114.92815855,  133.06209402,   76.52994039,     42.21598331,   89.29388308,  150.71398808,   67.16223439,     27.10025904,   20.31397835,   19.24259027,    3.04663314,     -7.04341886], [  842.993122  , -192.90888968,  167.67601481,  117.32905784,     80.21050018,   41.62645989,   67.16223439,  159.31276397,    119.69971124,   47.51882291,    7.95739315,   -7.01854271,     15.67467434], [ 1113.22366715, -160.32824933,  244.29697774,  121.90120504,    114.88214548,   67.10212246,   27.10025904,  119.69971124,    221.41115971,   99.56243673,   21.27739549,   -2.82700528,     11.14893507], [  768.00827817, -117.1850819 ,  116.29425542,   93.12843652,     59.61041332,   52.07030321,   20.31397835,   47.51882291,     99.56243673,  160.45621414,   73.42379121,  -24.22521915,    -37.91818168], [  494.39511684, -151.07879038,    2.85271428,   16.41128347,     49.37856569,   49.81146558,   19.24259027,    7.95739315,     21.27739549,   73.42379121,  134.15062507,   48.69239796,    -36.89265302], [  176.72574574,  -19.13966362,    4.7683518 ,   -9.32691237,     39.53910108,   57.07381543,    3.04663314,   -7.01854271,     -2.82700528,  -24.22521915,   48.69239796,  167.7921247 ,     56.17813766], [   68.09863722,    2.65123264,   23.37781637,   19.42956227,     22.75779165,    2.74830552,   -7.04341886,   15.67467434,     11.14893507,  -37.91818168,  -36.89265302,   56.17813766,    138.38765006]]
/root/sim/music/701~800/772_宇宙紀行_-Cosmo_Night_Paradox-.mp3; [-593.0838    , 127.59358   , -14.266263  ,  18.95851   ,   3.2168252 ,   -0.7484764 ,   3.7906349 ,   0.25782782,  -4.288442  ,   6.0446963 ,   -4.0582724 ,  -1.4150163 ,  -3.8388264 ]; [[13419.42611341,  307.66935864, 2169.55479702,  247.97740222,    285.53601295,   60.69166064,  290.0440528 ,  198.49198917,     82.78333456,  263.74535582,   91.04364396,  -26.24162589,    -39.17583278], [  307.66935864, 3636.41993499, -317.71257512,  185.60149762,    378.47844916, -130.79334627,  341.90372174,   25.01095397,     76.92973462,  141.70408423,   50.00743171,   73.43122857,     48.13554433], [ 2169.55479702, -317.71257512, 2380.48803024,  244.52276899,    388.23503247,  207.18005738,  252.72731579,  207.51047085,    165.96470147,  141.20939712,  147.36674535,   64.06120379,     85.31908554], [  247.97740222,  185.60149762,  244.52276899,  583.96156077,    169.9457038 ,  126.23543461,    7.16299859,  110.90428483,     98.9620041 ,   18.74859184,    9.54922389,   33.48186325,     10.74444889], [  285.53601295,  378.47844916,  388.23503247,  169.9457038 ,    426.05570468,   28.3107671 ,  155.47597258,   97.48659498,    104.05461573,  106.20059771,   66.98188589,   62.65439789,     59.58043289], [   60.69166064, -130.79334627,  207.18005738,  126.23543461,     28.3107671 ,  411.90806649,   39.81077898,   82.02679605,     50.27231682,   -3.20751952,   60.59183813,    6.01373419,      5.14684885], [  290.0440528 ,  341.90372174,  252.72731579,    7.16299859,    155.47597258,   39.81077898,  336.05061564,   90.99810038,     68.2310298 ,  133.95032349,   69.20986288,   48.93191519,     44.09111071], [  198.49198917,   25.01095397,  207.51047085,  110.90428483,     97.48659498,   82.02679605,   90.99810038,  158.39790961,     66.89984348,   48.49682976,   45.22373669,   32.61432348,     39.83548966], [   82.78333456,   76.92973462,  165.96470147,   98.9620041 ,    104.05461573,   50.27231682,   68.2310298 ,   66.89984348,    150.63828332,   61.32322614,   34.33340999,   18.38241004,     19.42477441], [  263.74535582,  141.70408423,  141.20939712,   18.74859184,    106.20059771,   -3.20751952,  133.95032349,   48.49682976,     61.32322614,  165.60240344,   61.30469856,   35.10561151,     29.94060282], [   91.04364396,   50.00743171,  147.36674535,    9.54922389,     66.98188589,   60.59183813,   69.20986288,   45.22373669,     34.33340999,   61.30469856,  119.36604454,   43.12529698,     32.60620304], [  -26.24162589,   73.43122857,   64.06120379,   33.48186325,     62.65439789,    6.01373419,   48.93191519,   32.61432348,     18.38241004,   35.10561151,   43.12529698,  117.33885463,     62.23537923], [  -39.17583278,   48.13554433,   85.31908554,   10.74444889,     59.58043289,    5.14684885,   44.09111071,   39.83548966,     19.42477441,   29.94060282,   32.60620304,   62.23537923,    105.41817453]]
/root/sim/music/701~800/791_穏やかな休日.mp3; [-823.84985  , 251.98024  ,  10.861352 , -16.865881 , -10.421101 ,  -18.312048 , -16.855045 ,  -7.6286564,  -8.996999 , -11.890792 ,   -7.7278633,  -5.083927 , -10.258622 ]; [[13040.79200823, 1345.48030528,-2682.44176319,  -10.69438267,    764.24954346,   -1.1392385 ,    8.94069772,  441.700915  ,    231.95330456, -203.27600795, -169.70246263,  -83.03295457,   -249.17990653], [ 1345.48030528, 1904.25225495,  -13.02856816, -342.52984524,     16.01226827,  128.84588447,  -32.02066051, -159.65506293,   -164.77169459,  -54.99397525,  -22.4832318 ,  -19.15538968,     -3.30697647], [-2682.44176319,  -13.02856816, 1020.50887989,   80.84548758,   -247.19151637,   52.27056444,   71.12065401,  -84.6983853 ,    -59.89426078,   45.4355118 ,   33.45430941,   -2.87841244,     40.76818447], [  -10.69438267, -342.52984524,   80.84548758,  250.51412365,     78.87471682,   -4.92284227,   57.32570373,   81.3251229 ,     49.16971245,   25.8140748 ,   33.1067681 ,   20.53199214,      1.7159997 ], [  764.24954346,   16.01226827, -247.19151637,   78.87471682,    234.76367743,   69.32509488,    5.3344969 ,   34.19119766,     17.40383484,  -13.71962248,    7.66369507,   31.76688359,     13.85979036], [   -1.1392385 ,  128.84588447,   52.27056444,   -4.92284227,     69.32509488,  147.58931092,   52.77623796,  -27.06215692,    -27.86649291,  -14.25505919,  -11.43695538,    4.92686711,     32.95505561], [    8.94069772,  -32.02066051,   71.12065401,   57.32570373,      5.3344969 ,   52.77623796,  130.49409854,   79.02237438,     16.85310684,   -5.34630017,   -9.52708629,   -2.43560464,     27.31474019], [  441.700915  , -159.65506293,  -84.6983853 ,   81.3251229 ,     34.19119766,  -27.06215692,   79.02237438,  175.9192958 ,    106.03749806,   -4.88402904,  -22.42227607,  -10.48791613,      0.52500604], [  231.95330456, -164.77169459,  -59.89426078,   49.16971245,     17.40383484,  -27.86649291,   16.85310684,  106.03749806,    139.60442611,   52.82997961,  -18.1081665 ,  -29.00400271,    -17.97663985], [ -203.27600795,  -54.99397525,   45.4355118 ,   25.8140748 ,    -13.71962248,  -14.25505919,   -5.34630017,   -4.88402904,     52.82997961,  126.28981921,   67.07309365,  -23.59608468,    -31.28804568], [ -169.70246263,  -22.4832318 ,   33.45430941,   33.1067681 ,      7.66369507,  -11.43695538,   -9.52708629,  -22.42227607,    -18.1081665 ,   67.07309365,  124.65439195,   54.25506121,     -9.53365712], [  -83.03295457,  -19.15538968,   -2.87841244,   20.53199214,     31.76688359,    4.92686711,   -2.43560464,  -10.48791613,    -29.00400271,  -23.59608468,   54.25506121,  149.46404601,     95.64864328], [ -249.17990653,   -3.30697647,   40.76818447,    1.7159997 ,     13.85979036,   32.95505561,   27.31474019,    0.52500604,    -17.97663985,  -31.28804568,   -9.53365712,   95.64864328,    182.0613988 ]]
/root/sim/music/701~800/753_cradle_dream.mp3; [-662.234    , 130.42375  , -48.10883  ,  21.003748 ,  -7.229057 ,   -2.3500233, -19.071709 , -12.552576 ,  -7.124038 , -19.368525 ,  -19.075346 ,  -7.206567 ,  -3.1639514]; [[1196.51989709,-596.60066944, 348.63110401,-145.30066259, 309.91035414,    31.51911319, 209.95625394, -94.70246519, 234.94573406,  70.29099004,   -72.7258203 ,  73.60127068,  32.20477427], [-596.60066944, 601.62383355,-199.74781605, 138.41295667,-201.45380622,    21.32657197,-113.96439513,  77.87712773,-139.52513789,   9.16718546,    74.71058937, -38.88505609, -28.71329732], [ 348.63110401,-199.74781605, 316.35407496, -42.85679238, 163.51117733,     5.75160459,  96.89510399, -19.37440085, 108.6714211 ,  30.16314547,    -0.00034309,  45.4509144 ,  42.62764325], [-145.30066259, 138.41295667, -42.85679238, 154.66450082, -10.84953156,    39.98392397, -15.29796634,  65.94440206,  -4.81977958, -52.14575947,    33.11368161,  37.59003606,  21.48747863], [ 309.91035414,-201.45380622, 163.51117733, -10.84953156, 253.03061779,    51.10054495, 133.46120946,  -6.99073021, 122.68084565,  22.95129741,    -2.83554343,  42.35930035,  29.34377655], [  31.51911319,  21.32657197,   5.75160459,  39.98392397,  51.10054495,   105.62739164,  53.26946956,  36.99273632,  24.09194224,  10.52256806,     8.76167222,  15.36734676,   7.32195461], [ 209.95625394,-113.96439513,  96.89510399, -15.29796634, 133.46120946,    53.26946956, 178.36456208, -23.72173401, 113.91402885,  43.48349262,   -19.89832593,   4.18777361,  -3.60822199], [ -94.70246519,  77.87712773, -19.37440085,  65.94440206,  -6.99073021,    36.99273632, -23.72173401, 198.22830983, -66.79676743,  -4.44332264,    70.06617719,  54.36094311,   8.81464703], [ 234.94573406,-139.52513789, 108.6714211 ,  -4.81977958, 122.68084565,    24.09194224, 113.91402885, -66.79676743, 241.30375914, -40.49014333,   -54.9509489 ,   6.73763308,  82.55247862], [  70.29099004,   9.16718546,  30.16314547, -52.14575947,  22.95129741,    10.52256806,  43.48349262,  -4.44332264, -40.49014333, 215.67337071,    28.45094444, -33.16960861, -86.99235021], [ -72.7258203 ,  74.71058937,  -0.00034309,  33.11368161,  -2.83554343,     8.76167222, -19.89832593,  70.06617719, -54.9509489 ,  28.45094444,   130.110991  ,  53.56124431, -36.32962786], [  73.60127068, -38.88505609,  45.4509144 ,  37.59003606,  42.35930035,    15.36734676,   4.18777361,  54.36094311,   6.73763308, -33.16960861,    53.56124431, 124.23335888,  26.93324843], [  32.20477427, -28.71329732,  42.62764325,  21.48747863,  29.34377655,     7.32195461,  -3.60822199,   8.81464703,  82.55247862, -86.99235021,   -36.32962786,  26.93324843, 181.67002933]]
/root/sim/music/701~800/736_碧は続いて.mp3; [-632.54816   , 165.93239   ,  -9.418212  ,  11.1171875 ,   0.40031922,    1.5110685 ,  -8.399871  ,  -1.9190923 , -10.127704  ,  -7.530414  ,  -12.175146  ,  -3.9678252 ,  -1.2789881 ]; [[ 3553.9905331 ,-2190.38417428,  851.68761809, -346.57995182,    156.47249685,  -40.42966012,  -43.57181152,  101.02948102,     78.43474192,   28.33175357,  -37.8244639 ,   75.87236123,    114.8334712 ], [-2190.38417428, 2522.55029367, -746.53811271,  470.83175834,     43.66622699,  207.84876248,  111.42849687,  -65.37722313,     55.67831396,    9.17128522,   62.57193319,  -29.13525233,    -25.2636294 ], [  851.68761809, -746.53811271,  661.10496996, -294.60545045,    209.06556891,  -17.40185644,   -1.42759369,   38.26961363,     24.2672739 ,   19.08485571,   24.44826548,   29.8303713 ,     46.78065364], [ -346.57995182,  470.83175834, -294.60545045,  468.72229439,    -64.70315239,   93.840813  ,  135.60556837,   11.31203357,     58.70355756,   17.36023534,   64.37382859,  -12.55944481,    -23.65246757], [  156.47249685,   43.66622699,  209.06556891,  -64.70315239,    198.08999741,   51.10452566,   38.59699354,    7.98061072,     38.26388001,   18.67198265,   32.48671859,   20.71584089,     39.25669306], [  -40.42966012,  207.84876248,  -17.40185644,   93.840813  ,     51.10452566,  124.87571016,   52.17387255,   25.5889179 ,     37.1825863 ,   15.56630721,   34.25200699,   20.60798416,      7.07853331], [  -43.57181152,  111.42849687,   -1.42759369,  135.60556837,     38.59699354,   52.17387255,  142.55950278,   27.33129979,     52.00887262,    5.76410419,   48.11175574,    0.7111211 ,      6.09184286], [  101.02948102,  -65.37722313,   38.26961363,   11.31203357,      7.98061072,   25.5889179 ,   27.33129979,   86.32154138,     40.92759757,   14.66934124,   -4.12303263,    6.89361693,     19.89655828], [   78.43474192,   55.67831396,   24.2672739 ,   58.70355756,     38.26388001,   37.1825863 ,   52.00887262,   40.92759757,    108.39402139,   32.80574378,   43.09948501,   21.18078981,     17.93806881], [   28.33175357,    9.17128522,   19.08485571,   17.36023534,     18.67198265,   15.56630721,    5.76410419,   14.66934124,     32.80574378,   53.50068754,   30.03843504,   13.26580212,     -2.35931963], [  -37.8244639 ,   62.57193319,   24.44826548,   64.37382859,     32.48671859,   34.25200699,   48.11175574,   -4.12303263,     43.09948501,   30.03843504,   90.57104958,   39.83054206,     -3.40542747], [   75.87236123,  -29.13525233,   29.8303713 ,  -12.55944481,     20.71584089,   20.60798416,    0.7111211 ,    6.89361693,     21.18078981,   13.26580212,   39.83054206,   86.89797436,     24.22572466], [  114.8334712 ,  -25.2636294 ,   46.78065364,  -23.65246757,     39.25669306,    7.07853331,    6.09184286,   19.89655828,     17.93806881,   -2.35931963,   -3.40542747,   24.22572466,     76.96190491]]
/root/sim/music/701~800/790_ネオン、水槽、地雷系.mp3; [-683.8802    , 129.1722    ,  22.625195  ,   9.149443  , -18.253159  ,   -5.461785  ,  -7.0319877 ,   9.451746  ,  -0.94987583,   7.3644843 ,    8.970498  ,   8.289249  ,   2.3535318 ]; [[ 6947.67171206,-1707.621701  ,  679.30193092, 2321.71141352,   1390.57308016, 1149.73089837,  637.5472855 ,  769.66113857,    879.346329  ,  626.36715793,  278.6374167 ,  252.75502443,    198.42839065], [-1707.621701  , 2013.26555011,   78.60897223, -541.806854  ,    -73.20258547,  116.32687069,  275.72296403,  176.37227889,     68.30227618,  -79.39886083,  -58.97936016,   40.64019262,     50.72129022], [  679.30193092,   78.60897223, 1055.62891491,  698.1179958 ,    477.89308733,  262.72389258,  205.12430113,  173.09385242,    132.03848547,  122.4301282 ,  161.21026462,   96.31045366,     48.98087315], [ 2321.71141352, -541.806854  ,  698.1179958 , 1524.63412676,    982.81240236,  590.71665085,  322.06557025,  407.84524063,    420.63915892,  401.29087735,  263.90144915,  167.24227861,    111.81905209], [ 1390.57308016,  -73.20258547,  477.89308733,  982.81240236,    838.27134674,  544.61458211,  339.8346732 ,  376.16116007,    360.31367462,  312.55713226,  209.4775967 ,  152.33996027,    116.32163973], [ 1149.73089837,  116.32687069,  262.72389258,  590.71665085,    544.61458211,  534.04886999,  358.91208847,  331.81308845,    312.42561287,  221.54208591,  126.00125708,  132.42734552,    121.65156449], [  637.5472855 ,  275.72296403,  205.12430113,  322.06557025,    339.8346732 ,  358.91208847,  358.49244467,  340.66206379,    272.79367178,  166.29908438,   93.01742205,  109.98753663,    110.53039729], [  769.66113857,  176.37227889,  173.09385242,  407.84524063,    376.16116007,  331.81308845,  340.66206379,  459.08947518,    373.31458532,  227.35210773,  113.67078702,  118.86643437,    118.13742404], [  879.346329  ,   68.30227618,  132.03848547,  420.63915892,    360.31367462,  312.42561287,  272.79367178,  373.31458532,    384.8119356 ,  242.24773624,  111.13515345,  108.05613959,    102.31066025], [  626.36715793,  -79.39886083,  122.4301282 ,  401.29087735,    312.55713226,  221.54208591,  166.29908438,  227.35210773,    242.24773624,  252.82062727,  148.58777715,   92.17778159,     70.07244864], [  278.6374167 ,  -58.97936016,  161.21026462,  263.90144915,    209.4775967 ,  126.00125708,   93.01742205,  113.67078702,    111.13515345,  148.58777715,  150.91426507,   85.79372814,     44.50262597], [  252.75502443,   40.64019262,   96.31045366,  167.24227861,    152.33996027,  132.42734552,  109.98753663,  118.86643437,    108.05613959,   92.17778159,   85.79372814,  107.25630611,     74.49420554], [  198.42839065,   50.72129022,   48.98087315,  111.81905209,    116.32163973,  121.65156449,  110.53039729,  118.13742404,    102.31066025,   70.07244864,   44.50262597,   74.49420554,    101.24069588]]
/root/sim/music/701~800/731_Vanilla_Sky.mp3; [-658.5481   , 126.901436 ,  11.431978 ,  16.438633 ,  -6.4232097,    0.4439706,  -6.9997463,   6.554563 ,  -6.404379 ,   2.830506 ,    3.4626637,   2.6006198,   7.531515 ]; [[16986.47304608,-3781.62706759, 1684.21077062, 1477.32317738,   1032.73397385,  723.4144993 ,  728.76895319,  732.04473003,   1263.08089742,  936.92488101,  497.78985711,  744.97816121,    136.88596713], [-3781.62706759, 4252.47170089, -824.42842349,  -27.04054777,     38.26438352, -123.0100197 , -124.53385773, -170.51888628,   -296.36389079,  -88.3831152 ,   10.96151204,  -72.76715105,    115.47154957], [ 1684.21077062, -824.42842349, 1165.22422984,  208.37646644,    369.40236428,  333.67897382,  172.94682289,  345.03685882,    257.99512619,  247.05336912,  176.35461278,  170.32499379,     98.04737615], [ 1477.32317738,  -27.04054777,  208.37646644,  733.83476851,    367.96343662,  205.73011678,  333.05607317,  198.57001392,    353.91477555,  246.08953123,  228.10160796,  229.43227431,    105.92150075], [ 1032.73397385,   38.26438352,  369.40236428,  367.96343662,    497.95124806,  253.96734892,  207.47848859,  213.14208166,    285.96431732,  229.86015155,  196.97553113,  206.04671925,     92.95465341], [  723.4144993 , -123.0100197 ,  333.67897382,  205.73011678,    253.96734892,  375.87828074,  226.8378137 ,  189.47824298,    109.83313994,  128.34778931,  143.81016644,  142.36879222,    102.56420846], [  728.76895319, -124.53385773,  172.94682289,  333.05607317,    207.47848859,  226.8378137 ,  407.81745998,  206.28096402,    168.72192935,  135.31191404,  126.47327153,  151.17563361,     97.15723707], [  732.04473003, -170.51888628,  345.03685882,  198.57001392,    213.14208166,  189.47824298,  206.28096402,  333.4210439 ,    223.65077047,  129.17362718,  130.01286582,   91.96901996,     82.30504315], [ 1263.08089742, -296.36389079,  257.99512619,  353.91477555,    285.96431732,  109.83313994,  168.72192935,  223.65077047,    473.68307982,  243.55316611,  136.98354109,  162.96067889,     11.25015799], [  936.92488101,  -88.3831152 ,  247.05336912,  246.08953123,    229.86015155,  128.34778931,  135.31191404,  129.17362718,    243.55316611,  270.36996911,  157.86199211,  136.5344755 ,     59.9761884 ], [  497.78985711,   10.96151204,  176.35461278,  228.10160796,    196.97553113,  143.81016644,  126.47327153,  130.01286582,    136.98354109,  157.86199211,  228.19275184,  138.99262826,     71.41541065], [  744.97816121,  -72.76715105,  170.32499379,  229.43227431,    206.04671925,  142.36879222,  151.17563361,   91.96901996,    162.96067889,  136.5344755 ,  138.99262826,  209.34977239,     79.84273151], [  136.88596713,  115.47154957,   98.04737615,  105.92150075,     92.95465341,  102.56420846,   97.15723707,   82.30504315,     11.25015799,   59.9761884 ,   71.41541065,   79.84273151,    168.04474538]]
/root/sim/music/701~800/732_Whose_Michael.mp3; [-697.3295   ,  99.91868  ,  24.670456 ,   7.635941 ,  22.508062 ,    7.551983 ,   3.7632113,   3.68436  ,   4.759232 ,  -3.822059 ,   -8.156944 ,  -8.699964 ,  -3.4864676]; [[73013.57652294,10258.08976044, 2362.61971715, 1381.94125362,   2470.55240504,  665.96164572, -280.56597692,  424.24456178,    257.65764358, -635.45486452, -658.7279443 , -908.0976321 ,   -303.50336731], [10258.08976044, 2564.00515854,  377.4683696 ,  140.44491517,    419.21542422,  187.88781221,  -81.05748218,  102.44945407,    145.17690765,  -86.08450205, -138.19604403, -171.20443393,    -63.58969962], [ 2362.61971715,  377.4683696 ,  731.04874994,  -58.29755261,    131.27110142,   71.4032648 ,  -69.14118023,   25.46431306,    151.74915702,   23.1486054 ,   39.40246568,  -72.59964822,     19.81795098], [ 1381.94125362,  140.44491517,  -58.29755261,  145.27580937,     37.09866009,   11.83228557,  -45.65767149,    1.02171007,    -26.35814826,  -32.03847682,    8.87004244,   15.21875991,     10.77054622], [ 2470.55240504,  419.21542422,  131.27110142,   37.09866009,    173.20174363,   46.34850468,  -18.96372945,  -10.53037965,     48.25333735,  -33.0312732 ,  -25.80579818,  -23.10560164,     -9.18421055], [  665.96164572,  187.88781221,   71.4032648 ,   11.83228557,     46.34850468,   76.73351183,  -38.27261971,    4.38220407,     26.30331595,   -1.25931779,   22.90971604,   -8.65449308,      8.72717331], [ -280.56597692,  -81.05748218,  -69.14118023,  -45.65767149,    -18.96372945,  -38.27261971,  183.73289626,   -5.91842834,    -26.2706463 ,   38.0997753 ,  -53.96834326,  -19.50607088,    -53.39510956], [  424.24456178,  102.44945407,   25.46431306,    1.02171007,    -10.53037965,    4.38220407,   -5.91842834,   79.91973005,      1.48997902,   12.15221135,    2.09252634,   -6.63474624,      8.79029157], [  257.65764358,  145.17690765,  151.74915702,  -26.35814826,     48.25333735,   26.30331595,  -26.2706463 ,    1.48997902,     79.04148409,   12.52321668,   13.08660771,  -15.01678887,     -4.1319458 ], [ -635.45486452,  -86.08450205,   23.1486054 ,  -32.03847682,    -33.0312732 ,   -1.25931779,   38.0997753 ,   12.15221135,     12.52321668,   69.58902958,   -0.5919317 ,  -12.78794948,    -23.18758486], [ -658.7279443 , -138.19604403,   39.40246568,    8.87004244,    -25.80579818,   22.90971604,  -53.96834326,    2.09252634,     13.08660771,   -0.5919317 ,  100.25136159,   27.42419042,     28.60960949], [ -908.0976321 , -171.20443393,  -72.59964822,   15.21875991,    -23.10560164,   -8.65449308,  -19.50607088,   -6.63474624,    -15.01678887,  -12.78794948,   27.42419042,   82.19155644,     32.96144069], [ -303.50336731,  -63.58969962,   19.81795098,   10.77054622,     -9.18421055,    8.72717331,  -53.39510956,    8.79029157,     -4.1319458 ,  -23.18758486,   28.60960949,   32.96144069,     72.16711281]]
/root/sim/music/701~800/800_ほんわか好日(Cozy_good_days).mp3; [-970.3151   , 125.198265 , -54.171314 , -20.85183  , -53.256355 ,  -45.968937 , -37.51616  ,  -8.654653 ,   3.6547709,   3.806921 ,   -1.0479001,  -3.77847  ,  -2.334633 ]; [[23638.46511437, 3523.2614977 ,-5041.89191133, 2785.79961555,  -1973.15716595, -170.72552787, -720.76442842,  151.08326614,   -206.24377124, -218.91864967, -356.64166005, -170.19490329,     25.63211473], [ 3523.2614977 , 1950.03390292, -314.4923071 ,  197.62712064,   -126.17415017, -425.57913357, -541.85115512, -421.03943849,   -315.69003022, -365.39534686, -303.32963133, -148.64884523,   -129.85674867], [-5041.89191133, -314.4923071 , 1803.30410035, -485.13510436,    454.44104746,  -54.78944601,  -94.93117864, -299.45075674,   -181.13308699, -134.10618443, -103.68485779,  -87.10988211,   -110.33721969], [ 2785.79961555,  197.62712064, -485.13510436,  756.04363901,   -142.95156539,  111.88577806, -113.27601228,  -69.22346941,     12.72951741,  144.81699362,  107.28841654,  -22.05104379,    -79.49388662], [-1973.15716595, -126.17415017,  454.44104746, -142.95156539,    406.8454435 ,  124.35177895,  136.8880822 ,  -38.35711443,    -36.36445595,  -38.0689392 ,    8.99557352,   -4.1704438 ,    -45.44477452], [ -170.72552787, -425.57913357,  -54.78944601,  111.88577806,    124.35177895,  368.86931224,  384.50315769,  254.17810057,     58.55073631,    1.87167897,  -10.07430101,  -11.86685947,     29.38478466], [ -720.76442842, -541.85115512,  -94.93117864, -113.27601228,    136.8880822 ,  384.50315769,  639.81753631,  448.28554505,    105.68436729,  -73.70225652,  -62.80051995,   10.70561218,    105.03914143], [  151.08326614, -421.03943849, -299.45075674,  -69.22346941,    -38.35711443,  254.17810057,  448.28554505,  483.37394472,    222.71705115,    6.26996829,  -72.28201372,  -15.49594046,     62.60970026], [ -206.24377124, -315.69003022, -181.13308699,   12.72951741,    -36.36445595,   58.55073631,  105.68436729,  222.71705115,    321.10034513,  245.23496889,   96.22419165,   -4.32798271,    -40.06712267], [ -218.91864967, -365.39534686, -134.10618443,  144.81699362,    -38.0689392 ,    1.87167897,  -73.70225652,    6.26996829,    245.23496889,  421.19707234,  323.91259421,   85.40320967,    -47.31463498], [ -356.64166005, -303.32963133, -103.68485779,  107.28841654,      8.99557352,  -10.07430101,  -62.80051995,  -72.28201372,     96.22419165,  323.91259421,  402.39041221,  215.69274845,     26.64319377], [ -170.19490329, -148.64884523,  -87.10988211,  -22.05104379,     -4.1704438 ,  -11.86685947,   10.70561218,  -15.49594046,     -4.32798271,   85.40320967,  215.69274845,  233.17645298,    125.76648236], [   25.63211473, -129.85674867, -110.33721969,  -79.49388662,    -45.44477452,   29.38478466,  105.03914143,   62.60970026,    -40.06712267,  -47.31463498,   26.64319377,  125.76648236,    190.31838257]]
