/root/sim/music/401~500/417_花束とメープルラテ.mp3; [-545.7453    , 110.90495   ,   7.0469503 ,  26.280363  ,   6.8986926 ,    6.9702654 ,   2.8493452 ,  -2.1025512 ,   4.7963057 ,   4.899037  ,   -0.56628054,   0.9942777 ,  -1.0153346 ]; [[2681.40276709,-137.86253628, -64.9085799 ,-140.34295092,   9.01328333,    53.32484355,   1.95997189, -11.92555869,  -3.36251769,  -3.66942037,   -36.78037558,  16.08998414, -36.46539008], [-137.86253628, 484.74878019,  88.51862745,  38.90405825,   7.77594855,    21.47836351,  59.30628608,  39.50993946,   7.21122412,  39.42607466,    -5.79185084,  33.69927551,  14.47449384], [ -64.9085799 ,  88.51862745, 241.33813958,  87.54473167,  34.08270502,   -35.54978483,  13.85242219,  35.40747878,  46.68804247,  18.26042887,    20.71270618, -12.1521451 ,  11.78845631], [-140.34295092,  38.90405825,  87.54473167, 203.02378248,  51.36621259,    12.30544033,  -1.98969307,  28.0057813 ,  42.31500961,  32.68930564,    14.92442303,  15.99255276,  -4.47930982], [   9.01328333,   7.77594855,  34.08270502,  51.36621259, 135.7806676 ,    62.05219942,  15.61540279,  -6.22867307,   8.80434595,   4.21071705,    21.27084867,   4.6275157 ,  19.43570279], [  53.32484355,  21.47836351, -35.54978483,  12.30544033,  62.05219942,   151.86121674,  55.79602166, -11.86137915, -41.24387325,   4.7650784 ,    15.60462448,  40.05824374,  15.23167849], [   1.95997189,  59.30628608,  13.85242219,  -1.98969307,  15.61540279,    55.79602166, 117.08513557,  24.03358185, -18.29947187, -11.5884993 ,    -0.20050444,  14.89900354,  26.74388429], [ -11.92555869,  39.50993946,  35.40747878,  28.0057813 ,  -6.22867307,   -11.86137915,  24.03358185, 136.43415614,  39.68539044,  -5.33505264,   -32.76090059,  -0.75386275,  21.3280428 ], [  -3.36251769,   7.21122412,  46.68804247,  42.31500961,   8.80434595,   -41.24387325, -18.29947187,  39.68539044, 151.32877595,  36.23442318,     7.38664677, -27.44798808,  -1.63281748], [  -3.66942037,  39.42607466,  18.26042887,  32.68930564,   4.21071705,     4.7650784 , -11.5884993 ,  -5.33505264,  36.23442318, 128.29647367,    42.9107576 ,   6.65880274, -31.86654811], [ -36.78037558,  -5.79185084,  20.71270618,  14.92442303,  21.27084867,    15.60462448,  -0.20050444, -32.76090059,   7.38664677,  42.9107576 ,   125.37988445,  23.78956549, -23.82744476], [  16.08998414,  33.69927551, -12.1521451 ,  15.99255276,   4.6275157 ,    40.05824374,  14.89900354,  -0.75386275, -27.44798808,   6.65880274,    23.78956549, 131.33355913,  15.8499138 ], [ -36.46539008,  14.47449384,  11.78845631,  -4.47930982,  19.43570279,    15.23167849,  26.74388429,  21.3280428 ,  -1.63281748, -31.86654811,   -23.82744476,  15.8499138 , 135.51110206]]
/root/sim/music/401~500/416_夏の終わりの帰り道.mp3; [-729.9717   , 202.17274  , -41.968857 ,  -6.56961  ,  -5.0501366,    1.595093 ,  -4.17811  , -21.636168 , -11.862729 ,  -5.63148  ,   -3.8013718,  -3.8296306,  -5.700377 ]; [[6040.56495901,1493.58277143, 238.02018901,-163.84425521, -80.95598399,   -49.13870583, 404.69099056,  90.20055939,-248.59750045,  77.06192741,   159.59781071, 336.02589491, 215.03762612], [1493.58277143,2247.25392427, 736.6394943 , 366.33652422,-170.0642458 ,   -41.60060394, 277.50209122, 424.69250281,  93.31323011, 135.30959984,    83.23603623,  95.56199898, -54.21339154], [ 238.02018901, 736.6394943 , 850.7244029 , 180.52986397,  90.75178907,   -81.15427573, 194.01509725, 251.0201021 ,  82.21266005, 171.09027302,    18.80565047,  18.09698888,  18.37274127], [-163.84425521, 366.33652422, 180.52986397, 437.88349153,   3.98363593,    89.049432  , -66.37214341, 153.00496407, 130.60712125, -35.25881883,    15.48592548,-103.64531048,-104.53408997], [ -80.95598399,-170.0642458 ,  90.75178907,   3.98363593, 224.04065518,    59.85239128,  56.6525654 , -30.64421701, -43.67794724,  26.95716715,     8.47872933,   5.27252324,  42.77768341], [ -49.13870583, -41.60060394, -81.15427573,  89.049432  ,  59.85239128,   227.48386092,  33.21511034,   1.71250261,  11.02345949, -69.67530917,    18.0470578 ,   7.05612187, -39.27535191], [ 404.69099056, 277.50209122, 194.01509725, -66.37214341,  56.6525654 ,    33.21511034, 389.84755607, 138.16288625, -34.41013251, 130.34427034,    32.13458934, 125.89939689,  71.38303646], [  90.20055939, 424.69250281, 251.0201021 , 153.00496407, -30.64421701,     1.71250261, 138.16288625, 317.22856574, 145.2920279 ,  46.35559717,    23.76001873, -41.47296795, -35.9564312 ], [-248.59750045,  93.31323011,  82.21266005, 130.60712125, -43.67794724,    11.02345949, -34.41013251, 145.2920279 , 248.81977056,  56.50877261,   -13.05374157,-114.40424063,-107.41198593], [  77.06192741, 135.30959984, 171.09027302, -35.25881883,  26.95716715,   -69.67530917, 130.34427034,  46.35559717,  56.50877261, 262.32039462,    73.80245513,  67.75751181,  19.17910785], [ 159.59781071,  83.23603623,  18.80565047,  15.48592548,   8.47872933,    18.0470578 ,  32.13458934,  23.76001873, -13.05374157,  73.80245513,   175.47112547, 127.98593041,  18.41036337], [ 336.02589491,  95.56199898,  18.09698888,-103.64531048,   5.27252324,     7.05612187, 125.89939689, -41.47296795,-114.40424063,  67.75751181,   127.98593041, 314.28556781, 164.50842903], [ 215.03762612, -54.21339154,  18.37274127,-104.53408997,  42.77768341,   -39.27535191,  71.38303646, -35.9564312 ,-107.41198593,  19.17910785,    18.41036337, 164.50842903, 268.50564654]]
/root/sim/music/401~500/475_紺碧のオフロード.mp3; [-595.5121   , 150.11122  , -20.567017 ,  22.321724 ,   5.8603425,   -2.0528076, -11.122401 ,  -6.0001464,  -6.850539 ,   2.5470126,   -1.4249672,  -3.7904224,  -2.9361763]; [[24609.4656906 ,   91.92193841, 1309.67879722,  540.39042991,    606.85316675, 1025.77800846,  496.76072779, 1109.39062941,    514.66495939,  754.52568943,  622.0387992 ,  326.44617194,    138.45966612], [   91.92193841, 1723.7387498 ,-1080.40734164,  -41.1052089 ,   -100.08862657, -330.08898581, -176.47168903, -233.13527951,   -137.81540952,  -81.32108983, -121.84241448, -122.3879498 ,    -46.58268427], [ 1309.67879722,-1080.40734164, 1521.66329892,   40.62745953,    137.03697428,  476.42189007,  193.34211676,  331.0613736 ,    165.35348014,  191.02865721,  162.91828312,  149.43103418,     66.58679337], [  540.39042991,  -41.1052089 ,   40.62745953,  236.21423953,     29.16390493,   20.79245629,   84.80666725,   58.20609573,     36.00420706,   24.77829477,   27.26073657,   -1.35895373,    -23.74959082], [  606.85316675, -100.08862657,  137.03697428,   29.16390493,    164.98730471,   99.30900943,   54.28216276,   68.84437257,     30.83842277,   61.86676177,   55.96638407,   36.89086074,     28.8866919 ], [ 1025.77800846, -330.08898581,  476.42189007,   20.79245629,     99.30900943,  259.30845155,   92.33945108,  144.95631085,     68.33149162,   95.3145642 ,   78.85128704,   76.20186124,     39.30867186], [  496.76072779, -176.47168903,  193.34211676,   84.80666725,     54.28216276,   92.33945108,  138.40425932,   99.89795535,     55.37645002,   42.4610985 ,   51.65680994,   27.51271509,      4.2319429 ], [ 1109.39062941, -233.13527951,  331.0613736 ,   58.20609573,     68.84437257,  144.95631085,   99.89795535,  199.19766208,     84.47708257,   85.83149755,   65.56382464,   40.64340151,     19.03201018], [  514.66495939, -137.81540952,  165.35348014,   36.00420706,     30.83842277,   68.33149162,   55.37645002,   84.47708257,    100.10177749,   66.99207801,   37.42997802,   26.01192704,     12.75482539], [  754.52568943,  -81.32108983,  191.02865721,   24.77829477,     61.86676177,   95.3145642 ,   42.4610985 ,   85.83149755,     66.99207801,  131.29319164,   77.50102433,   41.93835993,     20.16476607], [  622.0387992 , -121.84241448,  162.91828312,   27.26073657,     55.96638407,   78.85128704,   51.65680994,   65.56382464,     37.42997802,   77.50102433,  103.06709896,   53.65323366,     15.59577034], [  326.44617194, -122.3879498 ,  149.43103418,   -1.35895373,     36.89086074,   76.20186124,   27.51271509,   40.64340151,     26.01192704,   41.93835993,   53.65323366,   80.32379344,     40.94992238], [  138.45966612,  -46.58268427,   66.58679337,  -23.74959082,     28.8866919 ,   39.30867186,    4.2319429 ,   19.03201018,     12.75482539,   20.16476607,   15.59577034,   40.94992238,     66.87359167]]
/root/sim/music/401~500/500_悲しみの果て、見失う光.mp3; [-744.7837   , 179.7406   , -31.53619  , -32.89985  , -21.02397  ,  -12.242335 ,  17.926208 ,   0.9470402, -39.206593 ,  -1.8737439,  -13.580982 ,   2.0955315,   7.714492 ]; [[7362.92462803, 835.97764378,  11.73189333, 207.21172599, 410.01931327,   424.17167031, 129.76907918,  48.74528465,-173.99986244,-130.2311075 ,   -44.96700981, -35.47638272, -75.50349811], [ 835.97764378,1656.0758493 ,  94.59738953, 148.42095422,  78.01654894,   -63.065504  ,-344.99917498,-171.17192015, 200.21518498,-122.21861412,    35.8221952 , -27.5488836 ,-125.27223385], [  11.73189333,  94.59738953, 560.06530206,  -6.41830281,  53.86219676,  -116.06164618, -41.52368207, -28.81142065,  73.05062757, -46.92111155,  -131.76480281,-112.26282479, -61.71167272], [ 207.21172599, 148.42095422,  -6.41830281, 312.66720001, 104.10964098,   130.49312515, -15.65446571,   5.66686326,  64.41305059, -34.16299576,    -9.80008855, -30.04399453, -48.36292562], [ 410.01931327,  78.01654894,  53.86219676, 104.10964098, 318.8783508 ,   125.30176727, -45.81632976,  -8.71032323,  40.89227794, -58.11501248,     7.09840672, -49.28595433, -83.59066821], [ 424.17167031, -63.065504  ,-116.06164618, 130.49312515, 125.30176727,   344.73857269, 103.68772311,  58.39627343,  39.10565201, -40.47638737,    62.5495581 ,   6.86385597, -29.21238497], [ 129.76907918,-344.99917498, -41.52368207, -15.65446571, -45.81632976,   103.68772311, 381.91592534, 108.52657462, -98.72703747,  45.43436362,   -32.97961854,  -1.53209873,  98.73968944], [  48.74528465,-171.17192015, -28.81142065,   5.66686326,  -8.71032323,    58.39627343, 108.52657462, 228.07740456,  57.27606844,  49.3920515 ,     0.0192908 ,  50.22842826,  40.73160912], [-173.99986244, 200.21518498,  73.05062757,  64.41305059,  40.89227794,    39.10565201, -98.72703747,  57.27606844, 321.52307621,   7.96480164,    33.05800947, -13.05209344, -53.17046433], [-130.2311075 ,-122.21861412, -46.92111155, -34.16299576, -58.11501248,   -40.47638737,  45.43436362,  49.3920515 ,   7.96480164, 238.51803251,    64.50146144,   3.83141013,  43.58258996], [ -44.96700981,  35.8221952 ,-131.76480281,  -9.80008855,   7.09840672,    62.5495581 , -32.97961854,   0.0192908 ,  33.05800947,  64.50146144,   254.91764168, 130.23584363,  -9.16912408], [ -35.47638272, -27.5488836 ,-112.26282479, -30.04399453, -49.28595433,     6.86385597,  -1.53209873,  50.22842826, -13.05209344,   3.83141013,   130.23584363, 284.37569465,  91.7917431 ], [ -75.50349811,-125.27223385, -61.71167272, -48.36292562, -83.59066821,   -29.21238497,  98.73968944,  40.73160912, -53.17046433,  43.58258996,    -9.16912408,  91.7917431 , 205.99748061]]
/root/sim/music/401~500/431_水音.mp3; [-827.97064  , 208.61275  ,   8.033516 ,  -6.3403187, -33.96023  ,  -24.123457 , -24.657127 , -15.668325 , -10.952038 ,   0.8152249,    5.279355 ,   5.3546705,   2.1822357]; [[8668.6076032 , 197.57957342,-597.78172902, 410.66386214,  12.09688855,   362.27764016, -38.91487521,-239.92953226,-339.86076231,-286.36437971,  -336.13151902,-160.19997799, -63.69720961], [ 197.57957342,2200.20545105,-117.23948523,-187.67251181,-154.35168218,   -71.40958819,  21.15372872,  26.47847217,  13.6207795 ,  46.07564479,    58.14152796,  12.04450478, -20.93826377], [-597.78172902,-117.23948523, 438.35758939,-134.82942806,  37.75300512,   -56.7780689 , -36.08618152, -10.71093577,  48.58641278,  86.89767055,    93.05478699,  32.36092546, -25.37746031], [ 410.66386214,-187.67251181,-134.82942806, 288.83345375, -16.65443458,    52.99593833,  41.11640972, -13.66780138, -49.83533201, -33.60620579,   -66.82393124, -37.64447467,   3.65756066], [  12.09688855,-154.35168218,  37.75300512, -16.65443458, 213.89308744,    90.07117005,  -9.36681808, -46.87991636, -38.66162622, -30.03559121,   -32.88194433, -37.37483531, -46.4442781 ], [ 362.27764016, -71.40958819, -56.7780689 ,  52.99593833,  90.07117005,   213.51223924,  57.20483589, -66.06967457, -71.27469677, -61.84674532,   -85.56447265, -55.45332878, -39.97343491], [ -38.91487521,  21.15372872, -36.08618152,  41.11640972,  -9.36681808,    57.20483589, 136.65994079,  46.26101084,  -6.05002361,  -7.42812151,   -25.62321265, -30.73821523, -13.46606838], [-239.92953226,  26.47847217, -10.71093577, -13.66780138, -46.87991636,   -66.06967457,  46.26101084, 155.73770359,  80.41389507,  26.24093762,    34.93034135,   9.26175444,  12.8445241 ], [-339.86076231,  13.6207795 ,  48.58641278, -49.83533201, -38.66162622,   -71.27469677,  -6.05002361,  80.41389507, 157.63852021,  61.65880592,    39.71027758,  31.45041425,   7.67180459], [-286.36437971,  46.07564479,  86.89767055, -33.60620579, -30.03559121,   -61.84674532,  -7.42812151,  26.24093762,  61.65880592, 144.22172672,    81.60037578,  23.96267407,   8.42688764], [-336.13151902,  58.14152796,  93.05478699, -66.82393124, -32.88194433,   -85.56447265, -25.62321265,  34.93034135,  39.71027758,  81.60037578,   157.24249435,  76.10085298,  25.03495326], [-160.19997799,  12.04450478,  32.36092546, -37.64447467, -37.37483531,   -55.45332878, -30.73821523,   9.26175444,  31.45041425,  23.96267407,    76.10085298, 131.25724253,  59.76767969], [ -63.69720961, -20.93826377, -25.37746031,   3.65756066, -46.4442781 ,   -39.97343491, -13.46606838,  12.8445241 ,   7.67180459,   8.42688764,    25.03495326,  59.76767969, 109.75128627]]
/root/sim/music/401~500/433_Get_High.mp3; [-640.5016    , 170.84743   ,  16.438906  ,   4.807623  ,   0.54104996,   20.984907  ,  -1.8619423 ,   0.15146294,  -8.384205  , -11.718542  ,  -11.699441  ,  -9.03613   ,  -6.0389915 ]; [[22638.69434878,-4888.17065597, 1055.57350436, 1272.74256514,   -915.82669528,  100.90500437,  -45.90988267,  115.37285239,   -327.67408731,  -78.96406027, -307.76461783, -325.9571814 ,     21.34169152], [-4888.17065597, 8184.85781109,-1225.52569275,-1402.74415858,    759.12320526,  505.36612616,  -36.28666349, -103.83857788,    165.4835171 , -301.36025196, -146.19384978,   28.28066476,   -136.60243546], [ 1055.57350436,-1225.52569275,  613.54025995,  284.73245728,    -52.10912438,   52.34868161,  167.9578606 ,   73.5767345 ,     14.57164451,  124.24052705,   75.48689711,   46.97743342,     99.88388931], [ 1272.74256514,-1402.74415858,  284.73245728,  488.10917597,   -119.70477419,  -33.9046396 ,   71.38981686,   75.94245175,     11.05863368,  115.66776004,   86.07407259,   55.37108221,     59.01771569], [ -915.82669528,  759.12320526,  -52.10912438, -119.70477419,    211.95452113,   78.97045866,   46.40285506,   30.18632804,     58.70784539,   -0.78690083,   23.84610783,   35.01460625,      8.29839968], [  100.90500437,  505.36612616,   52.34868161,  -33.9046396 ,     78.97045866,  220.10039524,  121.76146242,   29.52294029,     28.4526176 ,   10.6462817 ,  -24.37994267,  -14.34786185,     28.04009002], [  -45.90988267,  -36.28666349,  167.9578606 ,   71.38981686,     46.40285506,  121.76146242,  176.60923036,   62.19675583,     32.07341696,   61.99324245,   40.84637241,   29.85156686,     53.49778116], [  115.37285239, -103.83857788,   73.5767345 ,   75.94245175,     30.18632804,   29.52294029,   62.19675583,   79.59599295,     39.21684072,   45.86029867,   50.89570882,   44.35133517,     30.81772367], [ -327.67408731,  165.4835171 ,   14.57164451,   11.05863368,     58.70784539,   28.4526176 ,   32.07341696,   39.21684072,     70.87842725,   47.13250988,   51.17349369,   46.27362608,     18.47563604], [  -78.96406027, -301.36025196,  124.24052705,  115.66776004,     -0.78690083,   10.6462817 ,   61.99324245,   45.86029867,     47.13250988,  112.62297347,   89.96127385,   58.67322559,     40.02494103], [ -307.76461783, -146.19384978,   75.48689711,   86.07407259,     23.84610783,  -24.37994267,   40.84637241,   50.89570882,     51.17349369,   89.96127385,  130.34867536,   87.8737859 ,     29.55546588], [ -325.9571814 ,   28.28066476,   46.97743342,   55.37108221,     35.01460625,  -14.34786185,   29.85156686,   44.35133517,     46.27362608,   58.67322559,   87.8737859 ,   92.70770633,     38.23091637], [   21.34169152, -136.60243546,   99.88388931,   59.01771569,      8.29839968,   28.04009002,   53.49778116,   30.81772367,     18.47563604,   40.02494103,   29.55546588,   38.23091637,     58.83532317]]
/root/sim/music/401~500/495_Flow.mp3; [-636.97485  , 206.91733  ,   2.612838 ,   4.6013966, -19.830282 ,   -7.7084894,  -9.155631 ,   3.1835918,  11.530173 ,  12.112342 ,   16.465755 ,   7.237001 ,  -3.1363363]; [[ 6895.3405233 ,-5432.58210447, 1337.85208539,  292.57456118,   -219.76670779,  406.34855546,  153.13648732,  305.30448471,    -30.14960571,   88.22094486, -193.11254244,  -10.88974313,    -11.65678048], [-5432.58210447, 5464.95258534,-1537.80191651,  -99.51601522,    234.90530535, -265.92022178,  -14.80435936, -356.90564491,     41.91152644, -178.53702853,  221.80813091,   -8.03895828,     51.58907729], [ 1337.85208539,-1537.80191651,  975.58354462, -123.00461017,     -2.37927497,   83.05384414,  -65.79454245,  219.06988254,     46.21258599,  132.99037495,  -15.41492512,   30.86981734,    -13.49704958], [  292.57456118,  -99.51601522, -123.00461017,  353.74733455,     22.55442145,   74.60882567,   65.51118748, -110.75148538,     41.99349129,  -55.89184613,   52.42736836,   24.84677393,     62.81768529], [ -219.76670779,  234.90530535,   -2.37927497,   22.55442145,    176.11325362,   23.88872878,   64.98009406,   46.73087114,     10.99107904,   40.59290283,  -18.99052909,    1.45327917,    -30.73710851], [  406.34855546, -265.92022178,   83.05384414,   74.60882567,     23.88872878,  175.3704625 ,   37.01387237,   -0.54629186,     24.33935564,  -32.48998017,   24.79074012,   10.78822479,     63.73590785], [  153.13648732,  -14.80435936,  -65.79454245,   65.51118748,     64.98009406,   37.01387237,  224.36833501,   69.91950692,     22.54928029,   41.25130142,  -64.75410917,  -38.37974406,    -85.99082198], [  305.30448471, -356.90564491,  219.06988254, -110.75148538,     46.73087114,   -0.54629186,   69.91950692,  449.10783897,      8.01565892,  236.50995267, -117.07913222, -104.20002101,   -175.85447057], [  -30.14960571,   41.91152644,   46.21258599,   41.99349129,     10.99107904,   24.33935564,   22.54928029,    8.01565892,    173.11065682,   12.62240152,   55.69218133,  -20.02955595,    -13.20415327], [   88.22094486, -178.53702853,  132.99037495,  -55.89184613,     40.59290283,  -32.48998017,   41.25130142,  236.50995267,     12.62240152,  245.75137558,  -83.63798755,  -29.07437626,   -145.79327684], [ -193.11254244,  221.80813091,  -15.41492512,   52.42736836,    -18.99052909,   24.79074012,  -64.75410917, -117.07913222,     55.69218133,  -83.63798755,  193.38746456,   53.94484926,    130.51953171], [  -10.88974313,   -8.03895828,   30.86981734,   24.84677393,      1.45327917,   10.78822479,  -38.37974406, -104.20002101,    -20.02955595,  -29.07437626,   53.94484926,  159.42875685,     96.47182037], [  -11.65678048,   51.58907729,  -13.49704958,   62.81768529,    -30.73710851,   63.73590785,  -85.99082198, -175.85447057,    -13.20415327, -145.79327684,  130.51953171,   96.47182037,    282.46780738]]
/root/sim/music/401~500/478_実験開始！.mp3; [-685.6265   , 143.36342  ,  36.495018 ,  47.070877 ,  12.239003 ,   17.086472 ,  12.293119 ,  11.779544 ,   7.106643 ,   7.0114713,    6.408756 ,   5.1186433,   2.9201503]; [[ 8133.48068427,  109.67910302,-1466.67495306,-1045.18507089,   -497.30343206, -422.27255946, -435.96579918, -108.94405152,   -197.95259972, -155.0031744 , -113.67153422,  -88.41717645,    123.98884079], [  109.67910302, 1211.13061274, -131.85098089, -149.33949337,    -14.93930415,  -10.76990111,    9.97077383,   39.29312411,     -6.51138583,  -20.9643704 ,    4.42621721,   -8.39372666,    -12.42267546], [-1466.67495306, -131.85098089,  809.30226938,  465.90905643,    175.36963148,  130.9294915 ,  126.31651247,   35.94285117,     83.00711796,   52.52628122,   38.64736918,   23.93042883,    -48.38812798], [-1045.18507089, -149.33949337,  465.90905643,  481.5562475 ,    189.33702471,   76.89773165,   76.59713143,   28.21380453,     57.89818773,   54.23397403,   45.92448654,   32.0151127 ,    -21.44528206], [ -497.30343206,  -14.93930415,  175.36963148,  189.33702471,    149.99447248,   64.54155733,   31.87149114,   22.93252799,     31.54438807,   23.5475822 ,   24.33550494,   13.85413661,    -16.2594182 ], [ -422.27255946,  -10.76990111,  130.9294915 ,   76.89773165,     64.54155733,   97.04465772,   61.00157228,   20.20504911,     26.10260677,    7.84546287,    2.78984217,    8.92272419,    -15.60391268], [ -435.96579918,    9.97077383,  126.31651247,   76.59713143,     31.87149114,   61.00157228,   99.19094229,   36.047775  ,     16.23138417,    7.58705385,    0.91006041,    2.92332351,    -18.0728714 ], [ -108.94405152,   39.29312411,   35.94285117,   28.21380453,     22.93252799,   20.20504911,   36.047775  ,   63.56006965,     18.24354586,   -5.13564944,    1.35149563,   -1.09095898,     -4.93079947], [ -197.95259972,   -6.51138583,   83.00711796,   57.89818773,     31.54438807,   26.10260677,   16.23138417,   18.24354586,     62.51941589,   24.07092753,   -3.37749745,    6.25660461,     -3.12989437], [ -155.0031744 ,  -20.9643704 ,   52.52628122,   54.23397403,     23.5475822 ,    7.84546287,    7.58705385,   -5.13564944,     24.07092753,   63.01433136,   23.3086596 ,    4.44675225,      1.50606187], [ -113.67153422,    4.42621721,   38.64736918,   45.92448654,     24.33550494,    2.78984217,    0.91006041,    1.35149563,     -3.37749745,   23.3086596 ,   66.07525086,   23.52430191,     -6.63231868], [  -88.41717645,   -8.39372666,   23.93042883,   32.0151127 ,     13.85413661,    8.92272419,    2.92332351,   -1.09095898,      6.25660461,    4.44675225,   23.52430191,   65.6540641 ,     17.62873714], [  123.98884079,  -12.42267546,  -48.38812798,  -21.44528206,    -16.2594182 ,  -15.60391268,  -18.0728714 ,   -4.93079947,     -3.12989437,    1.50606187,   -6.63231868,   17.62873714,     68.54883279]]
/root/sim/music/401~500/432_Blue_Moon.mp3; [-579.8312    , 119.81969   , -17.062235  ,  19.92591   ,  -6.7144194 ,    3.1779974 ,  -0.69102615,  -0.06082167,  -5.505464  ,   3.2720647 ,    2.1451044 ,   6.512179  ,   3.1269214 ]; [[1323.49460286,-229.76668109, 367.22258666,   7.08003472, 278.10950351,    75.84162822,  66.88339089, 101.56745659, 129.15294866,  62.51172153,    16.95309454,   6.07160027, -33.45697497], [-229.76668109, 702.44771867, 103.13875827, 333.81641504,  74.09653247,   197.20559146, 144.41823893, 104.49700303,  98.84223464, 113.28802291,    60.67187291,  76.04091026,  90.53607735], [ 367.22258666, 103.13875827, 383.85664988, 171.90552287, 222.09593222,   158.70390991, 131.23378012, 134.31795089, 136.51604287,  88.63967262,    76.39297449,  71.46657622,  62.0711717 ], [   7.08003472, 333.81641504, 171.90552287, 289.98275962, 153.93758061,   164.6064985 , 126.75518515, 119.91973994,  96.09290967,  84.16082566,    66.74814243,  78.52596578,  57.95225524], [ 278.10950351,  74.09653247, 222.09593222, 153.93758061, 225.06777508,   125.49251418,  97.25473452,  96.84542294,  89.75100817,  64.30886436,    46.93338627,  52.15248994,  20.67350242], [  75.84162822, 197.20559146, 158.70390991, 164.6064985 , 125.49251418,   171.89780158, 109.60974372,  91.70959928,  80.58364727,  64.73782546,    54.32276373,  62.1178252 ,  48.00869465], [  66.88339089, 144.41823893, 131.23378012, 126.75518515,  97.25473452,   109.60974372, 128.07762473,  99.23603296,  69.26874429,  52.29488393,    50.08960829,  46.00420477,  40.40325595], [ 101.56745659, 104.49700303, 134.31795089, 119.91973994,  96.84542294,    91.70959928,  99.23603296, 130.05010226,  81.52340339,  44.20320413,    44.54866019,  53.84010798,  34.0183988 ], [ 129.15294866,  98.84223464, 136.51604287,  96.09290967,  89.75100817,    80.58364727,  69.26874429,  81.52340339, 100.47870511,  62.10406182,    37.39063945,  38.5129567 ,  35.47715404], [  62.51172153, 113.28802291,  88.63967262,  84.16082566,  64.30886436,    64.73782546,  52.29488393,  44.20320413,  62.10406182,  79.81968863,    46.30142496,  28.65961416,  24.52810597], [  16.95309454,  60.67187291,  76.39297449,  66.74814243,  46.93338627,    54.32276373,  50.08960829,  44.54866019,  37.39063945,  46.30142496,    75.54432833,  45.74304024,  22.44335176], [   6.07160027,  76.04091026,  71.46657622,  78.52596578,  52.15248994,    62.1178252 ,  46.00420477,  53.84010798,  38.5129567 ,  28.65961416,    45.74304024,  82.69230553,  41.41698539], [ -33.45697497,  90.53607735,  62.0711717 ,  57.95225524,  20.67350242,    48.00869465,  40.40325595,  34.0183988 ,  35.47715404,  24.52810597,    22.44335176,  41.41698539,  74.41350248]]
/root/sim/music/401~500/472_水の夢.mp3; [-791.7788    , 213.15724   , -65.23686   ,  -0.39065558,  -4.2568145 ,    0.5107079 , -18.579145  , -15.363314  , -13.106939  ,  -7.1313815 ,   -9.944379  , -14.50015   , -13.5752    ]; [[2592.88988898, 826.3574309 ,-617.28285952, 418.69029096, 323.28499858,    -8.53903358, 200.91238124, 356.78125261, 207.52765362, -15.31102721,   251.94390965, 256.05128679, 123.13436003], [ 826.3574309 ,1743.38102956,-845.9681178 , 237.57244662, 517.10780441,  -153.72222659, 127.23923445,   2.52227719,  72.65422185, -90.75011171,    53.67319984, -49.49013332,  23.77643608], [-617.28285952,-845.9681178 , 565.61771724,-158.1414969 ,-264.67186927,    99.23147701, -64.93378394,  -0.1186565 , -18.3529352 ,  39.26651319,   -65.52420814,  34.85476025,   6.67293663], [ 418.69029096, 237.57244662,-158.1414969 , 171.73923079,  91.07155802,    12.49812829,  24.82886734,  39.35683014,  27.88112045, -23.02827604,    42.8597343 ,  44.51152792,  25.94469626], [ 323.28499858, 517.10780441,-264.67186927,  91.07155802, 248.17459186,   -52.88629834,  35.99710713,   5.72590484,  25.17443209,  -9.20183798,    41.71685442,  -4.33211599,  12.21193747], [  -8.53903358,-153.72222659,  99.23147701,  12.49812829, -52.88629834,   102.36785016,  15.22050205,  22.76652945,   6.76389355,  -9.87209079,   -19.71722184,  34.42838126,  26.64702204], [ 200.91238124, 127.23923445, -64.93378394,  24.82886734,  35.99710713,    15.22050205,  77.66675813,  62.1014952 ,  25.3302841 , -16.09885003,     2.62980606,  18.40371389,  19.03338778], [ 356.78125261,   2.52227719,  -0.1186565 ,  39.35683014,   5.72590484,    22.76652945,  62.1014952 , 141.35523401,  73.25958074,  -6.27666579,    19.52267902,  49.0641151 ,  18.18411504], [ 207.52765362,  72.65422185, -18.3529352 ,  27.88112045,  25.17443209,     6.76389355,  25.3302841 ,  73.25958074,  93.32336543,  21.69583615,    13.28939683,  21.40327166,   7.63393641], [ -15.31102721, -90.75011171,  39.26651319, -23.02827604,  -9.20183798,    -9.87209079, -16.09885003,  -6.27666579,  21.69583615,  70.54692512,    40.85272233,   0.43489753,  -9.87226734], [ 251.94390965,  53.67319984, -65.52420814,  42.8597343 ,  41.71685442,   -19.71722184,   2.62980606,  19.52267902,  13.28939683,  40.85272233,   101.13267116,  46.83160564,   5.76847115], [ 256.05128679, -49.49013332,  34.85476025,  44.51152792,  -4.33211599,    34.42838126,  18.40371389,  49.0641151 ,  21.40327166,   0.43489753,    46.83160564, 100.91885643,  55.81153354], [ 123.13436003,  23.77643608,   6.67293663,  25.94469626,  12.21193747,    26.64702204,  19.03338778,  18.18411504,   7.63393641,  -9.87226734,     5.76847115,  55.81153354,  74.01897599]]
/root/sim/music/401~500/453_LIAR_PARADOX.mp3; [-537.1427   , 101.80405  ,  -2.913268 ,  19.839088 ,   5.366485 ,    5.7866364,   3.5330799,   4.517393 ,  -1.4099842,  -3.0458264,   -3.2607217,  -2.1656876,   2.3250625]; [[25552.57958148, 1800.46238671,  565.35973303,  618.16395672,    493.90777857,  565.93831084,  333.41874183,  257.66661177,     68.91427768,   66.62345473,  183.27144355,  152.06602331,    231.04944887], [ 1800.46238671, 1891.81163496, -130.14461415,  286.98183411,     89.70274688,  -36.50847991,  -29.82206037,  -99.65403395,    -70.27064485,  -19.39003481,    2.94417831,   18.87442467,    -10.91272702], [  565.35973303, -130.14461415,  458.54732037,   89.62752373,     77.13690184,    3.77338269,   27.02693306,   36.02756776,     39.36315599,   35.70956442,   61.67290546,   14.6298085 ,     -4.93749424], [  618.16395672,  286.98183411,   89.62752373,  241.29289849,    118.45074493,   75.75183231,   52.30712284,   16.46503327,      3.84024704,   31.02120031,   42.23798058,   21.84873359,     10.25738164], [  493.90777857,   89.70274688,   77.13690184,  118.45074493,    219.85471141,  136.62879454,   91.8297464 ,   39.13401645,     47.63925892,   34.53509055,   46.6867183 ,   28.26814191,     40.37775622], [  565.93831084,  -36.50847991,    3.77338269,   75.75183231,    136.62879454,  202.2506056 ,  100.00702859,   61.59004003,     57.85339552,   37.19743102,   24.08291553,   22.78472952,     46.24236671], [  333.41874183,  -29.82206037,   27.02693306,   52.30712284,     91.8297464 ,  100.00702859,  135.10427462,   60.88886236,     27.57245965,   33.4057223 ,   57.45223605,   37.56503248,     26.67662885], [  257.66661177,  -99.65403395,   36.02756776,   16.46503327,     39.13401645,   61.59004003,   60.88886236,  143.43019159,     64.79702313,  -24.54384999,   -7.07485321,   42.72118254,     59.98660477], [   68.91427768,  -70.27064485,   39.36315599,    3.84024704,     47.63925892,   57.85339552,   27.57245965,   64.79702313,    153.01419857,   48.76580166,  -22.67823979,  -19.79912032,     54.5779124 ], [   66.62345473,  -19.39003481,   35.70956442,   31.02120031,     34.53509055,   37.19743102,   33.4057223 ,  -24.54384999,     48.76580166,  149.48654188,   80.66728821,  -22.24913495,    -36.94834764], [  183.27144355,    2.94417831,   61.67290546,   42.23798058,     46.6867183 ,   24.08291553,   57.45223605,   -7.07485321,    -22.67823979,   80.66728821,  155.50866636,   58.45622362,    -45.49956429], [  152.06602331,   18.87442467,   14.6298085 ,   21.84873359,     28.26814191,   22.78472952,   37.56503248,   42.72118254,    -19.79912032,  -22.24913495,   58.45622362,  144.04514043,     47.92305096], [  231.04944887,  -10.91272702,   -4.93749424,   10.25738164,     40.37775622,   46.24236671,   26.67662885,   59.98660477,     54.5779124 ,  -36.94834764,  -45.49956429,   47.92305096,    182.54854231]]
/root/sim/music/401~500/462_光る紙飛行機.mp3; [-664.7745    , 141.40514   ,   3.960682  ,  26.863325  ,  11.511845  ,   11.143717  ,  -0.15846328,   7.65733   ,  -1.5702778 ,  -4.074006  ,   -5.1337633 ,  -4.9468503 ,   0.10280064]; [[17888.78918456, 3931.97672482,  914.43802943,  718.40212494,    -48.47216121,  187.76068171,  284.69282794,  478.50758132,    130.72871378, -132.56750218, -179.79407793, -149.74637173,     20.10273652], [ 3931.97672482, 2276.62164494,  272.17173392,  193.1881609 ,     90.65045953,   92.68796185,  121.42471696,  164.27375668,     35.0620297 ,  -24.33184628,  -36.05910017,  -24.35373728,     58.9169807 ], [  914.43802943,  272.17173392,  398.86840717,   73.66686213,     67.48552314,  101.39941128,   59.40689125,   58.18703223,     65.85768263,   35.05916348,   38.31028531,   10.97456711,     -3.07359522], [  718.40212494,  193.1881609 ,   73.66686213,  270.02222722,    117.82128127,   68.84484345,   73.16634492,   83.79566634,     57.16141485,   38.22692392,   13.11804004,   12.83915339,     15.90880065], [  -48.47216121,   90.65045953,   67.48552314,  117.82128127,    163.31504621,   97.40813255,   65.15664161,   50.81905733,     51.25939115,   44.63436326,   35.1326845 ,   25.91960096,     13.81931183], [  187.76068171,   92.68796185,  101.39941128,   68.84484345,     97.40813255,  142.91383679,   85.76151558,   49.94977272,     50.93872158,   40.45368286,   45.76447842,   22.79227891,     -4.94333705], [  284.69282794,  121.42471696,   59.40689125,   73.16634492,     65.15664161,   85.76151558,  126.98111164,   72.79173313,     37.12542467,   31.74721071,   32.12376303,   25.06393853,      5.73463562], [  478.50758132,  164.27375668,   58.18703223,   83.79566634,     50.81905733,   49.94977272,   72.79173313,  109.83222246,     61.47756983,   20.73089669,    7.70262435,    8.25379612,     17.05534508], [  130.72871378,   35.0620297 ,   65.85768263,   57.16141485,     51.25939115,   50.93872158,   37.12542467,   61.47756983,     98.16081624,   52.2867887 ,   20.76410739,    3.07467971,     -1.72822353], [ -132.56750218,  -24.33184628,   35.05916348,   38.22692392,     44.63436326,   40.45368286,   31.74721071,   20.73089669,     52.2867887 ,   89.057638  ,   54.88412633,    6.69018936,    -15.91330663], [ -179.79407793,  -36.05910017,   38.31028531,   13.11804004,     35.1326845 ,   45.76447842,   32.12376303,    7.70262435,     20.76410739,   54.88412633,  106.42809163,   51.13410913,    -15.96660928], [ -149.74637173,  -24.35373728,   10.97456711,   12.83915339,     25.91960096,   22.79227891,   25.06393853,    8.25379612,      3.07467971,    6.69018936,   51.13410913,   95.50363189,     37.43298144], [   20.10273652,   58.9169807 ,   -3.07359522,   15.90880065,     13.81931183,   -4.94333705,    5.73463562,   17.05534508,     -1.72822353,  -15.91330663,  -15.96660928,   37.43298144,     90.68510539]]
/root/sim/music/401~500/422_コンクリートダンジョン.mp3; [-653.6361    , 138.82068   ,  25.35245   ,  18.81473   ,   4.958831  ,   15.584305  ,   6.7763386 ,   3.4480076 ,  -0.19719766,  -3.1864173 ,   -1.5736562 ,   0.6172035 ,  -2.40228   ]; [[17001.98910945, -927.01611712, -527.16714563, -478.3293231 ,    293.21404247,  730.90972685,  402.44161361,  531.79766341,    357.55480071,  432.33250551,  174.75521598,  -62.29800093,   -160.62761388], [ -927.01611712, 3025.93868792, -161.8577565 ,   95.71511519,    410.97507652,  401.56368947,  391.73844197,  361.86597717,    168.75451008,  200.24737038,  201.53561904,  159.02789686,     49.60880963], [ -527.16714563, -161.8577565 ,  938.43021857,  153.93312535,    -10.89451981,   58.11506503,   62.74152713,   35.262297  ,     97.14248089,   23.02364716,   50.52137186,   46.6057403 ,     48.49844053], [ -478.3293231 ,   95.71511519,  153.93312535,  356.14958101,    144.57281769,   40.84094433,   64.57393268,   58.96802786,     49.11586669,   61.05472949,   20.11063232,   12.3108705 ,     26.10141334], [  293.21404247,  410.97507652,  -10.89451981,  144.57281769,    336.86324189,  202.05932839,  154.65095112,  166.8922743 ,    105.70479605,  149.48734662,   87.42576401,   26.61073484,      8.26692529], [  730.90972685,  401.56368947,   58.11506503,   40.84094433,    202.05932839,  338.72832163,  218.59997628,  161.24354827,    129.88195508,  144.88851677,  122.16340691,   47.62346181,      9.05693481], [  402.44161361,  391.73844197,   62.74152713,   64.57393268,    154.65095112,  218.59997628,  299.23099491,  234.12594425,    110.83651482,  109.16098454,  119.13710061,  108.05966173,     60.7334901 ], [  531.79766341,  361.86597717,   35.262297  ,   58.96802786,    166.8922743 ,  161.24354827,  234.12594425,  316.47910413,    171.51745068,   96.64739362,   82.68545237,   98.76032847,     79.59173071], [  357.55480071,  168.75451008,   97.14248089,   49.11586669,    105.70479605,  129.88195508,  110.83651482,  171.51745068,    215.6263484 ,  112.4851665 ,   69.22078434,   42.90567317,     40.11764331], [  432.33250551,  200.24737038,   23.02364716,   61.05472949,    149.48734662,  144.88851677,  109.16098454,   96.64739362,    112.4851665 ,  226.984291  ,  139.08714937,   27.3758932 ,    -10.46541542], [  174.75521598,  201.53561904,   50.52137186,   20.11063232,     87.42576401,  122.16340691,  119.13710061,   82.68545237,     69.22078434,  139.08714937,  185.07068359,   98.23718842,     21.64943003], [  -62.29800093,  159.02789686,   46.6057403 ,   12.3108705 ,     26.61073484,   47.62346181,  108.05966173,   98.76032847,     42.90567317,   27.3758932 ,   98.23718842,  180.4503336 ,    105.07481569], [ -160.62761388,   49.60880963,   48.49844053,   26.10141334,      8.26692529,    9.05693481,   60.7334901 ,   79.59173071,     40.11764331,  -10.46541542,   21.64943003,  105.07481569,    153.88590576]]
/root/sim/music/401~500/452_Fate.mp3; [-591.8929   ,  96.89073  , -14.7008   ,  38.848824 ,   0.5552026,   15.550093 ,  18.332535 ,   4.7602105,   1.9153461,   3.031137 ,   -6.83926  ,  -1.9202257,   1.2855119]; [[18102.18832729,-1099.82009633,  240.97377075,  637.34805995,   -293.8794795 ,  138.59045283,  282.44941922,   75.80186721,   -234.69058522, -224.54297395, -608.60186972, -240.99328446,   -290.39716865], [-1099.82009633, 2172.08192207, -404.56231634,  335.1098936 ,    116.56550256,  140.32066149,   74.7134919 ,  -10.29114389,     68.90635148,   19.11247124,  113.18131962,    6.96531819,    -19.29375019], [  240.97377075, -404.56231634, 1124.85205189, -198.41592776,    281.41646782,  110.50489462,  -28.19209354,   74.13844912,    -65.29391246,  -10.35622245,  -17.83701997,  -74.77440872,    -39.96379179], [  637.34805995,  335.1098936 , -198.41592776,  633.62854425,    -31.96381906,   91.62819121,  103.56568766,  -45.23021859,     79.13478027,   14.34151974,  -70.44046518,  -15.69580541,      6.6553253 ], [ -293.8794795 ,  116.56550256,  281.41646782,  -31.96381906,    267.79746963,   82.33105377,   17.0826858 ,   24.0845149 ,    -29.36947638,    5.49653861,   37.32529439,    8.28679416,     -8.35692022], [  138.59045283,  140.32066149,  110.50489462,   91.62819121,     82.33105377,  226.43301359,  110.46199265,    8.68053098,    -15.47997039,  -10.0604574 ,   30.7724093 ,   16.06463244,    -11.43125458], [  282.44941922,   74.7134919 ,  -28.19209354,  103.56568766,     17.0826858 ,  110.46199265,  179.58273034,   64.62877234,     11.88310026,  -23.53271277,  -21.07506142,   20.42918155,     22.40356284], [   75.80186721,  -10.29114389,   74.13844912,  -45.23021859,     24.0845149 ,    8.68053098,   64.62877234,  156.77092234,     55.75729005,   -5.05359377,  -42.87254735,  -16.60609225,     30.77219543], [ -234.69058522,   68.90635148,  -65.29391246,   79.13478027,    -29.36947638,  -15.47997039,   11.88310026,   55.75729005,    145.72642004,   65.0918517 ,  -11.22941174,  -32.78052468,      5.34892972], [ -224.54297395,   19.11247124,  -10.35622245,   14.34151974,      5.49653861,  -10.0604574 ,  -23.53271277,   -5.05359377,     65.0918517 ,  139.92566245,   69.11662364,   -8.0502703 ,    -22.66837235], [ -608.60186972,  113.18131962,  -17.83701997,  -70.44046518,     37.32529439,   30.7724093 ,  -21.07506142,  -42.87254735,    -11.22941174,   69.11662364,  169.28033444,   61.32718198,    -21.50888969], [ -240.99328446,    6.96531819,  -74.77440872,  -15.69580541,      8.28679416,   16.06463244,   20.42918155,  -16.60609225,    -32.78052468,   -8.0502703 ,   61.32718198,  134.84741563,     65.69332473], [ -290.39716865,  -19.29375019,  -39.96379179,    6.6553253 ,     -8.35692022,  -11.43125458,   22.40356284,   30.77219543,      5.34892972,  -22.66837235,  -21.50888969,   65.69332473,    139.81911738]]
