/root/sim/music/701~800/771_opportunity.mp3; [-601.8036   , 115.43893  ,  11.335162 ,  41.59468  ,   4.6830554,    8.031294 ,   6.3174925,   8.134461 ,   8.963373 ,   8.876687 ,    3.9942064,   5.084839 ,   3.699585 ]; [[7940.11774561, 175.61434967, 260.42480388, 486.18565707,  72.73487041,   162.66370897,  48.97772916,  46.00113679, -34.46153069,   2.99994012,   -77.85879517, -87.6454371 , -75.96446437], [ 175.61434967,1116.90079122, -25.96381558,   2.22609802,  66.51054399,    93.07245084,  32.65565816,  17.4480066 ,  55.45903444,  27.90932672,    57.09346229,  73.25665713,  61.71069265], [ 260.42480388, -25.96381558, 425.13546365,   6.35940104, 143.37769167,    75.31545122,  55.10497526,  63.50694141,  37.47444963,  76.92297799,   106.50744937,  64.50645953,  54.77011446], [ 486.18565707,   2.22609802,   6.35940104, 529.10657686,  80.76421533,    66.10136083,  80.43912007,  74.20267025,  89.71140353,  73.98452981,     7.03612031,  13.89891775, -18.17958525], [  72.73487041,  66.51054399, 143.37769167,  80.76421533, 253.41524159,   156.49371753, 125.74070233,  87.24151284,  88.68247655,  86.47657692,    84.86164983,  62.61802667,  47.07308292], [ 162.66370897,  93.07245084,  75.31545122,  66.10136083, 156.49371753,   199.36156042, 134.30945258,  76.86709499,  73.09245883,  69.96085132,    64.59006727,  50.5225277 ,  38.62271652], [  48.97772916,  32.65565816,  55.10497526,  80.43912007, 125.74070233,   134.30945258, 217.83942712, 107.62097366,  95.32724591,  74.5941696 ,    68.7545442 ,  56.88339572,  33.59212799], [  46.00113679,  17.4480066 ,  63.50694141,  74.20267025,  87.24151284,    76.86709499, 107.62097366, 149.43397206, 123.07646678,  90.27905714,    63.70096055,  47.63992747,  32.21038383], [ -34.46153069,  55.45903444,  37.47444963,  89.71140353,  88.68247655,    73.09245883,  95.32724591, 123.07646678, 167.89633589, 122.0237442 ,    77.20708478,  50.66574124,  35.59298494], [   2.99994012,  27.90932672,  76.92297799,  73.98452981,  86.47657692,    69.96085132,  74.5941696 ,  90.27905714, 122.0237442 , 149.58032308,   107.75798956,  59.95285022,  40.12928207], [ -77.85879517,  57.09346229, 106.50744937,   7.03612031,  84.86164983,    64.59006727,  68.7545442 ,  63.70096055,  77.20708478, 107.75798956,   131.02232251,  84.52153959,  50.87486322], [ -87.6454371 ,  73.25665713,  64.50645953,  13.89891775,  62.61802667,    50.5225277 ,  56.88339572,  47.63992747,  50.66574124,  59.95285022,    84.52153959,  94.87255212,  61.00719537], [ -75.96446437,  61.71069265,  54.77011446, -18.17958525,  47.07308292,    38.62271652,  33.59212799,  32.21038383,  35.59298494,  40.12928207,    50.87486322,  61.00719537,  78.79425413]]
/root/sim/music/701~800/773_Saturday_Night_Fun.mp3; [-650.3724    , 143.29506   ,  44.938873  ,  29.329966  ,  19.547161  ,    2.0834427 ,   5.68844   ,  13.183764  ,  -2.6228747 ,  -0.522581  ,    7.2714458 ,   0.72982895,   0.21367665]; [[9130.77838779,1445.56219303, 658.8334034 ,-158.63419049, 128.20979738,   121.26482839, 253.8339615 , 272.67646283, -25.05801166,-108.99526382,   -49.07314323, -61.77587966,  31.24743116], [1445.56219303,1151.03446675,-149.57265825,-129.815738  , -67.68256011,   -60.6786017 ,  54.23929126,  97.42066651, -11.88777105, -38.23465014,     4.10051552,  -3.94241162,   6.58544532], [ 658.8334034 ,-149.57265825, 679.71537746, 238.70214173,  32.48256329,   -25.95416992,  -2.71656477,  26.90974993,  11.98515131,  30.69233888,     4.23534862, -32.42320996,  -4.80779795], [-158.63419049,-129.815738  , 238.70214173, 370.54707547, 146.33075288,    11.58003426, -52.46911209, -33.0217304 ,  10.43272948,  61.2143188 ,    47.63489563,   3.44799916,   1.42909293], [ 128.20979738, -67.68256011,  32.48256329, 146.33075288, 215.37280106,    99.91153357,   2.11902393, -18.05464532,   1.87154112,  31.47573943,    36.35579854,  19.46653929,  20.59784797], [ 121.26482839, -60.6786017 , -25.95416992,  11.58003426,  99.91153357,   139.41563563,  60.73315044,   2.47448268,   0.62587011,   6.4003716 ,    14.00031001,  17.57001696,  17.62466303], [ 253.8339615 ,  54.23929126,  -2.71656477, -52.46911209,   2.11902393,    60.73315044, 109.79553   ,  60.03872057,   1.13981796, -13.73415074,    -3.13941101,   9.89136241,   7.28245295], [ 272.67646283,  97.42066651,  26.90974993, -33.0217304 , -18.05464532,     2.47448268,  60.03872057,  94.63281306,  33.85913271, -10.96100748,   -10.96524219,   2.57590253,   6.24295683], [ -25.05801166, -11.88777105,  11.98515131,  10.43272948,   1.87154112,     0.62587011,   1.13981796,  33.85913271,  80.26856795,  38.72078043,    -5.51758486,  -8.6633944 ,   7.42550436], [-108.99526382, -38.23465014,  30.69233888,  61.2143188 ,  31.47573943,     6.4003716 , -13.73415074, -10.96100748,  38.72078043,  82.6077367 ,    36.94866557,  -5.64317953,  -2.23040907], [ -49.07314323,   4.10051552,   4.23534862,  47.63489563,  36.35579854,    14.00031001,  -3.13941101, -10.96524219,  -5.51758486,  36.94866557,    83.82774492,  44.29740521,  -4.37651636], [ -61.77587966,  -3.94241162, -32.42320996,   3.44799916,  19.46653929,    17.57001696,   9.89136241,   2.57590253,  -8.6633944 ,  -5.64317953,    44.29740521,  86.55961592,  26.72585265], [  31.24743116,   6.58544532,  -4.80779795,   1.42909293,  20.59784797,    17.62466303,   7.28245295,   6.24295683,   7.42550436,  -2.23040907,    -4.37651636,  26.72585265,  70.23659432]]
/root/sim/music/701~800/741_蛍火の夕暮れ.mp3; [-596.5455   , 163.20645  , -15.819973 ,  44.918217 ,   7.677422 ,   -4.0631294,  11.49088  ,   8.53123  ,   2.0345664,   5.9147468,   -3.426976 ,   3.76897  ,   2.0768576]; [[ 2418.14257849,-1774.2259747 ,  919.68540552, -434.38936001,      1.8269914 ,  261.0618868 , -165.785026  ,   49.51283953,    -11.47562686,  -87.98749854,   71.09378773,  -61.26805439,     -7.91147241], [-1774.2259747 , 1970.66193086,-1083.66570725,  347.10693891,     37.89698148, -164.61493244,  114.5474203 , -161.36606115,    -43.42245738,  111.8613832 ,  -58.39778463,   35.48085575,     29.56636654], [  919.68540552,-1083.66570725,  749.28192075, -234.02861301,     32.58092702,  104.51790347, -115.17311819,   96.84482764,     16.29066908,  -58.49664577,   38.80225635,  -27.70376191,     -7.23901429], [ -434.38936001,  347.10693891, -234.02861301,  276.35015692,    -77.50196424, -101.85538231,   88.95321801,   20.07497946,     37.00355715,    4.36083335,  -25.47579673,   29.94269528,    -25.34206569], [    1.8269914 ,   37.89698148,   32.58092702,  -77.50196424,    204.89106914,   57.27545974,  -99.71589507,  -54.36156339,    -39.38698898,   43.49979822,   -4.40050894,  -35.57926087,     61.67147099], [  261.0618868 , -164.61493244,  104.51790347, -101.85538231,     57.27545974,  109.51444363,  -50.81794932,  -39.10450446,    -24.62555335,   -4.98561588,   15.04230134,  -10.53593418,     18.8735018 ], [ -165.785026  ,  114.5474203 , -115.17311819,   88.95321801,    -99.71589507,  -50.81794932,  149.91953189,   63.65586536,     27.10203618,  -11.89057655,   -2.8100832 ,   31.8506539 ,    -46.17716947], [   49.51283953, -161.36606115,   96.84482764,   20.07497946,    -54.36156339,  -39.10450446,   63.65586536,  127.165904  ,     38.5080045 ,  -26.37070045,    7.01685966,   10.38145122,    -38.4266208 ], [  -11.47562686,  -43.42245738,   16.29066908,   37.00355715,    -39.38698898,  -24.62555335,   27.10203618,   38.5080045 ,     61.83439195,    4.34868625,  -11.55352143,    5.83674189,    -12.25357342], [  -87.98749854,  111.8613832 ,  -58.49664577,    4.36083335,     43.49979822,   -4.98561588,  -11.89057655,  -26.37070045,      4.34868625,   67.56471384,  -15.5526712 ,  -23.93920955,     39.03696972], [   71.09378773,  -58.39778463,   38.80225635,  -25.47579673,     -4.40050894,   15.04230134,   -2.8100832 ,    7.01685966,    -11.55352143,  -15.5526712 ,   58.10031142,   17.00313811,    -37.87847692], [  -61.26805439,   35.48085575,  -27.70376191,   29.94269528,    -35.57926087,  -10.53593418,   31.8506539 ,   10.38145122,      5.83674189,  -23.93920955,   17.00313811,   49.78259849,    -24.50682963], [   -7.91147241,   29.56636654,   -7.23901429,  -25.34206569,     61.67147099,   18.8735018 ,  -46.17716947,  -38.4266208 ,    -12.25357342,   39.03696972,  -37.87847692,  -24.50682963,    102.79016115]]
/root/sim/music/701~800/752_mine.mp3; [-564.07806  , 119.30782  ,  33.788593 ,  31.338852 ,  15.560758 ,   13.659327 ,   7.862984 ,   8.646425 ,   3.5029612,   7.179492 ,    5.170926 ,   8.020988 ,   4.988068 ]; [[10320.42897868, -423.74624693,  573.05885919,   79.56193051,     47.66499258,  119.75363854,  108.65727664,  122.85294968,    -36.43931007,  -95.73823647, -111.71839153, -210.13860532,   -152.32742547], [ -423.74624693, 1691.60402042, -179.21132873,  122.45054468,     55.45392392,   28.51365029,  125.66970615,  112.23595963,    100.86505094,   70.61824246,   64.1789189 ,   58.46425387,     51.23916881], [  573.05885919, -179.21132873,  539.56278767,   68.72325151,     48.84054406,   23.03508497,   13.63382602,   17.59272562,     -3.31294574,   -8.91459172,  -22.81717281,  -17.24703237,     -9.69985998], [   79.56193051,  122.45054468,   68.72325151,  280.96104325,     81.98243828,  101.54317788,   64.16174285,   76.04268262,     41.54481517,   -6.85498205,  -25.12848453,  -25.15506466,     -9.55786907], [   47.66499258,   55.45392392,   48.84054406,   81.98243828,    154.54995874,   76.97724272,   50.53753691,   51.14063655,     32.84668192,   15.85857417,  -13.35602515,   -8.24577266,      0.59114582], [  119.75363854,   28.51365029,   23.03508497,  101.54317788,     76.97724272,  183.46464376,  138.95613282,   98.56919818,     54.91334744,   13.42051729,    1.74487269,   -9.84445983,     -0.24149588], [  108.65727664,  125.66970615,   13.63382602,   64.16174285,     50.53753691,  138.95613282,  201.98354918,  111.97393297,     66.11806144,   35.54112858,   31.5605542 ,    4.85614422,      0.25709053], [  122.85294968,  112.23595963,   17.59272562,   76.04268262,     51.14063655,   98.56919818,  111.97393297,  123.13010934,     62.25898524,   27.36709866,   12.77469646,    2.7078748 ,      4.3378385 ], [  -36.43931007,  100.86505094,   -3.31294574,   41.54481517,     32.84668192,   54.91334744,   66.11806144,   62.25898524,     81.99415863,   41.33732942,   25.27979508,   13.74735349,      5.83675338], [  -95.73823647,   70.61824246,   -8.91459172,   -6.85498205,     15.85857417,   13.42051729,   35.54112858,   27.36709866,     41.33732942,   74.05061675,   49.29348252,   27.70743495,      7.58764407], [ -111.71839153,   64.1789189 ,  -22.81717281,  -25.12848453,    -13.35602515,    1.74487269,   31.5605542 ,   12.77469646,     25.27979508,   49.29348252,   79.00100108,   48.85982718,     21.14136419], [ -210.13860532,   58.46425387,  -17.24703237,  -25.15506466,     -8.24577266,   -9.84445983,    4.85614422,    2.7078748 ,     13.74735349,   27.70743495,   48.85982718,   75.39461994,     41.87095688], [ -152.32742547,   51.23916881,   -9.69985998,   -9.55786907,      0.59114582,   -0.24149588,    0.25709053,    4.3378385 ,      5.83675338,    7.58764407,   21.14136419,   41.87095688,     50.47786005]]
/root/sim/music/701~800/746_カラフルハート.mp3; [-640.042    , 140.2224   ,  20.248734 ,  12.752964 ,  -2.9939373,    5.806947 ,   1.9887311,   4.987917 ,   1.8290672,   3.9564703,   -3.673682 ,  -4.354871 ,  -1.7212312]; [[5065.54981934,-311.98992707, 649.71967795, -13.40113557, -61.75346616,   -88.38402477, -69.51455531,-179.42358336,-188.31758582,-183.66993443,   -11.15488706,  75.00725103, 159.70316466], [-311.98992707, 783.20728787,   0.14543744,  20.00870663, -68.57442183,   -75.02719808, -77.0509168 , -60.10824932, -51.64883059, -63.86602803,   -15.86047321,   9.90325555,  16.66211223], [ 649.71967795,   0.14543744, 346.50804803,  93.68808905,  -8.44057409,   -54.36554939, -24.04373842, -29.95211303, -39.04195761, -26.48031949,    29.86445306,  33.23277066,   2.680756  ], [ -13.40113557,  20.00870663,  93.68808905, 135.2055533 ,  27.36045734,    -0.29219548,  -0.66841745,  -0.59682411, -15.18296359,   7.67261544,    32.19881423,  36.12712844,   1.46015242], [ -61.75346616, -68.57442183,  -8.44057409,  27.36045734, 137.58792078,    91.07147654,  20.46953509,  14.00551453,  29.93627526,  29.23272998,     8.32002552,   6.36083479,   8.103605  ], [ -88.38402477, -75.02719808, -54.36554939,  -0.29219548,  91.07147654,   134.14295541,  57.24106024,  20.77132375,  22.91194294,  11.85548639,   -14.13389326,   1.25830354,  24.85024253], [ -69.51455531, -77.0509168 , -24.04373842,  -0.66841745,  20.46953509,    57.24106024,  83.77479703,  45.71324075,  19.70440727,   8.91694936,   -16.71457696, -10.26615985,  12.41575097], [-179.42358336, -60.10824932, -29.95211303,  -0.59682411,  14.00551453,    20.77132375,  45.71324075,  81.88991712,  63.15999162,  36.54346504,    -6.01117362, -29.84997052, -17.80385242], [-188.31758582, -51.64883059, -39.04195761, -15.18296359,  29.93627526,    22.91194294,  19.70440727,  63.15999162, 119.24513481,  96.45249634,    12.01867003, -54.66201428, -48.74191089], [-183.66993443, -63.86602803, -26.48031949,   7.67261544,  29.23272998,    11.85548639,   8.91694936,  36.54346504,  96.45249634, 159.98672299,    87.51949053, -45.43811534, -95.322019  ], [ -11.15488706, -15.86047321,  29.86445306,  32.19881423,   8.32002552,   -14.13389326, -16.71457696,  -6.01117362,  12.01867003,  87.51949053,   151.61827973,  62.39533672, -66.36048752], [  75.00725103,   9.90325555,  33.23277066,  36.12712844,   6.36083479,     1.25830354, -10.26615985, -29.84997052, -54.66201428, -45.43811534,    62.39533672, 167.92645068,  66.89557754], [ 159.70316466,  16.66211223,   2.680756  ,   1.46015242,   8.103605  ,    24.85024253,  12.41575097, -17.80385242, -48.74191089, -95.322019  ,   -66.36048752,  66.89557754, 163.93973406]]
/root/sim/music/701~800/785_流星に触れた夜.mp3; [-556.4109   ,  98.51512  ,  -6.241827 ,  10.704746 ,  18.013142 ,    6.112873 ,  -8.166532 ,  -2.0543182,   1.8284521,   6.7605257,   -2.8942258,  -3.945022 ,  -0.9322718]; [[19271.42679001, -252.60436157, 1619.51761198, 2246.828024  ,    728.40943595,  651.30910624, 1288.87588189,  371.899954  ,    764.67751331, -107.49223314,  290.3920895 , -188.22654964,   -271.16800867], [ -252.60436157, 2863.98526846,  230.35901141,  -50.79279786,    419.79240539,   68.27584606,  -88.40880423,  -93.25836288,    -61.44015404,  200.55024539,   -7.24874817,   28.55318161,    -50.00503395], [ 1619.51761198,  230.35901141, 1118.09475394,  632.2573    ,    442.87301503,  322.40211426,  451.97478765,   93.82486378,    213.32666697,   23.0412835 ,  152.95383894,  -81.06193509,    -88.78486833], [ 2246.828024  ,  -50.79279786,  632.2573    , 1005.12331784,    311.98437563,  386.45974877,  462.81094562,  195.6488112 ,    265.32026709,   -3.2763516 ,  187.7747173 ,  -28.48544484,    -54.85585526], [  728.40943595,  419.79240539,  442.87301503,  311.98437563,    472.81691757,  192.61476136,  217.0486452 ,   65.94648543,    161.4463729 ,   73.9800048 ,   94.88395208,   -9.70561166,      9.7499354 ], [  651.30910624,   68.27584606,  322.40211426,  386.45974877,    192.61476136,  438.59291785,  222.08221992,   75.76528628,    147.20767442,  162.4810759 ,  163.50608164,  -85.80188506,    -51.35130541], [ 1288.87588189,  -88.40880423,  451.97478765,  462.81094562,    217.0486452 ,  222.08221992,  480.74000732,   90.092366  ,    214.56922059,   53.54004694,  208.73761076,   18.79400828,    -84.39059559], [  371.899954  ,  -93.25836288,   93.82486378,  195.6488112 ,     65.94648543,   75.76528628,   90.092366  ,  205.20755674,     68.87589749,    4.30863985,   43.03685804,   74.71283965,     69.78339849], [  764.67751331,  -61.44015404,  213.32666697,  265.32026709,    161.4463729 ,  147.20767442,  214.56922059,   68.87589749,    386.88419882,   67.13915431,  119.63256663,    1.33250123,     38.61151639], [ -107.49223314,  200.55024539,   23.0412835 ,   -3.2763516 ,     73.9800048 ,  162.4810759 ,   53.54004694,    4.30863985,     67.13915431,  263.49568538,  116.81592558,   -1.87568365,    -28.5449997 ], [  290.3920895 ,   -7.24874817,  152.95383894,  187.7747173 ,     94.88395208,  163.50608164,  208.73761076,   43.03685804,    119.63256663,  116.81592558,  267.76168706,   38.64539878,    -24.92041447], [ -188.22654964,   28.55318161,  -81.06193509,  -28.48544484,     -9.70561166,  -85.80188506,   18.79400828,   74.71283965,      1.33250123,   -1.87568365,   38.64539878,  298.2888672 ,     85.05785525], [ -271.16800867,  -50.00503395,  -88.78486833,  -54.85585526,      9.7499354 ,  -51.35130541,  -84.39059559,   69.78339849,     38.61151639,  -28.5449997 ,  -24.92041447,   85.05785525,    295.35957459]]
/root/sim/music/701~800/728_ほゎ.mp3; [-862.75006   , 218.48007   , -15.723575  , -24.520061  , -54.672676  ,  -47.519527  , -26.95748   ,  -1.8364995 ,   2.194876  ,   4.405291  ,   -3.0118544 ,   0.04655302,  -1.0583615 ]; [[ 5122.13568764, -648.42781916,-1343.25234481,  566.13481464,    -55.98975507,   23.96243295, -134.90819326,  267.65701206,    263.36023329,  449.8541539 ,  103.67331515,   79.87448769,      2.73137659], [ -648.42781916,  711.28941749,  255.0951226 , -106.14395437,     26.22650208,  -27.14252145,  -53.55105082, -129.33516991,   -123.5233686 ,  -82.04751555,   -5.25860755,    1.09568619,      6.68146292], [-1343.25234481,  255.0951226 ,  876.54935767,  -59.57640213,     75.51429006,    5.02321854, -118.65060975, -255.71355922,   -210.70968858, -125.43319623,  -55.87910927,  -69.31250273,    -76.43361994], [  566.13481464, -106.14395437,  -59.57640213,  411.05185157,     98.21550352,    0.81478432,  -94.27694643,  -52.46758808,     31.3454404 ,   49.87526616,  -38.89938825,  -68.22614162,    -89.60458695], [  -55.98975507,   26.22650208,   75.51429006,   98.21550352,    276.30852705,   66.16769306, -162.54238983, -186.87046253,    -62.04677262,   79.01668194,   93.00911294,   37.3346938 ,    -28.0803801 ], [   23.96243295,  -27.14252145,    5.02321854,    0.81478432,     66.16769306,  461.45846011,  250.30415449,  -82.78849373,   -107.07645686,  -91.44664715,   58.52954791,  117.23191034,     56.91181005], [ -134.90819326,  -53.55105082, -118.65060975,  -94.27694643,   -162.54238983,  250.30415449,  553.97201376,  253.95813397,    -58.24121201, -181.28721378, -127.75753931,   25.42803584,     48.86843178], [  267.65701206, -129.33516991, -255.71355922,  -52.46758808,   -186.87046253,  -82.78849373,  253.95813397,  553.82519542,    153.30486377, -157.79219779, -193.4469339 ,  -73.0706993 ,     20.59894419], [  263.36023329, -123.5233686 , -210.70968858,   31.3454404 ,    -62.04677262, -107.07645686,  -58.24121201,  153.30486377,    462.67605733,  137.36278854,  -28.50821369,  -63.21961384,    -62.06208409], [  449.8541539 ,  -82.04751555, -125.43319623,   49.87526616,     79.01668194,  -91.44664715, -181.28721378, -157.79219779,    137.36278854,  454.75497469,  180.1979143 ,   14.1797096 ,    -61.72369661], [  103.67331515,   -5.25860755,  -55.87910927,  -38.89938825,     93.00911294,   58.52954791, -127.75753931, -193.4469339 ,    -28.50821369,  180.1979143 ,  342.19935105,  124.15522566,     63.58082756], [   79.87448769,    1.09568619,  -69.31250273,  -68.22614162,     37.3346938 ,  117.23191034,   25.42803584,  -73.0706993 ,    -63.21961384,   14.1797096 ,  124.15522566,  224.85492842,     83.61945529], [    2.73137659,    6.68146292,  -76.43361994,  -89.60458695,    -28.0803801 ,   56.91181005,   48.86843178,   20.59894419,    -62.06208409,  -61.72369661,   63.58082756,   83.61945529,    235.15862052]]
/root/sim/music/701~800/795_the_be.autiful_world.mp3; [-972.5462   , 252.0087   ,  40.229614 , -26.409925 , -21.83893  ,  -18.132978 , -18.78418  , -11.584207 ,  -6.121158 ,  -4.748866 ,   -1.2422048,   1.1627821,  -3.7024035]; [[ 6031.96275494, 2149.09649922,-1915.89682822, -613.12906529,    -19.49822322, -308.00676577, -297.66450393,   20.00269282,      5.70219884, -119.43524971,  -31.25608245,  140.22702504,    -29.04480038], [ 2149.09649922, 1668.90301622, -335.70266357, -463.58420744,     33.16183526,   13.32177861, -124.98841129,  -70.93280436,    -64.50234433, -141.68556746, -107.4928843 ,  -35.47923186,    -79.00733617], [-1915.89682822, -335.70266357, 1200.83414336,  330.55692238,     -0.44276947,  220.90728633,  130.96497541,  -81.20719016,    -78.98255472,  -11.79550068,  -56.89581843, -120.15251643,    -27.49871214], [ -613.12906529, -463.58420744,  330.55692238,  444.45722367,    118.71327687,   53.51537047,   65.99609871,   -3.41612363,    -11.17997193,   15.4005523 ,   -0.12415874,    3.908694  ,     23.31579502], [  -19.49822322,   33.16183526,   -0.44276947,  118.71327687,    235.94270624,  103.16155546,  -22.41239773,  -19.36350512,    -23.51257278,  -60.90302347,  -48.30586681,   -3.8778366 ,      2.63491484], [ -308.00676577,   13.32177861,  220.90728633,   53.51537047,    103.16155546,  176.54545465,   70.55936851,  -27.59719856,    -34.72051131,  -34.46134257,  -48.36613722,  -59.703407  ,    -44.50418883], [ -297.66450393, -124.98841129,  130.96497541,   65.99609871,    -22.41239773,   70.55936851,  149.71206103,   70.84148361,     13.61093763,   26.6312038 ,   11.81917306,  -34.78209123,    -43.14644724], [   20.00269282,  -70.93280436,  -81.20719016,   -3.41612363,    -19.36350512,  -27.59719856,   70.84148361,  129.71407825,     82.60950806,   39.00387132,   26.95073597,    1.44518878,    -22.70788288], [    5.70219884,  -64.50234433,  -78.98255472,  -11.17997193,    -23.51257278,  -34.72051131,   13.61093763,   82.60950806,    127.96402929,   93.78306203,   38.86508015,    8.85626272,    -18.19273698], [ -119.43524971, -141.68556746,  -11.79550068,   15.4005523 ,    -60.90302347,  -34.46134257,   26.6312038 ,   39.00387132,     93.78306203,  141.09773119,   94.43946647,   20.41783803,    -11.58828266], [  -31.25608245, -107.4928843 ,  -56.89581843,   -0.12415874,    -48.30586681,  -48.36613722,   11.81917306,   26.95073597,     38.86508015,   94.43946647,  119.14400974,   69.82507001,     11.95970431], [  140.22702504,  -35.47923186, -120.15251643,    3.908694  ,     -3.8778366 ,  -59.703407  ,  -34.78209123,    1.44518878,      8.85626272,   20.41783803,   69.82507001,  117.3985051 ,     87.28972166], [  -29.04480038,  -79.00733617,  -27.49871214,   23.31579502,      2.63491484,  -44.50418883,  -43.14644724,  -22.70788288,    -18.19273698,  -11.58828266,   11.95970431,   87.28972166,    148.50485235]]
/root/sim/music/701~800/707_ジャンク・ゴミヤマ・リサイクル.mp3; [-716.3327    , 176.17952   ,   0.62877434,  -0.42880803,  -8.760959  ,   -0.09262715,  -7.933022  ,   4.7507305 ,  11.016201  ,   7.8628936 ,  -12.113654  , -14.434384  ,  -2.2708588 ]; [[15431.52487524,  119.87424229, 1251.17664569, 1177.52783414,    338.28691284,  627.04635352,  552.60716779,  245.47056761,   -398.48306889, -113.4431086 ,  352.14277702,  363.7317094 ,     -8.41523191], [  119.87424229, 3662.11442836, -294.22589696,  151.11093075,   -145.48331149,  -45.43264741, -205.77503466,  -71.83883851,    174.93386587,   72.90442439, -133.12556577, -153.68120441,     36.62671424], [ 1251.17664569, -294.22589696, 1123.94469767,  256.19758464,    318.62317634,  208.03094257,  262.0206594 ,   77.82874227,    -53.23567755,  -17.20178106,   99.3871649 ,  151.2561135 ,      6.50397907], [ 1177.52783414,  151.11093075,  256.19758464,  571.36029844,    140.14598769,  218.63581907,  169.1295879 ,  100.40829881,      6.6389519 ,   19.34163325,  120.41743844,   90.41273505,     -9.12331293], [  338.28691284, -145.48331149,  318.62317634,  140.14598769,    268.51338589,  116.31698524,  122.50284146,   72.19316163,     32.13690512,   34.34964018,   39.7403104 ,   59.22483808,      0.17746592], [  627.04635352,  -45.43264741,  208.03094257,  218.63581907,    116.31698524,  250.46139448,  153.97542827,   91.32313483,     17.75159922,   15.34366014,   82.84321155,   84.90446049,     28.49834956], [  552.60716779, -205.77503466,  262.0206594 ,  169.1295879 ,    122.50284146,  153.97542827,  225.43266822,  107.13106933,    -14.46958649,   -1.34000276,   90.37428029,   96.5637762 ,     32.37411069], [  245.47056761,  -71.83883851,   77.82874227,  100.40829881,     72.19316163,   91.32313483,  107.13106933,  157.60653319,     38.19692383,   29.34050884,   43.4940019 ,   41.98430421,     25.8963129 ], [ -398.48306889,  174.93386587,  -53.23567755,    6.6389519 ,     32.13690512,   17.75159922,  -14.46958649,   38.19692383,    210.16806822,   93.06123008,  -26.17006491,  -35.50055594,      8.46374802], [ -113.4431086 ,   72.90442439,  -17.20178106,   19.34163325,     34.34964018,   15.34366014,   -1.34000276,   29.34050884,     93.06123008,  127.30249541,    4.74877266,    4.21198458,      6.12337727], [  352.14277702, -133.12556577,   99.3871649 ,  120.41743844,     39.7403104 ,   82.84321155,   90.37428029,   43.4940019 ,    -26.17006491,    4.74877266,  131.28226028,   73.18870524,     19.97377   ], [  363.7317094 , -153.68120441,  151.2561135 ,   90.41273505,     59.22483808,   84.90446049,   96.5637762 ,   41.98430421,    -35.50055594,    4.21198458,   73.18870524,  142.96368399,     32.58666494], [   -8.41523191,   36.62671424,    6.50397907,   -9.12331293,      0.17746592,   28.49834956,   32.37411069,   25.8963129 ,      8.46374802,    6.12337727,   19.97377   ,   32.58666494,     86.67526385]]
/root/sim/music/701~800/774_愛食.mp3; [-727.3682    , 183.06306   , -31.206665  ,   8.905127  ,  -2.7375028 ,  -13.817734  , -20.668585  , -10.798566  , -11.814416  ,  -6.755803  ,   -7.1970043 ,   0.03325563,  -1.2122428 ]; [[17706.29089485, -499.48890891, -624.8023644 , 1700.40709225,    369.37470145,  869.56532104,  875.38228987, 1092.97637705,    829.92799853,  179.83429176, -310.88655399, -410.96653421,   -393.59266134], [ -499.48890891, 1261.46573136,  492.2222419 , -146.03019821,      4.80533287,   51.38658582,  -13.66912318,  -96.6433047 ,    -59.65863662,  -67.03645407,  -36.76657498, -115.9253393 ,    -54.66852637], [ -624.8023644 ,  492.2222419 , 1104.22818673, -159.83715899,   -154.34969433,  208.88730882,  268.39027656,    0.86001073,     -5.46432564,    5.20228623,   67.48580131,  -15.16609505,    -27.00094128], [ 1700.40709225, -146.03019821, -159.83715899,  395.44880161,    124.09786345,   83.43373007,   44.01839295,  140.7682437 ,    164.35256473,   10.17190371,  -62.58253176, -115.89749156,    -25.50819411], [  369.37470145,    4.80533287, -154.34969433,  124.09786345,    180.75594382,   33.02060481,  -14.90377325,   31.01282457,     46.95235775,  -17.1310018 ,  -58.44258918,  -62.14290047,    -16.6277777 ], [  869.56532104,   51.38658582,  208.88730882,   83.43373007,     33.02060481,  231.42841406,  152.75321699,   94.76623583,     76.87399296,   21.81608814,  -29.36706631,  -60.85793574,    -21.32587102], [  875.38228987,  -13.66912318,  268.39027656,   44.01839295,    -14.90377325,  152.75321699,  275.60639256,  123.04305234,     66.00676244,   38.00018724,   19.85067945,   -2.74426663,    -29.57591816], [ 1092.97637705,  -96.6433047 ,    0.86001073,  140.7682437 ,     31.01282457,   94.76623583,  123.04305234,  226.31770592,    153.9631951 ,   34.79663586,   -1.14605757,  -44.17350169,    -25.84343832], [  829.92799853,  -59.65863662,   -5.46432564,  164.35256473,     46.95235775,   76.87399296,   66.00676244,  153.9631951 ,    224.95387145,   35.56972989,   -8.72389851,  -81.82968692,    -13.50396378], [  179.83429176,  -67.03645407,    5.20228623,   10.17190371,    -17.1310018 ,   21.81608814,   38.00018724,   34.79663586,     35.56972989,  126.76220523,   47.2438103 ,   25.38088526,      6.91263719], [ -310.88655399,  -36.76657498,   67.48580131,  -62.58253176,    -58.44258918,  -29.36706631,   19.85067945,   -1.14605757,     -8.72389851,   47.2438103 ,  141.94285973,   98.31078089,     17.88586124], [ -410.96653421, -115.9253393 ,  -15.16609505, -115.89749156,    -62.14290047,  -60.85793574,   -2.74426663,  -44.17350169,    -81.82968692,   25.38088526,   98.31078089,  219.90109794,     68.04803548], [ -393.59266134,  -54.66852637,  -27.00094128,  -25.50819411,    -16.6277777 ,  -21.32587102,  -29.57591816,  -25.84343832,    -13.50396378,    6.91263719,   17.88586124,   68.04803548,    162.44647576]]
/root/sim/music/701~800/715_Sparkling.mp3; [-718.1807    , 197.46759   ,  21.803112  ,  12.678222  , -24.285482  ,   -4.5760655 ,  -7.5921216 ,   2.8923423 ,   0.9030894 ,   0.89348495,    5.718748  ,  12.837426  ,  13.4140005 ]; [[16997.801589  ,-3555.455352  , -362.57962798,  910.50698871,    602.35251879,  403.4412502 ,   83.03329472,  471.3689091 ,    180.61593188,  524.8602187 ,   10.34369847,  295.12264101,    -84.84947005], [-3555.455352  , 4521.33798144, -624.38842791, -507.08172517,   -537.65237504,  -58.5530483 ,  138.02636059, -104.69057184,    -64.49878622,    2.74736189,   50.79382587,   27.49890077,     48.68786157], [ -362.57962798, -624.38842791, 1235.0130366 ,  -79.51165615,    172.57155236,   -4.83004695,   36.67983909,  164.24604498,     67.739287  ,   42.54931337,   36.11780529,   67.63385381,    113.17641585], [  910.50698871, -507.08172517,  -79.51165615,  827.33610784,    456.05418632,   93.89501316,   64.33227988,  198.4193399 ,    210.73155007,   89.44591714,   53.8983804 ,   39.8392701 ,    105.1873162 ], [  602.35251879, -537.65237504,  172.57155236,  456.05418632,    779.53579877,  159.30100823,   51.70868248,  203.59844617,    308.99856547,  207.3476892 ,  -13.78917784,  114.4999556 ,     80.41618609], [  403.4412502 ,  -58.5530483 ,   -4.83004695,   93.89501316,    159.30100823,  257.89359148,  103.34149412,   66.12908028,    122.27482734,   53.16356605,  -17.22411364,   37.11148663,     95.89338303], [   83.03329472,  138.02636059,   36.67983909,   64.33227988,     51.70868248,  103.34149412,  294.45750195,   76.45556969,     15.60489062,  152.30467724,   85.03683254,   77.06335089,    -30.73124392], [  471.3689091 , -104.69057184,  164.24604498,  198.4193399 ,    203.59844617,   66.12908028,   76.45556969,  394.21734705,     91.6064976 ,  -17.22774668,  117.56929593,  118.65456577,    167.82137269], [  180.61593188,  -64.49878622,   67.739287  ,  210.73155007,    308.99856547,  122.27482734,   15.60489062,   91.6064976 ,    413.1887567 ,  100.96846238, -106.99518289,   29.36144644,    131.20040596], [  524.8602187 ,    2.74736189,   42.54931337,   89.44591714,    207.3476892 ,   53.16356605,  152.30467724,  -17.22774668,    100.96846238,  531.23177838,   16.38169398,   50.6741666 ,    -91.04674094], [   10.34369847,   50.79382587,   36.11780529,   53.8983804 ,    -13.78917784,  -17.22411364,   85.03683254,  117.56929593,   -106.99518289,   16.38169398,  398.4527516 ,    0.66635768,   -145.38917632], [  295.12264101,   27.49890077,   67.63385381,   39.8392701 ,    114.4999556 ,   37.11148663,   77.06335089,  118.65456577,     29.36144644,   50.6741666 ,    0.66635768,  315.54158486,      2.67330138], [  -84.84947005,   48.68786157,  113.17641585,  105.1873162 ,     80.41618609,   95.89338303,  -30.73124392,  167.82137269,    131.20040596,  -91.04674094, -145.38917632,    2.67330138,    694.39642096]]
/root/sim/music/701~800/709_Waves.mp3; [-585.1955   , 131.65897  ,  66.66545  ,  27.226667 , -15.270655 ,  -12.179149 , -15.646693 ,   1.4592593,  14.276531 ,  10.367285 ,  -10.719129 ,  -5.987096 ,  -1.4773833]; [[2461.01494665,-821.74766173,-505.09763095,  51.71793265, 137.92274335,     7.72567806,  42.21247841,  -4.01727506, -89.48594357, -24.57971664,   180.42692835,  73.13784208, -99.80694924], [-821.74766173, 721.53294623,  62.25765995,  -3.68507459,  16.44741637,    30.16170055, -12.65531518,  58.80543329,  77.68153011,  63.34354658,   -50.1635518 , -23.31866089,  37.44064027], [-505.09763095,  62.25765995, 497.66078984,  54.47583391, -46.03025524,    32.69581958,  24.20279743,   7.42704987,  65.41471945,  18.73421789,   -67.07386182,  -7.67222463,  89.96102419], [  51.71793265,  -3.68507459,  54.47583391, 129.00845528,  89.28164658,    21.68674457,  13.93085287,  -0.86981493, -16.84312115,  25.84446817,    76.62390933,  39.68761519,  -6.50562473], [ 137.92274335,  16.44741637, -46.03025524,  89.28164658, 159.62412864,    64.4729729 ,   6.97473623,   1.71060613,   3.27797387,  34.28883894,    63.8330784 ,  26.02248941,   5.49692906], [   7.72567806,  30.16170055,  32.69581958,  21.68674457,  64.4729729 ,   115.82026393,  44.64609015,  -0.69374129,   5.66889754,   9.4209613 ,    -0.13756804,  17.99105478,  51.10738361], [  42.21247841, -12.65531518,  24.20279743,  13.93085287,   6.97473623,    44.64609015, 108.79408525,  67.87554575,   5.5379238 ,  -9.36403941,    19.38203656,  33.12560947,   9.14197578], [  -4.01727506,  58.80543329,   7.42704987,  -0.86981493,   1.71060613,    -0.69374129,  67.87554575, 156.75835086, 107.60680631,  16.4343664 ,   -52.67162045, -20.05750347,   4.86077072], [ -89.48594357,  77.68153011,  65.41471945, -16.84312115,   3.27797387,     5.66889754,   5.5379238 , 107.60680631, 204.62851558,  74.78945799,  -113.37136964, -89.7861374 ,  46.83204224], [ -24.57971664,  63.34354658,  18.73421789,  25.84446817,  34.28883894,     9.4209613 ,  -9.36403941,  16.4343664 ,  74.78945799, 111.76324146,    37.65054803, -20.3060221 ,   4.19837098], [ 180.42692835, -50.1635518 , -67.07386182,  76.62390933,  63.8330784 ,    -0.13756804,  19.38203656, -52.67162045,-113.37136964,  37.65054803,   240.26710629, 126.29564958, -60.24395178], [  73.13784208, -23.31866089,  -7.67222463,  39.68761519,  26.02248941,    17.99105478,  33.12560947, -20.05750347, -89.7861374 , -20.3060221 ,   126.29564958, 138.97664772,  -3.23706916], [ -99.80694924,  37.44064027,  89.96102419,  -6.50562473,   5.49692906,    51.10738361,   9.14197578,   4.86077072,  46.83204224,   4.19837098,   -60.24395178,  -3.23706916,  96.84646349]]
/root/sim/music/701~800/721_紫陽花の丘に、貴方はもういない.mp3; [-1116.2716   ,  139.62698  ,   35.52717  ,  -15.5456915,  -17.737328 ,   -12.964122 ,   -6.983555 ,   -4.32839  ,   -0.7061282,    8.548153 ,    17.80536  ,   15.178886 ,    7.964659 ]; [[ 4340.74922589, 2327.22198114, -659.88330205,-1112.14805941,   -396.89994401, -383.82812354, -216.34605055, -175.09661852,   -248.03238724, -217.9942783 ,  -32.94980328,  -82.30158758,   -109.27082568], [ 2327.22198114, 1835.7711286 , -187.94378807, -689.40103309,   -427.41028104, -345.75800477, -299.67653942, -216.1330023 ,   -158.43093262,  -91.76634173,   15.90099507,   26.24094948,    -62.07878806], [ -659.88330205, -187.94378807,  433.71776247,  250.31040701,    -54.02636577,  -57.32237833, -110.24936003,  -85.56769825,     29.21205113,   39.43300265,  -11.65854814,   26.80671662,     17.54741632], [-1112.14805941, -689.40103309,  250.31040701,  493.26423871,    241.66197154,  107.12369423,   36.00898712,    1.02512069,      1.40639379,   21.62590284,   -7.05946761,  -20.22834499,    -11.92694574], [ -396.89994401, -427.41028104,  -54.02636577,  241.66197154,    327.90915888,  190.01051479,  105.67617836,   30.82213433,    -33.99416688,  -51.09359223,  -16.71340633,  -38.07014448,    -23.14005825], [ -383.82812354, -345.75800477,  -57.32237833,  107.12369423,    190.01051479,  243.55751113,  166.37337628,   80.79312479,     -2.00140149,  -48.4730006 ,  -22.96714311,   -3.99607933,      5.86036941], [ -216.34605055, -299.67653942, -110.24936003,   36.00898712,    105.67617836,  166.37337628,  300.06965741,  177.18967627,     -0.11134108,  -29.33061405,  -19.36227324,  -49.44307047,     13.82430115], [ -175.09661852, -216.1330023 ,  -85.56769825,    1.02512069,     30.82213433,   80.79312479,  177.18967627,  270.80402884,     90.33416084, -103.62406013,  -84.74494912,   37.83303045,     94.92153253], [ -248.03238724, -158.43093262,   29.21205113,    1.40639379,    -33.99416688,   -2.00140149,   -0.11134108,   90.33416084,    210.52226776,   77.1851277 ,  -58.70239885,  -11.6798558 ,     72.80198685], [ -217.9942783 ,  -91.76634173,   39.43300265,   21.62590284,    -51.09359223,  -48.4730006 ,  -29.33061405, -103.62406013,     77.1851277 ,  330.56827229,  167.43086223,  -84.39828428,    -80.70920495], [  -32.94980328,   15.90099507,  -11.65854814,   -7.05946761,    -16.71340633,  -22.96714311,  -19.36227324,  -84.74494912,    -58.70239885,  167.43086223,  244.20114076,   42.08877403,    -70.69328554], [  -82.30158758,   26.24094948,   26.80671662,  -20.22834499,    -38.07014448,   -3.99607933,  -49.44307047,   37.83303045,    -11.6798558 ,  -84.39828428,   42.08877403,  270.35805452,     94.54240162], [ -109.27082568,  -62.07878806,   17.54741632,  -11.92694574,    -23.14005825,    5.86036941,   13.82430115,   94.92153253,     72.80198685,  -80.70920495,  -70.69328554,   94.54240162,    272.29577629]]
/root/sim/music/701~800/724_A_Fine_Afternoon.mp3; [-683.04614  , 160.07689  ,  32.305363 ,  41.16268  ,  26.76171  ,   26.224611 ,   9.4532   ,   7.420716 ,   3.7841005,   5.16335  ,    8.465682 ,   5.042256 ,   1.5035683]; [[7147.59198621, 137.39631823, 277.37203697,  98.67957566, 266.5662058 ,   118.43942661, 155.25128794, 160.69101628,  58.01603606, -19.66916717,    98.94783881,  33.7362051 ,  30.35515051], [ 137.39631823,1839.43374446, -88.04768658, -85.12419512,  11.40957313,    20.73445014,   6.46303547,  68.13087897,  72.51848814,  81.9641419 ,    22.64475057,  -4.97022521,   7.92960772], [ 277.37203697, -88.04768658, 490.49223023, 193.28929463,  20.449039  ,    77.04960757,  47.68156996,  53.77811141,  38.66086101,  15.78535048,   -17.52358398, -17.3050656 , -12.39117559], [  98.67957566, -85.12419512, 193.28929463, 269.02582163,  48.66154999,    55.95982593,  55.59754684,  44.75205621,  22.52515511,   6.02435272,   -19.88745132,  -7.00771284,  -9.01627174], [ 266.5662058 ,  11.40957313,  20.449039  ,  48.66154999, 121.12930155,    67.15809787,  22.5744396 ,   5.50127254,   8.87734507,   8.21144514,     9.41898569,   4.09543154,   7.60753983], [ 118.43942661,  20.73445014,  77.04960757,  55.95982593,  67.15809787,   140.37564891,  44.29958079,  -9.96481423,  -0.01006755,  16.91698197,     5.45845451,   2.46759561,  -7.50099217], [ 155.25128794,   6.46303547,  47.68156996,  55.59754684,  22.5744396 ,    44.29958079,  91.83238917,  51.49183556,  -1.19882085, -12.45216778,    -0.88711868,  -0.84763032,  -5.91942805], [ 160.69101628,  68.13087897,  53.77811141,  44.75205621,   5.50127254,    -9.96481423,  51.49183556,  90.55323999,  35.62920643,  -7.92596952,   -10.78584147,  -4.05193727,   4.60489222], [  58.01603606,  72.51848814,  38.66086101,  22.52515511,   8.87734507,    -0.01006755,  -1.19882085,  35.62920643,  71.20882754,  27.02065136,    -8.23022874,  -7.40251056,   6.42561597], [ -19.66916717,  81.9641419 ,  15.78535048,   6.02435272,   8.21144514,    16.91698197, -12.45216778,  -7.92596952,  27.02065136,  62.3923667 ,    23.65686435,  -6.99004146,  -7.77885585], [  98.94783881,  22.64475057, -17.52358398, -19.88745132,   9.41898569,     5.45845451,  -0.88711868, -10.78584147,  -8.23022874,  23.65686435,    61.61437512,  24.79611976,  -3.9999768 ], [  33.7362051 ,  -4.97022521, -17.3050656 ,  -7.00771284,   4.09543154,     2.46759561,  -0.84763032,  -4.05193727,  -7.40251056,  -6.99004146,    24.79611976,  57.00450483,  21.07406737], [  30.35515051,   7.92960772, -12.39117559,  -9.01627174,   7.60753983,    -7.50099217,  -5.91942805,   4.60489222,   6.42561597,  -7.77885585,    -3.9999768 ,  21.07406737,  48.27799035]]
