/root/sim/music/801~900/886_crisp_morning.mp3; [-882.6433    , 225.59694   ,  10.747639  ,  27.658005  ,  -7.1846037 ,   -5.176179  , -13.380073  , -15.483012  , -19.092058  , -11.37556   ,    0.26849762,  -5.705647  ,  -9.851068  ]; [[30909.2373495 , 8726.46536812,-6382.03567643, 1514.61287905,   -935.03178684, 1276.78497914,  732.39774415, 1164.90996491,    220.83434728, -398.23800216, -196.53390965, -259.93079998,    -29.91271941], [ 8726.46536812, 4997.59602787,-1328.19826356, -131.31418044,     19.76258741,   73.7792774 ,  329.67604267,  101.96204883,   -183.52824191, -194.52609481,   64.18522614, -158.90786646,   -253.91650931], [-6382.03567643,-1328.19826356, 2181.81091047, -325.18573632,    136.48244206, -272.26440188, -253.24654349, -346.51339175,   -146.97369292,  124.95857344,   50.97999594,   33.59165916,    -92.94452503], [ 1514.61287905, -131.31418044, -325.18573632,  403.88887179,   -142.67178118,  141.8176278 ,    3.49326604,   95.79925766,    108.77020256,   24.71018783,  -25.75336402,   34.64233142,     75.02309408], [ -935.03178684,   19.76258741,  136.48244206, -142.67178118,    258.84344206,  -45.33476948,   95.48943413,    7.49317167,    -20.64983093,    4.23891364,   51.97530991,   69.50955221,     35.98780591], [ 1276.78497914,   73.7792774 , -272.26440188,  141.8176278 ,    -45.33476948,  156.92644482,   43.90846412,  103.98676272,     41.24294608,   -6.11688247,  -13.74062229,   22.71063525,     51.17761337], [  732.39774415,  329.67604267, -253.24654349,    3.49326604,     95.48943413,   43.90846412,  152.23100447,   71.26629218,     22.27010226,   -7.19300385,   14.48700919,   71.94264963,     39.86195986], [ 1164.90996491,  101.96204883, -346.51339175,   95.79925766,      7.49317167,  103.98676272,   71.26629218,  130.85706217,     56.54943109,   -5.51805597,  -12.05128187,   32.29735108,     56.90684806], [  220.83434728, -183.52824191, -146.97369292,  108.77020256,    -20.64983093,   41.24294608,   22.27010226,   56.54943109,     89.43224788,   20.27367465,  -25.48331869,   33.83960795,     51.50741836], [ -398.23800216, -194.52609481,  124.95857344,   24.71018783,      4.23891364,   -6.11688247,   -7.19300385,   -5.51805597,     20.27367465,   57.08845258,   11.59387596,   17.52529718,      9.21695897], [ -196.53390965,   64.18522614,   50.97999594,  -25.75336402,     51.97530991,  -13.74062229,   14.48700919,  -12.05128187,    -25.48331869,   11.59387596,   67.31584461,   -4.19992542,    -14.97843644], [ -259.93079998, -158.90786646,   33.59165916,   34.64233142,     69.50955221,   22.71063525,   71.94264963,   32.29735108,     33.83960795,   17.52529718,   -4.19992542,  127.09183935,     76.21347031], [  -29.91271941, -253.91650931,  -92.94452503,   75.02309408,     35.98780591,   51.17761337,   39.86195986,   56.90684806,     51.50741836,    9.21695897,  -14.97843644,   76.21347031,     93.76783468]]
/root/sim/music/801~900/874_天水のユーロビート.mp3; [-561.06354  ,  93.341805 ,  20.866907 ,  18.122543 ,   9.6160145,   10.668651 ,   4.9315195,   5.1732745,   2.8228884,   4.320768 ,    3.1959515,   4.118283 ,   3.3537838]; [[13464.01567454, 1360.14450831,  330.66385761,  111.29974338,    413.0566343 ,  430.55084388,   57.20915539,  210.19320839,     99.8595225 ,   37.35703653,   50.17819449,   -9.27608657,    -86.83014049], [ 1360.14450831,  818.42015162,  134.5253769 ,   26.41925839,    166.39124408,  134.36244273,   71.41481458,   83.74457461,     24.75817961,   12.85471497,   21.0981281 ,   -5.32658883,      5.03137314], [  330.66385761,  134.5253769 ,  322.9724355 ,   43.28656023,     79.89751513,   68.41800654,   37.61932111,   39.53237189,     16.86767781,   11.7961432 ,    8.69370083,   -0.4530332 ,     -8.5647123 ], [  111.29974338,   26.41925839,   43.28656023,   95.49069954,     52.00008791,   35.22164791,   26.72056782,   17.67702309,     19.01906371,    7.57219399,    8.09183879,    8.16826969,      0.36455354], [  413.0566343 ,  166.39124408,   79.89751513,   52.00008791,    143.24778052,  103.80323408,   48.92093442,   43.73442401,     21.07900538,   11.24188283,   16.69813228,    9.27629072,      6.82110534], [  430.55084388,  134.36244273,   68.41800654,   35.22164791,    103.80323408,  124.82203898,   67.3339064 ,   43.35268466,     23.1421724 ,   13.71717895,   16.19095096,    8.80771072,      2.99517981], [   57.20915539,   71.41481458,   37.61932111,   26.72056782,     48.92093442,   67.3339064 ,   86.58242399,   55.05565535,     31.25466142,   15.03753583,   13.08984988,    6.08017367,      0.24705846], [  210.19320839,   83.74457461,   39.53237189,   17.67702309,     43.73442401,   43.35268466,   55.05565535,   78.55051354,     45.47242861,   15.54199909,   10.17815873,   -0.40539954,     -5.62071473], [   99.8595225 ,   24.75817961,   16.86767781,   19.01906371,     21.07900538,   23.1421724 ,   31.25466142,   45.47242861,     71.72081587,   39.9418843 ,   13.10702115,    3.08149642,     -3.41516233], [   37.35703653,   12.85471497,   11.7961432 ,    7.57219399,     11.24188283,   13.71717895,   15.03753583,   15.54199909,     39.9418843 ,   58.3814514 ,   28.75992507,    5.29626834,      1.58702274], [   50.17819449,   21.0981281 ,    8.69370083,    8.09183879,     16.69813228,   16.19095096,   13.08984988,   10.17815873,     13.10702115,   28.75992507,   51.20358516,   25.38006597,      4.4603133 ], [   -9.27608657,   -5.32658883,   -0.4530332 ,    8.16826969,      9.27629072,    8.80771072,    6.08017367,   -0.40539954,      3.08149642,    5.29626834,   25.38006597,   55.58137332,     34.83142057], [  -86.83014049,    5.03137314,   -8.5647123 ,    0.36455354,      6.82110534,    2.99517981,    0.24705846,   -5.62071473,     -3.41516233,    1.58702274,    4.4603133 ,   34.83142057,     68.54279699]]
/root/sim/music/801~900/823_世界が終わるまで、あと7分.mp3; [-1135.46      ,  125.22701   ,   42.85954   ,   12.049827  ,     9.584319  ,   11.426989  ,   12.006273  ,   12.129871  ,     6.4902687 ,   -0.49721476,    1.3389391 ,    6.6266785 ,     5.1548915 ]; [[8209.18790869,6594.18812468,1291.83105435, 368.56135088, 186.26984509,   104.25045348,  35.63537099, 125.83354478,-100.91960631,-388.56520609,  -192.51149792, 130.83725317,  20.91040542], [6594.18812468,6323.88849613,2489.77468156, 905.18072543, 187.93931236,    -9.63810205, -61.65862027, -23.00504878, -98.03218048,-224.69555522,  -123.62479276,  71.13653268,  15.82486442], [1291.83105435,2489.77468156,2648.01404755,1370.76153541, 203.56832467,  -177.96728007,-266.90575765,-309.90773102,-129.84455692, 105.95788714,    59.71740495, -75.75661173, -57.75088842], [ 368.56135088, 905.18072543,1370.76153541,1070.04229459, 396.67687797,   -50.77227244,-271.30958953,-308.83549926,-148.35161478,  59.10645092,    82.95959036, -37.09074303, -81.35117852], [ 186.26984509, 187.93931236, 203.56832467, 396.67687797, 420.40080825,   172.59747669, -87.46108637,-146.19656111, -74.89988812, -21.34054526,    40.71050768,  44.15566358, -23.41360083], [ 104.25045348,  -9.63810205,-177.96728007, -50.77227244, 172.59747669,   237.53220269, 130.76745738,  26.02264588, -13.20284799, -39.11539613,     1.876451  ,  54.28615614,  29.62996309], [  35.63537099, -61.65862027,-266.90575765,-271.30958953, -87.46108637,   130.76745738, 273.98521876, 218.22509386,  44.82216687, -56.28550631,   -31.83485858,  35.24826268,  58.11326099], [ 125.83354478, -23.00504878,-309.90773102,-308.83549926,-146.19656111,    26.02264588, 218.22509386, 305.93547594, 145.07537532, -64.28898762,   -82.84518927,  20.68786533,  69.52416942], [-100.91960631, -98.03218048,-129.84455692,-148.35161478, -74.89988812,   -13.20284799,  44.82216687, 145.07537532, 196.37162103,  46.81141988,   -74.46584609, -14.56769513,  34.76137615], [-388.56520609,-224.69555522, 105.95788714,  59.10645092, -21.34054526,   -39.11539613, -56.28550631, -64.28898762,  46.81141988, 176.44944331,    84.01064511, -71.98620208, -50.11476486], [-192.51149792,-123.62479276,  59.71740495,  82.95959036,  40.71050768,     1.876451  , -31.83485858, -82.84518927, -74.46584609,  84.01064511,   165.11205307,  30.80549989, -63.52122425], [ 130.83725317,  71.13653268, -75.75661173, -37.09074303,  44.15566358,    54.28615614,  35.24826268,  20.68786533, -14.56769513, -71.98620208,    30.80549989, 165.70219551,  52.92656872], [  20.91040542,  15.82486442, -57.75088842, -81.35117852, -23.41360083,    29.62996309,  58.11326099,  69.52416942,  34.76137615, -50.11476486,   -63.52122425,  52.92656872, 125.07077121]]
/root/sim/music/801~900/826_怨恨憑依祓うも笑み.mp3; [-819.65674  , 207.51701  , -25.80738  , -19.181112 , -22.902458 ,  -16.765667 , -25.1158   , -10.835064 , -11.430003 ,  -1.4141175,   -4.111078 ,  -4.5872817,  -3.6743677]; [[12328.1884668 , 4002.47135527,-1172.23844044, -479.35420428,   -454.45732017,  -71.71504453, -565.21408099, -294.73108196,   -235.8101275 , -105.50258875, -275.80255762, -208.79227982,   -212.28584744], [ 4002.47135527, 4332.56046553, -456.80823176, -369.58742568,     14.14726023, -420.73237629, -367.75631227, -426.7869803 ,   -121.356563  ,  -39.47444124,  -63.54623408, -154.51683228,   -168.10756598], [-1172.23844044, -456.80823176,  958.25693803,  158.96955181,     42.57833099,   29.04017046,  -18.49204023,  -50.57772197,    -53.00746171,  -26.81506086,  -22.51138258,    4.40450732,    -29.60939672], [ -479.35420428, -369.58742568,  158.96955181,  261.81836758,     33.50576593,   37.47654443,   51.85947164,   15.95275065,    -31.75608088,  -23.90695763,  -16.07950145,  -13.00731978,     -1.95129758], [ -454.45732017,   14.14726023,   42.57833099,   33.50576593,    145.25809848,    9.49716049,   16.06773075,   -3.4980417 ,    -24.7658278 ,  -44.08614195,  -18.61263169,   -8.58301107,     -8.27696845], [  -71.71504453, -420.73237629,   29.04017046,   37.47654443,      9.49716049,  202.90235538,   86.144751  ,   40.48993696,    -38.70220439,  -73.56365048,  -52.98472854,   -4.22071759,     -2.69820881], [ -565.21408099, -367.75631227,  -18.49204023,   51.85947164,     16.06773075,   86.144751  ,  202.33294773,   62.22994296,    -21.36941558,  -16.86264273,  -21.09365431,  -11.11437774,     21.57091373], [ -294.73108196, -426.7869803 ,  -50.57772197,   15.95275065,     -3.4980417 ,   40.48993696,   62.22994296,  126.91685627,     36.55005967,   -0.66425325,    8.91766973,    6.26925498,     20.09524353], [ -235.8101275 , -121.356563  ,  -53.00746171,  -31.75608088,    -24.7658278 ,  -38.70220439,  -21.36941558,   36.55005967,    134.13980343,   72.28680561,   60.54940286,   35.29238628,     15.01026656], [ -105.50258875,  -39.47444124,  -26.81506086,  -23.90695763,    -44.08614195,  -73.56365048,  -16.86264273,   -0.66425325,     72.28680561,  163.21208228,   79.78012022,   29.88479853,     40.16834084], [ -275.80255762,  -63.54623408,  -22.51138258,  -16.07950145,    -18.61263169,  -52.98472854,  -21.09365431,    8.91766973,     60.54940286,   79.78012022,  111.07453187,   53.28001466,     32.76382848], [ -208.79227982, -154.51683228,    4.40450732,  -13.00731978,     -8.58301107,   -4.22071759,  -11.11437774,    6.26925498,     35.29238628,   29.88479853,   53.28001466,  113.09945442,     47.33156168], [ -212.28584744, -168.10756598,  -29.60939672,   -1.95129758,     -8.27696845,   -2.69820881,   21.57091373,   20.09524353,     15.01026656,   40.16834084,   32.76382848,   47.33156168,     79.71091209]]
/root/sim/music/801~900/896_Night_Cruising.mp3; [-722.0705   , 197.48709  ,  25.848316 ,  28.683748 ,  11.993131 ,    8.159869 ,  -2.2606947,   6.144204 ,   6.029904 ,   5.081916 ,    4.7380176,   6.3090963,   6.666161 ]; [[15483.11580472,-1182.02880203, -921.98255744,  112.81376186,   -235.49283636, -248.34719907, -181.43054932,  -61.05371836,   -115.99859346,  -17.41478014,  -70.79622698,   37.38467741,    146.05677792], [-1182.02880203, 2865.30073119,  271.45954542,   15.03747646,     69.78453987, -105.96426036,  -79.8981937 ,  -42.65556389,    -11.85634655,  -36.52546794,   22.28167139,   37.14625004,     34.24866355], [ -921.98255744,  271.45954542, 1132.35110829,  -85.91568179,    -86.66375072,  102.36599134,  -28.89641966,  -80.83822662,   -118.66254949,  -93.06137105,   67.32788112,    8.76493153,    -50.54851683], [  112.81376186,   15.03747646,  -85.91568179,  381.00685799,    122.73669167,   64.81516544,   75.4872352 ,   33.97484599,    -17.3376184 ,  -12.86155389,  -22.52947893,  -10.00449864,     -7.51795791], [ -235.49283636,   69.78453987,  -86.66375072,  122.73669167,    333.18385032,  157.50215555,   50.0203269 ,   32.34305415,      3.00270061,  -54.44921714,  -23.34664905,   10.63523491,     -1.99961042], [ -248.34719907, -105.96426036,  102.36599134,   64.81516544,    157.50215555,  223.78940184,   89.23714498,    8.74825994,    -27.02278074,  -40.79759606,   -1.85610463,  -12.74184453,    -26.36348025], [ -181.43054932,  -79.8981937 ,  -28.89641966,   75.4872352 ,     50.0203269 ,   89.23714498,  119.13834328,   56.10833667,     12.51873277,   -0.40629738,  -17.85866931,  -28.03907177,    -24.35459821], [  -61.05371836,  -42.65556389,  -80.83822662,   33.97484599,     32.34305415,    8.74825994,   56.10833667,  120.0833704 ,     76.74710677,   13.35987278,  -26.71773032,  -24.91762825,    -23.55681658], [ -115.99859346,  -11.85634655, -118.66254949,  -17.3376184 ,      3.00270061,  -27.02278074,   12.51873277,   76.74710677,    126.29522185,   69.25810828,  -16.68659068,  -25.72236722,    -17.36000737], [  -17.41478014,  -36.52546794,  -93.06137105,  -12.86155389,    -54.44921714,  -40.79759606,   -0.40629738,   13.35987278,     69.25810828,  116.90411034,   36.98102472,   -8.23388141,     -9.80626596], [  -70.79622698,   22.28167139,   67.32788112,  -22.52947893,    -23.34664905,   -1.85610463,  -17.85866931,  -26.71773032,    -16.68659068,   36.98102472,  110.16615099,   73.08212143,      7.42752669], [   37.38467741,   37.14625004,    8.76493153,  -10.00449864,     10.63523491,  -12.74184453,  -28.03907177,  -24.91762825,    -25.72236722,   -8.23388141,   73.08212143,  142.85367794,     75.1478786 ], [  146.05677792,   34.24866355,  -50.54851683,   -7.51795791,     -1.99961042,  -26.36348025,  -24.35459821,  -23.55681658,    -17.36000737,   -9.80626596,    7.42752669,   75.1478786 ,    121.32655105]]
/root/sim/music/801~900/864_Teddy.mp3; [-719.4456    , 203.11606   ,  42.199055  ,  11.464591  ,  -3.2164342 ,   15.775299  ,   2.9894156 ,   6.0002203 ,   4.3658323 ,   8.382197  ,    7.9819603 ,   0.47203368,   4.940201  ]; [[12102.49432446,-5131.68420489, -913.80653304,  909.8248275 ,    456.9396436 ,  291.66883232,  -41.87262375,    7.64573048,   -237.28180492, -147.40036527, -131.08394179,   19.68957525,   -179.97426316], [-5131.68420489, 3973.46032529,  357.54707645, -739.11158251,   -127.62339153,   59.80616284,  145.68662743,   11.35437097,    218.66879036,  110.20599996,   65.9625705 ,  -28.43105948,    154.38529085], [ -913.80653304,  357.54707645,  908.43948196,  264.76587846,    -67.46415955,  -90.87831218,  202.86008441,  303.11299142,     97.47319844,  -25.79332961,  -24.57713366,   43.6060682 ,     29.62733584], [  909.8248275 , -739.11158251,  264.76587846,  716.05520742,    204.4661359 ,   55.60086393,  -18.76736904,  136.88700219,     99.67322984,   91.26779519,   31.63773786,  -25.96701285,    -19.84200434], [  456.9396436 , -127.62339153,  -67.46415955,  204.4661359 ,    391.09959138,  243.08188463,  -72.72822961, -118.79286879,    121.64299588,  175.87228449,   63.8527851 ,  -19.82949259,    -18.61312571], [  291.66883232,   59.80616284,  -90.87831218,   55.60086393,    243.08188463,  318.91312755,   75.00493702,  -33.6123312 ,     37.43649724,   49.91060642,   48.814747  ,   12.0926776 ,     26.02711245], [  -41.87262375,  145.68662743,  202.86008441,  -18.76736904,    -72.72822961,   75.00493702,  412.60609939,  274.37824735,   -165.73544491, -200.13939583,  -41.52145712,   79.15434185,      7.40022138], [    7.64573048,   11.35437097,  303.11299142,  136.88700219,   -118.79286879,  -33.6123312 ,  274.37824735,  437.0729229 ,     -3.72093202, -204.43522719, -105.90747731,   45.10736317,    100.80465223], [ -237.28180492,  218.66879036,   97.47319844,   99.67322984,    121.64299588,   37.43649724, -165.73544491,   -3.72093202,    394.5560358 ,  198.92360439,  -58.96085819,  -90.70350761,     63.87429998], [ -147.40036527,  110.20599996,  -25.79332961,   91.26779519,    175.87228449,   49.91060642, -200.13939583, -204.43522719,    198.92360439,  362.45936236,  104.57002086, -128.93647632,   -105.04470418], [ -131.08394179,   65.9625705 ,  -24.57713366,   31.63773786,     63.8527851 ,   48.814747  ,  -41.52145712, -105.90747731,    -58.96085819,  104.57002086,  196.68548036,   55.06075074,    -77.83427395], [   19.68957525,  -28.43105948,   43.6060682 ,  -25.96701285,    -19.82949259,   12.0926776 ,   79.15434185,   45.10736317,    -90.70350761, -128.93647632,   55.06075074,  208.04530715,     76.07013645], [ -179.97426316,  154.38529085,   29.62733584,  -19.84200434,    -18.61312571,   26.02711245,    7.40022138,  100.80465223,     63.87429998, -105.04470418,  -77.83427395,   76.07013645,    226.95082181]]
/root/sim/music/801~900/809_おちゃたたみ.mp3; [-674.7273    , 165.17502   ,  -8.928543  ,  -4.739873  , -14.093161  ,    9.020031  ,   9.880514  ,  12.259259  ,  -0.44912088,   4.751181  ,    6.450488  ,   2.181731  ,  -0.12379011]; [[ 5202.57838273,-1374.87792332, -192.51115979,  174.35397073,    155.28089552,  160.3893199 ,   57.05601377,   97.30137683,    143.42266491,   77.96155177,  -48.99020317, -104.34459114,   -175.41703781], [-1374.87792332, 1387.09352508,  -76.36929294,  158.58858194,    132.11373023,  123.86200223,   16.38765952,  -15.20183829,   -116.46853651,  -23.29197372,   97.82805119,   56.61922754,     12.85132506], [ -192.51115979,  -76.36929294,  763.17743523,  148.5680103 ,    134.47397348,   82.88819704,   81.20974871,   70.03423017,    187.64686291,   55.13437349,    4.69727688,    2.98237255,    -52.67228323], [  174.35397073,  158.58858194,  148.5680103 ,  304.30916014,    129.62410517,   80.74740387,   47.87227986,   51.83647452,     80.04121686,   43.31062573,   17.22480735,    3.31200856,    -66.82766054], [  155.28089552,  132.11373023,  134.47397348,  129.62410517,    230.10100107,  116.10672775,   49.16301203,   36.28615711,     34.69770034,   26.09790987,   30.89127401,  -18.58315537,    -33.59034633], [  160.3893199 ,  123.86200223,   82.88819704,   80.74740387,    116.10672775,  193.58947962,   61.02507138,   27.72285611,     14.46320153,   24.23858332,   32.4839032 ,  -10.85121809,    -28.73295568], [   57.05601377,   16.38765952,   81.20974871,   47.87227986,     49.16301203,   61.02507138,  107.54841403,   50.22917058,     21.63914191,    1.90024871,   -5.53449352,  -12.69999392,    -16.36527106], [   97.30137683,  -15.20183829,   70.03423017,   51.83647452,     36.28615711,   27.72285611,   50.22917058,  114.56944655,     78.34819242,   -7.24641501,  -15.43305892,  -12.68006113,    -35.33307732], [  143.42266491, -116.46853651,  187.64686291,   80.04121686,     34.69770034,   14.46320153,   21.63914191,   78.34819242,    209.47338547,   76.56536382,   -1.61856569,   -3.6568225 ,    -79.60340555], [   77.96155177,  -23.29197372,   55.13437349,   43.31062573,     26.09790987,   24.23858332,    1.90024871,   -7.24641501,     76.56536382,  131.72366224,   61.61194474,   13.59931501,    -24.00271341], [  -48.99020317,   97.82805119,    4.69727688,   17.22480735,     30.89127401,   32.4839032 ,   -5.53449352,  -15.43305892,     -1.61856569,   61.61194474,  112.06872199,   58.74416879,     10.41794599], [ -104.34459114,   56.61922754,    2.98237255,    3.31200856,    -18.58315537,  -10.85121809,  -12.69999392,  -12.68006113,     -3.6568225 ,   13.59931501,   58.74416879,  135.77815978,     76.55518606], [ -175.41703781,   12.85132506,  -52.67228323,  -66.82766054,    -33.59034633,  -28.73295568,  -16.36527106,  -35.33307732,    -79.60340555,  -24.00271341,   10.41794599,   76.55518606,    163.10915656]]
/root/sim/music/801~900/845_バーゲンセール.mp3; [-511.76184   , 105.860054  ,  24.769428  ,  21.7527    ,   2.7682483 ,   12.95847   ,   1.0152657 ,   3.8856628 ,   2.4459314 ,   0.70583475,    0.6809373 ,  -0.17923877,  -0.22549976]; [[3950.23151577,-489.016171  ,-154.74438743,   1.90309543, -34.357948  ,   -15.23377682,-145.21596951, -65.77513557, -20.59362821,  36.64048971,   -35.85027113, -96.26705043, -52.4225767 ], [-489.016171  , 569.82077321, 126.85240971, -32.28090751,  -7.06620071,    11.03997588,  52.64451651,  38.08759798,   9.24670136,  13.78252805,    45.96702489,  53.31603186,  35.98205639], [-154.74438743, 126.85240971, 366.56364135,  40.52255999,  27.49267311,    51.31677565,  39.18761952,  58.84921143,  27.72009255,  -3.35537952,    36.86221184,  17.72755638,   2.6134697 ], [   1.90309543, -32.28090751,  40.52255999, 168.15891592,  44.01452408,    27.799503  ,  19.56199653,  17.79539081,  36.83407981,  22.68242589,    11.22450365,  10.861191  ,   6.23509989], [ -34.357948  ,  -7.06620071,  27.49267311,  44.01452408, 120.27295202,    47.41077661,  23.0312857 ,  28.91307937,  33.56298308,  23.28386228,    26.86607098,  20.86443719,  19.70656548], [ -15.23377682,  11.03997588,  51.31677565,  27.799503  ,  47.41077661,    96.5585309 ,  48.53688016,  23.54308923,  20.16594265,  16.22345257,    29.51443614,  25.6969779 ,  18.9621926 ], [-145.21596951,  52.64451651,  39.18761952,  19.56199653,  23.0312857 ,    48.53688016, 121.50877274,  49.79516894,  16.40322838,  -2.21595766,    24.84931713,  41.72813117,  28.12044814], [ -65.77513557,  38.08759798,  58.84921143,  17.79539081,  28.91307937,    23.54308923,  49.79516894,  92.75402319,  39.02993867,   2.16728524,    19.20120271,  17.83703708,  14.42691746], [ -20.59362821,   9.24670136,  27.72009255,  36.83407981,  33.56298308,    20.16594265,  16.40322838,  39.02993867,  89.95920053,  45.53084125,    12.41072056,   9.56585706,  12.59301124], [  36.64048971,  13.78252805,  -3.35537952,  22.68242589,  23.28386228,    16.22345257,  -2.21595766,   2.16728524,  45.53084125,  89.89260398,    32.34111462,   1.40173714,   4.72093357], [ -35.85027113,  45.96702489,  36.86221184,  11.22450365,  26.86607098,    29.51443614,  24.84931713,  19.20120271,  12.41072056,  32.34111462,    73.75535862,  36.9155235 ,  11.22486055], [ -96.26705043,  53.31603186,  17.72755638,  10.861191  ,  20.86443719,    25.6969779 ,  41.72813117,  17.83703708,   9.56585706,   1.40173714,    36.9155235 ,  80.25998037,  35.94605455], [ -52.4225767 ,  35.98205639,   2.6134697 ,   6.23509989,  19.70656548,    18.9621926 ,  28.12044814,  14.42691746,  12.59301124,   4.72093357,    11.22486055,  35.94605455,  75.16178408]]
/root/sim/music/801~900/838_帰り道の脳内反省会.mp3; [-953.6589  , 223.32672 ,  45.435596,   6.025168, -17.225084, -15.492975,  -11.120578,  -6.847282,  -8.639683,  -7.640399,  -6.927835,  -9.320422,  -17.061947]; [[10799.5386531 , 1955.33715088,-2847.60497236,-1240.5479027 ,   -729.38056814,  474.27164723,  797.6938729 ,  767.13867015,     97.54610206,  -54.52296367,   12.94555444,  178.05603399,    -58.88552335], [ 1955.33715088, 1454.5664741 , -131.0853227 , -349.83305242,   -375.80627473, -179.56089369,    1.38878451,   78.80726549,     54.88155884,   -7.51014951,  -58.06517043, -113.26178197,   -105.35931003], [-2847.60497236, -131.0853227 , 1605.53730615,  895.84204414,    469.34234068,  -48.45177653, -229.49405622, -222.3390583 ,    -40.9794049 , -129.62382432, -292.98186161, -374.59940636,   -169.11138749], [-1240.5479027 , -349.83305242,  895.84204414, 1009.1849505 ,    680.50139915,  240.63711938,    9.24980717,  -97.77881522,   -110.70039624, -204.28795986, -285.12026922, -221.52853011,    -68.82226312], [ -729.38056814, -375.80627473,  469.34234068,  680.50139915,    764.34588637,  533.37137596,  229.27352143,    1.80563173,   -197.19978133, -244.85782521, -213.76802241, -138.53730983,    -25.63532981], [  474.27164723, -179.56089369,  -48.45177653,  240.63711938,    533.37137596,  751.90211341,  493.78567515,  171.67566565,   -151.05316633, -219.71852539, -149.8247559 ,  -83.02376769,    -45.07996745], [  797.6938729 ,    1.38878451, -229.49405622,    9.24980717,    229.27352143,  493.78567515,  487.17440341,  225.2857206 ,    -99.66006861, -162.4196364 ,  -97.01130088,   10.955778  ,     14.67986288], [  767.13867015,   78.80726549, -222.3390583 ,  -97.77881522,      1.80563173,  171.67566565,  225.2857206 ,  263.86507157,     94.23010146,  -74.44006193, -100.7054058 ,  -65.44778483,    -21.88438779], [   97.54610206,   54.88155884,  -40.9794049 , -110.70039624,   -197.19978133, -151.05316633,  -99.66006861,   94.23010146,    319.34187377,  165.07149684,  -78.22614913, -157.80862981,    -95.53745079], [  -54.52296367,   -7.51014951, -129.62382432, -204.28795986,   -244.85782521, -219.71852539, -162.4196364 ,  -74.44006193,    165.07149684,  314.32729887,  172.64951741,    7.21014962,    -55.03501582], [   12.94555444,  -58.06517043, -292.98186161, -285.12026922,   -213.76802241, -149.8247559 ,  -97.01130088, -100.7054058 ,    -78.22614913,  172.64951741,  420.76220389,  327.72842023,     33.55779414], [  178.05603399, -113.26178197, -374.59940636, -221.52853011,   -138.53730983,  -83.02376769,   10.955778  ,  -65.44778483,   -157.80862981,    7.21014962,  327.72842023,  539.6324893 ,    225.49495492], [  -58.88552335, -105.35931003, -169.11138749,  -68.82226312,    -25.63532981,  -45.07996745,   14.67986288,  -21.88438779,    -95.53745079,  -55.03501582,   33.55779414,  225.49495492,    297.00973858]]
/root/sim/music/801~900/842_夏凪.mp3; [-719.4413   , 187.87485  ,   1.7337315,  37.591896 ,   0.5393846,    4.7247477,   4.213956 , -12.432395 , -12.128127 ,  -3.0211444,   -6.796347 ,  -6.4068413,  -4.735582 ]; [[ 7755.56958415,-3534.61608017, -336.37309658,  878.50787941,    -60.72609358,  221.06983814,  427.77688866,   65.05537351,     85.48167063,  178.31477708,    3.7741462 ,  300.41632123,    584.39759312], [-3534.61608017, 2734.05181598, -261.16504097, -193.09344035,     12.40766638,   -4.47799179,   -9.92330135,    9.67542303,     -5.35255328,   -6.15585365,   81.24755206, -128.96139916,   -170.3125846 ], [ -336.37309658, -261.16504097,  985.06518528, -476.88492378,     75.08969872,   72.43813545, -224.82161485,  120.2985366 ,     39.31208893,   -3.4349111 ,   45.52159363,   19.30456852,    -88.8762005 ], [  878.50787941, -193.09344035, -476.88492378,  563.58965206,    -11.19691656,   59.42942872,  268.95520369,  -40.70331868,     67.02028886,   98.83635721,   37.90250918,  122.03243082,    178.46536694], [  -60.72609358,   12.40766638,   75.08969872,  -11.19691656,    248.54543954,    6.8312637 ,   15.08645175,   93.47817295,     22.92566675,   86.9303437 ,   45.37586236,  -15.96608527,      4.81736268], [  221.06983814,   -4.47799179,   72.43813545,   59.42942872,      6.8312637 ,  144.78608863,   38.87771553,   10.04992084,     59.38011307,   22.06190206,   40.86209234,   52.018052  ,     32.5305887 ], [  427.77688866,   -9.92330135, -224.82161485,  268.95520369,     15.08645175,   38.87771553,  376.31157426,   48.53115284,    -16.19854189,  109.25527139,   70.40984911,  115.05290939,    162.41172366], [   65.05537351,    9.67542303,  120.2985366 ,  -40.70331868,     93.47817295,   10.04992084,   48.53115284,  142.91346766,     22.42399463,   44.15104044,   37.12317486,    8.0442426 ,      5.83115358], [   85.48167063,   -5.35255328,   39.31208893,   67.02028886,     22.92566675,   59.38011307,  -16.19854189,   22.42399463,    140.64457521,   38.00707185,   25.34028988,   49.03432322,      4.93821044], [  178.31477708,   -6.15585365,   -3.4349111 ,   98.83635721,     86.9303437 ,   22.06190206,  109.25527139,   44.15104044,     38.00707185,  134.52477639,   69.92884897,   52.04042531,     76.5836128 ], [    3.7741462 ,   81.24755206,   45.52159363,   37.90250918,     45.37586236,   40.86209234,   70.40984911,   37.12317486,     25.34028988,   69.92884897,   91.11657924,   42.04510655,     21.37680934], [  300.41632123, -128.96139916,   19.30456852,  122.03243082,    -15.96608527,   52.018052  ,  115.05290939,    8.0442426 ,     49.03432322,   52.04042531,   42.04510655,  129.10784967,     90.0177211 ], [  584.39759312, -170.3125846 ,  -88.8762005 ,  178.46536694,      4.81736268,   32.5305887 ,  162.41172366,    5.83115358,      4.93821044,   76.5836128 ,   21.37680934,   90.0177211 ,    215.65650823]]
/root/sim/music/801~900/860_風と緑と少しの希望.mp3; [-983.88745  , 140.66309  ,  16.996918 ,  -6.876375 ,   3.590341 ,    5.191117 ,   4.145031 ,   8.504369 ,   4.9680767,   8.253317 ,   -2.6883347,  -6.7939005,  -4.7449775]; [[34877.74711999,12346.72876998,-1723.41684455,-2910.74356294,  -1207.20336637, -504.14149012, -327.14436164,  -63.22898733,   -726.98107385, -655.13079662,-1116.32683144,-1023.37305996,   -346.67639362], [12346.72876998, 8642.85418432, -582.39149243, -844.53640038,   -364.79127267, -146.51421139,   -2.41915049, -164.18809546,   -279.42730608, -261.11733994, -325.57892308, -520.19911878,   -214.66743393], [-1723.41684455, -582.39149243, 2751.98315027, 1210.90065487,    695.17132465,  274.70824542,  -17.43377993,   32.74314584,   -190.45783358,  -41.42776997,  222.6245376 ,  360.91938156,    209.32399389], [-2910.74356294, -844.53640038, 1210.90065487, 1570.05771072,    624.03721208,  202.58309767,  205.17182634,  165.40506085,     77.68266856,  -41.16008524,  113.08664106,  255.3528209 ,    261.10509656], [-1207.20336637, -364.79127267,  695.17132465,  624.03721208,    456.92745632,  211.2956404 ,  144.74287551,  134.56832828,     65.07059172,   19.51658776,   18.97835304,   52.07396303,     95.95342586], [ -504.14149012, -146.51421139,  274.70824542,  202.58309767,    211.2956404 ,  239.53584882,  165.69821876,   89.71304016,     39.52000687,  -17.05806756,  -54.01185527,  -43.98195836,     52.92933123], [ -327.14436164,   -2.41915049,  -17.43377993,  205.17182634,    144.74287551,  165.69821876,  393.34170542,  433.23555114,    248.47651607,  -17.57831914, -152.35195113, -131.58290858,     47.41441684], [  -63.22898733, -164.18809546,   32.74314584,  165.40506085,    134.56832828,   89.71304016,  433.23555114,  698.68121974,    428.60390304,   46.49479337, -171.47154723, -155.08856661,     -1.32866282], [ -726.98107385, -279.42730608, -190.45783358,   77.68266856,     65.07059172,   39.52000687,  248.47651607,  428.60390304,    448.29466037,  190.6083036 ,  -55.87682406, -147.83505094,    -94.04041376], [ -655.13079662, -261.11733994,  -41.42776997,  -41.16008524,     19.51658776,  -17.05806756,  -17.57831914,   46.49479337,    190.6083036 ,  247.04820994,  126.13011132,  -12.03315697,   -107.43334468], [-1116.32683144, -325.57892308,  222.6245376 ,  113.08664106,     18.97835304,  -54.01185527, -152.35195113, -171.47154723,    -55.87682406,  126.13011132,  282.51540928,  223.39180612,    -18.94271906], [-1023.37305996, -520.19911878,  360.91938156,  255.3528209 ,     52.07396303,  -43.98195836, -131.58290858, -155.08856661,   -147.83505094,  -12.03315697,  223.39180612,  319.31941665,    110.51628307], [ -346.67639362, -214.66743393,  209.32399389,  261.10509656,     95.95342586,   52.92933123,   47.41441684,   -1.32866282,    -94.04041376, -107.43334468,  -18.94271906,  110.51628307,    212.19038487]]
/root/sim/music/801~900/868_ラウンワンファイ.mp3; [-679.80286  , 159.56874  ,   6.033108 ,  55.90521  ,  24.732458 ,   21.137936 ,  -9.107232 ,  10.024731 ,  15.667444 ,  11.886741 ,    9.150832 ,   6.554075 ,   3.3631203]; [[ 8707.40961574,-1971.48586382,  453.19719126,  -81.95428985,   -427.40512949,  167.71996941,  486.72381072,   86.99166726,   -132.36663006, -280.47152682, -297.01256696, -368.61708586,   -108.57709648], [-1971.48586382, 2505.05459291,  -95.66963082,  257.48871369,    617.89393075,  -77.11322695,  -62.09792264, -289.34622203,    -88.55380953,  -46.29955013,   98.50606571,  260.77073632,    210.1007759 ], [  453.19719126,  -95.66963082, 1024.99235299,  -22.84951933,     46.42200641,  170.95191864,  267.68481177,  110.78298994,    -52.28359208,  -73.28216323, -170.45462983, -177.79027475,    -63.21142436], [  -81.95428985,  257.48871369,  -22.84951933,  413.3789069 ,     32.46037762,   48.37675443,    2.30010351,   23.27584012,     21.35784301,   35.25760005,   19.75188326,   79.57566078,    -26.23163712], [ -427.40512949,  617.89393075,   46.42200641,   32.46037762,    420.62441756,   -9.90036113,  -20.14850613, -116.17914087,    -33.34146107,  -43.72124251,   12.22906731,   56.80745101,    106.46771258], [  167.71996941,  -77.11322695,  170.95191864,   48.37675443,     -9.90036113,  189.43266875,   48.06432958,   77.9036716 ,      1.20307953,   12.67064714,  -80.73000793,  -54.03277344,    -54.00820749], [  486.72381072,  -62.09792264,  267.68481177,    2.30010351,    -20.14850613,   48.06432958,  285.29523893,   13.85280825,    -51.37453389,  -89.24921831, -101.80255656,  -83.80918143,    -26.79366338], [   86.99166726, -289.34622203,  110.78298994,   23.27584012,   -116.17914087,   77.9036716 ,   13.85280825,  242.26220676,     70.72434905,   20.21802075,  -65.60304596, -103.03892735,   -134.54406348], [ -132.36663006,  -88.55380953,  -52.28359208,   21.35784301,    -33.34146107,    1.20307953,  -51.37453389,   70.72434905,    101.40144837,   54.92648616,   22.57527309,   -0.45478412,    -51.76849774], [ -280.47152682,  -46.29955013,  -73.28216323,   35.25760005,    -43.72124251,   12.67064714,  -89.24921831,   20.21802075,     54.92648616,  128.36162372,   72.06165555,   61.40549254,    -14.69633006], [ -297.01256696,   98.50606571, -170.45462983,   19.75188326,     12.22906731,  -80.73000793, -101.80255656,  -65.60304596,     22.57527309,   72.06165555,  167.12540178,  119.47202299,     61.62427935], [ -368.61708586,  260.77073632, -177.79027475,   79.57566078,     56.80745101,  -54.03277344,  -83.80918143, -103.03892735,     -0.45478412,   61.40549254,  119.47202299,  176.24457224,     85.48271194], [ -108.57709648,  210.1007759 ,  -63.21142436,  -26.23163712,    106.46771258,  -54.00820749,  -26.79366338, -134.54406348,    -51.76849774,  -14.69633006,   61.62427935,   85.48271194,    169.22901534]]
/root/sim/music/801~900/873_Cafe_by_the_sea.mp3; [-864.6647   , 280.1828   ,  -3.6565318,  -8.182242 ,   3.920671 ,  -10.583145 ,  -9.504856 ,  -2.2324822,  -2.5591245,  -3.555617 ,   -2.5643787,  -2.9659226,  -3.571124 ]; [[ 7390.65815778, 2206.76837993,-2082.38280554,  150.19837513,     30.41564534, -164.89448132,  -40.39481619,    4.48762457,   -104.66743672, -136.01629511,  -24.08826022,   28.07184195,     10.65054512], [ 2206.76837993, 1786.00569722, -386.74099381, -307.44193519,    193.95180935,   84.55233972,   30.07569908,  -12.56892922,    -53.18868064,  -66.51517622,  -46.54023013,  -25.58642156,    -31.1950859 ], [-2082.38280554, -386.74099381, 1134.72078806,  -95.34520556,      0.38899271,  230.08051411,   66.50028194,    5.77906434,     17.23579376,   60.42487455,   30.19751867,    6.71114465,      3.24534752], [  150.19837513, -307.44193519,  -95.34520556,  304.8292093 ,    -38.82183251,  -84.5702291 ,   26.74392489,   29.93430404,      8.41245459,   27.18445386,   51.77752267,   47.37964885,     35.94569396], [   30.41564534,  193.95180935,    0.38899271,  -38.82183251,    157.48207259,   73.89304122,   34.92995681,   28.62824166,    -10.92986989,   -4.71084997,    6.25523197,   20.35477853,     25.82260198], [ -164.89448132,   84.55233972,  230.08051411,  -84.5702291 ,     73.89304122,  286.33697672,   99.09349825,  -12.78826973,     32.13531774,   -7.23142099,  -24.15086433,   20.44552065,     -1.50397424], [  -40.39481619,   30.07569908,   66.50028194,   26.74392489,     34.92995681,   99.09349825,  120.04832572,   32.57464353,     -7.06897779,   13.39081453,   21.39983887,   27.18135644,     21.9115649 ], [    4.48762457,  -12.56892922,    5.77906434,   29.93430404,     28.62824166,  -12.78826973,   32.57464353,   98.73780595,     21.11360109,    2.06769955,   31.11078965,   14.6060342 ,     14.24545053], [ -104.66743672,  -53.18868064,   17.23579376,    8.41245459,    -10.92986989,   32.13531774,   -7.06897779,   21.11360109,    149.00993132,   44.28258481,  -32.84272012,   17.61314508,    -21.61584389], [ -136.01629511,  -66.51517622,   60.42487455,   27.18445386,     -4.71084997,   -7.23142099,   13.39081453,    2.06769955,     44.28258481,   88.69342601,   34.05828717,    9.55040371,     16.93821894], [  -24.08826022,  -46.54023013,   30.19751867,   51.77752267,      6.25523197,  -24.15086433,   21.39983887,   31.11078965,    -32.84272012,   34.05828717,   99.64841819,   42.10660256,     19.36772329], [   28.07184195,  -25.58642156,    6.71114465,   47.37964885,     20.35477853,   20.44552065,   27.18135644,   14.6060342 ,     17.61314508,    9.55040371,   42.10660256,  112.4774879 ,     54.92572491], [   10.65054512,  -31.1950859 ,    3.24534752,   35.94569396,     25.82260198,   -1.50397424,   21.9115649 ,   14.24545053,    -21.61584389,   16.93821894,   19.36772329,   54.92572491,     96.23904513]]
/root/sim/music/801~900/900_The_Day_a_Girl_Dreams.mp3; [-537.67737   ,  81.50574   ,   3.536097  ,  17.903484  ,  -4.390939  ,    4.398538  ,  -2.2847102 ,  -1.4621235 ,   1.2743642 ,   2.3510904 ,   -3.1328719 ,   0.53324497,  -0.46780676]; [[9975.48730375, -99.94603524, 660.63885197, 651.79313398, 280.60449729,   443.48520303, 271.41849795, 263.57149975, 218.47746376, 112.19773572,    98.51273392,  89.13762409,  40.81209847], [ -99.94603524,1342.04836066, -72.86837252, 216.24127802, 282.13015054,   190.55970118, 211.91407798, 129.5529177 , 144.74467814, 172.70935609,    95.3254399 ,  61.61284485,  98.41575903], [ 660.63885197, -72.86837252, 555.99102741, 340.65711389, 225.91082662,   248.39071141, 191.13079336, 183.65990324, 113.27875994, 115.99188501,    90.11396179,  69.85028858,  73.79024426], [ 651.79313398, 216.24127802, 340.65711389, 521.71183144, 305.57001794,   277.06522157, 234.11977712, 171.38551415, 152.82843618, 134.29226264,    84.35302057,  76.72629157,  92.6315477 ], [ 280.60449729, 282.13015054, 225.91082662, 305.57001794, 297.79295208,   234.35203378, 189.33727022, 145.17414354, 124.95297435, 116.55575922,    80.29210638,  59.33355941,  75.18010722], [ 443.48520303, 190.55970118, 248.39071141, 277.06522157, 234.35203378,   268.40034634, 188.73484786, 151.06416504, 114.39209685, 116.37386804,    74.61551715,  58.82692176,  69.58390595], [ 271.41849795, 211.91407798, 191.13079336, 234.11977712, 189.33727022,   188.73484786, 194.09280891, 131.7449688 , 103.10965487,  97.51131225,    66.65732515,  51.0650486 ,  56.43373837], [ 263.57149975, 129.5529177 , 183.65990324, 171.38551415, 145.17414354,   151.06416504, 131.7449688 , 140.40568653,  92.18592305,  87.25445311,    54.27962934,  42.12004562,  51.07768953], [ 218.47746376, 144.74467814, 113.27875994, 152.82843618, 124.95297435,   114.39209685, 103.10965487,  92.18592305, 107.68346487,  77.68322148,    48.65592988,  35.35064625,  39.11397458], [ 112.19773572, 172.70935609, 115.99188501, 134.29226264, 116.55575922,   116.37386804,  97.51131225,  87.25445311,  77.68322148, 114.71489182,    58.20412837,  44.04523284,  54.20872393], [  98.51273392,  95.3254399 ,  90.11396179,  84.35302057,  80.29210638,    74.61551715,  66.65732515,  54.27962934,  48.65592988,  58.20412837,    68.4078774 ,  41.58924091,  33.13210236], [  89.13762409,  61.61284485,  69.85028858,  76.72629157,  59.33355941,    58.82692176,  51.0650486 ,  42.12004562,  35.35064625,  44.04523284,    41.58924091,  59.96770912,  45.69970072], [  40.81209847,  98.41575903,  73.79024426,  92.6315477 ,  75.18010722,    69.58390595,  56.43373837,  51.07768953,  39.11397458,  54.20872393,    33.13210236,  45.69970072,  71.38802896]]
