/root/sim/music/out/back number/MAGIC/09 エキシビジョンデスマッチ.mp3; [-476.14883  , 106.29118  , -23.965467 ,  21.095068 ,   6.998873 ,   16.281475 ,   2.0383692,   8.828843 ,   4.505431 ,   3.8678954,    3.7996347,  -1.1657794,   1.3687243]; [[18052.32094788, 1803.20225148, -184.23898389,  290.40418934,    137.53085793,  313.38880502,   44.02694644,  194.80615732,    131.66680976,   87.28184026,  122.12771829,   -0.83785742,     -1.22560095], [ 1803.20225148,  782.79014874, -246.96687889,  121.19609891,    -16.21433759,   32.08020373,   14.79413546,   56.82550364,    -14.60081094,   26.19132107,   10.62450625,  -19.87993234,     20.51634589], [ -184.23898389, -246.96687889,  344.73810498,  -35.1522756 ,     41.54678347,    5.91955279,   -0.2962942 ,  -19.76993927,     -1.10602165,   -8.43455111,   16.3781792 ,   23.02840458,     13.24130081], [  290.40418934,  121.19609891,  -35.1522756 ,  176.35760761,     66.71869354,   23.53956292,  -13.01705912,  -16.19506552,     -6.15045662,   -3.62012821,  -19.80152576,    9.62567026,     28.08121302], [  137.53085793,  -16.21433759,   41.54678347,   66.71869354,    118.64656429,   18.19235216,   -6.50846438,  -13.62937236,     20.77222853,   -1.16085314,   -7.5144066 ,   14.91547737,     15.73803109], [  313.38880502,   32.08020373,    5.91955279,   23.53956292,     18.19235216,   89.51561434,   37.36105719,   13.9538833 ,      9.57768488,   11.41083768,    3.72505154,   -4.95738489,     -9.05531294], [   44.02694644,   14.79413546,   -0.2962942 ,  -13.01705912,     -6.50846438,   37.36105719,   89.17689508,   36.1788047 ,     12.62024354,   17.10162931,    7.76073734,    1.07629807,     -7.82734835], [  194.80615732,   56.82550364,  -19.76993927,  -16.19506552,    -13.62937236,   13.9538833 ,   36.1788047 ,   76.10154546,     28.08466293,   20.80263148,   12.61465079,   -9.19529773,     -9.47320326], [  131.66680976,  -14.60081094,   -1.10602165,   -6.15045662,     20.77222853,    9.57768488,   12.62024354,   28.08466293,     76.51137897,   27.63203684,    6.83610147,   -1.28603098,     -9.38003443], [   87.28184026,   26.19132107,   -8.43455111,   -3.62012821,     -1.16085314,   11.41083768,   17.10162931,   20.80263148,     27.63203684,   59.18988585,   26.68546513,    5.18632549,     -7.62842934], [  122.12771829,   10.62450625,   16.3781792 ,  -19.80152576,     -7.5144066 ,    3.72505154,    7.76073734,   12.61465079,      6.83610147,   26.68546513,   58.66363949,   18.7945441 ,      0.09915403], [   -0.83785742,  -19.87993234,   23.02840458,    9.62567026,     14.91547737,   -4.95738489,    1.07629807,   -9.19529773,     -1.28603098,    5.18632549,   18.7945441 ,   58.53567238,     29.85609834], [   -1.22560095,   20.51634589,   13.24130081,   28.08121302,     15.73803109,   -9.05531294,   -7.82734835,   -9.47320326,     -9.38003443,   -7.62842934,    0.09915403,   29.85609834,     65.82232512]]
/root/sim/music/out/back number/MAGIC/11 HAPPY BIRTHDAY.mp3; [-548.4697   , 131.85362  ,  -3.3151193,  20.507126 ,   5.4056463,    4.522077 , -12.278913 ,   2.0593636,  -5.2553167,  -5.7985067,   -1.5129956,  -4.4921365,  -1.5759091]; [[17640.00069758,-1514.88462095, -265.96713565,  114.38614443,    138.63044096,  277.82840195,   56.47840886,  350.22848444,    493.19852175,  100.67886686,  172.7014293 ,  286.36573139,   -117.86613893], [-1514.88462095, 1828.77390258, -161.34483721,  -37.71544618,   -131.51026447,  -95.32184344,  -69.02559591,  -26.88938118,   -215.33492946,  -32.98514223,   -1.92277082, -145.23932873,     26.15023542], [ -265.96713565, -161.34483721,  486.75462965,    2.29670781,     22.53698863,   52.58114715,   62.01153605,   13.6269291 ,    -20.16475781,   44.29102112,   -2.9981987 ,   12.58811689,     30.16390455], [  114.38614443,  -37.71544618,    2.29670781,  295.4528621 ,    102.50197888,   24.3821096 ,   13.20828998,  -44.2853564 ,     37.86007764,  -41.83824813,  -38.85344654,   29.56637832,     44.56754553], [  138.63044096, -131.51026447,   22.53698863,  102.50197888,    244.55490768,   24.7842193 ,  -12.87708083,  -15.6095007 ,     63.86480059,  -19.5920776 ,  -19.58036301,   27.44544364,     10.53177323], [  277.82840195,  -95.32184344,   52.58114715,   24.3821096 ,     24.7842193 ,  184.03399473,   72.81070054,    5.46488311,     46.74167729,   36.57408876,    6.34261039,   31.76347651,    -14.7045202 ], [   56.47840886,  -69.02559591,   62.01153605,   13.20828998,    -12.87708083,   72.81070054,  179.84650304,   30.03984625,     32.51885373,   47.71574021,    4.01974149,   28.12820149,     -1.097119  ], [  350.22848444,  -26.88938118,   13.6269291 ,  -44.2853564 ,    -15.6095007 ,    5.46488311,   30.03984625,  144.77959798,     25.87920801,   34.75767308,   32.18055486,   -5.85510216,     -4.195732  ], [  493.19852175, -215.33492946,  -20.16475781,   37.86007764,     63.86480059,   46.74167729,   32.51885373,   25.87920801,    178.22484402,   31.60888808,   -3.99310899,   50.5977272 ,     -5.2600581 ], [  100.67886686,  -32.98514223,   44.29102112,  -41.83824813,    -19.5920776 ,   36.57408876,   47.71574021,   34.75767308,     31.60888808,  124.08995294,   36.19150752,    8.03462709,    -14.90435516], [  172.7014293 ,   -1.92277082,   -2.9981987 ,  -38.85344654,    -19.58036301,    6.34261039,    4.01974149,   32.18055486,     -3.99310899,   36.19150752,   96.58399914,   16.09576469,     -8.23462181], [  286.36573139, -145.23932873,   12.58811689,   29.56637832,     27.44544364,   31.76347651,   28.12820149,   -5.85510216,     50.5977272 ,    8.03462709,   16.09576469,  103.76121908,     22.47188189], [ -117.86613893,   26.15023542,   30.16390455,   44.56754553,     10.53177323,  -14.7045202 ,   -1.097119  ,   -4.195732  ,     -5.2600581 ,  -14.90435516,   -8.23462181,   22.47188189,     91.26412122]]
/root/sim/music/out/スピッツ/CYCLE HIT 2006-2017 Spitz Complete Single Collection/12 みなと.mp3; [-545.6857    , 141.66125   , -13.865891  ,  23.586138  ,  22.886906  ,   -4.330683  ,   0.31449044,   0.62937087,  -3.8639781 ,   1.582168  ,   -2.8496916 ,  -0.6629592 ,  -0.5959787 ]; [[18756.85156926,  933.01277253,-1353.43713846, -570.30776931,     13.85694054, -325.82231726,  -61.8956427 ,   -0.62404759,     10.67581213,  255.49873472,   43.82967485,  -11.09332168,     63.69596907], [  933.01277253, 1206.74115809, -263.12868293,  194.13217035,     59.42312729,  -72.21975752,   60.39471432,    6.67691108,     -5.77968674,    4.33125768,    5.38515542,   12.12649693,      1.73076268], [-1353.43713846, -263.12868293,  565.68382631,   53.88341843,     46.32815765,   68.19114732,  -10.58161779,    6.81019822,      2.43799598,  -19.37594379,   -6.14463872,    4.534866  ,      9.92737869], [ -570.30776931,  194.13217035,   53.88341843,  312.30129098,     81.32674223,   54.46649499,  -20.81646512,   -3.78833643,     -6.67947584,  -55.47540173,  -25.80787542,   32.03736647,     -4.9928901 ], [   13.85694054,   59.42312729,   46.32815765,   81.32674223,    139.93646074,    8.65478498,   -8.19269695,  -17.21654043,     12.21263256,    7.57605197,  -12.65776331,    2.7126958 ,      9.35484047], [ -325.82231726,  -72.21975752,   68.19114732,   54.46649499,      8.65478498,  168.05006452,    5.1298986 ,   12.51831016,    -12.54968964,  -28.28975601,   17.89346457,   19.89251952,    -30.59393666], [  -61.8956427 ,   60.39471432,  -10.58161779,  -20.81646512,     -8.19269695,    5.1298986 ,  116.03667772,   30.76517307,     -4.65900856,   11.3818477 ,   18.66910812,    4.0882417 ,     10.75036392], [   -0.62404759,    6.67691108,    6.81019822,   -3.78833643,    -17.21654043,   12.51831016,   30.76517307,  106.66233213,     32.75069994,   -5.44720145,   11.87927677,    3.87051173,      7.20914494], [   10.67581213,   -5.77968674,    2.43799598,   -6.67947584,     12.21263256,  -12.54968964,   -4.65900856,   32.75069994,     91.195092  ,   41.70604735,    8.75334585,   -7.57449069,     13.55847788], [  255.49873472,    4.33125768,  -19.37594379,  -55.47540173,      7.57605197,  -28.28975601,   11.3818477 ,   -5.44720145,     41.70604735,   95.28195533,   26.05434094,  -14.75733423,     10.7084718 ], [   43.82967485,    5.38515542,   -6.14463872,  -25.80787542,    -12.65776331,   17.89346457,   18.66910812,   11.87927677,      8.75334585,   26.05434094,   70.85456504,   12.2246515 ,     -6.46864105], [  -11.09332168,   12.12649693,    4.534866  ,   32.03736647,      2.7126958 ,   19.89251952,    4.0882417 ,    3.87051173,     -7.57449069,  -14.75733423,   12.2246515 ,   62.76919628,      6.72999046], [   63.69596907,    1.73076268,    9.92737869,   -4.9928901 ,      9.35484047,  -30.59393666,   10.75036392,    7.20914494,     13.55847788,   10.7084718 ,   -6.46864105,    6.72999046,     66.42755989]]
/root/sim/music/out/スピッツ/CYCLE HIT 2006-2017 Spitz Complete Single Collection/04 若葉.mp3; [-571.7267    , 129.04715   , -12.165118  ,  27.557127  ,  19.710495  ,    2.1807995 ,  -0.03065726,  -1.2009447 ,   0.603218  ,   1.7684361 ,   -4.812284  ,  -2.5903683 ,   1.6408864 ]; [[23212.71251528,-1618.89716698,-1338.43977473, -181.07433297,   -139.42924636, -529.66315398,  244.30507742,  401.66254511,    169.72067798,   70.70907866,   23.0876035 , -172.45878651,   -133.75486671], [-1618.89716698, 1807.79071646,  -66.09412991,   99.15053952,     65.88834843,   77.60743854,  -34.7592548 , -114.42811064,    -20.69515973,   32.00841104,   -4.25850064,   53.06370831,     49.99748715], [-1338.43977473,  -66.09412991,  515.47496115,   38.4655008 ,    150.69580505,   78.44223186,  -12.86913826,  -17.21550956,     20.17964616,   19.016827  ,    6.93559653,   40.38978087,     34.65135439], [ -181.07433297,   99.15053952,   38.4655008 ,  319.4492939 ,     86.34670954,   94.98714847,  -12.28362785,   24.87300913,     45.76720174,  -29.62929999,  -32.22214956,   77.1825964 ,     12.25847417], [ -139.42924636,   65.88834843,  150.69580505,   86.34670954,    332.97383916,  106.27135438,   14.34153898,   39.93133287,     77.55896253,   67.52382253,   30.58759786,   16.82083448,     26.26402352], [ -529.66315398,   77.60743854,   78.44223186,   94.98714847,    106.27135438,  296.38379996,   57.70957938,   61.32618727,     89.08996771,    1.33219239,   45.71885905,   61.71644025,     -2.28416878], [  244.30507742,  -34.7592548 ,  -12.86913826,  -12.28362785,     14.34153898,   57.70957938,  180.00325871,   80.28854562,     42.28743248,   32.87486125,   47.34109099,   23.62749621,     -3.51383578], [  401.66254511, -114.42811064,  -17.21550956,   24.87300913,     39.93133287,   61.32618727,   80.28854562,  171.18061224,     83.30996384,    7.9094372 ,   38.2530766 ,   19.47798541,     14.34597265], [  169.72067798,  -20.69515973,   20.17964616,   45.76720174,     77.55896253,   89.08996771,   42.28743248,   83.30996384,    162.01095222,   47.91970885,   42.29450325,   31.93997561,     -1.01917449], [   70.70907866,   32.00841104,   19.016827  ,  -29.62929999,     67.52382253,    1.33219239,   32.87486125,    7.9094372 ,     47.91970885,  148.77389498,   62.10860884,   -7.90071798,      1.71303422], [   23.0876035 ,   -4.25850064,    6.93559653,  -32.22214956,     30.58759786,   45.71885905,   47.34109099,   38.2530766 ,     42.29450325,   62.10860884,  133.74619395,   26.05737447,     -6.11655785], [ -172.45878651,   53.06370831,   40.38978087,   77.1825964 ,     16.82083448,   61.71644025,   23.62749621,   19.47798541,     31.93997561,   -7.90071798,   26.05737447,  126.18046425,     16.21147552], [ -133.75486671,   49.99748715,   34.65135439,   12.25847417,     26.26402352,   -2.28416878,   -3.51383578,   14.34597265,     -1.01917449,    1.71303422,   -6.11655785,   16.21147552,    102.08001137]]
/root/sim/music/out/スピッツ/CYCLE HIT 2006-2017 Spitz Complete Single Collection/14 歌ウサギ.mp3; [-556.9722   , 122.78614  ,  -1.5922496,  22.4078   ,  11.567375 ,    3.4672365,  -2.7780488,  -4.7707796,  -1.2034425,   2.532259 ,   -2.384605 ,  -1.5812788,  -2.321438 ]; [[24893.98542445, -701.74200783,  240.02795428,  131.11126182,    118.42085255,  330.2866126 ,  128.54484126,  107.09905017,    188.36098726,  268.16629271,  426.61675606,  363.104074  ,    296.77314734], [ -701.74200783, 1213.86855415, -342.23066835,   86.36693154,     25.17964785,  -53.61271314,   11.59027091,   -4.35286566,    -20.28618868,    8.26962604,  -19.31695703,  -35.00289189,    -33.60108894], [  240.02795428, -342.23066835,  397.31051954,  -20.13333464,     65.15962338,   37.56679289,   20.64314402,   -5.0707937 ,     -1.32542368,   22.40865166,   37.23503645,   72.46006149,     28.41326772], [  131.11126182,   86.36693154,  -20.13333464,  305.19180251,      9.97086759,   58.91758094,  -10.19041594,   24.68125956,     33.39830567,   -4.05872223,   -1.02485274,   23.25760515,     39.83473689], [  118.42085255,   25.17964785,   65.15962338,    9.97086759,    151.92659065,   -1.2481336 ,    7.27247251,  -13.28403489,     13.16886585,   34.02529862,   15.38926618,   21.7649787 ,     18.84255162], [  330.2866126 ,  -53.61271314,   37.56679289,   58.91758094,     -1.2481336 ,  179.4115475 ,   34.88295585,   53.21509598,     36.403369  ,   -1.73073463,   51.09730511,   24.65470825,     -0.92497154], [  128.54484126,   11.59027091,   20.64314402,  -10.19041594,      7.27247251,   34.88295585,  115.07439477,   50.08307836,     10.89936405,   16.94283965,   38.16694074,   18.70886728,      9.23116502], [  107.09905017,   -4.35286566,   -5.0707937 ,   24.68125956,    -13.28403489,   53.21509598,   50.08307836,  128.49150238,     52.86545111,    8.57456393,   40.66576598,    6.74188778,      7.75477848], [  188.36098726,  -20.28618868,   -1.32542368,   33.39830567,     13.16886585,   36.403369  ,   10.89936405,   52.86545111,     95.79748733,   34.78240391,   28.79312032,    3.20683076,      1.23947686], [  268.16629271,    8.26962604,   22.40865166,   -4.05872223,     34.02529862,   -1.73073463,   16.94283965,    8.57456393,     34.78240391,   96.9292592 ,   49.03240953,    9.07069665,     -3.36844963], [  426.61675606,  -19.31695703,   37.23503645,   -1.02485274,     15.38926618,   51.09730511,   38.16694074,   40.66576598,     28.79312032,   49.03240953,  124.42652683,   40.8063928 ,     -0.37004995], [  363.104074  ,  -35.00289189,   72.46006149,   23.25760515,     21.7649787 ,   24.65470825,   18.70886728,    6.74188778,      3.20683076,    9.07069665,   40.8063928 ,   87.57241667,     30.38092056], [  296.77314734,  -33.60108894,   28.41326772,   39.83473689,     18.84255162,   -0.92497154,    9.23116502,    7.75477848,      1.23947686,   -3.36844963,   -0.37004995,   30.38092056,     86.36931521]]
/root/sim/music/out/スピッツ/CYCLE HIT 2006-2017 Spitz Complete Single Collection/01 魔法のコトバ.mp3; [-515.8455    , 128.71013   , -17.126268  ,  29.468147  ,  10.676484  ,   -0.3239608 ,   4.800907  ,   5.645713  ,   3.2757087 ,  -1.1481532 ,   -0.09386828,  -0.10884898,   1.7675117 ]; [[21402.38359473, 1093.17189652, -323.55373959,  622.57898561,    368.61653875,  -62.88041344,  232.14802716,  219.9755041 ,      6.26646919,  -74.7510749 ,  -42.09498962, -101.88080584,    181.57558282], [ 1093.17189652,  994.25933236, -224.39418064,  180.68837268,     33.30519219,  -58.99287376,   35.32687584,    4.52793077,     20.03148606,   28.55873639,   -5.18759994,   29.48566693,     23.77048755], [ -323.55373959, -224.39418064,  508.374606  ,   66.22333583,     56.72216729,   28.95398319,   71.20959311,  -40.78939939,     -7.18778632,   27.66645249,  -24.42733499,    4.14752486,     38.0203381 ], [  622.57898561,  180.68837268,   66.22333583,  402.77625153,    135.5087977 ,   41.5152327 ,   40.51307421,   30.08384517,     60.9558531 ,   -2.60002094,  -60.9311728 ,   42.14649924,     58.92312764], [  368.61653875,   33.30519219,   56.72216729,  135.5087977 ,    175.92854232,    7.15012629,   21.50439735,    4.40795656,     25.66801992,    3.84884669,  -25.4900785 ,   14.02832506,     35.94706398], [  -62.88041344,  -58.99287376,   28.95398319,   41.5152327 ,      7.15012629,  176.28488199,   21.97681573,   11.40946418,      8.48141103,  -17.36823478,    1.29639586,    8.32049654,    -15.15350633], [  232.14802716,   35.32687584,   71.20959311,   40.51307421,     21.50439735,   21.97681573,  137.0605396 ,   36.53281507,     -0.74369462,   19.90820429,   19.50955541,    6.34312567,     13.58935741], [  219.9755041 ,    4.52793077,  -40.78939939,   30.08384517,      4.40795656,   11.40946418,   36.53281507,   97.65232448,     25.23434188,   -9.69274639,   13.05251129,    3.5080255 ,     13.49037358], [    6.26646919,   20.03148606,   -7.18778632,   60.9558531 ,     25.66801992,    8.48141103,   -0.74369462,   25.23434188,     89.52561754,   22.28098575,  -11.99118278,   13.98528627,     14.61251249], [  -74.7510749 ,   28.55873639,   27.66645249,   -2.60002094,      3.84884669,  -17.36823478,   19.90820429,   -9.69274639,     22.28098575,  101.7246155 ,   23.03777138,    0.23537442,     -3.30906436], [  -42.09498962,   -5.18759994,  -24.42733499,  -60.9311728 ,    -25.4900785 ,    1.29639586,   19.50955541,   13.05251129,    -11.99118278,   23.03777138,   89.52236286,    9.9922379 ,    -15.97953049], [ -101.88080584,   29.48566693,    4.14752486,   42.14649924,     14.02832506,    8.32049654,    6.34312567,    3.5080255 ,     13.98528627,    0.23537442,    9.9922379 ,   69.58702708,     24.85222228], [  181.57558282,   23.77048755,   38.0203381 ,   58.92312764,     35.94706398,  -15.15350633,   13.58935741,   13.49037358,     14.61251249,   -3.30906436,  -15.97953049,   24.85222228,     81.67430565]]
/root/sim/music/out/スピッツ/CYCLE HIT 2006-2017 Spitz Complete Single Collection/03 群青.mp3; [-500.65497   , 106.91276   , -12.759525  ,  34.739727  ,  18.985176  ,   -2.1584675 ,   2.7367775 ,   8.350976  ,   3.553887  ,   0.9388794 ,    0.03656135,  -0.72153133,   0.11927071]; [[22084.2560544 ,  271.81476041,-1099.99864763,   11.46570411,    126.77371032,   70.38408932,  214.19344006,  298.87120495,     71.85444397,   34.96624385,  -39.18933507, -104.13305321,     36.6744062 ], [  271.81476041, 1050.21025347, -182.4547171 ,  146.00195413,     39.45836581, -116.78074458,   19.84304484,   19.47662755,     19.97802776,    7.59729014,   22.5847558 ,   34.59663502,     12.56854757], [-1099.99864763, -182.4547171 ,  406.82946962,   -6.86615253,    -20.79344547,  -20.26008814,  -49.72610331,  -40.14098056,    -24.59989849,    3.51754237,   17.62293777,   23.45722993,      6.38641304], [   11.46570411,  146.00195413,   -6.86615253,  294.93826004,    123.93315037,    8.8509875 ,  -24.60197072,    7.61348451,     36.24271503,   -3.93059178,  -21.78397459,   32.10198222,     18.23231585], [  126.77371032,   39.45836581,  -20.79344547,  123.93315037,    167.63930669,    1.66720661,  -15.42712052,    0.82800102,     18.89113078,   13.61907009,  -13.91566073,   13.32217672,      5.19278572], [   70.38408932, -116.78074458,  -20.26008814,    8.8509875 ,      1.66720661,  170.49949138,   30.35723463,    7.30488225,     11.29704576,   -2.97170041,   16.12288202,  -15.02405366,     -8.85337831], [  214.19344006,   19.84304484,  -49.72610331,  -24.60197072,    -15.42712052,   30.35723463,  113.99765983,   58.40169113,     22.83025482,   10.61540452,   15.46825808,    7.36676924,     10.38890322], [  298.87120495,   19.47662755,  -40.14098056,    7.61348451,      0.82800102,    7.30488225,   58.40169113,   98.83668122,     42.95586961,    5.50005853,    1.9942353 ,    8.11952603,     18.40121089], [   71.85444397,   19.97802776,  -24.59989849,   36.24271503,     18.89113078,   11.29704576,   22.83025482,   42.95586961,     87.77115092,   25.02784483,    3.56013136,   11.12501504,     12.40928564], [   34.96624385,    7.59729014,    3.51754237,   -3.93059178,     13.61907009,   -2.97170041,   10.61540452,    5.50005853,     25.02784483,   69.07037177,   27.58886191,    6.23190885,      0.17733591], [  -39.18933507,   22.5847558 ,   17.62293777,  -21.78397459,    -13.91566073,   16.12288202,   15.46825808,    1.9942353 ,      3.56013136,   27.58886191,   65.27886932,   14.87313916,      2.06720296], [ -104.13305321,   34.59663502,   23.45722993,   32.10198222,     13.32217672,  -15.02405366,    7.36676924,    8.11952603,     11.12501504,    6.23190885,   14.87313916,   70.0285981 ,     27.06792792], [   36.6744062 ,   12.56854757,    6.38641304,   18.23231585,      5.19278572,   -8.85337831,   10.38890322,   18.40121089,     12.40928564,    0.17733591,    2.06720296,   27.06792792,     60.2445115 ]]
/root/sim/music/out/スピッツ/CYCLE HIT 2006-2017 Spitz Complete Single Collection/07 シロクマ.mp3; [-532.1823    , 133.49147   , -11.043601  ,  16.511684  ,  20.697832  ,    3.0393054 ,   0.9595582 ,   0.80577844,   1.0897584 ,   0.11558852,   -2.6371894 ,   0.6943198 ,   2.6492505 ]; [[21310.65748595,  860.0941796 , -513.8528112 ,  -86.35413878,   -223.99249389, -339.39578962,  244.12495688,   38.34801459,    -85.37843437,   50.88282553,   98.22338065,   81.42627954,    233.35735244], [  860.0941796 , 1332.00349968, -235.30317509,   46.57798859,    124.3474301 ,  -10.09574259,  -40.2631156 ,  -16.11641421,      9.31971829,   22.70273495,  -26.79122293,   -2.59299067,    -20.19810101], [ -513.8528112 , -235.30317509,  335.25953563,   -4.18646745,     51.70365212,   51.84478139,   44.27848339,    4.63623417,     11.41019693,   14.80968268,   19.9986578 ,   29.05703053,      8.63900665], [  -86.35413878,   46.57798859,   -4.18646745,  248.31093385,     53.5031153 ,   71.88137841,  -21.79806487,   25.37922867,     17.85351795,  -43.61514056,  -24.57937564,   31.27880696,     11.46878856], [ -223.99249389,  124.3474301 ,   51.70365212,   53.5031153 ,    217.04067791,   53.6715119 ,  -26.83496464,  -14.26071738,     19.57153765,    9.35403722,  -16.34276843,   -8.9469449 ,      6.25442013], [ -339.39578962,  -10.09574259,   51.84478139,   71.88137841,     53.6715119 ,  200.71294612,   24.61062827,   14.31518474,      3.70530518,  -27.12005737,   -4.30286876,   18.12202092,    -20.46730095], [  244.12495688,  -40.2631156 ,   44.27848339,  -21.79806487,    -26.83496464,   24.61062827,  177.98621065,   64.44613431,    -11.69020301,   24.16791193,   55.70649796,   17.80833914,     15.31912568], [   38.34801459,  -16.11641421,    4.63623417,   25.37922867,    -14.26071738,   14.31518474,   64.44613431,  117.43584677,     27.22861256,   -8.33399466,   22.75823196,   10.36953882,      7.59173181], [  -85.37843437,    9.31971829,   11.41019693,   17.85351795,     19.57153765,    3.70530518,  -11.69020301,   27.22861256,     92.15747077,   29.4448213 ,   -1.62230263,    2.37956273,      4.61781719], [   50.88282553,   22.70273495,   14.80968268,  -43.61514056,      9.35403722,  -27.12005737,   24.16791193,   -8.33399466,     29.4448213 ,  106.38921782,   45.18290116,   -9.66485597,      0.66688435], [   98.22338065,  -26.79122293,   19.9986578 ,  -24.57937564,    -16.34276843,   -4.30286876,   55.70649796,   22.75823196,     -1.62230263,   45.18290116,  105.65048651,   18.12333609,      1.68687913], [   81.42627954,   -2.59299067,   29.05703053,   31.27880696,     -8.9469449 ,   18.12202092,   17.80833914,   10.36953882,      2.37956273,   -9.66485597,   18.12333609,   78.73632262,     17.07619105], [  233.35735244,  -20.19810101,    8.63900665,   11.46878856,      6.25442013,  -20.46730095,   15.31912568,    7.59173181,      4.61781719,    0.66688435,    1.68687913,   17.07619105,     92.51949723]]
/root/sim/music/out/スピッツ/CYCLE HIT 2006-2017 Spitz Complete Single Collection/11 雪風.mp3; [-540.9361    , 125.2216    ,   6.765927  ,  19.614     ,  14.473787  ,    4.5897546 ,   1.5894547 ,  -4.2378273 ,   0.4668191 ,   3.9140031 ,   -4.22706   ,  -2.6236773 ,   0.01851658]; [[26772.65113788,  384.89742337, -712.794187  , -335.09077576,    -49.97012429, -281.97280392,  -98.52831385,  -26.49670089,    372.76817035,  465.31035106,  398.47898251,  377.42003119,    377.43523774], [  384.89742337, 1529.59858868,  -72.56017981,  180.27654282,     83.53293964,  -54.65082406,   57.69277973,  -17.18649936,    -37.76789626,   23.92627658,  -42.60240014,  -30.19764443,     21.02733333], [ -712.794187  ,  -72.56017981,  475.38472817,   39.4669625 ,     73.23124666,   83.91611818,   26.25558968,  -68.17427262,    -10.71382102,  -39.98641252,    7.4485914 ,    4.60025169,      8.8308514 ], [ -335.09077576,  180.27654282,   39.4669625 ,  276.32892127,     32.39469392,   43.54035586,   -9.20759118,    2.29098828,     -9.90978152,   -7.13037027,  -39.28878374,   19.13195361,      1.86470203], [  -49.97012429,   83.53293964,   73.23124666,   32.39469392,    163.6672007 ,   28.46243408,   11.02497876,  -36.15580749,     15.75995062,   15.35817422,   -1.49544598,   -7.08691024,      5.71730291], [ -281.97280392,  -54.65082406,   83.91611818,   43.54035586,     28.46243408,  185.56437276,   24.24437197,    3.81681336,      2.0125616 ,  -22.77310334,   -8.04694426,    2.80875827,    -35.88406248], [  -98.52831385,   57.69277973,   26.25558968,   -9.20759118,     11.02497876,   24.24437197,  132.42070074,   42.32671703,     12.331577  ,   19.66520859,   14.48684258,   -1.38212887,      6.4732334 ], [  -26.49670089,  -17.18649936,  -68.17427262,    2.29098828,    -36.15580749,    3.81681336,   42.32671703,  147.19015635,     39.78009068,   -5.34126523,    1.312781  ,    8.62544132,     -0.17347845], [  372.76817035,  -37.76789626,  -10.71382102,   -9.90978152,     15.75995062,    2.0125616 ,   12.331577  ,   39.78009068,    111.96677998,   34.35283234,   21.99319479,   13.77536769,      8.79530716], [  465.31035106,   23.92627658,  -39.98641252,   -7.13037027,     15.35817422,  -22.77310334,   19.66520859,   -5.34126523,     34.35283234,  116.02058309,   34.11358566,    6.57324306,      8.64026427], [  398.47898251,  -42.60240014,    7.4485914 ,  -39.28878374,     -1.49544598,   -8.04694426,   14.48684258,    1.312781  ,     21.99319479,   34.11358566,   94.16065407,   32.75831616,     11.80916258], [  377.42003119,  -30.19764443,    4.60025169,   19.13195361,     -7.08691024,    2.80875827,   -1.38212887,    8.62544132,     13.77536769,    6.57324306,   32.75831616,   88.28792915,     41.51177566], [  377.43523774,   21.02733333,    8.8308514 ,    1.86470203,      5.71730291,  -35.88406248,    6.4732334 ,   -0.17347845,      8.79530716,    8.64026427,   11.80916258,   41.51177566,    103.07499397]]
/root/sim/music/out/スピッツ/CYCLE HIT 2006-2017 Spitz Complete Single Collection/06 つぐみ.mp3; [-523.7699    , 139.6302    , -19.028343  ,  16.810726  ,  21.808443  ,   -0.26743302,  -0.36580342,   2.639281  ,   4.9079437 ,   5.354962  ,   -0.71657294,   0.42214808,   5.74299   ]; [[21620.06719457, 1094.56529289,-1585.67332032, -473.41046797,    168.42074754,  -45.1188858 ,  208.68537058,   92.20341935,    -79.1132161 ,  -74.90877301, -204.1476767 , -262.07829148,     59.86881978], [ 1094.56529289, 1137.86316596, -170.83016495,  184.8888126 ,    106.93878793,  -49.59107921,  -12.42193118,   18.93031278,     67.68183512,   62.98991814,   17.79524385,   46.55177801,     43.415856  ], [-1585.67332032, -170.83016495,  492.57365765,   27.68681319,      6.29432068,   33.55799603,  -34.23967875,  -40.46898049,     -2.77763003,   20.76710593,   22.13792773,   39.2456835 ,     -0.20813789], [ -473.41046797,  184.8888126 ,   27.68681319,  289.69025887,     62.06527101,   37.98417752,  -39.06339641,   24.01950241,     67.81107536,    7.22420787,   -5.98090493,   70.49908327,     10.24667869], [  168.42074754,  106.93878793,    6.29432068,   62.06527101,    164.83835095,    5.02121275,   -4.90190983,    7.45649347,     20.9625642 ,   11.71325787,   -9.15752269,    4.78962814,     22.77695712], [  -45.1188858 ,  -49.59107921,   33.55799603,   37.98417752,      5.02121275,  165.76313847,   25.490963  ,   20.85422468,     16.5563139 ,   -9.31833554,    3.09088684,   25.11071147,    -30.77684407], [  208.68537058,  -12.42193118,  -34.23967875,  -39.06339641,     -4.90190983,   25.490963  ,  118.59501589,   40.73239106,     -5.30438475,    9.51379974,   24.39492971,  -11.06022884,      3.53288368], [   92.20341935,   18.93031278,  -40.46898049,   24.01950241,      7.45649347,   20.85422468,   40.73239106,  105.9349765 ,     44.65227697,    3.12169903,    8.38229779,    4.21914932,      4.64440798], [  -79.1132161 ,   67.68183512,   -2.77763003,   67.81107536,     20.9625642 ,   16.5563139 ,   -5.30438475,   44.65227697,     97.50805308,   32.89122591,    6.8030239 ,   23.56228746,      5.02800691], [  -74.90877301,   62.98991814,   20.76710593,    7.22420787,     11.71325787,   -9.31833554,    9.51379974,    3.12169903,     32.89122591,   82.38031047,   35.04294075,    0.72715407,     -1.99041729], [ -204.1476767 ,   17.79524385,   22.13792773,   -5.98090493,     -9.15752269,    3.09088684,   24.39492971,    8.38229779,      6.8030239 ,   35.04294075,   79.85194555,   14.61470953,     -4.34107361], [ -262.07829148,   46.55177801,   39.2456835 ,   70.49908327,      4.78962814,   25.11071147,  -11.06022884,    4.21914932,     23.56228746,    0.72715407,   14.61470953,   75.31349965,     14.00313896], [   59.86881978,   43.415856  ,   -0.20813789,   10.24667869,     22.77695712,  -30.77684407,    3.53288368,    4.64440798,      5.02800691,   -1.99041729,   -4.34107361,   14.00313896,     68.80078404]]
/root/sim/music/out/スピッツ/CYCLE HIT 2006-2017 Spitz Complete Single Collection/10 愛のことば -2014mix-.mp3; [-544.0803    , 130.936     , -19.062105  ,  29.28059   ,  23.901302  ,   -2.6237624 ,  -1.472627  ,   2.660178  ,  -3.3630385 ,   1.3033822 ,   -1.6711553 ,  -4.3187594 ,  -0.42712894]; [[19757.79805395,  958.24864916,-1086.93223805, -171.60662024,   -319.49134004, -548.39337851, -365.4203749 ,  -34.03127262,   -241.28072736,  -50.82991798,  -27.5525981 , -264.826832  ,    -85.34438034], [  958.24864916, 1258.30187273, -250.92461698,  200.34191472,    172.22170425, -119.76898058,  120.2470784 ,    4.9595314 ,    -24.81332232,   32.97647775,   -9.13835328,   10.10388219,     27.82609202], [-1086.93223805, -250.92461698,  582.27641366,   28.25950129,    114.74916563,  170.56706963,   18.99790159,   22.04709893,     52.20575804,   27.58570534,   42.36555222,   54.63941316,     35.83385587], [ -171.60662024,  200.34191472,   28.25950129,  467.97781631,    182.28515975,  119.83432856,   -6.73788026,    0.95433272,     41.92234556,  -20.54713867,  -25.05959718,   62.02052675,     29.53251983], [ -319.49134004,  172.22170425,  114.74916563,  182.28515975,    286.55110339,   37.14764047,   56.61679711,   -0.15920976,     37.13016148,   26.49271577,    4.47117457,   12.6193409 ,     24.87062375], [ -548.39337851, -119.76898058,  170.56706963,  119.83432856,     37.14764047,  421.02104448,   -7.30336631,   63.79999823,     58.37809287,    6.10776465,   40.03216361,   54.95393672,    -19.0490315 ], [ -365.4203749 ,  120.2470784 ,   18.99790159,   -6.73788026,     56.61679711,   -7.30336631,  215.98401059,   73.75000405,     11.61065948,   38.70661912,   22.73551807,   -1.15091455,      9.85814508], [  -34.03127262,    4.9595314 ,   22.04709893,    0.95433272,     -0.15920976,   63.79999823,   73.75000405,  153.83963201,     45.18746592,   21.25413828,   26.98732309,    0.38361765,     10.71235795], [ -241.28072736,  -24.81332232,   52.20575804,   41.92234556,     37.13016148,   58.37809287,   11.61065948,   45.18746592,    115.37835259,   44.99641808,   14.30745785,   14.53948824,     -0.88682076], [  -50.82991798,   32.97647775,   27.58570534,  -20.54713867,     26.49271577,    6.10776465,   38.70661912,   21.25413828,     44.99641808,  100.10091507,   43.49801507,   -2.84720534,      3.46658487], [  -27.5525981 ,   -9.13835328,   42.36555222,  -25.05959718,      4.47117457,   40.03216361,   22.73551807,   26.98732309,     14.30745785,   43.49801507,   94.58231026,   29.92869716,      8.46851193], [ -264.826832  ,   10.10388219,   54.63941316,   62.02052675,     12.6193409 ,   54.95393672,   -1.15091455,    0.38361765,     14.53948824,   -2.84720534,   29.92869716,  113.86968797,     38.45957144], [  -85.34438034,   27.82609202,   35.83385587,   29.53251983,     24.87062375,  -19.0490315 ,    9.85814508,   10.71235795,     -0.88682076,    3.46658487,    8.46851193,   38.45957144,     83.21961653]]
/root/sim/music/out/スピッツ/CYCLE HIT 2006-2017 Spitz Complete Single Collection/13 ヘビーメロウ.mp3; [-544.4583    , 133.15193   ,   0.58695906,  23.932665  ,  27.270817  ,   -8.087452  ,  -8.921805  ,  -4.59776   ,  -1.8142362 ,  -0.89914423,   -4.1382833 ,  -3.1102831 ,  -1.038011  ]; [[24630.43874248, 1190.01835961,-1188.0138876 , -181.47333737,    255.80676361, -189.57032174, -128.53876893,  219.90068652,    396.32967461,  370.96484386,  217.84593163,  143.85735379,    146.26472014], [ 1190.01835961, 1804.43652852, -374.10501038,   77.34089159,    228.74992827, -221.60028219,   57.88615736,    0.47913194,     -6.75997425,   41.65419915,   52.75404823,  -24.7780703 ,     51.63685838], [-1188.0138876 , -374.10501038,  711.20509801, -107.60058095,     27.76856121,   28.83172353,  -15.89187025,  -61.78746828,    -91.07547718,  -38.22774075,  -57.39084503,   -8.56081203,    -41.22812008], [ -181.47333737,   77.34089159, -107.60058095,  566.42305024,     14.12599715,  146.9730275 ,  -39.71296117,   21.46342242,     60.76645639,  -75.89498899,  -22.30715445,   69.29061745,     37.90105366], [  255.80676361,  228.74992827,   27.76856121,   14.12599715,    238.71644014,  -17.95369316,    9.1202101 ,    3.02982453,     17.59669066,   42.87728847,    5.76089372,   -6.67722482,     31.46234813], [ -189.57032174, -221.60028219,   28.83172353,  146.9730275 ,    -17.95369316,  261.98059141,   18.90908555,   46.42105916,     36.80945272,   -7.38873139,   28.85033464,   39.83519084,    -30.14061745], [ -128.53876893,   57.88615736,  -15.89187025,  -39.71296117,      9.1202101 ,   18.90908555,  131.40717796,   45.8917124 ,      0.58335419,   23.80700599,   29.73156835,    6.56787921,     -1.75010493], [  219.90068652,    0.47913194,  -61.78746828,   21.46342242,      3.02982453,   46.42105916,   45.8917124 ,  138.02607969,     74.04308612,   14.69098688,   29.68982109,   17.23509668,     20.68689536], [  396.32967461,   -6.75997425,  -91.07547718,   60.76645639,     17.59669066,   36.80945272,    0.58335419,   74.04308612,    141.40665058,   42.01593583,   30.39314429,   18.68670041,     30.47901513], [  370.96484386,   41.65419915,  -38.22774075,  -75.89498899,     42.87728847,   -7.38873139,   23.80700599,   14.69098688,     42.01593583,  110.69716926,   45.74927534,   -7.16707314,     -0.37554231], [  217.84593163,   52.75404823,  -57.39084503,  -22.30715445,      5.76089372,   28.85033464,   29.73156835,   29.68982109,     30.39314429,   45.74927534,  105.37703522,   23.36432159,     -6.06423864], [  143.85735379,  -24.7780703 ,   -8.56081203,   69.29061745,     -6.67722482,   39.83519084,    6.56787921,   17.23509668,     18.68670041,   -7.16707314,   23.36432159,   84.71776686,     24.50898565], [  146.26472014,   51.63685838,  -41.22812008,   37.90105366,     31.46234813,  -30.14061745,   -1.75010493,   20.68689536,     30.47901513,   -0.37554231,   -6.06423864,   24.50898565,     88.19580263]]
/root/sim/music/out/スピッツ/CYCLE HIT 2006-2017 Spitz Complete Single Collection/15 1987→.mp3; [-514.1401    ,  99.49006   ,  -8.170284  ,  29.62671   ,  12.593365  ,    3.6636734 ,  -1.6600643 ,  -2.748619  ,   1.277398  ,   6.2348704 ,   -0.52850026,  -0.44349477,   1.0245873 ]; [[28489.48556304, 1948.03169175, 1104.47710125,   23.3358068 ,   -258.42018729, -151.79771855, -135.44169354, -265.98746415,    -37.41934747,   18.11166204,  -80.36003383,  -95.10958976,    -21.45162972], [ 1948.03169175,  874.00788417, -351.51360717,  116.28188632,      3.0197317 , -103.75959105,  -57.04549962,  -25.78607373,    -43.8374599 ,   15.70298557,  -22.10410546,  -37.84982776,      0.2843178 ], [ 1104.47710125, -351.51360717,  985.51270066,   30.22697997,    105.59236081,  178.65773777,  137.7177305 ,   97.43519622,     93.40766905,   20.34436494,   39.167724  ,   48.42729884,      7.87405195], [   23.3358068 ,  116.28188632,   30.22697997,  306.13947322,    138.48507875,   69.91549977,    4.247377  ,   29.66118649,     29.33456485,    5.62863012,  -24.3133879 ,   11.02186165,     15.45755419], [ -258.42018729,    3.0197317 ,  105.59236081,  138.48507875,    229.61768028,  103.96060472,   29.00016469,   30.06348467,     44.57057965,   22.16461413,   -4.28356738,   -2.27690459,      4.17994519], [ -151.79771855, -103.75959105,  178.65773777,   69.91549977,    103.96060472,  174.54164173,   81.85463633,   62.73239264,     49.61910386,   21.22656115,   28.45910157,   12.96525385,    -11.96764587], [ -135.44169354,  -57.04549962,  137.7177305 ,    4.247377  ,     29.00016469,   81.85463633,  135.58339453,   69.76367366,     43.92879321,   15.92719455,   36.00402751,   14.89632866,     -6.36460227], [ -265.98746415,  -25.78607373,   97.43519622,   29.66118649,     30.06348467,   62.73239264,   69.76367366,  129.69929061,     68.02576273,   23.35038854,   18.62056909,    4.33504456,     -5.49033125], [  -37.41934747,  -43.8374599 ,   93.40766905,   29.33456485,     44.57057965,   49.61910386,   43.92879321,   68.02576273,    103.93898718,   41.55685063,   20.0256353 ,    5.61110098,     -0.54587306], [   18.11166204,   15.70298557,   20.34436494,    5.62863012,     22.16461413,   21.22656115,   15.92719455,   23.35038854,     41.55685063,   69.26387921,   34.86486287,    3.83067028,     -3.13572931], [  -80.36003383,  -22.10410546,   39.167724  ,  -24.3133879 ,     -4.28356738,   28.45910157,   36.00402751,   18.62056909,     20.0256353 ,   34.86486287,   64.45745033,   20.46560688,     -3.26398052], [  -95.10958976,  -37.84982776,   48.42729884,   11.02186165,     -2.27690459,   12.96525385,   14.89632866,    4.33504456,      5.61110098,    3.83067028,   20.46560688,   50.74151215,     22.32213761], [  -21.45162972,    0.2843178 ,    7.87405195,   15.45755419,      4.17994519,  -11.96764587,   -6.36460227,   -5.49033125,     -0.54587306,   -3.13572931,   -3.26398052,   22.32213761,     52.0474127 ]]
