/root/sim/music/out/エレファントカシマシ/THE FIGHTING MAN [Disc 1]/1-12 ハナウタ ～遠い昔からの物語～.mp3; [-527.7445   , 140.23648  , -14.308061 ,  17.246538 ,  18.443375 ,    5.5905275,  -4.6956716,   3.4457045,  -2.6082819,   7.6379175,   -0.3251838,  -2.8733008,  -1.5210934]; [[16797.42590318,  418.97022713,  209.49081639,  102.36302189,   -239.34677349, -120.96803387,  -19.45353361,   82.92999147,   -112.9320365 ,  221.12318392,  -15.93100064,   -3.68028912,    119.64216975], [  418.97022713, 1712.63505412, -474.4585989 ,   21.07410883,    207.23938363,    3.85018918,   41.98630691,   47.82643745,     -4.69165436,   43.62022389,   25.62859131,   -3.29330526,    -38.36175946], [  209.49081639, -474.4585989 ,  415.20119092,   17.14466509,    -38.71525067,   21.38923834,   -4.65445832,    2.14556481,    -15.14580715,  -12.10219942,  -11.97345162,   -6.19256751,     22.04967956], [  102.36302189,   21.07410883,   17.14466509,  228.99705643,     71.07727314,   32.79850491,  -42.12370363,  -29.35056067,      5.39467294,  -33.24758247,    1.06614293,   -1.04158189,      5.2872149 ], [ -239.34677349,  207.23938363,  -38.71525067,   71.07727314,    217.20057998,   41.88491324,  -46.18491486,  -28.92933968,     18.98131655,    6.73440076,   -2.29733955,   -9.0337381 ,    -10.39571898], [ -120.96803387,    3.85018918,   21.38923834,   32.79850491,     41.88491324,  145.67843845,    2.0251773 ,   -5.93556121,     17.42581414,  -24.6503684 ,   20.07145206,    6.37949442,    -21.94154917], [  -19.45353361,   41.98630691,   -4.65445832,  -42.12370363,    -46.18491486,    2.0251773 ,  155.96780661,   40.38635518,      2.59499857,   15.05938241,   14.77766069,   19.40983128,    -12.94107079], [   82.92999147,   47.82643745,    2.14556481,  -29.35056067,    -28.92933968,   -5.93556121,   40.38635518,   99.41159542,     -3.63294426,   16.00789658,   -2.22636253,   -1.57695186,      6.15687527], [ -112.9320365 ,   -4.69165436,  -15.14580715,    5.39467294,     18.98131655,   17.42581414,    2.59499857,   -3.63294426,    110.11388751,    5.81680357,   15.9387243 ,    6.25466297,    -25.55230461], [  221.12318392,   43.62022389,  -12.10219942,  -33.24758247,      6.73440076,  -24.6503684 ,   15.05938241,   16.00789658,      5.81680357,  124.58495778,    5.6983705 ,   -1.18274176,      7.93132842], [  -15.93100064,   25.62859131,  -11.97345162,    1.06614293,     -2.29733955,   20.07145206,   14.77766069,   -2.22636253,     15.9387243 ,    5.6983705 ,   84.02974175,   22.35415669,    -14.0520551 ], [   -3.68028912,   -3.29330526,   -6.19256751,   -1.04158189,     -9.0337381 ,    6.37949442,   19.40983128,   -1.57695186,      6.25466297,   -1.18274176,   22.35415669,   70.08287657,      6.52131465], [  119.64216975,  -38.36175946,   22.04967956,    5.2872149 ,    -10.39571898,  -21.94154917,  -12.94107079,    6.15687527,    -25.55230461,    7.93132842,  -14.0520551 ,    6.52131465,     86.36707488]]
/root/sim/music/out/エレファントカシマシ/THE FIGHTING MAN [Disc 1]/1-13 新しい季節へキミと.mp3; [-517.4998    , 100.81919   ,  -3.9222126 ,  29.185307  ,   3.6721056 ,    5.7327523 ,   0.48101857,   5.8070545 ,   0.27789852,   2.688929  ,   -0.5055874 ,  -1.8625438 ,   2.8565073 ]; [[17326.06472279,  120.82023201, -454.15163735,  209.56278351,   -196.52714486,  -30.37758519, -168.29510136,  -20.56880346,    -46.43246674,   58.05379532,   65.20666506,  -45.38236651,     -1.10342071], [  120.82023201, 1007.77577787,  -64.6894812 ,   41.56825419,    -25.85395499,  -44.74022129,   35.64390231,   23.36252119,    -23.01695932,   39.65951345,    2.26622951,    8.1759978 ,     18.54410714], [ -454.15163735,  -64.6894812 ,  357.12916017,    0.05419711,     34.06714228,   25.67825883,   -9.24044135,   -6.070004  ,      1.10237449,  -16.48264317,   -4.25193317,   -5.51044827,     26.97654588], [  209.56278351,   41.56825419,    0.05419711,  213.44806273,     57.63976885,   21.75728754,  -17.01051341,   -8.65836723,     16.00677747,  -18.7286717 ,   -8.69769953,   -9.20258436,     19.36865228], [ -196.52714486,  -25.85395499,   34.06714228,   57.63976885,    134.76682544,   34.80514557,  -12.24436694,  -22.76654596,    -11.21357181,    4.404996  ,  -12.66640385,   -7.07991049,      6.77099332], [  -30.37758519,  -44.74022129,   25.67825883,   21.75728754,     34.80514557,  106.35154921,   30.86150827,   11.3058783 ,     12.75919173,   -9.7715199 ,   -0.17282496,    4.90242935,      2.20913258], [ -168.29510136,   35.64390231,   -9.24044135,  -17.01051341,    -12.24436694,   30.86150827,  117.72778813,   52.50391789,     26.11210374,   -0.67175074,   14.16045171,   14.49389027,     -8.15932448], [  -20.56880346,   23.36252119,   -6.070004  ,   -8.65836723,    -22.76654596,   11.3058783 ,   52.50391789,   93.40180053,     34.52896236,    6.91333534,    5.26965602,   11.31959632,     -0.6050017 ], [  -46.43246674,  -23.01695932,    1.10237449,   16.00677747,    -11.21357181,   12.75919173,   26.11210374,   34.52896236,    102.9440088 ,   11.09851617,   14.27508367,    9.49889124,      1.36448108], [   58.05379532,   39.65951345,  -16.48264317,  -18.7286717 ,      4.404996  ,   -9.7715199 ,   -0.67175074,    6.91333534,     11.09851617,   94.33381869,   32.90598045,    8.20271272,     -4.985474  ], [   65.20666506,    2.26622951,   -4.25193317,   -8.69769953,    -12.66640385,   -0.17282496,   14.16045171,    5.26965602,     14.27508367,   32.90598045,   72.41815282,   28.38956048,     -2.79280827], [  -45.38236651,    8.1759978 ,   -5.51044827,   -9.20258436,     -7.07991049,    4.90242935,   14.49389027,   11.31959632,      9.49889124,    8.20271272,   28.38956048,   66.10765979,     15.97980201], [   -1.10342071,   18.54410714,   26.97654588,   19.36865228,      6.77099332,    2.20913258,   -8.15932448,   -0.6050017 ,      1.36448108,   -4.985474  ,   -2.79280827,   15.97980201,     67.47542037]]
/root/sim/music/out/エレファントカシマシ/THE FIGHTING MAN [Disc 1]/1-07 俺たちの明日.mp3; [-521.6143   , 125.29792  ,   1.7704037,  16.721073 ,   7.6155267,    2.489924 ,  -3.7361827,   2.513284 ,  -2.321715 ,   2.5889704,   -7.729138 ,  -3.195559 ,  -2.1643715]; [[13207.22675133,  345.13742462,  153.18287301,   21.65043732,    -87.90239536,  -70.65990357, -159.44583896,   39.06489268,    -67.21355473,  122.36088135, -113.84329106,  -48.25284498,    -85.04756995], [  345.13742462, 1108.75324295, -327.2559485 ,   28.24295288,     49.74212741,  -21.99475343,   98.64542066,   54.00465617,     47.29592316,   55.70810717,  -12.55579843,   14.70630112,     -0.92219237], [  153.18287301, -327.2559485 ,  462.314184  ,   33.96297   ,    -47.23846456,   10.84750831,  -34.66297094,  -17.88201355,    -11.03095309,  -47.63959823,   -1.21135599,    8.33126397,      9.84251214], [   21.65043732,   28.24295288,   33.96297   ,  343.867235  ,    133.13892934,   54.57486402,  -26.73251225,  -16.82690206,     73.46866825,    1.26731706,    9.08141263,   25.54377144,      7.91011235], [  -87.90239536,   49.74212741,  -47.23846456,  133.13892934,    220.09893452,   56.66954463,  -17.51620552,  -22.68690044,     46.39678899,   28.20799792,   -3.80945494,   16.51680789,      7.48798519], [  -70.65990357,  -21.99475343,   10.84750831,   54.57486402,     56.66954463,  187.6077953 ,   42.76507661,   19.07919471,     44.17535441,   -3.43695175,   33.82356117,   22.32935353,     -9.38172035], [ -159.44583896,   98.64542066,  -34.66297094,  -26.73251225,    -17.51620552,   42.76507661,  163.69284742,   73.34931063,      2.97441391,    9.25630458,   15.11930506,   16.21868464,     -3.9584593 ], [   39.06489268,   54.00465617,  -17.88201355,  -16.82690206,    -22.68690044,   19.07919471,   73.34931063,  126.98956182,     23.36132316,   10.24478692,   19.12865484,   13.66760251,     -3.08972931], [  -67.21355473,   47.29592316,  -11.03095309,   73.46866825,     46.39678899,   44.17535441,    2.97441391,   23.36132316,    144.0116694 ,   36.55356326,   32.33524765,   21.92800251,    -17.68774421], [  122.36088135,   55.70810717,  -47.63959823,    1.26731706,     28.20799792,   -3.43695175,    9.25630458,   10.24478692,     36.55356326,  111.86735737,   24.92181429,   -0.26882888,     -5.81399868], [ -113.84329106,  -12.55579843,   -1.21135599,    9.08141263,     -3.80945494,   33.82356117,   15.11930506,   19.12865484,     32.33524765,   24.92181429,   96.96041557,   29.26844526,    -10.98577737], [  -48.25284498,   14.70630112,    8.33126397,   25.54377144,     16.51680789,   22.32935353,   16.21868464,   13.66760251,     21.92800251,   -0.26882888,   29.26844526,   84.98146221,      9.61216252], [  -85.04756995,   -0.92219237,    9.84251214,    7.91011235,      7.48798519,   -9.38172035,   -3.9584593 ,   -3.08972931,    -17.68774421,   -5.81399868,  -10.98577737,    9.61216252,     80.66886643]]
/root/sim/music/out/エレファントカシマシ/THE FIGHTING MAN [Disc 1]/1-11 桜の花、舞い上がる道を.mp3; [-501.5456   , 104.40701  ,  10.242271 ,  12.691317 ,  11.946602 ,   -2.019614 ,  -2.3339925,   3.3042269,   3.3417096,  -0.8717421,   -7.4430766,  -3.2348323,   1.2431415]; [[16764.82242419,  692.59125031, -466.86618721, -243.05343774,    -70.6064836 , -112.83574077,  -69.27349718,  166.66574343,    303.89877459,  100.8719101 ,  -32.05867664,   61.63644307,     45.6295983 ], [  692.59125031,  712.00950418,  -14.14543307,   60.51925677,     32.59082039,  -20.91773972,   32.13433702,   43.64220534,     11.11025097,    8.00442163,   11.71154348,  -27.54883388,      3.2963301 ], [ -466.86618721,  -14.14543307,  446.3583507 ,  109.84750428,     77.77322761,   71.66794906,    6.96241013,   -6.64592369,    -11.78718943,   -5.57400176,   27.24984581,   29.08333655,     27.64217619], [ -243.05343774,   60.51925677,  109.84750428,  294.7932001 ,    106.94797259,  103.84538996,  -17.56601168,  -22.84646485,     34.32743311,  -33.28524499,   25.81292145,   27.96650527,     47.30125443], [  -70.6064836 ,   32.59082039,   77.77322761,  106.94797259,    170.18723459,   61.48127366,   -3.0107548 ,  -20.59858508,      5.97309931,  -18.52486879,    6.07784456,   13.39626066,     27.66118268], [ -112.83574077,  -20.91773972,   71.66794906,  103.84538996,     61.48127366,  148.63456599,   24.67208303,   20.55596349,     36.45397406,  -14.19028114,   27.28432306,   14.79263047,     12.02554705], [  -69.27349718,   32.13433702,    6.96241013,  -17.56601168,     -3.0107548 ,   24.67208303,  107.62192727,   51.61739775,     36.04236132,   13.99188927,   15.65989735,    9.13199321,     -6.43139242], [  166.66574343,   43.64220534,   -6.64592369,  -22.84646485,    -20.59858508,   20.55596349,   51.61739775,  115.39732169,     59.67852325,   23.77509967,   12.27251749,    2.5016873 ,    -10.20373039], [  303.89877459,   11.11025097,  -11.78718943,   34.32743311,      5.97309931,   36.45397406,   36.04236132,   59.67852325,    153.19871993,   28.50109147,   33.7694623 ,   14.39000823,     -3.17305711], [  100.8719101 ,    8.00442163,   -5.57400176,  -33.28524499,    -18.52486879,  -14.19028114,   13.99188927,   23.77509967,     28.50109147,   97.48243746,   21.16286644,   19.29795469,     -3.71109523], [  -32.05867664,   11.71154348,   27.24984581,   25.81292145,      6.07784456,   27.28432306,   15.65989735,   12.27251749,     33.7694623 ,   21.16286644,   75.15132727,   31.09166039,     14.09585195], [   61.63644307,  -27.54883388,   29.08333655,   27.96650527,     13.39626066,   14.79263047,    9.13199321,    2.5016873 ,     14.39000823,   19.29795469,   31.09166039,   91.99174193,     40.81990749], [   45.6295983 ,    3.2963301 ,   27.64217619,   47.30125443,     27.66118268,   12.02554705,   -6.43139242,  -10.20373039,     -3.17305711,   -3.71109523,   14.09585195,   40.81990749,     82.32517297]]
/root/sim/music/out/エレファントカシマシ/THE FIGHTING MAN [Disc 1]/1-04 風に吹かれて.mp3; [-540.4864    , 133.19565   ,  13.952289  ,  17.783283  ,   2.0493112 ,    4.3271904 ,  -6.2507486 ,   9.407045  ,  -1.2640913 ,   3.1389725 ,    1.9974779 ,  -1.4877841 ,   0.78849006]; [[20901.45725188,  543.74389471, -205.83129602,  207.83432257,    -40.646704  ,  272.36835486, -102.25830703,  386.66271265,    -24.74748453,  103.68175242,  -42.04918054,  -11.87354669,     54.75704933], [  543.74389471, 1544.19753898, -293.41654788,   66.23961079,     65.64341689,  -85.04033643,   54.14745798,   59.11356326,     -1.0193162 ,   21.81436453,    8.71174044,  -10.40406   ,     41.1421146 ], [ -205.83129602, -293.41654788,  549.36629741,    6.43657606,    -61.44791866,   75.04547731,  -22.06647786,  -29.04471572,      7.32402844,  -19.29887389,   35.4975361 ,   12.71983355,    -20.01494305], [  207.83432257,   66.23961079,    6.43657606,  208.92789402,     68.84133213,   16.21095752,  -44.70623322,  -37.21081187,     33.05359658,   -9.78184205,   -1.82295216,   12.6316157 ,     24.10999891], [  -40.646704  ,   65.64341689,  -61.44791866,   68.84133213,    177.06481583,   10.8735543 ,  -25.97070743,  -31.86827652,     15.02239592,    8.72379589,  -15.61647287,   -2.19315134,     10.9643064 ], [  272.36835486,  -85.04033643,   75.04547731,   16.21095752,     10.8735543 ,  122.10721795,   16.22911852,   -5.6550788 ,     11.54666296,   -5.15510643,    5.93970602,    6.12818574,     -4.98431457], [ -102.25830703,   54.14745798,  -22.06647786,  -44.70623322,    -25.97070743,   16.22911852,  149.59229037,   64.32932486,    -38.61945752,    4.49501657,   -9.12292348,   -7.19318689,     -2.40162179], [  386.66271265,   59.11356326,  -29.04471572,  -37.21081187,    -31.86827652,   -5.6550788 ,   64.32932486,  120.43132257,    -14.81018157,   15.69361508,  -13.554607  ,  -10.14897532,      6.82449371], [  -24.74748453,   -1.0193162 ,    7.32402844,   33.05359658,     15.02239592,   11.54666296,  -38.61945752,  -14.81018157,    118.04455526,   11.26788486,   14.70027962,    8.15671086,     -4.09905704], [  103.68175242,   21.81436453,  -19.29887389,   -9.78184205,      8.72379589,   -5.15510643,    4.49501657,   15.69361508,     11.26788486,   91.49307204,   27.21908577,    3.52153723,    -11.60067638], [  -42.04918054,    8.71174044,   35.4975361 ,   -1.82295216,    -15.61647287,    5.93970602,   -9.12292348,  -13.554607  ,     14.70027962,   27.21908577,   78.12818159,   27.09989316,    -13.66183553], [  -11.87354669,  -10.40406   ,   12.71983355,   12.6316157 ,     -2.19315134,    6.12818574,   -7.19318689,  -10.14897532,      8.15671086,    3.52153723,   27.09989316,   72.48018121,     17.83886532], [   54.75704933,   41.1421146 ,  -20.01494305,   24.10999891,     10.9643064 ,   -4.98431457,   -2.40162179,    6.82449371,     -4.09905704,  -11.60067638,  -13.66183553,   17.83886532,     71.98527461]]
/root/sim/music/out/エレファントカシマシ/THE FIGHTING MAN [Disc 1]/1-05 夢のかけら.mp3; [-537.91675  , 142.53955  ,  -5.2000756,  26.588526 ,   4.0619407,   -4.326193 ,  -2.5523598,   5.5223417,  -1.2035478,   2.2132862,   -1.3786938,   1.5115232,   1.1988498]; [[20113.73011883,  521.26491099,-1249.95111938,   49.88732107,   -241.08160188, -122.15615163, -107.6933789 ,   93.64116385,    -69.10407392,   89.73570194,  -21.08519765,   96.50830927,     28.29273792], [  521.26491099, 1461.61368868, -333.48454247,   39.68182086,     -0.3992422 , -123.3215845 ,   69.39696371,   26.0286316 ,      1.47543235,    7.64560314,   37.65798101,   21.5454738 ,     46.05370771], [-1249.95111938, -333.48454247,  672.64010725,    7.70180578,     27.31613548,   70.16758423,  -14.2841072 ,   16.63877911,     -6.82801995,    4.73276502,  -26.18933858,  -17.08790177,     -6.41047741], [   49.88732107,   39.68182086,    7.70180578,  257.1570884 ,     70.74807591,   60.55895574,  -42.62929491,    0.75418183,     40.47976244,  -46.84629329,   -8.89817542,   -3.92837528,     24.08998347], [ -241.08160188,   -0.3992422 ,   27.31613548,   70.74807591,    153.20131446,   12.77988956,  -12.45846184,  -13.95532039,     10.49878888,    5.86196144,  -15.40509349,   -6.89361694,     -4.09948927], [ -122.15615163, -123.3215845 ,   70.16758423,   60.55895574,     12.77988956,  146.82904037,   13.80637548,    7.14251479,     34.20059273,  -23.0536533 ,   16.79142687,    4.12857739,    -13.16009547], [ -107.6933789 ,   69.39696371,  -14.2841072 ,  -42.62929491,    -12.45846184,   13.80637548,  119.67368845,   30.32108852,     -4.30914653,   21.66764773,   15.33926144,    5.52572302,     -2.29628399], [   93.64116385,   26.0286316 ,   16.63877911,    0.75418183,    -13.95532039,    7.14251479,   30.32108852,   72.26536438,      7.84058767,   -2.17375208,   -5.50974246,    4.54538581,     14.16637824], [  -69.10407392,    1.47543235,   -6.82801995,   40.47976244,     10.49878888,   34.20059273,   -4.30914653,    7.84058767,     92.10689169,   -0.75212501,   19.14280706,    6.97305563,     -1.14110371], [   89.73570194,    7.64560314,    4.73276502,  -46.84629329,      5.86196144,  -23.0536533 ,   21.66764773,   -2.17375208,     -0.75212501,   98.98816017,   28.57330429,    1.49985224,    -10.55264083], [  -21.08519765,   37.65798101,  -26.18933858,   -8.89817542,    -15.40509349,   16.79142687,   15.33926144,   -5.50974246,     19.14280706,   28.57330429,   79.1297026 ,   22.32057718,     -4.83962982], [   96.50830927,   21.5454738 ,  -17.08790177,   -3.92837528,     -6.89361694,    4.12857739,    5.52572302,    4.54538581,      6.97305563,    1.49985224,   22.32057718,   57.93336706,     20.49270757], [   28.29273792,   46.05370771,   -6.41047741,   24.08998347,     -4.09948927,  -13.16009547,   -2.29628399,   14.16637824,     -1.14110371,  -10.55264083,   -4.83962982,   20.49270757,     72.93071737]]
/root/sim/music/out/エレファントカシマシ/THE FIGHTING MAN [Disc 1]/1-14 ズレてる方がいい.mp3; [-491.5179    , 108.985214  , -13.026303  ,  16.162502  ,  11.239343  ,    0.84290713,  -2.2129748 ,   4.308909  ,   1.0638047 ,   3.3103907 ,   -4.7785053 ,  -0.9536803 ,   0.8422972 ]; [[13593.81394127, 1135.33842213,  162.92246119,  373.52679803,    230.66212482,  184.01949745,   -9.73995822,   73.95516146,    116.03582826,   60.25304828,  -56.07494358,  -37.2334252 ,    -51.80651273], [ 1135.33842213, 1159.38493712, -291.21196829,  128.36341849,     85.32847084,   -5.93340891,  121.56360861,   58.96219851,     -6.66909064,   41.07166956,  -21.16615568,    6.79353878,    -22.02633172], [  162.92246119, -291.21196829,  634.7850315 ,  179.58529342,     64.57547747,  119.35845547,   36.75450895,   31.17046468,     66.38578518,  -38.84942616,   31.88769062,   -4.0628201 ,     -4.95849753], [  373.52679803,  128.36341849,  179.58529342,  439.84271429,    150.00127004,   81.778379  ,   18.78365981,   14.46056621,    108.74890516,   -4.52668338,    0.80839912,   11.42850693,      8.98917934], [  230.66212482,   85.32847084,   64.57547747,  150.00127004,    214.87836418,   37.52305212,   -6.51501668,   -9.49565544,     53.93402903,   13.84913227,   -9.0081606 ,   -6.48562428,     -9.15094659], [  184.01949745,   -5.93340891,  119.35845547,   81.778379  ,     37.52305212,  150.28959665,   65.57872989,   31.34375676,     33.08491118,    4.92374887,   26.3498606 ,   -7.12641963,    -31.03021848], [   -9.73995822,  121.56360861,   36.75450895,   18.78365981,     -6.51501668,   65.57872989,  179.34207963,   71.00769091,     18.71732409,   12.89590033,   27.14749934,   12.53114376,    -19.76714883], [   73.95516146,   58.96219851,   31.17046468,   14.46056621,     -9.49565544,   31.34375676,   71.00769091,   99.13955131,     23.9447964 ,   10.55404816,   10.80382742,   10.50729539,     -4.31688683], [  116.03582826,   -6.66909064,   66.38578518,  108.74890516,     53.93402903,   33.08491118,   18.71732409,   23.9447964 ,    116.68440018,   13.21444613,   15.56146505,   -2.43799549,     -6.53483227], [   60.25304828,   41.07166956,  -38.84942616,   -4.52668338,     13.84913227,    4.92374887,   12.89590033,   10.55404816,     13.21444613,   96.56976327,   20.4643134 ,    6.66122843,    -11.76888562], [  -56.07494358,  -21.16615568,   31.88769062,    0.80839912,     -9.0081606 ,   26.3498606 ,   27.14749934,   10.80382742,     15.56146505,   20.4643134 ,   75.96374719,   19.54492535,     -3.55931905], [  -37.2334252 ,    6.79353878,   -4.0628201 ,   11.42850693,     -6.48562428,   -7.12641963,   12.53114376,   10.50729539,     -2.43799549,    6.66122843,   19.54492535,   75.99100629,     31.10998694], [  -51.80651273,  -22.02633172,   -4.95849753,    8.98917934,     -9.15094659,  -31.03021848,  -19.76714883,   -4.31688683,     -6.53483227,  -11.76888562,   -3.55931905,   31.10998694,     83.71611765]]
/root/sim/music/out/エレファントカシマシ/THE FIGHTING MAN [Disc 1]/1-01 今宵の月のように.mp3; [-514.8023   , 121.03115  ,   5.8977075,  18.84947  ,   3.209971 ,    2.9365067,   3.8369865,   4.6991653,  -3.4791393,   7.900705 ,    2.3205273,  -3.6633892,  -1.3791281]; [[18873.08038017,  352.15481846, -302.87231035,  120.86415088,   -445.00877804,  -96.19105346, -170.71142906, -154.51350198,   -223.93789093,    0.56831659, -225.46935895,  -54.003678  ,    140.77647284], [  352.15481846, 1295.59871302, -150.86516699,  -17.82165861,      3.08175636,  -22.30804573,  113.94660186,   85.58997183,     26.90239118,   66.31986136,  103.1574454 ,    0.66920146,    -39.22034813], [ -302.87231035, -150.86516699,  323.79773095,   57.45550377,     76.1110118 ,   40.16743958,   -1.3473162 ,   14.58332437,     -7.42926525,  -10.73125849,    5.39263615,    2.23415598,     13.20313243], [  120.86415088,  -17.82165861,   57.45550377,  264.91580555,    101.49134723,   29.22061081,  -34.33174094,  -27.7647652 ,     39.41209661,  -19.73514949,   -7.15076915,   20.42087847,     24.92129285], [ -445.00877804,    3.08175636,   76.1110118 ,  101.49134723,    235.9786023 ,   31.7411938 ,  -33.09841413,  -13.04908157,     32.38691295,   16.48592974,   10.16815373,    7.17216054,      9.86591375], [  -96.19105346,  -22.30804573,   40.16743958,   29.22061081,     31.7411938 ,  150.69569682,   39.63130979,   26.99284343,     19.48327827,    4.27136547,   32.96878966,   17.90104482,    -15.18631785], [ -170.71142906,  113.94660186,   -1.3473162 ,  -34.33174094,    -33.09841413,   39.63130979,  162.70809566,   69.42325229,     19.82140008,   17.46832481,   36.11864573,   24.48027323,    -24.07184656], [ -154.51350198,   85.58997183,   14.58332437,  -27.7647652 ,    -13.04908157,   26.99284343,   69.42325229,  122.64480048,     25.58397712,   25.56646544,   26.99575749,    9.86194599,     -7.02787447], [ -223.93789093,   26.90239118,   -7.42926525,   39.41209661,     32.38691295,   19.48327827,   19.82140008,   25.58397712,    120.46428646,   26.22305024,   21.50268444,   11.74034885,      0.4616181 ], [    0.56831659,   66.31986136,  -10.73125849,  -19.73514949,     16.48592974,    4.27136547,   17.46832481,   25.56646544,     26.22305024,  100.20855049,   42.43567145,   15.57412176,     -4.24337241], [ -225.46935895,  103.1574454 ,    5.39263615,   -7.15076915,     10.16815373,   32.96878966,   36.11864573,   26.99575749,     21.50268444,   42.43567145,   99.15168295,   33.37504902,     -8.27905116], [  -54.003678  ,    0.66920146,    2.23415598,   20.42087847,      7.17216054,   17.90104482,   24.48027323,    9.86194599,     11.74034885,   15.57412176,   33.37504902,   72.14176882,     13.39760602], [  140.77647284,  -39.22034813,   13.20313243,   24.92129285,      9.86591375,  -15.18631785,  -24.07184656,   -7.02787447,      0.4616181 ,   -4.24337241,   -8.27905116,   13.39760602,     76.8686554 ]]
/root/sim/music/out/エレファントカシマシ/THE FIGHTING MAN [Disc 1]/1-08 笑顔の未来へ.mp3; [-510.4791   , 115.15566  ,  -9.801645 ,  24.01341  ,   6.6154675,    6.9740987,  -3.7018797,   7.3419757,  -3.0127022,  -1.2208487,   -4.986178 ,  -4.717282 ,  -3.2038655]; [[18806.95002361, -313.51772339,  303.61441365,  199.76994795,    270.28404612,  477.67766258,  -42.22953684,  210.50314703,     73.83061969,    8.72369288,  118.79206961,   10.8720463 ,    -22.03603936], [ -313.51772339, 1736.01919286, -466.87884364,  119.26685241,    -15.8954338 ,  -88.58774456,   98.1955533 ,   42.55733613,    -54.97624532,   15.74690863,  -88.98974857,  -54.29319992,    -44.26482176], [  303.61441365, -466.87884364,  699.1240266 ,  -19.35513105,     12.09843244,   95.87133208,   13.10157658,   23.08088447,     60.43523475,   -5.6145654 ,   37.51707126,    3.61098258,     35.25522193], [  199.76994795,  119.26685241,  -19.35513105,  381.34638205,     78.10396381,   44.56226136,  -31.70586824,  -14.5296354 ,     75.75335822,  -17.19603358,   38.43342188,   43.75641115,     22.48981199], [  270.28404612,  -15.8954338 ,   12.09843244,   78.10396381,    182.95171787,   30.56446551,  -29.96204172,   -5.31244481,     27.08579599,   21.57049469,   17.38262374,   18.48782693,     26.10270493], [  477.67766258,  -88.58774456,   95.87133208,   44.56226136,     30.56446551,  189.20496934,   54.34211765,   25.5513407 ,     72.16501914,   -1.30559156,   49.36460265,   19.61235929,     -8.00255766], [  -42.22953684,   98.1955533 ,   13.10157658,  -31.70586824,    -29.96204172,   54.34211765,  174.16544636,   71.19085795,     14.35310834,    4.25621701,   20.62315343,   12.82036791,    -18.99574156], [  210.50314703,   42.55733613,   23.08088447,  -14.5296354 ,     -5.31244481,   25.5513407 ,   71.19085795,  115.85646568,     21.51418096,   21.15494428,   11.03459502,    0.29818414,      6.45067987], [   73.83061969,  -54.97624532,   60.43523475,   75.75335822,     27.08579599,   72.16501914,   14.35310834,   21.51418096,    168.40329535,   29.20980364,   51.92491233,   27.30697177,      4.01806551], [    8.72369288,   15.74690863,   -5.6145654 ,  -17.19603358,     21.57049469,   -1.30559156,    4.25621701,   21.15494428,     29.20980364,   98.9361114 ,   18.69543582,   -0.65519672,     12.68308629], [  118.79206961,  -88.98974857,   37.51707126,   38.43342188,     17.38262374,   49.36460265,   20.62315343,   11.03459502,     51.92491233,   18.69543582,  100.07569194,   50.80998241,      8.63612799], [   10.8720463 ,  -54.29319992,    3.61098258,   43.75641115,     18.48782693,   19.61235929,   12.82036791,    0.29818414,     27.30697177,   -0.65519672,   50.80998241,  102.79538474,     28.50638064], [  -22.03603936,  -44.26482176,   35.25522193,   22.48981199,     26.10270493,   -8.00255766,  -18.99574156,    6.45067987,      4.01806551,   12.68308629,    8.63612799,   28.50638064,     86.3356264 ]]
/root/sim/music/out/エレファントカシマシ/THE FIGHTING MAN [Disc 1]/1-15 夢を追う旅人.mp3; [-491.44662  ,  99.44231  , -13.330689 ,  22.572819 ,  15.466181 ,   12.122392 ,   3.9651275,   9.418591 ,   6.5877266,   7.9979053,    2.5818348,   2.9659586,   1.6117318]; [[10485.30521508,  450.73676566, -274.43249693,   49.34908716,     -3.26659932,  122.38482258,  -90.09757051,   94.5380288 ,     90.86190573,   78.08108876,   25.62453738,   88.13461205,     37.32205352], [  450.73676566, 1219.9996389 , -470.31098248,  -25.53745561,    115.38081917, -106.29524132,  114.35761252,  -12.3411436 ,     34.79496286,   53.16407689,   14.17420591,   50.239328  ,     -7.05387396], [ -274.43249693, -470.31098248,  617.5039783 ,  145.41722366,    -49.88501554,   68.6086558 ,  -40.06992784,   39.19428235,    -38.86107399,  -62.29876107,    6.15608596,  -25.79083942,     18.50585416], [   49.34908716,  -25.53745561,  145.41722366,  422.80342197,     72.04491033,   25.61078797,  -38.27819606,  -25.50458827,     43.27597451,  -23.79108253,   15.28830138,   23.72184992,     -9.54593392], [   -3.26659932,  115.38081917,  -49.88501554,   72.04491033,    183.98703801,  -15.14644008,  -21.77385297,  -32.41464975,     43.50620248,   34.89213552,   -4.18570232,    4.89297708,     10.49162269], [  122.38482258, -106.29524132,   68.6086558 ,   25.61078797,    -15.14644008,  155.31427245,   32.87299786,   21.68884162,      9.69367117,   -6.977781  ,   16.02541288,   -5.5515849 ,    -10.86533655], [  -90.09757051,  114.35761252,  -40.06992784,  -38.27819606,    -21.77385297,   32.87299786,  169.2171932 ,   53.73612325,      6.98188129,   -7.21687243,    8.82423537,   18.25001754,    -15.45969213], [   94.5380288 ,  -12.3411436 ,   39.19428235,  -25.50458827,    -32.41464975,   21.68884162,   53.73612325,  107.09333769,      8.01214465,   -0.63545253,    6.16643428,    8.591895  ,      7.39908515], [   90.86190573,   34.79496286,  -38.86107399,   43.27597451,     43.50620248,    9.69367117,    6.98188129,    8.01214465,    106.52369234,   36.48872992,    8.42590782,    8.4337929 ,     -1.63231436], [   78.08108876,   53.16407689,  -62.29876107,  -23.79108253,     34.89213552,   -6.977781  ,   -7.21687243,   -0.63545253,     36.48872992,   95.63810205,   24.62920274,    8.09473646,     -2.98426262], [   25.62453738,   14.17420591,    6.15608596,   15.28830138,     -4.18570232,   16.02541288,    8.82423537,    6.16643428,      8.42590782,   24.62920274,   78.37141574,   33.50691309,     -7.1834108 ], [   88.13461205,   50.239328  ,  -25.79083942,   23.72184992,      4.89297708,   -5.5515849 ,   18.25001754,    8.591895  ,      8.4337929 ,    8.09473646,   33.50691309,   92.78257876,     23.0075742 ], [   37.32205352,   -7.05387396,   18.50585416,   -9.54593392,     10.49162269,  -10.86533655,  -15.45969213,    7.39908515,     -1.63231436,   -2.98426262,   -7.1834108 ,   23.0075742 ,     76.52583591]]
/root/sim/music/out/エレファントカシマシ/THE FIGHTING MAN [Disc 1]/1-06 友達がいるのさ.mp3; [-562.16724   , 122.639496  ,  -6.385631  ,  29.009335  ,  10.441253  ,   16.257025  ,  11.050825  ,  12.243828  ,   3.7100317 ,  -0.82305133,    1.5036373 ,   0.12865631,  -3.8193624 ]; [[23774.46187274,-1236.03596299,-2772.6251278 , -193.93447785,   -389.08394876,  220.78168771,  -47.48320939,  168.71776612,    368.1849564 ,  243.57188661,  486.42294795,  321.51556929,    190.89517842], [-1236.03596299, 1707.82229301,  331.54222855,   58.98625603,     28.16484198,  -94.84352416,   92.98921633,   56.55197908,    -95.2389105 ,  -49.40019565,  -74.81489098,  -27.99508623,    -34.19330562], [-2772.6251278 ,  331.54222855,  904.18711041,   95.27089437,     46.18618379,    6.82795758,   -8.83828485,  -38.24173778,    -88.64939228,  -70.97556861, -103.92522464,  -50.22174979,    -20.57885941], [ -193.93447785,   58.98625603,   95.27089437,  263.85724686,     85.25508214,   26.26777608,   -9.96903544,  -12.36413078,      3.44707559,  -23.41676523,  -10.60839195,   -3.72008187,      6.60243715], [ -389.08394876,   28.16484198,   46.18618379,   85.25508214,    202.49457875,   26.23422944,  -21.62490744,  -19.2058827 ,     15.53162619,    9.84417929,  -10.55968473,   -0.27003558,      8.89309357], [  220.78168771,  -94.84352416,    6.82795758,   26.26777608,     26.23422944,  141.33674244,   29.24162731,    5.04824876,     18.76819272,   -1.41695351,   16.69901083,   -3.12284299,    -16.45337512], [  -47.48320939,   92.98921633,   -8.83828485,   -9.96903544,    -21.62490744,   29.24162731,  129.37771078,   57.13868076,     -4.72448751,  -10.12469965,   10.62880618,    2.39595221,     -7.15239419], [  168.71776612,   56.55197908,  -38.24173778,  -12.36413078,    -19.2058827 ,    5.04824876,   57.13868076,  108.95263979,     15.27923966,   10.20979485,   13.0583137 ,    7.87123683,      4.40191676], [  368.1849564 ,  -95.2389105 ,  -88.64939228,    3.44707559,     15.53162619,   18.76819272,   -4.72448751,   15.27923966,    123.55046688,   50.02722802,   35.82914537,   -3.07548904,     -3.89659442], [  243.57188661,  -49.40019565,  -70.97556861,  -23.41676523,      9.84417929,   -1.41695351,  -10.12469965,   10.20979485,     50.02722802,  104.14336065,   35.65754159,    5.49221241,     -4.88922502], [  486.42294795,  -74.81489098, -103.92522464,  -10.60839195,    -10.55968473,   16.69901083,   10.62880618,   13.0583137 ,     35.82914537,   35.65754159,  105.39577909,   41.65452034,      8.78448819], [  321.51556929,  -27.99508623,  -50.22174979,   -3.72008187,     -0.27003558,   -3.12284299,    2.39595221,    7.87123683,     -3.07548904,    5.49221241,   41.65452034,   81.74888023,     40.19561283], [  190.89517842,  -34.19330562,  -20.57885941,    6.60243715,      8.89309357,  -16.45337512,   -7.15239419,    4.40191676,     -3.89659442,   -4.88922502,    8.78448819,   40.19561283,     79.47143607]]
/root/sim/music/out/エレファントカシマシ/THE FIGHTING MAN [Disc 1]/1-10 翳りゆく部屋.mp3; [-564.5559    , 145.35252   ,  -8.868743  ,  17.983854  ,  13.294715  ,   -0.84355086,  -7.399582  ,  -3.5920637 ,  -7.017478  ,   2.987659  ,   -6.6854043 ,  -5.9540353 ,  -1.4065095 ]; [[20181.37127329, -867.41447945, 1386.13251177,  858.01927824,    154.60452101,  333.49854149,  324.2367712 ,  566.21599458,    319.25300838,  325.41480724,  151.35204672,   22.69451412,     91.66928548], [ -867.41447945, 2316.16874933, -792.692744  , -246.14860996,     65.97453492, -224.49207255, -107.85113207, -226.26844865,   -239.22365674,  -73.81136785,  -93.93510278,  -21.8949127 ,      2.85182628], [ 1386.13251177, -792.692744  ,  896.34445161,  205.33113695,     48.78502934,   88.77173332,  158.66308016,  274.69845964,     91.41367101,  109.5841887 ,   48.2816501 ,   34.00933983,     90.40542323], [  858.01927824, -246.14860996,  205.33113695,  343.99210818,     73.0005055 ,   99.02421458,    5.480502  ,   88.58280105,    117.43144244,    7.41437222,   52.19068589,   16.31477064,     13.48632961], [  154.60452101,   65.97453492,   48.78502934,   73.0005055 ,    199.63527606,   -0.62274891,   -0.96429424,   23.19834554,      9.589572  ,   37.2711157 ,   -8.40571052,    1.75476408,     31.53055793], [  333.49854149, -224.49207255,   88.77173332,   99.02421458,     -0.62274891,  250.84888383,    4.42492367,   19.78858732,    135.95367598,  -55.39555153,   71.27082344,   -0.02593289,    -41.72819727], [  324.2367712 , -107.85113207,  158.66308016,    5.480502  ,     -0.96429424,    4.42492367,  221.80138158,  126.67459684,      5.7768774 ,   64.46249884,   13.75824611,   26.11976804,     26.47044527], [  566.21599458, -226.26844865,  274.69845964,   88.58280105,     23.19834554,   19.78858732,  126.67459684,  225.71014021,     36.69962561,   65.3476106 ,   13.0599681 ,   11.11094667,     40.82633265], [  319.25300838, -239.22365674,   91.41367101,  117.43144244,      9.589572  ,  135.95367598,    5.7768774 ,   36.69962561,    200.97038585,  -12.9050381 ,   62.04274806,    6.42252475,    -38.80036929], [  325.41480724,  -73.81136785,  109.5841887 ,    7.41437222,     37.2711157 ,  -55.39555153,   64.46249884,   65.3476106 ,    -12.9050381 ,  146.15038743,    2.84784173,   13.5060792 ,     38.57563679], [  151.35204672,  -93.93510278,   48.2816501 ,   52.19068589,     -8.40571052,   71.27082344,   13.75824611,   13.0599681 ,     62.04274806,    2.84784173,  104.31985122,   32.16451112,    -16.56338821], [   22.69451412,  -21.8949127 ,   34.00933983,   16.31477064,      1.75476408,   -0.02593289,   26.11976804,   11.11094667,      6.42252475,   13.5060792 ,   32.16451112,   73.20273669,     15.64413669], [   91.66928548,    2.85182628,   90.40542323,   13.48632961,     31.53055793,  -41.72819727,   26.47044527,   40.82633265,    -38.80036929,   38.57563679,  -16.56338821,   15.64413669,     95.82090403]]
/root/sim/music/out/エレファントカシマシ/THE FIGHTING MAN [Disc 1]/1-03 四月の風.mp3; [-522.63293   , 128.4307    ,  -3.523207  ,  27.893122  ,  10.682341  ,   -0.3468054 ,   2.5958354 ,   5.3730454 ,   0.4243186 ,   0.30993667,   -1.8120412 ,  -0.8990013 ,  -2.8053522 ]; [[18168.82411996,  298.05674877,  186.00235178,  218.92087272,   -209.794536  ,  -87.03377314,  139.16527548,  226.24969027,     68.42424838,  305.34601374,  295.51524928,  150.76717745,    -80.55041208], [  298.05674877, 1408.46334788, -425.75058763,  168.23856919,     38.61768768,  -17.37198346,   24.77576168,   -8.3011703 ,      6.211979  ,  -62.12814352,  -51.81672801,  -36.57211296,     14.52082029], [  186.00235178, -425.75058763,  488.99550974, -108.0292344 ,     77.0056979 ,    3.59232271,   -2.2372977 ,    7.74216154,    -42.01746052,   14.88513104,   -9.24132417,   -4.61415632,      6.9764262 ], [  218.92087272,  168.23856919, -108.0292344 ,  311.50435321,     34.02596355,   -5.03204059,  -44.78196274,  -31.6739645 ,     36.1857261 ,  -50.04349734,  -10.49246019,   18.63330425,      6.61701432], [ -209.794536  ,   38.61768768,   77.0056979 ,   34.02596355,    159.0501457 ,   22.68552199,  -16.7196007 ,  -26.97035178,     -1.38637589,  -21.08464029,  -33.48773042,  -18.22975108,      7.48849442], [  -87.03377314,  -17.37198346,    3.59232271,   -5.03204059,     22.68552199,  105.02303313,   26.3000646 ,   19.38338851,    -20.94021824,   -5.66267828,  -11.8331597 ,  -12.15701676,     -9.06686008], [  139.16527548,   24.77576168,   -2.2372977 ,  -44.78196274,    -16.7196007 ,   26.3000646 ,  116.78738984,   46.72163046,     -7.81197969,   -3.93526301,    6.41519724,   -0.20623744,    -16.04018911], [  226.24969027,   -8.3011703 ,    7.74216154,  -31.6739645 ,    -26.97035178,   19.38338851,   46.72163046,   91.30056963,     -0.44312195,   11.16673983,   -3.99843532,   -0.80791007,     -1.16072104], [   68.42424838,    6.211979  ,  -42.01746052,   36.1857261 ,     -1.38637589,  -20.94021824,   -7.81197969,   -0.44312195,     79.20869434,   14.04507633,   12.40070593,    2.90692898,     -3.83926584], [  305.34601374,  -62.12814352,   14.88513104,  -50.04349734,    -21.08464029,   -5.66267828,   -3.93526301,   11.16673983,     14.04507633,   98.79212877,   31.00346526,   -1.11545459,     -3.26852439], [  295.51524928,  -51.81672801,   -9.24132417,  -10.49246019,    -33.48773042,  -11.8331597 ,    6.41519724,   -3.99843532,     12.40070593,   31.00346526,   83.72962424,   32.72000649,     -3.7391146 ], [  150.76717745,  -36.57211296,   -4.61415632,   18.63330425,    -18.22975108,  -12.15701676,   -0.20623744,   -0.80791007,      2.90692898,   -1.11545459,   32.72000649,   58.3118095 ,     13.89880784], [  -80.55041208,   14.52082029,    6.9764262 ,    6.61701432,      7.48849442,   -9.06686008,  -16.04018911,   -1.16072104,     -3.83926584,   -3.26852439,   -3.7391146 ,   13.89880784,     57.20581141]]
