/root/sim/music/out/エレファントカシマシ/扉/01 歴史.mp3; [-635.33167  , 147.77818  ,  19.696463 ,  52.1014   ,  33.784065 ,   13.291404 ,   4.3962836,  14.367176 ,  -1.6610519,   8.356065 ,    2.2320445,   1.8969569,   2.5286503]; [[26015.80734226,-5285.37085527,-3893.02310915,-1865.74596263,   -819.4145226 , -313.69313846, -339.34057788,  157.15519058,   -656.14358109, -100.02908173, -713.18187384, -417.33558643,   -127.23993378], [-5285.37085527, 3394.73539345,  154.21527388,  513.181311  ,    370.49372691,  -87.67065193,  164.2808514 ,    9.0777671 ,    179.23507647,   47.36133578,  255.17698467,  110.358391  ,     11.53560745], [-3893.02310915,  154.21527388, 1796.4657817 ,  290.02913184,    -50.93627782,  157.22283339,  -10.11875005,  -19.71863339,     41.25820262,   38.39802158,  101.74270841,   92.02985582,     73.60736095], [-1865.74596263,  513.181311  ,  290.02913184,  640.62900313,    175.52292667,   22.29000691,  -63.60275434,  -45.72620849,    105.84427123,  -22.05466147,   58.10960648,   59.83791853,     18.07883966], [ -819.4145226 ,  370.49372691,  -50.93627782,  175.52292667,    352.00871007,  -18.30054777,  -74.50993154,  -34.99802682,     40.94256753,   15.70509846,   27.5036828 ,   24.81627794,     17.28364218], [ -313.69313846,  -87.67065193,  157.22283339,   22.29000691,    -18.30054777,  184.50983312,   31.27906103,  -36.30365544,     19.52319417,   -8.60091054,   10.79797533,   13.908401  ,    -13.23069848], [ -339.34057788,  164.2808514 ,  -10.11875005,  -63.60275434,    -74.50993154,   31.27906103,  205.64021984,   39.12192675,     -6.42699418,    2.86860804,    2.84833787,   13.73727083,    -16.6764115 ], [  157.15519058,    9.0777671 ,  -19.71863339,  -45.72620849,    -34.99802682,  -36.30365544,   39.12192675,  161.24699709,    -32.27892314,   20.80789734,   -6.8902419 ,  -15.96527728,     24.29144681], [ -656.14358109,  179.23507647,   41.25820262,  105.84427123,     40.94256753,   19.52319417,   -6.42699418,  -32.27892314,    161.11994408,    0.46298587,   44.31137993,    8.78585207,    -26.93282098], [ -100.02908173,   47.36133578,   38.39802158,  -22.05466147,     15.70509846,   -8.60091054,    2.86860804,   20.80789734,      0.46298587,  136.36954346,   31.37415646,   -2.55215172,     10.82718892], [ -713.18187384,  255.17698467,  101.74270841,   58.10960648,     27.5036828 ,   10.79797533,    2.84833787,   -6.8902419 ,     44.31137993,   31.37415646,  124.62826479,   29.80754916,     -7.43360406], [ -417.33558643,  110.358391  ,   92.02985582,   59.83791853,     24.81627794,   13.908401  ,   13.73727083,  -15.96527728,      8.78585207,   -2.55215172,   29.80754916,  101.31910356,     21.16134107], [ -127.23993378,   11.53560745,   73.60736095,   18.07883966,     17.28364218,  -13.23069848,  -16.6764115 ,   24.29144681,    -26.93282098,   10.82718892,   -7.43360406,   21.16134107,    110.17670054]]
/root/sim/music/out/エレファントカシマシ/扉/10 傷だらけの夜明け.mp3; [-667.8021    , 148.08682   ,   3.7622433 ,  14.176769  ,   0.70267147,  -11.213144  ,  -4.709071  ,   1.9498583 , -17.296257  ,   1.4244865 ,  -11.353409  , -15.464853  ,  -7.115821  ]; [[24639.7767772 ,   94.5369125 ,-1888.6081138 ,  562.68156079,    895.84948088,  273.86514132,  606.50826694,  547.57202942,   -812.6500905 ,  419.40515461, -568.01187195, -580.43260463,   -100.57132537], [   94.5369125 , 2313.22968807,   21.24325184, -181.06659758,     13.70087508,   71.97096545,  131.29244774,   28.877202  ,    120.74334548,  -65.72174394,   53.57441798,   12.32183811,    -12.68412368], [-1888.6081138 ,   21.24325184,  916.71152111,  -56.48609515,   -213.4435554 ,  126.54056107,  -71.29274549,  -67.92169216,    156.8637773 , -167.33868886,   80.77673083,   86.8111531 ,    -21.30057887], [  562.68156079, -181.06659758,  -56.48609515,  479.29547959,     66.67238565,  -32.81505055,  -63.48258808,   15.07611103,     23.84291981,    0.78422132,  -57.72881004,  -41.62797812,     37.96816138], [  895.84948088,   13.70087508, -213.4435554 ,   66.67238565,    324.25381961,   65.24317748,   35.74216119,   25.99743317,    -18.51629414,   93.57720718,  -26.9192147 ,  -17.52445283,     13.77278725], [  273.86514132,   71.97096545,  126.54056107,  -32.81505055,     65.24317748,  345.3481595 ,   84.21952083,   -6.80432026,    110.66549093,  -63.56295395,   19.32015618,   33.39990355,    -25.58962401], [  606.50826694,  131.29244774,  -71.29274549,  -63.48258808,     35.74216119,   84.21952083,  303.3270266 ,   63.36681487,     11.36679275,   60.81966535,   37.07465777,   57.07681732,      5.39366465], [  547.57202942,   28.877202  ,  -67.92169216,   15.07611103,     25.99743317,   -6.80432026,   63.36681487,  178.61002366,    -39.75237214,   60.99949701,   -1.11367871,    3.09546923,     44.35265728], [ -812.6500905 ,  120.74334548,  156.8637773 ,   23.84291981,    -18.51629414,  110.66549093,   11.36679275,  -39.75237214,    274.22108029,  -55.21620236,   25.9965817 ,   41.18285564,     -8.23411703], [  419.40515461,  -65.72174394, -167.33868886,    0.78422132,     93.57720718,  -63.56295395,   60.81966535,   60.99949701,    -55.21620236,  238.07249153,   20.04103826,   17.08105157,     45.85309346], [ -568.01187195,   53.57441798,   80.77673083,  -57.72881004,    -26.9192147 ,   19.32015618,   37.07465777,   -1.11367871,     25.9965817 ,   20.04103826,  140.0799262 ,   59.84644192,      4.58120942], [ -580.43260463,   12.32183811,   86.8111531 ,  -41.62797812,    -17.52445283,   33.39990355,   57.07681732,    3.09546923,     41.18285564,   17.08105157,   59.84644192,  136.66867358,     18.91517838], [ -100.57132537,  -12.68412368,  -21.30057887,   37.96816138,     13.77278725,  -25.58962401,    5.39366465,   44.35265728,     -8.23411703,   45.85309346,    4.58120942,   18.91517838,    118.86472803]]
/root/sim/music/out/エレファントカシマシ/扉/07 必ずつかまえろ.mp3; [-546.47565   , 115.353134  , -20.95318   ,  34.923206  ,  22.466404  ,   12.924183  ,   4.574107  ,  11.169068  ,   6.1643233 ,   7.435063  ,   -0.33179322,  -4.307165  ,  -0.6569761 ]; [[18295.99832656, -330.34000944, -388.47047202,   -8.35051635,    131.07172187,  291.95054641,  230.63827661,  601.91569406,    266.05787461,  335.37024768,   86.48450197,  -12.07275818,    175.09632598], [ -330.34000944, 1934.02485697, -775.31643593,  140.55229519,     53.71249759, -110.92277617,   51.87952084,  -60.29726459,    -28.95738738,    4.92241167,   61.39252274,  -20.92002087,     29.57582473], [ -388.47047202, -775.31643593, 1327.84734903,   78.87807376,    198.18926221,  258.82204287,   10.76288479,   69.89853101,     14.93709963,   11.02990182,   45.72327162,  114.63250487,      1.16026502], [   -8.35051635,  140.55229519,   78.87807376,  498.13907797,    160.03655855,   52.5794994 ,   -8.22263167,   -6.07517735,     47.54873439,  -18.64870358,   -2.83178304,   45.0181442 ,     45.70148222], [  131.07172187,   53.71249759,  198.18926221,  160.03655855,    285.97403183,   62.18807733,    2.32594835,   29.58521168,     36.83092711,   19.97508784,   21.87735904,   31.90006634,     31.48006902], [  291.95054641, -110.92277617,  258.82204287,   52.5794994 ,     62.18807733,  216.79853628,   77.18407097,   53.43067673,     27.27443976,   14.74915604,   44.9745059 ,   45.01549796,      3.52573711], [  230.63827661,   51.87952084,   10.76288479,   -8.22263167,      2.32594835,   77.18407097,  181.42715663,   99.1017355 ,     54.90553739,   35.76919693,   43.66781179,   30.73244027,      4.85503784], [  601.91569406,  -60.29726459,   69.89853101,   -6.07517735,     29.58521168,   53.43067673,   99.1017355 ,  173.83173499,     68.03825298,   52.39389031,   31.33965297,   15.94043024,     12.97749303], [  266.05787461,  -28.95738738,   14.93709963,   47.54873439,     36.83092711,   27.27443976,   54.90553739,   68.03825298,    127.99688578,   60.69189696,   28.87146177,   12.79935258,      6.96892231], [  335.37024768,    4.92241167,   11.02990182,  -18.64870358,     19.97508784,   14.74915604,   35.76919693,   52.39389031,     60.69189696,  125.10594755,   51.40268132,    4.11016547,     -0.42490428], [   86.48450197,   61.39252274,   45.72327162,   -2.83178304,     21.87735904,   44.9745059 ,   43.66781179,   31.33965297,     28.87146177,   51.40268132,  110.02554692,   44.05969027,      4.96599482], [  -12.07275818,  -20.92002087,  114.63250487,   45.0181442 ,     31.90006634,   45.01549796,   30.73244027,   15.94043024,     12.79935258,    4.11016547,   44.05969027,  103.07069137,     27.647465  ], [  175.09632598,   29.57582473,    1.16026502,   45.70148222,     31.48006902,    3.52573711,    4.85503784,   12.97749303,      6.96892231,   -0.42490428,    4.96599482,   27.647465  ,     91.41910913]]
/root/sim/music/out/エレファントカシマシ/扉/03 地元の朝.mp3; [-613.11646   , 145.87761   ,  13.947238  ,  33.897808  ,  11.362845  ,   19.550009  ,  10.808153  ,   9.653327  ,  -1.6121156 ,  -0.06860425,   -2.811116  ,  -1.7932006 ,  -2.2541025 ]; [[18877.75850726,-1622.05880521, -127.08603763,  621.41437886,   -573.65783382,  291.39968587,   59.18103893,  448.01559169,    353.07279391,  550.06906826,  365.28258346,  278.14132002,    198.12425825], [-1622.05880521, 2352.48744748, -437.70493355, -199.3170675 ,    183.70260989, -106.54425363,  198.88705421,   74.64173534,    -28.67098422,  -34.97191346,    1.14155215,  -14.69434256,     31.34793894], [ -127.08603763, -437.70493355, 1018.28562579,  311.87670772,     47.11364127,  142.8890694 ,   63.28623392,   68.01681042,     30.43750074,  -13.69666677,   38.62131235,   55.42163203,     64.89063021], [  621.41437886, -199.3170675 ,  311.87670772,  648.61679305,    153.51134136,   72.66037231,  -52.32962983,   28.98778456,     74.15985056,    6.18291582,   34.52805602,   64.37880402,     93.5685488 ], [ -573.65783382,  183.70260989,   47.11364127,  153.51134136,    375.09721182,   46.27763542,  -61.48164996,  -40.21478001,     11.4362191 ,   13.51003086,    7.73787705,   20.18594416,     35.30923411], [  291.39968587, -106.54425363,  142.8890694 ,   72.66037231,     46.27763542,  284.66779038,   71.29781007,   14.55463775,     42.48850164,    8.0904717 ,   63.53178438,   31.77994356,    -14.73949661], [   59.18103893,  198.88705421,   63.28623392,  -52.32962983,    -61.48164996,   71.29781007,  262.29309415,   97.5167257 ,     11.81059035,   20.18929775,   26.4192958 ,   32.00080982,     -2.34708378], [  448.01559169,   74.64173534,   68.01681042,   28.98778456,    -40.21478001,   14.55463775,   97.5167257 ,  182.24961446,     48.83928618,   34.72870639,   18.0185891 ,    9.3208043 ,     39.0778728 ], [  353.07279391,  -28.67098422,   30.43750074,   74.15985056,     11.4362191 ,   42.48850164,   11.81059035,   48.83928618,    166.4019878 ,   53.91696516,   17.41272162,   -0.36666118,      6.99221418], [  550.06906826,  -34.97191346,  -13.69666677,    6.18291582,     13.51003086,    8.0904717 ,   20.18929775,   34.72870639,     53.91696516,  152.41697587,   41.87056803,    2.40128859,     14.84348463], [  365.28258346,    1.14155215,   38.62131235,   34.52805602,      7.73787705,   63.53178438,   26.4192958 ,   18.0185891 ,     17.41272162,   41.87056803,  129.14845023,   47.67959401,      1.3000765 ], [  278.14132002,  -14.69434256,   55.42163203,   64.37880402,     20.18594416,   31.77994356,   32.00080982,    9.3208043 ,     -0.36666118,    2.40128859,   47.67959401,  115.20597868,     40.77467495], [  198.12425825,   31.34793894,   64.89063021,   93.5685488 ,     35.30923411,  -14.73949661,   -2.34708378,   39.0778728 ,      6.99221418,   14.84348463,    1.3000765 ,   40.77467495,    138.34136975]]
/root/sim/music/out/エレファントカシマシ/町を見下ろす丘/04 すまねえ魂.mp3; [-581.2966   , 136.9499   ,   1.8902665,  30.459387 ,   7.634978 ,    1.2868116,  -5.5799932,   2.5482385,  -4.4856863,  -1.9569722,   -5.599097 ,  -6.5618725,  -5.4689503]; [[10694.67188141,   85.96941371,  -97.23617639, -271.67748461,     14.83509804,   11.04909671,  -68.75352192,   30.47986862,    -74.73207702,   22.44157732, -162.10075286,  -96.08874953,   -120.269671  ], [   85.96941371, 1293.5504471 , -457.10718576,   88.94626642,     17.76548223, -106.92026613,  -26.0691797 ,    2.06625228,    -33.17834312,  -33.58834896,   20.45806312,   -8.01779314,      4.65486535], [  -97.23617639, -457.10718576,  570.44165141,  100.22859555,     33.76841574,   77.59097004,   18.42324967,   16.1723882 ,     14.3061585 ,   10.80749923,   30.58154671,   22.05019547,     12.83572536], [ -271.67748461,   88.94626642,  100.22859555,  281.52350798,     21.23186387,   28.303092  ,   -8.3931983 ,    6.77060178,     13.98307803,  -20.17949936,   12.26364097,    2.33496789,     26.29591304], [   14.83509804,   17.76548223,   33.76841574,   21.23186387,    149.11766385,   13.18024544,   -4.7803805 ,    2.28050518,     17.81430473,   25.35254413,    4.62601427,   10.71305853,     12.93905234], [   11.04909671, -106.92026613,   77.59097004,   28.303092  ,     13.18024544,  128.04954992,   42.33182164,   15.78637435,     20.50713545,   13.04489272,   20.14610235,    7.08442157,      8.57548368], [  -68.75352192,  -26.0691797 ,   18.42324967,   -8.3931983 ,     -4.7803805 ,   42.33182164,  104.45233944,   30.87470943,      9.44534573,    4.6997075 ,   17.82310578,   12.84282393,     -0.44713166], [   30.47986862,    2.06625228,   16.1723882 ,    6.77060178,      2.28050518,   15.78637435,   30.87470943,   80.18183963,     22.08765801,    5.66885885,   -1.18704693,    0.74250982,      6.27689119], [  -74.73207702,  -33.17834312,   14.3061585 ,   13.98307803,     17.81430473,   20.50713545,    9.44534573,   22.08765801,     84.3472352 ,   21.7240305 ,    8.6506106 ,   -3.7288614 ,      3.6905958 ], [   22.44157732,  -33.58834896,   10.80749923,  -20.17949936,     25.35254413,   13.04489272,    4.6997075 ,    5.66885885,     21.7240305 ,   88.42131347,   20.3162263 ,    1.25039463,     -6.4352254 ], [ -162.10075286,   20.45806312,   30.58154671,   12.26364097,      4.62601427,   20.14610235,   17.82310578,   -1.18704693,      8.6506106 ,   20.3162263 ,   72.76758947,   28.14846504,      1.63147097], [  -96.08874953,   -8.01779314,   22.05019547,    2.33496789,     10.71305853,    7.08442157,   12.84282393,    0.74250982,     -3.7288614 ,    1.25039463,   28.14846504,   62.84059181,     20.08141913], [ -120.269671  ,    4.65486535,   12.83572536,   26.29591304,     12.93905234,    8.57548368,   -0.44713166,    6.27689119,      3.6905958 ,   -6.4352254 ,    1.63147097,   20.08141913,     61.08632081]]
/root/sim/music/out/エレファントカシマシ/町を見下ろす丘/08 雨の日に_.mp3; [-581.5564    , 130.5912    ,   4.7832704 ,  28.97306   ,   3.9034414 ,    3.2733922 ,  -9.3322315 ,   0.55981517,  -4.1093063 ,  -0.40798596,   -4.5440946 ,  -5.3400702 ,  -6.290357  ]; [[12705.69793352, -232.23534374, -693.83008703, -369.33917343,   -367.63476092,  -84.40942818, -218.17525653,   98.43822145,     22.29254753,  118.66968079,  -29.65924709,  -29.410701  ,      1.09065517], [ -232.23534374, 1255.58711246,  -96.76998861,   32.98670507,     63.62812319,  -52.62675184,   45.08442634,   -2.00717339,    -34.44938755,  -14.86234773,    7.52958947,    2.33230725,    -26.08794793], [ -693.83008703,  -96.76998861,  555.78213969,  145.83801646,     35.79109307,   64.68426775,   12.91481468,  -16.05365101,    -16.96546563,   -4.32359538,   21.20567922,    9.93405709,     24.13733017], [ -369.33917343,   32.98670507,  145.83801646,  338.70922817,     97.35104354,    9.56957649,  -49.8508315 ,  -16.23331312,     42.3222199 ,  -31.22665212,  -12.72423493,    0.0691377 ,     27.31167161], [ -367.63476092,   63.62812319,   35.79109307,   97.35104354,    196.58847227,    4.11740514,  -45.8016479 ,  -21.16668497,     22.18409099,    6.51046511,  -11.90546725,   16.15059535,     24.26566046], [  -84.40942818,  -52.62675184,   64.68426775,    9.56957649,      4.11740514,  152.31317627,   47.75713694,    8.45025351,     21.29779024,   -3.43314117,   14.18156377,   -9.89886221,    -15.69507359], [ -218.17525653,   45.08442634,   12.91481468,  -49.8508315 ,    -45.8016479 ,   47.75713694,  168.22692421,   60.80961996,    -20.86717768,    5.08638864,   26.20388975,   -2.24664039,     -6.21581911], [   98.43822145,   -2.00717339,  -16.05365101,  -16.23331312,    -21.16668497,    8.45025351,   60.80961996,  101.651925  ,     13.15881186,    6.60101347,    0.51359285,   -3.29186593,      5.44207089], [   22.29254753,  -34.44938755,  -16.96546563,   42.3222199 ,     22.18409099,   21.29779024,  -20.86717768,   13.15881186,    122.45801958,    7.11822791,   -1.1840256 ,   -4.83976633,     -9.72284008], [  118.66968079,  -14.86234773,   -4.32359538,  -31.22665212,      6.51046511,   -3.43314117,    5.08638864,    6.60101347,      7.11822791,   97.55121049,   19.92369341,   -1.90856786,      1.93548285], [  -29.65924709,    7.52958947,   21.20567922,  -12.72423493,    -11.90546725,   14.18156377,   26.20388975,    0.51359285,     -1.1840256 ,   19.92369341,   81.4687852 ,   30.89628482,     -0.42761801], [  -29.410701  ,    2.33230725,    9.93405709,    0.0691377 ,     16.15059535,   -9.89886221,   -2.24664039,   -3.29186593,     -4.83976633,   -1.90856786,   30.89628482,   89.94183274,     33.97408397], [    1.09065517,  -26.08794793,   24.13733017,   27.31167161,     24.26566046,  -15.69507359,   -6.21581911,    5.44207089,     -9.72284008,    1.93548285,   -0.42761801,   33.97408397,     78.478666  ]]
/root/sim/music/out/エレファントカシマシ/町を見下ろす丘/09 流れ星のやうな人生.mp3; [-571.6758   , 123.52064  ,   1.8741246,  19.914906 ,  10.686638 ,    1.9908634,   0.6035367,   1.7179669,  -2.1192489,  -2.8105674,   -4.7670517,  -7.4155574,  -6.5570836]; [[9124.16351174,-524.77398817,-159.50137085,-250.43169435, -52.4777507 ,   -63.7439518 , -52.59589016, 121.57250998,  40.48434392,  50.02546691,   -47.18348871, -34.81190848, -21.60419269], [-524.77398817,1437.90748243,-382.69583294,  15.55587132,  22.12897049,   -32.53025435,  84.90070896,   9.8559583 ,   2.42615947, -10.17185341,    45.89548645,   0.43910626,  -9.81074889], [-159.50137085,-382.69583294, 540.07282038,  92.81752993,  20.09001018,    63.78572492,  10.84997541, -21.15363742,   3.58686927,   2.85305679,     6.23052291,  23.17076034,  39.29240985], [-250.43169435,  15.55587132,  92.81752993, 359.29216453,  88.0577346 ,    76.81704939, -53.47987833,   4.79845025,  45.8544857 , -18.29436248,     2.99156818,  19.23065814,  37.7995119 ], [ -52.4777507 ,  22.12897049,  20.09001018,  88.0577346 , 229.75538169,     3.71197225, -34.48995684, -22.72768259,  47.26302805,  12.3551421 ,     2.24217243,  21.32013405,  19.69242662], [ -63.7439518 , -32.53025435,  63.78572492,  76.81704939,   3.71197225,   178.96077583,  44.37435343,  27.72178974,  24.15958441,  11.76849997,    19.60970187,  -2.87331012, -12.28061873], [ -52.59589016,  84.90070896,  10.84997541, -53.47987833, -34.48995684,    44.37435343, 170.24205848,  61.98517997,  -6.71452277,  24.29617072,    28.91172908,  -0.7454174 ,  -9.51054477], [ 121.57250998,   9.8559583 , -21.15363742,   4.79845025, -22.72768259,    27.72178974,  61.98517997, 119.21627851,  20.97476206,   7.92209817,     7.89208352,  -2.60295961,   0.43176422], [  40.48434392,   2.42615947,   3.58686927,  45.8544857 ,  47.26302805,    24.15958441,  -6.71452277,  20.97476206, 122.39075186,  29.19090265,     4.64352915,  -6.94208693,   0.49468644], [  50.02546691, -10.17185341,   2.85305679, -18.29436248,  12.3551421 ,    11.76849997,  24.29617072,   7.92209817,  29.19090265,  91.98827004,    21.06692892,   2.75156352,  -4.75284607], [ -47.18348871,  45.89548645,   6.23052291,   2.99156818,   2.24217243,    19.60970187,  28.91172908,   7.89208352,   4.64352915,  21.06692892,    76.32351528,  25.73479871,  -0.29506019], [ -34.81190848,   0.43910626,  23.17076034,  19.23065814,  21.32013405,    -2.87331012,  -0.7454174 ,  -2.60295961,  -6.94208693,   2.75156352,    25.73479871,  76.16236229,  27.16838386], [ -21.60419269,  -9.81074889,  39.29240985,  37.7995119 ,  19.69242662,   -12.28061873,  -9.51054477,   0.43176422,   0.49468644,  -4.75284607,    -0.29506019,  27.16838386,  78.06308268]]
/root/sim/music/out/エレファントカシマシ/町を見下ろす丘/07 人生の午後に.mp3; [-679.6592   , 161.77728  ,  19.55638  ,  40.71795  ,  14.045191 ,    1.5546063,  -4.4804235,   5.6768517,  -2.8724246,  -1.2124394,   -3.805438 ,  -8.247007 ,  -7.8140864]; [[19005.73044753,-2753.18173421,-2145.28202246, -976.7068938 ,   -319.20202582, -200.16425679, -141.78690206,  369.37935926,   -110.86434094,  228.42525632, -111.41894685, -130.67648655,   -226.28704962], [-2753.18173421, 2192.36740261, -112.06263519,   15.83820059,     67.39772697, -119.44995116,   53.08249677,  -14.77864918,     44.76906378,  -25.60657758,   14.80718823,  -31.36347154,    -28.76325607], [-2145.28202246, -112.06263519, 1136.56911884,  177.36049862,     11.54501204,  204.42561565,   52.17493014,  -36.30786766,    -10.655419  ,  -26.93181199,   43.62681041,   55.75689907,     87.33392278], [ -976.7068938 ,   15.83820059,  177.36049862,  482.21453082,    100.94498828,    4.18334525,  -24.94329002,  -31.32159696,     29.49791244,  -28.4145526 ,   29.01350823,   35.87599423,     55.55329172], [ -319.20202582,   67.39772697,   11.54501204,  100.94498828,    233.48816895,   -1.12910912,  -18.91715512,    0.21484854,     33.94473366,   21.83546192,   -5.86478395,    8.3622704 ,     14.8039248 ], [ -200.16425679, -119.44995116,  204.42561565,    4.18334525,     -1.12910912,  230.16017362,   64.57367659,   -6.50110647,      8.55322449,    8.32009111,   28.18291808,   -1.06478099,      4.7627477 ], [ -141.78690206,   53.08249677,   52.17493014,  -24.94329002,    -18.91715512,   64.57367659,  158.74702511,   43.47176167,    -18.84646481,   -1.19476154,   16.72461939,   -0.10542086,      1.21464974], [  369.37935926,  -14.77864918,  -36.30786766,  -31.32159696,      0.21484854,   -6.50110647,   43.47176167,  130.6743662 ,      5.19111304,    1.11028441,   -0.72399239,   -1.99763922,      2.14940514], [ -110.86434094,   44.76906378,  -10.655419  ,   29.49791244,     33.94473366,    8.55322449,  -18.84646481,    5.19111304,    140.76112946,   14.6616216 ,    1.01909841,  -14.25978152,    -16.91028285], [  228.42525632,  -25.60657758,  -26.93181199,  -28.4145526 ,     21.83546192,    8.32009111,   -1.19476154,    1.11028441,     14.6616216 ,  104.32822481,   19.63849648,   -6.2799353 ,     -6.87127308], [ -111.41894685,   14.80718823,   43.62681041,   29.01350823,     -5.86478395,   28.18291808,   16.72461939,   -0.72399239,      1.01909841,   19.63849648,   95.17264006,   23.93788279,      3.33518338], [ -130.67648655,  -31.36347154,   55.75689907,   35.87599423,      8.3622704 ,   -1.06478099,   -0.10542086,   -1.99763922,    -14.25978152,   -6.2799353 ,   23.93788279,   99.63410624,     39.58781146], [ -226.28704962,  -28.76325607,   87.33392278,   55.55329172,     14.8039248 ,    4.7627477 ,    1.21464974,    2.14940514,    -16.91028285,   -6.87127308,    3.33518338,   39.58781146,     92.0247801 ]]
/root/sim/music/out/エレファントカシマシ/町を見下ろす丘/05 シグナル.mp3; [-630.69495   , 159.19855   ,   8.915635  ,  25.663921  ,   7.556503  ,    0.689472  ,  -6.7663665 ,   0.01781722,  -3.808824  ,   1.9250462 ,   -2.583825  ,  -6.186797  ,  -4.530105  ]; [[15242.01956162,-1040.12944603,-1015.41961998,  371.29615771,   -131.25556836, -202.8713943 ,  110.32395658,  386.48596355,     36.64530098,  -97.05756449, -253.56610682,  -70.38169801,     14.24617307], [-1040.12944603, 1755.85197991, -183.09524186, -154.95763811,     27.82646112,  -64.72716124,   29.71362724,  -60.73825513,     -9.90819955,   46.74704224,   31.70493536,    1.11000463,    -10.08841401], [-1015.41961998, -183.09524186,  706.59045972,   63.51736554,    -15.92420565,  117.5173219 ,  -23.96738435,   10.60842221,     -1.46612058,   -9.55250653,   54.60521047,   -2.43533225,     39.62047394], [  371.29615771, -154.95763811,   63.51736554,  332.67834807,    108.79094238,   19.45090701,  -45.21420952,   -2.47600271,     42.79885419,  -13.14496141,  -14.32055075,  -22.19828348,     18.69396142], [ -131.25556836,   27.82646112,  -15.92420565,  108.79094238,    240.97414847,   46.62367797,  -66.60571558,  -38.24950532,     38.94910181,   26.33234938,    4.76803565,    3.95500331,     -5.71589581], [ -202.8713943 ,  -64.72716124,  117.5173219 ,   19.45090701,     46.62367797,  202.5098157 ,   16.76229064,  -14.57998445,     46.05545762,    3.13136187,   37.36219248,   22.42841201,    -29.22151231], [  110.32395658,   29.71362724,  -23.96738435,  -45.21420952,    -66.60571558,   16.76229064,  187.2298688 ,   68.08953611,    -17.51450154,   23.51420304,   19.02002886,   30.8302306 ,     11.07421514], [  386.48596355,  -60.73825513,   10.60842221,   -2.47600271,    -38.24950532,  -14.57998445,   68.08953611,  140.73119779,     11.00720188,   -8.34939566,   -6.52484577,   10.30537789,     23.505876  ], [   36.64530098,   -9.90819955,   -1.46612058,   42.79885419,     38.94910181,   46.05545762,  -17.51450154,   11.00720188,    139.37763332,   10.84544066,    9.61341959,    5.0057858 ,    -15.11295033], [  -97.05756449,   46.74704224,   -9.55250653,  -13.14496141,     26.33234938,    3.13136187,   23.51420304,   -8.34939566,     10.84544066,  113.926654  ,   34.62201059,    5.64282241,      2.35890224], [ -253.56610682,   31.70493536,   54.60521047,  -14.32055075,      4.76803565,   37.36219248,   19.02002886,   -6.52484577,      9.61341959,   34.62201059,   91.30684369,   36.55145882,     -2.9781852 ], [  -70.38169801,    1.11000463,   -2.43533225,  -22.19828348,      3.95500331,   22.42841201,   30.8302306 ,   10.30537789,      5.0057858 ,    5.64282241,   36.55145882,   94.46149224,     13.99021451], [   14.24617307,  -10.08841401,   39.62047394,   18.69396142,     -5.71589581,  -29.22151231,   11.07421514,   23.505876  ,    -15.11295033,    2.35890224,   -2.9781852 ,   13.99021451,     89.55484102]]
/root/sim/music/out/エレファントカシマシ/町を見下ろす丘/06 今をかきならせ.mp3; [-517.563    , 102.36408  ,   2.571447 ,  32.86359  ,  -2.8027205,    4.6282067,  -2.579747 ,   7.3792276,   1.4104837,   0.8067322,   -0.6405589,  -6.6071925,  -4.537115 ]; [[12412.65196276,  745.41391346, -271.66875266,  -67.11999248,    -86.58209039,  105.69831425,  -43.9551923 ,  117.1433614 ,      4.72749055,  -32.14209132, -143.95014717, -175.04616447,    -88.96919883], [  745.41391346,  750.03192225, -139.82485619,   25.46970436,    -64.76152628,  -61.87147404,    3.09120728,   -4.51920127,     16.12815691,  -10.29041754,   11.06003426,    1.66049781,     -4.36787765], [ -271.66875266, -139.82485619,  603.4457974 ,  100.26396621,     46.15006447,   41.49963664,  -12.43429505,   -6.01466035,     -3.58250697,    6.96171467,   37.02367685,   26.92399554,     31.55590897], [  -67.11999248,   25.46970436,  100.26396621,  218.83438951,     51.6501776 ,  -11.17168113,  -33.85983719,  -12.43291721,      8.64329676,    9.32877342,   17.69845953,   27.25876952,     26.38417381], [  -86.58209039,  -64.76152628,   46.15006447,   51.6501776 ,    146.81037914,   31.71509597,   -6.5558532 ,   -0.55309162,     19.96485328,   15.18051617,    7.44511839,   12.76186345,     21.75607792], [  105.69831425,  -61.87147404,   41.49963664,  -11.17168113,     31.71509597,   97.6314712 ,   45.8532426 ,   21.14523374,      3.21329363,    4.30112413,    7.90326557,   -4.23082752,      0.45965402], [  -43.9551923 ,    3.09120728,  -12.43429505,  -33.85983719,     -6.5558532 ,   45.8532426 ,  121.46379662,   51.55334345,     10.80395464,    3.19884977,    7.95917932,   -0.4201603 ,     -4.6970866 ], [  117.1433614 ,   -4.51920127,   -6.01466035,  -12.43291721,     -0.55309162,   21.14523374,   51.55334345,   86.59407608,     39.12046414,   11.52838173,   -0.02740235,   -3.00930986,      3.92851022], [    4.72749055,   16.12815691,   -3.58250697,    8.64329676,     19.96485328,    3.21329363,   10.80395464,   39.12046414,     85.16552543,   40.79345665,    3.365912  ,   -3.19995124,      7.13180193], [  -32.14209132,  -10.29041754,    6.96171467,    9.32877342,     15.18051617,    4.30112413,    3.19884977,   11.52838173,     40.79345665,   75.92408811,   28.90400039,   12.01428482,     -0.46037767], [ -143.95014717,   11.06003426,   37.02367685,   17.69845953,      7.44511839,    7.90326557,    7.95917932,   -0.02740235,      3.365912  ,   28.90400039,   70.56928142,   37.54786364,      6.88533431], [ -175.04616447,    1.66049781,   26.92399554,   27.25876952,     12.76186345,   -4.23082752,   -0.4201603 ,   -3.00930986,     -3.19995124,   12.01428482,   37.54786364,   73.36080415,     33.70317186], [  -88.96919883,   -4.36787765,   31.55590897,   26.38417381,     21.75607792,    0.45965402,   -4.6970866 ,    3.92851022,      7.13180193,   -0.46037767,    6.88533431,   33.70317186,     61.70339876]]
/root/sim/music/out/エレファントカシマシ/町を見下ろす丘/03 甘き絶望.mp3; [-555.7155    , 132.08018   ,  -4.8443003 ,  22.467365  ,   5.820638  ,    1.2717199 ,  -1.7445775 ,   0.26604012,  -3.4264786 ,  -0.12591274,   -5.6590586 ,  -7.1678166 ,  -5.1767135 ]; [[14848.63964514,  -61.82953407, -112.912076  ,  133.61941488,   -131.88701155,  196.51324095,  285.79675503,  560.74323814,    168.5836792 , -139.90880055,  -81.59067376, -135.76269903,   -203.02502761], [  -61.82953407, 1070.81060271, -247.10015498,   47.55789142,      1.06824256,  -59.81606758,   20.4368936 ,  -61.59161797,    -43.9290821 ,   55.71001952,    0.95229482,   12.44477995,     -9.91044191], [ -112.912076  , -247.10015498,  393.62329596,   59.9965696 ,     12.91072563,   50.9620222 ,   23.17074253,   24.73340821,     18.94161833,  -37.00053556,   19.62252053,    4.76821086,     29.49087973], [  133.61941488,   47.55789142,   59.9965696 ,  247.51050461,     37.39599935,   21.46771019,  -47.45079656,   13.02875771,     37.56571647,    3.42152998,  -16.28781893,   -0.07355076,     27.68670748], [ -131.88701155,    1.06824256,   12.91072563,   37.39599935,    207.68545002,   -3.99796833,  -50.72972249,  -51.9590829 ,     34.24587553,   12.04576548,  -16.95775505,    6.06483943,     24.06505157], [  196.51324095,  -59.81606758,   50.9620222 ,   21.46771019,     -3.99796833,  130.03123983,   31.90904669,   19.98981253,      2.42710504,   -7.7378298 ,   12.69341073,   -4.95025472,    -12.97731895], [  285.79675503,   20.4368936 ,   23.17074253,  -47.45079656,    -50.72972249,   31.90904669,  178.65226969,   76.36487559,    -20.80090557,  -13.61309391,   30.19000591,   10.92226637,    -15.64334527], [  560.74323814,  -61.59161797,   24.73340821,   13.02875771,    -51.9590829 ,   19.98981253,   76.36487559,  140.26342093,     24.60178049,  -19.96013752,    0.66468437,    0.15449504,     -4.84993227], [  168.5836792 ,  -43.9290821 ,   18.94161833,   37.56571647,     34.24587553,    2.42710504,  -20.80090557,   24.60178049,     96.01297921,   21.00585434,    0.59212502,   -2.2586489 ,      2.26571264], [ -139.90880055,   55.71001952,  -37.00053556,    3.42152998,     12.04576548,   -7.7378298 ,  -13.61309391,  -19.96013752,     21.00585434,   89.56657195,   27.71421521,   -1.99237867,    -11.43180828], [  -81.59067376,    0.95229482,   19.62252053,  -16.28781893,    -16.95775505,   12.69341073,   30.19000591,    0.66468437,      0.59212502,   27.71421521,   70.48725677,   15.68138965,    -12.65551323], [ -135.76269903,   12.44477995,    4.76821086,   -0.07355076,      6.06483943,   -4.95025472,   10.92226637,    0.15449504,     -2.2586489 ,   -1.99237867,   15.68138965,   61.99253706,     25.45947136], [ -203.02502761,   -9.91044191,   29.49087973,   27.68670748,     24.06505157,  -12.97731895,  -15.64334527,   -4.84993227,      2.26571264,  -11.43180828,  -12.65551323,   25.45947136,     75.75014431]]
/root/sim/music/out/エレファントカシマシ/町を見下ろす丘/11 なぜだか、俺は祈ってゐた。.mp3; [-626.533    , 149.21231  , -10.758973 ,  20.538786 ,   5.761351 ,    6.0309434,  -7.875846 ,   3.6415622,  -1.6870308,   2.692684 ,   -6.2625904,  -1.5556921,  -5.9483137]; [[16102.42149776,-1588.57295608,  660.70533165,  185.60763752,   -377.22034905,  240.15195248, -281.13147982,  316.63183466,     61.22277484,  205.70561127, -123.96668907,  -87.61848531,     -7.24950229], [-1588.57295608, 2151.74377963, -764.27907139,  103.99565802,    151.16522806, -151.39142554,  117.30171242,  -50.49738426,     37.15825381,   11.12294621,    6.89664089,   11.51408499,    -59.86775591], [  660.70533165, -764.27907139,  951.67381608,  -26.43525087,     34.60218858,  100.74755039,  -45.54232842,   99.66578162,    -37.70586296,  -18.78938211,   64.09521089,   -1.89272113,     54.65454473], [  185.60763752,  103.99565802,  -26.43525087,  406.6115196 ,    105.30784551,   42.02671046,  -15.00474994,  -24.85140533,    108.31083729,  -59.35258547,   13.46354234,   -8.0330064 ,      1.74202801], [ -377.22034905,  151.16522806,   34.60218858,  105.30784551,    225.42309016,   26.62753933,    5.73171988,   -6.89387159,     27.77620209,  -14.862143  ,   12.94817311,    6.12717066,      6.96551325], [  240.15195248, -151.39142554,  100.74755039,   42.02671046,     26.62753933,  214.53149833,   56.57657306,   16.14212139,     40.0429275 ,    2.22157941,   27.97345594,   -4.88526742,     12.7636845 ], [ -281.13147982,  117.30171242,  -45.54232842,  -15.00474994,      5.73171988,   56.57657306,  163.69195006,   30.41566018,     13.37823485,   26.96913752,   18.34390042,    6.41435511,      4.11024685], [  316.63183466,  -50.49738426,   99.66578162,  -24.85140533,     -6.89387159,   16.14212139,   30.41566018,  134.1557948 ,      7.9082017 ,   32.15590777,   12.64066282,    4.68629372,     16.57057547], [   61.22277484,   37.15825381,  -37.70586296,  108.31083729,     27.77620209,   40.0429275 ,   13.37823485,    7.9082017 ,    178.24408248,    1.68945989,   30.21183053,   16.66280053,     -4.82979144], [  205.70561127,   11.12294621,  -18.78938211,  -59.35258547,    -14.862143  ,    2.22157941,   26.96913752,   32.15590777,      1.68945989,  143.43889693,   20.41684604,   16.66379615,     17.18238428], [ -123.96668907,    6.89664089,   64.09521089,   13.46354234,     12.94817311,   27.97345594,   18.34390042,   12.64066282,     30.21183053,   20.41684604,  106.07825823,   30.43262415,      8.0386713 ], [  -87.61848531,   11.51408499,   -1.89272113,   -8.0330064 ,      6.12717066,   -4.88526742,    6.41435511,    4.68629372,     16.66280053,   16.66379615,   30.43262415,  103.35094704,     27.53386506], [   -7.24950229,  -59.86775591,   54.65454473,    1.74202801,      6.96551325,   12.7636845 ,    4.11024685,   16.57057547,     -4.82979144,   17.18238428,    8.0386713 ,   27.53386506,     90.0976255 ]]
/root/sim/music/out/エレファントカシマシ/町を見下ろす丘/10 I don't know たゆまずに.mp3; [-604.8591    , 153.88225   ,  19.046072  ,  26.644335  ,  -0.32472622,    3.7728465 ,  -9.045899  ,   1.0344028 ,  -0.694259  ,   1.5648861 ,   -3.2514694 ,  -6.6729646 ,  -5.112758  ]; [[15141.65933562,   19.43426543, -844.54049597, -363.58131274,   -428.7606246 ,  138.84444465,  -98.47078914,  273.10260613,     55.83919651,  -66.21164393,  -69.39793422,    0.86911701,     40.5419169 ], [   19.43426543, 1443.84349371, -224.0221545 ,  -51.72517587,     -1.88012397,  -89.15770521,   41.21429486,  -30.48340448,    -27.92696717,    6.31634498,    2.02341019,  -30.89993122,    -59.36097769], [ -844.54049597, -224.0221545 ,  623.44008249,  172.11768549,     33.18488667,   65.05058608,   -3.42138401,  -29.69440289,    -15.07646245,    8.99141238,   19.23123775,    1.37049146,     14.50964792], [ -363.58131274,  -51.72517587,  172.11768549,  317.13907959,     82.8617364 ,  -12.43782041,  -77.63958201,  -51.62629471,     16.79870233,   22.73363048,    5.22765882,   -6.92724401,     15.26111655], [ -428.7606246 ,   -1.88012397,   33.18488667,   82.8617364 ,    188.25886813,  -18.17143303,  -58.23569995,  -29.72695757,      8.33886858,   25.5483517 ,  -27.3246522 ,    2.22609391,     16.2790353 ], [  138.84444465,  -89.15770521,   65.05058608,  -12.43782041,    -18.17143303,  135.93696161,   31.01599181,    3.79128703,      7.29334849,  -18.54364065,   12.22106155,   -3.44032573,     -5.79502876], [  -98.47078914,   41.21429486,   -3.42138401,  -77.63958201,    -58.23569995,   31.01599181,  161.01250786,   56.60090451,    -30.02431658,   -6.91149724,   16.48202112,    1.22945276,    -18.13083662], [  273.10260613,  -30.48340448,  -29.69440289,  -51.62629471,    -29.72695757,    3.79128703,   56.60090451,  105.16207435,      9.85613447,    7.59490073,    0.01705074,    1.65868601,      1.08162418], [   55.83919651,  -27.92696717,  -15.07646245,   16.79870233,      8.33886858,    7.29334849,  -30.02431658,    9.85613447,    108.44638207,   20.52044158,    1.05144536,   -5.34092426,     -1.18363389], [  -66.21164393,    6.31634498,    8.99141238,   22.73363048,     25.5483517 ,  -18.54364065,   -6.91149724,    7.59490073,     20.52044158,   85.75716852,   21.12701004,   -8.11462952,     -6.9602645 ], [  -69.39793422,    2.02341019,   19.23123775,    5.22765882,    -27.3246522 ,   12.22106155,   16.48202112,    0.01705074,      1.05144536,   21.12701004,   74.00730943,   15.40834817,    -13.69752744], [    0.86911701,  -30.89993122,    1.37049146,   -6.92724401,      2.22609391,   -3.44032573,    1.22945276,    1.65868601,     -5.34092426,   -8.11462952,   15.40834817,   62.89009049,     21.65664181], [   40.5419169 ,  -59.36097769,   14.50964792,   15.26111655,     16.2790353 ,   -5.79502876,  -18.13083662,    1.08162418,     -1.18363389,   -6.9602645 ,  -13.69752744,   21.65664181,     66.07981947]]
