/root/sim/music/out/Nirvana/Nirvana [Japan]/09 Heart-Shaped Box.mp3; [-584.50214   , 145.96892   ,  -0.76689416,  27.231089  ,  17.310667  ,    1.2349669 ,  -4.9987044 ,   4.5350456 ,  -3.5088649 ,   2.308722  ,   -3.8371727 ,   1.8885112 ,  -2.0601883 ]; [[18550.00538305,-2398.41706822,-1476.73860159,  231.8212787 ,     -3.91359864, -193.430338  , -352.63395496,  -49.02434686,   -248.63544138, -148.04551758, -368.98862086,  -42.07375048,   -212.05245159], [-2398.41706822, 2277.85611709,  118.05529965,  -64.22656882,    116.55139082,    6.6323363 ,  113.20061874,   99.05839617,     45.03037125,  126.2418882 ,  119.35023018,   38.32649117,     63.42275846], [-1476.73860159,  118.05529965,  736.89744026,   38.14600456,    -28.98737426,   78.46010287,   90.64711556,  -11.24744802,     62.01411118,   15.63048277,   31.84210917,   -8.63469954,     20.27343079], [  231.8212787 ,  -64.22656882,   38.14600456,  283.4102803 ,     26.44806338,   38.82532638,  -54.1596973 ,   -0.39637662,      6.30422286,  -17.63612292,    5.46051182,   40.82851837,     26.53587897], [   -3.91359864,  116.55139082,  -28.98737426,   26.44806338,    162.72171921,   -4.30782142,  -13.04114268,    4.47506926,     21.52618897,   -9.51669564,   11.3781253 ,   12.28701098,     -7.52713803], [ -193.430338  ,    6.6323363 ,   78.46010287,   38.82532638,     -4.30782142,  110.76462458,   13.61816479,   -2.4566551 ,     15.1437858 ,   -7.5001833 ,   22.59838396,   13.99840811,     -3.27414396], [ -352.63395496,  113.20061874,   90.64711556,  -54.1596973 ,    -13.04114268,   13.61816479,  147.080613  ,   29.11461214,     14.17390829,   43.21439321,    6.69293007,   -3.86814841,      2.10756851], [  -49.02434686,   99.05839617,  -11.24744802,   -0.39637662,      4.47506926,   -2.4566551 ,   29.11461214,   79.46530417,     17.84933257,   12.02101911,    3.83720055,    7.65745046,      8.9496089 ], [ -248.63544138,   45.03037125,   62.01411118,    6.30422286,     21.52618897,   15.1437858 ,   14.17390829,   17.84933257,     83.09998694,   16.47158854,    6.82361843,    0.72212154,      4.95663243], [ -148.04551758,  126.2418882 ,   15.63048277,  -17.63612292,     -9.51669564,   -7.5001833 ,   43.21439321,   12.02101911,     16.47158854,  123.60085989,   13.88427489,   -3.43209444,      3.96439698], [ -368.98862086,  119.35023018,   31.84210917,    5.46051182,     11.3781253 ,   22.59838396,    6.69293007,    3.83720055,      6.82361843,   13.88427489,   82.5190538 ,   15.04616229,     -2.77747984], [  -42.07375048,   38.32649117,   -8.63469954,   40.82851837,     12.28701098,   13.99840811,   -3.86814841,    7.65745046,      0.72212154,   -3.43209444,   15.04616229,   71.39135191,     21.27703716], [ -212.05245159,   63.42275846,   20.27343079,   26.53587897,     -7.52713803,   -3.27414396,    2.10756851,    8.9496089 ,      4.95663243,    3.96439698,   -2.77747984,   21.27703716,     61.88653736]]
/root/sim/music/out/Nirvana/Nirvana [Japan]/04 Sliver.mp3; [-583.0628   , 135.06493  , -16.046864 ,  55.28326  ,   2.634458 ,   18.849293 ,  -4.099548 ,  26.17658  ,  -3.860457 ,  12.614141 ,   -6.6678133,   6.6792107,  -6.989728 ]; [[32208.17637049, 1710.15990049,-3839.86642332, -183.7952099 ,  -1786.29103695,    6.49486988,-1345.12691976,  614.30141123,   -776.32783389,  387.32414098, -577.68888618,  468.38991122,   -552.86841112], [ 1710.15990049, 1599.23172368, -220.32088356,  381.2548017 ,     -5.31895779,  212.35103993,   34.38407632,  206.02018819,    -63.55683429,   74.8383751 ,  -47.756948  ,  -26.9148572 ,     45.52229232], [-3839.86642332, -220.32088356, 1612.42339637,  209.47485728,    597.81509452,   37.66761052,  327.37062117, -196.3403034 ,    209.169325  , -176.2853363 ,   56.54898677, -125.58828341,     41.55581573], [ -183.7952099 ,  381.2548017 ,  209.47485728,  573.01145029,    102.79145009,  148.00944639,  -40.93429764,   86.26381599,    -16.94123678,   46.40439001,  -56.17745618,    0.21404968,      2.85701723], [-1786.29103695,   -5.31895779,  597.81509452,  102.79145009,    451.35323341,  -28.02498665,  191.48405066, -100.54077886,    135.81374654,  -84.66822202,   70.28640435,  -84.9248392 ,     59.2857641 ], [    6.49486988,  212.35103993,   37.66761052,  148.00944639,    -28.02498665,  259.53499253,  -15.55247803,   63.66743726,    -59.1044193 ,   49.78333409,  -53.52790979,    9.41136106,    -46.36739721], [-1345.12691976,   34.38407632,  327.37062117,  -40.93429764,    191.48405066,  -15.55247803,  268.05453171,  -12.28066575,     90.37924331,  -70.24182876,   67.62885446,  -47.66175723,     55.04013251], [  614.30141123,  206.02018819, -196.3403034 ,   86.26381599,   -100.54077886,   63.66743726,  -12.28066575,  159.64365237,    -38.73385121,   59.67278739,  -35.18119487,   42.31887547,    -20.69711184], [ -776.32783389,  -63.55683429,  209.169325  ,  -16.94123678,    135.81374654,  -59.1044193 ,   90.37924331,  -38.73385121,    144.01990782,  -22.4230355 ,   56.8095546 ,  -47.73750241,     34.84517418], [  387.32414098,   74.8383751 , -176.2853363 ,   46.40439001,    -84.66822202,   49.78333409,  -70.24182876,   59.67278739,    -22.4230355 ,  130.88720069,  -13.80264368,   45.54413613,    -37.2082478 ], [ -577.68888618,  -47.756948  ,   56.54898677,  -56.17745618,     70.28640435,  -53.52790979,   67.62885446,  -35.18119487,     56.8095546 ,  -13.80264368,  113.21762836,  -22.9823916 ,     43.15356606], [  468.38991122,  -26.9148572 , -125.58828341,    0.21404968,    -84.9248392 ,    9.41136106,  -47.66175723,   42.31887547,    -47.73750241,   45.54413613,  -22.9823916 ,   99.98371847,    -20.72635273], [ -552.86841112,   45.52229232,   41.55581573,    2.85701723,     59.2857641 ,  -46.36739721,   55.04013251,  -20.69711184,     34.84517418,  -37.2082478 ,   43.15356606,  -20.72635273,    104.03427418]]
/root/sim/music/out/Nirvana/Nirvana [Japan]/08 In Bloom.mp3; [-534.21136  ,  88.903915 ,   8.19102  ,  42.28372  ,  16.734747 ,    8.218337 ,   2.349119 ,   5.5880504,   1.30665  ,   4.7847176,   -2.4431634,  -1.9872042,  -5.2776785]; [[8056.76060953,-164.7133459 ,-546.26726803,-263.35424349,-246.81279631,    -3.39124855,-138.8826407 ,  52.94517184,  -0.63861294, 128.7527508 ,   -32.18583513, -93.83011926,-122.3750888 ], [-164.7133459 , 789.57312397, -78.76157996,  46.35712747,  33.07739725,    55.35205816,  29.10865206,  28.56394132,   2.00101228,  -1.38779184,    26.74905855,  32.39192127,  18.78512368], [-546.26726803, -78.76157996, 357.99291145,  32.61350388,  93.53270256,     8.01354829,  45.72234877, -12.42543545,   8.09552971, -31.81788878,    -6.52143211,  20.12442388,  32.17717279], [-263.35424349,  46.35712747,  32.61350388, 385.92313137, 101.73149416,   -11.77639344,  -9.75060061,  -0.73520009,  20.88174482,   0.10160329,    14.06444062,  12.06953683,  29.56895318], [-246.81279631,  33.07739725,  93.53270256, 101.73149416, 158.51589145,    28.40713247,   9.04020294,  -7.48081586,  19.51967412,  -0.57106488,    -3.75264411,   8.75677152,  20.10418917], [  -3.39124855,  55.35205816,   8.01354829, -11.77639344,  28.40713247,   121.45426311,  41.92282695,  24.50206801, -10.85713916,  10.2611286 ,    -2.63979599,  -5.76384701,  -2.82161031], [-138.8826407 ,  29.10865206,  45.72234877,  -9.75060061,   9.04020294,    41.92282695, 129.91814671,  44.89963765,   5.0373126 , -18.13120012,    14.83005032,  13.93703841,  -4.33143773], [  52.94517184,  28.56394132, -12.42543545,  -0.73520009,  -7.48081586,    24.50206801,  44.89963765,  88.05247257,  24.75971244,  20.76441337,     8.57840023,   7.15224191,  -2.84456907], [  -0.63861294,   2.00101228,   8.09552971,  20.88174482,  19.51967412,   -10.85713916,   5.0373126 ,  24.75971244,  73.97619664,  37.54028643,    13.85211175,   8.04060127,   3.89810264], [ 128.7527508 ,  -1.38779184, -31.81788878,   0.10160329,  -0.57106488,    10.2611286 , -18.13120012,  20.76441337,  37.54028643,  84.14499533,    29.57550633,   8.63092588,  -1.39191405], [ -32.18583513,  26.74905855,  -6.52143211,  14.06444062,  -3.75264411,    -2.63979599,  14.83005032,   8.57840023,  13.85211175,  29.57550633,    61.24779822,  24.99151811,   2.3055565 ], [ -93.83011926,  32.39192127,  20.12442388,  12.06953683,   8.75677152,    -5.76384701,  13.93703841,   7.15224191,   8.04060127,   8.63092588,    24.99151811,  61.34425552,  30.17807293], [-122.3750888 ,  18.78512368,  32.17717279,  29.56895318,  20.10418917,    -2.82161031,  -4.33143773,  -2.84456907,   3.89810264,  -1.39191405,     2.3055565 ,  30.17807293,  62.35487509]]
/root/sim/music/out/Unknown/Unknown/08-CRAZY GONNA CRAZY.mp3; [-523.85645   ,  86.29777   ,  22.569519  ,  11.036605  ,   7.253751  ,    5.5706735 ,  -0.99452   ,   2.616469  ,   2.9964733 ,   5.81657   ,    0.87571394,   4.259442  ,   2.4467835 ]; [[12971.83556576,  402.35170447,  -36.27602185,   80.47619276,     12.78590192,  -50.65858748,   35.10013852,   61.00382869,    169.16182889,  114.29796391,   34.68892479,  106.51749494,      7.22473229], [  402.35170447,  510.58382849,  -35.96788045,  -16.99083363,     26.48565631,   56.41645034,   40.22915604,   22.84269464,     13.74547806,   54.74489639,   27.5352095 ,    8.81350608,      8.14411229], [  -36.27602185,  -35.96788045,  602.78283   ,  105.63346271,     75.25782391,  114.53278982,   46.83058065,   74.02796203,    -50.62083295,  -16.06514288,   55.93319314,   -2.80898515,    -10.85504028], [   80.47619276,  -16.99083363,  105.63346271,  286.59901419,     93.32936464,  -30.07452113,    1.70596629,   33.59960687,     14.23163331,   -6.14259352,   17.15686595,   47.65624101,     -3.86350949], [   12.78590192,   26.48565631,   75.25782391,   93.32936464,    160.29798779,   62.9186103 ,    8.74180249,   34.87187826,     41.84822567,   32.59661405,    9.95293939,    6.7400281 ,     19.55421923], [  -50.65858748,   56.41645034,  114.53278982,  -30.07452113,     62.9186103 ,  205.36233534,   80.95110435,   31.65658345,     12.80955548,   53.17048364,   11.83380227,    0.01507306,     20.42216174], [   35.10013852,   40.22915604,   46.83058065,    1.70596629,      8.74180249,   80.95110435,  160.0715937 ,   31.91796566,      6.30773815,   19.79146896,   24.90611363,   18.31890707,     12.71264446], [   61.00382869,   22.84269464,   74.02796203,   33.59960687,     34.87187826,   31.65658345,   31.91796566,  135.64106548,     34.09369234,   13.163969  ,   16.74063204,    9.91264757,      5.45319757], [  169.16182889,   13.74547806,  -50.62083295,   14.23163331,     41.84822567,   12.80955548,    6.30773815,   34.09369234,    131.55944925,   54.87737271,   -8.07767225,   17.58134077,     28.02236292], [  114.29796391,   54.74489639,  -16.06514288,   -6.14259352,     32.59661405,   53.17048364,   19.79146896,   13.163969  ,     54.87737271,  109.90407884,   28.84616334,    2.59749372,     13.52870408], [   34.68892479,   27.5352095 ,   55.93319314,   17.15686595,      9.95293939,   11.83380227,   24.90611363,   16.74063204,     -8.07767225,   28.84616334,   85.07719687,   23.83153159,    -13.92756384], [  106.51749494,    8.81350608,   -2.80898515,   47.65624101,      6.7400281 ,    0.01507306,   18.31890707,    9.91264757,     17.58134077,    2.59749372,   23.83153159,   93.41511818,     22.97004704], [    7.22473229,    8.14411229,  -10.85504028,   -3.86350949,     19.55421923,   20.42216174,   12.71264446,    5.45319757,     28.02236292,   13.52870408,  -13.92756384,   22.97004704,     67.86180204]]
/root/sim/music/out/Unknown/Unknown/涙　ケツメイシ.mp3; [-546.42896  , 124.302765 ,   3.4095392,  16.645561 ,   4.4726787,    3.6418784,  -5.173968 ,   5.5037956,   2.0501695,   0.8693889,    2.5717404,  -0.7274735,   1.7605551]; [[12927.08542833,  400.41999918,   65.78824009,    1.59460239,     44.5913885 ,  -33.05847855,  -12.69781516,   72.10045332,    133.4850827 ,  114.94404122,  108.41652714,  -26.80660771,     58.20432971], [  400.41999918, 1189.28524963, -340.10110008,  147.16548954,    -50.90261144,    3.85791995,  -12.11138843,  120.66177755,     -0.07852575,   54.12975056,   23.85495459,   38.04362843,     12.58390155], [   65.78824009, -340.10110008,  495.72869029,  -29.69717238,     34.17182746,   50.48832292,   54.7301822 ,  -43.53440361,      5.03579768,  -34.56682844,    5.86101143,    2.65991828,     15.53069414], [    1.59460239,  147.16548954,  -29.69717238,  257.26980727,    109.80506023,   22.88377715,  -10.80360871,   13.32829714,     12.54608885,   -5.52671265,   -8.63748069,   29.34194018,     18.85859825], [   44.5913885 ,  -50.90261144,   34.17182746,  109.80506023,    199.2719004 ,   38.11378247,   -8.82380808,  -16.56060292,     28.09428204,    4.12663198,   -8.06724725,   13.99642142,     11.64585789], [  -33.05847855,    3.85791995,   50.48832292,   22.88377715,     38.11378247,  142.79540244,   57.27053155,   13.82425174,      3.9484764 ,    2.53133814,    1.706772  ,    9.61227319,     -2.75776779], [  -12.69781516,  -12.11138843,   54.7301822 ,  -10.80360871,     -8.82380808,   57.27053155,  147.0489787 ,   31.912525  ,     17.76305967,    4.53875569,    7.33462282,    9.29021734,     -6.21059781], [   72.10045332,  120.66177755,  -43.53440361,   13.32829714,    -16.56060292,   13.82425174,   31.912525  ,  117.57886019,     24.09735274,   25.34810493,   16.32037893,   -0.07766255,     11.26751579], [  133.4850827 ,   -0.07852575,    5.03579768,   12.54608885,     28.09428204,    3.9484764 ,   17.76305967,   24.09735274,     93.79656574,   37.73374382,    4.56170018,    7.3215409 ,      4.12177713], [  114.94404122,   54.12975056,  -34.56682844,   -5.52671265,      4.12663198,    2.53133814,    4.53875569,   25.34810493,     37.73374382,   91.61847689,   35.11812425,    4.79490459,     -1.10881622], [  108.41652714,   23.85495459,    5.86101143,   -8.63748069,     -8.06724725,    1.706772  ,    7.33462282,   16.32037893,      4.56170018,   35.11812425,   79.33711728,   23.60588837,      6.89913049], [  -26.80660771,   38.04362843,    2.65991828,   29.34194018,     13.99642142,    9.61227319,    9.29021734,   -0.07766255,      7.3215409 ,    4.79490459,   23.60588837,   77.51799434,     29.0236985 ], [   58.20432971,   12.58390155,   15.53069414,   18.85859825,     11.64585789,   -2.75776779,   -6.21059781,   11.26751579,      4.12177713,   -1.10881622,    6.89913049,   29.0236985 ,     77.09631148]]
/root/sim/music/out/Unknown/Unknown/12 涙がキラリ☆.mp3; [-544.632    , 130.29572  , -12.208743 ,  28.619905 ,   5.3197947,   -3.383701 ,   5.9451623,   4.3289137,   1.6180325,  -0.9230989,   -1.7693992,  -1.2072781,  -1.6670468]; [[23058.53042624,   33.11859481,-1596.78412499,   74.84423596,   -324.55651793, -251.76064956,    4.91569234,  181.36576193,    115.47102848,  113.12476983,  -10.46889976, -197.62399244,   -168.60461729], [   33.11859481, 2020.97009677, -135.0064595 ,   96.44128874,     69.61399111, -153.90483258,  127.77618853,  -24.77860069,    -15.08572665,    4.86023751,   34.52354245,   15.48828556,     63.26100265], [-1596.78412499, -135.0064595 ,  926.90199126,    0.53302942,    111.22315025,  149.48596407,  -29.6404431 ,   28.33554697,    -12.43910615,   -7.30952482,  -20.13724391,   50.50519667,     53.14695075], [   74.84423596,   96.44128874,    0.53302942,  290.13790238,     92.97813295,   68.33946837,    4.30770097,   -5.3400381 ,     22.57396389,   -4.85557911,  -19.32281325,   13.36479888,      7.10478789], [ -324.55651793,   69.61399111,  111.22315025,   92.97813295,    211.55782389,   60.926995  ,   38.35135032,   -4.76141929,     15.14894511,   16.64133917,   -3.35187947,    9.15082308,      6.36208919], [ -251.76064956, -153.90483258,  149.48596407,   68.33946837,     60.926995  ,  244.05815546,   30.09163423,   26.1332524 ,     10.20164868,  -10.94926764,    4.60585457,   32.68830402,    -29.56290878], [    4.91569234,  127.77618853,  -29.6404431 ,    4.30770097,     38.35135032,   30.09163423,  142.11334263,   35.90732865,     -5.73775509,   20.87831992,   32.6309039 ,   -0.69926465,     -9.25496867], [  181.36576193,  -24.77860069,   28.33554697,   -5.3400381 ,     -4.76141929,   26.1332524 ,   35.90732865,   95.27770337,     24.43039657,    5.92481344,   -2.60707108,    1.94418493,     -2.48533462], [  115.47102848,  -15.08572665,  -12.43910615,   22.57396389,     15.14894511,   10.20164868,   -5.73775509,   24.43039657,     82.8447345 ,   23.24163635,  -10.58172704,    1.03497587,     -2.33339092], [  113.12476983,    4.86023751,   -7.30952482,   -4.85557911,     16.64133917,  -10.94926764,   20.87831992,    5.92481344,     23.24163635,   84.15372653,   30.44711584,  -11.22583956,     -3.00239282], [  -10.46889976,   34.52354245,  -20.13724391,  -19.32281325,     -3.35187947,    4.60585457,   32.6309039 ,   -2.60707108,    -10.58172704,   30.44711584,   75.89605613,   15.19797515,    -11.41689248], [ -197.62399244,   15.48828556,   50.50519667,   13.36479888,      9.15082308,   32.68830402,   -0.69926465,    1.94418493,      1.03497587,  -11.22583956,   15.19797515,   66.92230138,     16.45886997], [ -168.60461729,   63.26100265,   53.14695075,    7.10478789,      6.36208919,  -29.56290878,   -9.25496867,   -2.48533462,     -2.33339092,   -3.00239282,  -11.41689248,   16.45886997,     77.60603358]]
/root/sim/music/out/Unknown/Unknown/15 スカーレット(1).mp3; [-542.79004   , 157.05278   ,  -7.9667583 ,   3.4278092 ,   7.4285793 ,   -3.4433002 ,   6.4633703 ,   5.210711  ,  -1.6488693 ,   0.47211513,    0.57465744,  -4.75072   ,   0.7854855 ]; [[18956.03683325,  916.21156328,-1176.77801082, -545.62937475,    125.78906383, -188.99668701,  299.81654515,  243.433224  ,    -15.05197491,   65.15587785,    0.69563274, -306.96791063,    -86.49537404], [  916.21156328, 1125.81690072, -356.36792253,   20.95770396,    -55.31804345,  -52.9485382 ,    2.04825416,   10.96874328,    -27.27096307,  -26.57247912,    6.26711088,  -27.13201306,      0.37736069], [-1176.77801082, -356.36792253,  932.88474817,   98.97339101,    114.06912487,  151.22427554,   51.73573675,  -38.13579496,     76.30914642,   53.54489057,   11.11900494,  107.55289678,     34.96015514], [ -545.62937475,   20.95770396,   98.97339101,  186.32643532,     28.34217886,   13.12922942,   -7.42686845,    2.91698757,     29.48301313,    7.13306754,   -4.84656016,   19.60655884,     16.43428531], [  125.78906383,  -55.31804345,  114.06912487,   28.34217886,    227.96916973,   39.22846839,   55.70355183,   46.77592999,     37.81743928,   43.59025304,   24.34484387,   -2.59622349,     18.2469357 ], [ -188.99668701,  -52.9485382 ,  151.22427554,   13.12922942,     39.22846839,  181.0995315 ,   24.54977234,  -24.2349647 ,     30.52873002,   -5.99180394,   -5.41459509,   39.57785336,    -25.74847483], [  299.81654515,    2.04825416,   51.73573675,   -7.42686845,     55.70355183,   24.54977234,  131.63952555,   61.79143256,     -2.83894029,   24.93992416,   30.01296343,  -10.3588204 ,     15.47422752], [  243.433224  ,   10.96874328,  -38.13579496,    2.91698757,     46.77592999,  -24.2349647 ,   61.79143256,  107.13367034,     11.46078467,   20.19565974,   23.01988522,  -25.98707549,     20.93507982], [  -15.05197491,  -27.27096307,   76.30914642,   29.48301313,     37.81743928,   30.52873002,   -2.83894029,   11.46078467,     89.13190137,   26.1139356 ,   -7.10139614,   12.56806587,     -3.39097757], [   65.15587785,  -26.57247912,   53.54489057,    7.13306754,     43.59025304,   -5.99180394,   24.93992416,   20.19565974,     26.1139356 ,   83.6125906 ,   29.37487469,  -14.47948547,      9.09548611], [    0.69563274,    6.26711088,   11.11900494,   -4.84656016,     24.34484387,   -5.41459509,   30.01296343,   23.01988522,     -7.10139614,   29.37487469,   69.48125436,   -0.33364225,      6.28135615], [ -306.96791063,  -27.13201306,  107.55289678,   19.60655884,     -2.59622349,   39.57785336,  -10.3588204 ,  -25.98707549,     12.56806587,  -14.47948547,   -0.33364225,   78.55645757,      6.90362624], [  -86.49537404,    0.37736069,   34.96015514,   16.43428531,     18.2469357 ,  -25.74847483,   15.47422752,   20.93507982,     -3.39097757,    9.09548611,    6.28135615,    6.90362624,     68.4976671 ]]
/root/sim/music/out/Unknown/Unknown/05 日なたの窓に憧れて.mp3; [-543.6844   , 135.81242  , -23.014738 ,  20.415083 ,  -1.4555598,   -1.417711 ,   4.9006877,  -1.2924327,  -2.0300689,   3.9547873,    1.412668 ,  -0.7853946,  -1.3315371]; [[16328.70171703,  949.84357391, 1309.53417984,  884.92306876,    423.67659615,  137.36351239, -297.08249941,  -45.66115942,   -106.60032694, -470.54886697,   50.22517522,    7.43236685,   -127.76121188], [  949.84357391, 1265.2195898 , -163.51621003,  190.92282313,    113.06456426,   -3.15442485,   99.94218118,  -39.93055923,   -119.64617338,  -18.50612951,   25.4641889 ,   22.74419165,     -7.67857718], [ 1309.53417984, -163.51621003,  695.83274356,  129.84394645,    211.84102785,   98.42047957,  -28.79172896,  -20.94221151,    -87.51042323,  -81.83702176,  -18.28626696,   28.13693245,    -13.06367909], [  884.92306876,  190.92282313,  129.84394645,  333.60989296,    101.80371317,  116.84143309,   16.44312649,   11.84732402,     -3.99027924,  -71.6934506 ,   19.21198021,   32.94163217,     -5.97541617], [  423.67659615,  113.06456426,  211.84102785,  101.80371317,    208.73361041,   65.56137397,   10.60508175,  -17.03492189,    -60.57318505,  -33.26452207,  -13.2650582 ,   16.17985309,     -2.53977976], [  137.36351239,   -3.15442485,   98.42047957,  116.84143309,     65.56137397,  189.61384938,   74.73862306,   31.57026727,     -8.3781919 ,   -9.13563276,   14.4610248 ,   11.6924591 ,    -13.91972274], [ -297.08249941,   99.94218118,  -28.79172896,   16.44312649,     10.60508175,   74.73862306,  152.87051781,   41.66180222,      7.09818742,   40.97029191,   22.60788266,   20.09739138,      8.0608992 ], [  -45.66115942,  -39.93055923,  -20.94221151,   11.84732402,    -17.03492189,   31.57026727,   41.66180222,   94.7883075 ,     45.07085958,    5.70972047,    8.64984371,   -3.06644898,      4.64005759], [ -106.60032694, -119.64617338,  -87.51042323,   -3.99027924,    -60.57318505,   -8.3781919 ,    7.09818742,   45.07085958,    131.32131779,   40.64408458,   19.77870847,   -2.66937495,     16.34529364], [ -470.54886697,  -18.50612951,  -81.83702176,  -71.6934506 ,    -33.26452207,   -9.13563276,   40.97029191,    5.70972047,     40.64408458,  130.0842455 ,   20.53193285,   -2.69750003,      6.39348675], [   50.22517522,   25.4641889 ,  -18.28626696,   19.21198021,    -13.2650582 ,   14.4610248 ,   22.60788266,    8.64984371,     19.77870847,   20.53193285,   92.17155382,   42.98091674,     -4.08721155], [    7.43236685,   22.74419165,   28.13693245,   32.94163217,     16.17985309,   11.6924591 ,   20.09739138,   -3.06644898,     -2.66937495,   -2.69750003,   42.98091674,   87.76224937,     18.83923443], [ -127.76121188,   -7.67857718,  -13.06367909,   -5.97541617,     -2.53977976,  -13.91972274,    8.0608992 ,    4.64005759,     16.34529364,    6.39348675,   -4.08721155,   18.83923443,     74.60110654]]
/root/sim/music/out/Unknown/Unknown/Air ___ (______UP_.mp3; [-629.3933    , 137.75612   , -12.146722  ,   6.268412  ,  -6.04144   ,  -16.770838  ,   8.446904  ,  -4.75212   ,  -7.751245  ,   3.328064  ,  -15.72726   ,   4.13395   ,   0.14502718]; [[16621.80362348, 1393.61475284,  666.04539851, 1017.42117648,    246.4956774 ,  484.30370733,  404.94179793,  371.98239228,    -23.5176051 ,   11.74127585, -170.05881354, -380.87535159,   -280.81840743], [ 1393.61475284, 1811.80513144,  -67.20768771,  169.52697032,    113.18359434,  138.73698034,   48.14266842,  -64.35583753,   -129.97359264,  -51.92654827,  -92.9092754 , -164.68234134,   -163.36107534], [  666.04539851,  -67.20768771,  775.07608353,  174.40445842,    193.03270176,  263.78582862,  -36.43655643,   98.14011804,     46.81268339,  -94.94096722,  101.85753407, -129.41781165,   -123.88872412], [ 1017.42117648,  169.52697032,  174.40445842,  513.78685228,    181.77278789,  141.10391606,   -6.36115287,  175.78516299,     57.46059447,  -64.95455849,   68.88081354,  -53.23345987,    -69.71190444], [  246.4956774 ,  113.18359434,  193.03270176,  181.77278789,    300.38171848,    7.89061621,  -45.74153853,   74.57830609,     43.83075468,  -57.65707518,   26.99192584,  -10.30174721,    -93.46288326], [  484.30370733,  138.73698034,  263.78582862,  141.10391606,      7.89061621,  564.117303  ,  104.31585471,  103.38551989,     55.25394828,   38.36244412,   82.96700949, -191.44466991,    -25.9860442 ], [  404.94179793,   48.14266842,  -36.43655643,   -6.36115287,    -45.74153853,  104.31585471,  323.09623991,   24.43044854,     -1.20166401,  144.47617584,  -35.55487725,   23.45899654,     83.38345773], [  371.98239228,  -64.35583753,   98.14011804,  175.78516299,     74.57830609,  103.38551989,   24.43044854,  193.0428147 ,     89.63031082,    2.67977905,   41.83332474,  -22.29271802,     10.49392761], [  -23.5176051 , -129.97359264,   46.81268339,   57.46059447,     43.83075468,   55.25394828,   -1.20166401,   89.63031082,    162.2854805 ,   21.10975822,   48.4587145 ,  -13.15936695,     31.27065392], [   11.74127585,  -51.92654827,  -94.94096722,  -64.95455849,    -57.65707518,   38.36244412,  144.47617584,    2.67977905,     21.10975822,  199.64876965,    5.21965956,   64.59791369,     84.44661952], [ -170.05881354,  -92.9092754 ,  101.85753407,   68.88081354,     26.99192584,   82.96700949,  -35.55487725,   41.83332474,     48.4587145 ,    5.21965956,  216.79696722,   61.69672314,     32.3672415 ], [ -380.87535159, -164.68234134, -129.41781165,  -53.23345987,    -10.30174721, -191.44466991,   23.45899654,  -22.29271802,    -13.15936695,   64.59791369,   61.69672314,  318.45185367,    146.35356289], [ -280.81840743, -163.36107534, -123.88872412,  -69.71190444,    -93.46288326,  -25.9860442 ,   83.38345773,   10.49392761,     31.27065392,   84.44661952,   32.3672415 ,  146.35356289,    248.72642361]]
/root/sim/music/out/Unknown/Unknown/03-Out The Blue.mp3; [-629.9055    , 132.72133   ,  -3.7351563 ,  23.636665  ,   8.282859  ,   11.269018  ,   2.2089038 ,  -0.52808875,  -6.5241613 ,  -4.5584826 ,   -0.5795263 ,  -3.544935  ,  -6.7400517 ]; [[24635.32590236,-2118.63488945,-1680.33642281, -132.35802081,    429.52049606,  432.8575637 ,  439.36711844,  615.02639098,    329.23191954,  668.12307935,   95.9479042 , -199.48068105,     89.5621948 ], [-2118.63488945, 1796.07333622,  103.01707316,   59.49637517,     23.84618447,   29.85873282,   15.38880949,  -80.57651857,    -55.9993217 ,  -22.09455094,  -29.95265389,   22.63086043,     -8.48814746], [-1680.33642281,  103.01707316,  688.75083882,   45.96154274,    -22.39188491,   24.38032914,  -11.16244683,  -46.72460807,    -30.53007314,  -89.81314703,    3.06078251,   49.81393758,      3.30147188], [ -132.35802081,   59.49637517,   45.96154274,  280.19486758,     28.34345495,  -37.91987522,  -39.87925778,    2.01394933,     17.07965517,  -56.45569178,    1.57195155,   38.24783216,      0.21382841], [  429.52049606,   23.84618447,  -22.39188491,   28.34345495,    218.12751818,   20.7431639 ,    0.86380835,   50.16551811,     54.23349255,   61.88880292,   -4.97460139,   29.12367537,     27.85716131], [  432.8575637 ,   29.85873282,   24.38032914,  -37.91987522,     20.7431639 ,  162.89691808,   88.44321224,   30.46030575,     23.37525269,   47.50184898,   18.65761995,   -1.58697334,      4.04949282], [  439.36711844,   15.38880949,  -11.16244683,  -39.87925778,      0.86380835,   88.44321224,  233.79551029,   54.85955365,    -26.76441277,   51.45029822,   21.72693479,  -16.2342358 ,     -2.28611962], [  615.02639098,  -80.57651857,  -46.72460807,    2.01394933,     50.16551811,   30.46030575,   54.85955365,  142.83149724,     57.37064936,   61.01549261,    9.78202548,    9.18806423,     20.68703753], [  329.23191954,  -55.9993217 ,  -30.53007314,   17.07965517,     54.23349255,   23.37525269,  -26.76441277,   57.37064936,    157.64947212,   67.16049545,    9.86733169,   15.35990085,     27.47681086], [  668.12307935,  -22.09455094,  -89.81314703,  -56.45569178,     61.88880292,   47.50184898,   51.45029822,   61.01549261,     67.16049545,  192.45203751,   21.71315193,   -9.576703  ,     25.21693028], [   95.9479042 ,  -29.95265389,    3.06078251,    1.57195155,     -4.97460139,   18.65761995,   21.72693479,    9.78202548,      9.86733169,   21.71315193,   87.98653586,    9.36450305,      0.51517975], [ -199.48068105,   22.63086043,   49.81393758,   38.24783216,     29.12367537,   -1.58697334,  -16.2342358 ,    9.18806423,     15.35990085,   -9.576703  ,    9.36450305,   84.65874899,     22.57761872], [   89.5621948 ,   -8.48814746,    3.30147188,    0.21382841,     27.85716131,    4.04949282,   -2.28611962,   20.68703753,     27.47681086,   25.21693028,    0.51517975,   22.57761872,     77.07530322]]
/root/sim/music/out/Unknown/Unknown/GreeeeN　遥か.mp3; [-669.7687    , 133.13995   , -22.467607  ,  28.88818   , -24.268463  ,   16.851885  , -25.07002   ,   9.116939  , -18.073097  ,   7.6238933 ,  -12.696984  ,  -0.30661282, -10.579814  ]; [[14311.78352739, -632.90561114, -527.4723825 , 1007.90729914,     63.8203963 ,  754.2947622 ,  366.04598657,  780.18361362,    407.02814271,  497.62192454,   77.68448119,  489.73389144,   -115.10199118], [ -632.90561114, 1069.6243871 , -126.59679547,  -24.65625238,    142.95537977,  -53.7446943 ,   24.08818397,    3.71650616,     -3.92183573,  -29.61121127,   36.15451694,  -43.30818869,     39.45002799], [ -527.4723825 , -126.59679547,  563.12154569,   22.63270111,    122.86122943,   57.98488994,   15.36086772,   21.40141484,     12.98345684,  -32.1384259 ,   -3.19810601,   23.79882311,    -15.21301526], [ 1007.90729914,  -24.65625238,   22.63270111,  423.12338804,    158.60088094,   61.10090354,   45.73156637,  102.65811832,     97.86967379,   63.7405358 ,   -4.49048561,   92.34561638,     13.49295121], [   63.8203963 ,  142.95537977,  122.86122943,  158.60088094,    404.19191834,   24.78055228,  106.72818608,   63.46811895,    126.35251627,   14.61972083,   26.92913223,   72.48991021,     12.02479925], [  754.2947622 ,  -53.7446943 ,   57.98488994,   61.10090354,     24.78055228,  233.11622027,   94.9654132 ,   83.14527728,     33.0020152 ,   50.02976514,   45.28717344,   34.92469453,     -7.73560843], [  366.04598657,   24.08818397,   15.36086772,   45.73156637,    106.72818608,   94.9654132 ,  280.17536889,   94.6101171 ,    111.31922914,   52.43629061,   70.39882362,   57.12518641,     40.44497448], [  780.18361362,    3.71650616,   21.40141484,  102.65811832,     63.46811895,   83.14527728,   94.6101171 ,  206.12474491,     84.82400851,   62.18246023,   33.69447122,   51.61675306,      7.46278708], [  407.02814271,   -3.92183573,   12.98345684,   97.86967379,    126.35251627,   33.0020152 ,  111.31922914,   84.82400851,    213.76791406,   69.56253522,   45.84326051,   56.91719245,     20.91827376], [  497.62192454,  -29.61121127,  -32.1384259 ,   63.7405358 ,     14.61972083,   50.02976514,   52.43629061,   62.18246023,     69.56253522,  152.91835963,   40.44793759,   35.52987326,      0.0963429 ], [   77.68448119,   36.15451694,   -3.19810601,   -4.49048561,     26.92913223,   45.28717344,   70.39882362,   33.69447122,     45.84326051,   40.44793759,  131.90142212,   31.61368738,     13.27343776], [  489.73389144,  -43.30818869,   23.79882311,   92.34561638,     72.48991021,   34.92469453,   57.12518641,   51.61675306,     56.91719245,   35.52987326,   31.61368738,  146.30216219,     29.72693548], [ -115.10199118,   39.45002799,  -15.21301526,   13.49295121,     12.02479925,   -7.73560843,   40.44497448,    7.46278708,     20.91827376,    0.0963429 ,   13.27343776,   29.72693548,    118.42315509]]
/root/sim/music/out/Unknown/Unknown/08 空も飛べるはず.mp3; [-533.3324    , 141.28867   ,   3.3942513 ,  28.222885  ,   6.0500803 ,    0.8683838 ,   0.26280054,   9.664288  ,   6.5719843 ,   0.19565882,   -0.26822463,  -1.4660815 ,   0.9460428 ]; [[14819.2193948 ,  147.93322899,-1004.43937145, -390.88671799,   -421.44049167, -415.30111102, -261.97947017,   91.59922619,    196.91209401,   24.59747102,   34.37569135, -118.12255249,   -117.10116386], [  147.93322899,  988.88932982, -347.85343032,   56.55872328,    -43.18071429,  -64.94885892,   -9.02290869,   47.63285813,    -19.3972314 ,   12.66729454,  -17.55339973,  -22.56362804,     19.27334761], [-1004.43937145, -347.85343032,  610.88603903,   -7.34603241,     91.11419595,  102.83637543,   34.79048277,  -46.73199838,    -25.36416035,  -11.64872739,    7.8525609 ,   33.13574347,      7.07389522], [ -390.88671799,   56.55872328,   -7.34603241,  290.30764583,     59.3374388 ,  -10.7877453 ,  -12.87349819,  -30.81437456,     18.89895287,  -21.43614136,  -45.61933137,   35.36691337,     25.20229667], [ -421.44049167,  -43.18071429,   91.11419595,   59.3374388 ,    138.99664095,   26.6197532 ,  -13.06020772,  -14.64273377,      3.86738603,   -4.52592751,   -1.32017656,    7.08815494,     14.51041174], [ -415.30111102,  -64.94885892,  102.83637543,  -10.7877453 ,     26.6197532 ,  139.31454634,   59.0310098 ,   -9.89922509,    -26.61773351,    8.88837843,   15.7035182 ,   -0.48729752,    -26.94699439], [ -261.97947017,   -9.02290869,   34.79048277,  -12.87349819,    -13.06020772,   59.0310098 ,  123.77372725,   21.23053266,    -25.19607666,   -1.20367478,    3.7680903 ,   17.10916588,    -13.88725172], [   91.59922619,   47.63285813,  -46.73199838,  -30.81437456,    -14.64273377,   -9.89922509,   21.23053266,  101.45113655,     15.36501581,   -2.36872046,    1.46227234,  -11.36899374,      6.44550739], [  196.91209401,  -19.3972314 ,  -25.36416035,   18.89895287,      3.86738603,  -26.61773351,  -25.19607666,   15.36501581,     82.61723508,   14.6867913 ,  -12.28309991,    3.09164086,      7.23855861], [   24.59747102,   12.66729454,  -11.64872739,  -21.43614136,     -4.52592751,    8.88837843,   -1.20367478,   -2.36872046,     14.6867913 ,   81.60616848,   29.36923141,   -7.76584008,    -30.71000224], [   34.37569135,  -17.55339973,    7.8525609 ,  -45.61933137,     -1.32017656,   15.7035182 ,    3.7680903 ,    1.46227234,    -12.28309991,   29.36923141,   92.50923501,    0.42644208,    -21.39894252], [ -118.12255249,  -22.56362804,   33.13574347,   35.36691337,      7.08815494,   -0.48729752,   17.10916588,  -11.36899374,      3.09164086,   -7.76584008,    0.42644208,   77.63147524,     20.72512825], [ -117.10116386,   19.27334761,    7.07389522,   25.20229667,     14.51041174,  -26.94699439,  -13.88725172,    6.44550739,      7.23855861,  -30.71000224,  -21.39894252,   20.72512825,     85.4083824 ]]
/root/sim/music/out/Unknown/Unknown/03 魔女旅に出る.mp3; [-537.8054   , 134.56198  , -13.694124 ,  28.662273 ,  12.05277  ,   -6.4456177,   2.6233401,   0.9948942,  -2.2773361,   1.5791506,   -3.0768628,  -4.088415 ,  -1.9516636]; [[21778.42867475, 1772.25573576, -791.59088188,  341.52887897,     33.14473156, -174.29459933,   29.32351253,  192.2530046 ,    123.24960359,   73.60829583,  -89.09654793, -151.97155243,    -36.80704537], [ 1772.25573576,  887.55928351, -105.5597643 ,  102.06007001,     30.20002058,  -39.33834395,   38.81972632,  -14.65479992,    -48.44138292,   26.05576015,   -3.22242806,   -3.32438158,      6.82107494], [ -791.59088188, -105.5597643 ,  417.8607414 ,   52.01415257,     48.99516731,    8.96503867,   -9.17409505,  -55.7609472 ,     -5.05858358,    6.14170573,   -2.4045817 ,   36.85895327,     10.1447112 ], [  341.52887897,  102.06007001,   52.01415257,  186.51383921,     57.48098756,    7.43110568,  -28.70059826,    1.63881546,      4.47763988,  -11.85702635,  -20.62521158,   19.01479389,     17.59107628], [   33.14473156,   30.20002058,   48.99516731,   57.48098756,    121.94300109,   18.89294488,  -15.07407994,  -16.02346487,      0.49842961,   -1.65578931,   -6.55545008,    8.58212912,      4.06895926], [ -174.29459933,  -39.33834395,    8.96503867,    7.43110568,     18.89294488,  108.64489566,    7.59312574,    1.82884225,     -4.71354791,  -25.82752024,    4.59951382,    8.62830641,    -18.79344975], [   29.32351253,   38.81972632,   -9.17409505,  -28.70059826,    -15.07407994,    7.59312574,  104.76832063,   32.00306834,     -0.25041186,   15.05709072,    4.61169809,  -11.61130829,      1.70675677], [  192.2530046 ,  -14.65479992,  -55.7609472 ,    1.63881546,    -16.02346487,    1.82884225,   32.00306834,   86.84433722,     34.10020695,   -2.90916986,  -10.81243064,  -15.02075852,      2.53666975], [  123.24960359,  -48.44138292,   -5.05858358,    4.47763988,      0.49842961,   -4.71354791,   -0.25041186,   34.10020695,     75.5067921 ,   26.40049063,   -8.43511881,  -15.31930616,     -6.39595834], [   73.60829583,   26.05576015,    6.14170573,  -11.85702635,     -1.65578931,  -25.82752024,   15.05709072,   -2.90916986,     26.40049063,   84.94245688,   16.37441508,  -17.52692567,     -9.07565814], [  -89.09654793,   -3.22242806,   -2.4045817 ,  -20.62521158,     -6.55545008,    4.59951382,    4.61169809,  -10.81243064,     -8.43511881,   16.37441508,   62.75586251,   13.36654555,     -9.94025734], [ -151.97155243,   -3.32438158,   36.85895327,   19.01479389,      8.58212912,    8.62830641,  -11.61130829,  -15.02075852,    -15.31930616,  -17.52692567,   13.36654555,   69.3204182 ,     15.89395474], [  -36.80704537,    6.82107494,   10.1447112 ,   17.59107628,      4.06895926,  -18.79344975,    1.70675677,    2.53666975,     -6.39595834,   -9.07565814,   -9.94025734,   15.89395474,     61.64651697]]
