/root/sim/music/out/スピッツ/CYCLE HIT 1997-2005 Spitz Complete Single Collection/05 流れ星.mp3; [-528.4069   , 137.83289  ,  -1.0473132,  26.937277 ,   3.4038677,   -5.350439 ,   6.9154935,   2.304211 ,   1.9290873,   3.7304828,    2.7222664,   1.3614478,   2.3250616]; [[13054.72819204,  434.09652015,  -87.91110206,   -3.34460708,     85.72632986, -163.38690689,  -35.33139467,   51.05648623,      0.22505375,   35.84719592,  -43.68691495,  -21.46138376,    -30.44138364], [  434.09652015,  853.16931502, -226.38837123,  123.83546843,    -43.23087136,  -34.0260323 ,   37.72985417,   21.2054498 ,     -2.86547178,   -9.0687399 ,   40.28454832,  -20.8922937 ,     16.53694649], [  -87.91110206, -226.38837123,  348.86140863,  -39.48286998,     51.08852556,   21.54769256,   10.88294466,   -8.96462263,    -21.75124704,    9.68068135,  -31.43453784,   24.985618  ,     10.95969278], [   -3.34460708,  123.83546843,  -39.48286998,  288.57977659,      7.27789171,   82.99395834,  -18.82331178,   -5.14679146,     55.39193176,    5.72692214,  -13.90189236,   22.98496622,     24.24684272], [   85.72632986,  -43.23087136,   51.08852556,    7.27789171,    198.57408929,  -28.31492862,    1.66572125,   -4.26747929,     23.88324145,   24.52980341,  -12.23070743,   -8.05734048,     25.44788936], [ -163.38690689,  -34.0260323 ,   21.54769256,   82.99395834,    -28.31492862,  187.07011868,   23.30415248,   23.71388244,     27.04417166,    0.83897691,   12.10527825,   39.97149768,    -12.27427843], [  -35.33139467,   37.72985417,   10.88294466,  -18.82331178,      1.66572125,   23.30415248,  118.54972221,   39.77844591,      5.85484727,   14.72641512,   34.22571692,   14.96942813,      5.39435181], [   51.05648623,   21.2054498 ,   -8.96462263,   -5.14679146,     -4.26747929,   23.71388244,   39.77844591,   98.94300517,     23.09059492,    2.6420771 ,   20.50020762,   11.89134289,      1.69764354], [    0.22505375,   -2.86547178,  -21.75124704,   55.39193176,     23.88324145,   27.04417166,    5.85484727,   23.09059492,     95.92444538,   31.60678811,   12.38660328,    9.87202466,     11.19794375], [   35.84719592,   -9.0687399 ,    9.68068135,    5.72692214,     24.52980341,    0.83897691,   14.72641512,    2.6420771 ,     31.60678811,   76.37400128,   24.04751691,   -3.16458847,      0.75058612], [  -43.68691495,   40.28454832,  -31.43453784,  -13.90189236,    -12.23070743,   12.10527825,   34.22571692,   20.50020762,     12.38660328,   24.04751691,   74.66751331,   24.82259386,      1.95210558], [  -21.46138376,  -20.8922937 ,   24.985618  ,   22.98496622,     -8.05734048,   39.97149768,   14.96942813,   11.89134289,      9.87202466,   -3.16458847,   24.82259386,   73.69123372,     23.43283564], [  -30.44138364,   16.53694649,   10.95969278,   24.24684272,     25.44788936,  -12.27427843,    5.39435181,    1.69764354,     11.19794375,    0.75058612,    1.95210558,   23.43283564,     71.20752638]]
/root/sim/music/out/スピッツ/CYCLE HIT 1997-2005 Spitz Complete Single Collection/10 さわって・変わって.mp3; [-493.98712  , 103.13942  , -14.685514 ,  27.588757 ,  11.188287 ,    4.3317065,   3.441146 ,   4.859541 ,   9.38728  ,   4.5800157,    2.0441732,  -5.901798 ,  -1.7162677]; [[15180.44793187,-1738.65936118, -528.70474775, -405.08236867,    301.82442261,  600.82953748,    1.83457522,  159.0225885 ,   -208.15769165, -163.23133352,   40.33598357, -416.22895516,    -91.9896339 ], [-1738.65936118,  948.5146013 , -249.93556562,  156.65931868,    -87.06473101,  -59.25387959,  102.29752259,    5.69910029,    136.30788619,   36.0604596 ,   27.82873839,   58.65723651,     11.09107842], [ -528.70474775, -249.93556562,  498.35887808,  -15.24366871,     55.23052895,  -45.48546949,  -48.60508555,  -20.85080455,    -47.90429951,   25.25694831,  -16.83866233,   29.47779492,     21.49530728], [ -405.08236867,  156.65931868,  -15.24366871,  355.16115321,     62.15551906,  167.15812727,    7.99722313,   11.41295561,     27.479113  ,   33.09799184,   13.3227455 ,   58.99953673,     26.74618795], [  301.82442261,  -87.06473101,   55.23052895,   62.15551906,    130.70814128,   50.02031806,    0.83900124,   -3.46297592,     -5.69301306,    7.87012035,    1.50051427,    1.00035364,     11.38842206], [  600.82953748,  -59.25387959,  -45.48546949,  167.15812727,     50.02031806,  313.24917826,   73.21079282,   91.52089973,     34.46917562,   27.44349017,   52.12102095,   18.81184428,      6.5944743 ], [    1.83457522,  102.29752259,  -48.60508555,    7.99722313,      0.83900124,   73.21079282,  134.38695975,   67.32725402,     54.21967089,   13.9746239 ,   36.16639954,   -2.83613381,     -1.08874688], [  159.0225885 ,    5.69910029,  -20.85080455,   11.41295561,     -3.46297592,   91.52089973,   67.32725402,  117.85766493,     53.80281836,   17.57308566,   29.0225057 ,    3.7640867 ,      5.83205742], [ -208.15769165,  136.30788619,  -47.90429951,   27.479113  ,     -5.69301306,   34.46917562,   54.21967089,   53.80281836,    124.72722928,   32.35571901,   27.79717257,    1.02750867,      5.02202568], [ -163.23133352,   36.0604596 ,   25.25694831,   33.09799184,      7.87012035,   27.44349017,   13.9746239 ,   17.57308566,     32.35571901,   75.25750073,   28.43443648,   14.3210065 ,      3.12415822], [   40.33598357,   27.82873839,  -16.83866233,   13.3227455 ,      1.50051427,   52.12102095,   36.16639954,   29.0225057 ,     27.79717257,   28.43443648,   72.60614592,   18.90857395,      2.79099448], [ -416.22895516,   58.65723651,   29.47779492,   58.99953673,      1.00035364,   18.81184428,   -2.83613381,    3.7640867 ,      1.02750867,   14.3210065 ,   18.90857395,   89.55868118,     27.52176273], [  -91.9896339 ,   11.09107842,   21.49530728,   26.74618795,     11.38842206,    6.5944743 ,   -1.08874688,    5.83205742,      5.02202568,    3.12415822,    2.79099448,   27.52176273,     59.64536315]]
/root/sim/music/out/スピッツ/CYCLE HIT 1997-2005 Spitz Complete Single Collection/08 遥か.mp3; [-548.5682    , 152.21503   ,  -3.2731469 ,  16.464125  ,   9.474878  ,  -11.183807  , -12.108159  ,   0.22688098,  -0.70805836,  -5.0850143 ,   -5.6644273 ,  -1.376401  ,   0.5004426 ]; [[18760.4420838 , -250.98265961,-1271.5833841 ,  396.04438777,    244.39069794,  214.5455729 ,  280.82951082,  821.00384459,    771.52083709,  458.44932901,   11.65252165,  317.5636019 ,   -235.75902144], [ -250.98265961, 1540.74565227, -270.00152782,  -81.92293139,     71.04202422, -143.31444404,  -13.0435589 ,  -29.63359748,    -40.24243301,  -28.62928626,   23.16908025,  -85.3469586 ,     48.91391616], [-1271.5833841 , -270.00152782,  678.68279756,  183.98912395,     15.29167926,   98.54534522,   35.55317288,  -66.95661013,    -37.43756188,   13.44950933,  -18.12071026,   21.66536322,      1.39932084], [  396.04438777,  -81.92293139,  183.98912395,  543.69795804,    220.03319625,   84.76925658,   21.73579648,   88.71707485,    193.58080065,   89.63391911,  -35.64555591,   93.95019665,    -43.72539171], [  244.39069794,   71.04202422,   15.29167926,  220.03319625,    265.80004371,   35.52687332,  -19.29642066,   32.63268255,    120.84232316,   57.64149446,   -4.39453035,   23.50199516,    -15.45347354], [  214.5455729 , -143.31444404,   98.54534522,   84.76925658,     35.52687332,  191.051166  ,   96.29434809,   42.89581941,     35.37649803,   56.73291354,   19.19041463,   31.72617307,    -33.97156959], [  280.82951082,  -13.0435589 ,   35.55317288,   21.73579648,    -19.29642066,   96.29434809,  234.1694674 ,  114.21859322,     27.66576689,   88.07048733,   45.87536877,   30.35407143,    -16.17999262], [  821.00384459,  -29.63359748,  -66.95661013,   88.71707485,     32.63268255,   42.89581941,  114.21859322,  216.55876868,    122.03404903,   49.11036002,   15.12350651,   62.22269782,    -17.08048145], [  771.52083709,  -40.24243301,  -37.43756188,  193.58080065,    120.84232316,   35.37649803,   27.66576689,  122.03404903,    234.75440129,  104.0710768 ,   -5.38043712,   70.101167  ,    -24.91380637], [  458.44932901,  -28.62928626,   13.44950933,   89.63391911,     57.64149446,   56.73291354,   88.07048733,   49.11036002,    104.0710768 ,  208.44910396,   39.85777038,   -2.95796172,    -23.16169867], [   11.65252165,   23.16908025,  -18.12071026,  -35.64555591,     -4.39453035,   19.19041463,   45.87536877,   15.12350651,     -5.38043712,   39.85777038,  108.60233295,   26.57472271,     -5.00544436], [  317.5636019 ,  -85.3469586 ,   21.66536322,   93.95019665,     23.50199516,   31.72617307,   30.35407143,   62.22269782,     70.101167  ,   -2.95796172,   26.57472271,  132.88049292,     10.73399285], [ -235.75902144,   48.91391616,    1.39932084,  -43.72539171,    -15.45347354,  -33.97156959,  -16.17999262,  -17.08048145,    -24.91380637,  -23.16169867,   -5.00544436,   10.73399285,    114.55965596]]
/root/sim/music/out/スピッツ/CYCLE HIT 1997-2005 Spitz Complete Single Collection/11 ハネモノ.mp3; [-543.1743   , 119.25687  ,   5.533954 ,  32.021484 ,  16.949492 ,    1.6788058, -10.572929 ,   3.0538042,  -2.1723118,   1.7942437,   -2.8347776,  -4.5773196,   4.509778 ]; [[18526.4118295 ,-1004.952806  ,-1759.35825046, -787.73112703,   -728.62239153, -119.10276964,  383.72668619,  -98.11048926,    349.61908233,  -22.76044998,  287.56812064,  152.30831848,   -240.67530339], [-1004.952806  , 1475.19145933,  -61.08575045,   59.53337905,    194.55057955, -179.64518239,  -72.50349186,   63.04523519,    -11.47540431,   12.46926674,   -1.9991949 ,  -96.48328662,    100.17478519], [-1759.35825046,  -61.08575045,  813.11069673,  153.32827099,     97.07059916,   53.45106765, -124.90756526,   36.41557506,   -108.00664001,   28.56506909,  -38.89932373,  -21.37211276,     51.94826626], [ -787.73112703,   59.53337905,  153.32827099,  419.50580749,     67.10496476,   54.8228091 ,  -40.77296556,  -20.01909718,     16.40020113,   -7.61296194,  -87.82013557,   41.80393413,      8.77857042], [ -728.62239153,  194.55057955,   97.07059916,   67.10496476,    255.98215595,   15.62878133,  -61.17822571,   15.84309858,      5.68061829,    9.52223144,  -23.45277828,  -40.50601842,     51.86481104], [ -119.10276964, -179.64518239,   53.45106765,   54.8228091 ,     15.62878133,  206.09681288,   24.83803025,  -18.44948566,      5.10443877,  -18.52182436,  -21.00126245,   39.80513943,    -34.48667818], [  383.72668619,  -72.50349186, -124.90756526,  -40.77296556,    -61.17822571,   24.83803025,  200.54110795,   -4.08723153,     13.5966971 ,    3.24437945,   68.34353596,   24.22109905,    -42.21865391], [  -98.11048926,   63.04523519,   36.41557506,  -20.01909718,     15.84309858,  -18.44948566,   -4.08723153,  121.48722807,      7.83364536,   19.06187334,    2.7393868 ,  -15.93698054,     32.64756331], [  349.61908233,  -11.47540431, -108.00664001,   16.40020113,      5.68061829,    5.10443877,   13.5966971 ,    7.83364536,    153.71904264,    4.73525774,   -7.6946104 ,   11.50820895,     -9.62894288], [  -22.76044998,   12.46926674,   28.56506909,   -7.61296194,      9.52223144,  -18.52182436,    3.24437945,   19.06187334,      4.73525774,   95.14702698,   24.52423413,  -14.76071463,     19.82474918], [  287.56812064,   -1.9991949 ,  -38.89932373,  -87.82013557,    -23.45277828,  -21.00126245,   68.34353596,    2.7393868 ,     -7.6946104 ,   24.52423413,  113.46556969,    6.35174262,     -2.14798571], [  152.30831848,  -96.48328662,  -21.37211276,   41.80393413,    -40.50601842,   39.80513943,   24.22109905,  -15.93698054,     11.50820895,  -14.76071463,    6.35174262,   91.4917779 ,     -9.68042591], [ -240.67530339,  100.17478519,   51.94826626,    8.77857042,     51.86481104,  -34.48667818,  -42.21865391,   32.64756331,     -9.62894288,   19.82474918,   -2.14798571,   -9.68042591,     93.33765912]]
/root/sim/music/out/スピッツ/CYCLE HIT 1997-2005 Spitz Complete Single Collection/12 水色の街.mp3; [-520.8832   , 128.02187  ,  -3.2281477,  27.570116 ,   8.240806 ,   -7.914462 ,  -2.4184387,   2.480657 ,   3.216992 ,   1.9839149,   -0.7406894,  -6.4187217,  -4.413978 ]; [[20925.29755615,-1093.36779054,-1698.07810562, -954.2044635 ,   -396.33046874,  -13.71894817, -211.17195559,   59.94379416,     -7.61588264,   66.51621649,  -58.9656103 , -241.73896567,   -153.4220208 ], [-1093.36779054, 1248.3496658 ,    4.29942143,  165.14112243,     44.78061414, -203.07771701,   63.82779907,  -26.19064966,     -1.62569729,  -27.71116461,   31.65446407,  -11.74572172,      1.84665476], [-1698.07810562,    4.29942143,  685.84665814,   30.44911431,     80.5375205 ,  127.39567829,   37.71458751,   17.5568206 ,     60.62887505,   22.20318896,    4.1896427 ,  107.35781422,     58.59331964], [ -954.2044635 ,  165.14112243,   30.44911431,  380.90929385,     26.28118525,   52.75173156,   -4.50914912,   25.10072351,     43.39046995,  -30.72423706,  -10.85702234,   16.99870821,     21.32736726], [ -396.33046874,   44.78061414,   80.5375205 ,   26.28118525,    182.30354121,    0.31419859,   35.92042748,    1.09582575,     30.61172938,   20.28928175,   17.55538844,   25.61376392,     26.78343997], [  -13.71894817, -203.07771701,  127.39567829,   52.75173156,      0.31419859,  243.9882546 ,   36.4858432 ,   67.71634007,     71.90698419,    6.6943328 ,    4.50194256,   34.64338685,     33.89351385], [ -211.17195559,   63.82779907,   37.71458751,   -4.50914912,     35.92042748,   36.4858432 ,  114.20350771,   45.75627992,     35.65407276,   14.4872322 ,   23.67209075,   22.29851104,     20.16951628], [   59.94379416,  -26.19064966,   17.5568206 ,   25.10072351,      1.09582575,   67.71634007,   45.75627992,  116.77146488,     73.90322988,   14.70860863,    9.74412885,   10.07932618,     24.13939281], [   -7.61588264,   -1.62569729,   60.62887505,   43.39046995,     30.61172938,   71.90698419,   35.65407276,   73.90322988,    145.23763951,   44.90389877,   19.81543227,   18.22531655,     20.14775455], [   66.51621649,  -27.71116461,   22.20318896,  -30.72423706,     20.28928175,    6.6943328 ,   14.4872322 ,   14.70860863,     44.90389877,   94.71423681,   31.66684927,    2.52306844,     -0.43275317], [  -58.9656103 ,   31.65446407,    4.1896427 ,  -10.85702234,     17.55538844,    4.50194256,   23.67209075,    9.74412885,     19.81543227,   31.66684927,   70.26354397,   22.42574142,      3.72690667], [ -241.73896567,  -11.74572172,  107.35781422,   16.99870821,     25.61376392,   34.64338685,   22.29851104,   10.07932618,     18.22531655,    2.52306844,   22.42574142,   79.23293045,     38.3046687 ], [ -153.4220208 ,    1.84665476,   58.59331964,   21.32736726,     26.78343997,   33.89351385,   20.16951628,   24.13939281,     20.14775455,   -0.43275317,    3.72690667,   38.3046687 ,     71.07789639]]
/root/sim/music/out/スピッツ/CYCLE HIT 1997-2005 Spitz Complete Single Collection/14 正夢.mp3; [-493.24594  , 135.82477  , -24.99043  ,  14.112793 ,   6.0853815,    2.3813455,   3.7375226,   6.629985 ,   1.5509381,   1.61519  ,   -3.5923805,  -2.549292 ,   5.098045 ]; [[13307.40507746,  160.02553251, -632.46120984, -112.34541123,    -23.07328132,   23.15806924,   86.07841503,  142.84838625,     77.27825008,   42.41136877,  -28.48531928,  -65.69274467,     78.65930596], [  160.02553251,  852.16904631, -179.81274544,   64.21141089,     -4.32738691,  -75.41703685,   48.48735924,   -5.623169  ,    -15.70296486,   32.18976638,   -2.33042035,   23.74694221,     16.11199599], [ -632.46120984, -179.81274544,  369.19054784,  -13.04260105,     19.12950074,    2.71433117,  -16.56862118,  -17.03785173,    -18.61820172,    0.09104663,   30.50078293,   25.68572524,      2.64984974], [ -112.34541123,   64.21141089,  -13.04260105,  149.87408038,     -8.60268857,   26.06549832,   -8.8150824 ,    4.06274066,     27.0990659 ,   -2.99364804,  -26.42754835,   24.8477526 ,     18.94104103], [  -23.07328132,   -4.32738691,   19.12950074,   -8.60268857,    165.15265002,  -25.01359171,   -4.63045388,    0.1459665 ,      8.586917  ,   29.75463569,   20.95530006,  -10.70547015,     10.60283424], [   23.15806924,  -75.41703685,    2.71433117,   26.06549832,    -25.01359171,  146.72952448,    6.17795487,   10.43930062,     16.02641969,  -11.0336424 ,    1.93258084,    5.83090295,     -6.33057733], [   86.07841503,   48.48735924,  -16.56862118,   -8.8150824 ,     -4.63045388,    6.17795487,  102.45602275,   35.17859801,      0.57350194,    7.74821724,    8.65958641,    6.38176931,      7.47143625], [  142.84838625,   -5.623169  ,  -17.03785173,    4.06274066,      0.1459665 ,   10.43930062,   35.17859801,   89.76595186,     23.25834436,    8.1599951 ,    2.28385471,   -4.85383311,     15.41838422], [   77.27825008,  -15.70296486,  -18.61820172,   27.0990659 ,      8.586917  ,   16.02641969,    0.57350194,   23.25834436,     81.42272317,   24.70521575,   -4.17884613,    1.88676415,      9.19113242], [   42.41136877,   32.18976638,    0.09104663,   -2.99364804,     29.75463569,  -11.0336424 ,    7.74821724,    8.1599951 ,     24.70521575,   74.41094756,   32.12047462,   -0.84121292,     -1.58447627], [  -28.48531928,   -2.33042035,   30.50078293,  -26.42754835,     20.95530006,    1.93258084,    8.65958641,    2.28385471,     -4.17884613,   32.12047462,   78.96557716,    5.87287156,     -6.66896622], [  -65.69274467,   23.74694221,   25.68572524,   24.8477526 ,    -10.70547015,    5.83090295,    6.38176931,   -4.85383311,      1.88676415,   -0.84121292,    5.87287156,   62.63377847,     20.83624635], [   78.65930596,   16.11199599,    2.64984974,   18.94104103,     10.60283424,   -6.33057733,    7.47143625,   15.41838422,      9.19113242,   -1.58447627,   -6.66896622,   20.83624635,     72.01535614]]
/root/sim/music/out/スピッツ/スピッツ/12-ヒバリのこころ.mp3; [-613.5997    , 132.20914   , -20.723135  ,  21.276972  ,  10.097937  ,   -2.143856  ,   2.6611989 ,   8.255735  ,   1.3846018 ,   1.8452752 ,    0.31163752,   0.8149148 ,  -0.09582945]; [[16849.76163781,  729.59199881,  224.74186774,  295.64820835,   -307.31779846,    7.96813149,  -68.45110104,  -48.97214087,   -120.51721585,   33.453874  ,   -6.59026042,  -99.27881413,    -15.03919557], [  729.59199881,  966.71656676, -389.31143293,  139.01260792,    169.69103916,  -14.43703395,  113.87699663,   97.39183854,     75.24233185,   40.3705315 ,   42.45507661,   88.62800106,     11.38024978], [  224.74186774, -389.31143293,  429.2397446 ,  -11.26506485,    -57.91847074,   22.97944813,  -42.37721962,  -42.99647347,    -24.47084856,   -4.97849193,    6.8016201 ,  -15.72592266,     22.67244356], [  295.64820835,  139.01260792,  -11.26506485,  228.43844982,    108.18011435,   54.93904577,   -1.37203514,   26.25054257,     46.47525157,   13.08400644,   17.60368433,   65.30458645,     25.33374961], [ -307.31779846,  169.69103916,  -57.91847074,  108.18011435,    201.14352185,   58.7011488 ,   27.84764327,   43.41370168,     50.74417106,   11.45016728,   16.74013433,   63.73359482,     15.50767881], [    7.96813149,  -14.43703395,   22.97944813,   54.93904577,     58.7011488 ,  146.92384148,   24.51595952,   61.63852491,     40.88944386,   -6.90270913,   21.11288231,   45.63413996,      8.29797766], [  -68.45110104,  113.87699663,  -42.37721962,   -1.37203514,     27.84764327,   24.51595952,  113.69912124,   45.23978795,     16.03631398,   19.07765376,   13.16186975,   10.94333622,      5.78755322], [  -48.97214087,   97.39183854,  -42.99647347,   26.25054257,     43.41370168,   61.63852491,   45.23978795,  128.57445752,     63.26515619,    7.56395213,   13.70217556,   33.66112746,     14.04751693], [ -120.51721585,   75.24233185,  -24.47084856,   46.47525157,     50.74417106,   40.88944386,   16.03631398,   63.26515619,     98.66792904,   24.86464903,    9.51868953,   36.21972209,      3.1543065 ], [   33.453874  ,   40.3705315 ,   -4.97849193,   13.08400644,     11.45016728,   -6.90270913,   19.07765376,    7.56395213,     24.86464903,   69.25791825,   24.50347576,   -3.77999506,     -0.0358988 ], [   -6.59026042,   42.45507661,    6.8016201 ,   17.60368433,     16.74013433,   21.11288231,   13.16186975,   13.70217556,      9.51868953,   24.50347576,   59.85278336,   28.29570824,      3.4555431 ], [  -99.27881413,   88.62800106,  -15.72592266,   65.30458645,     63.73359482,   45.63413996,   10.94333622,   33.66112746,     36.21972209,   -3.77999506,   28.29570824,   95.08019953,     28.69129067], [  -15.03919557,   11.38024978,   22.67244356,   25.33374961,     15.50767881,    8.29797766,    5.78755322,   14.04751693,      3.1543065 ,   -0.0358988 ,    3.4555431 ,   28.69129067,     57.38766529]]
/root/sim/music/out/スピッツ/スピッツ/09-トンビ飛べなかった.mp3; [-602.2733    , 137.64389   ,  -8.226242  ,  22.902025  ,   9.114429  ,   -0.24062812,   7.944361  ,   7.5503607 ,   6.11777   ,   1.4857347 ,   -0.73942083,  -2.343384  ,   0.31675264]; [[7661.07745626, 150.44120667,  42.28006626, -49.79415818,-182.9089434 ,    18.42091913, -73.7700221 , 112.82044813, -15.05160214,  42.6016949 ,    -1.35493381,-100.41183828,  -2.97902649], [ 150.44120667, 928.2722016 ,-398.83264756,  61.36900959,  67.05232074,   -65.6484626 , 117.65618642,   2.53699678,  33.91477784,   7.657818  ,     3.31166135,   2.40114969,   6.45355543], [  42.28006626,-398.83264756, 423.58491187, -10.23065124, -12.85926485,     0.32998357, -95.77940089, -28.53718586, -15.94382409, -13.6917039 ,    -0.98230601,  30.34621648,  10.1015196 ], [ -49.79415818,  61.36900959, -10.23065124, 186.36010932,  40.36164207,    -0.57022611, -22.19668689, -24.55112433,  15.05286833, -24.36851279,   -27.95876399,  34.30087463,  28.7188583 ], [-182.9089434 ,  67.05232074, -12.85926485,  40.36164207, 135.27716192,   -12.61046559,   2.80225598, -19.15964876,  17.12095369,  -7.53733732,   -19.5046373 ,  11.81037835,  12.38815069], [  18.42091913, -65.6484626 ,   0.32998357,  -0.57022611, -12.61046559,   143.19756219,  15.83547263,  23.41798003, -10.4361514 , -18.41836116,     8.05377256,  -1.96005602, -19.6140547 ], [ -73.7700221 , 117.65618642, -95.77940089, -22.19668689,   2.80225598,    15.83547263, 134.94113424,  23.6756318 ,  -5.2414833 ,   6.18895956,    10.13925668,  -3.84596391, -10.61743669], [ 112.82044813,   2.53699678, -28.53718586, -24.55112433, -19.15964876,    23.41798003,  23.6756318 ,  82.66736749,  14.14578321,   6.03574367,     1.32639151, -20.26070443,  -4.34526244], [ -15.05160214,  33.91477784, -15.94382409,  15.05286833,  17.12095369,   -10.4361514 ,  -5.2414833 ,  14.14578321,  80.41433828,  13.99406047,   -11.21389549,   7.77406268,  -3.29075308], [  42.6016949 ,   7.657818  , -13.6917039 , -24.36851279,  -7.53733732,   -18.41836116,   6.18895956,   6.03574367,  13.99406047,  77.90037096,    30.12880569, -19.11997358, -13.90741723], [  -1.35493381,   3.31166135,  -0.98230601, -27.95876399, -19.5046373 ,     8.05377256,  10.13925668,   1.32639151, -11.21389549,  30.12880569,    61.80309993,   9.04919216, -11.59898591], [-100.41183828,   2.40114969,  30.34621648,  34.30087463,  11.81037835,    -1.96005602,  -3.84596391, -20.26070443,   7.77406268, -19.11997358,     9.04919216,  79.51211505,  26.36814942], [  -2.97902649,   6.45355543,  10.1015196 ,  28.7188583 ,  12.38815069,   -19.6140547 , -10.61743669,  -4.34526244,  -3.29075308, -13.90741723,   -11.59898591,  26.36814942,  60.46471795]]
/root/sim/music/out/スピッツ/スピッツ/11-うめぼし.mp3; [-726.1207   , 157.19466  ,  -6.760556 ,  -3.1628163,  -8.72238  ,  -23.608835 ,  -6.1504602, -13.726339 ,  -6.583463 ,  -1.7427075,   -8.329019 ,  -8.238911 ,  -4.0587234]; [[8164.57301512, 427.84358251,-427.32569265,-643.22877564,-315.6468305 ,  -468.8478986 , -25.51769297,-199.08355552,-110.59393523, -47.83846603,  -202.44421806,-207.46647187,-173.98366332], [ 427.84358251,1159.55679144,-313.41919319, -40.49455517,-112.73243707,   -97.87241362,  -5.46765619, -49.18069932, -53.41373106,  12.13401809,   -14.91083274, -27.37100321,   1.38020969], [-427.32569265,-313.41919319, 478.17276516,  77.70088903,  99.47218196,    50.16728978,   5.65305091,  -8.4472037 ,  25.18574013, -11.89522505,     3.54581401,  51.55541164,  16.2664094 ], [-643.22877564, -40.49455517,  77.70088903, 382.77014297, 146.63317852,    31.71254347, -83.95004996,   7.59218035,  20.51767015, -34.99233607,   -11.23786825,  35.25723106,  63.70643265], [-315.6468305 ,-112.73243707,  99.47218196, 146.63317852, 200.48559531,     9.29484127, -41.58561982,  -6.84407202,  22.94883744,  -8.82529682,   -10.75934401,  21.89990948,  25.43118391], [-468.8478986 , -97.87241362,  50.16728978,  31.71254347,   9.29484127,   236.86417678,  37.62108539,  42.50672461,  36.22868719,   8.82532493,    48.42756143,   2.48053313, -25.33761445], [ -25.51769297,  -5.46765619,   5.65305091, -83.95004996, -41.58561982,    37.62108539, 140.75259287,  34.82650545,  -5.32691911,  23.76167806,    29.23343038, -10.06633163, -25.71918309], [-199.08355552, -49.18069932,  -8.4472037 ,   7.59218035,  -6.84407202,    42.50672461,  34.82650545, 136.87202514,  43.141659  ,  -0.62904757,    29.68987236,  -7.69279699,   7.05692399], [-110.59393523, -53.41373106,  25.18574013,  20.51767015,  22.94883744,    36.22868719,  -5.32691911,  43.141659  , 101.26286281,  20.09328148,     9.01085207,  -0.72059844,   0.09706469], [ -47.83846603,  12.13401809, -11.89522505, -34.99233607,  -8.82529682,     8.82532493,  23.76167806,  -0.62904757,  20.09328148,  96.71223223,    40.06186625,  -5.86303649, -22.9321079 ], [-202.44421806, -14.91083274,   3.54581401, -11.23786825, -10.75934401,    48.42756143,  29.23343038,  29.68987236,   9.01085207,  40.06186625,   118.76417674,  11.64409835, -11.55668875], [-207.46647187, -27.37100321,  51.55541164,  35.25723106,  21.89990948,     2.48053313, -10.06633163,  -7.69279699,  -0.72059844,  -5.86303649,    11.64409835,  84.98146146,  21.36936341], [-173.98366332,   1.38020969,  16.2664094 ,  63.70643265,  25.43118391,   -25.33761445, -25.71918309,   7.05692399,   0.09706469, -22.9321079 ,   -11.55668875,  21.36936341,  92.70246344]]
/root/sim/music/out/スピッツ/スピッツ/02-海とピンク.mp3; [-618.5938    , 121.97641   ,   1.6134292 ,  23.35662   ,  17.316837  ,    5.2417235 ,   5.475135  ,   8.546959  ,   5.663584  ,   4.053852  ,    0.99498254,  -0.39070863,   3.5187223 ]; [[5839.52651566,-228.94455702, 293.54886589, -76.64082749,-208.33312404,    -4.4065426 ,-127.48517625,  16.4874803 , -66.24227092, -48.89344148,   -10.39793636,-102.38940175, -24.82186011], [-228.94455702,1055.54284331,-444.50667513,  42.88502294, 125.46144284,  -128.42982164, 157.91779887,  71.64468469,  72.70349448,  86.96338282,    31.9031815 ,  29.95793764,  31.55425158], [ 293.54886589,-444.50667513, 493.67692474,  11.68431092, -66.68764638,    56.7802684 ,-128.69787122, -72.04321617, -52.66663217, -46.31054727,    -3.28023192,  -7.60621799,  -2.57967209], [ -76.64082749,  42.88502294,  11.68431092, 201.84424922,  64.85524475,    22.89163588,  -8.09936798, -19.44692973,  12.43602687,  -0.48238614,    -5.54949289,  39.16668315,  30.83877902], [-208.33312404, 125.46144284, -66.68764638,  64.85524475, 186.71674208,    50.82920938,  22.88399393,   9.59771904,  45.98832347,  12.17909126,   -13.17588851,  17.38960932,  11.71666082], [  -4.4065426 ,-128.42982164,  56.7802684 ,  22.89163588,  50.82920938,   172.05190075,   9.6099212 ,  -6.20453436,   2.36886331, -21.98330133,    -9.02987145,   8.94919441, -12.2491954 ], [-127.48517625, 157.91779887,-128.69787122,  -8.09936798,  22.88399393,     9.6099212 , 150.59586383,  68.19921421,  14.38539181,  24.49871553,    15.45610659,   1.82566174,  -5.77734249], [  16.4874803 ,  71.64468469, -72.04321617, -19.44692973,   9.59771904,    -6.20453436,  68.19921421, 110.34169145,  39.34130218,   2.09687746,    -7.44601413,  -9.60866887,   3.77737984], [ -66.24227092,  72.70349448, -52.66663217,  12.43602687,  45.98832347,     2.36886331,  14.38539181,  39.34130218,  98.73450997,  32.75857421,   -13.61461738,   2.0923074 ,   9.24638546], [ -48.89344148,  86.96338282, -46.31054727,  -0.48238614,  12.17909126,   -21.98330133,  24.49871553,   2.09687746,  32.75857421,  94.11761873,    42.01699318,   6.5078648 ,   2.3268885 ], [ -10.39793636,  31.9031815 ,  -3.28023192,  -5.54949289, -13.17588851,    -9.02987145,  15.45610659,  -7.44601413, -13.61461738,  42.01699318,    90.32653906,  32.9408512 , -12.85292209], [-102.38940175,  29.95793764,  -7.60621799,  39.16668315,  17.38960932,     8.94919441,   1.82566174,  -9.60866887,   2.0923074 ,   6.5078648 ,    32.9408512 ,  85.42845204,  25.90178169], [ -24.82186011,  31.55425158,  -2.57967209,  30.83877902,  11.71666082,   -12.2491954 ,  -5.77734249,   3.77737984,   9.24638546,   2.3268885 ,   -12.85292209,  25.90178169,  72.93206313]]
/root/sim/music/out/スピッツ/スピッツ/03-ビー玉.mp3; [-658.7998   , 130.24132  ,   9.328942 ,  22.923098 ,   2.8151944,   -5.105659 ,   3.4669635,   1.3683219,   1.5363315,   2.953547 ,   -2.8522706,  -1.0895377,   2.651341 ]; [[13754.25060614,  955.97143821,  674.72466138,  116.70888141,    465.9974479 ,  391.85143606,  316.63900334,  369.45205152,    285.5102726 ,   58.42158672,    0.62323605,  120.72132982,    154.82365363], [  955.97143821,  948.31816284, -104.04555862,   83.63851226,     67.93215555,  -24.96294781,  153.15704889,   48.98883954,     45.94945791,   97.18656408,    9.37771687,   30.73300543,     38.33857122], [  674.72466138, -104.04555862,  359.51754189,   74.09414992,     67.91486067,   86.48234954,   -7.26962961,   26.43871355,     43.97525198,  -19.7816267 ,    5.07210133,   39.16518766,     20.02315716], [  116.70888141,   83.63851226,   74.09414992,  248.06280702,     79.97363384,  -16.98899585,   -0.76004727,   -6.02873241,     10.16815747,    8.61458756,  -14.00264361,   22.37226298,     46.77280987], [  465.9974479 ,   67.93215555,   67.91486067,   79.97363384,    204.714589  ,   66.73003925,    0.47689147,   13.2035887 ,     49.30767129,    9.64540649,  -15.09125846,   27.02526208,     37.07454481], [  391.85143606,  -24.96294781,   86.48234954,  -16.98899585,     66.73003925,  195.48922586,   37.57491723,   27.05484148,     24.66900428,  -11.75896542,   13.39306845,   17.70313626,    -17.77737877], [  316.63900334,  153.15704889,   -7.26962961,   -0.76004727,      0.47689147,   37.57491723,  155.25278668,   63.5454672 ,     -4.29372195,   23.6898049 ,   20.39847251,   -4.70885835,    -10.01371561], [  369.45205152,   48.98883954,   26.43871355,   -6.02873241,     13.2035887 ,   27.05484148,   63.5454672 ,  115.24505897,     43.91347961,   -7.89805994,    4.89562441,    1.38610654,     -1.71345175], [  285.5102726 ,   45.94945791,   43.97525198,   10.16815747,     49.30767129,   24.66900428,   -4.29372195,   43.91347961,    101.21371657,   23.70719752,  -11.5917532 ,   12.44971939,     13.28859899], [   58.42158672,   97.18656408,  -19.7816267 ,    8.61458756,      9.64540649,  -11.75896542,   23.6898049 ,   -7.89805994,     23.70719752,   92.19615593,   27.59554189,   -7.98745872,     -1.68578145], [    0.62323605,    9.37771687,    5.07210133,  -14.00264361,    -15.09125846,   13.39306845,   20.39847251,    4.89562441,    -11.5917532 ,   27.59554189,   79.09187406,   16.06203184,    -20.43191379], [  120.72132982,   30.73300543,   39.16518766,   22.37226298,     27.02526208,   17.70313626,   -4.70885835,    1.38610654,     12.44971939,   -7.98745872,   16.06203184,   78.72866935,     31.87023814], [  154.82365363,   38.33857122,   20.02315716,   46.77280987,     37.07454481,  -17.77737877,  -10.01371561,   -1.71345175,     13.28859899,   -1.68578145,  -20.43191379,   31.87023814,     87.63510676]]
/root/sim/music/out/スピッツ/スピッツ/01-ニノウデの世界.mp3; [-625.4736   , 114.459076 ,   9.170241 ,  23.159073 ,   0.2625303,    1.4222219,   8.333224 ,   7.938077 ,   4.781757 ,  -0.7643773,    3.4612062,   2.868769 ,  -3.3934913]; [[10036.48159466,  387.74224379,  -31.46350401,  176.08963016,    252.04288672, -167.02984265, -305.21898047,   21.71808432,    -49.19882669,  -22.43879217, -277.79343754, -324.00862763,   -158.90576286], [  387.74224379,  775.25522835, -145.26587686,  112.69530245,    -21.91687113,  -48.96179219,  117.17652387,   14.13373012,     90.52803753,   34.62374029,   41.13450236,   39.18253069,    -12.31913988], [  -31.46350401, -145.26587686,  518.98921609,    5.00073145,    -85.84493985,   63.43925971,   32.03528659,  -33.65264185,    -42.0390107 ,    6.55839592,   16.24797917,  -13.19423694,     59.21114105], [  176.08963016,  112.69530245,    5.00073145,  201.7268221 ,     42.36337345,    3.85610617,   -9.61956231,    9.88896087,     55.29523447,  -28.84949463,  -14.82449162,   27.88188608,     15.0317402 ], [  252.04288672,  -21.91687113,  -85.84493985,   42.36337345,    258.96177958,   -8.70252184,  -54.39693994,   32.11230929,     17.31478883,   25.68377539,  -21.16230153,   11.39298849,     -1.90828524], [ -167.02984265,  -48.96179219,   63.43925971,    3.85610617,     -8.70252184,  147.73674242,   54.30950564,    4.19420268,    -15.10120985,    0.40594604,   43.00930213,   21.84410678,     -7.88160203], [ -305.21898047,  117.17652387,   32.03528659,   -9.61956231,    -54.39693994,   54.30950564,  183.17891363,   19.63627418,      5.8477482 ,   42.26706325,   50.07947494,   25.02394524,     -0.33789537], [   21.71808432,   14.13373012,  -33.65264185,    9.88896087,     32.11230929,    4.19420268,   19.63627418,  102.32159735,     41.55599394,   -3.28864537,    1.21417925,   25.25821858,      5.57096822], [  -49.19882669,   90.52803753,  -42.0390107 ,   55.29523447,     17.31478883,  -15.10120985,    5.8477482 ,   41.55599394,    129.5190429 ,   13.49058363,   -9.92227411,   30.9349951 ,      3.18595016], [  -22.43879217,   34.62374029,    6.55839592,  -28.84949463,     25.68377539,    0.40594604,   42.26706325,   -3.28864537,     13.49058363,  124.40851135,   38.54953589,   -8.25025527,     -2.57565342], [ -277.79343754,   41.13450236,   16.24797917,  -14.82449162,    -21.16230153,   43.00930213,   50.07947494,    1.21417925,     -9.92227411,   38.54953589,  105.35043475,   33.52408253,     -8.04908406], [ -324.00862763,   39.18253069,  -13.19423694,   27.88188608,     11.39298849,   21.84410678,   25.02394524,   25.25821858,     30.9349951 ,   -8.25025527,   33.52408253,   97.75592837,     25.7872796 ], [ -158.90576286,  -12.31913988,   59.21114105,   15.0317402 ,     -1.90828524,   -7.88160203,   -0.33789537,    5.57096822,      3.18595016,   -2.57565342,   -8.04908406,   25.7872796 ,     76.6309895 ]]
/root/sim/music/out/スピッツ/スピッツ/10-夏の魔物.mp3; [-607.9208    , 129.08487   ,   6.1378236 ,  16.003433  ,   4.359824  ,    3.45548   ,   6.848939  ,   5.2749405 ,   0.03333791,  -0.47437754,    3.2233217 ,   3.8698578 ,   1.2618849 ]; [[13802.81656914,  740.59849653, -388.28605618, -152.53663016,   -192.47238094,    7.25970666,   40.66847855,   62.39405299,   -138.20208241, -121.21685352,  -21.80333691,  -95.9298017 ,   -146.77919112], [  740.59849653, 1033.51691279, -254.99332147,   34.96931945,     54.1280316 ,  -56.19232316,   63.4154984 ,   20.91032096,     42.43346242,   35.00298636,   25.84813106,   33.23510724,    -13.57380265], [ -388.28605618, -254.99332147,  443.93445022,   87.88260197,    -27.27781963,   33.40138731,  -21.46414343,  -29.9566405 ,     -7.20147811,    0.84967504,   -9.06741553,    8.54425223,     58.55189298], [ -152.53663016,   34.96931945,   87.88260197,  210.95250012,     63.78269356,  -13.80325829,  -17.16434513,  -15.52672218,     26.69539548,   -1.85699227,  -25.18544718,   26.08711719,     47.2076205 ], [ -192.47238094,   54.1280316 ,  -27.27781963,   63.78269356,    162.70152727,   52.70719741,  -16.10907666,   -2.99478745,     29.24034444,  -13.014789  ,   -2.24092482,   43.90312264,     16.92936849], [    7.25970666,  -56.19232316,   33.40138731,  -13.80325829,     52.70719741,  149.77913314,   33.24555952,    5.25650347,    -11.74915893,  -24.37952255,   18.66432625,   32.14046537,     -0.67552404], [   40.66847855,   63.4154984 ,  -21.46414343,  -17.16434513,    -16.10907666,   33.24555952,  136.59254417,   43.91947411,    -13.34697765,    5.2809312 ,    9.74265243,    7.39305792,     -6.96757342], [   62.39405299,   20.91032096,  -29.9566405 ,  -15.52672218,     -2.99478745,    5.25650347,   43.91947411,   98.39799027,     26.21053717,    0.24725839,    6.01727256,   -3.05698765,     -8.47942124], [ -138.20208241,   42.43346242,   -7.20147811,   26.69539548,     29.24034444,  -11.74915893,  -13.34697765,   26.21053717,     88.36040498,   32.97520293,   -5.35817002,    2.75056411,     -4.31254198], [ -121.21685352,   35.00298636,    0.84967504,   -1.85699227,    -13.014789  ,  -24.37952255,    5.2809312 ,    0.24725839,     32.97520293,   95.73243353,   27.054097  ,  -21.9093378 ,    -19.03826647], [  -21.80333691,   25.84813106,   -9.06741553,  -25.18544718,     -2.24092482,   18.66432625,    9.74265243,    6.01727256,     -5.35817002,   27.054097  ,   65.84237067,   11.4501521 ,    -18.7690239 ], [  -95.9298017 ,   33.23510724,    8.54425223,   26.08711719,     43.90312264,   32.14046537,    7.39305792,   -3.05698765,      2.75056411,  -21.9093378 ,   11.4501521 ,   82.25004033,     31.599114  ], [ -146.77919112,  -13.57380265,   58.55189298,   47.2076205 ,     16.92936849,   -0.67552404,   -6.96757342,   -8.47942124,     -4.31254198,  -19.03826647,  -18.7690239 ,   31.599114  ,     78.87743952]]
/root/sim/music/out/スピッツ/スピッツ/07-タンポポ.mp3; [-659.5476    , 140.76663   ,  -3.2185507 ,  16.426613  ,  10.031517  ,   -5.210489  ,   4.899462  ,   4.0027733 ,   3.411026  ,   6.604492  ,    6.5723014 ,  -0.35372755,   2.7462237 ]; [[10937.16887038, 1515.13742506,  599.69062318,  418.37161154,    -52.34747275,  229.36296242,  182.76145348,  149.85974922,    192.4660172 ,   94.66702678,   62.22702289,   30.16384731,    128.21790802], [ 1515.13742506, 1779.48770543, -223.55173242,  113.29560115,    310.19540596,  -77.53577378,  117.00231575,  144.2054412 ,     73.20334486,   78.41379975,   27.49626121,  -11.81531152,     75.43156619], [  599.69062318, -223.55173242,  431.54958568,  -16.53980305,    -27.26045051,   69.54958586,  -16.10908492,  -54.86184774,    -10.25480664,  -41.4237762 ,  -39.8851632 ,    6.88216776,      1.18729625], [  418.37161154,  113.29560115,  -16.53980305,  259.28217406,     19.26758226,   44.67658191,  -34.99758885,   20.36254523,     52.16911834,   14.92620344,    9.54343049,   -0.7989005 ,      2.17662882], [  -52.34747275,  310.19540596,  -27.26045051,   19.26758226,    237.95228687,  -30.14085268,   31.98771204,   33.06048755,     31.25170705,   39.03932285,    9.53730414,    1.97473311,      7.69096637], [  229.36296242,  -77.53577378,   69.54958586,   44.67658191,    -30.14085268,  146.71437014,    8.5875787 ,   21.98793989,     28.30646939,  -21.69866357,    7.00220513,    6.22654078,    -16.6756395 ], [  182.76145348,  117.00231575,  -16.10908492,  -34.99758885,     31.98771204,    8.5875787 ,  130.19256683,   42.40332952,      5.56318997,   14.73229196,    9.8084947 ,   14.49962952,     20.04566313], [  149.85974922,  144.2054412 ,  -54.86184774,   20.36254523,     33.06048755,   21.98793989,   42.40332952,  123.13125029,     55.78358468,   13.60724093,   15.86077978,   -3.63697727,      2.52765389], [  192.4660172 ,   73.20334486,  -10.25480664,   52.16911834,     31.25170705,   28.30646939,    5.56318997,   55.78358468,    101.41920152,   32.43606268,   14.56098843,    3.90656881,     -3.54819951], [   94.66702678,   78.41379975,  -41.4237762 ,   14.92620344,     39.03932285,  -21.69866357,   14.73229196,   13.60724093,     32.43606268,   85.21592326,   38.76501924,    9.27022142,     12.79675924], [   62.22702289,   27.49626121,  -39.8851632 ,    9.54343049,      9.53730414,    7.00220513,    9.8084947 ,   15.86077978,     14.56098843,   38.76501924,   80.27404309,   29.90310179,      8.87466716], [   30.16384731,  -11.81531152,    6.88216776,   -0.7989005 ,      1.97473311,    6.22654078,   14.49962952,   -3.63697727,      3.90656881,    9.27022142,   29.90310179,   62.67570934,     27.98899594], [  128.21790802,   75.43156619,    1.18729625,    2.17662882,      7.69096637,  -16.6756395 ,   20.04566313,    2.52765389,     -3.54819951,   12.79675924,    8.87466716,   27.98899594,     70.84229904]]
