/root/sim/music/out/エレファントカシマシ/MASTERPIECE/05 約束.mp3; [-591.55786   , 120.038826  ,   2.8074944 ,  23.329748  ,   6.816093  ,   -2.2574134 ,   2.1582456 ,   3.4418008 ,  -1.9154558 ,  -0.37423092,   -2.0637996 ,  -2.7824059 ,   0.67114234]; [[20891.27864139,-2925.21318038, -257.96446651,   69.80522894,    265.94048212,  203.62144715,  -96.60110868,  219.27525329,    171.26193089,  289.73386704,  127.7223093 ,  -80.83592776,     51.26963185], [-2925.21318038, 2523.49843639, -570.7903776 ,  -45.40725834,     99.59294493,  -80.73607309,  135.72577343,   32.66889462,    -19.28991537,  -20.99906459,  -17.19096785,   -1.66930906,     11.22449984], [ -257.96446651, -570.7903776 , 1007.56673441,   21.47362529,    -77.54191255,  104.3571291 ,  -26.5724503 ,  -14.77826659,    -14.1719814 ,  -55.72405823,    9.10999149,   13.00375033,     -8.43308002], [   69.80522894,  -45.40725834,   21.47362529,  409.05196218,     63.05592359,   83.89345356,    2.24036405,   -4.28529118,     75.19505163,  -33.30238419,   -3.0584736 ,   22.18288692,     19.67656882], [  265.94048212,   99.59294493,  -77.54191255,   63.05592359,    247.48280217,   40.54811941,   11.44117295,   11.21622067,     65.08917335,   25.63290748,    5.47045045,    3.79018411,     28.43110386], [  203.62144715,  -80.73607309,  104.3571291 ,   83.89345356,     40.54811941,  222.46330561,   45.65566278,    9.72382811,     67.80458618,   10.44792019,   25.22490126,   20.21319165,      8.37182823], [  -96.60110868,  135.72577343,  -26.5724503 ,    2.24036405,     11.44117295,   45.65566278,  201.11589259,   64.72777976,     10.06459328,   38.61686789,   22.27613273,   27.0480244 ,     -8.02242717], [  219.27525329,   32.66889462,  -14.77826659,   -4.28529118,     11.21622067,    9.72382811,   64.72777976,  122.93153866,     27.47017726,   27.24646566,   20.99612594,    6.84314791,      8.35712774], [  171.26193089,  -19.28991537,  -14.1719814 ,   75.19505163,     65.08917335,   67.80458618,   10.06459328,   27.47017726,    172.86792966,   43.68269263,   26.69268349,   20.2048608 ,     12.44948642], [  289.73386704,  -20.99906459,  -55.72405823,  -33.30238419,     25.63290748,   10.44792019,   38.61686789,   27.24646566,     43.68269263,  155.41359376,   43.33295881,   11.66417344,      2.24439976], [  127.7223093 ,  -17.19096785,    9.10999149,   -3.0584736 ,      5.47045045,   25.22490126,   22.27613273,   20.99612594,     26.69268349,   43.33295881,   94.10429385,   29.1668541 ,      4.63147852], [  -80.83592776,   -1.66930906,   13.00375033,   22.18288692,      3.79018411,   20.21319165,   27.0480244 ,    6.84314791,     20.2048608 ,   11.66417344,   29.1668541 ,   94.78413682,     26.47912705], [   51.26963185,   11.22449984,   -8.43308002,   19.67656882,     28.43110386,    8.37182823,   -8.02242717,    8.35712774,     12.44948642,    2.24439976,    4.63147852,   26.47912705,     89.76541834]]
/root/sim/music/out/エレファントカシマシ/MASTERPIECE/03 大地のシンフォニー.mp3; [-566.2753   , 117.363716 ,   3.196086 ,  16.606087 ,   5.032516 ,   -6.4189506,  -1.3334008,   1.980208 ,  -8.382118 ,   2.298225 ,   -5.345567 ,  -5.277234 ,   1.9118776]; [[14285.48045123, -441.16920625, -351.7955682 ,  -72.27676156,     42.68557852,   19.67068526,  -17.69129303,   85.20398355,     30.55946474,   21.92920353, -124.91606726,  -50.31148378,     60.71566729], [ -441.16920625, 1379.43017528, -372.98827182,  -27.06278367,     20.51978068, -164.08073559,   96.47479797,   56.48708751,    -58.96888469,   63.42698012,    8.74316446,  -35.48287557,     10.83268568], [ -351.7955682 , -372.98827182,  746.66852508,   29.97795463,    -75.44286176,  145.15218763,   35.01944689,   22.33580711,      5.37941957,  -48.77939975,   34.97068466,   46.96939641,    -37.68786869], [  -72.27676156,  -27.06278367,   29.97795463,  347.2899921 ,     81.73902932,   57.37527178,  -72.24785755,  -17.65903487,     57.53150699,  -37.84675386,   20.76136006,    3.15321378,     49.30241988], [   42.68557852,   20.51978068,  -75.44286176,   81.73902932,    258.18286171,   18.77669843,  -68.57469109,  -47.16026293,     28.46202515,   35.63909107,   -7.76932198,   -4.72667642,     42.36465971], [   19.67068526, -164.08073559,  145.15218763,   57.37527178,     18.77669843,  218.4186189 ,   30.45499971,  -12.57415497,     76.77933073,  -35.01952231,   40.23372839,   36.08644951,     -3.00906387], [  -17.69129303,   96.47479797,   35.01944689,  -72.24785755,    -68.57469109,   30.45499971,  231.71522301,   80.92993936,      3.54610519,   25.15855965,   43.23319063,   35.48958292,    -43.15984485], [   85.20398355,   56.48708751,   22.33580711,  -17.65903487,    -47.16026293,  -12.57415497,   80.92993936,  135.02769332,      9.46601834,   14.78959179,   19.02711759,   18.15585545,      3.94058603], [   30.55946474,  -58.96888469,    5.37941957,   57.53150699,     28.46202515,   76.77933073,    3.54610519,    9.46601834,    162.6528214 ,    7.14570937,   37.41316505,   33.45375739,     14.87671381], [   21.92920353,   63.42698012,  -48.77939975,  -37.84675386,     35.63909107,  -35.01952231,   25.15855965,   14.78959179,      7.14570937,  144.57573888,   19.27520013,    0.96948558,     -1.47136702], [ -124.91606726,    8.74316446,   34.97068466,   20.76136006,     -7.76932198,   40.23372839,   43.23319063,   19.02711759,     37.41316505,   19.27520013,   93.57810669,   34.00224673,    -12.64623809], [  -50.31148378,  -35.48287557,   46.96939641,    3.15321378,     -4.72667642,   36.08644951,   35.48958292,   18.15585545,     33.45375739,    0.96948558,   34.00224673,   90.48810818,      9.29715242], [   60.71566729,   10.83268568,  -37.68786869,   49.30241988,     42.36465971,   -3.00906387,  -43.15984485,    3.94058603,     14.87671381,   -1.47136702,  -12.64623809,    9.29715242,     97.18828455]]
/root/sim/music/out/エレファントカシマシ/MASTERPIECE/09 ワインディングロード.mp3; [-542.29333   , 120.468414  ,  -1.15745   ,  15.806883  ,  15.9720545 ,   12.210108  ,   2.641088  ,   0.82015413,  -1.013036  ,   5.1848006 ,   -0.1305833 ,  -3.1907053 ,  -0.46533734]; [[16149.2180095 , -107.47853635, -124.33483248, -259.12868905,   -108.80491378,   70.91722168,  134.59862086,  204.912903  ,    188.39970814,   84.18556726,  136.47263609,  -15.3953864 ,    -27.29714252], [ -107.47853635, 1424.08677759, -346.07065343,   -0.61699222,    126.45971953,   -9.68194045,   46.57456693,    0.32991829,    -24.75729289,  104.97830644,   16.34243727,  -12.28562888,     40.29143442], [ -124.33483248, -346.07065343,  415.80003019,  105.08832954,     34.72106914,   83.16518164,   11.82784141,   12.15229603,     31.52988808,  -27.79820677,    8.21477415,   39.79667792,     21.26419792], [ -259.12868905,   -0.61699222,  105.08832954,  323.99180358,     87.17427255,   15.07073913,  -26.27555562,   -3.38359997,      2.72732141,  -38.89786898,  -21.92222629,   15.58417878,     44.19209712], [ -108.80491378,  126.45971953,   34.72106914,   87.17427255,    252.07358584,   82.15832047,   10.96559324,   -7.19177488,     62.30533584,   60.18079905,   31.67277242,   13.68459465,     37.83729133], [   70.91722168,   -9.68194045,   83.16518164,   15.07073913,     82.15832047,  194.59943884,   62.07475782,   23.56971729,     71.11001403,   21.22286137,   53.19750232,   22.99919119,     -1.86365903], [  134.59862086,   46.57456693,   11.82784141,  -26.27555562,     10.96559324,   62.07475782,  171.15541073,   74.28033169,     44.63004683,   19.19256255,   37.60762199,   25.69584268,     -3.79773826], [  204.912903  ,    0.32991829,   12.15229603,   -3.38359997,     -7.19177488,   23.56971729,   74.28033169,  123.62982908,     40.29005421,    3.46156525,   16.38776888,    7.42373549,      8.46593909], [  188.39970814,  -24.75729289,   31.52988808,    2.72732141,     62.30533584,   71.11001403,   44.63004683,   40.29005421,    157.36585765,   49.9058172 ,   47.67460648,   18.51906046,     -7.06945592], [   84.18556726,  104.97830644,  -27.79820677,  -38.89786898,     60.18079905,   21.22286137,   19.19256255,    3.46156525,     49.9058172 ,  138.24019912,   48.08814807,    6.73202096,     13.75795803], [  136.47263609,   16.34243727,    8.21477415,  -21.92222629,     31.67277242,   53.19750232,   37.60762199,   16.38776888,     47.67460648,   48.08814807,  104.26721872,   29.17741607,      6.49439466], [  -15.3953864 ,  -12.28562888,   39.79667792,   15.58417878,     13.68459465,   22.99919119,   25.69584268,    7.42373549,     18.51906046,    6.73202096,   29.17741607,   82.03901999,     18.81945119], [  -27.29714252,   40.29143442,   21.26419792,   44.19209712,     37.83729133,   -1.86365903,   -3.79773826,    8.46593909,     -7.06945592,   13.75795803,    6.49439466,   18.81945119,     90.91206771]]
/root/sim/music/out/エレファントカシマシ/MASTERPIECE/08 七色の虹の橋.mp3; [-649.13043   , 139.33427   ,  13.178448  ,  14.565964  ,  -2.9582136 ,   -7.5429335 ,  -2.5495489 ,  -0.21506506, -14.83804   ,  -3.8319871 ,   -6.1671033 ,  -7.75691   ,   0.39890406]; [[24195.05117969, -719.17567999,-1873.69932179, -717.41812683,   -310.40506111, -480.12717989, -240.32810481,  -35.63621947,   -583.0651098 ,  180.42904273, -498.04194336, -713.373779  ,   -409.72172011], [ -719.17567999, 2332.56837172, -341.51105202, -199.11928565,    -85.14454497, -241.41424567,   79.16592924,  -49.99785585,   -134.36463677,  -70.13159156,    4.40880897,  -52.80822763,    -19.1520776 ], [-1873.69932179, -341.51105202,  908.10191448,  248.15194984,    -83.78922744,  180.14304276,   -8.38278708,   20.2072518 ,     73.7522969 , -167.3732031 ,   39.76400338,   88.78865398,     38.61067886], [ -717.41812683, -199.11928565,  248.15194984,  475.90351444,     64.05502374,   89.63349527,  -87.83838003,   35.94668118,     76.40852261, -139.33244797,  -17.10142301,   45.90719367,     50.01457168], [ -310.40506111,  -85.14454497,  -83.78922744,   64.05502374,    297.54509248,   -1.12811555,  -62.04605008,  -44.64060791,     52.77358956,   63.93410183,  -11.11556357,   -0.78910057,     34.71953098], [ -480.12717989, -241.41424567,  180.14304276,   89.63349527,     -1.12811555,  266.47968147,   27.2363919 ,   13.32972563,     81.93652018,  -57.82375125,   53.10996298,   43.56812205,    -26.51197521], [ -240.32810481,   79.16592924,   -8.38278708,  -87.83838003,    -62.04605008,   27.2363919 ,  274.25560395,   59.70800697,      0.88515534,   14.22285088,   32.88542731,   11.10756265,    -66.73678014], [  -35.63621947,  -49.99785585,   20.2072518 ,   35.94668118,    -44.64060791,   13.32972563,   59.70800697,  156.73497608,    -16.80258105,  -32.57014706,    4.47923754,   -1.37370037,     -0.28788915], [ -583.0651098 , -134.36463677,   73.7522969 ,   76.40852261,     52.77358956,   81.93652018,    0.88515534,  -16.80258105,    186.87193369,    4.85239387,   19.60737642,   42.59586192,     -0.9454315 ], [  180.42904273,  -70.13159156, -167.3732031 , -139.33244797,     63.93410183,  -57.82375125,   14.22285088,  -32.57014706,      4.85239387,  225.27863569,   22.12863327,   -7.72036658,      3.03831811], [ -498.04194336,    4.40880897,   39.76400338,  -17.10142301,    -11.11556357,   53.10996298,   32.88542731,    4.47923754,     19.60737642,   22.12863327,  138.4394712 ,   45.43898034,      1.11533897], [ -713.373779  ,  -52.80822763,   88.78865398,   45.90719367,     -0.78910057,   43.56812205,   11.10756265,   -1.37370037,     42.59586192,   -7.72036658,   45.43898034,  112.50840435,     23.58876189], [ -409.72172011,  -19.1520776 ,   38.61067886,   50.01457168,     34.71953098,  -26.51197521,  -66.73678014,   -0.28788915,     -0.9454315 ,    3.03831811,    1.11533897,   23.58876189,    136.98679806]]
/root/sim/music/out/エレファントカシマシ/MASTERPIECE/07 穴があったら入いりたい.mp3; [-562.216    , 136.15375  , -12.110832 ,  15.3143425,   8.036469 ,   -1.4796723,  -3.8536885,  -4.3773255,  -6.035075 ,  -5.708257 ,   -6.8073435,  -9.868756 ,  -8.671488 ]; [[18836.30754332,  367.33744317,-1620.8306513 , -736.35940683,    -92.76044991,   44.40102052,  166.28446209,  293.3882883 ,    166.60725233,  214.65154441,  102.34642796,  -81.27529084,      5.88394381], [  367.33744317, 1317.89749401, -238.4172218 ,  -13.5074463 ,     41.70653831,  -65.46429521,   67.69879185,    3.94873545,    -28.06024186,  -19.78702906,  -21.65108976,  -27.51141632,     -0.14345855], [-1620.8306513 , -238.4172218 , 1071.33139798,  318.82729234,     48.32231692,   99.63207174,  -17.07850683,   -9.08306832,    -44.68212714,  -59.53722564,   16.93505742,   42.06056255,      1.18529881], [ -736.35940683,  -13.5074463 ,  318.82729234,  544.12277854,    124.85158076,   35.5911397 ,  -32.52403261,  -46.98202144,      1.29583212,  -18.49656566,    0.85617055,   25.83940111,      8.37201255], [  -92.76044991,   41.70653831,   48.32231692,  124.85158076,    228.59602964,   34.02482417,  -15.61588534,  -19.38665082,     17.3204287 ,   16.53508307,    1.24449168,   10.40583668,     13.21803537], [   44.40102052,  -65.46429521,   99.63207174,   35.5911397 ,     34.02482417,  200.90938778,   77.43318394,   16.63987862,     20.4839518 ,   12.56088924,   24.69072866,   18.47844545,      7.17232706], [  166.28446209,   67.69879185,  -17.07850683,  -32.52403261,    -15.61588534,   77.43318394,  190.25602326,   73.56856714,     12.08600194,   23.73865164,   26.23987904,   23.04880585,     15.22375206], [  293.3882883 ,    3.94873545,   -9.08306832,  -46.98202144,    -19.38665082,   16.63987862,   73.56856714,  142.32868431,     26.80740117,    9.17187866,   18.80090946,    6.51388372,     16.85718325], [  166.60725233,  -28.06024186,  -44.68212714,    1.29583212,     17.3204287 ,   20.4839518 ,   12.08600194,   26.80740117,    115.9536027 ,   32.13269811,   15.01812594,    8.09608106,      5.84245544], [  214.65154441,  -19.78702906,  -59.53722564,  -18.49656566,     16.53508307,   12.56088924,   23.73865164,    9.17187866,     32.13269811,  103.62565941,   33.48217366,   11.97706359,     14.5197812 ], [  102.34642796,  -21.65108976,   16.93505742,    0.85617055,      1.24449168,   24.69072866,   26.23987904,   18.80090946,     15.01812594,   33.48217366,   85.61772305,   30.81549611,     13.44481278], [  -81.27529084,  -27.51141632,   42.06056255,   25.83940111,     10.40583668,   18.47844545,   23.04880585,    6.51388372,      8.09608106,   11.97706359,   30.81549611,   79.53137362,     27.52615735], [    5.88394381,   -0.14345855,    1.18529881,    8.37201255,     13.21803537,    7.17232706,   15.22375206,   16.85718325,      5.84245544,   14.5197812 ,   13.44481278,   27.52615735,     79.47125048]]
/root/sim/music/out/エレファントカシマシ/MASTERPIECE/01 我が祈り.mp3; [-522.52734   , 132.85619   , -14.463011  ,  23.45785   ,  16.158173  ,    3.9274952 ,   6.132537  ,  -0.08619453,   0.5066574 ,   5.458486  ,   -2.1510627 ,  -3.0370595 ,   1.1765637 ]; [[11943.61799469,  118.8727552 , -658.18414225,  311.6860112 ,    -18.66485483,  104.49137879,  127.57565395,    2.43434977,    191.82973079,  202.6873341 ,  107.9894961 ,   16.80562742,    -78.84791572], [  118.8727552 ,  984.95564226, -200.64273772,   60.92007521,     46.25628007,  -43.00568749,   54.95372586,  -24.14076016,    -16.55773428,  -26.38076075,  -22.20912076,    1.33585596,     12.84133569], [ -658.18414225, -200.64273772,  484.84166341,  -69.36678595,     45.15838378,   25.67614783,  -62.7038899 ,   16.63628477,    -60.86037322,   -2.60412509,   -4.50606348,   -1.89902826,     24.67296802], [  311.6860112 ,   60.92007521,  -69.36678595,  319.91385348,     -0.6061292 ,  -11.16605633,  -11.50413438,  -40.55103727,     37.00927845,   17.28050223,   16.39419284,   26.34480731,     -8.63831195], [  -18.66485483,   46.25628007,   45.15838378,   -0.6061292 ,    147.29943757,   20.59239242,  -10.00844916,    8.63603518,      9.19220594,    7.94276138,    1.91110536,   -2.86067305,     23.30603216], [  104.49137879,  -43.00568749,   25.67614783,  -11.16605633,     20.59239242,  103.70324737,   43.04202314,   22.28414063,     12.28135695,    5.83629361,   13.34349823,    0.14769547,      7.88484201], [  127.57565395,   54.95372586,  -62.7038899 ,  -11.50413438,    -10.00844916,   43.04202314,  129.79328031,   37.43986981,     27.10340238,    0.69872251,   14.93351816,   13.70069422,     -0.84339259], [    2.43434977,  -24.14076016,   16.63628477,  -40.55103727,      8.63603518,   22.28414063,   37.43986981,   96.60223224,     21.74337799,   -2.8367867 ,   -3.63166671,    2.27807543,     14.08596175], [  191.82973079,  -16.55773428,  -60.86037322,   37.00927845,      9.19220594,   12.28135695,   27.10340238,   21.74337799,     97.05739594,   27.48018654,   17.31730641,    5.92289988,     -2.8961994 ], [  202.6873341 ,  -26.38076075,   -2.60412509,   17.28050223,      7.94276138,    5.83629361,    0.69872251,   -2.8367867 ,     27.48018654,   83.69546687,   31.40912917,   11.80439442,     -5.80087937], [  107.9894961 ,  -22.20912076,   -4.50606348,   16.39419284,      1.91110536,   13.34349823,   14.93351816,   -3.63166671,     17.31730641,   31.40912917,   86.37016558,   36.89870931,     -5.15535265], [   16.80562742,    1.33585596,   -1.89902826,   26.34480731,     -2.86067305,    0.14769547,   13.70069422,    2.27807543,      5.92289988,   11.80439442,   36.89870931,   66.86487568,     12.17704316], [  -78.84791572,   12.84133569,   24.67296802,   -8.63831195,     23.30603216,    7.88484201,   -0.84339259,   14.08596175,     -2.8961994 ,   -5.80087937,   -5.15535265,   12.17704316,     58.80180017]]
/root/sim/music/out/エレファントカシマシ/MASTERPIECE/06 ココロをノックしてくれ.mp3; [-543.35297   , 115.94856   ,  -0.19450372,  19.836771  ,   6.801014  ,    5.0914493 ,   2.521644  ,   4.047713  ,  -2.110913  ,   2.3333166 ,   -0.3316646 ,  -2.9139435 ,  -0.31520274]; [[18865.90108743, -126.70758643, -877.87785626, -883.67416257,   -285.8177008 ,  106.27511251,   92.50744632,  273.8638673 ,    181.56049783,  134.18841425,  170.69025129,   74.66864704,    117.28643867], [ -126.70758643, 1488.97618992, -259.95154972,   41.5746362 ,     62.52983551,  -54.41269629,   49.99576216,   97.06672561,    -78.80932804,   49.2901785 ,    1.02448961,  -18.44828455,     24.01616631], [ -877.87785626, -259.95154972,  756.23704414,  221.47455137,     36.52968658,   67.80576026,   19.57802556,  -44.23272177,     11.8094805 ,  -31.64170549,   14.66983619,   40.33477884,     -0.08484524], [ -883.67416257,   41.5746362 ,  221.47455137,  453.39565013,     88.52794105,    0.98921257,  -48.61816591,  -50.85912084,     11.80795044,  -23.71300561,  -16.28281123,    0.31374398,     -1.49977491], [ -285.8177008 ,   62.52983551,   36.52968658,   88.52794105,    238.86286057,   32.64366394,  -31.44322157,  -17.76525778,     40.79653534,   25.57337291,  -16.00886298,   -6.84279963,     19.41026059], [  106.27511251,  -54.41269629,   67.80576026,    0.98921257,     32.64366394,  184.45614623,   58.14616681,   15.17045497,     10.58829023,    4.33363738,   20.93692572,   14.59240226,      2.96722096], [   92.50744632,   49.99576216,   19.57802556,  -48.61816591,    -31.44322157,   58.14616681,  185.49216808,   77.70096248,    -19.05433812,   13.6494539 ,   40.70162116,   27.2097281 ,     -1.66463235], [  273.8638673 ,   97.06672561,  -44.23272177,  -50.85912084,    -17.76525778,   15.17045497,   77.70096248,  137.4321687 ,     13.73823891,   17.9843482 ,   31.78516656,   18.52226669,     18.8836537 ], [  181.56049783,  -78.80932804,   11.8094805 ,   11.80795044,     40.79653534,   10.58829023,  -19.05433812,   13.73823891,    126.41712734,   33.22826566,    3.39954788,    1.23159474,      5.95526799], [  134.18841425,   49.2901785 ,  -31.64170549,  -23.71300561,     25.57337291,    4.33363738,   13.6494539 ,   17.9843482 ,     33.22826566,  109.40717118,   23.87620958,    0.45119109,      4.76594548], [  170.69025129,    1.02448961,   14.66983619,  -16.28281123,    -16.00886298,   20.93692572,   40.70162116,   31.78516656,      3.39954788,   23.87620958,  104.79390526,   38.45352564,      8.37103797], [   74.66864704,  -18.44828455,   40.33477884,    0.31374398,     -6.84279963,   14.59240226,   27.2097281 ,   18.52226669,      1.23159474,    0.45119109,   38.45352564,   86.37311171,     29.1662187 ], [  117.28643867,   24.01616631,   -0.08484524,   -1.49977491,     19.41026059,    2.96722096,   -1.66463235,   18.8836537 ,      5.95526799,    4.76594548,    8.37103797,   29.1662187 ,     81.65184662]]
/root/sim/music/out/エレファントカシマシ/MASTERPIECE/10 世界伝統のマスター馬鹿.mp3; [-514.18524   , 119.855385  , -14.549025  ,  21.888287  ,  10.339474  ,    2.7661228 ,  -2.216443  ,   4.662852  ,   0.9213276 ,   0.48228523,   -1.0999398 ,  -1.2331289 ,  -1.0035317 ]; [[15193.49211312, 1642.0325888 , -288.18622344,  250.0892121 ,    244.82692124,   62.01144484,  -43.05102934,   90.76541436,     57.97221251,   26.02489025,  -54.58181399,  -82.51086039,    -74.9940778 ], [ 1642.0325888 , 1247.89508306, -346.20223957,   84.50694969,     97.11507152,   12.49197299,   61.0578899 ,   84.3527333 ,     17.14488892,   17.08087912,    4.38038333,  -29.24680916,     -3.34086299], [ -288.18622344, -346.20223957,  590.48706505,   99.71025579,    -12.22292062,   61.79503261,    2.22422469,  -22.68339203,      0.01187418,   -4.54496625,   -5.81195118,   48.15189089,      9.71149873], [  250.0892121 ,   84.50694969,   99.71025579,  343.26970104,     67.33389967,   21.82014567,   -7.062374  ,   -3.31354431,     27.79841483,    8.15133522,   -7.88573985,   27.57467185,     14.11673063], [  244.82692124,   97.11507152,  -12.22292062,   67.33389967,    193.60223109,   33.70763262,   -8.27638151,    8.85521934,     37.21277262,   10.18143463,   -1.65411414,  -13.91416687,     -5.9474182 ], [   62.01144484,   12.49197299,   61.79503261,   21.82014567,     33.70763262,  142.15545974,   61.78134945,   13.79512261,     17.98234658,   13.00041339,    4.72035386,    4.28879706,    -14.6010824 ], [  -43.05102934,   61.0578899 ,    2.22422469,   -7.062374  ,     -8.27638151,   61.78134945,  145.06744372,   49.20900727,      4.26255599,    9.40178308,   11.91852786,    2.00275148,    -11.0513674 ], [   90.76541436,   84.3527333 ,  -22.68339203,   -3.31354431,      8.85521934,   13.79512261,   49.20900727,  106.98147885,     34.91833551,    8.9723148 ,    8.09852348,  -13.1244446 ,     -8.32860217], [   57.97221251,   17.14488892,    0.01187418,   27.79841483,     37.21277262,   17.98234658,    4.26255599,   34.91833551,    106.18972151,   34.31334201,   -0.38034881,  -13.97275766,    -12.22864609], [   26.02489025,   17.08087912,   -4.54496625,    8.15133522,     10.18143463,   13.00041339,    9.40178308,    8.9723148 ,     34.31334201,   79.3383723 ,   22.58041007,    6.00245735,      1.21182322], [  -54.58181399,    4.38038333,   -5.81195118,   -7.88573985,     -1.65411414,    4.72035386,   11.91852786,    8.09852348,     -0.38034881,   22.58041007,   71.07270419,   30.74370592,      9.54600967], [  -82.51086039,  -29.24680916,   48.15189089,   27.57467185,    -13.91416687,    4.28879706,    2.00275148,  -13.1244446 ,    -13.97275766,    6.00245735,   30.74370592,   82.79184543,     39.97216596], [  -74.9940778 ,   -3.34086299,    9.71149873,   14.11673063,     -5.9474182 ,  -14.6010824 ,  -11.0513674 ,   -8.32860217,    -12.22864609,    1.21182322,    9.54600967,   39.97216596,     73.44568116]]
/root/sim/music/out/エレファントカシマシ/MASTERPIECE/11 飛べない俺.mp3; [-693.69244  , 187.9571   , -18.0827   ,  14.902166 , -12.264428 ,  -15.016804 , -10.984578 ,  -6.1557527, -13.708531 ,  -0.9545045,   -2.6663058,  -4.039213 ,   2.7760632]; [[20398.59956985,-1959.88520774,  211.53644291, -951.46336827,    702.83252193,  660.02128627,  307.97816714,  510.77557305,   -447.46502104,  354.91571753,   79.49220971,   -6.51715527,     66.2813468 ], [-1959.88520774, 2589.19655213, -923.99823337,  388.33138804,   -180.25340798, -186.99621389,  -26.92457649,  -55.82071758,    -16.26585976,  -15.40215682,   -2.56979232,  -11.63415586,     90.32565664], [  211.53644291, -923.99823337, 1476.51282778, -258.83981053,    286.84962379,   66.7262237 ,   65.58560205,   77.20638116,    178.65458393,  -54.49404708,   51.23363247,   67.50200241,   -105.78965296], [ -951.46336827,  388.33138804, -258.83981053,  670.95683848,    -57.91983105,   47.18522966,  -72.18785026,   21.2365231 ,    117.80618814,  -12.30224829,   -5.15351401,  -26.46537326,     86.91791094], [  702.83252193, -180.25340798,  286.84962379,  -57.91983105,    467.29874885,   67.14348426,   17.16436577,   29.97115767,    104.68839801,   49.33510083,   23.16472617,   60.6383441 ,    -15.04739329], [  660.02128627, -186.99621389,   66.7262237 ,   47.18522966,     67.14348426,  287.44571679,   61.81882684,   18.80961514,     41.34155587,   75.68584749,   68.72456162,   34.52163282,     28.82859627], [  307.97816714,  -26.92457649,   65.58560205,  -72.18785026,     17.16436577,   61.81882684,  251.25883365,   87.17090419,    -39.41326323,   72.4017028 ,    0.01755645,   12.97928532,     16.13321395], [  510.77557305,  -55.82071758,   77.20638116,   21.2365231 ,     29.97115767,   18.80961514,   87.17090419,  209.73443171,      3.38282318,    8.31630573,    6.01908286,  -11.59467023,     36.72168314], [ -447.46502104,  -16.26585976,  178.65458393,  117.80618814,    104.68839801,   41.34155587,  -39.41326323,    3.38282318,    202.78122905,    1.00491491,   18.30605139,   39.2874201 ,     14.18893181], [  354.91571753,  -15.40215682,  -54.49404708,  -12.30224829,     49.33510083,   75.68584749,   72.4017028 ,    8.31630573,      1.00491491,  179.77785352,   37.82810807,   22.25274261,     53.9015539 ], [   79.49220971,   -2.56979232,   51.23363247,   -5.15351401,     23.16472617,   68.72456162,    0.01755645,    6.01908286,     18.30605139,   37.82810807,  152.25880457,   47.27776407,      1.0645657 ], [   -6.51715527,  -11.63415586,   67.50200241,  -26.46537326,     60.6383441 ,   34.52163282,   12.97928532,  -11.59467023,     39.2874201 ,   22.25274261,   47.27776407,  118.59172554,     18.01479912], [   66.2813468 ,   90.32565664, -105.78965296,   86.91791094,    -15.04739329,   28.82859627,   16.13321395,   36.72168314,     14.18893181,   53.9015539 ,    1.0645657 ,   18.01479912,    132.50721586]]
/root/sim/music/out/エレファントカシマシ/MASTERPIECE/02 Darling.mp3; [-576.45123  , 139.2351   ,  -3.285316 ,  21.839176 ,   5.2160444,    4.1194634,  -2.3564181,   2.8440015,  -2.2803934,   6.671439 ,   -4.3984585,  -5.880174 ,  -1.8923167]; [[17071.32131793,  923.75277838,   54.08984256, -140.63807545,    -83.62157581,   81.51105865,   35.53885285,  171.51505936,     67.07467751,  357.76223172,  137.81749559,   35.22260199,     95.58857402], [  923.75277838, 1519.60752709, -460.50670611,   -2.20127533,     18.92105173,  -85.84749151,   74.00259286,   36.40018232,    -23.68577   ,   43.93314442,  -14.61893285,  -36.75076074,     21.69394607], [   54.08984256, -460.50670611,  665.23457209,  160.21594203,     56.39493894,  172.25914064,   20.83409387,   29.844864  ,     53.39145472,   -6.63281518,   95.69741036,   64.28352934,     20.87244977], [ -140.63807545,   -2.20127533,  160.21594203,  404.95393454,    130.44040136,  125.55651094,  -23.61269341,  -14.27905087,     74.66820456,  -34.62096226,   15.00066739,   15.34366152,      1.58113624], [  -83.62157581,   18.92105173,   56.39493894,  130.44040136,    277.13632042,   98.73391734,   -9.07011819,   -0.63872671,     73.95044742,   24.56021451,   24.68511807,   22.2307521 ,     13.10561076], [   81.51105865,  -85.84749151,  172.25914064,  125.55651094,     98.73391734,  257.40643654,   73.35268623,   24.63867917,     84.46408519,   17.33966375,   64.56558539,   48.19535956,     -3.55527702], [   35.53885285,   74.00259286,   20.83409387,  -23.61269341,     -9.07011819,   73.35268623,  194.11193448,   61.62398586,     14.7701522 ,   36.65547329,   46.63290841,   40.40767468,      7.36810631], [  171.51505936,   36.40018232,   29.844864  ,  -14.27905087,     -0.63872671,   24.63867917,   61.62398586,  108.2263459 ,     26.42259433,   25.71843134,   25.72575617,   16.2937376 ,     22.37825963], [   67.07467751,  -23.68577   ,   53.39145472,   74.66820456,     73.95044742,   84.46408519,   14.7701522 ,   26.42259433,    173.85352114,   43.38929692,   27.3890511 ,   27.8596688 ,     11.55943749], [  357.76223172,   43.93314442,   -6.63281518,  -34.62096226,     24.56021451,   17.33966375,   36.65547329,   25.71843134,     43.38929692,  134.41790946,   47.37245937,   25.73705256,     17.71281419], [  137.81749559,  -14.61893285,   95.69741036,   15.00066739,     24.68511807,   64.56558539,   46.63290841,   25.72575617,     27.3890511 ,   47.37245937,  118.39475529,   50.31665285,      9.48584652], [   35.22260199,  -36.75076074,   64.28352934,   15.34366152,     22.2307521 ,   48.19535956,   40.40767468,   16.2937376 ,     27.8596688 ,   25.73705256,   50.31665285,   89.12778011,     30.95051914], [   95.58857402,   21.69394607,   20.87244977,    1.58113624,     13.10561076,   -3.55527702,    7.36810631,   22.37825963,     11.55943749,   17.71281419,    9.48584652,   30.95051914,    100.54462534]]
/root/sim/music/out/エレファントカシマシ/sweet memory ～エレカシ青春セレクション～ [Bonus Disc]/2-01 石橋たたいて八十年.mp3; [-486.9609    ,  91.399086  , -17.9559    ,  33.175327  ,  14.18491   ,    3.7032952 ,   0.07519176,   9.627591  ,   2.4880395 ,   1.9915621 ,   -0.18848321,   1.7197306 ,  -1.8503115 ]; [[11345.32495645,  175.88039606, -613.1476277 ,   86.99981102,    -87.16965735,   57.3482939 ,  110.4063994 ,  163.81472142,    -51.18137892,   15.22921708,  -30.57730538,   50.45682995,    -29.85217692], [  175.88039606,  835.56057078,  -70.40394695,   59.31052621,     28.51279861,  -67.45545687,  -10.23311799,   -1.95665508,      6.90621531,    2.14187864,   35.23918522,   11.75861024,     16.65820916], [ -613.1476277 ,  -70.40394695,  446.86810826,  110.39288174,     87.19952175,   60.60216828,   21.55558981,   27.3394238 ,     69.98557751,   31.18745339,   33.99996352,   36.0898534 ,     42.775426  ], [   86.99981102,   59.31052621,  110.39288174,  238.95408819,    177.39937239,   23.1881406 ,  -19.04304978,   23.24357609,     64.0003615 ,   21.07574032,   33.64923671,   28.02602768,     30.70643383], [  -87.16965735,   28.51279861,   87.19952175,  177.39937239,    282.60072707,   49.86427323,   12.33585028,   50.77838509,     96.13841741,   34.66223047,   58.45309966,   39.9846258 ,     36.56629599], [   57.3482939 ,  -67.45545687,   60.60216828,   23.1881406 ,     49.86427323,  128.31772871,   86.2175311 ,   48.19550748,     31.49925023,   31.6139254 ,   18.49061182,   13.56073294,      5.19824645], [  110.4063994 ,  -10.23311799,   21.55558981,  -19.04304978,     12.33585028,   86.2175311 ,  187.1302521 ,  108.10358849,     36.77770812,   37.96184012,   33.92450122,   29.24576332,     17.51459916], [  163.81472142,   -1.95665508,   27.3394238 ,   23.24357609,     50.77838509,   48.19550748,  108.10358849,  137.43664832,     72.94245182,   36.98395595,   31.20263656,   30.6851676 ,     11.40790243], [  -51.18137892,    6.90621531,   69.98557751,   64.0003615 ,     96.13841741,   31.49925023,   36.77770812,   72.94245182,    128.15670926,   67.68599087,   43.13688181,   25.65608673,     11.22193871], [   15.22921708,    2.14187864,   31.18745339,   21.07574032,     34.66223047,   31.6139254 ,   37.96184012,   36.98395595,     67.68599087,  123.88533376,   60.59319814,   19.75608327,      5.87491809], [  -30.57730538,   35.23918522,   33.99996352,   33.64923671,     58.45309966,   18.49061182,   33.92450122,   31.20263656,     43.13688181,   60.59319814,   92.08107564,   46.66533439,     18.48513934], [   50.45682995,   11.75861024,   36.0898534 ,   28.02602768,     39.9846258 ,   13.56073294,   29.24576332,   30.6851676 ,     25.65608673,   19.75608327,   46.66533439,   80.88493231,     38.37407552], [  -29.85217692,   16.65820916,   42.775426  ,   30.70643383,     36.56629599,    5.19824645,   17.51459916,   11.40790243,     11.22193871,    5.87491809,   18.48513934,   38.37407552,     73.5692089 ]]
/root/sim/music/out/エレファントカシマシ/sweet memory ～エレカシ青春セレクション～ [Bonus Disc]/2-02 始まりはいつも.mp3; [-523.30896   , 110.8669    , -11.21955   ,  38.685368  ,  18.39687   ,    7.6910963 ,   6.546937  ,  12.148789  ,   3.9045022 ,   1.1442825 ,   -3.0834868 ,  -1.3726244 ,  -0.38166556]; [[13953.8728363 ,-1709.45016294,  -34.8725273 , -829.65499612,   -114.87189204,  142.79216286,  163.04866938,  166.16808297,     13.4288514 ,  163.21211713,   51.95631266,  -18.74855351,    -53.85257133], [-1709.45016294, 1851.90566627, -391.39878944,  472.15458217,     13.38053303,  -70.95544518,   20.31548834,   21.00309505,    -15.12085123,  -59.81263532,  -25.45755766,  -21.66544882,     33.5286406 ], [  -34.8725273 , -391.39878944,  659.91326026, -113.7217284 ,     11.43324967,   22.13445529,   -5.83001782,    3.84905798,     16.87605914,  -15.07412562,    9.80882099,   21.12255247,     40.82158827], [ -829.65499612,  472.15458217, -113.7217284 ,  447.24181772,    114.41135315,   21.66251479,  -82.96897904,  -27.8256202 ,     27.70601772,  -39.29833204,  -26.92699337,    2.80886464,    -28.4975364 ], [ -114.87189204,   13.38053303,   11.43324967,  114.41135315,    197.24927652,   31.23293258,  -25.18492348,  -25.16512874,     23.69941631,  -14.87208977,    6.35732048,   11.40002353,     -4.13671513], [  142.79216286,  -70.95544518,   22.13445529,   21.66251479,     31.23293258,  148.716323  ,   39.98573497,   12.05207296,     -0.89541239,   -2.71164659,    2.99421357,   14.80849144,    -19.11501961], [  163.04866938,   20.31548834,   -5.83001782,  -82.96897904,    -25.18492348,   39.98573497,  140.08370225,   56.57559881,     -5.68004102,    8.91499945,    7.32630539,    7.02936849,     11.67896499], [  166.16808297,   21.00309505,    3.84905798,  -27.8256202 ,    -25.16512874,   12.05207296,   56.57559881,  105.21016729,     26.39758363,    9.98382412,    7.91998488,    0.83341097,     -0.52629685], [   13.4288514 ,  -15.12085123,   16.87605914,   27.70601772,     23.69941631,   -0.89541239,   -5.68004102,   26.39758363,     95.24140071,   13.86847377,   17.96912998,   -0.2316509 ,    -13.37855575], [  163.21211713,  -59.81263532,  -15.07412562,  -39.29833204,    -14.87208977,   -2.71164659,    8.91499945,    9.98382412,     13.86847377,   84.29788869,   16.89130803,    6.24738226,      7.52525793], [   51.95631266,  -25.45755766,    9.80882099,  -26.92699337,      6.35732048,    2.99421357,    7.32630539,    7.91998488,     17.96912998,   16.89130803,   62.18094611,   18.95278567,     12.01157225], [  -18.74855351,  -21.66544882,   21.12255247,    2.80886464,     11.40002353,   14.80849144,    7.02936849,    0.83341097,     -0.2316509 ,    6.24738226,   18.95278567,   61.40737748,     16.51325195], [  -53.85257133,   33.5286406 ,   40.82158827,  -28.4975364 ,     -4.13671513,  -19.11501961,   11.67896499,   -0.52629685,    -13.37855575,    7.52525793,   12.01157225,   16.51325195,     75.90053018]]
/root/sim/music/out/ザ・タイマーズ/ザ・タイマーズ／タイマーズ/05-デイ・ドリーム・ビリーバー／TH.mp3; [-552.59735  , 101.995544 ,   2.6019754,  29.992615 ,   6.6390185,    4.484452 ,   2.7129467,   7.974933 ,   9.557971 ,   3.75427  ,   -0.3867688,  -1.6357402,  -2.791386 ]; [[ 8386.51077697,-1469.98473756, -544.9758051 , -167.58756667,    -95.45502494, -149.37509191,   41.85956057,  -36.91038495,     -1.62781719, -143.24243069,  -34.29848513,  -96.35886916,    -93.6194955 ], [-1469.98473756, 1127.42884819,  -25.98582164,   11.1621356 ,     69.04494122,   -5.91541051,   77.90505836,   41.36536442,    -16.99536502,   53.12168127,   11.51014588,   20.22787806,     22.55654274], [ -544.9758051 ,  -25.98582164,  595.32981407,   84.75284568,    -68.3321014 ,   98.30221539,  -30.56750686,   28.77586763,     11.90107664,  -10.33842575,   31.2843983 ,   16.10249538,     30.4689579 ], [ -167.58756667,   11.1621356 ,   84.75284568,  335.67943385,     74.11977397,  -39.04519304,  -52.68136887,    4.60950624,     11.08569514,   -4.69928882,    4.10207371,   14.90961365,      5.33805783], [  -95.45502494,   69.04494122,  -68.3321014 ,   74.11977397,    203.19559119,  -13.34614653,    3.7471878 ,  -18.16323571,      9.42853333,    8.53961098,   -0.8230249 ,    1.65935698,      1.82835939], [ -149.37509191,   -5.91541051,   98.30221539,  -39.04519304,    -13.34614653,  254.54060306,   33.86448654,  -15.41553533,     13.86936102,   15.28287192,   15.92101434,   21.59650663,      2.65830878], [   41.85956057,   77.90505836,  -30.56750686,  -52.68136887,      3.7471878 ,   33.86448654,  162.2991901 ,   27.12953174,    -18.17628759,    5.64540179,   20.20979581,    5.01266888,     -1.76572258], [  -36.91038495,   41.36536442,   28.77586763,    4.60950624,    -18.16323571,  -15.41553533,   27.12953174,  116.1066513 ,     27.52531435,    3.60524305,    0.03444487,  -14.78285583,      7.91226162], [   -1.62781719,  -16.99536502,   11.90107664,   11.08569514,      9.42853333,   13.86936102,  -18.17628759,   27.52531435,    137.30831851,   30.20310536,    7.16785974,   -1.83997678,    -10.68832349], [ -143.24243069,   53.12168127,  -10.33842575,   -4.69928882,      8.53961098,   15.28287192,    5.64540179,    3.60524305,     30.20310536,  102.54809172,   18.47503731,   16.97331444,      3.34327387], [  -34.29848513,   11.51014588,   31.2843983 ,    4.10207371,     -0.8230249 ,   15.92101434,   20.20979581,    0.03444487,      7.16785974,   18.47503731,   85.94377099,   20.20727709,     -4.02669116], [  -96.35886916,   20.22787806,   16.10249538,   14.90961365,      1.65935698,   21.59650663,    5.01266888,  -14.78285583,     -1.83997678,   16.97331444,   20.20727709,   86.01015174,     21.23239022], [  -93.6194955 ,   22.55654274,   30.4689579 ,    5.33805783,      1.82835939,    2.65830878,   -1.76572258,    7.91226162,    -10.68832349,    3.34327387,   -4.02669116,   21.23239022,     81.0633276 ]]
