/root/sim/music/out/エレファントカシマシ/BEST/05 ポリスター.mp3; [-563.42084   , 104.25088   ,   5.9762635 ,  42.312836  ,   8.796568  ,   -2.875044  ,  -1.2665596 ,   6.503559  ,   1.412777  ,   2.1590388 ,    0.00753737,   0.31930485,  -0.08608286]; [[21327.1298513 ,-2497.3014098 ,-2397.00579553, -812.43568588,   -936.61802889, -603.59319322, -181.35873445,  192.1395308 ,     42.94604308,   86.45749635, -120.30203828, -140.59186987,   -122.50331357], [-2497.3014098 , 1744.09760136,  119.68234263,  115.48377134,    140.65974751,   71.16838265,  105.36321577,   -5.58189923,     16.30135423,  -16.62829421,   35.4759139 ,   31.27202008,      8.30427604], [-2397.00579553,  119.68234263, 1010.77611375,  227.68396515,    149.84570125,   82.36408122,  -30.52272685,  -50.00387831,    -35.30436891,  -21.91155069,   26.31592726,   47.24415273,     62.2736474 ], [ -812.43568588,  115.48377134,  227.68396515,  620.0765874 ,    215.68112949,   10.61335867, -109.04718379,   -6.61277107,     50.76492158,    7.90855137,   36.69969859,   46.72628744,     42.24262967], [ -936.61802889,  140.65974751,  149.84570125,  215.68112949,    386.13656433,  114.37328558,   18.43013713,  -19.70748057,     64.65413038,   19.93222736,   36.49833629,   26.06706771,     22.57185512], [ -603.59319322,   71.16838265,   82.36408122,   10.61335867,    114.37328558,  234.75095619,  108.43913916,   33.41026179,      5.39460439,   11.32181276,    9.75429974,    2.34278836,     -7.73854399], [ -181.35873445,  105.36321577,  -30.52272685, -109.04718379,     18.43013713,  108.43913916,  215.94148354,   90.29565915,     17.16263721,    1.27429057,    4.38634346,   -3.50719672,    -15.99475311], [  192.1395308 ,   -5.58189923,  -50.00387831,   -6.61277107,    -19.70748057,   33.41026179,   90.29565915,  165.69375485,     49.0939755 ,   21.2865822 ,    0.28532604,   -4.50825593,    -10.20663629], [   42.94604308,   16.30135423,  -35.30436891,   50.76492158,     64.65413038,    5.39460439,   17.16263721,   49.0939755 ,    135.14159032,   63.47858299,   17.62829145,   -7.75237736,    -22.80678925], [   86.45749635,  -16.62829421,  -21.91155069,    7.90855137,     19.93222736,   11.32181276,    1.27429057,   21.2865822 ,     63.47858299,  106.61682663,   33.79620274,    5.21292294,    -12.88072627], [ -120.30203828,   35.4759139 ,   26.31592726,   36.69969859,     36.49833629,    9.75429974,    4.38634346,    0.28532604,     17.62829145,   33.79620274,   83.94962453,   33.49391296,      4.24379332], [ -140.59186987,   31.27202008,   47.24415273,   46.72628744,     26.06706771,    2.34278836,   -3.50719672,   -4.50825593,     -7.75237736,    5.21292294,   33.49391296,   92.05397787,     47.03449921], [ -122.50331357,    8.30427604,   62.2736474 ,   42.24262967,     22.57185512,   -7.73854399,  -15.99475311,  -10.20663629,    -22.80678925,  -12.88072627,    4.24379332,   47.03449921,     97.82973337]]
/root/sim/music/out/エレファントカシマシ/BEST/09 too fine life.mp3; [-538.33594   , 126.77818   , -39.215927  ,  23.652815  ,  -9.607996  ,   -2.8782315 ,   2.1303995 ,  -0.94847167,   1.2775812 ,  -4.3864493 ,   -6.470791  ,  -4.505247  ,  -8.950914  ]; [[13252.69791764, -189.91312959, -968.32608372, -327.44486521,    -96.70392952,  140.31283947,  191.73975082,  187.63041385,   -104.17007849,  119.5815576 , -135.10398211,   -8.34642378,   -113.0969795 ], [ -189.91312959,  921.18077395, -256.19081052,  267.56526353,    -69.7970646 ,  -51.82604133,   12.59325257,  -53.67449927,     88.77503388,  -52.80354208,   51.58966753,  -14.70051783,    -13.13750705], [ -968.32608372, -256.19081052, 1039.04978502,  -67.59741597,    257.73617415,   24.77327842,  -10.91710934,  103.31508325,    -38.66046952,   69.43754218,    0.23807791,   22.34946149,     45.81583724], [ -327.44486521,  267.56526353,  -67.59741597,  391.93283206,     98.73604944,   27.54469097,  -43.148471  ,  -42.55916566,     74.8598012 ,  -44.99966691,    0.66666423,   -3.90593731,      9.15478019], [  -96.70392952,  -69.7970646 ,  257.73617415,   98.73604944,    263.32116136,   47.85448115,   16.43300973,   11.16609327,     23.80741679,    1.73515534,   -6.26944911,   -6.23922981,     14.11964212], [  140.31283947,  -51.82604133,   24.77327842,   27.54469097,     47.85448115,  160.19022377,   97.97570811,   48.99204793,      5.94248913,    7.5319099 ,   13.06128655,  -13.11803365,     -8.33114612], [  191.73975082,   12.59325257,  -10.91710934,  -43.148471  ,     16.43300973,   97.97570811,  203.04280077,   77.21116043,     20.48350786,    8.12766742,   15.79314253,  -19.51027538,    -13.82167135], [  187.63041385,  -53.67449927,  103.31508325,  -42.55916566,     11.16609327,   48.99204793,   77.21116043,  131.35817436,     23.77186945,   41.09266467,   10.28703082,   -6.64134256,    -12.99925609], [ -104.17007849,   88.77503388,  -38.66046952,   74.8598012 ,     23.80741679,    5.94248913,   20.48350786,   23.77186945,    132.97140848,   36.03556745,   39.58791252,  -11.31802074,    -17.16195051], [  119.5815576 ,  -52.80354208,   69.43754218,  -44.99966691,      1.73515534,    7.5319099 ,    8.12766742,   41.09266467,     36.03556745,  113.52775562,   40.36966399,    9.44210519,    -14.82653275], [ -135.10398211,   51.58966753,    0.23807791,    0.66666423,     -6.26944911,   13.06128655,   15.79314253,   10.28703082,     39.58791252,   40.36966399,  106.07654494,   24.58991578,     11.18505689], [   -8.34642378,  -14.70051783,   22.34946149,   -3.90593731,     -6.23922981,  -13.11803365,  -19.51027538,   -6.64134256,    -11.31802074,    9.44210519,   24.58991578,   81.34224021,     25.10922629], [ -113.0969795 ,  -13.13750705,   45.81583724,    9.15478019,     14.11964212,   -8.33114612,  -13.82167135,  -12.99925609,    -17.16195051,  -14.82653275,   11.18505689,   25.10922629,     81.63674977]]
/root/sim/music/out/エレファントカシマシ/BEST/08 珍奇男.mp3; [-573.46796  , 122.62659  ,  -1.1739941,  28.188824 ,   0.901324 ,    3.6104012,   7.31448  ,   3.7631838,  -5.504019 ,   1.8981637,   -3.8389983,  -1.8970847,  -6.049816 ]; [[19293.41822087,  172.26501766,-1411.1610911 ,  516.04103194,   -649.51308268,  -21.482058  ,  504.89188399,  523.2338763 ,    227.77336996,  345.86225007,  246.22163171,  171.11066632,    106.61588959], [  172.26501766, 1598.56162561,   53.33934515,  272.75101676,    117.66848528,   95.54217811,   84.33411872,   96.38885449,    131.05729796,   29.0513612 ,  107.70563769,   98.77571037,     52.17060599], [-1411.1610911 ,   53.33934515, 1009.01693659,   97.48058041,    160.25989158,  104.95444017, -136.77826126,    6.32187718,     24.99370153,  -12.68193011,   25.20538261,   12.57522186,     31.92276641], [  516.04103194,  272.75101676,   97.48058041,  486.79317193,     89.26208945,   56.13961369,  -26.61024896,   73.32562676,    117.14977442,   45.78035091,   62.90333188,   58.87461304,     89.5048927 ], [ -649.51308268,  117.66848528,  160.25989158,   89.26208945,    314.9584766 ,  112.17858067,  -54.06047675,  -52.25267845,     43.04839352,   -4.5784203 ,    9.87356305,   15.50239461,     21.05505697], [  -21.482058  ,   95.54217811,  104.95444017,   56.13961369,    112.17858067,  271.93509369,   79.49259705,   10.04670725,     39.08514937,    4.09312371,   38.5342374 ,   30.66453645,      9.45395817], [  504.89188399,   84.33411872, -136.77826126,  -26.61024896,    -54.06047675,   79.49259705,  286.10646014,  113.4396769 ,     20.10272011,   27.05615241,   39.33679306,   27.15268143,     -2.65803262], [  523.2338763 ,   96.38885449,    6.32187718,   73.32562676,    -52.25267845,   10.04670725,  113.4396769 ,  205.86271835,     68.75914401,   43.51080207,   58.02894893,   16.3023962 ,     20.72305371], [  227.77336996,  131.05729796,   24.99370153,  117.14977442,     43.04839352,   39.08514937,   20.10272011,   68.75914401,    186.07545304,   66.66711841,   57.46859303,   30.92999417,     17.65064223], [  345.86225007,   29.0513612 ,  -12.68193011,   45.78035091,     -4.5784203 ,    4.09312371,   27.05615241,   43.51080207,     66.66711841,  124.14563142,   41.84773158,   20.01573889,      7.33289392], [  246.22163171,  107.70563769,   25.20538261,   62.90333188,      9.87356305,   38.5342374 ,   39.33679306,   58.02894893,     57.46859303,   41.84773158,  126.70618575,   41.94449471,     15.93950425], [  171.11066632,   98.77571037,   12.57522186,   58.87461304,     15.50239461,   30.66453645,   27.15268143,   16.3023962 ,     30.92999417,   20.01573889,   41.94449471,   96.16399905,     33.27221802], [  106.61588959,   52.17060599,   31.92276641,   89.5048927 ,     21.05505697,    9.45395817,   -2.65803262,   20.72305371,     17.65064223,    7.33289392,   15.93950425,   33.27221802,     99.6642138 ]]
/root/sim/music/out/エレファントカシマシ/BEST/07 サラリ サラ サラリ.mp3; [-677.84576  , 119.26817  ,  17.606102 ,  15.431328 ,   6.6692376,    2.647067 ,   6.755363 ,   9.761128 ,  -6.6979203,   1.1119103,   -2.8533018,  -5.7775884,  -1.4122095]; [[35086.27140967,-2695.30161006,-2518.70916292,-1440.71421644,  -2380.40189637,-1089.39750251, -506.75394221,  942.96874114,   -654.86500937,  256.56274264,   98.44907839,  152.10355666,    225.30317657], [-2695.30161006, 2351.02883433,   85.62909649,  -43.17414227,    292.48349442,  115.38717419,   73.34369937,  -75.73070587,    181.32972151,  -29.39486374,   -4.01207682,  -96.20350355,    -72.81241091], [-2518.70916292,   85.62909649,  829.91871177,  285.92310077,    215.35894648,  100.03195397,   29.88459547,  -54.69291476,     96.05028175,  -49.19000472,   11.00719208,  -20.493305  ,    -21.73139137], [-1440.71421644,  -43.17414227,  285.92310077,  605.46707446,    264.6824516 ,   46.58063107,  -17.58164029,  -70.69408426,     71.59686393,   -0.88888317,  -15.63333267,    9.10570844,     19.12242488], [-2380.40189637,  292.48349442,  215.35894648,  264.6824516 ,    570.56551074,  163.63442169,   -4.16672756, -143.25387483,    136.97327362,  -17.62685018,  -25.19274675,   -9.37833586,    -13.41190019], [-1089.39750251,  115.38717419,  100.03195397,   46.58063107,    163.63442169,  362.43600028,  172.90291492,  -26.86486234,     97.02671609,  -25.05901627,   19.6835006 ,    7.27246478,    -47.71706152], [ -506.75394221,   73.34369937,   29.88459547,  -17.58164029,     -4.16672756,  172.90291492,  365.68747174,   77.1989811 ,     39.75666479,   17.12436146,   39.69620774,    6.56500518,    -44.42273106], [  942.96874114,  -75.73070587,  -54.69291476,  -70.69408426,   -143.25387483,  -26.86486234,   77.1989811 ,  235.64759912,    -30.17746241,   30.24753202,   39.21865059,   11.09658429,      8.3072212 ], [ -654.86500937,  181.32972151,   96.05028175,   71.59686393,    136.97327362,   97.02671609,   39.75666479,  -30.17746241,    245.05233843,   12.09229746,   25.78283864,   29.15636028,    -22.99473231], [  256.56274264,  -29.39486374,  -49.19000472,   -0.88888317,    -17.62685018,  -25.05901627,   17.12436146,   30.24753202,     12.09229746,  139.27872042,   26.72330082,   34.54189518,     20.8983611 ], [   98.44907839,   -4.01207682,   11.00719208,  -15.63333267,    -25.19274675,   19.6835006 ,   39.69620774,   39.21865059,     25.78283864,   26.72330082,  119.98941361,   39.12424983,      0.26867325], [  152.10355666,  -96.20350355,  -20.493305  ,    9.10570844,     -9.37833586,    7.27246478,    6.56500518,   11.09658429,     29.15636028,   34.54189518,   39.12424983,  141.73797583,     26.44988116], [  225.30317657,  -72.81241091,  -21.73139137,   19.12242488,    -13.41190019,  -47.71706152,  -44.42273106,    8.3072212 ,    -22.99473231,   20.8983611 ,    0.26867325,   26.44988116,    104.0569129 ]]
/root/sim/music/out/エレファントカシマシ/BEST/10 奴隷天国.mp3; [-503.76508  , 111.83738  , -28.436604 ,  34.68374  ,  12.722973 ,    3.886856 ,  -0.3605253,  10.825852 ,   1.2737502,   1.3367927,    0.7086613,  -1.0459851,  -2.6237674]; [[10972.98019739, 1160.42101971, -673.95818781,  121.15736168,   -107.03576321,  -86.59707057, -148.01016914,   41.96521235,   -123.6074397 ,  -55.31792312,  -75.60609014,  -71.48442962,    -59.35980804], [ 1160.42101971,  705.72760272, -216.53388198,   54.10319805,    -28.4288603 ,  -75.90514337,   28.48330102,   40.62084526,     21.17989275,   17.27931906,    5.22173674,   -5.3104104 ,    -17.77205071], [ -673.95818781, -216.53388198,  366.24833981,   29.33241141,     25.40827237,   43.4803289 ,  -37.46876073,  -29.79250522,      4.01561729,    2.20897289,   10.46274282,   21.57850564,      7.401907  ], [  121.15736168,   54.10319805,   29.33241141,  195.41693112,     95.48441472,   34.45900838,  -16.6866635 ,   -6.33463938,     28.07400271,   11.52314598,    1.36720549,   22.25330321,     14.75515666], [ -107.03576321,  -28.4288603 ,   25.40827237,   95.48441472,    167.43611556,   55.93745738,   -1.79182997,   -9.25541392,     16.50817255,    0.95691299,    4.73139557,   17.69099111,     13.97983262], [  -86.59707057,  -75.90514337,   43.4803289 ,   34.45900838,     55.93745738,  120.90175465,   42.73829523,    6.82121312,     -1.98688264,  -11.08614475,   -0.71306064,   11.41428975,      6.7282053 ], [ -148.01016914,   28.48330102,  -37.46876073,  -16.6866635 ,     -1.79182997,   42.73829523,  129.62696498,   62.94237324,      7.50717059,    4.02711439,    1.94209012,   -5.36586339,     -1.90132943], [   41.96521235,   40.62084526,  -29.79250522,   -6.33463938,     -9.25541392,    6.82121312,   62.94237324,   84.85563716,     32.14144585,   14.37663473,   -0.04807164,  -10.4830406 ,     -9.12907929], [ -123.6074397 ,   21.17989275,    4.01561729,   28.07400271,     16.50817255,   -1.98688264,    7.50717059,   32.14144585,     73.98017724,   35.21782598,    6.39197565,   -0.03713159,     -8.26538072], [  -55.31792312,   17.27931906,    2.20897289,   11.52314598,      0.95691299,  -11.08614475,    4.02711439,   14.37663473,     35.21782598,   64.5042118 ,   23.64606837,   -0.22116062,    -10.70358723], [  -75.60609014,    5.22173674,   10.46274282,    1.36720549,      4.73139557,   -0.71306064,    1.94209012,   -0.04807164,      6.39197565,   23.64606837,   49.36420111,   21.84221299,      0.17805992], [  -71.48442962,   -5.3104104 ,   21.57850564,   22.25330321,     17.69099111,   11.41428975,   -5.36586339,  -10.4830406 ,     -0.03713159,   -0.22116062,   21.84221299,   54.10376057,     22.1107278 ], [  -59.35980804,  -17.77205071,    7.401907  ,   14.75515666,     13.97983262,    6.7282053 ,   -1.90132943,   -9.12907929,     -8.26538072,  -10.70358723,    0.17805992,   22.1107278 ,     46.21931108]]
/root/sim/music/out/エレファントカシマシ/BEST/02 デーデ.mp3; [-535.1472   ,  99.85537  ,   1.0042552,  42.868404 ,  12.566118 ,   -1.9503984,   2.7612119,  11.1988735,   5.135119 ,   5.650909 ,    2.2077723,   3.2231479,   0.9974671]; [[14344.69666008,   13.55329921, -187.3141314 ,  -80.70788097,    315.27341064,  475.11278154,  255.23971217,   52.26415084,   -186.51521833,  -18.84895362,  -88.13360695,  -65.0881066 ,    103.42360367], [   13.55329921, 1010.30646849, -299.45619773,   93.02815393,     -2.99081569,  -42.8334309 ,   81.29740835,    9.97367557,     16.44315037,  -25.16822086,    6.9175937 ,   17.2013784 ,    -26.98011078], [ -187.3141314 , -299.45619773,  787.30867351,  120.77393297,    136.62089229,   28.65432698,  -19.35250787,   67.93003551,     60.82914979,   37.28456994,   39.20370593,   44.83435854,     63.73791533], [  -80.70788097,   93.02815393,  120.77393297,  424.01914899,     86.78925019,  -83.37124825, -117.24083595,    8.79489902,    102.6047011 ,   19.54475509,   -8.02223111,   33.50872954,     25.65869076], [  315.27341064,   -2.99081569,  136.62089229,   86.78925019,    334.20891733,   96.52393619,   44.07037207,    3.51032114,     47.54417586,   52.49127093,   24.87087007,    8.69450245,     41.57293088], [  475.11278154,  -42.8334309 ,   28.65432698,  -83.37124825,     96.52393619,  257.53382798,  156.52558062,   38.17223499,    -24.99222586,   18.08290491,   33.32725159,    0.3596342 ,     11.54138451], [  255.23971217,   81.29740835,  -19.35250787, -117.24083595,     44.07037207,  156.52558062,  269.04279316,   81.3442536 ,    -19.76469171,    3.71548005,   38.10869463,    1.38946571,      6.17369476], [   52.26415084,    9.97367557,   67.93003551,    8.79489902,      3.51032114,   38.17223499,   81.3442536 ,  130.55981462,     30.60800915,   17.27467222,   17.63912555,    4.88932204,     12.28661486], [ -186.51521833,   16.44315037,   60.82914979,  102.6047011 ,     47.54417586,  -24.99222586,  -19.76469171,   30.60800915,    128.47812809,   52.15781494,   17.09371778,   11.02048604,      2.24998025], [  -18.84895362,  -25.16822086,   37.28456994,   19.54475509,     52.49127093,   18.08290491,    3.71548005,   17.27467222,     52.15781494,  104.65613469,   43.18214258,    9.50000877,      6.89687092], [  -88.13360695,    6.9175937 ,   39.20370593,   -8.02223111,     24.87087007,   33.32725159,   38.10869463,   17.63912555,     17.09371778,   43.18214258,   93.34321348,   34.56104613,      9.72605683], [  -65.0881066 ,   17.2013784 ,   44.83435854,   33.50872954,      8.69450245,    0.3596342 ,    1.38946571,    4.88932204,     11.02048604,    9.50000877,   34.56104613,   70.36786165,     22.48674025], [  103.42360367,  -26.98011078,   63.73791533,   25.65869076,     41.57293088,   11.54138451,    6.17369476,   12.28661486,      2.24998025,    6.89687092,    9.72605683,   22.48674025,     70.6063646 ]]
/root/sim/music/out/エレファントカシマシ/BEST/03 星の砂.mp3; [-564.5205   ,  93.43358  ,   8.722608 ,  49.055283 ,  25.818657 ,   -2.3462515,   5.356039 ,   6.3974047,   5.009062 ,   1.6606901,    1.4964069,   2.3357086,   0.2332596]; [[17179.52007744,-1261.68176782,  298.2956344 ,  165.34043136,    347.4134788 ,  752.08011758,  606.36486282,  697.64228074,    225.82509469,   95.65933807,  136.07308545,  115.71175977,     75.52456809], [-1261.68176782, 1435.78056698, -690.86287898,  106.71381981,   -109.76691084, -268.29915846,  -98.42580323, -164.69270467,    -82.65855316,  -57.21403458,  -52.66228102,  -59.65987056,    -63.23157597], [  298.2956344 , -690.86287898, 1496.09204037,    9.3922464 ,    270.18550165,  406.81592777,  215.71203407,  281.74430157,    118.00137312,   65.78059033,  112.62433347,  137.29994707,     96.47394966], [  165.34043136,  106.71381981,    9.3922464 ,  398.50580205,     67.51390493,   51.31980793,   -3.21164507,   23.14813503,     69.93871918,    3.11140774,   10.41141799,    9.29361233,     10.58354141], [  347.4134788 , -109.76691084,  270.18550165,   67.51390493,    347.89993784,  117.09588255,   71.26984386,   77.90857238,     82.31171694,   28.64426138,   40.61211466,   34.01095974,     32.68329365], [  752.08011758, -268.29915846,  406.81592777,   51.31980793,    117.09588255,  346.17327339,  186.73567664,  168.16213812,     62.46256749,   39.67376236,   58.79869244,   50.08695866,     27.85554465], [  606.36486282,  -98.42580323,  215.71203407,   -3.21164507,     71.26984386,  186.73567664,  230.51971143,  155.47696461,     42.24856003,   14.32551024,   38.0657876 ,   25.14751446,     21.21315103], [  697.64228074, -164.69270467,  281.74430157,   23.14813503,     77.90857238,  168.16213812,  155.47696461,  241.46540197,     73.50365168,   23.78974211,   39.79602796,   30.89943388,     25.27904989], [  225.82509469,  -82.65855316,  118.00137312,   69.93871918,     82.31171694,   62.46256749,   42.24856003,   73.50365168,    122.41387376,   41.01173895,   20.95726985,    6.80050168,     10.08310586], [   95.65933807,  -57.21403458,   65.78059033,    3.11140774,     28.64426138,   39.67376236,   14.32551024,   23.78974211,     41.01173895,   90.61795932,   23.96571256,    0.76114119,      3.92788267], [  136.07308545,  -52.66228102,  112.62433347,   10.41141799,     40.61211466,   58.79869244,   38.0657876 ,   39.79602796,     20.95726985,   23.96571256,   82.48157982,   38.54346019,      6.03766595], [  115.71175977,  -59.65987056,  137.29994707,    9.29361233,     34.01095974,   50.08695866,   25.14751446,   30.89943388,      6.80050168,    0.76114119,   38.54346019,   82.56745863,     30.12820581], [   75.52456809,  -63.23157597,   96.47394966,   10.58354141,     32.68329365,   27.85554465,   21.21315103,   25.27904989,     10.08310586,    3.92788267,    6.03766595,   30.12820581,     65.54205794]]
/root/sim/music/out/エレファントカシマシ/BEST/12 もしも願いが叶うなら.mp3; [-574.8152    ,  96.35247   , -24.320393  ,  35.49466   ,  13.673897  ,    4.9707284 ,  -1.0815816 ,   9.535062  ,   4.703655  ,   7.643299  ,    0.55225474,   2.1951616 ,  -2.1626265 ]; [[20681.43679105,-2800.94225053, -524.47196198,  440.38919359,    221.59281225,  472.21494593,  145.24432092,  341.60473745,    140.08589337,  118.18373386, -238.81962069,  -89.81133142,   -185.73525717], [-2800.94225053, 1471.21917025, -293.10620256, -109.74532278,   -158.92260598, -187.6611945 ,   -5.45068085,  -37.55603175,    -24.30229933,   13.37270143,   42.68673241,   47.49331655,     53.95848181], [ -524.47196198, -293.10620256,  712.97370283,   85.0350456 ,    110.70970433,  149.22630142,   55.11392392,   34.70106951,     85.1428982 ,    0.09627814,   37.39106519,   -6.10649204,    -14.41406856], [  440.38919359, -109.74532278,   85.0350456 ,  497.94940328,    257.66151841,   35.59235217, -125.04467301,  -60.22274041,     28.75049633,  -53.09012026,  -29.52551364,   -4.67121612,     16.26126885], [  221.59281225, -158.92260598,  110.70970433,  257.66151841,    313.93820508,   66.59007943,  -69.03405341,  -49.34346757,     32.11737123,  -12.84713547,   -8.98030104,    6.59745505,     22.57343192], [  472.21494593, -187.6611945 ,  149.22630142,   35.59235217,     66.59007943,  221.21745281,  110.13150216,   36.87035955,     27.91604514,   14.81318399,    4.92097457,  -11.06757418,    -37.69640852], [  145.24432092,   -5.45068085,   55.11392392, -125.04467301,    -69.03405341,  110.13150216,  223.48767858,   94.85459711,      1.76791725,   11.29287467,   15.40987815,   -6.80333542,    -33.54376766], [  341.60473745,  -37.55603175,   34.70106951,  -60.22274041,    -49.34346757,   36.87035955,   94.85459711,  146.81498576,     42.29199734,    7.99882878,    0.1077832 ,   -2.72176495,    -23.34405851], [  140.08589337,  -24.30229933,   85.1428982 ,   28.75049633,     32.11737123,   27.91604514,    1.76791725,   42.29199734,    157.01336269,   56.12695847,   -5.27505888,  -19.9740416 ,    -33.14469106], [  118.18373386,   13.37270143,    0.09627814,  -53.09012026,    -12.84713547,   14.81318399,   11.29287467,    7.99882878,     56.12695847,  128.92729493,   25.43438551,   -3.50370729,     -9.30884186], [ -238.81962069,   42.68673241,   37.39106519,  -29.52551364,     -8.98030104,    4.92097457,   15.40987815,    0.1077832 ,     -5.27505888,   25.43438551,  101.36961547,   36.38614484,     -0.47895227], [  -89.81133142,   47.49331655,   -6.10649204,   -4.67121612,      6.59745505,  -11.06757418,   -6.80333542,   -2.72176495,    -19.9740416 ,   -3.50370729,   36.38614484,  104.59474154,     54.00847121], [ -185.73525717,   53.95848181,  -14.41406856,   16.26126885,     22.57343192,  -37.69640852,  -33.54376766,  -23.34405851,    -33.14469106,   -9.30884186,   -0.47895227,   54.00847121,    111.75404272]]
/root/sim/music/out/エレファントカシマシ/BEST/01 ファイティングマン.mp3; [-537.30115   ,  98.60975   ,  -0.39064226,  54.71461   ,  14.098386  ,   -1.7196667 ,   3.3670917 ,   7.0771537 ,   9.004439  ,   3.9144115 ,    2.7848444 ,   7.426984  ,   2.521894  ]; [[19030.27522891,-1219.6597909 ,-1221.11267514,  264.37913105,     75.72857681,  184.32537196,  467.0714623 ,  325.20651951,    197.7675261 ,  184.90741706,  -13.64248751,   -3.30823284,   -117.41241377], [-1219.6597909 , 1297.55025732,  -46.09971533,   80.09895248,    -38.51025482,  -72.05121836,  -40.52670154,  -51.88488927,    -23.68039675,  -36.54203023,   28.43872209,   55.97861173,     31.31369474], [-1221.11267514,  -46.09971533,  920.38929269,   13.58970521,    180.49432575,    5.5244299 ,  -14.99540754,   62.48936931,     48.03100178,   15.67236868,   23.76064566,   -1.48275283,     96.47232637], [  264.37913105,   80.09895248,   13.58970521,  509.5968622 ,      7.61341802,  -73.01678662, -128.27375932,  -21.07834287,     93.05689366,   10.52898883,   -4.75313716,   49.34343398,     14.53127014], [   75.72857681,  -38.51025482,  180.49432575,    7.61341802,    239.94740804,   61.45344197,   73.77563394,   20.79083025,     60.69054484,   47.01350137,   27.04783868,   -0.29105059,     41.43989251], [  184.32537196,  -72.05121836,    5.5244299 ,  -73.01678662,     61.45344197,  157.77659686,  105.69499321,   33.65332309,    -22.11271165,    5.88929523,   16.32700988,  -11.70383013,     -6.07915728], [  467.0714623 ,  -40.52670154,  -14.99540754, -128.27375932,     73.77563394,  105.69499321,  244.0374935 ,   94.38578234,      4.32359467,   -0.15885009,   26.18001565,   -1.21650496,      2.47395896], [  325.20651951,  -51.88488927,   62.48936931,  -21.07834287,     20.79083025,   33.65332309,   94.38578234,  137.40189487,     44.66810231,   16.04549291,    3.87206554,   -6.45995117,      8.70931102], [  197.7675261 ,  -23.68039675,   48.03100178,   93.05689366,     60.69054484,  -22.11271165,    4.32359467,   44.66810231,    130.08549825,   48.32970362,    4.16428687,   -0.0826024 ,      7.3413712 ], [  184.90741706,  -36.54203023,   15.67236868,   10.52898883,     47.01350137,    5.88929523,   -0.15885009,   16.04549291,     48.32970362,   81.79536494,   21.99093676,    2.77910948,      7.36303226], [  -13.64248751,   28.43872209,   23.76064566,   -4.75313716,     27.04783868,   16.32700988,   26.18001565,    3.87206554,      4.16428687,   21.99093676,   69.98239972,   35.28116598,     19.82401457], [   -3.30823284,   55.97861173,   -1.48275283,   49.34343398,     -0.29105059,  -11.70383013,   -1.21650496,   -6.45995117,     -0.0826024 ,    2.77910948,   35.28116598,   79.3008365 ,     37.17656863], [ -117.41241377,   31.31369474,   96.47232637,   14.53127014,     41.43989251,   -6.07915728,    2.47395896,    8.70931102,      7.3413712 ,    7.36303226,   19.82401457,   37.17656863,     84.39759413]]
/root/sim/music/out/エレファントカシマシ/BEST/13 誰かのささやき.mp3; [-565.6504    , 105.487404  ,  -8.332822  ,  37.312157  ,  12.78816   ,    3.345615  ,   4.324268  ,   8.674487  ,  -2.21085   ,   6.0451627 ,    2.0767505 ,  -0.8586397 ,  -0.18077253]; [[13653.20693183, -501.42058445,-1241.72635364, -588.89682933,   -245.3606688 ,  -73.80150585,  -54.09678946,  107.69874437,     20.89073583,   80.95424934, -251.85742234, -222.43223657,    -46.45163668], [ -501.42058445, 1278.67524878, -199.49671027,   80.41641257,    -42.30795539, -100.46340806,   39.51316104,   39.88476172,    -65.44467304,   77.89458009,   83.32135005,   45.14163024,     22.75790535], [-1241.72635364, -199.49671027,  655.88003986,  115.25987212,     19.04507884,   69.98452307,   19.71131589,   -9.34562199,     13.18316121,  -59.65401386,   50.62677354,   32.55018956,     -2.88432776], [ -588.89682933,   80.41641257,  115.25987212,  308.96215631,    163.9836905 ,   34.90900214,  -75.92996723,  -19.35427566,      9.64341767,  -25.80070954,  -19.06408695,   -0.54539557,     33.02827215], [ -245.3606688 ,  -42.30795539,   19.04507884,  163.9836905 ,    336.61888964,  124.0100796 ,  -86.18423222,  -57.40360835,     48.8298953 ,  -15.7727439 ,  -39.39170493,   -2.24663196,      9.75998457], [  -73.80150585, -100.46340806,   69.98452307,   34.90900214,    124.0100796 ,  210.26089359,   19.45287169,  -21.39424817,     26.11486266,  -30.9369283 ,  -13.87573125,    7.75552625,    -24.88956454], [  -54.09678946,   39.51316104,   19.71131589,  -75.92996723,    -86.18423222,   19.45287169,  211.10034606,   95.40226921,    -23.33015755,   22.08346588,   37.0903782 ,   -0.27363685,    -20.04667559], [  107.69874437,   39.88476172,   -9.34562199,  -19.35427566,    -57.40360835,  -21.39424817,   95.40226921,  127.95744312,      8.3208829 ,   24.40614829,   20.62287999,   -8.29862193,      2.19861553], [   20.89073583,  -65.44467304,   13.18316121,    9.64341767,     48.8298953 ,   26.11486266,  -23.33015755,    8.3208829 ,    114.82315192,   32.99180538,    3.32229668,    4.1830463 ,     -7.84503073], [   80.95424934,   77.89458009,  -59.65401386,  -25.80070954,    -15.7727439 ,  -30.9369283 ,   22.08346588,   24.40614829,     32.99180538,  125.32580597,   50.61465998,    8.78649248,     10.078899  ], [ -251.85742234,   83.32135005,   50.62677354,  -19.06408695,    -39.39170493,  -13.87573125,   37.0903782 ,   20.62287999,      3.32229668,   50.61465998,  107.36883843,   46.81340747,      6.01116339], [ -222.43223657,   45.14163024,   32.55018956,   -0.54539557,     -2.24663196,    7.75552625,   -0.27363685,   -8.29862193,      4.1830463 ,    8.78649248,   46.81340747,   95.07543415,     29.16242374], [  -46.45163668,   22.75790535,   -2.88432776,   33.02827215,      9.75998457,  -24.88956454,  -20.04667559,    2.19861553,     -7.84503073,   10.078899  ,    6.01116339,   29.16242374,     90.66701022]]
/root/sim/music/out/エレファントカシマシ/BEST/06 優しい川.mp3; [-590.78894   , 134.60143   ,   5.2589307 ,  21.313324  ,   1.9843079 ,   -2.811046  ,   4.7773023 ,   6.136079  ,  -4.6880817 ,   3.4642112 ,    3.3817303 ,  -0.54636925,  -2.0005205 ]; [[17490.49902223,-2130.7649682 ,-1248.61864402, -439.48156029,   -311.43521952, -282.32167963,  274.17876372,  413.58502331,   -349.56406451,  179.30022202,  -15.18204393,   -4.37615794,    185.61530909], [-2130.7649682 , 2417.54244949, -311.03831716,  197.47142982,     82.42989949, -141.78872393,  -76.92256146,  -99.05342014,     85.33364279,  -31.78857418,  109.49257985,  -13.87068363,    -42.55590039], [-1248.61864402, -311.03831716, 1360.45534221,  -16.53291424,    174.49792466,  252.86317433,  -51.31760388,   86.57240549,     52.23843518,   29.05789604,   20.51509635,    0.09890023,     16.82578412], [ -439.48156029,  197.47142982,  -16.53291424,  389.19286101,     46.55240553,  -29.57357914,  -95.60293522,  -55.73261187,     57.97893193,   -1.96220501,  -11.56876852,    1.17409569,      2.43886371], [ -311.43521952,   82.42989949,  174.49792466,   46.55240553,    363.70747579,   44.36094682,  -29.40025153,  -26.32589035,     41.94052122,   41.76315094,   49.25112561,    1.30664822,     32.55690248], [ -282.32167963, -141.78872393,  252.86317433,  -29.57357914,     44.36094682,  278.77642687,   58.04170387,    9.31311922,     30.26812293,    6.5767357 ,   15.84891704,   29.28810551,     -8.43410286], [  274.17876372,  -76.92256146,  -51.31760388,  -95.60293522,    -29.40025153,   58.04170387,  242.33358065,   85.05012392,    -37.92596301,   15.97705584,   10.91667808,    5.47943273,     11.43849901], [  413.58502331,  -99.05342014,   86.57240549,  -55.73261187,    -26.32589035,    9.31311922,   85.05012392,  206.39689127,     -2.7670001 ,   37.20334429,   12.49309521,  -25.65166874,     35.37618926], [ -349.56406451,   85.33364279,   52.23843518,   57.97893193,     41.94052122,   30.26812293,  -37.92596301,   -2.7670001 ,    146.60143714,   16.35702071,   10.27168822,   16.73775266,     -9.10602983], [  179.30022202,  -31.78857418,   29.05789604,   -1.96220501,     41.76315094,    6.5767357 ,   15.97705584,   37.20334429,     16.35702071,  105.89544866,   22.14051509,    3.59637365,     13.67952245], [  -15.18204393,  109.49257985,   20.51509635,  -11.56876852,     49.25112561,   15.84891704,   10.91667808,   12.49309521,     10.27168822,   22.14051509,  107.72798542,    8.52666948,     15.53941339], [   -4.37615794,  -13.87068363,    0.09890023,    1.17409569,      1.30664822,   29.28810551,    5.47943273,  -25.65166874,     16.73775266,    3.59637365,    8.52666948,   98.17577288,      0.24814518], [  185.61530909,  -42.55590039,   16.82578412,    2.43886371,     32.55690248,   -8.43410286,   11.43849901,   35.37618926,     -9.10602983,   13.67952245,   15.53941339,    0.24814518,     87.4336186 ]]
/root/sim/music/out/エレファントカシマシ/BEST/14 星の降るような夜に.mp3; [-592.1157   , 128.3712   ,  -9.180253 ,  32.86886  ,  15.129209 ,    9.251642 ,   5.207868 ,   8.34023  ,   4.9073396,   3.547296 ,    0.7025948,   0.7057303,  -1.8062336]; [[26084.34191144,-1616.29213167,-2509.20435061, -668.75338962,   -871.97760383, -367.02193188,  128.13531203,  306.92161958,     61.80946321,  261.55285378,  137.24852921, -180.41228744,   -455.61283312], [-1616.29213167, 2193.28351258,  100.23564346,  217.69112259,    221.30420711,  103.21207916,    3.44752493,   -2.87013586,     26.21904153,  -42.87133025,  -11.16494861,   29.27574917,     97.15791961], [-2509.20435061,  100.23564346, 1203.91895732,  228.13276593,    198.50200246,  156.13065449,   18.68671052,   19.27884024,     21.11461566,    1.55155072,   11.62675452,   38.9771886 ,     90.49813796], [ -668.75338962,  217.69112259,  228.13276593,  561.09342184,    266.85777523,   95.42298456,  -23.14194567,    9.39980431,     11.4737532 ,  -44.95109112,  -37.50847591,   19.34500198,     21.3027608 ], [ -871.97760383,  221.30420711,  198.50200246,  266.85777523,    382.14167666,  107.37750018,  -18.03907183,  -26.29789618,     39.97464724,    3.55606195,   -2.80442328,   23.46383267,     26.35235876], [ -367.02193188,  103.21207916,  156.13065449,   95.42298456,    107.37750018,  217.99976902,   78.55291022,   22.69582466,      8.27953723,    2.32061498,    4.55774154,   11.60993275,     -5.64323378], [  128.13531203,    3.44752493,   18.68671052,  -23.14194567,    -18.03907183,   78.55291022,  217.19411023,  111.14382411,     -3.3792812 ,  -19.96241496,   17.41101711,    3.70609295,    -14.65274291], [  306.92161958,   -2.87013586,   19.27884024,    9.39980431,    -26.29789618,   22.69582466,  111.14382411,  157.75826287,     34.65513343,    2.03287199,   17.24567466,   -7.70006443,    -13.05531246], [   61.80946321,   26.21904153,   21.11461566,   11.4737532 ,     39.97464724,    8.27953723,   -3.3792812 ,   34.65513343,    135.37644225,   66.02520968,   15.97165928,  -16.75651505,    -17.22920567], [  261.55285378,  -42.87133025,    1.55155072,  -44.95109112,      3.55606195,    2.32061498,  -19.96241496,    2.03287199,     66.02520968,  123.97412392,   33.33757562,   -4.4259268 ,    -16.87563551], [  137.24852921,  -11.16494861,   11.62675452,  -37.50847591,     -2.80442328,    4.55774154,   17.41101711,   17.24567466,     15.97165928,   33.33757562,   81.06105737,   17.19000457,     -0.76808924], [ -180.41228744,   29.27574917,   38.9771886 ,   19.34500198,     23.46383267,   11.60993275,    3.70609295,   -7.70006443,    -16.75651505,   -4.4259268 ,   17.19000457,   82.75438455,     39.24228902], [ -455.61283312,   97.15791961,   90.49813796,   21.3027608 ,     26.35235876,   -5.64323378,  -14.65274291,  -13.05531246,    -17.22920567,  -16.87563551,   -0.76808924,   39.24228902,     94.89428707]]
/root/sim/music/out/エレファントカシマシ/BEST/11 いつものとおり.mp3; [-575.2639    , 143.11757   , -13.251298  ,  40.012646  ,   3.3092513 ,   -3.6901326 ,  -1.2098241 ,   7.7025948 ,  -2.0944777 ,  -1.5675863 ,    3.5888088 ,   0.45524743,   4.6839194 ]; [[13837.54228395, -532.37388592,-1520.79272345, -138.20585687,   -520.16401863, -101.65056532,   -2.40146074,  184.87919281,    -85.6691938 ,  -15.18395254,  -71.22419427, -188.69849702,    -43.75259771], [ -532.37388592, 1411.42706761, -143.70619509,  116.57533279,     40.94013433, -123.30306262,   39.801345  ,   20.32113951,     55.27026085,   26.37365652,   97.09742575,   65.16614765,     86.59330786], [-1520.79272345, -143.70619509,  814.52624329,  -27.93710754,     29.52506234,   34.15024983,  -18.5587498 ,   15.351567  ,    -31.22475674,   -6.67155228,   15.96064955,   32.91068022,      7.20624074], [ -138.20585687,  116.57533279,  -27.93710754,  370.33524062,    163.2701429 ,   17.36905061,  -97.74329145,  -52.12782052,     55.40701942,   -5.66232521,  -20.2868039 ,   50.73596186,     24.63411187], [ -520.16401863,   40.94013433,   29.52506234,  163.2701429 ,    308.25362135,   36.15527958,  -64.56348338,  -83.90834647,     41.19825576,    6.68952063,  -17.73648534,   31.28429747,      9.40793654], [ -101.65056532, -123.30306262,   34.15024983,   17.36905061,     36.15527958,  202.74098947,   25.24543067,   -2.17649269,     -3.21592823,  -10.76590496,   -2.03746276,    7.37735417,    -15.23999479], [   -2.40146074,   39.801345  ,  -18.5587498 ,  -97.74329145,    -64.56348338,   25.24543067,  247.01272616,   92.57836255,    -24.2303008 ,    6.40929339,   13.5459858 ,  -33.34251334,    -16.70210196], [  184.87919281,   20.32113951,   15.351567  ,  -52.12782052,    -83.90834647,   -2.17649269,   92.57836255,  169.12015582,      4.8896054 ,    9.45133704,    0.527153  ,  -21.23830473,     -7.91927298], [  -85.6691938 ,   55.27026085,  -31.22475674,   55.40701942,     41.19825576,   -3.21592823,  -24.2303008 ,    4.8896054 ,    122.94982597,   32.49053321,   12.17180838,   13.01150892,      4.13999361], [  -15.18395254,   26.37365652,   -6.67155228,   -5.66232521,      6.68952063,  -10.76590496,    6.40929339,    9.45133704,     32.49053321,  112.00945717,   39.33300141,    6.43654219,    -11.06208478], [  -71.22419427,   97.09742575,   15.96064955,  -20.2868039 ,    -17.73648534,   -2.03746276,   13.5459858 ,    0.527153  ,     12.17180838,   39.33300141,  105.57065906,   33.95845382,     15.88742088], [ -188.69849702,   65.16614765,   32.91068022,   50.73596186,     31.28429747,    7.37735417,  -33.34251334,  -21.23830473,     13.01150892,    6.43654219,   33.95845382,  121.12211256,     39.76425846], [  -43.75259771,   86.59330786,    7.20624074,   24.63411187,      9.40793654,  -15.23999479,  -16.70210196,   -7.91927298,      4.13999361,  -11.06208478,   15.88742088,   39.76425846,    100.05338083]]
