/root/sim/music/out/Compilations/20th ANNIVERSARY OF PERSONA SERIES ALL T/4-20 Dance! -Long Mix-.mp3; [-583.50757  , 115.93516  , -21.655415 ,   5.580306 ,   4.5903816,   -5.6114526,   5.0047483,   2.396781 ,   3.3982506,   5.2204714,   -1.7469736,  -2.292971 ,  -1.5363687]; [[21661.49558688, 2089.53453807,  439.04708756,  228.89762325,    465.59369471,  227.77834662,  361.82062802,  297.53041704,    130.98321714,  311.7436856 ,  142.81939109,  109.20110862,     82.19967945], [ 2089.53453807, 1823.77986632, -512.87943815,  217.07084709,     80.9985394 ,  -38.39460567,   81.0316283 ,    4.4499358 ,     55.72261965,   39.63661039,   18.85330979,   37.53811811,      5.17123224], [  439.04708756, -512.87943815, 1536.63652042,  136.02949507,    426.2112872 ,  315.05318327,  189.35051883,  240.68422146,     89.02618782,   78.94013155,   77.91222072,   19.64551496,      4.44749438], [  228.89762325,  217.07084709,  136.02949507,  545.83945852,    162.97188767,  164.82002659,  121.75854033,  119.97729794,     87.20072052,   53.39176257,   58.79839743,   52.12542026,     14.51504033], [  465.59369471,   80.9985394 ,  426.2112872 ,  162.97188767,    380.04950789,  175.15780841,  141.29399493,  104.64367095,     72.93262558,   55.98118893,   40.02912096,   48.68341185,     38.57267624], [  227.77834662,  -38.39460567,  315.05318327,  164.82002659,    175.15780841,  320.11858708,  150.25489527,  131.73423096,     83.27424387,   76.8267634 ,   57.90842756,   31.63233046,     36.52640319], [  361.82062802,   81.0316283 ,  189.35051883,  121.75854033,    141.29399493,  150.25489527,  227.11113269,  103.25031184,     73.18188761,   62.73956074,   33.72628697,   27.04989594,     19.98546424], [  297.53041704,    4.4499358 ,  240.68422146,  119.97729794,    104.64367095,  131.73423096,  103.25031184,  247.40799851,    122.92851098,   61.93462891,   43.08107626,   20.76628515,     17.92754026], [  130.98321714,   55.72261965,   89.02618782,   87.20072052,     72.93262558,   83.27424387,   73.18188761,  122.92851098,    162.82880818,   81.01498211,   25.08872538,   12.53750071,     19.38664843], [  311.7436856 ,   39.63661039,   78.94013155,   53.39176257,     55.98118893,   76.8267634 ,   62.73956074,   61.93462891,     81.01498211,  138.55348184,   62.31599175,   21.7761053 ,     10.73117558], [  142.81939109,   18.85330979,   77.91222072,   58.79839743,     40.02912096,   57.90842756,   33.72628697,   43.08107626,     25.08872538,   62.31599175,  125.54667789,   48.4611193 ,      1.56214195], [  109.20110862,   37.53811811,   19.64551496,   52.12542026,     48.68341185,   31.63233046,   27.04989594,   20.76628515,     12.53750071,   21.7761053 ,   48.4611193 ,   94.94473497,     43.2156229 ], [   82.19967945,    5.17123224,    4.44749438,   14.51504033,     38.57267624,   36.52640319,   19.98546424,   17.92754026,     19.38664843,   10.73117558,    1.56214195,   43.2156229 ,     96.95837685]]
/root/sim/music/out/Compilations/20th ANNIVERSARY OF PERSONA SERIES ALL T/4-18 Never More.mp3; [-588.5664    , 109.704185  ,  -0.70489454,  22.045218  ,  13.049772  ,    5.47834   ,  12.527138  ,   4.2486463 ,   1.0358033 ,   7.9215674 ,   -6.3378024 ,  -1.2604574 ,  -0.09891236]; [[14960.59520038, -895.79650816, -207.76978585, -143.37471688,   -142.68928791,  147.11340224,  161.55498463,  256.20637737,    115.21512037,   58.16045311,  -49.22036525, -114.70628281,    -11.64505959], [ -895.79650816, 1814.62984524, -225.64557519,  193.97608113,     47.22642862,    9.44710456,  230.53069446,  -88.59662583,     40.8887039 ,   79.45971101,  -38.19990617,   -0.23982128,    -23.53888489], [ -207.76978585, -225.64557519, 1099.84109215,  236.8212459 ,    215.80810058,  293.72876543,  -10.70178554,  179.91337996,     27.43068173,    4.67888064,  118.594463  ,   63.12255424,      0.23090065], [ -143.37471688,  193.97608113,  236.8212459 ,  482.15249986,    194.71963742,  123.71972983,  -31.34162525,  131.05218878,     91.25296788,  -39.30739738,   58.41530223,   91.63742457,    -12.67925273], [ -142.68928791,   47.22642862,  215.80810058,  194.71963742,    366.8671656 ,   64.7545158 ,    3.26284816,   97.57224773,     69.90257446,    9.75919361,   41.96526358,   48.49473469,     -7.8279357 ], [  147.11340224,    9.44710456,  293.72876543,  123.71972983,     64.7545158 ,  362.59690593,   78.42644089,   89.32976596,     59.34930911,   50.20820416,   85.89199494,    3.23026426,      1.00105284], [  161.55498463,  230.53069446,  -10.70178554,  -31.34162525,      3.26284816,   78.42644089,  292.05475046,   19.43458365,     26.70386357,  110.81100166,   -1.00968527,  -20.80907641,     30.49693019], [  256.20637737,  -88.59662583,  179.91337996,  131.05218878,     97.57224773,   89.32976596,   19.43458365,  209.41837323,     70.74619052,    2.96390692,   44.9209348 ,   42.11565052,     21.52156711], [  115.21512037,   40.8887039 ,   27.43068173,   91.25296788,     69.90257446,   59.34930911,   26.70386357,   70.74619052,    127.18868992,   39.17328861,   31.03393129,    8.48107595,      3.91087748], [   58.16045311,   79.45971101,    4.67888064,  -39.30739738,      9.75919361,   50.20820416,  110.81100166,    2.96390692,     39.17328861,  162.43564998,   28.61836275,  -20.11136849,     25.00056766], [  -49.22036525,  -38.19990617,  118.594463  ,   58.41530223,     41.96526358,   85.89199494,   -1.00968527,   44.9209348 ,     31.03393129,   28.61836275,  106.41436372,   44.15175685,      7.05827999], [ -114.70628281,   -0.23982128,   63.12255424,   91.63742457,     48.49473469,    3.23026426,  -20.80907641,   42.11565052,      8.48107595,  -20.11136849,   44.15175685,  122.48897484,     29.65086174], [  -11.64505959,  -23.53888489,    0.23090065,  -12.67925273,     -7.8279357 ,    1.00105284,   30.49693019,   21.52156711,      3.91087748,   25.00056766,    7.05827999,   29.65086174,     90.89282846]]
/root/sim/music/out/Compilations/20th ANNIVERSARY OF PERSONA SERIES ALL T/5-19 全ての人の魂の詩.mp3; [-705.8907   , 167.38095  , -33.64409  ,  18.436106 , -11.625438 ,  -12.277576 ,   4.009439 ,   8.566756 , -22.287369 ,  10.224963 ,    4.7490416,   3.1008832,   1.7312932]; [[17563.66380896, 1938.70764256, -457.61005591,  651.94687656,   -190.11681711,  519.103104  ,  695.87458368,  603.71767158,   -403.81014216,    1.34204561,  107.42493109,    8.13338856,     45.17827444], [ 1938.70764256, 1389.61082121,    5.99165342,  197.74467165,    162.84814731,   40.5085779 ,  171.59269686,   79.25698364,    -55.63571896,   60.48351502,   58.36306144,   81.53943622,     18.95742017], [ -457.61005591,    5.99165342,  376.17919599,   35.25066476,    172.60549356,  172.22787127,   80.70428984,   79.5803722 ,    135.96744213,    5.8781993 ,  -12.78777347,   18.51471618,     -2.59807888], [  651.94687656,  197.74467165,   35.25066476,  325.96065897,     79.49464589,   76.05382308,   53.92611563,   43.31128948,     37.86213351,  -23.68783102,   44.75960603,   54.11570032,     88.61079851], [ -190.11681711,  162.84814731,  172.60549356,   79.49464589,    255.70173026,  141.33303654,   57.21717996,   56.91234245,     99.31603559,   -6.70682258,  -21.83673328,  -13.72229462,    -42.52617623], [  519.103104  ,   40.5085779 ,  172.22787127,   76.05382308,    141.33303654,  362.27166033,   26.00977143,   56.19310461,    238.40936696,  -42.44885416,  -27.92298865,  -65.5603233 ,    -50.62406396], [  695.87458368,  171.59269686,   80.70428984,   53.92611563,     57.21717996,   26.00977143,  330.99202529,  151.74362277,   -116.45640956,   62.08922068,   60.76372997,   96.11128948,     64.85611284], [  603.71767158,   79.25698364,   79.5803722 ,   43.31128948,     56.91234245,   56.19310461,  151.74362277,  214.96956699,      5.43018033,   66.17271855,    7.36230741,   23.3352495 ,      2.47294905], [ -403.81014216,  -55.63571896,  135.96744213,   37.86213351,     99.31603559,  238.40936696, -116.45640956,    5.43018033,    460.43108025,  -23.06364441,  -36.59122722,  -93.64308428,    -91.27354037], [    1.34204561,   60.48351502,    5.8781993 ,  -23.68783102,     -6.70682258,  -42.44885416,   62.08922068,   66.17271855,    -23.06364441,  194.28180066,   50.52876125,   42.01641459,    -49.82522704], [  107.42493109,   58.36306144,  -12.78777347,   44.75960603,    -21.83673328,  -27.92298865,   60.76372997,    7.36230741,    -36.59122722,   50.52876125,  171.70562087,  114.67195841,     54.07984892], [    8.13338856,   81.53943622,   18.51471618,   54.11570032,    -13.72229462,  -65.5603233 ,   96.11128948,   23.3352495 ,    -93.64308428,   42.01641459,  114.67195841,  228.36985405,    115.94326317], [   45.17827444,   18.95742017,   -2.59807888,   88.61079851,    -42.52617623,  -50.62406396,   64.85611284,    2.47294905,    -91.27354037,  -49.82522704,   54.07984892,  115.94326317,    234.73737125]]
/root/sim/music/out/Compilations/20th ANNIVERSARY OF PERSONA SERIES ALL T/3-14 Changing Seasons.mp3; [-548.89056   ,  85.274185  ,  10.021517  ,  14.830009  ,   4.264134  ,    0.26320338,  -0.19654064,   1.330245  ,   1.7371643 ,   0.30993322,    1.9706811 ,   1.0009655 ,   4.4058976 ]; [[11610.72059562,  590.78903061,  634.77643014,  678.99931514,    147.9300296 ,  209.77102535,  -32.21069299, -121.7278963 ,   -214.63758544,  -21.7470791 ,  -17.528606  ,  -18.05535266,    -32.32300536], [  590.78903061, 1197.81892839,   54.21947455,  -23.72491669,    126.24777509,   43.03542079,   82.19050055,   64.04569538,     76.20264722,   31.64636392,   83.12965419,   78.38225248,     59.98293158], [  634.77643014,   54.21947455,  660.25450115,  363.54703668,    247.73496861,  179.87484238,   85.0141067 ,  -17.58810151,    -16.84655052,   10.51569385,   -1.3495211 ,  -22.3283598 ,    -13.29676261], [  678.99931514,  -23.72491669,  363.54703668,  626.04087699,    228.30804595,  169.00677051,   93.83212699,  -71.41544266,    -72.36100079,    1.40304585,    9.22728542,  -17.18317066,    -27.26960717], [  147.9300296 ,  126.24777509,  247.73496861,  228.30804595,    281.91206659,  110.21327901,   75.01663686,    2.14664874,     -1.57314041,    9.89331346,   20.4348456 ,  -13.75710459,    -14.4397841 ], [  209.77102535,   43.03542079,  179.87484238,  169.00677051,    110.21327901,  281.47248844,  143.21434412,   63.71790006,     31.15410095,   32.9369782 ,    4.74618124,    6.59065199,      6.54061483], [  -32.21069299,   82.19050055,   85.0141067 ,   93.83212699,     75.01663686,  143.21434412,  183.16545376,   96.28601415,     43.30362391,   12.75193005,   -1.41727385,    9.6392404 ,     20.75356544], [ -121.7278963 ,   64.04569538,  -17.58810151,  -71.41544266,      2.14664874,   63.71790006,   96.28601415,  212.14820945,    129.79806098,   47.85913536,    1.34379348,   10.41702351,     10.4968192 ], [ -214.63758544,   76.20264722,  -16.84655052,  -72.36100079,     -1.57314041,   31.15410095,   43.30362391,  129.79806098,    182.60104011,   78.24125202,   20.95523881,   11.56615453,      6.61048129], [  -21.7470791 ,   31.64636392,   10.51569385,    1.40304585,      9.89331346,   32.9369782 ,   12.75193005,   47.85913536,     78.24125202,  125.08388128,   63.9685591 ,   25.75907104,      2.54223469], [  -17.528606  ,   83.12965419,   -1.3495211 ,    9.22728542,     20.4348456 ,    4.74618124,   -1.41727385,    1.34379348,     20.95523881,   63.9685591 ,  112.54955548,   63.96000299,     21.74846269], [  -18.05535266,   78.38225248,  -22.3283598 ,  -17.18317066,    -13.75710459,    6.59065199,    9.6392404 ,   10.41702351,     11.56615453,   25.75907104,   63.96000299,  108.29270455,     55.05890437], [  -32.32300536,   59.98293158,  -13.29676261,  -27.26960717,    -14.4397841 ,    6.54061483,   20.75356544,   10.4968192 ,      6.61048129,    2.54223469,   21.74846269,   55.05890437,     93.80383178]]
/root/sim/music/out/Compilations/20th ANNIVERSARY OF PERSONA SERIES ALL T/4-06 Backside Of the TV.mp3; [-595.2027   ,  82.65371  ,  21.759552 ,  21.477783 ,   9.356219 ,    5.808994 ,   1.768459 ,  -0.7236778,   2.7019286,   4.155586 ,   -2.0160553,  -2.059244 ,  -2.6724503]; [[24540.10692861,  550.30813281,   52.87753375,  216.40171452,    -97.07527764,  -73.72580205,  235.25479369,   32.01669904,    179.39944789,   39.66556285,  -97.715202  , -127.24544991,    -81.28646759], [  550.30813281, 1380.99637148,  -68.60760347,  -15.55507169,    115.41869661,   67.00419163,   81.45245845,   85.3651851 ,     19.48361256,  109.88124201,   20.76627115,   35.72069503,     80.7440173 ], [   52.87753375,  -68.60760347,  601.81177506,  176.80620028,    127.43157191,  170.5178743 ,  -11.34288473,   13.7257022 ,     36.62798297,  -24.72881606,   79.00727094,   40.74006554,     35.38745083], [  216.40171452,  -15.55507169,  176.80620028,  264.15501649,    128.24753152,   29.23710351,  -36.20750029,   22.8917539 ,     54.63242292,  -20.23602703,   20.23611598,   57.25980459,     13.73705584], [  -97.07527764,  115.41869661,  127.43157191,  128.24753152,    219.86330272,   46.63709052,    0.77298829,   18.94529804,     49.06997186,   -3.33514235,   18.83460581,   22.0889314 ,     26.21981263], [  -73.72580205,   67.00419163,  170.5178743 ,   29.23710351,     46.63709052,  170.44355243,   52.58925763,   15.16204728,      6.33083134,   21.93658564,   46.28197737,    2.42776863,     24.53821849], [  235.25479369,   81.45245845,  -11.34288473,  -36.20750029,      0.77298829,   52.58925763,  169.81263292,   12.78439359,      8.75848389,   34.36707391,   -7.00860102,  -14.66243568,      9.60307559], [   32.01669904,   85.3651851 ,   13.7257022 ,   22.8917539 ,     18.94529804,   15.16204728,   12.78439359,   91.91947897,     34.22954451,    6.52510096,    8.95579851,   13.29479032,     11.49832195], [  179.39944789,   19.48361256,   36.62798297,   54.63242292,     49.06997186,    6.33083134,    8.75848389,   34.22954451,     89.41500182,   21.87438575,    7.24736618,    4.10000917,      5.9023695 ], [   39.66556285,  109.88124201,  -24.72881606,  -20.23602703,     -3.33514235,   21.93658564,   34.36707391,    6.52510096,     21.87438575,   89.47783653,   17.9902494 ,   -0.98864628,     11.35325485], [  -97.715202  ,   20.76627115,   79.00727094,   20.23611598,     18.83460581,   46.28197737,   -7.00860102,    8.95579851,      7.24736618,   17.9902494 ,   73.6391588 ,   28.71954474,     15.8925724 ], [ -127.24544991,   35.72069503,   40.74006554,   57.25980459,     22.0889314 ,    2.42776863,  -14.66243568,   13.29479032,      4.10000917,   -0.98864628,   28.71954474,   75.35672149,     24.42589157], [  -81.28646759,   80.7440173 ,   35.38745083,   13.73705584,     26.21981263,   24.53821849,    9.60307559,   11.49832195,      5.9023695 ,   11.35325485,   15.8925724 ,   24.42589157,     53.48223174]]
/root/sim/music/out/Compilations/20th ANNIVERSARY OF PERSONA SERIES ALL T/5-13 不穩.mp3; [-695.41644  , 151.5827   ,  38.782703 ,  48.040062 ,  12.405286 ,   12.767564 ,   3.3752542,   0.9386215,   3.619438 ,  -1.9074702,   -1.5535702,  -1.7983738,  -7.025064 ]; [[15380.43186108,  620.58321594, -834.61049238, -168.64015208,   -169.60138104,  195.4330877 ,  151.24215078,   -8.75057801,    111.86601535,  265.98169733,  123.18359203,  106.06750523,     68.8028464 ], [  620.58321594, 1355.99556757,   96.73329883,  212.80411269,     38.31179378,   64.67291093,  -12.61204436,   16.333333  ,     61.59195048,    3.40110789,   49.36972489,   12.15105905,    -40.06764294], [ -834.61049238,   96.73329883,  933.08987201,  175.79108301,    154.27844214,  -30.97265007,   22.60431752,   24.19860689,    -31.05834317,  -73.504314  ,  -45.33788569,  -26.61541881,    -31.21987613], [ -168.64015208,  212.80411269,  175.79108301,  343.4692106 ,     56.98066794,   40.17252771,   11.91192597,   34.79584284,     14.14980553,  -57.12756594,   -4.16945537,   -7.93253422,    -17.76772179], [ -169.60138104,   38.31179378,  154.27844214,   56.98066794,    131.0424254 ,   22.63450173,    9.65466188,    2.28390235,     -5.3136561 ,  -16.12506457,   -4.19646741,   -9.60647859,    -12.74813638], [  195.4330877 ,   64.67291093,  -30.97265007,   40.17252771,     22.63450173,  105.59814269,   37.56522043,    8.4256801 ,      2.81627552,    1.95240597,   -3.77796364,   -3.86102121,     -4.81590367], [  151.24215078,  -12.61204436,   22.60431752,   11.91192597,      9.65466188,   37.56522043,   74.10533198,   35.06990533,      9.1810736 ,    2.46689256,   -1.1800487 ,   -2.13910466,     -0.61912492], [   -8.75057801,   16.333333  ,   24.19860689,   34.79584284,      2.28390235,    8.4256801 ,   35.06990533,   72.24930752,     30.08971707,   -3.2447902 ,   -2.53592305,   -6.22709855,      1.41346738], [  111.86601535,   61.59195048,  -31.05834317,   14.14980553,     -5.3136561 ,    2.81627552,    9.1810736 ,   30.08971707,     63.52052306,   24.00193512,    8.10654719,   -0.40236298,      0.1868912 ], [  265.98169733,    3.40110789,  -73.504314  ,  -57.12756594,    -16.12506457,    1.95240597,    2.46689256,   -3.2447902 ,     24.00193512,   78.33590363,   34.39495063,    8.12001601,      0.05550696], [  123.18359203,   49.36972489,  -45.33788569,   -4.16945537,     -4.19646741,   -3.77796364,   -1.1800487 ,   -2.53592305,      8.10654719,   34.39495063,   69.78963148,   29.25578883,     -6.43813944], [  106.06750523,   12.15105905,  -26.61541881,   -7.93253422,     -9.60647859,   -3.86102121,   -2.13910466,   -6.22709855,     -0.40236298,    8.12001601,   29.25578883,   50.57567014,     14.14403179], [   68.8028464 ,  -40.06764294,  -31.21987613,  -17.76772179,    -12.74813638,   -4.81590367,   -0.61912492,    1.41346738,      0.1868912 ,    0.05550696,   -6.43813944,   14.14403179,     49.15383656]]
/root/sim/music/out/Compilations/20th ANNIVERSARY OF PERSONA SERIES ALL T/1-25 Ayase's Theme.mp3; [-666.93854   , 127.54678   ,  -2.8882186 ,   3.4629965 , -12.344791  ,   10.527531  ,   4.175253  ,   9.81693   ,   6.324485  ,   5.2072477 ,    0.17384064,  -0.41244885,   0.7651648 ]; [[28102.3650693 , 3336.6021186 ,  -49.78615838,  418.03306304,   -199.68156931,  365.71012297,  185.81261553,  409.7265067 ,    277.86065417,  291.0506598 ,  -76.60119195, -253.52317745,   -289.51418482], [ 3336.6021186 , 1684.22948651,  184.34209566,  233.46754642,     96.80899169,  312.4566378 ,  114.0228317 ,   46.5702508 ,     65.84896287,   58.16441415,  104.48225402,   75.72792861,     28.27992089], [  -49.78615838,  184.34209566,  648.88938497,  312.85685538,    369.87468821,  183.48126386,  174.04594151,   31.78014667,     34.63080191,   -6.15649625,   -3.00716301,   22.12020161,     28.59370957], [  418.03306304,  233.46754642,  312.85685538,  429.93915395,    307.17028842,  119.29129123,  133.0479971 ,   89.68353852,     66.02125987,   15.81499108,  -52.50714151,  -46.75527501,    -44.2280834 ], [ -199.68156931,   96.80899169,  369.87468821,  307.17028842,    448.34243036,  213.09368938,  167.87372026,   70.90459025,     54.65845343,   -8.49951221,   20.34392331,   49.29156772,      3.13534736], [  365.71012297,  312.4566378 ,  183.48126386,  119.29129123,    213.09368938,  268.92454715,  131.62077372,   44.5115104 ,     42.25213001,   18.66854809,   87.56082473,   82.1528276 ,      9.38071158], [  185.81261553,  114.0228317 ,  174.04594151,  133.0479971 ,    167.87372026,  131.62077372,  192.37532323,  103.02245866,     76.89271196,   37.33016979,   24.63309086,   48.22040515,     28.76517319], [  409.7265067 ,   46.5702508 ,   31.78014667,   89.68353852,     70.90459025,   44.5115104 ,  103.02245866,  156.3327716 ,    111.04490654,   64.8641993 ,    0.73721036,  -16.91510564,     -4.24746868], [  277.86065417,   65.84896287,   34.63080191,   66.02125987,     54.65845343,   42.25213001,   76.89271196,  111.04490654,    143.53906672,   80.6408598 ,   35.97805893,    9.83048562,      2.08137299], [  291.0506598 ,   58.16441415,   -6.15649625,   15.81499108,     -8.49951221,   18.66854809,   37.33016979,   64.8641993 ,     80.6408598 ,  121.01632337,   65.84842964,    6.93220274,      7.97253431], [  -76.60119195,  104.48225402,   -3.00716301,  -52.50714151,     20.34392331,   87.56082473,   24.63309086,    0.73721036,     35.97805893,   65.84842964,  189.05375023,  125.02067101,     40.72424483], [ -253.52317745,   75.72792861,   22.12020161,  -46.75527501,     49.29156772,   82.1528276 ,   48.22040515,  -16.91510564,      9.83048562,    6.93220274,  125.02067101,  208.36561765,    102.99968707], [ -289.51418482,   28.27992089,   28.59370957,  -44.2280834 ,      3.13534736,    9.38071158,   28.76517319,   -4.24746868,      2.08137299,    7.97253431,   40.72424483,  102.99968707,    122.73849776]]
/root/sim/music/out/Compilations/20th ANNIVERSARY OF PERSONA SERIES ALL T/5-05 逃走～逮捕.mp3; [-636.2739    , 113.53252   , -16.262718  ,  26.32238   , -10.74236   ,   -0.40704796, -10.248609  ,  -2.065916  , -10.805011  ,  -3.587444  ,   -4.109762  ,  -2.050196  ,  -2.527515  ]; [[22044.58896848, 2319.10851693, -525.50787011, 1065.73283594,    270.93529659,  396.16203774,   82.04115438,  443.3843125 ,    293.50177806,  279.32857893,   28.4839279 , -109.7252905 ,    -50.07548244], [ 2319.10851693, 1857.82174363, -167.71335206,  164.94302451,    -18.68028854,  -38.68611022, -121.25361291,   29.42338781,      4.16004189,   11.95872451,  -63.64853402,  -70.35317417,     20.39641399], [ -525.50787011, -167.71335206,  717.51010695,   44.48617694,    166.13875311,  152.68957044,  139.73359328,  155.96931038,    133.3721283 ,   49.76953661,   39.24628216,   46.43843599,    103.62550313], [ 1065.73283594,  164.94302451,   44.48617694,  338.51189595,    183.59165879,  136.01054909,  115.35086293,  130.7704533 ,     89.26495292,   68.22441132,   37.16855076,   18.73242535,     32.81593635], [  270.93529659,  -18.68028854,  166.13875311,  183.59165879,    403.67888622,  148.53909978,  219.06478563,  166.00326313,    178.2203062 ,   91.49416248,   45.34793412,    5.10215541,     30.89802509], [  396.16203774,  -38.68611022,  152.68957044,  136.01054909,    148.53909978,  208.71549556,  147.68982934,  125.35277142,     86.4160477 ,   61.45840224,   51.57473551,   45.9314881 ,     43.73804995], [   82.04115438, -121.25361291,  139.73359328,  115.35086293,    219.06478563,  147.68982934,  269.85918516,  150.39450595,    127.65074912,   69.15323457,   55.35193683,   44.38296056,     47.5724687 ], [  443.3843125 ,   29.42338781,  155.96931038,  130.7704533 ,    166.00326313,  125.35277142,  150.39450595,  198.45477879,    142.74176503,   71.87934726,   37.99002141,   28.77441644,     54.56727063], [  293.50177806,    4.16004189,  133.3721283 ,   89.26495292,    178.2203062 ,   86.4160477 ,  127.65074912,  142.74176503,    197.68075601,  103.25966483,   32.00201114,    0.72662169,     38.98459311], [  279.32857893,   11.95872451,   49.76953661,   68.22441132,     91.49416248,   61.45840224,   69.15323457,   71.87934726,    103.25966483,  113.45830805,   47.49538807,    4.4901961 ,     13.22568989], [   28.4839279 ,  -63.64853402,   39.24628216,   37.16855076,     45.34793412,   51.57473551,   55.35193683,   37.99002141,     32.00201114,   47.49538807,   89.83573782,   53.33680058,      8.42510685], [ -109.7252905 ,  -70.35317417,   46.43843599,   18.73242535,      5.10215541,   45.9314881 ,   44.38296056,   28.77441644,      0.72662169,    4.4901961 ,   53.33680058,   96.12886282,     42.8657149 ], [  -50.07548244,   20.39641399,  103.62550313,   32.81593635,     30.89802509,   43.73804995,   47.5724687 ,   54.56727063,     38.98459311,   13.22568989,    8.42510685,   42.8657149 ,     88.88830656]]
/root/sim/music/out/Compilations/20th ANNIVERSARY OF PERSONA SERIES ALL T/1-04 Dungeon - 1st Ward Shopping Dis.mp3; [-620.43866   ,  98.742584  ,  -1.9396389 ,  14.0834    ,  19.7615    ,    7.9411154 ,  -4.058598  ,   3.3765967 ,   3.7542124 ,   7.5530863 ,   -0.57196516,   3.9181616 ,   3.2019258 ]; [[16275.39556058, 1097.53696562,  706.7645892 ,  582.8364466 ,    271.089143  ,  310.74500505,  118.43395443,  157.51177277,    103.9721731 ,  186.61802394,  128.9530981 ,   86.77518651,    -19.56443754], [ 1097.53696562, 1429.78235577,  481.71506811,  555.16563819,    513.23473965,  171.3754081 ,  106.2595941 ,   97.97969694,     83.413394  ,   63.04708481,  -26.35295754,  -23.89041858,    -18.97205806], [  706.7645892 ,  481.71506811,  921.62809846,  408.05364535,    302.32698361,  191.43906142,   89.40870803,   83.19330931,     72.33984711,   69.58606444,   46.56980095,   -9.28531259,    -35.61436486], [  582.8364466 ,  555.16563819,  408.05364535,  652.07097263,    347.37561707,  129.59761095,  119.59437644,  123.69748606,     96.13230153,   20.36668866,   30.80394389,    5.57277009,    -17.2683923 ], [  271.089143  ,  513.23473965,  302.32698361,  347.37561707,    474.43190431,  125.41735761,  101.80150075,   63.86283457,     64.62609213,   24.1704459 ,   19.55024566,    8.08826491,     13.97697804], [  310.74500505,  171.3754081 ,  191.43906142,  129.59761095,    125.41735761,  208.56099361,   77.39762141,   46.53570456,      6.61375224,   15.94256267,   -0.5522127 ,   -5.05790313,    -15.06278311], [  118.43395443,  106.2595941 ,   89.40870803,  119.59437644,    101.80150075,   77.39762141,  175.490277  ,   60.59977795,     40.79261922,    2.70192843,   19.52995192,  -15.20033617,     -2.51698146], [  157.51177277,   97.97969694,   83.19330931,  123.69748606,     63.86283457,   46.53570456,   60.59977795,  101.5749265 ,     39.16495768,    9.12547881,    2.91840234,  -10.42199932,    -18.45384353], [  103.9721731 ,   83.413394  ,   72.33984711,   96.13230153,     64.62609213,    6.61375224,   40.79261922,   39.16495768,    116.54830627,   21.14683958,    7.74238336,  -11.35311961,     -1.02783954], [  186.61802394,   63.04708481,   69.58606444,   20.36668866,     24.1704459 ,   15.94256267,    2.70192843,    9.12547881,     21.14683958,   81.19533283,   14.65613618,   -0.43064197,    -11.11060742], [  128.9530981 ,  -26.35295754,   46.56980095,   30.80394389,     19.55024566,   -0.5522127 ,   19.52995192,    2.91840234,      7.74238336,   14.65613618,  108.58210349,   24.7603705 ,    -13.8923152 ], [   86.77518651,  -23.89041858,   -9.28531259,    5.57277009,      8.08826491,   -5.05790313,  -15.20033617,  -10.42199932,    -11.35311961,   -0.43064197,   24.7603705 ,   83.61860698,      7.91859125], [  -19.56443754,  -18.97205806,  -35.61436486,  -17.2683923 ,     13.97697804,  -15.06278311,   -2.51698146,  -18.45384353,     -1.02783954,  -11.11060742,  -13.8923152 ,    7.91859125,    104.18276629]]
/root/sim/music/out/Compilations/20th ANNIVERSARY OF PERSONA SERIES ALL T/3-10 Master of Shadow.mp3; [-613.60876   ,  97.822464  ,  14.914014  ,  28.153404  ,   5.3739386 ,    4.775945  ,  -0.24449715,   1.7098677 ,  -1.2174371 ,   1.5797347 ,    0.4572091 ,  -0.04535355,  -0.1435903 ]; [[17563.15117407,  889.65168902,  269.18238288,  259.25663699,     82.74450837,  114.45420806,    5.82967481,    4.67632043,    -59.26703308,   16.95134191,  -75.53266146,  -68.41869037,    -80.69138769], [  889.65168902, 1302.59980185, -260.5543616 ,  260.75580729,     68.56223157,  -23.05944824,   15.75470158,  -11.41254641,     38.61791347,  -24.73051639,  -20.19452333,    2.91278145,      2.46305782], [  269.18238288, -260.5543616 ,  762.17356181, -150.55923293,    141.721684  ,  190.21615933,  129.68051236,  138.4914337 ,     24.33798015,   55.90192423,   62.50059333,   72.92013275,     65.02154671], [  259.25663699,  260.75580729, -150.55923293,  762.14909587,    108.23295913,   76.63416572,   17.48782393,   -6.27380669,     47.81456706,  -38.8451552 ,  -60.23907198,  -36.88624111,    -65.56018826], [   82.74450837,   68.56223157,  141.721684  ,  108.23295913,    181.36943174,   59.38167005,   35.65956016,   34.03474229,     26.42198102,   21.77423635,   14.3247098 ,   18.05720129,      2.24664316], [  114.45420806,  -23.05944824,  190.21615933,   76.63416572,     59.38167005,  183.10136724,   73.48126354,   72.24028264,     37.50099942,   30.5422089 ,   32.26043872,   36.5638686 ,     24.16589856], [    5.82967481,   15.75470158,  129.68051236,   17.48782393,     35.65956016,   73.48126354,  133.88324551,   82.871746  ,     26.10570471,   21.96651042,    7.90361227,   11.30181054,     18.55614041], [    4.67632043,  -11.41254641,  138.4914337 ,   -6.27380669,     34.03474229,   72.24028264,   82.871746  ,  113.90913339,     38.31732012,   34.80529443,   20.23151944,   22.38746884,     23.36596164], [  -59.26703308,   38.61791347,   24.33798015,   47.81456706,     26.42198102,   37.50099942,   26.10570471,   38.31732012,     71.30986335,   26.26796219,   15.54529269,   13.87826157,      3.76661386], [   16.95134191,  -24.73051639,   55.90192423,  -38.8451552 ,     21.77423635,   30.5422089 ,   21.96651042,   34.80529443,     26.26796219,   69.61509113,   43.4168005 ,   22.87202983,     13.47726799], [  -75.53266146,  -20.19452333,   62.50059333,  -60.23907198,     14.3247098 ,   32.26043872,    7.90361227,   20.23151944,     15.54529269,   43.4168005 ,   82.12441914,   47.25395501,     26.45751871], [  -68.41869037,    2.91278145,   72.92013275,  -36.88624111,     18.05720129,   36.5638686 ,   11.30181054,   22.38746884,     13.87826157,   22.87202983,   47.25395501,   69.28461311,     38.67926285], [  -80.69138769,    2.46305782,   65.02154671,  -65.56018826,      2.24664316,   24.16589856,   18.55614041,   23.36596164,      3.76661386,   13.47726799,   26.45751871,   38.67926285,     64.19380874]]
/root/sim/music/out/Compilations/20th ANNIVERSARY OF PERSONA SERIES ALL T/3-15 Master of Tartarus.mp3; [-571.5983    ,  91.6335    ,   2.516256  ,  38.79341   ,  10.689679  ,    3.0882745 ,  -1.3065455 ,   7.010593  ,   5.9522333 ,  -0.21937917,   -3.511553  ,  -3.1776597 ,  -5.11384   ]; [[17903.10378925,-1699.8165261 ,  896.88198437,  -53.75038576,    -60.1711619 ,  311.25613508, -128.19984492, -105.15625946,   -207.85041092,  -55.1009053 , -103.54220326,   99.33518057,     48.40220396], [-1699.8165261 , 2092.97534507, -842.60316985,  275.74070972,    144.81527581, -112.75171132,   86.45386684,  120.79592171,    165.02927076,   -0.96273416,   21.860504  ,  -91.27677675,    -44.32824608], [  896.88198437, -842.60316985,  995.90169745, -169.03141993,    -24.6988608 ,  181.27762753,   58.25136994,  -14.38185432,   -122.08745512,   12.97945995,  -41.56638774,   58.05543887,     47.18895918], [  -53.75038576,  275.74070972, -169.03141993,  390.03042574,     62.53889834, -107.85712731,  -83.38350262,  -17.95293727,     44.99537192,   -1.3121819 ,   21.94261001,  -23.1365094 ,    -33.08235   ], [  -60.1711619 ,  144.81527581,  -24.6988608 ,   62.53889834,    158.70950955,   -1.13768114,   16.20284755,   30.32227909,     14.0978601 ,   21.65289713,   13.35855077,   -2.9391173 ,     -2.19724456], [  311.25613508, -112.75171132,  181.27762753, -107.85712731,     -1.13768114,  230.14933367,  109.07852084,   33.24721775,    -28.17186325,   -7.74350077,  -52.37321709,   -6.76763457,     13.63757354], [ -128.19984492,   86.45386684,   58.25136994,  -83.38350262,     16.20284755,  109.07852084,  131.87434419,   48.09706398,     -1.14107423,   -2.03356532,  -21.82377632,   -4.09052577,     15.32500532], [ -105.15625946,  120.79592171,  -14.38185432,  -17.95293727,     30.32227909,   33.24721775,   48.09706398,   84.82922853,     32.3792901 ,   14.71976667,  -10.21573788,   -9.42612804,      0.90005971], [ -207.85041092,  165.02927076, -122.08745512,   44.99537192,     14.0978601 ,  -28.17186325,   -1.14107423,   32.3792901 ,     79.57453016,   28.99014285,   10.8181503 ,   -5.01634363,     -3.04198265], [  -55.1009053 ,   -0.96273416,   12.97945995,   -1.3121819 ,     21.65289713,   -7.74350077,   -2.03356532,   14.71976667,     28.99014285,   56.99933351,   24.37738533,   11.47790736,      5.73568925], [ -103.54220326,   21.860504  ,  -41.56638774,   21.94261001,     13.35855077,  -52.37321709,  -21.82377632,  -10.21573788,     10.8181503 ,   24.37738533,   71.88216381,   33.42671106,      6.66880408], [   99.33518057,  -91.27677675,   58.05543887,  -23.1365094 ,     -2.9391173 ,   -6.76763457,   -4.09052577,   -9.42612804,     -5.01634363,   11.47790736,   33.42671106,   64.93609339,     26.89614414], [   48.40220396,  -44.32824608,   47.18895918,  -33.08235   ,     -2.19724456,   13.63757354,   15.32500532,    0.90005971,     -3.04198265,    5.73568925,    6.66880408,   26.89614414,     45.89237788]]
/root/sim/music/out/Compilations/20th ANNIVERSARY OF PERSONA SERIES ALL T/1-29 Retrospection - Setting Off.mp3; [-691.17194   , 140.526     ,  -0.8080494 ,  24.647303  ,   5.399957  ,    8.914425  ,   2.40963   ,   8.307301  ,   1.3340752 ,   5.536356  ,   -0.19101591,   2.3047726 ,  -0.10113471]; [[23630.46254818, -709.70767863, 2535.11643979, 3083.20695731,    818.62407169,   -5.41668278, -158.86580722,  207.64041448,     58.10824303,   64.64190902,   22.42271055, -156.85836852,   -685.93443468], [ -709.70767863, 2536.5342455 , -153.47028953,  323.52045093,    236.83003525,  -39.3713875 ,  -92.86749513,  130.38142869,    185.40944942,   18.16042927,  -42.27938088,  -52.10710531,    112.9332853 ], [ 2535.11643979, -153.47028953,  916.40523435,  397.06506047,     99.81436191,   47.45436427,   15.9406285 ,  122.43283272,     66.93002658,   40.26941289,   13.83709083,  -38.65608796,   -102.10625869], [ 3083.20695731,  323.52045093,  397.06506047,  858.56309948,    215.38804291,  -82.33126678,  -99.52026367,   -0.99260408,     40.54836167,    8.85219955,   -0.37387766,  -36.58973486,   -101.62820123], [  818.62407169,  236.83003525,   99.81436191,  215.38804291,    392.95995565,  150.69036041,   23.13964113,    2.27726017,     20.11628188,   34.59575713,   12.44800969,    1.64056285,      0.57397837], [   -5.41668278,  -39.3713875 ,   47.45436427,  -82.33126678,    150.69036041,  286.61072495,  128.71097589,   58.0802729 ,      2.3897116 ,   38.13363697,   44.63341054,   29.54866955,     24.79588528], [ -158.86580722,  -92.86749513,   15.9406285 ,  -99.52026367,     23.13964113,  128.71097589,  183.26995504,  102.2985257 ,     36.14536206,   24.50093638,   23.15021064,   20.09998918,     19.9470133 ], [  207.64041448,  130.38142869,  122.43283272,   -0.99260408,      2.27726017,   58.0802729 ,  102.2985257 ,  213.72671875,    103.13713317,    6.43130456,    0.10303628,    5.5509832 ,     16.72909964], [   58.10824303,  185.40944942,   66.93002658,   40.54836167,     20.11628188,    2.3897116 ,   36.14536206,  103.13713317,    185.5150543 ,   67.66821221,   -7.74214117,   -6.71590064,     11.11701757], [   64.64190902,   18.16042927,   40.26941289,    8.85219955,     34.59575713,   38.13363697,   24.50093638,    6.43130456,     67.66821221,  130.73710163,   48.63267376,  -12.18485257,    -24.90398582], [   22.42271055,  -42.27938088,   13.83709083,   -0.37387766,     12.44800969,   44.63341054,   23.15021064,    0.10303628,     -7.74214117,   48.63267376,  121.27359077,   37.05477603,    -42.02084102], [ -156.85836852,  -52.10710531,  -38.65608796,  -36.58973486,      1.64056285,   29.54866955,   20.09998918,    5.5509832 ,     -6.71590064,  -12.18485257,   37.05477603,  111.61720289,     22.53470403], [ -685.93443468,  112.9332853 , -102.10625869, -101.62820123,      0.57397837,   24.79588528,   19.9470133 ,   16.72909964,     11.11701757,  -24.90398582,  -42.02084102,   22.53470403,    125.0959242 ]]
/root/sim/music/out/Compilations/20th ANNIVERSARY OF PERSONA SERIES ALL T/4-03 Signs Of Love.mp3; [-615.2571    , 103.615425  ,  23.000961  ,  25.581083  ,  11.579368  ,    2.2813382 ,   5.853392  ,  -2.6409824 ,  -0.37937862,   3.2285297 ,   -6.154796  ,  -3.3980627 ,  -3.1876526 ]; [[15687.61407713, -144.71373071,  341.34024787,  358.00733459,     82.95149621,  329.61698673,  -41.53264939,  108.63965151,     21.54891589,    7.66091688,   -1.5168691 ,  -96.57781182,    -53.94032831], [ -144.71373071, 2030.63952958, -277.40683578,  326.98398038,    263.12490894,   80.18062167,  326.36254223,    8.6604798 ,    101.71644904,  134.43476252,  -21.72962607,   67.57254851,     -9.1462118 ], [  341.34024787, -277.40683578, 1055.43158159,   72.78029489,    289.75093663,  183.9573428 ,  125.75902185,  159.67774274,     61.70171151,   53.28519972,  104.9026111 ,   56.87531615,     44.53829133], [  358.00733459,  326.98398038,   72.78029489,  623.07852864,    151.71711265,  212.36852317,   79.2577595 ,  193.77854997,    130.99767385,   21.7175253 ,   76.40358326,   40.95589787,     -6.46601414], [   82.95149621,  263.12490894,  289.75093663,  151.71711265,    434.18640723,   99.89302035,  149.32326808,   91.5206201 ,     96.60938943,   69.93097694,   18.51997774,   35.53866368,     16.01012434], [  329.61698673,   80.18062167,  183.9573428 ,  212.36852317,     99.89302035,  407.92185629,  126.96565576,  136.78489153,     92.99898523,   65.05099984,   93.01257722,  -14.7785543 ,     30.13526585], [  -41.53264939,  326.36254223,  125.75902185,   79.2577595 ,    149.32326808,  126.96565576,  311.00073215,   75.78991395,    102.69623517,  106.70383768,   25.08026172,   18.12680212,     29.41932094], [  108.63965151,    8.6604798 ,  159.67774274,  193.77854997,     91.5206201 ,  136.78489153,   75.78991395,  217.65319606,    106.99773288,   21.68324915,   63.50784577,   23.05034083,     24.79640653], [   21.54891589,  101.71644904,   61.70171151,  130.99767385,     96.60938943,   92.99898523,  102.69623517,  106.99773288,    157.82198295,   62.28472335,   50.78584563,   -0.20841677,     26.8362394 ], [    7.66091688,  134.43476252,   53.28519972,   21.7175253 ,     69.93097694,   65.05099984,  106.70383768,   21.68324915,     62.28472335,  130.59073337,   31.50884886,    3.05028564,     15.52199365], [   -1.5168691 ,  -21.72962607,  104.9026111 ,   76.40358326,     18.51997774,   93.01257722,   25.08026172,   63.50784577,     50.78584563,   31.50884886,  105.99267697,   21.683409  ,     17.1744783 ], [  -96.57781182,   67.57254851,   56.87531615,   40.95589787,     35.53866368,  -14.7785543 ,   18.12680212,   23.05034083,     -0.20841677,    3.05028564,   21.683409  ,   99.24412233,     24.19736327], [  -53.94032831,   -9.1462118 ,   44.53829133,   -6.46601414,     16.01012434,   30.13526585,   29.41932094,   24.79640653,     26.8362394 ,   15.52199365,   17.1744783 ,   24.19736327,     72.01316538]]
