/root/sim/music/out/シャ乱Q/BEST OF HISTORY [Disc 1]/01-18ヶ月.mp3; [-532.77673   , 104.874245  , -12.708786  ,  26.248186  ,  -0.1413757 ,    0.8301597 ,  -2.2472348 ,   6.1532145 ,   1.0121938 ,   0.39976618,   -2.4360545 ,  -1.5688505 ,  -1.4350262 ]; [[15589.06013949, 1656.86505075, -219.49028321,  382.38537196,    -33.94964076,   89.22286234,   91.06144865,  241.66578138,    159.94819005,  105.24784301,  -13.52217942,  -35.64817967,    -50.21095997], [ 1656.86505075,  681.91932229,  -84.08869391,   99.47285392,     34.55130122,    4.41497554,   48.88665351,   75.61301115,     25.5214422 ,   38.37685472,   -3.03722756,   11.4198654 ,     25.09915297], [ -219.49028321,  -84.08869391,  401.90376053,   88.73123022,     44.22273013,   37.79352462,  -16.55594329,  -27.14902156,    -28.62809372,  -16.80855227,   33.7123679 ,   21.86879095,     12.21368618], [  382.38537196,   99.47285392,   88.73123022,  308.43454425,    102.58324568,    4.45577879,  -63.57103861,   30.50390731,     48.09361548,  -35.95299088,   -1.2717657 ,   31.33647477,     38.56867693], [  -33.94964076,   34.55130122,   44.22273013,  102.58324568,    171.11945867,   38.25893533,   -4.05295699,   31.62334618,     40.74362257,    7.99085199,   -4.69166059,   12.04608672,     13.40565668], [   89.22286234,    4.41497554,   37.79352462,    4.45577879,     38.25893533,  125.40819761,   71.3254428 ,   20.14797923,      4.55957947,   11.90571602,   18.25241132,   -9.71939907,    -14.79031933], [   91.06144865,   48.88665351,  -16.55594329,  -63.57103861,     -4.05295699,   71.3254428 ,  168.15614217,   59.27974001,      7.6678603 ,   32.29672291,   19.07482366,   -3.33167426,    -13.15545878], [  241.66578138,   75.61301115,  -27.14902156,   30.50390731,     31.62334618,   20.14797923,   59.27974001,  104.71683133,     60.19879092,   27.54824251,    1.08637935,    6.44054683,     16.16542025], [  159.94819005,   25.5214422 ,  -28.62809372,   48.09361548,     40.74362257,    4.55957947,    7.6678603 ,   60.19879092,    102.81505833,   40.76821405,    3.30902475,    7.45436816,     12.1663227 ], [  105.24784301,   38.37685472,  -16.80855227,  -35.95299088,      7.99085199,   11.90571602,   32.29672291,   27.54824251,     40.76821405,  104.34983087,   33.39411232,    4.11186135,     -8.06690883], [  -13.52217942,   -3.03722756,   33.7123679 ,   -1.2717657 ,     -4.69166059,   18.25241132,   19.07482366,    1.08637935,      3.30902475,   33.39411232,   69.47408494,   28.09048535,     -1.1834783 ], [  -35.64817967,   11.4198654 ,   21.86879095,   31.33647477,     12.04608672,   -9.71939907,   -3.33167426,    6.44054683,      7.45436816,    4.11186135,   28.09048535,   69.89734744,     31.4988212 ], [  -50.21095997,   25.09915297,   12.21368618,   38.56867693,     13.40565668,  -14.79031933,  -13.15545878,   16.16542025,     12.1663227 ,   -8.06690883,   -1.1834783 ,   31.4988212 ,     67.76281808]]
/root/sim/music/out/シャ乱Q/BEST OF HISTORY [Disc 1]/14-ズルい女.mp3; [-526.14716   ,  91.34684   ,  -9.345316  ,  22.068285  ,   3.2608318 ,    6.0433326 ,  -3.3171802 ,   7.9232063 ,  -1.281089  ,   7.4428115 ,    0.82390606,   3.7979414 ,   3.289385  ]; [[17654.59560254, 1377.11710999, -190.48154285,  191.36149772,   -195.76951412,  122.62695886,  -86.62010937,  157.95942332,     12.01259124,  227.71373789,   56.52935152,   89.79412011,     23.29426872], [ 1377.11710999,  780.92610267,  -19.81473907,    9.58999848,     64.41677671,   39.90724386,   35.44646616,   64.02749383,     36.73709845,   48.52802405,    2.98475018,   46.07736122,     36.16617609], [ -190.48154285,  -19.81473907,  712.217052  ,   65.50063204,    101.35394154,  167.57593074,  -40.75354259,   64.97930916,     64.24404564,  -55.58319258,   59.83736079,   29.69049335,     28.96345407], [  191.36149772,    9.58999848,   65.50063204,  259.66661664,     90.34380815,   -1.31301346,  -27.41167318,    0.94112036,     -5.12011067,  -11.49035156,  -11.44814999,   -3.44239456,     20.31533565], [ -195.76951412,   64.41677671,  101.35394154,   90.34380815,    178.81738099,   56.02728252,  -18.90225614,   23.38806426,     29.37957749,   -4.45461234,    8.75148244,   -0.25167792,     12.21693422], [  122.62695886,   39.90724386,  167.57593074,   -1.31301346,     56.02728252,  147.52965151,   34.7876462 ,   40.20026632,     21.78264318,    0.3948162 ,   28.97162136,    6.08861156,     -0.35569832], [  -86.62010937,   35.44646616,  -40.75354259,  -27.41167318,    -18.90225614,   34.7876462 ,  143.3316461 ,   28.4466875 ,     11.68368779,   33.56838857,    6.22907197,   12.12619133,     -5.97476028], [  157.95942332,   64.02749383,   64.97930916,    0.94112036,     23.38806426,   40.20026632,   28.4466875 ,   92.68363022,     44.19922486,   18.0433447 ,   12.25887723,    6.00348263,     13.17497538], [   12.01259124,   36.73709845,   64.24404564,   -5.12011067,     29.37957749,   21.78264318,   11.68368779,   44.19922486,     86.32348736,   37.19747723,   13.20822441,    1.82234522,     -4.23690319], [  227.71373789,   48.52802405,  -55.58319258,  -11.49035156,     -4.45461234,    0.3948162 ,   33.56838857,   18.0433447 ,     37.19747723,   99.081271  ,   31.21725581,    2.7613511 ,    -12.93477186], [   56.52935152,    2.98475018,   59.83736079,  -11.44814999,      8.75148244,   28.97162136,    6.22907197,   12.25887723,     13.20822441,   31.21725581,   71.85572141,   28.73271845,      2.66624406], [   89.79412011,   46.07736122,   29.69049335,   -3.44239456,     -0.25167792,    6.08861156,   12.12619133,    6.00348263,      1.82234522,    2.7613511 ,   28.73271845,   72.85824572,     33.70241484], [   23.29426872,   36.16617609,   28.96345407,   20.31533565,     12.21693422,   -0.35569832,   -5.97476028,   13.17497538,     -4.23690319,  -12.93477186,    2.66624406,   33.70241484,     71.72824939]]
/root/sim/music/out/シャ乱Q/BEST OF HISTORY [Disc 1]/07-上・京・物・語.mp3; [-518.92426   , 110.11398   ,  -2.0526402 ,  28.937786  ,   6.8790298 ,    1.7084384 ,  -0.99465555,   5.127677  ,   1.3803823 ,   1.4701425 ,   -4.004821  ,   1.8442386 ,  -1.057376  ]; [[20892.06760998,  410.80027353,-1092.09253886, -165.27611238,   -218.73738318,   -7.24437132,  191.53497347,  527.03018237,    295.60101775,  242.47326012,   -8.97826896,  -20.3173608 ,   -172.12392355], [  410.80027353, 1083.8323474 ,   57.80800252,  165.09994947,     22.69090084,   17.57501506,  -32.24230485,  -85.17047745,    -55.09742797,  -18.85425033,   12.78143417,   39.59949294,     59.79231479], [-1092.09253886,   57.80800252,  453.7213717 ,  113.80245691,     80.16243555,   22.06297947,  -38.75015019,  -59.23888559,    -21.65904599,  -52.30993452,   -3.85338368,   20.91075699,     22.4295413 ], [ -165.27611238,  165.09994947,  113.80245691,  312.6775268 ,     83.45929836,  -18.45197039,  -36.30193559,  -45.30649199,    -18.54082921,  -47.59777018,  -32.19811245,   28.06455379,     27.93678506], [ -218.73738318,   22.69090084,   80.16243555,   83.45929836,    133.66947877,    0.3240347 ,  -29.99064804,   -7.12237029,     -2.88288872,  -25.57062986,   -8.46543337,   13.5834719 ,     14.6479314 ], [   -7.24437132,   17.57501506,   22.06297947,  -18.45197039,      0.3240347 ,   96.15545273,   31.28672783,    8.01284993,      9.757785  ,   11.77151555,    4.02979731,   -8.39391841,     -4.21108516], [  191.53497347,  -32.24230485,  -38.75015019,  -36.30193559,    -29.99064804,   31.28672783,  115.44124821,   37.96052203,      4.09244439,   34.62160426,   12.54323831,    0.84387312,    -12.36303866], [  527.03018237,  -85.17047745,  -59.23888559,  -45.30649199,     -7.12237029,    8.01284993,   37.96052203,  110.47798782,     43.18966127,   29.70640371,    7.11773817,   -4.18794235,    -18.11063367], [  295.60101775,  -55.09742797,  -21.65904599,  -18.54082921,     -2.88288872,    9.757785  ,    4.09244439,   43.18966127,     83.45880802,   30.67360393,    0.44855677,   -1.55689779,     -8.42119912], [  242.47326012,  -18.85425033,  -52.30993452,  -47.59777018,    -25.57062986,   11.77151555,   34.62160426,   29.70640371,     30.67360393,   97.06758753,   23.04059487,   -7.47240045,    -14.52101796], [   -8.97826896,   12.78143417,   -3.85338368,  -32.19811245,     -8.46543337,    4.02979731,   12.54323831,    7.11773817,      0.44855677,   23.04059487,   74.68757015,   15.1780162 ,      2.47530901], [  -20.3173608 ,   39.59949294,   20.91075699,   28.06455379,     13.5834719 ,   -8.39391841,    0.84387312,   -4.18794235,     -1.55689779,   -7.47240045,   15.1780162 ,   72.709331  ,     26.1298032 ], [ -172.12392355,   59.79231479,   22.4295413 ,   27.93678506,     14.6479314 ,   -4.21108516,  -12.36303866,  -18.11063367,     -8.42119912,  -14.52101796,    2.47530901,   26.1298032 ,     67.31645573]]
/root/sim/music/out/シャ乱Q/BEST OF HISTORY [Disc 1]/15-空を見なよ.mp3; [-557.1045    , 116.92661   , -13.151383  ,  14.160554  ,   6.339974  ,    7.538203  ,  -8.625145  ,   3.8330991 ,   1.9420892 ,   2.833966  ,   -5.0571303 ,   0.56116456,  -0.73353314]; [[22905.05651065, -641.60686556,  117.77126963, 1079.16656119,    391.72719182,  550.64849868, -179.13088105,  169.98671567,     30.36319238,   28.52754215, -311.69477372, -102.4717749 ,   -103.27090374], [ -641.60686556, 1690.94105565, -476.26341553, -174.99101648,    -13.242172  , -156.23698133,  -33.22831416,  -23.22118928,    -31.04532755,   14.27470636,   11.25742821,   29.35096156,     25.18076922], [  117.77126963, -476.26341553,  564.20382966,    1.97093652,    -23.18514898,   50.4743861 ,   26.23699507,   -6.8618693 ,    -10.06073026,  -14.49614601,    1.17637685,    2.39833733,     26.59342174], [ 1079.16656119, -174.99101648,    1.97093652,  282.23913985,    102.70971917,   59.99416767,    4.42795661,    3.61558986,      4.79454604,  -35.99036042,  -36.95232111,  -16.44351866,     -3.49469246], [  391.72719182,  -13.242172  ,  -23.18514898,  102.70971917,    233.41528672,   49.04281837,   12.44213969,    5.43918041,     24.8850568 ,  -24.90599355,  -26.40168035,    0.0657484 ,     -3.72064453], [  550.64849868, -156.23698133,   50.4743861 ,   59.99416767,     49.04281837,  129.71228077,   44.56048849,   22.94752678,     15.51354103,    1.28706517,    1.04188364,   -3.02323133,    -11.64330108], [ -179.13088105,  -33.22831416,   26.23699507,    4.42795661,     12.44213969,   44.56048849,  122.27691429,   26.23545866,      3.60063257,    9.43815379,    4.72271145,    0.48574256,      6.72276601], [  169.98671567,  -23.22118928,   -6.8618693 ,    3.61558986,      5.43918041,   22.94752678,   26.23545866,   79.16315985,     22.99661748,   19.92420657,    4.58590259,   -2.39548755,     -7.35605334], [   30.36319238,  -31.04532755,  -10.06073026,    4.79454604,     24.8850568 ,   15.51354103,    3.60063257,   22.99661748,     83.65151686,   16.93887976,   12.72953753,   10.34155827,     -5.53213794], [   28.52754215,   14.27470636,  -14.49614601,  -35.99036042,    -24.90599355,    1.28706517,    9.43815379,   19.92420657,     16.93887976,   91.11035842,   35.21733276,    5.17730497,     -8.0888691 ], [ -311.69477372,   11.25742821,    1.17637685,  -36.95232111,    -26.40168035,    1.04188364,    4.72271145,    4.58590259,     12.72953753,   35.21733276,   75.4354928 ,   19.8686695 ,     -1.68759934], [ -102.4717749 ,   29.35096156,    2.39833733,  -16.44351866,      0.0657484 ,   -3.02323133,    0.48574256,   -2.39548755,     10.34155827,    5.17730497,   19.8686695 ,   66.72746612,     27.59129989], [ -103.27090374,   25.18076922,   26.59342174,   -3.49469246,     -3.72064453,  -11.64330108,    6.72276601,   -7.35605334,     -5.53213794,   -8.0888691 ,   -1.68759934,   27.59129989,     73.45390573]]
/root/sim/music/out/シャ乱Q/BEST OF HISTORY [Disc 1]/09-出会い.mp3; [-558.81104   , 105.40958   ,   2.0388575 ,  25.376472  ,  10.080682  ,   11.873955  ,   5.903216  ,   5.8028507 ,   1.4165353 ,  10.651826  ,    0.07808205,   2.934495  ,  -4.5151763 ]; [[19214.93914558,  863.57905837, -239.73489911,  160.84232582,    637.11104023, -267.32095921, -180.93938329,  564.16940517,     74.8260154 ,  169.42793428,  -89.96030403,   79.57585431,   -401.89396766], [  863.57905837,  945.27862351, -147.18877551,  137.4851123 ,   -121.73609613,  138.61380422,   80.78112015,  -68.47166497,    -33.86405968,   56.27343172,    1.79974868,    7.88097957,     41.8737857 ], [ -239.73489911, -147.18877551,  609.23016759,  149.42181461,      6.87003028,  -83.01345053,  -87.27504327,   -3.13524859,    -39.0525853 , -105.80849404,    6.52464096,  -31.61536215,     42.88589218], [  160.84232582,  137.4851123 ,  149.42181461,  348.10232508,     63.70128339,    8.93343592,  -63.5497673 ,  -46.9290528 ,      5.41414999,  -56.19809177,  -42.68120332,  -44.18542767,     27.26489273], [  637.11104023, -121.73609613,    6.87003028,   63.70128339,    230.75083019,  -54.25895218,  -72.45141865,   64.68290452,     34.19906766,    4.92740371,  -32.04804467,   10.99833976,    -28.77596931], [ -267.32095921,  138.61380422,  -83.01345053,    8.93343592,    -54.25895218,  209.3395666 ,  106.15628984,  -84.41510726,    -15.14487328,   27.48686973,   25.20910796,   -9.86773441,     -0.81620509], [ -180.93938329,   80.78112015,  -87.27504327,  -63.5497673 ,    -72.45141865,  106.15628984,  174.39732713,  -14.56277782,    -16.28662622,   30.51174744,   27.79320824,    5.17008596,     -5.0896775 ], [  564.16940517,  -68.47166497,   -3.13524859,  -46.9290528 ,     64.68290452,  -84.41510726,  -14.56277782,  168.91061099,     22.3658431 ,   17.83230885,  -13.23770599,    4.39621599,    -26.03017464], [   74.8260154 ,  -33.86405968,  -39.0525853 ,    5.41414999,     34.19906766,  -15.14487328,  -16.28662622,   22.3658431 ,     91.04193137,   29.75617369,   -7.37894985,   -6.62671128,     -4.29586275], [  169.42793428,   56.27343172, -105.80849404,  -56.19809177,      4.92740371,   27.48686973,   30.51174744,   17.83230885,     29.75617369,  121.71945217,   26.12433153,   11.37099057,    -20.57156141], [  -89.96030403,    1.79974868,    6.52464096,  -42.68120332,    -32.04804467,   25.20910796,   27.79320824,  -13.23770599,     -7.37894985,   26.12433153,   84.72240426,   29.57827349,     -3.13141143], [   79.57585431,    7.88097957,  -31.61536215,  -44.18542767,     10.99833976,   -9.86773441,    5.17008596,    4.39621599,     -6.62671128,   11.37099057,   29.57827349,   78.51218812,     13.372489  ], [ -401.89396766,   41.8737857 ,   42.88589218,   27.26489273,    -28.77596931,   -0.81620509,   -5.0896775 ,  -26.03017464,     -4.29586275,  -20.57156141,   -3.13141143,   13.372489  ,     81.90473239]]
/root/sim/music/out/シャ乱Q/BEST OF HISTORY [Disc 1]/08-ロスタイム.mp3; [-547.4801   ,  96.05229  , -29.121988 ,  26.783978 ,  12.936639 ,    9.664876 ,   5.436812 ,   6.337328 ,   3.150754 ,   5.066985 ,   -4.9929194,  -1.5565919,  -6.470368 ]; [[19344.41847363, 1139.45745233, -628.67423494,  403.6046541 ,     81.17056036,  140.9860092 ,   44.47073102,   73.89176578,      8.32255755,  117.70808725, -145.3754806 ,  -22.03807114,    -95.0516038 ], [ 1139.45745233, 1026.47941181, -287.06898914,  138.04142478,    113.47198065,   46.38056335,  106.60507988,   48.39250334,     76.88393274,   15.28495884,   18.14659063,   -8.2234339 ,    -21.65491777], [ -628.67423494, -287.06898914,  626.85263379,   24.76862307,    -78.20803874,  -41.24849436, -138.51571953,   32.77936058,    -41.69780685,   -5.66561592,   -9.74350413,  -12.58997693,     11.57292362], [  403.6046541 ,  138.04142478,   24.76862307,  330.83051564,     13.41899917,    2.32321474,  -13.47262065,  -44.08424032,     32.11982658,  -40.65578227,    2.15583179,   22.56587536,     27.79803883], [   81.17056036,  113.47198065,  -78.20803874,   13.41899917,    222.17574351,   66.44012486,   38.61798999,    8.9654379 ,     48.91580088,    9.6840404 ,    8.84439992,    1.43185447,    -13.1363086 ], [  140.9860092 ,   46.38056335,  -41.24849436,    2.32321474,     66.44012486,  115.51857223,   53.81383733,    9.3678878 ,     25.00386161,    0.68262982,    5.98879521,   -9.14016762,    -16.45321122], [   44.47073102,  106.60507988, -138.51571953,  -13.47262065,     38.61798999,   53.81383733,  165.39901987,   29.4991887 ,     30.09361687,   -1.47315909,    5.90579824,    3.74774672,    -15.54701599], [   73.89176578,   48.39250334,   32.77936058,  -44.08424032,      8.9654379 ,    9.3678878 ,   29.4991887 ,  126.64848693,     19.59880952,   42.80139233,   -7.92134022,  -15.14223414,    -16.92449118], [    8.32255755,   76.88393274,  -41.69780685,   32.11982658,     48.91580088,   25.00386161,   30.09361687,   19.59880952,     96.53909524,   19.19051022,   13.12445582,    0.71812994,     -9.09211746], [  117.70808725,   15.28495884,   -5.66561592,  -40.65578227,      9.6840404 ,    0.68262982,   -1.47315909,   42.80139233,     19.19051022,  108.8245211 ,   23.38329981,    8.01421358,    -14.78005899], [ -145.3754806 ,   18.14659063,   -9.74350413,    2.15583179,      8.84439992,    5.98879521,    5.90579824,   -7.92134022,     13.12445582,   23.38329981,   85.05124579,   29.34567189,      6.96701582], [  -22.03807114,   -8.2234339 ,  -12.58997693,   22.56587536,      1.43185447,   -9.14016762,    3.74774672,  -15.14223414,      0.71812994,    8.01421358,   29.34567189,   80.94885271,     24.95519609], [  -95.0516038 ,  -21.65491777,   11.57292362,   27.79803883,    -13.1363086 ,  -16.45321122,  -15.54701599,  -16.92449118,     -9.09211746,  -14.78005899,    6.96701582,   24.95519609,     70.33896919]]
/root/sim/music/out/シャ乱Q/BEST OF HISTORY [Disc 1]/11-For You ～翼をあげよう～.mp3; [-569.4563    , 143.42912   , -12.632516  ,  17.284943  ,   5.807408  ,   -0.61252004,   6.7787557 ,   9.6926155 ,  -7.7554417 ,   3.79445   ,    0.8671332 ,   1.3417593 ,  -4.9118824 ]; [[15453.93342976, 1140.74640233,  102.03965776,  123.52659923,    220.43952077,    3.61682596, -115.2107901 ,  230.63738548,   -206.00373339,  149.46529902,  -23.78692546,  -28.95777999,    -79.72121439], [ 1140.74640233, 1522.55452061, -271.91027143,  153.11438515,    -10.63230384,   -8.12766812,  112.20388579,   -3.1059292 ,      3.81624918,  -15.00884815,   -9.6482278 ,   41.29118755,      4.23091128], [  102.03965776, -271.91027143,  482.76833612, -137.95533911,     80.20980204,   69.41183025,  -70.21577735,   13.96371953,    -30.32483512,  -27.60312114,   33.89581938,   -3.69907678,      4.85133813], [  123.52659923,  153.11438515, -137.95533911,  372.76149888,     -5.68991295,  -38.64647311,   43.12305146,  -45.64617269,     62.52123092,  -65.61271146,  -28.28668914,   22.69259386,     17.02469185], [  220.43952077,  -10.63230384,   80.20980204,   -5.68991295,    185.03502372,   49.62432909,  -57.15481462,   17.36268537,     12.50924219,   -4.61811366,    8.59569209,   -7.54689118,    -27.7776347 ], [    3.61682596,   -8.12766812,   69.41183025,  -38.64647311,     49.62432909,  132.6585768 ,   -2.6208377 ,    9.67892109,    -16.03438348,   -5.18885087,   21.95167358,  -11.23996349,    -22.37531911], [ -115.2107901 ,  112.20388579,  -70.21577735,   43.12305146,    -57.15481462,   -2.6208377 ,  166.91641245,    4.17874235,     23.82122936,   11.34969272,  -10.27927826,   23.39970162,     18.67861552], [  230.63738548,   -3.1059292 ,   13.96371953,  -45.64617269,     17.36268537,    9.67892109,    4.17874235,  126.00284323,      1.19047655,   26.38872525,   -0.12932025,   -4.96943531,     -5.7309169 ], [ -206.00373339,    3.81624918,  -30.32483512,   62.52123092,     12.50924219,  -16.03438348,   23.82122936,    1.19047655,    110.6197476 ,    1.66642526,   -1.82575789,    3.76224982,     -4.05993069], [  149.46529902,  -15.00884815,  -27.60312114,  -65.61271146,     -4.61811366,   -5.18885087,   11.34969272,   26.38872525,      1.66642526,  133.44273488,   16.13306573,  -14.03438548,    -11.74078036], [  -23.78692546,   -9.6482278 ,   33.89581938,  -28.28668914,      8.59569209,   21.95167358,  -10.27927826,   -0.12932025,     -1.82575789,   16.13306573,   76.88472328,    9.93773187,     -4.67407055], [  -28.95777999,   41.29118755,   -3.69907678,   22.69259386,     -7.54689118,  -11.23996349,   23.39970162,   -4.96943531,      3.76224982,  -14.03438548,    9.93773187,   93.37781189,     25.45331922], [  -79.72121439,    4.23091128,    4.85133813,   17.02469185,    -27.7776347 ,  -22.37531911,   18.67861552,   -5.7309169 ,     -4.05993069,  -11.74078036,   -4.67407055,   25.45331922,     88.63130283]]
/root/sim/music/out/シャ乱Q/BEST OF HISTORY [Disc 1]/13-女友達.mp3; [-542.9295    , 117.38977   , -23.60065   ,  35.00971   ,   1.573235  ,   -7.5309906 ,  -0.653238  ,   1.8017371 ,  -1.8263408 ,   1.5614765 ,    0.23156893,  -2.664571  ,  -5.192572  ]; [[15811.85468652,  301.82153932,-1064.46543717,  323.50890408,   -199.67709641,  -40.99847185,    2.97887627,   87.2630565 ,     73.11434522,  128.72704503,   95.31661145,   -1.968522  ,   -124.93683413], [  301.82153932, 1433.38612805,  -51.12978618,  184.67661323,     27.95986192,  -60.94289984,   26.27225556,  -29.96109085,    -33.49102842,    9.15182235,  -20.24597435,   -6.80210774,     -0.34706063], [-1064.46543717,  -51.12978618,  728.03097387, -148.90388163,     63.80175102,  -41.90198218, -102.93823153,   30.44896274,    -75.42956038,  -24.29417633,    9.85695346,   17.95867908,     51.18166023], [  323.50890408,  184.67661323, -148.90388163,  450.70149732,     70.01879189,   52.97162627,   52.78382832,  -26.50518697,     44.97847452,  -50.99621472,  -23.54074875,  -10.15076404,      6.37642668], [ -199.67709641,   27.95986192,   63.80175102,   70.01879189,    170.12207864,   47.97219608,    0.40225806,   -0.84209143,     12.97318404,   -1.40001818,  -10.29285909,  -15.27468356,     -8.93807724], [  -40.99847185,  -60.94289984,  -41.90198218,   52.97162627,     47.97219608,  141.25202816,   84.79316682,   10.41091087,     14.76627453,  -14.56262694,    8.11132328,  -14.76744426,    -19.11379588], [    2.97887627,   26.27225556, -102.93823153,   52.78382832,      0.40225806,   84.79316682,  175.61815654,   23.51880009,     26.45789122,  -16.44298033,    3.02919438,   -0.74287324,    -12.24187384], [   87.2630565 ,  -29.96109085,   30.44896274,  -26.50518697,     -0.84209143,   10.41091087,   23.51880009,   91.126529  ,     20.86983489,   16.17148485,   -5.23602472,   -3.94782731,     -4.66225205], [   73.11434522,  -33.49102842,  -75.42956038,   44.97847452,     12.97318404,   14.76627453,   26.45789122,   20.86983489,    105.75660384,   26.05705369,    9.45351174,   -3.36427209,    -12.90756556], [  128.72704503,    9.15182235,  -24.29417633,  -50.99621472,     -1.40001818,  -14.56262694,  -16.44298033,   16.17148485,     26.05705369,  111.99859043,   31.78730499,   14.85635029,     -9.68040019], [   95.31661145,  -20.24597435,    9.85695346,  -23.54074875,    -10.29285909,    8.11132328,    3.02919438,   -5.23602472,      9.45351174,   31.78730499,   80.17102241,   34.50927336,      3.88799189], [   -1.968522  ,   -6.80210774,   17.95867908,  -10.15076404,    -15.27468356,  -14.76744426,   -0.74287324,   -3.94782731,     -3.36427209,   14.85635029,   34.50927336,   88.77844094,     33.46237142], [ -124.93683413,   -0.34706063,   51.18166023,    6.37642668,     -8.93807724,  -19.11379588,  -12.24187384,   -4.66225205,    -12.90756556,   -9.68040019,    3.88799189,   33.46237142,     85.26200725]]
/root/sim/music/out/シャ乱Q/BEST OF HISTORY [Disc 2]/17-新・ラーメン大好き小池さんの唄.mp3; [-529.6449    , 104.372856  , -10.670731  ,  12.231426  ,  10.82365   ,    1.6810281 ,  11.141714  ,   3.7868264 ,   8.804488  ,  10.732733  ,    0.09659622,   2.8590274 ,  -2.4119592 ]; [[19126.16631995,  401.39667674, -969.35573439,  142.61969438,    159.02842511,   73.55365034,  331.81044558,   72.30304148,    191.25693175,  259.46013058,  -57.23616494,   74.37022003,    -10.39811911], [  401.39667674,  814.92790151,  -95.84722519,  146.65221586,    -14.50002355,    3.53673146,   18.15122585,  -15.08151853,    -40.12500022,   -8.83314519,  -24.90293528,  -10.68886103,    -10.53592562], [ -969.35573439,  -95.84722519,  677.90182148,   -3.88373826,    104.37408914,  -16.6190444 ,  -82.35425679,  -34.00729266,    -36.95462294,  -54.92633528,   12.85841591,  -14.08785333,    -13.52528317], [  142.61969438,  146.65221586,   -3.88373826,  500.20336867,     99.23634395,   73.95937805,  -71.40484352,  -14.64875097,    -10.9656488 ,  -48.07835077,  -28.69680226,  -11.74458144,      9.9887395 ], [  159.02842511,  -14.50002355,  104.37408914,   99.23634395,    251.92555774,   35.29392125,  -21.7230761 ,   -6.09812043,      6.73110759,   -6.72577363,   -6.52672797,   -8.07038752,    -19.54157894], [   73.55365034,    3.53673146,  -16.6190444 ,   73.95937805,     35.29392125,  205.56127262,   44.81973672,   36.65504542,    -10.11803257,  -11.86840907,   22.38225057,  -39.55914429,    -12.1991384 ], [  331.81044558,   18.15122585,  -82.35425679,  -71.40484352,    -21.7230761 ,   44.81973672,  210.02568732,   55.23431343,     26.67524687,   26.14934478,    2.22123222,    5.87044253,    -15.077333  ], [   72.30304148,  -15.08151853,  -34.00729266,  -14.64875097,     -6.09812043,   36.65504542,   55.23431343,  124.91327796,     50.15803252,   20.93353486,   15.64998891,   -9.30482047,     -1.06354146], [  191.25693175,  -40.12500022,  -36.95462294,  -10.9656488 ,      6.73110759,  -10.11803257,   26.67524687,   50.15803252,    131.45660147,   58.87894311,   20.95392901,   10.96688882,     -6.63259549], [  259.46013058,   -8.83314519,  -54.92633528,  -48.07835077,     -6.72577363,  -11.86840907,   26.14934478,   20.93353486,     58.87894311,  126.1698153 ,   41.01230982,   21.53421506,      5.27286649], [  -57.23616494,  -24.90293528,   12.85841591,  -28.69680226,     -6.52672797,   22.38225057,    2.22123222,   15.64998891,     20.95392901,   41.01230982,  102.92336829,   31.97285944,     10.96190703], [   74.37022003,  -10.68886103,  -14.08785333,  -11.74458144,     -8.07038752,  -39.55914429,    5.87044253,   -9.30482047,     10.96688882,   21.53421506,   31.97285944,  112.6631577 ,     46.53356749], [  -10.39811911,  -10.53592562,  -13.52528317,    9.9887395 ,    -19.54157894,  -12.1991384 ,  -15.077333  ,   -1.06354146,     -6.63259549,    5.27286649,   10.96190703,   46.53356749,    104.29912304]]
/root/sim/music/out/シャ乱Q/BEST OF HISTORY [Disc 2]/02-ドラマティックに -'90 DREAM-.mp3; [-579.8751    , 116.70101   ,  -8.261517  ,  25.682196  ,   8.728418  ,    5.3908477 ,  -0.4290443 ,  11.738741  ,   1.7508128 ,   4.9736238 ,   -1.6953171 ,   1.1601565 ,  -0.18158601]; [[17430.51498718, 1270.94139763,  156.42175849,  365.26659121,    144.26719382,  327.85154193,  120.76307915,  305.58766015,    -21.18457772,  178.02991443,   -3.55831583,  145.28892532,    194.50261715], [ 1270.94139763, 1205.82261592, -251.06355448,  -18.38155718,    -28.96477032,  -68.38828879,  -61.5104946 ,   72.51622136,    -83.97980107,    0.76686692,  -44.1421569 ,  -15.89120348,      3.17338629], [  156.42175849, -251.06355448,  533.66756764,  -22.2825939 ,    110.47589124,   74.10745816,   38.22980639,   13.57152632,    -16.49746183,  -52.23552605,   24.23980342,   35.72969155,     42.33729389], [  365.26659121,  -18.38155718,  -22.2825939 ,  265.51301407,     54.53776058,   20.4502722 ,    6.60313611,  -33.30684548,     26.95666703,  -36.827744  ,  -13.71790071,   15.7635972 ,     -1.43390646], [  144.26719382,  -28.96477032,  110.47589124,   54.53776058,    197.98362706,   47.25441401,  -12.46563908,   -7.54705752,     15.50792931,  -38.9410478 ,    8.87910433,    2.66262894,     -6.56889861], [  327.85154193,  -68.38828879,   74.10745816,   20.4502722 ,     47.25441401,  130.07336938,   61.29468794,   26.08595828,     12.69042743,   22.58902525,   21.31152667,   16.18024722,     -5.21004943], [  120.76307915,  -61.5104946 ,   38.22980639,    6.60313611,    -12.46563908,   61.29468794,  131.8103187 ,   26.87444061,     15.71614675,   32.17648966,   19.3601594 ,   14.80271275,      3.86249217], [  305.58766015,   72.51622136,   13.57152632,  -33.30684548,     -7.54705752,   26.08595828,   26.87444061,  116.46034608,     25.43881716,   47.34028849,   14.6246398 ,   11.44606529,      8.68597512], [  -21.18457772,  -83.97980107,  -16.49746183,   26.95666703,     15.50792931,   12.69042743,   15.71614675,   25.43881716,    117.83230808,   50.68085453,   24.51232678,    4.24399987,    -15.78536807], [  178.02991443,    0.76686692,  -52.23552605,  -36.827744  ,    -38.9410478 ,   22.58902525,   32.17648966,   47.34028849,     50.68085453,  144.62605763,   39.80322802,    2.65513472,    -11.79866734], [   -3.55831583,  -44.1421569 ,   24.23980342,  -13.71790071,      8.87910433,   21.31152667,   19.3601594 ,   14.6246398 ,     24.51232678,   39.80322802,   78.11726829,   32.12652234,     -1.80781694], [  145.28892532,  -15.89120348,   35.72969155,   15.7635972 ,      2.66262894,   16.18024722,   14.80271275,   11.44606529,      4.24399987,    2.65513472,   32.12652234,   90.51047766,     40.26082202], [  194.50261715,    3.17338629,   42.33729389,   -1.43390646,     -6.56889861,   -5.21004943,    3.86249217,    8.68597512,    -15.78536807,  -11.79866734,   -1.80781694,   40.26082202,     95.85742105]]
/root/sim/music/out/シャ乱Q/BEST OF HISTORY [Disc 2]/15-愛 Just on my Love.mp3; [-551.51434   ,  90.43759   ,  -2.1375744 ,  17.089012  ,   1.9892224 ,    7.206423  ,   1.482041  ,   7.1975975 ,   0.80297107,   4.376052  ,    1.0402994 ,   3.0191126 ,   3.2083166 ]; [[17343.98605658, 1476.99132713, -586.91747179, -142.95803119,   -158.82458744,  -29.1929837 ,  -38.50514977,  177.25320274,     10.43231586,  134.32389811,   17.63603546,   40.81728925,      1.11688215], [ 1476.99132713,  818.0429743 ,   11.18948408,   -7.74132191,    -29.52055204,  -29.36042476,  -27.01783574,    3.66715059,    -29.91004348,    1.76453602,   32.78579947,   39.071242  ,     60.52895063], [ -586.91747179,   11.18948408,  712.98204856,  189.85066605,     93.65279906,   84.39399804,   25.94607688,  -56.60108587,    -38.21134853,  -70.80437636,    1.68162003,  -10.05412964,     17.41560306], [ -142.95803119,   -7.74132191,  189.85066605,  287.0327273 ,    144.13787309,   53.90609289,  -30.23735942,  -16.69299177,     -3.53639915,  -47.91263763,  -15.26305941,  -15.08852909,     14.39762721], [ -158.82458744,  -29.52055204,   93.65279906,  144.13787309,    214.31960829,   52.2959358 ,  -33.60156529,   -9.57581944,     11.13419288,  -31.03736446,  -15.64762956,  -20.93554065,    -14.03964942], [  -29.1929837 ,  -29.36042476,   84.39399804,   53.90609289,     52.2959358 ,  128.14668205,   54.92511276,   -3.85021141,     -8.91233189,  -14.1451676 ,   -1.95881069,  -11.14898022,     -7.59373635], [  -38.50514977,  -27.01783574,   25.94607688,  -30.23735942,    -33.60156529,   54.92511276,  142.45056424,   41.2216543 ,     -8.21895209,   12.47541317,    4.08954998,    4.69439765,    -10.13618323], [  177.25320274,    3.66715059,  -56.60108587,  -16.69299177,     -9.57581944,   -3.85021141,   41.2216543 ,   95.53563004,     44.14969146,   23.29530289,    2.41476513,    7.02046557,      2.71302764], [   10.43231586,  -29.91004348,  -38.21134853,   -3.53639915,     11.13419288,   -8.91233189,   -8.21895209,   44.14969146,     89.95914596,   52.32562662,   10.14777601,   -1.01477292,     -0.10609491], [  134.32389811,    1.76453602,  -70.80437636,  -47.91263763,    -31.03736446,  -14.1451676 ,   12.47541317,   23.29530289,     52.32562662,  123.6211036 ,   40.17624006,   10.54769507,     -7.86871768], [   17.63603546,   32.78579947,    1.68162003,  -15.26305941,    -15.64762956,   -1.95881069,    4.08954998,    2.41476513,     10.14777601,   40.17624006,   71.17873374,   30.43664457,      9.55582712], [   40.81728925,   39.071242  ,  -10.05412964,  -15.08852909,    -20.93554065,  -11.14898022,    4.69439765,    7.02046557,     -1.01477292,   10.54769507,   30.43664457,   80.18072573,     40.25587068], [    1.11688215,   60.52895063,   17.41560306,   14.39762721,    -14.03964942,   -7.59373635,  -10.13618323,    2.71302764,     -0.10609491,   -7.86871768,    9.55582712,   40.25587068,     90.04211783]]
/root/sim/music/out/シャ乱Q/BEST OF HISTORY [Disc 2]/04-こんなにあなたを愛しているのに.mp3; [-595.9763   , 139.86095  ,  -0.3297408,  24.329168 ,  -2.2776937,    1.7314985,  -6.200077 ,   3.8465664,   2.5265265,   4.3974943,    1.9931557,   0.2138463,   0.7589306]; [[16442.12742835,  997.03783045,  665.30113205,   44.02406099,    113.20581162,   81.78742015,   10.87736706,  288.47765956,     29.1117243 ,  199.51231465,   88.76459885,  112.50799554,    -37.89347993], [  997.03783045, 1209.84428736, -170.60567048,   60.05236143,    -43.09026164,  -30.25686613,  -21.52300136,   13.92030413,     14.91754616,   52.25296589,    8.46884043,   -1.23700626,      1.24534318], [  665.30113205, -170.60567048,  780.34966107, -137.84237608,    192.51440782,   28.96494549,  105.6670043 ,  114.1359817 ,     12.40918263,   67.22513151,   -0.3796222 ,   49.84311698,      8.97921401], [   44.02406099,   60.05236143, -137.84237608,  308.62654463,     -0.81037809,  -11.19671266,  -56.13161808,  -45.316716  ,     22.99316681,  -63.60003337,  -14.81653761,  -23.10696889,     14.20629359], [  113.20581162,  -43.09026164,  192.51440782,   -0.81037809,    191.91786768,   25.93135303,    7.99266752,   36.90062041,     24.27970367,   25.70009908,   -0.97941209,   13.39495108,     -0.72928255], [   81.78742015,  -30.25686613,   28.96494549,  -11.19671266,     25.93135303,   88.2764459 ,   34.29629569,    7.64247238,      0.03633448,   14.84867849,    9.66509415,   -0.7093686 ,     -6.43521274], [   10.87736706,  -21.52300136,  105.6670043 ,  -56.13161808,      7.99266752,   34.29629569,  132.69902654,   35.7320411 ,      6.51781453,   21.77308385,    9.21932622,   20.80155977,     -0.7138387 ], [  288.47765956,   13.92030413,  114.1359817 ,  -45.316716  ,     36.90062041,    7.64247238,   35.7320411 ,  107.82931211,     18.87404971,   22.36863741,    3.69044905,   15.51492879,     12.48227054], [   29.1117243 ,   14.91754616,   12.40918263,   22.99316681,     24.27970367,    0.03633448,    6.51781453,   18.87404971,     90.06704498,   25.20724031,    4.42192215,   -0.57820826,     -4.65294069], [  199.51231465,   52.25296589,   67.22513151,  -63.60003337,     25.70009908,   14.84867849,   21.77308385,   22.36863741,     25.20724031,  121.26069681,   41.34582018,   14.04023594,    -14.97703393], [   88.76459885,    8.46884043,   -0.3796222 ,  -14.81653761,     -0.97941209,    9.66509415,    9.21932622,    3.69044905,      4.42192215,   41.34582018,   68.56086002,   21.84235991,     -8.33260455], [  112.50799554,   -1.23700626,   49.84311698,  -23.10696889,     13.39495108,   -0.7093686 ,   20.80155977,   15.51492879,     -0.57820826,   14.04023594,   21.84235991,   66.88452173,     21.72866619], [  -37.89347993,    1.24534318,    8.97921401,   14.20629359,     -0.72928255,   -6.43521274,   -0.7138387 ,   12.48227054,     -4.65294069,  -14.97703393,   -8.33260455,   21.72866619,     66.94124851]]
/root/sim/music/out/シャ乱Q/BEST OF HISTORY [Disc 2]/10-心.mp3; [-558.66797   , 144.32588   , -19.810146  ,  14.26153   ,  -3.009055  ,    3.1004694 ,   0.21477273,   2.7400148 ,  -1.6726036 ,   5.125962  ,   -0.8350658 ,   4.556109  ,  -1.4162483 ]; [[14605.32229192,  388.2968656 , -832.73992042,  268.47003121,   -254.48841582,  198.77854844,   50.48294884,  186.76933469,     35.95900225,  254.07292012,   -3.96223394,   64.65997598,    -27.07990205], [  388.2968656 , 1838.42923257,   59.6129489 ,   -4.96807531,    100.25707069,  -91.49109208,   29.09167304,  -53.89770808,    -32.3858721 ,  -88.63858078,  -21.59539526,   45.69277402,     53.78029391], [ -832.73992042,   59.6129489 ,  507.60416234,    9.28933967,     80.01835008,   20.31434762,   -7.75205192,   -7.63917207,      5.08338519,  -43.9469849 ,    2.41104819,   24.04247833,     25.63890047], [  268.47003121,   -4.96807531,    9.28933967,  300.00195366,     82.75895843,   55.24206625,    6.44282143,   22.86296679,     37.62910657,  -21.94351419,    5.51399044,   12.70818259,     25.77268462], [ -254.48841582,  100.25707069,   80.01835008,   82.75895843,    200.20674647,   30.41299839,   -8.56724023,   11.75115081,     31.90227227,  -23.64280142,   10.76896963,    9.70128748,     -4.75117819], [  198.77854844,  -91.49109208,   20.31434762,   55.24206625,     30.41299839,  127.23138961,   44.46221818,   31.69541338,     23.52701109,   16.93329599,   24.06886331,   -8.17993116,     -8.20354521], [   50.48294884,   29.09167304,   -7.75205192,    6.44282143,     -8.56724023,   44.46221818,  122.77793869,   28.27863332,     13.04382043,   31.52502263,    6.42271597,    8.65668801,      6.27043505], [  186.76933469,  -53.89770808,   -7.63917207,   22.86296679,     11.75115081,   31.69541338,   28.27863332,   87.80355858,     29.94549521,   13.85548429,    6.51981662,   -1.21920175,      3.13794425], [   35.95900225,  -32.3858721 ,    5.08338519,   37.62910657,     31.90227227,   23.52701109,   13.04382043,   29.94549521,     83.12215236,   18.31629171,   10.91028323,    0.94550336,      1.31304073], [  254.07292012,  -88.63858078,  -43.9469849 ,  -21.94351419,    -23.64280142,   16.93329599,   31.52502263,   13.85548429,     18.31629171,  123.11654467,   20.91142233,    1.25722806,    -14.7961115 ], [   -3.96223394,  -21.59539526,    2.41104819,    5.51399044,     10.76896963,   24.06886331,    6.42271597,    6.51981662,     10.91028323,   20.91142233,   72.18234328,   11.86917528,     -6.59481187], [   64.65997598,   45.69277402,   24.04247833,   12.70818259,      9.70128748,   -8.17993116,    8.65668801,   -1.21920175,      0.94550336,    1.25722806,   11.86917528,   69.29514784,     30.74834478], [  -27.07990205,   53.78029391,   25.63890047,   25.77268462,     -4.75117819,   -8.20354521,    6.27043505,    3.13794425,      1.31304073,  -14.7961115 ,   -6.59481187,   30.74834478,     81.76124208]]
