/root/sim/music/201~300/260_そらいろ自転車.mp3; [-881.8172   , 295.29803  ,  24.126127 , -24.045866 ,  -3.1610484,   -7.9187875, -18.280748 ,  -8.867274 ,  -4.9055347,  -6.3559456,   -5.7495174,  -6.6742415,  -7.829743 ]; [[3980.88557568, 802.79820144,-923.449584  ,  61.05003498,  75.05426182,  -205.36386441,-130.73520487, 128.59661933, -36.83262177,-118.79888655,    32.3439427 , 129.12481922,  76.54651311], [ 802.79820144,1096.76259882,-171.40608915,-264.93130559, 100.38352885,   -12.30080348, -61.90202433,  23.46972809,  51.91522969,  -3.15672893,     3.99631728,   3.2029304 , -20.68701462], [-923.449584  ,-171.40608915, 585.05869345,  23.62649376,-142.26374721,   143.975067  ,  98.57456945, -65.56888393,  24.03555855,  77.80975426,   -23.74902625, -57.63362683, -34.83000532], [  61.05003498,-264.93130559,  23.62649376, 260.64925557,  44.3012409 ,   -34.55420941,  46.60475314,  44.14627479, -39.66306496,   5.83913948,    64.17671915,  31.96016214,   7.33828829], [  75.05426182, 100.38352885,-142.26374721,  44.3012409 , 189.3438259 ,     5.26188551, -35.44265054,  31.81725155,  22.97092855,   1.10285694,    29.52348669,  28.16104364,   8.04168665], [-205.36386441, -12.30080348, 143.975067  , -34.55420941,   5.26188551,   150.98865929,  39.30578402, -36.59761227,  64.28015158,  51.00882214,   -39.00490003, -24.78375808, -10.10226044], [-130.73520487, -61.90202433,  98.57456945,  46.60475314, -35.44265054,    39.30578402, 110.68029134,  57.30083901,   0.05043603,  16.27597009,    21.37425743,  -7.93614739, -10.24675153], [ 128.59661933,  23.46972809, -65.56888393,  44.14627479,  31.81725155,   -36.59761227,  57.30083901, 116.2573682 ,  16.51280384, -15.85244718,    32.57884304,  19.0682222 ,   5.62120059], [ -36.83262177,  51.91522969,  24.03555855, -39.66306496,  22.97092855,    64.28015158,   0.05043603,  16.51280384, 113.90183761,  70.15953438,   -23.92776712, -13.35785757,   2.53874491], [-118.79888655,  -3.15672893,  77.80975426,   5.83913948,   1.10285694,    51.00882214,  16.27597009, -15.85244718,  70.15953438, 110.89832547,    24.64113587, -20.23589369,  -9.26547125], [  32.3439427 ,   3.99631728, -23.74902625,  64.17671915,  29.52348669,   -39.00490003,  21.37425743,  32.57884304, -23.92776712,  24.64113587,    81.82847653,  29.27829328,  -8.51537944], [ 129.12481922,   3.2029304 , -57.63362683,  31.96016214,  28.16104364,   -24.78375808,  -7.93614739,  19.0682222 , -13.35785757, -20.23589369,    29.27829328,  47.79033625,  19.49006458], [  76.54651311, -20.68701462, -34.83000532,   7.33828829,   8.04168665,   -10.10226044, -10.24675153,   5.62120059,   2.53874491,  -9.26547125,    -8.51537944,  19.49006458,  44.18172446]]
/root/sim/music/201~300/297_夏から秋へ.mp3; [-841.5257   , 267.2084   , -25.97089  ,  -8.239839 ,   4.512314 ,  -12.447291 ,  -2.9135132,  -4.4303875,  -7.612386 ,   4.6598935,    4.1264324,  -3.4754944,  -7.4738436]; [[ 9281.17636156, 3080.08239283,-1857.85311151,  705.10823865,    410.88286602, -253.92879062,   54.02643543, -204.92339699,   -346.3948481 ,  -18.32617444, -162.85975961, -260.46343005,   -240.11875555], [ 3080.08239283, 1856.69830761, -551.11141638,   39.20248387,    222.48217861,  -85.03188703,  -47.91355994,  -79.88020132,   -133.15935748,  -51.05452643,  -52.92063993,  -75.93754521,    -67.79564776], [-1857.85311151, -551.11141638,  815.74032163, -175.69364447,   -104.83528576,  172.08242693,  -26.17628581,   81.62221398,    140.72702501,    3.50898161,   61.64150372,   61.17264795,    -19.89860007], [  705.10823865,   39.20248387, -175.69364447,  326.42584872,     66.91923298,  -64.27929873,   84.29835704,   -4.677187  ,    -20.97312052,   63.22058635,    6.53197862,   -0.38114414,     13.70861755], [  410.88286602,  222.48217861, -104.83528576,   66.91923298,    202.37479647,   30.74794407,  -37.73752035,   -5.6366923 ,    -30.72629313,  -14.57454445,    8.05334585,   -1.47689257,     13.75593132], [ -253.92879062,  -85.03188703,  172.08242693,  -64.27929873,     30.74794407,  165.98951819,   22.46012013,   21.3909078 ,     56.02579265,  -18.69054506,  -17.66636379,  -14.96963878,    -42.00594843], [   54.02643543,  -47.91355994,  -26.17628581,   84.29835704,    -37.73752035,   22.46012013,  171.82943813,   83.94447058,     25.56940896,   32.13500487,  -19.01369147,    5.29106928,     35.16575473], [ -204.92339699,  -79.88020132,   81.62221398,   -4.677187  ,     -5.6366923 ,   21.3909078 ,   83.94447058,  155.72032407,     68.35880541,  -22.06842836,    2.92737258,   42.24084558,     52.19470392], [ -346.3948481 , -133.15935748,  140.72702501,  -20.97312052,    -30.72629313,   56.02579265,   25.56940896,   68.35880541,    144.23035129,   46.60409287,  -14.94252648,    6.04595948,    -19.2568153 ], [  -18.32617444,  -51.05452643,    3.50898161,   63.22058635,    -14.57454445,  -18.69054506,   32.13500487,  -22.06842836,     46.60409287,  148.74055371,   46.65204558,  -27.62106325,     -5.66637673], [ -162.85975961,  -52.92063993,   61.64150372,    6.53197862,      8.05334585,  -17.66636379,  -19.01369147,    2.92737258,    -14.94252648,   46.65204558,  134.22123754,   72.19220443,     17.95196245], [ -260.46343005,  -75.93754521,   61.17264795,   -0.38114414,     -1.47689257,  -14.96963878,    5.29106928,   42.24084558,      6.04595948,  -27.62106325,   72.19220443,  157.61370041,     96.2579834 ], [ -240.11875555,  -67.79564776,  -19.89860007,   13.70861755,     13.75593132,  -42.00594843,   35.16575473,   52.19470392,    -19.2568153 ,   -5.66637673,   17.95196245,   96.2579834 ,    199.82027241]]
/root/sim/music/201~300/292_Moonshine.mp3; [-739.285     , 141.72511   ,  38.206314  ,  31.164085  ,  17.47854   ,   17.689537  ,   6.678747  ,   7.8831697 ,   2.756345  ,   5.951341  ,    1.6537364 ,   0.47286916,   0.892168  ]; [[9963.94737863, 523.05444887,-480.67172562, 126.05091256, 157.31056476,   101.72435178,  36.52680887, 108.48399265,  69.75918831, 191.36031404,    96.58907794,  15.34085491,  40.1450087 ], [ 523.05444887,1173.0985195 ,-105.33903833, -66.44675397,  32.15582284,    29.47906665, -25.35248914, -51.88811867, -72.180116  , -49.02942026,   -28.5549912 ,  -7.16765119,  14.4814097 ], [-480.67172562,-105.33903833, 875.59267284, 365.09466437, 123.62828267,   181.8130175 , 104.19667727,  89.06828258,  68.25137023,  -3.83087793,    26.11627787,  63.41493542,  52.47861697], [ 126.05091256, -66.44675397, 365.09466437, 367.6442088 , 113.8270757 ,    79.15378818,  53.32608242,  63.81285609,  63.72797438,  35.47093443,    35.50183899,  54.01382358,  44.31262846], [ 157.31056476,  32.15582284, 123.62828267, 113.8270757 , 137.10067013,    86.41616049,  34.02797902,  20.66998004,  23.46219665,   9.00272281,    19.30167325,  32.6341045 ,  34.62272189], [ 101.72435178,  29.47906665, 181.8130175 ,  79.15378818,  86.41616049,   141.94014827,  73.69897319,  34.9539481 ,  17.11785439,  -4.77989409,     7.42248327,  22.6696333 ,  22.44181822], [  36.52680887, -25.35248914, 104.19667727,  53.32608242,  34.02797902,    73.69897319,  93.42334357,  54.78021715,  27.46999235,  11.58917456,    10.80805039,   9.24739354,   1.23122224], [ 108.48399265, -51.88811867,  89.06828258,  63.81285609,  20.66998004,    34.9539481 ,  54.78021715,  81.0368884 ,  54.19742311,  26.16991918,    14.1430511 ,   4.39027582,  -3.45449284], [  69.75918831, -72.180116  ,  68.25137023,  63.72797438,  23.46219665,    17.11785439,  27.46999235,  54.19742311,  82.07729658,  48.04832597,    20.61739342,   5.14695031,  -4.08240995], [ 191.36031404, -49.02942026,  -3.83087793,  35.47093443,   9.00272281,    -4.77989409,  11.58917456,  26.16991918,  48.04832597,  76.94383567,    39.92358936,   1.35067484, -10.31770094], [  96.58907794, -28.5549912 ,  26.11627787,  35.50183899,  19.30167325,     7.42248327,  10.80805039,  14.1430511 ,  20.61739342,  39.92358936,    59.73625924,  31.30449206,  14.97707585], [  15.34085491,  -7.16765119,  63.41493542,  54.01382358,  32.6341045 ,    22.6696333 ,   9.24739354,   4.39027582,   5.14695031,   1.35067484,    31.30449206,  72.54849651,  59.91462561], [  40.1450087 ,  14.4814097 ,  52.47861697,  44.31262846,  34.62272189,    22.44181822,   1.23122224,  -3.45449284,  -4.08240995, -10.31770094,    14.97707585,  59.91462561,  89.73834985]]
/root/sim/music/201~300/250_For_Tomorrow.mp3; [-619.08954   , 133.42648   ,  -3.3890274 ,  44.7923    ,   2.3492582 ,    8.489966  ,  -3.5986495 , -11.960655  ,  -0.38837644,   0.4000566 ,   -9.768091  ,  -1.7931736 ,  -2.7216382 ]; [[ 6524.40030929,-2370.9169936 ,-1487.44568365,  600.66917281,    346.40675098, -153.0586519 ,  246.39380245,  113.38731585,    427.18664886,  351.4596767 ,  118.66142057,  118.18294869,     12.73370817], [-2370.9169936 , 1450.95172092,   66.64335061,   15.44778564,   -171.43268785,  118.53400789,  -44.80280677,  -52.43693201,    -50.87107789,  -83.73805936,  -37.33743284,  -21.73061618,     26.50732704], [-1487.44568365,   66.64335061, 1476.13412043, -441.45004346,    115.93475332,   64.45642725,  -71.06728496,  114.73546673,   -223.02232908,  -65.02414258,   30.26417825,  -13.41691356,      5.64227422], [  600.66917281,   15.44778564, -441.45004346,  379.34209668,     45.73082978,   59.69075006,  102.43422568,    6.60240019,    138.91326038,  101.63776553,   34.443676  ,   41.1781573 ,     58.25430032], [  346.40675098, -171.43268785,  115.93475332,   45.73082978,    191.63668938,   74.39652307,   69.10488061,   64.59813309,     37.53530745,   69.52660261,   40.65854045,   39.23748464,     40.76420619], [ -153.0586519 ,  118.53400789,   64.45642725,   59.69075006,     74.39652307,  127.07860263,   61.99083091,   31.73293157,     30.28327566,   36.07736921,   16.84072946,   19.77919478,     41.65925331], [  246.39380245,  -44.80280677,  -71.06728496,  102.43422568,     69.10488061,   61.99083091,  119.33439758,   54.2176298 ,     55.00541424,   51.59885186,   23.796597  ,   24.8898095 ,     27.66185229], [  113.38731585,  -52.43693201,  114.73546673,    6.60240019,     64.59813309,   31.73293157,   54.2176298 ,  111.2908635 ,     32.04636281,   31.97158359,   28.50623994,   15.68984416,      7.35694021], [  427.18664886,  -50.87107789, -223.02232908,  138.91326038,     37.53530745,   30.28327566,   55.00541424,   32.04636281,    126.39228778,   72.6643885 ,   20.52360697,   22.13214377,     24.53191621], [  351.4596767 ,  -83.73805936,  -65.02414258,  101.63776553,     69.52660261,   36.07736921,   51.59885186,   31.97158359,     72.6643885 ,  102.09968414,   44.509348  ,   24.58351947,     21.66404606], [  118.66142057,  -37.33743284,   30.26417825,   34.443676  ,     40.65854045,   16.84072946,   23.796597  ,   28.50623994,     20.52360697,   44.509348  ,   69.28895332,   27.74473455,      1.80483029], [  118.18294869,  -21.73061618,  -13.41691356,   41.1781573 ,     39.23748464,   19.77919478,   24.8898095 ,   15.68984416,     22.13214377,   24.58351947,   27.74473455,   59.86666857,     37.63454142], [   12.73370817,   26.50732704,    5.64227422,   58.25430032,     40.76420619,   41.65925331,   27.66185229,    7.35694021,     24.53191621,   21.66404606,    1.80483029,   37.63454142,     86.39407232]]
/root/sim/music/201~300/243_Luna.mp3; [-700.34045  , 156.83861  ,   6.47997  ,  -5.7589245, -34.647903 ,  -30.739862 , -16.261436 ,  -1.4199688,  -2.8678286,   1.1744442,   -2.8857079,  -7.7291055,  -9.980572 ]; [[20040.51162743,-4830.02276075,-1558.56717037, 1578.01732821,   -121.98232441, -271.5622757 ,   81.10026657, -103.20550476,   -486.68597668,   -8.29303027,  265.05037595,  498.86087084,    408.31177309], [-4830.02276075, 4282.14960008,  231.63704378,-1161.35888611,   -163.87512026,   12.17961596, -117.7302757 ,  -55.46714747,    138.10580651,  -51.5266862 , -191.47720864, -256.91067258,   -149.92187011], [-1558.56717037,  231.63704378,  861.82672378,  -50.14941997,     42.60969559,  138.13216521,   77.08854816,  128.90115783,    125.28283635,   13.58967576,  -49.40147371,  -89.15005705,    -37.74156637], [ 1578.01732821,-1161.35888611,  -50.14941997,  595.5428585 ,    159.18936901,   58.66433153,   88.22116988,   52.47722352,    -11.30894975,   45.13867105,   67.69620732,  106.57540091,     80.57752708], [ -121.98232441, -163.87512026,   42.60969559,  159.18936901,    262.98369413,  106.75989635,   74.05846089,   26.23795238,     34.0063424 ,   28.18709541,   39.90209486,   52.13215128,     42.79250006], [ -271.5622757 ,   12.17961596,  138.13216521,   58.66433153,    106.75989635,  141.20474571,   66.97558608,   45.28910838,     50.50862095,   19.14426841,    6.53685713,   10.1037414 ,     16.85118913], [   81.10026657, -117.7302757 ,   77.08854816,   88.22116988,     74.05846089,   66.97558608,  126.03744378,   89.83569819,     61.17472992,   45.85132911,   28.76681114,   32.37338237,     26.51168785], [ -103.20550476,  -55.46714747,  128.90115783,   52.47722352,     26.23795238,   45.28910838,   89.83569819,  142.52922781,    114.45238205,   68.39897219,   34.46085096,   12.10764384,      6.10548013], [ -486.68597668,  138.10580651,  125.28283635,  -11.30894975,     34.0063424 ,   50.50862095,   61.17472992,  114.45238205,    179.25948088,  100.941646  ,   35.55008519,    6.1410822 ,    -11.19735025], [   -8.29303027,  -51.5266862 ,   13.58967576,   45.13867105,     28.18709541,   19.14426841,   45.85132911,   68.39897219,    100.941646  ,  120.0395975 ,   77.08901045,   38.63669597,      5.36982146], [  265.05037595, -191.47720864,  -49.40147371,   67.69620732,     39.90209486,    6.53685713,   28.76681114,   34.46085096,     35.55008519,   77.08901045,  108.81839158,   73.5229948 ,     19.95244303], [  498.86087084, -256.91067258,  -89.15005705,  106.57540091,     52.13215128,   10.1037414 ,   32.37338237,   12.10764384,      6.1410822 ,   38.63669597,   73.5229948 ,  111.04196085,     65.07126866], [  408.31177309, -149.92187011,  -37.74156637,   80.57752708,     42.79250006,   16.85118913,   26.51168785,    6.10548013,    -11.19735025,    5.36982146,   19.95244303,   65.07126866,     90.63303556]]
/root/sim/music/201~300/234_Pony.mp3; [-546.24634  , 132.35985  ,  34.73328  ,   8.041517 ,  -7.85626  ,   12.265059 ,  -8.185983 ,  -4.3543024,   3.153695 ,   2.657819 ,    2.9120417,   0.7464009,  -4.4149384]; [[2269.87779187, -36.21890083,-621.0177316 ,-442.66501708,  23.21880325,   132.62355712,  55.02015556,-119.30342566, -68.05865635, -32.41319312,   -44.92909055,  64.39029727, 112.60696285], [ -36.21890083, 499.82072038,-185.41807663,-146.06947239, -71.37907764,    94.5617425 , -30.41775678, -77.01491982,   5.17500439,  44.30506552,   -26.40615377,  45.67321448,  83.84920374], [-621.0177316 ,-185.41807663, 509.6966462 , 300.07753863,  17.41038901,  -116.13086762,   8.67950012,  71.21456642, -23.78395107, -41.88440312,    40.22449542, -68.97985066, -70.13314136], [-442.66501708,-146.06947239, 300.07753863, 337.24682474,  31.96444872,   -87.24609604,   5.96914962,  84.60830272,  34.5569799 , -31.92128063,     9.18425137, -43.72542347, -67.53119735], [  23.21880325, -71.37907764,  17.41038901,  31.96444872,  79.75937082,    11.24108458,   6.25066139,  20.13469158,  24.87940583,   9.11773687,    12.38801794,  20.76969208, -12.44455777], [ 132.62355712,  94.5617425 ,-116.13086762, -87.24609604,  11.24108458,   102.65067391,  12.46205711, -58.92592204, -11.28630923,  22.77279781,     3.04083443,  53.34675717,  50.0509289 ], [  55.02015556, -30.41775678,   8.67950012,   5.96914962,   6.25066139,    12.46205711,  60.74814043,  31.61707529,  -4.36217748,  -9.90277853,   -12.7520193 , -22.6980043 ,  -6.62179735], [-119.30342566, -77.01491982,  71.21456642,  84.60830272,  20.13469158,   -58.92592204,  31.61707529, 135.27913359,  78.86647538,  -2.78489536,   -17.07068264, -60.0365986 , -79.24026767], [ -68.05865635,   5.17500439, -23.78395107,  34.5569799 ,  24.87940583,   -11.28630923,  -4.36217748,  78.86647538, 118.29411971,  47.44777318,     8.79771425,   3.98058627, -53.03832712], [ -32.41319312,  44.30506552, -41.88440312, -31.92128063,   9.11773687,    22.77279781,  -9.90277853,  -2.78489536,  47.44777318,  75.83354604,    49.87748339,  48.72995446,   6.41082451], [ -44.92909055, -26.40615377,  40.22449542,   9.18425137,  12.38801794,     3.04083443, -12.7520193 , -17.07068264,   8.79771425,  49.87748339,    85.33478902,  54.51088885,   9.03676088], [  64.39029727,  45.67321448, -68.97985066, -43.72542347,  20.76969208,    53.34675717, -22.6980043 , -60.0365986 ,   3.98058627,  48.72995446,    54.51088885,  98.40308144,  54.44567529], [ 112.60696285,  83.84920374, -70.13314136, -67.53119735, -12.44455777,    50.0509289 ,  -6.62179735, -79.24026767, -53.03832712,   6.41082451,     9.03676088,  54.44567529,  98.19697281]]
/root/sim/music/201~300/289_いたずら猫.mp3; [-808.56586  , 261.2966   , -31.51114  ,  18.938194 ,   5.2692237,   -7.9103627,  -7.259115 ,  -9.765233 ,  -8.246254 ,  -6.3280706,  -10.374443 ,  -9.844046 ,  -2.362105 ]; [[ 9995.14146177, 2634.16646782,-1184.1223289 ,  520.99245102,   -680.37786414,   39.92539752, -375.96313176,   35.67340326,    140.63923087,   65.12474905,  -85.99434955, -184.83302004,   -175.71159086], [ 2634.16646782, 2068.6443572 , -247.93303806,  236.15794367,    390.65153298,   81.4629274 ,  155.8441577 ,   42.11975088,     -6.50873541,   24.72849311,   19.09214346,   -6.19203266,     15.86180158], [-1184.1223289 , -247.93303806,  347.45811037,  -47.58621176,    217.32624226,   58.55204689,   92.25808875,   64.68096748,    -17.2330856 ,    1.34095631,   35.6919813 ,   59.13918868,     58.18221205], [  520.99245102,  236.15794367,  -47.58621176,  257.31869013,    165.60683332,  112.98062826,  120.62770986,   28.71348236,     -9.62175791,   43.43507953,   47.76719654,   36.76357086,     60.70222501], [ -680.37786414,  390.65153298,  217.32624226,  165.60683332,    583.29751993,  158.25607693,  275.54788138,   80.19491866,    -48.72976991,   47.89736769,   81.45469274,   92.84650438,    107.42002048], [   39.92539752,   81.4629274 ,   58.55204689,  112.98062826,    158.25607693,  145.03625695,  119.4849135 ,   59.64647376,     16.25315947,   37.6640603 ,   24.0478852 ,   15.27233855,     57.04026908], [ -375.96313176,  155.8441577 ,   92.25808875,  120.62770986,    275.54788138,  119.4849135 ,  224.50198661,   50.63712428,     -2.20579525,   50.4068733 ,   22.65099039,   22.59006222,     77.68385089], [   35.67340326,   42.11975088,   64.68096748,   28.71348236,     80.19491866,   59.64647376,   50.63712428,  101.88614487,     28.45232375,    3.3200382 ,   17.94939709,   29.62632917,     30.47616732], [  140.63923087,   -6.50873541,  -17.2330856 ,   -9.62175791,    -48.72976991,   16.25315947,   -2.20579525,   28.45232375,     57.23021375,   16.89940915,  -12.29941524,  -14.40716702,      0.8552292 ], [   65.12474905,   24.72849311,    1.34095631,   43.43507953,     47.89736769,   37.6640603 ,   50.4068733 ,    3.3200382 ,     16.89940915,   58.93274537,    3.67245428,  -13.79046298,     22.63397242], [  -85.99434955,   19.09214346,   35.6919813 ,   47.76719654,     81.45469274,   24.0478852 ,   22.65099039,   17.94939709,    -12.29941524,    3.67245428,   51.92987211,   41.68772778,     14.9987982 ], [ -184.83302004,   -6.19203266,   59.13918868,   36.76357086,     92.84650438,   15.27233855,   22.59006222,   29.62632917,    -14.40716702,  -13.79046298,   41.68772778,   80.09368165,     28.02654099], [ -175.71159086,   15.86180158,   58.18221205,   60.70222501,    107.42002048,   57.04026908,   77.68385089,   30.47616732,      0.8552292 ,   22.63397242,   14.9987982 ,   28.02654099,     67.18694581]]
/root/sim/music/201~300/254_お気楽散歩道.mp3; [-752.89624   , 210.7777    ,  25.726234  ,  -3.7433298 ,   0.21290265,   -0.7443025 ,  -7.055603  ,  -3.4752502 ,   1.3192459 ,  14.290831  ,    0.4788071 ,   7.665837  ,  14.035414  ]; [[14323.84490474,-2683.95871287,   98.30870523,  456.28931774,    490.61508931,  826.69921756,  705.18949445,  353.67153967,   -221.97663598, -400.16579745, -189.08564663, -285.57391922,   -204.15178585], [-2683.95871287, 3876.55373049, -579.87460686,  -97.77807741,    237.2660314 ,   76.64283549,  282.34589909,  222.45921004,    299.18620388,  163.12125104,  -64.17649502,  -29.5620584 ,     62.76085205], [   98.30870523, -579.87460686, 1325.08600374,  247.56863951,    269.46373658,  190.39986988,   39.92451188,  186.82970738,     83.45497012,  117.12103747,   48.29734339,  -35.69959035,    -42.68886712], [  456.28931774,  -97.77807741,  247.56863951,  604.50995589,    138.75774979,   98.58159941,   67.27349056,  -77.09150472,     17.49682042,   59.41665661,   56.52668455,   34.3662483 ,     10.26471602], [  490.61508931,  237.2660314 ,  269.46373658,  138.75774979,    342.67392905,  168.27774739,   84.53044985,   90.9567063 ,     68.96232981,   76.34524423,   19.70461401,   24.11889869,     32.16251244], [  826.69921756,   76.64283549,  190.39986988,   98.58159941,    168.27774739,  201.67986405,  114.55352281,   66.98494961,     32.46033927,    1.1896807 ,  -11.82367351,  -17.14087914,     -8.52297948], [  705.18949445,  282.34589909,   39.92451188,   67.27349056,     84.53044985,  114.55352281,  174.54467753,  116.8707936 ,     33.645975  ,    3.41944405,  -22.86902032,  -56.64605807,    -27.37944962], [  353.67153967,  222.45921004,  186.82970738,  -77.09150472,     90.9567063 ,   66.98494961,  116.8707936 ,  258.7349206 ,    142.91338983,   19.26167106,  -35.78800204,  -59.16297462,    -64.73388483], [ -221.97663598,  299.18620388,   83.45497012,   17.49682042,     68.96232981,   32.46033927,   33.645975  ,  142.91338983,    253.2156358 ,   94.93766601,  -22.17711794,   37.32106596,    -10.46337672], [ -400.16579745,  163.12125104,  117.12103747,   59.41665661,     76.34524423,    1.1896807 ,    3.41944405,   19.26167106,     94.93766601,  152.7289922 ,   53.03784836,   49.19361638,     55.55420812], [ -189.08564663,  -64.17649502,   48.29734339,   56.52668455,     19.70461401,  -11.82367351,  -22.86902032,  -35.78800204,    -22.17711794,   53.03784836,   87.40093454,   50.35503529,     36.38349898], [ -285.57391922,  -29.5620584 ,  -35.69959035,   34.3662483 ,     24.11889869,  -17.14087914,  -56.64605807,  -59.16297462,     37.32106596,   49.19361638,   50.35503529,  132.6111813 ,     85.41717911], [ -204.15178585,   62.76085205,  -42.68886712,   10.26471602,     32.16251244,   -8.52297948,  -27.37944962,  -64.73388483,    -10.46337672,   55.55420812,   36.38349898,   85.41717911,    124.72205503]]
/root/sim/music/201~300/236_揺れるアイボリー.mp3; [-685.66254  , 124.7278   , -37.29108  ,   6.2422132, -15.090125 ,  -19.535152 , -12.681995 ,  -3.5178277,  -7.938647 ,  -9.791552 ,   -3.5798037,  -4.024907 , -10.654485 ]; [[8173.51190198,-709.86642021, 474.00840157, 883.45165027, 552.65787434,   526.44763456, 433.94101867, 498.68858232, 436.58660953, 319.46877069,   405.05810978, 242.9360441 , 199.66279865], [-709.86642021,2869.45029485, 727.05256186, 308.59081726, 603.9369475 ,   394.89081383, 402.04206873, 164.28249192,   3.19015024,  84.33238673,    99.12807937, 185.76600582, 385.45778366], [ 474.00840157, 727.05256186, 765.14320876, 306.67653089, 339.75113004,   273.83820435, 252.1414858 , 139.94771743, 125.52717859, 108.19670508,    90.16975152,  44.01818066,  97.71843014], [ 883.45165027, 308.59081726, 306.67653089, 357.27785775, 261.79577999,   218.26547118, 156.06352909, 143.05905965, 118.87145177, 101.16392338,   110.38673589,  93.76761477,  96.34108494], [ 552.65787434, 603.9369475 , 339.75113004, 261.79577999, 424.91102612,   199.39474386, 220.55231935, 177.84814728,  80.79483198, 107.23477223,   115.16032174,  87.54682669, 156.22127065], [ 526.44763456, 394.89081383, 273.83820435, 218.26547118, 199.39474386,   274.93048802, 137.53335732,  97.12341765,  78.47811088,  81.62804022,    58.61268817,  75.18486035,  95.53661398], [ 433.94101867, 402.04206873, 252.1414858 , 156.06352909, 220.55231935,   137.53335732, 225.19500407, 128.92051493,  81.18363966,  78.91626562,    70.73795246,  56.3071077 ,  88.35562574], [ 498.68858232, 164.28249192, 139.94771743, 143.05905965, 177.84814728,    97.12341765, 128.92051493, 206.09708439,  96.50870856,  82.7533056 ,    84.31795555,  36.59340071,  46.7421798 ], [ 436.58660953,   3.19015024, 125.52717859, 118.87145177,  80.79483198,    78.47811088,  81.18363966,  96.50870856, 150.27828418,  79.31102344,    67.56188007,  41.32549583,  16.30608066], [ 319.46877069,  84.33238673, 108.19670508, 101.16392338, 107.23477223,    81.62804022,  78.91626562,  82.7533056 ,  79.31102344, 128.87492077,    51.63411233,  41.33277866,  52.96123419], [ 405.05810978,  99.12807937,  90.16975152, 110.38673589, 115.16032174,    58.61268817,  70.73795246,  84.31795555,  67.56188007,  51.63411233,   119.21438701,  60.99063672,  57.94565689], [ 242.9360441 , 185.76600582,  44.01818066,  93.76761477,  87.54682669,    75.18486035,  56.3071077 ,  36.59340071,  41.32549583,  41.33277866,    60.99063672, 184.43906352,  92.46489576], [ 199.66279865, 385.45778366,  97.71843014,  96.34108494, 156.22127065,    95.53661398,  88.35562574,  46.7421798 ,  16.30608066,  52.96123419,    57.94565689,  92.46489576, 219.11321148]]
/root/sim/music/201~300/278_ゴシックなクーラント.mp3; [-570.1983   , 111.79251  , -28.994112 , -18.66841  , -24.12391  ,   -5.8260775, -15.935226 ,  -9.747461 , -15.719519 ,  -7.756009 ,  -12.572567 ,  -8.419232 ,  -4.7592115]; [[4406.55692906,-301.28249083,1300.7090805 , 784.61410238, 744.97286453,   121.43443284, -23.49116073,  11.69142962, 174.950676  ,  89.3667096 ,   -76.16502126, -23.47064085, -79.71794508], [-301.28249083, 661.50181655,-297.61288528,  54.74093384,  73.85846913,    89.61201769,  16.53048164,  18.22881471, -45.20429764, -35.60591734,   -32.07634248,   0.6628848 ,  33.72460906], [1300.7090805 ,-297.61288528, 854.23178624, 388.83216018, 300.96475537,    30.86073296,  45.35135694,  52.85626819, 121.59931303,  56.01456946,     5.99092312,   6.46665023, -39.51461474], [ 784.61410238,  54.74093384, 388.83216018, 427.01856486, 316.34542733,    53.04393727,  -4.94048807,  14.46558468,  64.51503221,  39.61878503,   -20.06190313,   1.85963054, -11.26543925], [ 744.97286453,  73.85846913, 300.96475537, 316.34542733, 421.30857304,   113.77254143, -30.14630749, -24.41525544,  50.00439976,  76.64899503,   -34.87816433,   3.41842886, -24.31250417], [ 121.43443284,  89.61201769,  30.86073296,  53.04393727, 113.77254143,   165.39721992,  60.05072293,  34.54019985,  30.2068953 ,  28.04547115,    14.22860079,  17.12062422,   7.50034901], [ -23.49116073,  16.53048164,  45.35135694,  -4.94048807, -30.14630749,    60.05072293, 157.16444358,  95.14400475,  37.17586554,  -3.12078563,    33.18842084,  12.74999663,  18.26779197], [  11.69142962,  18.22881471,  52.85626819,  14.46558468, -24.41525544,    34.54019985,  95.14400475, 156.79640255,  63.41912421,  -2.74818132,    33.79042087,  19.80821223,  31.36995952], [ 174.950676  , -45.20429764, 121.59931303,  64.51503221,  50.00439976,    30.2068953 ,  37.17586554,  63.41912421, 155.55836046,  63.0792635 ,    20.16155267,  -1.34560729,   3.26021695], [  89.3667096 , -35.60591734,  56.01456946,  39.61878503,  76.64899503,    28.04547115,  -3.12078563,  -2.74818132,  63.0792635 , 197.37003289,    60.74763066,   3.12959586, -41.02976935], [ -76.16502126, -32.07634248,   5.99092312, -20.06190313, -34.87816433,    14.22860079,  33.18842084,  33.79042087,  20.16155267,  60.74763066,   129.61256663,  39.31583519,   3.38409539], [ -23.47064085,   0.6628848 ,   6.46665023,   1.85963054,   3.41842886,    17.12062422,  12.74999663,  19.80821223,  -1.34560729,   3.12959586,    39.31583519,  87.79533815,  43.33954359], [ -79.71794508,  33.72460906, -39.51461474, -11.26543925, -24.31250417,     7.50034901,  18.26779197,  31.36995952,   3.26021695, -41.02976935,     3.38409539,  43.33954359, 140.24869424]]
/root/sim/music/201~300/232_疑念は侵蝕する.mp3; [-983.33325   , 236.68864   ,  26.994408  ,  -7.2266774 ,   9.213669  ,    7.159266  ,   2.5551956 ,   2.0099218 ,   5.0597672 ,   4.6329594 ,   -1.0254911 ,  -0.72992414,   2.0568213 ]; [[ 3972.28088056, 1234.83652653,-1869.78803525, -224.04767421,    -41.47968681, -213.5809107 ,   29.42748302,   35.98426883,     53.63043256,   31.31116249, -179.52989511,  -67.1068113 ,    121.46999036], [ 1234.83652653,  892.41662463, -113.90311817, -162.54977823,    -75.37950856,  -61.27473366,    8.0956091 ,   16.12115893,    -15.44760573,   16.32734902,   49.76158032,    2.14957646,    -30.9849378 ], [-1869.78803525, -113.90311817, 1529.52640275,   83.85487047,   -192.07734995,   66.76453512,   -4.68351136,   -1.257534  ,    -66.42546333,  -45.27726769,  181.13829248,   74.0469804 ,   -113.21116979], [ -224.04767421, -162.54977823,   83.85487047,  147.07327333,     62.6806618 ,  -16.93749719,  -33.56595307,    3.26906812,     37.36271076,   -5.61677715,  -53.97430115,    0.28168159,     37.07144069], [  -41.47968681,  -75.37950856, -192.07734995,   62.6806618 ,    313.16222723,  109.15956359,  -73.18017471,  -67.0841224 ,     42.65358496,   57.63938522,  -59.54369557,  -18.71826402,     48.94151592], [ -213.5809107 ,  -61.27473366,   66.76453512,  -16.93749719,    109.15956359,  219.19309071,   47.68738332,  -98.72207941,    -41.55284918,   13.49650353,  -13.49891841,   -4.54307903,     33.80524668], [   29.42748302,    8.0956091 ,   -4.68351136,  -33.56595307,    -73.18017471,   47.68738332,  138.63153332,   58.62654412,    -57.55677944,  -47.15880638,   19.07779947,  -23.06546379,    -20.2498047 ], [   35.98426883,   16.12115893,   -1.257534  ,    3.26906812,    -67.0841224 ,  -98.72207941,   58.62654412,  192.57587365,     55.22233356,  -79.69781125,  -21.57125402,  -15.28316396,    -39.36707917], [   53.63043256,  -15.44760573,  -66.42546333,   37.36271076,     42.65358496,  -41.55284918,  -57.55677944,   55.22233356,    161.06049108,   22.5223891 , -125.26043258,   -7.46856853,     45.32841155], [   31.31116249,   16.32734902,  -45.27726769,   -5.61677715,     57.63938522,   13.49650353,  -47.15880638,  -79.69781125,     22.5223891 ,  137.88844413,   56.02180307,  -24.67676598,    -26.27943738], [ -179.52989511,   49.76158032,  181.13829248,  -53.97430115,    -59.54369557,  -13.49891841,   19.07779947,  -21.57125402,   -125.26043258,   56.02180307,  269.14218904,   34.31820211,   -147.56480088], [  -67.1068113 ,    2.14957646,   74.0469804 ,    0.28168159,    -18.71826402,   -4.54307903,  -23.06546379,  -15.28316396,     -7.46856853,  -24.67676598,   34.31820211,  111.56905169,     48.73683524], [  121.46999036,  -30.9849378 , -113.21116979,   37.07144069,     48.94151592,   33.80524668,  -20.2498047 ,  -39.36707917,     45.32841155,  -26.27943738, -147.56480088,   48.73683524,    220.67263844]]
/root/sim/music/201~300/201_お化けのマーチ.mp3; [-625.397    , 127.6496   ,   1.5138164,   0.289161 ,  -1.4311235,    4.4406176,  -3.072042 ,   7.5165353,   5.1689277,   4.906144 ,    2.3296132,   4.1489587,   4.786525 ]; [[7382.4470659 , 871.24244771,-251.60835112,-234.30650074, 189.21201476,   344.68663849, 223.62150327,  28.72292988,   3.07694906, -70.06670597,   -11.22472538, -23.32727238,-106.46737093], [ 871.24244771, 697.11634144,-154.33463792,-112.69283643,   7.76161689,    29.66286987,  25.66091147,   1.34194784,  -6.77156785, -11.20340472,   -12.7633429 , -84.9253616 ,   5.16063   ], [-251.60835112,-154.33463792, 624.70189271, 188.55474972, -55.73665689,   -96.27626783, -59.01787215,  43.51450365,  48.50513011, -61.78520022,   -32.08863524,  18.78710961, -38.23144992], [-234.30650074,-112.69283643, 188.55474972, 239.93758751,  36.38190785,   -46.94795458, -14.56264808, -14.09547246,   4.4617995 , -11.17079508,   -17.09206427,   4.87774788,  -8.88864845], [ 189.21201476,   7.76161689, -55.73665689,  36.38190785, 199.50694847,    93.06181722,  40.83780884, -15.9044073 ,  37.19751187,  18.69839828,    14.02411102,  15.49913056, -27.38330771], [ 344.68663849,  29.66286987, -96.27626783, -46.94795458,  93.06181722,   172.87106097,  63.04328947,  -1.3430513 ,  13.30449969,  -8.12938157,    -8.79499237,   4.12463339,  24.12384148], [ 223.62150327,  25.66091147, -59.01787215, -14.56264808,  40.83780884,    63.04328947, 168.45375835,  31.60992154, -29.33568016,   3.12735139,    14.64164983,  -6.28638625,   2.38022329], [  28.72292988,   1.34194784,  43.51450365, -14.09547246, -15.9044073 ,    -1.3430513 ,  31.60992154, 150.59978047,  -6.91681188, -51.97039598,    30.53463579,   2.3748368 ,  35.7858433 ], [   3.07694906,  -6.77156785,  48.50513011,   4.4617995 ,  37.19751187,    13.30449969, -29.33568016,  -6.91681188, 210.43512154,  26.00021285,   -19.85525284, -13.01056786, -62.83589785], [ -70.06670597, -11.20340472, -61.78520022, -11.17079508,  18.69839828,    -8.12938157,   3.12735139, -51.97039598,  26.00021285, 219.02514389,    27.74172364, -53.9473892 , -53.36102677], [ -11.22472538, -12.7633429 , -32.08863524, -17.09206427,  14.02411102,    -8.79499237,  14.64164983,  30.53463579, -19.85525284,  27.74172364,   183.91245526,  33.97829051,  30.13229531], [ -23.32727238, -84.9253616 ,  18.78710961,   4.87774788,  15.49913056,     4.12463339,  -6.28638625,   2.3748368 , -13.01056786, -53.9473892 ,    33.97829051, 354.3512979 ,   4.2703347 ], [-106.46737093,   5.16063   , -38.23144992,  -8.88864845, -27.38330771,    24.12384148,   2.38022329,  35.7858433 , -62.83589785, -53.36102677,    30.13229531,   4.2703347 , 250.98630357]]
/root/sim/music/201~300/259_Moonlight.mp3; [-869.5931    , 174.29248   ,  -1.9764819 ,  18.556099  ,  11.977193  ,    4.0288253 ,  -1.5070179 ,  -8.397938  ,  -4.5386114 ,   0.17270134,    0.07239923,  -7.1989727 , -12.135966  ]; [[17072.53057609, -160.40975933,-1963.6719101 , -139.19680452,  -1330.30748955,   87.73026966,  274.65507784,   91.57070761,   -118.62243102,  111.83709874,  395.45966982,  105.12867009,      8.53872812], [ -160.40975933, 2198.78005076,  132.61185187,  294.02259414,    387.43109626,  -65.96051332,  -65.48072819,  -56.32294909,     37.9047848 ,  -67.66704916, -139.40357153,    2.87857709,     24.16840983], [-1963.6719101 ,  132.61185187,  777.70104419,  123.02609589,     62.23897755,  -27.06449558, -117.09045371,   12.9451811 ,     23.07100675,   29.59719603,  -79.93871602,  -62.31370693,    -40.82179054], [ -139.19680452,  294.02259414,  123.02609589,  362.11507109,    159.59590721,   63.47558365,   -4.76051428,   -4.96439305,     26.9624894 ,    8.31941415,  -53.28153601,   -3.34903122,      3.18689526], [-1330.30748955,  387.43109626,   62.23897755,  159.59590721,    792.19486904,  302.11366754,  154.2694945 ,   25.13825892,    118.61787523,   70.72820623,   50.08744509,   33.58542823,      0.38494101], [   87.73026966,  -65.96051332,  -27.06449558,   63.47558365,    302.11366754,  292.68073129,  144.2375502 ,   46.62727457,     64.55272396,   54.05740555,   57.42660227,   18.97335613,    -18.22994512], [  274.65507784,  -65.48072819, -117.09045371,   -4.76051428,    154.2694945 ,  144.2375502 ,  185.58415612,   68.79993866,     47.18798291,   27.47009406,   57.80351708,   35.27342142,     16.92649917], [   91.57070761,  -56.32294909,   12.9451811 ,   -4.96439305,     25.13825892,   46.62727457,   68.79993866,  120.11774356,     66.41263755,   10.89737563,   14.94871085,   23.9894449 ,     25.80013529], [ -118.62243102,   37.9047848 ,   23.07100675,   26.9624894 ,    118.61787523,   64.55272396,   47.18798291,   66.41263755,    155.38149327,   87.50007796,   38.87270924,   10.75496345,    -11.67611752], [  111.83709874,  -67.66704916,   29.59719603,    8.31941415,     70.72820623,   54.05740555,   27.47009406,   10.89737563,     87.50007796,  141.80667625,   87.12098605,  -20.6068834 ,    -57.96744277], [  395.45966982, -139.40357153,  -79.93871602,  -53.28153601,     50.08744509,   57.42660227,   57.80351708,   14.94871085,     38.87270924,   87.12098605,  152.59581087,   40.24599101,    -27.84275576], [  105.12867009,    2.87857709,  -62.31370693,   -3.34903122,     33.58542823,   18.97335613,   35.27342142,   23.9894449 ,     10.75496345,  -20.6068834 ,   40.24599101,  122.92751353,     91.78285625], [    8.53872812,   24.16840983,  -40.82179054,    3.18689526,      0.38494101,  -18.22994512,   16.92649917,   25.80013529,    -11.67611752,  -57.96744277,  -27.84275576,   91.78285625,    195.9838638 ]]
/root/sim/music/201~300/275_Deep_forest.mp3; [-707.15625  , 167.15788  ,  16.449265 ,  11.079818 , -15.100226 ,   -6.095783 , -12.945452 ,   5.7330065,  -5.6787295,   4.865795 ,   -1.8050835,   6.9004774,   4.7080536]; [[20551.45735255, 1950.44175434,-1225.8060528 ,  798.75594851,   -104.99314025,  965.7864645 ,  451.35047869,  364.03699932,   -177.41578954,  -90.16523553, -271.90048801,  106.39427296,   -145.66568013], [ 1950.44175434, 3751.26960203, 1280.62834791, -141.09491055,    443.74845842,   92.59343279,  426.76427096,  233.26223511,    599.109299  ,  292.07897146,  385.95451656,  384.68404716,    227.29170156], [-1225.8060528 , 1280.62834791, 1848.46625679,  514.06142196,    267.19268483,  169.65569599,  293.84608529,  374.44843769,    539.89552281,  607.44914154,  523.39413008,  321.86528743,    155.5180727 ], [  798.75594851, -141.09491055,  514.06142196,  925.17483931,    132.14943811,  353.20655058,  240.88939009,  262.60750035,    220.01027453,  319.0542776 ,  274.11652299,  141.70715662,     60.77278028], [ -104.99314025,  443.74845842,  267.19268483,  132.14943811,    440.30924696,  193.21655327,  169.70127723,   91.73566998,    176.55236099,   61.78703827,   92.35301094,   76.75856651,     70.76036617], [  965.7864645 ,   92.59343279,  169.65569599,  353.20655058,    193.21655327,  371.55431425,  239.85477767,  165.56194005,    124.37080898,  116.79421915,   88.11619624,   67.90327585,     44.08877266], [  451.35047869,  426.76427096,  293.84608529,  240.88939009,    169.70127723,  239.85477767,  353.19023678,  164.82131618,    241.12266381,  170.41206584,  171.53201421,  116.77344606,     48.74166744], [  364.03699932,  233.26223511,  374.44843769,  262.60750035,     91.73566998,  165.56194005,  164.82131618,  230.43858228,    182.95452402,  205.04734495,  147.61167869,   94.11030593,     44.3526718 ], [ -177.41578954,  599.109299  ,  539.89552281,  220.01027453,    176.55236099,  124.37080898,  241.12266381,  182.95452402,    357.99305022,  266.53842078,  235.32944852,  140.35292502,     57.03330144], [  -90.16523553,  292.07897146,  607.44914154,  319.0542776 ,     61.78703827,  116.79421915,  170.41206584,  205.04734495,    266.53842078,  391.21843943,  262.15622193,  148.38469506,     47.71083718], [ -271.90048801,  385.95451656,  523.39413008,  274.11652299,     92.35301094,   88.11619624,  171.53201421,  147.61167869,    235.32944852,  262.15622193,  282.00740778,  156.11169899,     59.71680891], [  106.39427296,  384.68404716,  321.86528743,  141.70715662,     76.75856651,   67.90327585,  116.77344606,   94.11030593,    140.35292502,  148.38469506,  156.11169899,  158.16030299,     68.29229782], [ -145.66568013,  227.29170156,  155.5180727 ,   60.77278028,     70.76036617,   44.08877266,   48.74166744,   44.3526718 ,     57.03330144,   47.71083718,   59.71680891,   68.29229782,    136.98946067]]
