/root/sim/music/out/Compilations/20th ANNIVERSARY OF PERSONA SERIES ALL T/3-01 Burn My Dread.mp3; [-649.3497    , 102.23235   ,   2.9367201 ,  18.347057  ,   7.717231  ,   -1.0455844 ,   2.9189286 ,  -0.24203815,   0.97361827,   1.5876924 ,   -3.4787629 ,  -3.2001674 ,  -3.4698508 ]; [[31607.7389972 , 1794.15869083,  -12.60496606, -180.90129683,    605.13814048,  413.13079769,  306.85798191,  331.95111717,   -130.19276013,  213.20206547,   12.98901317,   48.76747824,      0.78264057], [ 1794.15869083, 2646.68006992, -242.92573188,  513.38416078,    120.87133498,   74.32588984,  213.76080345,   24.99399355,    186.94418264,   72.8728925 ,   17.59928871,   -5.24143596,     15.85947422], [  -12.60496606, -242.92573188, 1186.24672138,  -33.20569252,    328.97244056,  -94.85936046,   48.47418905,  157.43377808,    -30.832665  ,  -45.82882367,   41.46722716,   81.96523544,      6.1015026 ], [ -180.90129683,  513.38416078,  -33.20569252,  751.78673892,    189.85495779,   65.00671376,   38.08055963,   28.13198497,    137.46481635,   -7.79878018,   44.38537806,    0.66980638,    -23.23543643], [  605.13814048,  120.87133498,  328.97244056,  189.85495779,    633.0648276 ,  -48.76835609,  118.84313135,  235.63932597,     46.2074334 ,   61.38700965,  108.2101778 ,   87.79353423,     31.94444972], [  413.13079769,   74.32588984,  -94.85936046,   65.00671376,    -48.76835609,  282.53224141,   76.46402115,   13.30830341,     45.43000736,   44.39393475,   14.26307989,  -21.3026187 ,     16.18376522], [  306.85798191,  213.76080345,   48.47418905,   38.08055963,    118.84313135,   76.46402115,  233.90325076,  108.97794012,     56.39789244,   58.15248658,   46.61302064,   29.35424861,     51.64031319], [  331.95111717,   24.99399355,  157.43377808,   28.13198497,    235.63932597,   13.30830341,  108.97794012,  237.36537772,     43.00833222,   48.69975443,   67.31376858,   60.78341726,     52.39632779], [ -130.19276013,  186.94418264,  -30.832665  ,  137.46481635,     46.2074334 ,   45.43000736,   56.39789244,   43.00833222,    147.11837995,   58.6882886 ,   26.42827493,    4.01879885,     12.67218648], [  213.20206547,   72.8728925 ,  -45.82882367,   -7.79878018,     61.38700965,   44.39393475,   58.15248658,   48.69975443,     58.6882886 ,  153.09136781,   54.94488151,   29.64571105,     44.36926361], [   12.98901317,   17.59928871,   41.46722716,   44.38537806,    108.2101778 ,   14.26307989,   46.61302064,   67.31376858,     26.42827493,   54.94488151,  129.0921421 ,   70.7592318 ,     39.44126834], [   48.76747824,   -5.24143596,   81.96523544,    0.66980638,     87.79353423,  -21.3026187 ,   29.35424861,   60.78341726,      4.01879885,   29.64571105,   70.7592318 ,  122.3544492 ,     54.54394119], [    0.78264057,   15.85947422,    6.1015026 ,  -23.23543643,     31.94444972,   16.18376522,   51.64031319,   52.39632779,     12.67218648,   44.36926361,   39.44126834,   54.54394119,    103.79827112]]
/root/sim/music/out/Compilations/20th ANNIVERSARY OF PERSONA SERIES ALL T/5-16 Will Power.mp3; [-525.2701   ,  90.6386   ,  -2.9477787,  50.234863 ,  29.104359 ,    5.857917 ,   2.9017534,   9.263881 ,   8.290933 ,   2.5221996,   -0.9184253,  -2.940695 ,  -2.213978 ]; [[15314.60534688,  653.80677523,  172.26839952,  653.44138588,    264.7702343 ,  210.78277226,  -33.99891599,  128.58601314,    154.13331005,   28.09930446,   78.90523614,  -54.19455134,      4.31233619], [  653.80677523,  792.57976008, -325.27823938,  243.54153417,     50.4635479 ,  -65.27808797,   30.94525171,  -12.382241  ,    -10.69409861,   18.90086347,  -50.16419453,   16.3472478 ,    -11.7709986 ], [  172.26839952, -325.27823938,  366.91882642, -115.93910376,      8.39500445,   55.12134755,   -4.0905416 ,    7.82754455,    -11.92756822,  -19.35684022,   27.80980293,  -19.27593469,     -5.91211665], [  653.44138588,  243.54153417, -115.93910376,  194.92234183,     17.94986964,  -13.33262082,   -8.85860801,    3.17203013,     19.62516635,   -5.33664272,   -3.23431666,    3.30081376,     -2.79505071], [  264.7702343 ,   50.4635479 ,    8.39500445,   17.94986964,    168.23579516,   15.40478045,   34.66102442,    9.86191125,    -17.90707053,    1.26670457,  -39.14753159,   -8.20698854,    -10.35013721], [  210.78277226,  -65.27808797,   55.12134755,  -13.33262082,     15.40478045,   77.16206147,   35.63313693,    4.829461  ,     -4.05788052,   -9.97774633,    1.80636867,  -10.69102487,     -1.6043263 ], [  -33.99891599,   30.94525171,   -4.0905416 ,   -8.85860801,     34.66102442,   35.63313693,  101.06664617,   15.56031685,     -4.1773347 ,   -0.75059262,  -19.56353133,   -7.57622244,     -0.22048776], [  128.58601314,  -12.382241  ,    7.82754455,    3.17203013,      9.86191125,    4.829461  ,   15.56031685,   55.31907995,     27.1904345 ,   -3.36738512,   -7.82411873,   -6.09257698,     -5.82911459], [  154.13331005,  -10.69409861,  -11.92756822,   19.62516635,    -17.90707053,   -4.05788052,   -4.1773347 ,   27.1904345 ,     59.26664573,   13.96347673,   10.69400673,   -5.41491202,     -4.70836329], [   28.09930446,   18.90086347,  -19.35684022,   -5.33664272,      1.26670457,   -9.97774633,   -0.75059262,   -3.36738512,     13.96347673,   50.77729765,   14.00658222,    1.07387689,     -3.48618011], [   78.90523614,  -50.16419453,   27.80980293,   -3.23431666,    -39.14753159,    1.80636867,  -19.56353133,   -7.82411873,     10.69400673,   14.00658222,   61.40851408,   13.89983459,      2.19277615], [  -54.19455134,   16.3472478 ,  -19.27593469,    3.30081376,     -8.20698854,  -10.69102487,   -7.57622244,   -6.09257698,     -5.41491202,    1.07387689,   13.89983459,   35.62359882,     13.84617707], [    4.31233619,  -11.7709986 ,   -5.91211665,   -2.79505071,    -10.35013721,   -1.6043263 ,   -0.22048776,   -5.82911459,     -4.70836329,   -3.48618011,    2.19277615,   13.84617707,     37.21375678]]
/root/sim/music/out/Compilations/20th ANNIVERSARY OF PERSONA SERIES ALL T/3-12 Wiping All Out.mp3; [-583.35394   , 106.27162   ,  11.582075  ,  29.14602   ,  11.215071  ,    5.3456454 ,   8.714496  ,   3.608752  ,   1.4639184 ,   4.118177  ,   -0.55911833,   2.0504336 ,   2.4865198 ]; [[15850.39048624, -379.50775894, -647.67559724, -524.98218178,   -225.58712723, -216.44699686,  -28.18780741,  -49.17009283,   -142.61234262,  -77.81531745, -164.14296492, -229.8475747 ,    -76.0934472 ], [ -379.50775894, 1515.77721147,    4.52209921,  364.58428221,     44.17572257,    0.22776639,   63.94892675,  -51.26790721,    -26.39589382,   45.69517046,   24.66311322,   28.03062418,     12.97104987], [ -647.67559724,    4.52209921,  788.72459848,  194.63573386,    139.10537312,  129.56884924,  -12.05211131,    5.40351746,      2.55479312,  -16.19362598,   -9.68831414,   17.23985497,    -12.63556394], [ -524.98218178,  364.58428221,  194.63573386,  564.86290123,    124.41452628,  101.99487409,  -24.56776571,   39.07956636,     73.46665376,    0.20443818,    8.07984453,   42.21437916,     20.03839487], [ -225.58712723,   44.17572257,  139.10537312,  124.41452628,    241.87712744,   50.50032558,   -6.68713844,   45.2250998 ,     34.14359765,   34.82531746,   27.29067762,   14.25759062,      6.37669998], [ -216.44699686,    0.22776639,  129.56884924,  101.99487409,     50.50032558,  244.32383478,   51.2124219 ,   20.89619264,     29.15310004,   -5.95714522,   21.72205753,   14.95516052,     -7.69771519], [  -28.18780741,   63.94892675,  -12.05211131,  -24.56776571,     -6.68713844,   51.2124219 ,  195.66634767,   33.59380467,     11.04180511,   31.46925146,   15.16252716,    9.74868739,      8.17360828], [  -49.17009283,  -51.26790721,    5.40351746,   39.07956636,     45.2250998 ,   20.89619264,   33.59380467,  158.80195765,     77.79102696,   24.69382029,   40.44277403,   33.69823363,     21.37544585], [ -142.61234262,  -26.39589382,    2.55479312,   73.46665376,     34.14359765,   29.15310004,   11.04180511,   77.79102696,    124.75313773,   39.71196887,   37.22976065,   18.72964876,      9.13650546], [  -77.81531745,   45.69517046,  -16.19362598,    0.20443818,     34.82531746,   -5.95714522,   31.46925146,   24.69382029,     39.71196887,  128.11871657,   45.60750622,    6.29573484,      0.50492181], [ -164.14296492,   24.66311322,   -9.68831414,    8.07984453,     27.29067762,   21.72205753,   15.16252716,   40.44277403,     37.22976065,   45.60750622,  101.05734117,   41.49934056,     13.82018694], [ -229.8475747 ,   28.03062418,   17.23985497,   42.21437916,     14.25759062,   14.95516052,    9.74868739,   33.69823363,     18.72964876,    6.29573484,   41.49934056,   99.84614749,     46.07003146], [  -76.0934472 ,   12.97104987,  -12.63556394,   20.03839487,      6.37669998,   -7.69771519,    8.17360828,   21.37544585,      9.13650546,    0.50492181,   13.82018694,   46.07003146,     82.75284895]]
/root/sim/music/out/Compilations/20th ANNIVERSARY OF PERSONA SERIES ALL T/4-04 Your Affection.mp3; [-577.9316    , 100.24089   ,   1.4194872 ,   5.774971  ,   3.0774937 ,    1.2443554 ,   3.2933128 ,   2.356473  ,   1.1083605 ,   5.9308386 ,    0.87454164,  -1.9012237 ,   6.2283564 ]; [[17409.07555216,  816.61035194,   99.67068471,  114.24937214,    -61.83681783,   -8.84889379,  -55.28140604,   39.59328005,    -66.29196537,  130.91745768,  -86.8092903 , -148.76016257,     53.53203879], [  816.61035194, 1734.29855199, -350.93101044,   46.11287457,    151.97276718,    6.50646346,  197.75495525,  -26.48055147,     14.2666714 ,  122.50660528,   22.52466196,   37.36482556,     41.57844965], [   99.67068471, -350.93101044,  544.81848581,   88.41796266,     38.2724382 ,  120.34407289,  -54.97806914,   21.52445669,    -20.4797844 ,  -81.96983728,  -10.99343019,  -34.59297187,    -49.38401961], [  114.24937214,   46.11287457,   88.41796266,  296.49563347,     90.83181205,   44.42982664,   -0.00966374,   44.1539895 ,     19.59238598,  -11.47713462,   -7.24089917,   24.18328266,    -17.50284448], [  -61.83681783,  151.97276718,   38.2724382 ,   90.83181205,    275.50971375,   58.78243391,    7.03636725,    5.87237796,     32.11204699,   -8.84512304,   15.23054032,   27.98550696,    -15.59242151], [   -8.84889379,    6.50646346,  120.34407289,   44.42982664,     58.78243391,  322.57110967,   53.18209573,   13.22690057,     -8.67618141,   -0.68471   ,   18.58934329,    0.58761374,    -42.86623761], [  -55.28140604,  197.75495525,  -54.97806914,   -0.00966374,      7.03636725,   53.18209573,  181.0043709 ,   28.69802041,      2.6381001 ,   40.14568739,    0.84678856,  -16.06761601,      9.02443031], [   39.59328005,  -26.48055147,   21.52445669,   44.1539895 ,      5.87237796,   13.22690057,   28.69802041,  126.70160567,     59.57982075,    1.98480468,   -4.02895052,   -2.81849121,     -5.85625473], [  -66.29196537,   14.2666714 ,  -20.4797844 ,   19.59238598,     32.11204699,   -8.67618141,    2.6381001 ,   59.57982075,    103.03336621,   45.36115083,   16.36748643,    1.8400505 ,      7.05422354], [  130.91745768,  122.50660528,  -81.96983728,  -11.47713462,     -8.84512304,   -0.68471   ,   40.14568739,    1.98480468,     45.36115083,  121.9353477 ,   31.02665058,   -4.58670564,      9.14518681], [  -86.8092903 ,   22.52466196,  -10.99343019,   -7.24089917,     15.23054032,   18.58934329,    0.84678856,   -4.02895052,     16.36748643,   31.02665058,   84.75910469,   31.80834284,      1.54624429], [ -148.76016257,   37.36482556,  -34.59297187,   24.18328266,     27.98550696,    0.58761374,  -16.06761601,   -2.81849121,      1.8400505 ,   -4.58670564,   31.80834284,   93.42295574,     26.5987417 ], [   53.53203879,   41.57844965,  -49.38401961,  -17.50284448,    -15.59242151,  -42.86623761,    9.02443031,   -5.85625473,      7.05422354,    9.14518681,    1.54624429,   26.5987417 ,     99.45690151]]
/root/sim/music/out/Compilations/20th ANNIVERSARY OF PERSONA SERIES ALL T/4-13 A New World Fool.mp3; [-602.2322    ,  97.67058   ,   7.9511104 ,  24.269684  ,  11.739747  ,   -0.69490755,  -2.1179173 ,   2.0752816 ,   1.9316202 ,   1.6217221 ,    0.92412233,  -0.5891291 ,  -2.9772015 ]; [[14193.79859268, -232.96331927,  -57.50625981,  329.47096424,    148.08774086, -336.01336245,  -38.5177043 ,   52.65961183,     67.65141025,  -66.86674248,  -69.38783923,  -63.75103037,   -107.06871334], [ -232.96331927, 1561.15419055, -505.03412329,   53.4323048 ,     -7.35001862,   64.73631764,  -62.61546327,   38.27894207,    -41.35863178,   16.74545932,   35.9084691 ,   -0.72825051,    -10.28173177], [  -57.50625981, -505.03412329, 1425.05488193,   64.12440866,    260.88416576,  279.69887651,  211.43789908,  -23.59183584,    -11.55304058,   47.05157202,   29.20903564,  132.28734715,    126.03128828], [  329.47096424,   53.4323048 ,   64.12440866,  449.26626424,    174.54731222,   48.56591888,   48.78394269,  113.28720692,     85.90291727,   26.86988657,   38.18278587,   18.21341471,     25.1959982 ], [  148.08774086,   -7.35001862,  260.88416576,  174.54731222,    244.47163647,   90.89960332,   70.11591529,   56.39117037,     35.58524622,   28.73017116,   22.93275364,   34.75512381,     29.50557569], [ -336.01336245,   64.73631764,  279.69887651,   48.56591888,     90.89960332,  190.15217307,  101.03272849,   32.50660954,     14.19727442,   29.71309148,   18.84306465,   31.36310794,     29.90333096], [  -38.5177043 ,  -62.61546327,  211.43789908,   48.78394269,     70.11591529,  101.03272849,  128.10291211,   57.23179599,     21.64788404,   12.71866975,    4.53835851,   21.61731449,     22.91966536], [   52.65961183,   38.27894207,  -23.59183584,  113.28720692,     56.39117037,   32.50660954,   57.23179599,  118.13863852,     68.29774992,   18.50579899,    5.81203995,    1.57223802,      6.50084917], [   67.65141025,  -41.35863178,  -11.55304058,   85.90291727,     35.58524622,   14.19727442,   21.64788404,   68.29774992,     93.14569682,   44.12250552,   15.48502499,    1.12831434,      2.29417614], [  -66.86674248,   16.74545932,   47.05157202,   26.86988657,     28.73017116,   29.71309148,   12.71866975,   18.50579899,     44.12250552,   72.73744168,   41.12005405,   18.73706889,      6.94225061], [  -69.38783923,   35.9084691 ,   29.20903564,   38.18278587,     22.93275364,   18.84306465,    4.53835851,    5.81203995,     15.48502499,   41.12005405,   66.86616288,   37.30958567,     13.35856634], [  -63.75103037,   -0.72825051,  132.28734715,   18.21341471,     34.75512381,   31.36310794,   21.61731449,    1.57223802,      1.12831434,   18.73706889,   37.30958567,   65.2177874 ,     36.50375118], [ -107.06871334,  -10.28173177,  126.03128828,   25.1959982 ,     29.50557569,   29.90333096,   22.91966536,    6.50084917,      2.29417614,    6.94225061,   13.35856634,   36.50375118,     55.53200031]]
/root/sim/music/out/Compilations/20th ANNIVERSARY OF PERSONA SERIES ALL T/1-07 Battle - Awakening.mp3; [-580.11255  , 128.86784  ,  -4.013923 ,  22.82859  ,   4.275464 ,   14.773979 ,   4.4186745,  10.682846 ,   8.51905  ,   4.7879996,    2.3507397,   8.311661 ,   5.395747 ]; [[16244.00369362, 1814.03165262,    0.98858864,  429.31504393,     32.92404692,  384.20148399,  132.49661168,  203.60065813,     88.42301232,  -52.3358421 ,    5.31808883,  162.49941489,    108.51857775], [ 1814.03165262, 1315.88464819, -414.98743062,  -44.74729212,    135.16910211,   23.18774761,  -34.96181404,    6.63962062,    -11.64221248,    3.2538299 ,   -1.04971595,  -22.44605311,    -12.16084594], [    0.98858864, -414.98743062,  352.55839623,   81.88874895,    -58.3936019 ,   30.78750097,   17.71720264,    9.64651198,     24.4167369 ,   12.33514829,   -5.78546541,   20.74826271,      9.70252728], [  429.31504393,  -44.74729212,   81.88874895,  166.83111746,      5.45569944,    3.21957228,   14.63799024,   11.97900626,     22.20766635,   22.92510647,   11.46466419,   14.11115135,     13.38764583], [   32.92404692,  135.16910211,  -58.3936019 ,    5.45569944,    134.04617155,    7.74937524,  -12.41550473,  -10.76565616,     -7.88726673,    1.69980852,   17.68525691,   -5.72760268,     -1.15962487], [  384.20148399,   23.18774761,   30.78750097,    3.21957228,      7.74937524,  101.58482698,   24.4138862 ,   12.42705121,     -4.59856139,   -1.9081957 ,   -6.81064299,    4.98748287,     -4.95968902], [  132.49661168,  -34.96181404,   17.71720264,   14.63799024,    -12.41550473,   24.4138862 ,   65.52165359,   27.33144591,      2.81212517,    0.36871908,    5.42641175,    2.61903851,      8.62858517], [  203.60065813,    6.63962062,    9.64651198,   11.97900626,    -10.76565616,   12.42705121,   27.33144591,   67.78902905,     11.41391369,   -0.46192858,    0.97390132,    2.94845023,     -3.06747157], [   88.42301232,  -11.64221248,   24.4167369 ,   22.20766635,     -7.88726673,   -4.59856139,    2.81212517,   11.41391369,     55.08457273,   15.27727577,   -1.97615017,   -2.37781509,     -0.10703325], [  -52.3358421 ,    3.2538299 ,   12.33514829,   22.92510647,      1.69980852,   -1.9081957 ,    0.36871908,   -0.46192858,     15.27727577,   51.44742035,   17.2245943 ,   -0.01630114,     -4.56837696], [    5.31808883,   -1.04971595,   -5.78546541,   11.46466419,     17.68525691,   -6.81064299,    5.42641175,    0.97390132,     -1.97615017,   17.2245943 ,   42.59595125,   10.1495597 ,      3.28103779], [  162.49941489,  -22.44605311,   20.74826271,   14.11115135,     -5.72760268,    4.98748287,    2.61903851,    2.94845023,     -2.37781509,   -0.01630114,   10.1495597 ,   43.80232718,     15.71489538], [  108.51857775,  -12.16084594,    9.70252728,   13.38764583,     -1.15962487,   -4.95968902,    8.62858517,   -3.06747157,     -0.10703325,   -4.56837696,    3.28103779,   15.71489538,     41.88177265]]
/root/sim/music/out/Compilations/20th ANNIVERSARY OF PERSONA SERIES ALL T/5-11 疑惑.mp3; [-773.6394    , 191.71179   ,  42.88412   ,  15.609162  ,   4.629263  ,    9.745723  ,   1.2367111 ,   1.7201164 ,   0.11994655,   0.6678929 ,   -7.824864  ,  -9.322213  , -10.982597  ]; [[19690.58178804,  -72.64416137, -204.64239863,  409.60078962,    212.82523701,  108.26284806,  -25.78416642,  170.28674599,    138.14867591,  110.00042493,   43.23652801,  126.04176171,     47.73866889], [  -72.64416137, 4533.01124281, -513.53930533, -339.47529817,     85.5950335 ,  164.78090626,   77.716672  ,   46.5457172 ,     57.03785802,  109.39698767,   27.32084775,  -76.97144046,    -65.39867455], [ -204.64239863, -513.53930533, 1183.47385471,  -32.52149218,   -118.65625662,   42.25877861,   99.41822806,  -22.4676407 ,     16.89688551,  -20.30689126,  -95.87890136, -109.95687713,    -92.71372852], [  409.60078962, -339.47529817,  -32.52149218,  449.01355516,    131.35836041,  -17.29751224,   32.55205531,   58.94569207,     38.89268732,   -0.53369615,  -23.82425432,  -28.50381459,    -28.92948809], [  212.82523701,   85.5950335 , -118.65625662,  131.35836041,    204.90736487,   67.40548872,   32.98825224,   40.74739327,     51.52128678,   39.60739266,   25.64288193,   11.24166859,      2.25474652], [  108.26284806,  164.78090626,   42.25877861,  -17.29751224,     67.40548872,  127.99112388,   60.74507242,    9.53818891,     34.06302429,   44.5238073 ,   31.98156697,   13.6127517 ,     -0.82725567], [  -25.78416642,   77.716672  ,   99.41822806,   32.55205531,     32.98825224,   60.74507242,  102.77972037,   39.21931727,     33.93540587,   33.14528465,   21.8215296 ,   -0.13951559,     -5.42197548], [  170.28674599,   46.5457172 ,  -22.4676407 ,   58.94569207,     40.74739327,    9.53818891,   39.21931727,   76.4473564 ,     43.10599406,   17.11738219,    7.43383488,    2.21505187,      2.05496045], [  138.14867591,   57.03785802,   16.89688551,   38.89268732,     51.52128678,   34.06302429,   33.93540587,   43.10599406,     84.16086145,   46.19497263,   10.68339539,    1.4081407 ,     -2.15621308], [  110.00042493,  109.39698767,  -20.30689126,   -0.53369615,     39.60739266,   44.5238073 ,   33.14528465,   17.11738219,     46.19497263,   74.79969013,   43.86223086,   14.95573207,      4.31408939], [   43.23652801,   27.32084775,  -95.87890136,  -23.82425432,     25.64288193,   31.98156697,   21.8215296 ,    7.43383488,     10.68339539,   43.86223086,   87.20135888,   50.68483558,     19.34578372], [  126.04176171,  -76.97144046, -109.95687713,  -28.50381459,     11.24166859,   13.6127517 ,   -0.13951559,    2.21505187,      1.4081407 ,   14.95573207,   50.68483558,   72.39265426,     37.92198352], [   47.73866889,  -65.39867455,  -92.71372852,  -28.92948809,      2.25474652,   -0.82725567,   -5.42197548,    2.05496045,     -2.15621308,    4.31408939,   19.34578372,   37.92198352,     57.07600692]]
/root/sim/music/out/Compilations/20th ANNIVERSARY OF PERSONA SERIES ALL T/3-18 Burn My Dread -Last Battle-.mp3; [-591.8759    ,  87.38201   ,  13.572983  ,  19.255203  ,   8.999386  ,    2.1749547 ,  -2.8692176 ,  -0.97938174,   1.3347509 ,   4.152916  ,    1.412682  ,  -1.0733978 ,   1.046288  ]; [[17211.83277356,  260.52719917,  -35.48205063,  242.17396527,    -32.05169447, -128.04394514, -179.71439313,  -44.14606404,    -93.92005287,  -34.01715565,  -32.93072471,  -56.50794564,    -84.12851514], [  260.52719917, 1151.16824032, -253.49654601,  131.95440343,    156.46370507,    8.67439776,   88.3280543 ,  113.98521123,     50.46517723,  144.22280899,   32.8923856 ,   -6.49674727,     50.95774347], [  -35.48205063, -253.49654601,  667.70824799,  186.76951007,     77.03324853,  107.32527579,    9.19783305,   -1.2402791 ,    -28.1515053 , -113.91346417,   -4.56818407,   53.71390111,      2.096703  ], [  242.17396527,  131.95440343,  186.76951007,  381.10368638,    154.99285088,   74.39398287,   20.99084355,   93.66685354,     16.70712792,    0.81529773,   15.56903777,   26.89163421,     16.96045098], [  -32.05169447,  156.46370507,   77.03324853,  154.99285088,    257.35867899,  112.00956573,   46.67759821,   60.86001946,     58.71970593,   62.83612701,   21.56207477,   37.02506372,     35.25231504], [ -128.04394514,    8.67439776,  107.32527579,   74.39398287,    112.00956573,  215.49230118,  121.54661232,   68.10634798,     56.59970394,   54.18277127,   44.76341434,   50.4995712 ,     35.94115904], [ -179.71439313,   88.3280543 ,    9.19783305,   20.99084355,     46.67759821,  121.54661232,  193.41948107,  110.13154754,     73.65160423,   86.31075707,   51.36831689,   46.32918212,     41.75334682], [  -44.14606404,  113.98521123,   -1.2402791 ,   93.66685354,     60.86001946,   68.10634798,  110.13154754,  154.22624272,     78.54785254,   78.86428342,   40.3209518 ,   35.53032554,     33.03388213], [  -93.92005287,   50.46517723,  -28.1515053 ,   16.70712792,     58.71970593,   56.59970394,   73.65160423,   78.54785254,    142.73605057,  117.83227639,   50.97896696,   32.79645108,     36.57512613], [  -34.01715565,  144.22280899, -113.91346417,    0.81529773,     62.83612701,   54.18277127,   86.31075707,   78.86428342,    117.83227639,  186.86247879,   76.01127032,   35.86194014,     40.18373158], [  -32.93072471,   32.8923856 ,   -4.56818407,   15.56903777,     21.56207477,   44.76341434,   51.36831689,   40.3209518 ,     50.97896696,   76.01127032,   84.98440551,   44.38845569,     24.64011153], [  -56.50794564,   -6.49674727,   53.71390111,   26.89163421,     37.02506372,   50.4995712 ,   46.32918212,   35.53032554,     32.79645108,   35.86194014,   44.38845569,   74.87235423,     40.42830018], [  -84.12851514,   50.95774347,    2.096703  ,   16.96045098,     35.25231504,   35.94115904,   41.75334682,   33.03388213,     36.57512613,   40.18373158,   24.64011153,   40.42830018,     62.15884379]]
/root/sim/music/out/Compilations/20th ANNIVERSARY OF PERSONA SERIES ALL T/5-08 Beneath the Mask -instrumental.mp3; [-728.0616    , 212.13637   ,  24.903286  ,  32.437828  ,  12.131632  ,   -0.13820526,  -3.8241594 ,   2.5406697 ,   1.2836545 ,   6.3494115 ,    5.567195  ,  -2.3598287 ,  -3.8969307 ]; [[13391.82137167, -962.33867713,  -58.13387   , -149.27171806,     22.87256846,  292.93395443, -195.09197033, -100.91384231,      8.45131887,  -40.31413508,  -89.02632474, -135.92259818,   -156.3207489 ], [ -962.33867713, 3353.32887236, -848.75813026,   22.68412107,    -29.22849189, -282.91054769,   -9.95917516,    0.24852442,     28.53354697,   73.20754203,   55.79435668,   37.38844787,     58.45816604], [  -58.13387   , -848.75813026, 1119.99623362,   19.6235833 ,     78.09608648,  147.65835641,   42.84313962,   79.71745921,     14.79816144,   10.23177765,  -20.04861424,  -41.11010694,    -23.75661926], [ -149.27171806,   22.68412107,   19.6235833 ,  470.54540277,     66.8180454 ,  -19.41268535,   80.52954613,    3.56567106,   -107.43283513,  -79.57155824,  -29.37737509,  -25.07692364,    -10.26042683], [   22.87256846,  -29.22849189,   78.09608648,   66.8180454 ,    279.68080823,   75.8627839 ,   -5.26374199,   -0.45804956,    -21.85380775,  -35.69977298,  -31.2233671 ,  -12.89104989,     10.84500145], [  292.93395443, -282.91054769,  147.65835641,  -19.41268535,     75.8627839 ,  171.99279417,    9.304993  ,   -7.02995939,     11.49703645,    8.57452275,  -11.02843305,  -14.23355072,    -15.11074605], [ -195.09197033,   -9.95917516,   42.84313962,   80.52954613,     -5.26374199,    9.304993  ,  135.91233595,   45.07495276,    -22.5861559 ,   -3.77026552,   24.88337582,   10.40147741,     13.95989007], [ -100.91384231,    0.24852442,   79.71745921,    3.56567106,     -0.45804956,   -7.02995939,   45.07495276,  122.96594885,     43.81841175,   -5.02766522,   27.27591673,   45.17554676,     21.41097582], [    8.45131887,   28.53354697,   14.79816144, -107.43283513,    -21.85380775,   11.49703645,  -22.5861559 ,   43.81841175,    130.54460463,   53.06389183,   18.05359559,   34.16117266,     18.11957865], [  -40.31413508,   73.20754203,   10.23177765,  -79.57155824,    -35.69977298,    8.57452275,   -3.77026552,   -5.02766522,     53.06389183,  112.03737516,   46.41496866,    0.3406172 ,      6.9617545 ], [  -89.02632474,   55.79435668,  -20.04861424,  -29.37737509,    -31.2233671 ,  -11.02843305,   24.88337582,   27.27591673,     18.05359559,   46.41496866,   98.31618182,   43.59963324,     -7.46383503], [ -135.92259818,   37.38844787,  -41.11010694,  -25.07692364,    -12.89104989,  -14.23355072,   10.40147741,   45.17554676,     34.16117266,    0.3406172 ,   43.59963324,   96.80601785,     42.31297508], [ -156.3207489 ,   58.45816604,  -23.75661926,  -10.26042683,     10.84500145,  -15.11074605,   13.95989007,   21.41097582,     18.11957865,    6.9617545 ,   -7.46383503,   42.31297508,     87.23816529]]
/root/sim/music/out/Compilations/20th ANNIVERSARY OF PERSONA SERIES ALL T/4-07 Time To Make Hisory.mp3; [-564.0734   , 108.486465 ,   6.003751 ,  41.296143 ,  22.773209 ,    4.2132816,  10.676084 ,   7.9449863,   7.1578317,   2.9645076,   -2.167711 ,  -0.8525489,  -2.952505 ]; [[15209.89963526, 1152.10718928, -181.47256733,  458.07573699,    288.16058941,  180.58231264,  180.10030665,  103.25653574,     80.57008649,   36.45955199, -160.00639158, -117.66317654,     -3.85981502], [ 1152.10718928,  878.47716643, -253.73279741,  228.48829938,    -21.73922622,   39.42595006,   38.51795896,   34.93226116,     17.01264932,   16.40573873,  -25.55857717,  -23.73130661,     -2.39445097], [ -181.47256733, -253.73279741,  640.75005523,  -91.52829296,    165.11615545,  -43.53125762,    7.5628988 ,  -22.72011362,    -29.84583027,  -20.58190773,   45.7482479 ,   47.89264627,    -32.58433959], [  458.07573699,  228.48829938,  -91.52829296,  437.00116584,    141.56397941,   84.74939783,   18.84933773,   10.30403993,      5.50567489,  -31.84314948,   28.38530099,   26.99358408,     15.11315031], [  288.16058941,  -21.73922622,  165.11615545,  141.56397941,    289.98177289,   36.07894029,   61.57626096,    9.59628389,     -1.74234799,  -32.59289476,    8.20166595,   17.31775714,    -13.90711645], [  180.58231264,   39.42595006,  -43.53125762,   84.74939783,     36.07894029,  158.14350804,   55.60678681,   23.89052747,    -15.95302158,   -7.56933777,    3.04650662,   -6.73184413,      5.86167315], [  180.10030665,   38.51795896,    7.5628988 ,   18.84933773,     61.57626096,   55.60678681,  116.07387011,   35.72143352,      4.86046812,   -5.78829403,  -11.61304641,  -10.33523762,     -1.95553295], [  103.25653574,   34.93226116,  -22.72011362,   10.30403993,      9.59628389,   23.89052747,   35.72143352,   95.53468465,     30.75496116,  -11.54894281,  -27.19443819,  -19.4822894 ,     -6.07042681], [   80.57008649,   17.01264932,  -29.84583027,    5.50567489,     -1.74234799,  -15.95302158,    4.86046812,   30.75496116,     60.72783247,    9.43563558,  -15.29223051,  -16.53989883,     -1.85927179], [   36.45955199,   16.40573873,  -20.58190773,  -31.84314948,    -32.59289476,   -7.56933777,   -5.78829403,  -11.54894281,      9.43563558,   53.89018463,    8.88962724,   -6.17290328,     -3.12507134], [ -160.00639158,  -25.55857717,   45.7482479 ,   28.38530099,      8.20166595,    3.04650662,  -11.61304641,  -27.19443819,    -15.29223051,    8.88962724,   63.90147599,   33.17226738,      2.10077339], [ -117.66317654,  -23.73130661,   47.89264627,   26.99358408,     17.31775714,   -6.73184413,  -10.33523762,  -19.4822894 ,    -16.53989883,   -6.17290328,   33.17226738,   61.89956172,     17.13340602], [   -3.85981502,   -2.39445097,  -32.58433959,   15.11315031,    -13.90711645,    5.86167315,   -1.95553295,   -6.07042681,     -1.85927179,   -3.12507134,    2.10077339,   17.13340602,     44.88740797]]
/root/sim/music/out/Compilations/20th ANNIVERSARY OF PERSONA SERIES ALL T/1-15 Dungeon - Abandoned Factory Und.mp3; [-645.28406  ,  88.12016  ,  42.101944 ,  28.136906 ,  17.75041  ,    7.055493 ,   6.364113 ,   8.752547 ,   5.539292 ,   9.2948265,   -0.6539099,   3.0460882,  -1.2945563]; [[12718.81524832,  -92.21889745,  113.15039823,  285.86888862,    -93.34450407,  139.47079641,   51.30046733, -109.00091422,    -24.60631241,   37.15895113,  -22.31201911,  -29.43431441,     29.32749675], [  -92.21889745, 1895.00891837,   -3.59706954, -131.78716929,     48.02304231, -142.16427982,    0.02564523,   76.71031381,    221.94948813,  169.67460999,  134.88392124,   86.56046919,     90.64908217], [  113.15039823,   -3.59706954,  935.66151215,   -5.31414286,     67.75394417,   -4.45531416,   17.86014814,   55.18511093,    -29.87800627,   -7.67267154,   -1.03514501,   34.11505836,    -33.93712448], [  285.86888862, -131.78716929,   -5.31414286,  578.68402047,     80.86136667,  238.41138671,   72.20136722,   33.23506873,     -2.64692381,  -13.2627841 ,  -15.43539325,  -34.01331512,      9.17381639], [  -93.34450407,   48.02304231,   67.75394417,   80.86136667,    370.96598485,   36.49619288,   46.74150393,   52.73102485,     35.86645725,  -22.11627538,  -34.66800254,  -17.21008634,      4.59242444], [  139.47079641, -142.16427982,   -4.45531416,  238.41138671,     36.49619288,  278.44306172,   71.59123273,   29.28091304,    -16.29097189,  -18.58304464,  -13.92719328,   -3.60897652,     -1.75317741], [   51.30046733,    0.02564523,   17.86014814,   72.20136722,     46.74150393,   71.59123273,  129.86241255,   36.2380342 ,     -2.42789691,   25.30036147,  -16.72816555,    8.97179747,     -4.75700263], [ -109.00091422,   76.71031381,   55.18511093,   33.23506873,     52.73102485,   29.28091304,   36.2380342 ,  111.63869187,     35.88090047,   15.06617288,   12.5347547 ,   20.14298765,    -17.31474278], [  -24.60631241,  221.94948813,  -29.87800627,   -2.64692381,     35.86645725,  -16.29097189,   -2.42789691,   35.88090047,    183.42691394,   64.84166172,   22.34037347,    4.17448375,     30.26788124], [   37.15895113,  169.67460999,   -7.67267154,  -13.2627841 ,    -22.11627538,  -18.58304464,   25.30036147,   15.06617288,     64.84166172,  131.1660327 ,   30.29196569,   26.58748127,     21.21484847], [  -22.31201911,  134.88392124,   -1.03514501,  -15.43539325,    -34.66800254,  -13.92719328,  -16.72816555,   12.5347547 ,     22.34037347,   30.29196569,   93.71379932,   29.55036553,     13.2338157 ], [  -29.43431441,   86.56046919,   34.11505836,  -34.01331512,    -17.21008634,   -3.60897652,    8.97179747,   20.14298765,      4.17448375,   26.58748127,   29.55036553,   94.39674739,     -6.22975867], [   29.32749675,   90.64908217,  -33.93712448,    9.17381639,      4.59242444,   -1.75317741,   -4.75700263,  -17.31474278,     30.26788124,   21.21484847,   13.2338157 ,   -6.22975867,     82.49768331]]
/root/sim/music/out/Compilations/20th ANNIVERSARY OF PERSONA SERIES ALL T/1-08 1st Ward After the Disaster.mp3; [-667.1954   , 137.38422  ,  21.34711  ,  32.007603 ,   4.7257586,   15.801302 ,  -2.4770555,   9.685026 ,  -1.4929653,  -0.1049527,   -3.3089957,  -2.0778184,   1.6345094]; [[22054.93721151,  667.82763349, -485.34215181, 1200.71079913,    238.46349841,  298.61645163,  -83.78990433,  264.06111629,    266.2288977 ,  131.87053927,  -45.34936889,   52.23051342,    193.91327002], [  667.82763349, 1806.41835166,  247.08630807,  -88.60903861,    181.78545661,  218.39853974,  111.87332233,  119.37154484,     -2.05310527,   73.13373703,   78.38346524,   39.96713992,     23.35966545], [ -485.34215181,  247.08630807,  484.94949636,   70.25553645,    -21.34386943,   80.14625772,   56.51101811,   49.3952462 ,     13.03302511,   29.10689829,   45.20436063,   20.75643786,     -5.60453823], [ 1200.71079913,  -88.60903861,   70.25553645,  561.99724582,    110.31713213,   84.18302932,   77.00189   ,   63.50786462,    104.57147313,   82.1282917 ,   23.10143557,   53.96947312,     38.93217953], [  238.46349841,  181.78545661,  -21.34386943,  110.31713213,    243.41416322,  118.57491557,   79.20749442,   68.25424103,     89.46215655,   69.83858575,   52.49974293,   45.39964225,     47.28014063], [  298.61645163,  218.39853974,   80.14625772,   84.18302932,    118.57491557,  176.27561825,   99.97077793,   54.3157123 ,     72.63594836,   48.48706287,   48.29191784,   38.7902812 ,     26.22498875], [  -83.78990433,  111.87332233,   56.51101811,   77.00189   ,     79.20749442,   99.97077793,  152.66621435,   50.2479795 ,     82.35171249,   39.35159994,   42.62961936,   30.31338093,     34.46084317], [  264.06111629,  119.37154484,   49.3952462 ,   63.50786462,     68.25424103,   54.3157123 ,   50.2479795 ,   87.42253707,     41.50914918,   33.75838334,   29.15002599,   19.32043742,     16.1928128 ], [  266.2288977 ,   -2.05310527,   13.03302511,  104.57147313,     89.46215655,   72.63594836,   82.35171249,   41.50914918,    128.38519632,   56.97552202,   32.90896778,   37.51428666,     45.86203914], [  131.87053927,   73.13373703,   29.10689829,   82.1282917 ,     69.83858575,   48.48706287,   39.35159994,   33.75838334,     56.97552202,   79.89236293,   39.03032   ,   21.94911793,     20.63930673], [  -45.34936889,   78.38346524,   45.20436063,   23.10143557,     52.49974293,   48.29191784,   42.62961936,   29.15002599,     32.90896778,   39.03032   ,   68.90914201,   27.58534476,      9.01192565], [   52.23051342,   39.96713992,   20.75643786,   53.96947312,     45.39964225,   38.7902812 ,   30.31338093,   19.32043742,     37.51428666,   21.94911793,   27.58534476,   65.32549988,     38.14229381], [  193.91327002,   23.35966545,   -5.60453823,   38.93217953,     47.28014063,   26.22498875,   34.46084317,   16.1928128 ,     45.86203914,   20.63930673,    9.01192565,   38.14229381,     65.32038374]]
/root/sim/music/out/Compilations/20th ANNIVERSARY OF PERSONA SERIES ALL T/3-07 A Way of Life.mp3; [-648.0194    , 122.82127   ,  14.748141  ,  22.541937  ,  14.5784    ,   -0.48010302,   9.658484  ,   1.9613478 ,   2.2035825 ,   4.182401  ,   -4.6191974 ,  -2.1720586 ,  -0.18965636]; [[25343.33955635, 1759.92392082, -295.48556031,  607.29753611,   -155.39322497,  221.36835114,  428.41642756, -192.91834061,     -6.37876556,  186.51768281, -314.31416525, -183.7873755 ,    -67.68288393], [ 1759.92392082, 1683.83739958, -111.13575339,  259.72703126,    193.2331836 ,    5.6130988 ,  179.42466734,   40.72511398,    -18.77210735,   17.61749707,  -16.98162897,   12.32616846,    -32.09708142], [ -295.48556031, -111.13575339,  975.33065019,  129.48939267,    207.61533491,  174.84904488,  -49.2498049 ,  149.40117895,     56.26108612,  -65.26849395,   83.7791715 ,   66.23032074,    -28.62352625], [  607.29753611,  259.72703126,  129.48939267,  522.91861547,    200.87132491,   95.51764565,    6.79605903,  105.59137243,     87.59799945,    8.78957747,   35.42131251,   89.35249589,     17.07715737], [ -155.39322497,  193.2331836 ,  207.61533491,  200.87132491,    329.27934193,   36.26440338,   -8.51140373,  108.19822944,     67.64298617,   15.39252388,   39.06615284,   49.78445392,     13.54639077], [  221.36835114,    5.6130988 ,  174.84904488,   95.51764565,     36.26440338,  336.76744344,   96.60729799,   27.75789604,      8.93229098,   58.41188527,   42.35752008,    1.557571  ,     -1.297696  ], [  428.41642756,  179.42466734,  -49.2498049 ,    6.79605903,     -8.51140373,   96.60729799,  241.34216736,    9.6820268 ,      1.28192412,   72.72530431,  -15.14725673,   -5.26887064,      6.32601235], [ -192.91834061,   40.72511398,  149.40117895,  105.59137243,    108.19822944,   27.75789604,    9.6820268 ,  197.33217743,     75.36294514,   -1.21931068,   37.32302312,   66.77054578,     17.98076877], [   -6.37876556,  -18.77210735,   56.26108612,   87.59799945,     67.64298617,    8.93229098,    1.28192412,   75.36294514,    127.96305153,   39.83651473,   23.44615348,   31.26559009,     22.74323599], [  186.51768281,   17.61749707,  -65.26849395,    8.78957747,     15.39252388,   58.41188527,   72.72530431,   -1.21931068,     39.83651473,  151.05493212,    6.28473885,    3.71909674,     10.05333519], [ -314.31416525,  -16.98162897,   83.7791715 ,   35.42131251,     39.06615284,   42.35752008,  -15.14725673,   37.32302312,     23.44615348,    6.28473885,   98.38129078,   51.07841882,     20.45448402], [ -183.7873755 ,   12.32616846,   66.23032074,   89.35249589,     49.78445392,    1.557571  ,   -5.26887064,   66.77054578,     31.26559009,    3.71909674,   51.07841882,  135.53208181,     35.7373487 ], [  -67.68288393,  -32.09708142,  -28.62352625,   17.07715737,     13.54639077,   -1.297696  ,    6.32601235,   17.98076877,     22.74323599,   10.05333519,   20.45448402,   35.7373487 ,     96.70537494]]
