/root/sim/music/out/Noel Gallagher's High Flying Birds/Noel Gallagher's High Flying Birds/08-AKA___ Broken Arrow.mp3; [-499.55493  , 130.26155  ,  -5.6730623,  22.624699 ,   9.275022 ,    7.081335 ,   3.7171087,   8.559657 ,   6.3352113,   0.998441 ,   -2.591057 ,  -1.3785291,   1.4731735]; [[12941.7596263 ,-1421.78293246, -871.44781263,  150.05097952,    -47.52230104, -633.15198637,-1212.39926383, -422.58993871,    376.37645888,  507.04890422,  102.58771768, -449.66673775,   -746.90310506], [-1421.78293246,  738.78646716,  -76.75690609,  -61.83133368,     -8.89122921,   -1.35103421,  194.05735673,   48.51409145,    -11.82858363,  -42.13064078,    6.76494236,   46.65911108,    103.9053326 ], [ -871.44781263,  -76.75690609,  367.94551517,   11.12993183,      7.5914386 ,  102.80038926,   93.18628774,   52.95615969,    -40.52115475,  -40.51087372,    4.98528542,   47.551036  ,     35.18851094], [  150.05097952,  -61.83133368,   11.12993183,  155.47623059,     60.43126182,    3.75980723,  -36.64223266,    0.93418729,      6.93051759,   14.99501708,   -3.6068956 ,  -11.08492341,     -4.96316426], [  -47.52230104,   -8.89122921,    7.5914386 ,   60.43126182,    141.83963192,   12.60756525,  -19.56164375,   -4.32319704,     20.96553135,    5.30548211,   -8.22202721,   -0.0380618 ,     11.55775487], [ -633.15198637,   -1.35103421,  102.80038926,    3.75980723,     12.60756525,  142.4268228 ,   98.28323956,   38.04690403,    -29.15355615,  -33.93170735,   -0.12702757,   35.79662135,     34.80230062], [-1212.39926383,  194.05735673,   93.18628774,  -36.64223266,    -19.56164375,   98.28323956,  224.31706047,   70.78609041,    -45.55103065,  -53.57315584,   -3.18560587,   55.964311  ,     76.86935306], [ -422.58993871,   48.51409145,   52.95615969,    0.93418729,     -4.32319704,   38.04690403,   70.78609041,   81.36469855,     10.6216065 ,  -11.42880838,   -2.18627957,   21.06516792,     32.2012687 ], [  376.37645888,  -11.82858363,  -40.52115475,    6.93051759,     20.96553135,  -29.15355615,  -45.55103065,   10.6216065 ,     90.66755174,   49.27321578,   15.35361291,  -17.7833184 ,    -29.47813284], [  507.04890422,  -42.13064078,  -40.51087372,   14.99501708,      5.30548211,  -33.93170735,  -53.57315584,  -11.42880838,     49.27321578,   96.51462417,   34.87392004,  -23.94765217,    -49.87037901], [  102.58771768,    6.76494236,    4.98528542,   -3.6068956 ,     -8.22202721,   -0.12702757,   -3.18560587,   -2.18627957,     15.35361291,   34.87392004,   57.88701842,    7.74358014,    -19.44755883], [ -449.66673775,   46.65911108,   47.551036  ,  -11.08492341,     -0.0380618 ,   35.79662135,   55.964311  ,   21.06516792,    -17.7833184 ,  -23.94765217,    7.74358014,   64.47780512,     48.0785904 ], [ -746.90310506,  103.9053326 ,   35.18851094,   -4.96316426,     11.55775487,   34.80230062,   76.86935306,   32.2012687 ,    -29.47813284,  -49.87037901,  -19.44755883,   48.0785904 ,    108.44740899]]
/root/sim/music/out/Noel Gallagher's High Flying Birds/Noel Gallagher's High Flying Birds/02-Dream On.mp3; [-481.84042  , 133.14175  , -16.396057 ,  21.369164 ,   8.5814295,    6.633304 ,  -3.302582 ,   6.7105665,   4.7865777,  -1.0226496,   -3.0060246,  -2.4012616,   1.4212064]; [[11676.49515651,-1807.5669541 ,   50.15430983, -420.56953861,   -435.13245796,  102.97090729,  -21.07584504,   70.69530361,   -162.99191154,  126.23957956,   61.31896002,  -21.32039539,    140.44762345], [-1807.5669541 , 1143.08512872, -226.14675162,   16.88991032,     60.33805391,   -8.52929006,   -5.86842264,   -7.01719004,     34.25384785,  -27.55487424,   32.34534574,   -1.3120437 ,    -16.98368086], [   50.15430983, -226.14675162,  404.95312079,   32.93922805,     17.84499527,   32.88821626,   13.48598773,   24.72581238,     -1.05759306,    5.62657487,   -8.78095478,    5.99352529,     17.7201259 ], [ -420.56953861,   16.88991032,   32.93922805,  203.39092084,     66.5874409 ,  -22.79924054,  -20.60827833,   17.37288662,      3.05181761,  -18.50470494,  -18.8288247 ,   10.27847378,     18.7527676 ], [ -435.13245796,   60.33805391,   17.84499527,   66.5874409 ,    127.18021655,  -24.83173358,  -40.37588055,   14.37414746,      8.07134593,  -19.90181656,   -5.75719018,    0.53264076,      6.38162443], [  102.97090729,   -8.52929006,   32.88821626,  -22.79924054,    -24.83173358,   90.34746632,   46.11892979,  -10.39278288,      5.50216202,   18.28452438,    2.01150378,   -1.70550876,     -5.46939551], [  -21.07584504,   -5.86842264,   13.48598773,  -20.60827833,    -40.37588055,   46.11892979,  111.76834798,   -5.87149109,     -1.69330775,   19.51389127,   -6.30921441,   -0.53060513,     -4.38504456], [   70.69530361,   -7.01719004,   24.72581238,   17.37288662,     14.37414746,  -10.39278288,   -5.87149109,   80.89185996,      9.92730864,  -14.52966364,    1.88893147,    2.68673618,      8.73627236], [ -162.99191154,   34.25384785,   -1.05759306,    3.05181761,      8.07134593,    5.50216202,   -1.69330775,    9.92730864,     70.649821  ,   19.21436662,    3.40489729,   -0.94102254,     -7.77347438], [  126.23957956,  -27.55487424,    5.62657487,  -18.50470494,    -19.90181656,   18.28452438,   19.51389127,  -14.52966364,     19.21436662,   66.43100558,   10.33060511,   -7.89759767,     -7.85217826], [   61.31896002,   32.34534574,   -8.78095478,  -18.8288247 ,     -5.75719018,    2.01150378,   -6.30921441,    1.88893147,      3.40489729,   10.33060511,   50.44909531,   13.89448924,     -1.54853188], [  -21.32039539,   -1.3120437 ,    5.99352529,   10.27847378,      0.53264076,   -1.70550876,   -0.53060513,    2.68673618,     -0.94102254,   -7.89759767,   13.89448924,   47.73965568,     14.63130977], [  140.44762345,  -16.98368086,   17.7201259 ,   18.7527676 ,      6.38162443,   -5.46939551,   -4.38504456,    8.73627236,     -7.77347438,   -7.85217826,   -1.54853188,   14.63130977,     51.82187406]]
/root/sim/music/out/Noel Gallagher's High Flying Birds/Noel Gallagher's High Flying Birds/10-Stop The Clocks.mp3; [-552.90137   , 136.56653   , -16.464382  ,  16.220789  ,   2.1401742 ,    7.4217176 ,   6.2887325 ,   3.5573704 ,   6.1124325 ,   3.2739189 ,   -3.5984955 ,   0.74572927,  -2.3862839 ]; [[19877.99277774,  -84.34826273, -573.57227571, 1864.01038204,    279.68773396,  307.25255544,  238.32250143,   39.09799954,     51.25390025,  -39.87219824,  -85.14131078,  199.13413835,    109.66587058], [  -84.34826273,  964.86594817, -171.77101313, -139.23264461,    -46.77989351,   13.30617141,    7.07906022,    1.72733051,     -6.77772151,  -12.8505961 ,    7.89479027,   13.76358814,     -7.64560105], [ -573.57227571, -171.77101313,  364.58646599,  -74.12230436,     22.78473216,  -39.62634472,  -19.41883936,   23.40057956,    -18.38624678,   19.2296239 ,   18.69662988,    0.38114778,    -11.85468601], [ 1864.01038204, -139.23264461,  -74.12230436,  443.29809091,     81.65053542,   26.57238064,   38.36495451,    6.61594548,    -13.18576733,    4.87940214,  -29.77616377,   38.83614948,     41.12033678], [  279.68773396,  -46.77989351,   22.78473216,   81.65053542,    158.48982516,  -11.12582051,  -31.84661122,   10.69481699,     -1.31167698,    2.57416856,   -7.22535163,    1.98798859,      8.03002598], [  307.25255544,   13.30617141,  -39.62634472,   26.57238064,    -11.12582051,  113.40274012,   51.65590031,   12.68532994,     18.8319464 ,   10.02355706,   19.65000215,   20.44840886,      8.16841103], [  238.32250143,    7.07906022,  -19.41883936,   38.36495451,    -31.84661122,   51.65590031,  159.69619292,   37.28926935,     25.07148049,    3.47578557,   21.83684924,   35.85260756,     16.55079887], [   39.09799954,    1.72733051,   23.40057956,    6.61594548,     10.69481699,   12.68532994,   37.28926935,   99.93792386,     34.54874851,    8.70755171,   20.0563749 ,   15.36066109,      7.95674544], [   51.25390025,   -6.77772151,  -18.38624678,  -13.18576733,     -1.31167698,   18.8319464 ,   25.07148049,   34.54874851,    101.23573928,   12.56788833,   24.89192452,    8.34491159,      2.70177305], [  -39.87219824,  -12.8505961 ,   19.2296239 ,    4.87940214,      2.57416856,   10.02355706,    3.47578557,    8.70755171,     12.56788833,   78.90562433,   20.48912917,   -4.38348332,      2.48917505], [  -85.14131078,    7.89479027,   18.69662988,  -29.77616377,     -7.22535163,   19.65000215,   21.83684924,   20.0563749 ,     24.89192452,   20.48912917,   87.96370291,   23.5575675 ,     -4.33515099], [  199.13413835,   13.76358814,    0.38114778,   38.83614948,      1.98798859,   20.44840886,   35.85260756,   15.36066109,      8.34491159,   -4.38348332,   23.5575675 ,   81.52602725,     22.58915873], [  109.66587058,   -7.64560105,  -11.85468601,   41.12033678,      8.03002598,    8.16841103,   16.55079887,    7.95674544,      2.70177305,    2.48917505,   -4.33515099,   22.58915873,     75.51333538]]
/root/sim/music/out/Noel Gallagher's High Flying Birds/Noel Gallagher's High Flying Birds/09-(Stranded On) The Wrong Beach.mp3; [-538.85693   , 157.19112   , -24.012957  ,  20.982899  ,   6.085729  ,    5.2463226 ,  -1.5982938 ,   5.915237  ,   8.331456  ,  -0.3178203 ,   -3.1957927 ,  -1.4906647 ,   0.44483805]; [[15115.50554236,-1174.67528203, -148.67801372,  726.10426984,    454.54585902,  328.95123084,   81.09976821, -325.19503047,    162.98460475,  -67.33320663,  -19.71159148,   36.25816576,     73.68414463], [-1174.67528203, 1565.94179338,  -52.90445063,   89.28333223,     81.38508485,  -69.06699326,  113.52333683,  -12.35272726,    142.71054536,   -9.36763347,   11.21205872,   14.70921194,     69.46949033], [ -148.67801372,  -52.90445063,  764.52144187,   -0.31204917,     83.04309292,   41.22978829,   31.79396568,  100.04218595,     40.63856152,  -18.36078216,   59.82790968,    4.09622019,     -7.72226521], [  726.10426984,   89.28333223,   -0.31204917,  262.3311864 ,     69.24094613,   39.06748596,   33.86360321,    6.69176187,     26.63817506,    4.60720216,   -4.59680642,   22.534717  ,     21.96659486], [  454.54585902,   81.38508485,   83.04309292,   69.24094613,    190.70788884,   21.10978049,   11.55809648,   15.46386342,     35.13571709,  -12.48093636,   19.1041906 ,   12.03699954,     22.63973347], [  328.95123084,  -69.06699326,   41.22978829,   39.06748596,     21.10978049,  134.84307305,   43.54827133,   10.0327681 ,      2.68333406,   23.81857786,    7.17227423,   12.47856008,      9.73575774], [   81.09976821,  113.52333683,   31.79396568,   33.86360321,     11.55809648,   43.54827133,  147.63804177,    5.06691066,     40.85857462,   31.10098553,    1.89091915,    5.71433066,     15.27916615], [ -325.19503047,  -12.35272726,  100.04218595,    6.69176187,     15.46386342,   10.0327681 ,    5.06691066,   98.39376894,     13.3638046 ,    0.95222466,   13.001995  ,   14.45859844,     -4.38462516], [  162.98460475,  142.71054536,   40.63856152,   26.63817506,     35.13571709,    2.68333406,   40.85857462,   13.3638046 ,    109.29156118,   24.13150863,   12.84265574,    4.45513299,      6.9701907 ], [  -67.33320663,   -9.36763347,  -18.36078216,    4.60720216,    -12.48093636,   23.81857786,   31.10098553,    0.95222466,     24.13150863,   82.06202654,    9.98748989,   -1.82762946,     -3.95716445], [  -19.71159148,   11.21205872,   59.82790968,   -4.59680642,     19.1041906 ,    7.17227423,    1.89091915,   13.001995  ,     12.84265574,    9.98748989,   69.55102629,   13.17746551,      8.80581757], [   36.25816576,   14.70921194,    4.09622019,   22.534717  ,     12.03699954,   12.47856008,    5.71433066,   14.45859844,      4.45513299,   -1.82762946,   13.17746551,   66.14620526,     20.21998118], [   73.68414463,   69.46949033,   -7.72226521,   21.96659486,     22.63973347,    9.73575774,   15.27916615,   -4.38462516,      6.9701907 ,   -3.95716445,    8.80581757,   20.21998118,     64.25022086]]
/root/sim/music/out/Noel Gallagher's High Flying Birds/Noel Gallagher's High Flying Birds/05-(I Wanna Live In A Dream In My) Record Machine.mp3; [-544.82556  , 130.56891  , -14.110471 ,  13.339893 ,   5.596962 ,   -1.1840322,  -2.7065117,   4.8658204,   4.2755203,  -3.648835 ,   -2.108456 ,  -2.337051 ,   2.2218108]; [[11906.27468827,  -50.70201803,  627.85386759,  778.78347156,    508.91101918,  226.46663691,   -9.74614089,  152.31833467,      7.41842095,   23.91457136,  -20.26866628,  171.55297318,   -196.25179308], [  -50.70201803,  827.53228114,  176.76650786,   22.96746759,    115.77564407,   15.57551292,   69.34260287,   26.2399716 ,     33.52417958,    1.92479362,   -2.66316584,  -14.81312649,     15.75660687], [  627.85386759,  176.76650786,  764.99095785,   62.1402836 ,    146.0615504 ,   48.33654493,    4.70614989,   45.17534004,     25.96496746,  -16.53965074,  -22.90951469,    0.83638681,     -9.82890297], [  778.78347156,   22.96746759,   62.1402836 ,  276.16993553,    115.05458259,   19.52821754,    2.41477264,   37.0607854 ,      8.05053965,   -4.19512915,  -10.79260491,   15.55394737,      7.19854584], [  508.91101918,  115.77564407,  146.0615504 ,  115.05458259,    204.13890955,   36.80234043,   14.81619614,   27.92571725,     25.45769218,    5.87552302,  -11.6887357 ,    2.55371885,      5.05527578], [  226.46663691,   15.57551292,   48.33654493,   19.52821754,     36.80234043,  111.03301021,   37.23762701,    7.18972942,     15.89816903,    1.43700431,   -3.08610543,   -4.48022251,     -9.86759808], [   -9.74614089,   69.34260287,    4.70614989,    2.41477264,     14.81619614,   37.23762701,  121.63035934,   24.54857649,     15.23979405,   18.70928912,    8.17586076,   16.54618956,     10.01146402], [  152.31833467,   26.2399716 ,   45.17534004,   37.0607854 ,     27.92571725,    7.18972942,   24.54857649,   82.87371601,     21.6288308 ,   -2.81945147,   -7.20824057,   -0.82118428,      3.95961246], [    7.41842095,   33.52417958,   25.96496746,    8.05053965,     25.45769218,   15.89816903,   15.23979405,   21.6288308 ,     71.27718735,   20.34261557,    3.16588822,    0.03593887,      1.43564156], [   23.91457136,    1.92479362,  -16.53965074,   -4.19512915,      5.87552302,    1.43700431,   18.70928912,   -2.81945147,     20.34261557,   89.70374815,   37.70983113,   22.35426702,      7.19486725], [  -20.26866628,   -2.66316584,  -22.90951469,  -10.79260491,    -11.6887357 ,   -3.08610543,    8.17586076,   -7.20824057,      3.16588822,   37.70983113,   84.33971394,   38.61345907,      8.0310221 ], [  171.55297318,  -14.81312649,    0.83638681,   15.55394737,      2.55371885,   -4.48022251,   16.54618956,   -0.82118428,      0.03593887,   22.35426702,   38.61345907,   88.20828629,     23.42696534], [ -196.25179308,   15.75660687,   -9.82890297,    7.19854584,      5.05527578,   -9.86759808,   10.01146402,    3.95961246,      1.43564156,    7.19486725,    8.0310221 ,   23.42696534,     69.01153888]]
/root/sim/music/out/Noel Gallagher's High Flying Birds/Noel Gallagher's High Flying Birds/03-If I Had A Gun___.mp3; [-511.50772   , 148.59766   ,  -6.699677  ,   9.433306  ,   7.042247  ,    3.5623965 ,  -0.5289656 ,   4.267792  ,   3.8615017 ,   2.6453185 ,   -1.5925128 ,   0.01866158,  -3.3371124 ]; [[17670.67593226,-1668.82623004,-2231.07932412, -630.68804416,   -107.59131968,  -32.43996993,  -81.73266643,  -57.83594255,   -224.81891985, -214.59440326, -190.14044277, -208.79064323,     45.60304611], [-1668.82623004,  960.69405162,  -80.81767092,    7.75678145,     90.00698025,   17.47075472,   93.66298053,    0.41903748,     58.56734225,   52.53680559,    0.18935356,   36.08961875,    -40.67545941], [-2231.07932412,  -80.81767092,  697.70342854,  117.41418524,    -41.15921389,   28.18903553,  -35.73278793,   23.63700456,     -0.02577333,   29.21406555,   25.92951676,   21.77121355,      6.72146589], [ -630.68804416,    7.75678145,  117.41418524,  207.29038444,     51.66842216,  -13.37025536,  -31.36768378,   23.30050843,      8.72774687,    2.26837735,    5.19181491,   16.04234237,     15.35357207], [ -107.59131968,   90.00698025,  -41.15921389,   51.66842216,    124.36755458,   10.36650086,  -20.96338073,    8.84511881,     10.67071867,   -1.34569488,   -1.68423876,    9.60094461,      6.18593112], [  -32.43996993,   17.47075472,   28.18903553,  -13.37025536,     10.36650086,  153.90758983,   17.9348936 ,   17.25174738,      3.2736189 ,   13.52345439,    0.07351416,    4.75671642,    -26.39933523], [  -81.73266643,   93.66298053,  -35.73278793,  -31.36768378,    -20.96338073,   17.9348936 ,  130.53651248,    6.11612024,      7.06105269,   20.72189641,    2.21045296,   11.02986157,    -10.53828257], [  -57.83594255,    0.41903748,   23.63700456,   23.30050843,      8.84511881,   17.25174738,    6.11612024,   72.5897217 ,     16.79118939,    4.9366698 ,   -4.25366004,    0.16910235,     -2.2296099 ], [ -224.81891985,   58.56734225,   -0.02577333,    8.72774687,     10.67071867,    3.2736189 ,    7.06105269,   16.79118939,     75.85765635,   20.43082219,    0.41490086,    0.38420193,     -3.86129227], [ -214.59440326,   52.53680559,   29.21406555,    2.26837735,     -1.34569488,   13.52345439,   20.72189641,    4.9366698 ,     20.43082219,   66.60108145,   13.617828  ,    2.72387938,     -6.25360806], [ -190.14044277,    0.18935356,   25.92951676,    5.19181491,     -1.68423876,    0.07351416,    2.21045296,   -4.25366004,      0.41490086,   13.617828  ,   61.82170445,   19.26506904,      3.66720897], [ -208.79064323,   36.08961875,   21.77121355,   16.04234237,      9.60094461,    4.75671642,   11.02986157,    0.16910235,      0.38420193,    2.72387938,   19.26506904,   63.44881907,     11.57966929], [   45.60304611,  -40.67545941,    6.72146589,   15.35357207,      6.18593112,  -26.39933523,  -10.53828257,   -2.2296099 ,     -3.86129227,   -6.25360806,    3.66720897,   11.57966929,     53.1773119 ]]
/root/sim/music/out/Noel Gallagher's High Flying Birds/Noel Gallagher's High Flying Birds/04-The Death Of You And Me.mp3; [-526.76624   , 130.43817   ,  -8.97102   ,  14.954908  ,  -0.10060738,    1.2248609 ,  -2.8108273 ,   4.8358617 ,  -0.682924  ,  -0.52851206,   -2.3362637 ,  -2.456357  ,  -3.5900497 ]; [[13514.72070643,-1414.23425044, -331.07996788,  315.63952347,   -150.80106826,    0.72525931,  -40.21397894, -163.22762766,    -59.52646658,   30.76935938, -146.66937361,   89.36496844,    -68.09591712], [-1414.23425044, 1164.24603462, -125.01137515,  -98.59306994,    -27.21684445,  -44.61558826,   19.91124559,    4.54404866,     -2.1337586 ,   -8.8429859 ,   50.37429852,  -38.13142756,     -5.43945625], [ -331.07996788, -125.01137515,  466.75353019,   14.62460425,     27.41256358,   41.07521578,   21.11747268,   41.21400165,    -14.11225539,    3.55350214,   67.53917638,   36.35581947,     10.56656937], [  315.63952347,  -98.59306994,   14.62460425,  277.04809086,     74.38171723,   23.1628986 ,   17.24863533,  -27.93951073,     -2.70945583,    9.19210279,   -9.93617139,   18.48272842,      7.54967629], [ -150.80106826,  -27.21684445,   27.41256358,   74.38171723,    154.6544407 ,   29.27572981,  -11.63659954,    8.71000593,     16.35560835,   25.40278818,    5.47175232,   12.59272089,     12.58352189], [    0.72525931,  -44.61558826,   41.07521578,   23.1628986 ,     29.27572981,  102.80452353,   39.46527784,    3.81127879,      7.14927595,   19.4264209 ,   11.19661283,   14.94408595,      4.09047519], [  -40.21397894,   19.91124559,   21.11747268,   17.24863533,    -11.63659954,   39.46527784,  127.93224438,   15.27494796,      7.26155107,   12.49380095,   10.90388864,   11.84914309,      5.86999518], [ -163.22762766,    4.54404866,   41.21400165,  -27.93951073,      8.71000593,    3.81127879,   15.27494796,  100.16568765,     29.7557055 ,    6.14943308,   10.77157968,    1.76736365,     13.17827024], [  -59.52646658,   -2.1337586 ,  -14.11225539,   -2.70945583,     16.35560835,    7.14927595,    7.26155107,   29.7557055 ,     86.53011494,   22.62248474,   -0.49396725,  -10.21611608,      8.35381717], [   30.76935938,   -8.8429859 ,    3.55350214,    9.19210279,     25.40278818,   19.4264209 ,   12.49380095,    6.14943308,     22.62248474,   76.52375088,   20.79569814,    8.72548294,     -2.84905684], [ -146.66937361,   50.37429852,   67.53917638,   -9.93617139,      5.47175232,   11.19661283,   10.90388864,   10.77157968,     -0.49396725,   20.79569814,   85.0741151 ,   27.29339599,     10.32730051], [   89.36496844,  -38.13142756,   36.35581947,   18.48272842,     12.59272089,   14.94408595,   11.84914309,    1.76736365,    -10.21611608,    8.72548294,   27.29339599,   73.55221683,     20.80913767], [  -68.09591712,   -5.43945625,   10.56656937,    7.54967629,     12.58352189,    4.09047519,    5.86999518,   13.17827024,      8.35381717,   -2.84905684,   10.32730051,   20.80913767,     77.37462552]]
/root/sim/music/out/Noel Gallagher's High Flying Birds/Noel Gallagher's High Flying Birds/06-AKA___ What A Life!.mp3; [-515.66327  , 147.26215  , -25.334995 ,  18.782825 ,   8.079854 ,   13.659161 ,   4.3556075,   7.544013 ,   8.486348 ,   4.895935 ,   -2.0841687,   3.4921207,   2.63937  ]; [[13956.01872255,  857.72577631,  170.12880295, -629.26851681,   -265.77623305,   40.92404098,  458.44646242,  358.76044891,   -546.78836748,  -97.73289254,  870.45782795, -388.00205692,   -749.95363655], [  857.72577631, 1190.3262599 , -450.73377233,  -13.83619927,    -89.20467155, -171.84323916,   56.24167194,  -17.2973422 ,   -143.93027551,  -50.78799736,   20.89400827,  -74.45048097,    -79.04076442], [  170.12880295, -450.73377233,  576.46781467,  -89.0157763 ,     28.16882199,  130.59073989,   -1.68924996,   37.9225357 ,     20.9991853 ,  -12.34950609,   77.70324495,   14.72132024,    -11.01315996], [ -629.26851681,  -13.83619927,  -89.0157763 ,  201.47283811,     54.83830708,  -20.9565111 ,  -12.85725968,   -0.2564717 ,     33.67300957,    8.61020629,  -62.74888645,   31.26158089,     63.43555327], [ -265.77623305,  -89.20467155,   28.16882199,   54.83830708,    135.32723971,   16.02982322,    3.5738735 ,   20.50878272,     29.28914445,    1.05273332,  -11.06158494,   26.66005344,     27.13602973], [   40.92404098, -171.84323916,  130.59073989,  -20.9565111 ,     16.02982322,  120.48250465,   26.52456266,   20.06246966,     39.62694283,   19.58951564,   19.78214527,    7.12113087,     -1.33925042], [  458.44646242,   56.24167194,   -1.68924996,  -12.85725968,      3.5738735 ,   26.52456266,  114.76952719,   46.47124319,    -10.26142665,   18.10172239,   51.65124245,  -19.02437763,    -35.00615557], [  358.76044891,  -17.2973422 ,   37.9225357 ,   -0.2564717 ,     20.50878272,   20.06246966,   46.47124319,   83.0804492 ,     19.5977062 ,    3.70381658,   40.94198667,   -7.50643658,    -18.98890327], [ -546.78836748, -143.93027551,   20.9991853 ,   33.67300957,     29.28914445,   39.62694283,  -10.26142665,   19.5977062 ,    122.06834265,   42.57573818,  -42.27464877,   30.18883892,     46.66234575], [  -97.73289254,  -50.78799736,  -12.34950609,    8.61020629,      1.05273332,   19.58951564,   18.10172239,    3.70381658,     42.57573818,   68.56353066,    6.6539013 ,    7.87264629,     16.68703007], [  870.45782795,   20.89400827,   77.70324495,  -62.74888645,    -11.06158494,   19.78214527,   51.65124245,   40.94198667,    -42.27464877,    6.6539013 ,  137.75410745,  -16.04551544,    -64.43506741], [ -388.00205692,  -74.45048097,   14.72132024,   31.26158089,     26.66005344,    7.12113087,  -19.02437763,   -7.50643658,     30.18883892,    7.87264629,  -16.04551544,   58.45830184,     45.22109827], [ -749.95363655,  -79.04076442,  -11.01315996,   63.43555327,     27.13602973,   -1.33925042,  -35.00615557,  -18.98890327,     46.66234575,   16.68703007,  -64.43506741,   45.22109827,     97.21211389]]
/root/sim/music/out/Noel Gallagher's High Flying Birds/Noel Gallagher's High Flying Birds/01-Everybody's On The Run.mp3; [-530.84204  , 143.61197  , -10.70151  ,  24.6323   ,  10.856545 ,    4.2130623,   3.47892  ,   8.119966 ,   7.841913 ,   1.517793 ,   -3.9155765,   3.9283657,   0.6761181]; [[17047.32484199, 1030.26786812, -822.25983386, -583.85159646,   -364.50631727,    9.64610751, -139.30397476,   42.88609169,    -40.11951483, -137.1894563 ,   43.41108556,  -84.94638795,   -174.17385375], [ 1030.26786812,  857.39483515, -182.6400722 ,   21.12241693,    -22.24032297,  -62.7907638 ,   69.19222047,   25.73651529,     12.79560868,   39.92508047,  -49.97257184,   31.77208532,      2.98857313], [ -822.25983386, -182.6400722 ,  317.90763371,   -1.46790325,     57.57519402,   16.18790241,  -24.59205517,    1.40264944,     -3.0607475 ,    1.91840581,   -0.32414392,   -5.5443892 ,     21.81286531], [ -583.85159646,   21.12241693,   -1.46790325,  209.43406334,     44.74587125,   -1.05690219,  -20.11023417,   14.84247671,     16.14517653,   17.1342196 ,  -23.04076054,   -1.92564549,     16.58463108], [ -364.50631727,  -22.24032297,   57.57519402,   44.74587125,    169.06674634,   -8.04382728,  -36.77573875,    9.76550494,     -2.2635515 ,    5.09925718,  -16.97081553,   -6.70689658,     10.50728191], [    9.64610751,  -62.7907638 ,   16.18790241,   -1.05690219,     -8.04382728,   90.66430993,   11.95093028,    3.19470766,      4.02392073,    1.20904244,    5.13510131,   -6.79521155,    -17.14304824], [ -139.30397476,   69.19222047,  -24.59205517,  -20.11023417,    -36.77573875,   11.95093028,  124.23337838,    3.4724462 ,     -1.51082413,   -3.64039356,   -3.88618724,   16.28749003,      7.55567862], [   42.88609169,   25.73651529,    1.40264944,   14.84247671,      9.76550494,    3.19470766,    3.4724462 ,   76.08303298,     25.94020779,    5.38382156,   -8.61811236,   -1.02960243,      7.53877264], [  -40.11951483,   12.79560868,   -3.0607475 ,   16.14517653,     -2.2635515 ,    4.02392073,   -1.51082413,   25.94020779,     74.72774887,   21.28559736,   -2.40272822,   -7.61235063,     -1.23994602], [ -137.1894563 ,   39.92508047,    1.91840581,   17.1342196 ,      5.09925718,    1.20904244,   -3.64039356,    5.38382156,     21.28559736,   65.37564057,   14.70520978,    0.83382778,     -9.74879176], [   43.41108556,  -49.97257184,   -0.32414392,  -23.04076054,    -16.97081553,    5.13510131,   -3.88618724,   -8.61811236,     -2.40272822,   14.70520978,   62.97837257,    7.7705656 ,    -10.72544001], [  -84.94638795,   31.77208532,   -5.5443892 ,   -1.92564549,     -6.70689658,   -6.79521155,   16.28749003,   -1.02960243,     -7.61235063,    0.83382778,    7.7705656 ,   56.98340556,     24.44001643], [ -174.17385375,    2.98857313,   21.81286531,   16.58463108,     10.50728191,  -17.14304824,    7.55567862,    7.53877264,     -1.23994602,   -9.74879176,  -10.72544001,   24.44001643,     70.35399053]]
/root/sim/music/out/Noel Gallagher's High Flying Birds/Noel Gallagher's High Flying Birds/07-Soldier Boys And Jesus Freaks.mp3; [-496.82935   , 123.2692    , -10.113389  ,   8.805901  ,   2.6378267 ,    3.4127312 ,  -2.6431267 ,   8.057871  ,   2.3494031 ,   0.59513485,    0.04236804,   0.6040621 ,   0.2721828 ]; [[14004.1672567 ,  132.35225324, -633.90760868,  -80.8668518 ,   -104.15670392,  240.03360837,  419.47604636,    0.81257657,     89.93339261,   60.22677507, -170.7537602 ,  -53.06229176,   -140.87762587], [  132.35225324,  802.85530426, -236.57681463,  -69.53611279,     58.78595687, -103.20288005,    5.45611243,   -4.28184959,     26.10172423,  -49.59333378,    0.91167682,  -14.95911306,      2.36674147], [ -633.90760868, -236.57681463,  511.79285866,   52.15300782,     26.52835577,   45.91647407,  -12.63377115,   47.75878262,     28.50963011,   34.52874924,   40.33207993,   23.51126989,     -3.07219535], [  -80.8668518 ,  -69.53611279,   52.15300782,  183.45482148,     68.96257412,   12.4856887 ,    2.9172398 ,   11.34707198,     11.29165995,    6.22178428,  -15.81137821,  -13.6664843 ,     -1.10988284], [ -104.15670392,   58.78595687,   26.52835577,   68.96257412,    165.18640845,   11.61635013,   -0.81567197,    7.73876699,     19.76707043,   -4.62531509,   -9.02320908,  -20.44616784,     -2.12919885], [  240.03360837, -103.20288005,   45.91647407,   12.4856887 ,     11.61635013,  113.2157333 ,   45.70466498,   16.64963625,     -1.39777771,    9.75002538,    1.7245888 ,    4.25483899,     -1.36487259], [  419.47604636,    5.45611243,  -12.63377115,    2.9172398 ,     -0.81567197,   45.70466498,  138.69329554,   27.34399782,     12.0377597 ,    9.08146329,   -5.76397031,   15.01504909,      8.01580951], [    0.81257657,   -4.28184959,   47.75878262,   11.34707198,      7.73876699,   16.64963625,   27.34399782,   74.05082253,     24.10810749,    2.36061934,    4.654322  ,   13.19471619,     13.62098504], [   89.93339261,   26.10172423,   28.50963011,   11.29165995,     19.76707043,   -1.39777771,   12.0377597 ,   24.10810749,     69.47321037,   29.62100497,    4.97151009,   -3.00510902,     -5.33415027], [   60.22677507,  -49.59333378,   34.52874924,    6.22178428,     -4.62531509,    9.75002538,    9.08146329,    2.36061934,     29.62100497,   71.50799658,   26.2133948 ,    0.91671217,     -4.73217148], [ -170.7537602 ,    0.91167682,   40.33207993,  -15.81137821,     -9.02320908,    1.7245888 ,   -5.76397031,    4.654322  ,      4.97151009,   26.2133948 ,   62.75552482,   23.2757575 ,      5.60296534], [  -53.06229176,  -14.95911306,   23.51126989,  -13.6664843 ,    -20.44616784,    4.25483899,   15.01504909,   13.19471619,     -3.00510902,    0.91671217,   23.2757575 ,   56.92585775,     26.48515062], [ -140.87762587,    2.36674147,   -3.07219535,   -1.10988284,     -2.12919885,   -1.36487259,    8.01580951,   13.62098504,     -5.33415027,   -4.73217148,    5.60296534,   26.48515062,     58.16729588]]
/root/sim/music/out/Noel Gallagher's High Flying Birds/Who Built The Moon_ [Bonus Track]/10 The Man Who Built The Moon.mp3; [-488.1911    , 130.0367    ,   1.8695265 ,  22.139212  ,  -1.7567605 ,    8.820156  ,   1.2770914 ,   3.6826558 ,   2.7634666 ,  -0.29324195,   -1.533187  ,  -1.4515225 ,  -3.9051697 ]; [[4425.29964221,-841.94459439,-581.20805322,-211.14423099, 118.59616441,   -18.27572094, -23.82388035,  48.99347167, -23.02655247,  -5.685004  ,    35.95233002, -15.48715901,  15.90335874], [-841.94459439, 780.10090781, -35.11527401, -26.03421024,  10.53306627,     3.69736037,  68.55590164,   9.04785975,  36.30061337,  21.50735385,    36.39857596,  23.57440523,  15.54052393], [-581.20805322, -35.11527401, 336.40680302,  28.19467557,  14.34054533,    24.80892412,  11.71296779,   2.24727119,   3.75836692,  10.83948036,    -6.86642259,  14.79354083,   3.74319256], [-211.14423099, -26.03421024,  28.19467557, 166.72666601,  20.04306743,    21.24492168, -12.84358182,  15.59549658,  11.41789521,   8.02872984,     6.24040154,   6.56523014,   5.02521482], [ 118.59616441,  10.53306627,  14.34054533,  20.04306743, 112.55743634,    21.30694422,   5.96733096,  17.09759752,  20.05206653,  15.67378157,    15.00233836,  10.06652861,   8.33454867], [ -18.27572094,   3.69736037,  24.80892412,  21.24492168,  21.30694422,    77.73408361,  33.556155  ,  17.06509825,  10.15243985,  16.90188139,    16.52523181,   3.34570455,   1.9090815 ], [ -23.82388035,  68.55590164,  11.71296779, -12.84358182,   5.96733096,    33.556155  , 104.51079424,  28.12320687,  20.47624856,  13.35473441,    14.06734514,  12.66811804,   4.435531  ], [  48.99347167,   9.04785975,   2.24727119,  15.59549658,  17.09759752,    17.06509825,  28.12320687,  75.69019796,  22.21983371,   6.01250031,     9.31922717,   6.04499153,  13.87584566], [ -23.02655247,  36.30061337,   3.75836692,  11.41789521,  20.05206653,    10.15243985,  20.47624856,  22.21983371,  77.55593844,  33.22377348,    15.3942248 ,   4.92545584,   6.46089695], [  -5.685004  ,  21.50735385,  10.83948036,   8.02872984,  15.67378157,    16.90188139,  13.35473441,   6.01250031,  33.22377348,  71.10118605,    29.15138853,   6.25118955,  -3.07690918], [  35.95233002,  36.39857596,  -6.86642259,   6.24040154,  15.00233836,    16.52523181,  14.06734514,   9.31922717,  15.3942248 ,  29.15138853,    63.18388137,  22.41020911,   1.46389597], [ -15.48715901,  23.57440523,  14.79354083,   6.56523014,  10.06652861,     3.34570455,  12.66811804,   6.04499153,   4.92545584,   6.25118955,    22.41020911,  54.26307825,  16.30116034], [  15.90335874,  15.54052393,   3.74319256,   5.02521482,   8.33454867,     1.9090815 ,   4.435531  ,  13.87584566,   6.46089695,  -3.07690918,     1.46389597,  16.30116034,  53.87279695]]
/root/sim/music/out/Noel Gallagher's High Flying Birds/Who Built The Moon_ [Bonus Track]/06 Be Careful What You Wish For.mp3; [-547.6549   , 156.594    ,  14.989494 ,  12.292165 ,   9.952482 ,    3.3189793,  -2.0256188,   7.178881 ,   3.349826 ,   5.136132 ,    0.1040751,  -8.90653  ,  -2.0169299]; [[7560.04343528,-574.51911904,-865.03856771,-146.73954806,-115.87334861,   -43.98477604,-108.26384876, 129.06471467, 106.31052848, 122.75209231,    -3.52656613, -65.92129808,  92.44738489], [-574.51911904, 734.2469035 , -28.43102839,-116.65238408,  34.20214634,   -35.74659242,  51.6335213 ,  -6.15674001, -26.56047463,  34.77871726,    31.36743284,  12.41655402,  41.80533845], [-865.03856771, -28.43102839, 477.13148642, 118.63445106,   6.01383057,    62.74170149,   4.38990947,  22.97385505,  30.28623206, -32.05890595,     6.55268266,  28.14688874, -26.42680431], [-146.73954806,-116.65238408, 118.63445106, 271.86757129,  58.20128996,    21.42245634,  22.44528814,  11.39623587,   4.58864785,  -4.96605747,     1.93458711,  13.64677132, -28.70369247], [-115.87334861,  34.20214634,   6.01383057,  58.20128996, 167.96284297,    23.86127735,  -6.77415728,  21.28147093,  17.73360326,   0.6182947 ,    22.59717825,  26.03717773,  -7.78526457], [ -43.98477604, -35.74659242,  62.74170149,  21.42245634,  23.86127735,   137.6253717 ,   9.31314881,  21.32497566,  28.18936336,  -1.13974964,    18.77038927,  11.73818431, -25.21870519], [-108.26384876,  51.6335213 ,   4.38990947,  22.44528814,  -6.77415728,     9.31314881, 171.56070036,  10.21228286, -11.78297429,  34.04683221,    -1.54857819,  -5.64589866,  23.8837583 ], [ 129.06471467,  -6.15674001,  22.97385505,  11.39623587,  21.28147093,    21.32497566,  10.21228286, 100.05878232,  44.26347325,   1.2787251 ,     7.48074586,  10.78863969,   5.1433846 ], [ 106.31052848, -26.56047463,  30.28623206,   4.58864785,  17.73360326,    28.18936336, -11.78297429,  44.26347325,  93.8777837 ,  12.50345787,     9.21761622,   6.36937785,  -6.67749121], [ 122.75209231,  34.77871726, -32.05890595,  -4.96605747,   0.6182947 ,    -1.13974964,  34.04683221,   1.2787251 ,  12.50345787,  93.45813583,    24.39254825,  -8.15644784,  15.62632603], [  -3.52656613,  31.36743284,   6.55268266,   1.93458711,  22.59717825,    18.77038927,  -1.54857819,   7.48074586,   9.21761622,  24.39254825,    69.33307682,  24.33907923,   0.95232698], [ -65.92129808,  12.41655402,  28.14688874,  13.64677132,  26.03717773,    11.73818431,  -5.64589866,  10.78863969,   6.36937785,  -8.15644784,    24.33907923,  72.33107754,  18.08939486], [  92.44738489,  41.80533845, -26.42680431, -28.70369247,  -7.78526457,   -25.21870519,  23.8837583 ,   5.1433846 ,  -6.67749121,  15.62632603,     0.95232698,  18.08939486,  83.66952409]]
/root/sim/music/out/Noel Gallagher's High Flying Birds/Who Built The Moon_ [Bonus Track]/12 Dead In The Water [Live].mp3; [-643.83685  , 154.40417  , -13.612338 ,   1.917889 , -13.256465 ,   -2.8520439, -12.312417 ,  -6.7440248,  -4.1198063,  -8.096824 ,   -6.6150036,  -7.031398 ,  -3.6320636]; [[23375.53992177, -882.93400451,-1475.5877879 ,   53.70712119,   -405.37251648,  148.12945041,   31.28806406,  101.9207296 ,    237.6786174 ,  104.8807112 ,  234.73185905,  -30.82581174,    -24.46329055], [ -882.93400451, 1890.1088092 ,  -23.05902677, -156.90090382,    -48.61244994,   -3.46458361,  -53.3344778 ,  -84.6902517 ,    -64.44596314, -121.35283494, -113.99627876,  -19.72876155,    -31.95141027], [-1475.5877879 ,  -23.05902677,  628.66892353,   23.28402707,     49.15895907,   52.17596256,   80.65055314,   28.03954642,     -3.18807616,   -2.9035779 ,  -22.84183064,   27.48738724,     23.00593397], [   53.70712119, -156.90090382,   23.28402707,  366.98759956,    105.90110939,   26.18334669,   12.38830011,   18.68721094,     25.09500119,   16.69082564,   -5.02192052,   14.65933028,     66.05806232], [ -405.37251648,  -48.61244994,   49.15895907,  105.90110939,    231.96733603,    6.48213695,  -36.4214164 ,    0.96393232,      6.01146096,    9.85433629,    7.6508375 ,    2.83275112,     19.41436791], [  148.12945041,   -3.46458361,   52.17596256,   26.18334669,      6.48213695,  180.12696346,   50.32064791,   19.14837886,     23.49702186,   25.12808681,    6.53659614,   16.79416934,      7.32298293], [   31.28806406,  -53.3344778 ,   80.65055314,   12.38830011,    -36.4214164 ,   50.32064791,  203.64478241,   29.36226938,      8.19570091,   17.77183731,    6.57845372,   28.80809031,     17.13941395], [  101.9207296 ,  -84.6902517 ,   28.03954642,   18.68721094,      0.96393232,   19.14837886,   29.36226938,  107.37855676,     34.13230316,   18.24626672,   24.70151691,   10.19593329,     10.91253095], [  237.6786174 ,  -64.44596314,   -3.18807616,   25.09500119,      6.01146096,   23.49702186,    8.19570091,   34.13230316,    118.19934344,   27.3675292 ,   21.23558452,   10.8617339 ,      3.29025644], [  104.8807112 , -121.35283494,   -2.9035779 ,   16.69082564,      9.85433629,   25.12808681,   17.77183731,   18.24626672,     27.3675292 ,  100.83514448,   43.70891263,   14.58578126,      3.8164089 ], [  234.73185905, -113.99627876,  -22.84183064,   -5.02192052,      7.6508375 ,    6.53659614,    6.57845372,   24.70151691,     21.23558452,   43.70891263,  104.42247737,   22.06413976,      7.75610242], [  -30.82581174,  -19.72876155,   27.48738724,   14.65933028,      2.83275112,   16.79416934,   28.80809031,   10.19593329,     10.8617339 ,   14.58578126,   22.06413976,   75.15521964,     21.72658317], [  -24.46329055,  -31.95141027,   23.00593397,   66.05806232,     19.41436791,    7.32298293,   17.13941395,   10.91253095,      3.29025644,    3.8164089 ,    7.75610242,   21.72658317,     82.19474162]]
