/root/sim/music/out/Noel Gallagher's High Flying Birds/Chasing Yesterday/05-The Dying Of The Light.mp3; [-503.0967    , 142.01807   ,   1.079276  ,   6.2056704 ,   8.465964  ,    6.8249917 ,  -7.821049  ,   0.96146286,   3.6422794 ,  -0.14998406,   -2.3329127 ,  -0.61536175,  -1.0968031 ]; [[ 9349.97721046,-2095.84350614,  171.90771554, -131.65989918,   -446.97877906,  132.98427122,  194.98543563,  201.32719817,     20.66397978,  -85.41806644,  -61.97637484,   97.30734538,     92.46922598], [-2095.84350614, 1188.68752389, -198.81017657,   44.33013241,    108.19541343,  -44.27664268,  -38.333955  ,  -61.28972795,     14.23007504,   25.7257957 ,   29.25028329,  -35.17948828,      7.94607999], [  171.90771554, -198.81017657,  525.34425612,   29.88074223,    -55.25126676,   69.0743035 ,   14.20109339,  -25.72666899,     16.3259935 ,   25.46588873,  -18.25453114,  -13.55603277,     -9.85053786], [ -131.65989918,   44.33013241,   29.88074223,  160.6378691 ,     18.00222884,   -6.69949237,   -6.67562878,  -13.72920993,    -10.43764616,    6.53451353,   -1.90401266,  -15.54241405,     -1.55565897], [ -446.97877906,  108.19541343,  -55.25126676,   18.00222884,    140.30814321,  -12.84876324,  -21.21991785,   -4.83527382,     -4.91492897,   -7.02252199,   -0.76342559,  -11.42207098,      1.90192336], [  132.98427122,  -44.27664268,   69.0743035 ,   -6.69949237,    -12.84876324,   90.98226429,   22.91037488,    1.52637666,     10.23333359,    6.09774336,   -1.13855765,    0.95374362,      4.14486174], [  194.98543563,  -38.333955  ,   14.20109339,   -6.67562878,    -21.21991785,   22.91037488,   90.06301833,   16.2048298 ,     -5.4724087 ,   -5.82055642,   -4.04767089,    5.82147999,      3.28258018], [  201.32719817,  -61.28972795,  -25.72666899,  -13.72920993,     -4.83527382,    1.52637666,   16.2048298 ,   73.24540429,     13.23075875,   -8.86517159,   -0.55308373,    8.59801884,     10.06582382], [   20.66397978,   14.23007504,   16.3259935 ,  -10.43764616,     -4.91492897,   10.23333359,   -5.4724087 ,   13.23075875,     69.94660261,   23.97896734,    1.24466324,   -6.08309503,      3.79095691], [  -85.41806644,   25.7257957 ,   25.46588873,    6.53451353,     -7.02252199,    6.09774336,   -5.82055642,   -8.86517159,     23.97896734,   65.54592562,   16.67294284,   -5.34000491,     -8.2871725 ], [  -61.97637484,   29.25028329,  -18.25453114,   -1.90401266,     -0.76342559,   -1.13855765,   -4.04767089,   -0.55308373,      1.24466324,   16.67294284,   54.9345952 ,   13.51107708,     -5.30149049], [   97.30734538,  -35.17948828,  -13.55603277,  -15.54241405,    -11.42207098,    0.95374362,    5.82147999,    8.59801884,     -6.08309503,   -5.34000491,   13.51107708,   59.26957709,     20.87851495], [   92.46922598,    7.94607999,   -9.85053786,   -1.55565897,      1.90192336,    4.14486174,    3.28258018,   10.06582382,      3.79095691,   -8.2871725 ,   -5.30149049,   20.87851495,     70.93881158]]
/root/sim/music/out/Noel Gallagher's High Flying Birds/Chasing Yesterday/01-Riverman.mp3; [-511.12036   , 142.59413   ,  -5.2412314 ,   5.496425  ,   6.5867915 ,    8.920995  ,  -2.775     ,  -0.92124724,   4.296889  ,  -4.801346  ,   -3.3949466 ,   2.1299937 ,  -2.247011  ]; [[ 7232.45670248,-1008.27541314,  328.89225261, -163.87946235,   -248.75953108,  117.79243647,   11.09474392,  -20.77248903,     85.26401799,   -7.12302528,  -45.42875809,  -66.96800218,   -104.51605254], [-1008.27541314, 1313.09290507, -537.49939484,   87.59283661,    163.64727912, -117.82915517,  -24.40264084,   -7.44049197,    -28.68045918,   25.32117391,   -9.57016702,   12.33894775,     36.92013664], [  328.89225261, -537.49939484,  704.8680917 ,  -71.72609439,    -63.70314558,  127.71871369,   13.32560523,   12.28693298,     37.49982463,  -50.46919767,   22.08636523,    4.84174329,    -37.92997209], [ -163.87946235,   87.59283661,  -71.72609439,  179.77750771,     28.45152939,  -24.65700475,   -4.03287724,    2.14683818,    -15.56183258,    8.15366513,   -3.18465611,    9.87424051,     20.90498125], [ -248.75953108,  163.64727912,  -63.70314558,   28.45152939,    132.23181258,   -0.07459921,   -4.5881271 ,   12.54173412,    -11.80412466,    4.87998473,    5.92808341,    9.07378973,     15.73206277], [  117.79243647, -117.82915517,  127.71871369,  -24.65700475,     -0.07459921,  142.86934552,   53.24872882,   13.88508862,     12.20857949,   -2.76016175,   -4.23945287,   10.78304785,    -15.3750645 ], [   11.09474392,  -24.40264084,   13.32560523,   -4.03287724,     -4.5881271 ,   53.24872882,  108.21817169,   22.35311619,      4.29229604,   24.52111492,   -9.21067358,    1.10900098,     -6.53041654], [  -20.77248903,   -7.44049197,   12.28693298,    2.14683818,     12.54173412,   13.88508862,   22.35311619,   78.78363687,     24.85476017,   10.41402353,    5.75734436,   -8.94734895,     -6.61209454], [   85.26401799,  -28.68045918,   37.49982463,  -15.56183258,    -11.80412466,   12.20857949,    4.29229604,   24.85476017,     84.1464172 ,    5.37728036,    5.37133697,    0.31477003,    -16.02999728], [   -7.12302528,   25.32117391,  -50.46919767,    8.15366513,      4.87998473,   -2.76016175,   24.52111492,   10.41402353,      5.37728036,   82.67295257,   10.40238797,    3.6065243 ,      2.65752894], [  -45.42875809,   -9.57016702,   22.08636523,   -3.18465611,      5.92808341,   -4.23945287,   -9.21067358,    5.75734436,      5.37133697,   10.40238797,   62.01357599,   14.17966395,      5.27573736], [  -66.96800218,   12.33894775,    4.84174329,    9.87424051,      9.07378973,   10.78304785,    1.10900098,   -8.94734895,      0.31477003,    3.6065243 ,   14.17966395,   64.44361145,     16.81418032], [ -104.51605254,   36.92013664,  -37.92997209,   20.90498125,     15.73206277,  -15.3750645 ,   -6.53041654,   -6.61209454,    -16.02999728,    2.65752894,    5.27573736,   16.81418032,     55.87095284]]
/root/sim/music/out/Noel Gallagher's High Flying Birds/Chasing Yesterday/10-Ballad Of The Mighty I.mp3; [-540.63025   , 126.92351   ,  -6.1191096 ,   9.895804  ,   9.870314  ,    9.057052  ,  -3.0500805 ,   4.366995  ,   4.5815716 ,  -0.8810527 ,    0.08743314,   0.37710848,   0.60860306]; [[22413.91315055, 1151.71964293, -406.14274775, -211.70033098,    297.0236931 ,  206.44707716, -451.31542826,   16.82909981,    290.06770766, -171.71918448, -191.30307395, -171.77308565,   -131.88420781], [ 1151.71964293,  903.97517818, -205.74905431,  -39.46024686,    -43.41549084,  -45.65273764,   51.43540575,  -10.7835087 ,    -66.95276343,    3.43637953,   18.27569544,   -1.86600292,     14.41597481], [ -406.14274775, -205.74905431,  754.55378982,  -56.15612411,    -50.79246549,   96.51092171,   80.78838322,   43.56217239,     60.39432101,  -11.66221529,    1.08725772,   38.32173312,     -9.51271024], [ -211.70033098,  -39.46024686,  -56.15612411,  237.12497666,     68.71725289,  -28.23622181,  -32.63305848,   -1.66866195,      0.38371732,   20.04020964,   15.68369814,   11.1920273 ,     15.34749963], [  297.0236931 ,  -43.41549084,  -50.79246549,   68.71725289,    198.80411563,   12.85309591,  -28.62099918,   24.66642012,     28.53689687,   15.12859527,  -10.31200613,  -12.99115825,     22.82310871], [  206.44707716,  -45.65273764,   96.51092171,  -28.23622181,     12.85309591,  114.1653729 ,   38.38880242,   12.23030192,     32.63113763,   -4.49970929,    2.61340671,    0.62495718,    -12.33751963], [ -451.31542826,   51.43540575,   80.78838322,  -32.63305848,    -28.62099918,   38.38880242,  152.30871093,   31.14233643,    -22.32382789,    9.67171181,   15.37661237,   21.85149445,      0.5746691 ], [   16.82909981,  -10.7835087 ,   43.56217239,   -1.66866195,     24.66642012,   12.23030192,   31.14233643,   86.86788357,     28.80415126,   -6.01640934,    4.49142665,    5.45572188,      4.53894416], [  290.06770766,  -66.95276343,   60.39432101,    0.38371732,     28.53689687,   32.63113763,  -22.32382789,   28.80415126,    108.88079831,    5.19961289,    0.57505745,   -8.82353744,    -14.375023  ], [ -171.71918448,    3.43637953,  -11.66221529,   20.04020964,     15.12859527,   -4.49970929,    9.67171181,   -6.01640934,      5.19961289,   66.2563094 ,   21.21539913,   -4.22581439,     -0.14581226], [ -191.30307395,   18.27569544,    1.08725772,   15.68369814,    -10.31200613,    2.61340671,   15.37661237,    4.49142665,      0.57505745,   21.21539913,   65.62325073,   23.90891643,     -6.74584097], [ -171.77308565,   -1.86600292,   38.32173312,   11.1920273 ,    -12.99115825,    0.62495718,   21.85149445,    5.45572188,     -8.82353744,   -4.22581439,   23.90891643,   61.48636938,     19.75698217], [ -131.88420781,   14.41597481,   -9.51271024,   15.34749963,     22.82310871,  -12.33751963,    0.5746691 ,    4.53894416,    -14.375023  ,   -0.14581226,   -6.74584097,   19.75698217,     65.27127959]]
/root/sim/music/out/Noel Gallagher's High Flying Birds/Chasing Yesterday/09-You Know We Can't Go Back.mp3; [-508.90863  , 131.69313  , -17.713905 ,   3.956612 ,  10.611167 ,   11.471709 ,  -1.792623 ,   6.168064 ,   3.39902  ,   1.1722317,   -4.387145 ,  -2.6534054,  -1.1217196]; [[20951.63789434,-6300.11899576, 2087.99773783, 2526.17326147,    174.4559311 ,  248.95542109,  -52.84054228,  554.42104212,    308.18379196, -316.32801918, -229.75693872, -222.64856155,   -654.71096292], [-6300.11899576, 2886.27816335, -697.16284389,-1049.55487165,   -163.86250275,   71.32775334,  164.54296027, -143.66085343,    -54.29640705,  146.43184882,   95.64177256,   40.72164055,    220.19476984], [ 2087.99773783, -697.16284389,  746.33517532,   97.51406882,      1.07507561,  221.36071767,   82.95412306,  113.11909426,     42.56913608,  -29.35747119,   -7.5677865 ,   -9.29287346,    -25.86823293], [ 2526.17326147,-1049.55487165,   97.51406882,  707.77817954,    147.45486738, -108.71583296,  -77.22731071,   13.2091369 ,      9.01832098,  -64.67166361,  -41.82364708,   -9.444775  ,    -90.76107156], [  174.4559311 , -163.86250275,    1.07507561,  147.45486738,    159.68712931,  -27.69431776,  -34.25857376,   -5.84596074,    -14.03208522,  -14.48539618,   -9.72369348,    3.3594784 ,      6.49068693], [  248.95542109,   71.32775334,  221.36071767, -108.71583296,    -27.69431776,  232.64176263,  118.51507721,   45.31262545,     30.03225105,   14.08972671,   11.66713054,   -7.7176542 ,      9.22600746], [  -52.84054228,  164.54296027,   82.95412306,  -77.22731071,    -34.25857376,  118.51507721,  149.68427414,   32.11344451,     12.39063985,   12.5451774 ,    4.10349925,   -0.61008885,     17.70036137], [  554.42104212, -143.66085343,  113.11909426,   13.2091369 ,     -5.84596074,   45.31262545,   32.11344451,   93.546033  ,     34.26369265,   -1.39393895,   -3.54410867,  -15.25984267,    -18.16874477], [  308.18379196,  -54.29640705,   42.56913608,    9.01832098,    -14.03208522,   30.03225105,   12.39063985,   34.26369265,     73.98504781,   18.18054635,    0.21089501,   -8.98317656,    -18.57900236], [ -316.32801918,  146.43184882,  -29.35747119,  -64.67166361,    -14.48539618,   14.08972671,   12.5451774 ,   -1.39393895,     18.18054635,   60.91813159,   24.69516882,    4.35000553,      8.65682795], [ -229.75693872,   95.64177256,   -7.5677865 ,  -41.82364708,     -9.72369348,   11.66713054,    4.10349925,   -3.54410867,      0.21089501,   24.69516882,   54.73358609,   20.58193742,      6.70510663], [ -222.64856155,   40.72164055,   -9.29287346,   -9.444775  ,      3.3594784 ,   -7.7176542 ,   -0.61008885,  -15.25984267,     -8.98317656,    4.35000553,   20.58193742,   58.35518848,     30.68502211], [ -654.71096292,  220.19476984,  -25.86823293,  -90.76107156,      6.49068693,    9.22600746,   17.70036137,  -18.16874477,    -18.57900236,    8.65682795,    6.70510663,   30.68502211,     78.42728251]]
/root/sim/music/out/Noel Gallagher's High Flying Birds/Chasing Yesterday/08-The Mexican.mp3; [-507.39618   , 134.54701   , -12.17227   ,  10.3912    ,   6.5341887 ,   11.918416  ,  -3.4814537 ,   8.899987  ,  11.922177  ,   3.5206661 ,   -0.98339725,   0.4558508 ,  -6.402837  ]; [[ 6588.17416892,-1116.69612773, -422.14088607, -126.98321341,   -104.08740422,  -21.54678309, -121.86990847, -215.20657946,   -158.89183083,  -80.18160297,  -70.67723523,  -26.50860414,     54.80428292], [-1116.69612773, 1281.12594723, -347.84655488,   46.55180781,    133.6404942 ,  -16.3720771 ,  -24.52054297,   99.1427236 ,     31.86685589,  -16.09147523,   20.58177277,   55.73278856,    -20.1641193 ], [ -422.14088607, -347.84655488,  681.40878856,   -8.61806178,    -52.17787826,   34.35443823,   -4.39715504,   15.65320229,     33.07938501,   29.29829188,   19.51242788,  -22.09304788,     -5.69794687], [ -126.98321341,   46.55180781,   -8.61806178,  180.47412255,     44.49607644,    2.40785744,  -13.00385284,    1.71231595,      4.28754344,   -0.51749219,   -6.54306473,    3.96953274,      7.68011402], [ -104.08740422,  133.6404942 ,  -52.17787826,   44.49607644,    166.83044461,   27.29475831,  -10.71263708,   33.47272711,      8.26369498,   -3.10280954,   14.70639312,   18.8175865 ,     12.26435823], [  -21.54678309,  -16.3720771 ,   34.35443823,    2.40785744,     27.29475831,   96.56486541,   47.48227299,   25.04558219,      8.27170857,   18.75660845,    9.43010923,    4.36460644,     -3.56005   ], [ -121.86990847,  -24.52054297,   -4.39715504,  -13.00385284,    -10.71263708,   47.48227299,  137.65718254,   33.61797249,      6.90527629,   32.05029322,    2.46983196,   -3.31030816,     -8.21866984], [ -215.20657946,   99.1427236 ,   15.65320229,    1.71231595,     33.47272711,   25.04558219,   33.61797249,   92.69671485,     27.50091511,   23.39917023,    6.89606533,    1.11789461,    -11.47993924], [ -158.89183083,   31.86685589,   33.07938501,    4.28754344,      8.26369498,    8.27170857,    6.90527629,   27.50091511,     83.68267535,   24.27144802,   18.98355957,    0.82331791,     -7.45404737], [  -80.18160297,  -16.09147523,   29.29829188,   -0.51749219,     -3.10280954,   18.75660845,   32.05029322,   23.39917023,     24.27144802,   77.66379435,   18.17564265,   -3.26323894,    -12.97365062], [  -70.67723523,   20.58177277,   19.51242788,   -6.54306473,     14.70639312,    9.43010923,    2.46983196,    6.89606533,     18.98355957,   18.17564265,   57.55996911,   18.26865643,      1.83638007], [  -26.50860414,   55.73278856,  -22.09304788,    3.96953274,     18.8175865 ,    4.36460644,   -3.31030816,    1.11789461,      0.82331791,   -3.26323894,   18.26865643,   49.68924292,     17.80949244], [   54.80428292,  -20.1641193 ,   -5.69794687,    7.68011402,     12.26435823,   -3.56005   ,   -8.21866984,  -11.47993924,     -7.45404737,  -12.97365062,    1.83638007,   17.80949244,     52.02160784]]
/root/sim/music/out/Noel Gallagher's High Flying Birds/Chasing Yesterday/06-The Right Stuff.mp3; [-519.46265   , 150.2302    ,   2.2109883 ,  10.045025  ,   5.920206  ,    8.0306635 ,   3.0115328 ,   0.9548007 ,   1.3497483 ,   0.39375558,    2.3822486 ,  -0.86271006,  -0.52641225]; [[3918.27060715,-795.43652502,-391.57104253,  22.71540695,  99.9873727 ,   -32.59352331, -74.26225332,  -9.42370221,  59.43811125,-117.67989635,   -78.8943257 ,-109.90589007,  18.89754275], [-795.43652502, 571.04401952, -75.77548984,  -4.21074746,  37.71585015,     2.71997817,  56.6466379 , -12.6928937 ,  -9.39283449,  15.19780316,    24.02185777,  39.47710632,  -9.12405197], [-391.57104253, -75.77548984, 725.22459228, 105.11215047, -65.00788646,    53.38561139,  40.7812861 , -26.28142994, -38.40859251,  17.6712974 ,    17.22016444,   0.02809047, -39.56248573], [  22.71540695,  -4.21074746, 105.11215047, 161.54888675,  53.22356867,     9.81277648,  -6.56707436,  -8.59978912,  -8.22108279,  -1.20306849,    16.15631408,   2.84114251,  -9.61310226], [  99.9873727 ,  37.71585015, -65.00788646,  53.22356867, 135.73553292,    17.02849241,   4.71886975,  -6.4871365 ,  23.24213758,  -5.42401264,     6.93560089,  11.90700351,  -1.34783406], [ -32.59352331,   2.71997817,  53.38561139,   9.81277648,  17.02849241,   105.09497477,  30.54180696,  12.04533254,  -6.47598084,   9.73226802,     6.5838816 ,   5.91544633,  -4.03465024], [ -74.26225332,  56.6466379 ,  40.7812861 ,  -6.56707436,   4.71886975,    30.54180696, 110.02118161,  11.55120764,   7.11587274,   6.09681642,    12.30303454,  12.69236726, -10.83202022], [  -9.42370221, -12.6928937 , -26.28142994,  -8.59978912,  -6.4871365 ,    12.04533254,  11.55120764,  88.48705137,  23.74425058,   0.46964276,    -2.98924815,  -6.32959498,  13.12361628], [  59.43811125,  -9.39283449, -38.40859251,  -8.22108279,  23.24213758,    -6.47598084,   7.11587274,  23.74425058,  90.91784511,  15.31932239,    -2.20034723,   0.96886632,   2.05134096], [-117.67989635,  15.19780316,  17.6712974 ,  -1.20306849,  -5.42401264,     9.73226802,   6.09681642,   0.46964276,  15.31932239,  70.86768511,    30.81981778,   3.67904066,  -5.55701981], [ -78.8943257 ,  24.02185777,  17.22016444,  16.15631408,   6.93560089,     6.5838816 ,  12.30303454,  -2.98924815,  -2.20034723,  30.81981778,    69.94250438,  23.56859769,  -4.01827553], [-109.90589007,  39.47710632,   0.02809047,   2.84114251,  11.90700351,     5.91544633,  12.69236726,  -6.32959498,   0.96886632,   3.67904066,    23.56859769,  66.53971828,  16.01851776], [  18.89754275,  -9.12405197, -39.56248573,  -9.61310226,  -1.34783406,    -4.03465024, -10.83202022,  13.12361628,   2.05134096,  -5.55701981,    -4.01827553,  16.01851776,  60.94426242]]
/root/sim/music/out/Noel Gallagher's High Flying Birds/Chasing Yesterday/03-The Girl With X-Ray Eyes.mp3; [-530.25305   , 132.02776   ,   2.3820662 ,  10.588373  ,   1.7812792 ,    6.945805  ,  -0.3053098 ,   7.900091  ,   3.1218817 ,   0.95195216,   -3.2672167 ,   0.44586524,  -1.0416421 ]; [[12395.67173669,-1017.70567879, 1338.70493022,  536.70412259,    226.48477552,  427.37266398,  -94.98200847,  -94.68778763,     49.15097608, -170.1299855 , -126.56277429, -118.8902933 ,   -101.52272071], [-1017.70567879, 1806.62237547, -698.98825504,  -99.92681974,   -149.13943594, -236.20675412,    1.2999902 ,  -60.86694969,    -83.25397982,  -22.28574588,    8.04586604,  -11.64312646,    -62.38966685], [ 1338.70493022, -698.98825504,  679.32811851,   85.56594701,     88.71842442,  163.55029193,   11.35361595,   48.54155004,     43.48391133,  -34.88975824,   -6.72298787,    6.14557431,     34.73033687], [  536.70412259,  -99.92681974,   85.56594701,  279.09884604,     74.5529324 ,   40.99777381,  -22.25082406,  -17.45354622,    -40.17842699,  -24.77166894,  -19.24400664,    0.66469   ,      6.22383484], [  226.48477552, -149.13943594,   88.71842442,   74.5529324 ,    138.53074237,   45.83347489,   -7.25891494,   12.47416375,     20.09825294,   -5.40800948,    8.58789641,    5.20650518,     22.23747633], [  427.37266398, -236.20675412,  163.55029193,   40.99777381,     45.83347489,  134.76799507,   25.66163009,   36.63921411,     32.46919956,   -0.84100567,    1.83342668,   12.17738495,     14.08089295], [  -94.98200847,    1.2999902 ,   11.35361595,  -22.25082406,     -7.25891494,   25.66163009,  112.09651225,   29.3057934 ,     33.86978753,   20.1295349 ,   23.34503928,   12.58732429,     14.62945933], [  -94.68778763,  -60.86694969,   48.54155004,  -17.45354622,     12.47416375,   36.63921411,   29.3057934 ,   99.02111418,     58.51861817,   16.44307503,   14.5320204 ,   19.91200642,     20.99947742], [   49.15097608,  -83.25397982,   43.48391133,  -40.17842699,     20.09825294,   32.46919956,   33.86978753,   58.51861817,    130.03691232,   49.77696266,   32.68306396,   19.82783424,     28.09553944], [ -170.1299855 ,  -22.28574588,  -34.88975824,  -24.77166894,     -5.40800948,   -0.84100567,   20.1295349 ,   16.44307503,     49.77696266,   89.56765468,   46.62900346,   16.68715006,      6.08138035], [ -126.56277429,    8.04586604,   -6.72298787,  -19.24400664,      8.58789641,    1.83342668,   23.34503928,   14.5320204 ,     32.68306396,   46.62900346,   81.63182977,   33.31546805,     17.04230837], [ -118.8902933 ,  -11.64312646,    6.14557431,    0.66469   ,      5.20650518,   12.17738495,   12.58732429,   19.91200642,     19.82783424,   16.68715006,   33.31546805,   66.92249866,     34.67377683], [ -101.52272071,  -62.38966685,   34.73033687,    6.22383484,     22.23747633,   14.08089295,   14.62945933,   20.99947742,     28.09553944,    6.08138035,   17.04230837,   34.67377683,     74.66683106]]
/root/sim/music/out/the peggies/Hell like Heaven/11 LOVE TRIP (2019).mp3; [-496.98273   , 116.071304  ,  -0.32916334,  29.96985   ,   4.686699  ,    6.839624  ,   7.399665  ,  -0.66904014,  11.103888  ,  -1.3876299 ,   -3.9442074 ,  -2.3590612 ,  -4.259334  ]; [[13811.14410341,  619.32355783, -369.38217179,  303.19445995,    -31.90631994,   49.15933196,  182.91982256,  -39.77929045,    217.06727407,  -39.79076613,  -73.73431909,  -81.8991321 ,    -84.31906243], [  619.32355783,  886.82486415,   38.03221277,  129.69114253,     40.93153898,   90.04068324,   10.66734026,   37.03444146,     25.66462611,  -13.04438146,   16.87776268,    3.07617079,     -1.99312271], [ -369.38217179,   38.03221277,  373.77082611,    4.74107998,     59.09581596,  -23.47960507,   -3.00697326,   10.60392353,    -39.77174649,   19.4019025 ,    9.82154849,   11.64406555,     -6.41269586], [  303.19445995,  129.69114253,    4.74107998,  380.1854276 ,      2.11004554,   50.04423258,  -44.20106692,   80.97580793,     13.88707909,   -5.30281818,   47.07915606,   16.76480487,      6.0692401 ], [  -31.90631994,   40.93153898,   59.09581596,    2.11004554,    118.799637  ,   10.34946707,   18.44442041,    4.41236385,     17.42333385,    6.47901515,   -1.35163623,    4.9572928 ,      6.59427758], [   49.15933196,   90.04068324,  -23.47960507,   50.04423258,     10.34946707,  175.12231649,   10.32668821,   45.14650081,      0.34637517,   11.75608317,   10.80350397,   -6.39708781,     14.10057603], [  182.91982256,   10.66734026,   -3.00697326,  -44.20106692,     18.44442041,   10.32668821,  126.48960005,   -0.6133027 ,     21.72710968,    6.54897958,    1.78321417,   15.48829918,      7.12834067], [  -39.77929045,   37.03444146,   10.60392353,   80.97580793,      4.41236385,   45.14650081,   -0.6133027 ,  121.28489007,     22.76871855,   10.50670379,   22.99598749,   10.59409408,      6.11758568], [  217.06727407,   25.66462611,  -39.77174649,   13.88707909,     17.42333385,    0.34637517,   21.72710968,   22.76871855,     94.80692633,   25.41461528,   14.35463564,    4.29723888,     12.47638594], [  -39.79076613,  -13.04438146,   19.4019025 ,   -5.30281818,      6.47901515,   11.75608317,    6.54897958,   10.50670379,     25.41461528,   74.49495884,   23.1605852 ,   15.10046217,      6.20379584], [  -73.73431909,   16.87776268,    9.82154849,   47.07915606,     -1.35163623,   10.80350397,    1.78321417,   22.99598749,     14.35463564,   23.1605852 ,   73.88761975,   28.00527104,     11.51080475], [  -81.8991321 ,    3.07617079,   11.64406555,   16.76480487,      4.9572928 ,   -6.39708781,   15.48829918,   10.59409408,      4.29723888,   15.10046217,   28.00527104,   75.03661369,     28.73231669], [  -84.31906243,   -1.99312271,   -6.41269586,    6.0692401 ,      6.59427758,   14.10057603,    7.12834067,    6.11758568,     12.47638594,    6.20379584,   11.51080475,   28.73231669,     64.25132258]]
/root/sim/music/out/the peggies/Hell like Heaven/08 BABY!.mp3; [-476.83023  , 100.57574  , -13.303728 ,  25.971235 ,   0.7992944,    5.6741214,   8.827391 ,  -1.3106128,   8.021079 ,  -2.0198686,   -3.5055368,  -3.8034418,  -1.8877114]; [[14559.60815696, -426.49899223, -174.47307511, -107.01860808,     38.54301456,   -3.04839414,   -4.4830629 ,   -0.87175815,     84.40613318,   77.32057658, -105.44986816, -109.12302091,   -113.88214715], [ -426.49899223, 1232.16853594, -217.95986786,  231.68086739,   -102.37892162,   49.49087452,   41.22055154,  -43.89178181,     50.99962203,  -77.10796194,   18.46547539,  -13.38331624,     26.5972757 ], [ -174.47307511, -217.95986786,  640.85403566,  -46.17810759,    183.02777149,   34.60421287,    9.58863311,   64.10175442,    -75.23515871,   81.13983944,  -11.12360043,   48.72125695,      9.10514579], [ -107.01860808,  231.68086739,  -46.17810759,  305.8055315 ,    -24.62623901,  -19.6046824 ,   -2.58783872,    4.53961659,      5.17393453,  -22.23363932,   34.11327276,    7.83497305,     -9.35107456], [   38.54301456, -102.37892162,  183.02777149,  -24.62623901,    161.73127337,   47.14008131,   20.67950906,   23.22069733,     -5.18266228,   34.09605916,   -6.77504048,   23.65753123,     10.10064189], [   -3.04839414,   49.49087452,   34.60421287,  -19.6046824 ,     47.14008131,  179.78536511,   24.31719157,   42.02138732,     10.33033804,   31.30420096,   -5.11306866,    1.9501759 ,     19.21579   ], [   -4.4830629 ,   41.22055154,    9.58863311,   -2.58783872,     20.67950906,   24.31719157,  112.72362033,   20.41721466,      8.69010916,   -1.72608675,    3.78353976,   18.67103022,     11.98633069], [   -0.87175815,  -43.89178181,   64.10175442,    4.53961659,     23.22069733,   42.02138732,   20.41721466,  105.87130229,     15.9493157 ,   20.10693377,    3.06926256,   10.42618554,      1.21537837], [   84.40613318,   50.99962203,  -75.23515871,    5.17393453,     -5.18266228,   10.33033804,    8.69010916,   15.9493157 ,     91.55330691,   18.41474669,   10.64101683,  -13.220839  ,      2.3169143 ], [   77.32057658,  -77.10796194,   81.13983944,  -22.23363932,     34.09605916,   31.30420096,   -1.72608675,   20.10693377,     18.41474669,   90.69585016,   18.64832613,   15.11287976,      0.62350257], [ -105.44986816,   18.46547539,  -11.12360043,   34.11327276,     -6.77504048,   -5.11306866,    3.78353976,    3.06926256,     10.64101683,   18.64832613,   69.39516347,   26.75223857,      8.23809161], [ -109.12302091,  -13.38331624,   48.72125695,    7.83497305,     23.65753123,    1.9501759 ,   18.67103022,   10.42618554,    -13.220839  ,   15.11287976,   26.75223857,   74.84446649,     35.48169187], [ -113.88214715,   26.5972757 ,    9.10514579,   -9.35107456,     10.10064189,   19.21579   ,   11.98633069,    1.21537837,      2.3169143 ,    0.62350257,    8.23809161,   35.48169187,     69.13677877]]
/root/sim/music/out/the peggies/Hell like Heaven/01 君のせい.mp3; [-467.52997  ,  98.928246 , -18.338102 ,  30.34755  ,  11.562442 ,   13.784353 ,  10.180877 ,  -0.9763043,   8.775379 ,  -2.6520646,   -2.2634168,  -2.7702801,  -4.849356 ]; [[10946.61287866, -481.38210942,  127.93156378, -103.48129835,    272.08269981,  -10.32080049,  151.75148648,  -19.53967703,     76.81672509,    7.92251723, -133.04115542,  -25.32232749,    -68.25173844], [ -481.38210942, 1239.2319021 , -277.14533179,  277.92923918,   -111.57275081,  111.15790589,  -37.46846084,    7.49960219,     48.6820865 ,  -37.31759356,   45.08783916,  -37.51766155,    -28.70528557], [  127.93156378, -277.14533179,  510.09863096, -160.99222948,    166.63595667,  -52.4541264 ,   23.33489443,  -19.8623969 ,    -43.78247986,   44.97386258,   -9.58516147,   12.28774385,      2.30047066], [ -103.48129835,  277.92923918, -160.99222948,  330.24648697,    -65.55147943,   54.41617883,  -15.22985941,   47.56796584,     19.18022995,  -18.53723477,   41.84108067,    7.99833452,     -3.11791598], [  272.08269981, -111.57275081,  166.63595667,  -65.55147943,    175.56039263,   24.03069494,   39.76766184,   -3.50415874,     14.38698523,   26.44607613,    1.86947428,   12.86857684,     13.28983008], [  -10.32080049,  111.15790589,  -52.4541264 ,   54.41617883,     24.03069494,  169.57966407,   15.41739738,   34.27013002,      9.7598065 ,   16.5567405 ,    5.18386337,   -5.10314926,      6.68957591], [  151.75148648,  -37.46846084,   23.33489443,  -15.22985941,     39.76766184,   15.41739738,  118.6918928 ,   10.65209186,     27.91087046,    7.41498994,    7.51264063,   12.08303233,     12.79087746], [  -19.53967703,    7.49960219,  -19.8623969 ,   47.56796584,     -3.50415874,   34.27013002,   10.65209186,   94.64574579,     20.47760316,    8.34850327,    8.41267771,    2.17275053,     -0.58605589], [   76.81672509,   48.6820865 ,  -43.78247986,   19.18022995,     14.38698523,    9.7598065 ,   27.91087046,   20.47760316,     85.84960734,   19.22995241,    8.62188851,    1.63805957,      9.93945786], [    7.92251723,  -37.31759356,   44.97386258,  -18.53723477,     26.44607613,   16.5567405 ,    7.41498994,    8.34850327,     19.22995241,   62.11022668,   16.89291436,    8.11823447,      4.05195   ], [ -133.04115542,   45.08783916,   -9.58516147,   41.84108067,      1.86947428,    5.18386337,    7.51264063,    8.41267771,      8.62188851,   16.89291436,   65.80779703,   22.81232163,      7.49916684], [  -25.32232749,  -37.51766155,   12.28774385,    7.99833452,     12.86857684,   -5.10314926,   12.08303233,    2.17275053,      1.63805957,    8.11823447,   22.81232163,   57.6704032 ,     24.4297048 ], [  -68.25173844,  -28.70528557,    2.30047066,   -3.11791598,     13.28983008,    6.68957591,   12.79087746,   -0.58605589,      9.93945786,    4.05195   ,    7.49916684,   24.4297048 ,     56.8344171 ]]
/root/sim/music/out/the peggies/Hell like Heaven/05 はちみつ.mp3; [-535.357    , 109.86572  , -15.163789 ,  24.664904 ,   1.8310724,    0.7548512,   7.231144 ,  -2.2927763,   3.92146  ,  -3.7577412,   -5.1427197,  -3.0391915,  -4.6599197]; [[24959.93254275, 2384.01780514, -433.07839802,  514.58273123,    325.94882075,   92.98775375,  494.89964946,   77.59907557,    273.8418143 ,  -33.79207885, -155.8652355 , -120.42984683,   -103.99283455], [ 2384.01780514, 1084.2126932 , -127.41902719,  178.0487274 ,     -2.85424853,    9.54131146,   39.05115742,  -31.69876968,     35.58037382,  -38.46607336,  -17.72774247,  -53.78890816,    -48.91668874], [ -433.07839802, -127.41902719,  780.8719766 ,  -93.81891594,    189.74393394,   33.06017113,   25.32560325,  -29.88536232,    -24.29518523,   -2.37680308,   -6.36813991,  -47.98600482,      8.74529733], [  514.58273123,  178.0487274 ,  -93.81891594,  362.47175432,     22.38325324,   41.11441925,   -1.73787196,   88.52424614,      8.12419717,   -6.43032359,   27.83656426,   16.85805122,     -7.86784953], [  325.94882075,   -2.85424853,  189.74393394,   22.38325324,    221.631965  ,   60.2181332 ,   75.46992771,   28.29481413,     52.00856494,   23.20889702,    3.39309126,   -4.21757769,     24.02715821], [   92.98775375,    9.54131146,   33.06017113,   41.11441925,     60.2181332 ,  235.42277497,   48.4592716 ,   74.5832998 ,     -0.86699687,   38.97821866,   22.14828846,    5.64755553,     18.96591602], [  494.89964946,   39.05115742,   25.32560325,   -1.73787196,     75.46992771,   48.4592716 ,  163.24233365,   33.89701572,     38.99695353,   18.07672032,   22.45803477,   19.2442275 ,     14.34045204], [   77.59907557,  -31.69876968,  -29.88536232,   88.52424614,     28.29481413,   74.5832998 ,   33.89701572,  154.2377963 ,     25.00764454,   26.94181875,   36.47895035,   23.02578309,     20.00916911], [  273.8418143 ,   35.58037382,  -24.29518523,    8.12419717,     52.00856494,   -0.86699687,   38.99695353,   25.00764454,    108.59878028,   32.69333245,   10.44922521,    6.0020868 ,     14.55429618], [  -33.79207885,  -38.46607336,   -2.37680308,   -6.43032359,     23.20889702,   38.97821866,   18.07672032,   26.94181875,     32.69333245,   87.64270937,   38.89945015,   24.7567758 ,     12.56974903], [ -155.8652355 ,  -17.72774247,   -6.36813991,   27.83656426,      3.39309126,   22.14828846,   22.45803477,   36.47895035,     10.44922521,   38.89945015,  104.61063763,   38.91307622,     16.43535483], [ -120.42984683,  -53.78890816,  -47.98600482,   16.85805122,     -4.21757769,    5.64755553,   19.2442275 ,   23.02578309,      6.0020868 ,   24.7567758 ,   38.91307622,   92.80294524,     36.49792499], [ -103.99283455,  -48.91668874,    8.74529733,   -7.86784953,     24.02715821,   18.96591602,   14.34045204,   20.00916911,     14.55429618,   12.56974903,   16.43535483,   36.49792499,     74.54329427]]
/root/sim/music/out/the peggies/Hell like Heaven/02 する.mp3; [-474.25778  , 103.19611  ,  -8.3247595,  26.09791  ,  10.43108  ,    1.2862154,   5.110488 ,   1.526164 ,   4.1282983,  -2.3749142,   -6.1116395,  -5.132289 ,  -6.516835 ]; [[9418.25506715, 145.81755172,  71.61416667,  30.46173785, 219.72522734,    57.87222422, 119.1709476 ,  75.73085002, 120.85476736, -14.38225646,  -115.02003115, -60.34701985, -25.46339365], [ 145.81755172, 728.798748  ,-150.20451632, 159.77783786, -37.0473174 ,    -4.55503942,  10.61854955,  -4.51213339,   9.69434738, -16.48900217,    21.62524574,  -0.957913  , -28.89693986], [  71.61416667,-150.20451632, 395.40521195, -35.55277546,  91.4728673 ,    28.301583  ,   2.25661056,  32.19952131, -26.71615796,   4.24398301,     9.92810558,  -6.88694252,  -4.45204364], [  30.46173785, 159.77783786, -35.55277546, 296.1877638 , -13.71151188,    19.17737434, -38.59596767,  49.47807217,  -2.74560332,  -7.43305115,    39.5286561 ,  19.16876014,  -9.69269893], [ 219.72522734, -37.0473174 ,  91.4728673 , -13.71151188, 129.35004877,    42.69574483,  36.16465496,  20.13532132,  25.85560332,  11.93692872,     1.07050671,   2.49385915,   8.28250768], [  57.87222422,  -4.55503942,  28.301583  ,  19.17737434,  42.69574483,   154.67543592,  20.27849801,  43.00187866,   4.29370322,  14.03525866,     6.46153125,  -9.86726682,   7.04709238], [ 119.1709476 ,  10.61854955,   2.25661056, -38.59596767,  36.16465496,    20.27849801, 119.36249224,  10.27660918,  29.49819963,  14.8390158 ,    -5.0993917 ,   5.00811316,   7.11293338], [  75.73085002,  -4.51213339,  32.19952131,  49.47807217,  20.13532132,    43.00187866,  10.27660918, 108.86112937,  21.0701028 ,   2.39305842,    17.2324496 ,   3.83696655,   4.13805291], [ 120.85476736,   9.69434738, -26.71615796,  -2.74560332,  25.85560332,     4.29370322,  29.49819963,  21.0701028 ,  80.34781418,  21.55739374,     4.16800653,   3.69334218,  14.65590592], [ -14.38225646, -16.48900217,   4.24398301,  -7.43305115,  11.93692872,    14.03525866,  14.8390158 ,   2.39305842,  21.55739374,  59.9329003 ,    17.25735641,   7.62124881,   7.24143541], [-115.02003115,  21.62524574,   9.92810558,  39.5286561 ,   1.07050671,     6.46153125,  -5.0993917 ,  17.2324496 ,   4.16800653,  17.25735641,    63.46298932,  24.31724249,   3.57813439], [ -60.34701985,  -0.957913  ,  -6.88694252,  19.16876014,   2.49385915,    -9.86726682,   5.00811316,   3.83696655,   3.69334218,   7.62124881,    24.31724249,  60.49471928,  17.60196322], [ -25.46339365, -28.89693986,  -4.45204364,  -9.69269893,   8.28250768,     7.04709238,   7.11293338,   4.13805291,  14.65590592,   7.24143541,     3.57813439,  17.60196322,  48.45707965]]
/root/sim/music/out/the peggies/Hell like Heaven/09 Fortune.mp3; [-556.80084   , 115.36132   ,  -3.9202578 ,  12.835662  ,   6.9031243 ,    9.433344  ,   4.7062936 ,  -0.731725  ,   4.841231  ,   0.62159663,   -3.4216702 ,  -3.9400382 ,  -5.117795  ]; [[20869.97250996,  995.01967736,  441.27611663,  397.79242302,    423.79822076,  344.68240405,  205.66954025,   37.93671085,    250.4073087 ,   96.83329555,   27.75054416,  -38.2891312 ,   -126.90486909], [  995.01967736, 1544.38551528, -541.50422223,   85.19929767,     89.13942598,   33.12072111,   89.18181321,   -4.60863935,     61.21633501,   35.31062911,   25.26449864,   51.83323071,     -4.18905969], [  441.27611663, -541.50422223,  901.77938082,   60.39507628,    105.30508414,  109.4744264 ,   77.27479033,   23.32026573,      0.37005165,    3.71609719,    2.91229052,  -19.67958543,     -8.13983517], [  397.79242302,   85.19929767,   60.39507628,  460.45579626,    114.50283104,  147.90380084,   22.02202297,  157.59314392,     24.84571277,   47.89661719,   41.718055  ,   45.77048068,     12.71515698], [  423.79822076,   89.13942598,  105.30508414,  114.50283104,    247.42107487,  115.30030678,   76.58531453,   66.65141734,     61.85697604,   51.7490474 ,   34.80173171,   33.82229666,     18.08280991], [  344.68240405,   33.12072111,  109.4744264 ,  147.90380084,    115.30030678,  308.5614006 ,   58.95236834,  124.96498207,     19.88928331,   67.07836513,   23.93672238,   27.03679159,     10.59587309], [  205.66954025,   89.18181321,   77.27479033,   22.02202297,     76.58531453,   58.95236834,  154.9496973 ,   31.66955659,     41.09945451,   33.92054004,   21.38159267,   20.99257839,      4.22748716], [   37.93671085,   -4.60863935,   23.32026573,  157.59314392,     66.65141734,  124.96498207,   31.66955659,  184.13093541,     34.42556523,   51.00085533,   24.62062161,   37.36903256,     25.73896866], [  250.4073087 ,   61.21633501,    0.37005165,   24.84571277,     61.85697604,   19.88928331,   41.09945451,   34.42556523,    101.91218775,   39.1977819 ,   19.4162514 ,   10.50280621,     10.46207516], [   96.83329555,   35.31062911,    3.71609719,   47.89661719,     51.7490474 ,   67.07836513,   33.92054004,   51.00085533,     39.1977819 ,  103.52077485,   26.05239267,   31.97816745,     16.64291007], [   27.75054416,   25.26449864,    2.91229052,   41.718055  ,     34.80173171,   23.93672238,   21.38159267,   24.62062161,     19.4162514 ,   26.05239267,   76.73204078,   30.81911165,      9.79432285], [  -38.2891312 ,   51.83323071,  -19.67958543,   45.77048068,     33.82229666,   27.03679159,   20.99257839,   37.36903256,     10.50280621,   31.97816745,   30.81911165,   82.93239219,     30.10353275], [ -126.90486909,   -4.18905969,   -8.13983517,   12.71515698,     18.08280991,   10.59587309,    4.22748716,   25.73896866,     10.46207516,   16.64291007,    9.79432285,   30.10353275,     63.06296942]]
