/root/sim/music/out/Compilations/マクロスSONGコレクション2002 [Disc 1]/1-20 AfterIn The Dark ～ Torch Song.mp3; [-738.47144  , 167.89827  ,  -2.9100993,   9.43113  ,  -5.2223015,   -5.839509 ,   8.686597 ,  -5.630184 ,  -9.246949 ,  -2.2245412,   -5.9506707,  -5.9492216,  -5.863084 ]; [[22766.76586003,-3629.15143123,-2441.96114127,  -15.61419797,   1394.44468845,  830.92626747, -172.40315904,  588.4334968 ,    741.94848767,  135.28241829,  295.23626794,  -32.60292035,     11.34804959], [-3629.15143123, 2008.21877823,  329.66560179,   20.58017424,   -387.64766238, -133.46663376,  100.05259681, -154.17235922,   -282.22791121,  -77.30609877,  -87.02710168,  -20.07309876,    -37.10755954], [-2441.96114127,  329.66560179, 1123.12950172,   69.77207759,    -81.68169799,  -19.53426915,  -29.84188716,    6.86236488,    -53.51087817,    4.28412708,   27.58513481,   25.30476603,     43.86200488], [  -15.61419797,   20.58017424,   69.77207759,  259.31997057,     38.22622044,   -8.84279235,   46.39759838,    9.95746997,     -2.13910699,   24.29694426,  -12.80476626,   29.78398154,     22.02674075], [ 1394.44468845, -387.64766238,  -81.68169799,   38.22622044,    319.89779367,   75.07254971,  -98.83033161,   48.74892853,    127.55254861,   11.09743697,   36.93429296,   17.81020323,     18.89939019], [  830.92626747, -133.46663376,  -19.53426915,   -8.84279235,     75.07254971,  212.62609433,   -1.03870847,   86.10494009,     32.29911293,   12.11151113,   53.57759045,    2.69651686,     -0.21882051], [ -172.40315904,  100.05259681,  -29.84188716,   46.39759838,    -98.83033161,   -1.03870847,  303.28836901,   11.03167775,    -70.43387337,   60.55891794,  -24.9324225 ,   -4.99653895,     -1.18672164], [  588.4334968 , -154.17235922,    6.86236488,    9.95746997,     48.74892853,   86.10494009,   11.03167775,  160.23959476,     50.85401462,   14.68929342,   46.58819253,   25.36682749,     11.38240291], [  741.94848767, -282.22791121,  -53.51087817,   -2.13910699,    127.55254861,   32.29911293,  -70.43387337,   50.85401462,    167.44775547,   27.47654052,   22.51117206,   -3.98774559,      5.6209636 ], [  135.28241829,  -77.30609877,    4.28412708,   24.29694426,     11.09743697,   12.11151113,   60.55891794,   14.68929342,     27.47654052,   97.2405536 ,   25.63773082,    8.22865657,      4.83677449], [  295.23626794,  -87.02710168,   27.58513481,  -12.80476626,     36.93429296,   53.57759045,  -24.9324225 ,   46.58819253,     22.51117206,   25.63773082,  107.55841195,   37.09541101,      6.99688213], [  -32.60292035,  -20.07309876,   25.30476603,   29.78398154,     17.81020323,    2.69651686,   -4.99653895,   25.36682749,     -3.98774559,    8.22865657,   37.09541101,  115.63899659,     28.2127872 ], [   11.34804959,  -37.10755954,   43.86200488,   22.02674075,     18.89939019,   -0.21882051,   -1.18672164,   11.38240291,      5.6209636 ,    4.83677449,    6.99688213,   28.2127872 ,     70.40405336]]
/root/sim/music/out/Compilations/マクロスSONGコレクション2002 [Disc 1]/1-09 SUNSET BEACH.mp3; [-656.8589    , 125.983     ,  -1.3983963 ,  25.563393  ,  -5.611946  ,    0.09660941,   5.001799  ,  -5.193174  ,  -0.66381854,  -3.3071015 ,   -6.150743  ,  -1.0193865 ,   3.1864862 ]; [[14588.5170948 ,   24.373171  , -422.67676703,  578.32603469,    -75.58658556,  106.09904204,  282.19695797, -108.89785775,    105.7683022 ,   40.94137428,  -72.18833232,    3.06822748,    104.84369558], [   24.373171  , 1389.84499383,  -22.16664521,   13.56673414,     13.00940603,   -3.52313309,  -45.15283998,  -18.40570115,    -46.77914466,  -23.08640698,   -1.34860948,  -16.81835243,    -32.18491166], [ -422.67676703,  -22.16664521,  825.93256447,  108.23386448,    149.40855965,   56.35689575,   37.22528584,   78.55801382,    -14.00037499,  -30.07305833,   36.85243475,  -16.854006  ,    -37.23510134], [  578.32603469,   13.56673414,  108.23386448,  405.42922204,     88.67852557,   -0.77102262,   45.55750211,   82.90612811,     33.57394421,  -12.91273585,   55.41836224,   38.76835041,      0.57916562], [  -75.58658556,   13.00940603,  149.40855965,   88.67852557,    204.00161993,   84.25639901,   35.38206197,   55.41517397,     36.89687234,   17.37251475,   25.0591339 ,   14.16046934,     -0.38698418], [  106.09904204,   -3.52313309,   56.35689575,   -0.77102262,     84.25639901,  257.9055301 ,   75.72561479,   55.49456536,     27.66598231,   54.52381853,   -1.57946089,  -17.84938237,     14.98625702], [  282.19695797,  -45.15283998,   37.22528584,   45.55750211,     35.38206197,   75.72561479,  236.56661141,    2.81010476,     50.28331529,   14.91913411,   -4.56214773,   19.59522909,     17.80287958], [ -108.89785775,  -18.40570115,   78.55801382,   82.90612811,     55.41517397,   55.49456536,    2.81010476,  195.52860713,     42.89334125,   23.75898654,   23.49845267,   -6.8419444 ,      4.53604533], [  105.7683022 ,  -46.77914466,  -14.00037499,   33.57394421,     36.89687234,   27.66598231,   50.28331529,   42.89334125,    123.07053894,   29.14763087,    0.59535006,    4.32406799,     18.25583426], [   40.94137428,  -23.08640698,  -30.07305833,  -12.91273585,     17.37251475,   54.52381853,   14.91913411,   23.75898654,     29.14763087,  123.56784126,   38.89066785,    6.09071421,     12.57469287], [  -72.18833232,   -1.34860948,   36.85243475,   55.41836224,     25.0591339 ,   -1.57946089,   -4.56214773,   23.49845267,      0.59535006,   38.89066785,  116.38025116,   46.82250094,      0.43704817], [    3.06822748,  -16.81835243,  -16.854006  ,   38.76835041,     14.16046934,  -17.84938237,   19.59522909,   -6.8419444 ,      4.32406799,    6.09071421,   46.82250094,  102.53720496,     32.22329913], [  104.84369558,  -32.18491166,  -37.23510134,    0.57916562,     -0.38698418,   14.98625702,   17.80287958,    4.53604533,     18.25583426,   12.57469287,    0.43704817,   32.22329913,     99.43522316]]
/root/sim/music/out/Compilations/マクロスSONGコレクション2002 [Disc 1]/1-14 天使の絵の具.mp3; [-599.13477   , 108.151924  ,  -7.6546893 ,  22.956118  ,  -1.8787762 ,    1.8455476 ,   8.011221  ,   1.5674291 ,  -1.8335546 ,   3.2680666 ,   -2.3339787 ,   0.36018157,  -1.9865582 ]; [[11865.31391801,  135.5600586 , -302.21039623,   98.00104683,   -233.79100864, -103.35713097,   96.70177591, -211.79561309,    -84.76080588,   93.41484168, -124.18149151,  -17.84263592,     -6.44853573], [  135.5600586 ,  942.66258563, -180.27072837,   29.70606289,      7.18434224,  -35.60950585,   42.25580839,   10.17350991,    -45.06738195,   -8.8538309 ,  -23.49656102,   -6.91346218,    -11.14702151], [ -302.21039623, -180.27072837,  556.79068757,   99.98772663,     89.84158279,   93.43110643,  -25.48570166,   56.03114083,     15.21936867,  -45.72779747,   37.80164272,   28.78224626,    -24.84589475], [   98.00104683,   29.70606289,   99.98772663,  237.44504647,     71.70711716,   22.13403397,   10.61039434,   10.15310806,     -0.5724409 ,  -32.54703312,    9.49805491,   24.51563369,    -17.95865249], [ -233.79100864,    7.18434224,   89.84158279,   71.70711716,    186.95180724,   61.10693736,  -14.0193743 ,   46.62127836,     15.26435723,  -12.24597751,   34.50315777,   13.9056768 ,     -5.00965246], [ -103.35713097,  -35.60950585,   93.43110643,   22.13403397,     61.10693736,  156.04101859,   16.88685823,   36.8924268 ,     21.94549686,    1.43542136,   13.05355803,   -9.15755074,    -11.53005474], [   96.70177591,   42.25580839,  -25.48570166,   10.61039434,    -14.0193743 ,   16.88685823,  147.66519796,   15.95803015,      4.56068559,   22.55598657,  -24.07697223,    2.77294951,     13.75285934], [ -211.79561309,   10.17350991,   56.03114083,   10.15310806,     46.62127836,   36.8924268 ,   15.95803015,  141.38930927,     42.55817152,   -6.35567488,   18.08309542,   -1.96617739,    -12.98130285], [  -84.76080588,  -45.06738195,   15.21936867,   -0.5724409 ,     15.26435723,   21.94549686,    4.56068559,   42.55817152,    125.18013508,   16.17835154,    8.92819318,  -10.56925606,      3.60525696], [   93.41484168,   -8.8538309 ,  -45.72779747,  -32.54703312,    -12.24597751,    1.43542136,   22.55598657,   -6.35567488,     16.17835154,  119.4243223 ,   10.56102564,  -12.62171514,     -4.0617454 ], [ -124.18149151,  -23.49656102,   37.80164272,    9.49805491,     34.50315777,   13.05355803,  -24.07697223,   18.08309542,      8.92819318,   10.56102564,  101.47694564,   38.449891  ,      5.11917196], [  -17.84263592,   -6.91346218,   28.78224626,   24.51563369,     13.9056768 ,   -9.15755074,    2.77294951,   -1.96617739,    -10.56925606,  -12.62171514,   38.449891  ,  103.32288028,     35.81586884], [   -6.44853573,  -11.14702151,  -24.84589475,  -17.95865249,     -5.00965246,  -11.53005474,   13.75285934,  -12.98130285,      3.60525696,   -4.0617454 ,    5.11917196,   35.81586884,     96.68209054]]
/root/sim/music/out/Compilations/マクロスSONGコレクション2002 [Disc 1]/1-07 愛は流れる.mp3; [-719.2324   , 157.13763  ,   9.935459 ,  24.017775 ,   8.907981 ,    3.6222608,  13.477307 ,  -4.6338325,   7.8845773,   1.7282985,   -3.718328 ,  -0.040367 ,   3.2343714]; [[11444.3554827 ,   -4.90721018, -481.68705448,   67.66129494,   -173.78645826, -134.02402011,  321.30549837, -249.47465197,    173.01930957, -142.60057397, -241.49920046, -107.51912375,     42.02068769], [   -4.90721018, 1857.52867096, -167.9391107 ,  -29.15201395,    101.29409062,   83.27283682,  -43.38884659,   38.16615748,     -5.54878137,  102.63403123,   44.73348881,   16.0128237 ,    -22.81608882], [ -481.68705448, -167.9391107 ,  696.51211443,  156.39085032,    129.72288231,   14.59336231,   50.90440955,   14.21902895,    -40.10526707,  -31.65969779,   27.186991  ,   23.69650752,    -37.51372079], [   67.66129494,  -29.15201395,  156.39085032,  328.38749393,     66.49456113,  -12.5170359 ,   51.95191309,   23.1465474 ,      8.67870613,  -38.03519454,   23.78625524,    1.98094223,     -3.03895459], [ -173.78645826,  101.29409062,  129.72288231,   66.49456113,    186.03435363,   50.73556759,    7.76562729,    7.40015326,     -0.43859083,   -2.58260013,   11.29252252,   -3.8442573 ,     -5.09122032], [ -134.02402011,   83.27283682,   14.59336231,  -12.5170359 ,     50.73556759,  241.00654331,    2.75927448,   87.91918409,    -18.41630164,   34.77608175,    4.50410895,  -28.94381901,      8.78827403], [  321.30549837,  -43.38884659,   50.90440955,   51.95191309,      7.76562729,    2.75927448,  169.45294419,  -14.26844021,     29.80455365,   -9.32393614,  -23.96913812,    0.23732847,      0.91817349], [ -249.47465197,   38.16615748,   14.21902895,   23.1465474 ,      7.40015326,   87.91918409,  -14.26844021,  197.16312491,    -14.01136755,   17.68250918,    3.38050227,    7.5069255 ,      6.58003371], [  173.01930957,   -5.54878137,  -40.10526707,    8.67870613,     -0.43859083,  -18.41630164,   29.80455365,  -14.01136755,    143.87119681,   12.63159533,  -10.50683099,  -28.78464316,      5.00769406], [ -142.60057397,  102.63403123,  -31.65969779,  -38.03519454,     -2.58260013,   34.77608175,   -9.32393614,   17.68250918,     12.63159533,  109.10330211,   15.20488967,    2.46352819,     -5.71910769], [ -241.49920046,   44.73348881,   27.186991  ,   23.78625524,     11.29252252,    4.50410895,  -23.96913812,    3.38050227,    -10.50683099,   15.20488967,   95.55839704,   31.09730247,    -10.11515031], [ -107.51912375,   16.0128237 ,   23.69650752,    1.98094223,     -3.8442573 ,  -28.94381901,    0.23732847,    7.5069255 ,    -28.78464316,    2.46352819,   31.09730247,  119.48613956,     24.7296749 ], [   42.02068769,  -22.81608882,  -37.51372079,   -3.03895459,     -5.09122032,    8.78827403,    0.91817349,    6.58003371,      5.00769406,   -5.71910769,  -10.11515031,   24.7296749 ,    108.867112  ]]
/root/sim/music/out/Compilations/マクロスSONGコレクション2002 [Disc 1]/1-08 やさしさSAYONARA.mp3; [-662.28973   , 139.13803   ,  -5.764724  ,  28.466173  ,   8.025169  ,   -3.0560927 ,  10.321222  ,  -5.5926843 ,   2.018061  ,   1.6486673 ,   -7.3272357 ,  -0.26068616,   1.5969883 ]; [[12521.94729057,  618.87097227, -788.91892036,  217.78928874,    -79.2975467 , -210.87340175,  152.16788072, -144.54842855,     65.40969076,   36.22986749, -238.34063292,  -78.60847107,    -30.411502  ], [  618.87097227, 1312.80738024,   61.83583696,   33.8183602 ,    -18.97087843,    0.47983242,  106.54002271,  -96.14604322,    -15.92263504,    6.84962643,  -18.37297404,   19.8784442 ,     -3.76053971], [ -788.91892036,   61.83583696,  753.13178312,  -22.39584185,    -39.96122351,  103.26897193,   -9.08220999,   25.88667515,    -34.03225003,  -50.1808067 ,   27.08531999,   20.86969808,    -13.65002603], [  217.78928874,   33.8183602 ,  -22.39584185,  332.97996252,    115.41090162,  -56.97069419,  -41.5255971 ,   62.42494943,     -1.29770928,  -15.14127524,   38.37550253,   35.37143347,      5.39351321], [  -79.2975467 ,  -18.97087843,  -39.96122351,  115.41090162,    221.22534858,   12.86904302,  -62.40554775,   74.73155301,      7.58307762,   17.06486533,   44.41567379,   -8.38309511,     -5.9946832 ], [ -210.87340175,    0.47983242,  103.26897193,  -56.97069419,     12.86904302,  245.42351596,   39.5151785 ,   38.09297494,     21.17834216,   23.21986865,    5.55614008,  -37.93014464,     13.49972362], [  152.16788072,  106.54002271,   -9.08220999,  -41.5255971 ,    -62.40554775,   39.5151785 ,  195.62589012,  -54.72404673,     21.22896631,    7.17312611,  -44.14515762,   23.85341166,      6.06410283], [ -144.54842855,  -96.14604322,   25.88667515,   62.42494943,     74.73155301,   38.09297494,  -54.72404673,  177.67589152,     16.93713068,   12.25318111,   46.81586119,   -4.93742405,      6.94166719], [   65.40969076,  -15.92263504,  -34.03225003,   -1.29770928,      7.58307762,   21.17834216,   21.22896631,   16.93713068,    121.29449176,   15.74330143,   -7.4418646 ,  -25.49752762,      5.60526892], [   36.22986749,    6.84962643,  -50.1808067 ,  -15.14127524,     17.06486533,   23.21986865,    7.17312611,   12.25318111,     15.74330143,   99.06633257,   21.3438098 ,    0.68985922,     -5.35287944], [ -238.34063292,  -18.37297404,   27.08531999,   38.37550253,     44.41567379,    5.55614008,  -44.14515762,   46.81586119,     -7.4418646 ,   21.3438098 ,  107.23702038,   30.40485492,      5.05963368], [  -78.60847107,   19.8784442 ,   20.86969808,   35.37143347,     -8.38309511,  -37.93014464,   23.85341166,   -4.93742405,    -25.49752762,    0.68985922,   30.40485492,  114.81291404,     32.43233752], [  -30.411502  ,   -3.76053971,  -13.65002603,    5.39351321,     -5.9946832 ,   13.49972362,    6.06410283,    6.94166719,      5.60526892,   -5.35287944,    5.05963368,   32.43233752,     92.09839267]]
/root/sim/music/out/Compilations/マクロスSONGコレクション2002 [Disc 1]/1-17 もういちど Love You.mp3; [-670.4105    , 146.12466   ,   9.300961  ,  20.778164  ,   5.079695  ,   -5.7599735 ,   3.6838474 ,  -4.863417  ,  -1.670363  ,   2.5702732 ,   -6.573165  ,   4.20675   ,   0.28228322]; [[11190.17378155, -298.11754206,  541.59758085,  102.81423442,    121.21366647,  -51.29449131,  854.83080274,   41.34847836,    352.89852724,  200.56693776, -198.04867301,  157.92582166,     -3.04532527], [ -298.11754206,  921.30661141, -111.88343084,   36.12832633,     11.45443065,   33.34227811,  -82.3825032 ,    1.20571448,    -26.80816101,   -5.29849126,   21.7440348 ,    6.05725378,     10.86660228], [  541.59758085, -111.88343084,  791.78670804,   62.50663996,    223.72063845,   85.99245672,  146.42520615,  123.50740259,     32.41822797,   63.26859846,   57.60818184,  105.26745605,     13.45097546], [  102.81423442,   36.12832633,   62.50663996,  236.56826934,     63.60792808,   44.746278  ,  -22.24271956,   72.21413328,     -3.25497622,  -10.57244199,   46.95286895,   20.89333812,     21.99273867], [  121.21366647,   11.45443065,  223.72063845,   63.60792808,    193.3090899 ,   34.25622563,   23.37077323,   39.08166885,     20.75155635,   10.49377966,   20.7143825 ,   30.85549486,      1.46933183], [  -51.29449131,   33.34227811,   85.99245672,   44.746278  ,     34.25622563,  255.7304582 ,   27.42302973,   63.74012083,     -9.41633438,   34.45684408,   39.64061174,    7.87997225,     57.52000503], [  854.83080274,  -82.3825032 ,  146.42520615,  -22.24271956,     23.37077323,   27.42302973,  324.17289159,   -5.90357961,     85.39860264,   63.02432097,  -26.85184586,   42.83126443,      9.82517545], [   41.34847836,    1.20571448,  123.50740259,   72.21413328,     39.08166885,   63.74012083,   -5.90357961,  170.23602084,      4.47695745,    3.76779963,   44.77174882,   23.06671618,     27.28194592], [  352.89852724,  -26.80816101,   32.41822797,   -3.25497622,     20.75155635,   -9.41633438,   85.39860264,    4.47695745,    140.41070167,   40.03936427,  -19.45877972,    5.86327962,      9.20699535], [  200.56693776,   -5.29849126,   63.26859846,  -10.57244199,     10.49377966,   34.45684408,   63.02432097,    3.76779963,     40.03936427,   97.40729634,   13.59058616,   15.58328827,      7.34409237], [ -198.04867301,   21.7440348 ,   57.60818184,   46.95286895,     20.7143825 ,   39.64061174,  -26.85184586,   44.77174882,    -19.45877972,   13.59058616,  103.90021783,   25.69722823,      8.64659193], [  157.92582166,    6.05725378,  105.26745605,   20.89333812,     30.85549486,    7.87997225,   42.83126443,   23.06671618,      5.86327962,   15.58328827,   25.69722823,   92.22567269,     21.47907681], [   -3.04532527,   10.86660228,   13.45097546,   21.99273867,      1.46933183,   57.52000503,    9.82517545,   27.28194592,      9.20699535,    7.34409237,    8.64659193,   21.47907681,    105.02433591]]
/root/sim/music/out/Compilations/マクロスSONGコレクション2002 [Disc 1]/1-16 de・ja・vu～そばにいて.mp3; [-629.6033    , 116.412895  ,  25.686031  ,  22.21312   ,  11.528764  ,   -0.6637915 ,   6.8713    ,   1.7460474 ,   0.61991686,   0.57131565,   -7.6241026 ,  -0.31140015,  -1.5550408 ]; [[18803.25769406,  232.25953679, -297.70489182,   98.29376365,    160.89432266, -115.981023  ,  372.49061345,  -13.09069165,     42.68816719,   98.58572933, -320.99201511,   61.96586441,    -12.77558286], [  232.25953679,  888.46807082,  -61.29360383,  -35.56824179,    -31.50467516,  -15.58970417,  -14.86110973,   -5.79156462,    -23.55168783,   -4.47057605,   16.15410251,  -10.64643296,     10.24815952], [ -297.70489182,  -61.29360383,  479.31850642,  -60.60574004,     14.16328302,   40.37936201,  -55.04187657,   13.8456945 ,    -50.89854568,  -36.75189969,   17.53730202,   -9.84354288,     16.09334845], [   98.29376365,  -35.56824179,  -60.60574004,  468.00638168,     17.90990456,  -29.87810798,  -51.71813791,   28.09311147,    115.87655242,  -71.26675837,   17.78124072,   38.52825395,     -7.85525728], [  160.89432266,  -31.50467516,   14.16328302,   17.90990456,    175.24777421,   -4.22900666,    9.93693491,    4.92171976,     10.97163514,   13.56617105,  -28.86203308,    4.99122141,     12.73670472], [ -115.981023  ,  -15.58970417,   40.37936201,  -29.87810798,     -4.22900666,  199.89058364,   58.18660862,   -8.14972443,    -17.36554882,   32.17600218,   41.16253869,  -19.51353778,      4.52660325], [  372.49061345,  -14.86110973,  -55.04187657,  -51.71813791,      9.93693491,   58.18660862,  210.32224449,   -6.34288337,     -5.38998412,   47.88616722,   -9.58043081,    9.21690377,     -9.36392194], [  -13.09069165,   -5.79156462,   13.8456945 ,   28.09311147,      4.92171976,   -8.14972443,   -6.34288337,   95.15147934,     19.19923054,  -12.30107387,    0.64632859,    4.70583717,      7.61360499], [   42.68816719,  -23.55168783,  -50.89854568,  115.87655242,     10.97163514,  -17.36554882,   -5.38998412,   19.19923054,    136.45402683,    0.85982491,    6.80327175,    1.35833091,     -7.75659231], [   98.58572933,   -4.47057605,  -36.75189969,  -71.26675837,     13.56617105,   32.17600218,   47.88616722,  -12.30107387,      0.85982491,  128.90648028,   12.81552297,  -14.78310597,    -17.7526372 ], [ -320.99201511,   16.15410251,   17.53730202,   17.78124072,    -28.86203308,   41.16253869,   -9.58043081,    0.64632859,      6.80327175,   12.81552297,  117.04489525,    6.1586465 ,     -8.76219061], [   61.96586441,  -10.64643296,   -9.84354288,   38.52825395,      4.99122141,  -19.51353778,    9.21690377,    4.70583717,      1.35833091,  -14.78310597,    6.1586465 ,   83.18999229,      9.22539166], [  -12.77558286,   10.24815952,   16.09334845,   -7.85525728,     12.73670472,    4.52660325,   -9.36392194,    7.61360499,     -7.75659231,  -17.7526372 ,   -8.76219061,    9.22539166,     85.33627361]]
/root/sim/music/out/Compilations/マクロスSONGコレクション2002 [Disc 1]/1-19 VOICES.mp3; [-848.3756    , 135.84773   , -13.498191  ,  -0.14466305, -14.679407  ,  -17.758392  ,  -2.6384401 , -14.891099  ,  -8.948316  ,  -9.320389  ,  -11.943639  ,  -4.440529  ,  -2.4713607 ]; [[25021.89741177, 5224.59109292,  -93.60862041,   55.7396567 ,    -66.13275922, -869.76471258, -128.84762028, -138.89864852,   -711.1633245 ,  -58.6250747 ,  137.12699546, -572.93318727,   -567.6116692 ], [ 5224.59109292, 2914.56010885,  -93.5828908 , -159.82786697,   -207.12464904, -343.25003825, -102.78657343, -184.80730721,   -229.71284441,  -70.16314215,  -12.19550703, -219.70574806,   -198.17683879], [  -93.60862041,  -93.5828908 ,  911.18458036,  480.38413891,    308.93595525,  200.58810891,  120.41562696,  124.05324335,    -47.90955778,  -11.55134532,   55.7625366 ,   29.2065255 ,    -61.84182757], [   55.7396567 , -159.82786697,  480.38413891, 1212.15147216,    470.0125975 ,  356.01658158,  127.89053481,  239.98692939,    107.64305468,  -18.84300907,   69.08063376,   80.63014172,   -116.71099572], [  -66.13275922, -207.12464904,  308.93595525,  470.0125975 ,    645.9441061 ,  215.78728061,  104.26671262,  219.05054222,     47.09212947,   31.20125841,  -10.21761913,  -13.98959725,    -85.11206544], [ -869.76471258, -343.25003825,  200.58810891,  356.01658158,    215.78728061,  569.95524049,  182.44953044,  104.21183066,    136.47005392,   83.84032529,   45.41752379,   45.13802262,     -3.24828605], [ -128.84762028, -102.78657343,  120.41562696,  127.89053481,    104.26671262,  182.44953044,  430.85225504,   17.49631249,     38.73630461,   81.56803821,   -1.34833836,   24.22236771,      0.91560832], [ -138.89864852, -184.80730721,  124.05324335,  239.98692939,    219.05054222,  104.21183066,   17.49631249,  379.73668408,     87.917427  ,   47.64405328,   68.36939531,   15.68635272,    -24.23503827], [ -711.1633245 , -229.71284441,  -47.90955778,  107.64305468,     47.09212947,  136.47005392,   38.73630461,   87.917427  ,    277.22529959,   77.42113658,   34.43651802,   78.11260881,     45.21201996], [  -58.6250747 ,  -70.16314215,  -11.55134532,  -18.84300907,     31.20125841,   83.84032529,   81.56803821,   47.64405328,     77.42113658,  229.26921126,   62.13579297,   54.6168805 ,     53.30188586], [  137.12699546,  -12.19550703,   55.7625366 ,   69.08063376,    -10.21761913,   45.41752379,   -1.34833836,   68.36939531,     34.43651802,   62.13579297,  230.58904975,  101.92360152,     51.18271875], [ -572.93318727, -219.70574806,   29.2065255 ,   80.63014172,    -13.98959725,   45.13802262,   24.22236771,   15.68635272,     78.11260881,   54.6168805 ,  101.92360152,  258.03825299,    114.39518841], [ -567.6116692 , -198.17683879,  -61.84182757, -116.71099572,    -85.11206544,   -3.24828605,    0.91560832,  -24.23503827,     45.21201996,   53.30188586,   51.18271875,  114.39518841,    227.69047141]]
/root/sim/music/out/Compilations/マクロスSONGコレクション2002 [Disc 1]/1-12 ランナー ―リン・ミンメイ・バージョン―.mp3; [-751.7585    , 148.97403   ,   7.061886  ,  26.038141  ,   2.6277595 ,   -3.8859246 ,   9.439621  ,  -8.4731245 ,   2.3161924 ,  -0.61635816,    1.0458386 ,   0.74635434,  -3.2198644 ]; [[24195.48680683, 1143.82763768,-1491.4362819 ,  624.87236066,   -261.26174355, -460.69190287,  726.23069175, -703.09040511,    487.72734938, -345.85408184, -453.50981768,   73.65364975,    248.28388289], [ 1143.82763768, 1715.80260434, -114.02534385,   99.76578142,      8.38211852,    8.47048571,  -21.16794199,   28.80441704,    -67.56739349,   60.81409142,   43.0904702 ,  -54.23960487,    -96.26449634], [-1491.4362819 , -114.02534385,  695.18877179,  -84.36062721,     63.36992687,   91.60508688,  -48.23880572,  106.5521952 ,   -111.2092783 ,   -8.01400872,    2.392198  ,  -57.31280714,    -59.64809718], [  624.87236066,   99.76578142,  -84.36062721,  318.00991051,     18.44535621,  -52.703476  ,   33.7013914 ,   12.06337149,     16.65595553,   -9.70710934,   13.018777  ,   26.93862011,    -10.1729613 ], [ -261.26174355,    8.38211852,   63.36992687,   18.44535621,    139.42961434,   38.94187039,  -16.83063822,   26.21074127,    -11.98998813,   16.17725536,    4.1188805 ,   15.46544725,      5.23720025], [ -460.69190287,    8.47048571,   91.60508688,  -52.703476  ,     38.94187039,  235.85575186,  -13.86170743,   55.0203794 ,    -44.82430143,   24.05935069,   10.40176047,  -42.92679022,      3.34721236], [  726.23069175,  -21.16794199,  -48.23880572,   33.7013914 ,    -16.83063822,  -13.86170743,  177.62567028,  -44.56781005,     54.59323428,  -26.45035568,  -47.60989679,    5.24142008,     23.00151351], [ -703.09040511,   28.80441704,  106.5521952 ,   12.06337149,     26.21074127,   55.0203794 ,  -44.56781005,  182.13062841,    -24.71529734,   26.79061009,   53.98673238,    6.34650753,    -21.91406802], [  487.72734938,  -67.56739349, -111.2092783 ,   16.65595553,    -11.98998813,  -44.82430143,   54.59323428,  -24.71529734,    157.89932324,   19.79163153,  -34.31694898,   -3.50564161,     18.98771867], [ -345.85408184,   60.81409142,   -8.01400872,   -9.70710934,     16.17725536,   24.05935069,  -26.45035568,   26.79061009,     19.79163153,  121.62974321,   59.68274573,  -12.23671456,    -31.34962438], [ -453.50981768,   43.0904702 ,    2.392198  ,   13.018777  ,      4.1188805 ,   10.40176047,  -47.60989679,   53.98673238,    -34.31694898,   59.68274573,  167.76808805,   34.82620944,    -47.21156778], [   73.65364975,  -54.23960487,  -57.31280714,   26.93862011,     15.46544725,  -42.92679022,    5.24142008,    6.34650753,     -3.50564161,  -12.23671456,   34.82620944,  142.19990893,     36.30936669], [  248.28388289,  -96.26449634,  -59.64809718,  -10.1729613 ,      5.23720025,    3.34721236,   23.00151351,  -21.91406802,     18.98771867,  -31.34962438,  -47.21156778,   36.30936669,    135.87608229]]
/root/sim/music/out/Compilations/マクロスSONGコレクション2002 [Disc 1]/1-18 約束.mp3; [-639.0913    , 152.6744    ,   4.466158  ,  12.774754  ,   2.919994  ,    0.26325294,   4.0746083 ,   0.63234544,   4.4251194 ,   1.8856105 ,   -2.7717803 ,  -1.8422593 ,   1.2193174 ]; [[10672.83447807, -101.21098434,  419.9601194 ,  305.70285359,    -32.79420147,  -22.3152481 ,  414.76183489,  -16.12120037,    179.8832717 ,  129.42746654,  -41.66701595,   81.12977182,    147.83995472], [ -101.21098434, 1063.4294383 , -259.27441552,  -80.61580495,     31.54947716,    0.67173601,  -34.42111252,  -14.66955535,    -13.94558745,   -5.10353985,   -7.35169374,  -25.91206335,    -28.89363286], [  419.9601194 , -259.27441552,  534.21764246,   97.44410429,     99.91009268,   51.57167215,   34.28321109,   58.92072227,     33.07320374,   24.09294252,   55.16805227,   26.27193193,     11.93198419], [  305.70285359,  -80.61580495,   97.44410429,  215.31148505,     38.04763733,   29.10251984,   35.45912467,   43.57996432,     24.52585323,    6.47588026,   17.98389672,    8.47868989,      0.5824394 ], [  -32.79420147,   31.54947716,   99.91009268,   38.04763733,    155.84962127,   21.33231054,   18.34604626,   16.08807674,     19.72604154,    6.41444641,   12.93087912,    2.63131121,     -9.38030113], [  -22.3152481 ,    0.67173601,   51.57167215,   29.10251984,     21.33231054,  236.48741115,  -15.42546707,   88.11383177,     20.84829655,    7.05611345,   34.07252239,  -21.37225321,     22.05253853], [  414.76183489,  -34.42111252,   34.28321109,   35.45912467,     18.34604626,  -15.42546707,  203.59758912,  -19.52041736,     38.0297784 ,   35.41874514,  -31.60842976,   23.50607021,     17.87298123], [  -16.12120037,  -14.66955535,   58.92072227,   43.57996432,     16.08807674,   88.11383177,  -19.52041736,  146.13311055,     17.72948295,   -6.69560577,   33.912927  ,  -11.33707123,     10.52768871], [  179.8832717 ,  -13.94558745,   33.07320374,   24.52585323,     19.72604154,   20.84829655,   38.0297784 ,   17.72948295,    111.27880759,   33.60634728,  -11.18213085,   -7.7950741 ,     14.78667854], [  129.42746654,   -5.10353985,   24.09294252,    6.47588026,      6.41444641,    7.05611345,   35.41874514,   -6.69560577,     33.60634728,   80.61727494,    5.3750988 ,    0.73144435,      2.73557843], [  -41.66701595,   -7.35169374,   55.16805227,   17.98389672,     12.93087912,   34.07252239,  -31.60842976,   33.912927  ,    -11.18213085,    5.3750988 ,   98.68355823,   20.69701271,     -5.26956534], [   81.12977182,  -25.91206335,   26.27193193,    8.47868989,      2.63131121,  -21.37225321,   23.50607021,  -11.33707123,     -7.7950741 ,    0.73144435,   20.69701271,   78.89023377,     10.89459352], [  147.83995472,  -28.89363286,   11.93198419,    0.5824394 ,     -9.38030113,   22.05253853,   17.87298123,   10.52768871,     14.78667854,    2.73557843,   -5.26956534,   10.89459352,     77.85334543]]
/root/sim/music/out/Compilations/マクロスSONGコレクション2002 [Disc 1]/1-04 小白竜.mp3; [-683.40924   ,  92.66984   ,  -4.4397073 ,  28.500706  ,  10.597107  ,    9.627749  ,  16.857464  ,   2.1457222 ,   4.6440587 ,   0.24223983,   -7.673136  ,  -3.1894658 ,   2.1688962 ]; [[29716.4191072 , 3285.61422447, -253.505704  , 1116.79852232,    461.89522831,  475.62940905,  772.93508819, -357.31895838,    189.14927453,  153.51958758, -456.93219654, -219.75768929,    -81.81545252], [ 3285.61422447, 1732.08940086,  239.12548714,  434.0688203 ,    219.25423454,   57.1434096 ,  127.02111318, -151.51056697,     -2.59486297,   29.65083623,   19.78055253,    0.78304153,    -83.5541786 ], [ -253.505704  ,  239.12548714, 1074.20958525,  230.67868914,    301.21607499,   60.54655446,  -54.5631507 ,   20.27318402,    -65.17956472,  -37.50609375,   78.62224029,  -34.805831  ,   -129.5859559 ], [ 1116.79852232,  434.0688203 ,  230.67868914,  501.35744844,    195.39050363,    0.02009147,   34.20464219,  -24.69459717,      1.69837194,   10.33082838,   16.63590565,   18.36666565,    -42.28642652], [  461.89522831,  219.25423454,  301.21607499,  195.39050363,    270.22405883,  100.40797158,   16.98096125,    0.79854277,     -0.07078751,   12.48360285,   12.54739601,   -9.10437835,    -19.464564  ], [  475.62940905,   57.1434096 ,   60.54655446,    0.02009147,    100.40797158,  293.89889638,   69.08030615,   58.63522845,     -3.31378012,   11.49306818,  -26.23025825,  -38.68311263,     39.19367516], [  772.93508819,  127.02111318,  -54.5631507 ,   34.20464219,     16.98096125,   69.08030615,  163.11798533,   13.79122538,     37.71504051,   22.46424936,  -21.63492422,    8.91609518,      5.52832279], [ -357.31895838, -151.51056697,   20.27318402,  -24.69459717,      0.79854277,   58.63522845,   13.79122538,  208.26405877,     47.12500807,    7.83970615,   18.89902298,   -7.76229437,     30.4862698 ], [  189.14927453,   -2.59486297,  -65.17956472,    1.69837194,     -0.07078751,   -3.31378012,   37.71504051,   47.12500807,    121.15919032,   49.83781604,   18.51891935,    6.21571177,      5.26135688], [  153.51958758,   29.65083623,  -37.50609375,   10.33082838,     12.48360285,   11.49306818,   22.46424936,    7.83970615,     49.83781604,  129.17105651,   51.44348737,   12.71193351,    -10.40204608], [ -456.93219654,   19.78055253,   78.62224029,   16.63590565,     12.54739601,  -26.23025825,  -21.63492422,   18.89902298,     18.51891935,   51.44348737,  118.25125587,   36.7348682 ,     -9.26362273], [ -219.75768929,    0.78304153,  -34.805831  ,   18.36666565,     -9.10437835,  -38.68311263,    8.91609518,   -7.76229437,      6.21571177,   12.71193351,   36.7348682 ,  110.39108334,     43.96729553], [  -81.81545252,  -83.5541786 , -129.5859559 ,  -42.28642652,    -19.464564  ,   39.19367516,    5.52832279,   30.4862698 ,      5.26135688,  -10.40204608,   -9.26362273,   43.96729553,    125.13103058]]
/root/sim/music/out/Compilations/マクロスSONGコレクション2002 [Disc 1]/1-11 私の彼はパイロット PartⅡ.mp3; [-677.2817    , 100.913765  ,  12.170276  ,  31.222385  ,  -0.83158714,    6.3767104 ,  13.213614  ,  -6.3152127 ,   0.8476842 ,  -3.0286703 ,   -6.8234863 ,  -2.2413125 ,   1.2256285 ]; [[26813.51849828, 2433.64509796, -148.48444144,  785.71852035,   -549.85372456,  204.49473778,  570.62664248, -447.63001253,    154.99002052,  -58.9295976 , -183.47726434,  -15.20379633,    -34.84560405], [ 2433.64509796, 1404.22129381, -107.64183548,  193.05579684,     50.14013334,   73.59198963,   96.2935342 ,  -45.7314098 ,     44.16149153,   17.72458729,  -57.00530049,  -21.66512245,     23.71592641], [ -148.48444144, -107.64183548,  592.55122621,  135.28273318,    175.46178384,    2.25314991,  -38.02558806,   62.24683775,    -27.43083989,    6.72039855,   18.02190086,  -21.89220015,    -34.10189955], [  785.71852035,  193.05579684,  135.28273318,  435.29257218,    111.60403402,  -40.18317789,   47.03522053,   62.8227427 ,      5.03452894,  -37.5431578 ,   43.43504777,  -27.87029501,    -22.31311391], [ -549.85372456,   50.14013334,  175.46178384,  111.60403402,    271.33495194,   63.34359297,   -6.86524255,  117.0161335 ,     21.68239398,   20.87849372,   22.83249313,   -8.57778491,     -1.09171041], [  204.49473778,   73.59198963,    2.25314991,  -40.18317789,     63.34359297,  221.77865588,   72.52429491,   47.70746185,     15.45196105,   31.59468626,  -31.63569304,    8.51000726,     16.8540106 ], [  570.62664248,   96.2935342 ,  -38.02558806,   47.03522053,     -6.86524255,   72.52429491,  139.52576108,   18.82305569,     17.95327798,   17.44222006,   -2.73226908,    9.38244214,      8.45648498], [ -447.63001253,  -45.7314098 ,   62.24683775,   62.8227427 ,    117.0161335 ,   47.70746185,   18.82305569,  199.31547364,     31.04824725,   12.92677604,   14.04870672,   -7.0691674 ,     -2.14180075], [  154.99002052,   44.16149153,  -27.43083989,    5.03452894,     21.68239398,   15.45196105,   17.95327798,   31.04824725,    109.45842312,   24.35902586,    6.20762009,    4.30806773,     22.03500097], [  -58.9295976 ,   17.72458729,    6.72039855,  -37.5431578 ,     20.87849372,   31.59468626,   17.44222006,   12.92677604,     24.35902586,  104.73202462,   32.99217513,   20.05137403,     19.7920537 ], [ -183.47726434,  -57.00530049,   18.02190086,   43.43504777,     22.83249313,  -31.63569304,   -2.73226908,   14.04870672,      6.20762009,   32.99217513,  106.99310635,   37.90094766,      3.27220129], [  -15.20379633,  -21.66512245,  -21.89220015,  -27.87029501,     -8.57778491,    8.51000726,    9.38244214,   -7.0691674 ,      4.30806773,   20.05137403,   37.90094766,   95.93666741,     36.74593809], [  -34.84560405,   23.71592641,  -34.10189955,  -22.31311391,     -1.09171041,   16.8540106 ,    8.45648498,   -2.14180075,     22.03500097,   19.7920537 ,    3.27220129,   36.74593809,     95.45098307]]
/root/sim/music/out/Compilations/マクロスSONGコレクション2002 [Disc 1]/1-13 愛・おぼえていますか.mp3; [-613.1669    , 144.9287    ,  -6.1459093 ,  13.621145  , -12.775984  ,    2.0230377 ,   3.3349416 ,  -3.405099  ,  -1.4134855 ,   0.73225105,   -6.004798  ,  -0.8530092 ,  -2.2570198 ]; [[11660.36220911, -411.07448241, -319.04989723,  220.06535494,   -181.24321427,   35.9525405 ,  -88.06231177, -113.39830949,    -98.24046873, -109.38916139, -196.42733095, -104.61046821,   -100.05335155], [ -411.07448241, 1465.07239333, -163.63812492,  -72.51770534,      2.38239134,  -51.96641027,   55.4894109 ,  -16.61620982,     10.1247829 ,   10.03323692,    9.59313575,  -10.88465784,     10.20397169], [ -319.04989723, -163.63812492,  502.31469662,  106.93329695,     35.79265494,   86.96209339,  -25.91011352,   72.17652623,    -16.33609101,   -8.68226115,    1.28700334,  -16.98542793,    -39.85328349], [  220.06535494,  -72.51770534,  106.93329695,  366.10755008,     63.84552179,   25.74051539,   26.48941991,   42.99488329,     22.68711666,  -40.22094131,  -18.04046969,   12.77607235,    -48.59986807], [ -181.24321427,    2.38239134,   35.79265494,   63.84552179,    190.66605633,   36.24212715,   16.12183447,   33.15414181,     28.88054093,   -2.99030498,  -11.0198657 ,   16.40337304,     10.4489648 ], [   35.9525405 ,  -51.96641027,   86.96209339,   25.74051539,     36.24212715,  263.73763666,   -0.78693594,   76.96796633,     -7.21656908,   12.18016839,  -25.91367932,  -35.83036743,    -19.06917253], [  -88.06231177,   55.4894109 ,  -25.91011352,   26.48941991,     16.12183447,   -0.78693594,  143.40915387,   -6.62115301,     18.85532849,   -5.37127985,   -1.99656898,   13.80374508,     -4.09669432], [ -113.39830949,  -16.61620982,   72.17652623,   42.99488329,     33.15414181,   76.96796633,   -6.62115301,  163.53386664,     22.51844181,    1.53783423,   -3.31606131,   -1.33210565,    -14.8784221 ], [  -98.24046873,   10.1247829 ,  -16.33609101,   22.68711666,     28.88054093,   -7.21656908,   18.85532849,   22.51844181,    117.26254515,   12.30936671,  -14.11375347,   -1.26033539,      5.65285686], [ -109.38916139,   10.03323692,   -8.68226115,  -40.22094131,     -2.99030498,   12.18016839,   -5.37127985,    1.53783423,     12.30936671,   96.93685517,   28.21621681,   -2.36119844,      5.71555187], [ -196.42733095,    9.59313575,    1.28700334,  -18.04046969,    -11.0198657 ,  -25.91367932,   -1.99656898,   -3.31606131,    -14.11375347,   28.21621681,  102.20275908,   34.79915083,     -0.91074806], [ -104.61046821,  -10.88465784,  -16.98542793,   12.77607235,     16.40337304,  -35.83036743,   13.80374508,   -1.33210565,     -1.26033539,   -2.36119844,   34.79915083,  103.25385676,     22.64240009], [ -100.05335155,   10.20397169,  -39.85328349,  -48.59986807,     10.4489648 ,  -19.06917253,   -4.09669432,  -14.8784221 ,      5.65285686,    5.71555187,   -0.91074806,   22.64240009,     94.92570113]]
