/root/sim/music/out/Compilations/20th ANNIVERSARY OF PERSONA SERIES ALL T/5-06 尋問室.mp3; [-766.2751    , 158.96997   , -17.271547  ,  30.839006  ,   3.0401857 ,   -6.313035  , -12.389011  ,  -1.2732683 ,  -2.6866105 ,   4.1690135 ,   -0.29552007,  -2.3950768 ,  -1.8029958 ]; [[23535.5776407 , 2978.09797999, -904.98179185, 1024.87345581,   -217.72745795,  -23.32205263, -128.52613478,  279.40963302,   -192.47776664,  -36.21775987, -274.33331566, -258.3909279 ,   -207.3927729 ], [ 2978.09797999, 4574.74003148, 1226.82113922,  621.73175949,   1011.14714447,  582.30165482,  403.44485261,  408.66559335,    304.14046982,  -45.03419798, -180.79527789,   -6.17126184,    159.42294239], [ -904.98179185, 1226.82113922, 1328.73853802,  548.47263189,    704.53470703,  580.47049774,  518.87441363,  410.06039695,    304.12731965,  113.66998467,   24.35336646,   62.53978557,     80.62189667], [ 1024.87345581,  621.73175949,  548.47263189,  485.30558557,    342.21864882,  306.62599199,  281.72426712,  223.60744625,    150.48585243,  101.96432031,   39.24970934,   40.484761  ,     26.05301414], [ -217.72745795, 1011.14714447,  704.53470703,  342.21864882,    525.06284019,  379.91306144,  311.32790528,  249.86121858,    180.82051759,   44.3819739 ,   -6.78740218,   43.50626789,     73.16083117], [  -23.32205263,  582.30165482,  580.47049774,  306.62599199,    379.91306144,  374.69958925,  302.84116572,  229.33983795,    152.5927843 ,   59.36812651,   12.09222231,   41.42473899,     42.12173828], [ -128.52613478,  403.44485261,  518.87441363,  281.72426712,    311.32790528,  302.84116572,  313.38684413,  225.51576686,    145.18497982,   69.92889155,   27.40257996,   42.16088275,     37.10054482], [  279.40963302,  408.66559335,  410.06039695,  223.60744625,    249.86121858,  229.33983795,  225.51576686,  222.55655779,    135.00423229,   54.50158187,   17.15256305,   27.61145437,     30.48105217], [ -192.47776664,  304.14046982,  304.12731965,  150.48585243,    180.82051759,  152.5927843 ,  145.18497982,  135.00423229,    135.10057467,   66.27223075,   28.09721699,   27.99856983,     26.46944441], [  -36.21775987,  -45.03419798,  113.66998467,  101.96432031,     44.3819739 ,   59.36812651,   69.92889155,   54.50158187,     66.27223075,  103.07616785,   66.01966611,   26.09114227,     -0.52245349], [ -274.33331566, -180.79527789,   24.35336646,   39.24970934,     -6.78740218,   12.09222231,   27.40257996,   17.15256305,     28.09721699,   66.01966611,   95.68433175,   44.3662517 ,      1.50176008], [ -258.3909279 ,   -6.17126184,   62.53978557,   40.484761  ,     43.50626789,   41.42473899,   42.16088275,   27.61145437,     27.99856983,   26.09114227,   44.3662517 ,   73.13906025,     40.1661908 ], [ -207.3927729 ,  159.42294239,   80.62189667,   26.05301414,     73.16083117,   42.12173828,   37.10054482,   30.48105217,     26.46944441,   -0.52245349,    1.50176008,   40.1661908 ,     76.19542835]]
/root/sim/music/out/Compilations/20th ANNIVERSARY OF PERSONA SERIES ALL T/3-11 深層心理.mp3; [-622.43365  ,  88.59094  , -13.594921 ,  20.059536 ,   7.093215 ,    7.7788773,  -3.2548718,   5.2570057,  -7.096761 ,   1.0560917,   -7.8992453,  -2.77106  ,  -4.5454526]; [[25112.91821373,  836.79963756,  905.74821576,  -87.34260036,    250.386731  ,  184.16085105,   -8.29394419,  247.25081331,    -73.59453507,  -78.92871045, -334.70295265, -143.65025075,   -209.17484969], [  836.79963756, 2370.38687795,  244.01957483,  163.69920039,    130.83138861, -138.6731004 ,   89.18840181,   55.59055422,     44.94114433,   10.03239021,  -39.60092732,  -64.9541746 ,     -1.63223647], [  905.74821576,  244.01957483, 1700.86369118,  -48.13930401,    181.98825025,   69.25184626,   73.44044416,   20.98782057,     74.9186267 ,  -10.44167826,  -55.39368515,  -17.66834726,    -31.43918931], [  -87.34260036,  163.69920039,  -48.13930401,  934.06882945,     56.26969999,    9.59354859, -177.73628046,   29.92005196,    -79.56802837,   60.63595856,  -25.33727236,   28.23918165,    -73.62855041], [  250.386731  ,  130.83138861,  181.98825025,   56.26969999,    367.25089961,   64.78978911,   87.11075774,    9.7859321 ,     38.2311608 ,  -14.55228343,   21.77881143,    1.26425532,     -7.85350501], [  184.16085105, -138.6731004 ,   69.25184626,    9.59354859,     64.78978911,  235.28515097,   60.34909222,   38.93037432,     30.35475652,   32.98342429,   29.76898567,   40.52212344,     -3.21689965], [   -8.29394419,   89.18840181,   73.44044416, -177.73628046,     87.11075774,   60.34909222,  243.79381642,   73.17404178,    118.46135922,  -19.99579839,   43.28907435,  -11.24110816,     35.56377071], [  247.25081331,   55.59055422,   20.98782057,   29.92005196,      9.7859321 ,   38.93037432,   73.17404178,  136.38906524,     62.29852921,   16.0448888 ,   -9.66197797,   -1.71383411,     -1.3890377 ], [  -73.59453507,   44.94114433,   74.9186267 ,  -79.56802837,     38.2311608 ,   30.35475652,  118.46135922,   62.29852921,    140.91291827,   13.67146684,   34.83009176,    2.09399334,     28.18786527], [  -78.92871045,   10.03239021,  -10.44167826,   60.63595856,    -14.55228343,   32.98342429,  -19.99579839,   16.0448888 ,     13.67146684,   97.69407243,   32.03172026,   33.21581046,     -0.89639676], [ -334.70295265,  -39.60092732,  -55.39368515,  -25.33727236,     21.77881143,   29.76898567,   43.28907435,   -9.66197797,     34.83009176,   32.03172026,  108.05868189,   42.14200487,     35.62660831], [ -143.65025075,  -64.9541746 ,  -17.66834726,   28.23918165,      1.26425532,   40.52212344,  -11.24110816,   -1.71383411,      2.09399334,   33.21581046,   42.14200487,   71.7592087 ,     16.50112388], [ -209.17484969,   -1.63223647,  -31.43918931,  -73.62855041,     -7.85350501,   -3.21689965,   35.56377071,   -1.3890377 ,     28.18786527,   -0.89639676,   35.62660831,   16.50112388,     82.97168341]]
/root/sim/music/out/Compilations/20th ANNIVERSARY OF PERSONA SERIES ALL T/4-14 霧.mp3; [-562.47076   , 117.056435  , -19.875662  ,  44.06695   ,  12.611384  ,  -10.9403925 ,  -7.7513137 ,   3.1591656 ,   7.9112477 ,  -0.38056073,   -1.0673531 ,  -7.0660667 ,  -5.1889424 ]; [[15990.97166562,  355.37781472, -534.16510554,  829.66403608,    266.82224847, -377.96984261,  -99.99251125,  247.98614783,    339.55250883,   95.55147569,  -20.50865744, -155.11311578,   -150.91352725], [  355.37781472, 1095.58781872, -346.20024937,  258.03420142,    -44.83127354,   63.5025353 ,  -15.65657725,  -15.42495932,    -24.07768972,  -33.99193442,   18.62283043,    3.86564781,      7.59055909], [ -534.16510554, -346.20024937,  604.04502354, -291.94153409,     39.97508986,   55.5976099 ,   42.2908761 ,  -29.82254003,    -87.54540295,   -6.13843349,  -22.76435083,   31.83813535,     17.26070826], [  829.66403608,  258.03420142, -291.94153409,  389.08151078,     63.38747118,  -28.7152455 ,   12.32915672,   79.29999249,    121.4391715 ,   33.99826452,   31.86794634,  -24.23872875,    -19.58249629], [  266.82224847,  -44.83127354,   39.97508986,   63.38747118,    116.68344663,    1.07905462,   25.82836183,   34.90393504,     43.40648983,   23.62276319,   13.30966659,    1.20983427,     -1.74738897], [ -377.96984261,   63.5025353 ,   55.5976099 ,  -28.7152455 ,      1.07905462,   96.008168  ,   31.27834119,   -9.91870017,    -29.77263915,   -7.56493393,    4.74256671,   13.3979135 ,      8.62542846], [  -99.99251125,  -15.65657725,   42.2908761 ,   12.32915672,     25.82836183,   31.27834119,   70.82413533,   30.35637732,     16.95976446,    6.33864593,    3.49265547,    0.1445963 ,     -2.14168736], [  247.98614783,  -15.42495932,  -29.82254003,   79.29999249,     34.90393504,   -9.91870017,   30.35637732,   87.64318591,     66.49088947,   25.98814131,    3.9298137 ,  -12.92768361,    -12.21102405], [  339.55250883,  -24.07768972,  -87.54540295,  121.4391715 ,     43.40648983,  -29.77263915,   16.95976446,   66.49088947,    122.07889961,   47.45687663,   14.61990819,  -21.51724039,    -14.65086768], [   95.55147569,  -33.99193442,   -6.13843349,   33.99826452,     23.62276319,   -7.56493393,    6.33864593,   25.98814131,     47.45687663,   67.7175638 ,   30.94912386,   -0.87204563,     -1.36196796], [  -20.50865744,   18.62283043,  -22.76435083,   31.86794634,     13.30966659,    4.74256671,    3.49265547,    3.9298137 ,     14.61990819,   30.94912386,   60.55215631,   26.75230856,      6.67926167], [ -155.11311578,    3.86564781,   31.83813535,  -24.23872875,      1.20983427,   13.3979135 ,    0.1445963 ,  -12.92768361,    -21.51724039,   -0.87204563,   26.75230856,   57.39621245,     29.97326115], [ -150.91352725,    7.59055909,   17.26070826,  -19.58249629,     -1.74738897,    8.62542846,   -2.14168736,  -12.21102405,    -14.65086768,   -1.36196796,    6.67926167,   29.97326115,     55.91797832]]
/root/sim/music/out/Compilations/20th ANNIVERSARY OF PERSONA SERIES ALL T/5-01 Wake Up Get Up Get Out There.mp3; [-609.3659   , 117.540184 ,  14.415524 ,  29.693909 ,  16.807688 ,    4.966188 ,   5.1689444,   0.3538607,  -1.6957774,   2.5127928,   -7.181903 ,  -7.9455614,  -4.0021853]; [[25658.96286831, 1831.19633427,    6.01038261, -100.1833488 ,    574.07775327,   86.66716287, -147.97557694,   82.60496656,   -431.40438474,   62.54596994, -178.04865865, -204.37270535,    137.73547905], [ 1831.19633427, 1946.27348868, -259.30930392,  325.01808936,     29.30607681,   15.45514586,  144.68117457,  -30.44675986,     30.03548533,   -2.40535994,  -56.05951951,  -89.33758606,    -91.6520672 ], [    6.01038261, -259.30930392, 1091.3797872 ,  -53.49727371,     33.52916132,  130.02500623,  -31.60285296,  -39.79410844,     37.32472891,   26.97597647,  -40.68945804,  -18.78882636,    -51.18950077], [ -100.1833488 ,  325.01808936,  -53.49727371,  566.30899914,     42.36453645,  -52.88704648,   55.51184778,  -45.00196811,     43.24080381,  -17.51392729,    0.30348992,   33.54040063,    -23.67939401], [  574.07775327,   29.30607681,   33.52916132,   42.36453645,    208.38068968,   47.02632732,  -15.20567185,   33.36013212,    -22.53645906,    5.42165635,   -2.55040101,    0.77626421,     20.62365085], [   86.66716287,   15.45514586,  130.02500623,  -52.88704648,     47.02632732,  205.53880523,   42.21323624,   -8.95199638,      5.36930518,   10.63174591,    3.94915297,  -17.02792799,     -0.36780232], [ -147.97557694,  144.68117457,  -31.60285296,   55.51184778,    -15.20567185,   42.21323624,  140.10859383,   31.78284004,     -1.00941538,    6.65347206,   13.9157304 ,   -0.12634249,     -7.98302926], [   82.60496656,  -30.44675986,  -39.79410844,  -45.00196811,     33.36013212,   -8.95199638,   31.78284004,  130.12833687,     11.19486747,    6.09863025,    8.91178404,   -5.97155702,     21.01187956], [ -431.40438474,   30.03548533,   37.32472891,   43.24080381,    -22.53645906,    5.36930518,   -1.00941538,   11.19486747,    120.8127786 ,   26.76552403,  -12.32531157,   -8.54051357,    -27.42538722], [   62.54596994,   -2.40535994,   26.97597647,  -17.51392729,      5.42165635,   10.63174591,    6.65347206,    6.09863025,     26.76552403,   65.17992903,   16.83794757,   -6.04420336,     -6.01621578], [ -178.04865865,  -56.05951951,  -40.68945804,    0.30348992,     -2.55040101,    3.94915297,   13.9157304 ,    8.91178404,    -12.32531157,   16.83794757,   73.64637687,   31.5770451 ,      7.73454569], [ -204.37270535,  -89.33758606,  -18.78882636,   33.54040063,      0.77626421,  -17.02792799,   -0.12634249,   -5.97155702,     -8.54051357,   -6.04420336,   31.5770451 ,   83.52617908,     35.41052593], [  137.73547905,  -91.6520672 ,  -51.18950077,  -23.67939401,     20.62365085,   -0.36780232,   -7.98302926,   21.01187956,    -27.42538722,   -6.01621578,    7.73454569,   35.41052593,     90.02792039]]
/root/sim/music/out/Compilations/20th ANNIVERSARY OF PERSONA SERIES ALL T/1-19 Kandori's Theme - Silence.mp3; [-637.59845  , 104.745415 ,   5.6539245,  18.378633 ,   2.1096966,   17.367123 ,   6.4626203,  16.89234  ,   7.694999 ,   9.89457  ,    6.9114327,   6.1082983,   8.405603 ]; [[17177.57403557, 1938.7327999 ,    5.24207408, -156.53297744,   -306.01404574, -177.02319326, -129.39973215,    1.20210456,     23.69964336,   37.70270924,   32.17644794,   45.37341839,     59.48688349], [ 1938.7327999 , 1314.79390626,   34.6664494 ,  365.72662023,    117.37440321,   34.51996932,  106.6201817 ,  -17.29746948,     26.2294196 ,  -36.88218211,  -30.20673709,   22.4428382 ,    -10.31013202], [    5.24207408,   34.6664494 ,  544.44448867,  193.93089114,    148.79563273,   95.80744109,   54.0295293 ,   39.9685541 ,      1.05102516,  -22.81309119,  -26.19003709,  -29.05619076,      4.64979371], [ -156.53297744,  365.72662023,  193.93089114,  339.8801318 ,    152.51157419,   86.51287027,   91.43151632,   33.34773495,     34.43643912,    7.50140542,  -10.25283006,   10.88596257,      9.59312878], [ -306.01404574,  117.37440321,  148.79563273,  152.51157419,    204.61464668,  141.6005367 ,   66.16046695,   23.55703783,     23.30767139,   11.1664249 ,   31.62417798,   13.84331512,      3.83776879], [ -177.02319326,   34.51996932,   95.80744109,   86.51287027,    141.6005367 ,  194.99689146,   79.40976559,   49.03170548,     12.02862729,   16.69982578,   20.63954437,   16.56602896,      7.69602707], [ -129.39973215,  106.6201817 ,   54.0295293 ,   91.43151632,     66.16046695,   79.40976559,  110.30151016,   44.38098241,     27.50708042,    3.82473938,    2.61764594,   10.13844687,     21.26106827], [    1.20210456,  -17.29746948,   39.9685541 ,   33.34773495,     23.55703783,   49.03170548,   44.38098241,   93.87053311,     43.55434067,   39.70194649,   20.13471663,    9.05672889,     18.47830291], [   23.69964336,   26.2294196 ,    1.05102516,   34.43643912,     23.30767139,   12.02862729,   27.50708042,   43.55434067,     85.25490042,   55.01311109,   37.90658384,   21.56760762,     25.40660559], [   37.70270924,  -36.88218211,  -22.81309119,    7.50140542,     11.1664249 ,   16.69982578,    3.82473938,   39.70194649,     55.01311109,  101.67048971,   67.27511225,   30.972141  ,     17.48983589], [   32.17644794,  -30.20673709,  -26.19003709,  -10.25283006,     31.62417798,   20.63954437,    2.61764594,   20.13471663,     37.90658384,   67.27511225,  103.84239025,   52.45028174,     17.43255368], [   45.37341839,   22.4428382 ,  -29.05619076,   10.88596257,     13.84331512,   16.56602896,   10.13844687,    9.05672889,     21.56760762,   30.972141  ,   52.45028174,   92.88444552,     50.14978719], [   59.48688349,  -10.31013202,    4.64979371,    9.59312878,      3.83776879,    7.69602707,   21.26106827,   18.47830291,     25.40660559,   17.48983589,   17.43255368,   50.14978719,     84.51196321]]
/root/sim/music/out/Compilations/20th ANNIVERSARY OF PERSONA SERIES ALL T/1-02 Elly's Theme.mp3; [-621.95     ,  98.880264 ,  16.842224 ,  22.435331 ,  11.5156975,   29.420252 ,   7.801941 ,  16.90417  ,  -2.4534855,   1.5374408,   -1.5449458,   1.2966338,   1.318343 ]; [[20424.17189796, 1327.89877509,   89.87887455,  402.25898991,     14.04752897,  204.89409339,  -72.01330083,  213.5034217 ,     55.09160295,  226.24023935,   84.33758925,   39.52443857,    -31.92078604], [ 1327.89877509,  927.06089356,  -11.95022057,  131.70925776,     69.3989738 ,  116.36739193,   33.4341347 ,   32.50551493,    -19.5495115 ,   -7.05344948,  -33.25442252,    8.14989499,    -11.92492413], [   89.87887455,  -11.95022057,  475.35437423,  -15.25546721,     77.23358432,  118.20213978,   -8.35811445,   64.27058904,    -46.76176193,  -35.86561555,   -8.26842912,  -37.93434053,     25.14272898], [  402.25898991,  131.70925776,  -15.25546721,  203.14835784,     66.81420557,   -3.24708708,   16.50333115,   -5.35138247,     23.4103689 ,    3.55025231,  -13.67575844,   -1.19032789,    -16.69515672], [   14.04752897,   69.3989738 ,   77.23358432,   66.81420557,    134.40729931,  113.52405355,   19.76526447,   22.43124262,     20.87840211,   18.1602905 ,  -10.00266696,  -20.84385949,      4.18480266], [  204.89409339,  116.36739193,  118.20213978,   -3.24708708,    113.52405355,  220.96603695,   90.41802396,   53.19359906,    -12.46326519,    4.75341416,   -4.38921523,   -6.28551025,     12.79291814], [  -72.01330083,   33.4341347 ,   -8.35811445,   16.50333115,     19.76526447,   90.41802396,  140.09300611,   54.95983777,    -16.25957248,  -19.06892242,    1.4276967 ,   23.98358762,     15.3781456 ], [  213.5034217 ,   32.50551493,   64.27058904,   -5.35138247,     22.43124262,   53.19359906,   54.95983777,  141.00629727,     39.77283725,   -8.86496141,  -11.12754759,   -1.30288671,     26.71643777], [   55.09160295,  -19.5495115 ,  -46.76176193,   23.4103689 ,     20.87840211,  -12.46326519,  -16.25957248,   39.77283725,    112.66508484,   74.72146156,   10.73753884,   -4.01965125,      1.08513359], [  226.24023935,   -7.05344948,  -35.86561555,    3.55025231,     18.1602905 ,    4.75341416,  -19.06892242,   -8.86496141,     74.72146156,  134.23524181,   72.28644494,   21.84832184,     -1.06826215], [   84.33758925,  -33.25442252,   -8.26842912,  -13.67575844,    -10.00266696,   -4.38921523,    1.4276967 ,  -11.12754759,     10.73753884,   72.28644494,  107.23128301,   61.98752255,      3.93348582], [   39.52443857,    8.14989499,  -37.93434053,   -1.19032789,    -20.84385949,   -6.28551025,   23.98358762,   -1.30288671,     -4.01965125,   21.84832184,   61.98752255,   88.53741993,     38.52025588], [  -31.92078604,  -11.92492413,   25.14272898,  -16.69515672,      4.18480266,   12.79291814,   15.3781456 ,   26.71643777,      1.08513359,   -1.06826215,    3.93348582,   38.52025588,     96.95950188]]
/root/sim/music/out/Compilations/20th ANNIVERSARY OF PERSONA SERIES ALL T/1-05 Satomi Tadashi Pharmacy Song.mp3; [-824.1588    , 117.993904  ,  17.237974  ,  26.240175  ,  -2.6795628 ,   -1.0105034 ,  10.15022   ,   9.512173  ,   8.157249  ,  -1.081396  ,    0.60217124,  -7.2640715 ,  -1.8139268 ]; [[41767.44594612, 3508.93119296, 1017.84196051, 1705.21963527,    352.90975469,  230.70912831,  781.00915419,  259.66801589,    441.71344356, -205.62529813,  246.8410296 , -269.42144891,     41.45025436], [ 3508.93119296, 4586.94318371, -917.91368825,  562.83079116,   -580.74607284,   69.37933983,   24.12290975,  156.65435173,    -88.61343169,   89.50307877,  -18.34052496,   26.60971491,    -72.79547764], [ 1017.84196051, -917.91368825, 1452.07751777,  262.20854654,    483.40348317,  120.79901959,  110.19132141,  138.8048439 ,    190.0703124 ,  -69.05819888,   76.46797189,   41.23889043,    131.56534123], [ 1705.21963527,  562.83079116,  262.20854654, 1023.82078609,    318.11364051,  238.6498502 ,   11.3180451 ,   34.7472913 ,     -0.72221251,  -42.10462329,    9.16730925,   57.51041808,     28.46962027], [  352.90975469, -580.74607284,  483.40348317,  318.11364051,    677.84120382,  197.42478429,   43.6605564 ,   25.39117769,    122.06215235,  -24.07126779,   51.77012657,    2.10116419,     56.72859266], [  230.70912831,   69.37933983,  120.79901959,  238.6498502 ,    197.42478429,  524.99586816,  133.1840802 ,  146.36992685,    107.10757215,   21.50166207,   18.79082969,   67.45113767,     24.88655579], [  781.00915419,   24.12290975,  110.19132141,   11.3180451 ,     43.6605564 ,  133.1840802 ,  360.65025076,  169.0824863 ,    118.15719874,   28.42963372,    0.27768023,   23.03348694,     43.01071129], [  259.66801589,  156.65435173,  138.8048439 ,   34.7472913 ,     25.39117769,  146.36992685,  169.0824863 ,  397.15155767,    164.05213629,   38.36144361,    9.03332933,   21.61601327,     20.3188992 ], [  441.71344356,  -88.61343169,  190.0703124 ,   -0.72221251,    122.06215235,  107.10757215,  118.15719874,  164.05213629,    343.53847636,  132.45838589,   55.38952257,   23.99108624,     27.15319977], [ -205.62529813,   89.50307877,  -69.05819888,  -42.10462329,    -24.07126779,   21.50166207,   28.42963372,   38.36144361,    132.45838589,  222.9929025 ,   86.28977485,   51.39690266,     -9.27163763], [  246.8410296 ,  -18.34052496,   76.46797189,    9.16730925,     51.77012657,   18.79082969,    0.27768023,    9.03332933,     55.38952257,   86.28977485,  141.08144177,   82.28864576,     25.70273308], [ -269.42144891,   26.60971491,   41.23889043,   57.51041808,      2.10116419,   67.45113767,   23.03348694,   21.61601327,     23.99108624,   51.39690266,   82.28864576,  160.80618815,     77.70782598], [   41.45025436,  -72.79547764,  131.56534123,   28.46962027,     56.72859266,   24.88655579,   43.01071129,   20.3188992 ,     27.15319977,   -9.27163763,   25.70273308,   77.70782598,    139.32440343]]
/root/sim/music/out/Compilations/20th ANNIVERSARY OF PERSONA SERIES ALL T/1-06 Battle - Hospital (Before the D.mp3; [-787.7935   , 144.64854  , -20.261255 ,   2.4830885, -12.443281 ,    5.289396 ,  -4.413098 ,  -1.413306 ,  -7.5960317,   0.7106158,   -4.35184  ,  -0.3168271,  -2.564713 ]; [[21790.2340733 , 2875.74928808, -358.69241672,  380.73164243,   -201.3281205 ,  346.54168677, -177.85259845,  -24.01272466,   -203.18932254,  204.40356869,   27.96831727,  278.59565255,    166.49249177], [ 2875.74928808, 3212.07421378, -562.67281153,  578.00212916,    115.40352416,   40.16111916,  -35.26460799, -108.85284406,    -42.36953188,  -50.03321004, -141.87003977, -112.63344297,    -97.679953  ], [ -358.69241672, -562.67281153, 1193.77841981,  -45.3082813 ,    264.89991207,  139.19216928,   96.90067936,   76.98340639,     20.0327798 ,    7.62092436,   62.19906378,   22.19688324,     31.43264517], [  380.73164243,  578.00212916,  -45.3082813 ,  474.9970403 ,    107.62588867,   73.54841094,   25.9208319 ,   59.3518604 ,     19.5592782 ,  -38.63578993,  -65.73351396,  -34.57300217,    -22.73374548], [ -201.3281205 ,  115.40352416,  264.89991207,  107.62588867,    319.87737144,   90.03037249,   70.98017981,   66.99140243,     83.77350364,   47.25834685,  -25.39542385,  -55.74644212,    -31.34154248], [  346.54168677,   40.16111916,  139.19216928,   73.54841094,     90.03037249,  198.01128087,   67.31460539,   39.01815899,     22.03413564,   45.76210273,   39.62131343,    7.31615249,      4.37644963], [ -177.85259845,  -35.26460799,   96.90067936,   25.9208319 ,     70.98017981,   67.31460539,  196.47120405,   96.48857419,     34.81487501,  -15.02177542,   17.83238673,   40.46466876,     68.27762897], [  -24.01272466, -108.85284406,   76.98340639,   59.3518604 ,     66.99140243,   39.01815899,   96.48857419,  207.17478172,     90.63407256,   19.62479741,  -28.93886431,    2.50239783,     28.82770185], [ -203.18932254,  -42.36953188,   20.0327798 ,   19.5592782 ,     83.77350364,   22.03413564,   34.81487501,   90.63407256,    204.77419519,   90.07531083,  -15.58302445,  -41.45990947,      3.56055529], [  204.40356869,  -50.03321004,    7.62092436,  -38.63578993,     47.25834685,   45.76210273,  -15.02177542,   19.62479741,     90.07531083,  175.68801757,   55.03837003,   -9.6656429 ,    -32.27632474], [   27.96831727, -141.87003977,   62.19906378,  -65.73351396,    -25.39542385,   39.62131343,   17.83238673,  -28.93886431,    -15.58302445,   55.03837003,  204.66600627,  115.54023323,     35.88408394], [  278.59565255, -112.63344297,   22.19688324,  -34.57300217,    -55.74644212,    7.31615249,   40.46466876,    2.50239783,    -41.45990947,   -9.6656429 ,  115.54023323,  222.97200029,     96.89574055], [  166.49249177,  -97.679953  ,   31.43264517,  -22.73374548,    -31.34154248,    4.37644963,   68.27762897,   28.82770185,      3.56055529,  -32.27632474,   35.88408394,   96.89574055,    201.37871688]]
/root/sim/music/out/Compilations/20th ANNIVERSARY OF PERSONA SERIES ALL T/1-30 Poem for Everyone's Souls.mp3; [-733.01105  , 153.23953  , -40.377758 ,  27.600391 , -17.525621 ,   -4.804665 ,  -5.3602085,  -3.6234481,  -9.522969 ,  -1.9164325,   -3.7688446,  -6.9416   ,  -6.1106434]; [[19369.92557074,  734.06778682,  403.60794295,  334.44552578,    262.42311025,  738.76634434,  580.35962561,  972.53893612,    494.62123656,  783.29424633,  475.49800833,  463.79069456,    418.91689081], [  734.06778682, 1674.24920224, -162.92893336,  310.90178915,     -6.0780965 , -161.31242672,   37.62170837,  -79.86710659,   -260.08298817, -150.81223367,  -52.27406211,  -59.93521702,     -3.13391718], [  403.60794295, -162.92893336,  503.61282291,   55.38318452,    236.3003006 ,  154.74689644,   90.14249572,  145.24507845,    179.44239433,   80.68935843,   30.23135019,   84.89882328,     71.99087794], [  334.44552578,  310.90178915,   55.38318452,  257.35289202,     45.61341064,  -10.18837705,  -28.43954234,  -46.82176301,    -58.03557654,  -63.0998616 ,  -25.64016617,   26.07817605,     34.76179727], [  262.42311025,   -6.0780965 ,  236.3003006 ,   45.61341064,    246.59751991,  109.79281796,   68.34307182,   67.18654993,     86.78351545,   41.03566994,    5.21653206,   17.63749242,     11.93784121], [  738.76634434, -161.31242672,  154.74689644,  -10.18837705,    109.79281796,  237.47011415,   77.02329049,   97.2146941 ,    166.16995012,  129.22731471,   61.39983822,   32.08275406,    -11.3472005 ], [  580.35962561,   37.62170837,   90.14249572,  -28.43954234,     68.34307182,   77.02329049,  196.75796346,  148.14056906,     36.85916514,   92.88451671,   76.65803827,   34.05443903,     25.41884769], [  972.53893612,  -79.86710659,  145.24507845,  -46.82176301,     67.18654993,   97.2146941 ,  148.14056906,  227.02231225,    126.32674276,  125.73660688,   74.75527414,   43.65866542,     45.05330356], [  494.62123656, -260.08298817,  179.44239433,  -58.03557654,     86.78351545,  166.16995012,   36.85916514,  126.32674276,    267.79482936,  149.85107236,   37.60831358,    7.77884545,    -20.75824728], [  783.29424633, -150.81223367,   80.68935843,  -63.0998616 ,     41.03566994,  129.22731471,   92.88451671,  125.73660688,    149.85107236,  206.30635073,  113.66695892,   19.72200295,    -20.10906701], [  475.49800833,  -52.27406211,   30.23135019,  -25.64016617,      5.21653206,   61.39983822,   76.65803827,   74.75527414,     37.60831358,  113.66695892,  147.34239986,   70.37918014,     15.14325003], [  463.79069456,  -59.93521702,   84.89882328,   26.07817605,     17.63749242,   32.08275406,   34.05443903,   43.65866542,      7.77884545,   19.72200295,   70.37918014,  174.86311987,    112.85357274], [  418.91689081,   -3.13391718,   71.99087794,   34.76179727,     11.93784121,  -11.3472005 ,   25.41884769,   45.05330356,    -20.75824728,  -20.10906701,   15.14325003,  112.85357274,    186.30347421]]
/root/sim/music/out/Compilations/20th ANNIVERSARY OF PERSONA SERIES ALL T/1-24 Yukino's Theme.mp3; [-726.5542    , 156.86174   ,  40.961296  ,  29.365114  ,   1.450631  ,    1.3423463 ,  -5.8804903 ,  -0.72377676,  -4.0909896 ,   1.8410752 ,    1.950256  ,   2.191895  ,   4.1964517 ]; [[24456.59048041,-2806.02375132,-2871.19555362,-1090.96072452,    124.35808136, 1379.65802346,  962.90946438,  704.05217956,   1132.20562657, 1057.32495493,  252.99530025, -389.60374915,    495.66050583], [-2806.02375132, 2881.9815511 , 1222.02977813,  659.22785381,     49.4793887 , -316.90970959, -339.6216072 , -260.91137862,   -398.82558327, -322.7179621 , -121.23290747,  164.38980813,    -94.48395204], [-2871.19555362, 1222.02977813, 1564.92250241,  457.38431452,     73.88627498, -394.86124483, -308.43132103, -234.76276621,   -348.64615731, -290.83325199,  -20.32139759,   88.61837889,   -138.45251294], [-1090.96072452,  659.22785381,  457.38431452,  479.01470473,     21.93454783, -146.21163762,  -72.87562873, -100.93145218,   -192.55917541,  -91.52097645,  -29.75443021,   55.79424407,    -30.77597439], [  124.35808136,   49.4793887 ,   73.88627498,   21.93454783,    222.2967295 ,   42.91872801,   -6.0970646 ,  -51.3441462 ,    -81.33279674,   18.5411041 ,   64.70137281,  -17.19695874,    -10.93156663], [ 1379.65802346, -316.90970959, -394.86124483, -146.21163762,     42.91872801,  406.89714726,  142.86476142,   28.79617457,    145.49993031,  125.32915048,    6.68491274,  -55.78035875,     61.3186204 ], [  962.90946438, -339.6216072 , -308.43132103,  -72.87562873,     -6.0970646 ,  142.86476142,  221.42383709,  101.08867603,    132.96786818,   94.99279408,    7.9047712 ,  -31.3547562 ,     30.98952115], [  704.05217956, -260.91137862, -234.76276621, -100.93145218,    -51.3441462 ,   28.79617457,  101.08867603,  279.95939964,    212.80061682,  -12.61405867,  -88.25684096,   12.21500287,     30.48620665], [ 1132.20562657, -398.82558327, -348.64615731, -192.55917541,    -81.33279674,  145.49993031,  132.96786818,  212.80061682,    344.39660242,   79.57224543,  -72.51659721,  -28.91743507,     69.10110092], [ 1057.32495493, -322.7179621 , -290.83325199,  -91.52097645,     18.5411041 ,  125.32915048,   94.99279408,  -12.61405867,     79.57224543,  213.3996739 ,  111.65414967,  -37.66056089,     42.92882524], [  252.99530025, -121.23290747,  -20.32139759,  -29.75443021,     64.70137281,    6.68491274,    7.9047712 ,  -88.25684096,    -72.51659721,  111.65414967,  198.26309087,    1.70657426,    -11.23549764], [ -389.60374915,  164.38980813,   88.61837889,   55.79424407,    -17.19695874,  -55.78035875,  -31.3547562 ,   12.21500287,    -28.91743507,  -37.66056089,    1.70657426,  125.09422149,      6.89650182], [  495.66050583,  -94.48395204, -138.45251294,  -30.77597439,    -10.93156663,   61.3186204 ,   30.98952115,   30.48620665,     69.10110092,   42.92882524,  -11.23549764,    6.89650182,    127.53443415]]
/root/sim/music/out/Compilations/20th ANNIVERSARY OF PERSONA SERIES ALL T/1-22 Battle - Pandora.mp3; [-659.6076    , 140.46477   ,  13.345044  ,  33.839577  ,   6.83842   ,   15.674     ,   6.571732  ,  13.568863  ,   8.502592  ,   7.035536  ,    0.73162967,   3.985518  ,  -0.6065269 ]; [[17068.36849135,-4612.70234934,  713.26045052, 1615.08408667,    227.0523155 , 1194.32586954,  829.55369816,  741.91449412,    162.19837538,  243.80447573,  140.66682733,  207.33862721,     97.30508099], [-4612.70234934, 4113.60317332, -745.75208872, -504.70389821,     40.22171474, -520.43601972, -373.03214417, -250.03414675,    -46.50626693, -100.27405689,  -21.96415319,  -26.43602266,    -69.1436758 ], [  713.26045052, -745.75208872,  534.58316358, -130.83711078,    -40.94318308,   34.78098762,   47.99924937,    8.01567319,     31.29550459,   38.93849784,   -1.90631996,   -1.50273142,     18.73926576], [ 1615.08408667, -504.70389821, -130.83711078,  617.21000776,     40.23321282,  302.91498152,   77.60478461,  105.26217987,      8.69430597,    8.38039847,   11.05829931,   43.89329522,     13.56399674], [  227.0523155 ,   40.22171474,  -40.94318308,   40.23321282,    299.50128458,    2.14613322,   80.30472457,   58.19517642,     -8.40660013,   -6.40928982,   14.20961084,   33.10254642,    -39.58224991], [ 1194.32586954, -520.43601972,   34.78098762,  302.91498152,      2.14613322,  296.96234288,   69.21857234,   91.21950512,     12.10068243,   39.32732678,   11.4157669 ,   12.05452505,     30.49744747], [  829.55369816, -373.03214417,   47.99924937,   77.60478461,     80.30472457,   69.21857234,  186.22272438,   68.85165823,     21.7959514 ,    9.30753907,   23.94382564,   30.91926524,     -4.89637677], [  741.91449412, -250.03414675,    8.01567319,  105.26217987,     58.19517642,   91.21950512,   68.85165823,  133.91976393,      0.7853502 ,   17.74658627,    5.32877227,   27.89206081,     -9.85158941], [  162.19837538,  -46.50626693,   31.29550459,    8.69430597,     -8.40660013,   12.10068243,   21.7959514 ,    0.7853502 ,     65.15396493,   11.58724803,   15.65399695,    2.77284334,      6.23470308], [  243.80447573, -100.27405689,   38.93849784,    8.38039847,     -6.40928982,   39.32732678,    9.30753907,   17.74658627,     11.58724803,   73.32618916,   15.96013936,   -1.96271093,     24.4207118 ], [  140.66682733,  -21.96415319,   -1.90631996,   11.05829931,     14.20961084,   11.4157669 ,   23.94382564,    5.32877227,     15.65399695,   15.96013936,   62.72703857,    9.20950457,     14.08044121], [  207.33862721,  -26.43602266,   -1.50273142,   43.89329522,     33.10254642,   12.05452505,   30.91926524,   27.89206081,      2.77284334,   -1.96271093,    9.20950457,   79.14669984,    -13.71138982], [   97.30508099,  -69.1436758 ,   18.73926576,   13.56399674,    -39.58224991,   30.49744747,   -4.89637677,   -9.85158941,      6.23470308,   24.4207118 ,   14.08044121,  -13.71138982,     68.94944467]]
/root/sim/music/out/Compilations/20th ANNIVERSARY OF PERSONA SERIES ALL T/1-31 Legends Awaken - ATLUS Kuzuka R.mp3; [-688.13586   , 161.3147    ,  -6.193082  ,   8.704594  ,  -1.9744437 ,    7.5132217 ,  -0.09765185,   6.367374  ,   2.1054096 ,   5.3534093 ,   -1.736518  ,   1.0789472 ,  -0.66579366]; [[22969.10619868, -624.49175252,  169.00285474,  281.02818029,   -215.34827716,  270.27701159,  -72.94048185,  178.63217295,   -230.16923358, -145.3603184 ,  -87.2035255 ,  295.21214835,    161.26317608], [ -624.49175252, 1889.6343729 , -276.55333293,  117.20458551,     35.52373851,  -27.04360057,  -44.49107386,    1.72023535,     43.47969629,  109.46944756,   70.52890888,   58.58451305,     25.16606186], [  169.00285474, -276.55333293,  724.70749667,  -35.07688642,    162.98604587,   63.45421143,   21.67185285,   23.0081677 ,    -15.03729266,  -16.46366185,    3.23088426,   51.56803431,    -17.31900001], [  281.02818029,  117.20458551,  -35.07688642,  228.60124246,     21.30296933,   33.05365033,   -4.87222402,   -5.02081319,    -16.72963916,   -5.63386304,   28.93543699,   43.43991465,     49.65428526], [ -215.34827716,   35.52373851,  162.98604587,   21.30296933,    188.97392635,   59.73052418,   34.5549605 ,    6.60852701,     10.87656808,    7.54333709,   21.80799699,   21.14516473,     13.824143  ], [  270.27701159,  -27.04360057,   63.45421143,   33.05365033,     59.73052418,  115.45565854,   37.21821227,   14.50774694,     -6.53025111,   -3.59782433,    7.26919704,   11.14544094,      8.41957326], [  -72.94048185,  -44.49107386,   21.67185285,   -4.87222402,     34.5549605 ,   37.21821227,  101.35630585,   38.13635829,     17.20509907,   -8.91901414,    2.18920018,   -5.09363206,      6.31812672], [  178.63217295,    1.72023535,   23.0081677 ,   -5.02081319,      6.60852701,   14.50774694,   38.13635829,   78.6197836 ,     27.83172841,   -4.92489337,   -8.25866524,   -0.08777305,      5.61583455], [ -230.16923358,   43.47969629,  -15.03729266,  -16.72963916,     10.87656808,   -6.53025111,   17.20509907,   27.83172841,     92.12586962,   42.76609008,   10.5397856 ,  -23.28804204,     -3.33840529], [ -145.3603184 ,  109.46944756,  -16.46366185,   -5.63386304,      7.54333709,   -3.59782433,   -8.91901414,   -4.92489337,     42.76609008,  110.37938067,   46.89862286,   -1.69635938,    -20.75122688], [  -87.2035255 ,   70.52890888,    3.23088426,   28.93543699,     21.80799699,    7.26919704,    2.18920018,   -8.25866524,     10.5397856 ,   46.89862286,  103.82180752,   55.00175592,     17.30692281], [  295.21214835,   58.58451305,   51.56803431,   43.43991465,     21.14516473,   11.14544094,   -5.09363206,   -0.08777305,    -23.28804204,   -1.69635938,   55.00175592,  113.74061768,     57.51131396], [  161.26317608,   25.16606186,  -17.31900001,   49.65428526,     13.824143  ,    8.41957326,    6.31812672,    5.61583455,     -3.33840529,  -20.75122688,   17.30692281,   57.51131396,    117.03508766]]
/root/sim/music/out/Compilations/20th ANNIVERSARY OF PERSONA SERIES ALL T/1-23 Snow Queen's Theme - Main.mp3; [-642.74963  , 153.9253   ,  -9.092576 ,  40.864544 ,   3.5606322,   16.28331  ,  -0.9118886,   3.1111052,   6.1677756,  13.041817 ,   -6.324646 ,   7.6954618,   8.878449 ]; [[18975.66951297, 2792.78435233, -391.87250098,  952.00199924,    -69.61579271,  390.65699582, -171.50922867,   77.03527188,     99.40624701,  309.57477269, -190.28319079,  142.9383866 ,    141.92281832], [ 2792.78435233, 1149.12183145, -179.58930095,  243.70165518,    -14.12459726,   68.48667194,   90.34594441,   25.93319213,    -11.83554982,   20.24537056,  -15.81917747,   -0.33252799,     22.33845564], [ -391.87250098, -179.58930095,  191.90259426,  -43.34730573,     36.50794055,  -22.63676429,  -27.5802416 ,   14.73554251,     35.48645971,  -16.08221836,  -36.99133301,   44.69417388,     20.74932673], [  952.00199924,  243.70165518,  -43.34730573,  181.85377442,     -6.88006293,   60.61613799,   16.10944621,    4.36143502,    -12.42586777,   22.96500146,   26.81826668,   -4.87804688,      6.02568727], [  -69.61579271,  -14.12459726,   36.50794055,   -6.88006293,    152.60173607,  -29.48521743,   16.13655555,  -30.86060717,     30.27596142,  -20.57870377,  -24.20592718,   30.6278438 ,     32.87169053], [  390.65699582,   68.48667194,  -22.63676429,   60.61613799,    -29.48521743,  129.51509263,  -11.30135909,   24.21292573,    -39.49474366,   61.47588416,   20.65578227,  -37.40224884,      0.15448711], [ -171.50922867,   90.34594441,  -27.5802416 ,   16.10944621,     16.13655555,  -11.30135909,  140.44415085,   -1.63408388,      3.38210497,  -59.3121892 ,   49.59619157,   12.63441641,    -22.4868069 ], [   77.03527188,   25.93319213,   14.73554251,    4.36143502,    -30.86060717,   24.21292573,   -1.63408388,  127.89516625,      1.04220785,   32.80451958,  -35.18851062,   18.35405601,     10.19478272], [   99.40624701,  -11.83554982,   35.48645971,  -12.42586777,     30.27596142,  -39.49474366,    3.38210497,    1.04220785,    131.60923138,  -34.91318995,   -9.95610266,   32.41499603,     33.18865322], [  309.57477269,   20.24537056,  -16.08221836,   22.96500146,    -20.57870377,   61.47588416,  -59.3121892 ,   32.80451958,    -34.91318995,  173.66799305,  -17.53428403,  -34.86742656,     10.45444053], [ -190.28319079,  -15.81917747,  -36.99133301,   26.81826668,    -24.20592718,   20.65578227,   49.59619157,  -35.18851062,     -9.95610266,  -17.53428403,  183.45065875,  -39.02516984,    -55.95649321], [  142.9383866 ,   -0.33252799,   44.69417388,   -4.87804688,     30.6278438 ,  -37.40224884,   12.63441641,   18.35405601,     32.41499603,  -34.86742656,  -39.02516984,  162.78486046,     20.36322816], [  141.92281832,   22.33845564,   20.74932673,    6.02568727,     32.87169053,    0.15448711,  -22.4868069 ,   10.19478272,     33.18865322,   10.45444053,  -55.95649321,   20.36322816,    134.6037333 ]]
