/root/sim/music/out/Queen/A Kind Of Magic/11 Friends Will Be Friends Will Be F.mp3; [-596.8615   , 113.5146   ,  -1.8448105,  39.914787 ,   2.0893168,   11.540427 ,   9.2183075,  13.62941  ,   4.600413 ,   9.415665 ,    4.901069 ,   2.4513445,   1.6510917]; [[14967.56924445,  356.6078477 , -201.77777064,  483.01299529,    -37.2860749 ,  156.25737836,  141.87176704,  245.48910654,     35.88424167,  217.61160008,   65.97465182,  -79.87658202,     48.44891935], [  356.6078477 , 1350.57757815, -325.12653054,  249.73253742,    -47.3254907 ,    7.13254546,  134.00313572,   -2.79734866,      7.71676823,   29.26623004,   16.80700767,   44.93442183,     30.27341579], [ -201.77777064, -325.12653054,  643.36738917,  -18.05352478,    102.92946254,  121.48885281,  -19.12324902,   -8.65177492,     18.0588331 ,  -22.05696241,   16.49176956,   40.04603674,    -10.14088533], [  483.01299529,  249.73253742,  -18.05352478,  320.94479585,    -19.18630288,   54.70662623,   62.33613492,   -6.98907474,     38.94076158,   -6.03921019,    2.13419699,   28.04760194,     15.98410744], [  -37.2860749 ,  -47.3254907 ,  102.92946254,  -19.18630288,    184.60667802,   31.90967195,  -14.86765126,   32.41691949,     -5.2674948 ,   17.92073542,    2.55338312,   -5.88957469,     -0.71175572], [  156.25737836,    7.13254546,  121.48885281,   54.70662623,     31.90967195,  167.02798414,   63.44979992,   10.30438841,     16.92099799,  -10.56067899,   20.41211687,   26.75956115,     -3.51257428], [  141.87176704,  134.00313572,  -19.12324902,   62.33613492,    -14.86765126,   63.44979992,  147.19649156,   30.34443585,      7.92418654,   -0.75593918,   12.06869382,   21.78399446,      8.33211477], [  245.48910654,   -2.79734866,   -8.65177492,   -6.98907474,     32.41691949,   10.30438841,   30.34443585,  111.36802109,     27.1214252 ,   29.92261421,    5.41984309,  -11.75556676,      7.57854879], [   35.88424167,    7.71676823,   18.0588331 ,   38.94076158,     -5.2674948 ,   16.92099799,    7.92418654,   27.1214252 ,    108.63599545,   36.03923798,    4.5550966 ,    2.33738038,     -2.86167288], [  217.61160008,   29.26623004,  -22.05696241,   -6.03921019,     17.92073542,  -10.56067899,   -0.75593918,   29.92261421,     36.03923798,   95.05703911,   25.60043335,   -1.5919125 ,      5.10791249], [   65.97465182,   16.80700767,   16.49176956,    2.13419699,      2.55338312,   20.41211687,   12.06869382,    5.41984309,      4.5550966 ,   25.60043335,   70.02716625,   29.54285022,      6.12220815], [  -79.87658202,   44.93442183,   40.04603674,   28.04760194,     -5.88957469,   26.75956115,   21.78399446,  -11.75556676,      2.33738038,   -1.5919125 ,   29.54285022,   84.41533409,     25.87878661], [   48.44891935,   30.27341579,  -10.14088533,   15.98410744,     -0.71175572,   -3.51257428,    8.33211477,    7.57854879,     -2.86167288,    5.10791249,    6.12220815,   25.87878661,     62.81663185]]
/root/sim/music/out/Queen/A Kind Of Magic/10 A Kind Of 'a Kind Of Magic'.mp3; [-668.2146   ,  95.477455 ,  14.939326 ,  42.813988 ,  12.929409 ,   13.204474 ,   5.9289823,  13.436307 ,   4.984751 ,  10.726322 ,    5.7747426,   4.115471 ,   3.2124128]; [[23307.8732751 ,-1297.70011667,-1596.87536396,  465.18706466,   -465.7366617 , -141.18915688,  -35.0396912 ,  131.34898192,   -117.93748891,  214.45763721,  -86.01751777, -114.41121442,    -44.12043814], [-1297.70011667, 2766.7141217 , -312.32057725,   53.88782754,    115.48040108, -129.95225329,  100.14888557,  -44.87592559,    -21.08171664,   71.23592375,   50.31137744,  104.91282106,     33.18911363], [-1596.87536396, -312.32057725, 1794.72575685,  211.91618389,    329.01368599,  403.91466903,   12.04819517,   68.15443912,    126.95854852,  -81.91568572,   66.55541223,  -12.84065179,    -12.54316487], [  465.18706466,   53.88782754,  211.91618389,  396.61509155,     53.18886969,   99.60395424,   77.67880468,    0.2749566 ,     35.17686122,    8.49984095,   11.2278847 ,    5.696551  ,      4.99067308], [ -465.7366617 ,  115.48040108,  329.01368599,   53.18886969,    306.56071652,  127.84910407,   33.59537819,   55.38566288,     48.21806516,  -16.88736334,    7.14810223,   -8.12127528,      5.57901462], [ -141.18915688, -129.95225329,  403.91466903,   99.60395424,    127.84910407,  244.3328569 ,   54.17974034,   48.54687959,     42.31408636,  -39.54654153,   16.21474666,   -5.2547766 ,    -11.63125116], [  -35.0396912 ,  100.14888557,   12.04819517,   77.67880468,     33.59537819,   54.17974034,  164.41733888,   49.52955526,     15.5651293 ,   -4.91231653,  -12.85587014,  -14.32448396,    -19.22720522], [  131.34898192,  -44.87592559,   68.15443912,    0.2749566 ,     55.38566288,   48.54687959,   49.52955526,  122.99209238,     27.49339894,    2.82935867,  -12.97385665,  -34.89515734,    -15.54370511], [ -117.93748891,  -21.08171664,  126.95854852,   35.17686122,     48.21806516,   42.31408636,   15.5651293 ,   27.49339894,     95.7372102 ,   26.31844468,    4.63560599,    1.11715145,     -6.13510761], [  214.45763721,   71.23592375,  -81.91568572,    8.49984095,    -16.88736334,  -39.54654153,   -4.91231653,    2.82935867,     26.31844468,   83.12751222,   20.82768553,    8.0650154 ,      4.08936389], [  -86.01751777,   50.31137744,   66.55541223,   11.2278847 ,      7.14810223,   16.21474666,  -12.85587014,  -12.97385665,      4.63560599,   20.82768553,   76.01127044,   38.42258985,     13.47481573], [ -114.41121442,  104.91282106,  -12.84065179,    5.696551  ,     -8.12127528,   -5.2547766 ,  -14.32448396,  -34.89515734,      1.11715145,    8.0650154 ,   38.42258985,   78.28207832,     32.08080231], [  -44.12043814,   33.18911363,  -12.54316487,    4.99067308,      5.57901462,  -11.63125116,  -19.22720522,  -15.54370511,     -6.13510761,    4.08936389,   13.47481573,   32.08080231,     62.64180752]]
/root/sim/music/out/Queen/A Kind Of Magic/06 Who Wants To Live Forever.mp3; [-733.3322   , 154.39757  ,  -8.034691 ,  34.69205  ,   2.4700596,    0.5926442,   3.1815262,  10.998537 ,  -3.275759 ,   9.12355  ,    3.4883397,  -0.7435716,   2.3258111]; [[21899.74052099,-4921.92668096,-1775.55211555,  113.81726433,   -628.01027218,   47.56884799,  185.87894114,  853.68917181,   -430.50283027,  215.76158406,  272.79221283,    6.17617913,    267.60790184], [-4921.92668096, 3055.15409956,  162.94845486,  146.5543106 ,    151.38660954,   34.28428139,   -8.92157566, -309.6363814 ,    232.14241747,  -48.95115407,  -44.70133028,   53.69219233,    -82.53782686], [-1775.55211555,  162.94845486,  884.58191503,  -35.91174705,    125.07492783,   39.93291171,   -9.81867111,   17.71975184,     41.65736116,    3.72639874,    3.62828662,   12.68951472,      1.94166782], [  113.81726433,  146.5543106 ,  -35.91174705,  447.13209685,    104.05459231,   68.14989485,   44.05657194,  -21.78006456,    131.73079899,   19.60329705,    1.00663493,   31.50999001,     47.40525978], [ -628.01027218,  151.38660954,  125.07492783,  104.05459231,    249.59405567,   49.14885081,  -10.05904901,  -24.53340993,     69.29805775,   17.19443924,   -1.70541675,   10.90181439,     13.35604051], [   47.56884799,   34.28428139,   39.93291171,   68.14989485,     49.14885081,  185.15736181,   39.78107949,    2.8545749 ,     48.23359101,  -16.96546617,   22.90936774,   35.41235087,      5.50122323], [  185.87894114,   -8.92157566,   -9.81867111,   44.05657194,    -10.05904901,   39.78107949,  146.37768516,   37.43781757,     10.10390353,  -14.07835541,   12.97933011,   22.58955689,      3.58098236], [  853.68917181, -309.6363814 ,   17.71975184,  -21.78006456,    -24.53340993,    2.8545749 ,   37.43781757,  200.07402978,    -38.47680274,   32.59629941,   32.67542985,  -12.20945588,     32.5150117 ], [ -430.50283027,  232.14241747,   41.65736116,  131.73079899,     69.29805775,   48.23359101,   10.10390353,  -38.47680274,    194.85564988,   13.49365343,   -8.50773492,   26.27078447,     -2.83216481], [  215.76158406,  -48.95115407,    3.72639874,   19.60329705,     17.19443924,  -16.96546617,  -14.07835541,   32.59629941,     13.49365343,  100.80359005,   26.50626135,   -2.86115054,     13.39262028], [  272.79221283,  -44.70133028,    3.62828662,    1.00663493,     -1.70541675,   22.90936774,   12.97933011,   32.67542985,     -8.50773492,   26.50626135,   87.67600594,   29.27836786,     10.73470594], [    6.17617913,   53.69219233,   12.68951472,   31.50999001,     10.90181439,   35.41235087,   22.58955689,  -12.20945588,     26.27078447,   -2.86115054,   29.27836786,   92.38275203,     21.17424847], [  267.60790184,  -82.53782686,    1.94166782,   47.40525978,     13.35604051,    5.50122323,    3.58098236,   32.5150117 ,     -2.83216481,   13.39262028,   10.73470594,   21.17424847,     95.23743919]]
/root/sim/music/out/Queen/A Kind Of Magic/05 Friends Will Be Friends.mp3; [-586.5117   , 119.991264 ,  -8.63059  ,  38.969193 ,  10.4608965,    8.782631 ,  12.224301 ,  15.252358 ,   4.5105405,  11.900446 ,    5.6363864,   2.6462686,   3.2924793]; [[18942.96865724,  783.38403909, -892.74127297,  560.52787393,     17.61350264,  104.0767228 ,  155.35907376,  357.05027541,     70.2031238 ,  288.95801048,   85.48055186,  -85.45701408,     -9.46148561], [  783.38403909, 1101.47252019, -347.74553292,  167.18465703,    -48.59992925,  -30.86269029,  113.19071067,   -1.24605016,    -12.80564018,   35.0029741 ,   19.89996085,   27.28740073,     29.70838256], [ -892.74127297, -347.74553292,  608.40580599, -131.71713745,     83.01568098,   54.80699486,  -68.03781526,  -33.47190985,    -13.02696354,  -35.86815337,    5.52118411,   30.81616243,    -11.41522676], [  560.52787393,  167.18465703, -131.71713745,  300.1867605 ,    -49.9759215 ,   -0.84828608,   21.10052838,  -28.78296071,     35.80175775,  -10.31959498,   -9.07306535,   13.89910038,     15.1913151 ], [   17.61350264,  -48.59992925,   83.01568098,  -49.9759215 ,    200.52951551,    6.02837584,  -39.65337519,   39.292717  ,    -12.45494066,   22.12170381,   -0.91117844,  -19.21665533,     -4.19832376], [  104.0767228 ,  -30.86269029,   54.80699486,   -0.84828608,      6.02837584,  134.99488703,   45.09231907,    1.46611704,      3.68228625,   -8.67778894,   17.55554279,   12.10010154,     -8.79483261], [  155.35907376,  113.19071067,  -68.03781526,   21.10052838,    -39.65337519,   45.09231907,  149.21939552,   20.94846725,     -0.2276036 ,   -3.02535127,    9.02013041,   10.63686719,      0.47822576], [  357.05027541,   -1.24605016,  -33.47190985,  -28.78296071,     39.292717  ,    1.46611704,   20.94846725,  132.67219479,     21.27509698,   35.82723989,    1.59215425,  -28.73823819,      1.36430841], [   70.2031238 ,  -12.80564018,  -13.02696354,   35.80175775,    -12.45494066,    3.68228625,   -0.2276036 ,   21.27509698,    123.44022076,   37.87677501,   -0.77064463,  -10.21574015,     -7.82159767], [  288.95801048,   35.0029741 ,  -35.86815337,  -10.31959498,     22.12170381,   -8.67778894,   -3.02535127,   35.82723989,     37.87677501,  108.0193066 ,   25.28603782,   -7.46911653,      0.47851718], [   85.48055186,   19.89996085,    5.52118411,   -9.07306535,     -0.91117844,   17.55554279,    9.02013041,    1.59215425,     -0.77064463,   25.28603782,   79.26812098,   29.08963618,      2.02963664], [  -85.45701408,   27.28740073,   30.81616243,   13.89910038,    -19.21665533,   12.10010154,   10.63686719,  -28.73823819,    -10.21574015,   -7.46911653,   29.08963618,   94.97789252,     25.74962062], [   -9.46148561,   29.70838256,  -11.41522676,   15.1913151 ,     -4.19832376,   -8.79483261,    0.47822576,    1.36430841,     -7.82159767,    0.47851718,    2.02963664,   25.74962062,     71.33008568]]
/root/sim/music/out/Queen/A Kind Of Magic/09 Princes Of The Universe.mp3; [-575.94147  ,  85.460945 , -24.458683 ,  29.15641  ,   4.0140376,    2.8905056,   8.136015 ,  16.53072  ,  -1.5113782,   8.435509 ,    3.0355747,   1.6812545,   5.1211762]; [[13859.37104446, 1160.08407099,  193.23788769,  705.74131184,    480.84081948,  409.82057615,  315.06351277,  339.06284771,    373.17329857,  289.47437404,   85.45971263,   73.90794959,     50.51859763], [ 1160.08407099,  961.27443933, -150.00764554,  205.50497443,     26.29018874,   89.8761263 ,  140.36874439,   19.4951594 ,     64.85335483,   60.26191215,   26.32593534,   27.22142151,    -17.76269041], [  193.23788769, -150.00764554,  782.95194716,  146.82588321,    144.91665743,  195.18246401,   51.8416561 ,   19.23515515,    120.55563841,   41.32259561,   29.9116713 ,   63.8933947 ,    -20.34613957], [  705.74131184,  205.50497443,  146.82588321,  392.35623215,    167.86386124,   76.54648492,   40.48146211,   23.40657504,     97.8586322 ,   70.00409353,   12.20738398,   42.14917826,     49.27417295], [  480.84081948,   26.29018874,  144.91665743,  167.86386124,    268.24286769,  105.2722485 ,   40.58643479,   39.99923088,     95.4250747 ,   48.09087982,    9.08571301,   21.37055101,     28.44041126], [  409.82057615,   89.8761263 ,  195.18246401,   76.54648492,    105.2722485 ,  306.02195097,  136.50484467,   79.06607771,     95.11152234,   27.97565481,   66.50715911,   53.12017417,    -19.19854969], [  315.06351277,  140.36874439,   51.8416561 ,   40.48146211,     40.58643479,  136.50484467,  234.27656033,   98.22678957,     66.6212226 ,   27.14537552,   36.24910396,   35.81164501,    -16.6719665 ], [  339.06284771,   19.4951594 ,   19.23515515,   23.40657504,     39.99923088,   79.06607771,   98.22678957,  187.40277886,     44.04171867,   26.31530381,   39.6800516 ,    0.64164537,     17.03505126], [  373.17329857,   64.85335483,  120.55563841,   97.8586322 ,     95.4250747 ,   95.11152234,   66.6212226 ,   44.04171867,    192.75930575,   66.1675143 ,   17.72171623,   23.62494234,    -11.00071667], [  289.47437404,   60.26191215,   41.32259561,   70.00409353,     48.09087982,   27.97565481,   27.14537552,   26.31530381,     66.1675143 ,  112.00628641,   33.79680744,   18.91258311,     10.81785321], [   85.45971263,   26.32593534,   29.9116713 ,   12.20738398,      9.08571301,   66.50715911,   36.24910396,   39.6800516 ,     17.72171623,   33.79680744,  105.34848064,   41.7588143 ,      8.47294756], [   73.90794959,   27.22142151,   63.8933947 ,   42.14917826,     21.37055101,   53.12017417,   35.81164501,    0.64164537,     23.62494234,   18.91258311,   41.7588143 ,   97.30103893,     26.12542014], [   50.51859763,  -17.76269041,  -20.34613957,   49.27417295,     28.44041126,  -19.19854969,  -16.6719665 ,   17.03505126,    -11.00071667,   10.81785321,    8.47294756,   26.12542014,     90.30956154]]
/root/sim/music/out/Queen/A Kind Of Magic/01 One Vision.mp3; [-585.69696  ,  97.742325 , -15.6882105,  35.239525 ,   5.8968496,    4.987698 ,   6.437732 ,  13.514821 ,   1.7044817,   7.185515 ,    2.0097053,   1.3622667,   4.337014 ]; [[14741.47163523, -553.34977201,  576.71568496,  586.29080705,    672.7299542 ,  160.04567166,  670.79272462,  709.26649833,     50.75482905,  310.49173536,  129.81446947,   95.06176325,    187.5735238 ], [ -553.34977201, 1342.19256231, -187.40433652,  184.00046108,     76.55404926,   18.6530191 ,   33.71882292,   11.0145749 ,     72.61576494,   33.97305603,   -4.29504699,    4.1993085 ,    -13.99333244], [  576.71568496, -187.40433652,  770.24153133,   32.49411999,    217.17693942,   79.74532958,   98.95244   ,   81.10288326,     75.89935917,   45.24818719,   40.94366577,   18.2442156 ,     16.62877465], [  586.29080705,  184.00046108,   32.49411999,  481.88846852,    103.41173134,   55.04344999,   89.9748078 ,   12.2805876 ,     66.9394076 ,   79.94580872,   28.77001006,   37.14369864,      9.25834592], [  672.7299542 ,   76.55404926,  217.17693942,  103.41173134,    342.34250011,   84.37827245,  113.14168324,   77.59605902,     77.5956779 ,   63.34795129,   27.14773732,   12.31747116,     21.95020521], [  160.04567166,   18.6530191 ,   79.74532958,   55.04344999,     84.37827245,  215.096853  ,   52.94405587,   39.44452184,     20.56092544,    1.1488824 ,   27.18167484,   19.25596882,      3.22476004], [  670.79272462,   33.71882292,   98.95244   ,   89.9748078 ,    113.14168324,   52.94405587,  320.6485138 ,   91.60182376,     44.73420319,   47.45146773,   23.75890195,   37.91202267,     27.18133365], [  709.26649833,   11.0145749 ,   81.10288326,   12.2805876 ,     77.59605902,   39.44452184,   91.60182376,  216.87715635,     21.68122292,   43.8913383 ,   29.13778213,   -2.50669674,     30.59444725], [   50.75482905,   72.61576494,   75.89935917,   66.9394076 ,     77.5956779 ,   20.56092544,   44.73420319,   21.68122292,    164.417966  ,   44.93476869,   23.85622108,    6.49960917,     -2.57676462], [  310.49173536,   33.97305603,   45.24818719,   79.94580872,     63.34795129,    1.1488824 ,   47.45146773,   43.8913383 ,     44.93476869,  122.46029321,   31.00374179,   17.88613057,      9.80961203], [  129.81446947,   -4.29504699,   40.94366577,   28.77001006,     27.14773732,   27.18167484,   23.75890195,   29.13778213,     23.85622108,   31.00374179,   85.25126724,   25.61600495,     12.8199174 ], [   95.06176325,    4.1993085 ,   18.2442156 ,   37.14369864,     12.31747116,   19.25596882,   37.91202267,   -2.50669674,      6.49960917,   17.88613057,   25.61600495,   81.90730637,     22.45197218], [  187.5735238 ,  -13.99333244,   16.62877465,    9.25834592,     21.95020521,    3.22476004,   27.18133365,   30.59444725,     -2.57676462,    9.80961203,   12.8199174 ,   22.45197218,     72.46708873]]
/root/sim/music/out/Queen/A Kind Of Magic/12 Forever.mp3; [-798.09393   , 209.62997   ,  -7.1632776 ,  14.459801  ,  -4.0667357 ,    3.3083553 , -10.650171  ,  -3.4363992 ,  -2.8951304 ,   0.86954284,    2.5889814 ,   4.8130946 ,  -0.6387782 ]; [[16106.75479539,  588.0324447 ,-3228.49066354,  368.09952397,  -1525.81501327, -618.54184265, -736.71313624,  -64.46569828,     55.94561525,  156.29657946,  -76.69579542, -168.40345573,   -148.00700615], [  588.0324447 , 2277.67972327,  191.44658465,  -99.09847826,    547.93802106,   91.53390167,   61.08887312,   17.1125968 ,     60.36668872,  -45.11628159,    9.21042694,  -45.40922724,     47.4996102 ], [-3228.49066354,  191.44658465, 1173.43555572,  -33.37843115,    327.02302207,  268.27690951,  248.7209082 ,   49.75046847,    -13.47682324,  -19.84069954,    0.66943246,   73.70349476,     41.23345085], [  368.09952397,  -99.09847826,  -33.37843115,  288.40063221,      5.70694663,   29.49999727,   45.21453344,   31.76592188,      7.16747924,   16.68845434,   32.12416156,   23.98184423,      8.81885054], [-1525.81501327,  547.93802106,  327.02302207,    5.70694663,    454.68137908,  121.80306765,  106.61501396,   33.42695857,     11.86328434,  -21.14882306,   25.37231175,    7.27664072,     39.42303182], [ -618.54184265,   91.53390167,  268.27690951,   29.49999727,    121.80306765,  196.30893336,  124.31901134,   25.10340398,     19.73995761,   13.18157367,    2.35415892,   21.39868126,     11.80179328], [ -736.71313624,   61.08887312,  248.7209082 ,   45.21453344,    106.61501396,  124.31901134,  182.34308978,   65.97654766,     20.19650398,   26.91964388,   16.24660289,   20.76586318,     18.21666146], [  -64.46569828,   17.1125968 ,   49.75046847,   31.76592188,     33.42695857,   25.10340398,   65.97654766,  105.00942733,     52.24154754,   23.9231718 ,   20.00522822,   15.97897532,     12.1494083 ], [   55.94561525,   60.36668872,  -13.47682324,    7.16747924,     11.86328434,   19.73995761,   20.19650398,   52.24154754,    121.07634726,   53.68977846,    6.65864869,    5.83617245,      9.35468324], [  156.29657946,  -45.11628159,  -19.84069954,   16.68845434,    -21.14882306,   13.18157367,   26.91964388,   23.9231718 ,     53.68977846,  103.47676704,   35.77007179,    7.06778199,      9.36347707], [  -76.69579542,    9.21042694,    0.66943246,   32.12416156,     25.37231175,    2.35415892,   16.24660289,   20.00522822,      6.65864869,   35.77007179,   90.03841335,   44.52665625,      7.35113141], [ -168.40345573,  -45.40922724,   73.70349476,   23.98184423,      7.27664072,   21.39868126,   20.76586318,   15.97897532,      5.83617245,    7.06778199,   44.52665625,   94.20210552,     35.96017531], [ -148.00700615,   47.4996102 ,   41.23345085,    8.81885054,     39.42303182,   11.80179328,   18.21666146,   12.1494083 ,      9.35468324,    9.36347707,    7.35113141,   35.96017531,     81.80928258]]
/root/sim/music/out/Queen/A Kind Of Magic/03 One Year Of Love.mp3; [-647.12054  , 135.31024  ,   8.728606 ,  31.80563  ,   1.6791989,    4.9544854,   4.6234565,  21.536541 ,  -0.5882098,  13.403493 ,    6.570929 ,   4.542264 ,   4.328937 ]; [[14827.19324526, -556.97745188, -254.12473582,  676.77679679,   -183.77261933,    6.98148095,   92.66967391,  515.15382936,   -165.40484646,  258.91191276,  100.61577791,    5.33752462,    -43.39877285], [ -556.97745188, 2100.20419728, -145.1535288 ,  -50.36349093,    146.99478908,  -20.92479386,   53.26689324,   35.63840456,      4.84254275,   70.3505658 ,   37.1365571 ,   10.33283575,     18.43108948], [ -254.12473582, -145.1535288 ,  865.05661597,  -69.05976876,    -45.66601248,   82.33645568,    6.7562992 ,  -56.3689944 ,    109.22004774,  -70.70400952,   23.00934112,   25.65001602,     12.6832481 ], [  676.77679679,  -50.36349093,  -69.05976876,  450.20286397,    -12.7142345 ,   31.04146256,  -28.35568098,  -48.39022035,     88.75414714,   16.61090308,   -4.17525936,   33.96629081,     34.66132728], [ -183.77261933,  146.99478908,  -45.66601248,  -12.7142345 ,    279.15476962,  -17.94317718,   -1.77154512,   21.68966018,     29.39124242,   56.10578641,   15.08783885,   -0.7461761 ,     10.33262369], [    6.98148095,  -20.92479386,   82.33645568,   31.04146256,    -17.94317718,  202.32179084,   39.73293961,    9.36646063,     33.40100587,  -22.33107741,   39.8360001 ,   33.36738883,      5.28950389], [   92.66967391,   53.26689324,    6.7562992 ,  -28.35568098,     -1.77154512,   39.73293961,  228.91857362,   66.089788  ,      2.83294302,   33.54186742,   33.6649784 ,   20.43131484,    -21.00470416], [  515.15382936,   35.63840456,  -56.3689944 ,  -48.39022035,     21.68966018,    9.36646063,   66.089788  ,  261.11869924,    -58.19283675,   74.99392832,   39.31329029,  -32.09910761,      8.75424016], [ -165.40484646,    4.84254275,  109.22004774,   88.75414714,     29.39124242,   33.40100587,    2.83294302,  -58.19283675,    249.12321044,   17.98189094,   14.73014664,   26.33795369,      2.40941106], [  258.91191276,   70.3505658 ,  -70.70400952,   16.61090308,     56.10578641,  -22.33107741,   33.54186742,   74.99392832,     17.98189094,  175.80169693,   34.37324051,   16.85823721,     -1.60538015], [  100.61577791,   37.1365571 ,   23.00934112,   -4.17525936,     15.08783885,   39.8360001 ,   33.6649784 ,   39.31329029,     14.73014664,   34.37324051,  118.9868582 ,   28.024745  ,      8.41112647], [    5.33752462,   10.33283575,   25.65001602,   33.96629081,     -0.7461761 ,   33.36738883,   20.43131484,  -32.09910761,     26.33795369,   16.85823721,   28.024745  ,  122.22767742,     20.38916742], [  -43.39877285,   18.43108948,   12.6832481 ,   34.66132728,     10.33262369,    5.28950389,  -21.00470416,    8.75424016,      2.40941106,   -1.60538015,    8.41112647,   20.38916742,    103.91439334]]
/root/sim/music/out/Queen/A Kind Of Magic/07 Gimme The Prize.mp3; [-569.333     , 105.03668   , -45.122135  ,  49.010082  ,   2.4563515 ,   10.602812  ,  10.359824  ,   9.117387  ,  -0.2107669 ,   7.660776  ,    4.490335  ,   0.15546015,   0.18668789]; [[10465.51704223,  345.80574369,  165.43915214,  107.9536792 ,    326.33837657,  194.35603118, -110.47537537,  276.84793955,   -131.31516198,  155.53317254,   78.86828424,  103.24822318,    147.12051945], [  345.80574369, 1440.30514019, -322.31619847,  151.33148518,     85.95000822,  134.53971427,   17.87523157,  -43.26759985,     -5.74326223,   86.5628551 ,   -6.56789285,   47.35326893,     48.0233261 ], [  165.43915214, -322.31619847,  849.17683162,  -14.35418829,    147.21379212,   74.92323881,  -81.02255119,   74.6641286 ,     34.30884372,   20.82659098,  -15.04511067,    0.60406128,     13.79391953], [  107.9536792 ,  151.33148518,  -14.35418829,  378.60540551,    -25.35454225,  -32.42538799,   53.15230502,   -5.65396946,      4.80566019,   15.65123908,   22.95554157,   14.74534913,     -9.85344563], [  326.33837657,   85.95000822,  147.21379212,  -25.35454225,    268.05004021,  129.81717477,  -32.87109526,   57.21568931,     28.56529695,   54.73232363,   -0.71720238,   23.09055202,     43.67303306], [  194.35603118,  134.53971427,   74.92323881,  -32.42538799,    129.81717477,  219.6981791 ,   12.99097089,   39.89813912,     19.04130542,   44.07051247,    2.78694234,   20.62483738,     21.81230541], [ -110.47537537,   17.87523157,  -81.02255119,   53.15230502,    -32.87109526,   12.99097089,  164.6364607 ,   22.09828295,    -17.06915777,   -8.88323923,    8.24013594,    2.91466334,     -4.11031379], [  276.84793955,  -43.26759985,   74.6641286 ,   -5.65396946,     57.21568931,   39.89813912,   22.09828295,  148.96669214,     37.32649036,   12.61470884,    2.48356315,    7.58354922,     19.03341399], [ -131.31516198,   -5.74326223,   34.30884372,    4.80566019,     28.56529695,   19.04130542,  -17.06915777,   37.32649036,    104.79697859,   42.42058384,   -3.85024776,   -3.33824456,     -4.95818012], [  155.53317254,   86.5628551 ,   20.82659098,   15.65123908,     54.73232363,   44.07051247,   -8.88323923,   12.61470884,     42.42058384,   97.90860281,   26.67856376,   15.31363315,     10.15666252], [   78.86828424,   -6.56789285,  -15.04511067,   22.95554157,     -0.71720238,    2.78694234,    8.24013594,    2.48356315,     -3.85024776,   26.67856376,   78.20165484,   27.82724945,      7.37007864], [  103.24822318,   47.35326893,    0.60406128,   14.74534913,     23.09055202,   20.62483738,    2.91466334,    7.58354922,     -3.33824456,   15.31363315,   27.82724945,   73.11678902,     38.00098624], [  147.12051945,   48.0233261 ,   13.79391953,   -9.85344563,     43.67303306,   21.81230541,   -4.11031379,   19.03341399,     -4.95818012,   10.15666252,    7.37007864,   38.00098624,     80.34231848]]
/root/sim/music/out/Queen/A Kind Of Magic/02 A Kind Of Magic.mp3; [-615.8322    ,  91.63816   ,   0.19642946,  38.676575  ,  14.475983  ,    8.191146  ,   5.9069953 ,  16.789347  ,   0.7045508 ,  10.493773  ,    3.3685403 ,   1.5422263 ,   2.6012785 ]; [[ 9698.98045086,-1246.66440907, -384.00335566,   79.03392155,     29.94687668,   72.4714437 ,  164.69533355,  190.04029254,     69.60543101,  109.83662097,   41.43330611, -114.74537185,     15.89887796], [-1246.66440907, 1943.27761506, -360.62611549,  170.99104275,     72.61626517,  -89.96785923,  190.68264822,  -23.47285183,    -16.22712341,   66.16447071,   25.05729322,   77.29686942,     13.21252496], [ -384.00335566, -360.62611549, 1096.77444254,   96.160142  ,     71.06840828,  235.90783482,  -49.67290544,  -16.88937711,     98.97623609,  -46.17221671,   37.63749745,   34.10415063,    -14.86070818], [   79.03392155,  170.99104275,   96.160142  ,  391.0200466 ,     68.4543701 ,   99.11949032,   27.51017176,  -22.37478247,     63.399898  ,    2.47130323,   10.22283925,   26.86418763,     21.23983442], [   29.94687668,   72.61626517,   71.06840828,   68.4543701 ,    297.76052036,   18.58374585,   48.8031    ,   45.87349415,     32.6480536 ,   17.30693764,   -0.46749125,   -2.35617567,     24.20983641], [   72.4714437 ,  -89.96785923,  235.90783482,   99.11949032,     18.58374585,  300.45904399,   49.55210246,   16.4574295 ,     59.52827634,  -31.60682888,   33.74512136,   22.89210893,    -12.70907073], [  164.69533355,  190.68264822,  -49.67290544,   27.51017176,     48.8031    ,   49.55210246,  262.19849648,   74.72672831,      6.84453576,    4.56861426,   15.26074249,    3.08126269,     -7.85625898], [  190.04029254,  -23.47285183,  -16.88937711,  -22.37478247,     45.87349415,   16.4574295 ,   74.72672831,  162.25142882,      6.2089471 ,   17.06302118,   -3.73009127,  -39.7283731 ,     -2.88448603], [   69.60543101,  -16.22712341,   98.97623609,   63.399898  ,     32.6480536 ,   59.52827634,    6.84453576,    6.2089471 ,    132.37735948,   22.60579275,   11.39457048,    6.75301374,     -5.97991476], [  109.83662097,   66.16447071,  -46.17221671,    2.47130323,     17.30693764,  -31.60682888,    4.56861426,   17.06302118,     22.60579275,  101.12736774,   18.51823683,    0.43872162,     -0.68843053], [   41.43330611,   25.05729322,   37.63749745,   10.22283925,     -0.46749125,   33.74512136,   15.26074249,   -3.73009127,     11.39457048,   18.51823683,   87.38279293,   30.63692752,      5.39645147], [ -114.74537185,   77.29686942,   34.10415063,   26.86418763,     -2.35617567,   22.89210893,    3.08126269,  -39.7283731 ,      6.75301374,    0.43872162,   30.63692752,   97.87344146,     25.61470632], [   15.89887796,   13.21252496,  -14.86070818,   21.23983442,     24.20983641,  -12.70907073,   -7.85625898,   -2.88448603,     -5.97991476,   -0.68843053,    5.39645147,   25.61470632,     73.00012869]]
/root/sim/music/out/Queen/A Day At The Races/04 The Millonaire Waltz.mp3; [-665.5886    , 146.07198   , -29.003006  ,  21.341478  ,  -6.7209196 ,  -13.101188  , -11.687727  ,  -3.2812178 , -11.306857  ,  -0.17600851,  -10.499201  ,  -7.040789  ,  -3.8157563 ]; [[26379.37492576,-2325.59673622, -423.90088515, 1074.82318171,   -175.84376802,  375.65574311,  653.19432728,  876.10544265,    579.92699527,  802.2519809 , -131.76730729, -211.82922528,   -378.83969247], [-2325.59673622, 3244.81757608, -855.08613378,  230.58794553,   -152.93965042,   26.41015908,  -33.72268809, -172.6999148 ,    202.29718356, -189.14848973,  -23.09417368,  -64.64874673,     59.29395745], [ -423.90088515, -855.08613378, 1167.49501585, -110.0467703 ,    286.51023136,  147.84933101,   36.7392483 ,   77.89580766,    -68.49120684,   37.74862714,   29.6936197 ,   49.69041052,    -24.96578404], [ 1074.82318171,  230.58794553, -110.0467703 ,  544.96156005,     78.81480349,  162.28814908,   68.08907521,   64.16795574,    145.3935519 ,   40.31845443,   19.21691543,   -9.18859903,     -0.51742364], [ -175.84376802, -152.93965042,  286.51023136,   78.81480349,    393.61184863,  121.62533839,   58.68099316,   81.74881787,     -6.13444104,   50.34220878,   22.61275784,   25.15089342,     16.4872682 ], [  375.65574311,   26.41015908,  147.84933101,  162.28814908,    121.62533839,  341.93162457,  129.64644673,   96.38332316,     99.46103346,   21.56761768,   50.88770351,    7.06214548,    -17.80358158], [  653.19432728,  -33.72268809,   36.7392483 ,   68.08907521,     58.68099316,  129.64644673,  313.37776619,  116.20869841,     98.60241933,   67.14748605,   -5.50415035,   13.32739401,    -39.57634622], [  876.10544265, -172.6999148 ,   77.89580766,   64.16795574,     81.74881787,   96.38332316,  116.20869841,  245.88314505,     62.89987113,   82.89380917,    5.24043896,   -6.84063682,      1.8893756 ], [  579.92699527,  202.29718356,  -68.49120684,  145.3935519 ,     -6.13444104,   99.46103346,   98.60241933,   62.89987113,    282.83762854,   56.1500779 ,   22.05117203,  -18.37056134,    -21.4231177 ], [  802.2519809 , -189.14848973,   37.74862714,   40.31845443,     50.34220878,   21.56761768,   67.14748605,   82.89380917,     56.1500779 ,  186.94581542,   31.0680535 ,   17.05821045,     -9.35652259], [ -131.76730729,  -23.09417368,   29.6936197 ,   19.21691543,     22.61275784,   50.88770351,   -5.50415035,    5.24043896,     22.05117203,   31.0680535 ,  118.5347448 ,   30.00036281,     15.46752995], [ -211.82922528,  -64.64874673,   49.69041052,   -9.18859903,     25.15089342,    7.06214548,   13.32739401,   -6.84063682,    -18.37056134,   17.05821045,   30.00036281,  126.19542671,     47.1368305 ], [ -378.83969247,   59.29395745,  -24.96578404,   -0.51742364,     16.4872682 ,  -17.80358158,  -39.57634622,    1.8893756 ,    -21.4231177 ,   -9.35652259,   15.46752995,   47.1368305 ,    137.87494737]]
/root/sim/music/out/Queen/A Day At The Races/07 White Man.mp3; [-632.5354    , 106.64259   ,  -6.6415553 ,  26.11439   ,   6.530454  ,   -5.9350452 ,   2.4895172 ,   2.076138  ,  -3.9557812 ,  12.972386  ,   -0.25224173,   0.929929  ,  -1.8429124 ]; [[32147.12355054,-2538.86058866,  244.90602351,-1143.45708748,   1398.98721559, 1095.44928275, 1290.36419166, 1727.03922282,    867.45167684,  152.35073522,  444.25988378,  -32.03031589,      2.50511873], [-2538.86058866, 1910.39091835, -361.26655056,  244.45045679,   -254.18580358, -220.38624466, -107.8881646 , -268.11395109,    -89.9487055 ,    4.99138075,  -61.71232278,    2.00311916,      4.82995668], [  244.90602351, -361.26655056,  788.64439854,  -24.47909018,    150.3380954 ,   63.80751803,   -1.62112072,   52.14745174,     38.29770253,  -29.92361318,   23.08433794,  -17.00917303,      0.12087155], [-1143.45708748,  244.45045679,  -24.47909018,  583.75796593,     93.62316727,  117.09048868,    0.9760332 ,  -27.02602034,     56.65819784,   26.44254801,   39.24844177,   11.72973342,     61.68003321], [ 1398.98721559, -254.18580358,  150.3380954 ,   93.62316727,    352.28264521,  154.58948998,  100.04635695,  122.30504538,     89.27072365,   24.69732726,   35.64655604,   -4.20829348,     30.22442287], [ 1095.44928275, -220.38624466,   63.80751803,  117.09048868,    154.58948998,  304.81309608,  178.53206805,  126.03849182,     71.16738774,   -2.86684757,   64.81669597,   -1.70932428,     14.4847212 ], [ 1290.36419166, -107.8881646 ,   -1.62112072,    0.9760332 ,    100.04635695,  178.53206805,  267.99232915,  158.29007448,     77.71308478,    7.45447846,   45.68672219,    5.24955419,     -0.07551731], [ 1727.03922282, -268.11395109,   52.14745174,  -27.02602034,    122.30504538,  126.03849182,  158.29007448,  245.39965402,    112.74484492,   24.03944519,   38.49936983,    2.29932968,     13.60579468], [  867.45167684,  -89.9487055 ,   38.29770253,   56.65819784,     89.27072365,   71.16738774,   77.71308478,  112.74484492,    177.15302652,   54.02408004,   51.22394964,   -2.51474601,     14.13827916], [  152.35073522,    4.99138075,  -29.92361318,   26.44254801,     24.69732726,   -2.86684757,    7.45447846,   24.03944519,     54.02408004,  110.14289542,   42.23463971,   20.98743807,     13.48638972], [  444.25988378,  -61.71232278,   23.08433794,   39.24844177,     35.64655604,   64.81669597,   45.68672219,   38.49936983,     51.22394964,   42.23463971,  110.22807927,   37.53326014,     29.28819995], [  -32.03031589,    2.00311916,  -17.00917303,   11.72973342,     -4.20829348,   -1.70932428,    5.24955419,    2.29932968,     -2.51474601,   20.98743807,   37.53326014,   81.89602888,     38.13212219], [    2.50511873,    4.82995668,    0.12087155,   61.68003321,     30.22442287,   14.4847212 ,   -0.07551731,   13.60579468,     14.13827916,   13.48638972,   29.28819995,   38.13212219,     88.72704321]]
/root/sim/music/out/Queen/A Day At The Races/05 You And I.mp3; [-568.5477    , 108.95499   ,  -5.8672433 ,  25.980562  ,   6.411416  ,    3.682441  ,   4.2581806 ,  10.446086  ,  -5.3577595 ,  -1.9370325 ,   -6.0179443 ,   1.8127202 ,   0.15054849]; [[15080.49334669, -124.13665119,  277.70711436,   57.96718299,      7.83251271,  101.20046917,  294.2954019 ,  295.24236852,     12.72450929,  122.10314006, -138.98358045,  -24.14711965,     35.84130226], [ -124.13665119, 1170.96518386, -317.01087774,   24.64259673,     73.25445939,  -22.32693936,  -20.09419017,   47.62348612,      0.63022046,  -82.15434717,   40.9288921 ,   11.633526  ,      0.74907594], [  277.70711436, -317.01087774,  578.82709697,   74.54753152,     63.64684217,   56.6903347 ,   33.75979175,    1.80519655,     16.67691517,   18.00275008,    0.2240323 ,    4.17379523,     13.48833492], [   57.96718299,   24.64259673,   74.54753152,  315.56438203,     88.22519129,   59.10438703,  -13.65359113,   -5.02146559,     19.79330828,   16.62989802,   18.24172911,    5.98047241,      8.45353088], [    7.83251271,   73.25445939,   63.64684217,   88.22519129,    181.66720939,   42.06566298,   31.67906127,   18.22104726,     26.98228538,    9.16894503,   12.12169602,   13.46002271,     11.69548035], [  101.20046917,  -22.32693936,   56.6903347 ,   59.10438703,     42.06566298,  154.36777302,   43.24614887,   12.82797721,     21.11897   ,   -8.78345123,   25.98669579,   -3.47678087,     -5.15089397], [  294.2954019 ,  -20.09419017,   33.75979175,  -13.65359113,     31.67906127,   43.24614887,  141.34806855,   47.78184691,     17.60414665,   30.03958275,   16.32654418,    9.52026785,     -5.56879181], [  295.24236852,   47.62348612,    1.80519655,   -5.02146559,     18.22104726,   12.82797721,   47.78184691,  108.96805789,     39.5722365 ,    5.23646307,    8.60786643,    4.98254749,     18.04363385], [   12.72450929,    0.63022046,   16.67691517,   19.79330828,     26.98228538,   21.11897   ,   17.60414665,   39.5722365 ,    112.63607266,   29.51098158,   14.82427197,   -3.15335798,     -6.8762806 ], [  122.10314006,  -82.15434717,   18.00275008,   16.62989802,      9.16894503,   -8.78345123,   30.03958275,    5.23646307,     29.51098158,  128.6370221 ,   34.56025682,   18.01697594,    -14.91482634], [ -138.98358045,   40.9288921 ,    0.2240323 ,   18.24172911,     12.12169602,   25.98669579,   16.32654418,    8.60786643,     14.82427197,   34.56025682,   83.84679976,   26.55047284,     -5.60428479], [  -24.14711965,   11.633526  ,    4.17379523,    5.98047241,     13.46002271,   -3.47678087,    9.52026785,    4.98254749,     -3.15335798,   18.01697594,   26.55047284,   79.548683  ,     22.10498077], [   35.84130226,    0.74907594,   13.48833492,    8.45353088,     11.69548035,   -5.15089397,   -5.56879181,   18.04363385,     -6.8762806 ,  -14.91482634,   -5.60428479,   22.10498077,     76.57919427]]
