/root/sim/music/out/Compilations/20th ANNIVERSARY OF PERSONA SERIES ALL T/3-02 Soul Phrase.mp3; [-585.4981   ,  97.01245  ,   1.8152589,  32.26186  ,   8.188866 ,   -2.4462385,  -1.4640677,  10.96659  ,   4.51219  ,   5.8305078,   -1.5851896,  -7.056827 ,  -5.82007  ]; [[24505.55002971,  885.13808473, -446.20223872,  755.51777819,    111.93570164, -262.26574468, -107.19528722,  211.78047318,     70.29693093,   -8.9013889 , -243.25673248, -293.12330328,   -163.25901595], [  885.13808473, 1167.19429327,  -58.95445051,   75.69375708,    -79.33636005,  138.64320225,   74.50240539,   50.80594849,    -53.17585706,   91.86143676,   67.31376289,  -56.13612278,      5.03897196], [ -446.20223872,  -58.95445051,  743.61885909,   12.08875067,     67.35316417,   61.12531571,   36.79011721,   -6.43469563,    -60.16663438,  -17.4092981 ,   -6.11022541,   54.17774702,     19.40886697], [  755.51777819,   75.69375708,   12.08875067,  549.74596666,    136.75580124,  -96.04329688, -119.44100942,   36.68331804,    127.51111084,  -38.02464832,  -68.71825324,   -2.4214694 ,     19.78010398], [  111.93570164,  -79.33636005,   67.35316417,  136.75580124,    229.44013601,   -7.76020309,  -28.76410309,   29.05176544,     60.33928124,   -4.36409222,  -21.71765648,   14.76764691,     -0.72897147], [ -262.26574468,  138.64320225,   61.12531571,  -96.04329688,     -7.76020309,  214.75146309,  123.33223278,  -31.26085392,    -54.04076958,   14.97004403,   45.73677714,   25.62289119,     12.15652246], [ -107.19528722,   74.50240539,   36.79011721, -119.44100942,    -28.76410309,  123.33223278,  216.93936913,    2.10272559,    -38.61233352,   18.92152623,   52.53594922,   36.714945  ,      7.62308608], [  211.78047318,   50.80594849,   -6.43469563,   36.68331804,     29.05176544,  -31.26085392,    2.10272559,  114.78903271,     47.17509308,   30.17843447,    3.33737962,  -10.05924814,     -1.27755723], [   70.29693093,  -53.17585706,  -60.16663438,  127.51111084,     60.33928124,  -54.04076958,  -38.61233352,   47.17509308,    194.62704001,   51.47140866,  -10.72636604,   -5.43030514,    -18.17164981], [   -8.9013889 ,   91.86143676,  -17.4092981 ,  -38.02464832,     -4.36409222,   14.97004403,   18.92152623,   30.17843447,     51.47140866,  145.56091157,   39.82396699,  -24.0247928 ,    -12.41375071], [ -243.25673248,   67.31376289,   -6.11022541,  -68.71825324,    -21.71765648,   45.73677714,   52.53594922,    3.33737962,    -10.72636604,   39.82396699,   87.73677276,   23.19255976,     -3.17245294], [ -293.12330328,  -56.13612278,   54.17774702,   -2.4214694 ,     14.76764691,   25.62289119,   36.714945  ,  -10.05924814,     -5.43030514,  -24.0247928 ,   23.19255976,   89.149603  ,     27.76188906], [ -163.25901595,    5.03897196,   19.40886697,   19.78010398,     -0.72897147,   12.15652246,    7.62308608,   -1.27755723,    -18.17164981,  -12.41375071,   -3.17245294,   27.76188906,     70.505748  ]]
/root/sim/music/out/Compilations/20th ANNIVERSARY OF PERSONA SERIES ALL T/1-17 Reiji's Theme.mp3; [-659.6877    , 108.4705    ,   7.3223205 ,  26.252657  ,   0.18905815,    9.137335  ,   0.9575869 ,   7.4286947 ,  -2.1546898 ,   2.3407161 ,   -4.8694625 ,  -5.8849664 ,  -8.041474  ]; [[20205.3083556 , 1947.6757598 , -726.84277932,  681.09103393,    378.90740838,  752.25682881,  769.53880381,  839.69562204,    734.3353636 ,  766.05722419,  425.2206525 ,   65.47340402,    -31.16565797], [ 1947.6757598 , 1542.55273947, -171.12739735,  445.20711857,    221.40620787,  135.49420434,  106.27412435,  154.47529728,    113.73328641,  132.03132012,   68.63123557,  -21.32397478,    -18.79147214], [ -726.84277932, -171.12739735,  696.1418438 ,   59.66903304,     48.77176919, -109.90220377, -164.75456941, -154.50457237,   -114.74605428,  -56.07874425,  -63.84458253,  -33.47582729,      8.37349835], [  681.09103393,  445.20711857,   59.66903304,  727.81225193,    443.33271186,  274.22026492,  157.0762976 ,  115.23084977,     78.9722616 ,  154.77044841,  173.20607605,   13.89054614,    -29.95435525], [  378.90740838,  221.40620787,   48.77176919,  443.33271186,    490.95350151,  287.04424244,  203.33359697,  141.67506799,    116.03281177,  157.07575423,  144.93552095,   20.96159103,      5.55633345], [  752.25682881,  135.49420434, -109.90220377,  274.22026492,    287.04424244,  294.16240537,  212.75095553,  165.70257468,    132.19931009,  146.54061488,  125.05095033,   30.14089577,     -8.890738  ], [  769.53880381,  106.27412435, -164.75456941,  157.0762976 ,    203.33359697,  212.75095553,  306.48237986,  226.09144139,    152.17248467,  120.98401077,   86.56190841,   22.84591416,     27.16799447], [  839.69562204,  154.47529728, -154.50457237,  115.23084977,    141.67506799,  165.70257468,  226.09144139,  288.83391769,    205.78346928,  142.02608301,  104.44874088,   23.71198596,    -18.86280467], [  734.3353636 ,  113.73328641, -114.74605428,   78.9722616 ,    116.03281177,  132.19931009,  152.17248467,  205.78346928,    258.9287609 ,  183.50401158,   81.63864293,   21.53664809,      8.91576169], [  766.05722419,  132.03132012,  -56.07874425,  154.77044841,    157.07575423,  146.54061488,  120.98401077,  142.02608301,    183.50401158,  250.5600216 ,  150.54527167,    8.94649774,    -27.87502993], [  425.2206525 ,   68.63123557,  -63.84458253,  173.20607605,    144.93552095,  125.05095033,   86.56190841,  104.44874088,     81.63864293,  150.54527167,  259.1207074 ,  100.81420615,    -38.5156208 ], [   65.47340402,  -21.32397478,  -33.47582729,   13.89054614,     20.96159103,   30.14089577,   22.84591416,   23.71198596,     21.53664809,    8.94649774,  100.81420615,  171.20951446,     58.72516569], [  -31.16565797,  -18.79147214,    8.37349835,  -29.95435525,      5.55633345,   -8.890738  ,   27.16799447,  -18.86280467,      8.91576169,  -27.87502993,  -38.5156208 ,   58.72516569,    161.76826785]]
/root/sim/music/out/Compilations/20th ANNIVERSARY OF PERSONA SERIES ALL T/1-18 Battle - Tesso.mp3; [-593.4695    , 116.79056   , -10.726747  ,  23.122908  ,   1.1739585 ,    4.108013  ,  -4.0282764 ,   5.667333  ,   1.5360608 ,   4.0290585 ,   -0.04981308,   3.4619257 ,   1.0886084 ]; [[18501.57566518,  820.85909254,  688.90990337,  316.94022472,     40.59295945,  262.65228187,   82.79277107,  -14.19625314,    128.80014455,   72.91112797,  153.83488633,  120.1769473 ,     24.07892419], [  820.85909254, 1876.54782064,  103.73432642,  593.56172796,    456.70335599,  227.12046231,   40.75429394,  149.41537024,     25.29158451,    2.18505935,  -26.45149737,   39.51638867,     21.61782806], [  688.90990337,  103.73432642,  881.73917368,  269.41229594,    185.88408996,  214.23793798,  177.14365202,   12.90551214,     11.27807291,  -18.3309281 ,   32.90306316,   15.89921032,     10.47161987], [  316.94022472,  593.56172796,  269.41229594,  509.65430032,    314.79765614,  142.6385166 ,   91.37680927,   84.74905157,     45.9820109 ,    7.65004559,  -12.16250714,    6.67270754,     34.32706117], [   40.59295945,  456.70335599,  185.88408996,  314.79765614,    374.23637602,  139.92828293,   30.33366375,   73.55584466,     55.24552654,   -4.25805404,   -6.51337255,   15.85556681,     19.90411278], [  262.65228187,  227.12046231,  214.23793798,  142.6385166 ,    139.92828293,  165.99185093,   77.17107548,    7.88218709,      9.14960534,   12.4657571 ,   10.93025952,    4.13495339,     13.06138403], [   82.79277107,   40.75429394,  177.14365202,   91.37680927,     30.33366375,   77.17107548,  132.39979967,   20.6159666 ,     -4.55191603,    1.51367692,   -0.46289786,   -5.09337714,      8.99835497], [  -14.19625314,  149.41537024,   12.90551214,   84.74905157,     73.55584466,    7.88218709,   20.6159666 ,   90.18750848,     34.07704007,   -1.71079924,   -0.12856626,    2.1041804 ,     -9.59428722], [  128.80014455,   25.29158451,   11.27807291,   45.9820109 ,     55.24552654,    9.14960534,   -4.55191603,   34.07704007,     76.71298669,   27.69676563,   -5.94641915,   -2.33003124,      8.50566813], [   72.91112797,    2.18505935,  -18.3309281 ,    7.65004559,     -4.25805404,   12.4657571 ,    1.51367692,   -1.71079924,     27.69676563,   63.23956294,   19.28884255,  -11.83501563,      0.03667616], [  153.83488633,  -26.45149737,   32.90306316,  -12.16250714,     -6.51337255,   10.93025952,   -0.46289786,   -0.12856626,     -5.94641915,   19.28884255,   75.2072171 ,   25.69052543,    -11.73168872], [  120.1769473 ,   39.51638867,   15.89921032,    6.67270754,     15.85556681,    4.13495339,   -5.09337714,    2.1041804 ,     -2.33003124,  -11.83501563,   25.69052543,   72.6821487 ,     21.45083776], [   24.07892419,   21.61782806,   10.47161987,   34.32706117,     19.90411278,   13.06138403,    8.99835497,   -9.59428722,      8.50566813,    0.03667616,  -11.73168872,   21.45083776,     69.74306846]]
/root/sim/music/out/Compilations/20th ANNIVERSARY OF PERSONA SERIES ALL T/5-15 覚醒.mp3; [-571.9462   ,  99.35626  ,  26.683098 ,  24.346882 ,   4.869596 ,    6.6130233,   0.6585108,   7.769302 ,   9.041564 ,   5.8992324,    3.650122 ,  -3.9136508,   1.0472397]; [[19926.77096881,  954.27227545,  333.27016784,  204.42729366,    -82.16013438,   77.39386942,  -15.29645042,   67.8175116 ,    -89.76018942,  -86.42367914,  -28.8291543 ,  -20.27248388,     41.5959816 ], [  954.27227545,  585.96497122, -116.27163863,  108.37161294,      2.10640457,   24.85248013,   11.90688969,   11.66795251,     21.63491229,    6.45865853,    8.26864283,  -12.0481148 ,     -3.0515705 ], [  333.27016784, -116.27163863,  433.4334548 ,  -55.56181353,     56.30919266,    2.52507408,  -40.13042586,   44.91645783,     72.43423578,   61.52429557,   27.52081237,  -26.1406129 ,    -11.85022643], [  204.42729366,  108.37161294,  -55.56181353,  219.89080698,     33.64593273,   34.58860408,   85.46361386,   29.98610388,     -7.55707664,  -18.16260896,   -0.54375095,   18.65295262,      3.59458343], [  -82.16013438,    2.10640457,   56.30919266,   33.64593273,    103.76764572,   37.73229444,   27.75271113,   28.68418111,     22.38662718,   11.67377847,    6.45893133,    7.87204009,     -0.18338979], [   77.39386942,   24.85248013,    2.52507408,   34.58860408,     37.73229444,   67.22060484,   41.76818867,   13.14590896,     -0.84379942,   -2.08448236,    3.02900718,    6.87397413,     -1.91011173], [  -15.29645042,   11.90688969,  -40.13042586,   85.46361386,     27.75271113,   41.76818867,  114.52132079,   40.73864309,    -20.28139156,  -22.22583441,   -5.4877574 ,   21.8834463 ,     -2.43702266], [   67.8175116 ,   11.66795251,   44.91645783,   29.98610388,     28.68418111,   13.14590896,   40.73864309,   69.55945846,     29.68910415,    7.90011189,    3.64779155,   -0.82848564,     -6.62252004], [  -89.76018942,   21.63491229,   72.43423578,   -7.55707664,     22.38662718,   -0.84379942,  -20.28139156,   29.68910415,     81.79952899,   45.70368787,    8.76610428,  -20.82822334,     -2.14574303], [  -86.42367914,    6.45865853,   61.52429557,  -18.16260896,     11.67377847,   -2.08448236,  -22.22583441,    7.90011189,     45.70368787,   66.91529337,   18.84311965,  -11.34045185,     -3.64442529], [  -28.8291543 ,    8.26864283,   27.52081237,   -0.54375095,      6.45893133,    3.02900718,   -5.4877574 ,    3.64779155,      8.76610428,   18.84311965,   46.28997086,   12.09155661,     -5.90757692], [  -20.27248388,  -12.0481148 ,  -26.1406129 ,   18.65295262,      7.87204009,    6.87397413,   21.8834463 ,   -0.82848564,    -20.82822334,  -11.34045185,   12.09155661,   47.92288359,     14.0386087 ], [   41.5959816 ,   -3.0515705 ,  -11.85022643,    3.59458343,     -0.18338979,   -1.91011173,   -2.43702266,   -6.62252004,     -2.14574303,   -3.64442529,   -5.90757692,   14.0386087 ,     40.17316022]]
/root/sim/music/out/Compilations/20th ANNIVERSARY OF PERSONA SERIES ALL T/4-01 Shadow World.mp3; [-611.4723    , 130.80115   ,  13.380057  ,  26.068535  ,  14.317022  ,   11.586238  ,  10.062361  ,   5.7607656 ,   2.655038  ,   5.981818  ,   -0.5956321 ,  -3.6533742 ,   0.02197818]; [[14804.78340289,-1975.97555424,  523.2064105 ,   22.92031575,   -187.39339214,  129.61594903,   81.68014336,   10.06000316,     65.87194759,  294.99700602,   -0.48667901,  -77.78109702,     33.08415672], [-1975.97555424, 2660.50925955, -595.95257248,  222.85754668,    141.36897716,   87.7819016 ,   97.15603331,    4.1318659 ,    -32.36027986,  -27.29625536,   20.24271041,  -14.14603843,    -30.22582265], [  523.2064105 , -595.95257248, 1001.14245272,  116.62809238,    142.60565213,   76.02683227,  -74.91372488,   26.57773708,     -3.42902194,  -70.8791688 ,   37.84555781,   73.11634189,     19.97396424], [   22.92031575,  222.85754668,  116.62809238,  589.15339158,    176.07745374,  106.13403372,   17.97363921,  159.27434652,     70.96575857,  -42.02890054,   64.7035875 ,   53.24474378,     -0.085762  ], [ -187.39339214,  141.36897716,  142.60565213,  176.07745374,    304.87629119,   71.49829264,   65.72088386,   90.21663296,     55.51969798,   -3.00367353,   21.41195993,   31.67934686,     -4.1881232 ], [  129.61594903,   87.7819016 ,   76.02683227,  106.13403372,     71.49829264,  336.6283335 ,  149.25574638,   80.0091594 ,     35.28260225,   47.01121784,   40.38090993,  -12.22059589,     10.91443908], [   81.68014336,   97.15603331,  -74.91372488,   17.97363921,     65.72088386,  149.25574638,  288.6429982 ,   81.98436632,     46.42835424,   88.67047762,    1.64200547,  -18.94321644,     10.34213007], [   10.06000316,    4.1318659 ,   26.57773708,  159.27434652,     90.21663296,   80.0091594 ,   81.98436632,  209.64495015,    101.91968904,   -6.84326363,   19.39440382,   13.6080903 ,      3.89776377], [   65.87194759,  -32.36027986,   -3.42902194,   70.96575857,     55.51969798,   35.28260225,   46.42835424,  101.91968904,    146.03529855,   42.9109868 ,    4.98646251,   -7.92995215,      1.80984358], [  294.99700602,  -27.29625536,  -70.8791688 ,  -42.02890054,     -3.00367353,   47.01121784,   88.67047762,   -6.84326363,     42.9109868 ,  162.09810616,   20.65564654,  -23.94589749,     -2.16221641], [   -0.48667901,   20.24271041,   37.84555781,   64.7035875 ,     21.41195993,   40.38090993,    1.64200547,   19.39440382,      4.98646251,   20.65564654,  117.24647663,   43.28990656,     -7.58765769], [  -77.78109702,  -14.14603843,   73.11634189,   53.24474378,     31.67934686,  -12.22059589,  -18.94321644,   13.6080903 ,     -7.92995215,  -23.94589749,   43.28990656,  104.64386046,     30.51812003], [   33.08415672,  -30.22582265,   19.97396424,   -0.085762  ,     -4.1881232 ,   10.91443908,   10.34213007,    3.89776377,      1.80984358,   -2.16221641,   -7.58765769,   30.51812003,     88.65479051]]
/root/sim/music/out/Compilations/20th ANNIVERSARY OF PERSONA SERIES ALL T/1-21 Dungeon - Pandora's Den (Deepmo.mp3; [-755.2095   , 129.68097  ,  -9.063626 ,  42.641743 , -18.756533 ,   18.897957 ,   4.1363893,  10.95862  ,   1.1212751,   0.3789159,    3.6690547,   3.013947 ,   2.5935197]; [[13988.66891759,  -10.41501062, 1081.36232276, 1101.73950589,    -61.8443924 ,  749.84879504, -223.13065801,  382.30104139,      3.01758721,   67.33842238, -101.69761957,  118.16596316,    -64.23010224], [  -10.41501062, 4968.36213786, 3669.17399536,  630.25390672,   1221.5579068 ,  814.80614932, 1137.70625436,  862.8980844 ,    586.51135946,  195.53689963,  -16.17678873,  -88.24554635,   -220.26917996], [ 1081.36232276, 3669.17399536, 6695.56751532, 1081.19426225,   2013.75142158, 1530.61254061, 1298.98112319, 1418.95139713,    865.47296431,  412.49139407,  -93.39295625,   44.1014365 ,   -378.98436539], [ 1101.73950589,  630.25390672, 1081.19426225,  509.52547866,    344.60219954,  315.72383931,  218.5907031 ,  273.78959048,    161.18785677,   44.21267531,  -47.8873347 ,    5.155386  ,    -81.628699  ], [  -61.8443924 , 1221.5579068 , 2013.75142158,  344.60219954,    740.77676067,  498.59590331,  445.61967812,  435.79274859,    281.6451445 ,  118.59927519,  -51.87056985,  -41.27820965,   -148.25963484], [  749.84879504,  814.80614932, 1530.61254061,  315.72383931,    498.59590331,  484.05339439,  305.72916547,  361.09580543,    200.73547041,  115.6711325 ,  -33.15892789,    0.14304824,   -102.96688547], [ -223.13065801, 1137.70625436, 1298.98112319,  218.5907031 ,    445.61967812,  305.72916547,  409.55188637,  301.24581164,    207.24873817,   79.18137237,    2.1783686 ,   -9.10869015,    -99.04297853], [  382.30104139,  862.8980844 , 1418.95139713,  273.78959048,    435.79274859,  361.09580543,  301.24581164,  384.43774085,    206.86626749,   98.18096139,  -11.11955817,   22.71576372,    -67.82133045], [    3.01758721,  586.51135946,  865.47296431,  161.18785677,    281.6451445 ,  200.73547041,  207.24873817,  206.86626749,    191.94246985,   86.99748672,    1.86052567,    5.21383318,    -42.29362573], [   67.33842238,  195.53689963,  412.49139407,   44.21267531,    118.59927519,  115.6711325 ,   79.18137237,   98.18096139,     86.99748672,  150.75224479,   68.42087844,   56.96220109,      2.04103054], [ -101.69761957,  -16.17678873,  -93.39295625,  -47.8873347 ,    -51.87056985,  -33.15892789,    2.1783686 ,  -11.11955817,      1.86052567,   68.42087844,  165.26971875,   98.23013928,     14.88356626], [  118.16596316,  -88.24554635,   44.1014365 ,    5.155386  ,    -41.27820965,    0.14304824,   -9.10869015,   22.71576372,      5.21383318,   56.96220109,   98.23013928,  152.38900067,     58.27214622], [  -64.23010224, -220.26917996, -378.98436539,  -81.628699  ,   -148.25963484, -102.96688547,  -99.04297853,  -67.82133045,    -42.29362573,    2.04103054,   14.88356626,   58.27214622,    160.23416238]]
/root/sim/music/out/Compilations/20th ANNIVERSARY OF PERSONA SERIES ALL T/1-03 Nanjo's Theme.mp3; [-737.7314    , 174.41257   ,  12.770889  ,  15.737288  ,   2.8897798 ,   -0.5943581 ,  -5.818534  ,   5.891598  ,   3.8971107 ,   8.436218  ,    0.08694416,  -0.91245866,  -2.0543773 ]; [[22196.9974345 ,  643.7841855 , 1134.16094568,  769.37636565,    227.98654281,  370.5933635 ,  288.93859301,  689.10832097,    742.08093974, 1115.39014645,  781.55212982,  546.78334937,    293.5411148 ], [  643.7841855 , 4238.57245509, -914.94101584, -121.18203667,     51.79308282, -185.71293965, -133.8046675 , -190.43243311,   -277.80554476, -339.97455177, -281.43198811, -232.86096231,   -151.36132766], [ 1134.16094568, -914.94101584, 1212.62839085,  246.56148583,    129.62203941,  227.11051532,    3.76691411,  218.88231895,    289.22105259,  241.29593819,  129.81803147,   82.97166469,     61.12352457], [  769.37636565, -121.18203667,  246.56148583,  709.20960668,     46.37360775,   71.00034803,  -15.87049317,  121.65704714,    218.63428418,  264.21197292,  153.73149621,  121.01794317,     89.06201551], [  227.98654281,   51.79308282,  129.62203941,   46.37360775,    222.68209068,   91.99428684,  -11.4806    ,   -1.46062314,     72.54118584,   36.90189932,   49.70476076,   62.79695372,     56.28616951], [  370.5933635 , -185.71293965,  227.11051532,   71.00034803,     91.99428684,  227.71083321,   55.64535011,   25.35545682,     68.3738007 ,   88.81342449,   52.21461283,   60.14505963,     67.01166509], [  288.93859301, -133.8046675 ,    3.76691411,  -15.87049317,    -11.4806    ,   55.64535011,  287.92344838,  143.98234906,     -6.93730112,   28.12661063,  -11.15295538,  -38.44789465,    -18.42035998], [  689.10832097, -190.43243311,  218.88231895,  121.65704714,     -1.46062314,   25.35545682,  143.98234906,  311.46622195,    151.01192292,  105.00841966,   54.49681845,   -3.08707607,    -34.35643547], [  742.08093974, -277.80554476,  289.22105259,  218.63428418,     72.54118584,   68.3738007 ,   -6.93730112,  151.01192292,    314.47704829,  214.11136627,  134.78357219,  108.27986669,     59.9698596 ], [ 1115.39014645, -339.97455177,  241.29593819,  264.21197292,     36.90189932,   88.81342449,   28.12661063,  105.00841966,    214.11136627,  300.91767379,  165.33400503,  104.9772363 ,     86.39588484], [  781.55212982, -281.43198811,  129.81803147,  153.73149621,     49.70476076,   52.21461283,  -11.15295538,   54.49681845,    134.78357219,  165.33400503,  199.40275598,  121.62634052,     46.67084899], [  546.78334937, -232.86096231,   82.97166469,  121.01794317,     62.79695372,   60.14505963,  -38.44789465,   -3.08707607,    108.27986669,  104.9772363 ,  121.62634052,  166.00944668,     95.93118109], [  293.5411148 , -151.36132766,   61.12352457,   89.06201551,     56.28616951,   67.01166509,  -18.42035998,  -34.35643547,     59.9698596 ,   86.39588484,   46.67084899,   95.93118109,    137.96942348]]
/root/sim/music/out/Compilations/20th ANNIVERSARY OF PERSONA SERIES ALL T/3-13 Danger Zone.mp3; [-567.6612   , 123.766014 , -21.961351 ,  50.443798 ,  15.6800165,   -5.518625 ,  -1.1592766,   6.9456496,   6.933398 ,   2.1871917,    0.6791844,  -3.057205 ,  -3.078482 ]; [[14310.27210731,  569.56953154, -887.56365028,  778.66890886,    274.83989721, -397.61753057,  -92.05697312,   62.951731  ,    100.08054892,  -22.62694805,  -11.12796477,  -11.06993523,     21.69771743], [  569.56953154, 1706.06834235, -182.1837318 ,  119.73910891,   -138.83702751,  149.56006371,   -0.67971218,  -14.09110331,    -23.67176914,   38.73495559,   88.46446172,   42.6943157 ,      1.9466858 ], [ -887.56365028, -182.1837318 ,  856.78329233, -316.00536472,     61.63752582,  139.18085193,   29.87239518,    1.47726329,    -60.90011748,   40.47793936,   -8.89827261,   23.7319105 ,    -14.37076521], [  778.66890886,  119.73910891, -316.00536472,  426.81485806,     72.31397445,  -29.16579073,   38.08819001,   59.73650514,     88.04567136,   -9.49649122,   -2.23853886,  -24.27564833,      5.29956643], [  274.83989721, -138.83702751,   61.63752582,   72.31397445,    178.90236192,   -7.91594156,   49.88536993,   38.53028425,     34.95048476,   -8.7360662 ,  -17.58810201,  -10.61929696,      6.55582095], [ -397.61753057,  149.56006371,  139.18085193,  -29.16579073,     -7.91594156,  149.24810642,   41.67111195,   13.01239063,    -10.12559366,   15.13707815,   14.0634586 ,   13.59113769,      2.6076816 ], [  -92.05697312,   -0.67971218,   29.87239518,   38.08819001,     49.88536993,   41.67111195,   94.6948503 ,   33.74221894,     17.41213661,   -1.62359105,    4.79010825,    5.19345827,     11.52359916], [   62.951731  ,  -14.09110331,    1.47726329,   59.73650514,     38.53028425,   13.01239063,   33.74221894,   77.72533749,     47.81427773,    5.05637676,   -7.3910546 ,   -6.78133772,      1.77341717], [  100.08054892,  -23.67176914,  -60.90011748,   88.04567136,     34.95048476,  -10.12559366,   17.41213661,   47.81427773,     89.17462772,   19.418922  ,    0.20803775,  -15.15990955,      2.60083288], [  -22.62694805,   38.73495559,   40.47793936,   -9.49649122,     -8.7360662 ,   15.13707815,   -1.62359105,    5.05637676,     19.418922  ,   58.52098473,   27.17997483,   10.98954457,     -1.60368458], [  -11.12796477,   88.46446172,   -8.89827261,   -2.23853886,    -17.58810201,   14.0634586 ,    4.79010825,   -7.3910546 ,      0.20803775,   27.17997483,   60.48287693,   30.37486891,      4.14224851], [  -11.06993523,   42.6943157 ,   23.7319105 ,  -24.27564833,    -10.61929696,   13.59113769,    5.19345827,   -6.78133772,    -15.15990955,   10.98954457,   30.37486891,   59.32533747,     24.96230278], [   21.69771743,    1.9466858 ,  -14.37076521,    5.29956643,      6.55582095,    2.6076816 ,   11.52359916,    1.77341717,      2.60083288,   -1.60368458,    4.14224851,   24.96230278,     51.68516275]]
/root/sim/music/out/Compilations/20th ANNIVERSARY OF PERSONA SERIES ALL T/3-06 When The Moon's Reaching Out St.mp3; [-647.09796  , 101.35329  ,  48.67441  ,  16.777344 ,   5.2423763,    2.4250767,   6.792359 ,   3.087584 ,   1.5181873,   1.400663 ,   -4.3959265,  -7.7513776,  -2.794271 ]; [[20000.52160707,  598.80888766,   35.39247549,   62.44589678,     59.91551626,  -30.08146247,   47.93668493,   22.73762483,     15.56848985,   14.18084815, -163.53843088,  -83.25092616,     29.54549181], [  598.80888766, 1867.51767525,  -20.34608527, -162.78905787,    -97.37141456, -103.85156259,  -33.44655603,  -61.34549427,     10.42332253,  -19.64721982,  -23.53478808,  -15.11620943,     50.06960594], [   35.39247549,  -20.34608527,  778.0732956 ,  103.72237956,     24.31003234,   57.13823747,   93.49425037,   63.02660164,     13.93638829,   29.54453051,   41.57939331,   -6.77462625,     15.89120775], [   62.44589678, -162.78905787,  103.72237956,  360.65049981,    114.48681132,   92.7809781 ,   54.93405027,   24.04508752,     24.67750943,    7.13228733,   43.30804625,   15.77103437,    -36.05032253], [   59.91551626,  -97.37141456,   24.31003234,  114.48681132,    330.78068645,  126.53048573,   62.34351779,   40.52749382,     35.2566398 ,   39.1988352 ,   30.2045715 ,    2.17460715,     -0.85448283], [  -30.08146247, -103.85156259,   57.13823747,   92.7809781 ,    126.53048573,  216.1811917 ,   77.33297024,   10.19264754,     11.23053795,   12.26228385,   30.3807581 ,    2.75100887,    -17.58737533], [   47.93668493,  -33.44655603,   93.49425037,   54.93405027,     62.34351779,   77.33297024,  161.2615465 ,   84.45064298,     41.73585896,   34.06263516,   10.89525184,  -15.3479488 ,      8.9299267 ], [   22.73762483,  -61.34549427,   63.02660164,   24.04508752,     40.52749382,   10.19264754,   84.45064298,  135.72764289,     60.94419843,   38.80911146,  -10.94754762,  -15.80779232,      3.46541864], [   15.56848985,   10.42332253,   13.93638829,   24.67750943,     35.2566398 ,   11.23053795,   41.73585896,   60.94419843,     87.34688471,   45.52198413,    6.68553735,   -4.02982443,     -5.51677995], [   14.18084815,  -19.64721982,   29.54453051,    7.13228733,     39.1988352 ,   12.26228385,   34.06263516,   38.80911146,     45.52198413,   87.24448823,   29.38622841,    4.18598781,      0.7271259 ], [ -163.53843088,  -23.53478808,   41.57939331,   43.30804625,     30.2045715 ,   30.3807581 ,   10.89525184,  -10.94754762,      6.68553735,   29.38622841,   85.73138972,   33.90305264,      1.09703889], [  -83.25092616,  -15.11620943,   -6.77462625,   15.77103437,      2.17460715,    2.75100887,  -15.3479488 ,  -15.80779232,     -4.02982443,    4.18598781,   33.90305264,   63.93270743,     21.07688926], [   29.54549181,   50.06960594,   15.89120775,  -36.05032253,     -0.85448283,  -17.58737533,    8.9299267 ,    3.46541864,     -5.51677995,    0.7271259 ,    1.09703889,   21.07688926,     78.87791006]]
/root/sim/music/out/Compilations/20th ANNIVERSARY OF PERSONA SERIES ALL T/3-17 全ての人の魂の戦い.mp3; [-596.9617    , 103.641235  ,  -5.328966  ,  40.915924  ,  10.986829  ,   -1.0167205 ,   2.3276708 ,   2.836632  ,   3.6075644 ,   2.456315  ,   -1.1702362 ,  -0.50047785,  -1.906704  ]; [[16973.37591672,  310.01151427,  821.21861524,   62.55603157,    293.17253015,  187.72504946,  458.52838065,  345.43474222,    -17.68332909,   18.2094774 ,   58.4623677 ,   83.71255489,    169.16555042], [  310.01151427, 1424.25540553, -338.94730605,  126.6006212 ,   -170.14576739,   68.23999619,   66.72730635,   17.20990767,    -72.94396739,  -11.56065772,    8.30225776,   40.86155635,     46.99217823], [  821.21861524, -338.94730605,  672.35449705,  -98.51412209,    161.1791115 ,   66.09324533,   99.06402525,   85.2276393 ,    -27.79576637,    9.13981534,   26.50159552,   33.19212837,     57.21718544], [   62.55603157,  126.6006212 ,  -98.51412209,  461.79084566,    139.01555987,   -1.70244721,  -20.9420163 ,   -2.88024732,     94.96021158,   52.81516924,    8.17540443,  -13.45265222,    -41.81159196], [  293.17253015, -170.14576739,  161.1791115 ,  139.01555987,    228.5911151 ,   40.8515342 ,   27.01580229,   29.82395107,     56.39561957,   35.21186706,   13.33810291,   -5.92347897,    -15.08737984], [  187.72504946,   68.23999619,   66.09324533,   -1.70244721,     40.8515342 ,  126.60385756,   53.91088178,   30.05964152,     -1.37127745,    5.73129624,    8.7472855 ,    1.34249569,      1.49365966], [  458.52838065,   66.72730635,   99.06402525,  -20.9420163 ,     27.01580229,   53.91088178,  137.10245753,   77.83829599,     -8.17805804,    5.2122794 ,   31.36866673,   42.53901635,     56.3415621 ], [  345.43474222,   17.20990767,   85.2276393 ,   -2.88024732,     29.82395107,   30.05964152,   77.83829599,   99.13301955,     13.85951618,   15.50218862,   19.28415648,   27.67490884,     45.86186201], [  -17.68332909,  -72.94396739,  -27.79576637,   94.96021158,     56.39561957,   -1.37127745,   -8.17805804,   13.85951618,     89.94172174,   36.3092771 ,    4.13597259,  -14.4607441 ,    -24.54806129], [   18.2094774 ,  -11.56065772,    9.13981534,   52.81516924,     35.21186706,    5.73129624,    5.2122794 ,   15.50218862,     36.3092771 ,   66.22844524,   36.22466725,   11.09598596,     -7.55659931], [   58.4623677 ,    8.30225776,   26.50159552,    8.17540443,     13.33810291,    8.7472855 ,   31.36866673,   19.28415648,      4.13597259,   36.22466725,   73.58009712,   48.74992322,     20.9273528 ], [   83.71255489,   40.86155635,   33.19212837,  -13.45265222,     -5.92347897,    1.34249569,   42.53901635,   27.67490884,    -14.4607441 ,   11.09598596,   48.74992322,   86.3427369 ,     60.71105075], [  169.16555042,   46.99217823,   57.21718544,  -41.81159196,    -15.08737984,    1.49365966,   56.3415621 ,   45.86186201,    -24.54806129,   -7.55659931,   20.9273528 ,   60.71105075,    104.63470873]]
/root/sim/music/out/Compilations/MACROSS SONG COLLECTION 2002 [Disc 2]/2-04 Sweet Fantasy.mp3; [-597.56744  , 116.1094   ,  16.55872  ,  23.934978 ,   9.35604  ,   10.200508 ,   4.033223 ,   1.3111959,   3.1955583,   3.4915798,   -3.4371953,   0.3718859,   1.9820402]; [[13250.01196146, 1377.70983429, -244.82471303,  217.92691219,    -95.46524533,   25.65789876, -141.86253925,  -37.8933253 ,    -27.7910395 ,  -11.86494855, -123.15254891,   65.06072293,    108.68985758], [ 1377.70983429,  861.12450801,   -8.70986631,   42.46576778,     63.34516391,   -9.93933989,   63.71513007,  -17.0381568 ,     27.15265423,  -14.33080028,  -30.21019576,    0.56940883,     13.30865594], [ -244.82471303,   -8.70986631,  432.39502363,   31.19935837,     99.01873309,  112.43441519,   58.21525602,   55.6838723 ,      5.26988131,    7.71072594,   53.17183405,  -14.46180146,    -35.61384282], [  217.92691219,   42.46576778,   31.19935837,  230.71956623,     19.28015863,  -31.41619211,   25.37430708,   27.73892402,      8.18165296,   -4.66117648,   10.88350713,   24.76000893,    -12.02299519], [  -95.46524533,   63.34516391,   99.01873309,   19.28015863,    183.32750965,  120.74698356,   45.66505376,   25.50894834,     36.99427792,   14.74508057,   22.98430728,  -22.32843228,    -13.89538683], [   25.65789876,   -9.93933989,  112.43441519,  -31.41619211,    120.74698356,  233.02996959,   45.23484509,   36.79100848,     29.97133873,   27.19297557,   20.79668699,  -37.54115422,    -19.45409076], [ -141.86253925,   63.71513007,   58.21525602,   25.37430708,     45.66505376,   45.23484509,  132.15817652,   34.74657812,     24.85711354,    2.12207432,    6.69573179,   -4.68935553,     -1.93921319], [  -37.8933253 ,  -17.0381568 ,   55.6838723 ,   27.73892402,     25.50894834,   36.79100848,   34.74657812,  117.91312439,     34.56600466,    3.13581769,   16.20947758,    4.18572979,    -17.80180162], [  -27.7910395 ,   27.15265423,    5.26988131,    8.18165296,     36.99427792,   29.97133873,   24.85711354,   34.56600466,     85.7823592 ,   39.7009383 ,    9.05441758,   -2.70207555,      4.18159382], [  -11.86494855,  -14.33080028,    7.71072594,   -4.66117648,     14.74508057,   27.19297557,    2.12207432,    3.13581769,     39.7009383 ,   75.33445038,   28.80729942,    1.4173939 ,      4.60648227], [ -123.15254891,  -30.21019576,   53.17183405,   10.88350713,     22.98430728,   20.79668699,    6.69573179,   16.20947758,      9.05441758,   28.80729942,   74.82949386,   20.21120004,     -8.7294986 ], [   65.06072293,    0.56940883,  -14.46180146,   24.76000893,    -22.32843228,  -37.54115422,   -4.68935553,    4.18572979,     -2.70207555,    1.4173939 ,   20.21120004,   74.79215661,     32.53378962], [  108.68985758,   13.30865594,  -35.61384282,  -12.02299519,    -13.89538683,  -19.45409076,   -1.93921319,  -17.80180162,      4.18159382,    4.60648227,   -8.7294986 ,   32.53378962,     72.42513902]]
/root/sim/music/out/Compilations/MACROSS SONG COLLECTION 2002 [Disc 2]/2-10 Angel Voice.mp3; [-583.95056  , 128.81274  ,   4.3659444,  18.125002 ,   3.668829 ,   -1.1081189,  -0.7624883,   4.6510215,  -2.2602987,  -3.0140424,   -1.7092427,  -3.945143 ,  -3.1201801]; [[16869.57379036,-1327.08008603,  -94.00247893,  -28.57231131,    409.79876924,   -9.77570839,    1.18798189,  123.21366383,    101.72217809,  272.28487985,  117.01655803,   15.9648041 ,    126.23059446], [-1327.08008603, 1248.28519848, -224.84462032,   88.05291078,   -104.05380422,  -40.04059665,  -47.81049783,  -27.23736823,    -12.51594677,  -91.09099322,   -8.87306852,    8.78430595,    -48.79814832], [  -94.00247893, -224.84462032,  549.92955067,   -5.91801076,    143.04118778,   64.3738805 ,   85.78291601,   45.35529752,     16.2483058 ,   31.05174584,    4.97038934,   42.11949281,     37.26289529], [  -28.57231131,   88.05291078,   -5.91801076,  171.04647263,     47.66588518,   26.79465186,    2.89096767,   44.69188831,     25.36136205,   -4.79861239,    5.6389998 ,    5.52044225,     22.68023097], [  409.79876924, -104.05380422,  143.04118778,   47.66588518,    255.63170818,   34.36284428,   49.27557722,   56.63854923,     39.78128429,   22.67878235,   13.90687355,    9.35192501,     14.2421277 ], [   -9.77570839,  -40.04059665,   64.3738805 ,   26.79465186,     34.36284428,  146.18596565,   52.476922  ,   10.3738587 ,     25.3273262 ,    6.92660207,   12.05018926,   33.7865327 ,      4.91227348], [    1.18798189,  -47.81049783,   85.78291601,    2.89096767,     49.27557722,   52.476922  ,  138.77829846,   22.93775832,     18.00168138,   36.39854693,   12.79895276,   20.69649158,      7.10928971], [  123.21366383,  -27.23736823,   45.35529752,   44.69188831,     56.63854923,   10.3738587 ,   22.93775832,   92.93704823,     21.97860882,   13.10959245,    3.54233224,    4.19465119,     16.55753773], [  101.72217809,  -12.51594677,   16.2483058 ,   25.36136205,     39.78128429,   25.3273262 ,   18.00168138,   21.97860882,     93.25920208,   16.19691989,    4.34898868,   19.95893073,      4.93189801], [  272.28487985,  -91.09099322,   31.05174584,   -4.79861239,     22.67878235,    6.92660207,   36.39854693,   13.10959245,     16.19691989,  111.14502395,   23.40543956,    8.66383   ,     10.88473991], [  117.01655803,   -8.87306852,    4.97038934,    5.6389998 ,     13.90687355,   12.05018926,   12.79895276,    3.54233224,      4.34898868,   23.40543956,   65.93743135,   17.98037901,     12.73626833], [   15.9648041 ,    8.78430595,   42.11949281,    5.52044225,      9.35192501,   33.7865327 ,   20.69649158,    4.19465119,     19.95893073,    8.66383   ,   17.98037901,   79.4396827 ,     22.97067772], [  126.23059446,  -48.79814832,   37.26289529,   22.68023097,     14.2421277 ,    4.91227348,    7.10928971,   16.55753773,      4.93189801,   10.88473991,   12.73626833,   22.97067772,     67.03418829]]
/root/sim/music/out/Compilations/MACROSS SONG COLLECTION 2002 [Disc 2]/2-05 …だけど ベイビー!!.mp3; [-574.53876   ,  93.93815   ,   4.0408664 ,  39.627663  ,   2.0767477 ,    5.6975627 ,   3.447969  ,  -1.1390893 ,   8.694937  ,  -4.8867903 ,   -0.12154734,  -3.9691052 ,   0.5257599 ]; [[17110.86102358, -138.08652304, -698.15631421, -180.00069123,   -236.69649972,  269.49917059,   29.61691098,   60.65970618,     84.86299289, -171.63329752,  -12.93080202,  -39.35868409,    164.56464897], [ -138.08652304, 1048.29572896, -164.17278758,   22.5749848 ,    -95.70975135, -274.72099155,    1.65594008, -165.47090464,    -21.83089145,  -48.15955731, -100.87375986,  -30.58121757,    -11.58576113], [ -698.15631421, -164.17278758,  878.04289737,  205.90982076,    236.52365133,  139.02762229,   28.40464731,   81.16681313,     26.38747312,   19.903965  ,   54.94113597,    4.71132028,      4.43572543], [ -180.00069123,   22.5749848 ,  205.90982076,  284.59626914,    118.22702777,   61.02836408,    9.89049831,   46.51581072,     -2.40593648,    6.62501802,   27.76779886,    4.73866848,    -15.11948758], [ -236.69649972,  -95.70975135,  236.52365133,  118.22702777,    276.17627234,  193.36928189,   82.89044679,   81.61248201,     60.67744349,   32.45638242,   47.62637422,   18.95936084,     20.07949899], [  269.49917059, -274.72099155,  139.02762229,   61.02836408,    193.36928189,  436.56024325,  104.50723246,  176.32222395,     65.81144624,   75.51444351,   96.32126856,   12.46091948,     36.80210012], [   29.61691098,    1.65594008,   28.40464731,    9.89049831,     82.89044679,  104.50723246,  177.01859221,   72.53445709,     71.81314566,   23.10646383,    3.48509441,    8.96755083,     23.62371787], [   60.65970618, -165.47090464,   81.16681313,   46.51581072,     81.61248201,  176.32222395,   72.53445709,  202.98373924,     73.8764495 ,   45.30659136,   40.04526327,   15.50700736,     25.45128279], [   84.86299289,  -21.83089145,   26.38747312,   -2.40593648,     60.67744349,   65.81144624,   71.81314566,   73.8764495 ,    152.62087316,   48.34121382,   12.99862103,   -1.63201709,     35.4460087 ], [ -171.63329752,  -48.15955731,   19.903965  ,    6.62501802,     32.45638242,   75.51444351,   23.10646383,   45.30659136,     48.34121382,  118.41827054,   59.98021613,   18.379887  ,      8.78412986], [  -12.93080202, -100.87375986,   54.94113597,   27.76779886,     47.62637422,   96.32126856,    3.48509441,   40.04526327,     12.99862103,   59.98021613,  131.72022977,   51.63761782,      6.56029807], [  -39.35868409,  -30.58121757,    4.71132028,    4.73866848,     18.95936084,   12.46091948,    8.96755083,   15.50700736,     -1.63201709,   18.379887  ,   51.63761782,   98.7961405 ,     38.94931632], [  164.56464897,  -11.58576113,    4.43572543,  -15.11948758,     20.07949899,   36.80210012,   23.62371787,   25.45128279,     35.4460087 ,    8.78412986,    6.56029807,   38.94931632,    104.57268981]]
