/root/sim/music/out/Queen/Innuendo/07 All God's People.mp3; [-659.68744  , 111.38287  ,  -0.9607551,  18.722933 ,   0.5667682,   -1.8043425,   1.9826351,  10.315595 ,  -8.73808  ,   3.6123176,   -0.7718943,  -2.2765393,  -0.3403731]; [[15876.07829965, 1106.94491565,-2013.42101206, -190.97227596,   -293.8843983 , -347.38270429,  136.17754892,  525.57119207,   -121.20118257,  213.01842223,   83.48150784,  -37.45377784,    151.78035865], [ 1106.94491565,  856.50764951,  -33.21910527,   27.61506456,     39.53852806,   24.43400402,   62.74535892,   39.60550752,     64.35155115,   58.1481441 ,   15.15144929,   37.72969347,      4.23443841], [-2013.42101206,  -33.21910527, 1181.6497111 ,  193.77259202,    127.68778167,  201.86566841,  -19.63230202, -144.15976821,    115.88877465,  -65.42601614,  -30.85172829,   33.4086249 ,    -57.52014971], [ -190.97227596,   27.61506456,  193.77259202,  306.22848651,    124.20338221,   49.37155441,  -19.48191621,  -18.7920737 ,     71.03152464,   19.91047102,   -7.15344671,   11.40645892,     25.789065  ], [ -293.8843983 ,   39.53852806,  127.68778167,  124.20338221,    210.04506775,   55.02721109,  -18.28180288,   -5.27377198,     34.87281416,   18.95098945,   -8.58253282,   -3.06340465,     22.72382948], [ -347.38270429,   24.43400402,  201.86566841,   49.37155441,     55.02721109,  167.41051206,   50.95682987,   -4.51610917,     30.97576498,  -13.08881433,    7.72184719,   20.14179151,    -10.42388546], [  136.17754892,   62.74535892,  -19.63230202,  -19.48191621,    -18.28180288,   50.95682987,  171.60412246,   68.27123415,    -17.33383004,   -3.99899948,   18.92853516,   12.93761393,    -10.96902647], [  525.57119207,   39.60550752, -144.15976821,  -18.7920737 ,     -5.27377198,   -4.51610917,   68.27123415,  168.41043818,     -4.28195676,   32.06048383,   15.81607648,  -14.28838864,     15.17783595], [ -121.20118257,   64.35155115,  115.88877465,   71.03152464,     34.87281416,   30.97576498,  -17.33383004,   -4.28195676,    161.92069528,   39.02714417,    0.83331175,   13.58949215,     -8.88417464], [  213.01842223,   58.1481441 ,  -65.42601614,   19.91047102,     18.95098945,  -13.08881433,   -3.99899948,   32.06048383,     39.02714417,  106.31886679,   26.87963803,    4.32679943,      6.3131176 ], [   83.48150784,   15.15144929,  -30.85172829,   -7.15344671,     -8.58253282,    7.72184719,   18.92853516,   15.81607648,      0.83331175,   26.87963803,   72.81721923,   33.09783064,     10.7528829 ], [  -37.45377784,   37.72969347,   33.4086249 ,   11.40645892,     -3.06340465,   20.14179151,   12.93761393,  -14.28838864,     13.58949215,    4.32679943,   33.09783064,   83.57113897,     23.89180825], [  151.78035865,    4.23443841,  -57.52014971,   25.789065  ,     22.72382948,  -10.42388546,  -10.96902647,   15.17783595,     -8.88417464,    6.3131176 ,   10.7528829 ,   23.89180825,     78.01174608]]
/root/sim/music/out/Queen/Innuendo/08 These Are The Days Of Our Lives.mp3; [-737.0493    , 138.72394   ,  22.57795   ,  28.839994  ,   4.423028  ,   -2.737459  ,  -5.4918227 ,   4.1725445 ,  -9.861532  ,   3.3204796 ,   -7.5653615 ,  -0.21936972,  -4.505302  ]; [[23838.37536778, 1369.43251156,-1269.73694806, -154.49823579,   -709.46217115, -508.02028365,  -98.87522329,  448.9030528 ,   -545.77227375,  557.26441562, -147.26601613,  209.29854477,     46.56109098], [ 1369.43251156, 3001.12642443, -309.46556184,  101.59035041,   -118.61195295,  -60.74681622,   19.17089799,  -24.22412661,     15.06214368,  -12.02909059,    7.5161097 ,   43.65658592,     21.80643316], [-1269.73694806, -309.46556184, 1104.84540984,   67.00539908,    139.88412478,  108.55536676,  -81.40000644,  -54.99493376,     10.58903699,  -70.61939569,  -14.19235964,  -29.73775428,    -20.47818782], [ -154.49823579,  101.59035041,   67.00539908,  358.83007619,    110.69967777,   68.82593405,  -38.51835164,  -14.8613384 ,     58.0757526 ,  -36.33003583,  -10.29009055,  -22.66622029,     13.00543688], [ -709.46217115, -118.61195295,  139.88412478,  110.69967777,    334.08375152,   50.84851721,   22.51484957,   28.3007199 ,     31.99261852,   31.70001898,   -0.70870588,   -8.75857684,      3.43199591], [ -508.02028365,  -60.74681622,  108.55536676,   68.82593405,     50.84851721,  214.179064  ,   39.54842448,   -8.87564489,     74.26548591,  -30.08022808,   36.85242705,   -0.35392499,     -0.57484986], [  -98.87522329,   19.17089799,  -81.40000644,  -38.51835164,     22.51484957,   39.54842448,  185.57568775,   72.08467733,      0.25095719,   34.87584137,   27.83157779,   27.76290396,     -6.72273996], [  448.9030528 ,  -24.22412661,  -54.99493376,  -14.8613384 ,     28.3007199 ,   -8.87564489,   72.08467733,  169.63232297,    -30.07448653,   81.83363669,    2.48081194,   29.07307865,      9.66569554], [ -545.77227375,   15.06214368,   10.58903699,   58.0757526 ,     31.99261852,   74.26548591,    0.25095719,  -30.07448653,    195.56632928,  -35.69482315,   42.54632719,   -7.87611816,      5.86315436], [  557.26441562,  -12.02909059,  -70.61939569,  -36.33003583,     31.70001898,  -30.08022808,   34.87584137,   81.83363669,    -35.69482315,  175.08653979,   25.87294778,   33.06417709,      1.57242529], [ -147.26601613,    7.5161097 ,  -14.19235964,  -10.29009055,     -0.70870588,   36.85242705,   27.83157779,    2.48081194,     42.54632719,   25.87294778,  108.13659244,   42.56303872,     20.28941282], [  209.29854477,   43.65658592,  -29.73775428,  -22.66622029,     -8.75857684,   -0.35392499,   27.76290396,   29.07307865,     -7.87611816,   33.06417709,   42.56303872,   90.97254492,     35.43151908], [   46.56109098,   21.80643316,  -20.47818782,   13.00543688,      3.43199591,   -0.57484986,   -6.72273996,    9.66569554,      5.86315436,    1.57242529,   20.28941282,   35.43151908,     94.27301165]]
/root/sim/music/out/Queen/Innuendo/11 Bijou.mp3; [-778.4056   , 151.35976  , -61.342365 ,  10.798265 , -28.552164 ,   -7.609575 , -12.613081 ,   0.9325306,  -9.027614 ,  -4.713271 ,   -7.381781 ,  -4.6290045,  -2.2457573]; [[8987.12684749, 904.65516559, 192.15475058, 656.8910848 ,-107.08574857,   111.10295931, -77.62940563, 373.97159979,-109.54251686,  67.08556445,   -74.09810661,-131.60638621, -45.36196153], [ 904.65516559,1742.32536044, 109.27505738, 258.39466847, 222.79298486,    90.57442592,  58.13793779, -73.39941771,  92.32915085,  -0.84983165,    46.85951497, -45.45830318, -44.53123098], [ 192.15475058, 109.27505738, 893.86041014,  90.43177464, 423.23791252,   169.03631272, 109.68188867,  85.49670907, -49.55416627, 141.85837697,    49.8532311 ,  71.13758771,  40.94538438], [ 656.8910848 , 258.39466847,  90.43177464, 403.69681471,  47.71944075,   142.07820901,  66.28887279,  50.28188667, 115.59451609,  20.0240342 ,    59.5933404 , -15.19717645,  27.17858814], [-107.08574857, 222.79298486, 423.23791252,  47.71944075, 382.29221727,   116.06301063,  83.54914186,  10.6166201 , -50.70030341, 106.98642482,    49.26887365,  56.57828764,  32.57814954], [ 111.10295931,  90.57442592, 169.03631272, 142.07820901, 116.06301063,   259.68390742, 157.73179841,  39.59820178,  -9.60318133,  13.82828426,    62.64731146,  40.73832957,  51.12523094], [ -77.62940563,  58.13793779, 109.68188867,  66.28887279,  83.54914186,   157.73179841, 268.50906797, 104.91509206, -31.32384473,  14.14747112,    35.11853528,  34.02234842,  44.06029924], [ 373.97159979, -73.39941771,  85.49670907,  50.28188667,  10.6166201 ,    39.59820178, 104.91509206, 249.13035214,  84.94171926,  11.49383412,   -46.46145563, -39.48551396, -33.99233146], [-109.54251686,  92.32915085, -49.55416627, 115.59451609, -50.70030341,    -9.60318133, -31.32384473,  84.94171926, 293.66981785,  40.09405399,    -7.6024781 , -48.68675563, -50.17617292], [  67.08556445,  -0.84983165, 141.85837697,  20.0240342 , 106.98642482,    13.82828426,  14.14747112,  11.49383412,  40.09405399, 218.51649642,    78.63974547,  61.64305446,  36.30595668], [ -74.09810661,  46.85951497,  49.8532311 ,  59.5933404 ,  49.26887365,    62.64731146,  35.11853528, -46.46145563,  -7.6024781 ,  78.63974547,   161.34570055,  76.58649319,  69.93498319], [-131.60638621, -45.45830318,  71.13758771, -15.19717645,  56.57828764,    40.73832957,  34.02234842, -39.48551396, -48.68675563,  61.64305446,    76.58649319, 169.6931031 , 101.184924  ], [ -45.36196153, -44.53123098,  40.94538438,  27.17858814,  32.57814954,    51.12523094,  44.06029924, -33.99233146, -50.17617292,  36.30595668,    69.93498319, 101.184924  , 182.51402937]]
/root/sim/music/out/Queen/Innuendo/12 The Show Must Go On.mp3; [-678.8512    , 113.647095  ,  -6.7661595 ,  12.024343  ,  -6.8673615 ,   -4.9191337 ,  -2.988755  ,   7.1056356 , -12.426899  ,   7.49229   ,   -0.9191403 ,  -0.4684732 ,  -0.13156173]; [[33762.37257955, 1098.61426371,   79.62155456, 2058.17705741,   1225.00497929,  952.48756502,  880.05149467, 1377.41792955,   -489.28062005, -549.35861693,-1088.91205298, -578.05811774,   -461.91020423], [ 1098.61426371, 1255.13678276, -196.73013869,   95.63603735,   -108.70139512,  -22.24264339,  -31.24743155,  -59.61313132,     -1.58642145,   -3.82027413,  -18.15895937,  -13.96197219,     -3.02104604], [   79.62155456, -196.73013869,  493.45566195,   75.5851834 ,     74.94380062,   88.38128636,   15.10036401,   18.63354598,     36.55976627,  -35.43370014,  -41.21783043,   11.56570828,    -32.94044276], [ 2058.17705741,   95.63603735,   75.5851834 ,  377.11266578,    165.16391233,  131.95850784,   56.89867487,   96.67592531,     52.94586063,  -92.58394012, -114.14869424,  -52.81025392,    -37.87879476], [ 1225.00497929, -108.70139512,   74.94380062,  165.16391233,    272.27696197,   89.32262643,   77.65943627,   99.36445793,     11.7705642 ,  -26.53601737,  -75.19947594,  -26.54357652,    -37.55569532], [  952.48756502,  -22.24264339,   88.38128636,  131.95850784,     89.32262643,  213.58199691,   87.44420381,   63.22081053,     31.10441461,  -69.88205282,  -34.90166372,   -7.80622254,    -39.57140811], [  880.05149467,  -31.24743155,   15.10036401,   56.89867487,     77.65943627,   87.44420381,  182.00027193,  104.29979584,      1.82954339,  -20.02315526,  -31.11840272,   11.10995307,    -27.23623609], [ 1377.41792955,  -59.61313132,   18.63354598,   96.67592531,     99.36445793,   63.22081053,  104.29979584,  187.35514438,    -18.1384593 ,   -7.3418728 ,  -61.34669813,  -21.45846333,    -12.55601722], [ -489.28062005,   -1.58642145,   36.55976627,   52.94586063,     11.7705642 ,   31.10441461,    1.82954339,  -18.1384593 ,    186.77869121,  -19.34538334,   19.2316494 ,   31.85323202,      1.2429135 ], [ -549.35861693,   -3.82027413,  -35.43370014,  -92.58394012,    -26.53601737,  -69.88205282,  -20.02315526,   -7.3418728 ,    -19.34538334,  148.42380353,   62.54819048,   29.2425133 ,     27.68672717], [-1088.91205298,  -18.15895937,  -41.21783043, -114.14869424,    -75.19947594,  -34.90166372,  -31.11840272,  -61.34669813,     19.2316494 ,   62.54819048,  150.68120269,   59.91411441,     43.33409744], [ -578.05811774,  -13.96197219,   11.56570828,  -52.81025392,    -26.54357652,   -7.80622254,   11.10995307,  -21.45846333,     31.85323202,   29.2425133 ,   59.91411441,   91.04035205,     34.42198689], [ -461.91020423,   -3.02104604,  -32.94044276,  -37.87879476,    -37.55569532,  -39.57140811,  -27.23623609,  -12.55601722,      1.2429135 ,   27.68672717,   43.33409744,   34.42198689,     97.04153315]]
/root/sim/music/out/Queen/Innuendo/06 Ride The Wild Wind.mp3; [-643.4671    , 101.63027   ,  12.708131  ,  30.09335   ,   5.2138677 ,    8.078499  ,   1.8934134 ,  10.426591  ,  -1.8955438 ,   4.9618998 ,   -1.6361235 ,   0.01957505,  -1.7866042 ]; [[14841.31199461, -109.3485094 ,  139.77116444,  -33.01966551,    -52.04364319, -112.46872811,  -96.40022046,  325.81297292,   -182.07311281,   91.51510986,  -56.36181302,  -47.32445542,      8.75423654], [ -109.3485094 , 1058.6195117 , -226.55290364,   77.83525764,    -14.19033504,  -11.03667381,   59.10357659,  -18.07733345,     61.80931398,  -12.41700632,  -28.45264668,   35.20020723,      4.7420464 ], [  139.77116444, -226.55290364,  519.58410672,   60.16917049,     59.08124383,   94.59386677,  -19.32428185,  -16.21776902,    -21.89554161,  -35.60473403,   13.40399758,   -6.84782962,    -14.40100022], [  -33.01966551,   77.83525764,   60.16917049,  250.80006125,     53.51575963,   42.61571538,   -5.69437003,  -30.61064549,     33.75220044,  -31.66146949,   -0.50737502,    1.08039653,     -1.43537318], [  -52.04364319,  -14.19033504,   59.08124383,   53.51575963,    134.24643181,   31.27208208,    2.08611664,   12.03415051,     -7.35664149,    3.1210713 ,   -3.59678209,   -6.16909742,     -0.39358695], [ -112.46872811,  -11.03667381,   94.59386677,   42.61571538,     31.27208208,  181.72597363,   56.92428049,  -23.5911424 ,      4.32304054,  -27.45820973,   16.41244771,    2.8311218 ,    -16.66921939], [  -96.40022046,   59.10357659,  -19.32428185,   -5.69437003,      2.08611664,   56.92428049,  115.6950827 ,   21.8912223 ,      5.50526009,  -19.12160041,   -2.70754987,    3.9679888 ,     -6.39955185], [  325.81297292,  -18.07733345,  -16.21776902,  -30.61064549,     12.03415051,  -23.5911424 ,   21.8912223 ,  110.89535865,      3.81932686,   22.03929315,  -11.46341015,   -8.76186331,      5.45741963], [ -182.07311281,   61.80931398,  -21.89554161,   33.75220044,     -7.35664149,    4.32304054,    5.50526009,    3.81932686,    104.56843527,   19.73207067,    3.75667751,   -6.72743355,    -14.72617964], [   91.51510986,  -12.41700632,  -35.60473403,  -31.66146949,      3.1210713 ,  -27.45820973,  -19.12160041,   22.03929315,     19.73207067,  100.4744657 ,   19.88528021,   -2.37584026,    -15.12906665], [  -56.36181302,  -28.45264668,   13.40399758,   -0.50737502,     -3.59678209,   16.41244771,   -2.70754987,  -11.46341015,      3.75667751,   19.88528021,   63.24864205,   18.02745022,     -3.95814397], [  -47.32445542,   35.20020723,   -6.84782962,    1.08039653,     -6.16909742,    2.8311218 ,    3.9679888 ,   -8.76186331,     -6.72743355,   -2.37584026,   18.02745022,   68.1292624 ,     23.12615652], [    8.75423654,    4.7420464 ,  -14.40100022,   -1.43537318,     -0.39358695,  -16.66921939,   -6.39955185,    5.45741963,    -14.72617964,  -15.12906665,   -3.95814397,   23.12615652,     68.89827032]]
/root/sim/music/out/Queen/Innuendo/02 I'm Going Slightly Mad.mp3; [-672.2364   , 135.25278  ,  24.842743 ,  15.254007 ,  -0.2574285,   -3.158519 ,  -4.171282 ,   5.929795 ,  -6.5408936,  -2.1231291,   -5.589961 ,  -3.1017818,  -3.019489 ]; [[ 5965.60630787,-1111.2046869 , -275.40714425, -277.33092979,     89.64880905, -109.98733582,   98.57243999,  233.49258534,   -126.15702716,   79.27075673,   -1.60421469,  -22.68813614,     13.15564484], [-1111.2046869 , 1463.27441485, -377.38844346,    4.67839469,     14.21103436,  -29.67509709,    0.0529506 ,  -15.31474521,     66.82636897,   43.37117897,   21.09843809,    3.05629797,    -35.8590675 ], [ -275.40714425, -377.38844346,  676.99615394,  129.73819391,    -28.10129613,   93.92930563,   -2.87753018,  -40.09184967,     41.9460225 ,  -57.77684306,   -9.06845018,   20.55964131,     23.73481798], [ -277.33092979,    4.67839469,  129.73819391,  339.70114515,     43.89113467,   27.56515724,  -27.82394268,  -16.30897804,     32.00977193,   18.37092465,   17.12841111,   -4.17707979,     34.26307432], [   89.64880905,   14.21103436,  -28.10129613,   43.89113467,    175.17279587,    4.98890309,   14.68028332,   42.54241087,     12.9619759 ,   40.17806149,   -0.71818025,   -2.79885935,      7.25171508], [ -109.98733582,  -29.67509709,   93.92930563,   27.56515724,      4.98890309,  142.83676138,   48.43863994,   -2.82040318,     47.53609986,  -24.20255228,   16.87612505,   22.33607674,     -1.91196246], [   98.57243999,    0.0529506 ,   -2.87753018,  -27.82394268,     14.68028332,   48.43863994,  159.45716065,   56.0295141 ,     -7.26235029,  -16.46943314,   20.69649888,   22.68193648,      7.67969862], [  233.49258534,  -15.31474521,  -40.09184967,  -16.30897804,     42.54241087,   -2.82040318,   56.0295141 ,  144.2397083 ,     -2.80190805,    0.91178282,  -12.12500337,    7.80030205,     11.94944389], [ -126.15702716,   66.82636897,   41.9460225 ,   32.00977193,     12.9619759 ,   47.53609986,   -7.26235029,   -2.80190805,    156.22627024,    4.96906384,   11.52739459,   -6.75703034,     -8.67711279], [   79.27075673,   43.37117897,  -57.77684306,   18.37092465,     40.17806149,  -24.20255228,  -16.46943314,    0.91178282,      4.96906384,  141.70698061,   32.92879281,   -4.85349929,    -13.37278441], [   -1.60421469,   21.09843809,   -9.06845018,   17.12841111,     -0.71818025,   16.87612505,   20.69649888,  -12.12500337,     11.52739459,   32.92879281,   93.38582785,   38.83076886,      9.93353532], [  -22.68813614,    3.05629797,   20.55964131,   -4.17707979,     -2.79885935,   22.33607674,   22.68193648,    7.80030205,     -6.75703034,   -4.85349929,   38.83076886,   88.8522516 ,     32.06500315], [   13.15564484,  -35.8590675 ,   23.73481798,   34.26307432,      7.25171508,   -1.91196246,    7.67969862,   11.94944389,     -8.67711279,  -13.37278441,    9.93353532,   32.06500315,     81.02317767]]
/root/sim/music/out/Queen/Innuendo/01 Innuendo.mp3; [-696.7336    , 123.13073   ,   0.67861354,  17.147736  ,   3.1096244 ,   -0.95369196,  -2.364953  ,   8.337812  ,  -1.9767641 ,   4.4067793 ,   -2.7099216 ,  -3.3407674 ,  -1.6175562 ]; [[16048.23300879,-1877.08596785, -813.14659371,  322.37414476,    157.59575842,  138.57996555,  170.18881312,  406.06044137,   -237.139571  ,   65.03356302,   -0.54451118,  130.02247464,    218.83554091], [-1877.08596785, 1428.91935179, -148.95876028,    6.19785937,    -51.1586616 ,  -11.21719493,   11.82236875,  -85.59997927,     30.45513864,  -76.90807779,  -29.20198676,   -8.86232998,    -24.55276927], [ -813.14659371, -148.95876028,  907.04864127,  114.25419819,    123.09463662,  153.68993597,   12.74867718,  -45.19336526,    -17.12588151,  -64.75788683,   -1.951343  ,  -25.46907379,    -13.76494526], [  322.37414476,    6.19785937,  114.25419819,  298.73288332,     79.82941341,   68.85466679,   30.35394086,    6.41617681,     19.02782495,  -17.52960128,   -9.91347029,   -1.88040922,     11.32196828], [  157.59575842,  -51.1586616 ,  123.09463662,   79.82941341,    189.76713574,   57.00853185,   18.01794845,   43.17887161,     -7.62284205,   22.19627903,   18.95068955,   -4.49922038,     25.27517991], [  138.57996555,  -11.21719493,  153.68993597,   68.85466679,     57.00853185,  178.00500385,   66.3181501 ,    8.05183158,     16.9180495 ,  -26.45922233,   20.85622142,    6.60726281,     -6.44305168], [  170.18881312,   11.82236875,   12.74867718,   30.35394086,     18.01794845,   66.3181501 ,  132.05209037,   52.80102948,     31.76845015,    9.89726603,   21.96062161,   16.72414333,      1.82672196], [  406.06044137,  -85.59997927,  -45.19336526,    6.41617681,     43.17887161,    8.05183158,   52.80102948,  159.38663908,     25.72612853,   57.70525186,   27.75353056,    0.74332729,     26.93636889], [ -237.139571  ,   30.45513864,  -17.12588151,   19.02782495,     -7.62284205,   16.9180495 ,   31.76845015,   25.72612853,    200.34783119,   49.76121389,   24.87874127,   15.79959325,    -16.30563074], [   65.03356302,  -76.90807779,  -64.75788683,  -17.52960128,     22.19627903,  -26.45922233,    9.89726603,   57.70525186,     49.76121389,  136.2211235 ,   51.12468629,   17.5039623 ,     12.91385955], [   -0.54451118,  -29.20198676,   -1.951343  ,   -9.91347029,     18.95068955,   20.85622142,   21.96062161,   27.75353056,     24.87874127,   51.12468629,   88.46478917,   29.20997391,     10.35802454], [  130.02247464,   -8.86232998,  -25.46907379,   -1.88040922,     -4.49922038,    6.60726281,   16.72414333,    0.74332729,     15.79959325,   17.5039623 ,   29.20997391,   80.58572874,     25.90993745], [  218.83554091,  -24.55276927,  -13.76494526,   11.32196828,     25.27517991,   -6.44305168,    1.82672196,   26.93636889,    -16.30563074,   12.91385955,   10.35802454,   25.90993745,     74.90659565]]
/root/sim/music/out/Queen/Innuendo/04 I Can't Live With You.mp3; [-626.94354   ,  99.21139   ,  -0.01998976,  25.250273  ,   0.93211067,    1.3544997 ,   1.5176461 ,   7.588245  ,  -4.99211   ,   5.45058   ,   -3.2503676 ,  -2.100064  ,   0.98640037]; [[10942.07157532,  163.71815099, -262.48628707,   -6.37052201,    -56.10369903,  -38.79516905,  -74.8429832 ,   40.49227876,   -270.09643266,   66.17937076,   -9.93202563,  -28.21500715,     47.98922641], [  163.71815099, 1004.45974747, -195.3988134 ,   89.77713145,     59.77777193,  -15.03855421,   65.76100141,  -10.46299634,     32.59524788,   31.24622582,   -6.08942377,   24.26976883,    -10.3394442 ], [ -262.48628707, -195.3988134 ,  597.72873766,   47.93989258,     -1.15441046,  108.53367098,  -35.99202631,  -60.25070067,     34.16245047,  -43.46625308,    4.41211737,   25.23721309,     -6.75930396], [   -6.37052201,   89.77713145,   47.93989258,  234.86507807,     53.63383451,    5.48122086,  -22.61485767,    1.66678091,     34.09217415,    4.76398417,   -3.8622067 ,   14.03581346,     24.16141102], [  -56.10369903,   59.77777193,   -1.15441046,   53.63383451,    167.31485103,    4.65561243,   14.2306553 ,   30.53416983,     24.21791044,   25.55843543,   -8.51894126,   -4.60168518,     -1.82567968], [  -38.79516905,  -15.03855421,  108.53367098,    5.48122086,      4.65561243,  188.65259198,   48.81792973,   -7.51752589,     16.11026578,  -15.33506764,   10.8484902 ,    4.36399962,    -12.76799392], [  -74.8429832 ,   65.76100141,  -35.99202631,  -22.61485767,     14.2306553 ,   48.81792973,  164.62271961,   44.50762977,    -24.27702394,    9.31179766,   -4.66085315,    2.84345749,     -6.68397926], [   40.49227876,  -10.46299634,  -60.25070067,    1.66678091,     30.53416983,   -7.51752589,   44.50762977,  147.31264791,     25.16548678,   16.89019586,    4.12348474,   -0.6932929 ,     12.93959321], [ -270.09643266,   32.59524788,   34.16245047,   34.09217415,     24.21791044,   16.11026578,  -24.27702394,   25.16548678,    155.85652179,    9.75181817,    3.45578179,    1.97274439,     -8.93038318], [   66.17937076,   31.24622582,  -43.46625308,    4.76398417,     25.55843543,  -15.33506764,    9.31179766,   16.89019586,      9.75181817,  105.79305298,   14.67066622,   -2.73422433,     -2.68825787], [   -9.93202563,   -6.08942377,    4.41211737,   -3.8622067 ,     -8.51894126,   10.8484902 ,   -4.66085315,    4.12348474,      3.45578179,   14.67066622,   85.75283819,   23.00951875,      5.43918047], [  -28.21500715,   24.26976883,   25.23721309,   14.03581346,     -4.60168518,    4.36399962,    2.84345749,   -0.6932929 ,      1.97274439,   -2.73422433,   23.00951875,   72.86528119,     19.0341866 ], [   47.98922641,  -10.3394442 ,   -6.75930396,   24.16141102,     -1.82567968,  -12.76799392,   -6.68397926,   12.93959321,     -8.93038318,   -2.68825787,    5.43918047,   19.0341866 ,     77.84723309]]
/root/sim/music/out/Queen/Innuendo/09 Delilah.mp3; [-729.9522   , 116.276    ,  25.283625 ,  23.072462 ,   6.969864 ,    4.7716017,  -4.505981 ,   4.9760723, -13.537085 ,  -1.8456416,   -5.0194087,  -2.4870074,  -1.7361656]; [[11399.37430497,  322.23673362, -803.0717545 ,   22.36382445,    136.93880882,  -72.07788159,  -58.26924546,  145.30657938,   -200.42471678,   94.48618312,   86.58477992,   48.05384279,     -9.58969098], [  322.23673362, 1332.82382933, -148.87847327,   30.28282617,     17.59751757,   30.60674694,   20.04313527,   28.19044053,    -35.72146295,   39.69184133,    7.6595819 ,   14.3706232 ,      3.04118408], [ -803.0717545 , -148.87847327, 1175.83621917,  160.32926228,    -16.51226179,   65.45433249,   43.80507066,  -78.5673103 ,    105.71552179,  -43.47701314,   -2.94493687,   26.2892598 ,     16.77748878], [   22.36382445,   30.28282617,  160.32926228,  338.63710474,    104.0517566 ,   39.63659648,    6.62778041,   23.57532457,     64.71188741,   11.71314441,    6.9727703 ,    7.17897964,     40.62019131], [  136.93880882,   17.59751757,  -16.51226179,  104.0517566 ,    284.79340413,   75.01788958,   22.71539241,   54.96910221,     39.91712094,   53.67779907,   10.73204637,   -3.98377594,      5.56184922], [  -72.07788159,   30.60674694,   65.45433249,   39.63659648,     75.01788958,  260.61457038,   94.29100021,   28.27695371,     70.86532758,   -4.40939797,   44.25424864,   16.15479774,     -9.83477661], [  -58.26924546,   20.04313527,   43.80507066,    6.62778041,     22.71539241,   94.29100021,  213.86821637,   63.11837664,     56.13758582,   24.53112464,   27.9568519 ,   17.38883071,    -14.16182799], [  145.30657938,   28.19044053,  -78.5673103 ,   23.57532457,     54.96910221,   28.27695371,   63.11837664,  189.96377352,     32.86417177,   48.71660893,   15.69158158,    0.73140372,      1.41867257], [ -200.42471678,  -35.72146295,  105.71552179,   64.71188741,     39.91712094,   70.86532758,   56.13758582,   32.86417177,    226.38417729,   40.33918619,   37.66413665,   23.10751739,    -23.96785113], [   94.48618312,   39.69184133,  -43.47701314,   11.71314441,     53.67779907,   -4.40939797,   24.53112464,   48.71660893,     40.33918619,  160.29008215,   36.24321755,    8.54931267,     -5.81869311], [   86.58477992,    7.6595819 ,   -2.94493687,    6.9727703 ,     10.73204637,   44.25424864,   27.9568519 ,   15.69158158,     37.66413665,   36.24321755,  109.07767858,   46.31885219,     11.98205091], [   48.05384279,   14.3706232 ,   26.2892598 ,    7.17897964,     -3.98377594,   16.15479774,   17.38883071,    0.73140372,     23.10751739,    8.54931267,   46.31885219,   97.41411214,     38.01234894], [   -9.58969098,    3.04118408,   16.77748878,   40.62019131,      5.56184922,   -9.83477661,  -14.16182799,    1.41867257,    -23.96785113,   -5.81869311,   11.98205091,   38.01234894,    103.60031842]]
/root/sim/music/out/Queen/Innuendo/05 Don't Try So Hard.mp3; [-731.26184   , 152.24849   ,  -5.603978  ,  12.358209  ,  -1.6338512 ,   -1.8096089 ,  -3.6349077 ,   6.280662  , -14.124372  ,   4.6735215 ,   -3.4841123 ,  -0.10635334,  -0.4588253 ]; [[15454.81472644, -902.62925632, -745.33621135,  660.39514155,    346.96961282,  183.32530074,   59.30134027,  557.08554982,   -262.50025982,  392.59121867,  -69.54101849, -250.42629655,    -49.36284939], [ -902.62925632, 2139.17260741, -238.84762781,  -87.46701065,     47.85197475,   -9.91297525,   71.84962542,  -55.07640318,     77.18134433,  -56.21951223,   17.84846686,   36.18611187,    -24.47713598], [ -745.33621135, -238.84762781,  740.40035895,  -50.36958907,    -42.09015404,   97.91675088,  -14.99136406,  -35.06340692,     46.03052465,  -47.56044783,    7.5120679 ,   25.52326032,      4.02314637], [  660.39514155,  -87.46701065,  -50.36958907,  415.33236724,    119.03963672,   53.57921213,   14.80021618,    6.25230208,     83.97222194,   27.19073512,    5.98579464,   -2.42395558,     19.64255452], [  346.96961282,   47.85197475,  -42.09015404,  119.03963672,    271.50792202,   23.78083736,   -7.72637431,    6.34652155,     16.8418661 ,   26.19617909,   18.41072442,    6.72283541,     20.59146412], [  183.32530074,   -9.91297525,   97.91675088,   53.57921213,     23.78083736,  262.56059658,   82.55240319,   12.10774288,     70.65526739,    2.83954468,   33.24725001,    2.63115021,     -8.46858178], [   59.30134027,   71.84962542,  -14.99136406,   14.80021618,     -7.72637431,   82.55240319,  202.63922392,   56.59831639,     21.12802567,    7.79598367,   19.96371873,    8.06409454,    -17.94247165], [  557.08554982,  -55.07640318,  -35.06340692,    6.25230208,      6.34652155,   12.10774288,   56.59831639,  180.44787908,    -24.02650062,   40.55288897,   -5.6785191 ,  -26.67212829,    -15.86850714], [ -262.50025982,   77.18134433,   46.03052465,   83.97222194,     16.8418661 ,   70.65526739,   21.12802567,  -24.02650062,    225.01686213,    6.97191751,   12.16668266,    2.28431258,    -11.29835136], [  392.59121867,  -56.21951223,  -47.56044783,   27.19073512,     26.19617909,    2.83954468,    7.79598367,   40.55288897,      6.97191751,  125.05632006,   12.62960316,  -11.54590599,     -9.33564215], [  -69.54101849,   17.84846686,    7.5120679 ,    5.98579464,     18.41072442,   33.24725001,   19.96371873,   -5.6785191 ,     12.16668266,   12.62960316,  101.25438819,   33.21050841,     17.72033793], [ -250.42629655,   36.18611187,   25.52326032,   -2.42395558,      6.72283541,    2.63115021,    8.06409454,  -26.67212829,      2.28431258,  -11.54590599,   33.21050841,  111.49525543,     33.93966117], [  -49.36284939,  -24.47713598,    4.02314637,   19.64255452,     20.59146412,   -8.46858178,  -17.94247165,  -15.86850714,    -11.29835136,   -9.33564215,   17.72033793,   33.93966117,     98.56873308]]
/root/sim/music/out/Queen/Innuendo/03 Headlong.mp3; [-633.6858    , 126.25373   ,   5.270203  ,  31.98706   ,   6.3563995 ,   -6.39      ,  -3.1309705 ,   7.767881  ,  -5.3193774 ,   2.4896452 ,   -5.198452  ,  -0.9784682 ,   0.49263862]; [[ 5162.43673323,-1251.29326469,  -72.7520703 , -194.09747885,    -26.90892174,  -42.36698308,  -80.96130927,  130.23748356,   -122.36065367,    4.67085153,    4.93168773,  -92.30472003,    -25.83685088], [-1251.29326469, 1195.32496675, -324.89973559,  146.98558422,    -55.29190286,   -7.79189874,   76.15965808,  -81.55395677,     56.71921461,    4.28174355,    0.40441839,   81.57330866,     19.10435852], [  -72.7520703 , -324.89973559,  661.29082243,  -38.91881583,     45.84343225,   72.95137902,  -57.05008585,    7.88032918,      4.94504545,  -40.6430486 ,  -17.49915931,  -39.51307784,    -26.82427518], [ -194.09747885,  146.98558422,  -38.91881583,  260.54363124,      3.28385928,  -20.11012744,  -43.77686805,  -62.15058189,     52.34228413,    7.35504251,  -34.30225351,    3.29480196,     11.0613934 ], [  -26.90892174,  -55.29190286,   45.84343225,    3.28385928,    157.3712769 ,  -11.85704149,  -23.35676331,   28.02911782,      7.06863609,   17.12949583,   -7.89585587,  -28.19840677,     -6.23150546], [  -42.36698308,   -7.79189874,   72.95137902,  -20.11012744,    -11.85704149,  132.0280524 ,   38.38905236,   -7.82111035,      6.72851159,  -17.9645375 ,    4.56263067,    5.31597423,    -12.69946914], [  -80.96130927,   76.15965808,  -57.05008585,  -43.77686805,    -23.35676331,   38.38905236,  143.49776404,   36.06765477,    -13.89753925,   -9.98689545,   11.35800239,   15.65396884,     -0.88033054], [  130.23748356,  -81.55395677,    7.88032918,  -62.15058189,     28.02911782,   -7.82111035,   36.06765477,  144.45249873,     -4.4135638 ,   14.75194537,   16.33299651,  -20.12281113,     -2.44247575], [ -122.36065367,   56.71921461,    4.94504545,   52.34228413,      7.06863609,    6.72851159,  -13.89753925,   -4.4135638 ,    123.86479897,   30.70540047,   -0.46242497,    4.25203312,    -15.55209129], [    4.67085153,    4.28174355,  -40.6430486 ,    7.35504251,     17.12949583,  -17.9645375 ,   -9.98689545,   14.75194537,     30.70540047,   97.39012682,   26.36515969,    1.1972367 ,     -1.83613207], [    4.93168773,    0.40441839,  -17.49915931,  -34.30225351,     -7.89585587,    4.56263067,   11.35800239,   16.33299651,     -0.46242497,   26.36515969,   74.64316325,   24.85129253,      2.43904344], [  -92.30472003,   81.57330866,  -39.51307784,    3.29480196,    -28.19840677,    5.31597423,   15.65396884,  -20.12281113,      4.25203312,    1.1972367 ,   24.85129253,   82.38511356,     29.18178173], [  -25.83685088,   19.10435852,  -26.82427518,   11.0613934 ,     -6.23150546,  -12.69946914,   -0.88033054,   -2.44247575,    -15.55209129,   -1.83613207,    2.43904344,   29.18178173,     68.24106282]]
/root/sim/music/out/Queen/Greatest Hits II/06 Innuendo.mp3; [-623.862     , 122.40319   ,  -0.12562236,  25.707603  ,   4.925123  ,    1.6503177 ,  -1.97232   ,   9.21335   ,  -1.6771286 ,   4.780397  ,   -2.874061  ,  -3.0960965 ,  -1.789206  ]; [[18764.11369748,-2033.18838472, -745.10790925,  290.25621323,     72.61793615,  132.46456705,  113.50407241,  353.3029662 ,   -304.33315301,  -23.80232504,  -62.13099863,  109.64498864,    169.87470303], [-2033.18838472, 1511.51588342,  -95.69158325,   27.64052528,    -27.96398677,    3.49585422,   20.32546751,  -64.16018861,     30.02468454,  -50.95462574,  -15.16914409,   -5.93173427,    -18.06004731], [ -745.10790925,  -95.69158325,  922.9800792 ,  125.15426154,    145.31068937,  152.16619121,   24.02238585,  -43.14353041,    -30.4136659 ,  -67.87519252,   -0.70351473,  -25.701902  ,     -6.07193774], [  290.25621323,   27.64052528,  125.15426154,  277.48428144,     85.50667846,   61.10324587,   29.39591039,   14.45971239,     14.8872171 ,  -10.75239102,   -7.5957151 ,   -2.31267952,     13.66052248], [   72.61793615,  -27.96398677,  145.31068937,   85.50667846,    194.22135527,   56.14663325,   17.12150183,   34.74179902,    -12.76125442,   15.99795444,   17.81828634,   -8.59145278,     22.71488589], [  132.46456705,    3.49585422,  152.16619121,   61.10324587,     56.14663325,  176.08176619,   66.86208925,    5.59929823,     14.24499945,  -30.56427977,   17.16159777,    6.41079985,     -6.69785691], [  113.50407241,   20.32546751,   24.02238585,   29.39591039,     17.12150183,   66.86208925,  128.2140256 ,   44.20425606,     26.2090084 ,    3.19335652,   17.49381855,   13.25653385,     -1.2629797 ], [  353.3029662 ,  -64.16018861,  -43.14353041,   14.45971239,     34.74179902,    5.59929823,   44.20425606,  145.58858579,     23.70623517,   46.24313018,   18.62199595,   -3.85231464,     19.19079793], [ -304.33315301,   30.02468454,  -30.4136659 ,   14.8872171 ,    -12.76125442,   14.24499945,   26.2090084 ,   23.70623517,    201.64700959,   50.67848566,   22.29122538,   12.5387129 ,    -18.84207339], [  -23.80232504,  -50.95462574,  -67.87519252,  -10.75239102,     15.99795444,  -30.56427977,    3.19335652,   46.24313018,     50.67848566,  128.54481419,   45.87029314,   12.0047357 ,      6.76598645], [  -62.13099863,  -15.16914409,   -0.70351473,   -7.5957151 ,     17.81828634,   17.16159777,   17.49381855,   18.62199595,     22.29122538,   45.87029314,   84.87774862,   25.67309611,      7.15354504], [  109.64498864,   -5.93173427,  -25.701902  ,   -2.31267952,     -8.59145278,    6.41079985,   13.25653385,   -3.85231464,     12.5387129 ,   12.0047357 ,   25.67309611,   78.55662197,     24.19304006], [  169.87470303,  -18.06004731,   -6.07193774,   13.66052248,     22.71488589,   -6.69785691,   -1.2629797 ,   19.19079793,    -18.84207339,    6.76598645,    7.15354504,   24.19304006,     73.36827067]]
/root/sim/music/out/Queen/Greatest Hits II/04 I Want It All.mp3; [-565.77765   ,  93.3372    , -13.424358  ,  28.630228  ,   3.934889  ,    8.650708  ,   4.6080875 ,  12.006774  ,  -1.845127  ,   2.9138033 ,    0.93676007,  -1.3251951 ,   0.8727837 ]; [[13752.45372793,   17.76778749, -273.48212924,  379.81144387,    -20.70655952,  151.96406193,  193.15086269,  205.12551927,    -54.05347434,   18.80286095,  -13.55377789,  -92.62543949,    -81.4634685 ], [   17.76778749,  922.38566633,   60.63122179,  177.30802621,    129.60862512,   58.59240477,   60.87270605,   36.66031203,     89.469162  ,   62.36136525,   25.96842068,   14.6478568 ,     38.23598525], [ -273.48212924,   60.63122179,  915.84468671,  392.17690762,    120.58137066,  164.16757224,   50.89717234,  -11.47588111,    130.45596031,   -4.13498051,  -29.95570132,    7.74778361,      2.23134334], [  379.81144387,  177.30802621,  392.17690762,  581.07630946,    198.18887153,   91.55865271,   -7.71665438,  -14.62372451,    116.65853587,   17.74045209,  -43.20331005,   -6.96192849,     19.3372022 ], [  -20.70655952,  129.60862512,  120.58137066,  198.18887153,    296.76476246,   94.14722745,  -18.56721488,   -1.82168998,     79.93236944,   57.77575199,   -1.958593  ,   -3.20541836,     21.11660326], [  151.96406193,   58.59240477,  164.16757224,   91.55865271,     94.14722745,  223.92073427,  105.98987067,   -3.86296698,     59.73793215,    6.29993996,   16.16242045,   15.39111203,     -7.0182396 ], [  193.15086269,   60.87270605,   50.89717234,   -7.71665438,    -18.56721488,  105.98987067,  213.06799969,   55.67979677,      3.62365066,  -15.29343543,   12.82264939,   16.24512657,    -10.8501455 ], [  205.12551927,   36.66031203,  -11.47588111,  -14.62372451,     -1.82168998,   -3.86296698,   55.67979677,  152.04236876,      6.84386069,    5.27179963,    6.67429995,   -3.34849187,      9.86744148], [  -54.05347434,   89.469162  ,  130.45596031,  116.65853587,     79.93236944,   59.73793215,    3.62365066,    6.84386069,    161.58975624,   48.89491709,  -10.04587228,    1.98755736,     12.29320717], [   18.80286095,   62.36136525,   -4.13498051,   17.74045209,     57.77575199,    6.29993996,  -15.29343543,    5.27179963,     48.89491709,  108.72767068,   31.91936601,    6.95050502,     11.33024562], [  -13.55377789,   25.96842068,  -29.95570132,  -43.20331005,     -1.958593  ,   16.16242045,   12.82264939,    6.67429995,    -10.04587228,   31.91936601,   85.11292689,   32.49989814,      0.36575194], [  -92.62543949,   14.6478568 ,    7.74778361,   -6.96192849,     -3.20541836,   15.39111203,   16.24512657,   -3.34849187,      1.98755736,    6.95050502,   32.49989814,   81.22548514,     22.86420628], [  -81.4634685 ,   38.23598525,    2.23134334,   19.3372022 ,     21.11660326,   -7.0182396 ,  -10.8501455 ,    9.86744148,     12.29320717,   11.33024562,    0.36575194,   22.86420628,     74.06219781]]
