/root/sim/music/out/Queen/The Miracle/03 The Miracle.mp3; [-582.4367    , 108.5363    ,  -1.3903183 ,  22.735344  ,   3.6093423 ,   -0.26446658,   0.5721572 ,  12.6548    ,  -8.364298  ,   5.400009  ,   -0.70025676,  -1.8005621 ,  -0.9670326 ]; [[12921.43286493, -119.10064603, -260.68843237,   11.02416811,    -15.64032645,   50.09876901,   80.51687471,  254.15259434,   -118.92387211,   69.98396783,   45.55485176,   21.29140551,     11.06324296], [ -119.10064603, 1363.21680384, -243.33967043,   94.43257445,     21.30996069,  -14.64311   ,   30.82615471,  -19.05122725,    -22.7382673 ,    8.10856547,    8.23137872,    3.64385964,     14.15596923], [ -260.68843237, -243.33967043,  840.64044071,  169.53418937,    131.13860282,  156.38729654,  -28.56733016,  -57.05573362,    143.14672052,  -15.56736182,  -19.46060043,   35.65338226,     -9.90717414], [   11.02416811,   94.43257445,  169.53418937,  438.66304027,    178.36533236,   66.47568082,  -31.57829678,   -0.09392631,    118.42047647,   27.20767663,  -10.14249331,    3.72844283,     56.32270832], [  -15.64032645,   21.30996069,  131.13860282,  178.36533236,    258.21422752,   65.06747956,  -32.67006367,    1.17981606,     43.6761249 ,   36.2654908 ,   -6.05705605,   -2.49232423,     26.99988812], [   50.09876901,  -14.64311   ,  156.38729654,   66.47568082,     65.06747956,  188.92239356,   52.88718594,   -6.36127245,     65.06029641,   -3.56242045,   14.51414584,   12.73351707,      2.08418921], [   80.51687471,   30.82615471,  -28.56733016,  -31.57829678,    -32.67006367,   52.88718594,  189.79959755,   91.46912356,    -14.19942804,    2.73371924,   25.16996188,   21.75389143,     -2.05642077], [  254.15259434,  -19.05122725,  -57.05573362,   -0.09392631,      1.17981606,   -6.36127245,   91.46912356,  178.59667344,      4.38881194,   44.78653544,   17.91794944,    3.11790886,      7.06888658], [ -118.92387211,  -22.7382673 ,  143.14672052,  118.42047647,     43.6761249 ,   65.06029641,  -14.19942804,    4.38881194,    222.47666304,   40.42648807,    5.92789652,    8.07423344,     12.32851506], [   69.98396783,    8.10856547,  -15.56736182,   27.20767663,     36.2654908 ,   -3.56242045,    2.73371924,   44.78653544,     40.42648807,  138.84640773,   55.72861426,   14.96775373,      2.58803358], [   45.55485176,    8.23137872,  -19.46060043,  -10.14249331,     -6.05705605,   14.51414584,   25.16996188,   17.91794944,      5.92789652,   55.72861426,  109.09427905,   39.9592456 ,      3.70631639], [   21.29140551,    3.64385964,   35.65338226,    3.72844283,     -2.49232423,   12.73351707,   21.75389143,    3.11790886,      8.07423344,   14.96775373,   39.9592456 ,   91.96353502,     33.12841526], [   11.06324296,   14.15596923,   -9.90717414,   56.32270832,     26.99988812,    2.08418921,   -2.05642077,    7.06888658,     12.32851506,    2.58803358,    3.70631639,   33.12841526,    107.48247038]]
/root/sim/music/out/Queen/The Miracle/13 The Invisible Man [12_ Version].mp3; [-659.2073    ,  83.19083   ,  45.263912  ,  55.296204  ,  17.011404  ,   15.391209  ,   6.928167  ,   7.211356  ,   0.92277896,   2.3745277 ,   -2.104912  ,  -0.87823457,  -1.4526244 ]; [[13474.05580715,-1259.06937907, -516.00107002,  617.99947578,   -126.20060622,   65.28950919, -100.05992251,  142.98456388,    -89.74648216,  -73.29759965,  -81.96628818,  -94.52434151,    -85.05680045], [-1259.06937907, 2028.08206507,  -30.97389432,  -60.26706941,     18.53143415,    9.71394422,   68.18806884,  -26.68818724,      5.83251762,  -64.15107738,  -29.66919369,  -29.1395286 ,    -13.54889029], [ -516.00107002,  -30.97389432, 1471.6821412 ,  490.77058336,    109.30319353,   92.88472844,   35.16066278,  -86.83093067,      7.1124961 ,  -51.18725042,  -70.0846026 ,  -24.26978893,     -8.48728711], [  617.99947578,  -60.26706941,  490.77058336,  745.74333491,    168.91102939,  119.68177893,   27.69426096,  -17.36047425,     11.36039331,  -32.70722523,  -65.11908888,  -16.58437988,     12.65091324], [ -126.20060622,   18.53143415,  109.30319353,  168.91102939,    283.52218436,  107.07379062,   32.90659731,   28.87110275,     17.22076856,   14.11201884,   -2.17683852,   -3.70135527,     11.65214712], [   65.28950919,    9.71394422,   92.88472844,  119.68177893,    107.07379062,  233.81602546,  119.612023  ,   17.81149791,     18.22210221,   18.13593567,   11.91361298,   11.73795986,      9.02877159], [ -100.05992251,   68.18806884,   35.16066278,   27.69426096,     32.90659731,  119.612023  ,  226.36252504,   74.40647673,     47.34569522,   19.85142144,   29.73679989,   32.25758746,     19.38688859], [  142.98456388,  -26.68818724,  -86.83093067,  -17.36047425,     28.87110275,   17.81149791,   74.40647673,  185.18668744,     66.51583904,   40.68026882,   38.46948053,   30.28615807,     33.21988181], [  -89.74648216,    5.83251762,    7.1124961 ,   11.36039331,     17.22076856,   18.22210221,   47.34569522,   66.51583904,    151.87299024,   65.90572752,   20.92232224,   28.89413638,     28.05141031], [  -73.29759965,  -64.15107738,  -51.18725042,  -32.70722523,     14.11201884,   18.13593567,   19.85142144,   40.68026882,     65.90572752,  137.39836067,   64.96091663,   24.89057742,     24.79234019], [  -81.96628818,  -29.66919369,  -70.0846026 ,  -65.11908888,     -2.17683852,   11.91361298,   29.73679989,   38.46948053,     20.92232224,   64.96091663,  119.04009946,   52.93992434,     13.88987507], [  -94.52434151,  -29.1395286 ,  -24.26978893,  -16.58437988,     -3.70135527,   11.73795986,   32.25758746,   30.28615807,     28.89413638,   24.89057742,   52.93992434,  108.66657506,     53.21437829], [  -85.05680045,  -13.54889029,   -8.48728711,   12.65091324,     11.65214712,    9.02877159,   19.38688859,   33.21988181,     28.05141031,   24.79234019,   13.88987507,   53.21437829,    110.21860449]]
/root/sim/music/out/Queen/The Miracle/12 Chinese Torture.mp3; [-702.03546  , 149.82498  , -29.343254 ,  34.539528 , -26.285702 ,    3.3861952,  -2.5313258,   7.0723643,   3.1865635,   2.0292788,    3.0233366,   2.4448667,   1.2232765]; [[28493.12346174, -450.16592424,-2581.9614336 , 2358.94946903,    447.03016617, 2279.81996262,  788.28843612,  975.75704785,    -59.61797705, -235.24145797, -257.25428116, -233.63973298,     -5.49799419], [ -450.16592424, 3207.86515565,  626.23909933,  153.47056698,     66.7410534 , -366.02046823, -204.41153076, -428.11956386,   -288.58499417, -257.6513573 , -134.8113604 ,  -12.35847377,     -4.04173727], [-2581.9614336 ,  626.23909933, 1736.14546776,    8.92221682,    585.42663092, -123.14437346,   11.07149512, -296.43493228,   -241.78824062, -185.38232329, -132.80010345,  -21.39870471,    -41.3593006 ], [ 2358.94946903,  153.47056698,    8.92221682,  650.00643553,    385.22621667,  367.72573542,  100.26563789,   31.58235172,   -102.54869977, -125.98466822, -120.82305537,  -85.9819387 ,    -25.64022797], [  447.03016617,   66.7410534 ,  585.42663092,  385.22621667,    773.55625875,  393.12993217,  190.69662992,  -59.87507572,   -171.10459561, -169.8923205 , -167.50424997,  -75.46576749,    -19.03719252], [ 2279.81996262, -366.02046823, -123.14437346,  367.72573542,    393.12993217,  549.07919006,  258.65243906,  140.56073872,    -60.26897619,  -84.65609628,  -80.69180322,  -48.15191198,      2.159691  ], [  788.28843612, -204.41153076,   11.07149512,  100.26563789,    190.69662992,  258.65243906,  263.72191488,  155.07181871,     20.00436845,  -34.69627201,  -48.70789524,  -27.64078135,     -7.5987759 ], [  975.75704785, -428.11956386, -296.43493228,   31.58235172,    -59.87507572,  140.56073872,  155.07181871,  259.73397149,    157.63668525,   82.45831478,   23.02666849,  -15.13569044,     -6.49910255], [  -59.61797705, -288.58499417, -241.78824062, -102.54869977,   -171.10459561,  -60.26897619,   20.00436845,  157.63668525,    231.40453997,  180.79467142,   97.53900649,   31.18527855,      0.16167038], [ -235.24145797, -257.6513573 , -185.38232329, -125.98466822,   -169.8923205 ,  -84.65609628,  -34.69627201,   82.45831478,    180.79467142,  235.83151424,  161.01698689,   85.671084  ,     34.26562116], [ -257.25428116, -134.8113604 , -132.80010345, -120.82305537,   -167.50424997,  -80.69180322,  -48.70789524,   23.02666849,     97.53900649,  161.01698689,  191.16468303,  133.79993988,     61.2948308 ], [ -233.63973298,  -12.35847377,  -21.39870471,  -85.9819387 ,    -75.46576749,  -48.15191198,  -27.64078135,  -15.13569044,     31.18527855,   85.671084  ,  133.79993988,  166.71702929,    101.89595965], [   -5.49799419,   -4.04173727,  -41.3593006 ,  -25.64022797,    -19.03719252,    2.159691  ,   -7.5987759 ,   -6.49910255,      0.16167038,   34.26562116,   61.2948308 ,  101.89595965,    116.80883468]]
/root/sim/music/out/Queen/The Miracle/04 I Want It All.mp3; [-577.7818    ,  93.81855   , -12.9735    ,  37.96675   ,   3.2251298 ,   11.238163  ,   5.8557773 ,  11.317955  ,  -0.37752503,   2.9607131 ,    0.66986454,  -1.0947176 ,   1.094332  ]; [[10993.87789459, -305.00109004, -456.75803983,   14.28522611,   -147.56464264,   62.66615464,  163.20691374,  215.9844128 ,   -131.67341726,   32.01462404,   21.32198847,  -69.76212619,    -37.19400944], [ -305.00109004,  899.84223317, -149.03449974,  153.68881382,     22.72806497,  -22.2004094 ,   28.88668761,  -12.05209429,     61.58496808,   27.62733566,    1.28653737,   13.21523047,     33.53571142], [ -456.75803983, -149.03449974,  794.49376688,  204.08796549,     50.52753501,   58.56737682,   -3.10538746,  -24.44761544,     49.92660755,  -22.19730114,  -43.7013255 ,   -9.89469746,     -8.81927013], [   14.28522611,  153.68881382,  204.08796549,  470.05375189,     60.83818666,   -3.91439851,  -38.48613226,  -59.69830538,     53.61731711,  -24.02022523,  -64.08799435,  -19.35391784,      2.55057304], [ -147.56464264,   22.72806497,   50.52753501,   60.83818666,    225.08774235,   39.27941089,  -27.34562694,    8.7236376 ,     22.5442181 ,   42.90290041,   -2.29379863,   -6.70374278,     15.8319106 ], [   62.66615464,  -22.2004094 ,   58.56737682,   -3.91439851,     39.27941089,  160.97377827,   77.21375056,  -13.06818972,      5.33299398,   -5.33515721,    9.03878699,    6.51007532,    -11.88231824], [  163.20691374,   28.88668761,   -3.10538746,  -38.48613226,    -27.34562694,   77.21375056,  182.31872175,   45.91651891,     -9.7263614 ,  -16.47079438,    6.05752071,   11.27857164,     -9.1803146 ], [  215.9844128 ,  -12.05209429,  -24.44761544,  -59.69830538,      8.7236376 ,  -13.06818972,   45.91651891,  161.0001843 ,      1.26494382,   10.24108005,    7.20913908,   -7.92233233,     14.65641129], [ -131.67341726,   61.58496808,   49.92660755,   53.61731711,     22.5442181 ,    5.33299398,   -9.7263614 ,    1.26494382,    125.03761427,   33.29954111,  -18.35530757,   -7.04629788,      5.42757706], [   32.01462404,   27.62733566,  -22.19730114,  -24.02022523,     42.90290041,   -5.33515721,  -16.47079438,   10.24108005,     33.29954111,  102.60000558,   33.83763775,    5.7579157 ,      8.44666566], [   21.32198847,    1.28653737,  -43.7013255 ,  -64.08799435,     -2.29379863,    9.03878699,    6.05752071,    7.20913908,    -18.35530757,   33.83763775,   82.9381379 ,   29.39153056,      0.47736622], [  -69.76212619,   13.21523047,   -9.89469746,  -19.35391784,     -6.70374278,    6.51007532,   11.27857164,   -7.92233233,     -7.04629788,    5.7579157 ,   29.39153056,   75.16138413,     18.84036305], [  -37.19400944,   33.53571142,   -8.81927013,    2.55057304,     15.8319106 ,  -11.88231824,   -9.1803146 ,   14.65641129,      5.42757706,    8.44666566,    0.47736622,   18.84036305,     70.78350192]]
/root/sim/music/out/Queen/The Miracle/10 Was It All Worth It.mp3; [-602.93585   , 113.86678   ,  -7.738817  ,  27.392292  ,  -0.53740716,    3.1331687 ,   0.59345937,   5.107404  ,  -0.44303885,   3.7258165 ,    0.6252623 ,   1.5778227 ,   0.9458925 ]; [[17151.2626043 , -215.01822077,  662.05920724,  946.06321229,    759.42436363,  356.25622037,  602.44525154,  394.22702519,    387.72796446,  309.70759612,  -40.24239144, -352.81321397,   -370.858608  ], [ -215.01822077, 1021.55099915, -330.45366822,  110.46471875,   -143.38646794,  -22.63642523,  -37.44486846,  -39.49052505,    -49.05633845,  -36.14608964,  -19.5009698 ,   21.61644533,    -16.7024669 ], [  662.05920724, -330.45366822,  828.43722594,  170.75593824,    215.03085619,  154.6549004 ,   79.39138487,   42.71294199,     62.47169645,   44.07106878,   17.09063942,  -14.60223631,    -43.50624421], [  946.06321229,  110.46471875,  170.75593824,  356.10761818,    119.18217124,   72.38042478,   60.45714509,    7.7284055 ,     68.64412868,   34.26010346,   -9.84397007,  -14.57553659,    -35.38601272], [  759.42436363, -143.38646794,  215.03085619,  119.18217124,    321.79832559,  117.15026861,   63.61811512,   76.05015798,     45.22624242,   27.57267965,   11.57670631,  -33.42851074,    -30.13521961], [  356.25622037,  -22.63642523,  154.6549004 ,   72.38042478,    117.15026861,  203.26910562,   90.80607597,   30.07194589,     32.82090216,   -2.47857997,   -3.31167054,   -7.34397526,    -30.4366327 ], [  602.44525154,  -37.44486846,   79.39138487,   60.45714509,     63.61811512,   90.80607597,  219.997502  ,   66.72087311,     31.33346572,    6.34727167,   -7.32596611,  -23.70606514,    -32.92236493], [  394.22702519,  -39.49052505,   42.71294199,    7.7284055 ,     76.05015798,   30.07194589,   66.72087311,  152.8252555 ,     27.04353962,   26.21037594,   14.23897927,  -22.31762379,    -16.06807547], [  387.72796446,  -49.05633845,   62.47169645,   68.64412868,     45.22624242,   32.82090216,   31.33346572,   27.04353962,    137.2678353 ,   51.79558987,   -3.6163109 ,  -13.72941946,    -17.62913392], [  309.70759612,  -36.14608964,   44.07106878,   34.26010346,     27.57267965,   -2.47857997,    6.34727167,   26.21037594,     51.79558987,  104.07623454,   32.46911789,  -10.2407503 ,    -22.70196061], [  -40.24239144,  -19.5009698 ,   17.09063942,   -9.84397007,     11.57670631,   -3.31167054,   -7.32596611,   14.23897927,     -3.6163109 ,   32.46911789,   80.70305872,   31.71121879,      2.88280008], [ -352.81321397,   21.61644533,  -14.60223631,  -14.57553659,    -33.42851074,   -7.34397526,  -23.70606514,  -22.31762379,    -13.72941946,  -10.2407503 ,   31.71121879,   94.9814055 ,     41.09290005], [ -370.858608  ,  -16.7024669 ,  -43.50624421,  -35.38601272,    -30.13521961,  -30.4366327 ,  -32.92236493,  -16.06807547,    -17.62913392,  -22.70196061,    2.88280008,   41.09290005,    107.81504699]]
/root/sim/music/out/Queen/The Miracle/01 Party.mp3; [-578.3354   ,  89.43984  ,  -3.8552954,  25.37617  ,   9.551423 ,    7.6846833,   3.9507837,  18.057579 ,  -2.0421534,   4.8192782,    8.232891 ,   1.2840049,   3.1262276]; [[6593.95122214, 622.14945522,-694.56684253,-198.4425258 , -90.25266165,   -97.86860433, -10.76218756, -71.39975544, -47.62532669, -50.92411072,    39.18287392, 111.13445044, -62.60596058], [ 622.14945522, 900.93132314,-139.86775448, -37.52640624, 113.16402224,   -59.80368941,  -0.09377195,  75.39076255, -20.64032365,  -8.33838055,    88.74437122,  34.32707582,  49.79243943], [-694.56684253,-139.86775448, 920.47437153, 339.40044668,  67.63053873,   136.27419473,  56.40232248,  -1.13982583,  78.22684329,  17.82683494,   -16.1974395 , -15.32261142,  -9.92338596], [-198.4425258 , -37.52640624, 339.40044668, 413.34772309, 198.59034866,   124.51077001,   8.79731743,   6.36665308,  91.95715626,  37.45629628,   -21.0371663 , -43.19041201,  -0.75418877], [ -90.25266165, 113.16402224,  67.63053873, 198.59034866, 406.49267076,   169.69879202,   0.53843278,  23.35514223,  91.83855102,  26.18536174,    25.14879542, -18.08399602,  23.83599602], [ -97.86860433, -59.80368941, 136.27419473, 124.51077001, 169.69879202,   322.81662105, 121.57528094,  26.33036282,  71.09574903,   4.32614262,    12.5272098 , -23.45688961, -19.15323452], [ -10.76218756,  -0.09377195,  56.40232248,   8.79731743,   0.53843278,   121.57528094, 195.58690767,  81.82126558,   5.22138703,   0.70657947,    22.29420298,   9.00432203,  -4.85617144], [ -71.39975544,  75.39076255,  -1.13982583,   6.36665308,  23.35514223,    26.33036282,  81.82126558, 224.22069916,  13.5769426 ,  75.56293976,    16.96521293, -48.33307498,  35.07104794], [ -47.62532669, -20.64032365,  78.22684329,  91.95715626,  91.83855102,    71.09574903,   5.22138703,  13.5769426 , 160.35196076,  44.92314286,     8.62332215,  -5.2607712 , -14.82174635], [ -50.92411072,  -8.33838055,  17.82683494,  37.45629628,  26.18536174,     4.32614262,   0.70657947,  75.56293976,  44.92314286, 139.46614212,    19.76652092, -32.57202603,  15.56671662], [  39.18287392,  88.74437122, -16.1974395 , -21.0371663 ,  25.14879542,    12.5272098 ,  22.29420298,  16.96521293,   8.62332215,  19.76652092,    97.42753028,  41.54690142,  11.12360528], [ 111.13445044,  34.32707582, -15.32261142, -43.19041201, -18.08399602,   -23.45688961,   9.00432203, -48.33307498,  -5.2607712 , -32.57202603,    41.54690142, 112.2897316 ,  22.60074744], [ -62.60596058,  49.79243943,  -9.92338596,  -0.75418877,  23.83599602,   -19.15323452,  -4.85617144,  35.07104794, -14.82174635,  15.56671662,    11.12360528,  22.60074744,  89.21891243]]
/root/sim/music/out/Queen/The Miracle/11 Hang On In There.mp3; [-650.274     , 109.6454    ,   9.169933  ,  43.04987   ,   9.372404  ,   10.009417  ,   2.4697268 ,  11.626263  ,   0.5536758 ,   3.2052097 ,   -0.14740059,  -2.005692  ,   0.56140655]; [[17150.440985  , -698.61284234,-1145.13911446, -109.28154968,     10.90998402, -122.85761564, -222.95122535,  208.31672375,   -212.55162374, -191.64387585,   75.07608891, -203.23314722,    -65.07296861], [ -698.61284234, 1589.29005939,   27.34366386,  103.12370789,    -16.26312539,  -27.96742726,   56.56961885,  -34.6164906 ,     55.87644584,   49.20606124,    4.59739085,   71.88057586,     25.18416763], [-1145.13911446,   27.34366386,  915.49301609,   79.09178756,    -18.61206977,  105.38251858,   32.96516877,  -45.14486931,     32.26611934,   55.85464703,   -9.42988821,   41.75235532,    -26.93255844], [ -109.28154968,  103.12370789,   79.09178756,  295.19899658,      5.59702775,  -12.96846748,  -19.36480991,  -28.04254254,     46.78037736,    0.58737945,  -25.71660789,    8.15569151,     16.85344674], [   10.90998402,  -16.26312539,  -18.61206977,    5.59702775,    200.62194787,   55.6452901 ,   22.12946495,   47.71028207,      3.1488724 ,   21.14249871,   11.76199466,  -10.98874808,     13.88480636], [ -122.85761564,  -27.96742726,  105.38251858,  -12.96846748,     55.6452901 ,  169.12925834,   63.94553675,   15.85157214,      7.39203217,    8.26347281,   21.80541345,    0.68531756,    -11.73731471], [ -222.95122535,   56.56961885,   32.96516877,  -19.36480991,     22.12946495,   63.94553675,  146.45164066,   43.30462491,      4.8481199 ,   12.39081762,   15.32465517,   12.79003584,     -2.64123472], [  208.31672375,  -34.6164906 ,  -45.14486931,  -28.04254254,     47.71028207,   15.85157214,   43.30462491,  139.38486816,      1.88036782,   19.9656255 ,   25.61233657,  -19.32992764,     10.80436641], [ -212.55162374,   55.87644584,   32.26611934,   46.78037736,      3.1488724 ,    7.39203217,    4.8481199 ,    1.88036782,    123.78800126,   20.31138476,  -15.61779518,    5.54866157,     -3.05089892], [ -191.64387585,   49.20606124,   55.85464703,    0.58737945,     21.14249871,    8.26347281,   12.39081762,   19.9656255 ,     20.31138476,   91.10498805,   22.09107447,    5.46617259,      4.50293759], [   75.07608891,    4.59739085,   -9.42988821,  -25.71660789,     11.76199466,   21.80541345,   15.32465517,   25.61233657,    -15.61779518,   22.09107447,   91.8123012 ,   13.93929282,      4.88022806], [ -203.23314722,   71.88057586,   41.75235532,    8.15569151,    -10.98874808,    0.68531756,   12.79003584,  -19.32992764,      5.54866157,    5.46617259,   13.93929282,   72.43089027,     16.07488413], [  -65.07296861,   25.18416763,  -26.93255844,   16.85344674,     13.88480636,  -11.73731471,   -2.64123472,   10.80436641,     -3.05089892,    4.50293759,    4.88022806,   16.07488413,     71.48073228]]
/root/sim/music/out/Queen/The Miracle/05 The Invisible Man.mp3; [-619.70856  ,  92.94354  ,  31.45112  ,  46.19125  ,  14.384619 ,   11.508586 ,   4.856295 ,   4.8858576,  -2.3249586,  -1.5778391,   -4.668849 ,  -3.7068405,  -4.146169 ]; [[16214.22298829, -317.49512954,-1518.92106193,  -40.6447688 ,   -280.72637793,  -27.28453887,  -37.61367192,  154.97054299,    -18.44599016,  108.35163398,   68.16937662,   -8.59317641,     -5.519629  ], [ -317.49512954, 1576.75812932, -225.4861707 , -103.21687266,    -16.98122635,   21.33379157,  107.54772006,   34.23896067,     22.92616297,  -45.1563775 ,   -1.27763306,    2.45707188,     -6.84209297], [-1518.92106193, -225.4861707 , 1676.6515234 ,  426.96523079,    156.16218755,   57.81765717,  -62.88079767,  -62.9120502 ,      0.88691103,  -45.71487273,  -52.28639524,  -32.26206873,     -4.61170628], [  -40.6447688 , -103.21687266,  426.96523079,  607.31798716,    108.55114309,  101.87082312,   35.01320277,  -40.11116161,     18.89003512,  -21.18487551,  -59.18747019,    1.39713292,     15.24009824], [ -280.72637793,  -16.98122635,  156.16218755,  108.55114309,    254.43841533,   73.4104588 ,    6.95565747,   32.25497163,     34.02342521,   16.76670774,    0.99998025,   -2.20185202,      9.54766771], [  -27.28453887,   21.33379157,   57.81765717,  101.87082312,     73.4104588 ,  217.13075325,  103.21927799,   -9.03470893,     14.3523294 ,   17.13517043,    4.03467694,    9.30903754,     -0.63398552], [  -37.61367192,  107.54772006,  -62.88079767,   35.01320277,      6.95565747,  103.21927799,  184.01163866,   33.62354586,     15.28292634,    6.40973407,   12.47526814,   23.60239831,      7.40588335], [  154.97054299,   34.23896067,  -62.9120502 ,  -40.11116161,     32.25497163,   -9.03470893,   33.62354586,  149.96351228,     26.27914296,    8.63048928,   24.65130187,    7.02793424,     24.83418933], [  -18.44599016,   22.92616297,    0.88691103,   18.89003512,     34.02342521,   14.3523294 ,   15.28292634,   26.27914296,    109.48224224,   34.41018297,    0.58162444,    3.36150069,      7.0834123 ], [  108.35163398,  -45.1563775 ,  -45.71487273,  -21.18487551,     16.76670774,   17.13517043,    6.40973407,    8.63048928,     34.41018297,   90.20173923,   29.05210639,    3.06804399,     -1.59863279], [   68.16937662,   -1.27763306,  -52.28639524,  -59.18747019,      0.99998025,    4.03467694,   12.47526814,   24.65130187,      0.58162444,   29.05210639,   78.10261713,   23.42220076,     -2.47832284], [   -8.59317641,    2.45707188,  -32.26206873,    1.39713292,     -2.20185202,    9.30903754,   23.60239831,    7.02793424,      3.36150069,    3.06804399,   23.42220076,   67.54711845,     21.46423347], [   -5.519629  ,   -6.84209297,   -4.61170628,   15.24009824,      9.54766771,   -0.63398552,    7.40588335,   24.83418933,      7.0834123 ,   -1.59863279,   -2.47832284,   21.46423347,     71.74496426]]
/root/sim/music/out/Queen/The Miracle/02 Khash.oggi's Ship.mp3; [-597.805    , 101.87241  ,  -5.9990287,  31.834944 ,   3.4531362,    6.21742  ,   2.5836272,  12.470553 ,  -1.7020497,  -1.8903745,   -4.2078805,  -1.209096 ,  -1.7334788]; [[16195.95973844, -757.46818668, -662.02969706,  387.79958115,   -178.59750416,   65.73585457,  -32.06333081,  291.92088085,   -150.22122507, -119.90357147, -253.66753653, -168.06641367,    -24.18681252], [ -757.46818668, 1590.35312919, -155.34768265,   94.59622176,     30.94377611,  -49.89860525,   94.90771597,   76.1634798 ,    167.15521082,   75.90260787,   75.02956626,   63.58362977,     18.26059863], [ -662.02969706, -155.34768265, 1067.66321858,  161.44599887,    -24.46610835,   53.65364856,  -72.66676469,  -88.71916373,     72.65942124,   11.2434144 ,  -22.74420585,    0.63022694,    -11.45360081], [  387.79958115,   94.59622176,  161.44599887,  312.45783177,     13.70227894,   18.49472742,  -27.18241341,  -10.92191077,     63.53441598,    0.78690429,  -24.05639539,   -3.76222226,      8.88452994], [ -178.59750416,   30.94377611,  -24.46610835,   13.70227894,    205.83854378,   28.24432507,   17.72666234,   33.78899242,      0.38225829,   17.18582014,   22.03155057,    5.73801642,     -1.35649492], [   65.73585457,  -49.89860525,   53.65364856,   18.49472742,     28.24432507,  187.2811876 ,   76.24196368,   -7.6638545 ,     -4.70593172,  -11.9505555 ,   14.65981611,    9.45532953,    -17.44795338], [  -32.06333081,   94.90771597,  -72.66676469,  -27.18241341,     17.72666234,   76.24196368,  174.75937818,   59.10979743,     15.6019134 ,   -1.73667651,   11.83709994,   14.550728  ,     -8.25539856], [  291.92088085,   76.1634798 ,  -88.71916373,  -10.92191077,     33.78899242,   -7.6638545 ,   59.10979743,  142.71562161,     38.7856325 ,   14.99013625,   -5.54907124,  -14.63003223,     12.36425188], [ -150.22122507,  167.15521082,   72.65942124,   63.53441598,      0.38225829,   -4.70593172,   15.6019134 ,   38.7856325 ,    159.41005552,   31.67452449,  -10.70130043,    3.75344467,      3.92805483], [ -119.90357147,   75.90260787,   11.2434144 ,    0.78690429,     17.18582014,  -11.9505555 ,   -1.73667651,   14.99013625,     31.67452449,   96.19982958,   29.1833228 ,    8.4548293 ,      0.50009844], [ -253.66753653,   75.02956626,  -22.74420585,  -24.05639539,     22.03155057,   14.65981611,   11.83709994,   -5.54907124,    -10.70130043,   29.1833228 ,   88.4485678 ,   32.28695897,     -0.21646893], [ -168.06641367,   63.58362977,    0.63022694,   -3.76222226,      5.73801642,    9.45532953,   14.550728  ,  -14.63003223,      3.75344467,    8.4548293 ,   32.28695897,   73.83343593,     20.02022136], [  -24.18681252,   18.26059863,  -11.45360081,    8.88452994,     -1.35649492,  -17.44795338,   -8.25539856,   12.36425188,      3.92805483,    0.50009844,   -0.21646893,   20.02022136,     71.38045269]]
/root/sim/music/out/Queen/The Miracle/06 Breakthru.mp3; [-608.61694   , 104.73965   , -10.861896  ,  32.89244   ,   4.411615  ,    5.0162807 ,   1.5337195 ,   8.82379   ,  -7.0395846 ,   3.1505075 ,    0.05982651,   0.4577569 ,   2.8734107 ]; [[10786.19728381, -186.0877258 ,   44.85208381,  790.9420996 ,    594.37221729,  500.83790169,  145.3232427 ,  343.45725775,    476.17378802,  156.91436083,  111.46170814,   38.59509596,     53.7598806 ], [ -186.0877258 , 1166.00941046,   37.1411656 ,  126.31849874,    118.28379565,   74.61440466,   68.56290432,   40.71399674,    100.81626272,   51.2744398 ,   16.84206947,  -17.51567005,    -18.04738118], [   44.85208381,   37.1411656 , 1056.49378718,  290.72492595,    191.27953535,  255.87439818,  115.57254587,   19.49950184,    205.21173283,    5.77864163,   -5.68034814,   48.94892542,    -16.89464705], [  790.9420996 ,  126.31849874,  290.72492595,  503.90382953,    255.59079496,  198.32689486,   68.92827515,   64.13858645,    191.21911368,   30.36102549,   13.5665544 ,   13.59242372,     28.06338207], [  594.37221729,  118.28379565,  191.27953535,  255.59079496,    357.41109114,  179.20256723,   41.8845127 ,   80.63762707,    181.67870347,   72.86997874,   35.12022814,    7.09470875,      7.06338698], [  500.83790169,   74.61440466,  255.87439818,  198.32689486,    179.20256723,  319.28390607,  128.57436126,   61.54298522,    162.68310118,   22.82308577,   56.11212128,   25.45283804,     -5.18668791], [  145.3232427 ,   68.56290432,  115.57254587,   68.92827515,     41.8845127 ,  128.57436126,  185.4720683 ,   73.75127347,     55.03210744,   -0.78422638,   28.48343183,   25.24409694,     -5.30588189], [  343.45725775,   40.71399674,   19.49950184,   64.13858645,     80.63762707,   61.54298522,   73.75127347,  131.09561544,     58.80615631,   33.42361789,   21.25760332,    1.9485106 ,      4.91087845], [  476.17378802,  100.81626272,  205.21173283,  191.21911368,    181.67870347,  162.68310118,   55.03210744,   58.80615631,    275.77768388,   83.89493771,   37.22355175,    9.80322391,     -5.21816903], [  156.91436083,   51.2744398 ,    5.77864163,   30.36102549,     72.86997874,   22.82308577,   -0.78422638,   33.42361789,     83.89493771,  126.83963706,   35.7316172 ,   -1.73373347,     -5.77459754], [  111.46170814,   16.84206947,   -5.68034814,   13.5665544 ,     35.12022814,   56.11212128,   28.48343183,   21.25760332,     37.22355175,   35.7316172 ,   94.03139666,   31.2120752 ,      5.31420327], [   38.59509596,  -17.51567005,   48.94892542,   13.59242372,      7.09470875,   25.45283804,   25.24409694,    1.9485106 ,      9.80322391,   -1.73373347,   31.2120752 ,   72.03179178,     24.57704207], [   53.7598806 ,  -18.04738118,  -16.89464705,   28.06338207,      7.06338698,   -5.18668791,   -5.30588189,    4.91087845,     -5.21816903,   -5.77459754,    5.31420327,   24.57704207,     73.01709879]]
/root/sim/music/out/Queen/The Miracle/09 My Baby Does Me.mp3; [-747.92554   , 125.06489   ,  34.594883  ,  42.57204   ,  11.610598  ,    8.63181   ,  -1.0322831 ,  11.8582735 ,  -2.8178961 ,   0.86017984,    2.681397  ,   1.1179994 ,   2.7810447 ]; [[20341.5161601 , -365.02000616, -670.4569117 ,  759.58095638,     -6.99304418, -276.43206995,  -38.44447607,   65.26850519,   -390.1471004 ,   74.7879142 , -336.88980303,  -98.75466771,   -200.18800043], [ -365.02000616, 3351.05771235,  -99.34683997, -178.2924782 ,    -10.18956267,  -16.47373947,   23.77881122,   89.63887469,     37.58275046,  -18.67445562,  122.64966011,  -17.51245422,     -6.77846688], [ -670.4569117 ,  -99.34683997, 1558.03461242,  377.49674853,     39.70118255,  182.75305692,  122.98833431,  -12.44572617,    103.73088555,   54.14761421,   47.36278753,    9.97848188,     -9.42946258], [  759.58095638, -178.2924782 ,  377.49674853,  686.58564894,    188.74573099,   82.87576779,   77.39453197,   52.13449585,     77.01040527,   86.09422945,    2.09602066,   13.71618871,      4.9017465 ], [   -6.99304418,  -10.18956267,   39.70118255,  188.74573099,    356.81142127,   68.04264471,   44.65770075,   82.73697882,     64.39542306,   59.01080802,   30.52047469,   18.47228865,     27.76934273], [ -276.43206995,  -16.47373947,  182.75305692,   82.87576779,     68.04264471,  328.14076669,  134.59204543,   35.84865934,     84.56401308,   -0.66987546,   48.10839356,   54.25505442,     -2.87586812], [  -38.44447607,   23.77881122,  122.98833431,   77.39453197,     44.65770075,  134.59204543,  307.8449564 ,   91.29266607,     22.82856985,   45.25706617,   34.80186696,   32.10196272,     -2.61551691], [   65.26850519,   89.63887469,  -12.44572617,   52.13449585,     82.73697882,   35.84865934,   91.29266607,  201.44414287,     53.58074317,   35.84203559,   21.23684839,    0.22867774,     28.14578086], [ -390.1471004 ,   37.58275046,  103.73088555,   77.01040527,     64.39542306,   84.56401308,   22.82856985,   53.58074317,    218.41587444,   41.46378033,   29.91082023,   35.55933556,     -2.89386614], [   74.7879142 ,  -18.67445562,   54.14761421,   86.09422945,     59.01080802,   -0.66987546,   45.25706617,   35.84203559,     41.46378033,  169.70653452,   57.33441662,    3.96686806,      0.68227773], [ -336.88980303,  122.64966011,   47.36278753,    2.09602066,     30.52047469,   48.10839356,   34.80186696,   21.23684839,     29.91082023,   57.33441662,  155.97998441,   57.54328295,     26.44970565], [  -98.75466771,  -17.51245422,    9.97848188,   13.71618871,     18.47228865,   54.25505442,   32.10196272,    0.22867774,     35.55933556,    3.96686806,   57.54328295,  146.02867023,     42.35361023], [ -200.18800043,   -6.77846688,   -9.42946258,    4.9017465 ,     27.76934273,   -2.87586812,   -2.61551691,   28.14578086,     -2.89386614,    0.68227773,   26.44970565,   42.35361023,    123.10910646]]
/root/sim/music/out/Queen/Jazz/04 Bicycle Race.mp3; [-586.7529   ,  72.924904 ,  -2.6575868,  29.507744 ,   5.2902646,    9.371716 ,   9.054754 ,   8.739694 ,  -3.5240355,   6.3686023,   -6.729873 ,  -2.825357 ,  -6.3895826]; [[26016.25266999, 2873.3317018 ,  454.64913547, 1237.39833085,   -103.36391594, -467.86473015, -150.97387751,  639.02799637,     10.08896194, -722.34603408,   25.32768798, -268.35860784,    186.43012705], [ 2873.3317018 , 3344.86961032,  298.01561893,  640.40324499,    138.54494076, -271.20517729,   49.56954383,  251.50168905,     54.52617727, -295.52254108,  -39.75866941, -138.36674945,    178.0332097 ], [  454.64913547,  298.01561893,  989.36302313,  205.42774671,    183.79740049,   37.84883924,  -49.41918262,  108.20167558,     35.18525946, -131.26256965,   -9.57341175,  -26.87278767,     67.17853772], [ 1237.39833085,  640.40324499,  205.42774671,  557.31675584,    126.88719163,   -9.47813219,  -45.16548969,   42.79435759,     56.65008477, -114.89974842,   15.29982005,  -30.67016189,     87.71556251], [ -103.36391594,  138.54494076,  183.79740049,  126.88719163,    283.49758585,   61.51854121,   15.19057806,   33.35579251,     19.57501061,   -4.58340977,  -16.1028745 ,  -15.6465038 ,     32.89673306], [ -467.86473015, -271.20517729,   37.84883924,   -9.47813219,     61.51854121,  284.00000076,  116.69040962,   -3.05559236,     14.27932487,   47.18576016,   33.9216291 ,   35.71131959,    -18.70849249], [ -150.97387751,   49.56954383,  -49.41918262,  -45.16548969,     15.19057806,  116.69040962,  233.38599975,   71.89386804,    -13.6055783 ,   34.11700928,   34.39370576,    4.32705667,    -19.21997603], [  639.02799637,  251.50168905,  108.20167558,   42.79435759,     33.35579251,   -3.05559236,   71.89386804,  195.1018502 ,     14.33062489,  -41.61108265,   26.6409171 ,  -16.55439773,     23.77419281], [   10.08896194,   54.52617727,   35.18525946,   56.65008477,     19.57501061,   14.27932487,  -13.6055783 ,   14.33062489,    161.5865468 ,   36.10707977,   -1.13941485,    6.94588931,      7.89848946], [ -722.34603408, -295.52254108, -131.26256965, -114.89974842,     -4.58340977,   47.18576016,   34.11700928,  -41.61108265,     36.10707977,  235.96732005,  -12.08839914,   46.15989876,    -38.73218786], [   25.32768798,  -39.75866941,   -9.57341175,   15.29982005,    -16.1028745 ,   33.9216291 ,   34.39370576,   26.6409171 ,     -1.13941485,  -12.08839914,  167.27718156,   15.29249836,     31.19407248], [ -268.35860784, -138.36674945,  -26.87278767,  -30.67016189,    -15.6465038 ,   35.71131959,    4.32705667,  -16.55439773,      6.94588931,   46.15989876,   15.29249836,  127.6237755 ,     11.74130786], [  186.43012705,  178.0332097 ,   67.17853772,   87.71556251,     32.89673306,  -18.70849249,  -19.21997603,   23.77419281,      7.89848946,  -38.73218786,   31.19407248,   11.74130786,    121.32670855]]
/root/sim/music/out/Queen/Jazz/01 Mustapha.mp3; [-637.4736    ,  82.17468   , -11.022634  ,  27.142109  ,  -5.7005677 ,   -0.56121826,  -1.8577702 ,   2.8569531 , -11.897509  ,   0.22471066,   -9.639517  ,  -3.2501867 ,  -3.663461  ]; [[26038.26755684,  708.06345368,  591.42991125, 1195.50565794,    516.96902808,  986.27433563,  194.44673379,  595.81500129,    111.62306436,  -40.17631216,  306.23668213,   75.94702926,   -137.32106675], [  708.06345368, 2113.08734897,  524.28189871,  273.62773758,      6.6373482 ,  447.66344987,  288.41576267,  204.2879552 ,    238.84475021, -108.77775875,  291.14671623,  -38.66500336,    -78.92015619], [  591.42991125,  524.28189871, 1312.82895635,  500.51247344,    231.79647847,  440.16808115,  113.40497229,  136.01837938,    245.16264535, -143.25599637,  221.72828715,  -38.42354855,    -31.62312271], [ 1195.50565794,  273.62773758,  500.51247344,  707.67472329,    280.08710236,  266.33484646,  -23.14523719,   39.69553984,    117.48440123,  -68.26618878,   47.14020384,   15.49672842,     66.34894568], [  516.96902808,    6.6373482 ,  231.79647847,  280.08710236,    480.27373469,  136.42240052,  -21.59130702,   38.29976205,     48.80313909,   29.25279354,   -6.82092215,   26.52738108,     64.64132517], [  986.27433563,  447.66344987,  440.16808115,  266.33484646,    136.42240052,  591.01847742,  246.50435024,  121.12344292,    127.92327825,  -58.05654845,  239.72647683,   17.0996827 ,    -35.27886525], [  194.44673379,  288.41576267,  113.40497229,  -23.14523719,    -21.59130702,  246.50435024,  348.54376838,  100.63434075,     22.20412682,  -28.5796143 ,  127.00198908,    9.19500044,    -51.45895431], [  595.81500129,  204.2879552 ,  136.01837938,   39.69553984,     38.29976205,  121.12344292,  100.63434075,  201.71004886,     86.40794836,   -7.0245001 ,   78.2699489 ,  -17.60008268,    -23.08292533], [  111.62306436,  238.84475021,  245.16264535,  117.48440123,     48.80313909,  127.92327825,   22.20412682,   86.40794836,    244.64573902,   13.27034453,  108.23534897,    3.1041543 ,    -21.61692506], [  -40.17631216, -108.77775875, -143.25599637,  -68.26618878,     29.25279354,  -58.05654845,  -28.5796143 ,   -7.0245001 ,     13.27034453,  161.84940289,   -3.2245353 ,   44.68287107,      8.12404341], [  306.23668213,  291.14671623,  221.72828715,   47.14020384,     -6.82092215,  239.72647683,  127.00198908,   78.2699489 ,    108.23534897,   -3.2245353 ,  243.18645265,   30.38643049,    -26.49664102], [   75.94702926,  -38.66500336,  -38.42354855,   15.49672842,     26.52738108,   17.0996827 ,    9.19500044,  -17.60008268,      3.1041543 ,   44.68287107,   30.38643049,  110.6086302 ,     41.23538723], [ -137.32106675,  -78.92015619,  -31.62312271,   66.34894568,     64.64132517,  -35.27886525,  -51.45895431,  -23.08292533,    -21.61692506,    8.12404341,  -26.49664102,   41.23538723,    126.60422352]]
