/root/sim/music/201~300/261_やってみよう！.mp3; [-903.5056   , 242.15028  , -12.632406 , -25.845152 ,  -6.687225 ,  -14.276467 , -17.637392 , -14.729545 , -11.518959 ,  -9.168322 ,  -12.058116 ,  -9.138776 ,   0.5116283]; [[12360.1274027 , 3931.93851756,-2308.26016814,  -94.08838922,    -83.54121304, -582.46365769, -385.04855617, -174.76141172,   -252.01761458, -146.99494292, -164.84172262, -240.43276962,   -203.8887254 ], [ 3931.93851756, 2035.58935871, -861.22237305, -151.68626256,    130.75649508, -206.04710677, -227.51185564, -185.61830414,   -195.52578662, -160.46169735, -138.90703565, -104.40774621,     19.86393841], [-2308.26016814, -861.22237305,  769.26399948,   53.32145693,      4.63466961,  170.87531591,  -28.01569214,  -68.69841667,    -15.83826952,  -33.03173946,  -13.74213396,    1.25578527,      4.17927434], [  -94.08838922, -151.68626256,   53.32145693,  193.97546179,     25.17741347,  -51.58674786,  -18.86313332,  -29.75516835,      9.62126581,   68.04068696,   69.53124087,   38.04002464,    -35.23566716], [  -83.54121304,  130.75649508,    4.63466961,   25.17741347,    190.42422735,   37.44614634, -123.28299465, -134.52649484,   -122.15333586,  -78.1287481 ,   13.32684123,   95.22166454,    120.54630775], [ -582.46365769, -206.04710677,  170.87531591,  -51.58674786,     37.44614634,  176.57070889,   61.36402752,   -0.16024811,    -41.98578017, -106.76537996,  -57.80728099,   31.36507922,    100.29210946], [ -385.04855617, -227.51185564,  -28.01569214,  -18.86313332,   -123.28299465,   61.36402752,  316.56623594,  277.90767808,    149.52594467,   38.39973765,  -61.88519986,  -97.88743926,    -29.66589454], [ -174.76141172, -185.61830414,  -68.69841667,  -29.75516835,   -134.52649484,   -0.16024811,  277.90767808,  362.04711066,    252.6051316 ,   92.22658247,  -55.04818757, -155.34348265,   -121.77661472], [ -252.01761458, -195.52578662,  -15.83826952,    9.62126581,   -122.15333586,  -41.98578017,  149.52594467,  252.6051316 ,    292.12444445,  198.4559773 ,   19.29941093, -134.08565325,   -202.33669113], [ -146.99494292, -160.46169735,  -33.03173946,   68.04068696,    -78.1287481 , -106.76537996,   38.39973765,   92.22658247,    198.4559773 ,  292.04872795,  154.49500991,  -62.93065736,   -217.63281593], [ -164.84172262, -138.90703565,  -13.74213396,   69.53124087,     13.32684123,  -57.80728099,  -61.88519986,  -55.04818757,     19.29941093,  154.49500991,  229.45779958,  147.37821283,    -65.89625975], [ -240.43276962, -104.40774621,    1.25578527,   38.04002464,     95.22166454,   31.36507922,  -97.88743926, -155.34348265,   -134.08565325,  -62.93065736,  147.37821283,  337.20951756,    210.21733251], [ -203.8887254 ,   19.86393841,    4.17927434,  -35.23566716,    120.54630775,  100.29210946,  -29.66589454, -121.77661472,   -202.33669113, -217.63281593,  -65.89625975,  210.21733251,    372.73777732]]
/root/sim/music/201~300/298_叶わぬ願い.mp3; [-688.38965  , 130.81927  , -30.366253 ,  11.256543 , -10.981926 ,  -10.133396 , -17.4439   ,  -8.555824 ,  -8.237102 ,   2.2384949,   -4.325612 ,  -8.6364355,  -3.2615068]; [[7076.53774854, 768.22390587,1408.10733886, 935.61847629, 799.54614311,  1126.45349287,1371.81914237, 893.59878206, 796.45575207, -24.2476469 ,   -32.7745186 , 498.3051946 , 239.75161671], [ 768.22390587,1079.49150394,-220.99015585, 202.86967251,  54.48215264,   104.08566646, 371.85785277,  71.64940126, -32.1540931 ,-153.99867855,   -28.35853814,  47.13412888,  75.4006881 ], [1408.10733886,-220.99015585, 856.60093729, 177.24639141, 270.07136732,   314.16122899, 197.29162686, 218.52623627, 237.88398143,  97.12341466,    85.37648608, 173.19134845,  66.91997497], [ 935.61847629, 202.86967251, 177.24639141, 792.5235977 , 156.54193384,   156.4587672 , 372.31150668, 180.38865226, 186.72595576,-107.98685816,  -188.01803576,  26.28832294,  74.51190042], [ 799.54614311,  54.48215264, 270.07136732, 156.54193384, 294.74380657,   168.09006689,  98.3398522 ,  91.47542686, 154.96739478,  58.65062626,    -1.47384168, 109.82510042,  83.53993758], [1126.45349287, 104.08566646, 314.16122899, 156.4587672 , 168.09006689,   333.47460289, 298.10007785, 159.69911502, 126.29931251, -10.04055953,    50.23656476, 141.7605545 ,  55.92276278], [1371.81914237, 371.85785277, 197.29162686, 372.31150668,  98.3398522 ,   298.10007785, 619.07999975, 277.34825026,  99.15613937,-110.82687257,     7.50975362, 143.16935818,  78.00411273], [ 893.59878206,  71.64940126, 218.52623627, 180.38865226,  91.47542686,   159.69911502, 277.34825026, 255.95812132, 152.47944407, -13.08206569,   -24.89338801,  60.35189343,  23.086146  ], [ 796.45575207, -32.1540931 , 237.88398143, 186.72595576, 154.96739478,   126.29931251,  99.15613937, 152.47944407, 284.38791465,  44.2370367 ,   -93.22136113,  14.85449684,  19.31499283], [ -24.2476469 ,-153.99867855,  97.12341466,-107.98685816,  58.65062626,   -10.04055953,-110.82687257, -13.08206569,  44.2370367 , 185.27808365,    69.04896983, -15.29235898, -12.11851647], [ -32.7745186 , -28.35853814,  85.37648608,-188.01803576,  -1.47384168,    50.23656476,   7.50975362, -24.89338801, -93.22136113,  69.04896983,   257.71993706, 155.33774416,  21.19285303], [ 498.3051946 ,  47.13412888, 173.19134845,  26.28832294, 109.82510042,   141.7605545 , 143.16935818,  60.35189343,  14.85449684, -15.29235898,   155.33774416, 366.75215141, 161.07934613], [ 239.75161671,  75.4006881 ,  66.91997497,  74.51190042,  83.53993758,    55.92276278,  78.00411273,  23.086146  ,  19.31499283, -12.11851647,    21.19285303, 161.07934613, 214.57969302]]
/root/sim/music/201~300/284_爽やかほうじ茶.mp3; [-800.7441    , 211.28493   ,  36.254906  ,  18.546007  ,  -7.810316  ,    0.05716544,  -2.6236022 ,   4.5372324 ,   3.2944734 ,   7.8807597 ,    6.925964  ,   4.665996  ,   2.6494155 ]; [[13864.46277669,  464.76905979, -192.95469687,  217.86695883,   -180.25330977,  -40.28451238, -106.62892243,  141.67709176,     -8.21663026,  220.87662976,  190.18506174,    2.482395  ,    -75.53379122], [  464.76905979, 3419.40654462, -180.55860189, -155.30459763,    231.96215129,  -54.36333541,  -97.3029103 ,  -59.4729666 ,     86.42303281,  147.57138214,   99.02014556,    1.44430824,    -37.10832734], [ -192.95469687, -180.55860189,  678.46940071,  203.68383452,    119.95245152,  225.12206352,   79.43520903,   51.02169067,     92.31185962,   59.41048366,   24.553457  ,   37.92327864,     45.93754009], [  217.86695883, -155.30459763,  203.68383452,  326.17131237,    132.82485031,  121.49532672,   82.54605476,   55.40316337,     26.14978595,   -0.38979947,  -11.7010477 ,    7.72536411,     38.85789513], [ -180.25330977,  231.96215129,  119.95245152,  132.82485031,    257.79199022,  157.94331805,   61.97766261,   35.0238228 ,     49.70952448,   29.65271848,    6.10487978,    4.91067028,     22.1035423 ], [  -40.28451238,  -54.36333541,  225.12206352,  121.49532672,    157.94331805,  244.12730292,  128.58552897,   69.10354211,     64.18225591,   13.64033198,  -22.64052626,   -7.96572973,     10.62405438], [ -106.62892243,  -97.3029103 ,   79.43520903,   82.54605476,     61.97766261,  128.58552897,  178.24271442,  115.49597997,     49.49281935,  -11.12981116,  -32.07564526,  -10.91400808,     16.52687473], [  141.67709176,  -59.4729666 ,   51.02169067,   55.40316337,     35.0238228 ,   69.10354211,  115.49597997,  153.02066208,     86.58862625,    9.64537605,  -31.47521609,  -17.77119095,     15.15945978], [   -8.21663026,   86.42303281,   92.31185962,   26.14978595,     49.70952448,   64.18225591,   49.49281935,   86.58862625,    147.6916782 ,   86.09087285,   18.83829134,   -1.27295079,      0.65814044], [  220.87662976,  147.57138214,   59.41048366,   -0.38979947,     29.65271848,   13.64033198,  -11.12981116,    9.64537605,     86.09087285,  151.21948337,  118.87974782,   43.07858238,    -18.34099539], [  190.18506174,   99.02014556,   24.553457  ,  -11.7010477 ,      6.10487978,  -22.64052626,  -32.07564526,  -31.47521609,     18.83829134,  118.87974782,  189.19846113,  103.59290411,    -10.88097725], [    2.482395  ,    1.44430824,   37.92327864,    7.72536411,      4.91067028,   -7.96572973,  -10.91400808,  -17.77119095,     -1.27295079,   43.07858238,  103.59290411,  126.61075894,     41.11532379], [  -75.53379122,  -37.10832734,   45.93754009,   38.85789513,     22.1035423 ,   10.62405438,   16.52687473,   15.15945978,      0.65814044,  -18.34099539,  -10.88097725,   41.11532379,     93.30170995]]
/root/sim/music/201~300/231_New_Days.mp3; [-556.5705   , 110.64506  , -13.937732 ,  36.431587 ,   5.788593 ,    3.6262512,   4.0470138,   3.6895683,  15.131028 ,  12.295017 ,   -6.6179767,  -4.5171432, -11.52428  ]; [[2475.55437846,-434.88654363, 144.51744262,-230.36013683,-100.0058012 ,  -127.48494262,-168.48898086, -76.90167119,-105.13315848, -45.6288526 ,   -23.04850521, -39.48671103, -61.11482265], [-434.88654363, 306.91401304,-118.69248216, 150.78143511,   7.85499071,    21.27507283,  69.7078011 ,  14.7106328 ,  55.99330891,  18.29096366,    -5.026372  ,  21.4235259 ,  14.43729216], [ 144.51744262,-118.69248216, 342.05479626,  39.22075227, 159.76088519,   105.22790148,  16.95887715,  79.78675107, -38.57402329,  12.41463503,    40.57641775,  17.94795863,  42.60758948], [-230.36013683, 150.78143511,  39.22075227, 176.59309515, 100.6369858 ,    82.17633669,  81.30464288,  71.18759798,  50.62241053,  42.65936864,    24.00561189,  35.25732514,  34.26308597], [-100.0058012 ,   7.85499071, 159.76088519, 100.6369858 , 158.39045151,   105.94139212,  66.3981514 ,  82.90504716,  24.9757795 ,  40.5558531 ,    31.67304559,  26.94292257,  39.01658985], [-127.48494262,  21.27507283, 105.22790148,  82.17633669, 105.94139212,   108.85514052,  64.37695979,  63.46069257,  15.70140914,  28.33804625,    34.27418181,  23.59174486,  27.52723738], [-168.48898086,  69.7078011 ,  16.95887715,  81.30464288,  66.3981514 ,    64.37695979,  85.78963606,  62.83905186,  51.58229821,  38.67657799,    20.55371967,  22.67466429,  21.19560947], [ -76.90167119,  14.7106328 ,  79.78675107,  71.18759798,  82.90504716,    63.46069257,  62.83905186,  94.49591855,  58.92470389,  56.35881388,    29.53329068,  24.04633747,  28.29619383], [-105.13315848,  55.99330891, -38.57402329,  50.62241053,  24.9757795 ,    15.70140914,  51.58229821,  58.92470389, 102.17692766,  68.93692599,    19.58125786,  20.20133865,  15.7871395 ], [ -45.6288526 ,  18.29096366,  12.41463503,  42.65936864,  40.5558531 ,    28.33804625,  38.67657799,  56.35881388,  68.93692599,  79.40811126,    34.81454786,  23.9634628 ,  16.84782839], [ -23.04850521,  -5.026372  ,  40.57641775,  24.00561189,  31.67304559,    34.27418181,  20.55371967,  29.53329068,  19.58125786,  34.81454786,    47.97303259,  25.62580307,  10.53077419], [ -39.48671103,  21.4235259 ,  17.94795863,  35.25732514,  26.94292257,    23.59174486,  22.67466429,  24.04633747,  20.20133865,  23.9634628 ,    25.62580307,  37.1781704 ,  20.13707133], [ -61.11482265,  14.43729216,  42.60758948,  34.26308597,  39.01658985,    27.52723738,  21.19560947,  28.29619383,  15.7871395 ,  16.84782839,    10.53077419,  20.13707133,  40.77247616]]
/root/sim/music/201~300/258_Demon_Rush.mp3; [-533.3016   ,  97.1676   ,  -3.3991065,  52.621296 ,  17.230625 ,   19.09806  ,  11.088662 ,   5.65516  ,   5.9144945,   5.0795593,  -10.294616 ,  -4.9586   ,  -8.090093 ]; [[2619.91278743,-650.24869054, 520.01310711,-320.85700442, -80.7152939 ,   112.99090378,-111.26211648, 132.28873736,-169.88716818,  13.85353262,   129.8059449 ,  38.42872252,  96.9982341 ], [-650.24869054, 493.14051986,-323.63839814, 113.34684831, -57.7000459 ,   -81.79165769, -17.60291674,-123.60673193,  35.86337383, -37.73013749,   -67.98109102, -17.0641445 , -62.86606005], [ 520.01310711,-323.63839814, 403.41438119, -62.58272948,  95.48084585,    86.64545856,   6.81167985, 109.97772541, -48.95255943,  36.4674079 ,    51.90545718,  17.69267561,  66.1645555 ], [-320.85700442, 113.34684831, -62.58272948, 215.17671756,  86.72712058,    59.92694825,  67.10169228,  22.82221434,  72.6163832 ,  29.17151537,    -0.61493042,  27.34627028,  10.74227632], [ -80.7152939 , -57.7000459 ,  95.48084585,  86.72712058, 114.37611695,    59.14029704,  55.87775736,  42.21835278,  28.191948  ,  29.67557303,    12.7975744 ,  17.51287612,  24.25685731], [ 112.99090378, -81.79165769,  86.64545856,  59.92694825,  59.14029704,    84.79692998,  40.59165308,  59.59362649,  17.15652345,  29.06005971,    24.10640988,  20.57660157,  30.06855057], [-111.26211648, -17.60291674,   6.81167985,  67.10169228,  55.87775736,    40.59165308,  68.51641986,  43.96418103,  43.51939533,  24.70862627,     9.83296582,   8.95167726,  14.31707485], [ 132.28873736,-123.60673193, 109.97772541,  22.82221434,  42.21835278,    59.59362649,  43.96418103, 102.78189539,  32.51563702,  41.69230865,    30.86707342,  14.4721924 ,  33.65532077], [-169.88716818,  35.86337383, -48.95255943,  72.6163832 ,  28.191948  ,    17.15652345,  43.51939533,  32.51563702,  69.89125425,  30.5248364 ,     8.11960073,   9.5009131 ,   2.23499368], [  13.85353262, -37.73013749,  36.4674079 ,  29.17151537,  29.67557303,    29.06005971,  24.70862627,  41.69230865,  30.5248364 ,  42.59348124,    24.05266798,  15.05953885,  16.17867116], [ 129.8059449 , -67.98109102,  51.90545718,  -0.61493042,  12.7975744 ,    24.10640988,   9.83296582,  30.86707342,   8.11960073,  24.05266798,    42.81214277,  20.33411012,  19.15364326], [  38.42872252, -17.0641445 ,  17.69267561,  27.34627028,  17.51287612,    20.57660157,   8.95167726,  14.4721924 ,   9.5009131 ,  15.05953885,    20.33411012,  31.57932231,  18.28609878], [  96.9982341 , -62.86606005,  66.1645555 ,  10.74227632,  24.25685731,    30.06855057,  14.31707485,  33.65532077,   2.23499368,  16.17867116,    19.15364326,  18.28609878,  36.15645987]]
/root/sim/music/201~300/239_勝ちパターン、入りました！的なBGM.mp3; [-613.2773    , 132.13503   , -14.194424  ,  22.15505   ,   2.038877  ,   11.670777  ,   1.9274596 ,   4.1573334 ,   2.291629  ,   1.4831991 ,   -4.819913  ,  -0.81675583,  -2.1056304 ]; [[7785.4718417 , -22.0367627 ,-292.15203336, 454.53497926, 389.96476085,   617.4824844 , 233.95532878, 137.75183392, 150.35995138, 228.6413212 ,   120.69194709,  69.40037284,   8.60192052], [ -22.0367627 , 692.03260446, -36.32785979, 107.69662446, 160.36355595,   142.78917158, 139.34357959, 128.18357391, 102.72821721,  83.95594817,    56.25838484,  28.93917486,  31.76148376], [-292.15203336, -36.32785979, 370.63204077,  64.68179982,  -2.27640431,    30.7598343 ,  33.50749524,  35.40531977,   9.52303764,   1.68143902,    22.65895213,  33.26336566,  20.2127957 ], [ 454.53497926, 107.69662446,  64.68179982, 268.01008104, 143.63222751,   132.938666  ,  98.71075854,  83.18008782,  80.3647699 ,  53.91567901,    28.58209879,  42.65759715,  51.85746256], [ 389.96476085, 160.36355595,  -2.27640431, 143.63222751, 210.71338348,   153.02307969, 102.42389982,  80.48306057,  69.68936192,  54.99974934,    33.55440821,  28.66227611,  38.79723303], [ 617.4824844 , 142.78917158,  30.7598343 , 132.938666  , 153.02307969,   238.91177146, 152.08164248, 101.7561696 ,  85.8128228 ,  79.59892118,    51.51652883,  41.52207777,  41.39037804], [ 233.95532878, 139.34357959,  33.50749524,  98.71075854, 102.42389982,   152.08164248, 162.21400805,  97.28450102,  69.38972471,  55.68676576,    36.13966449,  31.71398476,  37.12188263], [ 137.75183392, 128.18357391,  35.40531977,  83.18008782,  80.48306057,   101.7561696 ,  97.28450102, 116.15709703,  84.25962154,  49.79939328,    22.21619161,  26.87452016,  33.51051073], [ 150.35995138, 102.72821721,   9.52303764,  80.3647699 ,  69.68936192,    85.8128228 ,  69.38972471,  84.25962154, 114.42988939,  72.39224081,    21.11597109,  14.52164901,  19.65079637], [ 228.6413212 ,  83.95594817,   1.68143902,  53.91567901,  54.99974934,    79.59892118,  55.68676576,  49.79939328,  72.39224081,  98.90375655,    50.94808122,  12.50862524,   5.3308084 ], [ 120.69194709,  56.25838484,  22.65895213,  28.58209879,  33.55440821,    51.51652883,  36.13966449,  22.21619161,  21.11597109,  50.94808122,    74.30001589,  35.63874454,   5.47357601], [  69.40037284,  28.93917486,  33.26336566,  42.65759715,  28.66227611,    41.52207777,  31.71398476,  26.87452016,  14.52164901,  12.50862524,    35.63874454,  75.30386453,  50.18199851], [   8.60192052,  31.76148376,  20.2127957 ,  51.85746256,  38.79723303,    41.39037804,  37.12188263,  33.51051073,  19.65079637,   5.3308084 ,     5.47357601,  50.18199851,  85.08735964]]
/root/sim/music/201~300/238_Smiling_Days.mp3; [-844.87933  , 180.57176  ,  -3.5434194,  12.232423 , -17.246702 ,    8.202563 ,  -1.0717679,  -5.379055 ,  -7.212063 , -12.43238  ,   -7.3219094,  -2.9403472,   5.5528407]; [[44245.22208208,12815.35494631,  -72.73316584, 1392.91534521,  -2243.51453073, 2621.965398  ,  121.23596266,-1307.57662046,   -947.87085979,-1291.40589536, -745.33149386,-1070.40839731,    308.05425472], [12815.35494631, 5320.57625726, -143.95935948,  773.72224846,   -328.04747785,  652.4350312 ,  114.06603785, -371.31970774,   -375.09039385, -353.17566983, -244.67601565, -334.25755712,     59.79133091], [  -72.73316584, -143.95935948,  215.34413422,  -31.32936689,     45.64777296,  -29.43531582,   20.7244592 ,   -3.49288832,     -9.68118027,  -21.59992294,  -11.54944594,   32.65677023,     33.0059972 ], [ 1392.91534521,  773.72224846,  -31.32936689,  404.49460374,     -5.27324458,   58.26999719,   17.66346331,  -47.85114348,    -80.23112757,   20.55576139,  -33.11195409,  -83.34654579,    -22.51189199], [-2243.51453073, -328.04747785,   45.64777296,   -5.27324458,    418.24771271, -180.42726451,   50.54883651,   76.84698278,    -32.20632725,   73.31197324,  -21.95798884,   71.14751412,      4.14813024], [ 2621.965398  ,  652.4350312 ,  -29.43531582,   58.26999719,   -180.42726451,  274.91208407,   36.59462838,  -79.03604151,    -47.47406549,  -53.04595761,    2.36074451,  -48.01596759,     33.99048126], [  121.23596266,  114.06603785,   20.7244592 ,   17.66346331,     50.54883651,   36.59462838,  128.30844129,   23.50151353,    -31.83848577,   15.82828832,   -3.25357058,   27.50954618,     38.89607325], [-1307.57662046, -371.31970774,   -3.49288832,  -47.85114348,     76.84698278,  -79.03604151,   23.50151353,  114.08669534,     51.73657853,   59.22442712,   15.72527284,   21.72059745,     -2.9802403 ], [ -947.87085979, -375.09039385,   -9.68118027,  -80.23112757,    -32.20632725,  -47.47406549,  -31.83848577,   51.73657853,    116.92616083,   58.69744567,   38.25010569,    1.14810177,    -29.18006849], [-1291.40589536, -353.17566983,  -21.59992294,   20.55576139,     73.31197324,  -53.04595761,   15.82828832,   59.22442712,     58.69744567,  154.13479422,   45.64998569,    9.36922421,    -23.24687136], [ -745.33149386, -244.67601565,  -11.54944594,  -33.11195409,    -21.95798884,    2.36074451,   -3.25357058,   15.72527284,     38.25010569,   45.64998569,   93.99159608,   25.38852365,     -9.22106932], [-1070.40839731, -334.25755712,   32.65677023,  -83.34654579,     71.14751412,  -48.01596759,   27.50954618,   21.72059745,      1.14810177,    9.36922421,   25.38852365,  110.41193392,     32.26810472], [  308.05425472,   59.79133091,   33.0059972 ,  -22.51189199,      4.14813024,   33.99048126,   38.89607325,   -2.9802403 ,    -29.18006849,  -23.24687136,   -9.22106932,   32.26810472,     66.14110486]]
/root/sim/music/201~300/219_ランタン.mp3; [-742.9912    , 234.97902   ,  21.287518  ,   9.238511  , -15.035354  ,   -2.4396296 ,  -2.145073  ,   0.76379925,  -7.6847477 ,  -6.4880047 ,   -6.4167347 ,  -2.7668712 ,  -6.6924577 ]; [[13558.61249719,-2691.0501986 , -925.13027027, 1219.47369682,   -143.95383914,  274.84444188,  -41.34964332,  173.70662697,    -35.43449784,  230.63343348,    8.05011148,  159.32051358,     15.37824487], [-2691.0501986 , 4270.35660477,  128.25324312, -865.13738294,    141.0389615 ,  -66.91279511,  106.82523189,   37.90891745,    112.40144521,  -48.4315768 ,  120.50858021,   54.98401069,     44.8630858 ], [ -925.13027027,  128.25324312,  993.67585697,  125.54373377,    110.76306993,  131.13607227,  143.09961047,  129.81290135,    140.98075672,   84.4781229 ,   62.33933891,   40.2063244 ,     66.71339576], [ 1219.47369682, -865.13738294,  125.54373377,  629.10467065,    142.42466716,  128.23443834,   72.01382351,  104.8385225 ,     38.87650955,   71.35529188,    8.7497634 ,   29.56735908,     14.69564013], [ -143.95383914,  141.0389615 ,  110.76306993,  142.42466716,    302.51951896,  167.02134473,  100.48058648,   68.98631415,     58.17103602,   53.68811695,   50.83618974,   16.73722689,     28.35527226], [  274.84444188,  -66.91279511,  131.13607227,  128.23443834,    167.02134473,  236.45075885,  134.10036215,   69.90218233,     51.93692532,   60.52110022,   45.42902903,    7.23551748,      7.63271696], [  -41.34964332,  106.82523189,  143.09961047,   72.01382351,    100.48058648,  134.10036215,  177.33537991,  108.86118677,     58.27399828,   27.84795439,   27.93369282,   16.51200069,     29.4821854 ], [  173.70662697,   37.90891745,  129.81290135,  104.8385225 ,     68.98631415,   69.90218233,  108.86118677,  184.0061785 ,    107.69578028,   24.41968055,    5.39305108,   22.77434555,     46.96047327], [  -35.43449784,  112.40144521,  140.98075672,   38.87650955,     58.17103602,   51.93692532,   58.27399828,  107.69578028,    167.01239166,   85.33745938,   31.99052465,   13.86627361,     36.45584439], [  230.63343348,  -48.4315768 ,   84.4781229 ,   71.35529188,     53.68811695,   60.52110022,   27.84795439,   24.41968055,     85.33745938,  154.86324293,   90.94322346,    9.21823219,      2.28985521], [    8.05011148,  120.50858021,   62.33933891,    8.7497634 ,     50.83618974,   45.42902903,   27.93369282,    5.39305108,     31.99052465,   90.94322346,  147.92473672,   74.47844956,     11.40707329], [  159.32051358,   54.98401069,   40.2063244 ,   29.56735908,     16.73722689,    7.23551748,   16.51200069,   22.77434555,     13.86627361,    9.21823219,   74.47844956,  146.27824844,     83.79629084], [   15.37824487,   44.8630858 ,   66.71339576,   14.69564013,     28.35527226,    7.63271696,   29.4821854 ,   46.96047327,     36.45584439,    2.28985521,   11.40707329,   83.79629084,    156.55145294]]
/root/sim/music/201~300/285_子猫の大冒険.mp3; [-667.3928   , 139.39137  , -19.065947 , -10.675726 , -11.589759 ,    4.1323094,  -5.412145 ,   5.8852377,  -1.8353763,   4.560384 ,   16.350395 ,  10.177642 ,   4.749441 ]; [[6990.13813635,-616.35406364,1193.91915158,  34.66519808, 146.17125774,  -122.28026688,-130.57695674,-364.05479197,-335.47967838,-280.34155153,  -695.9049709 ,-541.98034146,-294.08773605], [-616.35406364, 565.11630031,-123.96078696, -29.13019561,  91.66487453,   -41.01888444,  34.00070583,  26.00299544,  17.95427148,  -6.74797449,    95.13407344,  53.34140988,  62.38139556], [1193.91915158,-123.96078696, 730.26879645, 317.12761908, 105.48699887,   147.44958067,  33.76283106,   8.01588325,  -4.48179693, -15.2964806 ,   -71.94376811, -26.24457221,  -6.6253056 ], [  34.66519808, -29.13019561, 317.12761908, 410.58501536, 134.65297487,   160.37213963,  81.83026336,  88.30439331, 124.60288559, 154.42894833,   101.06426155, 109.41771448,  81.40462902], [ 146.17125774,  91.66487453, 105.48699887, 134.65297487, 169.51875398,    32.09103901,  48.79948895,  10.86703935,  55.63061438, 104.12520759,    75.214263  ,  61.26747445,  14.34040066], [-122.28026688, -41.01888444, 147.44958067, 160.37213963,  32.09103901,   160.45280525,  47.50621652,  72.88275002,  48.31210507,  17.69842581,    53.54544181,  50.2595165 ,  59.55683313], [-130.57695674,  34.00070583,  33.76283106,  81.83026336,  48.79948895,    47.50621652,  99.18600277,  46.85713495,  11.54373638,  51.12553915,    83.21042213,  87.44845677,  79.54952969], [-364.05479197,  26.00299544,   8.01588325,  88.30439331,  10.86703935,    72.88275002,  46.85713495, 145.19710436,  66.49196825,  -7.47613601,   123.21221584,  60.11447501,  61.93631206], [-335.47967838,  17.95427148,  -4.48179693, 124.60288559,  55.63061438,    48.31210507,  11.54373638,  66.49196825, 185.53364222, 102.8075394 ,    44.53953876,  16.40243856, -20.63147923], [-280.34155153,  -6.74797449, -15.2964806 , 154.42894833, 104.12520759,    17.69842581,  51.12553915,  -7.47613601, 102.8075394 , 311.92035142,   148.5536185 , 138.78066189, -17.63724587], [-695.9049709 ,  95.13407344, -71.94376811, 101.06426155,  75.214263  ,    53.54544181,  83.21042213, 123.21221584,  44.53953876, 148.5536185 ,   379.83441402, 266.80820691, 127.23007448], [-541.98034146,  53.34140988, -26.24457221, 109.41771448,  61.26747445,    50.2595165 ,  87.44845677,  60.11447501,  16.40243856, 138.78066189,   266.80820691, 321.53879645, 144.64391668], [-294.08773605,  62.38139556,  -6.6253056 ,  81.40462902,  14.34040066,    59.55683313,  79.54952969,  61.93631206, -20.63147923, -17.63724587,   127.23007448, 144.64391668, 363.49483949]]
/root/sim/music/201~300/295_ピーチソーダ.mp3; [-941.9584   , 191.53851  , -38.897556 , -35.590004 ,  -0.9964227,   -7.196661 , -18.8765   ,  -1.8102614,  -8.6878   , -22.933178 ,  -18.512989 ,   3.245443 ,  11.147488 ]; [[15435.39152556, 3723.09912992,-3368.84401311,   92.27041852,   -480.24023713, -150.10594006,  631.34620747,  297.25136314,   -614.46761588,  174.57658987,   42.3450467 ,  321.27215371,    646.34781459], [ 3723.09912992, 2491.16725837,  -88.47064477,  365.46642945,    100.56109849, -145.13183172,   50.22754046, -277.10218237,   -263.23397143,  190.65835983,   96.45834067,  -29.99646227,     84.85681887], [-3368.84401311,  -88.47064477, 2286.18198154,  748.42355635,    267.41335149,  124.81543446,   36.91535707, -310.00659119,   -209.12653532,  -98.21920387,  -37.8278962 , -340.00046669,   -513.54841471], [   92.27041852,  365.46642945,  748.42355635,  998.89724845,    386.90412568, -140.58678607,  175.64938625,  -70.58396817,   -398.12022173, -218.71584204,   30.101058  ,    5.28873599,   -314.99149568], [ -480.24023713,  100.56109849,  267.41335149,  386.90412568,    799.64248387,  145.28730602, -105.93339239,  228.97466358,    -89.10281124, -504.49988958, -361.18726379,  169.85542275,     60.51191183], [ -150.10594006, -145.13183172,  124.81543446, -140.58678607,    145.28730602,  419.71901499,    9.17045135,  148.83778981,    262.61835107, -100.64015956, -376.36178062, -274.45698389,     27.91675175], [  631.34620747,   50.22754046,   36.91535707,  175.64938625,   -105.93339239,    9.17045135,  411.31963588,   15.82288579,   -361.17896918,   11.72697938,  226.64991186,   83.83765275,   -265.59417596], [  297.25136314, -277.10218237, -310.00659119,  -70.58396817,    228.97466358,  148.83778981,   15.82288579,  580.48750618,    135.10229429, -475.07181033, -361.26429287,   88.1746811 ,    182.57836986], [ -614.46761588, -263.23397143, -209.12653532, -398.12022173,    -89.10281124,  262.61835107, -361.17896918,  135.10229429,   1023.04644506,  253.64308777, -496.82738034, -579.04489371,    193.87999453], [  174.57658987,  190.65835983,  -98.21920387, -218.71584204,   -504.49988958, -100.64015956,   11.72697938, -475.07181033,    253.64308777,  971.25552838,  482.01454804, -370.10609549,   -190.88379477], [   42.3450467 ,   96.45834067,  -37.8278962 ,   30.101058  ,   -361.18726379, -376.36178062,  226.64991186, -361.26429287,   -496.82738034,  482.01454804, 1070.08886198,  396.87540578,   -468.8462113 ], [  321.27215371,  -29.99646227, -340.00046669,    5.28873599,    169.85542275, -274.45698389,   83.83765275,   88.1746811 ,   -579.04489371, -370.10609549,  396.87540578, 1181.56383681,    322.72820068], [  646.34781459,   84.85681887, -513.54841471, -314.99149568,     60.51191183,   27.91675175, -265.59417596,  182.57836986,    193.87999453, -190.88379477, -468.8462113 ,  322.72820068,   1104.34896905]]
/root/sim/music/201~300/235_In_My_Dreams.mp3; [-573.13416   , 144.6964    ,   1.4630837 ,  16.414461  ,  -3.7534993 ,    2.008044  ,  -2.8259034 ,   8.511881  ,   2.081067  ,   2.0434294 ,   -2.9947112 ,  -0.15517196,  -1.8096516 ]; [[12379.26738786, -937.47700049, 1074.92440148,  334.43548488,    424.46816849,  627.46965918,  505.63169499,  332.91846693,     21.71703507,    6.43749645,  -33.00779697,   74.23684096,     47.61419054], [ -937.47700049, 1563.68940488, -175.07994427,  166.06547851,     55.61635717,  -46.63428622,  -16.12661416,   71.70219272,     79.92166944,  100.94748791,   98.05982563,   37.59307083,     26.8083527 ], [ 1074.92440148, -175.07994427, 1233.16575787,  123.74209088,    559.58255531,  346.43556937,  268.95149278,  227.9589819 ,    155.65568407,  187.31441567,  188.01880299,  144.8657066 ,     93.0826099 ], [  334.43548488,  166.06547851,  123.74209088,  257.0278854 ,    135.6265961 ,  116.56842798,  118.3171098 ,   86.05236709,     84.78126082,   65.99654232,   49.02106329,   40.29698284,     36.40338319], [  424.46816849,   55.61635717,  559.58255531,  135.6265961 ,    411.48969408,  234.85562321,  184.17053353,  158.74904359,    128.42719006,  139.93904407,  119.73647755,  104.05509905,     78.83787265], [  627.46965918,  -46.63428622,  346.43556937,  116.56842798,    234.85562321,  250.88016738,  165.8987676 ,  107.56357706,     55.98087114,   71.28750086,   80.83560584,   70.61101336,     69.74086074], [  505.63169499,  -16.12661416,  268.95149278,  118.3171098 ,    184.17053353,  165.8987676 ,  223.38003997,  125.01595617,     70.77258004,   67.51855998,   84.41582282,   91.0751853 ,     69.0310566 ], [  332.91846693,   71.70219272,  227.9589819 ,   86.05236709,    158.74904359,  107.56357706,  125.01595617,  167.72806458,    112.60552265,   78.65219004,   69.06958642,   66.18931004,     52.65178365], [   21.71703507,   79.92166944,  155.65568407,   84.78126082,    128.42719006,   55.98087114,   70.77258004,  112.60552265,    157.09683741,  101.37605242,   66.03333258,   51.13805166,     34.24788785], [    6.43749645,  100.94748791,  187.31441567,   65.99654232,    139.93904407,   71.28750086,   67.51855998,   78.65219004,    101.37605242,  137.72197349,   92.94046404,   58.61275243,     37.88327218], [  -33.00779697,   98.05982563,  188.01880299,   49.02106329,    119.73647755,   80.83560584,   84.41582282,   69.06958642,     66.03333258,   92.94046404,  134.56788176,   86.61540261,     50.95038025], [   74.23684096,   37.59307083,  144.8657066 ,   40.29698284,    104.05509905,   70.61101336,   91.0751853 ,   66.18931004,     51.13805166,   58.61275243,   86.61540261,  117.89048807,     64.49632366], [   47.61419054,   26.8083527 ,   93.0826099 ,   36.40338319,     78.83787265,   69.74086074,   69.0310566 ,   52.65178365,     34.24788785,   37.88327218,   50.95038025,   64.49632366,     93.14483076]]
/root/sim/music/201~300/256_China_Pop.mp3; [-557.77075   ,  83.94591   ,   0.02761005,   0.175175  , -12.062552  ,   13.022669  ,   3.6328661 ,   5.843207  ,   1.6611503 ,  -3.269897  ,   -7.580522  ,  -3.191576  ,   1.5088601 ]; [[28762.18550372, 1362.42592217, 1442.95048293, 1633.94352049,    152.57399299,  670.5493649 ,  267.34556546,    1.88350011,   -358.84371724, -487.8496055 ,   33.56593864,  451.04804692,    273.56298604], [ 1362.42592217, 1283.20448835,  232.76676388,  121.55778118,    198.14441696,  200.16167101,  148.63827063,  151.15913467,     88.89710974,   67.17605378,   65.06747876,  125.69335074,    137.85112914], [ 1442.95048293,  232.76676388,  643.68191961,  387.11785774,    242.98870706,  275.22310712,  186.15424612,  150.32225881,    102.88019392,   55.52325923,   89.0741529 ,  156.72106508,    124.82575947], [ 1633.94352049,  121.55778118,  387.11785774,  460.76594532,    219.503227  ,  192.36193943,  125.68055392,   61.1700597 ,     21.57722919,   14.0113817 ,   94.38847286,  138.78163573,     80.39575227], [  152.57399299,  198.14441696,  242.98870706,  219.503227  ,    344.20772319,  242.63297739,  195.9665815 ,  175.88036608,     94.51983897,   32.16310993,   54.08213447,  123.26223716,    143.01418717], [  670.5493649 ,  200.16167101,  275.22310712,  192.36193943,    242.63297739,  323.13541097,  217.33810519,  180.59851285,    155.72408735,   75.57519692,   65.61841339,  102.3815903 ,    100.47956397], [  267.34556546,  148.63827063,  186.15424612,  125.68055392,    195.9665815 ,  217.33810519,  281.36999981,  188.97172409,    134.32071548,   76.47742834,   66.52613306,  141.09914834,    130.95885225], [    1.88350011,  151.15913467,  150.32225881,   61.1700597 ,    175.88036608,  180.59851285,  188.97172409,  282.01297027,    165.89008321,   72.92445235,   15.45711053,   50.97660232,    135.51238108], [ -358.84371724,   88.89710974,  102.88019392,   21.57722919,     94.51983897,  155.72408735,  134.32071548,  165.89008321,    264.24997583,  158.35467139,   77.61278131,    8.50633661,     22.43102738], [ -487.8496055 ,   67.17605378,   55.52325923,   14.0113817 ,     32.16310993,   75.57519692,   76.47742834,   72.92445235,    158.35467139,  225.36503355,  127.07912177,   -2.70401405,    -35.64243575], [   33.56593864,   65.06747876,   89.0741529 ,   94.38847286,     54.08213447,   65.61841339,   66.52613306,   15.45711053,     77.61278131,  127.07912177,  245.71297112,  102.44922809,    -31.66555914], [  451.04804692,  125.69335074,  156.72106508,  138.78163573,    123.26223716,  102.3815903 ,  141.09914834,   50.97660232,      8.50633661,   -2.70401405,  102.44922809,  322.17851288,    172.67156196], [  273.56298604,  137.85112914,  124.82575947,   80.39575227,    143.01418717,  100.47956397,  130.95885225,  135.51238108,     22.43102738,  -35.64243575,  -31.66555914,  172.67156196,    284.06572593]]
/root/sim/music/201~300/262_Bellflower.mp3; [-706.6722    , 189.0512    , -29.523624  , -17.255108  ,   0.33083346,   -8.581463  , -17.790064  , -15.506347  , -12.821103  ,   9.019862  ,   -1.7281371 ,  -5.001241  ,   0.58228606]; [[ 5297.97462193,-1249.07007565, 1072.03258615,  612.80291909,    288.09396569,  508.06314317,  309.10659019,  302.61061764,    300.18877074,   60.82671641,  -95.70596968, -119.05674019,    -31.78837667], [-1249.07007565, 1812.8031759 , -517.12291009,  402.4439318 ,    253.54451468,  104.69641594,  171.00262113,   45.53333572,     93.62981359,  125.52534723,  179.17955277,  132.20815185,     51.22371099], [ 1072.03258615, -517.12291009, 1370.89711128,  224.42305717,    527.79227939,  452.91004588,  223.55169058,  281.29588777,    174.54319513,  123.1804564 ,  113.64317348,   97.43528045,      8.17744176], [  612.80291909,  402.4439318 ,  224.42305717,  544.01994512,    248.94035452,  270.78923361,  209.38361844,  116.58338976,    149.34135354,   58.62165697,   56.05185603,   40.87436954,     17.40052559], [  288.09396569,  253.54451468,  527.79227939,  248.94035452,    505.98160846,  317.67523791,  155.01137866,  157.68475969,    147.38277661,  184.77598017,  150.94798414,   91.68408324,     50.63001523], [  508.06314317,  104.69641594,  452.91004588,  270.78923361,    317.67523791,  336.18947568,  174.60128633,  130.4451624 ,    139.86636715,  128.80876556,  123.53495729,   77.68381753,     23.78916655], [  309.10659019,  171.00262113,  223.55169058,  209.38361844,    155.01137866,  174.60128633,  198.15367044,  158.11907479,     81.38190785,   22.50019357,   45.32252975,   59.22811962,     29.52913782], [  302.61061764,   45.53333572,  281.29588777,  116.58338976,    157.68475969,  130.4451624 ,  158.11907479,  217.22837649,    109.46083727,   26.62180028,   20.05180178,   39.84273647,     20.6276901 ], [  300.18877074,   93.62981359,  174.54319513,  149.34135354,    147.38277661,  139.86636715,   81.38190785,  109.46083727,    180.64770094,  157.39284814,   84.6525555 ,   33.32846803,      9.31315205], [   60.82671641,  125.52534723,  123.1804564 ,   58.62165697,    184.77598017,  128.80876556,   22.50019357,   26.62180028,    157.39284814,  327.98840614,  229.63801891,   86.07348428,     29.28983905], [  -95.70596968,  179.17955277,  113.64317348,   56.05185603,    150.94798414,  123.53495729,   45.32252975,   20.05180178,     84.6525555 ,  229.63801891,  262.04987695,  140.62164381,     45.61158644], [ -119.05674019,  132.20815185,   97.43528045,   40.87436954,     91.68408324,   77.68381753,   59.22811962,   39.84273647,     33.32846803,   86.07348428,  140.62164381,  139.82972759,     67.9247082 ], [  -31.78837667,   51.22371099,    8.17744176,   17.40052559,     50.63001523,   23.78916655,   29.52913782,   20.6276901 ,      9.31315205,   29.28983905,   45.61158644,   67.9247082 ,     92.82244813]]
/root/sim/music/201~300/220_透明の街.mp3; [-691.18475  , 232.27359  , -26.05273  , -13.851739 , -18.469456 ,  -12.0880785, -19.961409 , -11.2084   , -11.760432 ,  -6.735248 ,   -5.3552537,  -4.090532 ,  -4.985711 ]; [[13249.0682394 ,-3815.14730638,  289.61456511, 1272.60340761,   -360.93166222,  635.22432168,  -20.47835429,  103.11700014,   -367.6544326 , -405.13445012, -323.34203472,   27.43180142,    -21.88323493], [-3815.14730638, 4152.47662968, -560.58566729, -557.54418574,    471.37392903, -212.2466598 ,   90.69211586,  -12.10802727,    142.49715958,  141.76457945,  172.69806554,   -8.72721749,     75.34257901], [  289.61456511, -560.58566729,  603.85278997,   11.69955194,    -90.35350443,   99.40842514,  -20.52313836,    5.72136531,     33.37864577,   12.11767192,  -24.5565094 ,   27.40603434,     19.42664456], [ 1272.60340761, -557.54418574,   11.69955194,  326.47750209,     15.66055641,  109.13712669,   47.95768573,   50.91974674,    -23.27672884,  -33.19387736,  -26.18819996,    9.99771924,      6.50688777], [ -360.93166222,  471.37392903,  -90.35350443,   15.66055641,    269.23755677,   59.08835132,   68.43698785,   28.83795652,      6.41141404,   17.69656209,   30.53958186,   -1.53651273,     13.71633647], [  635.22432168, -212.2466598 ,   99.40842514,  109.13712669,     59.08835132,  172.95521307,   70.40234928,   30.50872505,    -23.78102449,  -29.90808777,  -15.33446726,   13.15871824,     16.6285284 ], [  -20.47835429,   90.69211586,  -20.52313836,   47.95768573,     68.43698785,   70.40234928,  119.82906126,   54.06397885,     -3.80207429,   -0.12962462,   16.13823809,   10.8119401 ,     12.48388512], [  103.11700014,  -12.10802727,    5.72136531,   50.91974674,     28.83795652,   30.50872505,   54.06397885,   84.73124837,     40.23157808,    4.86388179,    5.60404481,    6.81575706,      8.99345538], [ -367.6544326 ,  142.49715958,   33.37864577,  -23.27672884,      6.41141404,  -23.78102449,   -3.80207429,   40.23157808,    105.60804648,   56.38268322,    8.61152421,   -1.00391638,      3.43980216], [ -405.13445012,  141.76457945,   12.11767192,  -33.19387736,     17.69656209,  -29.90808777,   -0.12962462,    4.86388179,     56.38268322,   88.81155387,   42.79345528,   -4.97049452,     -6.32512862], [ -323.34203472,  172.69806554,  -24.5565094 ,  -26.18819996,     30.53958186,  -15.33446726,   16.13823809,    5.60404481,      8.61152421,   42.79345528,   74.73673075,   28.73831807,     -4.47035732], [   27.43180142,   -8.72721749,   27.40603434,    9.99771924,     -1.53651273,   13.15871824,   10.8119401 ,    6.81575706,     -1.00391638,   -4.97049452,   28.73831807,   65.3910678 ,     25.33202018], [  -21.88323493,   75.34257901,   19.42664456,    6.50688777,     13.71633647,   16.6285284 ,   12.48388512,    8.99345538,      3.43980216,   -6.32512862,   -4.47035732,   25.33202018,     62.39758666]]
