/root/sim/music/out/放課後ティータイム (豊崎愛生 日笠陽子 佐藤聡美 寿美菜子 竹達彩奈)/放課後ティータイム II [Disc 1]/1-06 ときめきシュガー.mp3; [-495.9456   ,  99.336    ,  -9.743005 ,  33.50388  ,   9.000386 ,    2.4803402,   6.9479423,   3.450857 ,   1.3374407,   4.584342 ,   -1.5713853,  -0.6682412,   2.4772053]; [[16634.92406236,  548.24559648, -817.0081504 ,  339.37890634,    -58.89968668, -327.01140062, -171.32017321,  -46.09743647,    -79.94464564,  -84.89941483, -269.93203788, -145.97946764,     86.41044175], [  548.24559648,  793.33118089,   40.997001  ,   29.35845901,     62.9887867 ,   86.06952329,   72.34388794,  -25.87190626,     -4.33436202,   13.38355573,    5.67567479,    7.89138305,    -18.73102825], [ -817.0081504 ,   40.997001  ,  402.32869242,   -6.32787034,     56.16719583,  103.69764114,  -31.84688064,   23.33896863,    -19.22227958,   -4.38372737,   64.46645337,    7.82594894,    -33.57403924], [  339.37890634,   29.35845901,   -6.32787034,  308.3722087 ,     60.68732704,  -88.74133541,    3.60802662,   -5.48166151,     -3.57914342,   12.83744219,   19.10524568,   32.4558573 ,      1.56614223], [  -58.89968668,   62.9887867 ,   56.16719583,   60.68732704,    135.89159916,   43.62625372,  -10.58595683,   14.21310098,      2.72976606,    4.30649559,   20.8095729 ,    7.90144418,     -3.37687212], [ -327.01140062,   86.06952329,  103.69764114,  -88.74133541,     43.62625372,  215.54750409,   45.79432253,   15.51997424,     10.38600643,   14.98137601,   20.25344438,   -6.73816671,     -2.92920004], [ -171.32017321,   72.34388794,  -31.84688064,    3.60802662,    -10.58595683,   45.79432253,  150.59994742,   16.00124152,     16.02107247,   24.10049734,  -11.5712676 ,   14.9214224 ,      3.84297655], [  -46.09743647,  -25.87190626,   23.33896863,   -5.48166151,     14.21310098,   15.51997424,   16.00124152,  104.12393118,     35.29519056,   -4.63811659,   10.37889999,    0.49490604,      4.64993337], [  -79.94464564,   -4.33436202,  -19.22227958,   -3.57914342,      2.72976606,   10.38600643,   16.02107247,   35.29519056,     85.19659973,   30.35903876,   -9.97327137,    0.14209302,     13.58695866], [  -84.89941483,   13.38355573,   -4.38372737,   12.83744219,      4.30649559,   14.98137601,   24.10049734,   -4.63811659,     30.35903876,   65.86967236,   16.69021765,    4.00303839,     -1.04296556], [ -269.93203788,    5.67567479,   64.46645337,   19.10524568,     20.8095729 ,   20.25344438,  -11.5712676 ,   10.37889999,     -9.97327137,   16.69021765,   79.28546102,   22.2762437 ,    -13.6589063 ], [ -145.97946764,    7.89138305,    7.82594894,   32.4558573 ,      7.90144418,   -6.73816671,   14.9214224 ,    0.49490604,      0.14209302,    4.00303839,   22.2762437 ,   54.76539663,     13.51798769], [   86.41044175,  -18.73102825,  -33.57403924,    1.56614223,     -3.37687212,   -2.92920004,    3.84297655,    4.64993337,     13.58695866,   -1.04296556,  -13.6589063 ,   13.51798769,     56.67789101]]
/root/sim/music/out/放課後ティータイム (豊崎愛生 日笠陽子 佐藤聡美 寿美菜子 竹達彩奈)/放課後ティータイム II [Disc 1]/1-07 冬の日.mp3; [-501.26874   , 105.94927   , -12.329881  ,  25.068413  ,   8.866723  ,    5.4108286 ,  -0.9234159 ,   5.3395686 ,   1.1781174 ,   3.7919643 ,   -0.81924236,   1.9178605 ,   4.1659055 ]; [[19714.95648   , 1666.94521526, -611.23889864,  488.75188847,    191.58320914,  157.89317251,  123.17230822,  222.38619116,     36.73892988,   -2.66962695,  -26.37201857,   82.86852296,    -20.58619517], [ 1666.94521526,  821.94855912,  -66.30978577,   77.24644534,     19.24220611,   62.30841008,   48.30728213,   20.98596919,     13.86014121,   18.93475218,  -16.18046357,   -9.53820204,     12.67338173], [ -611.23889864,  -66.30978577,  423.5606939 ,   20.8353162 ,     -9.30394845,    8.00411606,  -20.89402265,  -14.63012899,    -22.3894277 ,   -5.51774082,    8.69515876,  -15.14392686,     -0.92133799], [  488.75188847,   77.24644534,   20.8353162 ,  303.15269915,    120.03766761,  -31.47979437,  -23.36647122,   21.29175271,    -11.76279277,    9.05804741,   24.90693908,    1.2771266 ,     -1.15140882], [  191.58320914,   19.24220611,   -9.30394845,  120.03766761,    194.1392607 ,   32.76681714,  -17.41426366,   15.90097735,     -3.67326996,    9.47976834,   13.15639307,   13.49059269,      1.99953519], [  157.89317251,   62.30841008,    8.00411606,  -31.47979437,     32.76681714,  161.75740425,   56.57304838,   -9.21774772,      5.78626637,    7.04341341,   -1.73324863,    1.3986905 ,      0.01037929], [  123.17230822,   48.30728213,  -20.89402265,  -23.36647122,    -17.41426366,   56.57304838,  108.0654035 ,   24.67982705,      8.94559133,   -0.36417101,    0.38281645,    5.53385494,     -0.57626823], [  222.38619116,   20.98596919,  -14.63012899,   21.29175271,     15.90097735,   -9.21774772,   24.67982705,   91.00817735,     27.1337245 ,   -3.2456221 ,   -1.25083583,    8.44953245,     -0.00343138], [   36.73892988,   13.86014121,  -22.3894277 ,  -11.76279277,     -3.67326996,    5.78626637,    8.94559133,   27.1337245 ,     81.36164342,   30.81152929,   -1.7667355 ,   -1.73307696,      1.80645107], [   -2.66962695,   18.93475218,   -5.51774082,    9.05804741,      9.47976834,    7.04341341,   -0.36417101,   -3.2456221 ,     30.81152929,   78.36162082,   29.26037241,    2.98035193,      4.88568367], [  -26.37201857,  -16.18046357,    8.69515876,   24.90693908,     13.15639307,   -1.73324863,    0.38281645,   -1.25083583,     -1.7667355 ,   29.26037241,   68.28679828,   30.89834438,      5.76445821], [   82.86852296,   -9.53820204,  -15.14392686,    1.2771266 ,     13.49059269,    1.3986905 ,    5.53385494,    8.44953245,     -1.73307696,    2.98035193,   30.89834438,   74.40503414,     26.86506142], [  -20.58619517,   12.67338173,   -0.92133799,   -1.15140882,      1.99953519,    0.01037929,   -0.57626823,   -0.00343138,      1.80645107,    4.88568367,    5.76445821,   26.86506142,     70.24051896]]
/root/sim/music/out/放課後ティータイム (豊崎愛生 日笠陽子 佐藤聡美 寿美菜子 竹達彩奈)/放課後ティータイム II [Disc 1]/1-10 Interlude.mp3; [-628.077    ,  94.7566   , -17.16735  ,  33.038437 ,  15.995268 ,    9.427944 ,   1.9099078,  12.186815 ,   2.5195885,  -2.1957564,   -2.7424662,  -2.2540336,  -7.077862 ]; [[50988.43622328, 4777.19989371,-1363.89752837, 1656.98996856,    583.95161239,  385.04471613,  -91.7188227 ,  520.45897726,     14.8367033 , -183.22847633, -329.64196266, -191.95679529,   -313.4032982 ], [ 4777.19989371,  807.98518683, -145.69256895,  233.969939  ,     95.67985788,   53.14405671,    0.24892012,   77.34192982,     -2.17384997,  -19.59119024,  -15.63016001,  -14.96951886,    -48.15858542], [-1363.89752837, -145.69256895,  127.60723265,  -39.32669212,    -28.71048807,  -13.37461261,   -1.08819798,  -21.63246051,     -4.4992726 ,    7.06396367,    7.00073002,    3.2366283 ,      7.60512202], [ 1656.98996856,  233.969939  ,  -39.32669212,  133.86708487,     60.53986017,   27.23292216,    4.90074134,   35.32972658,     12.52254371,   -0.76169691,   -7.43893464,   -7.42201516,    -20.47156434], [  583.95161239,   95.67985788,  -28.71048807,   60.53986017,     81.89411822,   32.25138817,   12.17958976,   22.86995602,     14.53922113,    4.3835532 ,    2.0778837 ,   -1.68301723,    -11.05974598], [  385.04471613,   53.14405671,  -13.37461261,   27.23292216,     32.25138817,   57.77233542,   25.52021617,    8.31131335,      5.85477843,    6.01032365,    2.09466869,   -4.63262246,    -10.53769375], [  -91.7188227 ,    0.24892012,   -1.08819798,    4.90074134,     12.17958976,   25.52021617,   49.56991855,   21.62821195,      6.99084947,    6.96663552,    8.42137958,    0.76164808,     -6.47933614], [  520.45897726,   77.34192982,  -21.63246051,   35.32972658,     22.86995602,    8.31131335,   21.62821195,   54.80397676,     22.53603922,    4.15062749,    2.55655373,    0.77349629,     -5.86371416], [   14.8367033 ,   -2.17384997,   -4.4992726 ,   12.52254371,     14.53922113,    5.85477843,    6.99084947,   22.53603922,     47.81775254,   24.29865007,    3.59724686,   -0.3126004 ,      1.42460112], [ -183.22847633,  -19.59119024,    7.06396367,   -0.76169691,      4.3835532 ,    6.01032365,    6.96663552,    4.15062749,     24.29865007,   43.97304949,   20.04763197,    4.12851078,      2.7049434 ], [ -329.64196266,  -15.63016001,    7.00073002,   -7.43893464,      2.0778837 ,    2.09466869,    8.42137958,    2.55655373,      3.59724686,   20.04763197,   43.40377016,   22.34826818,      4.16681139], [ -191.95679529,  -14.96951886,    3.2366283 ,   -7.42201516,     -1.68301723,   -4.63262246,    0.76164808,    0.77349629,     -0.3126004 ,    4.12851078,   22.34826818,   39.28929323,     15.36111813], [ -313.4032982 ,  -48.15858542,    7.60512202,  -20.47156434,    -11.05974598,  -10.53769375,   -6.47933614,   -5.86371416,      1.42460112,    2.7049434 ,    4.16681139,   15.36111813,     34.44080399]]
/root/sim/music/out/放課後ティータイム (豊崎愛生 日笠陽子 佐藤聡美 寿美菜子 竹達彩奈)/放課後ティータイム II [Disc 1]/1-09 天使にふれたよ!.mp3; [-535.4956   , 122.76117  , -15.785374 ,  27.398825 ,   7.2067537,    4.7290635,   6.7983346,   2.5279365,   4.0677323,   2.4001136,   -3.424913 ,  -1.4410403,   2.370258 ]; [[25210.8457206 ,  968.32007048, -624.7767472 ,  636.65899635,     83.79710776,  169.73851546,  253.51290847,  193.36628294,    120.95546431,  243.13077871,   71.52792325,  -90.38748513,     28.146823  ], [  968.32007048, 1506.54625744, -150.43606531,   86.11370663,     58.78405963,   40.19214778,   16.85851047,  -40.00092714,     25.00688069,  -39.36869051,  -38.98553807,    0.92185753,      5.45877767], [ -624.7767472 , -150.43606531,  371.80370999,  -68.38900899,    -10.11709621,  -21.07405238,  -24.1421951 ,   -4.34367665,    -21.96551445,    5.07390052,   12.34348405,   -5.93372316,    -26.69236772], [  636.65899635,   86.11370663,  -68.38900899,  257.53516951,     56.02707752,  -21.12232822,  -15.11068303,   14.40526348,    -10.32144238,    9.46865285,   22.16356541,   16.59328428,      3.01553175], [   83.79710776,   58.78405963,  -10.11709621,   56.02707752,    147.6107182 ,   21.34738673,    3.46906674,    4.87563743,     11.05636112,    4.44109952,    3.03419612,    7.7753097 ,      5.19444804], [  169.73851546,   40.19214778,  -21.07405238,  -21.12232822,     21.34738673,  207.67439618,   -4.70712723,   24.35576268,     25.01696106,    6.80636339,   17.14647206,  -23.55967978,     14.53095773], [  253.51290847,   16.85851047,  -24.1421951 ,  -15.11068303,      3.46906674,   -4.70712723,  117.30573889,   14.23518529,      7.88945321,   14.03548507,  -17.61305632,    2.22385937,     -5.22115584], [  193.36628294,  -40.00092714,   -4.34367665,   14.40526348,      4.87563743,   24.35576268,   14.23518529,  108.74257023,     25.67372898,   -5.92048205,    9.71424423,  -12.35283741,     -3.15105478], [  120.95546431,   25.00688069,  -21.96551445,  -10.32144238,     11.05636112,   25.01696106,    7.88945321,   25.67372898,     78.61555868,   19.79048386,   -3.90120167,  -11.41397975,      3.60808818], [  243.13077871,  -39.36869051,    5.07390052,    9.46865285,      4.44109952,    6.80636339,   14.03548507,   -5.92048205,     19.79048386,   68.68190144,   18.32964857,   -2.07577897,     -1.33646422], [   71.52792325,  -38.98553807,   12.34348405,   22.16356541,      3.03419612,   17.14647206,  -17.61305632,    9.71424423,     -3.90120167,   18.32964857,   71.23051952,   12.19092224,     -2.11617297], [  -90.38748513,    0.92185753,   -5.93372316,   16.59328428,      7.7753097 ,  -23.55967978,    2.22385937,  -12.35283741,    -11.41397975,   -2.07577897,   12.19092224,   60.43331065,     17.99461701], [   28.146823  ,    5.45877767,  -26.69236772,    3.01553175,      5.19444804,   14.53095773,   -5.22115584,   -3.15105478,      3.60808818,   -1.33646422,   -2.11617297,   17.99461701,     54.83906548]]
/root/sim/music/out/放課後ティータイム (豊崎愛生 日笠陽子 佐藤聡美 寿美菜子 竹達彩奈)/放課後ティータイム II [Disc 1]/1-03 Honey sweet tea time.mp3; [-498.24802   , 107.16192   , -15.162882  ,  24.912745  ,   6.6700325 ,    1.0026405 ,   8.7366705 ,  -0.9666817 ,   2.118602  ,   5.2433386 ,    0.05496563,   0.6714728 ,   2.13514   ]; [[15948.11271838,  680.39861659, -550.35310032,  333.95906821,    118.86231098,   -1.84899845,   83.44774861,    7.30145667,   -103.22139358,  -62.20465857, -244.29465722,  -53.09861274,     52.42774522], [  680.39861659,  770.03839049,  -53.11575772,   42.20639634,      8.82474357,   52.14988482,   79.05839637,  -31.85959629,     20.69101771,   13.45047931,   27.33460681,    4.14377306,    -14.73357242], [ -550.35310032,  -53.11575772,  336.2812101 ,  -12.80598135,     23.51348392,  -16.86780321,  -12.43458864,   12.15161975,      0.89997701,   16.2031436 ,   36.34651491,    0.160845  ,    -18.78831448], [  333.95906821,   42.20639634,  -12.80598135,  418.6218417 ,     55.20520448,  -34.56856478,  -41.24623237,   33.13030039,     -2.44095711,  -15.03800703,   22.613174  ,  -27.14984263,     -0.52891335], [  118.86231098,    8.82474357,   23.51348392,   55.20520448,    125.78779654,   43.0647006 ,    0.7100446 ,   23.48128432,     18.78069432,   -3.28836106,   -3.51395939,   -0.11844513,      4.2170819 ], [   -1.84899845,   52.14988482,  -16.86780321,  -34.56856478,     43.0647006 ,  176.46121737,   17.10453711,   12.99075105,     20.36671492,   -1.0156803 ,   -7.38944895,   -6.47530618,      9.31960673], [   83.44774861,   79.05839637,  -12.43458864,  -41.24623237,      0.7100446 ,   17.10453711,  136.29362972,   -1.21866369,      2.43132655,   16.01921754,   -2.17722775,   11.62884542,      1.08876027], [    7.30145667,  -31.85959629,   12.15161975,   33.13030039,     23.48128432,   12.99075105,   -1.21866369,  101.06882986,     33.85897703,   -7.45641576,    3.6616074 ,   -0.72427004,      0.0791016 ], [ -103.22139358,   20.69101771,    0.89997701,   -2.44095711,     18.78069432,   20.36671492,    2.43132655,   33.85897703,     75.82221802,   26.54793292,    5.99588229,    1.2841374 ,      0.15017987], [  -62.20465857,   13.45047931,   16.2031436 ,  -15.03800703,     -3.28836106,   -1.0156803 ,   16.01921754,   -7.45641576,     26.54793292,   69.9526724 ,   26.69212467,    8.97009686,     -5.83258454], [ -244.29465722,   27.33460681,   36.34651491,   22.613174  ,     -3.51395939,   -7.38944895,   -2.17722775,    3.6616074 ,      5.99588229,   26.69212467,   73.00502954,   19.9347749 ,     -0.0672414 ], [  -53.09861274,    4.14377306,    0.160845  ,  -27.14984263,     -0.11844513,   -6.47530618,   11.62884542,   -0.72427004,      1.2841374 ,    8.97009686,   19.9347749 ,   55.61272355,     19.26117569], [   52.42774522,  -14.73357242,  -18.78831448,   -0.52891335,      4.2170819 ,    9.31960673,    1.08876027,    0.0791016 ,      0.15017987,   -5.83258454,   -0.0672414 ,   19.26117569,     50.16942151]]
/root/sim/music/out/放課後ティータイム (豊崎愛生 日笠陽子 佐藤聡美 寿美菜子 竹達彩奈)/放課後ティータイム II [Disc 1]/1-01 いちごパフェが止まらない.mp3; [-492.28534   ,  97.27617   , -11.333381  ,  25.244328  ,   8.616609  ,   13.846407  ,  -1.6262473 ,   4.8910427 ,  -0.46257755,   4.4992223 ,    2.5736885 ,  -0.46483642,   5.0624895 ]; [[16527.83215364,  658.98899385, -815.36736441,  -41.22328561,   -122.98124225,   79.72056666, -233.30588488, -127.81270089,   -188.64685664,  -69.76629472, -107.57091228, -118.29187787,     53.49647888], [  658.98899385,  737.43207322, -186.83437179,   22.87556165,     24.57930629,   19.22010223,    2.07529901,  -11.54094487,    -13.82520924,   -2.95777977,  -31.60380356,    4.94104163,      2.95933255], [ -815.36736441, -186.83437179,  495.52854826,   79.62548739,     -0.81759233,   -9.83729691,  -10.81562507,   37.48385779,      5.49807851,    9.16548635,   54.80818787,    4.03812283,    -16.85814866], [  -41.22328561,   22.87556165,   79.62548739,  224.7910636 ,     33.4338863 ,  -50.17838866,  -19.98714837,   17.68687818,     12.92251784,    7.78844279,   13.13614333,    1.06655274,     -4.43661798], [ -122.98124225,   24.57930629,   -0.81759233,   33.4338863 ,    129.89406775,   42.04574409,   -5.71843933,    8.61148382,     10.38263514,    4.51204754,    3.77691944,   -7.77950633,     -5.91057821], [   79.72056666,   19.22010223,   -9.83729691,  -50.17838866,     42.04574409,  149.85480277,   38.27830485,  -12.32466047,      4.81852524,    4.07272083,    3.23159699,    3.77023082,      2.12180342], [ -233.30588488,    2.07529901,  -10.81562507,  -19.98714837,     -5.71843933,   38.27830485,   89.00881756,   25.68808453,      6.56448126,    7.62444722,    5.82315637,   13.558247  ,      8.11540824], [ -127.81270089,  -11.54094487,   37.48385779,   17.68687818,      8.61148382,  -12.32466047,   25.68808453,   81.36044016,     25.34695089,   -4.43304368,    4.59808822,   -0.58285409,     -3.00327331], [ -188.64685664,  -13.82520924,    5.49807851,   12.92251784,     10.38263514,    4.81852524,    6.56448126,   25.34695089,     71.82087569,   27.07266979,   -1.08291844,    0.84492799,      1.81754274], [  -69.76629472,   -2.95777977,    9.16548635,    7.78844279,      4.51204754,    4.07272083,    7.62444722,   -4.43304368,     27.07266979,   66.31790809,   23.20162437,    3.10983435,      0.29090552], [ -107.57091228,  -31.60380356,   54.80818787,   13.13614333,      3.77691944,    3.23159699,    5.82315637,    4.59808822,     -1.08291844,   23.20162437,   65.7520854 ,   16.83259976,     -1.36005791], [ -118.29187787,    4.94104163,    4.03812283,    1.06655274,     -7.77950633,    3.77023082,   13.558247  ,   -0.58285409,      0.84492799,    3.10983435,   16.83259976,   56.66976378,     27.08654133], [   53.49647888,    2.95933255,  -16.85814866,   -4.43661798,     -5.91057821,    2.12180342,    8.11540824,   -3.00327331,      1.81754274,    0.29090552,   -1.36005791,   27.08654133,     58.44402678]]
/root/sim/music/out/放課後ティータイム (豊崎愛生 日笠陽子 佐藤聡美 寿美菜子 竹達彩奈)/放課後ティータイム II [Disc 1]/1-11 放課後ティータイム.mp3; [-487.50113   , 107.17618   ,  -7.680766  ,  25.612713  ,   6.255672  ,    2.1062405 ,   7.4259644 ,   1.2162921 ,   0.37838402,   2.8392174 ,   -2.7005022 ,  -1.2282109 ,   0.09143078]; [[8738.87821023, 374.61335491,-244.02680691, -45.75928613,-112.83500928,    35.96549045, 176.78443118,  24.29866004,  19.78427932,  21.19256886,   -69.91446821, -33.11095542,  31.78110079], [ 374.61335491, 537.20094998, -61.33495138,  34.96005966,  31.03332593,    47.80901213,  33.74319968,   2.1326787 ,   9.94037818,   2.23259982,   -14.01050869,  -9.69988515,  -7.62232128], [-244.02680691, -61.33495138, 455.39619627,  89.23462975,  39.30008218,    34.29234804,   0.7547389 ,  21.74976935,  -9.99624036,  20.47935989,    29.2285017 ,  12.15069347, -14.44256544], [ -45.75928613,  34.96005966,  89.23462975, 300.70112141,  96.61270285,   -33.14980782, -11.57956455,  16.88419772,  -7.40696749,  22.10376173,    45.89114565,  31.28890656,  -2.5147584 ], [-112.83500928,  31.03332593,  39.30008218,  96.61270285, 153.0202031 ,    46.06184778, -17.3393518 ,  10.05835173,   2.42045413,  13.88301205,    30.22800805,  13.67083432,   2.64766136], [  35.96549045,  47.80901213,  34.29234804, -33.14980782,  46.06184778,   183.80072075,  43.7826165 ,   6.68766822,  19.91308664,  19.70043682,     8.33601845,   3.92584574,  13.41079179], [ 176.78443118,  33.74319968,   0.7547389 , -11.57956455, -17.3393518 ,    43.7826165 , 144.24817568,  28.11012952,  25.76062179,  22.55044269,    -7.6894917 ,   7.48514029,  12.30969017], [  24.29866004,   2.1326787 ,  21.74976935,  16.88419772,  10.05835173,     6.68766822,  28.11012952, 107.01025043,  38.8998675 ,   3.38452522,    12.30213161,  -0.07329211,  -2.95361144], [  19.78427932,   9.94037818,  -9.99624036,  -7.40696749,   2.42045413,    19.91308664,  25.76062179,  38.8998675 ,  83.07908057,  26.889728  ,    -0.06138564,  -0.03317922,   5.77418545], [  21.19256886,   2.23259982,  20.47935989,  22.10376173,  13.88301205,    19.70043682,  22.55044269,   3.38452522,  26.889728  ,  74.61723489,    30.52658605,   6.2628063 ,  -0.26310528], [ -69.91446821, -14.01050869,  29.2285017 ,  45.89114565,  30.22800805,     8.33601845,  -7.6894917 ,  12.30213161,  -0.06138564,  30.52658605,    76.20530452,  23.14757097,  -2.23951565], [ -33.11095542,  -9.69988515,  12.15069347,  31.28890656,  13.67083432,     3.92584574,   7.48514029,  -0.07329211,  -0.03317922,   6.2628063 ,    23.14757097,  58.20951886,  23.32905257], [  31.78110079,  -7.62232128, -14.44256544,  -2.5147584 ,   2.64766136,    13.41079179,  12.30969017,  -2.95361144,   5.77418545,  -0.26310528,    -2.23951565,  23.32905257,  60.84642229]]
/root/sim/music/out/放課後ティータイム (豊崎愛生 日笠陽子 佐藤聡美 寿美菜子 竹達彩奈)/放課後ティータイム II [Disc 1]/1-04 五月雨20ラブ.mp3; [-522.0159   , 122.00006  , -13.710106 ,  39.01947  ,   8.939676 ,    1.9307797,   5.0452156,   1.432055 ,   3.4026642,   2.0910249,   -3.9234853,  -2.075696 ,   0.7960515]; [[16048.01936752, 1248.23114974, -771.98072565,  453.24066875,    -45.31637651, -277.36620724,   67.17942536,  -46.596513  ,     18.51492364,   25.02266046, -158.58397225,  -28.60199806,     26.39357374], [ 1248.23114974, 1109.7526396 , -194.47287218,  113.13859809,     23.93340106,   73.83339349,   46.20050212,  -18.70157004,      6.63722352,  -11.72637481,  -11.72459563,   -7.32075799,      1.54151561], [ -771.98072565, -194.47287218,  626.85074319, -121.44076878,     40.0047664 ,   78.89888013,  -51.48713941,   20.95460605,    -14.47362286,   -7.6568784 ,   20.74112465,  -26.67206735,    -39.59405404], [  453.24066875,  113.13859809, -121.44076878,  288.01241917,     27.01544778,   -3.82532672,  -30.31234163,   15.87201684,     -7.94801134,   -0.8986434 ,   24.47417873,   19.75713868,     -2.10833606], [  -45.31637651,   23.93340106,   40.0047664 ,   27.01544778,    123.84103519,    7.70808406,    3.47377481,  -11.45517713,     14.47038736,    8.26749379,    8.62791549,   12.88541753,      6.55364375], [ -277.36620724,   73.83339349,   78.89888013,   -3.82532672,      7.70808406,  191.33101347,  -23.27403273,   20.48500662,    -15.53037093,   -3.93572761,   30.39009179,  -15.56520404,      9.44091003], [   67.17942536,   46.20050212,  -51.48713941,  -30.31234163,      3.47377481,  -23.27403273,  129.15079086,   -9.95603942,     13.93844136,    3.96613226,  -28.96082713,   12.58654643,     13.86715652], [  -46.596513  ,  -18.70157004,   20.95460605,   15.87201684,    -11.45517713,   20.48500662,   -9.95603942,   96.30142026,     13.67742107,   -0.60324129,   16.36299845,   -9.07270393,      0.17460323], [   18.51492364,    6.63722352,  -14.47362286,   -7.94801134,     14.47038736,  -15.53037093,   13.93844136,   13.67742107,     78.24991261,   26.83544697,   -1.43453463,   -1.01108173,      4.12131777], [   25.02266046,  -11.72637481,   -7.6568784 ,   -0.8986434 ,      8.26749379,   -3.93572761,    3.96613226,   -0.60324129,     26.83544697,   65.80446393,   15.58756303,    9.77007272,      0.1881311 ], [ -158.58397225,  -11.72459563,   20.74112465,   24.47417873,      8.62791549,   30.39009179,  -28.96082713,   16.36299845,     -1.43453463,   15.58756303,   85.19737924,   21.30391401,      2.56208055], [  -28.60199806,   -7.32075799,  -26.67206735,   19.75713868,     12.88541753,  -15.56520404,   12.58654643,   -9.07270393,     -1.01108173,    9.77007272,   21.30391401,   67.26138621,     17.42055413], [   26.39357374,    1.54151561,  -39.59405404,   -2.10833606,      6.55364375,    9.44091003,   13.86715652,    0.17460323,      4.12131777,    0.1881311 ,    2.56208055,   17.42055413,     54.39922731]]
/root/sim/music/out/放課後ティータイム (豊崎愛生 日笠陽子 佐藤聡美 寿美菜子 竹達彩奈)/放課後ティータイム II [Disc 1]/1-02 ぴゅあぴゅあはーと.mp3; [-498.80695   , 105.89347   ,  -8.282068  ,  30.29395   ,  14.835374  ,    3.1440506 ,   3.5007918 ,   1.9039694 ,   5.831293  ,   3.0512464 ,   -3.8232546 ,  -0.30177784,   0.93097574]; [[12515.52969606,  821.21755767, -501.3212704 ,  201.34009917,     26.49312001,    4.52890619,   40.27762895,  -60.27919862,     53.33712496,   59.48573094,  -92.56744355,  -24.0390611 ,     53.0294674 ], [  821.21755767,  685.82251646,  -42.48309076,   42.66742123,      6.64026493,   11.82247197,   44.6963585 ,   24.89738592,     24.18246876,   11.33486484,  -18.59922978,  -12.37605189,    -27.64085915], [ -501.3212704 ,  -42.48309076,  384.4771911 ,   29.06584455,     32.8549061 ,  -16.04672595,  -73.81456557,   29.33875445,    -13.54341796,  -34.31234355,   51.33899135,    6.72668469,    -22.21538341], [  201.34009917,   42.66742123,   29.06584455,  252.94040757,     60.10133557,  -68.61576226,  -40.09544823,   28.20099693,    -15.07688288,  -23.1737696 ,   12.14941602,   22.52044779,    -23.44988457], [   26.49312001,    6.64026493,   32.8549061 ,   60.10133557,    132.51437229,   16.2176233 ,  -30.02067224,    8.0289299 ,     16.74001504,  -11.71595367,    8.32277189,    9.81578073,     -3.30310403], [    4.52890619,   11.82247197,  -16.04672595,  -68.61576226,     16.2176233 ,  161.429833  ,   27.94828979,  -14.89535358,     18.32496549,   12.21158314,   -3.00681879,   -8.00526579,     18.54207491], [   40.27762895,   44.6963585 ,  -73.81456557,  -40.09544823,    -30.02067224,   27.94828979,  167.01092341,   -9.72608948,     -9.9537283 ,   44.40610506,  -33.78583704,  -17.81308618,     18.28713347], [  -60.27919862,   24.89738592,   29.33875445,   28.20099693,      8.0289299 ,  -14.89535358,   -9.72608948,   96.03005436,     28.90329244,  -20.30826426,   15.42063298,    7.69424852,     -9.09057135], [   53.33712496,   24.18246876,  -13.54341796,  -15.07688288,     16.74001504,   18.32496549,   -9.9537283 ,   28.90329244,     77.12551982,   21.12482434,   -3.75127693,   -4.03932971,      2.19846898], [   59.48573094,   11.33486484,  -34.31234355,  -23.1737696 ,    -11.71595367,   12.21158314,   44.40610506,  -20.30826426,     21.12482434,   74.70180632,   -0.79903466,  -11.49592998,      7.81559035], [  -92.56744355,  -18.59922978,   51.33899135,   12.14941602,      8.32277189,   -3.00681879,  -33.78583704,   15.42063298,     -3.75127693,   -0.79903466,   70.44719273,   28.87667229,     -9.15653717], [  -24.0390611 ,  -12.37605189,    6.72668469,   22.52044779,      9.81578073,   -8.00526579,  -17.81308618,    7.69424852,     -4.03932971,  -11.49592998,   28.87667229,   58.68582637,     11.19247603], [   53.0294674 ,  -27.64085915,  -22.21538341,  -23.44988457,     -3.30310403,   18.54207491,   18.28713347,   -9.09057135,      2.19846898,    7.81559035,   -9.15653717,   11.19247603,     56.04117343]]
/root/sim/music/out/放課後ティータイム (豊崎愛生 日笠陽子 佐藤聡美 寿美菜子 竹達彩奈)/放課後ティータイム II [Disc 1]/1-08 U & I.mp3; [-483.36267   , 103.285774  , -25.038948  ,  29.809906  ,   3.8662496 ,    4.3186007 ,   0.29228055,  -2.8697598 ,  -2.777374  ,   1.233427  ,   -3.2708724 ,  -5.0225763 ,  -1.0976766 ]; [[16890.87446165, 1060.01014364, -687.5672687 ,  572.99083463,    200.20877954,  113.09346686,   11.84746006,  -58.35666731,   -117.74188687,  -68.79063639, -123.87342373, -125.80230604,    -16.28517568], [ 1060.01014364,  742.12016211,  -77.05488952,   11.8727179 ,    -22.57348285,   43.25255958,    7.07927162,   10.16088772,     -0.93260594,  -18.38037336,  -34.20145186,  -33.09372442,    -22.29021434], [ -687.5672687 ,  -77.05488952,  369.41559588,    5.37348951,     45.32395371,  -29.12369309,   -8.88496959,    8.04419027,     -7.69942386,   14.66752942,   11.38495858,    8.27690544,    -25.2507565 ], [  572.99083463,   11.8727179 ,    5.37348951,  351.50174682,    183.72935915,   33.03605885,    8.16799039,   25.35666017,     17.51387515,   23.90009218,   44.65390802,   -2.94714907,     -0.04696674], [  200.20877954,  -22.57348285,   45.32395371,  183.72935915,    240.01503989,   85.56233228,   32.66256398,   30.29737388,     25.52080753,   19.34030826,   27.11506372,   -3.39364126,     -6.58738746], [  113.09346686,   43.25255958,  -29.12369309,   33.03605885,     85.56233228,  154.72266424,   60.63666518,   15.41911999,     17.79042048,   12.07233308,   13.18216015,    0.39329482,      4.00734788], [   11.84746006,    7.07927162,   -8.88496959,    8.16799039,     32.66256398,   60.63666518,  105.80418346,   43.35125155,     20.52523825,    7.5231905 ,    5.49844504,    2.76999132,      1.79451628], [  -58.35666731,   10.16088772,    8.04419027,   25.35666017,     30.29737388,   15.41911999,   43.35125155,  101.5874179 ,     41.57136011,    2.88024916,   -4.00816445,   -6.89525459,     -2.07502432], [ -117.74188687,   -0.93260594,   -7.69942386,   17.51387515,     25.52080753,   17.79042048,   20.52523825,   41.57136011,     75.89260801,   24.43388144,    6.08465471,   -0.37559896,      4.51268116], [  -68.79063639,  -18.38037336,   14.66752942,   23.90009218,     19.34030826,   12.07233308,    7.5231905 ,    2.88024916,     24.43388144,   59.97893577,   26.16954726,    5.71969446,      3.60100035], [ -123.87342373,  -34.20145186,   11.38495858,   44.65390802,     27.11506372,   13.18216015,    5.49844504,   -4.00816445,      6.08465471,   26.16954726,   63.84619223,   22.7571488 ,      4.77583389], [ -125.80230604,  -33.09372442,    8.27690544,   -2.94714907,     -3.39364126,    0.39329482,    2.76999132,   -6.89525459,     -0.37559896,    5.71969446,   22.7571488 ,   54.52274953,     20.93189438], [  -16.28517568,  -22.29021434,  -25.2507565 ,   -0.04696674,     -6.58738746,    4.00734788,    1.79451628,   -2.07502432,      4.51268116,    3.60100035,    4.77583389,   20.93189438,     46.67452331]]
/root/sim/music/out/Queen/Queen In Vision/10 A Kind Of Magic.mp3; [-672.3728    , 108.97416   ,   5.635053  ,  29.064018  ,   3.238489  ,    3.0332189 ,   2.4443228 ,  10.634856  ,  -5.4321256 ,   6.6254396 ,    0.7542045 ,  -1.0978996 ,   0.89617056]; [[12793.28275112, -529.73013324, -271.8499702 ,  209.71445822,     59.98808232,   62.56318709,  135.17856835,  237.10822032,     18.12220532,  175.11737677,   78.63436585, -104.68664224,     22.90609979], [ -529.73013324, 1980.00099739, -336.90925876,  173.24100736,     64.31469103,  -97.93181821,  184.9052608 ,  -18.82484145,    -30.11622076,   66.36401396,   23.72360773,   70.66826143,     13.60954639], [ -271.8499702 , -336.90925876, 1047.72476301,  101.58816276,     66.80925744,  225.37732611,  -50.41081283,  -15.67101208,     96.90970708,  -43.56745509,   32.27100446,   31.4469319 ,    -14.94917022], [  209.71445822,  173.24100736,  101.58816276,  378.26183124,     66.03437119,   91.30014575,   21.09068095,  -21.53235363,     57.69594051,    4.00423827,    8.62584265,   24.2340524 ,     21.64664372], [   59.98808232,   64.31469103,   66.80925744,   66.03437119,    284.30378497,   17.57655226,   43.51680479,   41.46978098,     30.82933065,   15.61263117,   -1.65043255,   -1.82929431,     24.04304983], [   62.56318709,  -97.93181821,  225.37732611,   91.30014575,     17.57655226,  289.72189651,   47.40939697,   16.28933925,     56.42347856,  -28.33013688,   31.82746951,   22.0816394 ,    -11.39433379], [  135.17856835,  184.9052608 ,  -50.41081283,   21.09068095,     43.51680479,   47.40939697,  253.47075044,   71.31744707,      5.53755091,    4.19727462,   15.74130829,    3.54170781,     -5.59654941], [  237.10822032,  -18.82484145,  -15.67101208,  -21.53235363,     41.46978098,   16.28933925,   71.31744707,  160.63117725,      6.71924933,   17.93638025,   -2.48651743,  -37.92012777,     -2.35557733], [   18.12220532,  -30.11622076,   96.90970708,   57.69594051,     30.82933065,   56.42347856,    5.53755091,    6.71924933,    132.4084926 ,   23.48351328,   11.31271251,    5.97474877,     -4.82441196], [  175.11737677,   66.36401396,  -43.56745509,    4.00423827,     15.61263117,  -28.33013688,    4.19727462,   17.93638025,     23.48351328,  100.50614738,   18.69911494,    0.23105339,     -0.12217325], [   78.63436585,   23.72360773,   32.27100446,    8.62584265,     -1.65043255,   31.82746951,   15.74130829,   -2.48651743,     11.31271251,   18.69911494,   84.51138997,   28.8526885 ,      5.48729233], [ -104.68664224,   70.66826143,   31.4469319 ,   24.2340524 ,     -1.82929431,   22.0816394 ,    3.54170781,  -37.92012777,      5.97474877,    0.23105339,   28.8526885 ,   94.81216637,     25.40030434], [   22.90609979,   13.60954639,  -14.94917022,   21.64664372,     24.04304983,  -11.39433379,   -5.59654941,   -2.35557733,     -4.82441196,   -0.12217325,    5.48729233,   25.40030434,     73.07886421]]
/root/sim/music/out/Queen/Queen In Vision/11 Who Wants To Live Forever.mp3; [-753.3703   , 160.07751  ,  -3.5258358,  21.69489  ,  -5.9374394,   -2.0332227,  -0.4302106,   5.782612 ,  -7.463051 ,   6.941566 ,    0.8677573,  -3.2464945,   1.321264 ]; [[19885.56091302,-4110.69576392,-1679.39314071,  256.14615105,   -496.98041592,  141.71278226,  172.66908657,  733.66931808,   -355.9568668 ,  159.18845749,  251.41868244,    5.12350246,    251.1768252 ], [-4110.69576392, 2700.62359969,   74.67923485,   25.12766938,     47.31367012,  -20.0171395 ,  -23.90927471, -291.17539077,    176.63700597,  -42.460634  ,  -47.39105932,   39.58785412,    -86.05632524], [-1679.39314071,   74.67923485,  844.99838328,  -38.54877582,     95.3033073 ,   21.65177013,  -13.00843226,   13.78097686,     30.55626361,    2.90127296,   -3.57637409,    2.41289047,    -11.84751919], [  256.14615105,   25.12766938,  -38.54877582,  394.26683562,     75.68456345,   43.82872851,   36.60625239,  -20.48262665,    114.59255668,   15.92032816,   -5.53263233,   26.16783152,     50.91665306], [ -496.98041592,   47.31367012,   95.3033073 ,   75.68456345,    222.58057629,   30.67098736,  -18.81576813,  -27.36033166,     55.97458423,   14.75621737,   -8.86008107,    3.26156332,      9.28963998], [  141.71278226,  -20.0171395 ,   21.65177013,   43.82872851,     30.67098736,  175.92060236,   36.77460311,    1.5785846 ,     37.64757128,  -19.78185238,   21.87141762,   31.76676325,      2.63340367], [  172.66908657,  -23.90927471,  -13.00843226,   36.60625239,    -18.81576813,   36.77460311,  145.93062656,   31.25803959,      4.88489006,  -17.84340994,   11.68396193,   21.51344541,      1.79734297], [  733.66931808, -291.17539077,   13.78097686,  -20.48262665,    -27.36033166,    1.5785846 ,   31.25803959,  191.53834987,    -40.98668646,   26.04467347,   27.49564834,  -17.61081586,     25.84108287], [ -355.9568668 ,  176.63700597,   30.55626361,  114.59255668,     55.97458423,   37.64757128,    4.88489006,  -40.98668646,    193.22668635,   12.95626207,  -12.21965558,   22.76470286,     -5.6053206 ], [  159.18845749,  -42.460634  ,    2.90127296,   15.92032816,     14.75621737,  -19.78185238,  -17.84340994,   26.04467347,     12.95626207,  100.01522892,   23.1972894 ,   -6.52177466,      9.41386727], [  251.41868244,  -47.39105932,   -3.57637409,   -5.53263233,     -8.86008107,   21.87141762,   11.68396193,   27.49564834,    -12.21965558,   23.1972894 ,   87.01259848,   27.62414011,      5.9492228 ], [    5.12350246,   39.58785412,    2.41289047,   26.16783152,      3.26156332,   31.76676325,   21.51344541,  -17.61081586,     22.76470286,   -6.52177466,   27.62414011,   92.63119216,     16.72934981], [  251.1768252 ,  -86.05632524,  -11.84751919,   50.91665306,      9.28963998,    2.63340367,    1.79734297,   25.84108287,     -5.6053206 ,    9.41386727,    5.9492228 ,   16.72934981,     91.8955569 ]]
/root/sim/music/out/Queen/Queen In Vision/08 Flash.mp3; [-725.07776   , 139.58092   ,   1.2374787 ,  29.010406  ,   2.8894517 ,   16.592854  ,   3.4218984 ,  10.520469  ,   1.7590177 ,   6.0886765 ,    2.1042938 ,  -0.79185724,  -2.5422354 ]; [[28013.74050399,-3050.83924894,-3485.48877875, -651.09864019,   -869.60197473, -364.49100895, -294.14979187,   18.87307136,   -736.06795079,    1.57544017, -241.74892146,   52.14970321,     -7.54460931], [-3050.83924894, 2765.32044499,  458.85786688,  166.29682078,    254.87540727,  178.42741004,   67.9532497 ,   13.89235406,    190.67392901,    4.59120591,  117.4262226 ,   -5.86946085,     14.80650996], [-3485.48877875,  458.85786688, 1287.11256107,  139.49705743,    158.92050093,   86.90352139,   78.56882696,   30.10493471,    158.11501851,   76.82659004,   63.84313644,   38.322319  ,     13.80004701], [ -651.09864019,  166.29682078,  139.49705743,  562.32514926,     24.8501421 ,  140.58772057,   -8.27821366,   44.90541427,     87.03366301,   12.91867716,   17.23007972,    8.03093806,     29.01956079], [ -869.60197473,  254.87540727,  158.92050093,   24.8501421 ,    261.80990145,   34.19692562,   50.39296384,   10.47367902,     42.5461902 ,   18.86648708,   24.29513496,   21.03177308,      4.63443696], [ -364.49100895,  178.42741004,   86.90352139,  140.58772057,     34.19692562,  233.34915182,   49.5405111 ,   55.22450726,     38.65350633,    9.02951621,   42.54854121,   27.67459871,     28.08833527], [ -294.14979187,   67.9532497 ,   78.56882696,   -8.27821366,     50.39296384,   49.5405111 ,  143.29328136,   50.88197911,     18.34982249,    3.83277658,   30.21825821,   27.44064359,     16.0566487 ], [   18.87307136,   13.89235406,   30.10493471,   44.90541427,     10.47367902,   55.22450726,   50.88197911,  108.65932373,     19.79593921,   11.47621185,   25.77305905,   12.94253553,     15.71634518], [ -736.06795079,  190.67392901,  158.11501851,   87.03366301,     42.5461902 ,   38.65350633,   18.34982249,   19.79593921,    123.68028969,   35.28205457,   16.02493108,   15.81316753,     20.21792988], [    1.57544017,    4.59120591,   76.82659004,   12.91867716,     18.86648708,    9.02951621,    3.83277658,   11.47621185,     35.28205457,   81.39942398,   27.5755376 ,   17.48004529,     11.22103703], [ -241.74892146,  117.4262226 ,   63.84313644,   17.23007972,     24.29513496,   42.54854121,   30.21825821,   25.77305905,     16.02493108,   27.5755376 ,   89.60464393,   30.82478249,     15.10090619], [   52.14970321,   -5.86946085,   38.322319  ,    8.03093806,     21.03177308,   27.67459871,   27.44064359,   12.94253553,     15.81316753,   17.48004529,   30.82478249,   75.24955528,     31.64356464], [   -7.54460931,   14.80650996,   13.80004701,   29.01956079,      4.63443696,   28.08833527,   16.0566487 ,   15.71634518,     20.21792988,   11.22103703,   15.10090619,   31.64356464,     63.497015  ]]
