/root/sim/music/out/Queen/Sheer Heart Attack/06 Now I'm Here.mp3; [-683.2265    , 133.98466   , -22.210957  ,  47.23746   ,   2.4316778 ,    4.1121216 ,  -7.2926364 ,  -0.97486776,  -6.211681  ,  -0.43422186,   -9.936424  ,  -6.1114583 ,  -5.11983   ]; [[16277.58151619,  -92.31862911,-1179.29909243,  527.23032542,   -180.92563006,  588.27243671,  -51.69531543,   76.95074482,     48.70033134,  308.25467273,   80.97606009,  -35.92181718,     68.50140675], [  -92.31862911, 1328.454776  , -306.59920227,   86.84690615,     15.29449407, -159.69126608,   30.35075988,  -62.14891236,    -42.12804222,  -43.32376132,  -54.87744014,   -1.26494788,    -34.50485792], [-1179.29909243, -306.59920227,  855.00199976,  -11.13787616,     11.83702128,   35.72192779,  -66.91898287,   32.73847746,     -3.00826579,  -21.42822008,   -9.5116618 ,  -38.3453093 ,      1.06991829], [  527.23032542,   86.84690615,  -11.13787616,  296.02136451,     36.31093689,    6.58564863,  -22.29547643,   -0.35758925,     62.9861175 ,   -2.07143298,  -23.26371597,  -14.92683313,     37.16973807], [ -180.92563006,   15.29449407,   11.83702128,   36.31093689,    154.20830171,    9.82838716,   -9.93083508,   19.47205776,     13.70752096,   -1.16531951,    2.50475054,    9.25653714,      7.97208804], [  588.27243671, -159.69126608,   35.72192779,    6.58564863,      9.82838716,  192.9514386 ,   39.32930651,   16.40566879,     23.65421533,   18.71273492,   41.25673172,    0.81092173,      9.41214303], [  -51.69531543,   30.35075988,  -66.91898287,  -22.29547643,     -9.93083508,   39.32930651,  141.82219279,   24.8568593 ,     13.59199907,   14.28778367,   16.89053553,    8.83643609,     -3.53322834], [   76.95074482,  -62.14891236,   32.73847746,   -0.35758925,     19.47205776,   16.40566879,   24.8568593 ,   94.19973495,     17.87612097,    9.16612364,    4.88657981,    4.59043085,      5.61308991], [   48.70033134,  -42.12804222,   -3.00826579,   62.9861175 ,     13.70752096,   23.65421533,   13.59199907,   17.87612097,    122.03721994,   30.83990144,   -0.43107703,   -0.52038823,     28.55063971], [  308.25467273,  -43.32376132,  -21.42822008,   -2.07143298,     -1.16531951,   18.71273492,   14.28778367,    9.16612364,     30.83990144,  100.55268642,   25.09167931,    2.1320977 ,     11.16045772], [   80.97606009,  -54.87744014,   -9.5116618 ,  -23.26371597,      2.50475054,   41.25673172,   16.89053553,    4.88657981,     -0.43107703,   25.09167931,   76.67765241,   26.98510178,      0.59547497], [  -35.92181718,   -1.26494788,  -38.3453093 ,  -14.92683313,      9.25653714,    0.81092173,    8.83643609,    4.59043085,     -0.52038823,    2.1320977 ,   26.98510178,   64.33115306,     17.91433719], [   68.50140675,  -34.50485792,    1.06991829,   37.16973807,      7.97208804,    9.41214303,   -3.53322834,    5.61308991,     28.55063971,   11.16045772,    0.59547497,   17.91433719,     73.19080234]]
/root/sim/music/out/Queen/Sheer Heart Attack/11 Bring Back That Leroy Brown.mp3; [-659.1546   , 128.0986   , -11.02525  ,  40.15409  ,   1.3609337,    1.0982076,  -7.928917 ,   7.830785 ,  -2.1227474,   2.158089 ,   -4.5856175,  -2.05433  ,  -9.284702 ]; [[ 9294.50581653,-1338.05643364,-1016.43953294,  162.32542145,   -307.00719876, -138.38526111, -110.75597745,  217.14832185,    288.60941393,  247.86104233,   68.60676987,  -60.8111914 ,    -59.59630975], [-1338.05643364, 1331.5951419 , -170.20038631,  -41.94680172,    164.40950557, -143.59170035,    0.47426087,    7.95871513,     -8.1548897 ,   -9.57130456,   14.20304518,   31.36820613,      5.16617466], [-1016.43953294, -170.20038631, 1092.79103071,  -43.67396509,   -101.61867663,  298.10093794,   62.41183355, -136.40429439,   -128.51091471, -109.97775937,   -9.95041828,   19.49584297,    114.92261094], [  162.32542145,  -41.94680172,  -43.67396509,  364.60887561,     93.21580089,   -7.63364081,  -31.58128859,   21.37363375,      7.51056482,  -41.49363987,  -26.2948819 ,  -14.82996196,      8.62442726], [ -307.00719876,  164.40950557, -101.61867663,   93.21580089,    270.833734  ,  -61.34282853,  -33.34600517,   37.21118422,     15.21659394,  -10.84592475,  -20.84593478,    1.98871536,     -0.96798801], [ -138.38526111, -143.59170035,  298.10093794,   -7.63364081,    -61.34282853,  350.45151999,  111.16211082,  -66.03473335,    -15.92833342,  -37.737337  ,   20.83712029,    0.31922827,     49.0083633 ], [ -110.75597745,    0.47426087,   62.41183355,  -31.58128859,    -33.34600517,  111.16211082,  200.64368867,   16.61529246,      1.82728244,   23.86529885,   15.99814226,    4.985976  ,      6.02061002], [  217.14832185,    7.95871513, -136.40429439,   21.37363375,     37.21118422,  -66.03473335,   16.61529246,  147.656189  ,     67.08669529,   43.76333377,    4.37788698,  -13.19761263,    -37.6054386 ], [  288.60941393,   -8.1548897 , -128.51091471,    7.51056482,     15.21659394,  -15.92833342,    1.82728244,   67.08669529,    171.87759154,   71.3429276 ,   17.71670467,  -12.2633583 ,    -17.89882588], [  247.86104233,   -9.57130456, -109.97775937,  -41.49363987,    -10.84592475,  -37.737337  ,   23.86529885,   43.76333377,     71.3429276 ,  142.32241268,   41.87167976,   14.35205307,    -11.10006359], [   68.60676987,   14.20304518,   -9.95041828,  -26.2948819 ,    -20.84593478,   20.83712029,   15.99814226,    4.37788698,     17.71670467,   41.87167976,  101.48744867,   36.95860417,      4.67936314], [  -60.8111914 ,   31.36820613,   19.49584297,  -14.82996196,      1.98871536,    0.31922827,    4.985976  ,  -13.19761263,    -12.2633583 ,   14.35205307,   36.95860417,  106.21738453,     50.37143282], [  -59.59630975,    5.16617466,  114.92261094,    8.62442726,     -0.96798801,   49.0083633 ,    6.02061002,  -37.6054386 ,    -17.89882588,  -11.10006359,    4.67936314,   50.37143282,    125.76410204]]
/root/sim/music/out/Queen/Sheer Heart Attack/01 Brighton Rock.mp3; [-670.08875  , 143.30469  , -24.166822 ,  41.321053 , -10.332344 ,    3.1418166,  -4.616735 ,   2.325332 ,  -1.9436127,  -2.5261395,   -7.26747  ,  -8.514801 ,  -6.6580105]; [[12520.10905454,-1410.57094279,  679.23969352,  841.91665236,    -49.55311708,  654.20762656,    4.45903011,  311.38408273,      9.33003921,  352.29345591,   51.99926373,  297.58353272,     87.60625338], [-1410.57094279, 1670.98599192, -505.35415766,  -36.02154485,    -62.51512411, -166.93352662,   -1.48113418, -101.36031463,    -15.13140381, -157.949158  ,  -75.03694713, -144.85355074,    -82.13848306], [  679.23969352, -505.35415766, 1166.8239364 ,  211.24233896,    260.61572559,  235.00891891,  117.8651042 ,   96.52010911,    -60.62570613,   19.62941465,  -28.25976396,   28.54873543,    -11.37616304], [  841.91665236,  -36.02154485,  211.24233896,  394.50547799,     42.48718227,  148.52041876,   34.73836892,   50.07636652,     12.23948731,    8.3721513 ,   -7.0545113 ,   -0.97272018,      4.38477568], [  -49.55311708,  -62.51512411,  260.61572559,   42.48718227,    234.77855581,   64.0890054 ,   51.19703673,   10.69772182,    -11.78032111,    1.15047965,  -19.16053958,   27.56934172,     21.02720266], [  654.20762656, -166.93352662,  235.00891891,  148.52041876,     64.0890054 ,  233.88797522,   88.14160004,   49.59582509,      1.08118605,    6.11157089,    5.33055541,    1.37691109,     -7.67989269], [    4.45903011,   -1.48113418,  117.8651042 ,   34.73836892,     51.19703673,   88.14160004,  135.95732151,   46.71675487,     11.68043331,   -5.12391031,    3.96913918,    3.40778684,    -12.77991942], [  311.38408273, -101.36031463,   96.52010911,   50.07636652,     10.69772182,   49.59582509,   46.71675487,  107.30621406,     43.69671752,   35.03223602,    5.93764056,    7.77900049,     -3.70782414], [    9.33003921,  -15.13140381,  -60.62570613,   12.23948731,    -11.78032111,    1.08118605,   11.68043331,   43.69671752,    115.37122499,   49.26112326,   22.51707092,   -5.4020229 ,     -2.89359627], [  352.29345591, -157.949158  ,   19.62941465,    8.3721513 ,      1.15047965,    6.11157089,   -5.12391031,   35.03223602,     49.26112326,  123.75778105,   53.983263  ,   40.59148147,     13.5032292 ], [   51.99926373,  -75.03694713,  -28.25976396,   -7.0545113 ,    -19.16053958,    5.33055541,    3.96913918,    5.93764056,     22.51707092,   53.983263  ,   96.37967436,   57.43303903,     20.39773263], [  297.58353272, -144.85355074,   28.54873543,   -0.97272018,     27.56934172,    1.37691109,    3.40778684,    7.77900049,     -5.4020229 ,   40.59148147,   57.43303903,  121.70970175,     56.27246007], [   87.60625338,  -82.13848306,  -11.37616304,    4.38477568,     21.02720266,   -7.67989269,  -12.77991942,   -3.70782414,     -2.89359627,   13.5032292 ,   20.39773263,   56.27246007,     84.68573425]]
/root/sim/music/out/Queen/Sheer Heart Attack/13 In The Lap Of The GodsRevisite.mp3; [-668.1746    , 133.98692   , -15.612686  ,  38.08917   , -12.319328  ,    6.8807206 ,  -3.3209345 ,   4.378342  ,  -7.405905  ,   3.8745816 ,   -3.631014  ,   2.373654  ,  -0.72222596]; [[15202.9591892 , -293.81479567,-2837.71285928, -550.12672845,   -999.74465242, -251.78354656,  214.98463795,  131.87989964,   -118.65539508,  131.14909399,  -40.12761215,   29.85245493,   -131.56956965], [ -293.81479567, 1482.94527864,  176.94776041, -159.40658694,     13.95335266,  -64.09021319,    2.45005803,  -69.6552216 ,     40.98068421,  -19.18911416,   59.54403279,   17.47178591,     28.58963018], [-2837.71285928,  176.94776041, 1085.58119774,  166.82783882,    199.25349569,   97.21994134,  -71.56894558,    2.94122728,     24.49136769,  -22.58525953,   22.10226214,   -7.00779053,     29.8760315 ], [ -550.12672845, -159.40658694,  166.82783882,  431.38232526,    159.66224689,   67.46143211,  -95.61164299,   31.66304345,     10.7066212 ,   -5.07844608,  -26.26846553,   -0.29158009,     66.57585554], [ -999.74465242,   13.95335266,  199.25349569,  159.66224689,    265.26781873,   76.75663634,  -26.41032612,    8.17166918,     28.55160512,   11.84499149,   -1.67345876,    6.14633812,     32.26335587], [ -251.78354656,  -64.09021319,   97.21994134,   67.46143211,     76.75663634,  181.26299831,   59.08255199,   26.84015977,     14.27084884,    3.73243368,   10.4330484 ,  -21.78932082,    -18.01814926], [  214.98463795,    2.45005803,  -71.56894558,  -95.61164299,    -26.41032612,   59.08255199,  250.27512357,   66.04892201,     19.64577666,   32.92593315,   26.75467442,   -2.85062944,    -45.12245989], [  131.87989964,  -69.6552216 ,    2.94122728,   31.66304345,      8.17166918,   26.84015977,   66.04892201,  112.81982845,     29.7221466 ,   18.84634431,    4.3508477 ,    1.06211307,      0.86957537], [ -118.65539508,   40.98068421,   24.49136769,   10.7066212 ,     28.55160512,   14.27084884,   19.64577666,   29.7221466 ,     97.12794064,   24.48342122,   15.64321156,   -5.98087778,     -2.67912845], [  131.14909399,  -19.18911416,  -22.58525953,   -5.07844608,     11.84499149,    3.73243368,   32.92593315,   18.84634431,     24.48342122,   91.00353285,   28.59476708,   12.42206476,     -5.75983985], [  -40.12761215,   59.54403279,   22.10226214,  -26.26846553,     -1.67345876,   10.4330484 ,   26.75467442,    4.3508477 ,     15.64321156,   28.59476708,   78.89210836,   23.46846852,     -2.80631071], [   29.85245493,   17.47178591,   -7.00779053,   -0.29158009,      6.14633812,  -21.78932082,   -2.85062944,    1.06211307,     -5.98087778,   12.42206476,   23.46846852,   72.93739031,     31.76193006], [ -131.56956965,   28.58963018,   29.8760315 ,   66.57585554,     32.26335587,  -18.01814926,  -45.12245989,    0.86957537,     -2.67912845,   -5.75983985,   -2.80631071,   31.76193006,     95.13404998]]
/root/sim/music/out/Queen/Sheer Heart Attack/09 Dear Friends.mp3; [-857.5042    , 144.6792    ,   8.013268  ,  20.376608  , -15.24218   ,  -19.073463  , -21.406874  ,  -4.810249  , -33.428585  ,  -0.02298457,  -12.917944  ,  -6.4943495 ,   0.19039328]; [[18404.34102088, 2364.36872797,-1788.57076859,  291.28676265,  -1121.20119955,-1352.45552136,-1312.90732755, -102.61393066,  -1891.4693016 , -131.91688203, -729.55435045, -444.46022376,    110.97318047], [ 2364.36872797, 2208.14375273, -106.55808733, -201.34135418,   -156.33537942, -238.69626021,  -37.57594186,  -81.58829231,   -314.3034229 ,  -78.35973006, -118.58385319,  -68.68950115,    -12.86004568], [-1788.57076859, -106.55808733, 1169.65103455,   50.58303265,     96.08482929,  432.81786665,  213.30057367,   81.43667124,    195.74825799, -177.44051153,   53.7547264 ,   19.46841127,     65.5980778 ], [  291.28676265, -201.34135418,   50.58303265,  404.71813052,    147.73715296,   28.02911645, -124.05460385,    3.06017263,     60.75355052,  -51.16566786,  -62.80443239,  -68.12629323,     50.13924344], [-1121.20119955, -156.33537942,   96.08482929,  147.73715296,    353.04433419,   95.90506729,  -43.55824927,   -2.54533576,    231.78628642,    3.14413489,   19.93376606,  -32.57999204,     -8.09167416], [-1352.45552136, -238.69626021,  432.81786665,   28.02911645,     95.90506729,  364.30979747,  140.41804851,   18.07664905,    180.62849235,  -62.17072874,   84.53629576,   20.25571329,      8.106478  ], [-1312.90732755,  -37.57594186,  213.30057367, -124.05460385,    -43.55824927,  140.41804851,  345.50574099,   54.52752683,     56.5579219 ,   42.23970648,   92.76170003,   93.15435869,    -33.11133272], [ -102.61393066,  -81.58829231,   81.43667124,    3.06017263,     -2.54533576,   18.07664905,   54.52752683,  129.5595405 ,     12.43813843,  -22.3606029 ,    0.07420072,    7.19170212,     33.37103409], [-1891.4693016 , -314.3034229 ,  195.74825799,   60.75355052,    231.78628642,  180.62849235,   56.5579219 ,   12.43813843,    413.67738661,   16.78318825,   36.12619696,   34.30661433,    -23.40819815], [ -131.91688203,  -78.35973006, -177.44051153,  -51.16566786,      3.14413489,  -62.17072874,   42.23970648,  -22.3606029 ,     16.78318825,  215.75360484,   59.53609675,   43.63089348,    -83.34792614], [ -729.55435045, -118.58385319,   53.7547264 ,  -62.80443239,     19.93376606,   84.53629576,   92.76170003,    0.07420072,     36.12619696,   59.53609675,  168.21479219,   33.44518733,    -28.72543646], [ -444.46022376,  -68.68950115,   19.46841127,  -68.12629323,    -32.57999204,   20.25571329,   93.15435869,    7.19170212,     34.30661433,   43.63089348,   33.44518733,  141.96105644,    -20.25373629], [  110.97318047,  -12.86004568,   65.5980778 ,   50.13924344,     -8.09167416,    8.106478  ,  -33.11133272,   33.37103409,    -23.40819815,  -83.34792614,  -28.72543646,  -20.25373629,    129.57961712]]
/root/sim/music/out/Queen/Sheer Heart Attack/08 Stone Cold Crazy.mp3; [-650.4431   ,  95.60837  , -22.143215 ,  50.5941   ,  -5.495277 ,    4.9695535,   2.7273402,   4.6581516,  -1.4097555,   0.9465427,   -6.7119546,  -4.2891626,  -3.3605652]; [[17040.87047528, 1520.09667818, -360.09777114,  866.5884495 ,    -62.78416586,  207.87276683,   55.90096108,  229.23955194,    -15.97160845,  155.83131191,  104.8752882 ,   89.58881751,    270.51542008], [ 1520.09667818,  971.78823347,    9.4417662 ,  187.86104771,    -70.21221985,   29.87904937,   75.49188874,   31.92239427,     -3.64909693,  -45.3622084 ,  -20.3781708 ,  -70.55624519,    -46.77475692], [ -360.09777114,    9.4417662 ,  999.14158635,  164.29222402,    103.53508079,  191.54139197,   20.73531636,   64.67182247,     74.2817948 ,  -60.45655065,   -3.37194121,  -74.11480799,     18.69168891], [  866.5884495 ,  187.86104771,  164.29222402,  370.57178931,     75.87519912,   50.93754121,    0.77929139,   31.29582794,     64.41962933,   -8.9760281 ,  -35.35040903,  -48.08174675,     26.33699682], [  -62.78416586,  -70.21221985,  103.53508079,   75.87519912,    251.72575607,   52.97065117,   -8.4213991 ,   -4.29182247,     75.76748443,   20.49068093,    4.12583957,    0.53677636,     28.22128602], [  207.87276683,   29.87904937,  191.54139197,   50.93754121,     52.97065117,  219.82041469,   37.20217506,   26.46143366,     13.50883694,   -0.94719692,   27.36257158,   -4.29019394,     12.04159149], [   55.90096108,   75.49188874,   20.73531636,    0.77929139,     -8.4213991 ,   37.20217506,  247.60625207,   61.9641014 ,     31.47031228,   15.48342681,   39.43862729,    8.8758679 ,     -1.60894473], [  229.23955194,   31.92239427,   64.67182247,   31.29582794,     -4.29182247,   26.46143366,   61.9641014 ,  117.2245667 ,     28.52006877,   13.67298326,    3.46708928,    3.88933785,     16.74346277], [  -15.97160845,   -3.64909693,   74.2817948 ,   64.41962933,     75.76748443,   13.50883694,   31.47031228,   28.52006877,    151.00903518,   37.91877172,   22.53105711,  -12.47959939,      8.77207743], [  155.83131191,  -45.3622084 ,  -60.45655065,   -8.9760281 ,     20.49068093,   -0.94719692,   15.48342681,   13.67298326,     37.91877172,  103.6801159 ,   45.25372416,   38.69926641,     18.33047346], [  104.8752882 ,  -20.3781708 ,   -3.37194121,  -35.35040903,      4.12583957,   27.36257158,   39.43862729,    3.46708928,     22.53105711,   45.25372416,  108.2975303 ,   46.93221275,     34.51525104], [   89.58881751,  -70.55624519,  -74.11480799,  -48.08174675,      0.53677636,   -4.29019394,    8.8758679 ,    3.88933785,    -12.47959939,   38.69926641,   46.93221275,  108.29075124,     53.23103758], [  270.51542008,  -46.77475692,   18.69168891,   26.33699682,     28.22128602,   12.04159149,   -1.60894473,   16.74346277,      8.77207743,   18.33047346,   34.51525104,   53.23103758,    111.17227921]]
/root/sim/music/out/Queen/Sheer Heart Attack/04 Flick Of The Wrist.mp3; [-621.87054  , 133.9035   , -14.123282 ,  44.739197 ,  -5.918355 ,    7.9642024,  -6.194819 ,   5.1522374,  -4.847118 ,   6.285271 ,   -5.655132 ,  -5.5914316,  -3.6393669]; [[ 3830.41616935,-1089.94036518,  139.50669695,   79.96733523,     97.19482538,  163.9122466 ,  137.58745297,   82.24345287,     54.32130254,   33.24116869,  -48.91187389,  -42.58648126,    -44.76928876], [-1089.94036518, 1168.48342419, -356.904717  ,   21.52363106,     -3.64676   ,  -62.67192374,  107.00391889,  -38.20997191,     -0.93349397,   17.27694912,   70.52556193,   34.94214028,     37.29078102], [  139.50669695, -356.904717  ,  775.56977365,   10.75459626,     28.30864201,  128.75418238,  -79.99431132,   53.48167953,      4.35047887,  -13.51793727,    0.74418102,  -24.70416141,    -31.15386523], [   79.96733523,   21.52363106,   10.75459626,  353.97689958,    131.6185107 ,    9.19763711,   19.11680793,   29.15191831,     45.94911744,    6.04104978,  -28.22669448,  -15.87166333,     15.25537742], [   97.19482538,   -3.64676   ,   28.30864201,  131.6185107 ,    234.32168852,   33.13950837,   22.03287163,   35.47824409,     32.97042455,   26.35568439,  -14.43800251,  -11.03891042,     -5.57058666], [  163.9122466 ,  -62.67192374,  128.75418238,    9.19763711,     33.13950837,  215.84411907,   71.15567448,   14.19824021,      5.87244091,   11.33141756,   38.05168412,    5.6482202 ,    -16.01509551], [  137.58745297,  107.00391889,  -79.99431132,   19.11680793,     22.03287163,   71.15567448,  220.42522845,   49.60779321,    -16.21846641,   10.34682794,   16.89531817,    2.78719991,     -4.36472921], [   82.24345287,  -38.20997191,   53.48167953,   29.15191831,     35.47824409,   14.19824021,   49.60779321,  132.30328197,     33.57856198,    3.10801267,  -13.36166264,  -23.7210972 ,    -10.88790754], [   54.32130254,   -0.93349397,    4.35047887,   45.94911744,     32.97042455,    5.87244091,  -16.21846641,   33.57856198,    136.86514065,   39.26124432,    0.82969193,   -2.69875788,     -5.22417268], [   33.24116869,   17.27694912,  -13.51793727,    6.04104978,     26.35568439,   11.33141756,   10.34682794,    3.10801267,     39.26124432,   98.22963924,   30.74085492,    9.38084805,     -2.15318163], [  -48.91187389,   70.52556193,    0.74418102,  -28.22669448,    -14.43800251,   38.05168412,   16.89531817,  -13.36166264,      0.82969193,   30.74085492,  100.67774326,   36.84325015,      4.93245428], [  -42.58648126,   34.94214028,  -24.70416141,  -15.87166333,    -11.03891042,    5.6482202 ,    2.78719991,  -23.7210972 ,     -2.69875788,    9.38084805,   36.84325015,   95.25660204,     34.39334823], [  -44.76928876,   37.29078102,  -31.15386523,   15.25537742,     -5.57058666,  -16.01509551,   -4.36472921,  -10.88790754,     -5.22417268,   -2.15318163,    4.93245428,   34.39334823,     77.04490903]]
/root/sim/music/out/Queen/The Game/10 Save Me.mp3; [-654.742     ,  98.250786  ,   1.387246  ,  35.606586  ,   8.168714  ,    4.611976  ,  -0.76632047,   1.7127465 ,  -8.273706  ,   4.871172  ,   -6.0541077 ,  -1.9745053 ,  -2.3804548 ]; [[27854.72804719,-2540.79833929,   63.30874549, 1214.06237712,    237.55909625,  489.3734999 ,  437.16157982,  431.66716647,    172.60367236,  576.44896281, -150.92814836,   20.76819335,    234.96212178], [-2540.79833929, 1822.7402872 , -254.46214212,    7.34016753,     94.33320639,  -40.88104049,    4.93633559,  -53.34388345,    -47.8234992 ,  -51.33539003,   35.3136425 ,  -27.04957327,    -23.68123105], [   63.30874549, -254.46214212,  758.50489783,  227.7939996 ,    126.26005912,  189.06880887,   29.73842577,   67.79704875,     98.24851551,    3.3915937 ,   57.07456969,   34.67835547,     28.5457341 ], [ 1214.06237712,    7.34016753,  227.7939996 ,  531.05537062,    156.70695847,  183.44602815,   33.24856142,   76.91834237,    110.03358626,   12.64097353,   44.68144242,   16.19967765,     65.67120233], [  237.55909625,   94.33320639,  126.26005912,  156.70695847,    254.93769435,  124.61214741,   46.97327483,   30.61563551,     73.52210927,   20.22226672,   38.10582636,   24.8350898 ,     40.55795074], [  489.3734999 ,  -40.88104049,  189.06880887,  183.44602815,    124.61214741,  281.99967714,   98.56267114,   53.72100175,     89.36798233,   -5.4651557 ,   59.87763329,   24.9277879 ,     33.79160618], [  437.16157982,    4.93633559,   29.73842577,   33.24856142,     46.97327483,   98.56267114,  213.11975898,   72.27612263,     31.5894944 ,   28.46983543,   22.55183884,   22.78344591,     -5.68731397], [  431.66716647,  -53.34388345,   67.79704875,   76.91834237,     30.61563551,   53.72100175,   72.27612263,  149.0476906 ,     54.85889834,   45.77910341,   22.1420908 ,    8.63195135,     23.24332992], [  172.60367236,  -47.8234992 ,   98.24851551,  110.03358626,     73.52210927,   89.36798233,   31.5894944 ,   54.85889834,    173.59248684,   37.07101534,   54.72200042,   20.19687448,     25.1321422 ], [  576.44896281,  -51.33539003,    3.3915937 ,   12.64097353,     20.22226672,   -5.4651557 ,   28.46983543,   45.77910341,     37.07101534,  155.53676416,   41.92656119,   19.5690188 ,      9.05101468], [ -150.92814836,   35.3136425 ,   57.07456969,   44.68144242,     38.10582636,   59.87763329,   22.55183884,   22.1420908 ,     54.72200042,   41.92656119,  132.90097677,   43.3649579 ,     27.70629452], [   20.76819335,  -27.04957327,   34.67835547,   16.19967765,     24.8350898 ,   24.9277879 ,   22.78344591,    8.63195135,     20.19687448,   19.5690188 ,   43.3649579 ,  104.16389698,     44.65898421], [  234.96212178,  -23.68123105,   28.5457341 ,   65.67120233,     40.55795074,   33.79160618,   -5.68731397,   23.24332992,     25.1321422 ,    9.05101468,   27.70629452,   44.65898421,    114.63614952]]
/root/sim/music/out/Queen/The Game/03 Another One Bites The Dust.mp3; [-699.7473    ,  95.551315  ,   0.5676281 ,  41.76755   ,  17.748198  ,   11.869006  ,  14.3641405 ,   9.536285  ,   0.3472881 ,   4.496677  ,    0.17723188,  -2.2211428 ,   0.7898796 ]; [[30697.37369861,  -16.05728288,-1363.8865529 , -251.19865865,    118.12497288, -197.87395704, -168.46071433,  220.40803202,   -490.40817713, -209.76887989, -270.35502459, -218.9311123 ,   -112.40338746], [  -16.05728288, 4297.85079275,  -79.89018824,   11.79662614,   -128.71504096,  -92.31196192,   15.13897335, -138.43163201,   -124.52202473, -209.15442097, -139.26333639,  -96.72058281,    -11.64482474], [-1363.8865529 ,  -79.89018824, 2206.84191786,  627.3281359 ,    266.26027934,  200.99775465,   73.4696321 ,  -43.01995239,    134.10871126,   46.70310406,   64.04924404,   32.18935925,      7.94317444], [ -251.19865865,   11.79662614,  627.3281359 ,  973.56024102,    416.80904822,  191.66248184,   98.89118573,   13.42748428,    124.80520301,   22.3686627 ,   27.36519629,   -5.42290949,     28.57878351], [  118.12497288, -128.71504096,  266.26027934,  416.80904822,    479.86976826,  155.52554935,  101.11198053,   47.37775204,     73.1417348 ,   41.75439723,   22.35724126,    2.43252877,     19.63805936], [ -197.87395704,  -92.31196192,  200.99775465,  191.66248184,    155.52554935,  315.89438036,  141.94710954,   41.11478057,     75.1006741 ,   14.69454367,   57.10787057,   28.08633369,     15.5053916 ], [ -168.46071433,   15.13897335,   73.4696321 ,   98.89118573,    101.11198053,  141.94710954,  270.28478377,   76.81493452,     41.42150725,   23.20745428,   42.68202012,   19.34738203,     29.62482739], [  220.40803202, -138.43163201,  -43.01995239,   13.42748428,     47.37775204,   41.11478057,   76.81493452,  171.9156918 ,     35.38419573,   46.15971905,   21.63740644,    7.48322999,     33.75692689], [ -490.40817713, -124.52202473,  134.10871126,  124.80520301,     73.1417348 ,   75.1006741 ,   41.42150725,   35.38419573,    191.65326715,   44.74556453,   47.39584998,   15.81903902,     13.78224737], [ -209.76887989, -209.15442097,   46.70310406,   22.3686627 ,     41.75439723,   14.69454367,   23.20745428,   46.15971905,     44.74556453,  127.09843536,   34.44385258,   23.11341571,      9.9003903 ], [ -270.35502459, -139.26333639,   64.04924404,   27.36519629,     22.35724126,   57.10787057,   42.68202012,   21.63740644,     47.39584998,   34.44385258,  104.95071185,   38.92430501,     19.04495767], [ -218.9311123 ,  -96.72058281,   32.18935925,   -5.42290949,      2.43252877,   28.08633369,   19.34738203,    7.48322999,     15.81903902,   23.11341571,   38.92430501,   88.81079619,     25.20274582], [ -112.40338746,  -11.64482474,    7.94317444,   28.57878351,     19.63805936,   15.5053916 ,   29.62482739,   33.75692689,     13.78224737,    9.9003903 ,   19.04495767,   25.20274582,     95.81582637]]
/root/sim/music/out/Queen/The Game/06 Rock It (Prime Jive).mp3; [-574.4585   , 117.31441  , -15.483713 ,  42.07833  ,  17.385496 ,    2.1212013,   3.094141 ,   7.2026243,   2.6500854,   5.0759687,   -1.6865982,   2.7482865,   0.8632456]; [[14814.49662962,-3292.0826358 , 1091.2910971 , -525.23605029,   -563.97245762,  -82.90845508, -607.67776217, -351.52159262,   -387.65455327, -103.66915355, -188.01202295, -418.72575594,   -292.79437783], [-3292.0826358 , 2317.81903738, -649.04895191,  313.04259245,    269.6744212 ,   24.29431102,  329.78409456,  140.52672759,    213.42480375,   37.7380709 ,   74.68537779,  174.59470775,    109.31697029], [ 1091.2910971 , -649.04895191,  923.41750099, -116.41772084,   -106.44990318,  -34.70345613, -196.02189598, -126.9190398 ,    -68.05561941,  -45.68083568,  -40.21711653,  -67.63347774,    -70.99225303], [ -525.23605029,  313.04259245, -116.41772084,  359.74290498,     84.25913801,   -1.89452449,   22.43321679,    3.44334386,     81.12358158,    3.39971002,   15.16223774,   47.21825116,     38.33373379], [ -563.97245762,  269.6744212 , -106.44990318,   84.25913801,    213.83775104,   27.57012557,   45.6927165 ,   39.88548674,     23.47856717,   33.45878379,   15.17229617,   36.71884341,     33.55756789], [  -82.90845508,   24.29431102,  -34.70345613,   -1.89452449,     27.57012557,  127.68292945,   70.18831433,   20.22491902,     -0.44563875,   -0.03856336,   12.0665004 ,    9.63543317,      1.40744873], [ -607.67776217,  329.78409456, -196.02189598,   22.43321679,     45.6927165 ,   70.18831433,  196.17202356,   87.80615201,     32.7604379 ,   19.23762983,   14.08097469,   35.99981976,     19.18026562], [ -351.52159262,  140.52672759, -126.9190398 ,    3.44334386,     39.88548674,   20.22491902,   87.80615201,  189.34964886,     30.66867896,   44.81706427,    8.11451396,    2.08306782,     28.02562411], [ -387.65455327,  213.42480375,  -68.05561941,   81.12358158,     23.47856717,   -0.44563875,   32.7604379 ,   30.66867896,    123.71909632,   26.33933114,    3.51675939,   15.40438657,      1.31206003], [ -103.66915355,   37.7380709 ,  -45.68083568,    3.39971002,     33.45878379,   -0.03856336,   19.23762983,   44.81706427,     26.33933114,   95.05086028,   25.04387417,    0.94290243,      6.02482248], [ -188.01202295,   74.68537779,  -40.21711653,   15.16223774,     15.17229617,   12.0665004 ,   14.08097469,    8.11451396,      3.51675939,   25.04387417,   80.37505593,   29.72906619,      4.58238711], [ -418.72575594,  174.59470775,  -67.63347774,   47.21825116,     36.71884341,    9.63543317,   35.99981976,    2.08306782,     15.40438657,    0.94290243,   29.72906619,   93.02511486,     43.94431731], [ -292.79437783,  109.31697029,  -70.99225303,   38.33373379,     33.55756789,    1.40744873,   19.18026562,   28.02562411,      1.31206003,    6.02482248,    4.58238711,   43.94431731,     91.04640186]]
/root/sim/music/out/Queen/The Game/07 Don't Try Suicide.mp3; [-728.57635   ,  88.60456   , -12.981876  ,  22.186195  ,   3.5738308 ,    0.53686696,   0.6149379 ,   5.437373  ,  -2.5915208 ,   5.714227  ,    0.02064425,  -3.0226002 ,  -4.724327  ]; [[36151.39709286,-1400.48798136,-1528.64804955,  608.29428391,   -527.46521867,  179.207892  , -366.9562104 ,  118.98170445,   -462.86886811, -223.87720787, -153.90889727, -252.66462269,   -180.34497879], [-1400.48798136, 3651.46474553,  545.19087666,  337.21170534,    314.75118402,   17.09973825,  271.1722604 ,  142.23812035,     86.35824149,   84.68932922,   47.61214727,   11.99628126,     66.84356153], [-1528.64804955,  545.19087666, 1499.35720202,  392.39345226,    313.09031035,  377.8394134 ,  164.67572664,   61.07769405,     95.43468685,   37.6297248 ,   72.50751614,   96.97644937,     32.61251036], [  608.29428391,  337.21170534,  392.39345226,  886.15080785,    352.43440175,  229.33543349,   95.62069146,  134.08818645,     95.91006358,   22.64889882,   35.40270855,   41.45718968,     98.33741209], [ -527.46521867,  314.75118402,  313.09031035,  352.43440175,    411.39338021,  190.56106791,   84.55728142,   77.68139523,    104.5169235 ,   58.14231699,   37.27608012,   36.61793229,     70.02268861], [  179.207892  ,   17.09973825,  377.8394134 ,  229.33543349,    190.56106791,  421.0917895 ,  168.87077756,   80.68139128,    105.61545404,   33.58463085,   78.86596817,   71.64284723,     45.6508233 ], [ -366.9562104 ,  271.1722604 ,  164.67572664,   95.62069146,     84.55728142,  168.87077756,  283.63552074,  128.0036279 ,     71.44710987,   40.24953624,   58.07892667,   47.61470963,     16.45761446], [  118.98170445,  142.23812035,   61.07769405,  134.08818645,     77.68139523,   80.68139128,  128.0036279 ,  204.51432097,     89.86511118,   48.93193405,   49.43321424,   17.49997591,     32.39960916], [ -462.86886811,   86.35824149,   95.43468685,   95.91006358,    104.5169235 ,  105.61545404,   71.44710987,   89.86511118,    200.63412588,   72.69469708,   51.01527466,   38.91195021,     32.9741132 ], [ -223.87720787,   84.68932922,   37.6297248 ,   22.64889882,     58.14231699,   33.58463085,   40.24953624,   48.93193405,     72.69469708,  125.94415082,   50.70958461,   22.51837934,     14.73167207], [ -153.90889727,   47.61214727,   72.50751614,   35.40270855,     37.27608012,   78.86596817,   58.07892667,   49.43321424,     51.01527466,   50.70958461,  120.98336481,   53.66670021,     21.1182699 ], [ -252.66462269,   11.99628126,   96.97644937,   41.45718968,     36.61793229,   71.64284723,   47.61470963,   17.49997591,     38.91195021,   22.51837934,   53.66670021,  110.09544734,     45.70476592], [ -180.34497879,   66.84356153,   32.61251036,   98.33741209,     70.02268861,   45.6508233 ,   16.45761446,   32.39960916,     32.9741132 ,   14.73167207,   21.1182699 ,   45.70476592,    113.81293497]]
/root/sim/music/out/Queen/The Game/02 Dragon Attack.mp3; [-569.7889    ,  72.74632   ,   0.98331773,  36.1316    ,  10.807896  ,    6.343869  ,   4.8329115 ,   8.432765  ,   3.7650013 ,   5.1721954 ,    0.03762002,   0.98654294,   1.1677736 ]; [[ 7162.08677666, -255.39072156,-1497.19805326, -529.25676612,   -351.45967177, -226.01788931,   -5.28701688,  -21.42532819,    -44.62611517,  105.78336302,   24.27371765,   67.83371937,     78.03438065], [ -255.39072156, 1755.11016628,   50.58136987,  259.30711704,    142.71357722,    8.06933386,   82.41213117,    4.9855271 ,    139.56482467,    0.18073405,  -10.76727966,   20.02016133,    -49.55178237], [-1497.19805326,   50.58136987, 1823.94058747,  528.37136898,    253.27613409,  300.49740434,   45.63773369,   55.32466845,     33.96851515,  -21.33968252,   18.11368404,  -29.17726225,    -49.50239802], [ -529.25676612,  259.30711704,  528.37136898,  529.01187366,    219.89389384,  122.75904468,   54.6529175 ,  -11.28551059,     74.50815421,   20.11034394,  -15.28334704,   -1.4923504 ,     -7.72003134], [ -351.45967177,  142.71357722,  253.27613409,  219.89389384,    288.19551355,  129.59116818,   30.12834078,   12.70387402,     64.80330184,   13.24585177,   -5.83558886,  -16.43392397,    -12.14879174], [ -226.01788931,    8.06933386,  300.49740434,  122.75904468,    129.59116818,  221.48826681,   90.82244888,   14.89750237,      8.40044082,    4.51278636,   11.02379754,   -0.05344682,     -7.47457335], [   -5.28701688,   82.41213117,   45.63773369,   54.6529175 ,     30.12834078,   90.82244888,  184.92280342,   64.2535762 ,      0.87545679,    6.38627683,   20.72796231,   17.65141959,     10.94541302], [  -21.42532819,    4.9855271 ,   55.32466845,  -11.28551059,     12.70387402,   14.89750237,   64.2535762 ,  153.27068291,     36.2421376 ,   11.51135646,   18.04470723,   -2.002139  ,      6.51298408], [  -44.62611517,  139.56482467,   33.96851515,   74.50815421,     64.80330184,    8.40044082,    0.87545679,   36.2421376 ,    147.73873097,   49.10464952,    0.12388941,    6.50297537,     -2.73582398], [  105.78336302,    0.18073405,  -21.33968252,   20.11034394,     13.24585177,    4.51278636,    6.38627683,   11.51135646,     49.10464952,   99.61753381,   27.99920755,    2.98076522,      8.67820268], [   24.27371765,  -10.76727966,   18.11368404,  -15.28334704,     -5.83558886,   11.02379754,   20.72796231,   18.04470723,      0.12388941,   27.99920755,   74.84476246,   28.89582784,      4.27675287], [   67.83371937,   20.02016133,  -29.17726225,   -1.4923504 ,    -16.43392397,   -0.05344682,   17.65141959,   -2.002139  ,      6.50297537,    2.98076522,   28.89582784,   79.40862072,     34.10939037], [   78.03438065,  -49.55178237,  -49.50239802,   -7.72003134,    -12.14879174,   -7.47457335,   10.94541302,    6.51298408,     -2.73582398,    8.67820268,    4.27675287,   34.10939037,     79.24586189]]
/root/sim/music/out/Queen/The Game/05 Crazy Little Thing Called Love.mp3; [-638.46027   ,  94.95928   ,   8.226867  ,  37.98566   ,  11.810874  ,   -0.28240487,  -1.468141  ,   2.7337174 ,  -4.926175  ,   1.0332434 ,   -5.1173744 ,  -2.6455827 ,  -4.645831  ]; [[21830.63296268,  392.4959288 ,   97.85806082,  300.93626609,     84.16001437,   31.15006354,  -36.55965674,   48.76752602,     15.39731027,   52.5135464 ,  -27.87164015,   11.12470524,   -126.669444  ], [  392.4959288 , 1404.94810182,  209.11651168,  174.06276879,    106.65994846,  -65.73181202,   62.63984803,  109.66756284,    -25.96548076,   50.53070251,   48.30483748,   34.24260879,     36.2052396 ], [   97.85806082,  209.11651168, 1063.70958492,  264.59312521,    108.8999369 ,  197.81469813,  143.15542302,  -13.33213583,     77.82918238,   13.24559609,  -39.83215784,   18.51304726,     26.02883467], [  300.93626609,  174.06276879,  264.59312521,  449.55819768,    209.44827149,  141.44883326,   12.57276363,   47.20511583,     92.35479653,    0.28538852,   30.82578465,   57.50592479,     66.10767998], [   84.16001437,  106.65994846,  108.8999369 ,  209.44827149,    271.63572588,   85.33131491,   -5.06787088,   24.16733738,     65.01842029,   15.66552486,   32.32616234,   35.42883148,     21.92532975], [   31.15006354,  -65.73181202,  197.81469813,  141.44883326,     85.33131491,  215.26903612,   75.93944431,   22.43038877,     71.3852691 ,   -5.21110233,    8.19843434,   30.18010153,     17.33323896], [  -36.55965674,   62.63984803,  143.15542302,   12.57276363,     -5.06787088,   75.93944431,  184.44189759,   61.96061705,     26.27967678,   10.42388695,    0.50192129,   11.13008317,      3.72682676], [   48.76752602,  109.66756284,  -13.33213583,   47.20511583,     24.16733738,   22.43038877,   61.96061705,  125.77131853,     43.65364803,   17.77403644,   31.89140067,   28.30638322,     19.31701504], [   15.39731027,  -25.96548076,   77.82918238,   92.35479653,     65.01842029,   71.3852691 ,   26.27967678,   43.65364803,    138.68721846,   40.73410788,   24.18054331,   31.85324269,      8.36049118], [   52.5135464 ,   50.53070251,   13.24559609,    0.28538852,     15.66552486,   -5.21110233,   10.42388695,   17.77403644,     40.73410788,  116.64689622,   40.86069764,    6.90454288,     -1.90254548], [  -27.87164015,   48.30483748,  -39.83215784,   30.82578465,     32.32616234,    8.19843434,    0.50192129,   31.89140067,     24.18054331,   40.86069764,  104.63654094,   49.83775069,     17.44285334], [   11.12470524,   34.24260879,   18.51304726,   57.50592479,     35.42883148,   30.18010153,   11.13008317,   28.30638322,     31.85324269,    6.90454288,   49.83775069,  105.1515015 ,     49.55913924], [ -126.669444  ,   36.2052396 ,   26.02883467,   66.10767998,     21.92532975,   17.33323896,    3.72682676,   19.31701504,      8.36049118,   -1.90254548,   17.44285334,   49.55913924,    106.76603482]]
