/root/sim/music/out/Queen/News Of The World/01 We Will Rock You.mp3; [-621.4525    , 118.1849    , -24.402504  ,  21.713335  ,   3.8090339 ,   -5.908899  ,   4.3569083 ,   5.16224   ,  -3.3541777 ,   9.648279  ,    0.37635937,   3.3844585 ,   3.4695783 ]; [[23952.30443284,  909.15923857,-1783.89179773,  384.97294052,   -304.39682335, -622.98931828, -209.99416967,  -42.90092145,   -277.34856374,  418.47279796,  -76.95837893,   92.76923104,    169.30660397], [  909.15923857, 2230.61453895,  234.91977282,  416.96201203,    -77.02455638,   76.75218759,  198.94609073,   19.23458688,     49.03407307,   -9.3810135 ,   -6.49015761,   36.54921977,    -25.98076822], [-1783.89179773,  234.91977282, 1219.70009995,  321.10434437,    363.94357492,  363.34227727,   92.31662193,  111.25969523,    188.56719022,  -28.77156346,   25.90362885,   14.45543376,      5.88165782], [  384.97294052,  416.96201203,  321.10434437,  708.50627985,    417.8696165 ,  141.18863704,   77.37300933,   68.5689589 ,    148.61564342,  100.42688809,  -46.28266695,  -14.02700678,     63.38380759], [ -304.39682335,  -77.02455638,  363.94357492,  417.8696165 ,    579.22169468,  236.81863863,   62.99324904,  104.13628808,    139.68080667,   55.0446246 ,  -16.39720291,  -21.22609155,     53.54374735], [ -622.98931828,   76.75218759,  363.34227727,  141.18863704,    236.81863863,  338.87969907,  122.10458667,   92.87935962,    133.36664062,  -12.66311908,   52.09903649,   22.85847922,      6.37194975], [ -209.99416967,  198.94609073,   92.31662193,   77.37300933,     62.99324904,  122.10458667,  217.40617008,   97.13746396,     45.01322409,   -9.07554902,   21.04861494,   19.35592039,      7.10792506], [  -42.90092145,   19.23458688,  111.25969523,   68.5689589 ,    104.13628808,   92.87935962,   97.13746396,  147.72313751,     72.91497184,    0.29545241,   15.00008032,    7.58279511,      6.67382231], [ -277.34856374,   49.03407307,  188.56719022,  148.61564342,    139.68080667,  133.36664062,   45.01322409,   72.91497184,    207.70424288,   54.6819447 ,   32.66946323,   26.61361837,     22.70701367], [  418.47279796,   -9.3810135 ,  -28.77156346,  100.42688809,     55.0446246 ,  -12.66311908,   -9.07554902,    0.29545241,     54.6819447 ,  147.67892121,   29.92670466,   17.23374732,     27.58492448], [  -76.95837893,   -6.49015761,   25.90362885,  -46.28266695,    -16.39720291,   52.09903649,   21.04861494,   15.00008032,     32.66946323,   29.92670466,  102.1599113 ,   43.1628501 ,     -2.51570444], [   92.76923104,   36.54921977,   14.45543376,  -14.02700678,    -21.22609155,   22.85847922,   19.35592039,    7.58279511,     26.61361837,   17.23374732,   43.1628501 ,   80.09820474,     28.17752693], [  169.30660397,  -25.98076822,    5.88165782,   63.38380759,     53.54374735,    6.37194975,    7.10792506,    6.67382231,     22.70701367,   27.58492448,   -2.51570444,   28.17752693,     86.93609238]]
/root/sim/music/out/Queen/News Of The World/06 Fight From The Inside.mp3; [-559.73254   , 102.672554  , -18.908113  ,  28.373365  ,  13.100151  ,   10.626916  ,   9.460837  ,   1.4637245 ,   3.1083295 ,   0.80188125,    1.9826525 ,   4.3604674 ,  -2.6537046 ]; [[12657.12942715,  592.95296137, -672.64054855,   24.54411086,     69.89448047,  250.43796784,  -26.26941108, -257.04572321,     -8.72200098, -140.49713326,  106.95594912,  -30.98059463,   -120.09369476], [  592.95296137, 1202.31059324, -126.65153455,  213.96188895,    106.2825821 ,  -27.14624088,  122.46602342,  118.3440775 ,     37.43866495,   62.30989354,   -6.62820611,   71.64826272,     10.51755347], [ -672.64054855, -126.65153455,  932.97604826,   83.59267033,     61.98992931,   54.61757958,   -6.63396295,   98.77137907,      4.36339969,   32.91998036,   10.51133959,  -17.70267386,     52.40603974], [   24.54411086,  213.96188895,   83.59267033,  309.93777506,    145.59672186,  -11.97768556,    9.93763825,   71.13827098,     58.32653517,   33.37698926,  -15.98810703,   24.78914322,     14.94132218], [   69.89448047,  106.2825821 ,   61.98992931,  145.59672186,    347.25992226,   41.67724658,   43.3273697 ,  138.84452422,     76.6760979 ,   25.2362812 ,   -5.37785017,   19.41315881,     -9.12610307], [  250.43796784,  -27.14624088,   54.61757958,  -11.97768556,     41.67724658,  161.57143964,   49.94481163,  -19.25303815,      1.95859404,    3.17773295,   32.28339845,    7.29685564,     -2.70223461], [  -26.26941108,  122.46602342,   -6.63396295,    9.93763825,     43.3273697 ,   49.94481163,  175.84270828,   98.02279335,     -4.22352375,    4.26582206,    8.88601969,   28.19487633,      1.84782826], [ -257.04572321,  118.3440775 ,   98.77137907,   71.13827098,    138.84452422,  -19.25303815,   98.02279335,  223.48943449,     69.9936106 ,    8.5400419 ,  -11.11848883,   20.21432831,      4.83321232], [   -8.72200098,   37.43866495,    4.36339969,   58.32653517,     76.6760979 ,    1.95859404,   -4.22352375,   69.9936106 ,    131.5349143 ,   29.86912086,   -5.43144693,   11.36964847,     -0.3312369 ], [ -140.49713326,   62.30989354,   32.91998036,   33.37698926,     25.2362812 ,    3.17773295,    4.26582206,    8.5400419 ,     29.86912086,   99.90045619,   23.60016429,    0.7529098 ,     10.92338493], [  106.95594912,   -6.62820611,   10.51133959,  -15.98810703,     -5.37785017,   32.28339845,    8.88601969,  -11.11848883,     -5.43144693,   23.60016429,   87.59579405,   18.57689728,      2.03881455], [  -30.98059463,   71.64826272,  -17.70267386,   24.78914322,     19.41315881,    7.29685564,   28.19487633,   20.21432831,     11.36964847,    0.7529098 ,   18.57689728,   72.85398116,     21.0211235 ], [ -120.09369476,   10.51755347,   52.40603974,   14.94132218,     -9.12610307,   -2.70223461,    1.84782826,    4.83321232,     -0.3312369 ,   10.92338493,    2.03881455,   21.0211235 ,     67.33315025]]
/root/sim/music/out/Queen/News Of The World/08 Sleep On The Sidewalk.mp3; [-562.2094    , 117.61765   ,  18.56797   ,  28.437925  ,   5.0976434 ,    1.5562512 ,   4.420614  ,   4.949164  ,   0.44946924,   2.3411825 ,   -3.8023777 ,   0.2935219 ,  -1.7785167 ]; [[11215.95664936,  312.25166278,  536.30340297,  -27.64660092,    -37.11638639,   62.47631967,   22.30007094,    9.56626093,     -3.90239592,   34.72631301,  -27.61505038,   -5.80114788,    -14.13514571], [  312.25166278, 1406.05380817, -286.22090124,  -89.46944606,     12.77635414,  -18.17269418,    4.61225254,   35.76533601,     10.73280096,   25.32937983,   31.51725622,   45.30841174,    -10.43637846], [  536.30340297, -286.22090124,  639.75843336,   63.70749435,     93.61875668,   81.41065802,   73.26371665,   30.04228318,     12.30237148,    0.99394705,   -2.14660301,   16.8803814 ,     50.52676935], [  -27.64660092,  -89.46944606,   63.70749435,  292.7818404 ,    104.03813538,   44.07636563,   24.27561426,   18.65416143,     32.03409135,    8.38348591,   -8.63291787,   -5.6088797 ,     21.11506429], [  -37.11638639,   12.77635414,   93.61875668,  104.03813538,    208.2684867 ,   72.1932868 ,   20.54499057,   19.18224258,     36.08669679,   28.7162902 ,   18.97587978,   21.99503765,     23.84249171], [   62.47631967,  -18.17269418,   81.41065802,   44.07636563,     72.1932868 ,  117.27845766,   49.01084928,   26.14059897,     10.2673721 ,   18.57227553,   23.79940804,   20.59111581,     10.29091625], [   22.30007094,    4.61225254,   73.26371665,   24.27561426,     20.54499057,   49.01084928,  122.62484102,   44.01979613,     20.95947799,   -5.40737266,   15.81029354,   11.24765539,     16.14921435], [    9.56626093,   35.76533601,   30.04228318,   18.65416143,     19.18224258,   26.14059897,   44.01979613,  110.57644416,     41.50286659,   19.42643797,    0.88715455,   14.38904839,     20.34035149], [   -3.90239592,   10.73280096,   12.30237148,   32.03409135,     36.08669679,   10.2673721 ,   20.95947799,   41.50286659,     88.52434667,   32.70213004,    0.80198572,    2.46127504,      9.56487023], [   34.72631301,   25.32937983,    0.99394705,    8.38348591,     28.7162902 ,   18.57227553,   -5.40737266,   19.42643797,     32.70213004,   88.0620241 ,   38.92630974,   20.71706968,      6.64557844], [  -27.61505038,   31.51725622,   -2.14660301,   -8.63291787,     18.97587978,   23.79940804,   15.81029354,    0.88715455,      0.80198572,   38.92630974,   92.49044314,   42.58659505,      6.0915716 ], [   -5.80114788,   45.30841174,   16.8803814 ,   -5.6088797 ,     21.99503765,   20.59111581,   11.24765539,   14.38904839,      2.46127504,   20.71706968,   42.58659505,   75.56672754,     35.56440305], [  -14.13514571,  -10.43637846,   50.52676935,   21.11506429,     23.84249171,   10.29091625,   16.14921435,   20.34035149,      9.56487023,    6.64557844,    6.0915716 ,   35.56440305,     76.00171835]]
/root/sim/music/out/Queen/News Of The World/09 Who Needs You.mp3; [-675.61945   ,  90.14954   ,  28.156147  ,  26.439434  ,  10.823567  ,    3.4743884 ,   4.2401066 ,   0.1951807 ,  -8.13901   ,  -3.7560232 ,   -4.480172  ,   0.39505777,  -5.8625417 ]; [[13009.35499438,  576.80966811,-1029.87352111, -250.42852646,   -115.59127192, -326.69856847,  141.05598695,  171.17602906,     26.44575526,  162.05472948,  -13.27945983, -199.5679567 ,   -200.81189095], [  576.80966811, 2002.75724589,  -80.92682113, -116.31070241,    -72.01022378, -194.31020174,  -43.25156603,  -88.02976129,   -114.59996533,  -67.81562676,  -43.65845614,  -14.46900378,    -53.65509843], [-1029.87352111,  -80.92682113, 1069.99201301,  134.72463691,     15.82812963,  185.08201675,   -4.24047106,  -22.10805409,     18.56028753,  -62.31348527,   12.54072197,   81.47165275,     65.38217831], [ -250.42852646, -116.31070241,  134.72463691,  552.6237876 ,    269.33127569,  131.9647522 ,   21.09730982,   35.45279344,     22.80174446,    1.64088709,   45.11716257,   76.22549291,     81.69994095], [ -115.59127192,  -72.01022378,   15.82812963,  269.33127569,    404.57911366,  188.83105966,   59.48975603,   45.84520084,     26.58295814,   30.67315349,   40.91609575,   59.46800742,     50.36070049], [ -326.69856847, -194.31020174,  185.08201675,  131.9647522 ,    188.83105966,  365.54546814,  129.11702652,   12.08407416,     30.31305932,   -8.61569723,   48.38445279,   58.48909089,     37.40188492], [  141.05598695,  -43.25156603,   -4.24047106,   21.09730982,     59.48975603,  129.11702652,  260.94820738,  108.90747991,     15.12941405,   35.15452841,   37.20153024,   26.70603991,     -4.85600945], [  171.17602906,  -88.02976129,  -22.10805409,   35.45279344,     45.84520084,   12.08407416,  108.90747991,  207.6045309 ,    102.20415144,   66.54030335,   28.50990302,    6.43239761,      4.01968792], [   26.44575526, -114.59996533,   18.56028753,   22.80174446,     26.58295814,   30.31305932,   15.12941405,  102.20415144,    243.74917904,  136.00840302,   42.22473458,    6.47620256,     -6.48825793], [  162.05472948,  -67.81562676,  -62.31348527,    1.64088709,     30.67315349,   -8.61569723,   35.15452841,   66.54030335,    136.00840302,  197.08650674,   72.02325394,    3.30624891,    -16.30786639], [  -13.27945983,  -43.65845614,   12.54072197,   45.11716257,     40.91609575,   48.38445279,   37.20153024,   28.50990302,     42.22473458,   72.02325394,  132.30052086,   67.70826913,     16.85857783], [ -199.5679567 ,  -14.46900378,   81.47165275,   76.22549291,     59.46800742,   58.48909089,   26.70603991,    6.43239761,      6.47620256,    3.30624891,   67.70826913,  161.68812401,     82.41345451], [ -200.81189095,  -53.65509843,   65.38217831,   81.69994095,     50.36070049,   37.40188492,   -4.85600945,    4.01968792,     -6.48825793,  -16.30786639,   16.85857783,   82.41345451,    143.64588626]]
/root/sim/music/out/Queen/News Of The World/03 Sheer Heart Attack.mp3; [-508.89273   ,  98.95506   , -10.018363  ,  35.007183  ,  20.030437  ,    1.3868967 ,  13.231162  ,  14.474066  ,   4.000899  ,   0.37784293,   -2.4814687 ,   1.2004006 ,   7.123324  ]; [[9566.4088766 , 983.43997884,-226.38929048, 357.20571587, 201.1970936 ,    21.35828074, 133.28158285, 176.64974244,  66.73295242,  37.00544368,    -7.22986102,  23.98801733,  74.9658011 ], [ 983.43997884, 348.61046212, -35.56158618,  -1.82713782,  38.44618412,   -22.29434891,  36.00603034,   2.47281132,   5.96676709,  20.89503891,     0.42528075,  -6.78856695,  -6.01237975], [-226.38929048, -35.56158618, 244.1255622 ,  77.28926073,  17.31204979,   -12.9746793 , -11.47677639,  -9.50644898,  -1.0439344 ,  -3.28628963,    -5.92503847,  10.38740854,  28.28103313], [ 357.20571587,  -1.82713782,  77.28926073, 164.62192399,  44.6420521 ,   -20.77130277,  -9.08034145,  14.26689526,   7.32259263, -16.51876932,    -9.3394142 ,  23.89784577,  49.96651759], [ 201.1970936 ,  38.44618412,  17.31204979,  44.6420521 , 105.26175128,    14.83517737,  26.55217395,  18.00377678,  12.07513059,   1.6305559 ,    -1.48587859,   6.15484909,  16.4349795 ], [  21.35828074, -22.29434891, -12.9746793 , -20.77130277,  14.83517737,    82.90766938,  34.82873303,  10.91119499,  -7.68746229, -13.72254019,    12.6862333 , -11.36918475, -14.37682917], [ 133.28158285,  36.00603034, -11.47677639,  -9.08034145,  26.55217395,    34.82873303, 105.95007405,  34.94739815,  -1.91643244,  13.28149733,     4.03018848,  -5.24415945,  -2.0130149 ], [ 176.64974244,   2.47281132,  -9.50644898,  14.26689526,  18.00377678,    10.91119499,  34.94739815,  82.87113554,  32.70340592,  -9.14489877,     6.05108944,  -2.39842434,   1.81568196], [  66.73295242,   5.96676709,  -1.0439344 ,   7.32259263,  12.07513059,    -7.68746229,  -1.91643244,  32.70340592,  65.86425037,  25.65670372,     3.12713677,  -4.05338441,  -2.09036654], [  37.00544368,  20.89503891,  -3.28628963, -16.51876932,   1.6305559 ,   -13.72254019,  13.28149733,  -9.14489877,  25.65670372,  86.25740063,    12.30036504,  -6.52357614,  -4.32717497], [  -7.22986102,   0.42528075,  -5.92503847,  -9.3394142 ,  -1.48587859,    12.6862333 ,   4.03018848,   6.05108944,   3.12713677,  12.30036504,    55.02537025,  13.37621194,  -6.04784666], [  23.98801733,  -6.78856695,  10.38740854,  23.89784577,   6.15484909,   -11.36918475,  -5.24415945,  -2.39842434,  -4.05338441,  -6.52357614,    13.37621194,  59.01786665,  27.70986597], [  74.9658011 ,  -6.01237975,  28.28103313,  49.96651759,  16.4349795 ,   -14.37682917,  -2.0130149 ,   1.81568196,  -2.09036654,  -4.32717497,    -6.04784666,  27.70986597,  76.08056957]]
/root/sim/music/out/Queen/News Of The World/11 My Melancholy Blues.mp3; [-725.32635  , 147.78566  ,  19.689388 ,  26.572466 ,  12.657114 ,    6.95274  ,   7.0420723,   5.211832 ,  -7.8162384,   6.2942843,    1.2861422,   5.7671504,  -0.6774321]; [[17927.18503853,-1972.3982095 , -786.66351473,  820.35991117,    349.56924628, -272.69074157,  220.81232041,  515.40790582,   -126.99685598,  720.85995684,   78.72631923,  168.29879392,    -11.20751161], [-1972.3982095 , 2643.29252524, -374.66418105, -290.66213728,      5.12556946,  -35.00296536,   15.76224536, -125.60772174,     14.70418393, -157.46219743,   21.11179274,   -9.61548366,     28.1651353 ], [ -786.66351473, -374.66418105, 1381.08939598,  110.20654205,    118.40243004,  429.85522885,   96.50210531,   94.37886132,    169.89056132,   -5.70757125,   83.58158517,   90.4149202 ,     52.9358857 ], [  820.35991117, -290.66213728,  110.20654205,  529.44849862,    139.13871507,   92.64151139,  -35.75711779,   81.49182792,     97.96681725,   25.49328165,   25.03823586,   54.21849279,     86.57924871], [  349.56924628,    5.12556946,  118.40243004,  139.13871507,    348.31117524,   54.72459805,   24.93521434,   49.68428301,    117.29694106,   87.07929246,   14.43943014,   25.00040183,      9.42880622], [ -272.69074157,  -35.00296536,  429.85522885,   92.64151139,     54.72459805,  368.93680923,   69.65392488,   38.61221515,    119.74320711,  -24.48234027,   69.55016019,   55.8035427 ,     16.40348763], [  220.81232041,   15.76224536,   96.50210531,  -35.75711779,     24.93521434,   69.65392488,  295.29434488,   80.23230882,      4.41553767,   56.84905691,   37.61277778,   30.44122844,    -40.4213152 ], [  515.40790582, -125.60772174,   94.37886132,   81.49182792,     49.68428301,   38.61221515,   80.23230882,  207.22983256,     22.10879605,   61.00117795,   34.97515491,   32.42940113,     10.23906653], [ -126.99685598,   14.70418393,  169.89056132,   97.96681725,    117.29694106,  119.74320711,    4.41553767,   22.10879605,    235.35760087,   47.14094964,   52.07482235,   42.57100552,      6.86925701], [  720.85995684, -157.46219743,   -5.70757125,   25.49328165,     87.07929246,  -24.48234027,   56.84905691,   61.00117795,     47.14094964,  215.27859787,   43.85031187,   25.92549336,    -31.22806593], [   78.72631923,   21.11179274,   83.58158517,   25.03823586,     14.43943014,   69.55016019,   37.61277778,   34.97515491,     52.07482235,   43.85031187,  146.53279159,   26.97081618,      4.57477149], [  168.29879392,   -9.61548366,   90.4149202 ,   54.21849279,     25.00040183,   55.8035427 ,   30.44122844,   32.42940113,     42.57100552,   25.92549336,   26.97081618,  138.38885189,     31.03646366], [  -11.20751161,   28.1651353 ,   52.9358857 ,   86.57924871,      9.42880622,   16.40348763,  -40.4213152 ,   10.23906653,      6.86925701,  -31.22806593,    4.57477149,   31.03646366,    135.80442593]]
/root/sim/music/out/Queen/Queen Rocks/10 Keep Yourself Alive.mp3; [-568.38824   , 113.417496  ,  -8.419125  ,  53.561996  ,   6.7705717 ,    9.192058  ,   0.7008858 ,   1.9532294 ,  -2.7326522 ,   0.62213844,   -8.440426  ,  -8.1846285 ,  -4.0724177 ]; [[11600.35162541,-1380.08327011, -422.58225335, -304.20322165,   -224.17407353,  -32.79969119, -108.0002315 ,  -14.06971898,   -182.95340765,   42.45170358, -168.87577502,   11.23408357,    -36.85204174], [-1380.08327011, 1386.37356599, -614.67888356,  148.13590137,     11.89618735, -136.59187565,  104.18932966,  -32.3984491 ,     33.0143519 ,   -8.44629058,    2.64461278,  -44.51820677,     45.96363834], [ -422.58225335, -614.67888356, 1253.33159944,    2.33591309,    131.48198073,  154.095751  ,  -76.49538271,   60.6375151 ,     -7.87260447,   -5.48320869,   33.17455932,   72.57330772,    -39.79619995], [ -304.20322165,  148.13590137,    2.33591309,  432.52972608,     57.05580402,   23.0015468 ,  -35.07978396,   -6.02034951,     51.23570752,  -21.02632851,    4.03635903,    6.86159174,     31.2986491 ], [ -224.17407353,   11.89618735,  131.48198073,   57.05580402,    247.78454705,   27.68184613,  -11.20836218,   -6.38822061,    -12.94619398,   13.39572132,  -15.32970805,   14.75947655,      7.09005404], [  -32.79969119, -136.59187565,  154.095751  ,   23.0015468 ,     27.68184613,  214.59542191,   38.7761917 ,   11.73978933,    -13.25093708,  -28.16834518,   24.02256248,   23.74345768,    -30.23929504], [ -108.0002315 ,  104.18932966,  -76.49538271,  -35.07978396,    -11.20836218,   38.7761917 ,  173.25735279,   51.98717042,    -21.1243021 ,  -15.34946032,   -4.12249803,    2.30270661,     -2.46428129], [  -14.06971898,  -32.3984491 ,   60.6375151 ,   -6.02034951,     -6.38822061,   11.73978933,   51.98717042,  118.86683046,     31.54509009,   -8.09105873,  -12.3457781 ,    4.88923337,     -1.43376523], [ -182.95340765,   33.0143519 ,   -7.87260447,   51.23570752,    -12.94619398,  -13.25093708,  -21.1243021 ,   31.54509009,    116.99979892,   28.46686534,    6.13532809,  -10.1144887 ,     -2.61423049], [   42.45170358,   -8.44629058,   -5.48320869,  -21.02632851,     13.39572132,  -28.16834518,  -15.34946032,   -8.09105873,     28.46686534,  118.26140365,   32.78110277,    5.15652698,    -12.34647966], [ -168.87577502,    2.64461278,   33.17455932,    4.03635903,    -15.32970805,   24.02256248,   -4.12249803,  -12.3457781 ,      6.13532809,   32.78110277,   95.84816309,   28.31840548,     -9.35892088], [   11.23408357,  -44.51820677,   72.57330772,    6.86159174,     14.75947655,   23.74345768,    2.30270661,    4.88923337,    -10.1144887 ,    5.15652698,   28.31840548,   91.5742605 ,     14.70538432], [  -36.85204174,   45.96363834,  -39.79619995,   31.2986491 ,      7.09005404,  -30.23929504,   -2.46428129,   -1.43376523,     -2.61423049,  -12.34647966,   -9.35892088,   14.70538432,     87.9908262 ]]
/root/sim/music/out/Queen/Queen Rocks/08 Now I'm Here.mp3; [-579.43805  , 123.029686 , -10.391845 ,  40.497906 ,   1.7868154,    1.0805103,  -8.554261 ,  -3.072528 ,  -6.851267 ,  -1.714348 ,   -9.867529 ,  -6.04974  ,  -4.004785 ]; [[13411.87011627,-2044.70942751, -323.22919531, -214.62542452,    -12.12349402,  522.87068922,   89.99042032,   78.96034626,    142.50363218,  343.23163328,  204.19637749,   16.30445887,    144.47007617], [-2044.70942751, 1286.20423305, -355.23449836,   59.72498777,    -37.87927693, -181.49140013,   21.59375195,  -59.52718617,    -58.80961351,  -73.07715849,  -51.73348007,   14.04111294,    -44.26098149], [ -323.22919531, -355.23449836,  847.08909572,    0.58939766,     22.21804868,   59.88646229,  -56.99384193,   28.27100713,     11.51650201,    0.74694108,    2.77005653,  -45.93576435,     10.64411316], [ -214.62542452,   59.72498777,    0.58939766,  272.2785556 ,     28.09863899,  -15.38531013,  -17.05590109,    0.15939565,     62.58589542,  -16.23620518,  -21.83366973,   -7.7691799 ,     39.58887702], [  -12.12349402,  -37.87927693,   22.21804868,   28.09863899,    162.43180525,   20.67392991,   -8.60878861,   22.36760275,     19.74014271,   10.10429855,    8.37547939,   10.11147808,     12.06570365], [  522.87068922, -181.49140013,   59.88646229,  -15.38531013,     20.67392991,  189.76686033,   46.98061374,   16.10928002,     28.66119753,   18.35719085,   44.5289766 ,    5.64697575,     14.21686868], [   89.99042032,   21.59375195,  -56.99384193,  -17.05590109,     -8.60878861,   46.98061374,  141.44287693,   28.09590535,     14.21024527,   20.98298884,   19.07471072,    7.67411958,     -0.2003179 ], [   78.96034626,  -59.52718617,   28.27100713,    0.15939565,     22.36760275,   16.10928002,   28.09590535,   97.32134055,     20.82291296,    9.14423781,    6.04602883,    8.81545184,      7.22313919], [  142.50363218,  -58.80961351,   11.51650201,   62.58589542,     19.74014271,   28.66119753,   14.21024527,   20.82291296,    129.92863343,   34.88225013,    0.92186095,    0.54535165,     34.12091696], [  343.23163328,  -73.07715849,    0.74694108,  -16.23620518,     10.10429855,   18.35719085,   20.98298884,    9.14423781,     34.88225013,  107.14212717,   26.920484  ,    5.22840877,     13.54480545], [  204.19637749,  -51.73348007,    2.77005653,  -21.83366973,      8.37547939,   44.5289766 ,   19.07471072,    6.04602883,      0.92186095,   26.920484  ,   79.08906452,   26.90288954,      2.46423106], [   16.30445887,   14.04111294,  -45.93576435,   -7.7691799 ,     10.11147808,    5.64697575,    7.67411958,    8.81545184,      0.54535165,    5.22840877,   26.90288954,   67.57391568,     18.67906885], [  144.47007617,  -44.26098149,   10.64411316,   39.58887702,     12.06570365,   14.21686868,   -0.2003179 ,    7.22313919,     34.12091696,   13.54480545,    2.46423106,   18.67906885,     78.36260058]]
/root/sim/music/out/Queen/Queen Rocks/18 No-One But You (Only The Good Die Young).mp3; [-599.31036  , 135.05905  ,  11.310157 ,  14.08514  ,  -1.0169795,   -3.8580363,  -1.8865085,   3.074839 ,  -5.783651 ,   2.1711583,    1.4562775,   0.7503309,  -1.0738084]; [[21175.79045042, -759.40649   , -887.15000856, -569.97744603,   -286.97417417,  162.39744304,  128.87976782,  272.25937664,     -3.26886483,  153.05783751,  100.83381189,  118.77946906,     96.00767028], [ -759.40649   , 1744.58524239, -312.10662563,  172.63798381,     24.4262706 ,   12.41399786,    4.13594401,  -13.29614561,      3.07385836,  -57.21032902,  -16.21379365,   56.35665313,     27.27097123], [ -887.15000856, -312.10662563,  649.25141628,  -53.51375865,     82.72782578,   12.27282997,  -28.50265444,  -16.48757137,    -37.35479032,    9.71494091,   13.80550955,  -29.48122929,    -11.1606378 ], [ -569.97744603,  172.63798381,  -53.51375865,  424.67519555,     21.32590249,   49.15768869,   54.51728563,    2.02408131,     95.48246609,  -24.88279549,  -22.10425656,   37.95997394,     72.05198829], [ -286.97417417,   24.4262706 ,   82.72782578,   21.32590249,    232.75721247,   28.62226617,    7.58150616,   12.13029456,     33.63191709,   24.5957062 ,   -8.27354914,    6.99162449,     15.06636088], [  162.39744304,   12.41399786,   12.27282997,   49.15768869,     28.62226617,  211.14433996,   65.07635798,   20.19229093,     57.49514765,    0.76177787,   12.05020322,   40.52849227,     17.6229393 ], [  128.87976782,    4.13594401,  -28.50265444,   54.51728563,      7.58150616,   65.07635798,  185.39166954,   49.49944648,     43.04584622,   19.36159425,   20.65819499,   25.68972833,     28.77039405], [  272.25937664,  -13.29614561,  -16.48757137,    2.02408131,     12.13029456,   20.19229093,   49.49944648,  130.56551371,     25.87668295,   33.85412207,   23.23934717,   14.94597177,     19.88034577], [   -3.26886483,    3.07385836,  -37.35479032,   95.48246609,     33.63191709,   57.49514765,   43.04584622,   25.87668295,    169.61191206,   21.85033569,    0.74229416,   44.70586069,     20.94304878], [  153.05783751,  -57.21032902,    9.71494091,  -24.88279549,     24.5957062 ,    0.76177787,   19.36159425,   33.85412207,     21.85033569,  125.83018012,   50.12146988,   11.44262348,     -7.84013161], [  100.83381189,  -16.21379365,   13.80550955,  -22.10425656,     -8.27354914,   12.05020322,   20.65819499,   23.23934717,      0.74229416,   50.12146988,  100.37805703,   21.18562647,     -0.6557298 ], [  118.77946906,   56.35665313,  -29.48122929,   37.95997394,      6.99162449,   40.52849227,   25.68972833,   14.94597177,     44.70586069,   11.44262348,   21.18562647,  102.39125185,     32.81115372], [   96.00767028,   27.27097123,  -11.1606378 ,   72.05198829,     15.06636088,   17.6229393 ,   28.77039405,   19.88034577,     20.94304878,   -7.84013161,   -0.6557298 ,   32.81115372,    114.80688639]]
/root/sim/music/out/Queen/Queen Rocks/16 Headlong.mp3; [-553.22565  , 124.47254  ,   6.46119  ,  31.482986 ,   6.447912 ,   -6.3649826,  -3.1059072,   7.5402665,  -4.995084 ,   2.2633693,   -4.998231 ,  -1.0299134,   0.4788093]; [[ 5708.03952453,-1250.98000513,  -67.05690533, -207.93238714,    -14.28471477,  -67.03631149,  -83.66371866,  127.00218201,   -124.73697452,    1.37588681,    2.584801  ,  -98.07268357,    -30.04950163], [-1250.98000513, 1180.99267598, -304.84344135,  139.68778149,    -56.87986364,   -2.03736733,   69.84041998,  -76.4796488 ,     52.72352173,    6.34526585,    1.00419534,   79.00844313,     20.01993058], [  -67.05690533, -304.84344135,  633.02965401,  -27.17413908,     42.36707381,   68.82559839,  -54.66951902,    4.72539162,      7.18840667,  -38.97567801,  -18.27105275,  -37.79897459,    -25.94889884], [ -207.93238714,  139.68778149,  -27.17413908,  253.24959009,      7.36582128,  -20.6026632 ,  -44.18589442,  -57.75324107,     49.91280383,    8.6946983 ,  -32.54780359,    1.46143639,     11.19713433], [  -14.28471477,  -56.87986364,   42.36707381,    7.36582128,    151.86643871,   -9.91944969,  -23.55029461,   26.54273324,      8.76760954,   16.66961   ,   -7.51800311,  -26.93028501,     -6.95226988], [  -67.03631149,   -2.03736733,   68.82559839,  -20.6026632 ,     -9.91944969,  128.96448227,   39.92763182,   -7.13190554,      5.79577298,  -16.71383158,    4.03891081,    5.51766792,    -12.06630291], [  -83.66371866,   69.84041998,  -54.66951902,  -44.18589442,    -23.55029461,   39.92763182,  141.40517085,   36.86156581,    -15.28640548,  -10.22461838,   11.46957299,   14.81442909,     -0.55047236], [  127.00218201,  -76.4796488 ,    4.72539162,  -57.75324107,     26.54273324,   -7.13190554,   36.86156581,  140.3790167 ,     -1.083931  ,   13.95531771,   15.51054925,  -18.23376841,     -3.0777775 ], [ -124.73697452,   52.72352173,    7.18840667,   49.91280383,      8.76760954,    5.79577298,  -15.28640548,   -1.083931  ,    120.98554253,   31.66694092,   -0.28495104,    3.02105535,    -15.01270471], [    1.37588681,    6.34526585,  -38.97567801,    8.6946983 ,     16.66961   ,  -16.71383158,  -10.22461838,   13.95531771,     31.66694092,   96.29034053,   26.58651948,    1.59123569,     -1.78186486], [    2.584801  ,    1.00419534,  -18.27105275,  -32.54780359,     -7.51800311,    4.03891081,   11.46957299,   15.51054925,     -0.28495104,   26.58651948,   74.68932855,   25.35867408,      2.36274995], [  -98.07268357,   79.00844313,  -37.79897459,    1.46143639,    -26.93028501,    5.51766792,   14.81442909,  -18.23376841,      3.02105535,    1.59123569,   25.35867408,   81.58651067,     29.67942218], [  -30.04950163,   20.01993058,  -25.94889884,   11.19713433,     -6.95226988,  -12.06630291,   -0.55047236,   -3.0777775 ,    -15.01270471,   -1.78186486,    2.36274995,   29.67942218,     68.06217256]]
/root/sim/music/out/Queen/Queen Rocks/14 I'm In Love With My Car.mp3; [-550.561    , 115.799126 , -17.29671  ,  14.156734 ,   8.992268 ,   10.517356 ,   5.4834695,   4.5117054,   4.3296347,   6.257495 ,    2.8938189,   2.3691528,   4.2579665]; [[12653.15778879, -733.55511608, -352.39313195, -501.40635641,     -4.63751537,  108.90096846,  -45.41924699, -119.64057694,    -44.46113813, -103.40633932,  -74.09899686,   -5.60775208,    -30.09444071], [ -733.55511608,  826.39003825, -187.10186059,   85.96661837,     -2.50967483,  -47.6206397 ,    2.70009963,    5.3141271 ,    -18.68408892,   11.2260913 ,   16.54659557,  -17.8415745 ,    -14.15768424], [ -352.39313195, -187.10186059,  574.49488064,   33.51631396,    -29.89488628,   36.83492083,    0.38798591,    2.02365777,    -26.01961297,  -25.55208671,    3.63296138,    3.72565091,    -13.251992  ], [ -501.40635641,   85.96661837,   33.51631396,  362.1375981 ,     42.3254873 ,    4.1919403 ,  -82.85422236,   12.64729962,     36.83705203,   29.85896872,   -1.55222678,  -21.07109701,     -1.63433392], [   -4.63751537,   -2.50967483,  -29.89488628,   42.3254873 ,    192.59742527,   22.48672487,  -31.17751649,  -17.97230759,     19.07937812,   -0.72637809,  -15.4613922 ,   -4.06075762,      7.36632808], [  108.90096846,  -47.6206397 ,   36.83492083,    4.1919403 ,     22.48672487,  140.06431985,   46.53217015,   13.49705728,     -0.82796109,    5.61222743,    5.75572995,   -3.9839742 ,    -10.61125737], [  -45.41924699,    2.70009963,    0.38798591,  -82.85422236,    -31.17751649,   46.53217015,  167.25616006,   43.70789126,    -15.33431449,   -6.59709309,   14.80556505,   14.69386246,     -6.40920195], [ -119.64057694,    5.3141271 ,    2.02365777,   12.64729962,    -17.97230759,   13.49705728,   43.70789126,  110.95781662,     29.34801044,    7.70634048,    3.23745842,   -8.65016669,      1.4351289 ], [  -44.46113813,  -18.68408892,  -26.01961297,   36.83705203,     19.07937812,   -0.82796109,  -15.33431449,   29.34801044,     94.91572115,   35.02888151,  -11.02449224,   -6.12689184,      3.45651046], [ -103.40633932,   11.2260913 ,  -25.55208671,   29.85896872,     -0.72637809,    5.61222743,   -6.59709309,    7.70634048,     35.02888151,   85.2320481 ,   29.56579684,    2.42366265,      1.57639169], [  -74.09899686,   16.54659557,    3.63296138,   -1.55222678,    -15.4613922 ,    5.75572995,   14.80556505,    3.23745842,    -11.02449224,   29.56579684,   78.29691329,   26.73807872,     -3.21417943], [   -5.60775208,  -17.8415745 ,    3.72565091,  -21.07109701,     -4.06075762,   -3.9839742 ,   14.69386246,   -8.65016669,     -6.12689184,    2.42366265,   26.73807872,   64.40136855,     19.86847482], [  -30.09444071,  -14.15768424,  -13.251992  ,   -1.63433392,      7.36632808,  -10.61125737,   -6.40920195,    1.4351289 ,      3.45651046,    1.57639169,   -3.21417943,   19.86847482,     65.56441198]]
/root/sim/music/out/Queen/Queen Rocks/04 Seven Seas Of Rhye.mp3; [-547.69055   , 106.19489   ,  -7.200781  ,  26.883886  ,   0.86140984,   -0.1712075 ,  -4.6036243 ,  -1.1702795 ,  -7.648971  ,  -0.34360138,   -9.610746  ,  -7.794221  ,  -4.792744  ]; [[15471.01304283,  124.66292391,  667.95473526,  276.31161162,    255.44024693,  527.90606711,  432.78339935,  237.29489028,     92.83371598,   73.31881364,   39.51946648,  -44.81666305,      0.50044679], [  124.66292391,  902.45576497, -344.85469527,  238.41182276,    -44.04080101,  -79.03596046,  -41.45011016,   -8.94382745,    -28.55518811,    8.59750273,  -27.66321259,   -3.43141383,     29.96452968], [  667.95473526, -344.85469527,  697.69975556,  -20.34677798,    178.41543649,   49.82370156,   68.32757973,   20.0875879 ,     21.51130658,  -22.1052407 ,   12.02738199,   -8.91419265,    -15.59416143], [  276.31161162,  238.41182276,  -20.34677798,  280.95816371,     36.16226108,  -27.01120659,  -49.8156689 ,    6.71844093,     19.60989656,   10.6998425 ,   -7.86384517,   10.83449337,     44.94281821], [  255.44024693,  -44.04080101,  178.41543649,   36.16226108,    226.37207105,   15.45297996,   31.27379231,    8.9763485 ,      4.4205375 ,    0.43185213,  -16.13846621,  -11.50610197,     15.3144183 ], [  527.90606711,  -79.03596046,   49.82370156,  -27.01120659,     15.45297996,  195.61437592,   88.31750133,   42.45168807,     11.23611463,    2.18815512,   27.76872004,   -6.6005611 ,    -15.9367491 ], [  432.78339935,  -41.45011016,   68.32757973,  -49.8156689 ,     31.27379231,   88.31750133,  167.8657157 ,   45.73082296,      5.96985932,    5.87191735,   17.43361105,  -14.90887941,    -22.48590318], [  237.29489028,   -8.94382745,   20.0875879 ,    6.71844093,      8.9763485 ,   42.45168807,   45.73082296,   96.88728884,     37.43039998,   11.68176323,    7.79491263,    1.49169996,      9.77359168], [   92.83371598,  -28.55518811,   21.51130658,   19.60989656,      4.4205375 ,   11.23611463,    5.96985932,   37.43039998,     87.5421562 ,   30.23378453,   12.3786457 ,    4.62805927,     12.03676336], [   73.31881364,    8.59750273,  -22.1052407 ,   10.6998425 ,      0.43185213,    2.18815512,    5.87191735,   11.68176323,     30.23378453,   85.59466541,   29.43148963,   11.30843726,      5.27587697], [   39.51946648,  -27.66321259,   12.02738199,   -7.86384517,    -16.13846621,   27.76872004,   17.43361105,    7.79491263,     12.3786457 ,   29.43148963,   81.04407649,   27.24642252,      2.24112154], [  -44.81666305,   -3.43141383,   -8.91419265,   10.83449337,    -11.50610197,   -6.6005611 ,  -14.90887941,    1.49169996,      4.62805927,   11.30843726,   27.24642252,   74.88414279,     33.6706186 ], [    0.50044679,   29.96452968,  -15.59416143,   44.94281821,     15.3144183 ,  -15.9367491 ,  -22.48590318,    9.77359168,     12.03676336,    5.27587697,    2.24112154,   33.6706186 ,     84.4024676 ]]
/root/sim/music/out/Queen/Queen Rocks/09 Fat Bottomed Girls.mp3; [-575.5073    , 109.98053   , -24.444141  ,  32.80505   ,   4.0851345 ,   -0.9143052 ,  -0.24368465,  11.23905   ,  -3.875973  ,   1.8913867 ,   -6.116865  ,  -6.8655868 ,  -5.0180016 ]; [[15437.77802716,-2584.53736307,  850.33534745, -275.45224283,   -257.13974763,  223.76254691,  186.33169687,  290.48574068,   -409.83801006,  345.38976447,  217.83806395,   28.40569381,    266.45270715], [-2584.53736307, 1740.90400363, -598.65330122,  233.74311787,    102.53828018,  -60.9868416 ,  -75.73766552,  -72.52187842,    210.47589313, -130.50079834,  -87.97104213,  -25.27536887,    -98.16150503], [  850.33534745, -598.65330122,  858.7525937 ,  109.5019454 ,    184.67856749,  165.93507155,   78.7684554 ,   67.69848436,     27.45405251,   77.74781343,   68.01164097,   52.85778642,     81.11941262], [ -275.45224283,  233.74311787,  109.5019454 ,  459.36375502,    180.97502154,   82.14659124,  -64.5539677 ,    6.82135155,    178.54211625,    1.49306602,  -25.13506064,   -3.72200742,     22.02504358], [ -257.13974763,  102.53828018,  184.67856749,  180.97502154,    283.04319061,   76.73233137,    4.9958892 ,    1.95899019,    112.6651794 ,   26.06547465,    6.5462335 ,    5.81191926,     18.78885571], [  223.76254691,  -60.9868416 ,  165.93507155,   82.14659124,     76.73233137,  214.46762528,   85.32253481,   48.42639975,     57.38896553,    9.91402448,   47.438578  ,   26.42260671,     11.55909324], [  186.33169687,  -75.73766552,   78.7684554 ,  -64.5539677 ,      4.9958892 ,   85.32253481,  199.9472054 ,   93.09293823,    -19.05246896,    5.93427221,   56.15197341,   41.98947241,      9.02692301], [  290.48574068,  -72.52187842,   67.69848436,    6.82135155,      1.95899019,   48.42639975,   93.09293823,  130.52598625,     41.26060484,   20.72479682,   34.04495163,   27.71156031,     14.67867755], [ -409.83801006,  210.47589313,   27.45405251,  178.54211625,    112.6651794 ,   57.38896553,  -19.05246896,   41.26060484,    212.2716587 ,   23.06867398,   -5.9321141 ,   -3.39024647,     -3.02885294], [  345.38976447, -130.50079834,   77.74781343,    1.49306602,     26.06547465,    9.91402448,    5.93427221,   20.72479682,     23.06867398,   96.88875494,   35.66013665,   10.03695516,     19.77307783], [  217.83806395,  -87.97104213,   68.01164097,  -25.13506064,      6.5462335 ,   47.438578  ,   56.15197341,   34.04495163,     -5.9321141 ,   35.66013665,   87.68433819,   40.88711779,      9.79492461], [   28.40569381,  -25.27536887,   52.85778642,   -3.72200742,      5.81191926,   26.42260671,   41.98947241,   27.71156031,     -3.39024647,   10.03695516,   40.88711779,   71.23592229,     25.54895125], [  266.45270715,  -98.16150503,   81.11941262,   22.02504358,     18.78885571,   11.55909324,    9.02692301,   14.67867755,     -3.02885294,   19.77307783,    9.79492461,   25.54895125,     72.26684862]]
