/root/sim/music/out/Queen/Greatest Hits [Bonus Track]/18 手をとりあって (Let Us Cling Together).mp3; [-694.36664   , 155.67886   , -18.17683   ,  20.421246  ,  -8.477793  ,   -2.6730318 ,  -5.4701486 ,   2.3895638 , -12.410501  ,   6.526647  ,   -5.567262  ,  -0.57175994,  -4.760533  ]; [[19926.85380088,-1508.04955681, 1168.72806169,  966.94003409,    627.07041366,  950.90897668,  931.70598284,  903.8985413 ,     71.14338669,  237.53886097,  292.58701244,  -80.74788763,    -86.46399245], [-1508.04955681, 2050.01543475, -360.51137538,  -32.20452657,     30.31799406,    8.88456184,  -59.00996171,  -48.92531534,      4.80152541,    3.27778934,   -3.85005192,   -8.03205543,    -22.01013967], [ 1168.72806169, -360.51137538,  835.63679891,  288.18546275,    203.4986051 ,  279.96709105,  119.4061663 ,  122.98562398,     71.96237552,  -43.1204335 ,  -17.51544494,  -34.4371064 ,    -31.4467204 ], [  966.94003409,  -32.20452657,  288.18546275,  638.14130819,    257.47136649,  111.96379292,   41.00254481,   49.87514756,     71.38290228,  -11.94504442,  -68.23821677,    0.30190399,    -31.8446061 ], [  627.07041366,   30.31799406,  203.4986051 ,  257.47136649,    372.40293915,  106.09895635,   51.07236983,   42.66949645,     93.45484515,    2.92299448,    2.28959223,    6.60376954,     -8.54956869], [  950.90897668,    8.88456184,  279.96709105,  111.96379292,    106.09895635,  328.10743254,  112.83685646,   81.1503937 ,     88.47306065,   -2.32929672,   27.38131852,   -9.34019768,    -37.06664625], [  931.70598284,  -59.00996171,  119.4061663 ,   41.00254481,     51.07236983,  112.83685646,  250.70896922,   89.5818208 ,     51.91550379,   24.02392791,   35.99322464,   12.22006308,    -13.25350123], [  903.8985413 ,  -48.92531534,  122.98562398,   49.87514756,     42.66949645,   81.1503937 ,   89.5818208 ,  193.83556447,     10.77267363,   39.89824242,   21.3763291 ,  -11.39280288,     10.03057247], [   71.14338669,    4.80152541,   71.96237552,   71.38290228,     93.45484515,   88.47306065,   51.91550379,   10.77267363,    211.85656399,   20.33582576,   28.00579444,   36.01827557,     -4.17682839], [  237.53886097,    3.27778934,  -43.1204335 ,  -11.94504442,      2.92299448,   -2.32929672,   24.02392791,   39.89824242,     20.33582576,  137.66223335,   39.27938968,   32.33050835,      1.3476761 ], [  292.58701244,   -3.85005192,  -17.51544494,  -68.23821677,      2.28959223,   27.38131852,   35.99322464,   21.3763291 ,     28.00579444,   39.27938968,  129.7951119 ,   33.97329681,     17.97166831], [  -80.74788763,   -8.03205543,  -34.4371064 ,    0.30190399,      6.60376954,   -9.34019768,   12.22006308,  -11.39280288,     36.01827557,   32.33050835,   33.97329681,  119.93458982,     33.26953784], [  -86.46399245,  -22.01013967,  -31.4467204 ,  -31.8446061 ,     -8.54956869,  -37.06664625,  -13.25350123,   10.03057247,     -4.17682839,    1.3476761 ,   17.97166831,   33.26953784,    101.57291235]]
/root/sim/music/out/Queen/Greatest Hits [Bonus Track]/12 Good Old-Fashioned Lover Boy.mp3; [-632.2144   , 114.81871  , -10.30483  ,  12.612925 ,  -7.462821 ,   -5.5539136,   2.7186053,   7.3873725,  -9.023898 ,   3.26988  ,   -5.779593 ,  -2.2273827,  -3.295051 ]; [[16647.95080175, -509.70069611,  533.02111516,  529.45025597,   -294.60112522,  197.12809003,  421.17660536,  362.64437864,    155.70956951,  229.87956678,   69.75531555,   79.95150722,     -3.92025603], [ -509.70069611, 1848.14172028, -449.27874313,   54.84953849,     21.52740543,  -35.32683286, -111.01645748,    9.81870652,     27.46745554,  -79.56134499,    8.97730065,  -56.24075333,    -34.78530843], [  533.02111516, -449.27874313,  843.18323691,  165.79267415,    133.69839624,  226.02433798,   35.44802516,   16.58393275,     35.56358581,   -9.65663914,   -8.95464163,   -1.44345196,    -12.9857377 ], [  529.45025597,   54.84953849,  165.79267415,  441.73537627,    125.25378333,  187.62635014,   31.1602213 ,   42.75472255,     89.19611653,   -2.0924531 ,   11.51057059,  -27.94670175,      1.52764321], [ -294.60112522,   21.52740543,  133.69839624,  125.25378333,    362.18364687,  112.94202814,   39.4489489 ,    6.35341157,     62.95003251,   59.24190635,   -5.79584601,  -22.19739106,    -33.6039195 ], [  197.12809003,  -35.32683286,  226.02433798,  187.62635014,    112.94202814,  341.58010449,   72.30077061,   50.86502478,    120.25495367,    7.01594829,   51.88496593,   -6.62080273,    -29.00140231], [  421.17660536, -111.01645748,   35.44802516,   31.1602213 ,     39.4489489 ,   72.30077061,  334.88061165,   93.85564917,     29.18903282,   83.04044024,   22.4255402 ,   51.40667233,     -8.08529048], [  362.64437864,    9.81870652,   16.58393275,   42.75472255,      6.35341157,   50.86502478,   93.85564917,  161.54698522,     66.65047142,   42.66166867,   18.20519627,   -0.2311302 ,     -7.11383337], [  155.70956951,   27.46745554,   35.56358581,   89.19611653,     62.95003251,  120.25495367,   29.18903282,   66.65047142,    225.52011538,   53.23449697,   35.23658197,   -8.33434054,    -39.07387442], [  229.87956678,  -79.56134499,   -9.65663914,   -2.0924531 ,     59.24190635,    7.01594829,   83.04044024,   42.66166867,     53.23449697,  167.49722581,   38.64109178,   26.79555391,    -21.57747613], [   69.75531555,    8.97730065,   -8.95464163,   11.51057059,     -5.79584601,   51.88496593,   22.4255402 ,   18.20519627,     35.23658197,   38.64109178,  120.37382092,   39.83681243,      5.84435841], [   79.95150722,  -56.24075333,   -1.44345196,  -27.94670175,    -22.19739106,   -6.62080273,   51.40667233,   -0.2311302 ,     -8.33434054,   26.79555391,   39.83681243,  121.51381778,     45.68281596], [   -3.92025603,  -34.78530843,  -12.9857377 ,    1.52764321,    -33.6039195 ,  -29.00140231,   -8.08529048,   -7.11383337,    -39.07387442,  -21.57747613,    5.84435841,   45.68281596,    126.04959104]]
/root/sim/music/out/Queen/Greatest Hits [Bonus Track]/16 We Will Rock You.mp3; [-631.63715   , 121.10946   , -33.62333   ,  18.1763    ,   0.8122833 ,   -7.0729914 ,   3.1348863 ,   4.0615087 ,  -3.8360596 ,   8.927389  ,    0.19488966,   3.202316  ,   3.3928723 ]; [[23158.9247762 ,  614.49612692,-1755.75104959,  329.65861234,   -284.21010062, -603.59096874, -230.61629696,  -62.28950478,   -262.98011163,  393.43118136,  -92.2174689 ,   68.35755406,    157.43556608], [  614.49612692, 2179.74751868,  206.8377021 ,  377.90528764,   -100.64735264,   59.32797329,  189.9030946 ,    5.33772379,     36.41392254,  -24.46053156,  -12.87771344,   26.37744984,    -32.60767235], [-1755.75104959,  206.8377021 , 1208.56392832,  312.20729361,    357.72243784,  355.82996907,   83.20254342,  108.47453041,    184.82864169,  -28.61237969,   25.30214691,   13.83874605,      6.53300732], [  329.65861234,  377.90528764,  312.20729361,  688.86169497,    404.43851025,  131.98796029,   65.7268866 ,   63.28693047,    139.17378913,   93.48360498,  -49.49895469,  -17.90781508,     57.62112543], [ -284.21010062, -100.64735264,  357.72243784,  404.43851025,    567.18839061,  232.41155768,   52.59860856,  100.39903889,    135.66071515,   52.08783195,  -15.71675511,  -21.27257096,     51.69055616], [ -603.59096874,   59.32797329,  355.82996907,  131.98796029,    232.41155768,  329.81245746,  116.55239789,   90.71486775,    128.05598634,  -12.53827368,   49.41226797,   20.05411578,      7.43767173], [ -230.61629696,  189.9030946 ,   83.20254342,   65.7268866 ,     52.59860856,  116.55239789,  214.16603253,   93.79184963,     40.53988823,  -12.96518662,   20.77773889,   17.94333534,      5.99108858], [  -62.28950478,    5.33772379,  108.47453041,   63.28693047,    100.39903889,   90.71486775,   93.79184963,  146.21798997,     71.96035456,   -0.73098746,   15.01008729,    7.08363855,      5.48214308], [ -262.98011163,   36.41392254,  184.82864169,  139.17378913,    135.66071515,  128.05598634,   40.53988823,   71.96035456,    204.59163974,   54.13643157,   30.99671222,   24.32974167,     23.53994335], [  393.43118136,  -24.46053156,  -28.61237969,   93.48360498,     52.08783195,  -12.53827368,  -12.96518662,   -0.73098746,     54.13643157,  144.38665215,   29.91742191,   16.23353992,     25.31638276], [  -92.2174689 ,  -12.87771344,   25.30214691,  -49.49895469,    -15.71675511,   49.41226797,   20.77773889,   15.01008729,     30.99671222,   29.91742191,  101.49598083,   42.32423784,     -2.06453779], [   68.35755406,   26.37744984,   13.83874605,  -17.90781508,    -21.27257096,   20.05411578,   17.94333534,    7.08363855,     24.32974167,   16.23353992,   42.32423784,   79.23897224,     28.70843226], [  157.43556608,  -32.60767235,    6.53300732,   57.62112543,     51.69055616,    7.43767173,    5.99108858,    5.48214308,     23.53994335,   25.31638276,   -2.06453779,   28.70843226,     87.64310741]]
/root/sim/music/out/Queen/Greatest Hits [Bonus Track]/14 Flash.mp3; [-690.2933    , 136.82089   ,   0.51455784,  38.108627  ,   5.1588616 ,   20.374964  ,   5.6790643 ,  13.197302  ,   3.7478828 ,   7.528015  ,    3.1186695 ,  -0.11414468,  -2.4432082 ]; [[32040.59454905,-3171.13232398,-3587.7148641 , -347.30230296,   -881.32300187, -267.39301499, -295.2077391 ,  112.18033743,   -736.10491259,    6.42827365, -226.33271398,   75.6214646 ,     11.62895058], [-3171.13232398, 3088.75569879,  491.8165542 ,  220.97040351,    272.64967812,  208.59912619,   78.51379435,   11.50918547,    207.9101959 ,   10.77568053,  117.17506723,  -17.44375564,      2.33305181], [-3587.7148641 ,  491.8165542 , 1293.53380497,   96.55399104,    163.41456173,   72.93935588,   82.31421717,   24.5230558 ,    152.40797757,   82.29128398,   59.88918845,   33.83606732,      5.34847105], [ -347.30230296,  220.97040351,   96.55399104,  585.43769685,     16.60003751,  154.64658588,   -9.1566334 ,   43.71046868,     78.31919092,   13.03748413,   13.03355905,    2.70697571,     22.57780538], [ -881.32300187,  272.64967812,  163.41456173,   16.60003751,    265.24282137,   29.96870422,   51.04633894,    8.15009735,     42.79902773,   20.43594399,   23.13680745,   20.23259175,      2.1507631 ], [ -267.39301499,  208.59912619,   72.93935588,  154.64658588,     29.96870422,  235.01050198,   46.88073431,   52.69979321,     37.65393367,    7.39655831,   39.4881335 ,   23.79779262,     23.48717335], [ -295.2077391 ,   78.51379435,   82.31421717,   -9.1566334 ,     51.04633894,   46.88073431,  141.02645835,   49.49824584,     22.03146971,    2.63877938,   27.18418673,   26.32072164,     14.90766001], [  112.18033743,   11.50918547,   24.5230558 ,   43.71046868,      8.15009735,   52.69979321,   49.49824584,  110.10673247,     17.79392124,    9.72290894,   24.50186904,   11.5677029 ,     11.23697029], [ -736.10491259,  207.9101959 ,  152.40797757,   78.31919092,     42.79902773,   37.65393367,   22.03146971,   17.79392124,    122.11186382,   35.4887926 ,   14.69557186,   12.86337463,     18.71775673], [    6.42827365,   10.77568053,   82.29128398,   13.03748413,     20.43594399,    7.39655831,    2.63877938,    9.72290894,     35.4887926 ,   81.89074541,   25.6849124 ,   16.03798424,      9.74689432], [ -226.33271398,  117.17506723,   59.88918845,   13.03355905,     23.13680745,   39.4881335 ,   27.18418673,   24.50186904,     14.69557186,   25.6849124 ,   86.51432594,   30.27736178,     12.83354885], [   75.6214646 ,  -17.44375564,   33.83606732,    2.70697571,     20.23259175,   23.79779262,   26.32072164,   11.5677029 ,     12.86337463,   16.03798424,   30.27736178,   73.54052202,     29.87183407], [   11.62895058,    2.33305181,    5.34847105,   22.57780538,      2.1507631 ,   23.48717335,   14.90766001,   11.23697029,     18.71775673,    9.74689432,   12.83354885,   29.87183407,     62.89158316]]
/root/sim/music/out/Queen/Greatest Hits [Bonus Track]/01 Bohemian Rhapsody.mp3; [-714.01245  , 122.335884 , -16.336412 ,  29.677923 ,   5.891849 ,   -4.2352667,   5.3548226,   5.2177205,  -6.476393 ,   4.8308597,   -5.7359357,  -1.3730173,  -2.0422266]; [[28936.60888631,-2063.92008552,  599.7712638 , 1863.19765988,     78.17597926, 1323.94113113, 1158.61993873,  695.96197028,    435.29188405,  689.91000854,  471.29074609,  211.16829686,      5.60279769], [-2063.92008552, 2714.1833903 , -214.488104  ,   82.75922558,    196.98593934,  -67.48035397,   42.13879324,  -25.38082014,     94.48868471,  -25.89784667,   12.49766829,  -30.41680931,    -37.27803786], [  599.7712638 , -214.488104  , 1183.32783947,  277.40818242,    250.06632452,  461.71231422,  177.74365965,  176.29735711,    197.65641173,   32.22801657,   93.83964923,   40.71950091,    -14.85151412], [ 1863.19765988,   82.75922558,  277.40818242,  898.42248593,    335.10401777,  345.14539882,  144.68592968,  122.43291769,    222.80305075,   72.0033842 ,   61.46154545,   -2.4029606 ,     33.52982522], [   78.17597926,  196.98593934,  250.06632452,  335.10401777,    471.06270402,  241.64693843,   98.62090937,   84.07796943,    140.60856121,   60.69390481,    8.66925102,  -21.31330083,     -1.36679411], [ 1323.94113113,  -67.48035397,  461.71231422,  345.14539882,    241.64693843,  626.78399287,  278.29477134,  153.3612046 ,    229.52192585,   78.24588886,  157.99752619,   10.68632042,    -27.54400963], [ 1158.61993873,   42.13879324,  177.74365965,  144.68592968,     98.62090937,  278.29477134,  472.70236228,  180.89997942,    115.2326239 ,  119.56734098,   94.77519147,   61.92979785,    -42.18283131], [  695.96197028,  -25.38082014,  176.29735711,  122.43291769,     84.07796943,  153.3612046 ,  180.89997942,  235.29692274,    140.28135703,   60.92412336,   53.61446235,    5.4619844 ,     -3.00790004], [  435.29188405,   94.48868471,  197.65641173,  222.80305075,    140.60856121,  229.52192585,  115.2326239 ,  140.28135703,    316.05094703,   84.62391442,   86.53732735,    0.50452533,    -23.93367014], [  689.91000854,  -25.89784667,   32.22801657,   72.0033842 ,     60.69390481,   78.24588886,  119.56734098,   60.92412336,     84.62391442,  216.39670992,   63.31981168,   16.08157753,    -39.81010472], [  471.29074609,   12.49766829,   93.83964923,   61.46154545,      8.66925102,  157.99752619,   94.77519147,   53.61446235,     86.53732735,   63.31981168,  167.2816245 ,   40.18608322,     -0.42295378], [  211.16829686,  -30.41680931,   40.71950091,   -2.4029606 ,    -21.31330083,   10.68632042,   61.92979785,    5.4619844 ,      0.50452533,   16.08157753,   40.18608322,  133.2498679 ,     35.29988905], [    5.60279769,  -37.27803786,  -14.85151412,   33.52982522,     -1.36679411,  -27.54400963,  -42.18283131,   -3.00790004,    -23.93367014,  -39.81010472,   -0.42295378,   35.29988905,    128.08593789]]
/root/sim/music/out/Queen/Greatest Hits [Bonus Track]/03 Killer Queen.mp3; [-627.35736   , 104.35182   ,  -8.8031645 ,  33.59112   ,   0.88648945,    4.692533  ,  -2.9395611 ,   2.8159537 ,  -7.475215  ,   5.103859  ,   -4.9904165 ,  -1.0629989 ,  -3.8086772 ]; [[20878.12548134, 1762.93906515,  -47.63559641,  497.07930905,   -193.41313442,  158.88563919,   88.13491637,  150.46556212,   -151.32287065,   29.24507468, -133.71897584, -101.90938689,    -49.49054139], [ 1762.93906515, 1864.70480163, -309.64080473,   18.47254885,    -28.43040778,  -69.86817707,   70.05089876,  -34.35620544,    -29.08145924,   29.25233996,   28.20051488,   54.3837678 ,     34.53811115], [  -47.63559641, -309.64080473,  886.19110514,   38.22108809,    170.62171186,  241.94346639,   27.65123661,  106.08619376,     23.99207478,  -21.17159857,    7.10695432,   -9.76693225,     -9.64415817], [  497.07930905,   18.47254885,   38.22108809,  499.07130108,    157.05418461,   36.98330508,  -51.92644297,   14.39811059,     63.44657119,   33.90334422,   30.83903015,  -13.89726906,     24.68788673], [ -193.41313442,  -28.43040778,  170.62171186,  157.05418461,    379.95738125,   85.11703242,    2.88483884,   31.82647172,     25.0876003 ,   21.82758908,   -5.03098612,  -20.96456457,    -20.41016146], [  158.88563919,  -69.86817707,  241.94346639,   36.98330508,     85.11703242,  293.02080525,  130.52087098,   76.55269342,     22.31611012,  -22.20500613,   20.59444511,  -26.89809996,    -16.21332099], [   88.13491637,   70.05089876,   27.65123661,  -51.92644297,      2.88483884,  130.52087098,  269.64280255,  103.69834256,     18.85201727,  -17.09919918,   -1.07516939,   14.14856061,     10.67476249], [  150.46556212,  -34.35620544,  106.08619376,   14.39811059,     31.82647172,   76.55269342,  103.69834256,  178.05085804,     73.22008634,    2.14360494,  -12.68077536,  -12.18942027,      1.32838752], [ -151.32287065,  -29.08145924,   23.99207478,   63.44657119,     25.0876003 ,   22.31611012,   18.85201727,   73.22008634,    179.55891458,   61.46495355,   32.40644464,  -12.56095159,    -11.11089252], [   29.24507468,   29.25233996,  -21.17159857,   33.90334422,     21.82758908,  -22.20500613,  -17.09919918,    2.14360494,     61.46495355,  137.17408225,   50.94776208,    6.51102455,    -19.62342028], [ -133.71897584,   28.20051488,    7.10695432,   30.83903015,     -5.03098612,   20.59444511,   -1.07516939,  -12.68077536,     32.40644464,   50.94776208,  124.21917589,   36.80446831,     13.11830871], [ -101.90938689,   54.3837678 ,   -9.76693225,  -13.89726906,    -20.96456457,  -26.89809996,   14.14856061,  -12.18942027,    -12.56095159,    6.51102455,   36.80446831,  115.63161681,     57.13139462], [  -49.49054139,   34.53811115,   -9.64415817,   24.68788673,    -20.41016146,  -16.21332099,   10.67476249,    1.32838752,    -11.11089252,  -19.62342028,   13.11830871,   57.13139462,    120.51081959]]
/root/sim/music/out/Queen/Greatest Hits [Bonus Track]/09 Crazy Little Thing Called Love.mp3; [-648.6183    ,  97.09795   ,   8.941075  ,  33.137527  ,  10.165669  ,   -1.2740244 ,  -3.3691936 ,   1.146109  ,  -5.951438  ,  -0.15632176,   -5.607792  ,  -3.210918  ,  -4.933126  ]; [[22642.39086974,  584.0890423 ,  119.12796483,  287.1493424 ,     91.74158893,   21.30530112,  -59.38754196,   35.89582508,      0.56446118,   35.52461969,  -37.24093296,    0.78213622,   -131.82863334], [  584.0890423 , 1426.897582  ,  222.6063337 ,  176.89903648,    103.67423003,  -61.78173525,   54.55472477,  102.85094017,    -27.73297623,   45.98926675,   46.27963391,   33.57629601,     34.9390647 ], [  119.12796483,  222.6063337 , 1034.42557785,  265.92964015,    111.33444959,  192.08145159,  140.54699914,  -13.07723904,     76.2683215 ,   13.23620965,  -37.030512  ,   17.87483923,     24.76714826], [  287.1493424 ,  176.89903648,  265.92964015,  433.46828075,    210.45707447,  132.64588941,   11.61708857,   44.61189824,     86.79580847,    3.2572196 ,   30.26979706,   56.6913018 ,     65.87445963], [   91.74158893,  103.67423003,  111.33444959,  210.45707447,    268.72233954,   88.3438634 ,   -4.68991291,   24.85975018,     64.78488718,   16.14578567,   33.46263893,   36.69117452,     22.2445587 ], [   21.30530112,  -61.78173525,  192.08145159,  132.64588941,     88.3438634 ,  205.7623777 ,   75.92846988,   21.56439411,     67.83860589,   -2.10117505,    7.85789763,   28.93417693,     17.60836698], [  -59.38754196,   54.55472477,  140.54699914,   11.61708857,     -4.68991291,   75.92846988,  179.62127134,   62.01804503,     25.43660997,    9.98511536,    0.41487468,   11.19492232,      5.05599177], [   35.89582508,  102.85094017,  -13.07723904,   44.61189824,     24.85975018,   21.56439411,   62.01804503,  123.96769295,     44.52428878,   17.4659449 ,   31.33345196,   28.7567268 ,     19.21363185], [    0.56446118,  -27.73297623,   76.2683215 ,   86.79580847,     64.78488718,   67.83860589,   25.43660997,   44.52428878,    134.95113558,   42.41542331,   24.84246117,   31.07363277,      9.7593562 ], [   35.52461969,   45.98926675,   13.23620965,    3.2572196 ,     16.14578567,   -2.10117505,    9.98511536,   17.4659449 ,     42.41542331,  113.99104474,   42.08946774,    6.60722455,     -1.2392945 ], [  -37.24093296,   46.27963391,  -37.030512  ,   30.26979706,     33.46263893,    7.85789763,    0.41487468,   31.33345196,     24.84246117,   42.08946774,  104.10811823,   50.3190321 ,     18.09031436], [    0.78213622,   33.57629601,   17.87483923,   56.6913018 ,     36.69117452,   28.93417693,   11.19492232,   28.7567268 ,     31.07363277,    6.60722455,   50.3190321 ,  104.46587316,     50.84881646], [ -131.82863334,   34.9390647 ,   24.76714826,   65.87445963,     22.2445587 ,   17.60836698,    5.05599177,   19.21363185,      9.7593562 ,   -1.2392945 ,   18.09031436,   50.84881646,    106.19830927]]
/root/sim/music/out/Queen/Greatest Hits [Bonus Track]/05 Bicycle Race.mp3; [-620.8129   ,  72.03646  ,  -4.8885155,  31.133982 ,  10.384653 ,    9.908782 ,   6.251962 ,   4.7363586,  -6.454308 ,   4.9224324,   -6.33333  ,  -2.256896 ,  -5.996399 ]; [[24903.52801509, 2950.25113118,  528.66310901, 1240.29022948,      3.24802625, -493.57423078, -221.90384885,  530.83576142,    -41.49500378, -769.92255531,   13.70135935, -281.28015438,    192.29135658], [ 2950.25113118, 3413.97670672,  369.97954494,  659.0225591 ,    161.98745376, -283.31374997,   27.69159156,  215.27911044,     31.97578845, -321.06533677,  -53.50696361, -150.95899546,    174.10467444], [  528.66310901,  369.97954494, 1011.5017359 ,  238.44944375,    191.2749226 ,   23.99212378,  -53.33067431,  103.44232444,     30.12300979, -146.65260982,  -14.44488141,  -36.77256205,     68.38744805], [ 1240.29022948,  659.0225591 ,  238.44944375,  556.98218235,    139.22688175,  -12.17477488,  -49.32343755,   33.292581  ,     45.85238248, -119.90575568,    6.35145169,  -34.61085692,     83.90724861], [    3.24802625,  161.98745376,  191.2749226 ,  139.22688175,    285.43105801,   62.59804567,   16.10223031,   34.50515435,     19.80122458,   -8.53772856,  -17.64863481,  -18.1625571 ,     32.47525824], [ -493.57423078, -283.31374997,   23.99212378,  -12.17477488,     62.59804567,  286.82535498,  122.80244726,   -0.30457323,     14.14865977,   53.66012099,   33.49399382,   39.42159411,    -20.49833355], [ -221.90384885,   27.69159156,  -53.33067431,  -49.32343755,     16.10223031,  122.80244726,  235.49930814,   71.48485999,    -11.58715955,   36.9568744 ,   36.4993035 ,    7.09202558,    -19.92629685], [  530.83576142,  215.27911044,  103.44232444,   33.292581  ,     34.50515435,   -0.30457323,   71.48485999,  185.71619318,     16.43841679,  -36.810385  ,   23.59046287,  -14.3502593 ,     20.18302172], [  -41.49500378,   31.97578845,   30.12300979,   45.85238248,     19.80122458,   14.14865977,  -11.58715955,   16.43841679,    163.17027888,   38.5080453 ,    1.72492404,    7.79080943,      8.01212412], [ -769.92255531, -321.06533677, -146.65260982, -119.90575568,     -8.53772856,   53.66012099,   36.9568744 ,  -36.810385  ,     38.5080453 ,  239.50703458,   -6.75211984,   49.83691841,    -37.99347419], [   13.70135935,  -53.50696361,  -14.44488141,    6.35145169,    -17.64863481,   33.49399382,   36.4993035 ,   23.59046287,      1.72492404,   -6.75211984,  165.54566249,   16.42746545,     29.84910914], [ -281.28015438, -150.95899546,  -36.77256205,  -34.61085692,    -18.1625571 ,   39.42159411,    7.09202558,  -14.3502593 ,      7.79080943,   49.83691841,   16.42746545,  129.20345982,     11.97308726], [  192.29135658,  174.10467444,   68.38744805,   83.90724861,     32.47525824,  -20.49833355,  -19.92629685,   20.18302172,      8.01212412,  -37.99347419,   29.84910914,   11.97308726,    120.66260432]]
/root/sim/music/out/Queen/Greatest Hits [Bonus Track]/04 Fat Bottomed Girls.mp3; [-624.51416   ,  91.55946   , -21.71473   ,  32.172527  ,   7.1651587 ,    0.60025114,   3.031693  ,  12.361564  ,  -5.3598585 ,   4.2364645 ,   -5.997186  ,  -7.4735084 ,  -4.8759813 ]; [[25427.54360908,  345.06124568, -379.25111005,   18.25338619,   -132.76754713,   48.13435318,  228.05588303,  473.48470025,   -461.88426965,  103.10445185,   37.76679027,  -64.10954284,   -172.53080679], [  345.06124568, 1747.75667025, -415.86210608,  418.44216967,    217.70777099,   36.68511499,   17.97209753,  -14.81029695,    203.83805141,  -25.08175184,  -72.51127913,  -44.20927535,    -51.08713273], [ -379.25111005, -415.86210608,  802.64766774,  160.69071223,    190.36800734,  167.58395234,   54.41688174,   70.08801508,     91.93580453,   16.33250148,   55.42458978,   58.85654954,     40.77071295], [   18.25338619,  418.44216967,  160.69071223,  630.1809705 ,    254.94736715,  143.00919293,  -55.21355257,   26.91996589,    237.18751558,   30.05702044,  -32.73593133,  -14.00039484,     33.98994861], [ -132.76754713,  217.70777099,  190.36800734,  254.94736715,    361.08021357,   94.74946188,   12.20709743,   10.67231246,    162.48336424,   28.52674866,    1.642142  ,    1.67522045,     12.66536491], [   48.13435318,   36.68511499,  167.58395234,  143.00919293,     94.74946188,  284.06311195,  101.76865681,   69.43294017,    103.90866107,    5.38601391,   58.03893965,   31.99187872,      6.99944491], [  228.05588303,   17.97209753,   54.41688174,  -55.21355257,     12.20709743,  101.76865681,  236.7292512 ,  109.39655093,      1.44228671,   -6.97626784,   64.81438724,   51.58130506,     -0.23585374], [  473.48470025,  -14.81029695,   70.08801508,   26.91996589,     10.67231246,   69.43294017,  109.39655093,  152.33259901,     50.52645066,   23.16388996,   39.41280297,   30.78275841,     12.55190392], [ -461.88426965,  203.83805141,   91.93580453,  237.18751558,    162.48336424,  103.90866107,    1.44228671,   50.52645066,    260.96486485,   43.61775879,    3.59174896,   -3.80183418,      7.52126769], [  103.10445185,  -25.08175184,   16.33250148,   30.05702044,     28.52674866,    5.38601391,   -6.97626784,   23.16388996,     43.61775879,   95.73842731,   29.33420527,    9.74359613,      9.3536304 ], [   37.76679027,  -72.51127913,   55.42458978,  -32.73593133,      1.642142  ,   58.03893965,   64.81438724,   39.41280297,      3.59174896,   29.33420527,  101.50340176,   46.28626828,      6.33981368], [  -64.10954284,  -44.20927535,   58.85654954,  -14.00039484,      1.67522045,   31.99187872,   51.58130506,   30.78275841,     -3.80183418,    9.74359613,   46.28626828,   83.42513344,     26.21224627], [ -172.53080679,  -51.08713273,   40.77071295,   33.98994861,     12.66536491,    6.99944491,   -0.23585374,   12.55190392,      7.52126769,    9.3536304 ,    6.33981368,   26.21224627,     69.90963431]]
/root/sim/music/out/Queen/Greatest Hits [Bonus Track]/06 You're My Best Friend.mp3; [-601.7058   , 100.81137  , -12.934946 ,  40.91058  ,  -2.9925585,    7.1394825,   2.1124349,   0.9392875,  -3.5202174,  -0.8820296,   -6.8611045,  -1.538597 ,  -4.43898  ]; [[16561.19249669,-1382.7015806 ,  106.38841379, 1095.19883756,   -405.93218937,  484.17232439,  270.53534254,  113.92395639,     40.53632639,   66.25262285,  -48.78803706,  167.42297049,     61.0871379 ], [-1382.7015806 , 2077.20959815, -637.34838082, -257.2776752 ,    152.02335252, -222.21694479, -102.7571734 ,  -30.0327721 ,     -2.78055035,  -16.13407312,  -15.29281208,  -38.03575778,     -9.44255424], [  106.38841379, -637.34838082,  901.02342681,  194.66638363,      7.95010092,  127.5082695 ,   40.38469025,   74.88823489,     45.08924436,   51.54937651,   79.35349624,   27.25037602,     39.26451654], [ 1095.19883756, -257.2776752 ,  194.66638363,  394.36024589,     20.84314271,  145.08060978,   38.2865061 ,   54.83202549,     57.80529289,   22.76308696,   33.58197552,   25.8380167 ,     40.69977403], [ -405.93218937,  152.02335252,    7.95010092,   20.84314271,    212.77978097,   39.30858329,    9.68539314,   31.45860773,     35.74658036,   24.96182516,   12.66001562,   -6.74876499,      8.77349702], [  484.17232439, -222.21694479,  127.5082695 ,  145.08060978,     39.30858329,  297.06743451,  116.17163042,   58.8210168 ,     58.90930381,    2.95355661,   36.89729477,   12.86748788,     -0.69325725], [  270.53534254, -102.7571734 ,   40.38469025,   38.2865061 ,      9.68539314,  116.17163042,  160.25112834,   66.30040188,     19.21331474,   10.37728326,   26.69119437,   20.54255322,     -3.19733808], [  113.92395639,  -30.0327721 ,   74.88823489,   54.83202549,     31.45860773,   58.8210168 ,   66.30040188,  129.9650796 ,     63.25074653,   16.59921939,   25.7400389 ,   11.32289358,      7.8859548 ], [   40.53632639,   -2.78055035,   45.08924436,   57.80529289,     35.74658036,   58.90930381,   19.21331474,   63.25074653,    121.99682443,   30.14039063,   19.13562353,   11.1305468 ,     14.4200805 ], [   66.25262285,  -16.13407312,   51.54937651,   22.76308696,     24.96182516,    2.95355661,   10.37728326,   16.59921939,     30.14039063,  104.58182306,   41.78953475,   13.38757554,     11.01892904], [  -48.78803706,  -15.29281208,   79.35349624,   33.58197552,     12.66001562,   36.89729477,   26.69119437,   25.7400389 ,     19.13562353,   41.78953475,   99.30146793,   30.55655374,     11.84821456], [  167.42297049,  -38.03575778,   27.25037602,   25.8380167 ,     -6.74876499,   12.86748788,   20.54255322,   11.32289358,     11.1305468 ,   13.38757554,   30.55655374,   87.77227409,     37.57753277], [   61.0871379 ,   -9.44255424,   39.26451654,   40.69977403,      8.77349702,   -0.69325725,   -3.19733808,    7.8859548 ,     14.4200805 ,   11.01892904,   11.84821456,   37.57753277,     80.88805674]]
/root/sim/music/out/Queen/Greatest Hits [Bonus Track]/11 Now I'm Here.mp3; [-647.7528    , 121.15808   , -26.374062  ,  57.11003   ,   0.26438174,    6.019573  ,  -6.401133  ,  -2.9374244 ,  -5.821253  ,  -0.92537034,  -11.079399  ,  -6.513914  ,  -5.418028  ]; [[19424.98390324,-1110.21947065, -460.91540042,  422.90484089,    -36.07494971,  730.58870939,   13.04499491,  145.28516501,     93.53629641,  409.07213891,  130.26094123,   14.59511723,    116.40707493], [-1110.21947065, 1667.10569872, -442.78072541,  204.86214954,    -37.95407562, -198.25067889,   22.94735349,  -76.12678373,    -63.35499099,  -89.42951381,  -77.98338509,   -4.06181171,    -55.89758884], [ -460.91540042, -442.78072541,  881.22703948,  -53.51266904,     41.10587891,   57.81307075,  -49.65335316,   29.87303486,     16.87750844,    9.21527129,    8.53303558,  -44.70622882,     15.14569727], [  422.90484089,  204.86214954,  -53.51266904,  352.72987962,     16.80865296,   -5.27257968,  -22.43789773,   -3.29455012,     58.85355753,  -21.09224099,  -30.36381662,  -16.43016036,     32.74773324], [  -36.07494971,  -37.95407562,   41.10587891,   16.80865296,    165.85894707,   14.16395733,   -9.86028443,   21.0210286 ,     14.11835215,    8.22732239,    4.45716222,    7.58379899,      9.07093975], [  730.58870939, -198.25067889,   57.81307075,   -5.27257968,     14.16395733,  200.83844771,   40.03340392,   20.09397584,     25.03707605,   22.81630965,   43.23091851,    4.62227311,     13.51617587], [   13.04499491,   22.94735349,  -49.65335316,  -22.43789773,     -9.86028443,   40.03340392,  144.18798683,   22.77176388,     14.40875425,   17.2433446 ,   16.73946915,    5.18370712,     -2.6692129 ], [  145.28516501,  -76.12678373,   29.87303486,   -3.29455012,     21.0210286 ,   20.09397584,   22.77176388,   97.70435634,     15.50237638,   11.13399866,    5.11524792,    8.29796601,      5.62286492], [   93.53629641,  -63.35499099,   16.87750844,   58.85355753,     14.11835215,   25.03707605,   14.40875425,   15.50237638,    129.77528584,   30.0678982 ,    0.89810073,   -2.90017743,     32.6328908 ], [  409.07213891,  -89.42951381,    9.21527129,  -21.09224099,      8.22732239,   22.81630965,   17.2433446 ,   11.13399866,     30.0678982 ,  109.73532194,   25.44170032,    6.38876152,     11.47459369], [  130.26094123,  -77.98338509,    8.53303558,  -30.36381662,      4.45716222,   43.23091851,   16.73946915,    5.11524792,      0.89810073,   25.44170032,   79.88720162,   25.71925957,      3.73732559], [   14.59511723,   -4.06181171,  -44.70622882,  -16.43016036,      7.58379899,    4.62227311,    5.18370712,    8.29796601,     -2.90017743,    6.38876152,   25.71925957,   66.78182132,     17.71675034], [  116.40707493,  -55.89758884,   15.14569727,   32.74773324,      9.07093975,   13.51617587,   -2.6692129 ,    5.62286492,     32.6328908 ,   11.47459369,    3.73732559,   17.71675034,     78.03001688]]
/root/sim/music/out/Queen/Greatest Hits [Bonus Track]/17 We Are The Champions.mp3; [-627.4889   , 123.91795  , -12.722489 ,  20.262487 ,   2.5871062,   -2.9020731,   8.645051 ,  -0.5544652,  -8.377632 ,   9.548119 ,   -6.1668406,   2.8103354,  -1.7171587]; [[35895.21264591,-3421.86844857,-1485.19379896,  994.70063622,   -275.42127524,  137.58337928,  824.151389  ,  792.5045828 ,    183.39656255,  618.16079913,  343.67055702,  461.86956083,    373.81020168], [-3421.86844857, 2314.21506115,  -36.58642485,  -98.23862647,     11.87277024,  -56.06541986,   -8.43924394, -197.34749609,    -26.99669136,  -53.1813194 ,  -22.54757381,  -37.49823274,    -37.79066184], [-1485.19379896,  -36.58642485,  779.06931395,   47.06760152,      9.04372664,  102.43123334,  -59.7150638 ,  -26.42124188,    -16.28870779,  -75.40612652,   47.99302961,   -9.96311223,    -23.56784087], [  994.70063622,  -98.23862647,   47.06760152,  335.30890517,     92.14967731,   41.60461906,   -5.51493025,   38.01176224,     61.97184817,   29.43131056,   45.15378461,   21.18916953,     59.7510155 ], [ -275.42127524,   11.87277024,    9.04372664,   92.14967731,    293.94199626,   24.63582948,  -30.75059868,   42.28393336,     69.18617554,   70.9649621 ,    2.29792617,    2.83332282,     34.84001391], [  137.58337928,  -56.06541986,  102.43123334,   41.60461906,     24.63582948,  234.72739139,   77.63686757,   28.38730487,     48.59901168,    7.42984241,   54.12253608,   42.51325912,     24.93501028], [  824.151389  ,   -8.43924394,  -59.7150638 ,   -5.51493025,    -30.75059868,   77.63686757,  261.99015698,   76.22559471,     18.82792397,   39.28014481,   26.07166021,   58.41862807,     -2.17365481], [  792.5045828 , -197.34749609,  -26.42124188,   38.01176224,     42.28393336,   28.38730487,   76.22559471,  182.10812774,     40.29890888,   43.88822527,   20.80458641,   17.64123153,     40.06781274], [  183.39656255,  -26.99669136,  -16.28870779,   61.97184817,     69.18617554,   48.59901168,   18.82792397,   40.29890888,    161.07494223,   53.14140619,   24.35525973,   11.72470197,     29.30501789], [  618.16079913,  -53.1813194 ,  -75.40612652,   29.43131056,     70.9649621 ,    7.42984241,   39.28014481,   43.88822527,     53.14140619,  168.44623109,   23.55727568,   38.04521197,     15.74739114], [  343.67055702,  -22.54757381,   47.99302961,   45.15378461,      2.29792617,   54.12253608,   26.07166021,   20.80458641,     24.35525973,   23.55727568,  149.94478402,   33.57759879,     19.59047943], [  461.86956083,  -37.49823274,   -9.96311223,   21.18916953,      2.83332282,   42.51325912,   58.41862807,   17.64123153,     11.72470197,   38.04521197,   33.57759879,  109.56995355,     40.78941319], [  373.81020168,  -37.79066184,  -23.56784087,   59.7510155 ,     34.84001391,   24.93501028,   -2.17365481,   40.06781274,     29.30501789,   15.74739114,   19.59047943,   40.78941319,    120.11175291]]
/root/sim/music/out/Queen/Greatest Hits [Bonus Track]/07 Don't Stop Me Now.mp3; [-573.62573  ,  79.44771  , -16.364477 ,  24.599    ,  12.542491 ,    7.2161465,  11.568292 ,  11.403625 ,  -8.628302 ,   5.827738 ,   -3.399683 ,   0.8505291,  -0.4609144]; [[17988.48182616, -167.46466372,  560.42058099, 1217.79407319,    357.42776974,  798.98616158,  515.90555166,  691.2099906 ,    338.51270057,  277.06004235,  205.08613095, -114.16183562,    157.54078042], [ -167.46466372, 1429.12436399, -513.76800346, -117.58056461,      7.23369829, -193.0677625 ,   22.84623985,  -30.86087282,    -38.36361272,   32.39240977,  -26.61392151,   36.03571721,     -4.81519204], [  560.42058099, -513.76800346,  938.69662057,  275.92217003,     78.53759814,  334.81206353,  -31.79982087,   81.98275878,    164.38997155,  -37.83795533,  124.8343362 ,   14.02732266,     74.1609694 ], [ 1217.79407319, -117.58056461,  275.92217003,  531.5464295 ,    166.44336973,  234.18632701,   21.61578854,   97.81897847,    166.81930349,   21.4564842 ,  103.82487477,   -2.26637137,    124.95816051], [  357.42776974,    7.23369829,   78.53759814,  166.44336973,    245.0337576 ,  108.67790951,   24.44449644,   30.42967532,     61.71417089,   42.88481608,   31.34391907,   -0.71417069,     33.46406633], [  798.98616158, -193.0677625 ,  334.81206353,  234.18632701,    108.67790951,  376.83479467,   68.15135404,  100.93588274,    132.96514594,  -18.78184948,  123.27354334,    3.67763779,     62.31153928], [  515.90555166,   22.84623985,  -31.79982087,   21.61578854,     24.44449644,   68.15135404,  282.63024522,  114.0321292 ,      8.04462971,   45.15798659,   25.97405   ,    7.66416926,    -25.58675716], [  691.2099906 ,  -30.86087282,   81.98275878,   97.81897847,     30.42967532,  100.93588274,  114.0321292 ,  182.61684673,     61.21260485,   44.73505119,   48.27565962,    1.78464888,     24.82378857], [  338.51270057,  -38.36361272,  164.38997155,  166.81930349,     61.71417089,  132.96514594,    8.04462971,   61.21260485,    222.28449635,   16.87929007,   72.53289691,    1.97256764,     47.01144855], [  277.06004235,   32.39240977,  -37.83795533,   21.4564842 ,     42.88481608,  -18.78184948,   45.15798659,   44.73505119,     16.87929007,  138.4418588 ,   21.76211116,   20.38073514,      3.45621304], [  205.08613095,  -26.61392151,  124.8343362 ,  103.82487477,     31.34391907,  123.27354334,   25.97405   ,   48.27565962,     72.53289691,   21.76211116,  150.87556016,   29.80948382,     47.66725406], [ -114.16183562,   36.03571721,   14.02732266,   -2.26637137,     -0.71417069,    3.67763779,    7.66416926,    1.78464888,      1.97256764,   20.38073514,   29.80948382,   95.58430958,     43.51056389], [  157.54078042,   -4.81519204,   74.1609694 ,  124.95816051,     33.46406633,   62.31153928,  -25.58675716,   24.82378857,     47.01144855,    3.45621304,   47.66725406,   43.51056389,    142.96092578]]
