/root/sim/music/out/Queen/A Night At The Opera/04 You're My Best Friend.mp3; [-599.6625    ,  92.575096  ,   1.8243315 ,  40.976627  ,   0.6054433 ,    8.946962  ,   4.645344  ,   2.9106843 ,  -2.0335956 ,   0.34503192,   -5.8055906 ,  -0.6981554 ,  -3.811009  ]; [[16079.95444582,-1766.09453897,  413.01856208,  973.37765928,   -339.60820976,  479.24898431,  295.12214227,  138.08796926,     57.68784278,   80.26100942,  -32.79131271,  173.20853999,     72.76565672], [-1766.09453897, 2161.52825474, -695.73313358, -251.00624887,    144.94024843, -228.22841155, -106.55953559,  -34.78346865,      1.40094354,  -11.24516286,  -10.41339851,  -33.5562084 ,     -5.03138728], [  413.01856208, -695.73313358,  948.38163408,  206.6799213 ,      5.97864437,  138.93978585,   47.05237956,   80.26316223,     44.20019028,   51.71133117,   78.30244612,   28.18280813,     37.53740223], [  973.37765928, -251.00624887,  206.6799213 ,  374.69757765,     31.03762461,  136.84013384,   34.79441379,   55.01600868,     57.03538814,   21.81748135,   33.59008154,   24.57666318,     41.02790756], [ -339.60820976,  144.94024843,    5.97864437,   31.03762461,    209.93579547,   42.656836  ,   12.19502295,   31.80616498,     37.3617153 ,   25.66969685,   12.4901097 ,   -5.49819935,      8.40703905], [  479.24898431, -228.22841155,  138.93978585,  136.84013384,     42.656836  ,  297.35881659,  115.65208441,   59.46605311,     58.51382245,    1.81922357,   36.22458373,   11.68577707,     -2.3215594 ], [  295.12214227, -106.55953559,   47.05237956,   34.79441379,     12.19502295,  115.65208441,  160.61530384,   66.69876486,     19.46464986,   11.02153513,   26.42700217,   19.77765226,     -4.08224433], [  138.08796926,  -34.78346865,   80.26316223,   55.01600868,     31.80616498,   59.46605311,   66.69876486,  131.23834081,     64.07334479,   17.95454613,   26.06090631,   12.24901355,      7.75596306], [   57.68784278,    1.40094354,   44.20019028,   57.03538814,     37.3617153 ,   58.51382245,   19.46464986,   64.07334479,    122.78178163,   30.85986266,   19.131098  ,   11.16319113,     13.72569923], [   80.26100942,  -11.24516286,   51.71133117,   21.81748135,     25.66969685,    1.81922357,   11.02153513,   17.95454613,     30.85986266,  106.36460969,   42.01118996,   14.65727765,     11.6372053 ], [  -32.79131271,  -10.41339851,   78.30244612,   33.59008154,     12.4901097 ,   36.22458373,   26.42700217,   26.06090631,     19.131098  ,   42.01118996,   99.81364108,   30.52321598,     11.4378925 ], [  173.20853999,  -33.5562084 ,   28.18280813,   24.57666318,     -5.49819935,   11.68577707,   19.77765226,   12.24901355,     11.16319113,   14.65727765,   30.52321598,   88.38473755,     37.684443  ], [   72.76565672,   -5.03138728,   37.53740223,   41.02790756,      8.40703905,   -2.3215594 ,   -4.08224433,    7.75596306,     13.72569923,   11.6372053 ,   11.4378925 ,   37.684443  ,     81.71626691]]
/root/sim/music/out/Queen/A Night At The Opera/10 Good Company.mp3; [-671.81494   , 135.84831   ,  10.306249  ,  35.23571   ,  -5.1934814 ,   -5.627913  , -13.06006   ,   3.8855042 ,  -4.465842  ,  -1.4241132 ,    0.48067722,   0.48290843,   2.508617  ]; [[15412.56832187,-1686.88753055,  357.28867403, 1173.67418738,    -63.48905402,  923.70653812,  468.39938851,  321.76495029,    256.01526702,  404.89108345,  282.20783157,  396.04035324,     24.93643896], [-1686.88753055, 2196.68798697, -383.34344522, -367.6965417 ,     24.00984527, -215.76381988,  -77.23577567,   33.15496138,    -37.26962246, -110.34948852,    9.58698519,  -69.83010564,     -6.95249612], [  357.28867403, -383.34344522,  807.41539827,  235.26365129,    192.64899195,  198.9405279 ,  122.36798809,   83.82253101,     20.2176291 ,   97.47299532,   32.05046314,  -10.93128499,     46.23858263], [ 1173.67418738, -367.6965417 ,  235.26365129,  760.09125278,    219.56402201,  286.21228529,  156.21013074,   70.12583321,    153.58839688,   84.77723642,   43.28672831,   67.06377543,     14.38349062], [  -63.48905402,   24.00984527,  192.64899195,  219.56402201,    485.6548269 ,   67.4519756 ,   -3.5471545 ,   32.06134554,      1.42322609,   31.73492116,    6.03172641,  -45.80909538,     24.62417943], [  923.70653812, -215.76381988,  198.9405279 ,  286.21228529,     67.4519756 ,  409.96034575,  255.4856487 ,   84.85569276,    139.04968844,   70.06393057,   83.23200517,  109.2538378 ,     10.60613184], [  468.39938851,  -77.23577567,  122.36798809,  156.21013074,     -3.5471545 ,  255.4856487 ,  326.24658302,  137.48199185,    105.56844141,   56.95719964,   55.38784341,   83.70479127,     11.40490025], [  321.76495029,   33.15496138,   83.82253101,   70.12583321,     32.06134554,   84.85569276,  137.48199185,  224.25084592,     59.35492841,   49.83424933,   29.49417809,    6.91697428,     24.68001929], [  256.01526702,  -37.26962246,   20.2176291 ,  153.58839688,      1.42322609,  139.04968844,  105.56844141,   59.35492841,    293.89762023,   94.73496717,   56.40263896,  107.55510479,    -24.81363999], [  404.89108345, -110.34948852,   97.47299532,   84.77723642,     31.73492116,   70.06393057,   56.95719964,   49.83424933,     94.73496717,  209.42105261,   91.98298503,   39.89346239,      1.85216523], [  282.20783157,    9.58698519,   32.05046314,   43.28672831,      6.03172641,   83.23200517,   55.38784341,   29.49417809,     56.40263896,   91.98298503,  179.15233355,   97.89647294,     14.23042251], [  396.04035324,  -69.83010564,  -10.93128499,   67.06377543,    -45.80909538,  109.2538378 ,   83.70479127,    6.91697428,    107.55510479,   39.89346239,   97.89647294,  252.62893658,     41.3302833 ], [   24.93643896,   -6.95249612,   46.23858263,   14.38349062,     24.62417943,   10.60613184,   11.40490025,   24.68001929,    -24.81363999,    1.85216523,   14.23042251,   41.3302833 ,    123.57241657]]
/root/sim/music/out/Queen/A Night At The Opera/06 Sweet Lady.mp3; [-576.57385  , 101.13223  ,   8.434024 ,  32.972343 ,   7.3025618,    4.5030866,   7.4417467,  11.108304 ,   1.3086629,   6.234685 ,   -0.2454641,  -4.2896786,  -3.128773 ]; [[14709.66774662,  -96.58147251,  392.03771474,  568.17233071,    180.13257679,  -51.74190431,  -34.71624549,   -3.35204236,   -171.5422961 ,  170.95581153,  103.8417293 ,   79.2982336 ,     73.67774567], [  -96.58147251, 1504.44236519, -601.1149776 ,   72.75864827,    -69.5280208 ,  -39.70814087,   -8.24803751,    3.1805784 ,      7.24564933,   15.20862463,   30.41756216,  -37.77036087,    -16.21830038], [  392.03771474, -601.1149776 ,  807.13534657,  -11.77967582,     49.69045373,   94.67869896,    7.787992  ,  -10.14970546,     13.83771242,    1.15106157,   36.14679485,    0.194442  ,    -12.06871363], [  568.17233071,   72.75864827,  -11.77967582,  267.47663312,     90.80775536,  -48.42220628,  -36.89028584,   -9.17135285,     -3.00832083,   28.78163044,  -14.15837218,   22.6459461 ,     29.59188747], [  180.13257679,  -69.5280208 ,   49.69045373,   90.80775536,    173.15178592,    3.10684387,   -6.19854951,    9.71244689,      8.32276405,   17.89933661,  -12.33039341,   20.45327772,     28.54402782], [  -51.74190431,  -39.70814087,   94.67869896,  -48.42220628,      3.10684387,  132.86523264,   47.28280668,    7.99016293,     -3.03456543,  -14.25614483,   15.59335414,   -9.90038445,    -14.56983662], [  -34.71624549,   -8.24803751,    7.787992  ,  -36.89028584,     -6.19854951,   47.28280668,  133.00192312,   47.17246097,    -16.75313034,   -2.68177627,    0.25358286,    8.77313894,     -1.25508024], [   -3.35204236,    3.1805784 ,  -10.14970546,   -9.17135285,      9.71244689,    7.99016293,   47.17246097,   89.67258053,     30.69774777,    4.40387496,   -7.0827425 ,   -3.54174354,     -0.77898106], [ -171.5422961 ,    7.24564933,   13.83771242,   -3.00832083,      8.32276405,   -3.03456543,  -16.75313034,   30.69774777,    102.59190152,   27.97564294,    1.83982457,  -15.52331342,     -8.64630787], [  170.95581153,   15.20862463,    1.15106157,   28.78163044,     17.89933661,  -14.25614483,   -2.68177627,    4.40387496,     27.97564294,   89.14812889,   27.6392494 ,    4.4536667 ,     -4.045316  ], [  103.8417293 ,   30.41756216,   36.14679485,  -14.15837218,    -12.33039341,   15.59335414,    0.25358286,   -7.0827425 ,      1.83982457,   27.6392494 ,   77.35010044,   13.58184385,     -7.95048905], [   79.2982336 ,  -37.77036087,    0.194442  ,   22.6459461 ,     20.45327772,   -9.90038445,    8.77313894,   -3.54174354,    -15.52331342,    4.4536667 ,   13.58184385,   66.79167642,     32.35537547], [   73.67774567,  -16.21830038,  -12.06871363,   29.59188747,     28.54402782,  -14.56983662,   -1.25508024,   -0.77898106,     -8.64630787,   -4.045316  ,   -7.95048905,   32.35537547,     65.57396174]]
/root/sim/music/out/Queen/A Night At The Opera/02 Lazing On A Sunday Afternoon.mp3; [-663.96356  , 112.41031  , -20.871086 ,  42.702473 ,  18.052105 ,   -6.274455 ,   1.9141351,   8.408842 ,  -8.193248 ,  -4.017968 ,    3.1568708,   2.4316766,  -2.0477457]; [[15699.79703293, -956.81129708, 1498.19946272, 1085.581569  ,    363.14056354,  486.84385496,  -24.57003036,   97.22994648,    -97.91534781,  341.16079042,   41.45808115, -226.20744635,   -451.41051761], [ -956.81129708, 1755.6866814 , -348.88607045,   91.49678806,    177.89943079,   35.99479931,  177.37704321,   73.08396235,     85.4625124 ,   48.27811919,    7.96526538,   17.58501076,     55.97922045], [ 1498.19946272, -348.88607045, 1058.87340264,  227.45618714,    187.97150306,  318.77674102,  112.46364166,  112.44451968,     90.1483816 ,    1.57625918,   -0.47221777,  -26.62083733,    -67.94507422], [ 1085.581569  ,   91.49678806,  227.45618714,  538.32527105,    357.88768081,  234.15970255,   22.79200396,   92.20096757,    136.58441786,   67.75535229,  -49.66905732, -114.52237082,    -70.29640275], [  363.14056354,  177.89943079,  187.97150306,  357.88768081,    909.72056951,  260.43860022,   98.47605704,  262.68196482,    150.3281151 ,  -61.41135852,  -58.48195138, -199.41217326,   -130.4617308 ], [  486.84385496,   35.99479931,  318.77674102,  234.15970255,    260.43860022,  448.03448638,  124.82719761,   84.65490249,    172.65148121,   74.44900726,  -24.91558684,  -73.89230399,    -72.08463478], [  -24.57003036,  177.37704321,  112.46364166,   22.79200396,     98.47605704,  124.82719761,  337.84209178,  174.06299202,     14.6278377 ,    7.60509622,   29.79951039,    2.17102975,     -8.78884045], [   97.22994648,   73.08396235,  112.44451968,   92.20096757,    262.68196482,   84.65490249,  174.06299202,  326.58948637,     95.18879851,  -41.61353804,   -2.87094638,  -79.89721531,    -45.71644906], [  -97.91534781,   85.4625124 ,   90.1483816 ,  136.58441786,    150.3281151 ,  172.65148121,   14.6278377 ,   95.18879851,    281.66993477,  104.23785935,  -25.35709017,  -53.67098856,    -46.45396588], [  341.16079042,   48.27811919,    1.57625918,   67.75535229,    -61.41135852,   74.44900726,    7.60509622,  -41.61353804,    104.23785935,  263.98632382,   57.09043643,   28.79609418,      8.43366398], [   41.45808115,    7.96526538,   -0.47221777,  -49.66905732,    -58.48195138,  -24.91558684,   29.79951039,   -2.87094638,    -25.35709017,   57.09043643,  158.41679461,   91.16595422,     23.623491  ], [ -226.20744635,   17.58501076,  -26.62083733, -114.52237082,   -199.41217326,  -73.89230399,    2.17102975,  -79.89721531,    -53.67098856,   28.79609418,   91.16595422,  225.2424567 ,    102.32796752], [ -451.41051761,   55.97922045,  -67.94507422,  -70.29640275,   -130.4617308 ,  -72.08463478,   -8.78884045,  -45.71644906,    -46.45396588,    8.43366398,   23.623491  ,  102.32796752,    174.42504771]]
/root/sim/music/out/Queen/The Works/06 I Want To Break Free.mp3; [-652.0664    ,  89.249565  ,  16.053537  ,  45.10515   ,  16.621773  ,   11.838995  ,   0.03891417,   9.349924  ,  -6.126657  ,   0.48639804,   -1.5197432 ,  -2.501418  ,  -1.8591172 ]; [[25392.28538883, -249.02010369,-1498.98785293,  -19.56239586,     89.03220057, -108.14433723, -101.02327681,  339.16677261,   -168.16086898,   25.31533891,  -30.04015103,  -57.35646424,     58.96486835], [ -249.02010369, 1420.03254919,  -28.56588339,   35.15279494,     -9.39915007,    3.44613259,  -29.21587518,   39.35070714,      3.11741593,  -10.72672677,  -42.45026489,  -31.02808667,    -12.77806694], [-1498.98785293,  -28.56588339, 1386.64852172,  371.0369288 ,    131.99260011,  186.62449703,  100.1722725 ,  -99.46420357,    111.91059499,   -8.42343881,   16.43659255,   41.25988027,    -49.58825437], [  -19.56239586,   35.15279494,  371.0369288 ,  599.10271959,    157.29492907,  111.73432978,  -32.21507184,  -74.75542098,     58.27793209,   -0.67195688,  -21.51574868,   -8.72825017,      9.22899339], [   89.03220057,   -9.39915007,  131.99260011,  157.29492907,    235.42215961,   57.58656257,  -14.03121015,  -19.48729406,     16.25171617,    8.79108131,  -11.81988033,    2.86014293,      4.23977463], [ -108.14433723,    3.44613259,  186.62449703,  111.73432978,     57.58656257,  187.82415646,   80.41009808,  -20.54456274,     21.16929189,  -12.54491679,   16.08877836,    3.42205243,    -21.83987869], [ -101.02327681,  -29.21587518,  100.1722725 ,  -32.21507184,    -14.03121015,   80.41009808,  189.33355086,   47.39839949,      7.3210073 ,    3.57982535,   30.0451878 ,    3.99340181,    -25.10457009], [  339.16677261,   39.35070714,  -99.46420357,  -74.75542098,    -19.48729406,  -20.54456274,   47.39839949,  166.1081819 ,    -18.8558005 ,   26.53650036,    2.92625858,  -11.78987837,      6.70148383], [ -168.16086898,    3.11741593,  111.91059499,   58.27793209,     16.25171617,   21.16929189,    7.3210073 ,  -18.8558005 ,    153.04807081,   29.06940832,    4.21944314,    3.94906471,    -12.86596835], [   25.31533891,  -10.72672677,   -8.42343881,   -0.67195688,      8.79108131,  -12.54491679,    3.57982535,   26.53650036,     29.06940832,  109.14200638,   25.28258662,   -3.98564819,      7.6810281 ], [  -30.04015103,  -42.45026489,   16.43659255,  -21.51574868,    -11.81988033,   16.08877836,   30.0451878 ,    2.92625858,      4.21944314,   25.28258662,   93.1511185 ,   40.30600914,      4.36299023], [  -57.35646424,  -31.02808667,   41.25988027,   -8.72825017,      2.86014293,    3.42205243,    3.99340181,  -11.78987837,      3.94906471,   -3.98564819,   40.30600914,   86.94200968,     25.59597021], [   58.96486835,  -12.77806694,  -49.58825437,    9.22899339,      4.23977463,  -21.83987869,  -25.10457009,    6.70148383,    -12.86596835,    7.6810281 ,    4.36299023,   25.59597021,     82.6062596 ]]
/root/sim/music/out/Queen/The Works/05 Machines (Back To Humans).mp3; [-593.99084   , 113.89711   , -23.145708  ,  29.879694  ,   6.110742  ,    2.5084617 ,   1.9821223 ,   8.646707  ,  -2.8061085 ,   5.612656  ,   -1.6239854 ,  -1.3263729 ,   0.41838804]; [[18413.46875491, -512.85313207, -487.29048706, 1188.46893017,    450.01383953,  319.03027265,  242.49403875,  322.27802693,    243.98266309,  276.96080845,  131.37935398,  -59.86510939,     31.38874371], [ -512.85313207, 1577.85478321, -268.3931034 ,  -71.79337692,     23.7958554 ,   -3.09895754,   72.24097512,  -22.50304719,      5.53957852,   31.22903556,    3.20272132,   28.71084412,    -15.37977021], [ -487.29048706, -268.3931034 ,  872.97927226,   31.57214182,    -36.96937818,  104.16749472,  -13.2930073 ,   16.33104683,     68.98793011,  -29.59825466,   38.31765161,   31.1508652 ,    -14.28177314], [ 1188.46893017,  -71.79337692,   31.57214182,  498.70591863,    172.9641428 ,   33.80750821,   -3.10639863,   14.62003771,     98.47894377,   40.65868207,   -5.33009628,    8.99964911,     55.60068751], [  450.01383953,   23.7958554 ,  -36.96937818,  172.9641428 ,    297.6988545 ,   26.44049629,   59.02896985,    3.71328686,     61.05490765,   47.40840744,   -5.60529897,   18.02123861,     14.65703105], [  319.03027265,   -3.09895754,  104.16749472,   33.80750821,     26.44049629,  240.88632343,   89.30237552,   27.57891671,     70.27193573,    6.35258058,   49.96033015,    8.40696537,    -20.38913485], [  242.49403875,   72.24097512,  -13.2930073 ,   -3.10639863,     59.02896985,   89.30237552,  171.49141531,   57.10130378,     35.13635899,   20.14277154,   28.20937807,   17.2058323 ,    -16.04030708], [  322.27802693,  -22.50304719,   16.33104683,   14.62003771,      3.71328686,   27.57891671,   57.10130378,  146.0474049 ,     15.52039836,   30.94462316,   20.23208697,    2.16722927,     13.69867106], [  243.98266309,    5.53957852,   68.98793011,   98.47894377,     61.05490765,   70.27193573,   35.13635899,   15.52039836,    154.51109944,   34.47410973,   23.9832249 ,    7.76224002,     -5.70376081], [  276.96080845,   31.22903556,  -29.59825466,   40.65868207,     47.40840744,    6.35258058,   20.14277154,   30.94462316,     34.47410973,   99.97095758,   33.64917964,   11.07913602,      9.92652728], [  131.37935398,    3.20272132,   38.31765161,   -5.33009628,     -5.60529897,   49.96033015,   28.20937807,   20.23208697,     23.9832249 ,   33.64917964,   87.16013529,   22.96527577,      7.28224143], [  -59.86510939,   28.71084412,   31.1508652 ,    8.99964911,     18.02123861,    8.40696537,   17.2058323 ,    2.16722927,      7.76224002,   11.07913602,   22.96527577,   65.96286298,     24.87908889], [   31.38874371,  -15.37977021,  -14.28177314,   55.60068751,     14.65703105,  -20.38913485,  -16.04030708,   13.69867106,     -5.70376081,    9.92652728,    7.28224143,   24.87908889,     76.76398824]]
/root/sim/music/out/Queen/The Works/01 Radio Ga Ga.mp3; [-616.38696   , 120.76973   ,  -7.88249   ,  39.81654   ,   7.357923  ,   11.330544  ,   2.1863859 ,   8.191098  ,  -3.6987586 ,   4.9304967 ,   -0.19297256,   1.7107495 ,   1.2582543 ]; [[15469.63710983, -274.6766332 , -829.48909757, -371.583726  ,   -321.46177883, -471.05245281, -271.95096474,   38.21138219,   -290.59432669,   53.43171516, -133.39139336,  -51.88360471,     52.0932507 ], [ -274.6766332 , 2366.01340317,   24.21304914, -129.49596524,   -228.53694637,  -26.38588868,  -51.39493334,    5.76033262,    -44.78549053,  -10.92852772,   11.96134155,   -0.82164828,     22.33698721], [ -829.48909757,   24.21304914,  617.07587147,   88.20866869,     48.80943559,   67.65952833,   24.05303649,   16.39948419,     53.71364177,   -7.1805035 ,   24.69130946,   18.7497577 ,    -16.67220803], [ -371.583726  , -129.49596524,   88.20866869,  463.78212304,    149.11141143,  124.41661163,   49.49804742,    7.478837  ,     81.79417882,   17.67952571,   31.2937772 ,   16.43257086,      8.53267544], [ -321.46177883, -228.53694637,   48.80943559,  149.11141143,    268.37851688,   96.64385936,   53.4526211 ,   32.24778668,     52.44910434,   41.12597807,   15.96232579,    7.60631136,     11.53036327], [ -471.05245281,  -26.38588868,   67.65952833,  124.41661163,     96.64385936,  259.04492785,  108.40310118,   55.15948957,     65.33103798,   10.39736974,   45.2237998 ,   16.56358504,    -10.87574263], [ -271.95096474,  -51.39493334,   24.05303649,   49.49804742,     53.4526211 ,  108.40310118,  169.94136295,   67.91259524,     46.45590435,    9.39967464,   24.23627062,   20.34190823,    -10.64283969], [   38.21138219,    5.76033262,   16.39948419,    7.478837  ,     32.24778668,   55.15948957,   67.91259524,  139.96931539,     12.36241908,   45.29674339,   22.78390389,    9.2918517 ,     10.61199227], [ -290.59432669,  -44.78549053,   53.71364177,   81.79417882,     52.44910434,   65.33103798,   46.45590435,   12.36241908,    131.31430041,   24.45430177,   21.50568831,   14.19198481,      1.84660006], [   53.43171516,  -10.92852772,   -7.1805035 ,   17.67952571,     41.12597807,   10.39736974,    9.39967464,   45.29674339,     24.45430177,   97.95788967,   33.06540898,   15.38868676,     16.97013889], [ -133.39139336,   11.96134155,   24.69130946,   31.2937772 ,     15.96232579,   45.2237998 ,   24.23627062,   22.78390389,     21.50568831,   33.06540898,   76.26673517,   32.9968305 ,      8.25083519], [  -51.88360471,   -0.82164828,   18.7497577 ,   16.43257086,      7.60631136,   16.56358504,   20.34190823,    9.2918517 ,     14.19198481,   15.38868676,   32.9968305 ,   75.95821668,     24.86966873], [   52.0932507 ,   22.33698721,  -16.67220803,    8.53267544,     11.53036327,  -10.87574263,  -10.64283969,   10.61199227,      1.84660006,   16.97013889,    8.25083519,   24.86966873,     78.39036639]]
/root/sim/music/out/Queen/The Works/07 Keep Passing The Open Windows.mp3; [-589.98615  , 117.07988  ,  -3.109671 ,  36.571697 ,  11.122095 ,    4.379371 ,  -1.1438822,   7.989374 ,  -2.8745773,   5.265938 ,   -1.5898507,   1.8058511,   2.227328 ]; [[16999.09225708, -562.12675338, -820.42970627,   63.22832303,   -320.26895783,  -99.94406998,  -54.59941782,  119.82576873,   -174.96149279,    6.44223052, -124.27055247,  -28.68935212,     23.61231657], [ -562.12675338, 1655.54474038, -314.41248706,   32.74413442,    120.82102228,  -14.55452449,   24.5331956 ,   46.26200243,     21.9783848 ,   30.45731776,   53.10415629,   -2.26475335,     23.6656957 ], [ -820.42970627, -314.41248706,  863.31750875,   55.84651453,     46.38853586,   65.89617082,  -17.80107852,  -44.74363604,     48.44731904,   -4.12436326,    0.7022611 ,   40.19155098,    -10.03871192], [   63.22832303,   32.74413442,   55.84651453,  260.02257327,     62.78724359,  -19.54976202,  -31.3839103 ,  -28.25311171,     25.90467266,  -14.87991827,  -16.35828152,   20.10302306,     37.41489488], [ -320.26895783,  120.82102228,   46.38853586,   62.78724359,    204.8314743 ,    1.40082085,  -31.61102825,   16.36984747,     10.721584  ,   15.29500713,    3.18757425,   13.14026249,     25.14871134], [  -99.94406998,  -14.55452449,   65.89617082,  -19.54976202,      1.40082085,  178.00062955,   64.26496458,   -9.68466521,     15.33395949,   10.32552129,   22.0607974 ,  -11.90506794,    -24.41259117], [  -54.59941782,   24.5331956 ,  -17.80107852,  -31.3839103 ,    -31.61102825,   64.26496458,  136.57150784,   25.2759877 ,      6.94593359,   -7.29411631,   11.05884809,   -8.29801421,    -27.3583006 ], [  119.82576873,   46.26200243,  -44.74363604,  -28.25311171,     16.36984747,   -9.68466521,   25.2759877 ,  135.12573381,     -7.23589695,   19.27559402,    2.22032668,   -8.76178083,     12.51358811], [ -174.96149279,   21.9783848 ,   48.44731904,   25.90467266,     10.721584  ,   15.33395949,    6.94593359,   -7.23589695,    118.8128864 ,   18.26950655,   -0.50530728,    6.54267786,     -9.99225788], [    6.44223052,   30.45731776,   -4.12436326,  -14.87991827,     15.29500713,   10.32552129,   -7.29411631,   19.27559402,     18.26950655,   84.47346931,   29.16609591,    0.59908996,     -3.73688673], [ -124.27055247,   53.10415629,    0.7022611 ,  -16.35828152,      3.18757425,   22.0607974 ,   11.05884809,    2.22032668,     -0.50530728,   29.16609591,   85.9558296 ,   18.88829749,     -3.28703064], [  -28.68935212,   -2.26475335,   40.19155098,   20.10302306,     13.14026249,  -11.90506794,   -8.29801421,   -8.76178083,      6.54267786,    0.59908996,   18.88829749,   78.62506223,     27.40122909], [   23.61231657,   23.6656957 ,  -10.03871192,   37.41489488,     25.14871134,  -24.41259117,  -27.3583006 ,   12.51358811,     -9.99225788,   -3.73688673,   -3.28703064,   27.40122909,     82.90237563]]
/root/sim/music/out/Queen/The Works/02 Tear It Up.mp3; [-559.791     , 100.11822   , -20.7143    ,  26.530067  ,   9.513063  ,    6.302632  ,   0.15391707,  15.941012  ,   2.8361976 ,  10.314729  ,    1.8740283 ,   1.6810879 ,   4.5739675 ]; [[15639.08720654,  555.30266969, -472.6802758 ,  228.17177753,   -132.68410929,  175.72299549,  -16.4618443 ,  264.18801716,     -1.98142132,  140.28901554,   62.42805469,   35.64728352,     76.93397945], [  555.30266969, 1080.24165164, -144.68908141,   82.32819729,     70.65236751,   21.3117031 ,   46.57478724,   -3.01058689,     30.21058528,    2.56212758,  -11.94840542,    1.31960474,     -4.15764923], [ -472.6802758 , -144.68908141,  439.46519722,   77.88353458,     36.43292379,   30.88085903,  -12.77195881,  -20.13615978,      1.25585281,    1.28591645,   -1.45029006,   18.57809338,    -13.06263091], [  228.17177753,   82.32819729,   77.88353458,  232.27200723,     36.24317306,   36.09224226,   11.48761567,   -2.65450747,     48.22715482,   31.21757935,    4.17210937,   24.16340566,     21.15617834], [ -132.68410929,   70.65236751,   36.43292379,   36.24317306,    123.98178516,   20.06865121,    7.55852802,   15.56908526,      9.00561134,   13.00245875,    6.65447911,    5.25618252,      8.6179971 ], [  175.72299549,   21.3117031 ,   30.88085903,   36.09224226,     20.06865121,  137.95943517,   73.8874815 ,   28.52802328,     15.84636526,    2.16192411,   14.34855314,   10.99724748,    -10.1381265 ], [  -16.4618443 ,   46.57478724,  -12.77195881,   11.48761567,      7.55852802,   73.8874815 ,  147.52192441,   33.80655661,     30.2665987 ,   -5.24205289,    7.36242449,    9.8387453 ,    -11.53454802], [  264.18801716,   -3.01058689,  -20.13615978,   -2.65450747,     15.56908526,   28.52802328,   33.80655661,  122.86227931,     16.94359523,   26.50782873,    7.43928508,   -4.13945736,      6.68364401], [   -1.98142132,   30.21058528,    1.25585281,   48.22715482,      9.00561134,   15.84636526,   30.2665987 ,   16.94359523,    103.04746681,   36.50138116,    4.52209127,    3.71767133,     -5.38215894], [  140.28901554,    2.56212758,    1.28591645,   31.21757935,     13.00245875,    2.16192411,   -5.24205289,   26.50782873,     36.50138116,   79.03538579,   21.20523324,    6.57845791,      3.63905346], [   62.42805469,  -11.94840542,   -1.45029006,    4.17210937,      6.65447911,   14.34855314,    7.36242449,    7.43928508,      4.52209127,   21.20523324,   55.89620897,   23.85051731,      9.01468126], [   35.64728352,    1.31960474,   18.57809338,   24.16340566,      5.25618252,   10.99724748,    9.8387453 ,   -4.13945736,      3.71767133,    6.57845791,   23.85051731,   60.29636761,     24.42247414], [   76.93397945,   -4.15764923,  -13.06263091,   21.15617834,      8.6179971 ,  -10.1381265 ,  -11.53454802,    6.68364401,     -5.38215894,    3.63905346,    9.01468126,   24.42247414,     60.16031075]]
/root/sim/music/out/Queen/The Works/03 It's A Hard Life.mp3; [-625.77     , 138.07643  , -10.828465 ,  27.58803  ,   6.683249 ,    1.7526809,   4.2900305,   7.7213645,  -6.3969364,   7.7313023,   -4.341982 ,   1.173654 ,  -0.6229061]; [[23012.48281194,-1106.94233859, -740.00719641,  409.52296189,    178.4565863 , -241.34189464,  131.73433646,  526.9001208 ,   -129.84567119,  406.89755923,   77.62685844,  291.39139508,     59.83051411], [-1106.94233859, 1881.56534931, -431.51848288,  143.22012517,     22.56141075,   36.53316906,   57.22763887,  -51.58330379,     32.21747012,  -24.66463382,    4.77285916,  -38.63061044,     -0.02234546], [ -740.00719641, -431.51848288,  885.0648427 , -126.79785765,    111.3051641 ,   40.10974007,  -47.73622766,   -4.14514098,    -14.46774987,   18.51492424,  -33.1384414 ,   30.24421094,    -23.76736034], [  409.52296189,  143.22012517, -126.79785765,  354.49390388,     12.85514581,   60.90929613,  -13.24622661,  -27.85003366,     67.82984198,  -13.33616095,   27.25591694,   -8.39245291,     29.32407894], [  178.4565863 ,   22.56141075,  111.3051641 ,   12.85514581,    257.79997832,   -2.43161049,   -2.29099604,    2.69221362,     22.26261173,   60.75563762,  -19.3195533 ,   28.08914842,      8.13386441], [ -241.34189464,   36.53316906,   40.10974007,   60.90929613,     -2.43161049,  177.26306518,   31.35875793,    7.34164165,     35.50115415,  -11.87915646,   29.45666907,   -9.13164738,      1.28687022], [  131.73433646,   57.22763887,  -47.73622766,  -13.24622661,     -2.29099604,   31.35875793,  160.41304846,   54.4833777 ,     17.60661319,   19.10680753,   17.83624021,    7.81504876,     -4.26379246], [  526.9001208 ,  -51.58330379,   -4.14514098,  -27.85003366,      2.69221362,    7.34164165,   54.4833777 ,  167.27393257,      0.73688358,   42.77636311,   19.0457786 ,   13.19374142,     13.41057322], [ -129.84567119,   32.21747012,  -14.46774987,   67.82984198,     22.26261173,   35.50115415,   17.60661319,    0.73688358,    167.85158969,   14.00441165,   21.26095823,   -3.83085752,      1.13416248], [  406.89755923,  -24.66463382,   18.51492424,  -13.33616095,     60.75563762,  -11.87915646,   19.10680753,   42.77636311,     14.00441165,  136.12731246,   15.25584474,   20.40456469,     -3.91367249], [   77.62685844,    4.77285916,  -33.1384414 ,   27.25591694,    -19.3195533 ,   29.45666907,   17.83624021,   19.0457786 ,     21.26095823,   15.25584474,  105.08434088,   15.13086623,     13.60646937], [  291.39139508,  -38.63061044,   30.24421094,   -8.39245291,     28.08914842,   -9.13164738,    7.81504876,   13.19374142,     -3.83085752,   20.40456469,   15.13086623,   94.40993169,     16.30804851], [   59.83051411,   -0.02234546,  -23.76736034,   29.32407894,      8.13386441,    1.28687022,   -4.26379246,   13.41057322,      1.13416248,   -3.91367249,   13.60646937,   16.30804851,     85.71369648]]
/root/sim/music/out/Queen/The Works/08 Hammer To Fall.mp3; [-545.2838    , 116.04559   , -27.149624  ,  30.855442  ,  10.703294  ,    0.19601111,  -0.5443824 ,   5.262664  ,  -0.22689869,   4.0682535 ,   -4.5254908 ,  -2.2943833 ,  -1.097227  ]; [[15322.91798036, -198.94496913, -284.38342927,   41.22494143,   -196.54673883,   19.50950006,  -47.3880279 ,  177.03068027,   -145.88818026,  -42.13585658,  -22.61318004,  -85.96063816,   -101.2967846 ], [ -198.94496913, 1422.19808777, -437.96932446,  239.36459264,     53.59661615, -104.52643451,    8.6908457 ,  -46.54505578,     16.79914427,   40.68812993,  -32.94171411,   17.6512626 ,     22.54045519], [ -284.38342927, -437.96932446,  627.16230671,  -64.10524568,     42.11786545,   64.60166621,  -10.39698844,   -3.07142211,    -21.65619207,  -17.15953477,   15.78554704,    5.13447939,    -20.30098425], [   41.22494143,  239.36459264,  -64.10524568,  247.26729728,     49.1239399 ,  -10.48250172,  -20.31069394,  -36.16834965,     30.07596986,    6.79100688,   -9.00146888,   10.70378441,     23.53777918], [ -196.54673883,   53.59661615,   42.11786545,   49.1239399 ,    148.43288719,   23.98984522,    4.5075306 ,   10.6307428 ,     22.56523555,   22.12004067,    5.30078415,    5.40211347,     12.32849196], [   19.50950006, -104.52643451,   64.60166621,  -10.48250172,     23.98984522,  145.97822484,   46.6375437 ,   20.30395308,      4.36843979,   -7.75375719,   24.52097617,    4.23171405,      1.81272293], [  -47.3880279 ,    8.6908457 ,  -10.39698844,  -20.31069394,      4.5075306 ,   46.6375437 ,  125.16814784,   43.48984637,     10.18679161,    5.92088457,    4.16855926,    9.92763835,     -0.75258885], [  177.03068027,  -46.54505578,   -3.07142211,  -36.16834965,     10.6307428 ,   20.30395308,   43.48984637,  126.66071452,      8.48394297,   18.02750961,    4.80538785,  -14.32456721,      1.76054337], [ -145.88818026,   16.79914427,  -21.65619207,   30.07596986,     22.56523555,    4.36843979,   10.18679161,    8.48394297,    128.77177597,   26.8427946 ,    5.80854179,    2.3502133 ,      8.30449258], [  -42.13585658,   40.68812993,  -17.15953477,    6.79100688,     22.12004067,   -7.75375719,    5.92088457,   18.02750961,     26.8427946 ,   87.26524608,   25.11066672,    0.73359161,     -2.67211873], [  -22.61318004,  -32.94171411,   15.78554704,   -9.00146888,      5.30078415,   24.52097617,    4.16855926,    4.80538785,      5.80854179,   25.11066672,   75.25853243,   18.01255649,      6.92968748], [  -85.96063816,   17.6512626 ,    5.13447939,   10.70378441,      5.40211347,    4.23171405,    9.92763835,  -14.32456721,      2.3502133 ,    0.73359161,   18.01255649,   67.98411155,     25.12384048], [ -101.2967846 ,   22.54045519,  -20.30098425,   23.53777918,     12.32849196,    1.81272293,   -0.75258885,    1.76054337,      8.30449258,   -2.67211873,    6.92968748,   25.12384048,     67.55463178]]
/root/sim/music/out/Queen/The Works/09 Is This The World We Created _.mp3; [-791.99036  , 136.27362  ,  10.975478 ,  23.704552 ,  -1.5955529,  -13.588297 , -16.549934 ,  -3.8534088, -18.509068 ,  -5.4689245,  -11.692209 , -11.523415 , -10.017007 ]; [[23568.80991235,-1884.63810641,-2740.88846993, -999.14921598,   -127.83779404, -567.68981197, -314.5076438 ,  848.10616591,   -737.86943918,   91.15172536, -368.39648557, -291.83929923,   -269.57965652], [-1884.63810641, 2006.37017739,  195.69329651,   67.45764443,   -122.77929524, -115.02956765,   18.72903332, -118.11768079,     -6.69968888,  -58.1135956 ,   19.06222312,  -34.32830604,    -12.43091175], [-2740.88846993,  195.69329651, 1067.12477355,  261.13086332,     17.59215165,  146.43605611,   13.57460057, -153.47717489,    144.24141972,  -76.39373508,   24.14302277,   60.6377123 ,    -13.22484174], [ -999.14921598,   67.45764443,  261.13086332,  506.95870948,    165.83083013,  100.56440667,  -10.39764202,  -85.54646255,    110.85756606,  -13.18967294,    5.89898801,   -0.59569638,     48.09282609], [ -127.83779404, -122.77929524,   17.59215165,  165.83083013,    333.83404574,   53.47352371,  -29.78773047,    1.18584576,     42.34929113,   42.47918024,   11.96997411,    4.87999642,     44.28582578], [ -567.68981197, -115.02956765,  146.43605611,  100.56440667,     53.47352371,  277.11547563,   81.30500769,  -23.65185035,     72.54884133,   -2.83046613,   49.99072723,   28.26221458,      3.91626167], [ -314.5076438 ,   18.72903332,   13.57460057,  -10.39764202,    -29.78773047,   81.30500769,  255.78247391,   72.43792995,      7.87362688,    2.38032488,   43.92581612,   10.33497051,     15.08677373], [  848.10616591, -118.11768079, -153.47717489,  -85.54646255,      1.18584576,  -23.65185035,   72.43792995,  201.0129345 ,    -28.6029696 ,   29.01250084,    5.40250943,   -4.34684574,     15.09258855], [ -737.86943918,   -6.69968888,  144.24141972,  110.85756606,     42.34929113,   72.54884133,    7.87362688,  -28.6029696 ,    186.51100793,   14.70623258,   20.93560089,   14.08291396,      6.09057784], [   91.15172536,  -58.1135956 ,  -76.39373508,  -13.18967294,     42.47918024,   -2.83046613,    2.38032488,   29.01250084,     14.70623258,  152.45441442,   34.08210875,    8.05142581,     25.22087378], [ -368.39648557,   19.06222312,   24.14302277,    5.89898801,     11.96997411,   49.99072723,   43.92581612,    5.40250943,     20.93560089,   34.08210875,  137.13158959,   34.89743087,     24.00627956], [ -291.83929923,  -34.32830604,   60.6377123 ,   -0.59569638,      4.87999642,   28.26221458,   10.33497051,   -4.34684574,     14.08291396,    8.05142581,   34.89743087,  112.05404638,     22.87128309], [ -269.57965652,  -12.43091175,  -13.22484174,   48.09282609,     44.28582578,    3.91626167,   15.08677373,   15.09258855,      6.09057784,   25.22087378,   24.00627956,   22.87128309,    124.52220623]]
/root/sim/music/out/Queen/The Works/04 Man On The Prowl.mp3; [-574.4808    , 105.33698   ,  -6.6457467 ,  27.317045  ,   6.0856547 ,   10.168854  ,  -1.007202  ,   7.1249185 ,  -6.0478115 ,   1.2438431 ,   -4.004942  ,  -0.20003442,   1.4072384 ]; [[10483.8698573 ,  379.3633407 , -269.87389526,  145.76661946,    -55.38033417,   46.15433075,  -69.28960662,  -42.12579833,    -39.94186501,  -10.6025531 ,  -74.76095834,  -25.54014783,    -41.99094803], [  379.3633407 , 1001.76185588,  -51.46799627,   68.9785928 ,     14.24977468,   27.22774793,   58.66080225,   96.31975461,     34.99918914,   25.38171544,   25.79367348,   18.87767982,     31.02598781], [ -269.87389526,  -51.46799627,  535.84052686,  104.54413028,     46.71874044,   11.30395354,   25.70187635,    5.5473961 ,     53.09579466,   13.53753238,    1.22143469,   22.99476779,     -5.68146192], [  145.76661946,   68.9785928 ,  104.54413028,  235.73626621,     86.33998959,   73.85795766,   12.89165179,   -9.86957799,     65.83153969,   -2.45239648,   -5.89185116,   15.53706017,      4.70971439], [  -55.38033417,   14.24977468,   46.71874044,   86.33998959,    184.12529213,   81.8052291 ,   18.86918688,   -2.94059348,     56.36006564,   20.21569912,    2.3069051 ,   11.6005926 ,     -4.60060122], [   46.15433075,   27.22774793,   11.30395354,   73.85795766,     81.8052291 ,  185.16555519,   63.46835376,    5.91846539,     73.61175295,  -24.03453089,    2.55316373,   24.68123974,     -2.05505292], [  -69.28960662,   58.66080225,   25.70187635,   12.89165179,     18.86918688,   63.46835376,  153.89764552,   78.04282176,     46.3673    ,    6.18152707,   12.92356224,    9.91788478,     -3.5714474 ], [  -42.12579833,   96.31975461,    5.5473961 ,   -9.86957799,     -2.94059348,    5.91846539,   78.04282176,  150.06656387,      8.29300792,   43.02274482,   20.86282436,    5.17753391,     10.53360797], [  -39.94186501,   34.99918914,   53.09579466,   65.83153969,     56.36006564,   73.61175295,   46.3673    ,    8.29300792,    156.39818479,   16.20714928,    6.72450359,   19.8255125 ,    -14.25771089], [  -10.6025531 ,   25.38171544,   13.53753238,   -2.45239648,     20.21569912,  -24.03453089,    6.18152707,   43.02274482,     16.20714928,  103.35548105,   29.13152693,    6.73339839,     -3.61671427], [  -74.76095834,   25.79367348,    1.22143469,   -5.89185116,      2.3069051 ,    2.55316373,   12.92356224,   20.86282436,      6.72450359,   29.13152693,   63.95553703,   21.97666099,      6.14783159], [  -25.54014783,   18.87767982,   22.99476779,   15.53706017,     11.6005926 ,   24.68123974,    9.91788478,    5.17753391,     19.8255125 ,    6.73339839,   21.97666099,   66.68567912,     20.164704  ], [  -41.99094803,   31.02598781,   -5.68146192,    4.70971439,     -4.60060122,   -2.05505292,   -3.5714474 ,   10.53360797,    -14.25771089,   -3.61671427,    6.14783159,   20.164704  ,     63.07916732]]
