/root/sim/music/out/Oasis/Time Flies 1994-2009 [Disc 3]/3-14 Live Forever [Live].mp3; [-470.4137    , 117.77427   , -32.159966  ,  15.303463  ,  -3.896461  ,    5.4620366 ,   2.7221026 ,   2.4343994 ,   3.592642  ,   4.8355684 ,    0.15827206,   4.4596004 ,  -5.778873  ]; [[3466.81041593, 868.83988461, 478.88235337, 779.78276452, 466.49263976,   392.49610462, 104.68669364,-171.47606828,  17.04809731,  -8.74067932,   -27.53444767, 138.50264378,  11.37771594], [ 868.83988461, 676.02026153,  -7.7788765 , 318.96700909,  89.29388445,    90.1139736 ,   4.90958435, -79.23123426, -15.2029534 , -12.7791312 ,   -24.85953477,  45.77388657,   2.91572306], [ 478.88235337,  -7.7788765 , 546.51126082, 209.92696754, 160.63186636,   107.01968787,  60.77789117, -22.36652615,   5.75796907,  14.75895183,     9.31588425,  16.75758837,   7.27690471], [ 779.78276452, 318.96700909, 209.92696754, 498.70889282, 207.14572543,   164.02294484,  90.5730376 , -50.96488465,   6.95366488,  15.11792521,     2.93911253,  57.80125122,  18.22126601], [ 466.49263976,  89.29388445, 160.63186636, 207.14572543, 171.08216397,   105.09258526,  50.32524406, -28.20463516,   8.32882555,   9.7559213 ,     5.02929601,  27.5443425 ,   8.36411989], [ 392.49610462,  90.1139736 , 107.01968787, 164.02294484, 105.09258526,   138.79721264,  69.70469159,  -6.85551023,   7.00259933,  10.26835601,     6.97423357,  30.14768008,   5.10407305], [ 104.68669364,   4.90958435,  60.77789117,  90.5730376 ,  50.32524406,    69.70469159, 106.58501972,  29.59603878,  14.95299168,   9.76705252,     7.51777457,  15.35348268,   6.63021092], [-171.47606828, -79.23123426, -22.36652615, -50.96488465, -28.20463516,    -6.85551023,  29.59603878,  71.80850646,  25.92644968,  10.92913118,     4.06806629,  -7.63036698,   0.00339251], [  17.04809731, -15.2029534 ,   5.75796907,   6.95366488,   8.32882555,     7.00259933,  14.95299168,  25.92644968,  56.88120619,  23.6243808 ,     6.11819062,   0.30492733,  -0.31184119], [  -8.74067932, -12.7791312 ,  14.75895183,  15.11792521,   9.7559213 ,    10.26835601,   9.76705252,  10.92913118,  23.6243808 ,  54.37168782,    22.99643308,   5.91853126,  -0.43739459], [ -27.53444767, -24.85953477,   9.31588425,   2.93911253,   5.02929601,     6.97423357,   7.51777457,   4.06806629,   6.11819062,  22.99643308,    47.7361176 ,  20.18439339,   0.90888629], [ 138.50264378,  45.77388657,  16.75758837,  57.80125122,  27.5443425 ,    30.14768008,  15.35348268,  -7.63036698,   0.30492733,   5.91853126,    20.18439339,  54.40898886,  15.75809365], [  11.37771594,   2.91572306,   7.27690471,  18.22126601,   8.36411989,     5.10407305,   6.63021092,   0.00339251,  -0.31184119,  -0.43739459,     0.90888629,  15.75809365,  38.93972079]]
/root/sim/music/out/Oasis/Time Flies 1994-2009 [Disc 3]/3-10 Half The World Away [Live].mp3; [-505.36017   , 126.60357   ,   0.47394165,  11.415902  ,   3.8955197 ,    0.63525045,  -5.6912637 ,  -1.6007271 ,  -1.180906  ,  -3.2582757 ,   -0.00938675,  -2.6585238 ,  -4.5018063 ]; [[2995.42001268,-785.47670236,-172.88517312,-123.66637868, -17.07927577,    93.80759021, -41.90562454, -91.40531754,  79.37925039, -18.54435956,    29.79529595, -46.75961478, -27.82335812], [-785.47670236, 967.84984208, 231.73318108, 213.39942561, 127.11782127,    36.56889352,  52.09996992, -33.38341934, -26.60711825,  -3.17914195,     8.75890076,  38.3683167 ,  18.45768929], [-172.88517312, 231.73318108, 685.86190428, 217.49270138, 147.80175597,    69.78789056,  15.20518603, -55.11801739, -14.93621363,   6.48850291,    -7.18011179,  55.89444859,  19.72711422], [-123.66637868, 213.39942561, 217.49270138, 290.38478501, 163.54874983,    36.05272259, -27.9222955 , -37.0157691 ,  -4.95560061,   2.69909548,   -14.4612363 ,   9.14986794,  40.92487705], [ -17.07927577, 127.11782127, 147.80175597, 163.54874983, 228.62376024,    19.77188501, -35.99542513, -36.93623926,   3.09636106,  10.60027576,   -11.19847813,   6.08673968,  37.32907366], [  93.80759021,  36.56889352,  69.78789056,  36.05272259,  19.77188501,   131.57949924,  41.20680581, -18.15836262,  20.73810792,  10.52410521,    15.59865754,  14.9316415 ,  -8.65272239], [ -41.90562454,  52.09996992,  15.20518603, -27.9222955 , -35.99542513,    41.20680581, 137.20868999,  19.50774106,  -2.75074827,   3.14464241,     7.30469599,  18.61414182, -13.03723211], [ -91.40531754, -33.38341934, -55.11801739, -37.0157691 , -36.93623926,   -18.15836262,  19.50774106, 102.97921247,   8.27016566,   6.01971573,     3.77977627,  -0.82753521,   3.36148266], [  79.37925039, -26.60711825, -14.93621363,  -4.95560061,   3.09636106,    20.73810792,  -2.75074827,   8.27016566,  80.73661074,  18.41909433,    14.48586789,   3.73771863,  -0.55812054], [ -18.54435956,  -3.17914195,   6.48850291,   2.69909548,  10.60027576,    10.52410521,   3.14464241,   6.01971573,  18.41909433,  67.06798482,    22.44509586,   7.14539789,   6.2802173 ], [  29.79529595,   8.75890076,  -7.18011179, -14.4612363 , -11.19847813,    15.59865754,   7.30469599,   3.77977627,  14.48586789,  22.44509586,    61.68374613,  19.00182952,   0.21319823], [ -46.75961478,  38.3683167 ,  55.89444859,   9.14986794,   6.08673968,    14.9316415 ,  18.61414182,  -0.82753521,   3.73771863,   7.14539789,    19.00182952,  70.35538248,  15.1312011 ], [ -27.82335812,  18.45768929,  19.72711422,  40.92487705,  37.32907366,    -8.65272239, -13.03723211,   3.36148266,  -0.55812054,   6.2802173 ,     0.21319823,  15.1312011 ,  65.3800002 ]]
/root/sim/music/out/Oasis/Time Flies 1994-2009 [Disc 3]/3-16 Champagne Supernova [Live].mp3; [-471.47537   , 130.86595   , -26.10936   ,  14.823825  ,  -4.780753  ,    4.8729777 ,   0.48735356,  -1.399113  ,   1.7150255 ,   1.1607263 ,   -1.7792091 ,   3.2075646 ,  -5.5760913 ]; [[7231.82152172, 664.26518029,  89.92517906, 419.54482184, 201.61634124,   242.6108497 , 132.0942726 , -83.81891986,  66.00556753, 110.73220993,   102.31854967, 159.37290738,  18.05935482], [ 664.26518029, 843.88984752,  -0.99809302, 131.56192823,  21.55486156,    13.58640667, -10.39384554, -62.02088842,   1.88655435, -26.21802982,   -20.70376992,  15.8568679 ,  -2.25000009], [  89.92517906,  -0.99809302, 468.3174864 ,  20.3626854 ,  43.99997873,    17.89804632, -37.69133755,  -5.06499523, -23.45460825, -13.44033079,   -20.84484581, -37.56692776,  -4.63618828], [ 419.54482184, 131.56192823,  20.3626854 , 264.04578539, 103.92161401,    63.52160168,  59.78713011, -16.72136156,   8.68718894,  17.86460386,     8.2681815 ,  19.55381282,   7.28453442], [ 201.61634124,  21.55486156,  43.99997873, 103.92161401, 128.07487156,    64.08472267,  44.02471381,  -8.5523799 ,  11.72050383,  12.98922   ,    17.87045079,  21.02484014,  16.64428027], [ 242.6108497 ,  13.58640667,  17.89804632,  63.52160168,  64.08472267,   102.69134127,  50.03161858,  -1.7320021 ,   5.47902931,   8.42790274,    11.78851532,  18.34586074,   8.37533661], [ 132.0942726 , -10.39384554, -37.69133755,  59.78713011,  44.02471381,    50.03161858, 104.55133142,  25.1446703 ,  21.18062442,  13.5317031 ,    18.06437382,  16.40361365,   7.17042587], [ -83.81891986, -62.02088842,  -5.06499523, -16.72136156,  -8.5523799 ,    -1.7320021 ,  25.1446703 ,  73.54655503,  23.43871592,  11.8565676 ,     1.19882761, -10.00218171,  -1.85482624], [  66.00556753,   1.88655435, -23.45460825,   8.68718894,  11.72050383,     5.47902931,  21.18062442,  23.43871592,  66.97684178,  32.45233259,    18.54563079,   7.18475081,   5.93999311], [ 110.73220993, -26.21802982, -13.44033079,  17.86460386,  12.98922   ,     8.42790274,  13.5317031 ,  11.8565676 ,  32.45233259,  68.10565137,    35.91489965,  14.62847262,   6.00933471], [ 102.31854967, -20.70376992, -20.84484581,   8.2681815 ,  17.87045079,    11.78851532,  18.06437382,   1.19882761,  18.54563079,  35.91489965,    66.50019698,  35.80296517,  14.93151272], [ 159.37290738,  15.8568679 , -37.56692776,  19.55381282,  21.02484014,    18.34586074,  16.40361365, -10.00218171,   7.18475081,  14.62847262,    35.80296517,  72.08546217,  29.55220295], [  18.05935482,  -2.25000009,  -4.63618828,   7.28453442,  16.64428027,     8.37533661,   7.17042587,  -1.85482624,   5.93999311,   6.00933471,    14.93151272,  29.55220295,  51.97075103]]
/root/sim/music/out/Oasis/Time Flies 1994-2009 [Disc 3]/3-04 Cigarettes & Alcohol [Live].mp3; [-462.471    , 119.18343  , -23.223673 ,  13.834233 ,  -4.103268 ,    4.3929734,   1.5682893,   1.0490736,   3.569514 ,   4.035241 ,    1.766895 ,   5.135374 ,  -4.449373 ]; [[2637.96462219, 621.00377289, 351.90709781, 433.75647708, 214.02769247,   128.81253097,  57.81239474, -64.75806562, -63.99358494, -90.73699884,  -111.62467332,   7.58352252, -13.97019282], [ 621.00377289, 554.77908421,  20.5785722 , 184.98768713,  40.14237319,    15.77775829,  -3.8307789 , -31.88219506, -22.14753893, -39.54390839,   -46.25717525,   3.1876592 , -12.59549488], [ 351.90709781,  20.5785722 , 316.09873673,  72.49797389,  67.17887279,    16.08680584, -14.11121844, -33.3601979 ,  -9.56871235, -24.76474042,   -14.56083822, -12.5003508 ,  -4.49512016], [ 433.75647708, 184.98768713,  72.49797389, 233.27273625,  89.83037221,    59.59557801,  35.1621211 , -28.60152499,  -6.12855296,   1.64808805,   -18.80379472,   7.07726676,   1.1181861 ], [ 214.02769247,  40.14237319,  67.17887279,  89.83037221,  99.77216052,    59.12761235,  29.09940045, -16.62714561,  -0.53471112,   9.32281953,     1.22886883,  -5.10273145,  -2.81850323], [ 128.81253097,  15.77775829,  16.08680584,  59.59557801,  59.12761235,    84.99908432,  45.93719847,  -0.2729926 ,  -1.10433402,  13.11082414,     4.02644385,  -2.59577428,  -4.90909264], [  57.81239474,  -3.8307789 , -14.11121844,  35.1621211 ,  29.09940045,    45.93719847,  75.59231315,  19.55914371,   8.03445645,  12.69747453,     6.23443277,   4.64833698,   0.80654899], [ -64.75806562, -31.88219506, -33.3601979 , -28.60152499, -16.62714561,    -0.2729926 ,  19.55914371,  50.86261388,  20.71508416,   9.38301002,     3.55206931,   2.08304301,   2.00865571], [ -63.99358494, -22.14753893,  -9.56871235,  -6.12855296,  -0.53471112,    -1.10433402,   8.03445645,  20.71508416,  50.22428809,  24.38702488,    11.14064285,  -2.88816986,   3.489525  ], [ -90.73699884, -39.54390839, -24.76474042,   1.64808805,   9.32281953,    13.11082414,  12.69747453,   9.38301002,  24.38702488,  65.63479877,    28.91652099,  -2.87784742,  -1.11816594], [-111.62467332, -46.25717525, -14.56083822, -18.80379472,   1.22886883,     4.02644385,   6.23443277,   3.55206931,  11.14064285,  28.91652099,    47.08323163,  10.21450887,   1.89491479], [   7.58352252,   3.1876592 , -12.5003508 ,   7.07726676,  -5.10273145,    -2.59577428,   4.64833698,   2.08304301,  -2.88816986,  -2.87784742,    10.21450887,  43.56575672,  17.58381603], [ -13.97019282, -12.59549488,  -4.49512016,   1.1181861 ,  -2.81850323,    -4.90909264,   0.80654899,   2.00865571,   3.489525  ,  -1.11816594,     1.89491479,  17.58381603,  36.62441145]]
/root/sim/music/out/Oasis/Time Flies 1994-2009 [Disc 3]/3-01 Rock 'N' Roll Star [Live].mp3; [-449.58752   , 115.82921   , -28.066328  ,  17.277327  ,  -0.36872834,    6.090725  ,   5.0019555 ,  -0.08906074,   3.87641   ,   2.357874  ,    0.5646828 ,   3.8187826 ,  -3.3454418 ]; [[4215.08892914, 219.17361802, 513.1856801 , 254.59139123, 271.90684214,   220.26044503, 119.28049405, -63.53460949,  26.26905421,  39.79969144,    23.8754927 ,   8.51838002, -12.45566158], [ 219.17361802, 415.50209808,-142.54467083, 123.22469145, -27.91837523,    -6.72271621,  14.19297609, -17.70267387,  13.09659017,  -4.85774891,    -7.03593722,  19.82672486,  -3.75475846], [ 513.1856801 ,-142.54467083, 384.88351152,  35.51100898, 107.75311957,    51.08510446,  15.80752258, -14.80219002,  -8.27551136,   1.76429852,     7.33138088,  -7.65111652,  -0.28470605], [ 254.59139123, 123.22469145,  35.51100898, 161.6076441 ,  55.16045332,    46.02550876,  34.94015335, -14.6080637 ,   9.58862999,   8.93562863,     2.92064282,  19.02263406,  11.33995984], [ 271.90684214, -27.91837523, 107.75311957,  55.16045332, 106.53262869,    56.78599565,  25.12040641, -12.85528259,   6.54388565,   4.8444416 ,     2.58664664,   4.37441748,   9.00281486], [ 220.26044503,  -6.72271621,  51.08510446,  46.02550876,  56.78599565,    86.58434643,  45.29968282,  -5.94529185,   4.36716051,   5.13405144,     2.62288137,   4.53259593,   3.26679967], [ 119.28049405,  14.19297609,  15.80752258,  34.94015335,  25.12040641,    45.29968282,  80.31314356,  13.63763343,   7.83465106,   6.73121335,     4.6122509 ,   4.77093099,   2.34129759], [ -63.53460949, -17.70267387, -14.80219002, -14.6080637 , -12.85528259,    -5.94529185,  13.63763343,  52.22893014,  14.32110001,   5.90652206,    -0.75971939,  -2.9121153 ,   0.90379278], [  26.26905421,  13.09659017,  -8.27551136,   9.58862999,   6.54388565,     4.36716051,   7.83465106,  14.32110001,  48.89785765,  17.75412307,     7.79765338,   3.19688045,   1.97290113], [  39.79969144,  -4.85774891,   1.76429852,   8.93562863,   4.8444416 ,     5.13405144,   6.73121335,   5.90652206,  17.75412307,  48.39153545,    19.01432729,   9.01223713,   2.56532278], [  23.8754927 ,  -7.03593722,   7.33138088,   2.92064282,   2.58664664,     2.62288137,   4.6122509 ,  -0.75971939,   7.79765338,  19.01432729,    43.98171987,  15.50885044,   5.06231745], [   8.51838002,  19.82672486,  -7.65111652,  19.02263406,   4.37441748,     4.53259593,   4.77093099,  -2.9121153 ,   3.19688045,   9.01223713,    15.50885044,  43.29741553,  20.7997501 ], [ -12.45566158,  -3.75475846,  -0.28470605,  11.33995984,   9.00281486,     3.26679967,   2.34129759,   0.90379278,   1.97290113,   2.56532278,     5.06231745,  20.7997501 ,  44.83261988]]
/root/sim/music/out/Oasis/Time Flies 1994-2009 [Disc 3]/3-15 Don't Look Back In Anger [Live].mp3; [-519.94617  , 127.70814  , -10.807393 ,   3.6959956,  -3.8798862,   -5.232694 , -12.268174 ,  -8.116691 ,  -8.136704 ,  -8.918511 ,   -8.040366 ,  -6.7264895,  -7.703485 ]; [[3221.88575429,-746.9121868 , -27.14251961, -35.6181788 , -47.68096611,   167.3223801 , 177.35040885, -68.94576606, 136.07825426, -14.50812783,    87.9345217 ,  -4.72483847,  13.59421237], [-746.9121868 , 890.3959124 ,  46.16708689, 167.70618522, 102.4465714 ,   -34.47815045,  -7.57560144, -25.57679848, -52.08897365,  -5.68031053,    -3.63153654,  23.63716277,  27.26560081], [ -27.14251961,  46.16708689, 840.49726758, 149.66738833, 193.01999248,    58.24104753, -81.6934294 , -63.04744235, -26.10543085, -29.77708973,    -7.4474605 ,  26.34006287,  53.2664746 ], [ -35.6181788 , 167.70618522, 149.66738833, 320.89630516, 164.49894611,     6.72686534, -52.08838686, -42.48006712,  -8.63326617, -12.67842527,   -17.48542344,  26.5434829 ,  59.15410698], [ -47.68096611, 102.4465714 , 193.01999248, 164.49894611, 259.80102863,     9.40457957, -56.75702211, -20.02368554,  17.45799785,   0.31543502,    -9.62917585,   8.65332878,  61.53691955], [ 167.3223801 , -34.47815045,  58.24104753,   6.72686534,   9.40457957,   134.2282872 ,  48.50808235,   8.28473878,  19.90219112,  11.89475022,     9.33023397,   4.15357259,  -9.0086459 ], [ 177.35040885,  -7.57560144, -81.6934294 , -52.08838686, -56.75702211,    48.50808235, 204.90324968,  45.60451694,  13.97991428,   9.74068551,    27.68450055,  12.86931578,  -7.57522771], [ -68.94576606, -25.57679848, -63.04744235, -42.48006712, -20.02368554,     8.28473878,  45.60451694, 123.97130333,  31.96296823,  20.90453648,    12.6699198 ,  -4.04775644,  -1.2034003 ], [ 136.07825426, -52.08897365, -26.10543085,  -8.63326617,  17.45799785,    19.90219112,  13.97991428,  31.96296823, 101.10894798,  30.75000251,    16.97515689,   4.13819769,   6.98979768], [ -14.50812783,  -5.68031053, -29.77708973, -12.67842527,   0.31543502,    11.89475022,   9.74068551,  20.90453648,  30.75000251,  79.73637401,    26.70639021,   7.40878172,   5.35996235], [  87.9345217 ,  -3.63153654,  -7.4474605 , -17.48542344,  -9.62917585,     9.33023397,  27.68450055,  12.6699198 ,  16.97515689,  26.70639021,    75.48537137,  18.67079609,  -1.79295432], [  -4.72483847,  23.63716277,  26.34006287,  26.5434829 ,   8.65332878,     4.15357259,  12.86931578,  -4.04775644,   4.13819769,   7.40878172,    18.67079609,  66.16350935,  24.86728385], [  13.59421237,  27.26560081,  53.2664746 ,  59.15410698,  61.53691955,    -9.0086459 ,  -7.57522771,  -1.2034003 ,   6.98979768,   5.35996235,    -1.79295432,  24.86728385,  90.41851207]]
/root/sim/music/out/Oasis/Time Flies 1994-2009 [Disc 3]/3-05 Roll With It [Live].mp3; [-452.82516   , 124.66405   , -30.564856  ,  14.844579  ,  -1.4112675 ,    5.564868  ,  -0.18439129,  -1.0448593 ,   4.0798593 ,   3.3209934 ,    1.328026  ,   4.601963  ,  -5.968063  ]; [[2463.40570499,  43.00111965, 405.63046303, 260.29935219, 285.40847516,   193.91297259,  92.39352328, -49.63257856, -35.12034457, -30.89390015,   -35.5481304 , -20.83675927,  -6.55540013], [  43.00111965, 428.30189609,-153.96659701, 116.00318382, -58.68031103,    -1.86049087,   1.37227621, -29.50028183,   5.88322321, -12.71344507,   -15.88176047,   7.4813981 ,  -4.8938518 ], [ 405.63046303,-153.96659701, 297.84127304, -31.12126737,  73.07525771,    18.31172012, -11.16038537,   2.98435426, -10.77892564,  -2.31286398,    -1.28375757, -11.59586509,   0.63940082], [ 260.29935219, 116.00318382, -31.12126737, 183.27029306,  52.09698261,    40.19921829,  32.97276945, -21.95197226,  -9.71945181,  -0.82243275,   -15.66877182,   2.0175384 ,   5.36536573], [ 285.40847516, -58.68031103,  73.07525771,  52.09698261, 117.88677914,    51.63034204,  27.58007777,  -7.76955056,  -6.84474767,  -0.12278975,    -1.64638187,  -5.14001489,   5.08198771], [ 193.91297259,  -1.86049087,  18.31172012,  40.19921829,  51.63034204,    83.42395842,  39.16140896,   0.42528507,  -7.99122952,  -2.73719455,    -1.60308193,   1.11759061,   0.10782312], [  92.39352328,   1.37227621, -11.16038537,  32.97276945,  27.58007777,    39.16140896,  74.99047329,  20.02921592,  -0.12485843,  -1.69527533,    -2.22055776,   4.15674548,   4.1921259 ], [ -49.63257856, -29.50028183,   2.98435426, -21.95197226,  -7.76955056,     0.42528507,  20.02921592,  52.40616091,  16.00878356,   7.6324105 ,     5.98829628,   4.47321353,   1.74493593], [ -35.12034457,   5.88322321, -10.77892564,  -9.71945181,  -6.84474767,    -7.99122952,  -0.12485843,  16.00878356,  44.51651261,  17.91456217,     8.41148009,   0.40998991,   0.45893527], [ -30.89390015, -12.71344507,  -2.31286398,  -0.82243275,  -0.12278975,    -2.73719455,  -1.69527533,   7.6324105 ,  17.91456217,  44.7782835 ,    16.61662187,   2.76024364,  -0.27522647], [ -35.5481304 , -15.88176047,  -1.28375757, -15.66877182,  -1.64638187,    -1.60308193,  -2.22055776,   5.98829628,   8.41148009,  16.61662187,    40.35417643,  14.54232256,   2.56723018], [ -20.83675927,   7.4813981 , -11.59586509,   2.0175384 ,  -5.14001489,     1.11759061,   4.15674548,   4.47321353,   0.40998991,   2.76024364,    14.54232256,  38.63462879,  14.36528061], [  -6.55540013,  -4.8938518 ,   0.63940082,   5.36536573,   5.08198771,     0.10782312,   4.1921259 ,   1.74493593,   0.45893527,  -0.27522647,     2.56723018,  14.36528061,  35.63173128]]
/root/sim/music/out/Oasis/Time Flies 1994-2009 [Disc 3]/3-07 Songbird [Live].mp3; [-497.2798    , 103.39617   ,   7.486205  ,   3.8116438 ,  -2.8276997 ,   -0.66040635,  -0.52372783,   0.40215442,  -0.08040239,   1.4362776 ,   -1.1280031 ,   0.6025797 ,  -2.2062786 ]; [[1749.665017  ,  72.66586946, 869.87997291, 365.97320925, 267.36088433,   185.80934359, 102.68346454,-118.48179323,   3.17108538,  24.60771035,    20.26264065,  27.79937481,  38.65299924], [  72.66586946, 524.34659865, 106.17222431, 128.69280914,  78.69471686,    46.75898362,  42.91031917, -23.52651111, -26.41920502,  -1.0928302 ,    17.62453799,  20.76085356,   4.029707  ], [ 869.87997291, 106.17222431, 912.1620782 , 372.42809293, 240.32413542,   154.85700325,  54.07844554,-116.01389578, -27.35918778,   6.0150935 ,    10.05061978,  46.43674147,  43.95421279], [ 365.97320925, 128.69280914, 372.42809293, 276.75393424, 150.92310928,    76.60506829,   6.49798122, -55.50481853,  -5.84404697,   2.75074482,    -4.53835038,  26.01498166,  30.63714245], [ 267.36088433,  78.69471686, 240.32413542, 150.92310928, 154.80186996,    60.29538749,  10.72392217, -42.12780449,  -0.54987028,   4.54331964,     2.07718425,  13.80502736,  18.14551807], [ 185.80934359,  46.75898362, 154.85700325,  76.60506829,  60.29538749,   101.47642863,  40.0833731 ,  -9.46531074,  -2.58912226,   9.65816111,     6.87985694,  10.75475002,   5.64585332], [ 102.68346454,  42.91031917,  54.07844554,   6.49798122,  10.72392217,    40.0833731 , 103.66047989,  16.92003305,  -7.4111943 ,   3.83234738,    14.44124949,   3.89808271,   0.136938  ], [-118.48179323, -23.52651111,-116.01389578, -55.50481853, -42.12780449,    -9.46531074,  16.92003305,  69.90217883,  16.18867317,   2.19684095,     1.49847336,  -0.80766965,  -4.23445014], [   3.17108538, -26.41920502, -27.35918778,  -5.84404697,  -0.54987028,    -2.58912226,  -7.4111943 ,  16.18867317,  58.75338456,  22.2086556 ,    -0.35010224,  -1.69432912,   0.31479874], [  24.60771035,  -1.0928302 ,   6.0150935 ,   2.75074482,   4.54331964,     9.65816111,   3.83234738,   2.19684095,  22.2086556 ,  56.6918772 ,    17.99687362,   0.18953225,   0.63256958], [  20.26264065,  17.62453799,  10.05061978,  -4.53835038,   2.07718425,     6.87985694,  14.44124949,   1.49847336,  -0.35010224,  17.99687362,    50.69881879,  14.50859873,  -3.38720273], [  27.79937481,  20.76085356,  46.43674147,  26.01498166,  13.80502736,    10.75475002,   3.89808271,  -0.80766965,  -1.69432912,   0.18953225,    14.50859873,  46.41022961,  18.60406328], [  38.65299924,   4.029707  ,  43.95421279,  30.63714245,  18.14551807,     5.64585332,   0.136938  ,  -4.23445014,   0.31479874,   0.63256958,    -3.38720273,  18.60406328,  45.34603955]]
/root/sim/music/out/Oasis/Time Flies 1994-2009 [Disc 3]/3-09 Morning Glory [Live].mp3; [-445.98276   , 118.16135   , -30.972643  ,  15.937878  ,  -4.3795743 ,    3.5969782 ,   1.3168012 ,  -0.6000334 ,   2.6778579 ,   2.8927197 ,    0.26844597,   3.2672112 ,  -4.453261  ]; [[3077.03055708,-180.91817452, 595.30380603, 380.77621094, 285.59898206,   250.68223275, 105.48383742,-186.88401016, -24.55114239, -47.32247011,  -109.94894804,  65.43810997,  41.67395283], [-180.91817452, 640.89375364,-195.66194685, 158.34861174,  13.18780768,     7.33712202, -29.87796222, -67.71626294,  32.56835229, -45.27628773,   -39.42375063,  41.72454775,   0.35820146], [ 595.30380603,-195.66194685, 390.74205281, -28.07957886,  88.83608362,    25.72043277,   1.47585094, -14.44542561, -15.58148699,  -4.25288315,   -19.96242216,   9.01094471,   2.82912311], [ 380.77621094, 158.34861174, -28.07957886, 231.23062382,  45.77395828,    53.0998592 ,  16.29067889, -62.1079474 ,  -2.9813086 , -26.17921879,   -33.63341856,   7.14283923,  12.9722178 ], [ 285.59898206,  13.18780768,  88.83608362,  45.77395828, 113.58645487,    49.95763302,  16.14711762, -23.91828749,   4.62311949,  -3.30882645,   -16.78686285,  20.97498555,   8.25272692], [ 250.68223275,   7.33712202,  25.72043277,  53.0998592 ,  49.95763302,    89.5159187 ,  34.7482924 , -19.48142263,   2.86120491,  -6.56328256,    -8.68642277,  14.34540111,   5.34809399], [ 105.48383742, -29.87796222,   1.47585094,  16.29067889,  16.14711762,    34.7482924 ,  74.3729826 ,  22.49819298,   4.56387815,   6.72854479,     3.04055463,   5.94646156,   4.83186446], [-186.88401016, -67.71626294, -14.44542561, -62.1079474 , -23.91828749,   -19.48142263,  22.49819298,  88.02812166,  18.61403195,  30.28357098,    27.35981798, -11.6257086 ,  -4.67845113], [ -24.55114239,  32.56835229, -15.58148699,  -2.9813086 ,   4.62311949,     2.86120491,   4.56387815,  18.61403195,  59.40190532,  22.54763279,    12.02233137,   9.72308206,  -5.06808554], [ -47.32247011, -45.27628773,  -4.25288315, -26.17921879,  -3.30882645,    -6.56328256,   6.72854479,  30.28357098,  22.54763279,  62.44688303,    32.59245155,   1.94505601,   0.78310944], [-109.94894804, -39.42375063, -19.96242216, -33.63341856, -16.78686285,    -8.68642277,   3.04055463,  27.35981798,  12.02233137,  32.59245155,    59.66251346,   6.60962798,  -2.00562396], [  65.43810997,  41.72454775,   9.01094471,   7.14283923,  20.97498555,    14.34540111,   5.94646156, -11.6257086 ,   9.72308206,   1.94505601,     6.60962798,  51.65910637,  12.91685602], [  41.67395283,   0.35820146,   2.82912311,  12.9722178 ,   8.25272692,     5.34809399,   4.83186446,  -4.67845113,  -5.06808554,   0.78310944,    -2.00562396,  12.91685602,  38.39102166]]
/root/sim/music/out/Oasis/Time Flies 1994-2009 [Disc 3]/3-11 I'm Outta Time [Live].mp3; [-493.5881    , 131.17001   , -13.704258  ,  18.36497   ,   3.3015327 ,   -0.3085465 ,   2.4641094 ,   5.3941355 ,   4.638423  ,   5.400912  ,   -0.6223658 ,  -0.07150088,  -1.7217548 ]; [[3826.78070506,-299.45085815, 370.07675698, 552.76170327, 502.39067223,   212.12253309, 130.57022341,-182.9256713 ,  -6.65962434, -36.65270897,   -38.31672312,  61.30495634,  74.59368502], [-299.45085815, 685.45418279, -42.7036966 , 132.11318202,  10.40531819,    31.98450594,  51.95207547,  69.66859714,  16.65566545,  11.59327462,   -15.30145965,  -7.77902946,  -0.03104458], [ 370.07675698, -42.7036966 , 534.38165931,  55.73359086, 109.19740998,    57.40163096,  33.0671869 ,  39.31032263,  22.58256341, -15.91469102,   -23.05846312,  -8.54977996,  23.32132736], [ 552.76170327, 132.11318202,  55.73359086, 341.26545029, 139.85419158,    32.38134016,  38.09232373, -24.69403563,  32.80857289,  15.22938167,    -7.17065803,  17.04670094,  33.99605352], [ 502.39067223,  10.40531819, 109.19740998, 139.85419158, 206.47471053,    54.72994979,  18.67318902, -26.37152215,   4.95549585,  -5.45850787,   -21.05341116,  14.97613045,  29.73086425], [ 212.12253309,  31.98450594,  57.40163096,  32.38134016,  54.72994979,   113.61565196,  41.7234177 ,  11.47709605,   4.59435785,  -9.93303258,    -2.77693427,   2.79764847,   1.51457385], [ 130.57022341,  51.95207547,  33.0671869 ,  38.09232373,  18.67318902,    41.7234177 , 117.64520189,  31.99403675,  26.68488559,   2.06444753,    -1.27250263,  -2.19089427,   5.39102033], [-182.9256713 ,  69.66859714,  39.31032263, -24.69403563, -26.37152215,    11.47709605,  31.99403675,  98.18264234,  30.42654588,   8.91661418,     1.76235292, -13.77988158,  -8.1554257 ], [  -6.65962434,  16.65566545,  22.58256341,  32.80857289,   4.95549585,     4.59435785,  26.68488559,  30.42654588,  90.36261218,  37.76451448,     3.5569761 ,  -4.63086055,   1.76833066], [ -36.65270897,  11.59327462, -15.91469102,  15.22938167,  -5.45850787,    -9.93303258,   2.06444753,   8.91661418,  37.76451448,  71.64210606,    24.82201902,  -3.16319497,  -6.77312108], [ -38.31672312, -15.30145965, -23.05846312,  -7.17065803, -21.05341116,    -2.77693427,  -1.27250263,   1.76235292,   3.5569761 ,  24.82201902,    64.47633887,  17.84494742,  -3.25494276], [  61.30495634,  -7.77902946,  -8.54977996,  17.04670094,  14.97613045,     2.79764847,  -2.19089427, -13.77988158,  -4.63086055,  -3.16319497,    17.84494742,  57.68945863,  24.24243731], [  74.59368502,  -0.03104458,  23.32132736,  33.99605352,  29.73086425,     1.51457385,   5.39102033,  -8.1554257 ,   1.76833066,  -6.77312108,    -3.25494276,  24.24243731,  62.17399203]]
/root/sim/music/out/Oasis/Time Flies 1994-2009 [Disc 3]/3-06 The Masterplan [Live].mp3; [-502.14212   , 126.53827   ,  -4.712361  ,  19.398521  ,   4.8366704 ,    2.4936285 ,  -2.0265408 ,  -0.5335688 ,   1.3624603 ,   2.1896474 ,   -1.19327   ,  -0.23243932,  -1.2179985 ]; [[5229.58154545,-745.59678302, 189.36713293, 295.75876809, 236.78864985,    51.01952778,-131.85972485,-206.06850861,  35.50805628, -50.67827841,   -59.38188765, -23.09274523,  75.71461088], [-745.59678302, 608.97357515, -34.34212198,  62.94460794,  21.54013844,    13.7891163 ,  42.70169635,   7.34832006,  -9.0667401 , -10.17135818,   -13.68683738,   0.98959203,   6.88715589], [ 189.36713293, -34.34212198, 492.3283498 , 120.04518521,  73.87684757,    30.67135228,   2.24152962, -41.81664888, -10.46213461, -26.98967811,   -19.05796786,  20.97062573,  26.45129728], [ 295.75876809,  62.94460794, 120.04518521, 235.62429959,  92.4684469 ,    28.4907292 ,  -7.40480144, -31.35663131,   4.90072525,  -7.04308876,   -11.70126503,  15.86110866,  35.50292625], [ 236.78864985,  21.54013844,  73.87684757,  92.4684469 , 141.35960862,    33.97948596, -12.12981106, -30.36717381,   7.33546744,  -3.20129982,   -10.28245185,   5.79859475,  26.90176514], [  51.01952778,  13.7891163 ,  30.67135228,  28.4907292 ,  33.97948596,    80.54962231,  20.0628966 ,  -7.72736364,   6.82865763,   1.10987703,     2.50732814,   4.81532903,   0.54437761], [-131.85972485,  42.70169635,   2.24152962,  -7.40480144, -12.12981106,    20.0628966 , 118.49304925,  26.56866573,  -1.84580692,   7.8684316 ,    -1.18605792,   9.44028367,  -2.65297223], [-206.06850861,   7.34832006, -41.81664888, -31.35663131, -30.36717381,    -7.72736364,  26.56866573,  93.02522833,  20.59123361,   7.09289858,     9.67146203,  -2.48801546,  -6.44646337], [  35.50805628,  -9.0667401 , -10.46213461,   4.90072525,   7.33546744,     6.82865763,  -1.84580692,  20.59123361,  67.40890223,  19.52521436,     8.08647943,   2.43936118,  -0.0938083 ], [ -50.67827841, -10.17135818, -26.98967811,  -7.04308876,  -3.20129982,     1.10987703,   7.8684316 ,   7.09289858,  19.52521436,  60.84809679,    24.12909445,   2.58682801,  -2.90141271], [ -59.38188765, -13.68683738, -19.05796786, -11.70126503, -10.28245185,     2.50732814,  -1.18605792,   9.67146203,   8.08647943,  24.12909445,    64.88485644,  22.93375977,  -0.64704712], [ -23.09274523,   0.98959203,  20.97062573,  15.86110866,   5.79859475,     4.81532903,   9.44028367,  -2.48801546,   2.43936118,   2.58682801,    22.93375977,  57.09319825,  22.21784923], [  75.71461088,   6.88715589,  26.45129728,  35.50292625,  26.90176514,     0.54437761,  -2.65297223,  -6.44646337,  -0.0938083 ,  -2.90141271,    -0.64704712,  22.21784923,  59.50390403]]
/root/sim/music/out/Oasis/Time Flies 1994-2009 [Disc 2]/2-09 The Shock Of The Lightning.mp3; [-478.02457   , 116.5678    , -35.543583  ,  31.230703  ,   4.5778093 ,    1.7377448 ,  -2.0723283 ,   4.4778976 ,  -0.6039702 ,   5.50896   ,   -3.5543442 ,  -4.206473  ,  -0.67132396]; [[17795.42307482, -769.51577888,  503.83042106,   68.42487551,    309.80809578,  949.96381802,   -4.9975152 ,  571.62062877,    519.65983508,  126.43498204,  304.48560494,   67.13885526,      9.3041722 ], [ -769.51577888,  825.69149522, -298.67204801,  159.83424023,    -39.13357685, -169.21317533,   44.01479149,  -66.37346788,    -94.39782515,   20.76879763,  -53.68799149,   -1.73900361,     23.72562892], [  503.83042106, -298.67204801,  265.26465934,  -37.68743671,     47.7988178 ,   86.76570314,   -2.59839398,   43.51496391,     60.95317416,   -0.72995376,   38.23347093,   14.19149516,      4.11475177], [   68.42487551,  159.83424023,  -37.68743671,  144.39995956,     27.56618   ,  -40.42699992,    3.37347302,   -5.18655791,     -9.98342301,   11.76366908,   -5.26192185,    7.54030914,     16.17511429], [  309.80809578,  -39.13357685,   47.7988178 ,   27.56618   ,     99.55809622,   49.38857449,   23.59094236,   21.54973605,     24.21273891,    5.81908622,   19.22989134,    9.97665239,      7.2730822 ], [  949.96381802, -169.21317533,   86.76570314,  -40.42699992,     49.38857449,  182.36472446,   30.63587504,   65.93361061,     63.17739248,   14.03136511,   43.42035199,   16.59533842,      3.13380271], [   -4.9975152 ,   44.01479149,   -2.59839398,    3.37347302,     23.59094236,   30.63587504,   79.37850894,   36.09567384,     17.10511038,    3.51477245,    7.22318888,    5.24581292,      7.30386126], [  571.62062877,  -66.37346788,   43.51496391,   -5.18655791,     21.54973605,   65.93361061,   36.09567384,   89.28732468,     61.24274318,   19.4761081 ,   24.07212201,    9.99991104,     10.6601065 ], [  519.65983508,  -94.39782515,   60.95317416,   -9.98342301,     24.21273891,   63.17739248,   17.10511038,   61.24274318,     93.34893605,   36.62238247,   33.48168438,   11.52536446,     11.33118629], [  126.43498204,   20.76879763,   -0.72995376,   11.76366908,      5.81908622,   14.03136511,    3.51477245,   19.4761081 ,     36.62238247,   64.22209335,   31.96705965,   13.57619554,      9.38752996], [  304.48560494,  -53.68799149,   38.23347093,   -5.26192185,     19.22989134,   43.42035199,    7.22318888,   24.07212201,     33.48168438,   31.96705965,   64.44226836,   30.28139017,      9.68816126], [   67.13885526,   -1.73900361,   14.19149516,    7.54030914,      9.97665239,   16.59533842,    5.24581292,    9.99991104,     11.52536446,   13.57619554,   30.28139017,   51.15888073,     25.28563296], [    9.3041722 ,   23.72562892,    4.11475177,   16.17511429,      7.2730822 ,    3.13380271,    7.30386126,   10.6601065 ,     11.33118629,    9.38752996,    9.68816126,   25.28563296,     50.23033628]]
/root/sim/music/out/Oasis/Time Flies 1994-2009 [Disc 2]/2-06 Go Let It Out.mp3; [-524.04834   , 112.29242   , -10.022413  ,  28.574602  ,  -1.0883813 ,    6.714549  ,  -1.3675915 ,   6.023528  ,  -2.2850811 ,   1.9229382 ,    0.40645418,   0.15802334,  -1.5522127 ]; [[12949.49963613,  555.05603392, -303.41319261,  239.51352024,   -233.51664778, -300.05832752, -197.0917332 ,  107.67174075,    -19.42913263,  107.47396555,  136.37810007,   45.22319305,      0.9342145 ], [  555.05603392,  526.22643877, -158.62125756,  -13.24827575,    -43.10218538,  -25.08156269,  -10.86999002,   19.8070023 ,      1.56386484,   16.22266719,    9.6853288 ,    0.25447302,      1.38802584], [ -303.41319261, -158.62125756,  476.85069324,   -3.39857651,     -1.44854475,   24.08256245,  -11.63298227,   15.83859585,    -16.88221096,  -26.01229176,    1.4667225 ,   -6.75306054,     -3.77427531], [  239.51352024,  -13.24827575,   -3.39857651,  188.93711981,     61.6091096 ,    9.51152018,   -7.30292585,   -5.77970502,      6.6832353 ,   -5.18064053,    0.28195574,   17.58718544,     17.83718098], [ -233.51664778,  -43.10218538,   -1.44854475,   61.6091096 ,    128.05762208,   47.71203452,   21.48770317,  -12.27908182,      9.51660282,   -5.55783482,  -11.08033756,    5.21800022,      3.45068988], [ -300.05832752,  -25.08156269,   24.08256245,    9.51152018,     47.71203452,  117.52139756,   69.63117261,    5.38848119,      3.04634275,   -5.25629877,   -8.69307037,  -13.34847543,    -11.29689297], [ -197.0917332 ,  -10.86999002,  -11.63298227,   -7.30292585,     21.48770317,   69.63117261,  117.95194282,   14.69396176,     10.50262411,   -2.49204529,   -1.06258018,   -6.82571761,    -14.16066897], [  107.67174075,   19.8070023 ,   15.83859585,   -5.77970502,    -12.27908182,    5.38848119,   14.69396176,   69.25105008,     17.61249621,    6.3415044 ,    4.41339932,    4.13925536,      2.99254277], [  -19.42913263,    1.56386484,  -16.88221096,    6.6832353 ,      9.51660282,    3.04634275,   10.50262411,   17.61249621,     56.32078448,   19.34613353,    8.01522235,   -0.52237003,     -1.14140578], [  107.47396555,   16.22266719,  -26.01229176,   -5.18064053,     -5.55783482,   -5.25629877,   -2.49204529,    6.3415044 ,     19.34613353,   69.29686816,   23.74915632,    4.06437497,      1.0112932 ], [  136.37810007,    9.6853288 ,    1.4667225 ,    0.28195574,    -11.08033756,   -8.69307037,   -1.06258018,    4.41339932,      8.01522235,   23.74915632,   51.93593838,   19.39376161,      4.31661473], [   45.22319305,    0.25447302,   -6.75306054,   17.58718544,      5.21800022,  -13.34847543,   -6.82571761,    4.13925536,     -0.52237003,    4.06437497,   19.39376161,   53.3478611 ,     27.90116441], [    0.9342145 ,    1.38802584,   -3.77427531,   17.83718098,      3.45068988,  -11.29689297,  -14.16066897,    2.99254277,     -1.14140578,    1.0112932 ,    4.31661473,   27.90116441,     51.39367379]]
/root/sim/music/out/Oasis/Time Flies 1994-2009 [Disc 2]/2-08 Little By Little.mp3; [-543.5208    , 133.11559   ,  -0.23803392,  16.377325  ,   9.328065  ,    5.0240474 ,   3.5015068 ,   5.674571  ,   0.85883504,  -1.6542281 ,   -0.8454698 ,  -0.8009592 ,  -0.47680098]; [[17802.77976373,-1338.18036797, -272.17729654,  685.72499612,   -202.88232483, -187.18895768, -107.345394  ,  168.69611587,    -24.353725  ,  270.46246981,   87.82298172,  122.40552017,    -90.26503606], [-1338.18036797, 1351.64999343, -226.20658342, -143.17803181,     60.6474558 ,  -15.70322796,   38.20732513,  -40.05590959,      6.28873628,  -83.67618858,   -5.88608533,  -50.69580256,     23.5770278 ], [ -272.17729654, -226.20658342,  517.56779593, -101.89873762,    -29.53746866,   68.26574732,   28.28085334,    1.03282221,    -10.09086596,  -22.86083217,   48.45072518,   35.53226894,     -2.92426286], [  685.72499612, -143.17803181, -101.89873762,  223.07852338,     -1.11185555,  -12.56148936,  -18.91867472,    6.75834692,     -3.18276389,   31.84807274,  -27.30755444,   15.84980977,     15.41405628], [ -202.88232483,   60.6474558 ,  -29.53746866,   -1.11185555,    124.77157437,   -8.85135992,   -9.60389952,  -18.85524316,     -1.08261448,   -5.2791626 ,  -12.64583349,  -24.38347123,     17.49424271], [ -187.18895768,  -15.70322796,   68.26574732,  -12.56148936,     -8.85135992,  137.84706526,   60.36050836,   24.66355405,      8.74192867,  -14.7326819 ,    9.83244239,   21.68398323,    -14.01360362], [ -107.345394  ,   38.20732513,   28.28085334,  -18.91867472,     -9.60389952,   60.36050836,  106.37356988,   34.20772843,      8.97012187,  -10.86979584,   21.38313443,   18.10142479,     -3.66293072], [  168.69611587,  -40.05590959,    1.03282221,    6.75834692,    -18.85524316,   24.66355405,   34.20772843,   82.44366096,     15.1428825 ,   10.63467576,   17.33627731,   14.34983803,     -4.68657445], [  -24.353725  ,    6.28873628,  -10.09086596,   -3.18276389,     -1.08261448,    8.74192867,    8.97012187,   15.1428825 ,     80.7237336 ,   14.71350477,    5.46127777,   -0.89872339,      0.56505807], [  270.46246981,  -83.67618858,  -22.86083217,   31.84807274,     -5.2791626 ,  -14.7326819 ,  -10.86979584,   10.63467576,     14.71350477,   83.90069203,   24.90956545,    9.90558851,     -1.77966742], [   87.82298172,   -5.88608533,   48.45072518,  -27.30755444,    -12.64583349,    9.83244239,   21.38313443,   17.33627731,      5.46127777,   24.90956545,   97.68034108,   30.27437002,     -3.01386267], [  122.40552017,  -50.69580256,   35.53226894,   15.84980977,    -24.38347123,   21.68398323,   18.10142479,   14.34983803,     -0.89872339,    9.90558851,   30.27437002,   76.39664584,     10.23772109], [  -90.26503606,   23.5770278 ,   -2.92426286,   15.41405628,     17.49424271,  -14.01360362,   -3.66293072,   -4.68657445,      0.56505807,   -1.77966742,   -3.01386267,   10.23772109,     63.44546894]]
