/root/sim/music/out/徳永英明/Nostalgia/01 過ちの夏.mp3; [-764.4388    , 155.96054   ,   2.2368186 ,  16.04517   ,  10.131244  ,    2.7126236 ,   1.2859883 ,   0.14279936, -12.084262  ,  -4.0445223 ,   -9.088553  ,  -3.9559438 ,  -3.06934   ]; [[13609.20909384,-1842.51559418, -337.26201233,  100.32325447,   -160.33949477,   82.90890972,   22.24140879,  236.84503326,     71.00143034,  507.91206252, -114.24340651,   62.14438923,    146.19031028], [-1842.51559418, 2583.63085335, -555.87705484,   38.96709463,    205.77300607, -129.09964349,   -0.12853042,   44.35388383,   -175.26543485, -134.18070097,  -11.0391973 ,   -8.0073669 ,    -44.56713505], [ -337.26201233, -555.87705484,  755.47873908,   53.97172634,     27.72407465,  161.88114824,  112.1849165 ,   23.6587178 ,    105.0823147 ,   31.64331257,   86.03391076,   69.89911873,     35.88238693], [  100.32325447,   38.96709463,   53.97172634,  348.38243286,     61.09275231,   56.29664197,   54.74338867,  106.83553821,     93.69321113,   28.59546309,   57.63638217,   53.8905727 ,     56.0288303 ], [ -160.33949477,  205.77300607,   27.72407465,   61.09275231,    223.76696518,   29.98054736,   50.67575074,   42.4630564 ,     55.6792492 ,    4.81560235,   24.47365715,   40.29890653,     20.25177729], [   82.90890972, -129.09964349,  161.88114824,   56.29664197,     29.98054736,  251.88531149,   97.30006621,   22.83640035,     87.76365206,    5.36834816,   91.09674846,   64.7382117 ,     29.87965442], [   22.24140879,   -0.12853042,  112.1849165 ,   54.74338867,     50.67575074,   97.30006621,  177.54460924,   62.36941396,     52.69167566,   13.26506126,   60.27248161,   60.16553861,     38.52248851], [  236.84503326,   44.35388383,   23.6587178 ,  106.83553821,     42.4630564 ,   22.83640035,   62.36941396,  176.61474471,     53.82979945,   51.58172954,   28.33139696,   32.29368902,     49.27726531], [   71.00143034, -175.26543485,  105.0823147 ,   93.69321113,     55.6792492 ,   87.76365206,   52.69167566,   53.82979945,    215.75433815,   46.47348379,   74.27058295,   53.5632727 ,     31.1033869 ], [  507.91206252, -134.18070097,   31.64331257,   28.59546309,      4.81560235,    5.36834816,   13.26506126,   51.58172954,     46.47348379,  158.04115883,   13.99845538,    9.36871602,     16.20603602], [ -114.24340651,  -11.0391973 ,   86.03391076,   57.63638217,     24.47365715,   91.09674846,   60.27248161,   28.33139696,     74.27058295,   13.99845538,  165.29891805,   72.38890203,     25.03111007], [   62.14438923,   -8.0073669 ,   69.89911873,   53.8905727 ,     40.29890653,   64.7382117 ,   60.16553861,   32.29368902,     53.5632727 ,    9.36871602,   72.38890203,  133.08090631,     50.41626856], [  146.19031028,  -44.56713505,   35.88238693,   56.0288303 ,     20.25177729,   29.87965442,   38.52248851,   49.27726531,     31.1033869 ,   16.20603602,   25.03111007,   50.41626856,    115.09406324]]
/root/sim/music/out/徳永英明/Nostalgia/03 Money.mp3; [-637.34015   ,  94.48924   ,  10.753755  ,  43.45418   ,  25.643358  ,    9.524866  ,   6.705561  ,   7.225554  ,   2.1787193 ,   1.8536441 ,    0.04196619,  -0.08749461,  -0.02262398]; [[13230.60703135,  271.78974495,  463.16419761,  901.79545205,     47.79439797,   39.30572812,  -74.45451349,   19.64982586,   -143.391711  ,   17.82468379,  -29.33831729,  -20.15129435,   -113.89116077], [  271.78974495,  821.44439897, -200.24386381,  113.40043406,    220.58750124,  -14.67905777,  172.72663543,   99.5558407 ,     97.42784098,   76.30424561,   33.73370554,    9.21213557,      7.25859435], [  463.16419761, -200.24386381,  621.28384474,  122.05903415,     52.24965063,  120.27821757,   17.45633002,   15.24046805,     52.69073496,   18.79302844,   65.6778778 ,   40.04873775,     19.87352714], [  901.79545205,  113.40043406,  122.05903415,  444.48710101,    167.86377091,   38.46300831,   77.35910516,   64.5744975 ,     29.51249333,    4.64907799,   26.7733483 ,   47.74759717,     34.48216202], [   47.79439797,  220.58750124,   52.24965063,  167.86377091,    303.78074569,   39.7683672 ,  126.80465261,   97.74821523,     88.72716054,   34.36643329,   27.72013908,   21.65656634,     14.77790498], [   39.30572812,  -14.67905777,  120.27821757,   38.46300831,     39.7683672 ,  156.48402132,   64.55505201,   32.01706346,     24.66042448,   16.60767909,   23.58695747,   -0.29349025,      5.88072729], [  -74.45451349,  172.72663543,   17.45633002,   77.35910516,    126.80465261,   64.55505201,  202.33935613,   90.62572476,     77.37278256,   41.85602591,   48.9330825 ,   27.53650149,     19.1772021 ], [   19.64982586,   99.5558407 ,   15.24046805,   64.5744975 ,     97.74821523,   32.01706346,   90.62572476,  120.15591784,     69.30213035,   27.98173455,   15.7839775 ,   13.37811763,     16.48475817], [ -143.391711  ,   97.42784098,   52.69073496,   29.51249333,     88.72716054,   24.66042448,   77.37278256,   69.30213035,    128.27712913,   52.27575682,   27.47372225,    6.3292648 ,     16.94592718], [   17.82468379,   76.30424561,   18.79302844,    4.64907799,     34.36643329,   16.60767909,   41.85602591,   27.98173455,     52.27575682,   92.43529754,   33.44365834,    3.85508966,      4.15716692], [  -29.33831729,   33.73370554,   65.6778778 ,   26.7733483 ,     27.72013908,   23.58695747,   48.9330825 ,   15.7839775 ,     27.47372225,   33.44365834,   84.08155242,   37.41659182,     10.29476966], [  -20.15129435,    9.21213557,   40.04873775,   47.74759717,     21.65656634,   -0.29349025,   27.53650149,   13.37811763,      6.3292648 ,    3.85508966,   37.41659182,   78.09364226,     29.09463377], [ -113.89116077,    7.25859435,   19.87352714,   34.48216202,     14.77790498,    5.88072729,   19.1772021 ,   16.48475817,     16.94592718,    4.15716692,   10.29476966,   29.09463377,     61.26117279]]
/root/sim/music/out/徳永英明/Nostalgia/09 Jealousy.mp3; [-612.4014    ,  98.19417   , -12.016302  ,  28.490587  ,  21.323256  ,    9.747683  ,   9.529986  ,   6.35725   ,   4.2248964 ,   3.1269093 ,    0.73218596,  -0.15008956,  -0.5199448 ]; [[15507.3409733 , 1052.92641022, -238.88783233,  324.71049599,    126.68696475,   29.10369671,   19.47241115,   97.46969683,     -5.8664666 ,  102.09361272,  -16.34796161,   -7.1691574 ,     -0.61648857], [ 1052.92641022,  682.00625697,   31.7892147 ,  113.54960995,     90.61681873,   58.50981996,   83.07612152,   35.67505559,     47.02133414,   10.38305618,   41.67366012,   22.96664752,    -10.42777185], [ -238.88783233,   31.7892147 ,  453.67950399,   15.83713074,     87.9624823 ,   61.14672826,    7.01308747,   50.33927872,     20.43847952,   28.33683105,   29.03358761,   27.3794449 ,     10.81879111], [  324.71049599,  113.54960995,   15.83713074,  194.05485775,     85.18360591,   55.7798195 ,   34.00000289,   21.07677707,     44.19024764,    2.56141232,   18.87764862,   14.0502017 ,     15.7960364 ], [  126.68696475,   90.61681873,   87.9624823 ,   85.18360591,    167.16173108,   85.30032021,   44.15700571,   31.44711064,     52.49648597,   16.63351296,   23.76730599,   24.36170988,     14.59193744], [   29.10369671,   58.50981996,   61.14672826,   55.7798195 ,     85.30032021,  147.01643957,   76.95634348,   24.55608435,     43.66092515,   18.39249614,   38.540705  ,   16.56228081,     11.42154751], [   19.47241115,   83.07612152,    7.01308747,   34.00000289,     44.15700571,   76.95634348,  118.22924512,   30.45485717,     35.55922275,   -1.73430903,   25.5570679 ,   16.67775736,      7.78270895], [   97.46969683,   35.67505559,   50.33927872,   21.07677707,     31.44711064,   24.55608435,   30.45485717,   97.48484605,     39.77891233,   12.01443924,    2.61061628,    5.64065509,     17.46896121], [   -5.8664666 ,   47.02133414,   20.43847952,   44.19024764,     52.49648597,   43.66092515,   35.55922275,   39.77891233,    101.75407163,   21.11085872,   24.23733347,    8.09128014,      4.68247388], [  102.09361272,   10.38305618,   28.33683105,    2.56141232,     16.63351296,   18.39249614,   -1.73430903,   12.01443924,     21.11085872,   83.59631127,   21.25121859,    4.81085382,      1.52932131], [  -16.34796161,   41.67366012,   29.03358761,   18.87764862,     23.76730599,   38.540705  ,   25.5570679 ,    2.61061628,     24.23733347,   21.25121859,   70.51674227,   31.34882233,      3.44900664], [   -7.1691574 ,   22.96664752,   27.3794449 ,   14.0502017 ,     24.36170988,   16.56228081,   16.67775736,    5.64065509,      8.09128014,    4.81085382,   31.34882233,   57.29986472,     20.68207182], [   -0.61648857,  -10.42777185,   10.81879111,   15.7960364 ,     14.59193744,   11.42154751,    7.78270895,   17.46896121,      4.68247388,    1.52932131,    3.44900664,   20.68207182,     57.9087483 ]]
/root/sim/music/out/徳永英明/Nostalgia/05 魂の願い.mp3; [-704.4717   , 148.69124  , -13.001565 ,  35.1183   ,  12.647205 ,    5.4209695,   2.8953848,   2.545648 ,  -1.2623152,   2.7031143,   -5.872253 ,  -1.3840882,  -3.2757902]; [[15770.76750132,  129.40853831,   62.59863009,  -28.82071295,    476.59460527,  241.46769301,  101.49070747,   89.6482703 ,   -191.23810831,  -32.1041681 ,  -44.47156921,  -18.20420672,   -153.36318028], [  129.40853831, 1650.31983691, -203.44737281,  252.25011633,    -62.17730287,  -12.73642678,  -22.88526661,  -51.14818486,      8.72725435,  -24.41805624,   30.36849206,   10.76388087,     29.80499481], [   62.59863009, -203.44737281,  594.56109771, -122.73379365,     61.54380646,  -52.60293659,   20.52519386,  -30.36342741,    -43.81563375,   15.75955158,  -27.86031547,    9.73746899,     -4.9976199 ], [  -28.82071295,  252.25011633, -122.73379365,  321.45539398,    -18.21219016,   70.20495034,  -25.52751288,   -0.37214719,     64.21228938,  -18.82755779,   37.44391046,   11.32237037,     21.50809678], [  476.59460527,  -62.17730287,   61.54380646,  -18.21219016,    167.27691161,   -3.46883724,   18.49038775,   10.97443797,      2.16631807,   14.01084122,  -10.03357294,   -1.44642203,     -7.50742337], [  241.46769301,  -12.73642678,  -52.60293659,   70.20495034,     -3.46883724,  164.5306532 ,   28.07441354,   28.07859768,     27.29304128,   -7.62675724,   31.64739973,    9.28876853,      1.60721119], [  101.49070747,  -22.88526661,   20.52519386,  -25.52751288,     18.49038775,   28.07441354,  101.90423053,   26.61774885,      2.14762258,    2.56151668,    5.50740257,    3.82136879,     -3.75421138], [   89.6482703 ,  -51.14818486,  -30.36342741,   -0.37214719,     10.97443797,   28.07859768,   26.61774885,   93.90383763,     24.57913283,   13.32982075,   -0.52602048,   -0.39872499,      6.1176282 ], [ -191.23810831,    8.72725435,  -43.81563375,   64.21228938,      2.16631807,   27.29304128,    2.14762258,   24.57913283,    112.45533877,   15.18563933,   22.85762693,   -1.2764618 ,      2.86179489], [  -32.1041681 ,  -24.41805624,   15.75955158,  -18.82755779,     14.01084122,   -7.62675724,    2.56151668,   13.32982075,     15.18563933,   88.32974866,    7.10270083,    1.67641238,     -8.05894841], [  -44.47156921,   30.36849206,  -27.86031547,   37.44391046,    -10.03357294,   31.64739973,    5.50740257,   -0.52602048,     22.85762693,    7.10270083,   82.89823582,   21.63494444,     13.25976188], [  -18.20420672,   10.76388087,    9.73746899,   11.32237037,     -1.44642203,    9.28876853,    3.82136879,   -0.39872499,     -1.2764618 ,    1.67641238,   21.63494444,   64.04628423,     19.28616167], [ -153.36318028,   29.80499481,   -4.9976199 ,   21.50809678,     -7.50742337,    1.60721119,   -3.75421138,    6.1176282 ,      2.86179489,   -8.05894841,   13.25976188,   19.28616167,     78.17065251]]
/root/sim/music/out/徳永英明/Nostalgia/06 また明日は来る.mp3; [-694.4869    , 125.405266  ,  44.55436   ,  24.321484  ,  14.747972  ,    6.654707  ,   1.6574519 ,   2.6770127 ,   1.1974088 ,   5.553517  ,   -1.0648353 ,  -0.19881809,  -2.9599488 ]; [[11875.00816533,-1073.04777542,  685.58607884,  -98.11235888,   -153.86700675,  -50.98114433,    4.25034742,  -34.46015216,    -50.98317511,  169.71330837,  -10.9536094 , -113.60137921,   -149.66867554], [-1073.04777542, 2033.94649188, -285.32731652,  100.5462513 ,    136.58456989,  -23.38324761,   70.35155006,   48.78775162,     27.88414458,   34.19220549,    5.32316332,   55.87994045,     36.85356799], [  685.58607884, -285.32731652,  856.66937943,   18.75582133,    144.03998262,  133.95102291,   92.61391806,   48.5315985 ,     18.2154588 ,   25.76087567,   36.07770759,   71.9665232 ,     62.92939875], [  -98.11235888,  100.5462513 ,   18.75582133,  274.79329727,     89.42625098,   45.44177827,   25.841173  ,   45.60517082,     33.75554295,   15.16917066,    2.37001579,   13.49223488,     33.55293766], [ -153.86700675,  136.58456989,  144.03998262,   89.42625098,    213.68328943,   60.92858471,   68.05315076,   38.08570573,     26.62139466,   40.28094179,    2.99196117,   35.80206888,     26.855698  ], [  -50.98114433,  -23.38324761,  133.95102291,   45.44177827,     60.92858471,  145.11413223,   56.87436021,   38.0554292 ,     39.57293737,    4.98595015,   38.63916775,   21.4572954 ,     34.09933294], [    4.25034742,   70.35155006,   92.61391806,   25.841173  ,     68.05315076,   56.87436021,  135.94653243,   52.55093294,     28.48090611,   43.90613333,    5.7945588 ,   18.35981725,     16.42474872], [  -34.46015216,   48.78775162,   48.5315985 ,   45.60517082,     38.08570573,   38.0554292 ,   52.55093294,  107.82496814,     56.97557   ,   21.70686839,   13.60854947,    4.64353096,     22.21932264], [  -50.98317511,   27.88414458,   18.2154588 ,   33.75554295,     26.62139466,   39.57293737,   28.48090611,   56.97557   ,    119.76496572,   36.68724866,   27.25455574,    2.54002528,     18.14794278], [  169.71330837,   34.19220549,   25.76087567,   15.16917066,     40.28094179,    4.98595015,   43.90613333,   21.70686839,     36.68724866,  114.69691412,   22.52579581,   10.20147972,     -6.61273633], [  -10.9536094 ,    5.32316332,   36.07770759,    2.37001579,      2.99196117,   38.63916775,    5.7945588 ,   13.60854947,     27.25455574,   22.52579581,   90.50455082,   40.96990537,     22.90815854], [ -113.60137921,   55.87994045,   71.9665232 ,   13.49223488,     35.80206888,   21.4572954 ,   18.35981725,    4.64353096,      2.54002528,   10.20147972,   40.96990537,   90.19873902,     50.31809097], [ -149.66867554,   36.85356799,   62.92939875,   33.55293766,     26.855698  ,   34.09933294,   16.42474872,   22.21932264,     18.14794278,   -6.61273633,   22.90815854,   50.31809097,     91.49000637]]
/root/sim/music/out/徳永英明/Nostalgia/02 Navigation.mp3; [-640.8605   , 110.150665 ,   3.9002326,  37.38471  ,  18.643677 ,   11.085846 ,   2.8090482,   4.2326236,   1.1216636,   3.136273 ,   -3.4257915,  -1.927189 ,  -5.215021 ]; [[16313.15255046,  676.8342513 , -802.58067816,  153.80437495,    192.52399149,  -72.51047442,  -93.12051831,   17.27198566,   -163.20542635,   -3.44189175, -272.26696189,  -75.1096708 ,   -160.17781231], [  676.8342513 , 1224.51280693, -218.58943071,  169.89302741,    224.20262718,   62.99229733,  106.60343463,   61.85029317,     69.59709898,   44.51772822,  -12.27576034,   -0.07538888,    -31.43746923], [ -802.58067816, -218.58943071,  867.10005001,   50.70829682,    -24.02188515,   64.57012371,  -58.91022887,   50.42610809,    114.5612295 ,   73.58984246,   28.8756858 ,   23.81449493,     11.02344468], [  153.80437495,  169.89302741,   50.70829682,  343.94715304,    145.68743537,   81.75225546,   27.60175772,   38.88164564,     46.43339087,   13.79455389,    5.3316508 ,   25.6268057 ,     16.2103665 ], [  192.52399149,  224.20262718,  -24.02188515,  145.68743537,    262.57218604,   59.85044694,   46.45087322,   37.07808298,     30.28280825,   35.8697213 ,  -21.51988137,   13.06294535,     -0.62864333], [  -72.51047442,   62.99229733,   64.57012371,   81.75225546,     59.85044694,  178.84671696,   59.11702054,   17.30513449,     32.18200407,   25.52523575,   35.54900813,   12.97476972,     13.29412834], [  -93.12051831,  106.60343463,  -58.91022887,   27.60175772,     46.45087322,   59.11702054,  137.937281  ,   32.72567809,     -7.74116878,   12.58606224,   16.9662736 ,   14.26222894,     -1.67913246], [   17.27198566,   61.85029317,   50.42610809,   38.88164564,     37.07808298,   17.30513449,   32.72567809,   99.44148532,     52.59980372,   18.21700593,    1.83158621,    1.78487969,     11.9825071 ], [ -163.20542635,   69.59709898,  114.5612295 ,   46.43339087,     30.28280825,   32.18200407,   -7.74116878,   52.59980372,    119.47894157,   46.28481932,   13.09611745,   -0.13278361,      2.53806465], [   -3.44189175,   44.51772822,   73.58984246,   13.79455389,     35.8697213 ,   25.52523575,   12.58606224,   18.21700593,     46.28481932,   85.61275388,   17.88799573,    6.34910379,     -7.12961132], [ -272.26696189,  -12.27576034,   28.8756858 ,    5.3316508 ,    -21.51988137,   35.54900813,   16.9662736 ,    1.83158621,     13.09611745,   17.88799573,   77.27933856,   24.13729582,     11.29699362], [  -75.1096708 ,   -0.07538888,   23.81449493,   25.6268057 ,     13.06294535,   12.97476972,   14.26222894,    1.78487969,     -0.13278361,    6.34910379,   24.13729582,   58.5310163 ,     24.04066482], [ -160.17781231,  -31.43746923,   11.02344468,   16.2103665 ,     -0.62864333,   13.29412834,   -1.67913246,   11.9825071 ,      2.53806465,   -7.12961132,   11.29699362,   24.04066482,     69.1991312 ]]
/root/sim/music/out/徳永英明/Nostalgia/08 恋の花.mp3; [-702.44684   , 145.41547   ,   8.828564  ,  19.269058  , -13.257643  ,   -4.528895  ,  -3.9792018 ,   4.656308  ,  -7.3993506 ,  -0.27278706,   -1.195105  ,  -3.9628708 ,  -2.7618523 ]; [[12020.81291115,-1128.70694399,   75.59897303,  441.55524854,    130.3340593 , -162.87590628,  -75.25321771,  441.61841842,    -87.01113875,  167.90831141, -201.93233673,  -39.00008718,    -19.55898441], [-1128.70694399, 1914.13027433, -178.16800524,  -81.71811777,    -42.54840583,  156.06380591,   88.20265152,  -76.17743365,     66.06291636,   13.94603352,   82.51370083,  -16.42772339,     43.39326375], [   75.59897303, -178.16800524,  568.7204827 ,  245.21254767,     61.72095782,  120.88282931,   59.91981067,   68.19577962,    111.38938808,   -1.04253128,   63.67025926,   27.66488134,     17.67164934], [  441.55524854,  -81.71811777,  245.21254767,  432.25675241,     94.20490556,  109.85572758,    8.34232181,   89.29944435,    111.25612542,    0.87217814,   34.94944021,   -0.55652261,     32.41176813], [  130.3340593 ,  -42.54840583,   61.72095782,   94.20490556,    269.97841199,  -21.86549182,   -2.14275391,   62.65868104,     17.29850554,   61.47437421,  -51.76556056,    8.49344438,      9.06887387], [ -162.87590628,  156.06380591,  120.88282931,  109.85572758,    -21.86549182,  272.92271282,   98.09414473,   34.50070998,    114.29515854,   -7.35914209,   99.83322363,   -7.54504351,     28.10054093], [  -75.25321771,   88.20265152,   59.91981067,    8.34232181,     -2.14275391,   98.09414473,  162.44923504,   28.95589722,     55.97983628,   14.98499364,   39.8516653 ,   24.73156862,      6.96541185], [  441.61841842,  -76.17743365,   68.19577962,   89.29944435,     62.65868104,   34.50070998,   28.95589722,  163.78743581,     50.06767107,   25.91478977,   -0.86286974,    0.24179771,     42.77227496], [  -87.01113875,   66.06291636,  111.38938808,  111.25612542,     17.29850554,  114.29515854,   55.97983628,   50.06767107,    224.26433536,    0.6611974 ,   70.26762769,   23.85864547,     19.29491719], [  167.90831141,   13.94603352,   -1.04253128,    0.87217814,     61.47437421,   -7.35914209,   14.98499364,   25.91478977,      0.6611974 ,  138.53676078,   -8.74301686,   -2.41365192,     26.61406107], [ -201.93233673,   82.51370083,   63.67025926,   34.94944021,    -51.76556056,   99.83322363,   39.8516653 ,   -0.86286974,     70.26762769,   -8.74301686,  161.88650975,   34.25195051,     18.35009617], [  -39.00008718,  -16.42772339,   27.66488134,   -0.55652261,      8.49344438,   -7.54504351,   24.73156862,    0.24179771,     23.85864547,   -2.41365192,   34.25195051,  108.20800496,     23.50035151], [  -19.55898441,   43.39326375,   17.67164934,   32.41176813,      9.06887387,   28.10054093,    6.96541185,   42.77227496,     19.29491719,   26.61406107,   18.35009617,   23.50035151,    114.17567428]]
/root/sim/music/out/X/STAR BOX/08 X CLAMATION.mp3; [-667.9977    , 134.57095   , -14.609818  ,  45.468895  ,  -9.571362  ,    6.890207  ,  -2.6569393 ,  -1.6412767 ,   1.9145763 ,   2.3569436 ,   -0.22715512,   2.6009026 ,  -3.4083877 ]; [[24720.12564729, 1099.93945558, -709.72812101, 1646.87356343,     16.47404321,  196.77388113, -130.6978408 ,  209.03302003,   -188.00709763, -575.02069088, -221.62940233,    0.69884516,   -506.9778562 ], [ 1099.93945558, 2416.102605  , -188.19547134,  653.69052558,   -285.31135384,  164.32794185,   36.70650456, -184.51262841,    164.71225788,   -0.83346414,  -57.89615532,  -68.10930151,    -84.73360008], [ -709.72812101, -188.19547134,  743.89441928,   -1.51145237,    322.66912732,  135.23292904,   -7.62010243,   97.21641498,     -1.77945987,   30.05397946,   -0.45773839,  -69.69142542,     83.39781408], [ 1646.87356343,  653.69052558,   -1.51145237,  772.02706071,   -216.5425533 ,   37.27308904,   80.11570053,  -77.05218425,     38.61362535,   -2.38179906,   11.69462995,   15.36730246,     -9.68491536], [   16.47404321, -285.31135384,  322.66912732, -216.5425533 ,    726.76390446,  158.27234078,    8.64084737,  257.49053501,    -11.43587657,  -72.24581039,  -29.89773076,  -45.59580451,    -18.76194453], [  196.77388113,  164.32794185,  135.23292904,   37.27308904,    158.27234078,  190.88079333,   32.32454772,   77.39908048,     31.78380704,  -26.94493538,  -16.62134977,  -36.54573215,     -5.72637862], [ -130.6978408 ,   36.70650456,   -7.62010243,   80.11570053,      8.64084737,   32.32454772,   97.4726098 ,   25.15187704,     22.32764385,    6.70598157,    4.49621932,    4.22171704,      2.89328382], [  209.03302003, -184.51262841,   97.21641498,  -77.05218425,    257.49053501,   77.39908048,   25.15187704,  187.08928465,      9.91292362,  -37.09511918,   -5.59747606,  -11.00836642,    -12.3345416 ], [ -188.00709763,  164.71225788,   -1.77945987,   38.61362535,    -11.43587657,   31.78380704,   22.32764385,    9.91292362,     78.6217665 ,   14.90325258,   -0.67352209,  -11.99859746,     -4.82738175], [ -575.02069088,   -0.83346414,   30.05397946,   -2.38179906,    -72.24581039,  -26.94493538,    6.70598157,  -37.09511918,     14.90325258,   89.91537055,   30.46479162,   10.54948875,     30.45799384], [ -221.62940233,  -57.89615532,   -0.45773839,   11.69462995,    -29.89773076,  -16.62134977,    4.49621932,   -5.59747606,     -0.67352209,   30.46479162,   66.13299048,   28.62595743,     21.95203829], [    0.69884516,  -68.10930151,  -69.69142542,   15.36730246,    -45.59580451,  -36.54573215,    4.22171704,  -11.00836642,    -11.99859746,   10.54948875,   28.62595743,   75.66085665,     17.35371066], [ -506.9778562 ,  -84.73360008,   83.39781408,   -9.68491536,    -18.76194453,   -5.72637862,    2.89328382,  -12.3345416 ,     -4.82738175,   30.45799384,   21.95203829,   17.35371066,     99.34235526]]
/root/sim/music/out/X/STAR BOX/04 Endless Rain.mp3; [-645.9233    , 132.03726   ,   2.0950992 ,  24.919266  ,   6.518792  ,    7.456934  ,   0.69978184,  -0.90256083,  -2.5547183 ,   0.81923336,   -2.6662023 ,  -3.9331467 ,  -0.1616076 ]; [[19927.70957142,-1145.58603004,  805.42947503,  511.13283851,    108.3576091 ,  570.59783467,  361.40347752,  410.52518836,    375.34074947,  317.94929817,   20.9906703 ,   72.9461401 ,    -73.92080463], [-1145.58603004, 1407.2575145 , -475.20879356,   82.01807593,    -15.60451395, -141.04122891, -150.64242323, -140.66381667,   -112.18727179,  -58.61183355,   36.30159651,   18.05109202,    -28.16068923], [  805.42947503, -475.20879356,  574.85101051,  -35.28754723,     37.33362062,   61.7105397 ,  112.33779368,   62.52282761,     28.11696898,   48.02973957,    5.24274901,   -6.29537035,     18.6990514 ], [  511.13283851,   82.01807593,  -35.28754723,  233.63422277,     66.64352024,   66.57161866,   -5.1486461 ,   51.6844829 ,     26.15414703,   -4.12382467,   -6.65485882,   45.2434439 ,    -14.5153496 ], [  108.3576091 ,  -15.60451395,   37.33362062,   66.64352024,    176.21636784,   40.41904468,   -4.99470658,   35.39786766,     28.73322438,   -2.36697247,   -4.61614075,   46.33809405,     -2.00386657], [  570.59783467, -141.04122891,   61.7105397 ,   66.57161866,     40.41904468,  148.30229139,   85.62030401,   72.13733003,     38.26075833,   25.66109303,  -17.23704868,   14.78009929,     -1.5651123 ], [  361.40347752, -150.64242323,  112.33779368,   -5.1486461 ,     -4.99470658,   85.62030401,  173.30474383,   68.93169764,     40.23070877,   38.18036993,  -19.16464813,   -3.96974522,     15.25837431], [  410.52518836, -140.66381667,   62.52282761,   51.6844829 ,     35.39786766,   72.13733003,   68.93169764,  129.2897259 ,     61.76473616,   21.84946702,   -9.87024159,   15.01737121,     -0.01614512], [  375.34074947, -112.18727179,   28.11696898,   26.15414703,     28.73322438,   38.26075833,   40.23070877,   61.76473616,    105.2659557 ,   44.16093164,   -7.97812665,    4.93731546,      4.31496432], [  317.94929817,  -58.61183355,   48.02973957,   -4.12382467,     -2.36697247,   25.66109303,   38.18036993,   21.84946702,     44.16093164,   95.40651315,   29.34028304,   -0.04920606,      4.4195397 ], [   20.9906703 ,   36.30159651,    5.24274901,   -6.65485882,     -4.61614075,  -17.23704868,  -19.16464813,   -9.87024159,     -7.97812665,   29.34028304,  100.45830467,   28.19347375,     -4.14889632], [   72.9461401 ,   18.05109202,   -6.29537035,   45.2434439 ,     46.33809405,   14.78009929,   -3.96974522,   15.01737121,      4.93731546,   -0.04920606,   28.19347375,   93.46788578,     14.89213491], [  -73.92080463,  -28.16068923,   18.6990514 ,  -14.5153496 ,     -2.00386657,   -1.5651123 ,   15.25837431,   -0.01614512,      4.31496432,    4.4195397 ,   -4.14889632,   14.89213491,     74.22238337]]
/root/sim/music/out/X/STAR BOX/11 X [Live].mp3; [-548.7503    , 102.59752   ,   7.176545  ,  37.504974  ,   2.9036405 ,    4.285682  ,   0.03969024,   4.2216964 ,  -2.0804057 ,  -3.638776  ,   -7.6876388 ,  -6.4944744 ,  -2.310055  ]; [[7669.93535721, 255.20210745,1057.88056564, 254.38250906, 215.55776532,    84.72245627,  -0.40424819,   1.37794304,  -9.85264288,  12.37025235,     8.19650046, -73.51506752, -24.02724074], [ 255.20210745, 837.47319551, -83.2644244 , 260.65230665,  15.5138773 ,     6.44691863, -15.51497091,  10.29764855,  -5.60459337, -30.37936843,   -44.7312295 , -16.15693098, -13.26027223], [1057.88056564, -83.2644244 ,1201.08557331, 140.01503509, 233.85554259,    57.37281367, -52.98965411,  58.41146216,  27.43698762,  -8.82651951,    12.84411539, -25.5288742 ,  -4.93827987], [ 254.38250906, 260.65230665, 140.01503509, 220.2415546 ,  62.57091947,    56.98872164,  -4.63249012,  25.42448872,   0.80928557, -12.94533777,    -8.61638346,  -5.9633855 ,  -1.49371688], [ 215.55776532,  15.5138773 , 233.85554259,  62.57091947, 138.54753852,    36.6443333 ,  18.09808853,   5.19927046,   4.6127329 ,  -2.21448888,    -0.95372708,  -1.46069179,   0.77922761], [  84.72245627,   6.44691863,  57.37281367,  56.98872164,  36.6443333 ,   115.85535362,  34.92640689,  27.80325961,   6.45435271, -13.32339872,     4.52868794,  -2.63952837,   1.32313367], [  -0.40424819, -15.51497091, -52.98965411,  -4.63249012,  18.09808853,    34.92640689,  96.57163506,  21.12275553,   2.77976924,  -1.92128293,     0.98263725,  -1.7019593 ,  -4.05463038], [   1.37794304,  10.29764855,  58.41146216,  25.42448872,   5.19927046,    27.80325961,  21.12275553,  91.52062658,  29.61059647,  -0.63432334,    -3.99925697,  -7.25447444,  -4.64823155], [  -9.85264288,  -5.60459337,  27.43698762,   0.80928557,   4.6127329 ,     6.45435271,   2.77976924,  29.61059647,  64.95024537,  23.90698095,     1.18658411,  -9.65416698,  -6.49452027], [  12.37025235, -30.37936843,  -8.82651951, -12.94533777,  -2.21448888,   -13.32339872,  -1.92128293,  -0.63432334,  23.90698095,  61.36081066,    21.10271014,   3.15099322,  -1.6498843 ], [   8.19650046, -44.7312295 ,  12.84411539,  -8.61638346,  -0.95372708,     4.52868794,   0.98263725,  -3.99925697,   1.18658411,  21.10271014,    62.13987873,  22.19153154,   4.31264491], [ -73.51506752, -16.15693098, -25.5288742 ,  -5.9633855 ,  -1.46069179,    -2.63952837,  -1.7019593 ,  -7.25447444,  -9.65416698,   3.15099322,    22.19153154,  55.43955672,  21.57999365], [ -24.02724074, -13.26027223,  -4.93827987,  -1.49371688,   0.77922761,     1.32313367,  -4.05463038,  -4.64823155,  -6.49452027,  -1.6498843 ,     4.31264491,  21.57999365,  48.583908  ]]
/root/sim/music/out/X/STAR BOX/01 紅.mp3; [-605.28094   , 128.0585    ,  -5.3436766 ,  36.36138   ,   4.030311  ,   -0.48866773,   0.08230197,   1.573699  ,  -1.3284569 ,   2.0393994 ,   -1.0684266 ,  -3.4810357 ,  -2.6663241 ]; [[22499.83315706,-3288.89392584,   33.09119295, -712.27023586,   -316.83520382,  266.59597993,  398.59119918,  867.11807384,    983.67460257,  651.07444058,  128.23202875,  486.30626918,    259.3670328 ], [-3288.89392584, 1885.06972746, -179.13997809,  389.62663975,    155.73722213,  -24.66650532,  -91.18419333, -225.38665812,   -268.45426936, -180.52320408,  -37.31414114, -139.61282997,    -95.06530572], [   33.09119295, -179.13997809,  345.55556367,   -1.4145726 ,     40.77735901,  -26.84419888,   -0.40278567,   10.77791406,     30.31112576,   21.19852744,   27.0038328 ,   27.96326778,      8.95367214], [ -712.27023586,  389.62663975,   -1.4145726 ,  388.06661869,    188.66201253,   66.2340445 ,  -47.15208762,   26.11972268,    -28.58700717,  -53.55610623,   24.40428487,   38.77982428,    -12.70396519], [ -316.83520382,  155.73722213,   40.77735901,  188.66201253,    302.15255725,  102.90028723,   -8.48129243,   63.31478719,     23.69620888,  -24.74377831,   23.67082532,   41.61694953,     13.92404637], [  266.59597993,  -24.66650532,  -26.84419888,   66.2340445 ,    102.90028723,  176.61932035,   63.24586453,   72.66125536,     34.15638742,   -1.53469077,   13.67074073,   28.04964234,      6.14433497], [  398.59119918,  -91.18419333,   -0.40278567,  -47.15208762,     -8.48129243,   63.24586453,  140.46860127,   61.3281553 ,     39.71893093,   31.85090571,    7.68249515,   11.38507012,      0.53599427], [  867.11807384, -225.38665812,   10.77791406,   26.11972268,     63.31478719,   72.66125536,   61.3281553 ,  181.61605759,    109.40630555,   43.20612672,   37.01042579,   59.34694917,     14.39311689], [  983.67460257, -268.45426936,   30.31112576,  -28.58700717,     23.69620888,   34.15638742,   39.71893093,  109.40630555,    165.70971638,   71.70926151,    9.6080314 ,   54.22562884,     16.12906806], [  651.07444058, -180.52320408,   21.19852744,  -53.55610623,    -24.74377831,   -1.53469077,   31.85090571,   43.20612672,     71.70926151,  111.49158177,   34.99587684,   22.96574032,      7.77994698], [  128.23202875,  -37.31414114,   27.0038328 ,   24.40428487,     23.67082532,   13.67074073,    7.68249515,   37.01042579,      9.6080314 ,   34.99587684,   98.94101795,   36.92422596,     -7.68564895], [  486.30626918, -139.61282997,   27.96326778,   38.77982428,     41.61694953,   28.04964234,   11.38507012,   59.34694917,     54.22562884,   22.96574032,   36.92422596,  108.54679936,     31.3876091 ], [  259.3670328 ,  -95.06530572,    8.95367214,  -12.70396519,     13.92404637,    6.14433497,    0.53599427,   14.39311689,     16.12906806,    7.77994698,   -7.68564895,   31.3876091 ,     76.97846832]]
/root/sim/music/out/X/STAR BOX/03 BLUE BLOOD.mp3; [-545.8044    , 121.64997   ,  -4.9767675 ,  29.666842  ,  10.203492  ,    2.2386875 ,   0.50988674,   3.466783  ,  -3.522333  ,  -6.148195  ,   -8.507188  ,  -2.3925512 ,  -3.3286152 ]; [[9690.87875126, 607.88351319, 144.66118647, -27.16812741,-125.88042419,   -85.1219679 , -31.29239651,-161.3118179 ,-127.12864443, 361.34180988,   170.79198465, -55.28980148,-256.89074505], [ 607.88351319, 512.15949901,-156.14503728, 128.06419558,  14.40589105,    -9.97709202,  -3.68113588,   3.02274708,   9.03286021, -81.85152994,   -45.32190081,  16.18367923,  11.07926263], [ 144.66118647,-156.14503728, 250.41122308, -20.02492317,  49.68015348,     5.24585358, -11.59716927,  12.71882958,  -8.23473696,  44.64982431,    71.17313973,  12.53776339, -25.55983062], [ -27.16812741, 128.06419558, -20.02492317, 153.62242412,  47.32971228,    26.21127982, -19.73039895,  25.88377782,  11.72524761, -41.38861355,    -5.69879574,  27.09245587,  19.40523766], [-125.88042419,  14.40589105,  49.68015348,  47.32971228, 111.81692694,    18.09355332,   2.08144064,  21.72346465,  14.39234816, -20.67874528,    19.04039374,  23.27865826,   4.65672429], [ -85.1219679 ,  -9.97709202,   5.24585358,  26.21127982,  18.09355332,    95.12354486,  47.03512317,  33.85249764,   6.4149985 ,   1.8385325 ,    -2.17953887,  -7.01130938,   6.82054223], [ -31.29239651,  -3.68113588, -11.59716927, -19.73039895,   2.08144064,    47.03512317, 111.02697186,  36.61065501,  15.5557158 ,  20.79128533,    -6.75121316, -13.8773558 ,  -0.69088929], [-161.3118179 ,   3.02274708,  12.71882958,  25.88377782,  21.72346465,    33.85249764,  36.61065501,  82.66293705,  32.67618552,  -8.51040056,     4.84100602,   1.63850486,   4.68754238], [-127.12864443,   9.03286021,  -8.23473696,  11.72524761,  14.39234816,     6.4149985 ,  15.5557158 ,  32.67618552,  63.86849796,  22.56179974,    -0.59832106,   0.19190478,   5.39140787], [ 361.34180988, -81.85152994,  44.64982431, -41.38861355, -20.67874528,     1.8385325 ,  20.79128533,  -8.51040056,  22.56179974, 132.15559335,    59.52393817,  -6.40401091, -23.40000072], [ 170.79198465, -45.32190081,  71.17313973,  -5.69879574,  19.04039374,    -2.17953887,  -6.75121316,   4.84100602,  -0.59832106,  59.52393817,   105.93558171,  35.94989982, -24.00002014], [ -55.28980148,  16.18367923,  12.53776339,  27.09245587,  23.27865826,    -7.01130938, -13.8773558 ,   1.63850486,   0.19190478,  -6.40401091,    35.94989982,  60.68523962,  15.22598223], [-256.89074505,  11.07926263, -25.55983062,  19.40523766,   4.65672429,     6.82054223,  -0.69088929,   4.68754238,   5.39140787, -23.40000072,   -24.00002014,  15.22598223,  62.26187401]]
/root/sim/music/out/X/STAR BOX/07 Love Replica.mp3; [-718.6516   , 162.03288  , -17.247677 ,  21.17056  ,  -8.022038 ,    2.7898417,   2.45898  ,   2.6411395,   2.303206 ,   6.763472 ,    5.436849 ,   2.0054283,   2.1853836]; [[23494.25846087,-2174.12681455, 1904.16139677, 2742.9792402 ,   -338.29557571, 1112.2691882 ,  743.92336909,  911.33562114,    447.15395246,  702.0285179 ,  761.97877697,  619.89014547,    364.93251827], [-2174.12681455, 2141.22765052, -787.38717544, -411.97201731,     26.64046679, -273.8572879 , -147.92375914, -194.19123637,   -109.6848627 , -148.70924687, -163.42813062, -125.79171542,    -53.09850175], [ 1904.16139677, -787.38717544, 1369.3364447 ,  450.78075921,     79.63092829,  294.76901409,  151.39694365,  185.4184066 ,     57.73679031,  163.97387596,  144.92082017,  157.16893309,     90.61528763], [ 2742.9792402 , -411.97201731,  450.78075921,  692.85895023,     39.53612957,  223.48562317,  113.91930918,  159.81805999,     81.08896382,  150.49862663,  136.60176735,  101.37724478,     68.89928773], [ -338.29557571,   26.64046679,   79.63092829,   39.53612957,    191.37785199,   45.4334103 ,   15.41452186,   -7.05633094,     -4.69509934,   -8.82429757,   -0.11120313,    8.42942274,     -3.14498833], [ 1112.2691882 , -273.8572879 ,  294.76901409,  223.48562317,     45.4334103 ,  269.37774433,  113.82454821,  110.44544725,     20.25503419,   62.95085178,   58.47375665,   53.59359237,     44.06956319], [  743.92336909, -147.92375914,  151.39694365,  113.91930918,     15.41452186,  113.82454821,  179.90255374,   99.66184167,     24.76342381,   31.41632118,   29.27881358,   38.95149956,     35.17211809], [  911.33562114, -194.19123637,  185.4184066 ,  159.81805999,     -7.05633094,  110.44544725,   99.66184167,  211.14789413,     76.81159456,   63.19475881,   27.58902896,   20.6068553 ,     34.68586357], [  447.15395246, -109.6848627 ,   57.73679031,   81.08896382,     -4.69509934,   20.25503419,   24.76342381,   76.81159456,    140.71310441,   66.82969743,   22.22241149,    0.51829957,    -11.08811622], [  702.0285179 , -148.70924687,  163.97387596,  150.49862663,     -8.82429757,   62.95085178,   31.41632118,   63.19475881,     66.82969743,  140.85784857,   71.39678042,   30.2155927 ,     12.38728182], [  761.97877697, -163.42813062,  144.92082017,  136.60176735,     -0.11120313,   58.47375665,   29.27881358,   27.58902896,     22.22241149,   71.39678042,  121.28971565,   69.9721246 ,     18.41783936], [  619.89014547, -125.79171542,  157.16893309,  101.37724478,      8.42942274,   53.59359237,   38.95149956,   20.6068553 ,      0.51829957,   30.2155927 ,   69.9721246 ,  122.74520862,     60.84525852], [  364.93251827,  -53.09850175,   90.61528763,   68.89928773,     -3.14498833,   44.06956319,   35.17211809,   34.68586357,    -11.08811622,   12.38728182,   18.41783936,   60.84525852,    115.60954992]]
