/root/sim/music/out/Bon Jovi/Greatest Hits_ The Ultimate Collection [Disc 2]/09 This Ain't A Love Song.mp3; [-626.9293   , 137.18204  ,  -4.336084 ,  17.659405 ,  -0.6707297,   -1.0570252,  -4.16139  ,  -3.8195932,  -5.4953814,  -1.9826293,   -5.0589614,  -5.557826 ,  -4.596955 ]; [[31697.15781594,-4056.33859237, -860.40751221, 1283.48831968,    699.63628103, 1628.23749424, 1008.43425534, 1399.55977115,   1079.78360884, 1316.693108  , 1010.00479485,  520.30194489,    492.72532466], [-4056.33859237, 2335.9916912 , -110.24468263,  -18.23382266,      5.9158745 , -281.98519055, -116.42857856, -267.49164342,   -131.66384335, -261.14638842, -210.43307075,  -90.19975017,   -133.79496459], [ -860.40751221, -110.24468263,  628.25245631, -148.51922757,     33.59511103,  -31.80599043,  -56.74130354,  -34.11158855,    -56.22019576,  -18.59722893,   -0.48406622,  -26.97878846,     12.37872412], [ 1283.48831968,  -18.23382266, -148.51922757,  525.69643868,    219.85456242,  126.32803067,   60.11327229,   65.62158781,    162.2997664 ,   53.68652117,   33.05872638,  108.73797506,     20.91314627], [  699.63628103,    5.9158745 ,   33.59511103,  219.85456242,    342.08906806,  101.14665719,   44.94579854,   34.26476107,     99.99827896,   36.67794267,   35.11881004,   70.21967462,     26.29373453], [ 1628.23749424, -281.98519055,  -31.80599043,  126.32803067,    101.14665719,  296.72731147,  137.16974451,  127.12964847,     80.84966955,   96.95155681,   92.89454072,   52.31589747,     44.02555729], [ 1008.43425534, -116.42857856,  -56.74130354,   60.11327229,     44.94579854,  137.16974451,  210.882523  ,  110.96256975,     57.90256202,   70.7593731 ,   63.73811818,   27.20571425,     32.41318848], [ 1399.55977115, -267.49164342,  -34.11158855,   65.62158781,     34.26476107,  127.12964847,  110.96256975,  204.80526168,     96.42462506,   98.99885186,   72.21492163,   28.46751513,     43.83166517], [ 1079.78360884, -131.66384335,  -56.22019576,  162.2997664 ,     99.99827896,   80.84966955,   57.90256202,   96.42462506,    190.86449001,   93.60772609,   42.36329001,   44.95067209,     17.34013215], [ 1316.693108  , -261.14638842,  -18.59722893,   53.68652117,     36.67794267,   96.95155681,   70.7593731 ,   98.99885186,     93.60772609,  170.23142116,   90.76933613,   27.79219215,     28.73241332], [ 1010.00479485, -210.43307075,   -0.48406622,   33.05872638,     35.11881004,   92.89454072,   63.73811818,   72.21492163,     42.36329001,   90.76933613,  137.86195607,   43.51521957,     27.55266239], [  520.30194489,  -90.19975017,  -26.97878846,  108.73797506,     70.21967462,   52.31589747,   27.20571425,   28.46751513,     44.95067209,   27.79219215,   43.51521957,  106.81963639,     35.81033528], [  492.72532466, -133.79496459,   12.37872412,   20.91314627,     26.29373453,   44.02555729,   32.41318848,   43.83166517,     17.34013215,   28.73241332,   27.55266239,   35.81033528,     91.68081399]]
/root/sim/music/out/Bon Jovi/Greatest Hits_ The Ultimate Collection [Disc 2]/12 Blood On Blood.mp3; [-503.15683  ,  96.25679  ,  -2.2281237,  30.211456 ,  -3.4318695,    9.548334 ,  -1.0526698,  14.727632 ,   2.7037253,   4.3684897,    2.3616037,  -4.0301476,  -3.7613616]; [[9767.70345364,-890.18590211,-434.93388887,  42.09403672,-219.90456314,    64.31746584, -60.25559517, 202.59243726, -65.89322929, -71.54700654,    23.7287138 ,-103.9080684 ,   5.65150769], [-890.18590211, 749.67146529, -42.41314762,  53.96205624,  57.94902219,    10.25057205,  33.03689041, -30.54576024,  -3.63061426, -15.63014577,   -14.08655979,  26.7057836 ,  10.54019197], [-434.93388887, -42.41314762, 770.63987542, -52.3978646 ,  68.86041338,    71.67420275,   0.93199428, -37.19306893,  -7.54690748,  -2.65047022,     8.48820845,  -2.36682293,   9.6952744 ], [  42.09403672,  53.96205624, -52.3978646 , 217.56910222,  60.1893661 ,   -24.11603699, -38.84503899, -10.78772311,  17.2233551 ,   5.19820464,    -3.53154462,  33.51251986,  23.26692028], [-219.90456314,  57.94902219,  68.86041338,  60.1893661 , 150.28487907,     5.73472406, -14.62869758, -34.84659554,  -9.85700173, -15.82514991,     4.36146568,  33.9975788 ,  20.42484982], [  64.31746584,  10.25057205,  71.67420275, -24.11603699,   5.73472406,   127.97571992,  37.10650031,  20.57703603,   4.36989107,  15.81067315,     6.54839349, -15.58774667,  -2.65823682], [ -60.25559517,  33.03689041,   0.93199428, -38.84503899, -14.62869758,    37.10650031, 116.56073218,  39.80518668,  -4.28895432,  -7.43141164,    -1.88972628, -12.4571529 , -11.27553293], [ 202.59243726, -30.54576024, -37.19306893, -10.78772311, -34.84659554,    20.57703603,  39.80518668, 105.97872488,  35.37252021,  15.10401728,    -5.58357375, -30.46024398, -10.23466766], [ -65.89322929,  -3.63061426,  -7.54690748,  17.2233551 ,  -9.85700173,     4.36989107,  -4.28895432,  35.37252021,  90.78042374,  41.11899072,    -4.52349825, -15.75097171, -11.05528958], [ -71.54700654, -15.63014577,  -2.65047022,   5.19820464, -15.82514991,    15.81067315,  -7.43141164,  15.10401728,  41.11899072,  94.02453349,    32.59818936, -11.61403466, -18.81167117], [  23.7287138 , -14.08655979,   8.48820845,  -3.53154462,   4.36146568,     6.54839349,  -1.88972628,  -5.58357375,  -4.52349825,  32.59818936,    75.48723245,  28.51900403,  -2.96767421], [-103.9080684 ,  26.7057836 ,  -2.36682293,  33.51251986,  33.9975788 ,   -15.58774667, -12.4571529 , -30.46024398, -15.75097171, -11.61403466,    28.51900403,  89.13872593,  32.36546419], [   5.65150769,  10.54019197,   9.6952744 ,  23.26692028,  20.42484982,    -2.65823682, -11.27553293, -10.23466766, -11.05528958, -18.81167117,    -2.96767421,  32.36546419,  61.83238455]]
/root/sim/music/out/Bon Jovi/Greatest Hits_ The Ultimate Collection [Disc 2]/13 This Is Love This Is Life.mp3; [-500.3493    , 101.10195   ,   3.1660554 ,  26.662415  ,   1.2768815 ,    8.821558  ,  -1.4902542 ,   8.281903  ,   5.251358  ,   5.339612  ,    5.4174824 ,  -1.2337362 ,  -0.25655657]; [[7905.88562135, 444.23146147,-133.03894653,  81.47623031,-124.56601019,   -33.99122626, -41.435042  ,  67.98598344,  56.55375759,  39.1178799 ,    56.18969286, -76.7199399 , -43.49761335], [ 444.23146147, 577.2132558 , -37.0249776 ,  34.87164292,  31.56508652,    23.87318805,  25.72294031,   3.4557133 ,  -5.87296468,   0.82324904,     1.04184519,  -4.31361725,  12.37280468], [-133.03894653, -37.0249776 , 282.50950111,  31.5915851 ,  11.49617848,    51.57335927, -17.91269061, -10.14228553, -13.61224133, -22.86153794,   -14.85398948,  15.34754557,  -3.24277336], [  81.47623031,  34.87164292,  31.5915851 , 150.74089366,  66.15700842,    -6.56565926, -37.40804646, -15.93985205,   6.42038662,  -8.39275554,   -19.9437245 ,  20.86169969,  10.33634881], [-124.56601019,  31.56508652,  11.49617848,  66.15700842, 172.17496145,    31.15549041, -48.68866842, -22.97816906,   5.57813691, -16.24183685,   -29.82138837,  30.95983983,  18.98270477], [ -33.99122626,  23.87318805,  51.57335927,  -6.56565926,  31.15549041,   113.44283769,  32.40197488,  -4.84487354, -16.57556183,  -4.31008475,     6.33080681,  -3.36776003,  -2.04511306], [ -41.435042  ,  25.72294031, -17.91269061, -37.40804646, -48.68866842,    32.40197488, 125.40323761,  26.74427897, -13.53726796,   9.66248802,    12.74290845, -15.87763531, -10.74690952], [  67.98598344,   3.4557133 , -10.14228553, -15.93985205, -22.97816906,    -4.84487354,  26.74427897,  77.82228796,  28.35884818,   5.17442032,     6.68082204,  -3.40491577,   1.62983623], [  56.55375759,  -5.87296468, -13.61224133,   6.42038662,   5.57813691,   -16.57556183, -13.53726796,  28.35884818,  84.60657768,  27.52952074,     0.49582289,   0.10139943,  -3.80858113], [  39.1178799 ,   0.82324904, -22.86153794,  -8.39275554, -16.24183685,    -4.31008475,   9.66248802,   5.17442032,  27.52952074,  70.65461318,    32.98794973, -10.07966075,  -9.96676557], [  56.18969286,   1.04184519, -14.85398948, -19.9437245 , -29.82138837,     6.33080681,  12.74290845,   6.68082204,   0.49582289,  32.98794973,    66.92185966,   4.55996685,  -5.2690612 ], [ -76.7199399 ,  -4.31361725,  15.34754557,  20.86169969,  30.95983983,    -3.36776003, -15.87763531,  -3.40491577,   0.10139943, -10.07966075,     4.55996685,  63.01447563,  24.56532598], [ -43.49761335,  12.37280468,  -3.24277336,  10.33634881,  18.98270477,    -2.04511306, -10.74690952,   1.62983623,  -3.80858113,  -9.96676557,    -5.2690612 ,  24.56532598,  54.66015753]]
/root/sim/music/out/Bon Jovi/Greatest Hits_ The Ultimate Collection [Disc 2]/03 Lost Highway.mp3; [-517.4487    , 105.6774    ,   0.92734015,  31.324083  ,  13.065185  ,    6.809074  ,   2.4514358 ,   6.7744555 ,   2.3912814 ,   2.0324924 ,   -2.818133  ,  -3.2448943 ,   1.0397167 ]; [[13301.40653117,-1345.86127762,-1157.43867992,  -49.94981515,   -240.42813102, -208.87867554,  -94.92917285,  166.81601963,      6.36641784,   36.78855049,   -5.04214068,  -31.83696528,     75.89707107], [-1345.86127762, 1095.22364359,   97.77722145,   51.01134976,     78.83338268,   -1.61908742,   30.81985735,  -48.44081716,      0.76350949,   -1.55837313,    3.39342224,   -1.35113479,     -8.68554139], [-1157.43867992,   97.77722145,  478.49222503,   13.7952841 ,     27.98517822,   63.32965209,  -18.64924138,  -30.35707594,    -20.3545854 ,  -13.76885524,   -1.28190042,    7.43382055,     -7.73914011], [  -49.94981515,   51.01134976,   13.7952841 ,  185.32184712,     65.93580753,  -18.46227453,  -20.22058926,   -7.88033866,     20.62222523,   -1.75042548,  -18.09947587,   27.1112993 ,     20.10015734], [ -240.42813102,   78.83338268,   27.98517822,   65.93580753,    150.42174686,   -5.88835389,    0.15060704,  -22.28119149,     13.28023937,    3.56370517,  -17.62699357,   17.50473324,      9.98918579], [ -208.87867554,   -1.61908742,   63.32965209,  -18.46227453,     -5.88835389,  143.04834168,   44.41319549,    8.61153359,    -13.46916606,   -3.9783482 ,   19.61257183,  -12.01983836,    -19.30374589], [  -94.92917285,   30.81985735,  -18.64924138,  -20.22058926,      0.15060704,   44.41319549,  136.56088887,   27.68429372,     -5.92395236,   -3.05674016,   11.48338623,   -1.06589528,    -11.65033205], [  166.81601963,  -48.44081716,  -30.35707594,   -7.88033866,    -22.28119149,    8.61153359,   27.68429372,   97.50132068,     25.0068886 ,    4.70373492,    8.11525038,  -10.0288982 ,     -0.71462871], [    6.36641784,    0.76350949,  -20.3545854 ,   20.62222523,     13.28023937,  -13.46916606,   -5.92395236,   25.0068886 ,     86.91983954,   25.87289598,   -6.34719897,   -1.3309963 ,      5.00652782], [   36.78855049,   -1.55837313,  -13.76885524,   -1.75042548,      3.56370517,   -3.9783482 ,   -3.05674016,    4.70373492,     25.87289598,   70.02178132,   23.40210481,   -0.24843379,      2.35533578], [   -5.04214068,    3.39342224,   -1.28190042,  -18.09947587,    -17.62699357,   19.61257183,   11.48338623,    8.11525038,     -6.34719897,   23.40210481,   67.15033651,   14.71816244,     -4.44476374], [  -31.83696528,   -1.35113479,    7.43382055,   27.1112993 ,     17.50473324,  -12.01983836,   -1.06589528,  -10.0288982 ,     -1.3309963 ,   -0.24843379,   14.71816244,   71.79306036,     32.84143981], [   75.89707107,   -8.68554139,   -7.73914011,   20.10015734,      9.98918579,  -19.30374589,  -11.65033205,   -0.71462871,      5.00652782,    2.35533578,   -4.44476374,   32.84143981,     73.97811729]]
/root/sim/music/out/Bon Jovi/Greatest Hits_ The Ultimate Collection [Disc 2]/07 When We Were Be.autiful.mp3; [-564.3529   , 128.34554  , -13.985567 ,  34.564724 ,  -4.2987065,    3.3641312,  -4.2745533,   6.298165 ,   6.3446655,   2.6267328,    4.913438 ,  -0.5252894,  -0.579676 ]; [[18521.22102925, -912.44727422, -815.66258025,  534.81251375,    958.38519076,  279.72669981,  411.18440496,  599.98220685,    201.57341506,  692.56148039,  544.95225872,  563.76748586,   -132.50060786], [ -912.44727422,  965.56842869, -181.11394602,  135.88937384,   -128.14118969,   -0.7814725 ,  -35.43039134,  -30.79504998,     41.65454075, -101.72884269,   27.62611869,  -68.77415968,     40.85417738], [ -815.66258025, -181.11394602,  635.27358634, -184.39866954,     11.97064382,  -29.72384993,   17.19754445,  -24.43010031,    -71.02488162,   19.97573232,  -96.88248705,   30.33824002,      9.1671059 ], [  534.81251375,  135.88937384, -184.39866954,  399.92833974,     53.8309791 ,   62.73770741,  -35.78619853,   28.23628072,     70.90827186,  -15.98164668,   61.93037843,    1.34978866,     35.13018944], [  958.38519076, -128.14118969,   11.97064382,   53.8309791 ,    244.41328634,   40.40075227,   75.78323371,   60.88946514,     16.69052671,   40.54326417,   26.89037742,   68.99600277,    -11.46315481], [  279.72669981,   -0.7814725 ,  -29.72384993,   62.73770741,     40.40075227,  174.91079087,   65.70947967,   42.71625248,      9.9247187 ,   -3.22019445,   28.6531436 ,   -4.73387483,     10.88653825], [  411.18440496,  -35.43039134,   17.19754445,  -35.78619853,     75.78323371,   65.70947967,  175.62038945,   61.15279672,    -11.36562494,   17.43421772,   20.66891152,   32.89746353,    -20.91446185], [  599.98220685,  -30.79504998,  -24.43010031,   28.23628072,     60.88946514,   42.71625248,   61.15279672,  128.67034294,     31.38681378,   31.88386867,   37.01135744,   34.04636126,      4.90049383], [  201.57341506,   41.65454075,  -71.02488162,   70.90827186,     16.69052671,    9.9247187 ,  -11.36562494,   31.38681378,    104.33829361,   19.92277277,   27.27971665,    1.97337418,     13.6781231 ], [  692.56148039, -101.72884269,   19.97573232,  -15.98164668,     40.54326417,   -3.22019445,   17.43421772,   31.88386867,     19.92277277,  138.2302828 ,   46.35223179,   52.83796149,     -7.54784978], [  544.95225872,   27.62611869,  -96.88248705,   61.93037843,     26.89037742,   28.6531436 ,   20.66891152,   37.01135744,     27.27971665,   46.35223179,  138.81398656,   35.55615432,     15.11300329], [  563.76748586,  -68.77415968,   30.33824002,    1.34978866,     68.99600277,   -4.73387483,   32.89746353,   34.04636126,      1.97337418,   52.83796149,   35.55615432,  120.90820675,      5.69795453], [ -132.50060786,   40.85417738,    9.1671059 ,   35.13018944,    -11.46315481,   10.88653825,  -20.91446185,    4.90049383,     13.6781231 ,   -7.54784978,   15.11300329,    5.69795453,     78.83472965]]
/root/sim/music/out/Bon Jovi/Greatest Hits_ The Ultimate Collection [Disc 2]/01 In These Arms.mp3; [-515.56757   ,  89.91452   ,  -6.4763765 ,  22.841957  ,   7.371761  ,   12.757088  ,   1.4244595 ,   6.052046  ,  -2.7058504 ,   2.6333525 ,    0.42136562,  -2.711185  ,  -1.0950521 ]; [[14399.48102032, -831.95095241,  133.88167526, -186.95756025,     84.21002087,  145.75059469,  243.52943934,  173.60177664,     65.26721451,  118.69951448,   39.31943398,  -26.24705457,     22.99933842], [ -831.95095241, 1084.25742297, -166.51071529,  222.44538339,    -32.08648553,  -47.96390131, -101.49067893,  -81.81478919,    -28.31784015,  -26.06498929,  -23.92573786,  -15.51976161,    -25.09878256], [  133.88167526, -166.51071529,  464.03090552,   15.84371429,     96.03573953,   28.07010359,   -1.61771614,    7.28572224,     16.42555376,   12.47606923,   19.17958248,   21.08603462,      5.13686303], [ -186.95756025,  222.44538339,   15.84371429,  228.85177755,     68.53095839,    4.332602  ,  -63.42776638,  -34.63824562,     18.92505828,   -8.33213057,   -5.28392872,   14.68990432,      9.90775931], [   84.21002087,  -32.08648553,   96.03573953,   68.53095839,    240.898568  ,   33.6657814 ,    8.94532436,    6.84112518,     27.75950414,   14.64859306,   17.99788051,   26.7754998 ,      6.51158364], [  145.75059469,  -47.96390131,   28.07010359,    4.332602  ,     33.6657814 ,  133.5747517 ,   71.73237058,   23.95132285,     -2.49824802,   11.02383952,   13.95651621,    0.65426858,      1.27865169], [  243.52943934, -101.49067893,   -1.61771614,  -63.42776638,      8.94532436,   71.73237058,  191.32411772,   64.16147585,    -12.94652063,   18.5601174 ,   25.81789872,  -10.73252083,     -0.00499929], [  173.60177664,  -81.81478919,    7.28572224,  -34.63824562,      6.84112518,   23.95132285,   64.16147585,  102.28165949,     22.2074428 ,   11.91618073,    3.73996208,   -3.91431154,      5.99899396], [   65.26721451,  -28.31784015,   16.42555376,   18.92505828,     27.75950414,   -2.49824802,  -12.94652063,   22.2074428 ,     93.57253653,   21.21018694,   -4.51629965,    1.33672592,     -1.38393718], [  118.69951448,  -26.06498929,   12.47606923,   -8.33213057,     14.64859306,   11.02383952,   18.5601174 ,   11.91618073,     21.21018694,   74.46678326,   26.05378356,   -5.31159729,     -8.56823605], [   39.31943398,  -23.92573786,   19.17958248,   -5.28392872,     17.99788051,   13.95651621,   25.81789872,    3.73996208,     -4.51629965,   26.05378356,   69.00570935,   15.19677597,     -3.74755035], [  -26.24705457,  -15.51976161,   21.08603462,   14.68990432,     26.7754998 ,    0.65426858,  -10.73252083,   -3.91431154,      1.33672592,   -5.31159729,   15.19677597,   71.16094961,     27.88806446], [   22.99933842,  -25.09878256,    5.13686303,    9.90775931,      6.51158364,    1.27865169,   -0.00499929,    5.99899396,     -1.38393718,   -8.56823605,   -3.74755035,   27.88806446,     68.44630601]]
/root/sim/music/out/Bon Jovi/Greatest Hits_ The Ultimate Collection [Disc 2]/06 Keep The Faith.mp3; [-532.97095  ,  83.22962  ,  -1.8432317,  26.66733  ,   6.743822 ,   15.765831 ,   3.755635 ,  12.410163 ,   6.1691976,   6.522067 ,    1.1840549,   2.0521963,   1.6923884]; [[20998.07902792,-2048.45790125,  328.44570164, -283.33279268,   -627.75892825,   97.6298562 , -120.49333493,  386.37349331,    -73.25376272,  -63.0728713 ,  -55.36449173,  -59.8525747 ,     22.8758632 ], [-2048.45790125, 1459.21119322, -253.10175129,  117.47359172,    176.12082065,   26.83041323,   63.56883081,  -94.36496455,     37.72546681,   37.55296039,   28.74743627,   26.19162652,     -0.05281801], [  328.44570164, -253.10175129,  795.6137598 ,   -6.05393552,    -17.72278281,  -17.34229385,    5.6304385 ,   44.77930346,    -16.61238308,    0.27034439,   13.79607444,  -13.68303017,     -8.41170217], [ -283.33279268,  117.47359172,   -6.05393552,  229.59278345,     78.31896417,   15.85986956,  -23.81837613,  -29.92161357,     17.95822536,   -6.57437293,    0.50824774,   26.09649564,      6.31662385], [ -627.75892825,  176.12082065,  -17.72278281,   78.31896417,    193.20260516,   30.73785206,   -0.03283088,  -39.04169081,     18.35202892,    7.16336083,   -2.61385114,   23.62225933,      4.47627947], [   97.6298562 ,   26.83041323,  -17.34229385,   15.85986956,     30.73785206,  124.75698223,   53.2600852 ,    2.93262612,     -2.11651244,    6.2533091 ,    6.92348265,    2.79217026,     -6.16173563], [ -120.49333493,   63.56883081,    5.6304385 ,  -23.81837613,     -0.03283088,   53.2600852 ,  146.24382142,   47.4985533 ,      0.67417825,    6.65370849,    2.67438929,  -16.66238563,     -9.10807877], [  386.37349331,  -94.36496455,   44.77930346,  -29.92161357,    -39.04169081,    2.93262612,   47.4985533 ,  127.48867308,     39.59090459,   10.0429579 ,   -4.00626525,  -17.35454295,      0.68712727], [  -73.25376272,   37.72546681,  -16.61238308,   17.95822536,     18.35202892,   -2.11651244,    0.67417825,   39.59090459,     87.45100926,   31.68487103,   -4.11043953,   -2.18546322,     -0.73971884], [  -63.0728713 ,   37.55296039,    0.27034439,   -6.57437293,      7.16336083,    6.2533091 ,    6.65370849,   10.0429579 ,     31.68487103,   72.64700693,   28.37549304,   -2.11777908,     -7.32160809], [  -55.36449173,   28.74743627,   13.79607444,    0.50824774,     -2.61385114,    6.92348265,    2.67438929,   -4.00626525,     -4.11043953,   28.37549304,   63.61887381,   19.17252559,     -3.37977219], [  -59.8525747 ,   26.19162652,  -13.68303017,   26.09649564,     23.62225933,    2.79217026,  -16.66238563,  -17.35454295,     -2.18546322,   -2.11777908,   19.17252559,   64.7665134 ,     26.38200061], [   22.8758632 ,   -0.05281801,   -8.41170217,    6.31662385,      4.47627947,   -6.16173563,   -9.10807877,    0.68712727,     -0.73971884,   -7.32160809,   -3.37977219,   26.38200061,     57.74653622]]
/root/sim/music/out/Bon Jovi/Greatest Hits_ The Ultimate Collection [Disc 2]/14 The More Things Change.mp3; [-510.91498   ,  93.70878   ,   8.879138  ,  30.737843  ,   3.542507  ,    3.2035193 ,   0.4301781 ,   6.640534  ,   1.1645592 ,   1.1119232 ,    0.93868756,   0.74521637,   2.7057889 ]; [[10985.28445162,-1270.46331202, -616.90247872,  -19.01856063,      9.56780242,  197.93420486,  -37.02984295,  -41.11636159,   -132.12811439,   49.74382133,  186.15660532,  113.00902882,    188.42229699], [-1270.46331202, 1136.45296129,  -29.97558149,   23.99410669,    -29.61480193, -124.73854016,   32.99603932,   59.01589136,     47.35610877,   10.92900517,  -28.99457126,   -2.48780002,    -26.53393702], [ -616.90247872,  -29.97558149,  383.48310182,   24.24695182,     -3.35907012,   21.18521813,  -13.78292558,   10.94205395,     19.14216304,   -4.28050515,  -11.19386117,  -12.4327594 ,    -16.89268007], [  -19.01856063,   23.99410669,   24.24695182,  219.6309225 ,     91.44212446,    8.76118802,  -23.4565185 ,  -11.65065163,     27.62201149,   -8.92415448,  -21.71011552,   17.68873286,     12.90502334], [    9.56780242,  -29.61480193,   -3.35907012,   91.44212446,    187.01274004,   36.53226306,  -19.78651815,  -10.68074347,     12.96780177,    1.35985147,  -15.63066366,   19.42880519,     15.4617467 ], [  197.93420486, -124.73854016,   21.18521813,    8.76118802,     36.53226306,  138.52463908,   56.24502716,   -7.12766567,    -16.5839023 ,    1.3251072 ,   15.12917094,   -6.46145644,     -0.29267581], [  -37.02984295,   32.99603932,  -13.78292558,  -23.4565185 ,    -19.78651815,   56.24502716,  125.86110614,   33.91012577,     -5.26521521,    0.5990656 ,   11.49614555,   -4.89608646,     -4.96417778], [  -41.11636159,   59.01589136,   10.94205395,  -11.65065163,    -10.68074347,   -7.12766567,   33.91012577,   90.38577667,     34.35751437,    8.78105205,    2.45277976,    5.54964987,      5.96502003], [ -132.12811439,   47.35610877,   19.14216304,   27.62201149,     12.96780177,  -16.5839023 ,   -5.26521521,   34.35751437,     83.76907118,   35.42214959,   -1.17589548,    6.12237371,      4.80095884], [   49.74382133,   10.92900517,   -4.28050515,   -8.92415448,      1.35985147,    1.3251072 ,    0.5990656 ,    8.78105205,     35.42214959,   80.74874553,   39.08714422,    7.67826606,      3.48114475], [  186.15660532,  -28.99457126,  -11.19386117,  -21.71011552,    -15.63066366,   15.12917094,   11.49614555,    2.45277976,     -1.17589548,   39.08714422,   76.11526593,   23.8151281 ,      6.0186867 ], [  113.00902882,   -2.48780002,  -12.4327594 ,   17.68873286,     19.42880519,   -6.46145644,   -4.89608646,    5.54964987,      6.12237371,    7.67826606,   23.8151281 ,   71.50630587,     35.76230901], [  188.42229699,  -26.53393702,  -16.89268007,   12.90502334,     15.4617467 ,   -0.29267581,   -4.96417778,    5.96502003,      4.80095884,    3.48114475,    6.0186867 ,   35.76230901,     62.12968754]]
/root/sim/music/out/Bon Jovi/Greatest Hits_ The Ultimate Collection [Disc 2]/04 I'll Sleep When I'm Dead.mp3; [-518.18353   ,  86.68725   ,  -4.4895983 ,  25.951145  ,   2.7843535 ,   12.364577  ,   3.0877235 ,   9.339477  ,   1.0415632 ,   5.395892  ,    0.16136593,   1.4861923 ,   1.3418944 ]; [[17128.77028638,  343.82194219,  -40.56457633,  -52.78800967,    -53.52474019,  109.93680825,  -44.82797844,   -2.02612826,    -22.59413292,   -0.18844523,  -32.46063011,  -41.67537656,     12.81727585], [  343.82194219,  649.46029815, -216.38992257,   62.64437154,     13.52591148,  -10.89920124,   24.9830688 ,   29.15777179,     -3.44544636,   38.57498321,   -5.25334998,    3.92157467,    -15.24442947], [  -40.56457633, -216.38992257,  445.45335769,   43.3864412 ,     32.12239034,   13.46630465,  -10.80724913,    9.97624993,      7.12437112,  -23.79218001,   13.55883435,   37.48197604,     30.7456213 ], [  -52.78800967,   62.64437154,   43.3864412 ,  214.19128107,     50.84845078,  -15.62350846,  -11.44830932,   17.46934531,     18.05645296,   -4.45296754,    6.00681844,   50.38984205,     20.28776666], [  -53.52474019,   13.52591148,   32.12239034,   50.84845078,    147.63929984,   37.30094599,    2.63391684,    9.41972485,     14.14155115,   -8.59464956,  -11.31183018,    7.13809766,      0.2291548 ], [  109.93680825,  -10.89920124,   13.46630465,  -15.62350846,     37.30094599,  132.45699676,   69.53925205,    4.67266621,    -15.88060508,   -9.98171692,    2.85861507,  -13.36392917,     -1.50776873], [  -44.82797844,   24.9830688 ,  -10.80724913,  -11.44830932,      2.63391684,   69.53925205,  138.87454556,   33.61287306,    -22.40802438,    6.59240319,   19.42487721,   -6.97849   ,     -3.5073246 ], [   -2.02612826,   29.15777179,    9.97624993,   17.46934531,      9.41972485,    4.67266621,   33.61287306,   80.06993761,     35.62736514,   20.16447136,   12.46654584,   10.62101093,      0.88411353], [  -22.59413292,   -3.44544636,    7.12437112,   18.05645296,     14.14155115,  -15.88060508,  -22.40802438,   35.62736514,     96.51420146,   33.97673231,    0.00654134,    8.91196237,     -0.07363197], [   -0.18844523,   38.57498321,  -23.79218001,   -4.45296754,     -8.59464956,   -9.98171692,    6.59240319,   20.16447136,     33.97673231,   83.76621966,   37.72753185,   -0.4113144 ,     -3.92552148], [  -32.46063011,   -5.25334998,   13.55883435,    6.00681844,    -11.31183018,    2.85861507,   19.42487721,   12.46654584,      0.00654134,   37.72753185,   71.34461078,   26.89459902,      5.89510817], [  -41.67537656,    3.92157467,   37.48197604,   50.38984205,      7.13809766,  -13.36392917,   -6.97849   ,   10.62101093,      8.91196237,   -0.4113144 ,   26.89459902,   81.49349056,     31.52790573], [   12.81727585,  -15.24442947,   30.7456213 ,   20.28776666,      0.2291548 ,   -1.50776873,   -3.5073246 ,    0.88411353,     -0.07363197,   -3.92552148,    5.89510817,   31.52790573,     53.78983702]]
/root/sim/music/out/Bon Jovi/Greatest Hits_ The Ultimate Collection [Disc 2]/05 In And Out Of Love.mp3; [-517.0347    ,  85.380295  , -16.574509  ,  28.40731   ,   2.9082217 ,   11.02482   ,   5.2423654 ,   6.000011  ,   0.48616868,   6.0107794 ,    2.195594  ,  -2.4220262 ,  -3.241307  ]; [[20433.37057964, 1082.97890995,  105.8454913 ,  817.65275636,    160.4711776 ,  466.37729345,  154.91382924,  259.76282222,    199.08806084,   64.02902806,   54.40355159,  -54.07162852,    -66.57669131], [ 1082.97890995,  618.99924804,  -78.29963186,   66.48993418,     22.09632732,    4.80261609,   91.78903637,   25.93775194,     -1.19783072,   40.66107103,   42.47968314,   17.03144259,     16.24174254], [  105.8454913 ,  -78.29963186,  559.42346836,  138.32790406,     75.75819369,  123.4713841 ,   50.01319071,   12.87350562,     38.31638603,  -27.5604564 ,   47.83531772,   18.58747394,      4.5873574 ], [  817.65275636,   66.48993418,  138.32790406,  284.95779694,    116.81635104,   64.89840751,    2.17345385,   17.57426206,     49.26041635,  -17.47530926,    1.69499086,   27.87280805,     18.50790023], [  160.4711776 ,   22.09632732,   75.75819369,  116.81635104,    226.64752027,   68.21885837,   32.5928153 ,    5.22332186,     14.00819984,   -1.96058345,   -7.47251663,   13.21617335,     36.87994596], [  466.37729345,    4.80261609,  123.4713841 ,   64.89840751,     68.21885837,  160.59147191,   83.7615158 ,   26.65422745,     22.04211188,  -13.83821344,   16.97374017,    5.16883939,      0.3833187 ], [  154.91382924,   91.78903637,   50.01319071,    2.17345385,     32.5928153 ,   83.7615158 ,  159.68486695,   46.13282932,     19.33378933,    5.38170151,   21.67008351,   -3.60188036,      3.56891412], [  259.76282222,   25.93775194,   12.87350562,   17.57426206,      5.22332186,   26.65422745,   46.13282932,   92.52370412,     51.0873675 ,    7.45001171,    2.73870077,   -1.95255793,     -2.24832827], [  199.08806084,   -1.19783072,   38.31638603,   49.26041635,     14.00819984,   22.04211188,   19.33378933,   51.0873675 ,    110.09969201,   34.62692547,    6.78874165,    0.25705296,     -0.26980436], [   64.02902806,   40.66107103,  -27.5604564 ,  -17.47530926,     -1.96058345,  -13.83821344,    5.38170151,    7.45001171,     34.62692547,   93.27890114,   31.25983281,   -8.85102274,     -2.71252664], [   54.40355159,   42.47968314,   47.83531772,    1.69499086,     -7.47251663,   16.97374017,   21.67008351,    2.73870077,      6.78874165,   31.25983281,   79.81901522,   22.66629383,     -5.62302684], [  -54.07162852,   17.03144259,   18.58747394,   27.87280805,     13.21617335,    5.16883939,   -3.60188036,   -1.95255793,      0.25705296,   -8.85102274,   22.66629383,   61.89444646,     25.95770906], [  -66.57669131,   16.24174254,    4.5873574 ,   18.50790023,     36.87994596,    0.3833187 ,    3.56891412,   -2.24832827,     -0.26980436,   -2.71252664,   -5.62302684,   25.95770906,     65.88530016]]
/root/sim/music/out/Oasis/(What's The Story) Morning Glory_/06 (Untitled).mp3; [-547.21985   , 130.55792   , -25.511204  ,  36.52033   ,   4.4034433 ,   14.477968  ,   3.5492814 ,   8.996939  ,  -0.39595705,  -0.489932  ,    4.2154503 ,   7.6119156 ,   3.1647913 ]; [[14189.13321052, -338.06370536, -139.53384289, -330.64438893,    219.84673396,  251.0803401 ,   51.09038534, -134.5429194 ,   -211.09463179,  -55.25751376, -128.14663678,  159.3994009 ,    268.75763041], [ -338.06370536,  560.98565109,  172.99070718,   28.39522441,     61.21533565,  -20.08423063,  -28.19631005,  -77.79370779,     -9.13883652,  -80.11933305,  -14.7148886 ,   44.43248062,    117.4242262 ], [ -139.53384289,  172.99070718,  252.23750772,   -2.56395756,     62.32621149,    2.73392227,    0.02981399,  -45.61895025,     -7.55339607,  -43.59109921,   -6.55239874,   31.98552099,     82.22677535], [ -330.64438893,   28.39522441,   -2.56395756,   66.35940789,    -12.23643049,   -7.52956534,   -0.04517283,    9.45890118,      9.01145571,    6.04185284,    6.64525881,    1.59671622,    -11.87418432], [  219.84673396,   61.21533565,   62.32621149,  -12.23643049,    101.24445728,   22.9997667 ,   18.22362814,  -25.19571442,      2.41514357,  -28.06814025,    1.69307387,   22.65094186,     52.92303188], [  251.0803401 ,  -20.08423063,    2.73392227,   -7.52956534,     22.9997667 ,   53.64260104,   20.72100183,    1.43087932,     -3.01174589,    9.45167062,   -1.40461327,    6.73026213,     10.46905617], [   51.09038534,  -28.19631005,    0.02981399,   -0.04517283,     18.22362814,   20.72100183,   57.52321751,   19.68956448,      6.39707931,    0.83224158,    5.80993286,   16.33802536,     10.16607412], [ -134.5429194 ,  -77.79370779,  -45.61895025,    9.45890118,    -25.19571442,    1.43087932,   19.68956448,   63.94534062,     22.46171217,   27.74047831,    6.14197258,  -14.64830605,    -34.27666514], [ -211.09463179,   -9.13883652,   -7.55339607,    9.01145571,      2.41514357,   -3.01174589,    6.39707931,   22.46171217,     52.28778277,   21.35072863,    4.82573476,  -14.39810159,    -14.54579701], [  -55.25751376,  -80.11933305,  -43.59109921,    6.04185284,    -28.06814025,    9.45167062,    0.83224158,   27.74047831,     21.35072863,   58.83853449,   13.75402626,  -17.26703188,    -37.51129373], [ -128.14663678,  -14.7148886 ,   -6.55239874,    6.64525881,      1.69307387,   -1.40461327,    5.80993286,    6.14197258,      4.82573476,   13.75402626,   33.08426742,   10.62075714,     -4.72381584], [  159.3994009 ,   44.43248062,   31.98552099,    1.59671622,     22.65094186,    6.73026213,   16.33802536,  -14.64830605,    -14.39810159,  -17.26703188,   10.62075714,   62.58637759,     51.01010533], [  268.75763041,  117.4242262 ,   82.22677535,  -11.87418432,     52.92303188,   10.46905617,   10.16607412,  -34.27666514,    -14.54579701,  -37.51129373,   -4.72381584,   51.01010533,     95.97890552]]
/root/sim/music/out/Oasis/(What's The Story) Morning Glory_/07 Some Might Say.mp3; [-468.487     , 119.98661   , -32.387577  ,  34.493473  ,   0.11152567,    2.6268141 ,   6.706075  ,  -2.117374  ,  -1.4779352 ,   3.2643049 ,   -0.9685477 ,   2.0897942 ,  -4.4837284 ]; [[8852.10834136,-128.7812822 , 315.33234574,-360.42132234, -99.0544522 ,    71.20806563, -75.2322558 , -69.19615846, 108.00389094, 113.49866022,    28.93612907, -39.25194747,   3.73962315], [-128.7812822 , 477.57489681,-175.94820219, 131.08313927, -61.80266325,   -23.59099832, -28.55060036,  -6.60956268, -37.33446276, -13.3046669 ,   -21.83065062,  -6.30067846,  -2.57490426], [ 315.33234574,-175.94820219, 292.62254128,-108.59447993,  79.49339666,   -12.51427629,   4.62240082,  -0.99660321,  25.57382805,  13.25811752,    11.6479406 ,   8.34527173,  18.34920355], [-360.42132234, 131.08313927,-108.59447993, 177.76504588, -15.45019314,     1.82280558,  -6.26204916,   5.21741203, -20.38286276, -14.68651124,    -9.96945529,  15.55708198,   5.14343102], [ -99.0544522 , -61.80266325,  79.49339666, -15.45019314, 101.43763426,     6.61732832,  19.3714309 ,   5.03711983,   4.5674333 ,   2.9955663 ,     2.94939497,   9.28649081,  16.78015015], [  71.20806563, -23.59099832, -12.51427629,   1.82280558,   6.61732832,   109.76808387,  34.80215789,  11.81547122,  14.31591388,  20.52189619,    20.21529464,   5.4088449 ,  22.39282518], [ -75.2322558 , -28.55060036,   4.62240082,  -6.26204916,  19.3714309 ,    34.80215789,  82.81549524,  10.36465467,   9.61102267,  -0.87530379,    14.86627665,  12.90247811,   7.5825886 ], [ -69.19615846,  -6.60956268,  -0.99660321,   5.21741203,   5.03711983,    11.81547122,  10.36465467,  63.76772031,  19.30778636,  13.29835262,     8.37912943,   6.72635189,  13.37854963], [ 108.00389094, -37.33446276,  25.57382805, -20.38286276,   4.5674333 ,    14.31591388,   9.61102267,  19.30778636,  87.24794048,  32.598513  ,    31.58753331,  -0.51577   ,  19.01695977], [ 113.49866022, -13.3046669 ,  13.25811752, -14.68651124,   2.9955663 ,    20.52189619,  -0.87530379,  13.29835262,  32.598513  ,  60.211014  ,    29.10013105,   6.22891607,  10.55607527], [  28.93612907, -21.83065062,  11.6479406 ,  -9.96945529,   2.94939497,    20.21529464,  14.86627665,   8.37912943,  31.58753331,  29.10013105,    61.58333897,  18.17283352,  17.36512062], [ -39.25194747,  -6.30067846,   8.34527173,  15.55708198,   9.28649081,     5.4088449 ,  12.90247811,   6.72635189,  -0.51577   ,   6.22891607,    18.17283352,  45.13664988,  17.98181056], [   3.73962315,  -2.57490426,  18.34920355,   5.14343102,  16.78015015,    22.39282518,   7.5825886 ,  13.37854963,  19.01695977,  10.55607527,    17.36512062,  17.98181056,  55.75146717]]
/root/sim/music/out/Oasis/(What's The Story) Morning Glory_/09 She's Electric.mp3; [-486.98135  , 135.43297  ,  -8.868597 ,  15.852647 ,   1.5288994,    1.8926972,  -6.126608 ,   9.224043 ,  -2.6503983,   6.1575885,   -2.5442722,   2.4128277,  -3.8355815]; [[2979.69567292,-760.17111719,  52.48128286,-226.90925393,-119.32045553,    85.15731564,  26.93167712,   9.33598753, -50.96154815, 128.35408659,    74.82125424,  10.13359807, -51.93045133], [-760.17111719, 925.94462301,-354.91040336,  51.44462922,  13.88197066,   -21.40876091,  18.315956  ,   7.66557222,   7.476831  , -46.32538104,    16.72241114, -10.10047731,   6.52329492], [  52.48128286,-354.91040336, 429.55826475,  23.32401824,  42.26700608,     8.06894744, -18.70600135, -10.68429921,  26.28207727,  -3.57280865,   -36.24788053,  31.02134012,  19.76953326], [-226.90925393,  51.44462922,  23.32401824, 312.11758391,  60.59783677,   -54.78754485, -59.24159615,   7.35962691,  24.5317384 , -24.25136335,   -32.95679145,  -8.62977528,  51.58595001], [-119.32045553,  13.88197066,  42.26700608,  60.59783677, 136.56733425,   -10.66473636, -27.68888765,  11.74511902,  23.1823891 ,  -4.97740388,   -11.3430214 ,   5.62088808,  16.55345696], [  85.15731564, -21.40876091,   8.06894744, -54.78754485, -10.66473636,   128.81949669,  40.59377498,  -1.3301568 ,   4.11431503,   6.63105539,    17.35441776,  15.20530626, -16.45504217], [  26.93167712,  18.315956  , -18.70600135, -59.24159615, -27.68888765,    40.59377498, 111.55809246,  22.25499798, -12.8441905 ,   5.31005736,    23.27999643,  -0.54433695, -10.11379064], [   9.33598753,   7.66557222, -10.68429921,   7.35962691,  11.74511902,    -1.3301568 ,  22.25499798,  87.69427322,  14.90854025,   0.66405329,    -2.19896031,   5.90002001,   8.96492069], [ -50.96154815,   7.476831  ,  26.28207727,  24.5317384 ,  23.1823891 ,     4.11431503, -12.8441905 ,  14.90854025,  77.77554821,   4.10818793,    -6.40420355,   2.17895094,  10.48473173], [ 128.35408659, -46.32538104,  -3.57280865, -24.25136335,  -4.97740388,     6.63105539,   5.31005736,   0.66405329,   4.10818793,  83.12717636,    25.70459083,   1.14650759, -11.00892842], [  74.82125424,  16.72241114, -36.24788053, -32.95679145, -11.3430214 ,    17.35441776,  23.27999643,  -2.19896031,  -6.40420355,  25.70459083,    68.81494763,  12.76318681,  -6.44689473], [  10.13359807, -10.10047731,  31.02134012,  -8.62977528,   5.62088808,    15.20530626,  -0.54433695,   5.90002001,   2.17895094,   1.14650759,    12.76318681,  59.6916174 ,  15.46316184], [ -51.93045133,   6.52329492,  19.76953326,  51.58595001,  16.55345696,   -16.45504217, -10.11379064,   8.96492069,  10.48473173, -11.00892842,    -6.44689473,  15.46316184,  60.43681131]]
