/root/sim/music/out/Oasis/Heathen Chemistry [Japanese Edition Bonus Tracks]/02-Force Of Nature.mp3; [-494.6853    , 118.66433   , -10.824954  ,  21.591475  ,  13.838987  ,    8.118987  ,   0.43282774,   2.8729525 ,   8.672054  ,   5.0883527 ,    0.23834428,  -4.717286  ,   1.4603882 ]; [[9786.5381832 ,-992.76067755,-295.49888191,-390.13308401,-205.36042167,  -154.32410317, -81.03171974,   3.89594023,  56.43467762,  31.34732647,    13.06251075, -73.9541131 , -84.22126019], [-992.76067755, 799.66352232,-142.98479653,  59.71186506,  48.37322302,    -9.09612346,  77.70085273,  29.69506198,  54.22905236,  -3.17746782,    40.01037581,  -1.87002244,  16.95148773], [-295.49888191,-142.98479653, 361.08729476,  11.87419631,  24.33416437,     9.19569884,  -1.13583264,  14.95771767, -35.24697985,  -5.09448724,    -5.04723578,  10.88383144,   7.84732341], [-390.13308401,  59.71186506,  11.87419631, 174.55205518,  29.52495539,    -7.84815646,  -6.8691908 ,   1.96283074, -14.91704804,  -8.40449556,     3.2390027 ,   3.1447142 ,  24.62990534], [-205.36042167,  48.37322302,  24.33416437,  29.52495539, 128.53352253,    -7.36842028,   7.86841803,   4.07022302,  -9.62593969,  -1.37416291,    -1.09761516, -10.98015573,  15.50648707], [-154.32410317,  -9.09612346,   9.19569884,  -7.84815646,  -7.36842028,   102.00283559,  28.49964021,   6.10061146,  13.5267943 ,  -0.1410864 ,    -8.29317155,   7.60101967,  -7.19164954], [ -81.03171974,  77.70085273,  -1.13583264,  -6.8691908 ,   7.86841803,    28.49964021,  97.74000085,  29.45597079,  17.51369094,  -9.18564782,     2.67705058,   2.09842573,  -4.05729999], [   3.89594023,  29.69506198,  14.95771767,   1.96283074,   4.07022302,     6.10061146,  29.45597079,  74.27714658,  17.55186268,   6.74435335,     9.83486858,  -2.75826399,  -2.49412211], [  56.43467762,  54.22905236, -35.24697985, -14.91704804,  -9.62593969,    13.5267943 ,  17.51369094,  17.55186268,  80.82753603,  21.78784474,     5.30036362,  -4.11997872,  -7.14673444], [  31.34732647,  -3.17746782,  -5.09448724,  -8.40449556,  -1.37416291,    -0.1410864 ,  -9.18564782,   6.74435335,  21.78784474,  58.69275778,    12.2699084 ,   0.75532212,  -6.27245944], [  13.06251075,  40.01037581,  -5.04723578,   3.2390027 ,  -1.09761516,    -8.29317155,   2.67705058,   9.83486858,   5.30036362,  12.2699084 ,    57.97104373,  13.45609243,   5.41679554], [ -73.9541131 ,  -1.87002244,  10.88383144,   3.1447142 , -10.98015573,     7.60101967,   2.09842573,  -2.75826399,  -4.11997872,   0.75532212,    13.45609243,  50.65717962,  14.68913803], [ -84.22126019,  16.95148773,   7.84732341,  24.62990534,  15.50648707,    -7.19164954,  -4.05729999,  -2.49412211,  -7.14673444,  -6.27245944,     5.41679554,  14.68913803,  57.01471909]]
/root/sim/music/out/Oasis/Heathen Chemistry [Japanese Edition Bonus Tracks]/03-Hung In A Bad Place.mp3; [-483.8899   , 123.55565  , -35.06861  ,  33.128952 ,  -1.1370782,    1.510577 ,  -0.9590397,   6.511849 ,  -1.3630439,   1.061484 ,   -4.501157 ,  -0.5554441,  -2.3074818]; [[12805.46557982,   49.33011611,  418.04596945, -236.36683275,     20.92842387, -128.64952103,  163.56471572,  471.94072904,    276.34842626,  390.80734647,  153.81311781,   88.91708847,    -57.50659628], [   49.33011611, 1261.0846572 , -523.49201766,  242.48757358,    -62.34497493,  -18.40873125,    3.11065154,  -47.2087715 ,     -1.81362829,  -41.69276017,   20.93647464,  -27.09911601,     -8.88263855], [  418.04596945, -523.49201766,  701.44930606, -206.12906056,     71.46397497,  -22.20054359,   23.2559136 ,   92.34198442,     43.28941878,   78.29540219,   47.29461697,   45.79623718,      8.18333104], [ -236.36683275,  242.48757358, -206.12906056,  254.74051636,     10.67215386,    8.02583754,  -40.03677609,  -42.43269833,     13.54590171,  -42.28920394,  -28.02018053,   -6.30581241,     15.80364137], [   20.92842387,  -62.34497493,   71.46397497,   10.67215386,    107.67433121,   11.29095118,    4.77447818,    2.97854952,     10.94618176,    8.02488155,    7.8559373 ,   14.91228611,      2.53323241], [ -128.64952103,  -18.40873125,  -22.20054359,    8.02583754,     11.29095118,   75.08045945,   28.09920232,   -5.72651973,    -13.4931704 ,   -5.66528751,   -3.70734946,    1.34995572,      2.58580555], [  163.56471572,    3.11065154,   23.2559136 ,  -40.03677609,      4.77447818,   28.09920232,   94.29645765,   40.89495721,     23.71610856,   18.60826303,   26.18582884,   14.13418151,     -1.13984081], [  471.94072904,  -47.2087715 ,   92.34198442,  -42.43269833,      2.97854952,   -5.72651973,   40.89495721,  102.83831678,     52.47017117,   47.56543061,   35.52145934,   21.88708356,      2.09296239], [  276.34842626,   -1.81362829,   43.28941878,   13.54590171,     10.94618176,  -13.4931704 ,   23.71610856,   52.47017117,    104.28770861,   46.32150798,   18.86066686,    3.6604943 ,      3.86037372], [  390.80734647,  -41.69276017,   78.29540219,  -42.28920394,      8.02488155,   -5.66528751,   18.60826303,   47.56543061,     46.32150798,   95.03566317,   45.63207107,   15.42048584,      3.88917708], [  153.81311781,   20.93647464,   47.29461697,  -28.02018053,      7.8559373 ,   -3.70734946,   26.18582884,   35.52145934,     18.86066686,   45.63207107,   78.80095826,   34.1388406 ,      2.31729357], [   88.91708847,  -27.09911601,   45.79623718,   -6.30581241,     14.91228611,    1.34995572,   14.13418151,   21.88708356,      3.6604943 ,   15.42048584,   34.1388406 ,   62.08340963,     22.19085674], [  -57.50659628,   -8.88263855,    8.18333104,   15.80364137,      2.53323241,    2.58580555,   -1.13984081,    2.09296239,      3.86037372,    3.88917708,    2.31729357,   22.19085674,     51.25069386]]
/root/sim/music/out/Oasis/Heathen Chemistry [Japanese Edition Bonus Tracks]/05-Songbird.mp3; [-532.5142    , 102.203125  ,   4.575057  ,  -1.0344802 ,  -7.454455  ,   -0.45584598,  -1.7311038 ,  -3.5141377 ,  -8.201465  ,   0.07628071,   -2.8044035 ,   2.9612434 ,  -2.535133  ]; [[12623.91827211,  627.17026382,  489.78615793,  -26.14606377,    -55.60489548, -171.81374409, -190.46540585,    1.02695655,      2.29325005,  147.27183128,  -45.42877302, -234.00523559,   -256.97133488], [  627.17026382,  902.66727601, -371.07180976,    8.40736653,    -57.26636467,  -58.77712005,   38.07937913,   -9.43319777,    -33.61113837,   28.64935823,  -31.41512916,   39.46470321,     18.69599408], [  489.78615793, -371.07180976,  437.02065915,    4.79771964,     57.51503523,    0.00560304,  -49.96278267,  -10.65609497,     39.46454262,   21.04609543,   22.99870803,  -42.63523026,    -55.52689842], [  -26.14606377,    8.40736653,    4.79771964,  213.28556107,     44.84505543,  -54.33653119,  -58.85010348,    3.47416164,      3.94102602,    2.81736215,    1.4168707 ,  -39.1311217 ,    -16.05137822], [  -55.60489548,  -57.26636467,   57.51503523,   44.84505543,    143.46491338,   -7.10298238,  -24.11317766,   -1.29097794,     25.88956834,   -1.88122385,   -3.92909148,  -10.53790544,     -8.27961032], [ -171.81374409,  -58.77712005,    0.00560304,  -54.33653119,     -7.10298238,  138.83627642,   60.80938192,  -10.83107535,      7.95436301,  -13.24301659,  -12.42771268,   40.63848638,     13.44019733], [ -190.46540585,   38.07937913,  -49.96278267,  -58.85010348,    -24.11317766,   60.80938192,  125.83510951,   16.44220794,     -6.61564114,  -10.32629146,   -3.64661897,   33.16813703,     17.59364388], [    1.02695655,   -9.43319777,  -10.65609497,    3.47416164,     -1.29097794,  -10.83107535,   16.44220794,   84.00614809,     11.18071666,   -2.43092772,   10.1879122 ,   -6.58621998,      4.98049269], [    2.29325005,  -33.61113837,   39.46454262,    3.94102602,     25.88956834,    7.95436301,   -6.61564114,   11.18071666,     85.22480249,   20.84572349,   -6.68252226,   -1.18883589,     -9.70905499], [  147.27183128,   28.64935823,   21.04609543,    2.81736215,     -1.88122385,  -13.24301659,  -10.32629146,   -2.43092772,     20.84572349,   86.68916145,   26.69105486,  -15.7397997 ,    -21.23990733], [  -45.42877302,  -31.41512916,   22.99870803,    1.4168707 ,     -3.92909148,  -12.42771268,   -3.64661897,   10.1879122 ,     -6.68252226,   26.69105486,   75.74620149,    3.76321605,     -8.37305783], [ -234.00523559,   39.46470321,  -42.63523026,  -39.1311217 ,    -10.53790544,   40.63848638,   33.16813703,   -6.58621998,     -1.18883589,  -15.7397997 ,    3.76321605,   94.04041065,     34.48483774], [ -256.97133488,   18.69599408,  -55.52689842,  -16.05137822,     -8.27961032,   13.44019733,   17.59364388,    4.98049269,     -9.70905499,  -21.23990733,   -8.37305783,   34.48483774,     83.26154416]]
/root/sim/music/out/Oasis/Heathen Chemistry [Japanese Edition Bonus Tracks]/04-Stop Crying Your Heart Out.mp3; [-562.74854  , 143.03712  , -19.580269 ,  -3.2884479,   3.6529987,    1.6117337,  -2.8511133,   2.1998224,  -8.158662 ,   3.6490457,   -1.967597 ,  -3.8946068,  -3.7876072]; [[23707.60370506,-2675.05025989, 2436.72450204, 1236.24692011,    305.0735161 ,  429.49663594,  376.76449684,  659.92352005,   -242.3126785 ,  357.32294357,  311.16004214,  259.92668278,     69.64427844], [-2675.05025989, 2417.54709662, -523.54997845, -186.82687558,   -241.32534128, -364.07980946, -274.13165901, -379.12433061,   -159.38195547, -152.74059218, -112.994814  , -133.6301436 ,   -116.02099303], [ 2436.72450204, -523.54997845,  765.80030026,  150.64842651,     92.95108426,   57.2164242 ,   21.72600094,   61.46857796,      0.23443665,   32.45066069,   43.8506096 ,   43.54897208,     -7.87054716], [ 1236.24692011, -186.82687558,  150.64842651,  377.9169259 ,     69.9626431 ,   33.64469282,    8.39681593,   76.75662621,     64.69098113,   37.74786868,   36.97284873,   62.16250236,     39.39505841], [  305.0735161 , -241.32534128,   92.95108426,   69.9626431 ,    251.66986953,   81.37803303,   68.66529901,   50.50327815,    126.30749245,   19.31907537,   35.6069915 ,   81.13979309,     35.32355856], [  429.49663594, -364.07980946,   57.2164242 ,   33.64469282,     81.37803303,  191.59510845,  102.84084638,   82.22115308,     58.65479673,   34.5856613 ,   40.17100794,   44.61277201,     26.54521684], [  376.76449684, -274.13165901,   21.72600094,    8.39681593,     68.66529901,  102.84084638,  200.24931104,   80.66988919,     30.8359998 ,   32.16678508,   33.2743441 ,   43.98768997,     18.19031316], [  659.92352005, -379.12433061,   61.46857796,   76.75662621,     50.50327815,   82.22115308,   80.66988919,  171.27700584,     46.95981143,   59.84492319,   37.74964357,   29.59993473,     41.49933973], [ -242.3126785 , -159.38195547,    0.23443665,   64.69098113,    126.30749245,   58.65479673,   30.8359998 ,   46.95981143,    228.01512825,   30.55597527,   24.42129095,   54.01180683,     23.63166052], [  357.32294357, -152.74059218,   32.45066069,   37.74786868,     19.31907537,   34.5856613 ,   32.16678508,   59.84492319,     30.55597527,  116.96900333,   37.22377771,   -5.42038416,     22.90599547], [  311.16004214, -112.994814  ,   43.8506096 ,   36.97284873,     35.6069915 ,   40.17100794,   33.2743441 ,   37.74964357,     24.42129095,   37.22377771,   72.85879158,   32.95735891,     13.04361573], [  259.92668278, -133.6301436 ,   43.54897208,   62.16250236,     81.13979309,   44.61277201,   43.98768997,   29.59993473,     54.01180683,   -5.42038416,   32.95735891,  100.06962569,     23.2324251 ], [   69.64427844, -116.02099303,   -7.87054716,   39.39505841,     35.32355856,   26.54521684,   18.19031316,   41.49933973,     23.63166052,   22.90599547,   13.04361573,   23.2324251 ,     70.33982355]]
/root/sim/music/out/Oasis/Heathen Chemistry [Japanese Edition Bonus Tracks]/08-(Probably) All In The Mind.mp3; [-486.99222   , 118.40653   , -13.486721  ,  22.344034  ,   7.582333  ,   -2.4614394 ,   0.11242144,   5.568566  ,  -1.244469  ,  -0.3968847 ,   -5.033148  ,  -5.9177423 ,  -0.69764423]; [[3719.35100707,-786.50337373, 358.22331858,-136.09797479, 364.15842044,   165.76094977,-104.37960293, 104.73927394,-116.67150377,  49.65941494,   -22.64425315, -32.82807193,  21.06950142], [-786.50337373, 486.30816608,-181.96818681,  36.0869771 , -73.48912237,   -38.87592179,  78.58990946, -35.83827178,  37.67755105, -18.20846985,    -0.25905741, -17.16793743,   9.75506624], [ 358.22331858,-181.96818681, 285.57793648,  -1.1546052 ,  86.91052121,    13.26813205, -54.25473799,  18.14477331,  -7.97567406,  41.73304376,    -0.67691679,   3.08995825, -16.72877649], [-136.09797479,  36.0869771 ,  -1.1546052 , 273.85722565,  77.52953622,   -64.11443966, -43.44663017, -43.97061874,  28.5685766 , -36.09405103,    -6.08469071,  24.45513579,  -8.04516136], [ 364.15842044, -73.48912237,  86.91052121,  77.52953622, 186.05289011,    -4.06996197, -18.96977622,  -4.37399236,  11.85174896,  18.67122667,    -6.69838452,   2.66412257,  -3.16908994], [ 165.76094977, -38.87592179,  13.26813205, -64.11443966,  -4.06996197,   118.31316894,  57.82725813,  36.2153413 ,  -6.53676661,   8.95833108,     5.75963963,   3.12035885,  -3.86707293], [-104.37960293,  78.58990946, -54.25473799, -43.44663017, -18.96977622,    57.82725813, 133.21745811,  29.68107397,  11.65086595, -12.39698071,     0.99581443,   8.76902212,   0.82144793], [ 104.73927394, -35.83827178,  18.14477331, -43.97061874,  -4.37399236,    36.2153413 ,  29.68107397,  85.34380947,  19.16884236,  26.60277251,     9.54730365,  -6.55785236,  -5.68693011], [-116.67150377,  37.67755105,  -7.97567406,  28.5685766 ,  11.85174896,    -6.53676661,  11.65086595,  19.16884236,  94.64069148,  40.31215682,     9.35326687, -20.85520753, -39.71670693], [  49.65941494, -18.20846985,  41.73304376, -36.09405103,  18.67122667,     8.95833108, -12.39698071,  26.60277251,  40.31215682, 110.40126939,    28.13727333, -25.79019007, -33.86162152], [ -22.64425315,  -0.25905741,  -0.67691679,  -6.08469071,  -6.69838452,     5.75963963,   0.99581443,   9.54730365,   9.35326687,  28.13727333,    60.08840054,  16.31926745,   2.49321639], [ -32.82807193, -17.16793743,   3.08995825,  24.45513579,   2.66412257,     3.12035885,   8.76902212,  -6.55785236, -20.85520753, -25.79019007,    16.31926745,  87.22969898,  43.22263112], [  21.06950142,   9.75506624, -16.72877649,  -8.04516136,  -3.16908994,    -3.86707293,   0.82144793,  -5.68693011, -39.71670693, -33.86162152,     2.49321639,  43.22263112, 103.9311939 ]]
/root/sim/music/out/Oasis/Heathen Chemistry [Japanese Edition Bonus Tracks]/10-Born On A Different Cloud.mp3; [-559.4199    , 120.24347   ,  -5.3759766 ,  12.038309  ,   5.367859  ,   15.7420025 ,  12.925096  ,  13.16629   ,  -1.4422017 ,   3.8749394 ,   -0.64506465,   2.5548208 ,   1.7265644 ]; [[21595.69669203, -140.36064628,  967.44153932,  657.93142352,    250.66193393,  376.42408661,  139.23753936,  232.69930874,    -65.40287647,  301.26804851,   61.43780977,   73.40520546,    -53.74993127], [ -140.36064628, 1285.80677474, -498.02870205,  -43.92531732,    -37.90391776,  -33.87344065,   80.14391173,   12.8392137 ,    -16.48922559,  -56.66600066,   -8.33862374,   43.75463344,     68.7072029 ], [  967.44153932, -498.02870205,  589.60922705,   94.20664457,    140.05487843,   72.66085418,   13.42414439,    9.28030075,     18.47212074,   21.58996394,    8.9847204 ,   25.69785095,    -10.47178824], [  657.93142352,  -43.92531732,   94.20664457,  249.81506782,     83.92457433,   48.01974991,   27.25795149,   19.98273944,     15.54414866,   15.10415448,   -2.87292729,   39.728844  ,     17.10349558], [  250.66193393,  -37.90391776,  140.05487843,   83.92457433,    211.12308747,   36.58344807,   29.59588203,   -8.27141108,     18.22426475,   -9.95122649,  -12.17725324,   38.7673965 ,     17.25977654], [  376.42408661,  -33.87344065,   72.66085418,   48.01974991,     36.58344807,  124.56653185,   53.67078593,   14.79769234,    -13.47526304,    2.95366032,   -0.03068258,   15.49941057,     10.99855394], [  139.23753936,   80.14391173,   13.42414439,   27.25795149,     29.59588203,   53.67078593,  137.22409728,   39.81202736,     -5.72753837,  -29.67904215,   -9.33444257,   35.49446727,     27.75138427], [  232.69930874,   12.8392137 ,    9.28030075,   19.98273944,     -8.27141108,   14.79769234,   39.81202736,   97.66809802,     21.94270935,   20.1440198 ,   -5.94685461,   -0.66954994,      2.97503715], [  -65.40287647,  -16.48922559,   18.47212074,   15.54414866,     18.22426475,  -13.47526304,   -5.72753837,   21.94270935,     99.51358321,   19.34190961,    0.19504713,   -1.51269817,    -17.8041158 ], [  301.26804851,  -56.66600066,   21.58996394,   15.10415448,     -9.95122649,    2.95366032,  -29.67904215,   20.1440198 ,     19.34190961,  116.02260342,   40.04328094,  -27.07381314,    -34.79756005], [   61.43780977,   -8.33862374,    8.9847204 ,   -2.87292729,    -12.17725324,   -0.03068258,   -9.33444257,   -5.94685461,      0.19504713,   40.04328094,   71.22073847,    6.43789245,     -8.04700295], [   73.40520546,   43.75463344,   25.69785095,   39.728844  ,     38.7673965 ,   15.49941057,   35.49446727,   -0.66954994,     -1.51269817,  -27.07381314,    6.43789245,   88.62725159,     46.59060897], [  -53.74993127,   68.7072029 ,  -10.47178824,   17.10349558,     17.25977654,   10.99855394,   27.75138427,    2.97503715,    -17.8041158 ,  -34.79756005,   -8.04700295,   46.59060897,     87.0297537 ]]
/root/sim/music/out/Oasis/Heathen Chemistry [Japanese Edition Bonus Tracks]/09-She Is Love.mp3; [-549.495    , 136.72852  ,   2.3182101,   1.8954735,   2.8038347,   -3.7566936,  -4.490533 ,  -3.580439 ,  -6.8311944,  -4.5940385,   -2.5179648,  -4.662271 ,  -7.8430686]; [[9420.52352371,-334.4598649 ,-104.86227461,-143.31648979,-161.42663275,    34.71773883,-131.26681765,  -3.6634134 ,  57.27413284,  -9.24404386,   118.62998735, -49.69842351, -67.32617208], [-334.4598649 ,1545.75720203,-437.32885568, -62.09293413,  -2.51499894,  -122.86094805,  14.9173939 ,-107.00955122, -12.15706228, -19.28906108,    70.01026093,  18.49064756, -50.84826483], [-104.86227461,-437.32885568, 580.5251609 ,  -3.43912604, -12.84536845,    59.03240191,  45.01169902,  60.11248407, -20.6373359 ,  -3.03579073,   -67.50508791,  30.85965357,  20.87092147], [-143.31648979, -62.09293413,  -3.43912604, 325.56086164,  95.69855045,    -6.4295886 , -24.4586757 ,   1.67350059, -38.71328563,  -4.53286112,   -73.17920534, -10.06011951,  71.89229774], [-161.42663275,  -2.51499894, -12.84536845,  95.69855045, 233.71466747,   -12.8037354 , -40.00927561, -13.92051165,  -5.12022592,  15.78468716,   -38.14263175, -18.6231834 ,  45.05160325], [  34.71773883,-122.86094805,  59.03240191,  -6.4295886 , -12.8037354 ,   123.78490892,  43.4174759 ,   3.91138656,   9.00769879,  11.16269799,   -18.57379827,  14.86988382, -21.76609675], [-131.26681765,  14.9173939 ,  45.01169902, -24.4586757 , -40.00927561,    43.4174759 , 124.01820006,  24.45815217,   9.88577604,  -4.60349729,   -17.57116889,   9.95119309, -23.45206026], [  -3.6634134 ,-107.00955122,  60.11248407,   1.67350059, -13.92051165,     3.91138656,  24.45815217, 131.31673189,   3.42534384, -11.76497574,   -12.38194457, -10.92306995,   4.15722851], [  57.27413284, -12.15706228, -20.6373359 , -38.71328563,  -5.12022592,     9.00769879,   9.88577604,   3.42534384,  89.40606753,  15.68995483,     4.93511593,  -3.18996378, -20.47467135], [  -9.24404386, -19.28906108,  -3.03579073,  -4.53286112,  15.78468716,    11.16269799,  -4.60349729, -11.76497574,  15.68995483,  81.98676378,    17.90405888,  -3.22490854, -14.04621521], [ 118.62998735,  70.01026093, -67.50508791, -73.17920534, -38.14263175,   -18.57379827, -17.57116889, -12.38194457,   4.93511593,  17.90405888,   119.19080631,  10.864219  , -26.17892503], [ -49.69842351,  18.49064756,  30.85965357, -10.06011951, -18.6231834 ,    14.86988382,   9.95119309, -10.92306995,  -3.18996378,  -3.22490854,    10.864219  ,  70.31794861,   7.09569786], [ -67.32617208, -50.84826483,  20.87092147,  71.89229774,  45.05160325,   -21.76609675, -23.45206026,   4.15722851, -20.47467135, -14.04621521,   -26.17892503,   7.09569786,  92.51282394]]
/root/sim/music/out/Oasis/Live Forever/04 Supersonic [Live '94].mp3; [-556.1057   , 112.041145 , -18.15673  ,  26.618618 ,  13.466893 ,    1.8706433,   4.2574353,   3.6288202,   4.3907723,   1.8952461,    2.2309406,   1.7856767,   1.7392986]; [[10714.47893498,   28.47133291, -240.02804377,  -18.68491014,    155.78197466,  159.73193292,  231.63858001,   45.13549774,    -19.13735329,  -61.0022434 , -233.90008866,  -29.45066156,    188.08482228], [   28.47133291,  808.51783971,  -38.0924015 ,  201.85566948,    117.66681144,   39.17870198,  101.87268405,   35.8008835 ,    -26.10600288,  -24.58690306,  -95.78497276,  -57.73664138,    -16.23061672], [ -240.02804377,  -38.0924015 ,  585.99918545,   48.42935621,    129.35308947,  119.50194199,  -14.9471326 ,   13.89988425,    -42.50818203,  -76.44724407, -109.43555598,  -80.89098237,     10.65541219], [  -18.68491014,  201.85566948,   48.42935621,  201.32459165,     64.64406696,   38.12624297,   13.3668976 ,   -5.64069062,     -7.62401845,   -4.62653323,  -12.18834681,   -7.73900898,     -2.12855898], [  155.78197466,  117.66681144,  129.35308947,   64.64406696,    148.68134717,   73.98272408,   51.09050489,   16.0981167 ,    -10.05256019,  -33.07276035,  -69.69979024,  -35.00774357,      9.9985457 ], [  159.73193292,   39.17870198,  119.50194199,   38.12624297,     73.98272408,  110.25456352,   44.05625032,   24.76139832,     -9.82436919,  -33.52741473,  -48.54063542,  -28.61347853,      2.01412411], [  231.63858001,  101.87268405,  -14.9471326 ,   13.3668976 ,     51.09050489,   44.05625032,  115.01327983,   40.69236678,     -3.51131006,  -11.96757688,  -38.28059827,  -16.55786244,      7.69148157], [   45.13549774,   35.8008835 ,   13.89988425,   -5.64069062,     16.0981167 ,   24.76139832,   40.69236678,   70.19446954,     20.17264101,   -0.13520611,  -13.79988083,   -9.77118518,     -4.70215277], [  -19.13735329,  -26.10600288,  -42.50818203,   -7.62401845,    -10.05256019,   -9.82436919,   -3.51131006,   20.17264101,     68.6949194 ,   31.22770275,   27.11348225,   16.62438436,     -1.31923724], [  -61.0022434 ,  -24.58690306,  -76.44724407,   -4.62653323,    -33.07276035,  -33.52741473,  -11.96757688,   -0.13520611,     31.22770275,   76.37337337,   59.04336541,   27.61690063,     -9.53027356], [ -233.90008866,  -95.78497276, -109.43555598,  -12.18834681,    -69.69979024,  -48.54063542,  -38.28059827,  -13.79988083,     27.11348225,   59.04336541,  135.59384506,   62.16354903,    -16.79230568], [  -29.45066156,  -57.73664138,  -80.89098237,   -7.73900898,    -35.00774357,  -28.61347853,  -16.55786244,   -9.77118518,     16.62438436,   27.61690063,   62.16354903,   75.51741717,     13.21840424], [  188.08482228,  -16.23061672,   10.65541219,   -2.12855898,      9.9985457 ,    2.01412411,    7.69148157,   -4.70215277,     -1.31923724,   -9.53027356,  -16.79230568,   13.21840424,     78.76520492]]
/root/sim/music/out/Oasis/Live Forever/03 Cloudburst.mp3; [-566.241    , 109.56441  , -27.857525 ,  48.678513 ,  25.207361 ,   13.6078205,   1.9787658,   9.624518 ,   6.083808 ,   7.984846 ,    2.4078743,   0.736232 ,  -0.3050288]; [[12626.35831231, -391.6853318 , -325.21851067,   88.82902146,    175.31682297,  312.98542814,  -39.53682224,   62.02380877,   -209.34559639,  -37.69205658,  225.65576041,  155.20304886,    146.45573239], [ -391.6853318 ,  900.12782929, -357.08725423,  119.84668581,    -44.86519139,  -61.96455645,  -32.69335877,  -17.76918819,     53.82763059,   38.38567185,  -45.14583915,   11.46090673,    -25.43344286], [ -325.21851067, -357.08725423,  636.89761392,   -8.05410264,    120.8271677 ,   40.42749264,   50.08710265,   50.58987524,    -33.10322674,  -21.07610911,   40.63048387,   14.43459465,     23.73537275], [   88.82902146,  119.84668581,   -8.05410264,  168.50581917,     32.61453006,   14.28907247,  -10.30035443,    5.80553002,     16.13934019,   17.54287636,    3.91426479,    1.30466362,     -1.03458811], [  175.31682297,  -44.86519139,  120.8271677 ,   32.61453006,    167.03824616,   65.74352783,   58.29453471,   42.9186782 ,     13.18322148,   13.98970818,   26.63460716,   18.66627181,     20.34637478], [  312.98542814,  -61.96455645,   40.42749264,   14.28907247,     65.74352783,   97.63549922,   49.97540592,   33.9857546 ,     -6.05892076,    1.87282244,   19.21104579,    8.40037099,     13.4974867 ], [  -39.53682224,  -32.69335877,   50.08710265,  -10.30035443,     58.29453471,   49.97540592,  102.42247928,   47.84730684,     13.63064478,   -1.25213759,   15.39055381,    9.65008808,     10.00202588], [   62.02380877,  -17.76918819,   50.58987524,    5.80553002,     42.9186782 ,   33.9857546 ,   47.84730684,   73.23700105,     29.01975001,   14.00458123,   14.07309255,    8.74620061,     11.69383443], [ -209.34559639,   53.82763059,  -33.10322674,   16.13934019,     13.18322148,   -6.05892076,   13.63064478,   29.01975001,     82.49650231,   47.38728994,    7.13624019,   -5.41752849,      2.44728925], [  -37.69205658,   38.38567185,  -21.07610911,   17.54287636,     13.98970818,    1.87282244,   -1.25213759,   14.00458123,     47.38728994,   70.75907618,   26.45786505,    6.0504483 ,      3.16758498], [  225.65576041,  -45.14583915,   40.63048387,    3.91426479,     26.63460716,   19.21104579,   15.39055381,   14.07309255,      7.13624019,   26.45786505,   65.71945254,   26.34447064,     18.153433  ], [  155.20304886,   11.46090673,   14.43459465,    1.30466362,     18.66627181,    8.40037099,    9.65008808,    8.74620061,     -5.41752849,    6.0504483 ,   26.34447064,   57.82588757,     27.08799349], [  146.45573239,  -25.43344286,   23.73537275,   -1.03458811,     20.34637478,   13.4974867 ,   10.00202588,   11.69383443,      2.44728925,    3.16758498,   18.153433  ,   27.08799349,     47.3201068 ]]
/root/sim/music/out/Oasis/Live Forever/01 Live Forever.mp3; [-522.74316  ,  97.97478  , -20.140728 ,  29.981548 ,  14.656615 ,   13.86379  ,   1.8754343,  13.304792 ,   8.463768 ,  10.325957 ,    3.7879612,   5.7753096,   2.6619306]; [[11285.32551196,  702.14766427, -870.35776857,   39.30787646,    -67.06389596,   13.38066043,   31.89145048,  297.08161144,    245.34528386,   35.67486608, -324.9683418 , -222.83985572,     -7.54355929], [  702.14766427,  941.21870819, -483.18652063,  -28.00130927,    -30.40716914, -140.4251152 ,  -61.97607041,  -89.87807609,      3.67189328,   39.16618637,   -0.54982881,   48.59956521,     41.03153388], [ -870.35776857, -483.18652063,  628.53018158,   35.69401833,     33.49205518,   82.00608088,    0.42522779,   45.32566088,    -25.2514918 ,  -27.26522808,   40.94606412,  -24.5284739 ,    -10.35195804], [   39.30787646,  -28.00130927,   35.69401833,  202.96642355,     58.90722737,   17.03520443,    4.16288427,   14.613334  ,     17.79546274,   13.1686394 ,    9.26384754,   20.85899053,     -6.71935416], [  -67.06389596,  -30.40716914,   33.49205518,   58.90722737,    105.02999364,   33.20538607,   13.89193436,   -0.81583728,      5.82115054,    9.38815662,   10.51725208,    6.19106302,     -5.57913437], [   13.38066043, -140.4251152 ,   82.00608088,   17.03520443,     33.20538607,  137.09177632,   69.80834287,   31.1062917 ,     -2.99467686,    1.59786392,    8.45077337,  -10.76202708,    -11.66159464], [   31.89145048,  -61.97607041,    0.42522779,    4.16288427,     13.89193436,   69.80834287,  132.0944424 ,   54.56180181,      3.52596996,    0.20979809,   -7.34118261,   -5.73453224,    -14.3774925 ], [  297.08161144,  -89.87807609,   45.32566088,   14.613334  ,     -0.81583728,   31.1062917 ,   54.56180181,  103.60927189,     35.58948101,   -3.60884659,  -18.65534646,  -15.41193858,     -5.58341748], [  245.34528386,    3.67189328,  -25.2514918 ,   17.79546274,      5.82115054,   -2.99467686,    3.52596996,   35.58948101,     66.06472919,   25.60190369,   -8.50395016,   -6.07056595,     -1.24670615], [   35.67486608,   39.16618637,  -27.26522808,   13.1686394 ,      9.38815662,    1.59786392,    0.20979809,   -3.60884659,     25.60190369,   63.2459752 ,   24.66571689,    1.48700721,     -2.40874141], [ -324.9683418 ,   -0.54982881,   40.94606412,    9.26384754,     10.51725208,    8.45077337,   -7.34118261,  -18.65534646,     -8.50395016,   24.66571689,   66.97428121,   29.8732492 ,      2.02998213], [ -222.83985572,   48.59956521,  -24.5284739 ,   20.85899053,      6.19106302,  -10.76202708,   -5.73453224,  -15.41193858,     -6.07056595,    1.48700721,   29.8732492 ,   66.04435638,     19.77430651], [   -7.54355929,   41.03153388,  -10.35195804,   -6.71935416,     -5.57913437,  -11.66159464,  -14.3774925 ,   -5.58341748,     -1.24670615,   -2.40874141,    2.02998213,   19.77430651,     48.29908354]]
/root/sim/music/out/Oasis/Live Forever/02 Up In The Sky [Acoustic].mp3; [-564.70197  , 124.435234 ,  -2.702371 ,   8.255199 ,   3.0348494,   -5.3056126,  -8.962891 ,  -0.9587638,  -6.7432113,   1.7567153,   -9.398803 ,  -5.6445627,  -3.4199224]; [[12301.44460561,  756.51567876, -331.89928491,  -50.55912299,   -134.87313353, -284.00499436, -274.28153572, -118.42879891,   -187.2781653 ,   47.89642857,  -81.96437848, -114.13803593,   -154.30701599], [  756.51567876,  818.95016909,    2.76392371,   22.01190927,    -25.74408937,  -17.90216989,   -8.13582678,    1.13321493,    -25.34950528,  -28.59521659,    3.28276559,   17.50151032,      3.22464501], [ -331.89928491,    2.76392371,  298.57540413,    1.49456526,     32.30129931,   52.21408121,   55.06540814,   22.19504224,     14.2762442 ,    3.9509148 ,   14.32480245,   31.58019333,     15.03652695], [  -50.55912299,   22.01190927,    1.49456526,  130.54281835,     68.69101449,  -11.54144514,  -17.46272016,   15.37684784,     14.49057006,   15.54870789,   -4.45165735,   -4.29343185,     25.07500443], [ -134.87313353,  -25.74408937,   32.30129931,   68.69101449,    123.58430151,   23.75395923,   -1.38161152,   10.00878978,     21.01347604,   21.67755356,    6.07099532,   -3.6378166 ,     17.48663885], [ -284.00499436,  -17.90216989,   52.21408121,  -11.54144514,     23.75395923,  113.15669762,   68.69739706,   15.65541014,     18.71318774,    6.52400203,   21.33451845,   14.49087403,    -10.81664806], [ -274.28153572,   -8.13582678,   55.06540814,  -17.46272016,     -1.38161152,   68.69739706,  123.35383086,   35.68781213,     16.06291305,    9.72630636,   13.86741532,   19.32515606,     -7.0493083 ], [ -118.42879891,    1.13321493,   22.19504224,   15.37684784,     10.00878978,   15.65541014,   35.68781213,   74.84381281,     32.36114787,    2.74515661,    4.69541319,    2.01502114,      8.52655927], [ -187.2781653 ,  -25.34950528,   14.2762442 ,   14.49057006,     21.01347604,   18.71318774,   16.06291305,   32.36114787,     70.75666815,   23.96854217,    7.51946635,   -2.6553934 ,     -1.43896092], [   47.89642857,  -28.59521659,    3.9509148 ,   15.54870789,     21.67755356,    6.52400203,    9.72630636,    2.74515661,     23.96854217,   71.47375668,   20.41449201,    0.80656207,     -1.07277265], [  -81.96437848,    3.28276559,   14.32480245,   -4.45165735,      6.07099532,   21.33451845,   13.86741532,    4.69541319,      7.51946635,   20.41449201,   66.06947241,   20.24742887,     -3.58573192], [ -114.13803593,   17.50151032,   31.58019333,   -4.29343185,     -3.6378166 ,   14.49087403,   19.32515606,    2.01502114,     -2.6553934 ,    0.80656207,   20.24742887,   55.34283696,     20.53031327], [ -154.30701599,    3.22464501,   15.03652695,   25.07500443,     17.48663885,  -10.81664806,   -7.0493083 ,    8.52655927,     -1.43896092,   -1.07277265,   -3.58573192,   20.53031327,     63.63949534]]
/root/sim/music/out/Oasis/ディグ・アウト・ユア・ソウル/01-バグ・イット・アップ.mp3; [-468.68118   , 115.08805   , -17.053604  ,  24.087046  ,   5.0721927 ,    8.0134    ,  -1.1545966 ,   7.7226133 ,   1.6528043 ,   1.3443059 ,   -0.84021366,  -0.5487504 ,  -4.5614147 ]; [[6583.55595922,-819.16076124, 135.88633229,  -8.61152624, 117.01747755,   122.56684418, -75.17346828,  51.4757233 ,-168.72217244,  63.51052871,    58.71187416, -22.77085395,   2.69571761], [-819.16076124, 865.71397387,-205.79989088,   4.76691352, -51.47459875,   -59.39521236,  26.88373443, -31.74659174,  20.19127869, -10.75122515,     6.43478494,   4.62981258,   1.06290697], [ 135.88633229,-205.79989088, 332.56689244,   2.71378828,  41.38351111,    20.44045828, -25.43768784,  13.68754829, -10.73418819, -14.63562631,    11.89965828,  -2.78784107,  10.62262489], [  -8.61152624,   4.76691352,   2.71378828, 127.29321028,  31.45659498,   -16.75143552, -14.95619145,  12.00866528,  21.29939385,  -7.89863873,    -6.77086669,  18.78643041,  10.23106736], [ 117.01747755, -51.47459875,  41.38351111,  31.45659498,  86.5058043 ,    14.66987007, -16.94685467,   1.88735367,   4.05177852,   4.8722461 ,     7.63335759,   1.58089305,   4.80389023], [ 122.56684418, -59.39521236,  20.44045828, -16.75143552,  14.66987007,    80.51818893,  31.7588267 ,  -2.80651993,  -3.80986691,  12.71978912,     2.5678912 ,  -7.8246934 ,  -3.17443007], [ -75.17346828,  26.88373443, -25.43768784, -14.95619145, -16.94685467,    31.7588267 ,  75.77649504,  16.93766987,   2.65658178,   2.08027445,    -0.4502106 ,   1.25913828,  -3.32467752], [  51.4757233 , -31.74659174,  13.68754829,  12.00866528,   1.88735367,    -2.80651993,  16.93766987,  55.67235455,  17.92531567,  -7.80065391,    -6.59469024,   6.71043713,   1.4012432 ], [-168.72217244,  20.19127869, -10.73418819,  21.29939385,   4.05177852,    -3.80986691,   2.65658178,  17.92531567,  66.4411145 ,  14.09954361,   -11.16241879,   5.0003769 ,   1.09384171], [  63.51052871, -10.75122515, -14.63562631,  -7.89863873,   4.8722461 ,    12.71978912,   2.08027445,  -7.80065391,  14.09954361,  58.86292903,    21.35162847,  -4.80082554,  -2.86433788], [  58.71187416,   6.43478494,  11.89965828,  -6.77086669,   7.63335759,     2.5678912 ,  -0.4502106 ,  -6.59469024, -11.16241879,  21.35162847,    59.93751415,  18.05079076,   4.22733438], [ -22.77085395,   4.62981258,  -2.78784107,  18.78643041,   1.58089305,    -7.8246934 ,   1.25913828,   6.71043713,   5.0003769 ,  -4.80082554,    18.05079076,  53.64506158,  21.36116268], [   2.69571761,   1.06290697,  10.62262489,  10.23106736,   4.80389023,    -3.17443007,  -3.32467752,   1.4012432 ,   1.09384171,  -2.86433788,     4.22733438,  21.36116268,  52.43589786]]
/root/sim/music/out/Oasis/ディグ・アウト・ユア・ソウル/04-ショック・オブ・ザ・ライトニング.mp3; [-466.68375   , 117.83107   , -36.417034  ,  32.2335    ,   4.017789  ,    2.3949854 ,  -2.4109364 ,   4.7875285 ,  -0.6646124 ,   5.591923  ,   -3.5442655 ,  -4.1974406 ,  -0.63185036]; [[ 9890.23496167,-1708.82293539,  796.70192255, -201.75452659,    317.25052725,  834.35093215,   14.77959694,  499.94598962,    474.9415001 ,   89.55158009,  294.64628859,   70.28183036,    -16.4567658 ], [-1708.82293539,  722.8798754 , -266.32972764,  133.65003924,    -42.75625552, -175.78907102,   48.90610931,  -74.11620385,    -92.12435895,   13.63181029,  -48.01310244,   -0.18725025,     24.97606858], [  796.70192255, -266.32972764,  258.20213894,  -30.04342037,     49.57009505,   86.03839536,   -4.10667383,   45.14707861,     59.57285705,    1.4328846 ,   35.56580671,   13.46916692,      3.64759844], [ -201.75452659,  133.65003924,  -30.04342037,  136.48061488,     26.63649284,  -44.05968815,    4.80691864,   -8.13057827,    -10.76318254,    9.23459302,   -4.60313986,    7.52255615,     16.41611867], [  317.25052725,  -42.75625552,   49.57009505,   26.63649284,    100.60232201,   49.09899159,   24.42643299,   21.75255136,     24.48477841,    5.18396234,   19.22221068,    9.82131791,      7.7894323 ], [  834.35093215, -175.78907102,   86.03839536,  -44.05968815,     49.09899159,  178.36092893,   29.81370238,   64.83197001,     59.35469585,   14.65148911,   41.02949177,   16.17969219,      1.3119853 ], [   14.77959694,   48.90610931,   -4.10667383,    4.80691864,     24.42643299,   29.81370238,   80.41735317,   36.23154924,     17.69468386,    3.34942335,    7.48061788,    4.635363  ,      7.66672043], [  499.94598962,  -74.11620385,   45.14707861,   -8.13057827,     21.75255136,   64.83197001,   36.23154924,   89.08498521,     60.4075975 ,   20.21840232,   23.53011235,    9.8144682 ,      9.984067  ], [  474.9415001 ,  -92.12435895,   59.57285705,  -10.76318254,     24.48477841,   59.35469585,   17.69468386,   60.4075975 ,     92.05877788,   36.73636387,   32.41968652,   10.93193492,     10.58843475], [   89.55158009,   13.63181029,    1.4328846 ,    9.23459302,      5.18396234,   14.65148911,    3.34942335,   20.21840232,     36.73636387,   64.55013343,   32.44122099,   14.0922169 ,      9.09071291], [  294.64628859,  -48.01310244,   35.56580671,   -4.60313986,     19.22221068,   41.02949177,    7.48061788,   23.53011235,     32.41968652,   32.44122099,   63.55196066,   30.19303775,      9.44571194], [   70.28183036,   -0.18725025,   13.46916692,    7.52255615,      9.82131791,   16.17969219,    4.635363  ,    9.8144682 ,     10.93193492,   14.0922169 ,   30.19303775,   51.04315153,     24.7077609 ], [  -16.4567658 ,   24.97606858,    3.64759844,   16.41611867,      7.7894323 ,    1.3119853 ,    7.66672043,    9.984067  ,     10.58843475,    9.09071291,    9.44571194,   24.7077609 ,     50.30154808]]
