/root/sim/music/out/Heart/Brigade/08 Under The Sky.mp3; [-597.30896   , 107.320366  ,   2.9259791 ,   6.853501  ,  10.412232  ,   -0.66145205,  -3.6600852 ,  -0.0062799 ,  -6.9195395 ,  -1.1329539 ,   -7.4605494 ,  -5.524963  ,  -4.8523765 ]; [[16875.33040333, -638.53947112,-1774.36947051, -887.95376305,   -586.23896362, -518.21026414, -305.22413405, -105.4091544 ,   -135.17102586,  -57.7452941 , -207.56966857, -189.61155324,   -159.15274336], [ -638.53947112,  985.17678076,   59.4317876 ,  127.45044509,     68.57825179,   49.64431162,   58.7423064 ,   37.6111996 ,     14.21912284,   29.08533481,   29.88671836,   25.61050137,     30.65669669], [-1774.36947051,   59.4317876 ,  676.93693221,  212.94319995,    109.61836074,  133.84650433,   41.81624062,  -37.74453903,     -7.02471093,   -2.0508417 ,   50.38277992,   69.86351078,     56.84430258], [ -887.95376305,  127.45044509,  212.94319995,  385.54447369,    148.6021024 ,  122.41522315,   82.94913939,   68.8575099 ,    108.51246265,   22.24312525,   19.52756071,   37.29380983,     42.8777711 ], [ -586.23896362,   68.57825179,  109.61836074,  148.6021024 ,    200.16391275,   56.0060823 ,   30.35528022,   57.99460197,     67.1252936 ,   25.11445076,   15.87813001,   13.4422696 ,     12.02633123], [ -518.21026414,   49.64431162,  133.84650433,  122.41522315,     56.0060823 ,  252.0648535 ,  146.87185471,   27.93787233,     40.40615575,   43.1303125 ,   48.66419909,   14.51098888,     -1.43870086], [ -305.22413405,   58.7423064 ,   41.81624062,   82.94913939,     30.35528022,  146.87185471,  203.48711477,   73.69213525,     55.48777434,   46.40533398,   29.36052877,   19.4163584 ,      1.3901379 ], [ -105.4091544 ,   37.6111996 ,  -37.74453903,   68.8575099 ,     57.99460197,   27.93787233,   73.69213525,  153.28603868,     97.9711692 ,   33.24663186,    2.04520449,   -5.22438526,      6.91515913], [ -135.17102586,   14.21912284,   -7.02471093,  108.51246265,     67.1252936 ,   40.40615575,   55.48777434,   97.9711692 ,    163.16967711,   52.29675864,   14.11525987,   -8.37526806,      3.33113777], [  -57.7452941 ,   29.08533481,   -2.0508417 ,   22.24312525,     25.11445076,   43.1303125 ,   46.40533398,   33.24663186,     52.29675864,   94.12791039,   28.46286824,    5.62736189,     -5.10723391], [ -207.56966857,   29.88671836,   50.38277992,   19.52756071,     15.87813001,   48.66419909,   29.36052877,    2.04520449,     14.11525987,   28.46286824,   85.22205321,   29.17961459,      9.44492657], [ -189.61155324,   25.61050137,   69.86351078,   37.29380983,     13.4422696 ,   14.51098888,   19.4163584 ,   -5.22438526,     -8.37526806,    5.62736189,   29.17961459,   85.86183262,     31.91917322], [ -159.15274336,   30.65669669,   56.84430258,   42.8777711 ,     12.02633123,   -1.43870086,    1.3901379 ,    6.91515913,      3.33113777,   -5.10723391,    9.44492657,   31.91917322,     83.60077326]]
/root/sim/music/out/Heart/Brigade/04 Tall Dark Handsome Stranger.mp3; [-544.7478    ,  79.47119   ,  -7.7360992 ,  30.840076  ,  12.540046  ,   -0.27632585,   3.5569801 ,   2.69424   ,  -3.435365  ,   2.2529495 ,   -4.3799114 ,  -3.128153  ,  -3.9214396 ]; [[7322.44486827, 257.70459002,  43.19912614, 130.27779888, -19.88625428,   -44.71838482, -87.68286254, -52.80324338, -86.71323702, -53.15914145,   -34.05111103, -26.67137773, -63.88850856], [ 257.70459002, 538.94983576,-170.71675343, 110.65976806,  37.81155855,    12.03114366,  79.49607616,  16.69778728,  15.88772997,  33.74700405,   -19.11805798,  -9.31161735, -13.53715107], [  43.19912614,-170.71675343, 472.35262265, -29.96805462, -28.84991757,    -1.34009229, -73.58390343, -22.65015199, -23.41990773, -29.28870365,    27.0053639 ,  -6.25224101,   7.71059735], [ 130.27779888, 110.65976806, -29.96805462, 178.26629222,  54.3556279 ,   -23.54788963,  -4.51434676,  17.3517928 ,  23.45775058,  11.70485734,   -11.60581774,   4.93719972,  11.70203741], [ -19.88625428,  37.81155855, -28.84991757,  54.3556279 , 149.50586488,    12.60314025,   9.95923897,  26.73147   ,  28.36063625,  22.35533267,    -3.8956438 ,  10.28055781,  14.45759223], [ -44.71838482,  12.03114366,  -1.34009229, -23.54788963,  12.60314025,   108.90268203,  45.07485634,   5.37445012,  -7.15874145,  13.81699824,    13.57766684,   1.66210383,  -2.15145918], [ -87.68286254,  79.49607616, -73.58390343,  -4.51434676,   9.95923897,    45.07485634, 143.81233311,  40.72465419,   1.47309434,  19.28023706,     7.24800889,   7.90373283,   4.6854687 ], [ -52.80324338,  16.69778728, -22.65015199,  17.3517928 ,  26.73147   ,     5.37445012,  40.72465419,  85.18729421,  24.67679059,  13.7924406 ,    -0.91256273,   6.78176763,  12.60118337], [ -86.71323702,  15.88772997, -23.41990773,  23.45775058,  28.36063625,    -7.15874145,   1.47309434,  24.67679059,  86.54361845,  29.35551235,     1.35906384,   0.36061067,  -0.3363768 ], [ -53.15914145,  33.74700405, -29.28870365,  11.70485734,  22.35533267,    13.81699824,  19.28023706,  13.7924406 ,  29.35551235,  77.03874668,    20.53407891,   8.15333891,  -2.80823914], [ -34.05111103, -19.11805798,  27.0053639 , -11.60581774,  -3.8956438 ,    13.57766684,   7.24800889,  -0.91256273,   1.35906384,  20.53407891,    66.30094874,  20.42403359,   5.95013188], [ -26.67137773,  -9.31161735,  -6.25224101,   4.93719972,  10.28055781,     1.66210383,   7.90373283,   6.78176763,   0.36061067,   8.15333891,    20.42403359,  65.89018476,  15.81450752], [ -63.88850856, -13.53715107,   7.71059735,  11.70203741,  14.45759223,    -2.15145918,   4.6854687 ,  12.60118337,  -0.3363768 ,  -2.80823914,     5.95013188,  15.81450752,  58.28236184]]
/root/sim/music/out/Heart/Brigade/10 Stranded.mp3; [-607.5928    ,  94.4076    ,   4.3072867 ,  21.159967  ,   5.2872853 ,    3.2132726 ,  -0.42057347,   4.733331  ,  -3.0163474 ,   2.123583  ,   -4.476204  ,  -0.632809  ,  -3.2746866 ]; [[17082.81892067,  133.1246849 , -326.24053984,  152.90169608,    130.96145908,  197.26280643,  259.95603802,  306.49518323,    243.72649196,  279.95132782,   37.32180931,   14.97380864,    109.57005204], [  133.1246849 ,  936.89309587,  131.73245728,   51.90516416,    -14.81973909,   11.21285036,   21.67929867,  -11.70444416,    -42.12422594,  -24.40000057,  -39.66853859,    1.01076044,    -74.54183188], [ -326.24053984,  131.73245728,  558.50051103,   27.385722  ,     83.0240249 ,   47.02241205,   -9.02957125,    5.22084308,    -52.77639348,   16.39188385,   -2.45418764,   43.1507554 ,     -3.84338292], [  152.90169608,   51.90516416,   27.385722  ,  318.27151552,     84.65331647,   -7.62619423,  -16.14762857,   14.89245517,     13.09122964,  -20.47195986,   13.4276096 ,    9.45889674,     29.88791872], [  130.96145908,  -14.81973909,   83.0240249 ,   84.65331647,    184.48288725,   33.43539096,   25.47053593,   26.36112499,     34.75638928,   24.24896016,    4.84489636,   30.07070022,     26.37960011], [  197.26280643,   11.21285036,   47.02241205,   -7.62619423,     33.43539096,  191.47062093,   75.82626715,   22.19554836,     20.29261443,   20.08119619,   24.19236521,    6.90495411,     11.90357106], [  259.95603802,   21.67929867,   -9.02957125,  -16.14762857,     25.47053593,   75.82626715,  183.62026944,   73.12148537,     37.99518405,   20.70108981,    6.06997142,   -0.03670353,     18.56371323], [  306.49518323,  -11.70444416,    5.22084308,   14.89245517,     26.36112499,   22.19554836,   73.12148537,  122.71686646,     53.24783509,   28.56177157,  -11.14809096,   -4.82909542,     17.03803576], [  243.72649196,  -42.12422594,  -52.77639348,   13.09122964,     34.75638928,   20.29261443,   37.99518405,   53.24783509,    137.62325956,   43.6542846 ,    1.30802643,  -19.29135603,      4.1163267 ], [  279.95132782,  -24.40000057,   16.39188385,  -20.47195986,     24.24896016,   20.08119619,   20.70108981,   28.56177157,     43.6542846 ,  109.11332785,   22.130289  ,    2.14076881,      2.01809425], [   37.32180931,  -39.66853859,   -2.45418764,   13.4276096 ,      4.84489636,   24.19236521,    6.06997142,  -11.14809096,      1.30802643,   22.130289  ,   83.58264697,   26.78850682,     16.95816657], [   14.97380864,    1.01076044,   43.1507554 ,    9.45889674,     30.07070022,    6.90495411,   -0.03670353,   -4.82909542,    -19.29135603,    2.14076881,   26.78850682,   90.50907697,     29.85738636], [  109.57005204,  -74.54183188,   -3.84338292,   29.88791872,     26.37960011,   11.90357106,   18.56371323,   17.03803576,      4.1163267 ,    2.01809425,   16.95816657,   29.85738636,     83.94610973]]
/root/sim/music/out/Heart/Brigade/01 Wild Child.mp3; [-567.4891    ,  92.89886   ,  -4.8090005 ,  23.618494  ,  11.302636  ,    2.9893453 ,   4.339122  ,   0.40819973,  -4.0425925 ,  -1.2869086 ,   -2.760309  ,  -0.32358718,  -1.0928987 ]; [[9529.89214478,-475.76342508,-240.96790756,-139.40412697,  -3.89696613,  -235.12190175, -40.42650818, -42.60764462, -93.45848182, -11.14685266,    -1.85810896, -34.56616612,  -7.62092955], [-475.76342508, 887.46566604,  70.72609748, 147.06617299,  74.67231835,    84.23174992,  74.14439353,  19.06818627,  35.67360503,  -1.50766709,    -9.7273833 ,  -2.97553237, -19.34789515], [-240.96790756,  70.72609748, 864.42718776, -29.70277397,  -9.37033465,    27.77516785, -19.68640678,  20.70671862,  37.1823825 , -70.10476985,    -5.02926587,   9.29415673,  10.93050384], [-139.40412697, 147.06617299, -29.70277397, 288.28744203,  86.01108433,    26.4095106 ,  -1.39821377,  -5.36399519,  26.87051158,  19.78889466,    -9.49026872,  -7.11392418,  -4.14862001], [  -3.89696613,  74.67231835,  -9.37033465,  86.01108433, 188.76307186,    36.03050719,  21.74738964,   8.80059427,  30.02550219,  31.97244861,    -1.01407334,   7.54932675,  11.29781393], [-235.12190175,  84.23174992,  27.77516785,  26.4095106 ,  36.03050719,   151.3674745 ,  59.573874  ,  10.65791825,  10.6740139 ,  22.72545971,     7.68504987,  -9.77316883,  -9.01473556], [ -40.42650818,  74.14439353, -19.68640678,  -1.39821377,  21.74738964,    59.573874  , 135.68326536,  39.05612892,   5.69767039,  19.46777731,     2.94902063,   0.83627481,   2.03343069], [ -42.60764462,  19.06818627,  20.70671862,  -5.36399519,   8.80059427,    10.65791825,  39.05612892,  91.24234159,  30.36515159,   9.20256428,     1.22838959,   8.50276497,   6.09859868], [ -93.45848182,  35.67360503,  37.1823825 ,  26.87051158,  30.02550219,    10.6740139 ,   5.69767039,  30.36515159,  81.21713239,  23.19909119,     4.02793737,   0.7553592 ,  -3.77345964], [ -11.14685266,  -1.50766709, -70.10476985,  19.78889466,  31.97244861,    22.72545971,  19.46777731,   9.20256428,  23.19909119,  87.29456826,    26.51909126,   0.23259179,  -3.35525275], [  -1.85810896,  -9.7273833 ,  -5.02926587,  -9.49026872,  -1.01407334,     7.68504987,   2.94902063,   1.22838959,   4.02793737,  26.51909126,    72.58296114,  28.81294863,   1.6407819 ], [ -34.56616612,  -2.97553237,   9.29415673,  -7.11392418,   7.54932675,    -9.77316883,   0.83627481,   8.50276497,   0.7553592 ,   0.23259179,    28.81294863,  71.80273502,  27.44454388], [  -7.62092955, -19.34789515,  10.93050384,  -4.14862001,  11.29781393,    -9.01473556,   2.03343069,   6.09859868,  -3.77345964,  -3.35525275,     1.6407819 ,  27.44454388,  60.5789094 ]]
/root/sim/music/out/Heart/Brigade/06 The Night.mp3; [-582.88477  ,  85.58011  ,  -7.834694 ,  15.642705 ,   6.0057898,    5.2645216,   4.6533184,   1.9370524,  -7.333992 ,   0.5216174,   -3.0900598,  -1.9620367,  -2.8742182]; [[12082.69167834, -140.97924696, -859.39268269,  313.1072332 ,    -17.60987977,   78.05780477,  370.2211363 ,  467.08816965,    142.55126208,  159.41212326,  144.45351421,  163.54096426,    270.44487613], [ -140.97924696,  924.38748192, -246.85390935,   75.6980137 ,    -27.78076916,   17.70308792,   94.69184493,   31.99235699,     -4.07281525,   63.64173382,   11.8266122 ,    3.88448037,    -17.32563197], [ -859.39268269, -246.85390935,  833.52835068, -172.595171  ,     -0.29920302,    0.2806909 , -218.36304726, -178.2180545 ,    -66.10022528, -118.67485202,  -37.03264169,  -66.26059202,    -53.19994415], [  313.1072332 ,   75.6980137 , -172.595171  ,  396.82108419,    143.66356302,   -5.77561194,  100.33610242,  156.18677324,    117.70802424,  108.37309655,   69.25259855,   80.22483147,     82.41626836], [  -17.60987977,  -27.78076916,   -0.29920302,  143.66356302,    205.93663016,   16.02255896,   12.53105942,   53.2364258 ,     60.8438248 ,   42.07155228,   28.38926377,   31.64520989,     38.20091553], [   78.05780477,   17.70308792,    0.2806909 ,   -5.77561194,     16.02255896,  159.61531343,   85.43454698,   19.62709086,     12.09193785,   24.20752304,   13.04501015,    3.38645579,     -3.27786221], [  370.2211363 ,   94.69184493, -218.36304726,  100.33610242,     12.53105942,   85.43454698,  255.22989227,  141.50162272,     61.99133837,   81.64384443,   49.79931234,   52.90429424,     38.80595152], [  467.08816965,   31.99235699, -178.2180545 ,  156.18677324,     53.2364258 ,   19.62709086,  141.50162272,  211.08573813,    101.58367844,   82.96944064,   54.34824829,   58.98585561,     66.9252984 ], [  142.55126208,   -4.07281525,  -66.10022528,  117.70802424,     60.8438248 ,   12.09193785,   61.99133837,  101.58367844,    144.00931848,   79.3981963 ,   45.1634939 ,   40.43093494,     38.42545035], [  159.41212326,   63.64173382, -118.67485202,  108.37309655,     42.07155228,   24.20752304,   81.64384443,   82.96944064,     79.3981963 ,  133.54808356,   68.12280479,   41.56218284,     37.51875577], [  144.45351421,   11.8266122 ,  -37.03264169,   69.25259855,     28.38926377,   13.04501015,   49.79931234,   54.34824829,     45.1634939 ,   68.12280479,  100.50379708,   50.13953869,     33.11383067], [  163.54096426,    3.88448037,  -66.26059202,   80.22483147,     31.64520989,    3.38645579,   52.90429424,   58.98585561,     40.43093494,   41.56218284,   50.13953869,   90.90560862,     47.57679642], [  270.44487613,  -17.32563197,  -53.19994415,   82.41626836,     38.20091553,   -3.27786221,   38.80595152,   66.9252984 ,     38.42545035,   37.51875577,   33.11383067,   47.57679642,     98.02588488]]
/root/sim/music/out/Heart/Brigade/09 Cruel Nights.mp3; [-586.20123   ,  91.616615  ,  -3.9111807 ,  23.231556  ,   0.6469452 ,    0.5430993 ,  -2.4447553 ,  -1.011916  ,  -4.8918414 ,   0.45783204,   -3.618695  ,  -0.22009324,  -3.0393882 ]; [[21301.09234462, 1133.71536   , -313.83973182,  453.74276796,     59.95274529,  -65.33694072,  -96.82694762,  -55.51443892,   -115.8966274 ,   20.44526771,  -35.48452635,   59.73373147,    -23.63316498], [ 1133.71536   ,  747.54529916,  -56.55406242,   41.68212779,     16.15741871,   29.01366773,   45.24418285,   -3.11001905,      1.89692695,   -6.2335532 ,  -15.51592237,   14.98705568,    -12.1080592 ], [ -313.83973182,  -56.55406242,  650.24721278,  -43.57774367,     23.20966267,   21.6686473 ,  -19.54209883,   50.48787379,     -0.94458369,   -9.51005154,   19.58534028,   -0.10956926,      4.81887189], [  453.74276796,   41.68212779,  -43.57774367,  193.72739229,     12.21123392,  -13.50651082,   -9.58648937,    8.05231112,     22.94278949,  -12.41390833,   -3.26207137,   14.8543433 ,     15.14964273], [   59.95274529,   16.15741871,   23.20966267,   12.21123392,    163.01610229,   -8.2566971 ,  -16.05095058,   26.61441145,     27.25030941,    5.11976113,  -13.5540223 ,    1.96287304,     -0.99585232], [  -65.33694072,   29.01366773,   21.6686473 ,  -13.50651082,     -8.2566971 ,  128.29163192,   54.97874276,   -4.62403451,     -4.28767673,   20.08068552,   12.64907229,   -9.49290574,     -5.71144757], [  -96.82694762,   45.24418285,  -19.54209883,   -9.58648937,    -16.05095058,   54.97874276,  115.41470578,   18.58698638,     -0.79771274,   10.56926676,    8.28552563,    4.16204448,     -2.33796942], [  -55.51443892,   -3.11001905,   50.48787379,    8.05231112,     26.61441145,   -4.62403451,   18.58698638,   94.20275868,     30.73269728,    1.78463127,   -6.93161427,   -1.25134457,      6.85060753], [ -115.8966274 ,    1.89692695,   -0.94458369,   22.94278949,     27.25030941,   -4.28767673,   -0.79771274,   30.73269728,     88.45853911,   17.57441063,   -2.10344326,   -6.06775879,     -1.9809915 ], [   20.44526771,   -6.2335532 ,   -9.51005154,  -12.41390833,      5.11976113,   20.08068552,   10.56926676,    1.78463127,     17.57441063,   71.52194921,   23.2983497 ,   -2.11292268,     -7.53775377], [  -35.48452635,  -15.51592237,   19.58534028,   -3.26207137,    -13.5540223 ,   12.64907229,    8.28552563,   -6.93161427,     -2.10344326,   23.2983497 ,   68.07605417,   22.08367802,      1.64750885], [   59.73373147,   14.98705568,   -0.10956926,   14.8543433 ,      1.96287304,   -9.49290574,    4.16204448,   -1.25134457,     -6.06775879,   -2.11292268,   22.08367802,   70.56573473,     25.20335969], [  -23.63316498,  -12.1080592 ,    4.81887189,   15.14964273,     -0.99585232,   -5.71144757,   -2.33796942,    6.85060753,     -1.9809915 ,   -7.53775377,    1.64750885,   25.20335969,     60.66823655]]
/root/sim/music/out/Bon Jovi/Bon Jovi Greatest Hits - The Ultimate Collection/09 Born To Be My Baby.mp3; [-488.5168    ,  81.12668   ,  -8.11564   ,  27.004736  ,   4.9189625 ,   12.6245365 ,   0.16983618,  11.662986  ,   1.2879497 ,   3.1019957 ,    2.1943183 ,  -0.9880213 ,  -2.3289032 ]; [[13308.33705486,  501.69275291,  149.45370948,  187.59199469,    -83.41982176,   76.30008472,  -84.20529974,  156.9521543 ,    -17.07437988,    1.64211895,   77.29745171,  -21.70640792,    -25.64072964], [  501.69275291,  423.07985944,  -65.28989685,   41.35307944,     -9.39641267,   40.20927272,   55.04156974,   25.49722322,      7.41776616,    2.18267374,   17.49817118,   -3.09025971,      0.27188957], [  149.45370948,  -65.28989685,  399.01518327,   58.85355579,     14.62044035,  -44.48258246,  -33.8018681 ,  -14.18831145,     -9.9286532 ,  -31.04226982,   -5.544826  ,   -0.92810189,      8.52748868], [  187.59199469,   41.35307944,   58.85355579,  230.32969159,     86.65736898,   28.17489436,  -25.29337201,    6.42791347,     47.93515029,   -0.26765116,  -15.00699611,   26.85990005,     19.27816163], [  -83.41982176,   -9.39641267,   14.62044035,   86.65736898,    163.61933598,   28.79219131,  -23.28204017,    3.198844  ,     38.08156601,    4.19027957,  -17.54198465,   -4.16435507,     11.05101841], [   76.30008472,   40.20927272,  -44.48258246,   28.17489436,     28.79219131,  147.59763778,   83.43859103,   19.29645229,      4.60564162,   15.23612295,    7.80109601,   -2.16942714,     -2.8082328 ], [  -84.20529974,   55.04156974,  -33.8018681 ,  -25.29337201,    -23.28204017,   83.43859103,  188.30431889,   37.84457936,     -6.03874439,    2.11784854,   10.20951272,   -0.60134689,     -6.69091002], [  156.9521543 ,   25.49722322,  -14.18831145,    6.42791347,      3.198844  ,   19.29645229,   37.84457936,   98.88626229,     23.21701054,    4.11735347,    1.02300666,  -11.19204506,      9.77594353], [  -17.07437988,    7.41776616,   -9.9286532 ,   47.93515029,     38.08156601,    4.60564162,   -6.03874439,   23.21701054,     88.0931583 ,   35.60889   ,   -7.80707696,   -1.2894144 ,      2.0973756 ], [    1.64211895,    2.18267374,  -31.04226982,   -0.26765116,      4.19027957,   15.23612295,    2.11784854,    4.11735347,     35.60889   ,   87.35851726,   32.52977792,   -8.931824  ,    -18.61956074], [   77.29745171,   17.49817118,   -5.544826  ,  -15.00699611,    -17.54198465,    7.80109601,   10.20951272,    1.02300666,     -7.80707696,   32.52977792,   69.84021505,   20.10480632,     -6.93762959], [  -21.70640792,   -3.09025971,   -0.92810189,   26.85990005,     -4.16435507,   -2.16942714,   -0.60134689,  -11.19204506,     -1.2894144 ,   -8.931824  ,   20.10480632,   75.83762006,     27.80384102], [  -25.64072964,    0.27188957,    8.52748868,   19.27816163,     11.05101841,   -2.8082328 ,   -6.69091002,    9.77594353,      2.0973756 ,  -18.61956074,   -6.93762959,   27.80384102,     57.18608491]]
/root/sim/music/out/Bon Jovi/Bon Jovi Greatest Hits - The Ultimate Collection/17 No Apologies.mp3; [-524.4417    , 108.29392   ,  -5.583391  ,  17.152916  ,   3.4734151 ,    2.3756647 ,   1.6654844 ,   7.54032   ,  -0.02707956,  -0.11399893,    0.5986672 ,  -0.20826277,   0.08879018]; [[9669.22637924,-754.96610912, -87.65219538, 489.19522547,  36.09015311,   225.42148155,  91.37835687, 105.40857167,  43.54220119,  16.11951647,    46.25891654,  49.32122092, 144.79402031], [-754.96610912, 965.69693069, -89.88435574, -81.94749094,  80.93174941,   -52.24531444,   6.21487429, -19.34015261, -16.73244147,  50.44467225,    49.3311952 , -16.85893958, -44.80795589], [ -87.65219538, -89.88435574, 419.97207625,  -6.09696043,  29.06456459,    22.3240973 , -54.62927894, -43.83722327,  -1.03796208,  -3.52754725,   -13.935877  , -10.42878083, -18.84859563], [ 489.19522547, -81.94749094,  -6.09696043, 266.41261915,  58.04998445,    31.52768956, -17.80649611,  -3.27633685,  24.62098812, -25.881594  ,   -13.14295156,  38.84683785,  45.94297281], [  36.09015311,  80.93174941,  29.06456459,  58.04998445, 183.68791503,     5.85256161, -40.18378538, -15.19263622,  10.07555321, -18.02548748,   -19.6730783 ,  16.40018862,  20.60359725], [ 225.42148155, -52.24531444,  22.3240973 ,  31.52768956,   5.85256161,   154.76113419,  68.0081721 ,  27.43868234,  11.11408182,  18.43388891,    14.33102272,  -3.14962179,  14.33403636], [  91.37835687,   6.21487429, -54.62927894, -17.80649611, -40.18378538,    68.0081721 , 157.28578532,  45.57001219,   0.00955598,  25.59611282,    23.74715927,  -1.63596119,   7.29363706], [ 105.40857167, -19.34015261, -43.83722327,  -3.27633685, -15.19263622,    27.43868234,  45.57001219, 102.42017545,  29.91650363,  18.60824479,    17.01915383,   1.21222578,   7.57256906], [  43.54220119, -16.73244147,  -1.03796208,  24.62098812,  10.07555321,    11.11408182,   0.00955598,  29.91650363,  83.89079371,  31.21200142,     2.41534452,   5.62277251,   9.20710868], [  16.11951647,  50.44467225,  -3.52754725, -25.881594  , -18.02548748,    18.43388891,  25.59611282,  18.60824479,  31.21200142, 107.95590697,    44.20669262,  -6.89395566, -12.71487513], [  46.25891654,  49.3311952 , -13.935877  , -13.14295156, -19.6730783 ,    14.33102272,  23.74715927,  17.01915383,   2.41534452,  44.20669262,    81.91907123,   7.83332499, -11.26513903], [  49.32122092, -16.85893958, -10.42878083,  38.84683785,  16.40018862,    -3.14962179,  -1.63596119,   1.21222578,   5.62277251,  -6.89395566,     7.83332499,  71.95131551,  35.8705239 ], [ 144.79402031, -44.80795589, -18.84859563,  45.94297281,  20.60359725,    14.33403636,   7.29363706,   7.57256906,   9.20710868, -12.71487513,   -11.26513903,  35.8705239 ,  81.85468499]]
/root/sim/music/out/Bon Jovi/Bon Jovi Greatest Hits - The Ultimate Collection/01 Livin' On A Prayer.mp3; [-534.9718    ,  96.57007   ,  -3.278878  ,  34.48841   ,  -0.7226599 ,   10.950282  ,   3.6259258 ,   7.2366295 ,  -1.9430801 ,   0.93559   ,    0.21645974,  -1.4976001 ,  -2.3230226 ]; [[25651.20091758, -655.67935298,  358.74631407,  534.68719756,   -252.44220583,  308.9592306 ,   39.18257948,  388.63414786,    -63.78602214,   59.27517463,   46.57413721, -115.64842799,   -166.73660099], [ -655.67935298, 1061.12108017, -203.5280132 ,  121.36383882,     21.10245321,   -2.24281254,   29.41179793,  -44.24751853,     23.14921015,    3.19684583,   18.29313206,   41.52479959,     14.27271159], [  358.74631407, -203.5280132 ,  509.91601612,   13.98051382,     80.15458065,   38.13644935,  -17.6061895 ,  -11.90614733,     -6.71642996,  -17.65646439,   14.04771373,   44.96203344,     16.62803555], [  534.68719756,  121.36383882,   13.98051382,  214.1655238 ,     44.10189843,    2.7234582 ,  -12.35304347,   12.60730508,     22.44833879,    5.6959772 ,    7.06133513,   20.88111949,     -0.50848455], [ -252.44220583,   21.10245321,   80.15458065,   44.10189843,    145.25774705,   23.81367567,  -10.78763971,  -18.19589437,     15.54988419,    3.68689139,    6.62026755,   20.91604664,      5.78204675], [  308.9592306 ,   -2.24281254,   38.13644935,    2.7234582 ,     23.81367567,  112.05340635,   41.59776522,    3.51721854,    -15.67814201,   -1.13503377,    3.11953977,    5.43585777,      8.80272772], [   39.18257948,   29.41179793,  -17.6061895 ,  -12.35304347,    -10.78763971,   41.59776522,  130.80362403,   33.16549293,    -16.40605873,    2.99139634,   10.0769837 ,    3.91038707,     -4.14091627], [  388.63414786,  -44.24751853,  -11.90614733,   12.60730508,    -18.19589437,    3.51721854,   33.16549293,   93.77163825,     30.57269014,    9.9872663 ,   -5.50019713,  -16.77822385,     -9.28946824], [  -63.78602214,   23.14921015,   -6.71642996,   22.44833879,     15.54988419,  -15.67814201,  -16.40605873,   30.57269014,     91.09714269,   26.04756786,   -8.41884505,  -12.11427708,    -10.10339353], [   59.27517463,    3.19684583,  -17.65646439,    5.6959772 ,      3.68689139,   -1.13503377,    2.99139634,    9.9872663 ,     26.04756786,   80.48267364,   33.67297066,   -9.47165885,    -21.37226385], [   46.57413721,   18.29313206,   14.04771373,    7.06133513,      6.62026755,    3.11953977,   10.0769837 ,   -5.50019713,     -8.41884505,   33.67297066,   89.45880899,   29.75798661,     -7.85012919], [ -115.64842799,   41.52479959,   44.96203344,   20.88111949,     20.91604664,    5.43585777,    3.91038707,  -16.77822385,    -12.11427708,   -9.47165885,   29.75798661,   96.02017852,     33.51036087], [ -166.73660099,   14.27271159,   16.62803555,   -0.50848455,      5.78204675,    8.80272772,   -4.14091627,   -9.28946824,    -10.10339353,  -21.37226385,   -7.85012919,   33.51036087,     76.96670532]]
/root/sim/music/out/Bon Jovi/Bon Jovi Greatest Hits - The Ultimate Collection/03 It's My Life.mp3; [-482.25406   ,  97.51215   ,  -9.203668  ,  24.765059  ,  -1.9263606 ,   11.014689  ,   3.1295073 ,   2.8508399 ,  -0.5604779 ,   0.11595468,   -1.1787857 ,  -3.744326  ,  -3.1465704 ]; [[7315.03649265, 226.6661695 ,-309.62122958, -14.36628666,-157.99391576,   100.94644674,  43.37881278,  -9.29379283,   5.8519882 ,  -7.07270916,    -2.73119119,-103.83117118,-131.2605214 ], [ 226.6661695 , 513.46994263, -32.15296266,  57.75322156,  21.14684179,   -15.50962966,  29.35693352,  -0.01104659,   8.74771459,  16.98271752,    16.82101502,  -0.59823795,  12.83334483], [-309.62122958, -32.15296266, 353.77557343,  43.01994248,   8.28707532,     0.7278097 , -36.25194849,   0.36948491,  -4.8673338 , -10.49116924,     2.40285235,  22.58029783,  27.15262684], [ -14.36628666,  57.75322156,  43.01994248, 306.80017995,  87.8573954 ,    29.55070665,   4.64586807,  -8.57873842,  37.81364135, -35.85502871,    -0.83200524,  69.6680781 ,  41.95466073], [-157.99391576,  21.14684179,   8.28707532,  87.8573954 , 162.29033965,    29.95253562,  13.05090198, -15.12042905,  17.89649594,  -2.60462916,    -7.53115518,  40.31054   ,  13.32438308], [ 100.94644674, -15.50962966,   0.7278097 ,  29.55070665,  29.95253562,   137.98908843,  67.01626463,  16.43723045,  -4.06305592,  -5.54519025,    15.16448116,  -3.48033254,  -8.74822031], [  43.37881278,  29.35693352, -36.25194849,   4.64586807,  13.05090198,    67.01626463, 148.25574918,  34.59041452,   0.67799135,  -7.66251054,    11.23272023,  -4.89879801, -13.26519955], [  -9.29379283,  -0.01104659,   0.36948491,  -8.57873842, -15.12042905,    16.43723045,  34.59041452,  90.4193903 ,  32.44502759,  21.93816185,     5.55939219,  -2.0271788 ,   4.18613585], [   5.8519882 ,   8.74771459,  -4.8673338 ,  37.81364135,  17.89649594,    -4.06305592,   0.67799135,  32.44502759,  90.8972351 ,  27.47637101,     9.74449893,  14.6866527 ,   4.71747445], [  -7.07270916,  16.98271752, -10.49116924, -35.85502871,  -2.60462916,    -5.54519025,  -7.66251054,  21.93816185,  27.47637101,  88.82209303,    31.86060402,  -2.05775187,  -7.36355569], [  -2.73119119,  16.82101502,   2.40285235,  -0.83200524,  -7.53115518,    15.16448116,  11.23272023,   5.55939219,   9.74449893,  31.86060402,    63.86071277,  20.13556916,   1.52991596], [-103.83117118,  -0.59823795,  22.58029783,  69.6680781 ,  40.31054   ,    -3.48033254,  -4.89879801,  -2.0271788 ,  14.6866527 ,  -2.05775187,    20.13556916,  92.22201704,  40.53406246], [-131.2605214 ,  12.83334483,  27.15262684,  41.95466073,  13.32438308,    -8.74822031, -13.26519955,   4.18613585,   4.71747445,  -7.36355569,     1.52991596,  40.53406246,  75.18568001]]
/root/sim/music/out/Bon Jovi/Bon Jovi Greatest Hits - The Ultimate Collection/13 Always.mp3; [-558.6253   , 115.86104  , -18.346231 ,  10.3987875,   2.6842957,   10.483684 ,  -3.5747454,   1.0574025,  -2.5751774,   2.1104903,   -1.3362973,  -4.3953295,  -2.7994087]; [[14203.07448959,  -57.29115363, -277.58392559,  258.44017634,     83.06434749,  237.12325263,  144.96187357,  239.14921359,    158.38040651,  182.30908745,   88.39253704,   15.38081377,     72.28756886], [  -57.29115363, 1015.64752416, -173.27592478,  -49.56052013,     30.01067994,  -40.50882795,  -26.41382865,  -14.56335162,    -26.92497285,    7.10840242,   -2.86527825,  -11.17910365,    -24.33720562], [ -277.58392559, -173.27592478,  475.5410682 ,   14.10469013,      7.01206583,   24.39649677,   18.28562834,   -2.11069096,     -0.84559021,  -28.18293548,    7.34523803,    6.84351486,      0.76161052], [  258.44017634,  -49.56052013,   14.10469013,  300.43454561,     79.37256078,   72.29321459,   44.63853374,   35.49529375,     60.96378268,   31.10025039,   -8.30335757,   72.26263046,     52.58322675], [   83.06434749,   30.01067994,    7.01206583,   79.37256078,    194.95788747,   28.98617869,   28.48285422,   23.76290959,     43.62471196,   18.29103964,    8.89481117,   37.51279885,     35.82792599], [  237.12325263,  -40.50882795,   24.39649677,   72.29321459,     28.98617869,  196.67540001,   88.83553879,   31.13266936,     24.00367819,   45.79464269,   23.3355914 ,   38.73069791,     28.16066902], [  144.96187357,  -26.41382865,   18.28562834,   44.63853374,     28.48285422,   88.83553879,  186.26431995,   53.65727332,     29.77287979,   37.79890712,   13.25562036,   29.77948699,     22.05491339], [  239.14921359,  -14.56335162,   -2.11069096,   35.49529375,     23.76290959,   31.13266936,   53.65727332,  135.55634926,     47.64191176,   28.10262028,   14.86993908,    5.95435217,     27.72373193], [  158.38040651,  -26.92497285,   -0.84559021,   60.96378268,     43.62471196,   24.00367819,   29.77287979,   47.64191176,    128.22807414,   49.8969064 ,    1.82103   ,   20.138126  ,     22.25347917], [  182.30908745,    7.10840242,  -28.18293548,   31.10025039,     18.29103964,   45.79464269,   37.79890712,   28.10262028,     49.8969064 ,  111.01391711,   36.72413072,   19.87321482,      9.06038849], [   88.39253704,   -2.86527825,    7.34523803,   -8.30335757,      8.89481117,   23.3355914 ,   13.25562036,   14.86993908,      1.82103   ,   36.72413072,   88.4682321 ,   23.00905609,      8.3765603 ], [   15.38081377,  -11.17910365,    6.84351486,   72.26263046,     37.51279885,   38.73069791,   29.77948699,    5.95435217,     20.138126  ,   19.87321482,   23.00905609,  104.62672684,     42.51533612], [   72.28756886,  -24.33720562,    0.76161052,   52.58322675,     35.82792599,   28.16066902,   22.05491339,   27.72373193,     22.25347917,    9.06038849,    8.3765603 ,   42.51533612,     86.85091806]]
/root/sim/music/out/Bon Jovi/Bon Jovi Greatest Hits - The Ultimate Collection/02 You Give Love A Bad Name.mp3; [-498.06506  ,  83.531975 , -13.768878 ,  29.915552 ,  -2.2249868,    3.5144172,  -0.9238117,   6.6451035,  -1.0526847,   5.0597177,    2.8740835,  -0.572678 ,  -3.3019385]; [[14560.56131223,  627.9521834 ,  106.12916112,  446.39221072,     -2.53084652,  116.36793651,  -37.85057779,  102.91231552,     24.99301861,   79.3322104 ,   30.20214987,   52.87500869,    -36.04812516], [  627.9521834 ,  868.38049691,   34.00047675,  220.69979126,     93.31303808,   86.81259743,  117.8762823 ,    3.51104523,     39.45168835,   -5.96032898,    3.24303567,   20.67331613,    -23.07103931], [  106.12916112,   34.00047675,  596.92010435,   98.9175345 ,     60.20368957,   48.7796472 ,   29.17681493,  -35.12900258,      9.1813779 ,  -45.01767879,   -7.97746184,   16.61837329,     11.01636788], [  446.39221072,  220.69979126,   98.9175345 ,  282.95480914,    116.96488119,   36.1754454 ,   -8.41115728,   -7.90081297,     53.38349168,    8.23631616,   -9.81581281,   26.29185726,      6.08251867], [   -2.53084652,   93.31303808,   60.20368957,  116.96488119,    204.23495778,   40.40358506,  -13.02199892,   -5.10164338,     43.71365992,    3.05753531,  -14.73875462,   13.57383723,     12.96892203], [  116.36793651,   86.81259743,   48.7796472 ,   36.1754454 ,     40.40358506,  144.52405765,   82.66087173,    6.95255154,     -3.66949233,    9.14029889,   12.42560085,   19.1823554 ,      0.48774713], [  -37.85057779,  117.8762823 ,   29.17681493,   -8.41115728,    -13.02199892,   82.66087173,  171.96318315,   42.46846317,     -3.64374565,    6.49194499,   33.27817825,   11.87114078,    -12.85161605], [  102.91231552,    3.51104523,  -35.12900258,   -7.90081297,     -5.10164338,    6.95255154,   42.46846317,  101.30259609,     33.80044561,   12.94236563,   -0.93446621,    3.57691567,      5.50387101], [   24.99301861,   39.45168835,    9.1813779 ,   53.38349168,     43.71365992,   -3.66949233,   -3.64374565,   33.80044561,     92.84652517,   23.15728375,  -10.47957022,    5.11626416,      3.29241298], [   79.3322104 ,   -5.96032898,  -45.01767879,    8.23631616,      3.05753531,    9.14029889,    6.49194499,   12.94236563,     23.15728375,   76.83120127,   32.13387721,   -3.64822092,    -10.61248373], [   30.20214987,    3.24303567,   -7.97746184,   -9.81581281,    -14.73875462,   12.42560085,   33.27817825,   -0.93446621,    -10.47957022,   32.13387721,   74.65203978,   16.81499467,    -10.80199005], [   52.87500869,   20.67331613,   16.61837329,   26.29185726,     13.57383723,   19.1823554 ,   11.87114078,    3.57691567,      5.11626416,   -3.64822092,   16.81499467,   68.02971804,     29.19399427], [  -36.04812516,  -23.07103931,   11.01636788,    6.08251867,     12.96892203,    0.48774713,  -12.85161605,    5.50387101,      3.29241298,  -10.61248373,  -10.80199005,   29.19399427,     66.70746604]]
/root/sim/music/out/Bon Jovi/Bon Jovi Greatest Hits - The Ultimate Collection/07 We Weren't Born To Follow.mp3; [-507.94626   , 103.556274  ,  -8.066865  ,  33.754913  ,   4.456362  ,    8.966049  ,   0.9479115 ,   8.356309  ,   1.9357963 ,   3.0695133 ,    1.1343929 ,  -0.20494264,  -1.854912  ]; [[12506.0423391 , -239.21756862, -691.8465969 ,   53.17675638,   -222.16068479,  -77.35223438,  -93.74995651,   90.48189554,      6.90154224,  -72.58223761,   40.20455957,   78.87867337,    -82.36552536], [ -239.21756862,  835.29063905,  -17.31146655,   69.95119125,      4.08829052,    9.4968141 ,   63.02847634,   11.38865385,     10.37094832,   21.25513071,   19.56814457,  -42.33212775,     -4.1053895 ], [ -691.8465969 ,  -17.31146655,  498.48309362,  -11.60972346,     41.79565644,   72.65133989,  -20.33397974,   26.62324429,    -13.76564382,   19.59809025,  -26.65263978,   -2.4626274 ,     16.6284415 ], [   53.17675638,   69.95119125,  -11.60972346,  282.33986866,     98.41252678,   10.16566935,  -48.09459696,  -35.99726048,     42.45492932,   -3.73537416,  -25.82144075,   11.45328813,     30.80309047], [ -222.16068479,    4.08829052,   41.79565644,   98.41252678,    180.74019715,   27.76725386,  -12.76596414,  -30.38338195,     18.90895465,   -3.24531953,  -32.92005957,    8.17285404,     15.27867557], [  -77.35223438,    9.4968141 ,   72.65133989,   10.16566935,     27.76725386,  165.75313245,   59.18624317,   24.18019736,    -19.03126078,   -2.65912465,    1.60829651,   -5.51546812,     -1.84942784], [  -93.74995651,   63.02847634,  -20.33397974,  -48.09459696,    -12.76596414,   59.18624317,  147.43924169,   35.2189546 ,     -6.95382072,  -15.70504025,    6.56949373,  -21.45545805,    -16.17505462], [   90.48189554,   11.38865385,   26.62324429,  -35.99726048,    -30.38338195,   24.18019736,   35.2189546 ,  108.02789484,      5.58519651,    5.64235402,    3.4356833 ,    2.90526968,     -3.21520849], [    6.90154224,   10.37094832,  -13.76564382,   42.45492932,     18.90895465,  -19.03126078,   -6.95382072,    5.58519651,     92.37409726,   24.16457557,    4.89133157,   -2.3891883 ,     14.02108071], [  -72.58223761,   21.25513071,   19.59809025,   -3.73537416,     -3.24531953,   -2.65912465,  -15.70504025,    5.64235402,     24.16457557,   83.99104627,   33.39948957,    7.43721205,      3.36256762], [   40.20455957,   19.56814457,  -26.65263978,  -25.82144075,    -32.92005957,    1.60829651,    6.56949373,    3.4356833 ,      4.89133157,   33.39948957,   82.01257783,   13.75690982,      5.36772406], [   78.87867337,  -42.33212775,   -2.4626274 ,   11.45328813,      8.17285404,   -5.51546812,  -21.45545805,    2.90526968,     -2.3891883 ,    7.43721205,   13.75690982,   65.23201952,     18.35041719], [  -82.36552536,   -4.1053895 ,   16.6284415 ,   30.80309047,     15.27867557,   -1.84942784,  -16.17505462,   -3.21520849,     14.02108071,    3.36256762,    5.36772406,   18.35041719,     57.3722091 ]]
