/root/sim/music/out/Oasis/Familiar To Millions [Live] [Disc 2]/2-04 Live Forever.mp3; [-484.71216  , 101.188644 , -30.96896  ,  17.511602 ,  -4.2877026,    4.8803115,   3.6213164,   6.2134924,  -4.39148  ,   3.0132833,   -0.06459  ,  -2.201832 ,  -6.1512775]; [[2082.60615417, 599.07769009, 766.06581133, 346.5122379 , 280.85772548,   256.48790352,  91.55617586, -40.65952194, -34.92943693,  24.97769048,    33.52355871,  28.59410558,   7.34737353], [ 599.07769009, 802.37771294, 283.0425002 , 353.2133156 , 210.00665651,   129.12619115, 101.54314275,  -8.17781501, -30.16866111,  34.65650456,    30.49080899,  18.13320041,  28.06669225], [ 766.06581133, 283.0425002 , 733.07781457, 291.62866049, 250.31652453,   176.5691263 ,  73.69071222, -26.91431949, -16.82099331,  14.90586393,    21.01809006,  41.42590698,  18.18470266], [ 346.5122379 , 353.2133156 , 291.62866049, 341.10926117, 187.34261017,   132.60423031,  79.21560374, -12.93442087,   8.03805091,  15.41858743,    18.70039499,  30.0213256 ,  45.63072817], [ 280.85772548, 210.00665651, 250.31652453, 187.34261017, 197.99787513,   102.41442578,  56.88481278, -13.13827771,   8.15133105,  13.82657993,    16.62203516,  21.7390976 ,  20.17967173], [ 256.48790352, 129.12619115, 176.5691263 , 132.60423031, 102.41442578,   131.99149387,  71.68389107,  10.28509349,   7.8719253 ,  13.67428647,    19.54773247,  18.08567157,  14.05263564], [  91.55617586, 101.54314275,  73.69071222,  79.21560374,  56.88481278,    71.68389107, 114.65717842,  24.83181878,  10.79942743,  10.65007108,    13.60202849,  21.16518846,   9.91375504], [ -40.65952194,  -8.17781501, -26.91431949, -12.93442087, -13.13827771,    10.28509349,  24.83181878,  56.57112893,  22.22084531,   7.51118711,     6.0318178 ,  -0.06679039,   0.89340454], [ -34.92943693, -30.16866111, -16.82099331,   8.03805091,   8.15133105,     7.8719253 ,  10.79942743,  22.22084531,  56.69354016,  15.33292535,     5.63197652,   1.63980255,   4.23882266], [  24.97769048,  34.65650456,  14.90586393,  15.41858743,  13.82657993,    13.67428647,  10.65007108,   7.51118711,  15.33292535,  49.30446805,    19.40557485,   5.99313781,  -1.94564631], [  33.52355871,  30.49080899,  21.01809006,  18.70039499,  16.62203516,    19.54773247,  13.60202849,   6.0318178 ,   5.63197652,  19.40557485,    43.3422916 ,  15.41546357,   6.4457488 ], [  28.59410558,  18.13320041,  41.42590698,  30.0213256 ,  21.7390976 ,    18.08567157,  21.16518846,  -0.06679039,   1.63980255,   5.99313781,    15.41546357,  42.67618304,  19.13920767], [   7.34737353,  28.06669225,  18.18470266,  45.63072817,  20.17967173,    14.05263564,   9.91375504,   0.89340454,   4.23882266,  -1.94564631,     6.4457488 ,  19.13920767,  44.50310784]]
/root/sim/music/out/Oasis/Familiar To Millions [Live] [Disc 2]/2-01 Wonderwall.mp3; [-504.27887  , 114.41879  , -30.032145 ,  19.752188 ,   0.4961207,    1.0971631,   1.3690563,   5.7097073,  -4.235907 ,   3.6290627,    0.7454933,  -3.1594403,  -6.036861 ]; [[6129.63270254, 690.20017275, 768.64018336, 395.45452208, 385.15408735,   299.10442553, 197.98038431,  89.74564289, 116.69380323,  61.67984926,    56.57178782, 109.56212376,  83.98500697], [ 690.20017275, 795.06189829,  76.49575304, 243.1080128 , 143.96931701,    68.48337786,  85.20919398,  14.08131254,  -7.17881488,   8.64857622,    23.43592339,  20.70925765,  40.93898597], [ 768.64018336,  76.49575304, 555.28150604, 137.79498549, 192.61784895,   109.89107874,  71.5281751 ,   4.54208863,  53.16212988,  14.62597861,    26.23571543,  66.03629845,  44.32031223], [ 395.45452208, 243.1080128 , 137.79498549, 267.17688682, 157.65432073,   104.49911594,  52.62710799,  10.60263081,  21.36552648,   1.88477174,    30.08791487,  25.13494951,  53.20325459], [ 385.15408735, 143.96931701, 192.61784895, 157.65432073, 215.17936834,    90.56732768,  69.10255301,  11.21105459,  29.21954437,  10.21095422,    27.76526914,  33.62957753,  42.39824216], [ 299.10442553,  68.48337786, 109.89107874, 104.49911594,  90.56732768,   129.32850663,  78.76831748,  28.85041069,  33.10533938,  12.40586145,    22.40832214,  25.61978862,  26.65229163], [ 197.98038431,  85.20919398,  71.5281751 ,  52.62710799,  69.10255301,    78.76831748, 118.78839267,  48.16499534,  38.10791808,  16.16546494,    20.7945159 ,  27.6855399 ,  21.11428455], [  89.74564289,  14.08131254,   4.54208863,  10.60263081,  11.21105459,    28.85041069,  48.16499534,  76.20278807,  35.06781209,  11.78075033,    15.12607986,   9.87373405,  10.81483103], [ 116.69380323,  -7.17881488,  53.16212988,  21.36552648,  29.21954437,    33.10533938,  38.10791808,  35.06781209,  75.1846431 ,  33.08792368,    21.33553074,  20.9823795 ,  13.64261193], [  61.67984926,   8.64857622,  14.62597861,   1.88477174,  10.21095422,    12.40586145,  16.16546494,  11.78075033,  33.08792368,  59.43640726,    26.90611446,  13.6197308 ,   7.03341322], [  56.57178782,  23.43592339,  26.23571543,  30.08791487,  27.76526914,    22.40832214,  20.7945159 ,  15.12607986,  21.33553074,  26.90611446,    51.61820567,  23.24162982,  15.70284892], [ 109.56212376,  20.70925765,  66.03629845,  25.13494951,  33.62957753,    25.61978862,  27.6855399 ,   9.87373405,  20.9823795 ,  13.6197308 ,    23.24162982,  49.93174704,  22.56746451], [  83.98500697,  40.93898597,  44.32031223,  53.20325459,  42.39824216,    26.65229163,  21.11428455,  10.81483103,  13.64261193,   7.03341322,    15.70284892,  22.56746451,  48.16774991]]
/root/sim/music/out/Oasis/Familiar To Millions [Live] [Disc 2]/2-05 Hey Hey My My (Into The Black).mp3; [-504.7037    , 105.5788    , -32.56124   ,  29.359926  ,  -0.5808469 ,    5.182544  ,   7.7897234 ,   6.7100077 ,  -2.4927363 ,   0.80943924,   -0.18355075,  -1.5190972 ,  -4.9981513 ]; [[4216.58734769,-221.92406257, 475.82311286, 246.44784175, 216.19230165,   222.84299765, 211.21209393, 112.15511759, 158.41470575,  56.91725496,   139.65425162, 196.59260615, 164.53872587], [-221.92406257, 358.67184526, -95.55350618,  78.29211987,  27.32145092,   -11.53663326,  35.73901301, -12.47573191,  -0.6165497 ,   6.73247773,    11.515213  ,   9.00336086,   3.69257407], [ 475.82311286, -95.55350618, 310.93483256,  37.17012663,  46.39531891,    26.58085558, -13.40410312,  -3.97748411,  -5.74358705,  12.59334629,     6.41543877,  17.00680619,  11.95575519], [ 246.44784175,  78.29211987,  37.17012663, 163.05804247,  51.52348622,    39.91130892,  32.32375304,  -6.5450607 ,  19.20845226,   3.59749691,     4.22157421,  18.14547673,  24.57768851], [ 216.19230165,  27.32145092,  46.39531891,  51.52348622,  98.38032011,    42.70001568,  41.82148395,  14.37449351,  24.53265435,  12.10890059,    12.35944565,  20.10250026,  16.74584686], [ 222.84299765, -11.53663326,  26.58085558,  39.91130892,  42.70001568,    85.45697554,  54.83686042,  26.03526674,  22.12131224,   5.50874301,    16.03393817,  20.17079946,  10.58512666], [ 211.21209393,  35.73901301, -13.40410312,  32.32375304,  41.82148395,    54.83686042, 106.79445189,  44.19030727,  31.19148073,   8.99864658,    18.4821088 ,  30.65010146,  13.24477459], [ 112.15511759, -12.47573191,  -3.97748411,  -6.5450607 ,  14.37449351,    26.03526674,  44.19030727,  66.70340779,  28.04847286,  11.5713225 ,    10.52354241,  10.59996469,   9.72576674], [ 158.41470575,  -0.6165497 ,  -5.74358705,  19.20845226,  24.53265435,    22.12131224,  31.19148073,  28.04847286,  61.23672983,  24.37785816,    18.31035103,  14.78823471,   5.22663538], [  56.91725496,   6.73247773,  12.59334629,   3.59749691,  12.10890059,     5.50874301,   8.99864658,  11.5713225 ,  24.37785816,  47.19268225,    23.26813434,   9.46757769,   1.76491981], [ 139.65425162,  11.515213  ,   6.41543877,   4.22157421,  12.35944565,    16.03393817,  18.4821088 ,  10.52354241,  18.31035103,  23.26813434,    49.24412651,  25.06802797,   7.07959521], [ 196.59260615,   9.00336086,  17.00680619,  18.14547673,  20.10250026,    20.17079946,  30.65010146,  10.59996469,  14.78823471,   9.46757769,    25.06802797,  49.61742923,  20.52841452], [ 164.53872587,   3.69257407,  11.95575519,  24.57768851,  16.74584686,    10.58512666,  13.24477459,   9.72576674,   5.22663538,   1.76491981,     7.07959521,  20.52841452,  44.93562478]]
/root/sim/music/out/Oasis/Familiar To Millions [Live] [Disc 2]/2-02 Cigarettes & Alcohol.mp3; [-474.7391   ,  98.07077  , -25.762266 ,  24.731794 ,  -1.09096  ,    6.8024654,   4.2523413,   5.6158433,  -3.3077173,   3.5701237,   -0.6565935,  -3.3641884,  -5.8393703]; [[1395.41639733,-180.17100963, 457.83716053,   3.90007589, 138.65774568,   153.16848429, 110.40210452, -24.59430474,  36.44446765,  26.04738692,     6.95336061,  48.98752271,   0.04458102], [-180.17100963, 358.93449778,-140.61285405,  72.75427173, -17.14948627,   -30.17552243,  -9.2583254 ,  -5.89060987, -16.97962021,   2.69677296,     0.87075933, -12.31230447,   7.52713438], [ 457.83716053,-140.61285405, 389.32889648,  35.78748303, 110.81186294,    94.65483977,  64.31605016,  11.19722806,  34.97937785,  11.54640765,    13.22496475,  47.75416212,   4.69160844], [   3.90007589,  72.75427173,  35.78748303, 146.04051881,  43.60038719,    39.42245329,  18.13651113,  -9.43097978,   0.5259138 ,   3.6728126 ,    -2.56032292,  -0.14623745,  18.62138766], [ 138.65774568, -17.14948627, 110.81186294,  43.60038719, 125.09081761,    73.7918881 ,  63.80497833,  18.46514111,  30.73318581,  18.29788363,    15.5334745 ,  32.65149497,  10.80114177], [ 153.16848429, -30.17552243,  94.65483977,  39.42245329,  73.7918881 ,   116.01987321,  81.19469161,  23.9277628 ,  18.14541339,  18.43214687,    22.24913288,  27.25468868,  13.29108947], [ 110.40210452,  -9.2583254 ,  64.31605016,  18.13651113,  63.80497833,    81.19469161, 126.98400845,  44.79616463,  24.46145091,  16.93384374,    20.08105142,  33.30929795,   6.93978162], [ -24.59430474,  -5.89060987,  11.19722806,  -9.43097978,  18.46514111,    23.9277628 ,  44.79616463,  73.25119099,  38.85362681,  11.43929298,    15.10727442,  15.61495429,   4.06502663], [  36.44446765, -16.97962021,  34.97937785,   0.5259138 ,  30.73318581,    18.14541339,  24.46145091,  38.85362681,  64.93933754,  25.20296808,    11.95036479,  14.54636367,   3.04665485], [  26.04738692,   2.69677296,  11.54640765,   3.6728126 ,  18.29788363,    18.43214687,  16.93384374,  11.43929298,  25.20296808,  48.7833383 ,    24.59064998,  13.85832244,   5.25044276], [   6.95336061,   0.87075933,  13.22496475,  -2.56032292,  15.5334745 ,    22.24913288,  20.08105142,  15.10727442,  11.95036479,  24.59064998,    51.0951475 ,  28.46716347,   9.97307416], [  48.98752271, -12.31230447,  47.75416212,  -0.14623745,  32.65149497,    27.25468868,  33.30929795,  15.61495429,  14.54636367,  13.85832244,    28.46716347,  56.77831579,  20.56060857], [   0.04458102,   7.52713438,   4.69160844,  18.62138766,  10.80114177,    13.29108947,   6.93978162,   4.06502663,   3.04665485,   5.25044276,     9.97307416,  20.56060857,  41.75484866]]
/root/sim/music/out/Oasis/Familiar To Millions [Live] [Disc 2]/2-08 Helter Skelter.mp3; [-497.52304  , 103.817444 , -25.30842  ,  27.60906  ,  -1.0841523,    7.3197107,   4.1561947,   7.0853124,  -2.0985084,   3.0033662,   -1.7856183,  -5.8864117,  -3.6709383]; [[11317.83185792, 1002.23170128,  860.58409729,  727.48036645,    414.95528156,  352.44469894,  128.43574068,   60.87211056,     28.03963202,   38.76037992,   -8.12763097,   48.02894607,    159.54012101], [ 1002.23170128,  474.74629911,   11.01993565,  186.98238118,     91.88710628,   50.70140172,   44.60383213,   12.50475085,     14.64338825,   23.13529336,   16.32535927,   -3.59726319,     43.95995123], [  860.58409729,   11.01993565,  534.82004403,  158.89790561,    161.63159693,   79.67560105,   38.62533314,    4.26732349,     15.96217339,    5.02045792,   20.0360714 ,   48.77526085,     64.77939575], [  727.48036645,  186.98238118,  158.89790561,  198.66399902,    114.78913014,   59.96638778,   30.57569413,   13.67279211,     12.63476593,   13.38186571,    8.2082676 ,   11.34802168,     46.26016811], [  414.95528156,   91.88710628,  161.63159693,  114.78913014,    157.41478385,   60.12553692,   38.00152565,   11.31644601,     13.95423633,   15.6219516 ,   14.55911422,   15.4775667 ,     47.65088807], [  352.44469894,   50.70140172,   79.67560105,   59.96638778,     60.12553692,   87.92917952,   43.66911111,    9.03954296,     10.05832021,   15.07954177,   15.50795407,   12.92618391,     12.20222993], [  128.43574068,   44.60383213,   38.62533314,   30.57569413,     38.00152565,   43.66911111,   71.21665867,   28.0375799 ,     13.8643906 ,    8.15886844,   11.63638022,   11.56090214,     13.9536971 ], [   60.87211056,   12.50475085,    4.26732349,   13.67279211,     11.31644601,    9.03954296,   28.0375799 ,   56.67425843,     27.56195029,    6.75293033,    0.64360019,    0.71114593,      8.71967982], [   28.03963202,   14.64338825,   15.96217339,   12.63476593,     13.95423633,   10.05832021,   13.8643906 ,   27.56195029,     60.47867575,   25.58908079,    6.41291854,   -0.70422174,      1.9398342 ], [   38.76037992,   23.13529336,    5.02045792,   13.38186571,     15.6219516 ,   15.07954177,    8.15886844,    6.75293033,     25.58908079,   47.31958708,   20.74108164,    1.67848274,      0.35887476], [   -8.12763097,   16.32535927,   20.0360714 ,    8.2082676 ,     14.55911422,   15.50795407,   11.63638022,    0.64360019,      6.41291854,   20.74108164,   44.30901054,   22.23881268,      9.06805769], [   48.02894607,   -3.59726319,   48.77526085,   11.34802168,     15.4775667 ,   12.92618391,   11.56090214,    0.71114593,     -0.70422174,    1.67848274,   22.23881268,   48.09625147,     28.47061168], [  159.54012101,   43.95995123,   64.77939575,   46.26016811,     47.65088807,   12.20222993,   13.9536971 ,    8.71967982,      1.9398342 ,    0.35887476,    9.06805769,   28.47061168,     62.65089602]]
/root/sim/music/out/Oasis/Familiar To Millions [Live] [Disc 2]/2-07 Rock 'N' Roll Star.mp3; [-474.87448  ,  93.60579  , -28.743654 ,  17.99028  ,  -6.0721526,    4.636659 ,   3.4270911,   6.957936 ,  -3.9723825,   1.3294019,   -1.1355934,  -1.7411522,  -6.353254 ]; [[2282.4877814 ,-188.89083871, 602.88911826, 212.06312859, 155.83409326,   213.81255903, 190.06756935, -37.8751312 ,  -2.44246161,  32.56692179,    41.16278219,  40.49931383,   1.43776478], [-188.89083871, 406.82950557,-107.65982675,  99.79850349,   9.94548504,    -3.17861917,   2.94802751,  11.75060069,  -2.49656915,  16.47305334,    20.67604519,  -4.16457443,  15.57436509], [ 602.88911826,-107.65982675, 589.16502011, 195.1617557 , 126.77959883,   115.90789441,  67.04092643, -72.24970208, -16.6131855 ,  38.77009842,    35.10312934,  39.3008264 , -11.3049492 ], [ 212.06312859,  99.79850349, 195.1617557 , 241.77761269, 101.15148533,    87.44720859,  52.26423767, -20.84433828,  -4.1347717 ,  27.80765924,    27.88543743,  23.00159924,  20.50026335], [ 155.83409326,   9.94548504, 126.77959883, 101.15148533, 123.66863219,    73.4379719 ,  61.2936021 ,  17.08467279,  17.71732386,  17.09679256,    21.08016539,  15.66526829,   8.42324906], [ 213.81255903,  -3.17861917, 115.90789441,  87.44720859,  73.4379719 ,   120.88355334,  92.72786848,  27.30484229,  21.43988296,  25.17834351,    30.00085738,  24.40983002,   8.88649623], [ 190.06756935,   2.94802751,  67.04092643,  52.26423767,  61.2936021 ,    92.72786848, 141.66973697,  63.98362547,  34.79477855,  24.01691391,    30.27315523,  26.62378771,  11.87187174], [ -37.8751312 ,  11.75060069, -72.24970208, -20.84433828,  17.08467279,    27.30484229,  63.98362547, 107.37047145,  53.10439409,  11.75985015,    16.95398526,   9.33829543,  13.28650357], [  -2.44246161,  -2.49656915, -16.6131855 ,  -4.1347717 ,  17.71732386,    21.43988296,  34.79477855,  53.10439409,  62.42691972,  20.12278105,    13.83379358,   8.52052514,   4.89962179], [  32.56692179,  16.47305334,  38.77009842,  27.80765924,  17.09679256,    25.17834351,  24.01691391,  11.75985015,  20.12278105,  49.01623448,    25.57492723,  12.11990838,   4.66239559], [  41.16278219,  20.67604519,  35.10312934,  27.88543743,  21.08016539,    30.00085738,  30.27315523,  16.95398526,  13.83379358,  25.57492723,    49.69764201,  22.78746969,   8.36293521], [  40.49931383,  -4.16457443,  39.3008264 ,  23.00159924,  15.66526829,    24.40983002,  26.62378771,   9.33829543,   8.52052514,  12.11990838,    22.78746969,  45.61753181,  19.07409596], [   1.43776478,  15.57436509, -11.3049492 ,  20.50026335,   8.42324906,     8.88649623,  11.87187174,  13.28650357,   4.89962179,   4.66239559,     8.36293521,  19.07409596,  44.51520402]]
/root/sim/music/out/Oasis/Familiar To Millions [Live] [Disc 2]/2-03 Don't Look Back In Anger.mp3; [-507.81122   , 109.196396  , -35.555107  ,  19.965544  ,  -2.9905093 ,    4.3322988 ,   1.8735368 ,   3.684207  ,  -5.0693517 ,   3.2544582 ,    0.83017087,  -3.7389393 ,  -6.8646083 ]; [[3997.64241082, 657.25810277, 649.10098507, 288.55386727, 430.16240955,   384.41321453, 146.25115641,  -6.20999598,  69.99586403,  -1.94038826,    30.54446113, -18.00669902,   9.3581722 ], [ 657.25810277, 948.5753091 ,  64.69465845, 308.9171741 , 210.86597645,   125.32206634,  80.78474789, -40.0284097 ,   2.38535112,  28.17124188,    10.87066352,  -6.76224779,  33.19383808], [ 649.10098507,  64.69465845, 463.78205473,  99.40835658, 124.99022978,    93.93462623,   8.38566067, -35.21289504,  -7.27009147,   0.34072489,    -3.59470358,   5.71111706,   1.52709616], [ 288.55386727, 308.9171741 ,  99.40835658, 253.38761107, 148.07921004,    91.14692676,  50.64825868, -21.59040063,  15.08726001,  32.17271779,    13.37231326,  14.60297217,  36.10677457], [ 430.16240955, 210.86597645, 124.99022978, 148.07921004, 193.50187859,    89.98244292,  46.08314484,  -4.39236488,  20.54052716,  26.81364833,    17.73478773,   8.67052103,  23.14709713], [ 384.41321453, 125.32206634,  93.93462623,  91.14692676,  89.98244292,   135.55665597,  76.69915683,  11.20261768,  23.78836341,  19.7922111 ,    18.93279077,  14.13257328,   7.45715113], [ 146.25115641,  80.78474789,   8.38566067,  50.64825868,  46.08314484,    76.69915683, 121.71746793,  32.36405919,  34.27622721,  24.34172765,    22.57863321,  23.6766148 ,  10.24623001], [  -6.20999598, -40.0284097 , -35.21289504, -21.59040063,  -4.39236488,    11.20261768,  32.36405919,  75.83961355,  29.52776603,   8.20720783,    19.42770808,   4.58862336,  -3.14992393], [  69.99586403,   2.38535112,  -7.27009147,  15.08726001,  20.54052716,    23.78836341,  34.27622721,  29.52776603,  62.85143153,  29.37683505,    18.90814315,  13.11409827,   4.69767274], [  -1.94038826,  28.17124188,   0.34072489,  32.17271779,  26.81364833,    19.7922111 ,  24.34172765,   8.20720783,  29.37683505,  70.57417151,    31.94679935,  16.93635875,  13.89803548], [  30.54446113,  10.87066352,  -3.59470358,  13.37231326,  17.73478773,    18.93279077,  22.57863321,  19.42770808,  18.90814315,  31.94679935,    62.97835805,  28.77173257,  13.20248695], [ -18.00669902,  -6.76224779,   5.71111706,  14.60297217,   8.67052103,    14.13257328,  23.6766148 ,   4.58862336,  13.11409827,  16.93635875,    28.77173257,  51.77007349,  23.78701948], [   9.3581722 ,  33.19383808,   1.52709616,  36.10677457,  23.14709713,     7.45715113,  10.24623001,  -3.14992393,   4.69767274,  13.89803548,    13.20248695,  23.78701948,  49.49264712]]
/root/sim/music/out/Oasis/Stop The Clocks [Disc 2]/02-Acquiesce.mp3; [-447.52972  ,  98.9651   , -34.097088 ,  30.560694 ,   0.5599775,    4.6694155,   7.5890937,   4.6707625,   1.6009115,   4.8302274,    1.619163 ,   3.7411387,  -2.5179155]; [[3459.36610085,-881.82333833, 497.20022847, 137.27820603, 230.00444711,   155.24034195,  83.98535899,  93.33424196, -23.85998052, -18.83641059,   -70.58513542, -50.60828537, 111.53488619], [-881.82333833, 718.23262763,-293.64857433,  63.32757995,-117.5249912 ,   -60.44223415,  16.55038368,  -6.17714712,   2.64670437,  23.97259494,    19.84275193,  28.13211357, -67.56707276], [ 497.20022847,-293.64857433, 366.77425886, -27.20117331,  87.04086915,    20.87765359,  11.68172264,  34.72676484, -16.85799399,   7.34995625,     1.58886311, -19.50976786,  31.49598977], [ 137.27820603,  63.32757995, -27.20117331, 158.43455005,  32.44000113,    14.62809562,   3.24144928,  11.17551954,  11.31380418,   3.89383163,   -17.01430548,  10.70253143,  12.5372584 ], [ 230.00444711,-117.5249912 ,  87.04086915,  32.44000113, 132.81298796,    24.88378054,   1.42204919,   3.05905738,  17.16388633,   6.63890526,   -11.84521394,  -5.1488108 ,  22.87898412], [ 155.24034195, -60.44223415,  20.87765359,  14.62809562,  24.88378054,    91.15586893,  23.88228161,  19.53181896,  10.52562223,   7.50231688,    13.12997428,  -2.72025018,  12.55661072], [  83.98535899,  16.55038368,  11.68172264,   3.24144928,   1.42204919,    23.88228161,  92.95850695,  36.54216729,   2.31577861,   4.22602046,    11.85156372,  11.61959541,  -4.88106047], [  93.33424196,  -6.17714712,  34.72676484,  11.17551954,   3.05905738,    19.53181896,  36.54216729,  84.98613026,  24.84605856,  25.55853933,     8.42639946,  10.82923348,   0.73866247], [ -23.85998052,   2.64670437, -16.85799399,  11.31380418,  17.16388633,    10.52562223,   2.31577861,  24.84605856,  76.69899672,  25.39510926,    13.25264985,  -0.97797461,   7.17532308], [ -18.83641059,  23.97259494,   7.34995625,   3.89383163,   6.63890526,     7.50231688,   4.22602046,  25.55853933,  25.39510926,  66.00492929,    25.31148039,   7.67991275,  -7.61563403], [ -70.58513542,  19.84275193,   1.58886311, -17.01430548, -11.84521394,    13.12997428,  11.85156372,   8.42639946,  13.25264985,  25.31148039,    61.43999579,  16.09747923,   0.58507346], [ -50.60828537,  28.13211357, -19.50976786,  10.70253143,  -5.1488108 ,    -2.72025018,  11.61959541,  10.82923348,  -0.97797461,   7.67991275,    16.09747923,  47.78756176,  11.27255911], [ 111.53488619, -67.56707276,  31.49598977,  12.5372584 ,  22.87898412,    12.55661072,  -4.88106047,   0.73866247,   7.17532308,  -7.61563403,     0.58507346,  11.27255911,  58.46564656]]
/root/sim/music/out/Oasis/Stop The Clocks [Disc 2]/03-Supersonic.mp3; [-469.95474   ,  84.927536  , -12.219106  ,  37.441193  ,  18.043995  ,    0.03996113,   1.161451  ,   9.755552  ,   1.233155  ,   1.408803  ,   -2.363     ,   3.4950442 ,  -2.860193  ]; [[7160.58614215, 615.7849073 ,-156.1939482 ,  62.02866593,   2.71358102,   -13.12947838,  38.65760095,  95.15170995, -49.22008267, -38.36602022,   -19.67058522, -78.8251273 , -70.05857759], [ 615.7849073 , 723.3086514 ,-196.70164447,  62.98945533,  57.15643926,   -55.19929613, 114.66912676,  57.27546   ,   4.69282703,  13.56941877,     9.53104867,  30.15814192,   1.2394192 ], [-156.1939482 ,-196.70164447, 308.37069728,  19.49821496,   7.87420294,    37.56777752, -53.42537337,  11.55983198,  11.56637453,   9.54781272,    25.5366142 ,  -6.72118033,   6.60656597], [  62.02866593,  62.98945533,  19.49821496, 177.91060197,  85.400532  ,     0.04556845,  -6.23863633,  15.83802359,  23.25735289,  19.90081061,    19.9748151 ,  14.42422364,   3.27094808], [   2.71358102,  57.15643926,   7.87420294,  85.400532  , 122.85973589,    16.61393078,  16.16895192,  21.80578917,  12.56754024,  11.09679409,    12.4572674 ,  22.32422059,   2.68541885], [ -13.12947838, -55.19929613,  37.56777752,   0.04556845,  16.61393078,    84.12545693,  38.20042217,  12.63010752,  -1.08923214,  -6.03152875,    -0.40176569,  -3.82471371,   1.76807298], [  38.65760095, 114.66912676, -53.42537337,  -6.23863633,  16.16895192,    38.20042217, 133.65745161,  52.58962047,  12.56246911,   0.57131815,    -3.50758849,  13.01601587,   3.65073632], [  95.15170995,  57.27546   ,  11.55983198,  15.83802359,  21.80578917,    12.63010752,  52.58962047,  89.80071177,  25.26814442,  12.93447458,    11.86512916,  11.42404825,   8.5078096 ], [ -49.22008267,   4.69282703,  11.56637453,  23.25735289,  12.56754024,    -1.08923214,  12.56246911,  25.26814442,  58.71582404,  31.82719134,    13.89364116,   9.05679993,   2.51891409], [ -38.36602022,  13.56941877,   9.54781272,  19.90081061,  11.09679409,    -6.03152875,   0.57131815,  12.93447458,  31.82719134,  65.32783483,    31.49370838,  14.48176725,   6.39945641], [ -19.67058522,   9.53104867,  25.5366142 ,  19.9748151 ,  12.4572674 ,    -0.40176569,  -3.50758849,  11.86512916,  13.89364116,  31.49370838,    55.60656194,  28.46925462,   8.07529419], [ -78.8251273 ,  30.15814192,  -6.72118033,  14.42422364,  22.32422059,    -3.82471371,  13.01601587,  11.42404825,   9.05679993,  14.48176725,    28.46925462,  57.42583792,  23.10566843], [ -70.05857759,   1.2394192 ,   6.60656597,   3.27094808,   2.68541885,     1.76807298,   3.65073632,   8.5078096 ,   2.51891409,   6.39945641,     8.07529419,  23.10566843,  43.26731987]]
/root/sim/music/out/Oasis/Stop The Clocks [Disc 2]/05-Go Let It Out.mp3; [-479.87927   , 104.78541   , -15.847954  ,  28.43999   ,  -1.9895662 ,    7.2538066 ,  -1.3043505 ,   7.246228  ,  -0.8387243 ,   3.2246284 ,    1.3604606 ,   0.7855482 ,  -0.96905774]; [[12152.49243627, -187.73238449, -236.87036099,   39.77329404,   -302.02899367, -318.75914769, -145.00696035,  126.54669197,     14.3750639 ,  145.09467148,  185.52881842,   40.26236539,     37.92884347], [ -187.73238449,  448.46558678, -149.93393109,  -40.80830784,    -37.66645028,  -23.78702209,   -8.82460049,   12.99150051,      5.0328653 ,   16.5719218 ,   10.46327738,    1.80408459,      4.41851832], [ -236.87036099, -149.93393109,  484.21330641,   -5.32749273,      1.3344515 ,   21.1895159 ,   -7.63574415,   14.557879  ,    -17.5854465 ,  -28.64765394,    0.23322627,   -8.14451655,     -6.03208471], [   39.77329404,  -40.80830784,   -5.32749273,  180.50856127,     59.54556408,   10.32089   ,   -7.00668248,   -6.09105126,      7.53403055,   -3.69450585,    0.98662034,   18.23552931,     19.759386  ], [ -302.02899367,  -37.66645028,    1.3344515 ,   59.54556408,    129.49544217,   46.10131697,   22.24872405,  -13.97084015,      9.40178824,   -7.51044244,  -11.812436  ,    5.04432883,      3.45530289], [ -318.75914769,  -23.78702209,   21.1895159 ,   10.32089   ,     46.10131697,  117.05301619,   67.89605592,    6.47190857,      3.16520454,   -3.78654575,   -9.50619959,  -11.77931974,    -10.60706261], [ -145.00696035,   -8.82460049,   -7.63574415,   -7.00668248,     22.24872405,   67.89605592,  117.49083615,   15.74114358,     10.8173155 ,   -2.69406079,   -0.61181949,   -7.16604   ,    -13.8158563 ], [  126.54669197,   12.99150051,   14.557879  ,   -6.09105126,    -13.97084015,    6.47190857,   15.74114358,   70.47008416,     18.50336854,    7.68916258,    5.11599912,    4.98703328,      4.05523163], [   14.3750639 ,    5.0328653 ,  -17.5854465 ,    7.53403055,      9.40178824,    3.16520454,   10.8173155 ,   18.50336854,     57.16046541,   19.78002175,    9.06786294,   -0.39091032,     -0.25593854], [  145.09467148,   16.5719218 ,  -28.64765394,   -3.69450585,     -7.51044244,   -3.78654575,   -2.69406079,    7.68916258,     19.78002175,   70.75006875,   25.08741338,    4.62881764,      1.85710767], [  185.52881842,   10.46327738,    0.23322627,    0.98662034,    -11.812436  ,   -9.50619959,   -0.61181949,    5.11599912,      9.06786294,   25.08741338,   54.55565362,   19.93144432,      5.15782321], [   40.26236539,    1.80408459,   -8.14451655,   18.23552931,      5.04432883,  -11.77931974,   -7.16604   ,    4.98703328,     -0.39091032,    4.62881764,   19.93144432,   54.10510644,     28.28209975], [   37.92884347,    4.41851832,   -6.03208471,   19.759386  ,      3.45530289,  -10.60706261,  -13.8158563 ,    4.05523163,     -0.25593854,    1.85710767,    5.15782321,   28.28209975,     52.23407466]]
/root/sim/music/out/Oasis/Stop The Clocks [Disc 2]/07-Morning Glory.mp3; [-470.42215  , 115.220406 , -44.51884  ,  41.758602 ,  -4.0575867,    5.8760023,  -2.764458 ,   5.694451 ,   0.5878082,  -4.6269326,    2.4703271,   3.0497248,  -4.669301 ]; [[ 6524.09272258,-1110.63515887, -798.11509198,  141.64446159,   -109.10636448,   66.68921257,   79.1848922 ,  261.23367176,    151.25908693,   91.08273673,  140.39184472,  121.10702919,    -34.44135057], [-1110.63515887,  670.19788425,   -9.96080096,   40.87772693,    -50.93207512,   12.6518757 ,   -9.64683656,  -48.52118519,    -12.9366678 ,  -21.85218737,  -31.23767211,  -48.25273087,    -10.58062382], [ -798.11509198,   -9.96080096,  467.70735018,  -59.70643428,    135.72691264,  -20.34910628,   10.04805284,   -8.92054231,    -28.66127078,   11.46150428,  -10.328077  ,   21.34355599,     27.34748084], [  141.64446159,   40.87772693,  -59.70643428,  401.50654965,     23.29507702,   37.33635833,  -35.40372683,    5.25939003,     25.59149959,  -23.04791121,   27.36575922,   15.98174698,      8.69350672], [ -109.10636448,  -50.93207512,  135.72691264,   23.29507702,    119.71263429,   22.45812432,   22.91691801,    3.62396202,     -1.8295283 ,    8.41862444,    5.6336987 ,   17.95758965,     17.74261594], [   66.68921257,   12.6518757 ,  -20.34910628,   37.33635833,     22.45812432,   79.87920606,   46.09161696,   24.54132704,      9.60640418,    3.73788467,   13.73996785,   10.21895183,      3.11511459], [   79.1848922 ,   -9.64683656,   10.04805284,  -35.40372683,     22.91691801,   46.09161696,   93.58169016,   46.30405016,      9.44145544,    7.85649942,   11.19329328,   16.48449397,      8.07259544], [  261.23367176,  -48.52118519,   -8.92054231,    5.25939003,      3.62396202,   24.54132704,   46.30405016,   74.78794761,     29.99725547,   21.22518418,   12.72441328,   15.47213273,      3.85706968], [  151.25908693,  -12.9366678 ,  -28.66127078,   25.59149959,     -1.8295283 ,    9.60640418,    9.44145544,   29.99725547,     54.52289433,   27.15129024,   16.64271775,    2.04519186,     -3.38391744], [   91.08273673,  -21.85218737,   11.46150428,  -23.04791121,      8.41862444,    3.73788467,    7.85649942,   21.22518418,     27.15129024,   63.9458851 ,   24.82177014,    7.96257579,     -4.17848134], [  140.39184472,  -31.23767211,  -10.328077  ,   27.36575922,      5.6336987 ,   13.73996785,   11.19329328,   12.72441328,     16.64271775,   24.82177014,   53.09550123,   28.54717442,      7.70321815], [  121.10702919,  -48.25273087,   21.34355599,   15.98174698,     17.95758965,   10.21895183,   16.48449397,   15.47213273,      2.04519186,    7.96257579,   28.54717442,   56.54694957,     26.0856356 ], [  -34.44135057,  -10.58062382,   27.34748084,    8.69350672,     17.74261594,    3.11511459,    8.07259544,    3.85706968,     -3.38391744,   -4.17848134,    7.70321815,   26.0856356 ,     44.80147493]]
/root/sim/music/out/Oasis/Stop The Clocks [Disc 2]/06-Songbird.mp3; [-531.76154   , 111.1884    ,   9.821414  ,   0.15226294,  -5.9351177 ,    0.74849087,  -1.0361714 ,  -2.7200432 ,  -7.7351623 ,   0.5600418 ,   -2.5602405 ,   3.0432553 ,  -2.5425448 ]; [[5535.30826253,-301.05660856, 345.4424064 , -93.0326997 ,  -7.81565845,  -131.24020191,-142.13942146,  10.37014633,  32.72723214, 130.72273764,    22.46892633,-180.34911098,-174.88082167], [-301.05660856, 807.10183695,-382.69944559,  12.09799655, -42.6450251 ,   -49.93143736,  48.59931339,  -3.60027457, -25.32711222,  29.01837329,   -22.56652377,  46.19356943,  29.72394156], [ 345.4424064 ,-382.69944559, 429.20569741,  -0.27048125,  57.57218598,     2.66715581, -46.97088128, -12.14651768,  35.87161047,  15.14562298,    22.82796757, -38.26025436, -50.10272564], [ -93.0326997 ,  12.09799655,  -0.27048125, 214.89453383,  46.22529194,   -52.25630276, -55.6384949 ,   4.1653672 ,   3.62863279,   1.08204642,     2.60564662, -35.50894302, -12.41738437], [  -7.81565845, -42.6450251 ,  57.57218598,  46.22529194, 146.60841707,    -5.41637668, -22.55392752,   0.12962814,  25.79657263,  -2.85545839,    -5.21586841,  -9.39070644,  -6.83335017], [-131.24020191, -49.93143736,   2.66715581, -52.25630276,  -5.41637668,   140.10391938,  62.25186983, -10.3180965 ,   8.21637142, -13.85942766,   -14.51225777,  39.39902678,  12.72675394], [-142.13942146,  48.59931339, -46.97088128, -55.6384949 , -22.55392752,    62.25186983, 127.14144124,  17.01783883,  -6.07275437,  -9.85007315,    -5.17198673,  31.96787186,  16.98666254], [  10.37014633,  -3.60027457, -12.14651768,   4.1653672 ,   0.12962814,   -10.3180965 ,  17.01783883,  84.7674973 ,  10.87635719,  -2.56923503,    10.34232862,  -6.049511  ,   6.0961826 ], [  32.72723214, -25.32711222,  35.87161047,   3.62863279,  25.79657263,     8.21637142,  -6.07275437,  10.87635719,  85.70011589,  21.03096953,    -7.45367367,   0.58015353,  -8.66864133], [ 130.72273764,  29.01837329,  15.14562298,   1.08204642,  -2.85545839,   -13.85942766,  -9.85007315,  -2.56923503,  21.03096953,  88.45486699,    27.65738313, -14.23525244, -19.29772241], [  22.46892633, -22.56652377,  22.82796757,   2.60564662,  -5.21586841,   -14.51225777,  -5.17198673,  10.34232862,  -7.45367367,  27.65738313,    75.4332488 ,   1.88202649,  -8.92044932], [-180.34911098,  46.19356943, -38.26025436, -35.50894302,  -9.39070644,    39.39902678,  31.96787186,  -6.049511  ,   0.58015353, -14.23525244,     1.88202649,  91.59779504,  31.83506334], [-174.88082167,  29.72394156, -50.10272564, -12.41738437,  -6.83335017,    12.72675394,  16.98666254,   6.0961826 ,  -8.66864133, -19.29772241,    -8.92044932,  31.83506334,  80.81339637]]
/root/sim/music/out/Oasis/Stop The Clocks [Disc 2]/04-Half The World Away.mp3; [-611.1897   , 146.01611  ,   1.4659183,  10.173332 ,   6.6429677,   -0.1312225,  -2.8325512,   3.1765997,  -1.6466978,  -2.7862093,   -1.7065299,  -5.630946 ,  -8.102954 ]; [[10789.67930086,-2960.10204068, -977.55841058,  -98.2171469 ,   -190.50347042,   39.65899296,  -24.40367299,  177.34152019,    110.77711486,  -77.42264611,  212.83297511,   49.89463359,    -49.40452404], [-2960.10204068, 2247.49742474,   82.27503589, -130.8348162 ,    -84.14040805,  -85.02005068,  -34.71770573,  -45.26517264,    -10.48163496,   -6.63379324,  -15.29208264,    3.74809072,     -0.98404599], [ -977.55841058,   82.27503589,  533.52618417,  -13.13004701,     25.43590619,   37.58631254,   15.13462957,  -33.20283963,     -7.64078233,   17.82782504,  -26.69231564,   20.52066822,     36.42314157], [  -98.2171469 , -130.8348162 ,  -13.13004701,  338.41386204,    164.93837121,  -36.64643104,   29.72093441,   12.18118933,     -3.28199089,   46.37338201,  -46.34605067,  -17.34307348,     49.39341175], [ -190.50347042,  -84.14040805,   25.43590619,  164.93837121,    250.73425614,   -0.03242686,  -30.50569613,  -13.35748091,     31.46917587,   40.30284674,  -41.50458048,   -4.88435482,     28.57016803], [   39.65899296,  -85.02005068,   37.58631254,  -36.64643104,     -0.03242686,  187.81766727,   43.97571414,    4.62787535,     45.91450819,    4.43342495,   40.39813343,   27.0165075 ,    -18.81839043], [  -24.40367299,  -34.71770573,   15.13462957,   29.72093441,    -30.50569613,   43.97571414,  152.51978878,   35.77134384,    -27.17968167,   13.60578413,   25.91936567,   16.86879838,      4.6080267 ], [  177.34152019,  -45.26517264,  -33.20283963,   12.18118933,    -13.35748091,    4.62787535,   35.77134384,   90.45472776,     20.03349031,  -15.20310179,   15.98824174,   18.38704541,     -0.22478611], [  110.77711486,  -10.48163496,   -7.64078233,   -3.28199089,     31.46917587,   45.91450819,  -27.17968167,   20.03349031,    119.36644493,    9.00654989,    8.19407909,   15.5153573 ,     -1.59934829], [  -77.42264611,   -6.63379324,   17.82782504,   46.37338201,     40.30284674,    4.43342495,   13.60578413,  -15.20310179,      9.00654989,   92.10672522,   10.07412735,  -10.98854292,     19.67629607], [  212.83297511,  -15.29208264,  -26.69231564,  -46.34605067,    -41.50458048,   40.39813343,   25.91936567,   15.98824174,      8.19407909,   10.07412735,   96.94878198,   31.73558167,     -3.8261652 ], [   49.89463359,    3.74809072,   20.52066822,  -17.34307348,     -4.88435482,   27.0165075 ,   16.86879838,   18.38704541,     15.5153573 ,  -10.98854292,   31.73558167,   88.70768093,      6.5968214 ], [  -49.40452404,   -0.98404599,   36.42314157,   49.39341175,     28.57016803,  -18.81839043,    4.6080267 ,   -0.22478611,     -1.59934829,   19.67629607,   -3.8261652 ,    6.5968214 ,     81.14979553]]
/root/sim/music/out/Oasis/Stop The Clocks [Disc 2]/09-Don't Look Back In Anger.mp3; [-493.40045   , 136.17079   , -25.475756  ,  24.658241  ,   2.8723133 ,   -3.1031384 ,  -6.2999697 ,  -2.2063794 ,   0.98559844,   4.388438  ,   -2.66368   ,  -2.4343743 ,  -0.5143722 ]; [[12366.85192942,    9.46148847, -124.64325527,   63.89905546,    164.53564926,  160.95030593,  138.05237534,  225.23951391,    253.17580446,  225.41689646,   32.10349601,   55.56661799,    -18.49584587], [    9.46148847, 1206.45745554, -430.26087261,  220.914553  ,    -71.12848638,  -60.93763818,  -45.82179937,  -71.59813789,    -72.61583645,  -62.41817021,  -11.1600967 ,  -16.711708  ,      3.27018067], [ -124.64325527, -430.26087261,  492.53451308, -149.15566402,     73.9011218 ,   37.39479475,   16.06561342,   45.35443096,     -1.64974834,   15.55017425,   18.81594881,    0.20273556,     -7.4738285 ], [   63.89905546,  220.914553  , -149.15566402,  272.1109445 ,     44.23505764,  -14.47423593,  -29.92207267,    4.81676751,     13.35137291,    3.14942574,  -22.72297074,    7.86507598,     58.72661388], [  164.53564926,  -71.12848638,   73.9011218 ,   44.23505764,    171.32774736,    0.66519278,    9.99826262,   32.58725511,     31.39153507,   29.57991577,    5.70662259,   11.16381825,     26.83162296], [  160.95030593,  -60.93763818,   37.39479475,  -14.47423593,      0.66519278,  137.82371264,   67.97702237,   51.82033015,     27.66606986,    9.36206157,    7.08817792,   18.26910079,    -18.39260779], [  138.05237534,  -45.82179937,   16.06561342,  -29.92207267,      9.99826262,   67.97702237,  142.87402271,   47.13408221,     44.65281364,   11.53030433,   12.33827993,   21.90017031,    -10.00171997], [  225.23951391,  -71.59813789,   45.35443096,    4.81676751,     32.58725511,   51.82033015,   47.13408221,  105.71753771,     48.90384977,   23.23039109,    8.23988254,   19.97126416,      6.02025515], [  253.17580446,  -72.61583645,   -1.64974834,   13.35137291,     31.39153507,   27.66606986,   44.65281364,   48.90384977,     98.11071091,   36.96499499,    5.3558357 ,   13.37937694,      4.90914746], [  225.41689646,  -62.41817021,   15.55017425,    3.14942574,     29.57991577,    9.36206157,   11.53030433,   23.23039109,     36.96499499,   71.12798396,   21.73139637,    7.38752226,      3.74225811], [   32.10349601,  -11.1600967 ,   18.81594881,  -22.72297074,      5.70662259,    7.08817792,   12.33827993,    8.23988254,      5.3558357 ,   21.73139637,   61.08165506,   19.2125687 ,     -2.65023541], [   55.56661799,  -16.711708  ,    0.20273556,    7.86507598,     11.16381825,   18.26910079,   21.90017031,   19.97126416,     13.37937694,    7.38752226,   19.2125687 ,   58.50503317,     17.66452917], [  -18.49584587,    3.27018067,   -7.4738285 ,   58.72661388,     26.83162296,  -18.39260779,  -10.00171997,    6.02025515,      4.90914746,    3.74225811,   -2.65023541,   17.66452917,     71.7572657 ]]
