/root/sim/music/out/Oasis/Definitely Maybe/06 Supersonic.mp3; [-507.70493  ,  89.95446  , -11.708503 ,  35.47142  ,  16.12407  ,   -0.8792529,   1.250296 ,  10.681085 ,   2.3524244,   2.1162424,   -2.4190128,   3.1785538,  -3.244094 ]; [[9541.06120329,1098.50698199,-192.82026158, 142.77327682,   2.93809367,     7.77030474,  59.9587926 , 120.09206275, -77.18933066, -80.88191688,   -50.38979069,-117.74580015, -98.85002794], [1098.50698199, 757.98015053,-192.18348519,  71.74249773,  57.08771778,   -51.65931478, 115.45756507,  60.22976037,   3.62921939,   9.91722566,     5.33429711,  24.49611393,  -4.14892889], [-192.82026158,-192.18348519, 298.06103678,  18.69389109,   6.67391282,    37.26704116, -50.55670331,  11.03376883,  10.9898325 ,   8.96899634,    25.03223419,  -7.46993227,   6.84410972], [ 142.77327682,  71.74249773,  18.69389109, 175.69520318,  84.14281619,     1.28023861,  -4.29737991,  16.83235121,  22.88150334,  19.12175867,    18.74931803,  13.88955929,   3.24213427], [   2.93809367,  57.08771778,   6.67391282,  84.14281619, 120.76740699,    16.75786066,  15.94259228,  21.16826833,  12.63289991,  11.3474218 ,    12.15387025,  22.18639959,   3.20421542], [   7.77030474, -51.65931478,  37.26704116,   1.28023861,  16.75786066,    82.63884358,  37.33230434,  12.40467207,  -1.20361894,  -5.99582507,     0.06497886,  -4.20833958,   1.59247753], [  59.9587926 , 115.45756507, -50.55670331,  -4.29737991,  15.94259228,    37.33230434, 129.72072167,  50.89885854,  12.14816491,   0.29030812,    -3.06179794,  11.68648908,   2.90966128], [ 120.09206275,  60.22976037,  11.03376883,  16.83235121,  21.16826833,    12.40467207,  50.89885854,  87.38419245,  24.43039099,  12.44601959,    11.28204429,  10.75050543,   8.09176016], [ -77.18933066,   3.62921939,  10.9898325 ,  22.88150334,  12.63289991,    -1.20361894,  12.14816491,  24.43039099,  57.88220336,  31.51860473,    13.75742203,   9.18575156,   2.89249831], [ -80.88191688,   9.91722566,   8.96899634,  19.12175867,  11.3474218 ,    -5.99582507,   0.29030812,  12.44601959,  31.51860473,  64.33634829,    30.91629184,  14.59288329,   6.92143859], [ -50.38979069,   5.33429711,  25.03223419,  18.74931803,  12.15387025,     0.06497886,  -3.06179794,  11.28204429,  13.75742203,  30.91629184,    54.43639443,  28.16845392,   8.56467032], [-117.74580015,  24.49611393,  -7.46993227,  13.88955929,  22.18639959,    -4.20833958,  11.68648908,  10.75050543,   9.18575156,  14.59288329,    28.16845392,  56.86421289,  23.27890069], [ -98.85002794,  -4.14892889,   6.84410972,   3.24213427,   3.20421542,     1.59247753,   2.90966128,   8.09176016,   2.89249831,   6.92143859,     8.56467032,  23.27890069,  42.89841374]]
/root/sim/music/out/Oasis/Definitely Maybe/07 Bring It On Down.mp3; [-498.15945   , 132.71794   , -34.244003  ,  48.090424  ,   6.0845523 ,   12.398844  ,   1.8762226 ,   5.5205116 ,   5.454278  ,  -0.35302457,   -8.964827  ,   1.7853495 ,  -0.86070293]; [[9141.91782839,-905.15580559,-426.08209664,  54.55788149,  23.97834384,   220.01581492,  -7.61227588,   6.24085768, -68.30144331,  94.41590628,    83.82347632,  88.5742976 ,  52.62172516], [-905.15580559,1116.46197223,-221.83843287, 211.2541019 , -25.57922121,   -65.5634344 ,  38.86335813, -18.62455551,  80.45254456, -16.43269376,   -63.34640526,  10.93638328, -28.802267  ], [-426.08209664,-221.83843287, 388.37426085, -72.48502736, -21.68408337,    27.7077209 , -65.4671684 ,  26.95695376, -38.79106878, -15.49100224,    23.25575534, -30.6807583 ,  -7.55291147], [  54.55788149, 211.2541019 , -72.48502736, 156.81595316,   2.74163492,     8.71497976,  -1.77969848,  -1.02702288,  11.84003074,  -5.40071958,    -1.79117097,  15.5348719 , -10.55956271], [  23.97834384, -25.57922121, -21.68408337,   2.74163492,  78.37723184,     6.55150404,  20.04215929,  -6.92570963,   3.20347809,  11.39056689,     4.27997456,  10.32469729,  11.38583244], [ 220.01581492, -65.5634344 ,  27.7077209 ,   8.71497976,   6.55150404,    76.16113467,   6.70266275,  16.61492656, -15.97348849,  -1.27474309,     6.10143319,  -0.33808453,   2.18281368], [  -7.61227588,  38.86335813, -65.4671684 ,  -1.77969848,  20.04215929,     6.70266275,  75.0258368 ,  12.87264101,  18.15198406,   3.638443  ,    -5.56820447,   8.33517698,   6.31535885], [   6.24085768, -18.62455551,  26.95695376,  -1.02702288,  -6.92570963,    16.61492656,  12.87264101,  51.40982543,  11.80780406,   0.26149689,    -1.42718112,  -1.74546414,   1.53802676], [ -68.30144331,  80.45254456, -38.79106878,  11.84003074,   3.20347809,   -15.97348849,  18.15198406,  11.80780406,  58.96312715,  15.86156306,    -8.27978163,   3.23207065,  -0.8019187 ], [  94.41590628, -16.43269376, -15.49100224,  -5.40071958,  11.39056689,    -1.27474309,   3.638443  ,   0.26149689,  15.86156306,  46.11771015,    18.34192211,   8.68360991,   7.60443951], [  83.82347632, -63.34640526,  23.25575534,  -1.79117097,   4.27997456,     6.10143319,  -5.56820447,  -1.42718112,  -8.27978163,  18.34192211,    51.91635632,  19.50606448,   4.63740048], [  88.5742976 ,  10.93638328, -30.6807583 ,  15.5348719 ,  10.32469729,    -0.33808453,   8.33517698,  -1.74546414,   3.23207065,   8.68360991,    19.50606448,  42.44236506,  16.32277417], [  52.62172516, -28.802267  ,  -7.55291147, -10.55956271,  11.38583244,     2.18281368,   6.31535885,   1.53802676,  -0.8019187 ,   7.60443951,     4.63740048,  16.32277417,  40.17131204]]
/root/sim/music/out/Oasis/Definitely Maybe/04 Up In The Sky.mp3; [-531.0286    , 129.73572   , -35.427654  ,  39.39687   ,  15.344274  ,    6.4764767 ,   1.9878893 ,   4.2203555 ,   0.64689827,   7.0444703 ,    1.571053  ,   2.2820756 ,   1.3814397 ]; [[11262.30978878,-1134.33206435,  721.28680697,  -22.91014126,    -64.14078498,  404.59414312,  266.74904411,  346.53386052,    469.87942996,  158.90590782,  185.33188705,   -3.20708257,    -71.30034841], [-1134.33206435,  887.81568796, -552.91564081,  170.6022871 ,    -69.17943859, -126.24201397,  -66.32947982,  -94.60311925,   -177.8948838 ,  -19.02640959,  -78.89470524,   26.0230292 ,     29.22173558], [  721.28680697, -552.91564081,  543.90286011, -122.36836563,     51.9962829 ,   79.21296672,   51.2444224 ,   74.38071327,    154.44838843,   15.70379614,   65.30118271,  -15.40086686,    -14.34121062], [  -22.91014126,  170.6022871 , -122.36836563,  181.15630413,      8.40024269,  -16.99852554,  -44.19931754,  -11.28477876,    -32.75763165,   10.69733314,  -23.67033843,    6.13519382,      0.97859623], [  -64.14078498,  -69.17943859,   51.9962829 ,    8.40024269,    111.9905012 ,   12.31008056,   36.39055735,   -2.58715719,     26.16908229,    4.74269387,   17.260453  ,    6.85854049,      5.00890177], [  404.59414312, -126.24201397,   79.21296672,  -16.99852554,     12.31008056,  109.07645154,   46.13145943,   31.66253339,     33.94759029,    1.99731604,   15.87837348,   -7.76524863,    -13.98513556], [  266.74904411,  -66.32947982,   51.2444224 ,  -44.19931754,     36.39055735,   46.13145943,  116.74388443,   48.44452104,     53.48341716,    1.73648481,   18.16816534,    3.5532636 ,     -1.62587543], [  346.53386052,  -94.60311925,   74.38071327,  -11.28477876,     -2.58715719,   31.66253339,   48.44452104,   83.12879445,     57.81379764,    9.70075521,    4.3190882 ,   -4.8425213 ,     -7.26218253], [  469.87942996, -177.8948838 ,  154.44838843,  -32.75763165,     26.16908229,   33.94759029,   53.48341716,   57.81379764,    122.37772831,   33.76398381,   33.61788442,   -6.22834342,     -6.29770189], [  158.90590782,  -19.02640959,   15.70379614,   10.69733314,      4.74269387,    1.99731604,    1.73648481,    9.70075521,     33.76398381,   54.56451961,   23.93505836,    3.9155688 ,     -4.59717332], [  185.33188705,  -78.89470524,   65.30118271,  -23.67033843,     17.260453  ,   15.87837348,   18.16816534,    4.3190882 ,     33.61788442,   23.93505836,   61.92231972,   20.85012677,      9.37585206], [   -3.20708257,   26.0230292 ,  -15.40086686,    6.13519382,      6.85854049,   -7.76524863,    3.5532636 ,   -4.8425213 ,     -6.22834342,    3.9155688 ,   20.85012677,   48.61819991,     27.2434133 ], [  -71.30034841,   29.22173558,  -14.34121062,    0.97859623,      5.00890177,  -13.98513556,   -1.62587543,   -7.26218253,     -6.29770189,   -4.59717332,    9.37585206,   27.2434133 ,     49.25689314]]
/root/sim/music/out/Oasis/Definitely Maybe/10 Slide Away.mp3; [-518.7811   , 107.6746   , -26.84207  ,  33.595387 ,   1.5015181,    2.466773 ,  -1.3273933,   7.505067 ,   9.845951 ,  10.10551  ,   -0.828749 ,   3.4791775,   2.0607595]; [[18899.86470642, 1086.19163692,  -46.81382321, -108.58477471,    -63.21247745,   98.0141683 ,  -67.35016159,   62.19567689,     19.10689827,   56.78482064,  -50.7707801 ,    3.9651999 ,      1.05159878], [ 1086.19163692,  611.93262738, -208.93117339,  104.66136099,    -48.28329422,  -25.87169891,   23.37104209,  -35.89513835,     18.56125979,   -7.47520266,    8.00364658,    6.52610544,    -11.02977687], [  -46.81382321, -208.93117339,  263.95797329,  -63.17591422,     78.40707055,   15.26856341,  -10.03831624,   11.1663825 ,    -11.01056852,    1.82461148,   -2.89553215,  -11.06096122,      8.87188958], [ -108.58477471,  104.66136099,  -63.17591422,  166.64607377,     -5.75139952,   -6.72825284,  -14.53164438,  -20.14260235,      0.63181449,  -10.92428607,   14.63729499,    7.03258715,     -4.30692302], [  -63.21247745,  -48.28329422,   78.40707055,   -5.75139952,    115.67489895,   35.35757951,   27.85670191,    0.01416184,      9.71768547,    1.81398668,    4.62690608,   10.07038718,     10.63705797], [   98.0141683 ,  -25.87169891,   15.26856341,   -6.72825284,     35.35757951,   95.03810953,   43.0816914 ,   14.99907853,      3.36767492,   -5.57936605,    1.25124201,    4.26562658,     10.251048  ], [  -67.35016159,   23.37104209,  -10.03831624,  -14.53164438,     27.85670191,   43.0816914 ,   86.62756792,   20.33736971,     15.00022534,   -3.85907175,    3.12344203,    8.12039944,      4.96794186], [   62.19567689,  -35.89513835,   11.1663825 ,  -20.14260235,      0.01416184,   14.99907853,   20.33736971,   65.03148519,     24.84250733,   16.93750502,   -7.26897845,    2.77029233,      5.05350728], [   19.10689827,   18.56125979,  -11.01056852,    0.63181449,      9.71768547,    3.36767492,   15.00022534,   24.84250733,     64.79440416,   28.67664662,    1.95653898,   -1.87966837,      1.28124757], [   56.78482064,   -7.47520266,    1.82461148,  -10.92428607,      1.81398668,   -5.57936605,   -3.85907175,   16.93750502,     28.67664662,   61.05218095,   14.12072501,    5.66075857,      1.07418221], [  -50.7707801 ,    8.00364658,   -2.89553215,   14.63729499,      4.62690608,    1.25124201,    3.12344203,   -7.26897845,      1.95653898,   14.12072501,   43.91545655,   23.10907955,      5.39420989], [    3.9651999 ,    6.52610544,  -11.06096122,    7.03258715,     10.07038718,    4.26562658,    8.12039944,    2.77029233,     -1.87966837,    5.66075857,   23.10907955,   53.19681618,     24.73970028], [    1.05159878,  -11.02977687,    8.87188958,   -4.30692302,     10.63705797,   10.251048  ,    4.96794186,    5.05350728,      1.28124757,    1.07418221,    5.39420989,   24.73970028,     44.35170505]]
/root/sim/music/out/Oasis/Definitely Maybe/02 Shakermaker.mp3; [-516.9214    , 132.5751    , -45.169495  ,  21.898443  ,   6.6509314 ,   -2.373056  ,  -0.07931547,   0.5545405 ,  -0.3743312 ,   5.4376764 ,   -6.3674626 ,   5.5523677 ,  -1.6657436 ]; [[3235.25894544,-659.91297063, 422.99765609, 137.9008017 , 145.37060272,   276.17656212,  70.02761544, 252.93978613,  66.81517876, 147.36831397,    42.16744255,  19.27633505, 164.85326937], [-659.91297063, 703.12075355,-321.99203042, 113.09076038, -14.35090217,   -30.90118553, 102.04864292, -80.01667365,  48.51914206, -24.53882253,    -6.1531815 ,  27.79950025, -17.09698996], [ 422.99765609,-321.99203042, 596.2244594 , -34.86801906, 142.03039537,   108.10582344, -34.23283701, 144.91332491,  -4.33002911,  64.03857768,     7.44397307,  -9.131652  ,  59.47882001], [ 137.9008017 , 113.09076038, -34.86801906, 272.27698303,  85.02110832,    88.87131538,  57.09965175,  12.37324618, 103.77290059,  22.45087122,    45.30534777,  14.26173795,  39.28069196], [ 145.37060272, -14.35090217, 142.03039537,  85.02110832, 158.85130019,    89.72052789,  41.65472637,  60.07455138,  57.27662025,  45.84207767,    20.103556  ,  16.26444282,  42.86398681], [ 276.17656212, -30.90118553, 108.10582344,  88.87131538,  89.72052789,   186.37528451,  86.68147725,  77.35372404,  84.22849008,  36.30050907,    31.52760461,   1.33151966,  54.51270348], [  70.02761544, 102.04864292, -34.23283701,  57.09965175,  41.65472637,    86.68147725, 131.46204575,  43.58506108,  62.14403997,  16.32185449,    15.81656684,  17.80015514,  28.68297464], [ 252.93978613, -80.01667365, 144.91332491,  12.37324618,  60.07455138,    77.35372404,  43.58506108, 120.14473295,  36.06352283,  41.04908099,     5.74190155,  12.71837912,  36.57035699], [  66.81517876,  48.51914206,  -4.33002911, 103.77290059,  57.27662025,    84.22849008,  62.14403997,  36.06352283, 136.2450485 ,  27.9518436 ,    36.3332564 ,   7.97962439,  34.63646506], [ 147.36831397, -24.53882253,  64.03857768,  22.45087122,  45.84207767,    36.30050907,  16.32185449,  41.04908099,  27.9518436 ,  83.94931133,    17.82046878,  10.05240075,  24.30033436], [  42.16744255,  -6.1531815 ,   7.44397307,  45.30534777,  20.103556  ,    31.52760461,  15.81656684,   5.74190155,  36.3332564 ,  17.82046878,    61.37831307,  16.3159922 ,  15.02365834], [  19.27633505,  27.79950025,  -9.131652  ,  14.26173795,  16.26444282,     1.33151966,  17.80015514,  12.71837912,   7.97962439,  10.05240075,    16.3159922 ,  53.48187117,  16.26062805], [ 164.85326937, -17.09698996,  59.47882001,  39.28069196,  42.86398681,    54.51270348,  28.68297464,  36.57035699,  34.63646506,  24.30033436,    15.02365834,  16.26062805,  70.56714248]]
/root/sim/music/out/Oasis/Definitely Maybe/08 Cigarettes & Alcohol.mp3; [-479.21902  ,  91.06546  , -32.934216 ,  34.50175  ,   3.3492029,   11.4871235,  10.215673 ,   8.600562 ,  12.55212  ,   9.616287 ,    3.755341 ,   6.144677 ,   3.3532417]; [[6883.6067519 , -65.63883681, 277.4446551 ,-984.35513917,  93.18364367,   204.06425413, -30.35893373, 278.74786894, -80.79945292,  44.16641348,   -42.44044947, -30.74556535,  -6.59735523], [ -65.63883681, 587.94345864, -86.36401315, 125.2773479 ,-112.14924201,   -75.38003928, -41.12359628, -44.07006781,  37.95107582,   4.46993906,    44.92802813,  36.93720873,  24.74667948], [ 277.4446551 , -86.36401315, 343.95056908,-137.99839888,  58.8177179 ,     4.48903023, -48.84246694,  24.87474953, -21.52885233,  -2.64497472,   -18.41358387, -23.9324166 ,  -9.76821018], [-984.35513917, 125.2773479 ,-137.99839888, 436.06983683, -55.02436266,   -59.18345379, -26.0607574 , -89.07725562,  46.29787799,   7.27120902,    65.21845128,  46.94280742,  33.83851976], [  93.18364367,-112.14924201,  58.8177179 , -55.02436266, 126.30855773,    42.1804067 ,  29.90715004,  13.87669091, -18.58798852,   3.48861586,   -23.04907277, -11.95094913, -11.18424731], [ 204.06425413, -75.38003928,   4.48903023, -59.18345379,  42.1804067 ,    86.59254258,  43.428475  ,  29.63224445, -16.91844007, -11.99130388,   -14.19637207, -10.37836221,  -5.49985688], [ -30.35893373, -41.12359628, -48.84246694, -26.0607574 ,  29.90715004,    43.428475  ,  86.38187129,  32.24003772,  -4.08441907, -11.7805576 ,   -17.04455276,  -6.26474782,  -8.00591858], [ 278.74786894, -44.07006781,  24.87474953, -89.07725562,  13.87669091,    29.63224445,  32.24003772,  71.94972018,   9.68746347,   3.99276669,   -17.47818068,  -7.916219  ,  -4.04746857], [ -80.79945292,  37.95107582, -21.52885233,  46.29787799, -18.58798852,   -16.91844007,  -4.08441907,   9.68746347,  57.35452211,  30.29447062,    20.48816009,   6.13480584,   7.39924988], [  44.16641348,   4.46993906,  -2.64497472,   7.27120902,   3.48861586,   -11.99130388, -11.7805576 ,   3.99276669,  30.29447062,  68.86101047,    33.19570929,  18.86872356,   4.18556272], [ -42.44044947,  44.92802813, -18.41358387,  65.21845128, -23.04907277,   -14.19637207, -17.04455276, -17.47818068,  20.48816009,  33.19570929,    71.89986535,  40.905511  ,  23.91275219], [ -30.74556535,  36.93720873, -23.9324166 ,  46.94280742, -11.95094913,   -10.37836221,  -6.26474782,  -7.916219  ,   6.13480584,  18.86872356,    40.905511  ,  60.21569519,  32.33877623], [  -6.59735523,  24.74667948,  -9.76821018,  33.83851976, -11.18424731,    -5.49985688,  -8.00591858,  -4.04746857,   7.39924988,   4.18556272,    23.91275219,  32.33877623,  49.82050293]]
/root/sim/music/out/Oasis/Definitely Maybe/01 Rock 'N' Roll Star.mp3; [-502.85886  , 115.024506 , -34.69998  ,  29.299398 ,  11.669572 ,    8.97296  ,   2.426284 ,   0.3726668,   1.9396111,   4.7266   ,   -1.6241302,  -4.605894 ,  -2.8192177]; [[8237.51517524,-335.00237035, 389.91667202,-294.93827742,  66.24800517,    28.10331594, 144.83545091, 133.0507295 ,  50.80391094,  33.63849649,    32.15098397,  27.33058298,  49.83243754], [-335.00237035, 512.9611822 ,-275.16285396, 128.25023113, -45.24911982,   -39.77412468,  38.54103318, -19.23635432,  23.96721812,  -7.08440483,    -6.12719631,  -2.05842735, -16.55125667], [ 389.91667202,-275.16285396, 298.28327553, -63.6859573 ,  46.47989594,     0.67985759, -16.14663262,  29.62283457,  -2.83931065,   7.22665876,     6.29862165,   9.66379153,  19.60722667], [-294.93827742, 128.25023113, -63.6859573 , 190.16727531,  35.63214299,   -31.76541329, -37.68186112, -27.51497518,  13.86343402,   0.27789924,   -10.38075078, -18.53359696, -17.53980464], [  66.24800517, -45.24911982,  46.47989594,  35.63214299, 110.95708811,     5.89301225,  17.91845285,  -2.24577006,  21.29254847,  10.69282611,     2.02601116,  -3.62015258,   5.81021737], [  28.10331594, -39.77412468,   0.67985759, -31.76541329,   5.89301225,    91.40492126,  34.7877004 ,   7.75886843, -10.95849753,   0.14737395,     8.26651682,   8.20874869,  10.08156969], [ 144.83545091,  38.54103318, -16.14663262, -37.68186112,  17.91845285,    34.7877004 , 108.17537728,  36.91239039,  15.65438186,  -8.41987578,     5.41185455,  14.3026914 ,  12.21883571], [ 133.0507295 , -19.23635432,  29.62283457, -27.51497518,  -2.24577006,     7.75886843,  36.91239039,  58.85841526,  23.45414166,   2.46039709,    -2.17060116,   6.62573354,   8.17474754], [  50.80391094,  23.96721812,  -2.83931065,  13.86343402,  21.29254847,   -10.95849753,  15.65438186,  23.45414166,  62.31145432,  28.92666764,     5.09386688,  -2.78850226,   3.65594883], [  33.63849649,  -7.08440483,   7.22665876,   0.27789924,  10.69282611,     0.14737395,  -8.41987578,   2.46039709,  28.92666764,  53.17842511,    25.72643849,   5.41935294,   1.27217808], [  32.15098397,  -6.12719631,   6.29862165, -10.38075078,   2.02601116,     8.26651682,   5.41185455,  -2.17060116,   5.09386688,  25.72643849,    48.98370642,  25.11912034,   9.39052194], [  27.33058298,  -2.05842735,   9.66379153, -18.53359696,  -3.62015258,     8.20874869,  14.3026914 ,   6.62573354,  -2.78850226,   5.41935294,    25.11912034,  46.17267485,  24.17167285], [  49.83243754, -16.55125667,  19.60722667, -17.53980464,   5.81021737,    10.08156969,  12.21883571,   8.17474754,   3.65594883,   1.27217808,     9.39052194,  24.17167285,  45.26810148]]
/root/sim/music/out/Oasis/Definitely Maybe/11 Married With Children.mp3; [-631.63367   , 152.27946   ,  17.919626  ,   0.9602499 ,   0.196585  ,   -9.426588  ,  -5.916798  ,  -0.41378364,  -5.3363223 ,  -5.2782264 ,   -6.3723416 ,  -2.0518503 ,  -7.341455  ]; [[9138.98628068, 459.1169877 ,-646.95686776,-453.48339135,-165.02078263,  -279.80958112,-162.95972878, -56.86438227,-213.59173667, -14.98420115,  -158.71055392, -50.37881924, -51.72976817], [ 459.1169877 ,1412.25521335,-296.42897289,-227.55046977, -81.57824857,    -2.55525616,  55.01750842,  47.00469553, -64.50745472, -26.03757794,    18.3739866 , -18.44409606, -41.87250728], [-646.95686776,-296.42897289, 515.93889154, 111.77275363,  14.54964934,    40.29001605,  12.1574245 ,   4.98476347,  45.49457362, -41.11730402,     3.83618253,  30.33345491,   9.01978441], [-453.48339135,-227.55046977, 111.77275363, 513.02552395, 102.56013432,   -29.66136661, -78.9027642 , -84.4361581 , 109.05850842, -47.23590945,   -16.9986082 ,  16.00937404,  30.5504806 ], [-165.02078263, -81.57824857,  14.54964934, 102.56013432, 252.96153187,   -39.09576911,-109.57703685, -21.07707156,  44.71537589,  27.39629987,   -35.81689145, -16.18126842,  19.02466341], [-279.80958112,  -2.55525616,  40.29001605, -29.66136661, -39.09576911,   161.23396773,  85.45752881,   0.34932024, -10.70489565,  -5.01265412,    44.2848935 ,  -0.33571581, -28.48234405], [-162.95972878,  55.01750842,  12.1574245 , -78.9027642 ,-109.57703685,    85.45752881, 191.30239829,  31.87610081, -30.11605387,  -6.74288312,    41.39825569,   6.56832994, -19.22490313], [ -56.86438227,  47.00469553,   4.98476347, -84.4361581 , -21.07707156,     0.34932024,  31.87610081, 107.44933476, -20.12382844,  14.45234037,    -9.13989642,   5.51146603,  17.72393382], [-213.59173667, -64.50745472,  45.49457362, 109.05850842,  44.71537589,   -10.70489565, -30.11605387, -20.12382844, 109.60939548,  -2.06744827,    -1.87345923,   1.77582156,   5.61414779], [ -14.98420115, -26.03757794, -41.11730402, -47.23590945,  27.39629987,    -5.01265412,  -6.74288312,  14.45234037,  -2.06744827, 105.69498533,     1.99177355, -12.17109383,   1.01126197], [-158.71055392,  18.3739866 ,   3.83618253, -16.9986082 , -35.81689145,    44.2848935 ,  41.39825569,  -9.13989642,  -1.87345923,   1.99177355,    82.02000101,  15.83688158, -22.16037711], [ -50.37881924, -18.44409606,  30.33345491,  16.00937404, -16.18126842,    -0.33571581,   6.56832994,   5.51146603,   1.77582156, -12.17109383,    15.83688158,  69.39880646,  13.89409659], [ -51.72976817, -41.87250728,   9.01978441,  30.5504806 ,  19.02466341,   -28.48234405, -19.22490313,  17.72393382,   5.61414779,   1.01126197,   -22.16037711,  13.89409659,  69.04972027]]
/root/sim/music/out/Oasis/Definitely Maybe/09 Digsy's Dinner.mp3; [-509.20413  , 114.676575 , -45.446243 ,  40.883125 ,  20.049532 ,   10.450534 ,   1.4512312,   5.584594 ,   4.4056144,   6.316006 ,    2.1920662,  -1.3406296,   0.9393043]; [[9002.28023998,-210.38080972,-389.91430747, -50.75822036,-105.76948788,   119.20188609, -53.33126822,  66.06328926, -94.52480212, -11.21202526,   -11.40257728,-122.15675973, -50.86795785], [-210.38080972, 637.12406256,-206.81166571, 127.33582064, -35.53000482,   -17.75869449,  50.26087319,   2.50861359,  63.39033368,  29.86035524,    11.85844591,  40.35530829,  25.54833445], [-389.91430747,-206.81166571, 287.47668171, -29.42361851,  50.13808324,   -13.71606326, -31.33211848,  -2.8187941 ,   1.72791024,  -0.91649002,    10.58276369,   9.49048516,   9.27086549], [ -50.75822036, 127.33582064, -29.42361851, 153.55434652,  48.56451568,     5.79871952,  -7.57430672, -12.81958777,  -0.51627288,  -2.26072952,     2.16540991,  11.33630816,   9.15990296], [-105.76948788, -35.53000482,  50.13808324,  48.56451568, 107.73304688,    21.92699724,  15.30149262, -12.99569801,   3.01944205,  -0.8412358 ,    11.18094213,   4.56340225,   9.29960131], [ 119.20188609, -17.75869449, -13.71606326,   5.79871952,  21.92699724,    79.8709997 ,  39.29381731,  20.20894852,   3.07886524,   5.05325262,     2.14673816,   0.88133639,  -2.77341323], [ -53.33126822,  50.26087319, -31.33211848,  -7.57430672,  15.30149262,    39.29381731,  85.54388056,  35.16628826,  23.34792169,   3.22225199,     2.25501947,   0.02412503,   1.00339483], [  66.06328926,   2.50861359,  -2.8187941 , -12.81958777, -12.99569801,    20.20894852,  35.16628826,  65.85656584,  25.08767996,  13.39628916,    -3.95916151,  -3.37471697,  -1.46573329], [ -94.52480212,  63.39033368,   1.72791024,  -0.51627288,   3.01944205,     3.07886524,  23.34792169,  25.08767996,  70.65124463,  35.76148052,    15.40769507,   7.24613771,   6.02873177], [ -11.21202526,  29.86035524,  -0.91649002,  -2.26072952,  -0.8412358 ,     5.05325262,   3.22225199,  13.39628916,  35.76148052,  55.6352425 ,    27.30028303,  11.4879121 ,   2.33850504], [ -11.40257728,  11.85844591,  10.58276369,   2.16540991,  11.18094213,     2.14673816,   2.25501947,  -3.95916151,  15.40769507,  27.30028303,    50.51981951,  25.04154155,  15.73345436], [-122.15675973,  40.35530829,   9.49048516,  11.33630816,   4.56340225,     0.88133639,   0.02412503,  -3.37471697,   7.24613771,  11.4879121 ,    25.04154155,  49.08472374,  25.90242108], [ -50.86795785,  25.54833445,   9.27086549,   9.15990296,   9.29960131,    -2.77341323,   1.00339483,  -1.46573329,   6.02873177,   2.33850504,    15.73345436,  25.90242108,  47.57128122]]
/root/sim/music/out/Oasis/Definitely Maybe/03 Live Forever.mp3; [-510.27197   , 106.97799   , -21.889719  ,  29.923502  ,  15.205058  ,   13.572365  ,   0.20486735,  13.438388  ,   8.869447  ,  10.205931  ,    3.2119708 ,   6.073157  ,   2.9451416 ]; [[9262.59864083, 284.18999716,-886.51613992, -84.81430711,-151.65363422,    -2.72325657,  68.69470334, 300.39910556, 220.65712372, -20.36894541,  -406.20310455,-295.08903837, -23.01534324], [ 284.18999716, 902.4096884 ,-487.63070212, -41.10739981, -46.17792916,  -147.64930802, -66.07857799, -97.62754867,  -0.23016355,  32.57305378,    -4.3763481 ,  44.95347063,  40.17145649], [-886.51613992,-487.63070212, 644.09967704,  32.85242602,  40.67222155,    77.86751556,   0.63522554,  41.84643137, -25.06649711, -25.18366442,    47.08648599, -21.00966834, -10.52394486], [ -84.81430711, -41.10739981,  32.85242602, 198.95619568,  54.91340125,    15.58920008,   4.96720186,  12.79223905,  16.30907201,  11.302966  ,     7.81392366,  18.86466281,  -7.51413669], [-151.65363422, -46.17792916,  40.67222155,  54.91340125, 104.39816704,    32.26651364,  15.01747929,  -1.32277788,   5.22912282,   7.58186226,    10.40286721,   4.78173057,  -6.23178944], [  -2.72325657,-147.64930802,  77.86751556,  15.58920008,  32.26651364,   136.716741  ,  72.32006346,  32.63172128,  -2.90806825,   0.24638204,     5.1758448 , -13.30154961, -12.31235672], [  68.69470334, -66.07857799,   0.63522554,   4.96720186,  15.01747929,    72.32006346, 134.61750653,  57.03838236,   3.99163943,  -0.88394559,   -10.01438437,  -8.63815864, -14.93649086], [ 300.39910556, -97.62754867,  41.84643137,  12.79223905,  -1.32277788,    32.63172128,  57.03838236, 105.27306727,  35.38355426,  -4.35036421,   -22.54351835, -18.59887077,  -6.55581   ], [ 220.65712372,  -0.23016355, -25.06649711,  16.30907201,   5.22912282,    -2.90806825,   3.99163943,  35.38355426,  65.21388642,  24.54624821,    -9.88285639,  -7.49473497,  -1.49824999], [ -20.36894541,  32.57305378, -25.18366442,  11.302966  ,   7.58186226,     0.24638204,  -0.88394559,  -4.35036421,  24.54624821,  62.2116129 ,    24.70309683,   1.96180999,  -2.10166114], [-406.20310455,  -4.3763481 ,  47.08648599,   7.81392366,  10.40286721,     5.1758448 , -10.01438437, -22.54351835,  -9.88285639,  24.70309683,    70.68291527,  32.99638473,   3.39884408], [-295.08903837,  44.95347063, -21.00966834,  18.86466281,   4.78173057,   -13.30154961,  -8.63815864, -18.59887077,  -7.49473497,   1.96180999,    32.99638473,  69.31079433,  20.70547118], [ -23.01534324,  40.17145649, -10.52394486,  -7.51413669,  -6.23178944,   -12.31235672, -14.93649086,  -6.55581   ,  -1.49824999,  -2.10166114,     3.39884408,  20.70547118,  48.41362061]]
/root/sim/music/out/Oasis/Definitely Maybe/05 Columbia.mp3; [-534.42847   , 104.722176  , -32.32077   ,  45.280838  ,  26.442823  ,    8.650488  ,   6.9871793 ,  11.917673  ,   3.7000458 ,   9.520311  ,    2.9518485 ,   3.1033564 ,   0.87202793]; [[19307.43718777, -599.89912068,  339.28351299,  129.44104611,    -66.4120965 ,  142.61813801,  307.97139286,  183.03508481,   -134.72060605,  133.6339833 ,   11.37823931, -273.37294169,   -193.34280444], [ -599.89912068,  368.12503425, -122.06872738,   46.86405699,    -19.70397069,  -40.26858771,   -6.36919082,  -16.74594324,      4.37558534,   10.96701203,    8.07450309,   21.66394664,     18.29014458], [  339.28351299, -122.06872738,  272.42385241,  -52.06103759,     13.97624589,   10.00394297,  -53.27998821,  -18.44115522,      9.05587969,   -2.30687148,   20.52943539,   -8.21311459,    -11.21561667], [  129.44104611,   46.86405699,  -52.06103759,  136.26349218,     35.04222181,   12.88697705,   20.40377567,    0.74682932,    -11.95281526,   -0.47526001,   -4.83096302,   -0.92321551,      4.7019953 ], [  -66.4120965 ,  -19.70397069,   13.97624589,   35.04222181,     79.37752987,   26.0148269 ,   22.28396471,   -0.224048  ,     -7.09148047,   -6.2455953 ,    1.22886779,    2.20313065,      3.7291235 ], [  142.61813801,  -40.26858771,   10.00394297,   12.88697705,     26.0148269 ,  102.98276256,   46.42842155,   24.10460904,     -1.73491121,   -1.2700501 ,    6.14082254,    5.17053177,     -4.50316706], [  307.97139286,   -6.36919082,  -53.27998821,   20.40377567,     22.28396471,   46.42842155,  111.83055908,   42.66462485,     -9.99653184,  -10.01081144,   -7.65648464,  -14.26643443,     -1.14113878], [  183.03508481,  -16.74594324,  -18.44115522,    0.74682932,     -0.224048  ,   24.10460904,   42.66462485,   66.07559427,     18.91402879,   11.6549331 ,   -0.05676558,   -0.18053092,      4.17620462], [ -134.72060605,    4.37558534,    9.05587969,  -11.95281526,     -7.09148047,   -1.73491121,   -9.99653184,   18.91402879,     71.04336695,   38.53868126,   12.83336796,    3.65683905,     -2.95042018], [  133.6339833 ,   10.96701203,   -2.30687148,   -0.47526001,     -6.2455953 ,   -1.2700501 ,  -10.01081144,   11.6549331 ,     38.53868126,   72.60900534,   33.4258066 ,    9.03225439,     -6.60728037], [   11.37823931,    8.07450309,   20.52943539,   -4.83096302,      1.22886779,    6.14082254,   -7.65648464,   -0.05676558,     12.83336796,   33.4258066 ,   62.14570995,   29.61114448,      8.83879881], [ -273.37294169,   21.66394664,   -8.21311459,   -0.92321551,      2.20313065,    5.17053177,  -14.26643443,   -0.18053092,      3.65683905,    9.03225439,   29.61114448,   66.35759145,     30.96677673], [ -193.34280444,   18.29014458,  -11.21561667,    4.7019953 ,      3.7291235 ,   -4.50316706,   -1.14113878,    4.17620462,     -2.95042018,   -6.60728037,    8.83879881,   30.96677673,     61.08301475]]
/root/sim/music/out/Oasis/Stop The Clocks [Disc 1]/05-The Importance Of Being Idle.mp3; [-482.79315  , 110.260254 , -27.035898 ,  14.579234 ,  11.939681 ,    4.595567 ,  -4.762657 ,   3.3028195,   5.888644 ,   4.5843005,    0.8611445,  -1.5161979,  -3.0190992]; [[8373.53876305,-425.21969346, -38.72574533, -22.79186742, -77.30861697,  -100.13653618,-117.25399378, -15.57961734,  -6.31224555,  93.46590334,   -61.14772742,  22.70377338,   1.41020825], [-425.21969346, 829.34573671,-152.63981428,  42.65223747,  35.65212558,    22.54918611,  54.01856191,  24.6022758 ,  24.81011556, -55.46154251,    19.83075837, -26.46421393, -30.95161509], [ -38.72574533,-152.63981428, 375.9896413 ,  21.65266957,  -2.97058757,    25.7487433 ,  -7.33564886,  17.64355828,  -3.65937538,  -7.21848304,    -0.44735088,  17.30489929,   7.03754209], [ -22.79186742,  42.65223747,  21.65266957, 182.74586749,  55.44058506,    -5.86388635,  -9.11970511,  16.97290297,  -3.75589192,  15.23979466,   -20.18477585,   5.54721661,  12.62988495], [ -77.30861697,  35.65212558,  -2.97058757,  55.44058506, 133.6411051 ,    28.22434293,  14.75593548,  18.69081235,   7.55302136,  -5.51445757,   -13.19213377, -11.41485032,   8.44685661], [-100.13653618,  22.54918611,  25.7487433 ,  -5.86388635,  28.22434293,   134.98147281,  49.04422925,  14.50381592,  -6.72729048,  -7.88158743,    -6.54688621,  -3.46095525, -17.41253431], [-117.25399378,  54.01856191,  -7.33564886,  -9.11970511,  14.75593548,    49.04422925, 107.55739781,  28.10541515,   0.87465293,  -7.72868295,     2.58123134,  -3.46175958,  -9.01687422], [ -15.57961734,  24.6022758 ,  17.64355828,  16.97290297,  18.69081235,    14.50381592,  28.10541515,  79.64819774,  17.44170992,  -5.55732797,    -2.2048728 ,   3.87296569,  -1.8926765 ], [  -6.31224555,  24.81011556,  -3.65937538,  -3.75589192,   7.55302136,    -6.72729048,   0.87465293,  17.44170992,  79.04182019,  18.92006487,    14.55230221,  -3.79037515,   7.65264559], [  93.46590334, -55.46154251,  -7.21848304,  15.23979466,  -5.51445757,    -7.88158743,  -7.72868295,  -5.55732797,  18.92006487,  85.54140826,    20.01339972,  14.59535269,   9.1093099 ], [ -61.14772742,  19.83075837,  -0.44735088, -20.18477585, -13.19213377,    -6.54688621,   2.58123134,  -2.2048728 ,  14.55230221,  20.01339972,    79.55688803,  17.97774609,   6.40612786], [  22.70377338, -26.46421393,  17.30489929,   5.54721661, -11.41485032,    -3.46095525,  -3.46175958,   3.87296569,  -3.79037515,  14.59535269,    17.97774609,  71.00286353,  17.64772854], [   1.41020825, -30.95161509,   7.03754209,  12.62988495,   8.44685661,   -17.41253431,  -9.01687422,  -1.8926765 ,   7.65264559,   9.1093099 ,     6.40612786,  17.64772854,  63.80925757]]
/root/sim/music/out/Oasis/Stop The Clocks [Disc 1]/02-Some Might Say.mp3; [-447.21207   , 111.72081   , -36.858448  ,  23.563316  ,  -0.8821811 ,    0.55632526,   6.889319  ,  -1.3957462 ,  -0.6392487 ,   3.8194535 ,   -0.17239513,   2.9004347 ,  -3.5569088 ]; [[5432.7949414 ,-393.47220954, 244.00803672,-326.96058509, -25.80729031,    15.82729897, -26.5691564 , -55.28816154,  61.45952655,  62.43728422,     6.90754727, -25.49445851,   7.8993223 ], [-393.47220954, 479.44576225,-144.03435128, 124.05225077, -51.62521959,   -26.84241173, -23.10626415,  -3.90805179, -26.75652359, -10.42097982,   -13.81452615,  -7.78296874,   1.2224062 ], [ 244.00803672,-144.03435128, 309.23274279,-110.88035811,  84.30147565,    -7.50978049,   0.19143907,   2.97005888,  25.44099121,  14.04844817,    10.32022201,   9.50482218,  20.1711639 ], [-326.96058509, 124.05225077,-110.88035811, 175.46445769, -21.26975878,     1.77233104,  -4.27525972,   2.13227587, -14.93556557, -12.23566423,    -6.5782024 ,  13.24359702,   3.37608282], [ -25.80729031, -51.62521959,  84.30147565, -21.26975878, 100.79956084,     9.94391346,  17.03688203,   7.40161022,   7.38716783,   6.62471218,     4.55152378,   9.04189034,  17.36721794], [  15.82729897, -26.84241173,  -7.50978049,   1.77233104,   9.94391346,   112.91888491,  34.88698758,  12.47390153,  17.91716178,  20.48954673,    21.97349321,   4.68738178,  23.89934546], [ -26.5691564 , -23.10626415,   0.19143907,  -4.27525972,  17.03688203,    34.88698758,  82.95975693,   9.16343518,  12.24867964,  -0.63318334,    14.3953087 ,  12.47250843,   6.74701805], [ -55.28816154,  -3.90805179,   2.97005888,   2.13227587,   7.40161022,    12.47390153,   9.16343518,  64.66233842,  20.64351759,  14.92412381,     9.20923062,   5.80601038,  13.47760515], [  61.45952655, -26.75652359,  25.44099121, -14.93556557,   7.38716783,    17.91716178,  12.24867964,  20.64351759,  86.51806445,  31.54565299,    30.55330848,   1.10610365,  21.1988608 ], [  62.43728422, -10.42097982,  14.04844817, -12.23566423,   6.62471218,    20.48954673,  -0.63318334,  14.92412381,  31.54565299,  60.10547613,    28.53885675,   7.41758907,  11.90348497], [   6.90754727, -13.81452615,  10.32022201,  -6.5782024 ,   4.55152378,    21.97349321,  14.3953087 ,   9.20923062,  30.55330848,  28.53885675,    60.80476504,  18.46885565,  18.86376173], [ -25.49445851,  -7.78296874,   9.50482218,  13.24359702,   9.04189034,     4.68738178,  12.47250843,   5.80601038,   1.10610365,   7.41758907,    18.46885565,  45.03110918,  17.01473063], [   7.8993223 ,   1.2224062 ,  20.1711639 ,   3.37608282,  17.36721794,    23.89934546,   6.74701805,  13.47760515,  21.1988608 ,  11.90348497,    18.86376173,  17.01473063,  56.595982  ]]
/root/sim/music/out/Oasis/Stop The Clocks [Disc 1]/08-Cigarettes & Alcohol.mp3; [-451.04492  ,  86.93758  , -30.923485 ,  35.017593 ,   3.743519 ,   11.610444 ,   9.596418 ,   7.3515525,  10.939604 ,   8.482988 ,    3.0235999,   6.19486  ,   3.5924428]; [[4171.57685103,-249.00768566, 357.03976349,-907.70004983, 133.54961846,   189.62560801, -21.38100936, 222.1856298 , -99.64862456,   4.96833082,   -52.89894199, -37.8774407 , -19.48487405], [-249.00768566, 580.99259259, -75.70492899, 138.93992136,-104.06387957,   -74.88641497, -36.61702626, -46.3468508 ,  41.53231062,   5.51628153,    48.04458442,  40.38883873,  27.18010346], [ 357.03976349, -75.70492899, 329.6474765 ,-124.68263999,  56.32233946,     5.15523789, -48.72443444,  23.05372324, -18.28205437,  -0.57209129,   -15.93513636, -21.77881273,  -7.86282372], [-907.70004983, 138.93992136,-124.68263999, 433.80331503, -58.97854905,   -61.7489829 , -28.82981564, -83.27954876,  51.61612001,  12.43130537,    71.64005258,  50.48707599,  37.99758104], [ 133.54961846,-104.06387957,  56.32233946, -58.97854905, 118.58809473,    39.94820997,  26.50198731,  14.58493282, -17.54650429,   3.99769316,   -21.42700417, -11.62961745, -10.34749854], [ 189.62560801, -74.88641497,   5.15523789, -61.7489829 ,  39.94820997,    87.40508233,  42.36206561,  30.17346038, -16.59558666, -12.46543936,   -13.49103409, -10.41107021,  -5.07751228], [ -21.38100936, -36.61702626, -48.72443444, -28.82981564,  26.50198731,    42.36206561,  85.41451623,  32.85721187,  -3.19608577, -11.74321634,   -16.22664002,  -5.87829963,  -7.43935151], [ 222.1856298 , -46.3468508 ,  23.05372324, -83.27954876,  14.58493282,    30.17346038,  32.85721187,  70.27071895,  10.07082471,   3.45929309,   -17.86869918,  -8.19627329,  -4.72786026], [ -99.64862456,  41.53231062, -18.28205437,  51.61612001, -17.54650429,   -16.59558666,  -3.19608577,  10.07082471,  59.82650684,  31.77428322,    22.99967569,   8.11308707,   9.15772928], [   4.96833082,   5.51628153,  -0.57209129,  12.43130537,   3.99769316,   -12.46543936, -11.74321634,   3.45929309,  31.77428322,  70.39170915,    35.1164865 ,  20.67165874,   5.00587162], [ -52.89894199,  48.04458442, -15.93513636,  71.64005258, -21.42700417,   -13.49103409, -16.22664002, -17.86869918,  22.99967569,  35.1164865 ,    75.53678878,  44.08759654,  25.91034404], [ -37.8774407 ,  40.38883873, -21.77881273,  50.48707599, -11.62961745,   -10.41107021,  -5.87829963,  -8.19627329,   8.11308707,  20.67165874,    44.08759654,  63.25633658,  34.0914088 ], [ -19.48487405,  27.18010346,  -7.86282372,  37.99758104, -10.34749854,    -5.07751228,  -7.43935151,  -4.72786026,   9.15772928,   5.00587162,    25.91034404,  34.0914088 ,  51.3679851 ]]
