/root/sim/music/out/Oasis/Time Flies 1994-2009 [Disc 1]/1-01 Supersonic 1.mp3; [-499.8786    ,  83.64928   , -12.156433  ,  37.028408  ,  17.888908  ,    0.07899829,   1.029305  ,   9.6740265 ,   1.3175492 ,   1.5885206 ,   -2.294139  ,   3.6270785 ,  -2.7532446 ]; [[12233.08045487, 1388.58060512, -247.61740326,  295.71190932,     89.86051893,    8.15411792,   58.10598318,  153.60340075,    -69.84269561,  -68.64025594,  -52.57570208,  -91.00444855,   -100.24899662], [ 1388.58060512,  783.85719784, -196.6286824 ,   86.70160588,     65.21302045,  -51.79433978,  113.8165076 ,   63.11162109,      3.85953916,   11.17357229,    5.43952184,   27.58650019,     -3.65169806], [ -247.61740326, -196.6286824 ,  297.85430875,   16.6193473 ,      5.70121627,   37.03656857,  -50.30738687,   10.35582739,     11.26190551,    9.18241286,   25.61160219,   -7.39885497,      6.97164714], [  295.71190932,   86.70160588,   16.6193473 ,  182.93041543,     87.55749059,    1.18989756,   -4.38813657,   18.33718116,     22.94807294,   19.71932939,   18.60643196,   14.82527171,      2.72356556], [   89.86051893,   65.21302045,    5.70121627,   87.55749059,    121.49501936,   16.42532676,   15.67056944,   21.81637864,     12.45603858,   11.44700821,   12.03026686,   22.7318844 ,      2.91645401], [    8.15411792,  -51.79433978,   37.03656857,    1.18989756,     16.42532676,   82.19113635,   37.22569466,   12.4057704 ,     -1.18279268,   -6.21200064,   -0.28463727,   -4.3754365 ,      1.70426669], [   58.10598318,  113.8165076 ,  -50.30738687,   -4.38813657,     15.67056944,   37.22569466,  129.52682639,   50.67972252,     12.09639345,   -0.1307841 ,   -3.36503238,   11.7349138 ,      3.05190813], [  153.60340075,   63.11162109,   10.35582739,   18.33718116,     21.81637864,   12.4057704 ,   50.67972252,   87.11872515,     24.25508571,   12.25422244,   11.25488103,   11.01939002,      8.14399094], [  -69.84269561,    3.85953916,   11.26190551,   22.94807294,     12.45603858,   -1.18279268,   12.09639345,   24.25508571,     57.29116534,   31.2536655 ,   13.76959862,    9.2557406 ,      2.90283141], [  -68.64025594,   11.17357229,    9.18241286,   19.71932939,     11.44700821,   -6.21200064,   -0.1307841 ,   12.25422244,     31.2536655 ,   64.17573456,   30.9383841 ,   14.82899007,      6.69910345], [  -52.57570208,    5.43952184,   25.61160219,   18.60643196,     12.03026686,   -0.28463727,   -3.36503238,   11.25488103,     13.76959862,   30.9383841 ,   54.37677324,   28.05709084,      8.29378702], [  -91.00444855,   27.58650019,   -7.39885497,   14.82527171,     22.7318844 ,   -4.3754365 ,   11.7349138 ,   11.01939002,      9.2557406 ,   14.82899007,   28.05709084,   57.04753894,     23.21751329], [ -100.24899662,   -3.65169806,    6.97164714,    2.72356556,      2.91645401,    1.70426669,    3.05190813,    8.14399094,      2.90283141,    6.69910345,    8.29378702,   23.21751329,     42.68260683]]
/root/sim/music/out/Oasis/Time Flies 1994-2009 [Disc 1]/1-09 The Hindu Times 1.mp3; [-473.56647  , 110.29516  ,  -8.348033 ,  23.65321  ,  14.2592125,    5.928112 ,   3.6865146,   1.0485471,   3.5519204,   3.363483 ,   -1.7641981,  -3.139909 ,   1.7040901]; [[13447.82042175, -464.12169261,  556.95992802,   32.01039331,     56.90398982,    9.43541097, -305.09315951,   -5.20032697,     15.98543428,   46.30413491,   29.16390869, -133.45888552,    -79.03484549], [ -464.12169261,  681.04365048, -445.90856304,    4.34401972,    -72.11183532,  -56.65586457,   89.28066068,  -41.14546867,     -6.05061687,  -16.96984282,  -19.42194424,   19.5956809 ,     32.90130148], [  556.95992802, -445.90856304,  606.74988646,   62.28152334,    117.8996486 ,   57.54302635,  -47.71852625,   37.45643302,    -18.3391033 ,   11.05073724,   17.69568624,   -0.45622579,    -19.52117593], [   32.01039331,    4.34401972,   62.28152334,  142.70081056,     54.35606073,   12.08617152,   -9.68239185,  -19.40144426,      7.99498519,  -14.17280021,    3.77603888,    7.88114303,     12.42214724], [   56.90398982,  -72.11183532,  117.8996486 ,   54.35606073,    108.1080679 ,   19.47165221,    0.75871932,  -14.1910175 ,      7.45619518,   -3.23455368,   -0.40086508,    7.89471718,      6.35718006], [    9.43541097,  -56.65586457,   57.54302635,   12.08617152,     19.47165221,   81.83253197,   25.52783701,   13.96391352,     -6.25000668,    0.44861871,    5.96616457,    1.53368578,     -1.12424215], [ -305.09315951,   89.28066068,  -47.71852625,   -9.68239185,      0.75871932,   25.52783701,   97.39523106,    6.37003511,     -1.79778264,  -12.61245298,   -3.92351279,    9.87729815,      2.73610209], [   -5.20032697,  -41.14546867,   37.45643302,  -19.40144426,    -14.1910175 ,   13.96391352,    6.37003511,   77.12651199,     12.77221536,   15.94961047,   -4.70723059,   -8.16587058,     -0.29002323], [   15.98543428,   -6.05061687,  -18.3391033 ,    7.99498519,      7.45619518,   -6.25000668,   -1.79778264,   12.77221536,     59.48475441,   18.22091728,    3.2065981 ,   -7.71940294,      1.21711442], [   46.30413491,  -16.96984282,   11.05073724,  -14.17280021,     -3.23455368,    0.44861871,  -12.61245298,   15.94961047,     18.22091728,   57.12581354,   16.24440821,   -3.13973804,     -8.25808412], [   29.16390869,  -19.42194424,   17.69568624,    3.77603888,     -0.40086508,    5.96616457,   -3.92351279,   -4.70723059,      3.2065981 ,   16.24440821,   52.10655896,   10.50287351,     -0.98243686], [ -133.45888552,   19.5956809 ,   -0.45622579,    7.88114303,      7.89471718,    1.53368578,    9.87729815,   -8.16587058,     -7.71940294,   -3.13973804,   10.50287351,   50.47964849,     20.68062812], [  -79.03484549,   32.90130148,  -19.52117593,   12.42214724,      6.35718006,   -1.12424215,    2.73610209,   -0.29002323,      1.21711442,   -8.25808412,   -0.98243686,   20.68062812,     51.03504599]]
/root/sim/music/out/Oasis/Time Flies 1994-2009 [Disc 1]/1-04 Wonderwall 1.mp3; [-527.3635   , 114.88706  ,   1.6753756,  21.029818 ,   6.363159 ,    6.3726506,  -3.250873 ,  10.15641  ,   2.4173055,   5.1265955,   -3.2678564,   1.5400922,  -4.19682  ]; [[15977.21468381, -703.3014042 ,  177.3701733 ,  463.52084355,    399.97907239,  161.96095236, -151.62645124,  730.37490419,    144.26659325,  421.97557142,  188.40927561,  212.59748402,    249.19706887], [ -703.3014042 , 1119.98425677, -323.3843618 ,   69.39351185,    -81.8397225 ,   17.90958616,   44.9698133 ,  -29.59650805,     12.54420872,   -3.26237047,  -20.91216853,   -8.15911863,    -39.07352072], [  177.3701733 , -323.3843618 ,  491.16498472,  -46.91535672,     96.44139847,   74.21440571,   17.67503139,   -1.11853905,     48.90312999,  -11.63850795,    6.29365031,   46.09684101,     14.66559173], [  463.52084355,   69.39351185,  -46.91535672,  412.47052503,     84.59165361,  -27.81308104,  -73.59411949,   46.54142537,     63.41232631,   86.5757546 ,   42.50508683,   51.43596373,     68.58700548], [  399.97907239,  -81.8397225 ,   96.44139847,   84.59165361,    206.27679876,   -2.42023287,  -49.64368913,   34.95959517,     49.20235847,   37.07371743,   17.48465028,   21.28595648,     41.84303394], [  161.96095236,   17.90958616,   74.21440571,  -27.81308104,     -2.42023287,  178.01169741,   80.9661431 ,   29.82909544,     29.1645815 ,   -1.40441545,    0.77523578,   18.32627241,    -10.46187869], [ -151.62645124,   44.9698133 ,   17.67503139,  -73.59411949,    -49.64368913,   80.9661431 ,  161.46735485,   20.30751547,     -8.19834513,  -27.61727419,    5.11965756,    9.20031303,    -16.20212957], [  730.37490419,  -29.59650805,   -1.11853905,   46.54142537,     34.95959517,   29.82909544,   20.30751547,  190.84868342,     29.01552343,   53.08665822,   32.77490482,   43.04256893,     49.23453234], [  144.26659325,   12.54420872,   48.90312999,   63.41232631,     49.20235847,   29.1645815 ,   -8.19834513,   29.01552343,    110.95852333,   37.63308491,    7.59556956,   20.04965586,     10.61009467], [  421.97557142,   -3.26237047,  -11.63850795,   86.5757546 ,     37.07371743,   -1.40441545,  -27.61727419,   53.08665822,     37.63308491,  106.68510146,   41.45278751,   25.07269472,     25.55737566], [  188.40927561,  -20.91216853,    6.29365031,   42.50508683,     17.48465028,    0.77523578,    5.11965756,   32.77490482,      7.59556956,   41.45278751,   69.71298242,   32.20197997,     22.07535531], [  212.59748402,   -8.15911863,   46.09684101,   51.43596373,     21.28595648,   18.32627241,    9.20031303,   43.04256893,     20.04965586,   25.07269472,   32.20197997,   77.67487775,     36.10397694], [  249.19706887,  -39.07352072,   14.66559173,   68.58700548,     41.84303394,  -10.46187869,  -16.20212957,   49.23453234,     10.61009467,   25.55737566,   22.07535531,   36.10397694,     77.85067009]]
/root/sim/music/out/Oasis/Time Flies 1994-2009 [Disc 1]/1-07 Songbird 1.mp3; [-539.5328    , 101.100174  ,   4.2531505 ,  -1.0152965 ,  -7.444641  ,   -0.47350127,  -1.7940083 ,  -3.4430912 ,  -8.0433855 ,   0.09433971,   -2.7778077 ,   2.8540053 ,  -2.5774367 ]; [[18319.1876835 , 1455.38030584,  534.37959579,  -25.88647629,   -105.85899851, -160.09047548, -194.67864872,  -24.44818177,    -64.61957444,  149.10273091,  -58.76068548, -199.79548679,   -269.10297257], [ 1455.38030584, 1008.43898985, -360.19807427,   11.06579937,    -62.25979986,  -57.24454624,   36.04028256,  -11.47437142,    -41.7280005 ,   27.55944285,  -34.55127579,   44.33162254,     15.75844398], [  534.37959579, -360.19807427,  431.01904992,    2.41424534,     55.4115992 ,    0.84950243,  -49.1534158 ,  -11.79006805,     38.43873846,   21.8586268 ,   23.80470978,  -42.33598492,    -54.41839634], [  -25.88647629,   11.06579937,    2.41424534,  209.59520322,     43.592324  ,  -53.71684306,  -56.83529029,    3.50214444,      3.64452699,    2.53148743,    1.54169849,  -37.83015116,    -15.82264649], [ -105.85899851,  -62.25979986,   55.4115992 ,   43.592324  ,    141.59535942,   -7.25855134,  -23.62670913,   -1.11015558,     26.11129205,   -2.17620899,   -3.90503091,  -10.84886147,     -7.68343597], [ -160.09047548,  -57.24454624,    0.84950243,  -53.71684306,     -7.25855134,  136.38060399,   59.82399019,  -10.26503   ,      8.30887341,  -12.63692989,  -11.74621766,   39.70697239,     13.20718791], [ -194.67864872,   36.04028256,  -49.1534158 ,  -56.83529029,    -23.62670913,   59.82399019,  122.87620524,   16.11943213,     -6.05562644,   -9.9653419 ,   -3.73620957,   32.48431992,     17.57839955], [  -24.44818177,  -11.47437142,  -11.79006805,    3.50214444,     -1.11015558,  -10.26503   ,   16.11943213,   82.29461565,     10.67670134,   -2.52240834,    9.97367598,   -5.96259067,      5.44253925], [  -64.61957444,  -41.7280005 ,   38.43873846,    3.64452699,     26.11129205,    8.30887341,   -6.05562644,   10.67670134,     84.23079238,   20.25305006,   -6.6258725 ,   -1.24462271,     -9.21384107], [  149.10273091,   27.55944285,   21.8586268 ,    2.53148743,     -2.17620899,  -12.63692989,   -9.9653419 ,   -2.52240834,     20.25305006,   85.28027748,   26.13559036,  -15.09787164,    -20.49871564], [  -58.76068548,  -34.55127579,   23.80470978,    1.54169849,     -3.90503091,  -11.74621766,   -3.73620957,    9.97367598,     -6.6258725 ,   26.13559036,   73.71583257,    3.28870756,     -7.59548619], [ -199.79548679,   44.33162254,  -42.33598492,  -37.83015116,    -10.84886147,   39.70697239,   32.48431992,   -5.96259067,     -1.24462271,  -15.09787164,    3.28870756,   91.69788717,     33.60204251], [ -269.10297257,   15.75844398,  -54.41839634,  -15.82264649,     -7.68343597,   13.20718791,   17.57839955,    5.44253925,     -9.21384107,  -20.49871564,   -7.59548619,   33.60204251,     81.30137918]]
/root/sim/music/out/Oasis/Time Flies 1994-2009 [Disc 1]/1-12 Shakermaker 1.mp3; [-514.60394   , 119.223564  , -46.26676   ,  21.60772   ,   5.1577716 ,   -3.2868342 ,   0.46947128,   1.2400542 ,  -0.6209105 ,   4.829215  ,   -6.3024583 ,   5.8982077 ,  -1.5570995 ]; [[7750.38109104,  77.52072993, 129.91497639, 267.78126049, 170.46403038,   248.3078863 ,  73.27284664, 259.29912572,  60.17718601, 171.3627373 ,     7.1530155 ,  62.22339575, 160.25097828], [  77.52072993, 811.93364594,-370.22227483, 131.79057751,  -9.31560731,   -33.58920161, 101.06037348, -80.0336719 ,  47.51995767, -19.69074191,   -12.02012275,  33.11473756, -18.0530063 ], [ 129.91497639,-370.22227483, 616.92152654, -40.74294662, 138.63781428,   110.42340334, -31.88772624, 146.10246518,  -4.46376079,  62.19693838,    10.22133606, -11.25637263,  60.88309148], [ 267.78126049, 131.79057751, -40.74294662, 274.73940681,  84.3707269 ,    87.49554442,  56.89892659,  13.10226012, 102.6933917 ,  23.11344426,    43.9147664 ,  15.17761351,  39.0673469 ], [ 170.46403038,  -9.31560731, 138.63781428,  84.3707269 , 156.59198327,    86.91273854,  40.84147811,  59.31588626,  56.03638608,  44.80048237,    18.90410894,  16.75618218,  41.86725572], [ 248.3078863 , -33.58920161, 110.42340334,  87.49554442,  86.91273854,   182.98886287,  86.01958508,  77.12240252,  82.88759397,  35.00752442,    31.03284426,   1.52229652,  53.57567667], [  73.27284664, 101.06037348, -31.88772624,  56.89892659,  40.84147811,    86.01958508, 131.03683916,  44.09386311,  61.60632263,  16.5862185 ,    15.79198457,  17.66406699,  28.66197474], [ 259.29912572, -80.0336719 , 146.10246518,  13.10226012,  59.31588626,    77.12240252,  44.09386311, 120.51135821,  35.42820215,  41.06972272,     5.90624146,  12.83457125,  36.73310834], [  60.17718601,  47.51995767,  -4.46376079, 102.6933917 ,  56.03638608,    82.88759397,  61.60632263,  35.42820215, 134.78077479,  27.52000364,    36.03748257,   7.85244877,  34.07437902], [ 171.3627373 , -19.69074191,  62.19693838,  23.11344426,  44.80048237,    35.00752442,  16.5862185 ,  41.06972272,  27.52000364,  82.68533698,    17.37739372,  10.37466854,  23.80694179], [   7.1530155 , -12.02012275,  10.22133606,  43.9147664 ,  18.90410894,    31.03284426,  15.79198457,   5.90624146,  36.03748257,  17.37739372,    61.07143636,  15.58790334,  14.79415669], [  62.22339575,  33.11473756, -11.25637263,  15.17761351,  16.75618218,     1.52229652,  17.66406699,  12.83457125,   7.85244877,  10.37466854,    15.58790334,  53.23465389,  16.34166732], [ 160.25097828, -18.0530063 ,  60.88309148,  39.0673469 ,  41.86725572,    53.57567667,  28.66197474,  36.73310834,  34.07437902,  23.80694179,    14.79415669,  16.34166732,  70.34325826]]
/root/sim/music/out/Oasis/Time Flies 1994-2009 [Disc 1]/1-10 Stand By Me 1.mp3; [-467.66565   , 106.75282   , -16.850286  ,  33.96298   ,   2.6660993 ,    7.731377  ,  -5.5121975 ,   0.6315592 ,  -1.5847355 ,   0.11483831,    0.96720403,   1.6451514 ,  -3.1350415 ]; [[7121.96232777, -10.19521208, 114.2350849 ,  14.70915527, 170.48780491,   121.19437639,  55.08996303,  62.09425452,-125.19835525,  15.86736696,   -23.74916924, -13.35686833, -29.62000941], [ -10.19521208, 498.37283992,-210.57024213,  59.68329517, -84.68421682,    -7.00365492,  12.59263664,  -5.98411118,  18.36394897,   3.50459121,     8.81866609,  -3.55146727, -23.58424615], [ 114.2350849 ,-210.57024213, 323.05414309, -62.64159174,  99.51195133,   -18.43235966,   7.75670624,   8.19232714, -43.97641448,  -1.71538209,    -7.77462793, -15.33572611,  15.60555906], [  14.70915527,  59.68329517, -62.64159174, 225.5994398 ,  23.09848078,    17.25152631, -39.77232866, -19.05001155,  17.58293493, -26.88346254,    -1.42043175,  19.12992186,  22.60471244], [ 170.48780491, -84.68421682,  99.51195133,  23.09848078, 144.59855165,    12.86864924,   8.67369707,  -7.56757518, -10.24045878, -18.80729535,   -12.22255357, -11.86230806,   5.50525467], [ 121.19437639,  -7.00365492, -18.43235966,  17.25152631,  12.86864924,    83.01008843,  48.38133015,   6.34788985,   1.06233422,   3.51608832,     6.30265965,   1.40034435,   1.62948024], [  55.08996303,  12.59263664,   7.75670624, -39.77232866,   8.67369707,    48.38133015, 120.05972415,  29.42701063,   5.92042689,   3.67559937,     2.90420201, -15.28601815,  -6.55243805], [  62.09425452,  -5.98411118,   8.19232714, -19.05001155,  -7.56757518,     6.34788985,  29.42701063,  68.88206894,  11.75727324,  10.73782103,    -2.22364524,  -5.42563659,  -4.50608152], [-125.19835525,  18.36394897, -43.97641448,  17.58293493, -10.24045878,     1.06233422,   5.92042689,  11.75727324,  74.8198973 ,  11.51644914,     4.37775657,  -5.75257037,  -5.55354923], [  15.86736696,   3.50459121,  -1.71538209, -26.88346254, -18.80729535,     3.51608832,   3.67559937,  10.73782103,  11.51644914,  70.44105183,    20.80919636,   2.68493175,  -2.99115851], [ -23.74916924,   8.81866609,  -7.77462793,  -1.42043175, -12.22255357,     6.30265965,   2.90420201,  -2.22364524,   4.37775657,  20.80919636,    48.01349299,  20.40271321,   6.08911972], [ -13.35686833,  -3.55146727, -15.33572611,  19.12992186, -11.86230806,     1.40034435, -15.28601815,  -5.42563659,  -5.75257037,   2.68493175,    20.40271321,  54.64001177,  23.42667671], [ -29.62000941, -23.58424615,  15.60555906,  22.60471244,   5.50525467,     1.62948024,  -6.55243805,  -4.50608152,  -5.55354923,  -2.99115851,     6.08911972,  23.42667671,  52.07552395]]
/root/sim/music/out/Oasis/Time Flies 1994-2009 [Disc 1]/1-03 Live Forever 1.mp3; [-471.93597   , 102.55612   , -20.994553  ,  33.56319   ,  13.921951  ,   14.065344  ,   0.22798622,  12.294138  ,   6.3473935 ,   9.000353  ,    2.192649  ,   5.392327  ,   1.6389648 ]; [[12120.27593666,  319.0068622 , -955.12354285,  -53.18660915,   -171.49708287,  102.23436738,  127.23092694,  411.45062549,    214.50649064,  -56.90348146, -504.49751966, -385.14586756,    -19.92716406], [  319.0068622 ,  891.14523429, -476.34344072,  -28.40048774,    -49.21168728, -145.71222085,  -69.23742655,  -99.73689993,     -0.61654069,   35.11843229,    4.30572019,   53.76918895,     38.64984588], [ -955.12354285, -476.34344072,  655.95627318,   30.4112824 ,     49.15254227,   71.27799424,   -3.36022449,   37.01860009,    -26.45512767,  -21.05788744,   51.70541804,  -17.99208683,     -8.62286499], [  -53.18660915,  -28.40048774,   30.4112824 ,  196.69813426,     52.70425925,   15.20735209,    4.08136124,   13.0879897 ,     16.78189277,   12.7999465 ,    9.67802396,   19.65793334,     -9.86223978], [ -171.49708287,  -49.21168728,   49.15254227,   52.70425925,    102.05650956,   32.63557769,   14.41390012,   -1.65523982,      4.84732686,    7.95968129,   12.87326686,    5.13103538,     -6.65524888], [  102.23436738, -145.71222085,   71.27799424,   15.20735209,     32.63557769,  143.01832524,   76.0618352 ,   37.6737984 ,     -1.52369495,    0.57648517,   -0.42483946,  -18.15931979,    -11.75560879], [  127.23092694,  -69.23742655,   -3.36022449,    4.08136124,     14.41390012,   76.0618352 ,  135.46477135,   59.40629399,      5.05118873,   -2.99202859,  -15.29040159,  -13.13186126,    -14.30961587], [  411.45062549,  -99.73689993,   37.01860009,   13.0879897 ,     -1.65523982,   37.6737984 ,   59.40629399,  110.18500294,     35.92795151,   -6.18638701,  -28.45282144,  -23.26021674,     -5.65706791], [  214.50649064,   -0.61654069,  -26.45512767,   16.78189277,      4.84732686,   -1.52369495,    5.05118873,   35.92795151,     64.77973736,   24.39109063,  -10.19700761,   -7.44439335,     -1.29577024], [  -56.90348146,   35.11843229,  -21.05788744,   12.7999465 ,      7.95968129,    0.57648517,   -2.99202859,   -6.18638701,     24.39109063,   62.74779597,   27.04530553,    4.39133647,     -2.16558797], [ -504.49751966,    4.30572019,   51.70541804,    9.67802396,     12.87326686,   -0.42483946,  -15.29040159,  -28.45282144,    -10.19700761,   27.04530553,   76.57132498,   38.94625896,      2.32210594], [ -385.14586756,   53.76918895,  -17.99208683,   19.65793334,      5.13103538,  -18.15931979,  -13.13186126,  -23.26021674,     -7.44439335,    4.39133647,   38.94625896,   73.55976506,     19.62233207], [  -19.92716406,   38.64984588,   -8.62286499,   -9.86223978,     -6.65524888,  -11.75560879,  -14.30961587,   -5.65706791,     -1.29577024,   -2.16558797,    2.32210594,   19.62233207,     48.01014439]]
/root/sim/music/out/Oasis/Time Flies 1994-2009 [Disc 1]/1-13 All Around The World 1.mp3; [-494.30374   ,  96.15244   ,  -3.9725173 ,  37.50658   ,   1.7696352 ,    4.6801386 ,   0.9753363 ,   5.1913295 ,   0.11502314,   5.1267595 ,   -1.2457643 ,   0.15702298,  -2.6538062 ]; [[16385.31951273, -213.85545457, -613.8222447 ,  271.89163239,   -383.0332413 , -110.17123204, -243.94860076,  -43.85219415,    -76.77727216,   39.12716189,  -34.44022953,   -9.84170664,    -59.21121492], [ -213.85545457,  541.53215319,   18.90617708,   65.14920085,     71.46723608,   30.25067291,   57.93122337,   34.25751398,      9.75900228,   19.93245228,   14.78867686,    9.99626845,     12.39661344], [ -613.8222447 ,   18.90617708,  351.0124418 ,  -20.17418444,    119.63087236,   14.47562363,   13.33553312,   25.62707875,     -0.02168017,  -12.63101114,   13.46290442,    6.33451518,     17.06445354], [  271.89163239,   65.14920085,  -20.17418444,  154.13255561,     29.39962785,    6.8156672 ,  -13.74573779,   -9.04416348,     10.29728996,  -10.62716352,    1.80222919,   20.95144873,     11.94924674], [ -383.0332413 ,   71.46723608,  119.63087236,   29.39962785,    134.82945576,   25.83498202,   25.26470453,    9.54729832,     11.95449695,   -7.29669982,   14.29075034,   11.91032628,     18.61004475], [ -110.17123204,   30.25067291,   14.47562363,    6.8156672 ,     25.83498202,   79.44292282,   40.5943581 ,    8.86961539,      4.79451242,    4.05880013,    1.223829  ,    2.56399426,      3.47466653], [ -243.94860076,   57.93122337,   13.33553312,  -13.74573779,     25.26470453,   40.5943581 ,   91.3576774 ,   23.56883803,     16.68934091,    4.64625807,    5.67942925,    2.49379324,      5.38079651], [  -43.85219415,   34.25751398,   25.62707875,   -9.04416348,      9.54729832,    8.86961539,   23.56883803,   67.93481235,     13.80536147,   13.99545032,    3.37356929,   -0.6499101 ,      3.18380414], [  -76.77727216,    9.75900228,   -0.02168017,   10.29728996,     11.95449695,    4.79451242,   16.68934091,   13.80536147,     58.22787515,   16.75900349,    5.48585898,   -0.68589395,      1.65842971], [   39.12716189,   19.93245228,  -12.63101114,  -10.62716352,     -7.29669982,    4.05880013,    4.64625807,   13.99545032,     16.75900349,   59.67652111,   16.23362551,    1.32320412,     -2.95712989], [  -34.44022953,   14.78867686,   13.46290442,    1.80222919,     14.29075034,    1.223829  ,    5.67942925,    3.37356929,      5.48585898,   16.23362551,   45.07055624,   16.49033548,      6.72063529], [   -9.84170664,    9.99626845,    6.33451518,   20.95144873,     11.91032628,    2.56399426,    2.49379324,   -0.6499101 ,     -0.68589395,    1.32320412,   16.49033548,   48.00919662,     20.342064  ], [  -59.21121492,   12.39661344,   17.06445354,   11.94924674,     18.61004475,    3.47466653,    5.38079651,    3.18380414,      1.65842971,   -2.95712989,    6.72063529,   20.342064  ,     43.49438773]]
/root/sim/music/out/Oasis/Time Flies 1994-2009 [Disc 1]/1-08 Don't Look Back In Anger 1.mp3; [-516.48425   , 142.56181   , -31.177551  ,  32.570686  ,   4.636939  ,   -1.5437655 ,  -6.4995975 ,  -2.1166313 ,   0.55349064,   3.9959168 ,   -3.2804892 ,  -2.4892743 ,  -0.3062949 ]; [[10553.79107432,  -64.32308669,   39.38505811,   84.72429437,    193.00835052,  202.8314304 ,  151.58471011,  248.88170158,    249.11575612,  214.04340716,   22.30781777,   66.04672363,    -25.44441436], [  -64.32308669, 1162.53169067, -397.87983248,  227.2161496 ,    -70.00807021,  -55.14591431,  -40.76491569,  -75.64065186,    -68.56188518,  -60.87408215,   -6.24870157,  -18.13251815,      0.94592797], [   39.38505811, -397.87983248,  459.59441545, -137.89977513,     76.91688275,   36.60862129,   17.46686701,   49.49887715,      0.75455573,   18.78328324,   14.88034467,    1.77421894,     -6.42797495], [   84.72429437,  227.2161496 , -137.89977513,  278.45687445,     51.20042702,  -16.04080867,  -30.57872456,    5.5429297 ,     14.08416772,    4.08713984,  -21.61938136,   10.87973907,     58.1806585 ], [  193.00835052,  -70.00807021,   76.91688275,   51.20042702,    172.96853709,    6.04853495,   13.17296918,   37.88348377,     34.26434994,   31.32873603,    5.08798227,   13.97576781,     26.30991467], [  202.8314304 ,  -55.14591431,   36.60862129,  -16.04080867,      6.04853495,  139.3830468 ,   72.08761276,   52.65489864,     28.47813793,    9.00495589,    8.09691745,   17.86321801,    -17.78216425], [  151.58471011,  -40.76491569,   17.46686701,  -30.57872456,     13.17296918,   72.08761276,  141.96266369,   50.42971766,     43.30627363,   10.70141447,   13.58100653,   21.19420673,     -9.01301082], [  248.88170158,  -75.64065186,   49.49887715,    5.5429297 ,     37.88348377,   52.65489864,   50.42971766,  107.74002561,     51.20419199,   23.57160323,    8.17752082,   20.69751692,      6.99881706], [  249.11575612,  -68.56188518,    0.75455573,   14.08416772,     34.26434994,   28.47813793,   43.30627363,   51.20419199,     96.3811997 ,   36.32009023,    5.84826582,   13.97136327,      6.40829373], [  214.04340716,  -60.87408215,   18.78328324,    4.08713984,     31.32873603,    9.00495589,   10.70141447,   23.57160323,     36.32009023,   70.50438604,   21.57898148,    7.25513879,      5.09582216], [   22.30781777,   -6.24870157,   14.88034467,  -21.61938136,      5.08798227,    8.09691745,   13.58100653,    8.17752082,      5.84826582,   21.57898148,   60.82764097,   19.04948424,     -2.34856647], [   66.04672363,  -18.13251815,    1.77421894,   10.87973907,     13.97576781,   17.86321801,   21.19420673,   20.69751692,     13.97136327,    7.25513879,   19.04948424,   57.9084492 ,     19.86634368], [  -25.44441436,    0.94592797,   -6.42797495,   58.1806585 ,     26.30991467,  -17.78216425,   -9.01301082,    6.99881706,      6.40829373,    5.09582216,   -2.34856647,   19.86634368,     70.01212247]]
/root/sim/music/out/Oasis/Time Flies 1994-2009 [Disc 1]/1-06 Cigarettes & Alcohol 1.mp3; [-465.3727   ,  82.50812  , -30.77883  ,  34.85597  ,   5.8297267,   12.326994 ,  10.568402 ,   7.775525 ,  11.44195  ,   8.6089525,    3.4156694,   6.3057985,   3.9321673]; [[12774.07738953,  497.32869541,   41.76133866, -744.83590774,    124.16976247,  280.57899494,   35.82395047,  324.79414201,     -6.91871231,   97.84390533,  -22.62416818,   10.7624802 ,     19.16163515], [  497.32869541,  638.54462821, -107.75547248,  148.07428675,   -108.19857071,  -67.27479374,  -34.55745814,  -39.25689638,     45.2126465 ,    9.73421491,   46.68639392,   40.97271324,     26.80638928], [   41.76133866, -107.75547248,  350.20560549, -145.5056111 ,     57.17300789,    1.76423852,  -51.17033035,   22.48729322,    -24.55009797,   -4.90992997,  -19.27322799,  -25.56371469,    -10.32862744], [ -744.83590774,  148.07428675, -145.5056111 ,  442.73263452,    -53.29382719,  -56.0188394 ,  -23.55441413,  -86.20077897,     49.44788717,   10.25026865,   66.04631297,   48.59710428,     34.06196565], [  124.16976247, -108.19857071,   57.17300789,  -53.29382719,    125.92076394,   42.60840602,   30.46563772,   14.4914545 ,    -17.73822102,    3.90697298,  -22.97158426,  -11.87496162,    -10.91183236], [  280.57899494,  -67.27479374,    1.76423852,  -56.0188394 ,     42.60840602,   87.06443035,   44.13424865,   30.50563262,    -15.71974427,  -11.28913046,  -14.26834751,  -10.07566968,     -5.15411494], [   35.82395047,  -34.55745814,  -51.17033035,  -23.55441413,     30.46563772,   44.13424865,   87.00877905,   32.80512401,     -3.30562853,  -11.34364546,  -17.05303015,   -5.97825186,     -7.63097718], [  324.79414201,  -39.25689638,   22.48729322,  -86.20077897,     14.4914545 ,   30.50563262,   32.80512401,   71.91530763,     10.24566404,    4.09042545,  -17.63278699,   -7.73806235,     -3.72887305], [   -6.91871231,   45.2126465 ,  -24.55009797,   49.44788717,    -17.73822102,  -15.71974427,   -3.30562853,   10.24566404,     57.73440494,   30.66811395,   20.41161409,    6.77890881,      7.81738888], [   97.84390533,    9.73421491,   -4.90992997,   10.25026865,      3.90697298,  -11.28913046,  -11.34364546,    4.09042545,     30.66811395,   68.72817314,   33.10325051,   19.32889848,      4.68203818], [  -22.62416818,   46.68639392,  -19.27322799,   66.04631297,    -22.97158426,  -14.26834751,  -17.05303015,  -17.63278699,     20.41161409,   33.10325051,   71.50536998,   41.02256059,     23.77849093], [   10.7624802 ,   40.97271324,  -25.56371469,   48.59710428,    -11.87496162,  -10.07566968,   -5.97825186,   -7.73806235,      6.77890881,   19.32889848,   41.02256059,   60.21505021,     32.25985231], [   19.16163515,   26.80638928,  -10.32862744,   34.06196565,    -10.91183236,   -5.15411494,   -7.63097718,   -3.72887305,      7.81738888,    4.68203818,   23.77849093,   32.25985231,     49.39027836]]
/root/sim/music/out/Oasis/Time Flies 1994-2009 [Disc 1]/1-11 Lord Don't Slow Me Down 1.mp3; [-494.11264   , 115.22012   , -10.749406  ,  29.609926  ,  12.534017  ,   -0.4861705 ,  -1.2324356 ,   3.2764618 ,   2.7766285 ,   1.1334932 ,    0.42869115,  -2.6709425 ,  -1.2284071 ]; [[20670.98578893, -764.0629977 ,-1043.90649323, -234.10470264,   -358.03969595, -318.96453339,  -24.56763719,  303.77562184,    271.47956115,  -79.68917054,  -55.57665748, -469.87719736,    -77.86144182], [ -764.0629977 , 1383.68209245,  -24.08666105,  238.83890087,    114.06468429,   22.65350685,  -35.84117991,  -56.80027612,    -71.20494174,   25.57733048,   18.52471479,  123.0245843 ,     17.11384677], [-1043.90649323,  -24.08666105,  495.30191233,   26.4765956 ,     40.7600646 ,   49.70193042,   15.31578026,  -14.3668434 ,    -44.0375589 ,  -11.68251228,   -3.40277924,   42.10367016,      9.33307315], [ -234.10470264,  238.83890087,   26.4765956 ,  255.68785128,     42.50146314,   11.5011863 ,  -17.49420772,  -13.70100646,     -0.52629823,   33.47541681,   -4.02244756,   35.84851458,     25.65464639], [ -358.03969595,  114.06468429,   40.7600646 ,   42.50146314,    184.9536793 ,   11.53975962,  -15.6534865 ,    0.16208197,     10.23965213,   18.4797282 ,   12.53935681,   31.49473897,     22.29785984], [ -318.96453339,   22.65350685,   49.70193042,   11.5011863 ,     11.53975962,  107.73727894,   51.04260143,    1.82895995,    -12.25200138,    0.25325794,   15.02785649,   18.9895255 ,     -8.86577373], [  -24.56763719,  -35.84117991,   15.31578026,  -17.49420772,    -15.6534865 ,   51.04260143,  101.10669235,   32.97629878,      2.44244511,   -9.38612492,   13.05793882,    5.85683574,     -8.26443468], [  303.77562184,  -56.80027612,  -14.3668434 ,  -13.70100646,      0.16208197,    1.82895995,   32.97629878,   77.47433259,     23.76705558,   -2.7891058 ,    3.85529853,    0.85141593,      1.93598263], [  271.47956115,  -71.20494174,  -44.0375589 ,   -0.52629823,     10.23965213,  -12.25200138,    2.44244511,   23.76705558,     76.05516889,   24.55602607,    5.24595766,  -15.64935534,      7.34574142], [  -79.68917054,   25.57733048,  -11.68251228,   33.47541681,     18.4797282 ,    0.25325794,   -9.38612492,   -2.7891058 ,     24.55602607,   65.98224287,   17.07409582,    8.61439194,      3.6717241 ], [  -55.57665748,   18.52471479,   -3.40277924,   -4.02244756,     12.53935681,   15.02785649,   13.05793882,    3.85529853,      5.24595766,   17.07409582,   56.7400966 ,   17.17243777,      1.2401474 ], [ -469.87719736,  123.0245843 ,   42.10367016,   35.84851458,     31.49473897,   18.9895255 ,    5.85683574,    0.85141593,    -15.64935534,    8.61439194,   17.17243777,   77.87873724,     14.68764479], [  -77.86144182,   17.11384677,    9.33307315,   25.65464639,     22.29785984,   -8.86577373,   -8.26443468,    1.93598263,      7.34574142,    3.6717241 ,    1.2401474 ,   14.68764479,     57.55290085]]
/root/sim/music/out/Oasis/Shakermaker Single/02 D'Yer Wanna Be A Spaceman_.mp3; [-635.8111   , 111.645065 ,  14.463545 ,   9.67094  ,  -0.5785116,   -2.799868 ,  -1.1708881,   6.1781807,  -9.075606 ,  -2.311943 ,   -1.6239643,  -0.7493808,  -7.9940825]; [[12371.59297862, 1436.7433257 , -138.55657011, -249.00781535,   -151.88850157, -210.08095161, -228.50895148,   -9.23077643,   -146.8422325 ,   23.46391696,  -60.9979849 ,  -45.19533331,   -114.14595968], [ 1436.7433257 ,  886.66398875, -192.0351752 , -112.90690523,    -96.43114628,  -38.35833676,   19.78706328,   39.00746213,    -11.46923242,   35.04319349,   97.31117391,    3.43451552,      4.52739392], [ -138.55657011, -192.0351752 ,  297.25376121,  121.31859738,     97.0596976 ,   77.74252845,   66.48183755,   34.68514227,     21.95856114,    7.64797234,   -9.94311627,   30.83938719,      2.51310254], [ -249.00781535, -112.90690523,  121.31859738,  324.51220668,    169.96665334,   57.81890408,   11.76173107,   34.66944898,     28.07758257,    5.28817908,  -29.44260204,   22.43679978,     33.81033342], [ -151.88850157,  -96.43114628,   97.0596976 ,  169.96665334,    206.08950025,   64.16309584,   18.52037058,   19.44785671,     31.75237173,   24.81147064,   -9.34202187,   13.10035492,     18.59653498], [ -210.08095161,  -38.35833676,   77.74252845,   57.81890408,     64.16309584,  144.1504985 ,   93.70827344,   53.80094929,     22.07715808,   11.40490052,   19.42893855,   11.71024014,     -5.28538467], [ -228.50895148,   19.78706328,   66.48183755,   11.76173107,     18.52037058,   93.70827344,  165.05470532,   76.85731244,     18.50848979,   12.94813121,   26.66094508,    9.88311434,     -6.59750953], [   -9.23077643,   39.00746213,   34.68514227,   34.66944898,     19.44785671,   53.80094929,   76.85731244,  106.67184943,     33.61553357,    9.59197589,   16.63909011,    5.09002604,     -2.76619262], [ -146.8422325 ,  -11.46923242,   21.95856114,   28.07758257,     31.75237173,   22.07715808,   18.50848979,   33.61553357,     75.9740843 ,   29.18691765,   11.63914893,   10.89320044,      6.58686479], [   23.46391696,   35.04319349,    7.64797234,    5.28817908,     24.81147064,   11.40490052,   12.94813121,    9.59197589,     29.18691765,   80.93398748,   37.64052572,    5.67199645,      2.26206518], [  -60.9979849 ,   97.31117391,   -9.94311627,  -29.44260204,     -9.34202187,   19.42893855,   26.66094508,   16.63909011,     11.63914893,   37.64052572,   81.96247177,   16.61203696,     -9.129278  ], [  -45.19533331,    3.43451552,   30.83938719,   22.43679978,     13.10035492,   11.71024014,    9.88311434,    5.09002604,     10.89320044,    5.67199645,   16.61203696,   60.05656005,     18.81326187], [ -114.14595968,    4.52739392,    2.51310254,   33.81033342,     18.59653498,   -5.28538467,   -6.59750953,   -2.76619262,      6.58686479,    2.26206518,   -9.129278  ,   18.81326187,     76.39137698]]
/root/sim/music/out/Oasis/Shakermaker Single/06 Cloudburst.mp3; [-574.4737    , 110.15508   , -28.092583  ,  48.903725  ,  25.298002  ,   13.658379  ,   1.9493567 ,   9.661219  ,   6.0963345 ,   8.016754  ,    2.4249115 ,   0.7424109 ,  -0.29197633]; [[9470.42808419,-766.84853414,-175.97084979, -68.34870693, 105.97077666,   280.10030545, -26.94040242,  41.31130565,-213.19501142, -57.4628052 ,   216.24637479, 147.2017809 , 139.38595784], [-766.84853414, 847.36949321,-338.7441111 ,  96.42530068, -55.91124627,   -67.30178736, -31.12605594, -21.55956801,  51.96747799,  34.69105528,   -46.43022447,  10.94077634, -25.92837636], [-175.97084979,-338.7441111 , 631.25860084,  -0.32764843, 125.1237826 ,    41.8384865 ,  49.16263428,  51.73604981, -32.88008922, -20.19181522,    41.36841762,  14.88869162,  24.25087429], [ -68.34870693,  96.42530068,  -0.32764843, 159.23716596,  28.09537586,    12.05812718,  -9.97660326,   4.07720049,  15.08066688,  16.00629873,     3.5010957 ,   1.2216778 ,  -0.90256617], [ 105.97077666, -55.91124627, 125.1237826 ,  28.09537586, 165.67671447,    65.05524588,  58.72404939,  42.57523789,  12.92796665,  13.56206613,    26.78841474,  18.87176625,  20.49446986], [ 280.10030545, -67.30178736,  41.8384865 ,  12.05812718,  65.05524588,    97.63458176,  50.08884715,  33.69805924,  -6.53096645,   1.52629653,    19.27049962,   8.6298717 ,  13.65980519], [ -26.94040242, -31.12605594,  49.16263428,  -9.97660326,  58.72404939,    50.08884715, 102.96965197,  48.2225571 ,  13.73255023,  -1.04206986,    15.58288011,   9.89397805,  10.33045982], [  41.31130565, -21.55956801,  51.73604981,   4.07720049,  42.57523789,    33.69805924,  48.2225571 ,  73.37292087,  28.92571327,  13.7879625 ,    14.04329998,   8.95043893,  11.83002312], [-213.19501142,  51.96747799, -32.88008922,  15.08066688,  12.92796665,    -6.53096645,  13.73255023,  28.92571327,  82.93510874,  47.65885417,     7.15480439,  -5.32942583,   2.51889563], [ -57.4628052 ,  34.69105528, -20.19181522,  16.00629873,  13.56206613,     1.52629653,  -1.04206986,  13.7879625 ,  47.65885417,  71.11697094,    26.55888186,   6.02768508,   3.11890273], [ 216.24637479, -46.43022447,  41.36841762,   3.5010957 ,  26.78841474,    19.27049962,  15.58288011,  14.04329998,   7.15480439,  26.55888186,    66.18653455,  26.71431127,  18.31046562], [ 147.2017809 ,  10.94077634,  14.88869162,   1.2216778 ,  18.87176625,     8.6298717 ,   9.89397805,   8.95043893,  -5.32942583,   6.02768508,    26.71431127,  58.11930493,  27.3392545 ], [ 139.38595784, -25.92837636,  24.25087429,  -0.90256617,  20.49446986,    13.65980519,  10.33045982,  11.83002312,   2.51889563,   3.11890273,    18.31046562,  27.3392545 ,  47.65184829]]
