/root/sim/music/201~300/296_Burn_Your_Arms.mp3; [-556.253    ,  90.482834 ,  13.901187 ,  37.023674 ,  11.472897 ,   15.120986 ,   8.562993 ,  13.040139 ,   5.93279  ,   3.179365 ,    1.2428674,  -0.034082 ,  -1.1021535]; [[9488.39583533, 723.77311897,-400.13813262,  93.62851055,  16.06408975,   -87.25254868,  27.95341202, 183.84209412, -51.39374612,-107.7492552 ,  -218.9611362 ,-193.84155203,-141.74172321], [ 723.77311897,1286.05604009,-163.04339131, 193.19279203,  69.8916614 ,    24.03780414, 174.13635115,  90.62110151,  58.28329317, -19.60858565,   -22.74535925,  -4.13641898,   8.75496735], [-400.13813262,-163.04339131, 801.69686537,   2.43035168,  99.87327244,   176.97849112,  46.27674895,  82.94764012,  38.48121329,  23.1376619 ,    48.36110006,   6.71420599,  46.62297763], [  93.62851055, 193.19279203,   2.43035168, 167.18337203,  63.65956017,    45.64299123,  73.14906163,  44.14507125,  57.85632774,  39.37506076,    28.69762573,  36.66162083,  21.89648463], [  16.06408975,  69.8916614 ,  99.87327244,  63.65956017,  87.55568698,    60.79251735,  53.12723536,  44.20367113,  38.52894367,  25.76833922,    22.25992919,  17.22448086,  23.42979446], [ -87.25254868,  24.03780414, 176.97849112,  45.64299123,  60.79251735,   109.20788745,  69.88800191,  52.58990014,  35.88602465,  18.99588503,    26.52570931,  16.82533257,  20.30035583], [  27.95341202, 174.13635115,  46.27674895,  73.14906163,  53.12723536,    69.88800191, 120.68731079,  72.12630418,  54.0732838 ,  26.02324659,    27.01021602,  26.77685781,  25.18355113], [ 183.84209412,  90.62110151,  82.94764012,  44.14507125,  44.20367113,    52.58990014,  72.12630418,  89.87595112,  51.37696756,  24.27464568,    18.20004597,  14.0826096 ,  18.2199247 ], [ -51.39374612,  58.28329317,  38.48121329,  57.85632774,  38.52894367,    35.88602465,  54.0732838 ,  51.37696756,  89.25781971,  52.32716918,    32.71777183,  30.0471979 ,  29.2340477 ], [-107.7492552 , -19.60858565,  23.1376619 ,  39.37506076,  25.76833922,    18.99588503,  26.02324659,  24.27464568,  52.32716918,  63.88128123,    40.47543655,  33.34037283,  26.62439779], [-218.9611362 , -22.74535925,  48.36110006,  28.69762573,  22.25992919,    26.52570931,  27.01021602,  18.20004597,  32.71777183,  40.47543655,    65.42506876,  48.79106817,  35.25823699], [-193.84155203,  -4.13641898,   6.71420599,  36.66162083,  17.22448086,    16.82533257,  26.77685781,  14.0826096 ,  30.0471979 ,  33.34037283,    48.79106817,  72.93445995,  44.82158769], [-141.74172321,   8.75496735,  46.62297763,  21.89648463,  23.42979446,    20.30035583,  25.18355113,  18.2199247 ,  29.2340477 ,  26.62439779,    35.25823699,  44.82158769,  61.11921857]]
/root/sim/music/201~300/273_旅の朝.mp3; [-691.1226    , 200.28996   ,   1.1143482 ,  26.111868  , -11.457959  ,    9.017498  ,  -6.215925  , -12.217693  , -13.512043  , -12.201964  ,   -1.9880855 ,  -7.262682  ,   0.63436645]; [[9399.77544073, 231.69749803,-599.80476887, -37.72077844,-470.27609561,   152.46084411, -92.52343753, -18.96351124,-115.29313795, -20.67698961,   -13.44039421, -63.06746835,  47.60439365], [ 231.69749803,1253.60036459,-254.04027954, 116.69010207,  52.26152613,   112.59135909,  88.72077043,  -0.76874615, -15.39105532, -73.33607481,    28.60218558,  11.40128183,   9.93051395], [-599.80476887,-254.04027954, 465.85217431, -17.68675813, 116.21470938,  -105.94167211,  35.57227762,  20.99612162,  44.48151651,   2.42558582,   -13.40155659,   8.96156982, -18.49161708], [ -37.72077844, 116.69010207, -17.68675813, 200.07238544, -69.83669539,    55.88802514, -32.15964462,  35.48147391,   7.94886101,  19.3916228 ,    -9.49296923,  14.01610128, -12.05754378], [-470.27609561,  52.26152613, 116.21470938, -69.83669539, 231.98064126,   -25.94118701,  71.93898021, -20.43076121,   3.24219536, -44.61871786,    28.11180894,   9.30445495,   1.4521297 ], [ 152.46084411, 112.59135909,-105.94167211,  55.88802514, -25.94118701,   137.98531491,  15.55583889,   1.96753477, -19.36394651,  14.02269635,     9.84523722,  18.63974889,  26.56559945], [ -92.52343753,  88.72077043,  35.57227762, -32.15964462,  71.93898021,    15.55583889, 130.60129082,  19.73689929,  13.73964367, -25.61901598,     2.68687507,  30.99935524,  21.33362665], [ -18.96351124,  -0.76874615,  20.99612162,  35.48147391, -20.43076121,     1.96753477,  19.73689929,  95.48697587,  28.37537568, -17.03944561,   -19.57215659,  -7.90546446,  -7.24237426], [-115.29313795, -15.39105532,  44.48151651,   7.94886101,   3.24219536,   -19.36394651,  13.73964367,  28.37537568,  64.8974349 ,  11.22255609,    -9.90939344, -21.18928347,  -0.18287672], [ -20.67698961, -73.33607481,   2.42558582,  19.3916228 , -44.61871786,    14.02269635, -25.61901598, -17.03944561,  11.22255609,  96.74628205,     6.36541746, -12.07289962, -15.4740411 ], [ -13.44039421,  28.60218558, -13.40155659,  -9.49296923,  28.11180894,     9.84523722,   2.68687507, -19.57215659,  -9.90939344,   6.36541746,    73.72544842, -10.11598523,  -0.7462829 ], [ -63.06746835,  11.40128183,   8.96156982,  14.01610128,   9.30445495,    18.63974889,  30.99935524,  -7.90546446, -21.18928347, -12.07289962,   -10.11598523, 117.78979073,  35.24204817], [  47.60439365,   9.93051395, -18.49161708, -12.05754378,   1.4521297 ,    26.56559945,  21.33362665,  -7.24237426,  -0.18287672, -15.4740411 ,    -0.7462829 ,  35.24204817,  63.68928694]]
/root/sim/music/201~300/214_喧騒を忘れて的なBGM.mp3; [-824.5365   , 190.57095  , -52.244076 ,  -9.644169 ,  -4.8438077,  -18.344906 , -33.533417 , -21.433424 , -30.075954 , -28.704834 ,  -24.45057  , -16.066275 , -10.114109 ]; [[ 8925.01668014,   56.40482179,-2571.55569723, -428.52112918,     75.80191581,  127.57422903, -151.96946248,  344.55360622,     16.44037781,   14.6328406 ,  -39.37787927,  -50.95937123,      5.3922113 ], [   56.40482179, 1557.99842745, -149.95626751, -378.77282162,   -117.75315275,   92.32268802,  -20.58910042,  -81.25379414,    186.57655148,   10.81749263, -114.56320502, -128.32479593,   -106.76914413], [-2571.55569723, -149.95626751, 1545.39582747,  -29.60857532,    -42.91133274,  -10.81728262,   44.79384564, -130.03120558,     25.5255444 ,    8.63066977,   10.7243696 ,  -39.27652952,    -90.09474061], [ -428.52112918, -378.77282162,  -29.60857532,  701.03368502,    187.02176793, -141.85341875,  -42.73784185,  122.43141186,    -96.47274945,  -80.75353199,   34.20942107,  104.0776366 ,    139.02065146], [   75.80191581, -117.75315275,  -42.91133274,  187.02176793,    306.95190388,  127.69043113,  -41.3918619 ,   43.98882015,     84.12115935,  -58.52892259,  -69.71564008,  -46.2940334 ,    -33.28594173], [  127.57422903,   92.32268802,  -10.81728262, -141.85341875,    127.69043113,  358.35382759,   54.16997827,    1.23798649,    176.67785031,  -17.84809134, -111.07394688, -132.43875746,   -129.2864392 ], [ -151.96946248,  -20.58910042,   44.79384564,  -42.73784185,    -41.3918619 ,   54.16997827,  157.53113486,   45.30302068,    -34.41165576,   20.98240243,   34.22910161,    9.50075957,    -14.61866283], [  344.55360622,  -81.25379414, -130.03120558,  122.43141186,     43.98882015,    1.23798649,   45.30302068,  185.5708504 ,     16.39195783,  -45.57093436,    1.53136257,    6.80561026,     35.36214366], [   16.44037781,  186.57655148,   25.5255444 ,  -96.47274945,     84.12115935,  176.67785031,  -34.41165576,   16.39195783,    280.70764733,    3.38696397, -131.63409041, -142.08294243,   -126.22144134], [   14.6328406 ,   10.81749263,    8.63066977,  -80.75353199,    -58.52892259,  -17.84809134,   20.98240243,  -45.57093436,      3.38696397,  123.97456851,   48.47955313,   11.51404207,    -22.20143128], [  -39.37787927, -114.56320502,   10.7243696 ,   34.20942107,    -69.71564008, -111.07394688,   34.22910161,    1.53136257,   -131.63409041,   48.47955313,  164.3801161 ,  114.31031932,     61.68753123], [  -50.95937123, -128.32479593,  -39.27652952,  104.0776366 ,    -46.2940334 , -132.43875746,    9.50075957,    6.80561026,   -142.08294243,   11.51404207,  114.31031932,  168.07886714,    128.18289072], [    5.3922113 , -106.76914413,  -90.09474061,  139.02065146,    -33.28594173, -129.2864392 ,  -14.61866283,   35.36214366,   -126.22144134,  -22.20143128,   61.68753123,  128.18289072,    187.03235685]]
/root/sim/music/201~300/288_Fine_Clover.mp3; [-629.956   , 153.23257 , -10.992668, -12.673786, -16.989557, -12.605595,  -13.549165,  -8.412393,  -8.322538,  -5.397553,  -9.212732,  -9.747851,   -9.972844]; [[ 4376.07512433,-1947.59781541,  841.79355712,  805.29608563,    383.34512787,  607.08230955,  667.20796999,  194.47254971,     30.1889206 ,  413.38371942,  495.80859373,  107.81914178,    -39.34623377], [-1947.59781541, 1669.67647622, -471.15741249, -124.63026208,     80.82367326, -107.75847163, -148.86412403,   82.45304215,    116.79467332,  -95.75311117, -126.97804502,    6.54808968,     87.89907733], [  841.79355712, -471.15741249,  532.71735594,  117.9388158 ,    122.18594988,  183.20032665,  134.37125903,  119.33946896,    107.96910986,   84.57972816,   69.19382526,   53.22234879,     64.19666511], [  805.29608563, -124.63026208,  117.9388158 ,  398.10395388,    186.33401899,  213.72852589,  226.91840571,  132.09306009,     44.27835501,  144.60848175,  189.82410326,   50.2476457 ,     10.07678664], [  383.34512787,   80.82367326,  122.18594988,  186.33401899,    237.80935684,  171.28196793,  162.22364021,  128.56790185,     98.84189812,   67.55353125,  104.40489108,   75.13249586,     51.98540954], [  607.08230955, -107.75847163,  183.20032665,  213.72852589,    171.28196793,  265.70599908,  193.95388552,  114.30358139,     55.90167584,  110.6509915 ,  129.44332334,   40.1504331 ,     37.52224701], [  667.20796999, -148.86412403,  134.37125903,  226.91840571,    162.22364021,  193.95388552,  236.02017932,   88.39631406,     39.5811327 ,  107.70381385,  136.24758088,   44.49220156,      1.59045874], [  194.47254971,   82.45304215,  119.33946896,  132.09306009,    128.56790185,  114.30358139,   88.39631406,  169.94468926,     94.93680282,   44.40977502,   71.75083321,   43.75885924,     61.21101899], [   30.1889206 ,  116.79467332,  107.96910986,   44.27835501,     98.84189812,   55.90167584,   39.5811327 ,   94.93680282,    183.82215604,   17.89318006,   26.89107652,   45.87046629,     62.89816051], [  413.38371942,  -95.75311117,   84.57972816,  144.60848175,     67.55353125,  110.6509915 ,  107.70381385,   44.40977502,     17.89318006,  139.55170633,   73.23525248,   14.79477041,      5.5413013 ], [  495.80859373, -126.97804502,   69.19382526,  189.82410326,    104.40489108,  129.44332334,  136.24758088,   71.75083321,     26.89107652,   73.23525248,  218.59502731,   62.1440377 ,    -24.66410592], [  107.81914178,    6.54808968,   53.22234879,   50.2476457 ,     75.13249586,   40.1504331 ,   44.49220156,   43.75885924,     45.87046629,   14.79477041,   62.1440377 ,  123.59311885,     17.11967571], [  -39.34623377,   87.89907733,   64.19666511,   10.07678664,     51.98540954,   37.52224701,    1.59045874,   61.21101899,     62.89816051,    5.5413013 ,  -24.66410592,   17.11967571,    130.06248581]]
/root/sim/music/201~300/233_新涼.mp3; [-905.7479   , 257.86053  , -10.632659 , -39.608875 , -20.29011  ,  -15.951375 , -16.481644 , -16.45847  ,  -9.175799 ,  -0.1292732,   -2.0153852,  -6.3478546,  -6.179092 ]; [[ 8696.38044137, 3471.52842674,-1776.8559137 ,  -84.76666586,    202.95996517,    3.72933081, -225.49204839, -287.43526917,    -35.90966044,  149.53192947,  -70.02702607, -137.68015174,     79.68120154], [ 3471.52842674, 2521.04941407, -405.07680757, -402.00916552,     49.70045351,  -22.55323094, -146.10947394, -179.44520153,    -92.65235876,  -20.8799725 ,  -70.65951656, -101.89310104,    -34.57255334], [-1776.8559137 , -405.07680757,  934.40274304,  -29.19796171,   -237.32330273,  -67.69795819,    8.50295698,   66.93837063,    -29.53760433,  -75.94989397,   64.12320617,   93.15623345,    -78.44525998], [  -84.76666586, -402.00916552,  -29.19796171,  315.99299841,     52.76975957,  -68.20579016,  -24.16506176,   14.39737975,     59.5972242 ,   48.36632563,  -11.23547753,   10.24947536,     29.16621941], [  202.95996517,   49.70045351, -237.32330273,   52.76975957,    250.14456451,   76.03776628,  -66.24196165,  -64.38711213,     21.56722327,   33.01197238,  -73.41880768,  -85.3568704 ,     23.23957544], [    3.72933081,  -22.55323094,  -67.69795819,  -68.20579016,     76.03776628,  205.52147608,  101.33458754,  -11.51769858,    -42.67134617,  -33.35080295,   -1.88359858,  -13.02614983,     -7.2227798 ], [ -225.49204839, -146.10947394,    8.50295698,  -24.16506176,    -66.24196165,  101.33458754,  226.79832959,  105.89374024,    -45.76546282,  -42.20824499,   62.92259648,   57.49509266,    -26.65632353], [ -287.43526917, -179.44520153,   66.93837063,   14.39737975,    -64.38711213,  -11.51769858,  105.89374024,  168.35724115,     65.32510092,  -43.67226236,   -8.24690416,   34.76313817,     20.17182236], [  -35.90966044,  -92.65235876,  -29.53760433,   59.5972242 ,     21.56722327,  -42.67134617,  -45.76546282,   65.32510092,    178.02662346,   82.78609346,  -95.04970221,  -88.13906112,     43.39834231], [  149.53192947,  -20.8799725 ,  -75.94989397,   48.36632563,     33.01197238,  -33.35080295,  -42.20824499,  -43.67226236,     82.78609346,  200.13053255,   52.10647561,  -95.65804974,    -37.18304055], [  -70.02702607,  -70.65951656,   64.12320617,  -11.23547753,    -73.41880768,   -1.88359858,   62.92259648,   -8.24690416,    -95.04970221,   52.10647561,  260.8045671 ,  162.49484771,    -85.12985107], [ -137.68015174, -101.89310104,   93.15623345,   10.24947536,    -85.3568704 ,  -13.02614983,   57.49509266,   34.76313817,    -88.13906112,  -95.65804974,  162.49484771,  310.6358128 ,     44.06689456], [   79.68120154,  -34.57255334,  -78.44525998,   29.16621941,     23.23957544,   -7.2227798 ,  -26.65632353,   20.17182236,     43.39834231,  -37.18304055,  -85.12985107,   44.06689456,    165.25735401]]
/root/sim/music/201~300/294_Isogriv.mp3; [-543.6707   , 102.468414 ,  21.188549 ,  26.457159 ,  13.784524 ,   10.787707 ,   5.7013903,   4.4507084,   2.592461 ,   0.7439088,   -1.9859916,  -1.750672 ,  -2.988979 ]; [[2990.99841853,-357.17360028, 226.54648577, 144.99891762, -19.34545599,     7.39926007,  -3.45687809, 113.48101511,  12.84122989, -32.61673547,     3.85955193,  -0.97516903,  21.91540196], [-357.17360028, 436.04525568, -80.76536044,  71.0488754 ,  30.71789059,    57.90269364,  41.72403616,  27.20540365,  11.50726619,  49.45942303,    35.1023352 ,  33.20049816,  -0.66806414], [ 226.54648577, -80.76536044, 142.70155661,   1.0365202 ,  34.12917395,    15.4323743 ,  21.26399691,  15.09533001,  11.1270118 ,  -5.7879214 ,     0.72400308,   1.06974678,   4.74570107], [ 144.99891762,  71.0488754 ,   1.0365202 , 119.58869888,  23.17970136,    42.49270991,  16.67394141,  45.41926645,   9.41375593,  18.93410674,    17.77446363,  13.65383768,   1.8265938 ], [ -19.34545599,  30.71789059,  34.12917395,  23.17970136,  89.79017052,    38.70607842,  52.55191469,  24.54282042,  30.29297738,  19.89687602,    15.72351939,  10.86034785,   4.96900087], [   7.39926007,  57.90269364,  15.4323743 ,  42.49270991,  38.70607842,    65.8134892 ,  31.49376643,  31.62714028,  15.74512485,  21.96933144,    11.92419083,  10.23016889,   5.68490127], [  -3.45687809,  41.72403616,  21.26399691,  16.67394141,  52.55191469,    31.49376643,  75.96851592,  33.57858607,  31.04136308,  18.18461905,    22.92336605,  17.95701531,   3.94223148], [ 113.48101511,  27.20540365,  15.09533001,  45.41926645,  24.54282042,    31.62714028,  33.57858607,  68.65076656,  26.54552321,  15.23525828,    20.68988374,  12.51308383,   5.41531427], [  12.84122989,  11.50726619,  11.1270118 ,   9.41375593,  30.29297738,    15.74512485,  31.04136308,  26.54552321,  58.57712918,  31.27947347,    14.06700003,  11.04574462,  10.53989126], [ -32.61673547,  49.45942303,  -5.7879214 ,  18.93410674,  19.89687602,    21.96933144,  18.18461905,  15.23525828,  31.27947347,  49.16073149,    19.79913669,   7.37157418,   8.29194364], [   3.85955193,  35.1023352 ,   0.72400308,  17.77446363,  15.72351939,    11.92419083,  22.92336605,  20.68988374,  14.06700003,  19.79913669,    38.10843298,  20.77778081,   6.75472038], [  -0.97516903,  33.20049816,   1.06974678,  13.65383768,  10.86034785,    10.23016889,  17.95701531,  12.51308383,  11.04574462,   7.37157418,    20.77778081,  33.94529571,  12.10077101], [  21.91540196,  -0.66806414,   4.74570107,   1.8265938 ,   4.96900087,     5.68490127,   3.94223148,   5.41531427,  10.53989126,   8.29194364,     6.75472038,  12.10077101,  25.55380901]]
/root/sim/music/201~300/274_秋、深まりて.mp3; [-1005.4557    ,  226.5171    ,   26.116465  ,  -25.27968   ,    -8.02021   ,   -9.591357  ,  -13.665513  ,   -6.1962256 ,    -2.4992044 ,   -3.2592378 ,   -3.6834655 ,   -2.5966046 ,    -0.06749684]; [[ 7787.9804137 , 4286.12268007,-1737.04408628, -300.56921479,    680.66383808,   35.46927835,   -1.03159736,  214.87511456,    -60.29999698,  -95.39433734,  -66.59459258, -144.05877667,   -154.07614095], [ 4286.12268007, 3039.00238615, -365.61593075, -135.57981017,    542.11927316,  238.22580361,   49.34860111,  105.45059625,      3.43030842,  -63.12946845,  -68.14724489,  -89.85138761,    -85.02011109], [-1737.04408628, -365.61593075, 1323.70432607,  409.0205093 ,     20.58038708,  302.19833573,  132.00372023,  -67.00480285,     39.09550082,   31.83109792,   -6.63662986,   47.17250848,     48.39281806], [ -300.56921479, -135.57981017,  409.0205093 ,  407.28480674,    114.18995855,   89.29776797,   97.01004921,   11.16448626,    -14.52794321,   30.86946327,   50.78939793,   57.76663678,     50.31920899], [  680.66383808,  542.11927316,   20.58038708,  114.18995855,    270.50657213,  127.84645161,   31.89224695,   45.53390486,     26.60248429,    8.61202573,   25.60423348,   33.63186481,     32.25490289], [   35.46927835,  238.22580361,  302.19833573,   89.29776797,    127.84645161,  222.84778103,   87.76790427,    7.37111947,     50.13206261,   28.69581613,   -1.55031195,   23.38386287,     22.2501267 ], [   -1.03159736,   49.34860111,  132.00372023,   97.01004921,     31.89224695,   87.76790427,  126.86484334,   53.25180208,     12.07015247,   36.73134575,   29.34672027,    9.92522332,     14.99370824], [  214.87511456,  105.45059625,  -67.00480285,   11.16448626,     45.53390486,    7.37111947,   53.25180208,  105.78827395,     67.1423612 ,   32.7038716 ,   24.80559536,    9.34961666,      8.50481804], [  -60.29999698,    3.43030842,   39.09550082,  -14.52794321,     26.60248429,   50.13206261,   12.07015247,   67.1423612 ,    144.94282949,   89.32855918,    6.41416933,    2.44711848,     23.4965429 ], [  -95.39433734,  -63.12946845,   31.83109792,   30.86946327,      8.61202573,   28.69581613,   36.73134575,   32.7038716 ,     89.32855918,  133.91186134,   64.80123814,    3.91151764,     35.87201911], [  -66.59459258,  -68.14724489,   -6.63662986,   50.78939793,     25.60423348,   -1.55031195,   29.34672027,   24.80559536,      6.41416933,   64.80123814,  116.39201652,   72.73027175,     26.08827816], [ -144.05877667,  -89.85138761,   47.17250848,   57.76663678,     33.63186481,   23.38386287,    9.92522332,    9.34961666,      2.44711848,    3.91151764,   72.73027175,  115.39016599,     53.34765668], [ -154.07614095,  -85.02011109,   48.39281806,   50.31920899,     32.25490289,   22.2501267 ,   14.99370824,    8.50481804,     23.4965429 ,   35.87201911,   26.08827816,   53.34765668,    104.82855306]]
/root/sim/music/201~300/291_或る星に逢いに.mp3; [-630.49066   , 148.23929   ,   1.4318467 ,  18.545336  ,   0.00589269,    4.0095477 ,  -6.8498206 ,   1.0852003 ,  -5.9077764 ,   1.0939399 ,   -3.4485643 ,  -6.4725847 ,  -4.865476  ]; [[ 2638.27130827,-1613.94137781,  759.22755137,   47.50352633,    350.69936475,  114.04161524,  -29.75669941,  248.9426723 ,     80.09433439,  121.33714147,   72.19742781,   15.38414211,     86.680175  ], [-1613.94137781, 1752.73885181, -479.33853261,   87.09096191,    -13.96954421,   58.85883749,  178.65827065,  -60.70824935,    102.59805587,   37.74405981,   44.76045316,  113.19000366,     39.98770394], [  759.22755137, -479.33853261, 1165.80134831,  -17.50030327,    317.52393558,  340.95649036,  127.06156837,  401.20376605,    110.69955363,  223.59901832,  229.39928293,  122.43401121,     97.05931467], [   47.50352633,   87.09096191,  -17.50030327,  237.2298497 ,     68.52205234,   55.06972584,   61.90035873,   43.95946854,    104.0499312 ,   43.43533557,   64.5498678 ,   40.69382349,     27.24849305], [  350.69936475,  -13.96954421,  317.52393558,   68.52205234,    340.63838254,  186.31893337,  110.97851283,  173.19949254,    142.2438926 ,  158.32413089,   95.45917334,  104.17850934,     90.85195033], [  114.04161524,   58.85883749,  340.95649036,   55.06972584,    186.31893337,  240.62281658,  107.79290208,  159.92385961,     93.57885561,  111.92774818,   93.20177902,   84.73091821,     53.76262208], [  -29.75669941,  178.65827065,  127.06156837,   61.90035873,    110.97851283,  107.79290208,  157.32614946,  111.19797664,     74.94053108,   78.72873108,   70.82035413,   53.50347996,     57.86013607], [  248.9426723 ,  -60.70824935,  401.20376605,   43.95946854,    173.19949254,  159.92385961,  111.19797664,  267.2190849 ,    102.02057509,  102.73515238,  137.45826232,   80.97313689,     44.14035193], [   80.09433439,  102.59805587,  110.69955363,  104.0499312 ,    142.2438926 ,   93.57885561,   74.94053108,  102.02057509,    172.07988714,  100.46149721,   60.80046269,   54.48264257,     59.22519115], [  121.33714147,   37.74405981,  223.59901832,   43.43533557,    158.32413089,  111.92774818,   78.72873108,  102.73515238,    100.46149721,  170.1968155 ,   66.26470533,   49.33116781,     65.32620028], [   72.19742781,   44.76045316,  229.39928293,   64.5498678 ,     95.45917334,   93.20177902,   70.82035413,  137.45826232,     60.80046269,   66.26470533,  157.92460832,   69.60542021,     19.59979542], [   15.38414211,  113.19000366,  122.43401121,   40.69382349,    104.17850934,   84.73091821,   53.50347996,   80.97313689,     54.48264257,   49.33116781,   69.60542021,  128.88351465,     46.2148744 ], [   86.680175  ,   39.98770394,   97.05931467,   27.24849305,     90.85195033,   53.76262208,   57.86013607,   44.14035193,     59.22519115,   65.32620028,   19.59979542,   46.2148744 ,    112.37978206]]
/root/sim/music/201~300/242_足どり軽く.mp3; [-800.1295   , 251.03975  , -17.792984 ,  -3.534299 ,   6.442397 ,  -12.174375 , -20.663618 , -17.2587   , -19.99969  , -19.825907 ,  -11.95156  ,  -4.260424 ,   0.3739995]; [[10860.76303792, 2507.20343869,-1640.98398439, -356.48486794,   -392.98655103, -579.06734317, -401.21217353, -252.8908767 ,   -139.62412628,  -48.88716421,  -86.6268724 ,  -65.34476061,     62.86532214], [ 2507.20343869, 2291.14876891, -316.03007318, -300.39853232,     62.36759548,  -93.284738  , -192.10579985, -129.03710424,   -182.13260299, -115.02383418,  -24.71956388,   -7.46660072,     30.1550819 ], [-1640.98398439, -316.03007318,  612.92642842,   45.63559944,     44.19823612,  127.31607596,   51.51451775,   27.09582793,     40.30405317,  -22.68198929,  -42.32376263,   18.89068984,      4.47517472], [ -356.48486794, -300.39853232,   45.63559944,  295.85029233,     34.29932934,   12.51901618,   60.05328375,   60.2125217 ,     60.02263243,    9.52507271,  -22.55906018,    5.91101967,      6.89535181], [ -392.98655103,   62.36759548,   44.19823612,   34.29932934,    148.49272528,   57.88732039,   18.94168687,   27.82472413,     -8.15182049,  -14.84834657,    5.65636872,    4.34085838,      6.84657326], [ -579.06734317,  -93.284738  ,  127.31607596,   12.51901618,     57.88732039,  183.75446752,   79.91676272,    9.37625577,    -10.60049997,   25.30231044,   39.44225175,  -13.68923288,    -30.5357329 ], [ -401.21217353, -192.10579985,   51.51451775,   60.05328375,     18.94168687,   79.91676272,  156.40978378,   57.0348447 ,     19.89898421,   55.86290798,   59.53007074,    4.32531459,    -23.3580054 ], [ -252.8908767 , -129.03710424,   27.09582793,   60.2125217 ,     27.82472413,    9.37625577,   57.0348447 ,  102.4178566 ,     61.86146021,   13.72506902,    4.81437993,    7.25349616,     -5.04243735], [ -139.62412628, -182.13260299,   40.30405317,   60.02263243,     -8.15182049,  -10.60049997,   19.89898421,   61.86146021,    134.20346139,   49.81728725,  -25.49082889,   -3.68438047,     -3.87828128], [  -48.88716421, -115.02383418,  -22.68198929,    9.52507271,    -14.84834657,   25.30231044,   55.86290798,   13.72506902,     49.81728725,  136.40241452,   77.59544273,   -7.60255947,     -9.58884115], [  -86.6268724 ,  -24.71956388,  -42.32376263,  -22.55906018,      5.65636872,   39.44225175,   59.53007074,    4.81437993,    -25.49082889,   77.59544273,  142.68370825,   38.06570845,    -16.28376253], [  -65.34476061,   -7.46660072,   18.89068984,    5.91101967,      4.34085838,  -13.68923288,    4.32531459,    7.25349616,     -3.68438047,   -7.60255947,   38.06570845,   96.73509616,     49.12955944], [   62.86532214,   30.1550819 ,    4.47517472,    6.89535181,      6.84657326,  -30.5357329 ,  -23.3580054 ,   -5.04243735,     -3.87828128,   -9.58884115,  -16.28376253,   49.12955944,    103.92600204]]
/root/sim/music/201~300/281_LIFE.mp3; [-665.12024   , 154.05487   ,  -3.5595303 ,  18.079166  ,   9.269757  ,    5.219186  ,  -9.06176   ,  -0.02550945,   5.4741426 ,   7.1705475 ,   -3.6027596 , -10.168239  ,  -4.240591  ]; [[ 5636.81889233,-1372.50511127, 1053.58061423,   97.27457283,     51.56878559,   96.87909488,  -82.01842623,  -69.74252727,    -39.69203873,  -90.65362168, -165.07312672, -196.56262612,      0.80795169], [-1372.50511127, 2255.02892909, -446.945787  ,  385.89590297,    252.60521999,  141.98332788,   32.72826709,  -65.08082393,     -8.28685306,  116.89977987,   59.49205783,  -22.89383631,     67.35150627], [ 1053.58061423, -446.945787  , 1045.22595239,    1.15771712,    109.74229773,  224.43991785,  171.97646023,   69.27297638,     27.44804959,  -36.49655499,   12.05969244,   29.86556027,     27.31089831], [   97.27457283,  385.89590297,    1.15771712,  299.38966122,     58.65355078,   81.39442371,   73.25338021,   92.55219279,     16.36143951,  -32.24407583,   -2.73272748,   38.52770951,     39.17262582], [   51.56878559,  252.60521999,  109.74229773,   58.65355078,    387.43888875,   63.54512097,   26.48447669,   21.60299724,    121.45348723,  101.86091735,   52.29293771,   18.80578676,    -19.4314842 ], [   96.87909488,  141.98332788,  224.43991785,   81.39442371,     63.54512097,  226.19813759,   85.84996041,  -15.28359171,    -13.68518469,   59.32353373,   87.71054375,   16.29451196,     13.83371738], [  -82.01842623,   32.72826709,  171.97646023,   73.25338021,     26.48447669,   85.84996041,  158.4669129 ,   87.95778321,    -13.74134356,  -27.30073594,   53.49392289,   61.01398576,     -3.24491507], [  -69.74252727,  -65.08082393,   69.27297638,   92.55219279,     21.60299724,  -15.28359171,   87.95778321,  268.3971784 ,    138.00801239, -111.75210844,  -64.3125047 ,  103.8416913 ,     31.25585961], [  -39.69203873,   -8.28685306,   27.44804959,   16.36143951,    121.45348723,  -13.68518469,  -13.74134356,  138.00801239,    219.31725694,   28.92314802,  -82.6452769 ,   28.64523613,     60.34199641], [  -90.65362168,  116.89977987,  -36.49655499,  -32.24407583,    101.86091735,   59.32353373,  -27.30073594, -111.75210844,     28.92314802,  201.79033446,   98.59863873,  -57.60836279,     -4.5508436 ], [ -165.07312672,   59.49205783,   12.05969244,   -2.73272748,     52.29293771,   87.71054375,   53.49392289,  -64.3125047 ,    -82.6452769 ,   98.59863873,  232.41304679,   20.58652369,    -97.2604416 ], [ -196.56262612,  -22.89383631,   29.86556027,   38.52770951,     18.80578676,   16.29451196,   61.01398576,  103.8416913 ,     28.64523613,  -57.60836279,   20.58652369,  137.91738729,     17.46316793], [    0.80795169,   67.35150627,   27.31089831,   39.17262582,    -19.4314842 ,   13.83371738,   -3.24491507,   31.25585961,     60.34199641,   -4.5508436 ,  -97.2604416 ,   17.46316793,    158.49107062]]
/root/sim/music/201~300/286_クリームソーダ.mp3; [-690.37036   , 156.28902   ,  18.842026  ,  30.519403  ,  -0.45214817,    9.04368   ,  -0.6882214 ,   1.4748464 ,  -2.2554555 ,   5.140364  ,    0.18652768,  -1.3971965 ,  -3.2416046 ]; [[28124.11622986, 4205.18400182, 1099.82225119, 1869.71141976,    914.93055587, 1343.79676944,  527.99935435,  504.62524139,     51.48439699,   80.08641519,   -2.16486029, -206.48426764,   -392.56103629], [ 4205.18400182, 2489.24105124, -160.21194901,  534.1979635 ,    167.3928924 ,  336.64932617,  197.64470244,  110.64895319,      5.65006959,  -45.70332996,  -36.47692251,  -84.97108897,    -39.27407963], [ 1099.82225119, -160.21194901,  801.1716928 ,  218.59269252,    221.96742161,  154.77281984,   96.80424907,  104.30915772,     27.20890306,   37.36203657,   19.13361224,   57.22762357,      7.69720984], [ 1869.71141976,  534.1979635 ,  218.59269252,  421.00430326,    178.97076643,  234.14233141,  135.30983013,   87.99215772,      8.9957639 ,   -0.46867236,    7.53973823,   -5.18159978,     -8.60947744], [  914.93055587,  167.3928924 ,  221.96742161,  178.97076643,    234.25495425,  157.56291744,  112.94886004,   53.88125223,     16.24776855,   -6.48334545,   14.50901685,   -2.59039509,     -2.8817386 ], [ 1343.79676944,  336.64932617,  154.77281984,  234.14233141,    157.56291744,  253.12421216,  125.29105552,   76.41538288,      8.34658971,   -5.8600931 ,   10.0576496 ,  -12.55675722,     -9.93085489], [  527.99935435,  197.64470244,   96.80424907,  135.30983013,    112.94886004,  125.29105552,  166.08342098,   64.211633  ,     14.74198161,  -20.19268347,    0.48572595,   -7.88261608,     13.43405863], [  504.62524139,  110.64895319,  104.30915772,   87.99215772,     53.88125223,   76.41538288,   64.211633  ,  131.91582788,     42.87268153,    4.74740138,    0.8422004 ,   14.10959096,      7.58748262], [   51.48439699,    5.65006959,   27.20890306,    8.9957639 ,     16.24776855,    8.34658971,   14.74198161,   42.87268153,    105.13861914,   35.45108739,   16.33480095,    1.53549792,      5.72681871], [   80.08641519,  -45.70332996,   37.36203657,   -0.46867236,     -6.48334545,   -5.8600931 ,  -20.19268347,    4.74740138,     35.45108739,  116.37559071,   47.3451429 ,   16.36007402,     -7.49114769], [   -2.16486029,  -36.47692251,   19.13361224,    7.53973823,     14.50901685,   10.0576496 ,    0.48572595,    0.8422004 ,     16.33480095,   47.3451429 ,  104.13956319,   41.08055739,      7.12330933], [ -206.48426764,  -84.97108897,   57.22762357,   -5.18159978,     -2.59039509,  -12.55675722,   -7.88261608,   14.10959096,      1.53549792,   16.36007402,   41.08055739,  103.45618156,     33.56353798], [ -392.56103629,  -39.27407963,    7.69720984,   -8.60947744,     -2.8817386 ,   -9.93085489,   13.43405863,    7.58748262,      5.72681871,   -7.49114769,    7.12330933,   33.56353798,     93.29523281]]
/root/sim/music/201~300/213_もう少し寝ていたいアリス.mp3; [-634.23615   , 129.5187    ,  38.68898   ,  20.571058  ,   5.7338505 ,   -0.62329924,  -2.2768133 ,   3.7882204 ,  -1.4555871 ,   4.2289157 ,   -0.5467066 ,   1.7731062 ,   2.4677353 ]; [[5794.84470617,-925.36363578,-435.55281841, 331.95434888, 180.66064691,   232.24765368, 102.4797873 , -45.11731383,  13.28672755,  29.42362397,    43.78769792,  -9.07265842,  -8.90134545], [-925.36363578, 909.07827168,  44.19161228, -71.37793664,  27.44937105,   -54.76933214,-105.06398511,   3.91302062, -13.36080878,  38.23468825,    10.05109008,  -2.34429706,   3.1693681 ], [-435.55281841,  44.19161228, 684.94370385,-118.16200828,  58.96953637,    27.97933819,  45.24877552,  -9.305667  , -11.0706302 , -23.72866476,    33.5325014 ,  51.59447282,  36.22748961], [ 331.95434888, -71.37793664,-118.16200828, 348.77980766,   5.79099992,   -56.17005388,  41.57323116,  80.30236322,  19.42077714,  24.08262404,   -21.08624792, -51.77603198, -13.79920346], [ 180.66064691,  27.44937105,  58.96953637,   5.79099992, 379.13299268,    59.62185407,-294.19978545, -84.77547856, 114.21084334, 111.20550408,    99.78750278,  61.53137208,  12.33363462], [ 232.24765368, -54.76933214,  27.97933819, -56.17005388,  59.62185407,   421.01948841,  40.4889881 ,-246.99095601,-125.0858021 , -27.06512533,     5.05431408,  67.37935192,  85.20447278], [ 102.4797873 ,-105.06398511,  45.24877552,  41.57323116,-294.19978545,    40.4889881 , 619.76247326, 173.68489915,-177.98940971,-165.00383382,  -140.88554113, -73.26658854,  25.88596462], [ -45.11731383,   3.91302062,  -9.305667  ,  80.30236322, -84.77547856,  -246.99095601, 173.68489915, 381.1555107 ,  64.62465404, -59.21378235,     7.15606209, -52.09411596, -87.9049992 ], [  13.28672755, -13.36080878, -11.0706302 ,  19.42077714, 114.21084334,  -125.0858021 ,-177.98940971,  64.62465404, 258.31359066,  82.80963275,   -14.60066639,  39.26473849,  24.91664615], [  29.42362397,  38.23468825, -23.72866476,  24.08262404, 111.20550408,   -27.06512533,-165.00383382, -59.21378235,  82.80963275, 250.24797166,    36.80582907, -98.77374469, -18.9654589 ], [  43.78769792,  10.05109008,  33.5325014 , -21.08624792,  99.78750278,     5.05431408,-140.88554113,   7.15606209, -14.60066639,  36.80582907,   285.78803189,  48.30513078,-115.10188735], [  -9.07265842,  -2.34429706,  51.59447282, -51.77603198,  61.53137208,    67.37935192, -73.26658854, -52.09411596,  39.26473849, -98.77374469,    48.30513078, 261.83509534,  59.01303205], [  -8.90134545,   3.1693681 ,  36.22748961, -13.79920346,  12.33363462,    85.20447278,  25.88596462, -87.9049992 ,  24.91664615, -18.9654589 ,  -115.10188735,  59.01303205, 210.78909911]]
/root/sim/music/201~300/269_Lust_Sword.mp3; [-625.7226   , 113.258385 ,  19.985115 ,  18.454689 ,  -1.1912788,   -3.859262 ,  -3.7897995,  -3.7764773,  -0.7919619,  -1.9067125,   -4.7105527,  -0.7685953,  -1.5865206]; [[34031.41568779,-4711.62461558,-1384.90043628,  724.88695766,   1033.78351936,  637.80920008,  621.4752133 ,  454.27980691,    662.55291192,  520.92098932,  170.04198769,  246.12580628,    303.99871903], [-4711.62461558, 2456.25497788, -127.98546835, -117.92250171,   -332.08025482, -173.44804006, -247.44954535, -140.01067014,   -204.50984991, -137.45522446,  -65.68836328,  -54.49916213,    -71.39556266], [-1384.90043628, -127.98546835,  880.15885444,  -52.00649018,    121.95823406,   67.03802605,  135.63602981,   59.32642881,     96.38331702,   45.77364846,   85.66870259,   49.97323914,     42.40296641], [  724.88695766, -117.92250171,  -52.00649018,  191.13303605,     74.58806689,   64.66350849,   45.47412857,   42.64678828,     14.439679  ,   35.62122571,   20.19026352,   21.75972075,     24.13077268], [ 1033.78351936, -332.08025482,  121.95823406,   74.58806689,    198.01064049,   99.80918945,  103.65165308,   53.16567658,     62.24592135,   37.76563802,   43.88759771,   44.53622557,     44.93005057], [  637.80920008, -173.44804006,   67.03802605,   64.66350849,     99.80918945,  127.13124662,   88.39992424,   46.79507018,     37.42027609,   30.85183591,   29.67601927,   31.89235755,     39.0636736 ], [  621.4752133 , -247.44954535,  135.63602981,   45.47412857,    103.65165308,   88.39992424,  128.88671065,   74.70893844,     61.95238416,   43.72304204,   39.76835105,   35.55086405,     36.92425315], [  454.27980691, -140.01067014,   59.32642881,   42.64678828,     53.16567658,   46.79507018,   74.70893844,  104.24001595,     83.49726902,   54.17365118,   32.31329491,   18.6915197 ,     15.69217037], [  662.55291192, -204.50984991,   96.38331702,   14.439679  ,     62.24592135,   37.42027609,   61.95238416,   83.49726902,    131.96299047,   84.73034166,   43.25606053,   18.96823722,     10.27484315], [  520.92098932, -137.45522446,   45.77364846,   35.62122571,     37.76563802,   30.85183591,   43.72304204,   54.17365118,     84.73034166,   97.0434689 ,   55.30158177,   20.29111445,      7.91507762], [  170.04198769,  -65.68836328,   85.66870259,   20.19026352,     43.88759771,   29.67601927,   39.76835105,   32.31329491,     43.25606053,   55.30158177,   75.99785938,   44.09007769,     20.70806063], [  246.12580628,  -54.49916213,   49.97323914,   21.75972075,     44.53622557,   31.89235755,   35.55086405,   18.6915197 ,     18.96823722,   20.29111445,   44.09007769,   67.71871881,     49.72686702], [  303.99871903,  -71.39556266,   42.40296641,   24.13077268,     44.93005057,   39.0636736 ,   36.92425315,   15.69217037,     10.27484315,    7.91507762,   20.70806063,   49.72686702,     75.8857841 ]]
/root/sim/music/201~300/224_碧い星の夢.mp3; [-644.0019    , 148.15424   ,   5.844616  ,  12.772026  ,   2.3566046 ,   27.919983  ,  13.9894495 ,   0.17231837,  -9.517986  ,  21.947493  ,   -1.3278905 ,  -9.481092  ,   0.8356217 ]; [[ 3479.43765286,-1011.06759051,  -40.44463163,  256.68030806,     62.25763581, -183.87519862,  122.11085378,  323.55507428,    231.35354186,  122.97771603, -116.02765635, -402.27181659,    200.33965839], [-1011.06759051, 1185.01278543, -338.70275214,  -20.89662593,    124.30334928,  -80.25805323,  110.68866951,  -51.05896212,     10.6367647 ,  100.84494759,   58.27845298,   -8.08642442,    -77.25351621], [  -40.44463163, -338.70275214, 1096.98442155,   -5.2778551 ,    134.64238836,  317.61533826, -142.92645271,   68.07135018,    -86.26582363,   39.5966618 ,  254.35762554,  230.50012845,    -42.95955082], [  256.68030806,  -20.89662593,   -5.2778551 ,  207.73319259,    -25.24136073,   57.80358233,   -4.89077163,    3.11000464,     52.87279568,  -14.21427578,    6.44737031,   42.21866057,     23.7937134 ], [   62.25763581,  124.30334928,  134.64238836,  -25.24136073,    216.38763461,  -15.7160858 ,   64.33321749,   56.73621316,      8.53613939,   52.89056808,   66.59049555,   29.06855461,      0.24150184], [ -183.87519862,  -80.25805323,  317.61533826,   57.80358233,    -15.7160858 ,  379.78334536, -132.61093484,  -44.59665308,     92.07431493,  -69.64544036,  -99.56264694,  267.25998705,    198.817064  ], [  122.11085378,  110.68866951, -142.92645271,   -4.89077163,     64.33321749, -132.61093484,  224.27293114,   11.5857897 ,     22.25579296,  109.25322453,   13.67583833, -137.0677984 ,    -21.50634857], [  323.55507428,  -51.05896212,   68.07135018,    3.11000464,     56.73621316,  -44.59665308,   11.5857897 ,  256.08884657,    -82.25625548,   49.1130037 ,  189.89195252,  -97.40103973,    -80.68023407], [  231.35354186,   10.6367647 ,  -86.26582363,   52.87279568,      8.53613939,   92.07431493,   22.25579296,  -82.25625548,    262.93896065,  -65.11283965, -225.63178053,  162.9590451 ,    189.42817124], [  122.97771603,  100.84494759,   39.5966618 ,  -14.21427578,     52.89056808,  -69.64544036,  109.25322453,   49.1130037 ,    -65.11283965,  286.07987994,   50.08413147, -267.71103765,     -4.5030638 ], [ -116.02765635,   58.27845298,  254.35762554,    6.44737031,     66.59049555,  -99.56264694,   13.67583833,  189.89195252,   -225.63178053,   50.08413147,  568.05219921, -166.66610993,   -326.7568647 ], [ -402.27181659,   -8.08642442,  230.50012845,   42.21866057,     29.06855461,  267.25998705, -137.0677984 ,  -97.40103973,    162.9590451 , -267.71103765, -166.66610993,  680.74999433,     89.31962075], [  200.33965839,  -77.25351621,  -42.95955082,   23.7937134 ,      0.24150184,  198.817064  ,  -21.50634857,  -80.68023407,    189.42817124,   -4.5030638 , -326.7568647 ,   89.31962075,    494.47429416]]
