/root/sim/music/out/Oasis/oasis-definitely_maybe_remastered_deluxe_edition/2-19 Supersonic (Live) (Remastered).mp3; [-486.51404  , 106.04617  , -24.071808 ,  24.19879  ,  10.640488 ,    0.2741339,   2.8352144,   2.5139804,   3.6963956,   1.3346386,    2.0202725,   1.4903182,   1.6631578]; [[17802.37226815,  828.1497559 , -387.62726392,  242.03175909,    236.03314912,  128.13136109,  245.66692567,   24.12047694,    -17.60239438,  -39.72021701, -188.50284108,   -3.45114029,    229.99153818], [  828.1497559 ,  890.76126277,  -58.97806413,  228.80779068,    122.72275095,   39.28906872,   95.66257153,   35.34432624,    -22.58169799,  -23.33010727,  -89.13052758,  -53.14855033,    -15.7958288 ], [ -387.62726392,  -58.97806413,  594.24655509,   39.57327097,    132.89398159,  119.24797529,  -11.97293104,   12.09706833,    -45.29222365,  -75.46756145, -110.37553913,  -78.96574015,     11.46455614], [  242.03175909,  228.80779068,   39.57327097,  211.38856064,     65.60522507,   38.12524088,   13.94474825,   -6.98914661,     -8.65599592,   -4.64548763,  -10.99875647,   -7.1359093 ,     -0.55593273], [  236.03314912,  122.72275095,  132.89398159,   65.60522507,    147.55325897,   73.0556003 ,   51.07708671,   14.16549844,    -10.61509681,  -33.00075959,  -69.25651487,  -35.20222247,     10.49974134], [  128.13136109,   39.28906872,  119.24797529,   38.12524088,     73.0556003 ,  107.71604215,   43.36390299,   24.22144243,    -10.21579312,  -32.59217429,  -48.24925613,  -28.481073  ,      1.98819624], [  245.66692567,   95.66257153,  -11.97293104,   13.94474825,     51.07708671,   43.36390299,  113.66825963,   38.56955949,     -3.54181765,  -11.94035653,  -37.94911928,  -16.94651386,      8.31686145], [   24.12047694,   35.34432624,   12.09706833,   -6.98914661,     14.16549844,   24.22144243,   38.56955949,   68.94920776,     20.10032486,    0.39732503,  -13.68002788,   -9.75126629,     -5.41131906], [  -17.60239438,  -22.58169799,  -45.29222365,   -8.65599592,    -10.61509681,  -10.21579312,   -3.54181765,   20.10032486,     68.76239178,   30.32238435,   27.5025106 ,   16.47022894,     -1.45596063], [  -39.72021701,  -23.33010727,  -75.46756145,   -4.64548763,    -33.00075959,  -32.59217429,  -11.94035653,    0.39732503,     30.32238435,   74.98969015,   57.60066727,   27.19369159,     -8.88111744], [ -188.50284108,  -89.13052758, -110.37553913,  -10.99875647,    -69.25651487,  -48.24925613,  -37.94911928,  -13.68002788,     27.5025106 ,   57.60066727,  133.33910134,   61.05085483,    -15.28885248], [   -3.45114029,  -53.14855033,  -78.96574015,   -7.1359093 ,    -35.20222247,  -28.481073  ,  -16.94651386,   -9.75126629,     16.47022894,   27.19369159,   61.05085483,   74.16566494,     13.51675744], [  229.99153818,  -15.7958288 ,   11.46455614,   -0.55593273,     10.49974134,    1.98819624,    8.31686145,   -5.41131906,     -1.45596063,   -8.88111744,  -15.28885248,   13.51675744,     77.7569501 ]]
/root/sim/music/out/Oasis/oasis-definitely_maybe_remastered_deluxe_edition/1-09 Digsys Dinner (Remastered).mp3; [-471.9903    , 110.73901   , -49.42783   ,  39.229485  ,  19.348219  ,   10.840051  ,   2.0411658 ,   5.6281686 ,   4.200285  ,   5.949883  ,    1.7572012 ,  -1.649614  ,   0.73039144]; [[8760.90826305,-463.43748363,-439.67575272, -84.24147967,-164.61071291,    95.08551581, -74.76272267,  36.71400366,-134.39169703, -50.43815497,   -30.25356237,-120.44489626, -48.43572421], [-463.43748363, 602.62518028,-197.59205992, 111.10778008, -41.9683285 ,   -26.52116299,  44.14760304,  -4.12433482,  61.02717562,  25.87419368,    10.53312979,  39.89269046,  25.17913052], [-439.67575272,-197.59205992, 292.4227572 , -27.73525194,  54.0657543 ,   -12.41770399, -28.91133813,  -0.51313694,   3.01809535,   0.95050744,    11.24693019,   8.54230977,   8.33225834], [ -84.24147967, 111.10778008, -27.73525194, 145.45484038,  43.58103769,     3.6422706 ,  -9.27399319, -14.93570583,  -3.2017513 ,  -5.30071235,     0.68349586,   9.99721232,   8.53360401], [-164.61071291, -41.9683285 ,  54.0657543 ,  43.58103769, 105.32678127,    19.78903935,  13.52484112, -13.95382016,   2.00455668,  -1.76684639,    10.49565541,   3.89413298,   8.78027003], [  95.08551581, -26.52116299, -12.41770399,   3.6422706 ,  19.78903935,    78.07508659,  37.49266702,  19.56959364,   2.01909422,   3.84215375,     1.08105666,  -0.26655456,  -3.58991   ], [ -74.76272267,  44.14760304, -28.91133813,  -9.27399319,  13.52484112,    37.49266702,  82.73761832,  34.05829674,  22.2929    ,   2.57622733,     1.40125367,  -0.81911849,   0.23629805], [  36.71400366,  -4.12433482,  -0.51313694, -14.93570583, -13.95382016,    19.56959364,  34.05829674,  65.58929265,  25.00921447,  13.20423269,    -3.84812419,  -3.6807611 ,  -1.76096446], [-134.39169703,  61.02717562,   3.01809535,  -3.2017513 ,   2.00455668,     2.01909422,  22.2929    ,  25.00921447,  70.08464831,  35.17614101,    15.1731988 ,   6.88682203,   5.44486646], [ -50.43815497,  25.87419368,   0.95050744,  -5.30071235,  -1.76684639,     3.84215375,   2.57622733,  13.20423269,  35.17614101,  55.06741511,    27.26821683,  11.13666181,   2.20587309], [ -30.25356237,  10.53312979,  11.24693019,   0.68349586,  10.49565541,     1.08105666,   1.40125367,  -3.84812419,  15.1731988 ,  27.26821683,    50.41933591,  24.56925736,  15.17285315], [-120.44489626,  39.89269046,   8.54230977,   9.99721232,   3.89413298,    -0.26655456,  -0.81911849,  -3.6807611 ,   6.88682203,  11.13666181,    24.56925736,  48.29101042,  25.27849635], [ -48.43572421,  25.17913052,   8.33225834,   8.53360401,   8.78027003,    -3.58991   ,   0.23629805,  -1.76096446,   5.44486646,   2.20587309,    15.17285315,  25.27849635,  47.16746283]]
/root/sim/music/out/Oasis/oasis-definitely_maybe_remastered_deluxe_edition/2-22 Fade Away (Remastered).mp3; [-477.4116    , 113.06464   , -28.345467  ,  29.699137  ,   4.3494363 ,    7.6747437 ,   7.382052  ,   7.8021283 ,   7.2595677 ,   5.6303964 ,    0.25197268,   3.5371594 ,   0.6896933 ]; [[13541.00250189,   -1.60437346,   41.25893572,  214.50985246,    220.8049171 ,  209.20635349,  -25.16437257,  307.36183895,    124.40186213,  253.04403907,   96.16884363,  -48.64687527,     19.9744624 ], [   -1.60437346, 1499.48594815, -429.92833731,  171.05564501,   -132.9403869 , -114.41682723,   44.54129618, -147.78360251,     16.77535476,  -53.17968668,  -42.24046947,   77.97678045,    -35.80174646], [   41.25893572, -429.92833731,  513.11055135,  -89.22210325,    101.21668653,   39.35832278,  -64.76737913,   69.78180484,    -29.8746729 ,   12.64711475,    7.42928338,  -54.04749945,     16.20343989], [  214.50985246,  171.05564501,  -89.22210325,  121.71023825,     10.5117107 ,   -1.47777845,    8.42660039,   -9.33018368,     20.38446698,    5.97285554,    6.87605945,   24.30468643,      0.50397722], [  220.8049171 , -132.9403869 ,  101.21668653,   10.5117107 ,    104.12013795,   39.24565066,   -0.51781131,   36.69623438,     -1.77232122,   11.70824737,    6.59332931,   -8.7522526 ,     13.26333037], [  209.20635349, -114.41682723,   39.35832278,   -1.47777845,     39.24565066,   80.86980756,   41.7062236 ,   31.37343177,     -3.862903  ,    4.34081797,    2.44433717,   -7.71952389,      8.73175273], [  -25.16437257,   44.54129618,  -64.76737913,    8.42660039,     -0.51781131,   41.7062236 ,   97.49901042,   25.499136  ,      2.45935919,  -14.65532796,  -11.35413519,    3.87341419,      6.73617936], [  307.36183895, -147.78360251,   69.78180484,   -9.33018368,     36.69623438,   31.37343177,   25.499136  ,   87.08631716,     21.34004168,   17.10461471,    3.26290676,  -13.50256689,     10.24477005], [  124.40186213,   16.77535476,  -29.8746729 ,   20.38446698,     -1.77232122,   -3.862903  ,    2.45935919,   21.34004168,     56.91759556,   33.5891525 ,   12.79226778,    2.89062986,     -6.60896533], [  253.04403907,  -53.17968668,   12.64711475,    5.97285554,     11.70824737,    4.34081797,  -14.65532796,   17.10461471,     33.5891525 ,   66.38860657,   32.02736036,    0.4500279 ,     -8.18166932], [   96.16884363,  -42.24046947,    7.42928338,    6.87605945,      6.59332931,    2.44433717,  -11.35413519,    3.26290676,     12.79226778,   32.02736036,   50.51125072,   18.03804132,      0.76325871], [  -48.64687527,   77.97678045,  -54.04749945,   24.30468643,     -8.7522526 ,   -7.71952389,    3.87341419,  -13.50256689,      2.89062986,    0.4500279 ,   18.03804132,   47.18101857,     14.90241363], [   19.9744624 ,  -35.80174646,   16.20343989,    0.50397722,     13.26333037,    8.73175273,    6.73617936,   10.24477005,     -6.60896533,   -8.18166932,    0.76325871,   14.90241363,     41.63913282]]
/root/sim/music/out/Oasis/oasis-definitely_maybe_remastered_deluxe_edition/2-21 Cloudburst (Remastered).mp3; [-509.08246   , 104.41926   , -29.111269  ,  48.274876  ,  23.616602  ,   13.485106  ,   1.5870223 ,   9.408897  ,   5.917127  ,   7.84726   ,    2.3738873 ,   0.67738014,  -0.22445616]; [[16011.79505776, -220.66714285, -389.8364361 ,  179.58313865,    233.0623415 ,  329.24472889,  -67.90387771,  106.16241878,   -215.98447593,    6.43690799,  224.23562267,  167.52837481,    155.53107455], [ -220.66714285,  969.72124995, -378.14743681,  153.88554096,    -43.08693717,  -57.82936538,  -29.79307575,  -16.54889506,     64.96785478,   36.74101169,  -48.7211002 ,    5.17158426,    -29.57279382], [ -389.8364361 , -378.14743681,  638.67253189,  -20.02494665,    119.44167583,   39.59013611,   48.79722088,   48.73546153,    -37.98018557,  -19.38497589,   41.94435198,   19.1799598 ,     24.50978509], [  179.58313865,  153.88554096,  -20.02494665,  178.00960847,     35.50301641,   14.70197943,   -8.49163521,    7.25696096,     20.58697922,   18.70569969,    0.83625468,   -1.58069938,     -3.10785738], [  233.0623415 ,  -43.08693717,  119.44167583,   35.50301641,    162.03867521,   65.49191087,   56.27985453,   42.95051476,     12.37034624,   15.3283592 ,   27.2094135 ,   19.95046761,     20.31501159], [  329.24472889,  -57.82936538,   39.59013611,   14.70197943,     65.49191087,   95.38326115,   48.1715972 ,   34.78478993,     -6.58507231,    3.20697966,   17.96869232,    8.53016464,     13.14051608], [  -67.90387771,  -29.79307575,   48.79722088,   -8.49163521,     56.27985453,   48.1715972 ,  100.40037672,   46.27864965,     14.70104694,   -1.13269181,   14.94003312,    9.34027228,      9.97622612], [  106.16241878,  -16.54889506,   48.73546153,    7.25696096,     42.95051476,   34.78478993,   46.27864965,   72.50576964,     27.36043585,   14.60175809,   14.47862206,   10.19825723,     12.20874597], [ -215.98447593,   64.96785478,  -37.98018557,   20.58697922,     12.37034624,   -6.58507231,   14.70104694,   27.36043585,     84.00491156,   46.27501413,    7.22379467,   -6.26710522,      1.95992121], [    6.43690799,   36.74101169,  -19.38497589,   18.70569969,     15.3283592 ,    3.20697966,   -1.13269181,   14.60175809,     46.27501413,   70.20389184,   27.06098452,    7.10525508,      3.6910704 ], [  224.23562267,  -48.7211002 ,   41.94435198,    0.83625468,     27.2094135 ,   17.96869232,   14.94003312,   14.47862206,      7.22379467,   27.06098452,   64.62920138,   25.96277036,     18.48608739], [  167.52837481,    5.17158426,   19.1799598 ,   -1.58069938,     19.95046761,    8.53016464,    9.34027228,   10.19825723,     -6.26710522,    7.10525508,   25.96277036,   58.07568304,     27.21983593], [  155.53107455,  -29.57279382,   24.50978509,   -3.10785738,     20.31501159,   13.14051608,    9.97622612,   12.20874597,      1.95992121,    3.6910704 ,   18.48608739,   27.21983593,     47.14840851]]
/root/sim/music/out/Oasis/oasis-definitely_maybe_remastered_deluxe_edition/3-28 Supersonic (Live At Glasgow Tramshed).mp3; [-443.79214   ,  72.214714  ,  -0.15503784,  23.311932  ,   3.8952348 ,    6.456631  ,   4.303406  ,   6.3163743 ,   5.173234  ,   4.182632  ,    3.0592766 ,   4.8548837 ,   0.8535928 ]; [[8807.1136849 , 597.03627607, 197.93679923, 338.64802117,  49.3493539 ,    42.8292348 ,  55.18198046,  47.41324602, -18.43424231, -95.76605247,   -78.18938086,   4.02101169, -20.210868  ], [ 597.03627607, 572.22120022,-272.98857897,  95.53037684, -16.17447926,   -84.02286324,  36.44318103,  26.09171523,  32.17134506, -10.02040537,    -4.49979285,  26.83502862,  36.32834822], [ 197.93679923,-272.98857897, 375.37266692, -56.5114508 ,  50.48397103,    61.94341766,  -0.26800793,  29.60557478, -20.25744787, -14.0939624 ,   -18.15400216, -33.46242638, -16.64058342], [ 338.64802117,  95.53037684, -56.5114508 , 144.45557284,   9.54700394,     6.72560775,  12.16089936,  -3.11500579,  12.20779493,   3.97597272,     7.62150796,  27.94101584,  20.15443242], [  49.3493539 , -16.17447926,  50.48397103,   9.54700394, 120.48283462,    30.19673249,  41.45732808,  36.40345394,  16.31217471,   2.97368288,     2.67541216,  -7.28260112,   2.80161535], [  42.8292348 , -84.02286324,  61.94341766,   6.72560775,  30.19673249,   127.39384068,  43.53025235,  19.81262735,   8.54472801,  11.37842312,     4.57227013,   9.19835391,  -0.51668994], [  55.18198046,  36.44318103,  -0.26800793,  12.16089936,  41.45732808,    43.53025235, 114.5668428 ,  67.17014427,  31.4980026 ,  11.69826285,     7.64951375,   6.89350227,  12.97423815], [  47.41324602,  26.09171523,  29.60557478,  -3.11500579,  36.40345394,    19.81262735,  67.17014427, 125.03996741,  44.27369638,   7.69160442,     0.20070368,  -2.47956447,   9.56575226], [ -18.43424231,  32.17134506, -20.25744787,  12.20779493,  16.31217471,     8.54472801,  31.4980026 ,  44.27369638,  69.33769818,  33.900164  ,    12.160483  ,   9.48522304,   9.93460034], [ -95.76605247, -10.02040537, -14.0939624 ,   3.97597272,   2.97368288,    11.37842312,  11.69826285,   7.69160442,  33.900164  ,  69.2575798 ,    35.78624527,  20.65103138,   9.10613249], [ -78.18938086,  -4.49979285, -18.15400216,   7.62150796,   2.67541216,     4.57227013,   7.64951375,   0.20070368,  12.160483  ,  35.78624527,    61.45792093,  29.44044711,  10.12335889], [   4.02101169,  26.83502862, -33.46242638,  27.94101584,  -7.28260112,     9.19835391,   6.89350227,  -2.47956447,   9.48522304,  20.65103138,    29.44044711,  62.67180521,  34.53608639], [ -20.210868  ,  36.32834822, -16.64058342,  20.15443242,   2.80161535,    -0.51668994,  12.97423815,   9.56575226,   9.93460034,   9.10613249,    10.12335889,  34.53608639,  60.20827258]]
/root/sim/music/out/Oasis/oasis-definitely_maybe_remastered_deluxe_edition/2-20 Up In The Sky (Acoustic) (Remastered).mp3; [-515.2645   , 125.238754 ,  -1.8853228,   9.32651  ,   3.5539124,   -4.44704  ,  -8.503739 ,  -0.5243303,  -6.6919703,   2.0051255,   -9.472474 ,  -5.4980645,  -3.5608647]; [[18634.79394201, 1716.77485906, -349.33517202,   16.23054346,   -120.57309872, -319.52916992, -343.57722425, -119.11889981,   -242.25905864,   66.23926444, -150.28243424, -144.86301794,   -177.09500419], [ 1716.77485906,  963.29909041,   -1.50977438,   36.81088367,    -23.15446415,  -21.80027936,  -18.42172651,    1.86828697,    -32.74013443,  -23.99324348,   -6.26200898,   12.97957676,      0.55861865], [ -349.33517202,   -1.50977438,  295.91479703,   -1.13366028,     34.40421139,   50.02812341,   55.64483788,   21.44258634,     14.82198956,    2.89262361,   14.80867251,   31.17941783,     15.40398162], [   16.23054346,   36.81088367,   -1.13366028,  130.25835899,     65.93933029,  -10.36804154,  -17.67939104,   15.55555098,     13.56507773,   16.12299041,   -4.93075814,   -4.0991614 ,     24.58165974], [ -120.57309872,  -23.15446415,   34.40421139,   65.93933029,    122.11407177,   23.47112519,    0.4440032 ,    9.8691065 ,     21.09402841,   22.11430089,    6.29318904,   -3.04140346,     17.09001244], [ -319.52916992,  -21.80027936,   50.02812341,  -10.36804154,     23.47112519,  112.34045522,   68.008872  ,   15.8661532 ,     18.89476278,    6.52924844,   21.60293541,   14.44422835,    -10.83981393], [ -343.57722425,  -18.42172651,   55.64483788,  -17.67939104,      0.4440032 ,   68.008872  ,  123.24351016,   35.04954833,     17.22587764,    9.79198394,   14.2681933 ,   19.60594863,     -6.64563744], [ -119.11889981,    1.86828697,   21.44258634,   15.55555098,      9.8691065 ,   15.8661532 ,   35.04954833,   74.21532146,     31.84256228,    3.44348003,    4.97501866,    2.1923821 ,      8.75531265], [ -242.25905864,  -32.74013443,   14.82198956,   13.56507773,     21.09402841,   18.89476278,   17.22587764,   31.84256228,     70.11108201,   23.51550734,    8.40447766,   -2.03975384,     -1.07780551], [   66.23926444,  -23.99324348,    2.89262361,   16.12299041,     22.11430089,    6.52924844,    9.79198394,    3.44348003,     23.51550734,   71.54537101,   19.77252121,    1.32645569,     -0.6330796 ], [ -150.28243424,   -6.26200898,   14.80867251,   -4.93075814,      6.29318904,   21.60293541,   14.2681933 ,    4.97501866,      8.40447766,   19.77252121,   66.30261941,   20.64840953,     -2.74311795], [ -144.86301794,   12.97957676,   31.17941783,   -4.0991614 ,     -3.04140346,   14.44422835,   19.60594863,    2.1923821 ,     -2.03975384,    1.32645569,   20.64840953,   55.1758281 ,     20.11467513], [ -177.09500419,    0.55861865,   15.40398162,   24.58165974,     17.09001244,  -10.83981393,   -6.64563744,    8.75531265,     -1.07780551,   -0.6330796 ,   -2.74311795,   20.11467513,     63.07516855]]
/root/sim/music/out/Oasis/oasis-definitely_maybe_remastered_deluxe_edition/2-23 Listen Up (Remastered).mp3; [-451.6547    , 110.29221   , -29.641848  ,  30.748327  ,  -2.796406  ,   -1.6220846 ,   5.249259  ,   9.145136  ,  -0.15427913,   5.3624554 ,    0.00134256,   2.7287219 ,   0.38436884]; [[7886.46673101, 780.79071331,-115.20115622,  83.59701741,   2.56232392,    74.15608421,  33.70903304,  76.02694432,  14.27564825,  23.86553598,   -35.3594257 , -65.9380659 , -27.20280571], [ 780.79071331, 618.95985513,-265.63187962,  69.6368284 ,  -3.19402538,    -0.90060963,  54.93012217,  17.36548783,  16.20662793,  34.78198896,   -14.15074581,  19.98069659,   1.43151569], [-115.20115622,-265.63187962, 297.83398407, -21.42810889,  24.85768259,    15.25411631, -28.21702571,   2.88917058,  -2.55693647, -25.79773597,    -1.77312545, -23.93674234,  -6.84657349], [  83.59701741,  69.6368284 , -21.42810889, 150.15292975,   7.26779461,   -33.13682593, -13.06708967,  -9.23071223,  -8.77895465,   8.26903924,    14.18665162,  28.08527445,   1.98740915], [   2.56232392,  -3.19402538,  24.85768259,   7.26779461,  75.37505841,    22.71982184,  -0.36371144,   0.39168565,   9.64488982,   3.29786271,     1.48022104,   2.23709688,   9.2167329 ], [  74.15608421,  -0.90060963,  15.25411631, -33.13682593,  22.71982184,    81.23556377,  26.36832912,  12.38415264,   5.84932302,  -3.49793227,    -8.54504748,  -8.9132342 ,   2.4983637 ], [  33.70903304,  54.93012217, -28.21702571, -13.06708967,  -0.36371144,    26.36832912,  75.98280065,  29.39922871,  10.04830877,   4.23476941,    -4.8512214 ,  -1.93170167,  -5.89677031], [  76.02694432,  17.36548783,   2.88917058,  -9.23071223,   0.39168565,    12.38415264,  29.39922871,  52.05235969,  26.10070763,   6.99984143,    -5.68539686,  -8.08387056,  -3.41869178], [  14.27564825,  16.20662793,  -2.55693647,  -8.77895465,   9.64488982,     5.84932302,  10.04830877,  26.10070763,  57.55225799,  24.62924389,    -5.32790635, -13.38731887,  -7.95415573], [  23.86553598,  34.78198896, -25.79773597,   8.26903924,   3.29786271,    -3.49793227,   4.23476941,   6.99984143,  24.62924389,  50.64426759,    20.74032921,   3.35421465,  -3.64112159], [ -35.3594257 , -14.15074581,  -1.77312545,  14.18665162,   1.48022104,    -8.54504748,  -4.8512214 ,  -5.68539686,  -5.32790635,  20.74032921,    51.98680135,  32.09854129,  13.52346672], [ -65.9380659 ,  19.98069659, -23.93674234,  28.08527445,   2.23709688,    -8.9132342 ,  -1.93170167,  -8.08387056, -13.38731887,   3.35421465,    32.09854129,  65.08906348,  31.85520972], [ -27.20280571,   1.43151569,  -6.84657349,   1.98740915,   9.2167329 ,     2.4983637 ,  -5.89677031,  -3.41869178,  -7.95415573,  -3.64112159,    13.52346672,  31.85520972,  47.49625068]]
/root/sim/music/out/Oasis/oasis-definitely_maybe_remastered_deluxe_edition/3-33 Strange Thing (Demo).mp3; [-466.51456  ,  82.05733  , -37.416405 ,  39.876034 ,   5.4933233,   19.548162 ,  -9.779381 ,   4.632843 ,  -4.6979384,  -9.890363 ,    0.8729042,   2.503877 ,  -5.9185724]; [[12595.1876687 ,  248.18327615,  376.61352264,  541.41765845,    481.24361838,  222.63602721,  218.94169979,  217.8480793 ,    108.9492198 ,  289.79801622,   12.24677461,   86.95300549,    -32.65620408], [  248.18327615,  483.92696483, -250.23824389,   -0.64154837,   -182.91847839,  -63.3012897 , -109.92565332,  -19.21004338,     -4.56706764,  -47.01672154,   21.27625599,  -18.93414441,    -18.76516914], [  376.61352264, -250.23824389,  728.26791109,   19.42208954,    393.6409263 ,    1.35425236,  246.44321372,   41.72940869,     72.83246649,  170.95830112,  -17.66641068,   44.45871018,     58.30941046], [  541.41765845,   -0.64154837,   19.42208954,  173.58033262,     85.23316075,   91.1022038 ,   17.27198734,   15.22090695,     -7.37871249,    1.75580715,    9.94233398,   22.36734748,     20.05067127], [  481.24361838, -182.91847839,  393.6409263 ,   85.23316075,    361.59582507,   86.91349124,  193.53692304,   27.35573076,     31.68847766,   79.17508341,   -6.04500984,   40.39675643,     47.35288086], [  222.63602721,  -63.3012897 ,    1.35425236,   91.1022038 ,     86.91349124,  147.62002544,   74.39946401,   39.94911373,     -2.12197461,   -9.12172301,    3.74849533,   17.87841811,     14.02152705], [  218.94169979, -109.92565332,  246.44321372,   17.27198734,    193.53692304,   74.39946401,  194.48924434,   68.95797636,     45.03345594,   64.07091299,   -4.41644952,   22.50982819,     28.88792152], [  217.8480793 ,  -19.21004338,   41.72940869,   15.22090695,     27.35573076,   39.94911373,   68.95797636,   79.42047276,     44.05675723,   32.14609943,    1.52460474,    5.73410489,      6.46013101], [  108.9492198 ,   -4.56706764,   72.83246649,   -7.37871249,     31.68847766,   -2.12197461,   45.03345594,   44.05675723,     70.86632495,   55.67025718,    9.60280707,    1.02347019,      0.22107807], [  289.79801622,  -47.01672154,  170.95830112,    1.75580715,     79.17508341,   -9.12172301,   64.07091299,   32.14609943,     55.67025718,  113.11691889,   21.12473639,   12.05586425,      6.75092714], [   12.24677461,   21.27625599,  -17.66641068,    9.94233398,     -6.04500984,    3.74849533,   -4.41644952,    1.52460474,      9.60280707,   21.12473639,   44.59344569,   21.02497069,      2.18489602], [   86.95300549,  -18.93414441,   44.45871018,   22.36734748,     40.39675643,   17.87841811,   22.50982819,    5.73410489,      1.02347019,   12.05586425,   21.02497069,   44.67509942,     24.54531365], [  -32.65620408,  -18.76516914,   58.30941046,   20.05067127,     47.35288086,   14.02152705,   28.88792152,    6.46013101,      0.22107807,    6.75092714,    2.18489602,   24.54531365,     45.53478861]]
/root/sim/music/out/Oasis/oasis-definitely_maybe_remastered_deluxe_edition/1-11 Married With Children (Remastered).mp3; [-627.10596  , 139.7653   ,  16.40548  ,   2.652743 ,   2.2449074,   -8.047849 ,  -5.639846 ,  -1.1431128,  -6.3498206,  -6.094271 ,   -6.5758543,  -1.7375505,  -6.626453 ]; [[15173.30614738, 1774.47171059, -498.123621  , -430.41109358,   -152.40325642, -373.19275368, -233.4442587 ,  -83.44580909,   -289.52567388,  -89.68377821, -230.8681349 ,  -75.1400059 ,   -122.52181636], [ 1774.47171059, 1677.56711882, -263.6885483 , -222.37805245,    -78.1234171 ,  -23.45957296,   39.21812447,   41.36476312,    -80.70799684,  -41.74057489,    1.39899088,  -23.75993058,    -56.19391615], [ -498.123621  , -263.6885483 ,  512.87122691,  110.69175331,     14.85153812,   38.27357891,   10.3374619 ,    4.2980923 ,     43.39630234,  -42.33141863,    2.36178221,   29.65140135,      7.44739322], [ -430.41109358, -222.37805245,  110.69175331,  506.54450333,    101.67921976,  -28.55275016,  -78.10455166,  -83.91254217,    107.41416431,  -46.68769787,  -16.78736264,   15.91993411,     30.03639399], [ -152.40325642,  -78.1234171 ,   14.85153812,  101.67921976,    249.41964538,  -38.07241539, -107.50755868,  -20.65247501,     44.62225938,   27.49701391,  -34.9378614 ,  -15.97579431,     18.50545193], [ -373.19275368,  -23.45957296,   38.27357891,  -28.55275016,    -38.07241539,  161.15860605,   86.01206616,    0.92379091,     -8.96849063,   -3.69822465,   45.04204274,    0.26868431,    -26.78069156], [ -233.4442587 ,   39.21812447,   10.3374619 ,  -78.10455166,   -107.50755868,   86.01206616,  189.95915553,   32.23301695,    -28.59877922,   -5.74406848,   41.63461188,    6.67929394,    -18.06856642], [  -83.44580909,   41.36476312,    4.2980923 ,  -83.91254217,    -20.65247501,    0.92379091,   32.23301695,  106.6827577 ,    -19.53961752,   14.95206562,   -8.52823275,    5.56536853,     17.83525719], [ -289.52567388,  -80.70799684,   43.39630234,  107.41416431,     44.62225938,   -8.96849063,  -28.59877922,  -19.53961752,    109.2931017 ,   -0.98354616,   -0.8805498 ,    2.05052036,      6.62867611], [  -89.68377821,  -41.74057489,  -42.33141863,  -46.68769787,     27.49701391,   -3.69822465,   -5.74406848,   14.95206562,     -0.98354616,  105.72959005,    2.82938991,  -11.65730445,      2.06782697], [ -230.8681349 ,    1.39899088,    2.36178221,  -16.78736264,    -34.9378614 ,   45.04204274,   41.63461188,   -8.52823275,     -0.8805498 ,    2.82938991,   81.68457066,   16.16708294,    -20.80567471], [  -75.1400059 ,  -23.75993058,   29.65140135,   15.91993411,    -15.97579431,    0.26868431,    6.67929394,    5.56536853,      2.05052036,  -11.65730445,   16.16708294,   68.6645901 ,     14.07825294], [ -122.52181636,  -56.19391615,    7.44739322,   30.03639399,     18.50545193,  -26.78069156,  -18.06856642,   17.83525719,      6.62867611,    2.06782697,  -20.80567471,   14.07825294,     68.90324202]]
/root/sim/music/out/Oasis/oasis-definitely_maybe_remastered_deluxe_edition/2-12 Columbia (White Label Demo) (Remastered).mp3; [-467.32404  ,  92.50207  , -30.280184 ,  25.742718 ,   7.1305656,   16.122198 ,  -9.129902 ,   4.6854615,  -3.9317787, -11.607113 ,   -3.0019765,  -2.0398395,  -9.924922 ]; [[13744.75669629, 1263.29880348, -202.67330244,  566.66197485,    308.32202264,  168.01095333, -115.68475748, -101.73932152,   -222.48325659, -208.17708855,  -44.3192883 ,  -46.19136127,   -175.17325567], [ 1263.29880348,  533.81718598, -102.62581724,  111.8164479 ,     28.84285452,    2.90792021,  -14.6850659 ,  -12.18899031,    -27.86249358,   -8.75347196,   13.94428159,   -7.05980633,    -13.4237917 ], [ -202.67330244, -102.62581724,  277.25441267,   -6.42328908,     76.89484685,  -22.97658786,   20.7483159 ,  -26.07114749,     -9.2762621 ,   18.0456236 ,    0.79045489,    7.78378113,     19.47491679], [  566.66197485,  111.8164479 ,   -6.42328908,  158.61446973,     36.24094007,   34.14356133,  -17.8046568 ,  -17.66649851,    -23.60438468,  -10.28452248,    3.07236212,    0.87301706,     -3.89273032], [  308.32202264,   28.84285452,   76.89484685,   36.24094007,    152.8512596 ,   14.70098972,   22.78578782,  -36.96088477,    -15.93753559,    4.78031536,   13.34796115,    7.82909099,     13.98054145], [  168.01095333,    2.90792021,  -22.97658786,   34.14356133,     14.70098972,   88.29015423,   20.03382139,   11.53801697,     -4.7087712 ,  -12.40784862,   -5.27845077,    0.97317196,      0.90197231], [ -115.68475748,  -14.6850659 ,   20.7483159 ,  -17.8046568 ,     22.78578782,   20.03382139,   75.11633857,   30.8646904 ,     11.56464062,   -1.92133412,   -1.72456198,    1.55141374,      6.33308673], [ -101.73932152,  -12.18899031,  -26.07114749,  -17.66649851,    -36.96088477,   11.53801697,   30.8646904 ,   80.04456319,     39.36424692,    5.08359986,   -5.43001197,   -1.88279302,     -5.08799193], [ -222.48325659,  -27.86249358,   -9.2762621 ,  -23.60438468,    -15.93753559,   -4.7087712 ,   11.56464062,   39.36424692,     70.99267354,   29.81105015,   13.25507582,    3.32548778,     -2.79720176], [ -208.17708855,   -8.75347196,   18.0456236 ,  -10.28452248,      4.78031536,  -12.40784862,   -1.92133412,    5.08359986,     29.81105015,   69.59540133,   28.75575711,    4.59778547,      2.11523552], [  -44.3192883 ,   13.94428159,    0.79045489,    3.07236212,     13.34796115,   -5.27845077,   -1.72456198,   -5.43001197,     13.25507582,   28.75575711,   53.54306307,   20.94422713,      3.13971122], [  -46.19136127,   -7.05980633,    7.78378113,    0.87301706,      7.82909099,    0.97317196,    1.55141374,   -1.88279302,      3.32548778,    4.59778547,   20.94422713,   45.10135739,     20.10061061], [ -175.17325567,  -13.4237917 ,   19.47491679,   -3.89273032,     13.98054145,    0.90197231,    6.33308673,   -5.08799193,     -2.79720176,    2.11523552,    3.13971122,   20.10061061,     49.17109419]]
/root/sim/music/out/Oasis/oasis-definitely_maybe_remastered_deluxe_edition/1-07 Bring It On Down (Remastered).mp3; [-468.57767   , 110.48598   , -34.455082  ,  49.275345  ,   6.9064813 ,   12.966595  ,   1.4239484 ,   4.5009227 ,   4.840921  ,  -0.73540455,   -8.82668   ,   2.193384  ,  -0.61030495]; [[ 7793.5647175 ,-1220.97920195, -329.18575255,  -13.73190917,     15.2555219 ,  179.49091113,   -5.81348312,   -0.56767537,    -85.25156232,   75.39924545,   98.34498871,   55.87452099,     38.96982586], [-1220.97920195, 1116.11894537, -215.62944732,  212.03149556,    -30.97840283,  -70.78624162,   37.0834941 ,  -23.0528495 ,     80.73999229,  -20.15744027,  -65.17076548,    9.83550359,    -26.76509876], [ -329.18575255, -215.62944732,  390.6602469 ,  -79.48254706,    -19.7248495 ,   28.2520392 ,  -69.57154957,   28.90909811,    -39.81068268,  -12.28225817,   22.31186027,  -28.15574027,     -7.23723935], [  -13.73190917,  212.03149556,  -79.48254706,  163.67233683,     -1.73781482,    9.24058737,   -2.30739269,   -0.8670162 ,     11.61327685,   -6.91386768,   -2.2472474 ,   14.35847448,    -11.11988841], [   15.2555219 ,  -30.97840283,  -19.7248495 ,   -1.73781482,     76.85620241,    5.28371496,   20.24811818,   -9.11913628,      2.97770584,   10.6945894 ,    4.8909326 ,   10.14434464,     11.47508605], [  179.49091113,  -70.78624162,   28.2520392 ,    9.24058737,      5.28371496,   76.0693069 ,    6.11502263,   17.67117974,    -17.09431245,   -1.48205714,    6.07187498,   -0.99966317,      1.34937676], [   -5.81348312,   37.0834941 ,  -69.57154957,   -2.30739269,     20.24811818,    6.11502263,   76.78893491,   11.15450834,     19.1292104 ,    2.61214099,   -5.95975298,    7.93681186,      6.65143239], [   -0.56767537,  -23.0528495 ,   28.90909811,   -0.8670162 ,     -9.11913628,   17.67117974,   11.15450834,   52.37152355,     10.54391709,    0.19908995,   -1.59253202,   -2.39833201,      0.87717037], [  -85.25156232,   80.73999229,  -39.81068268,   11.61327685,      2.97770584,  -17.09431245,   19.1292104 ,   10.54391709,     59.77996373,   15.41590197,   -8.40200252,    2.90511153,     -0.72208563], [   75.39924545,  -20.15744027,  -12.28225817,   -6.91386768,     10.6945894 ,   -1.48205714,    2.61214099,    0.19908995,     15.41590197,   45.34632121,   18.26718706,    7.66109064,      7.03576112], [   98.34498871,  -65.17076548,   22.31186027,   -2.2472474 ,      4.8909326 ,    6.07187498,   -5.95975298,   -1.59253202,     -8.40200252,   18.26718706,   51.99312699,   19.45861558,      4.21279929], [   55.87452099,    9.83550359,  -28.15574027,   14.35847448,     10.14434464,   -0.99966317,    7.93681186,   -2.39833201,      2.90511153,    7.66109064,   19.45861558,   41.58575835,     15.77674769], [   38.96982586,  -26.76509876,   -7.23723935,  -11.11988841,     11.47508605,    1.34937676,    6.65143239,    0.87717037,     -0.72208563,    7.03576112,    4.21279929,   15.77674769,     40.16537388]]
/root/sim/music/out/Oasis/oasis-definitely_maybe_remastered_deluxe_edition/3-29 Rock n Roll Star (Demo).mp3; [-451.82492   ,  92.89645   , -30.268316  ,  41.944214  ,   9.7449465 ,   22.225475  ,  -5.297602  ,   5.709288  ,  -7.344737  ,  -7.435524  ,    0.33079466,   0.70881194,  -5.2854314 ]; [[10417.36425923,  388.30352393, -141.01982144,  233.22615516,    -54.28095062,  276.01606929,  -70.30696987,  216.6681853 ,    119.1746423 ,   68.86507045,  159.03359942,  157.98044945,      8.46994831], [  388.30352393,  391.84342352, -195.50182223,   27.53631099,    -72.56336885,   -6.63606662,   -6.00502716,   -1.54776376,     -6.49463232,    3.70575457,   -1.95342877,  -30.40807913,    -16.23603247], [ -141.01982144, -195.50182223,  308.97367926,    1.70280555,     76.05873123,   -2.97414696,   11.24418006,   14.58254004,     30.03784317,   18.25581831,   11.77594267,   29.64719661,     13.32793503], [  233.22615516,   27.53631099,    1.70280555,  168.01032306,     76.47412956,   25.83877645,  -14.33597938,   -2.50641006,    -35.7990503 ,  -10.97640683,   -1.68031748,    5.95203129,     23.4698935 ], [  -54.28095062,  -72.56336885,   76.05873123,   76.47412956,    136.80899767,   23.94621462,   21.78092728,   -5.22113627,    -22.63060256,  -10.21278281,   -6.33121693,   10.00898245,     17.22308074], [  276.01606929,   -6.63606662,   -2.97414696,   25.83877645,     23.94621462,   97.60487731,   33.39705609,   30.70072668,     10.86934219,   -6.26616365,   15.92725168,   16.03604019,      4.85164788], [  -70.30696987,   -6.00502716,   11.24418006,  -14.33597938,     21.78092728,   33.39705609,   63.6808471 ,   26.89999878,     11.54769871,    1.78692346,    2.47174233,    4.16094125,      1.11286725], [  216.6681853 ,   -1.54776376,   14.58254004,   -2.50641006,     -5.22113627,   30.70072668,   26.89999878,   68.05619467,     44.63973264,   20.25884568,   17.1950979 ,   16.83864515,      8.99927583], [  119.1746423 ,   -6.49463232,   30.03784317,  -35.7990503 ,    -22.63060256,   10.86934219,   11.54769871,   44.63973264,     82.22645587,   36.16780782,   24.35905523,   13.65447759,     -0.39579479], [   68.86507045,    3.70575457,   18.25581831,  -10.97640683,    -10.21278281,   -6.26616365,    1.78692346,   20.25884568,     36.16780782,   59.65251383,   26.75270378,   11.01738116,      3.70554951], [  159.03359942,   -1.95342877,   11.77594267,   -1.68031748,     -6.33121693,   15.92725168,    2.47174233,   17.1950979 ,     24.35905523,   26.75270378,   49.78713123,   30.16189226,      9.59138126], [  157.98044945,  -30.40807913,   29.64719661,    5.95203129,     10.00898245,   16.03604019,    4.16094125,   16.83864515,     13.65447759,   11.01738116,   30.16189226,   50.33217232,     23.22099652], [    8.46994831,  -16.23603247,   13.32793503,   23.4698935 ,     17.22308074,    4.85164788,    1.11286725,    8.99927583,     -0.39579479,    3.70554951,    9.59138126,   23.22099652,     43.09201217]]
/root/sim/music/out/Oasis/oasis-definitely_maybe_remastered_deluxe_edition/1-03 Live Forever (Remastered).mp3; [-475.39804  , 100.68817  , -21.79305  ,  32.13154  ,  13.096315 ,   13.008705 ,  -0.8957977,  10.996147 ,   5.6881795,   8.367084 ,    1.5448781,   4.510277 ,   1.4001223]; [[8602.03863274, -11.47183924,-800.36223784,-108.45751105,-153.16287884,    63.85473726, 119.60628363, 323.81679838, 195.08554919, -33.62235076,  -400.80185616,-294.01147463,  15.05277909], [ -11.47183924, 883.15949656,-473.72803813, -48.1042117 , -46.39156851,  -149.17996697, -68.09891814,-108.63123407,  -7.35787955,  32.10334236,     4.51251795,  55.57478843,  41.67232033], [-800.36223784,-473.72803813, 640.85390528,  35.38922774,  48.34197524,    79.27361584,   1.98058401,  44.04951689, -25.09439544, -26.65508445,    48.11172319, -21.27549285, -12.27921896], [-108.45751105, -48.1042117 ,  35.38922774, 199.12123087,  55.08698235,    17.23097055,   5.61013372,  12.48707982,  15.50563802,  11.28603169,     9.09383117,  20.89674496,  -6.25565302], [-153.16287884, -46.39156851,  48.34197524,  55.08698235, 100.98149782,    27.75304528,  11.19106066,  -1.63962627,   6.37323461,   8.55201834,    10.08794462,   3.64871559,  -5.76022286], [  63.85473726,-149.17996697,  79.27361584,  17.23097055,  27.75304528,   133.86535665,  70.11921784,  35.92681016,   0.45433188,   1.70823592,     1.9794414 , -17.46828674, -11.41725833], [ 119.60628363, -68.09891814,   1.98058401,   5.61013372,  11.19106066,    70.11921784, 132.30992908,  59.09312563,   6.27219315,   0.25460914,   -12.81755427, -12.45073603, -14.82459777], [ 323.81679838,-108.63123407,  44.04951689,  12.48707982,  -1.63962627,    35.92681016,  59.09312563, 108.28630551,  36.02007137,  -4.28724464,   -23.98668933, -20.72919968,  -5.4673325 ], [ 195.08554919,  -7.35787955, -25.09439544,  15.50563802,   6.37323461,     0.45433188,   6.27219315,  36.02007137,  64.00483525,  24.17889017,    -8.87975552,  -6.40346283,  -0.87611149], [ -33.62235076,  32.10334236, -26.65508445,  11.28603169,   8.55201834,     1.70823592,   0.25460914,  -4.28724464,  24.17889017,  62.31504051,    25.97210565,   3.90639826,  -1.93144617], [-400.80185616,   4.51251795,  48.11172319,   9.09383117,  10.08794462,     1.9794414 , -12.81755427, -23.98668933,  -8.87975552,  25.97210565,    72.09879035,  33.94501784,   2.14586917], [-294.01147463,  55.57478843, -21.27549285,  20.89674496,   3.64871559,   -17.46828674, -12.45073603, -20.72919968,  -6.40346283,   3.90639826,    33.94501784,  70.1401746 ,  19.55973057], [  15.05277909,  41.67232033, -12.27921896,  -6.25565302,  -5.76022286,   -11.41725833, -14.82459777,  -5.4673325 ,  -0.87611149,  -1.93144617,     2.14586917,  19.55973057,  47.84664069]]
