/root/sim/music/out/Oasis/The Masterplan/07-I Am The Walrus [Live].mp3; [-467.42825   , 101.53384   , -21.287504  ,  29.72869   ,  14.061564  ,    4.001144  ,   2.654744  ,   1.7110683 ,   5.433134  ,   0.21978152,   -3.2414203 ,   0.0589337 ,   0.49926135]; [[8293.50729789,  34.46489571,  56.48168188,  30.39402112, 176.91695592,   189.73946488, 102.91104953,   5.422106  , -34.85410357, -44.49177311,   -57.1336677 ,  51.19214949, -22.02141017], [  34.46489571, 555.49804313,-192.39955882, 123.6087549 , -18.67646899,   -44.32617709,  44.70840805, -20.34526584,  10.35094695,   8.97682736,    -4.29662807,   6.76735888,   8.60334111], [  56.48168188,-192.39955882, 255.35998543, -24.38460155,  16.43449278,    19.952644  , -29.00736218,  21.53748236,  -2.30530771,   0.13874329,     0.1598406 ,  -6.00207642, -11.85451294], [  30.39402112, 123.6087549 , -24.38460155, 155.46433995,  34.90600867,    33.68625257,  22.73014857,  14.61496434,  24.05192023,  14.18032384,    10.08096203,  -1.55079646,   9.77996539], [ 176.91695592, -18.67646899,  16.43449278,  34.90600867, 104.10230299,    51.31587774,  47.36126584,  20.15136102,  28.21377978,  16.34372547,    -0.65671089,  11.91653604,  -2.57127526], [ 189.73946488, -44.32617709,  19.952644  ,  33.68625257,  51.31587774,   108.02176982,  44.82007288,  33.66908993,  17.73577678,   7.10736998,     4.98728088,   3.44871706,  -0.9377443 ], [ 102.91104953,  44.70840805, -29.00736218,  22.73014857,  47.36126584,    44.82007288, 113.63440288,  41.18170522,  18.91302239,  17.95385876,     7.94284532,   9.59725248,  -1.98107205], [   5.422106  , -20.34526584,  21.53748236,  14.61496434,  20.15136102,    33.66908993,  41.18170522,  68.8214875 ,  32.28142746,  17.94184445,     2.55271484,   1.19239723,  -2.31321682], [ -34.85410357,  10.35094695,  -2.30530771,  24.05192023,  28.21377978,    17.73577678,  18.91302239,  32.28142746,  71.07872027,  32.60860944,     8.48318859,   6.8555499 ,   2.1525734 ], [ -44.49177311,   8.97682736,   0.13874329,  14.18032384,  16.34372547,     7.10736998,  17.95385876,  17.94184445,  32.60860944,  59.47838643,    23.42773562,   9.73938842,  -2.3209325 ], [ -57.1336677 ,  -4.29662807,   0.1598406 ,  10.08096203,  -0.65671089,     4.98728088,   7.94284532,   2.55271484,   8.48318859,  23.42773562,    51.59947543,  18.06458547,  10.31124757], [  51.19214949,   6.76735888,  -6.00207642,  -1.55079646,  11.91653604,     3.44871706,   9.59725248,   1.19239723,   6.8555499 ,   9.73938842,    18.06458547,  48.11725228,  15.48055666], [ -22.02141017,   8.60334111, -11.85451294,   9.77996539,  -2.57127526,    -0.9377443 ,  -1.98107205,  -2.31321682,   2.1525734 ,  -2.3209325 ,    10.31124757,  15.48055666,  43.74737115]]
/root/sim/music/out/Oasis/The Masterplan/09-Rockin' Chair.mp3; [-514.6882    , 112.06678   ,  -4.0579433 ,  19.985382  ,  11.635536  ,   22.131481  ,   4.550872  ,   7.343486  ,  -3.3447318 ,   4.7429137 ,    2.5862794 ,   0.48033443,  -1.0580368 ]; [[18427.79533006,  335.53678542, -312.01331134,   24.19340809,    -37.2287155 ,  -23.53366791,  -59.28459225,  196.01568485,     28.42506396,  298.71463975,   80.66121028, -140.93427619,    -42.08144916], [  335.53678542,  512.63911642, -216.53024342,   29.40642466,    -16.6552514 ,   26.37142084,   22.34240807,    9.91659102,    -16.08319678,    1.05682302,   -1.82182004,    3.19242311,     -7.6860831 ], [ -312.01331134, -216.53024342,  284.83158036,   12.03575157,     20.31926116,   -5.56718594,   -3.48879678,  -37.47482164,     -5.93874386,  -36.58240028,   -0.28822717,   34.73268055,      1.8964642 ], [   24.19340809,   29.40642466,   12.03575157,  151.36697227,     42.15495444,   -5.33649177,  -39.58184255,   -8.33346886,      3.91934617,  -18.89507432,  -13.35307083,   17.05179841,     16.15752934], [  -37.2287155 ,  -16.6552514 ,   20.31926116,   42.15495444,    109.43348878,    9.52115781,  -18.18680802,   -3.34201082,     16.40868604,    3.48921311,   -6.18929945,   -2.89092207,      3.79409244], [  -23.53366791,   26.37142084,   -5.56718594,   -5.33649177,      9.52115781,  104.22334995,   41.1771423 ,   -7.63303368,    -19.86730506,  -14.42336358,   -2.43280385,    1.20338094,     -4.4875058 ], [  -59.28459225,   22.34240807,   -3.48879678,  -39.58184255,    -18.18680802,   41.1771423 ,  102.54788729,   14.24844645,    -18.66286536,   -7.79139632,    3.64362545,   12.39650458,    -12.3717112 ], [  196.01568485,    9.91659102,  -37.47482164,   -8.33346886,     -3.34201082,   -7.63303368,   14.24844645,   75.32405331,     17.43349105,   13.20101482,    0.88068497,  -13.90961573,     -0.24776527], [   28.42506396,  -16.08319678,   -5.93874386,    3.91934617,     16.40868604,  -19.86730506,  -18.66286536,   17.43349105,     70.41336797,   29.01667858,   -0.49636571,  -17.03410014,     -4.00624026], [  298.71463975,    1.05682302,  -36.58240028,  -18.89507432,      3.48921311,  -14.42336358,   -7.79139632,   13.20101482,     29.01667858,   82.13381224,   16.48036508,  -23.62793694,     -8.46586704], [   80.66121028,   -1.82182004,   -0.28822717,  -13.35307083,     -6.18929945,   -2.43280385,    3.64362545,    0.88068497,     -0.49636571,   16.48036508,   47.24224666,   10.2940435 ,     -2.05406741], [ -140.93427619,    3.19242311,   34.73268055,   17.05179841,     -2.89092207,    1.20338094,   12.39650458,  -13.90961573,    -17.03410014,  -23.62793694,   10.2940435 ,   66.46864027,     16.66945627], [  -42.08144916,   -7.6860831 ,    1.8964642 ,   16.15752934,      3.79409244,   -4.4875058 ,  -12.3717112 ,   -0.24776527,     -4.00624026,   -8.46586704,   -2.05406741,   16.66945627,     46.44466281]]
/root/sim/music/out/Oasis/The Masterplan/03-Talk Tonight.mp3; [-614.8056    , 150.94333   ,   6.398129  ,   8.572447  ,  -4.757742  ,    0.39934903,   5.1903977 ,  -7.92147   ,  -2.7408242 ,  -6.7444153 ,   -7.98501   ,  -1.6447412 , -12.741793  ]; [[19433.88728903, -465.46074582,-2248.37112803,-1406.02066316,  -1180.32113598, -697.41918171, -238.97454094, -457.49216625,     36.44265375, -158.47125598, -108.02161764,   71.29041173,   -297.57186726], [ -465.46074582, 1164.62764065, -151.78914571,   -7.7637533 ,    -78.53428106,   -7.70094394,  -45.05019979,   35.48750117,    -40.07574567,  -54.22147819,   36.99792573,   34.84054506,     -2.92114631], [-2248.37112803, -151.78914571,  660.42202184,  203.85561964,    179.12756894,  103.84210654,   72.05338621,   46.93783584,    -23.94069357,   20.79810526,    3.44464074,   -4.85892995,     42.51808431], [-1406.02066316,   -7.7637533 ,  203.85561964,  317.98508244,    204.96730007,   17.38665154,  -22.61253376,   16.87356239,    -30.5008034 ,   34.70989023,  -17.54632517,  -16.02515212,     62.05214943], [-1180.32113598,  -78.53428106,  179.12756894,  204.96730007,    277.36193933,   45.80438883,  -22.84020117,    9.28608907,    -11.44265154,   38.37075098,   -9.4886122 ,  -23.93288106,     40.82696096], [ -697.41918171,   -7.70094394,  103.84210654,   17.38665154,     45.80438883,  165.56036681,   79.698562  ,   35.89008856,     20.37672689,    1.57235791,   17.30553547,    9.08657911,    -11.96714713], [ -238.97454094,  -45.05019979,   72.05338621,  -22.61253376,    -22.84020117,   79.698562  ,  148.05798172,   39.21862987,     12.66402963,   -2.94038603,   10.21506024,   17.93560695,     -8.65641361], [ -457.49216625,   35.48750117,   46.93783584,   16.87356239,      9.28608907,   35.89008856,   39.21862987,   96.25552807,     21.41239717,   -0.09177005,   24.95787521,    0.50000354,      2.65113693], [   36.44265375,  -40.07574567,  -23.94069357,  -30.5008034 ,    -11.44265154,   20.37672689,   12.66402963,   21.41239717,     98.79154179,   14.16505036,    6.85363016,    4.25963249,    -17.65557652], [ -158.47125598,  -54.22147819,   20.79810526,   34.70989023,     38.37075098,    1.57235791,   -2.94038603,   -0.09177005,     14.16505036,   86.19060041,   16.06588768,   -0.59825597,     10.31250272], [ -108.02161764,   36.99792573,    3.44464074,  -17.54632517,     -9.4886122 ,   17.30553547,   10.21506024,   24.95787521,      6.85363016,   16.06588768,   94.41638508,   14.91147372,     -5.90008345], [   71.29041173,   34.84054506,   -4.85892995,  -16.02515212,    -23.93288106,    9.08657911,   17.93560695,    0.50000354,      4.25963249,   -0.59825597,   14.91147372,   66.88478086,     14.63245257], [ -297.57186726,   -2.92114631,   42.51808431,   62.05214943,     40.82696096,  -11.96714713,   -8.65641361,    2.65113693,    -17.65557652,   10.31250272,   -5.90008345,   14.63245257,     89.55371069]]
/root/sim/music/out/Oasis/The Masterplan/12-Stay Young.mp3; [-466.0656    ,  90.75028   , -27.580729  ,  31.609638  ,   5.6804395 ,   16.403473  ,   1.8550185 ,   2.6509187 ,  -6.1295233 ,   1.0103209 ,   -0.6290646 ,  -0.04888937,  -5.390156  ]; [[9503.14059798,-200.91684801, 411.9946725 ,-391.14884483,  42.80309604,   141.63103778,  -1.65154628,  75.27270429,-105.36443689, 153.16027893,   110.09405403, 109.8984713 , -14.09233093], [-200.91684801, 315.8285547 ,-157.15500327,  85.78343021, -85.00862943,     7.48583182,  -3.51281269,  -4.84259145,  10.05075974,  -8.47647003,     4.81496751, -11.80789649,   0.38654151], [ 411.9946725 ,-157.15500327, 334.56473615,-132.60317018,  81.88508568,   -27.14678438, -30.15138365,   9.70568054, -24.1769459 ,  23.12058228,     7.56606783,  22.45650989,   2.93888752], [-391.14884483,  85.78343021,-132.60317018, 224.73378443,  19.35873148,    18.94300452,  -8.25086333, -25.00306286,   6.161219  , -26.40054283,    -2.84819062,  -4.42172588,  16.18825631], [  42.80309604, -85.00862943,  81.88508568,  19.35873148, 103.38138573,    14.01057555,  -8.27878537, -11.35086614,  -6.82410304,  -0.68761357,     5.39063446,  12.37245776,   9.74016361], [ 141.63103778,   7.48583182, -27.14678438,  18.94300452,  14.01057555,    89.88202804,  32.04323574,  13.77964534,  -5.9311861 ,   6.56830259,     8.05090892,   5.53403303,   0.91679924], [  -1.65154628,  -3.51281269, -30.15138365,  -8.25086333,  -8.27878537,    32.04323574,  85.10543707,  20.38574939,  15.34573814,  -4.17043893,     0.22642337,  -3.92889219,  -2.98194527], [  75.27270429,  -4.84259145,   9.70568054, -25.00306286, -11.35086614,    13.77964534,  20.38574939,  55.45197279,  16.83672181,  14.51146297,    -1.51971335,   1.79851065,  -3.91556418], [-105.36443689,  10.05075974, -24.1769459 ,   6.161219  ,  -6.82410304,    -5.9311861 ,  15.34573814,  16.83672181,  59.33757258,  15.2057754 ,     5.00974205,  -7.25062685,  -0.9095678 ], [ 153.16027893,  -8.47647003,  23.12058228, -26.40054283,  -0.68761357,     6.56830259,  -4.17043893,  14.51146297,  15.2057754 ,  58.66645759,    21.00315535,   8.47599548,  -2.6970603 ], [ 110.09405403,   4.81496751,   7.56606783,  -2.84819062,   5.39063446,     8.05090892,   0.22642337,  -1.51971335,   5.00974205,  21.00315535,    46.74112864,  18.46396469,   4.87553769], [ 109.8984713 , -11.80789649,  22.45650989,  -4.42172588,  12.37245776,     5.53403303,  -3.92889219,   1.79851065,  -7.25062685,   8.47599548,    18.46396469,  40.15713126,  13.59330636], [ -14.09233093,   0.38654151,   2.93888752,  16.18825631,   9.74016361,     0.91679924,  -2.98194527,  -3.91556418,  -0.9095678 ,  -2.6970603 ,     4.87553769,  13.59330636,  35.12138083]]
/root/sim/music/out/Oasis/Standing On The Shoulder Of Giants [Bonus Track]/02-Go Let It Out.mp3; [-523.11285   , 112.397606  , -10.472938  ,  29.155222  ,  -1.5305649 ,    7.1036954 ,  -1.6634041 ,   6.2676497 ,  -2.4523802 ,   2.0329673 ,    0.3316311 ,   0.20998628,  -1.5609856 ]; [[12422.01578312,  477.62162542, -303.79089842,  226.184967  ,   -239.30724427, -300.98484802, -200.39079298,  104.03339526,    -18.70427685,  108.4599666 ,  137.88000977,   46.48350898,      4.25459025], [  477.62162542,  518.70075206, -165.26976043,  -12.43602239,    -45.62240826,  -24.48229721,  -12.80662213,   20.21380962,      1.71330549,   16.54182778,   10.03547185,    0.33487234,      2.19587838], [ -303.79089842, -165.26976043,  486.5451187 ,   -8.29853888,      2.61629642,   22.25475775,   -9.67243629,   15.38263003,    -16.59972535,  -25.75571764,    0.97075051,   -6.62816051,     -4.42517835], [  226.184967  ,  -12.43602239,   -8.29853888,  190.32455622,     60.34511594,    9.58850123,   -8.18554632,   -5.80332134,      7.00062714,   -4.92711151,    0.72191944,   17.59619493,     18.24585612], [ -239.30724427,  -45.62240826,    2.61629642,   60.34511594,    128.87775686,   47.61460051,   22.64792887,  -12.57155196,      9.85058493,   -6.13425254,  -10.93263269,    4.8136016 ,      3.26711885], [ -300.98484802,  -24.48229721,   22.25475775,    9.58850123,     47.61460051,  117.31348331,   69.36962794,    5.82316069,      2.93798216,   -4.86205455,   -8.77027492,  -13.37708778,    -11.42283269], [ -200.39079298,  -12.80662213,   -9.67243629,   -8.18554632,     22.64792887,   69.36962794,  118.72898228,   14.4531004 ,     11.0164938 ,   -3.29146049,   -0.80960825,   -7.35088776,    -14.35476795], [  104.03339526,   20.21380962,   15.38263003,   -5.80332134,    -12.57155196,    5.82316069,   14.4531004 ,   69.70964311,     17.32103082,    6.67187752,    4.00161052,    4.12823086,      2.82074993], [  -18.70427685,    1.71330549,  -16.59972535,    7.00062714,      9.85058493,    2.93798216,   11.0164938 ,   17.32103082,     56.87573329,   19.07946233,    8.36504961,   -0.71903151,     -1.00788983], [  108.4599666 ,   16.54182778,  -25.75571764,   -4.92711151,     -6.13425254,   -4.86205455,   -3.29146049,    6.67187752,     19.07946233,   69.68066777,   23.62772323,    4.24759897,      0.90257557], [  137.88000977,   10.03547185,    0.97075051,    0.72191944,    -10.93263269,   -8.77027492,   -0.80960825,    4.00161052,      8.36504961,   23.62772323,   52.41375281,   19.48601905,      4.65099504], [   46.48350898,    0.33487234,   -6.62816051,   17.59619493,      4.8136016 ,  -13.37708778,   -7.35088776,    4.12823086,     -0.71903151,    4.24759897,   19.48601905,   53.50733373,     27.86166924], [    4.25459025,    2.19587838,   -4.42517835,   18.24585612,      3.26711885,  -11.42283269,  -14.35476795,    2.82074993,     -1.00788983,    0.90257557,    4.65099504,   27.86166924,     51.32464801]]
/root/sim/music/out/Oasis/Standing On The Shoulder Of Giants [Bonus Track]/01-Fuckin' In The Bushes.mp3; [-533.5895    , 107.35196   , -10.111325  ,  20.346508  ,  -1.0397786 ,    3.3898623 ,  -0.5743835 ,   5.0237575 ,   0.3563758 ,   6.255925  ,    0.29027706,   0.91501755,  -2.6033342 ]; [[7090.31314466, 496.77298104, 362.00002928, 340.23392378, 419.43221075,   127.35358671, 156.45519152, 108.53910194, 105.62097028,  65.0472678 ,    24.25192346, -15.35251229, -42.41316184], [ 496.77298104, 314.39893415, -29.11448409,  -5.32309176, -16.62168734,   -16.60378752, -10.96360056,   1.19557647,  -1.79385201,  -2.42490293,   -11.02433369,  -6.13653257, -28.39966394], [ 362.00002928, -29.11448409, 359.10218267, 119.9268062 , 161.64621232,    72.83140049,  62.10979087,  14.67118797,  15.71212651,  13.95205588,    21.93118174,  13.09065087,  15.52495886], [ 340.23392378,  -5.32309176, 119.9268062 , 170.45611531, 112.06332108,    40.18101544,  21.05770268,  17.98150238,  21.08266143,  20.02510866,    20.11044088,  18.35027061,  19.6450274 ], [ 419.43221075, -16.62168734, 161.64621232, 112.06332108, 230.40692702,    90.66753543,  59.02501998,  15.45157568,  25.42684742,  22.50674509,    21.47378848,  12.49684973,  14.32385707], [ 127.35358671, -16.60378752,  72.83140049,  40.18101544,  90.66753543,   102.85087304,  46.78977135,   6.17448808,   5.9721104 ,  21.56689021,    12.48879218,   6.36123058,  13.93449898], [ 156.45519152, -10.96360056,  62.10979087,  21.05770268,  59.02501998,    46.78977135,  86.24109852,  38.96187925,  20.1967754 ,  17.6865815 ,    15.24326419,   6.4005132 ,   9.04680768], [ 108.53910194,   1.19557647,  14.67118797,  17.98150238,  15.45157568,     6.17448808,  38.96187925,  72.94367946,  40.78162738,  20.21625807,    11.93296078,   8.85937344,   1.65047606], [ 105.62097028,  -1.79385201,  15.71212651,  21.08266143,  25.42684742,     5.9721104 ,  20.1967754 ,  40.78162738,  67.20913908,  35.25311301,    12.99940166,   5.48189925,   2.19745357], [  65.0472678 ,  -2.42490293,  13.95205588,  20.02510866,  22.50674509,    21.56689021,  17.6865815 ,  20.21625807,  35.25311301,  70.18318021,    35.72720894,   2.72363427,  -3.46690755], [  24.25192346, -11.02433369,  21.93118174,  20.11044088,  21.47378848,    12.48879218,  15.24326419,  11.93296078,  12.99940166,  35.72720894,    56.52488028,  14.81959249,  -0.50929872], [ -15.35251229,  -6.13653257,  13.09065087,  18.35027061,  12.49684973,     6.36123058,   6.4005132 ,   8.85937344,   5.48189925,   2.72363427,    14.81959249,  46.9208395 ,  20.53882954], [ -42.41316184, -28.39966394,  15.52495886,  19.6450274 ,  14.32385707,    13.93449898,   9.04680768,   1.65047606,   2.19745357,  -3.46690755,    -0.50929872,  20.53882954,  47.32068959]]
/root/sim/music/out/Oasis/Standing On The Shoulder Of Giants [Bonus Track]/03-Who Feels Love_.mp3; [-548.985    , 136.69618  , -14.090553 ,  20.887201 ,   8.23614  ,    0.5840249,  -2.9844956,   2.67594  ,  -6.971933 ,  -3.782466 ,   -2.9101214,  -4.751732 ,  -3.944142 ]; [[16061.41214292,    5.9919969 ,    0.67073135,  -22.06115802,    -78.8733714 ,  -49.0564263 ,  -60.23193366,  110.37693676,   -168.4552776 ,  124.76311563,   41.38021019, -111.55991795,    -58.6880417 ], [    5.9919969 ,  852.7549374 , -224.06316793,  -31.75177596,    -49.50721702,   17.03645737,   56.42894286,   10.27490068,     21.40475464,    6.57203271,    5.28201892,   -6.59731106,    -31.62931449], [    0.67073135, -224.06316793,  665.48981855, -146.41379879,     -5.81813669,   69.23750934,    9.69147075,   34.43420431,     42.36694291,   14.66861431,   22.94033785,  -13.6343313 ,      2.12262879], [  -22.06115802,  -31.75177596, -146.41379879,  364.85602494,     92.64259999,  -54.22910524,  -45.4203329 ,  -16.2403812 ,    -14.26543539,  -37.36982791,  -28.45968373,   41.8177529 ,     45.39520901], [  -78.8733714 ,  -49.50721702,   -5.81813669,   92.64259999,    147.93803297,    5.71375109,  -12.56684636,   -7.84150783,      4.08378142,  -20.30564936,   -4.96384103,    9.2800557 ,     13.78220488], [  -49.0564263 ,   17.03645737,   69.23750934,  -54.22910524,      5.71375109,  143.15332451,   66.01705555,   19.95476879,     12.61037622,   30.06132794,   12.79816629,  -15.57304715,     -9.05534896], [  -60.23193366,   56.42894286,    9.69147075,  -45.4203329 ,    -12.56684636,   66.01705555,  169.54891066,   31.21049278,     16.98194189,   15.80594095,   22.50490217,   -4.00701692,    -18.84785902], [  110.37693676,   10.27490068,   34.43420431,  -16.2403812 ,     -7.84150783,   19.95476879,   31.21049278,  108.44290432,     30.66212416,   26.13022071,   10.61000123,    3.81499806,      3.47901228], [ -168.4552776 ,   21.40475464,   42.36694291,  -14.26543539,      4.08378142,   12.61037622,   16.98194189,   30.66212416,     90.33800763,   29.24130242,    2.11538625,   -1.08006313,      4.58014149], [  124.76311563,    6.57203271,   14.66861431,  -37.36982791,    -20.30564936,   30.06132794,   15.80594095,   26.13022071,     29.24130242,   98.17946692,   31.80435264,  -14.19348263,     -9.57467693], [   41.38021019,    5.28201892,   22.94033785,  -28.45968373,     -4.96384103,   12.79816629,   22.50490217,   10.61000123,      2.11538625,   31.80435264,   65.1936591 ,    8.63784206,    -15.30181787], [ -111.55991795,   -6.59731106,  -13.6343313 ,   41.8177529 ,      9.2800557 ,  -15.57304715,   -4.00701692,    3.81499806,     -1.08006313,  -14.19348263,    8.63784206,   72.34770504,     31.84515666], [  -58.6880417 ,  -31.62931449,    2.12262879,   45.39520901,     13.78220488,   -9.05534896,  -18.84785902,    3.47901228,      4.58014149,   -9.57467693,  -15.30181787,   31.84515666,     73.34158991]]
/root/sim/music/out/Oasis/Standing On The Shoulder Of Giants [Bonus Track]/04-Put Yer Money Where Yer Mouth Is.mp3; [-506.7201    , 120.967636  , -17.923887  ,  27.000135  ,  12.417314  ,   15.358613  ,  -3.9681869 ,   6.734045  ,  -0.10391968,   8.80685   ,   -6.3845363 ,  -5.1954913 ,  -2.7528346 ]; [[ 8390.80662794,-1921.08824991,  857.07984658,  111.44966914,   -320.23872357,  450.6577576 ,  387.71479668,  596.20319323,    547.32680943,   14.24393409,  425.69894082,  214.98783037,    378.03203907], [-1921.08824991, 1229.37056127, -321.54178236,  111.90489845,    105.32858267,  -68.69999623,  -11.97144804, -238.99860039,   -105.33353578,  -66.46997748,  -95.49477841,  -26.02555319,    -82.37181422], [  857.07984658, -321.54178236,  377.05574513,   31.95141166,    -29.68949638,   80.26003364,    8.4883791 ,   35.06891882,     42.51666233,   -4.55016914,   58.55736514,   33.81455649,     43.90702377], [  111.44966914,  111.90489845,   31.95141166,  145.09094427,     30.40449429,   14.8350474 ,  -11.7332503 ,  -12.70716042,     37.86138437,  -15.22413391,   26.14062676,   15.01916492,      8.47027243], [ -320.23872357,  105.32858267,  -29.68949638,   30.40449429,    130.83874889,  -21.46160412,  -60.04302259,  -10.78300624,     -4.52551511,    2.58308836,   -9.00353894,   12.1884408 ,    -17.64813778], [  450.6577576 ,  -68.69999623,   80.26003364,   14.8350474 ,    -21.46160412,   98.52385686,   56.1977381 ,   25.83840932,     25.23490468,   -5.29810667,   31.66298353,   17.36923898,     34.07304983], [  387.71479668,  -11.97144804,    8.4883791 ,  -11.7332503 ,    -60.04302259,   56.1977381 ,  146.57928484,   24.80681951,     30.27776625,  -14.66033065,   13.02601048,    0.17557641,     31.34183622], [  596.20319323, -238.99860039,   35.06891882,  -12.70716042,    -10.78300624,   25.83840932,   24.80681951,  133.33744251,     64.35859198,   25.69602377,   38.50038638,   17.26780252,     28.89662189], [  547.32680943, -105.33353578,   42.51666233,   37.86138437,     -4.52551511,   25.23490468,   30.27776625,   64.35859198,    103.85783314,   13.74182925,   48.50139712,   24.52340157,     28.81478623], [   14.24393409,  -66.46997748,   -4.55016914,  -15.22413391,      2.58308836,   -5.29810667,  -14.66033065,   25.69602377,     13.74182925,   62.82017965,   15.58781803,    5.36131195,      0.92919344], [  425.69894082,  -95.49477841,   58.55736514,   26.14062676,     -9.00353894,   31.66298353,   13.02601048,   38.50038638,     48.50139712,   15.58781803,   82.45518743,   32.36340038,     27.71231213], [  214.98783037,  -26.02555319,   33.81455649,   15.01916492,     12.1884408 ,   17.36923898,    0.17557641,   17.26780252,     24.52340157,    5.36131195,   32.36340038,   53.4297483 ,     21.67028773], [  378.03203907,  -82.37181422,   43.90702377,    8.47027243,    -17.64813778,   34.07304983,   31.34183622,   28.89662189,     28.81478623,    0.92919344,   27.71231213,   21.67028773,     53.6372341 ]]
/root/sim/music/out/Oasis/Standing On The Shoulder Of Giants [Bonus Track]/07-Where Did It All Go Wrong_.mp3; [-513.3488    , 130.4769    ,  -4.552031  ,  10.772122  ,   0.97018325,    5.6777377 ,   0.0664064 ,   2.402929  ,   1.4105017 ,   6.1666107 ,   -0.5139582 ,  -1.2476033 ,  -3.2945805 ]; [[7787.42296768,-960.5047689 ,  16.7949355 , 114.65110835,  64.89705263,   268.02308154,  80.43979841, 149.9673748 ,  78.11357552, 208.18383978,   240.66724568,  53.70364778, -28.66205467], [-960.5047689 , 916.75122402,-226.03649165, -43.46142601, -11.02721816,  -114.16593779,  13.77263506, -45.45936936, -19.01415738, -51.43787209,   -66.33190963,  10.58364846,   7.07332626], [  16.7949355 ,-226.03649165, 473.77682064, -60.33036678, -22.82296444,    66.65698936, -16.01343018,  49.21396499,   3.72641256,   4.44287079,    41.738528  ,  19.47831083,   2.94094007], [ 114.65110835, -43.46142601, -60.33036678, 177.7128192 ,  49.54725777,    11.3888731 ,  -7.96075978, -19.08039748,  -8.00154158,  -0.36821559,   -13.13737876, -10.32762865,  12.51527991], [  64.89705263, -11.02721816, -22.82296444,  49.54725777, 132.941966  ,     5.17541657, -25.43354748,  -8.21705434,  17.53044303,  13.39585187,    10.99391773,  -7.99979572,  17.2958428 ], [ 268.02308154,-114.16593779,  66.65698936,  11.3888731 ,   5.17541657,   112.76915922,  38.16659902,  23.24518626,   6.48419579,  15.2833759 ,    19.95937014,  15.8213065 ,   0.53710385], [  80.43979841,  13.77263506, -16.01343018,  -7.96075978, -25.43354748,    38.16659902, 101.26502756,  25.46919811,   3.8544676 ,  -3.56417038,    -9.37319163,  10.59533479,   0.17459377], [ 149.9673748 , -45.45936936,  49.21396499, -19.08039748,  -8.21705434,    23.24518626,  25.46919811,  84.46761923,  22.08724426,   8.9485    ,    14.88707067,   9.37971336,   3.65230294], [  78.11357552, -19.01415738,   3.72641256,  -8.00154158,  17.53044303,     6.48419579,   3.8544676 ,  22.08724426,  73.96955154,  30.3033374 ,    17.30711483,  -3.22458062,   2.87801294], [ 208.18383978, -51.43787209,   4.44287079,  -0.36821559,  13.39585187,    15.2833759 ,  -3.56417038,   8.9485    ,  30.3033374 ,  65.4113291 ,    37.45415395,   9.08636515,   1.06142904], [ 240.66724568, -66.33190963,  41.738528  , -13.13737876,  10.99391773,    19.95937014,  -9.37319163,  14.88707067,  17.30711483,  37.45415395,    76.0788191 ,  25.47918522,   4.64589301], [  53.70364778,  10.58364846,  19.47831083, -10.32762865,  -7.99979572,    15.8213065 ,  10.59533479,   9.37971336,  -3.22458062,   9.08636515,    25.47918522,  55.2827692 ,  18.47371736], [ -28.66205467,   7.07332626,   2.94094007,  12.51527991,  17.2958428 ,     0.53710385,   0.17459377,   3.65230294,   2.87801294,   1.06142904,     4.64589301,  18.47371736,  52.03654615]]
/root/sim/music/out/Oasis/Standing On The Shoulder Of Giants [Bonus Track]/10-Roll It Over.mp3; [-564.19385   , 139.43053   , -16.034193  ,  30.612612  ,   0.38205028,    5.1273007 ,  -7.888999  ,   0.2798105 ,   2.8632324 ,   6.6161814 ,    2.537736  ,  -1.9720433 ,  -2.371219  ]; [[22784.37583879, 1025.89431837, -835.36515658,  345.62097416,   -174.32626486,  229.63330803,  -83.93165474,  170.76760477,    -70.55575318,   69.45257368,   55.58763731,    6.22991158,   -152.11501467], [ 1025.89431837, 1137.10079477, -109.16523934,  154.52187171,      3.43916332,  -17.75875395,  -19.73030481,  -52.76884563,     29.44729878,   29.38288572,    8.85508093,  -22.52812624,     27.48374929], [ -835.36515658, -109.16523934,  366.48355807,   15.81301839,     -4.2441751 ,   -5.57601788,  -18.53163096,  -13.94347633,     12.48701572,    1.01536997,   -5.61473611,    3.09891006,      8.62747305], [  345.62097416,  154.52187171,   15.81301839,  222.26721326,     38.07131815,  -30.90363596,  -52.65658708,  -20.08539046,     30.48267976,    0.79582519,    3.74979804,    2.74028297,     12.799894  ], [ -174.32626486,    3.43916332,   -4.2441751 ,   38.07131815,    124.46884377,    8.56286872,   -1.1470703 ,  -23.80127207,      9.14473305,   -0.71137447,    1.53502618,    3.9440652 ,     -1.34976425], [  229.63330803,  -17.75875395,   -5.57601788,  -30.90363596,      8.56286872,  105.93925085,   42.01455458,   23.84659969,      6.32060372,   16.20354598,    4.84067019,   -0.44623851,     -8.4255757 ], [  -83.93165474,  -19.73030481,  -18.53163096,  -52.65658708,     -1.1470703 ,   42.01455458,  110.12788097,   29.15084638,     -8.74521759,   -5.92744417,    5.86475203,    6.0448986 ,     -6.68481188], [  170.76760477,  -52.76884563,  -13.94347633,  -20.08539046,    -23.80127207,   23.84659969,   29.15084638,   92.49686786,     20.22649018,   19.95627841,    1.19851454,    4.51893396,     -4.38918738], [  -70.55575318,   29.44729878,   12.48701572,   30.48267976,      9.14473305,    6.32060372,   -8.74521759,   20.22649018,     75.87542933,   35.3913635 ,    3.29858156,   -3.84235494,      2.01416096], [   69.45257368,   29.38288572,    1.01536997,    0.79582519,     -0.71137447,   16.20354598,   -5.92744417,   19.95627841,     35.3913635 ,   76.5175245 ,   20.57072097,    1.98716654,     -4.48689944], [   55.58763731,    8.85508093,   -5.61473611,    3.74979804,      1.53502618,    4.84067019,    5.86475203,    1.19851454,      3.29858156,   20.57072097,   49.76822203,   23.99210381,      1.27427097], [    6.22991158,  -22.52812624,    3.09891006,    2.74028297,      3.9440652 ,   -0.44623851,    6.0448986 ,    4.51893396,     -3.84235494,    1.98716654,   23.99210381,   56.08176228,     21.24243553], [ -152.11501467,   27.48374929,    8.62747305,   12.799894  ,     -1.34976425,   -8.4255757 ,   -6.68481188,   -4.38918738,      2.01416096,   -4.48689944,    1.27427097,   21.24243553,     55.15523219]]
/root/sim/music/out/Oasis/Standing On The Shoulder Of Giants [Bonus Track]/06-Gas Panic!.mp3; [-546.449     , 134.29097   , -27.193804  ,  27.237621  ,   1.9137223 ,    1.7259487 ,  -2.3529308 ,   7.627757  ,  -1.3505447 ,   2.86595   ,   -2.9225621 ,  -2.5298302 ,  -0.36530095]; [[14584.00960777,  -79.07751315,  728.15412226, -326.80159716,    108.02124082,   38.9133276 ,  -59.33279844,  206.21120137,   -137.80540757,  139.16717025,  379.02668917,  -89.48554271,    -36.84678269], [  -79.07751315,  652.45998375, -116.48521168,   52.68810779,    -69.38821633,   40.22711379,   27.69547604,  -30.28043374,    -14.52889309,  -51.09698716,  -26.82356761,   -1.35566601,      4.76171675], [  728.15412226, -116.48521168,  554.57038087,  -59.50063947,    144.75312926,   45.83759361,   27.57645238,   74.4939755 ,    -19.15075863,   63.29421587,   78.67117903,   32.05182282,     29.84229092], [ -326.80159716,   52.68810779,  -59.50063947,  212.54240611,     19.10463112,    4.99606254,   -1.24018743,  -32.7962085 ,     17.70512689,  -24.51542188,   -5.73586301,   14.83207719,     14.71992105], [  108.02124082,  -69.38821633,  144.75312926,   19.10463112,    139.99478338,   30.520945  ,   11.48864125,   28.57455156,      3.3593623 ,   42.66543487,   34.41981429,   22.89221732,     24.04153588], [   38.9133276 ,   40.22711379,   45.83759361,    4.99606254,     30.520945  ,   85.33707818,   41.01505616,   19.38333439,     -3.05965571,   16.67662218,   10.36891485,    7.13591744,      8.37225488], [  -59.33279844,   27.69547604,   27.57645238,   -1.24018743,     11.48864125,   41.01505616,  109.55587207,   25.51291635,     13.79439999,    0.72695702,    9.43786877,    7.89849281,      8.9146688 ], [  206.21120137,  -30.28043374,   74.4939755 ,  -32.7962085 ,     28.57455156,   19.38333439,   25.51291635,   97.17441377,     13.37793473,   41.15001618,   17.57001228,   11.67090112,     14.46269054], [ -137.80540757,  -14.52889309,  -19.15075863,   17.70512689,      3.3593623 ,   -3.05965571,   13.79439999,   13.37793473,     65.66125377,   21.40884118,    8.24675796,   -1.87005135,      1.06991401], [  139.16717025,  -51.09698716,   63.29421587,  -24.51542188,     42.66543487,   16.67662218,    0.72695702,   41.15001618,     21.40884118,  111.67852822,   42.3597326 ,    9.07495937,      6.4992832 ], [  379.02668917,  -26.82356761,   78.67117903,   -5.73586301,     34.41981429,   10.36891485,    9.43786877,   17.57001228,      8.24675796,   42.3597326 ,   87.08720456,   25.0276846 ,      9.01786901], [  -89.48554271,   -1.35566601,   32.05182282,   14.83207719,     22.89221732,    7.13591744,    7.89849281,   11.67090112,     -1.87005135,    9.07495937,   25.0276846 ,   60.10268021,     23.88421731], [  -36.84678269,    4.76171675,   29.84229092,   14.71992105,     24.04153588,    8.37225488,    8.9146688 ,   14.46269054,      1.06991401,    6.4992832 ,    9.01786901,   23.88421731,     53.49956141]]
/root/sim/music/out/Oasis/Standing On The Shoulder Of Giants [Bonus Track]/11-Let's All Make Believe.mp3; [-578.3682    , 166.86992   , -25.812067  , -11.119583  ,  -5.6627    ,   -1.4814202 , -12.744914  ,   0.97902143,  -8.314933  ,  -1.9053206 ,   -8.430592  ,  -0.15136737,  -3.2201471 ]; [[15210.95345359,-2274.83183315,  519.88270806, 1077.2686101 ,    256.52417936,   27.69493877, -181.95096608,  499.54037344,    -31.68349646,  166.5231775 ,   20.61009161,  198.59829839,    116.73639618], [-2274.83183315, 1774.9221945 , -584.58393147, -269.47748406,    -71.24092866,   24.46659665,   70.12714971, -157.10694588,     -1.98225879,  -30.31412455,   -7.28858475,  -41.00475491,    -32.41196413], [  519.88270806, -584.58393147,  585.84248979,   28.31828254,     15.41798538,  -29.53882782,   -8.8051493 ,   48.72060419,      9.29967991,   10.73200309,   12.51337219,   11.54874885,      6.45176606], [ 1077.2686101 , -269.47748406,   28.31828254,  429.96380606,     44.40556735,  -21.2748201 ,  -32.01479471,   27.19884608,     45.15066961,  -29.54629617,  -15.98932287,   51.83461388,     49.43257071], [  256.52417936,  -71.24092866,   15.41798538,   44.40556735,    181.60234266,   51.97110406,  -18.21423252,   -8.63130325,     25.77154886,  -14.77446613,   -9.88692089,   17.12194361,     17.36341338], [   27.69493877,   24.46659665,  -29.53882782,  -21.2748201 ,     51.97110406,  191.3077693 ,   84.34608655,   -6.70749943,     29.11656794,   18.73560172,   15.78760633,   12.76074712,     -3.8166111 ], [ -181.95096608,   70.12714971,   -8.8051493 ,  -32.01479471,    -18.21423252,   84.34608655,  186.78050866,   -2.06156848,     50.30541591,    3.86407681,   22.29249397,   15.99782146,    -13.42770152], [  499.54037344, -157.10694588,   48.72060419,   27.19884608,     -8.63130325,   -6.70749943,   -2.06156848,  140.85384755,     -4.31003325,   34.3818879 ,   10.3755737 ,    7.86731439,     16.28754284], [  -31.68349646,   -1.98225879,    9.29967991,   45.15066961,     25.77154886,   29.11656794,   50.30541591,   -4.31003325,    118.03536984,    0.80126142,    5.33721013,   18.23219794,      7.49109613], [  166.5231775 ,  -30.31412455,   10.73200309,  -29.54629617,    -14.77446613,   18.73560172,    3.86407681,   34.3818879 ,      0.80126142,   99.09015504,   30.83716651,   -6.69683978,     -8.67870196], [   20.61009161,   -7.28858475,   12.51337219,  -15.98932287,     -9.88692089,   15.78760633,   22.29249397,   10.3755737 ,      5.33721013,   30.83716651,   66.64953784,    9.05978019,      0.10509358], [  198.59829839,  -41.00475491,   11.54874885,   51.83461388,     17.12194361,   12.76074712,   15.99782146,    7.86731439,     18.23219794,   -6.69683978,    9.05978019,   75.19855851,     19.31044336], [  116.73639618,  -32.41196413,    6.45176606,   49.43257071,     17.36341338,   -3.8166111 ,  -13.42770152,   16.28754284,      7.49109613,   -8.67870196,    0.10509358,   19.31044336,     60.38292697]]
/root/sim/music/out/Oasis/Standing On The Shoulder Of Giants [Bonus Track]/05-Little James.mp3; [-585.25073  , 143.91158  ,  -8.412081 ,  -8.688013 ,  -7.724706 ,   -2.8074152,  -4.7474213,   0.2806468, -11.509329 ,   1.5792699,   -5.3360944,  -3.750113 ,  -3.1169019]; [[19821.91117049,-2598.84765759, 1838.56185609, 1169.62194925,    381.1780329 , 1177.55746364, 1060.4416811 ,  624.78640214,    179.75002583,  120.00091475,   75.00468555,  384.46892589,    378.68015301], [-2598.84765759, 1898.95420722, -795.80179576, -329.90349124,    -79.9195214 , -340.95458309, -185.57397599, -157.99287113,    -80.88957768,  -36.86728947,   15.10834148, -125.43060751,   -112.94819427], [ 1838.56185609, -795.80179576,  817.66856533,  261.7473491 ,     77.47706768,  272.8103222 ,  272.95538123,  117.32842422,     87.53269603,    9.33008675,   24.37815939,  117.77966051,     82.34452014], [ 1169.62194925, -329.90349124,  261.7473491 ,  367.31506938,    131.12127076,  168.47531999,  171.47585719,   94.61178621,     85.44018937,   -8.48578275,    6.08462256,   83.63277132,     87.54687279], [  381.1780329 ,  -79.9195214 ,   77.47706768,  131.12127076,    244.26428072,  125.68345666,  104.74129682,   22.48876729,    146.84107534,    1.02014034,    8.33772758,   70.52056001,     49.00228257], [ 1177.55746364, -340.95458309,  272.8103222 ,  168.47531999,    125.68345666,  296.55074998,  229.8810951 ,   88.34495843,     97.10396453,   23.15252317,   25.43098428,   79.79925583,     62.1573325 ], [ 1060.4416811 , -185.57397599,  272.95538123,  171.47585719,    104.74129682,  229.8810951 ,  350.30975108,  120.92773994,     86.18662962,   20.19072424,   36.34097822,   84.85552129,     70.64874908], [  624.78640214, -157.99287113,  117.32842422,   94.61178621,     22.48876729,   88.34495843,  120.92773994,  145.9746835 ,     15.58856334,   28.77649988,   22.4691241 ,   27.91538878,     47.5733194 ], [  179.75002583,  -80.88957768,   87.53269603,   85.44018937,    146.84107534,   97.10396453,   86.18662962,   15.58856334,    230.28970666,   18.91799773,   20.64486349,   70.96764036,     33.46846879], [  120.00091475,  -36.86728947,    9.33008675,   -8.48578275,      1.02014034,   23.15252317,   20.19072424,   28.77649988,     18.91799773,   94.64003523,   32.84155752,    6.63914863,      2.9519252 ], [   75.00468555,   15.10834148,   24.37815939,    6.08462256,      8.33772758,   25.43098428,   36.34097822,   22.4691241 ,     20.64486349,   32.84155752,   79.38764436,   24.04052425,     12.7108537 ], [  384.46892589, -125.43060751,  117.77966051,   83.63277132,     70.52056001,   79.79925583,   84.85552129,   27.91538878,     70.96764036,    6.63914863,   24.04052425,  100.13578922,     48.50186191], [  378.68015301, -112.94819427,   82.34452014,   87.54687279,     49.00228257,   62.1573325 ,   70.64874908,   47.5733194 ,     33.46846879,    2.9519252 ,   12.7108537 ,   48.50186191,     85.89150658]]
