/root/sim/music/out/The Beatles/1　ザ・ビートルズ/03 She Loves You.mp3; [-526.4163   ,  79.96931  , -23.000885 ,  21.705372 ,   2.2322872,    4.9989657,  -1.4978768,   4.3367047,   2.1184895,   4.26959  ,   -4.4161625,  -7.106833 ,  -3.3915617]; [[13363.44128013,  382.9662893 ,  -80.88157585,  266.37384496,   -133.46712525,  -22.43328856, -127.74295604,  -35.61630609,    -36.40470773,  -30.59297372, -230.25847445, -155.22462161,     15.45834476], [  382.9662893 ,  714.44758239, -278.14985391,   65.8973674 ,     -6.82319683,   36.55149741,   74.55217806,   65.0644339 ,      6.84861226,   15.22073203,   46.83292466,    2.77201368,    -31.2978561 ], [  -80.88157585, -278.14985391,  711.85305131,    1.36956723,     19.5572033 ,   80.14032877,   28.45417978,  -51.50634867,    -23.50338039,    8.62365834,   40.38861612,   58.04919447,     32.99886212], [  266.37384496,   65.8973674 ,    1.36956723,  363.78463525,    139.69517165,   -2.64519986,  -44.32004216,   17.30321187,     20.12541613,  -10.24633339,  -29.08518193,   24.47704837,     26.94564411], [ -133.46712525,   -6.82319683,   19.5572033 ,  139.69517165,    188.22132213,   28.23664589,   -8.52005013,   37.21042561,     55.69214672,   13.81893368,  -20.71593506,    2.86348592,     21.00244988], [  -22.43328856,   36.55149741,   80.14032877,   -2.64519986,     28.23664589,  174.6861359 ,  120.22535688,   49.99828162,     42.49849993,   34.81100805,   16.96698597,  -12.78051799,    -12.49801026], [ -127.74295604,   74.55217806,   28.45417978,  -44.32004216,     -8.52005013,  120.22535688,  177.35379811,   76.16925713,     36.17468855,   41.53142781,   27.73866113,   -9.15535738,    -13.38591774], [  -35.61630609,   65.0644339 ,  -51.50634867,   17.30321187,     37.21042561,   49.99828162,   76.16925713,  118.59218089,     81.00171018,   21.81273308,   -6.87716109,  -16.74282216,     -4.70407261], [  -36.40470773,    6.84861226,  -23.50338039,   20.12541613,     55.69214672,   42.49849993,   36.17468855,   81.00171018,    135.11467856,   49.65031332,  -24.02102063,  -19.16317545,      3.71111407], [  -30.59297372,   15.22073203,    8.62365834,  -10.24633339,     13.81893368,   34.81100805,   41.53142781,   21.81273308,     49.65031332,   86.67873496,   42.92649916,    1.91887698,     -7.22786141], [ -230.25847445,   46.83292466,   40.38861612,  -29.08518193,    -20.71593506,   16.96698597,   27.73866113,   -6.87716109,    -24.02102063,   42.92649916,  120.25930092,   45.72952082,    -16.34095699], [ -155.22462161,    2.77201368,   58.04919447,   24.47704837,      2.86348592,  -12.78051799,   -9.15535738,  -16.74282216,    -19.16317545,    1.91887698,   45.72952082,   75.95039854,     30.45214708], [   15.45834476,  -31.2978561 ,   32.99886212,   26.94564411,     21.00244988,  -12.49801026,  -13.38591774,   -4.70407261,      3.71111407,   -7.22786141,  -16.34095699,   30.45214708,     72.10262163]]
/root/sim/music/out/The Beatles/1　ザ・ビートルズ/02 From Me To You.mp3; [-560.62085   , 112.47348   , -19.897238  ,  10.476621  ,   2.9937935 ,    1.0809758 ,  -0.43818203,   2.1520956 ,  -2.8585877 ,   2.4126008 ,    1.6594578 ,  -2.6315641 ,  -3.0730221 ]; [[10022.9691393 , -364.15920679, -522.76078653, -117.15213248,    -39.71153559,  -74.10995143, -140.07100531, -155.08562619,    -21.88188715,   -9.11613627,  -63.49267529, -114.59112372,   -106.07995767], [ -364.15920679, 1376.70222173,  -65.49003441,  116.28515267,    -24.72844431,  117.92281485,   73.14951064,  153.88256048,     47.63206647,   40.89471353,   65.68991557,   -4.04431675,     38.08923255], [ -522.76078653,  -65.49003441,  666.08380738,   77.87131083,    108.96209957,   83.966995  ,   19.0996528 ,   16.7127867 ,      8.72028618,   11.46384932,    3.96877352,   64.24726667,     27.57623701], [ -117.15213248,  116.28515267,   77.87131083,  351.06016968,    223.75862417,   -1.24542694,  -16.62026108,   41.68550439,     66.52468899,   -1.71556821,  -23.52560456,   30.7274144 ,     54.93683482], [  -39.71153559,  -24.72844431,  108.96209957,  223.75862417,    316.57183157,   -9.04379765,  -27.1655061 ,    0.65864678,     80.27445796,   16.97879477,  -30.94682891,   42.42021474,     19.95420764], [  -74.10995143,  117.92281485,   83.966995  ,   -1.24542694,     -9.04379765,  176.99885514,   92.61493088,   56.76261992,     11.89268208,   22.52543778,   33.54360545,    3.76239446,      4.07719983], [ -140.07100531,   73.14951064,   19.0996528 ,  -16.62026108,    -27.1655061 ,   92.61493088,  241.05041937,   59.13350573,     16.70822784,   14.76624217,   37.08300847,    1.95155825,    -11.13547326], [ -155.08562619,  153.88256048,   16.7127867 ,   41.68550439,      0.65864678,   56.76261992,   59.13350573,  132.5216344 ,     30.11110194,    7.45375834,   12.87653996,    1.3635641 ,     22.97030664], [  -21.88188715,   47.63206647,    8.72028618,   66.52468899,     80.27445796,   11.89268208,   16.70822784,   30.11110194,    121.06438915,   41.34747773,   -4.37768503,   14.10022197,      2.60146645], [   -9.11613627,   40.89471353,   11.46384932,   -1.71556821,     16.97879477,   22.52543778,   14.76624217,    7.45375834,     41.34747773,   94.84590822,   33.84186   ,   -2.92320949,    -19.90500597], [  -63.49267529,   65.68991557,    3.96877352,  -23.52560456,    -30.94682891,   33.54360545,   37.08300847,   12.87653996,     -4.37768503,   33.84186   ,  101.86028155,   17.82503205,     -3.29775686], [ -114.59112372,   -4.04431675,   64.24726667,   30.7274144 ,     42.42021474,    3.76239446,    1.95155825,    1.3635641 ,     14.10022197,   -2.92320949,   17.82503205,  108.9640056 ,     34.41055413], [ -106.07995767,   38.08923255,   27.57623701,   54.93683482,     19.95420764,    4.07719983,  -11.13547326,   22.97030664,      2.60146645,  -19.90500597,   -3.29775686,   34.41055413,     87.10850981]]
/root/sim/music/out/The Beatles/1　ザ・ビートルズ/12 Day Tripper.mp3; [-606.19684  , 122.59184  , -26.103443 ,  10.075493 , -11.730583 ,    7.076641 ,   1.9039243,   5.1730614,  10.127475 ,   3.1216683,    3.448082 ,  -5.045806 ,  -1.6780682]; [[16148.42160034,-1285.8213962 ,   33.17565909,  584.21774984,     36.33723649,  348.69741184,   74.12886423,  -20.50908292,     78.87817799,  -20.15176739,   52.06349391, -120.81391796,   -113.8457522 ], [-1285.8213962 , 2813.36191374, -790.30647402, -290.30773579,    -93.0722709 , -245.71184116,  -11.27796625,   18.33021648,    -96.75945527,   13.72798944,  -40.52033921,  -57.84236245,    -49.6366225 ], [   33.17565909, -790.30647402, 1096.33654175,  128.61510454,     33.5499118 ,  184.55058356,  -18.4646986 ,   44.17994569,    141.94345081,  -36.12444995,   23.54312128,   62.59618572,    123.28589197], [  584.21774984, -290.30773579,  128.61510454,  448.12345828,    176.16191989,   -9.87848502,  -30.9264466 ,   35.04894273,     49.0920886 ,   29.12034715,  -36.28393028,   42.3737406 ,     43.07797112], [   36.33723649,  -93.0722709 ,   33.5499118 ,  176.16191989,    277.49601179,   56.27619885,    3.37054177,   35.93546809,     45.29239123,   26.18093443,    7.59632854,   15.65569808,     27.8282033 ], [  348.69741184, -245.71184116,  184.55058356,   -9.87848502,     56.27619885,  273.42829579,  133.05692043,   38.69853028,     51.14640866,   17.57679907,   52.98911429,   16.37763842,      0.75345495], [   74.12886423,  -11.27796625,  -18.4646986 ,  -30.9264466 ,      3.37054177,  133.05692043,  203.51959513,   56.54695095,     -7.03175814,   22.71209431,   53.53561249,   28.03259203,     -6.49948157], [  -20.50908292,   18.33021648,   44.17994569,   35.04894273,     35.93546809,   38.69853028,   56.54695095,  111.87519554,     54.56524413,   14.52405891,   19.25537111,   45.31770826,     38.89517657], [   78.87817799,  -96.75945527,  141.94345081,   49.0920886 ,     45.29239123,   51.14640866,   -7.03175814,   54.56524413,    154.3922458 ,   38.4177994 ,   15.15539468,   14.73282   ,     50.74363715], [  -20.15176739,   13.72798944,  -36.12444995,   29.12034715,     26.18093443,   17.57679907,   22.71209431,   14.52405891,     38.4177994 ,  121.99051221,   35.47830139,   10.73103388,    -13.55952866], [   52.06349391,  -40.52033921,   23.54312128,  -36.28393028,      7.59632854,   52.98911429,   53.53561249,   19.25537111,     15.15539468,   35.47830139,  114.85023234,   36.40439647,     14.41490145], [ -120.81391796,  -57.84236245,   62.59618572,   42.3737406 ,     15.65569808,   16.37763842,   28.03259203,   45.31770826,     14.73282   ,   10.73103388,   36.40439647,  120.32187133,     57.23510297], [ -113.8457522 ,  -49.6366225 ,  123.28589197,   43.07797112,     27.8282033 ,    0.75345495,   -6.49948157,   38.89517657,     50.74363715,  -13.55952866,   14.41490145,   57.23510297,    134.07604301]]
/root/sim/music/out/The Beatles/1　ザ・ビートルズ/08 Eight Days A Week.mp3; [-578.3404   ,  96.687485 , -19.001661 ,  39.265957 ,   8.570155 ,    8.986751 ,   2.5426033,   4.0422196,  -2.8202972,   2.6972914,   -1.659586 ,  -2.5253394,  -6.506584 ]; [[14657.48473844, -387.35633267, -787.80615206,  -38.03435269,   -479.92010589, -154.5029272 ,  -43.84517799,  -82.67800858,   -209.03012228,  114.08807151,  -31.03283666, -245.65970236,   -213.5892774 ], [ -387.35633267, 1066.2271774 , -247.32973955,   -1.84828428,     36.611817  ,  -71.78874137,    8.67587174,   18.40617249,    -62.75197033,  -21.28474365,   18.67337403,  -28.50494403,    -28.07363378], [ -787.80615206, -247.32973955,  665.58466336,   73.22405017,      9.21017838,  104.12727624,   -1.53041066,  -46.82404511,     44.42831761,  -28.44670717,  -16.78779073,   61.78532121,     -1.72821008], [  -38.03435269,   -1.84828428,   73.22405017,  394.74221394,    201.001447  ,  -67.94844581, -139.63152257,   44.45264172,     65.64868635,  -51.04131225,  -73.49471391,   63.45520138,     47.53182886], [ -479.92010589,   36.611817  ,    9.21017838,  201.001447  ,    279.93110295,  -42.30314733, -144.84018477,    9.87824343,     81.25017913,  -46.19311842,  -52.56852128,   37.46207524,     27.8374199 ], [ -154.5029272 ,  -71.78874137,  104.12727624,  -67.94844581,    -42.30314733,  251.27034674,  134.72160269,  -12.25786145,    -12.10789483,   18.37862446,   35.91010372,   -5.44616567,    -35.01612577], [  -43.84517799,    8.67587174,   -1.53041066, -139.63152257,   -144.84018477,  134.72160269,  252.4173266 ,   11.82199922,    -60.06692502,   42.02928469,   57.91330354,  -35.03742017,    -24.86677979], [  -82.67800858,   18.40617249,  -46.82404511,   44.45264172,      9.87824343,  -12.25786145,   11.82199922,  101.46159408,     26.91272693,   -4.2678316 ,   -4.44144983,   15.10295793,     17.45351078], [ -209.03012228,  -62.75197033,   44.42831761,   65.64868635,     81.25017913,  -12.10789483,  -60.06692502,   26.91272693,    146.85470434,   12.91859918,  -33.09564809,   22.94939121,     14.71089388], [  114.08807151,  -21.28474365,  -28.44670717,  -51.04131225,    -46.19311842,   18.37862446,   42.02928469,   -4.2678316 ,     12.91859918,  110.48345875,   49.13041406,  -24.62074998,    -26.98901312], [  -31.03283666,   18.67337403,  -16.78779073,  -73.49471391,    -52.56852128,   35.91010372,   57.91330354,   -4.44144983,    -33.09564809,   49.13041406,  104.79362756,   -7.95540674,    -32.14012857], [ -245.65970236,  -28.50494403,   61.78532121,   63.45520138,     37.46207524,   -5.44616567,  -35.03742017,   15.10295793,     22.94939121,  -24.62074998,   -7.95540674,   81.91294789,     32.86631344], [ -213.5892774 ,  -28.07363378,   -1.72821008,   47.53182886,     27.8374199 ,  -35.01612577,  -24.86677979,   17.45351078,     14.71089388,  -26.98901312,  -32.14012857,   32.86631344,     88.64149615]]
/root/sim/music/out/The Beatles/1　ザ・ビートルズ/06 A Hard Day's Night.mp3; [-555.25525   ,  77.00232   , -13.100989  ,  38.037212  ,   6.6099057 ,   10.309091  ,   3.1471615 ,   7.0258265 ,  -2.643499  ,  -2.2135537 ,    0.14884521,   1.2485405 ,  -4.856883  ]; [[15402.6545959 ,  593.36226105, 1025.96745756,  342.09142366,   -119.30126216,  391.60351999, -109.57404262, -425.7877344 ,    153.76997688,  198.43224209,  -90.0065708 , -425.22358242,   -309.22508032], [  593.36226105,  734.82550527, -185.30600716,  -52.0269101 ,    -90.51017606,    3.93718328,   54.92494055,   45.68086894,    -86.25449972,  -24.18380696,   17.52629253,   11.48243339,    -25.79765686], [ 1025.96745756, -185.30600716, 1039.3474549 ,   97.95142456,     36.10549435,  163.23504923,  -13.87289348, -170.69830052,    150.13349459,   53.70319756,   38.43710049,  -45.11814023,    -11.59989293], [  342.09142366,  -52.0269101 ,   97.95142456,  264.04918347,    140.27304791,  -31.0738996 ,  -93.94223915,  -10.34501306,     51.53385066,   -8.81205337,  -26.42577015,   32.96259437,     15.22088881], [ -119.30126216,  -90.51017606,   36.10549435,  140.27304791,    210.89771759,  -12.18297216,  -85.99127207,  -17.40563247,     60.71514621,    1.24705751,  -11.16576871,   22.56978602,     16.18490401], [  391.60351999,    3.93718328,  163.23504923,  -31.0738996 ,    -12.18297216,  172.66757332,   78.37713767,  -17.99466711,      3.9403259 ,   13.72651138,   19.13568355,  -24.52846831,    -23.44949194], [ -109.57404262,   54.92494055,  -13.87289348,  -93.94223915,    -85.99127207,   78.37713767,  197.68936001,   58.71269019,    -42.2198046 ,   12.03225201,   25.46148981,   -5.46948404,    -12.77848039], [ -425.7877344 ,   45.68086894, -170.69830052,  -10.34501306,    -17.40563247,  -17.99466711,   58.71269019,  141.92719879,     -8.16819647,  -20.14035152,   -7.0483952 ,   39.9886151 ,     10.52962874], [  153.76997688,  -86.25449972,  150.13349459,   51.53385066,     60.71514621,    3.9403259 ,  -42.2198046 ,   -8.16819647,    141.78799128,   48.9659698 ,    4.97039343,  -12.47185286,      2.6176367 ], [  198.43224209,  -24.18380696,   53.70319756,   -8.81205337,      1.24705751,   13.72651138,   12.03225201,  -20.14035152,     48.9659698 ,  114.22909529,   34.74721894,  -37.08764515,    -17.80309891], [  -90.0065708 ,   17.52629253,   38.43710049,  -26.42577015,    -11.16576871,   19.13568355,   25.46148981,   -7.0483952 ,      4.97039343,   34.74721894,   82.1578354 ,   12.8408197 ,     -6.46847684], [ -425.22358242,   11.48243339,  -45.11814023,   32.96259437,     22.56978602,  -24.52846831,   -5.46948404,   39.9886151 ,    -12.47185286,  -37.08764515,   12.8408197 ,  111.60603975,     43.91633686], [ -309.22508032,  -25.79765686,  -11.59989293,   15.22088881,     16.18490401,  -23.44949194,  -12.77848039,   10.52962874,      2.6176367 ,  -17.80309891,   -6.46847684,   43.91633686,     74.30930626]]
/root/sim/music/out/The Beatles/1　ザ・ビートルズ/23 The Ballad Of John And Yoko.mp3; [-568.4736    , 103.265755  ,   8.375417  ,  49.89992   ,  21.916723  ,   17.790741  ,   3.16633   ,  10.014198  ,   0.4662521 ,   2.5293894 ,   -2.129388  ,  -0.33438194,  -0.29880837]; [[11412.44908694,   76.83078705, -325.2757818 , -106.17561752,   -200.8274034 , -114.88336386, -199.99778134,  -36.87096237,    -71.45714305,  -29.74931964,  -72.89647213,  -28.17667434,    -69.23977501], [   76.83078705,  911.36161884, -172.40502551,   64.9172093 ,     51.80876109,   54.14819513,  106.99385277,   64.98006094,     -1.90498811,   34.22230661,   26.83383793,    7.99060035,     12.59802263], [ -325.2757818 , -172.40502551,  473.50921957,   51.17198429,     -5.36670895,   58.73610447,  -17.3134597 ,  -31.70876802,     -9.18032314,    2.15091204,   24.05868109,   22.61416314,    -11.06470586], [ -106.17561752,   64.9172093 ,   51.17198429,  411.33347725,    210.60112255,  -34.18360008,  -50.22278634,    1.75764533,      7.13748776,   -4.8093587 ,  -34.05685167,    2.34562304,     43.97833338], [ -200.8274034 ,   51.80876109,   -5.36670895,  210.60112255,    244.70465383,   22.37420557,  -34.04032807,   12.36914555,     30.49091739,    4.65002099,  -20.24714641,    1.9561923 ,     18.98095858], [ -114.88336386,   54.14819513,   58.73610447,  -34.18360008,     22.37420557,  182.25521894,   66.42339165,   23.44838217,      6.59649119,   -0.9200577 ,   12.05419049,  -18.42069503,    -19.59773078], [ -199.99778134,  106.99385277,  -17.3134597 ,  -50.22278634,    -34.04032807,   66.42339165,  159.23757742,   51.30699241,    -16.56395953,   11.15665832,   13.38653386,   -5.04706896,      1.18139388], [  -36.87096237,   64.98006094,  -31.70876802,    1.75764533,     12.36914555,   23.44838217,   51.30699241,   82.98140318,     24.54723254,    7.21624528,    3.57924601,   -0.07599189,      7.28984669], [  -71.45714305,   -1.90498811,   -9.18032314,    7.13748776,     30.49091739,    6.59649119,  -16.56395953,   24.54723254,     78.22738469,   24.18815486,    2.64963036,   -0.14561857,     -3.59394757], [  -29.74931964,   34.22230661,    2.15091204,   -4.8093587 ,      4.65002099,   -0.9200577 ,   11.15665832,    7.21624528,     24.18815486,   74.751157  ,   26.23558369,   -1.96324765,     -1.96651879], [  -72.89647213,   26.83383793,   24.05868109,  -34.05685167,    -20.24714641,   12.05419049,   13.38653386,    3.57924601,      2.64963036,   26.23558369,   70.58788422,   26.43328048,     -4.63977106], [  -28.17667434,    7.99060035,   22.61416314,    2.34562304,      1.9561923 ,  -18.42069503,   -5.04706896,   -0.07599189,     -0.14561857,   -1.96324765,   26.43328048,   65.90822619,     21.97566702], [  -69.23977501,   12.59802263,  -11.06470586,   43.97833338,     18.98095858,  -19.59773078,    1.18139388,    7.28984669,     -3.59394757,   -1.96651879,   -4.63977106,   21.97566702,     63.68847625]]
/root/sim/music/out/The Beatles/1　ザ・ビートルズ/04 I Want To Hold Your Hand.mp3; [-551.85815  , 105.79919  , -28.641138 ,  16.302385 , -16.655363 ,    6.7986073,  -2.080668 ,   3.9180279,  -2.7956097,   2.0123684,   -0.7086863,  -3.3854148,  -2.6519775]; [[12085.34357707, -829.39157199,-1979.61941871, -194.16487854,   -386.27772748, -241.21202702, -229.80250515,  -23.67402895,   -221.36315248,   13.14834574,  -17.77812998, -288.83464403,   -261.73375398], [ -829.39157199, 1241.97387669,  366.42852035,  128.3646132 ,     74.22349024,   88.12573524,  102.88013151,   46.54415873,     13.03753206,  -29.44284394,    6.64480043,   58.36244256,     49.17251508], [-1979.61941871,  366.42852035, 1401.49321222,  187.25864972,    -16.43239857,   85.87720829,   13.72283915,  -66.58082309,     42.90613023,  -33.86300694,   -6.25013263,  174.28156262,    117.7520696 ], [ -194.16487854,  128.3646132 ,  187.25864972,  361.27400052,    165.66270233,  -47.97357693,  -66.70225891,   17.31837794,     57.21343363,   21.28797807,  -27.8757154 ,   32.44066122,     51.44406182], [ -386.27772748,   74.22349024,  -16.43239857,  165.66270233,    330.29416404,   56.35369016,  -40.06677508,   29.90478019,     92.70994822,   51.28731374,  -21.45321212,    9.38450057,      3.7200813 ], [ -241.21202702,   88.12573524,   85.87720829,  -47.97357693,     56.35369016,  262.98671056,  122.99832791,   31.27648905,     45.37404088,   25.81743307,   22.6035188 ,   20.90451636,      0.47625329], [ -229.80250515,  102.88013151,   13.72283915,  -66.70225891,    -40.06677508,  122.99832791,  246.3634195 ,   89.17287978,    -26.36385249,   21.14505557,   66.66186524,   12.25718243,      6.30289352], [  -23.67402895,   46.54415873,  -66.58082309,   17.31837794,     29.90478019,   31.27648905,   89.17287978,  115.13382279,     25.88547694,   13.82120375,   27.11531894,    3.43584374,     10.12817188], [ -221.36315248,   13.03753206,   42.90613023,   57.21343363,     92.70994822,   45.37404088,  -26.36385249,   25.88547694,    142.33629865,   42.52696588,  -27.22654543,    0.7133056 ,     14.68937974], [   13.14834574,  -29.44284394,  -33.86300694,   21.28797807,     51.28731374,   25.81743307,   21.14505557,   13.82120375,     42.52696588,  124.96741379,   43.57054065,  -15.68609134,    -14.79841627], [  -17.77812998,    6.64480043,   -6.25013263,  -27.8757154 ,    -21.45321212,   22.6035188 ,   66.66186524,   27.11531894,    -27.22654543,   43.57054065,  122.61569041,   25.50959036,     -6.1279005 ], [ -288.83464403,   58.36244256,  174.28156262,   32.44066122,      9.38450057,   20.90451636,   12.25718243,    3.43584374,      0.7133056 ,  -15.68609134,   25.50959036,   94.08379668,     42.3405733 ], [ -261.73375398,   49.17251508,  117.7520696 ,   51.44406182,      3.7200813 ,    0.47625329,    6.30289352,   10.12817188,     14.68937974,  -14.79841627,   -6.1279005 ,   42.3405733 ,     83.97243485]]
/root/sim/music/out/The Beatles/1　ザ・ビートルズ/21 Hey Jude.mp3; [-595.2632    ,  92.29026   ,  10.914152  ,  16.759888  ,   9.377309  ,    6.2487497 ,   9.186112  ,  13.934515  , -10.303382  ,   8.052208  ,   -5.4170227 ,  -0.38600978,  -2.501354  ]; [[13977.9405536 , -780.18225305,  434.49573894,  276.02678555,    199.96758534,  323.33739917,  198.04598075,  202.50261505,    211.72384455,  194.97203764,  208.4543714 ,   83.58186274,    -53.72855382], [ -780.18225305, 1450.0507695 , -277.64508451,   64.94519853,    -79.0834825 , -225.73286765,  -76.94632897,  -29.17822097,   -148.81145669,  -12.35668313,  -85.4085436 ,  -68.89067661,    -28.21183587], [  434.49573894, -277.64508451,  730.19181872,   47.64269597,    151.92324927,   -3.33134051,  -18.45791003,  101.7240479 ,     24.3392722 ,   11.24694669,   15.55393906,   49.22746805,     49.58872515], [  276.02678555,   64.94519853,   47.64269597,  377.50434573,    119.9098329 ,    0.98176887,   30.08083221,   12.16412471,     80.03425773,    1.98673009,  -21.73760683,   36.78953871,     63.87604037], [  199.96758534,  -79.0834825 ,  151.92324927,  119.9098329 ,    237.89781107,   18.21796254,   -6.65243375,   42.08380813,     42.78457326,   20.7540262 ,   -7.94929178,   26.06963582,     48.08634187], [  323.33739917, -225.73286765,   -3.33134051,    0.98176887,     18.21796254,  261.35438884,  157.16630841,   16.00536668,     85.19334844,   17.18095972,   79.15847225,   38.05381405,     13.05264299], [  198.04598075,  -76.94632897,  -18.45791003,   30.08083221,     -6.65243375,  157.16630841,  271.79357713,   30.99333515,     79.77973214,   16.22874761,   55.98241186,   49.37020402,     24.79785484], [  202.50261505,  -29.17822097,  101.7240479 ,   12.16412471,     42.08380813,   16.00536668,   30.99333515,  113.59432063,     22.76376161,   19.17414481,   15.250571  ,   22.85713397,     25.33884832], [  211.72384455, -148.81145669,   24.3392722 ,   80.03425773,     42.78457326,   85.19334844,   79.77973214,   22.76376161,    175.57797038,   46.05598371,   43.54086809,   38.04169784,     34.16403764], [  194.97203764,  -12.35668313,   11.24694669,    1.98673009,     20.7540262 ,   17.18095972,   16.22874761,   19.17414481,     46.05598371,  100.0598782 ,   43.73531634,   10.58064969,      4.40404013], [  208.4543714 ,  -85.4085436 ,   15.55393906,  -21.73760683,     -7.94929178,   79.15847225,   55.98241186,   15.250571  ,     43.54086809,   43.73531634,  125.79112688,   39.40439735,     -0.81118331], [   83.58186274,  -68.89067661,   49.22746805,   36.78953871,     26.06963582,   38.05381405,   49.37020402,   22.85713397,     38.04169784,   10.58064969,   39.40439735,   91.46608885,     41.7963473 ], [  -53.72855382,  -28.21183587,   49.58872515,   63.87604037,     48.08634187,   13.05264299,   24.79785484,   25.33884832,     34.16403764,    4.40404013,   -0.81118331,   41.7963473 ,    100.30309604]]
/root/sim/music/out/The Beatles/1　ザ・ビートルズ/22 Get Back.mp3; [-640.70386  , 166.2379   ,  13.451464 ,  29.704317 ,   3.5945618,   10.089168 ,  -4.4353676,   9.14329  ,  -2.7714334,   4.5372753,   -5.7254157,  -6.885634 ,  -8.059754 ]; [[19477.24759773,-2621.72679113,-1742.11124314, -141.54021497,   -311.37133478, -198.27310307, -358.83942425,   80.54676371,   -320.88201953,   69.7587788 ,  -91.71091888, -125.43703278,   -189.45226812], [-2621.72679113, 3224.73203378,   41.32397555,  -97.68878562,     95.62596065,   97.50662277,   57.75449876,   58.40894886,     66.19107372,  -17.71157257,  -28.84815939,  -14.61075183,    -34.77041059], [-1742.11124314,   41.32397555, 1044.24639483,  168.49525115,    -42.17244699,   65.16655712,   79.58161468,  -52.16703199,     35.32152526,  -28.74737232,   11.61694448,   34.46614594,     62.60277994], [ -141.54021497,  -97.68878562,  168.49525115,  357.50508225,     46.94977137,  -22.60296934,  -24.88268605,   -0.48317944,    -39.54686886,   19.48338549,   12.59355947,  -11.35913716,     -4.00769086], [ -311.37133478,   95.62596065,  -42.17244699,   46.94977137,    232.26128282,   20.47320186,  -35.76804664,   -9.90681999,     14.60301609,    5.62828206,    6.10497565,   -0.15939597,     -9.70324411], [ -198.27310307,   97.50662277,   65.16655712,  -22.60296934,     20.47320186,  148.06354472,   41.21815051,  -22.71444304,     35.80305435,    5.14191249,   -2.74000506,    6.82335072,      0.80333873], [ -358.83942425,   57.75449876,   79.58161468,  -24.88268605,    -35.76804664,   41.21815051,  142.29900834,   13.85696496,      4.63449549,   -5.50524502,   13.65962322,    9.73892709,     12.28963309], [   80.54676371,   58.40894886,  -52.16703199,   -0.48317944,     -9.90681999,  -22.71444304,   13.85696496,  115.28980824,     -4.49759052,   -0.56816951,    1.9582473 ,   -4.9920389 ,    -13.58482198], [ -320.88201953,   66.19107372,   35.32152526,  -39.54686886,     14.60301609,   35.80305435,    4.63449549,   -4.49759052,    155.76933346,   12.36291807,  -33.36723527,   -4.6460516 ,     16.31120445], [   69.7587788 ,  -17.71157257,  -28.74737232,   19.48338549,      5.62828206,    5.14191249,   -5.50524502,   -0.56816951,     12.36291807,   79.20436014,   17.19694433,  -17.57131251,    -11.42517942], [  -91.71091888,  -28.84815939,   11.61694448,   12.59355947,      6.10497565,   -2.74000506,   13.65962322,    1.9582473 ,    -33.36723527,   17.19694433,   83.20513869,   27.64610165,     -9.71717037], [ -125.43703278,  -14.61075183,   34.46614594,  -11.35913716,     -0.15939597,    6.82335072,    9.73892709,   -4.9920389 ,     -4.6460516 ,  -17.57131251,   27.64610165,   81.04968821,     32.56742809], [ -189.45226812,  -34.77041059,   62.60277994,   -4.00769086,     -9.70324411,    0.80333873,   12.28963309,  -13.58482198,     16.31120445,  -11.42517942,   -9.71717037,   32.56742809,     89.73492325]]
/root/sim/music/out/The Beatles/1　ザ・ビートルズ/09 Ticket To Ride.mp3; [-560.7531   , 104.366394 , -29.794731 ,  30.57976  ,   7.320751 ,    7.2476935,   0.6430213,  12.0367365,   6.185212 ,   5.5330014,    2.585041 ,  -4.724061 ,   0.835513 ]; [[14825.31445248, -383.2238623 ,  248.28779058,  304.11131056,   -119.31199816,  -97.21794813, -164.75899025,   40.13027409,     39.69716977, -189.744266  , -206.38238183, -162.23773336,   -154.66339025], [ -383.2238623 , 1476.11361748, -328.85775288,  108.22399571,    105.27990199,  -18.44939149,  140.6665834 ,  107.55744062,     17.23208702,  105.17144598,   11.69483057,    2.03615359,     14.60118761], [  248.28779058, -328.85775288,  822.72807609,   -3.83416333,     38.57102487,  119.5969946 ,  -39.03199919,   45.71523651,     83.269783  ,  -73.05158944,   -9.87937145,   22.77409473,     27.36327255], [  304.11131056,  108.22399571,   -3.83416333,  308.18341287,    118.34049812,  -59.11698931,   -6.76440479,   30.06865114,     50.57221769,   10.19435971,  -54.49125731,   15.89335979,     35.17306166], [ -119.31199816,  105.27990199,   38.57102487,  118.34049812,    194.62043259,   -1.84658378,   32.03066548,   26.54279287,     47.18353447,   12.87413696,  -35.01197845,    9.04908677,     25.10166747], [  -97.21794813,  -18.44939149,  119.5969946 ,  -59.11698931,     -1.84658378,  196.08608837,   38.30608695,   27.31650336,     -0.68630392,   -6.3693441 ,   28.91990247,   -7.74058283,     -6.85031673], [ -164.75899025,  140.6665834 ,  -39.03199919,   -6.76440479,     32.03066548,   38.30608695,  182.1987777 ,   44.51504864,      2.57385979,   47.01912802,    0.32445463,   -6.18036436,     -5.4928242 ], [   40.13027409,  107.55744062,   45.71523651,   30.06865114,     26.54279287,   27.31650336,   44.51504864,  110.19969658,     44.31963121,   21.09971511,   -3.10308548,    3.26214561,     26.49626958], [   39.69716977,   17.23208702,   83.269783  ,   50.57221769,     47.18353447,   -0.68630392,    2.57385979,   44.31963121,    134.47762938,   16.36250005,  -19.99094979,    7.53209559,     18.43294645], [ -189.744266  ,  105.17144598,  -73.05158944,   10.19435971,     12.87413696,   -6.3693441 ,   47.01912802,   21.09971511,     16.36250005,  101.94370927,   26.00593446,    3.88867148,     -5.60570807], [ -206.38238183,   11.69483057,   -9.87937145,  -54.49125731,    -35.01197845,   28.91990247,    0.32445463,   -3.10308548,    -19.99094979,   26.00593446,  109.05611771,    4.0261936 ,      6.60585259], [ -162.23773336,    2.03615359,   22.77409473,   15.89335979,      9.04908677,   -7.74058283,   -6.18036436,    3.26214561,      7.53209559,    3.88867148,    4.0261936 ,   83.78925122,     24.06763642], [ -154.66339025,   14.60118761,   27.36327255,   35.17306166,     25.10166747,   -6.85031673,   -5.4928242 ,   26.49626958,     18.43294645,   -5.60570807,    6.60585259,   24.06763642,     91.69814247]]
/root/sim/music/out/The Beatles/1　ザ・ビートルズ/16 Eleanor Rigby.mp3; [-635.69965   , 146.27214   , -24.38157   ,  27.417124  ,  -8.496851  ,   -6.7951097 ,  -9.841317  ,  -0.27868393, -11.141559  ,  -0.39976925,   -4.007888  ,  -4.45803   ,  -3.868337  ]; [[13844.6508451 ,  537.52280065,-1180.69626512,   -7.16036939,   -778.20567149, -250.53025729, -436.45400591, -147.55672557,   -451.26594616,  -22.08031388, -121.29349252, -150.36564725,   -125.1572438 ], [  537.52280065, 1776.60049695, -191.71901894,  113.32434342,     83.08726107,  -70.92293696,   74.25783861,    3.80060048,     46.09087257,  -82.29846868,   10.30407127,   32.50880375,     -3.94283024], [-1180.69626512, -191.71901894,  583.3192119 ,   24.0440835 ,    150.22904827,   72.10005132,   46.89677747,   68.36603532,     33.78499381,   31.09113729,    8.66913325,    7.34346845,      4.48795176], [   -7.16036939,  113.32434342,   24.0440835 ,  352.93805578,     75.59237041,   20.86052333,   17.14670399,  -19.59883132,     65.98701182,    8.86604916,  -18.6624843 ,   10.54441775,      8.80132074], [ -778.20567149,   83.08726107,  150.22904827,   75.59237041,    316.68303246,    9.74425294,  -30.97311311,   11.10841777,     50.02072931,   34.75943175,  -25.59364439,   11.01647607,      9.54813258], [ -250.53025729,  -70.92293696,   72.10005132,   20.86052333,      9.74425294,  155.04632884,   56.04957741,   19.83107209,     21.75393979,   25.0660501 ,   30.14159206,   13.20707808,      0.39271363], [ -436.45400591,   74.25783861,   46.89677747,   17.14670399,    -30.97311311,   56.04957741,  181.11187429,   34.27536515,     36.72369955,   -4.29752274,   37.17619227,   19.81236734,      4.7919332 ], [ -147.55672557,    3.80060048,   68.36603532,  -19.59883132,     11.10841777,   19.83107209,   34.27536515,  117.08071353,      6.75052362,    8.37992412,   12.28872753,    3.77974565,      9.36631009], [ -451.26594616,   46.09087257,   33.78499381,   65.98701182,     50.02072931,   21.75393979,   36.72369955,    6.75052362,    138.541072  ,   16.11438666,   -1.0423297 ,    7.4447856 ,     17.52365735], [  -22.08031388,  -82.29846868,   31.09113729,    8.86604916,     34.75943175,   25.0660501 ,   -4.29752274,    8.37992412,     16.11438666,  107.12636302,   29.56723435,   11.04287877,      7.51902546], [ -121.29349252,   10.30407127,    8.66913325,  -18.6624843 ,    -25.59364439,   30.14159206,   37.17619227,   12.28872753,     -1.0423297 ,   29.56723435,  119.24081041,   33.18130895,      5.80360033], [ -150.36564725,   32.50880375,    7.34346845,   10.54441775,     11.01647607,   13.20707808,   19.81236734,    3.77974565,      7.4447856 ,   11.04287877,   33.18130895,  113.8517852 ,     38.69238471], [ -125.1572438 ,   -3.94283024,    4.48795176,    8.80132074,      9.54813258,    0.39271363,    4.7919332 ,    9.36631009,     17.52365735,    7.51902546,    5.80360033,   38.69238471,     96.21132338]]
/root/sim/music/out/The Beatles/1　ザ・ビートルズ/18 All You Need Is Love.mp3; [-604.7359   , 104.17258  , -36.58593  ,  26.70182  ,  -3.8739984,    8.154816 ,   4.9434953,   6.1369987,   2.3818653,   5.9562244,    1.4730117,  -0.4932356,  -2.4442484]; [[16536.92351933,  558.32421875, -431.88362656,  385.11940311,     69.96728251,   35.12221466,  126.8980853 ,   99.81967025,     98.64877811,  203.01336185,  -84.59005411,  129.21905678,     43.70375434], [  558.32421875,  931.93040364,   49.72717422,  131.21097471,     26.88852044,  153.85026076,  127.90876154,   80.20566469,     69.15716311,   60.40087243,   30.54084415,   63.52633087,     17.18893256], [ -431.88362656,   49.72717422,  714.6222308 ,  214.08407144,    269.89644859,  280.0403454 ,  170.12238425,  125.46961612,    195.88723495,   41.98289905,   96.18009584,   40.17690075,     55.5626184 ], [  385.11940311,  131.21097471,  214.08407144,  367.03446273,    278.86180167,  126.09196326,   58.85579102,  101.61226119,    133.85386783,   37.25887803,   26.60666414,   33.42404625,     66.4522758 ], [   69.96728251,   26.88852044,  269.89644859,  278.86180167,    390.32228305,  161.29818588,   70.49421135,  113.32751686,    170.94709095,   32.54529937,   59.17825897,   27.64980593,     78.6956609 ], [   35.12221466,  153.85026076,  280.0403454 ,  126.09196326,    161.29818588,  298.46612477,  170.46764342,  102.34959025,    139.31228657,   64.30925038,   82.97556745,   36.52002637,     37.0483718 ], [  126.8980853 ,  127.90876154,  170.12238425,   58.85579102,     70.49421135,  170.46764342,  260.5818245 ,  137.91361461,     81.35993044,   81.10713248,  105.72747564,   38.76226023,     29.49033265], [   99.81967025,   80.20566469,  125.46961612,  101.61226119,    113.32751686,  102.34959025,  137.91361461,  184.33961724,    107.06457074,   56.24554726,   74.48078914,   38.50911779,     38.36801564], [   98.64877811,   69.15716311,  195.88723495,  133.85386783,    170.94709095,  139.31228657,   81.35993044,  107.06457074,    205.7427645 ,   55.87272653,   59.18822103,   34.35836687,     56.34112723], [  203.01336185,   60.40087243,   41.98289905,   37.25887803,     32.54529937,   64.30925038,   81.10713248,   56.24554726,     55.87272653,  138.62883915,   81.44198327,   37.71600125,     14.00698068], [  -84.59005411,   30.54084415,   96.18009584,   26.60666414,     59.17825897,   82.97556745,  105.72747564,   74.48078914,     59.18822103,   81.44198327,  166.94063794,   45.85849599,     27.26359404], [  129.21905678,   63.52633087,   40.17690075,   33.42404625,     27.64980593,   36.52002637,   38.76226023,   38.50911779,     34.35836687,   37.71600125,   45.85849599,  112.11505437,     44.10929841], [   43.70375434,   17.18893256,   55.5626184 ,   66.4522758 ,     78.6956609 ,   37.0483718 ,   29.49033265,   38.36801564,     56.34112723,   14.00698068,   27.26359404,   44.10929841,    103.07683767]]
/root/sim/music/out/The Beatles/1　ザ・ビートルズ/10 Help!.mp3; [-542.508    ,  82.70125  ,   2.7338161,  41.317104 ,   3.626135 ,    4.1101995,  -1.0690236,   3.6290336,  -3.20839  ,   3.9461522,    0.4905652,  -2.8456466,  -1.5989708]; [[15412.72080351,  198.70482723, -563.64621045,  176.10892558,   -273.04696967,  -17.83516681,  -58.72914934,   66.39167125,     44.00518106,  189.37390727,   11.20820373, -232.73681861,   -263.02792289], [  198.70482723, 1097.18060207, -146.04727973,  -32.66098249,    -30.5143792 ,  -39.98328512,   35.28155514,    0.46704552,    -93.73082102,   -9.72046354,   51.5642116 ,    8.47575056,    -17.74693415], [ -563.64621045, -146.04727973,  472.07500428,  127.12845699,     32.38105458,   35.98936626,   -6.0571804 ,  -18.25651705,    -36.79622601,  -67.06286095,  -55.74844324,   25.6207206 ,     38.38157157], [  176.10892558,  -32.66098249,  127.12845699,  386.80734212,    160.63352366,  -50.2937956 , -119.93252347,  -14.06473464,      9.30035422,  -58.07265333,  -70.50090219,   15.52965017,     52.39854936], [ -273.04696967,  -30.5143792 ,   32.38105458,  160.63352366,    206.45443894,   -8.39940284,  -72.05690901,  -23.10452846,     24.08818347,  -24.8352986 ,  -35.55168224,   -3.21248964,     17.52069749], [  -17.83516681,  -39.98328512,   35.98936626,  -50.2937956 ,     -8.39940284,  149.38484279,   86.39675186,   14.41712629,    -14.19056828,    6.9040323 ,    3.36783594,  -38.62026678,    -30.42185464], [  -58.72914934,   35.28155514,   -6.0571804 , -119.93252347,    -72.05690901,   86.39675186,  174.36334548,   46.10843355,    -28.23672135,   13.63282032,   21.6040874 ,  -27.32728178,    -35.40705992], [   66.39167125,    0.46704552,  -18.25651705,  -14.06473464,    -23.10452846,   14.41712629,   46.10843355,   85.81403411,     24.96648972,    8.22954058,    2.49943879,   -4.21922627,     -0.53123411], [   44.00518106,  -93.73082102,  -36.79622601,    9.30035422,     24.08818347,  -14.19056828,  -28.23672135,   24.96648972,    116.33197549,   51.63684036,   11.32219392,   12.76230767,     10.97293448], [  189.37390727,   -9.72046354,  -67.06286095,  -58.07265333,    -24.8352986 ,    6.9040323 ,   13.63282032,    8.22954058,     51.63684036,  110.93114552,   56.80033558,    4.06498188,    -10.54665034], [   11.20820373,   51.5642116 ,  -55.74844324,  -70.50090219,    -35.55168224,    3.36783594,   21.6040874 ,    2.49943879,     11.32219392,   56.80033558,   96.34094085,   29.87915943,     -8.2253409 ], [ -232.73681861,    8.47575056,   25.6207206 ,   15.52965017,     -3.21248964,  -38.62026678,  -27.32728178,   -4.21922627,     12.76230767,    4.06498188,   29.87915943,   94.88341137,     48.78798185], [ -263.02792289,  -17.74693415,   38.38157157,   52.39854936,     17.52069749,  -30.42185464,  -35.40705992,   -0.53123411,     10.97293448,  -10.54665034,   -8.2253409 ,   48.78798185,     88.72934633]]
