/root/sim/music/out/The Beatles/1967-1970 [Disc 1]/08 I Am The Walrus.mp3; [-632.6763   , 100.504265 ,   6.1942124,  29.160809 ,   9.745466 ,   13.836187 ,   6.2193413,   9.728306 ,   0.4065592,  -3.1813745,   -6.327186 ,  -7.782352 ,  -5.891417 ]; [[11287.68824552, -614.80213664,  -66.26469915,  394.31071552,    147.25152282,  257.95961524,  229.30039623,  211.13919591,    -75.31660444,  -13.05498016,  -23.35706859,  -56.9449732 ,    -31.14525048], [ -614.80213664, 1520.76327825, -230.82144567,  -71.74426264,     12.07356335,  -57.23374243,  -48.84263433,  -37.63170061,     84.96781185,   46.48799925,   21.89132326,   17.54813488,     28.13897582], [  -66.26469915, -230.82144567,  634.00085401,  -56.12518174,     34.96136857,   55.48379676,   22.90104084,   55.91866837,      8.83942736,  -17.1847519 ,    3.36494877,   -3.01708189,      3.87888508], [  394.31071552,  -71.74426264,  -56.12518174,  348.99833765,     83.47949579,   34.33676343,   12.67667637,   43.74441278,     -8.16506164,  -38.77271103,  -27.46368802,   -5.73889479,     15.9063626 ], [  147.25152282,   12.07356335,   34.96136857,   83.47949579,    172.07490659,   28.69131506,   14.00536762,   26.32672222,     12.29180642,  -18.51260503,  -11.3780545 ,    5.62680729,     -1.67906101], [  257.95961524,  -57.23374243,   55.48379676,   34.33676343,     28.69131506,  192.50898323,   83.00401522,   36.46045396,    -17.26711247,   -3.60749486,   -9.96433834,  -34.73899089,     -4.05000253], [  229.30039623,  -48.84263433,   22.90104084,   12.67667637,     14.00536762,   83.00401522,  142.9031866 ,   44.5225068 ,     -3.61945706,   -3.95734862,   -5.39868684,   -3.37277203,    -12.17272793], [  211.13919591,  -37.63170061,   55.91866837,   43.74441278,     26.32672222,   36.46045396,   44.5225068 ,  120.32751098,     26.72311538,   -7.47398311,   -2.02876769,   -4.48022587,      5.041203  ], [  -75.31660444,   84.96781185,    8.83942736,   -8.16506164,     12.29180642,  -17.26711247,   -3.61945706,   26.72311538,    106.51912593,   35.50350554,   14.14994838,   20.63244731,     10.4245411 ], [  -13.05498016,   46.48799925,  -17.1847519 ,  -38.77271103,    -18.51260503,   -3.60749486,   -3.95734862,   -7.47398311,     35.50350554,  105.02969481,   40.62252526,    5.94220668,     14.71244252], [  -23.35706859,   21.89132326,    3.36494877,  -27.46368802,    -11.3780545 ,   -9.96433834,   -5.39868684,   -2.02876769,     14.14994838,   40.62252526,   87.52097084,   22.9898526 ,     12.78599812], [  -56.9449732 ,   17.54813488,   -3.01708189,   -5.73889479,      5.62680729,  -34.73899089,   -3.37277203,   -4.48022587,     20.63244731,    5.94220668,   22.9898526 ,   89.37357223,     22.17672985], [  -31.14525048,   28.13897582,    3.87888508,   15.9063626 ,     -1.67906101,   -4.05000253,  -12.17272793,    5.041203  ,     10.4245411 ,   14.71244252,   12.78599812,   22.17672985,     69.21107716]]
/root/sim/music/out/The Beatles/1967-1970 [Disc 1]/02 Penny Lane.mp3; [-636.05896   , 132.95262   , -19.349474  ,  21.701448  ,  14.168832  ,   11.306467  ,   1.2799035 ,   8.708037  ,   0.68345827,   5.8226357 ,    2.1668067 ,  -2.8385081 ,  -3.1806219 ]; [[12991.69545762,  265.58096147, -235.21094743,  105.37705192,   -182.01896984,    6.70849106,  -61.84949773,  180.86629531,    -61.62136925,  -82.13136883,  101.39456112,    6.96956498,   -133.44949394], [  265.58096147, 1983.68582665, -247.48026828,  115.70474723,    239.36601207,   67.00816795,  178.03616285,   58.01791507,    -71.7892087 ,   46.4988852 ,   47.06065407,   12.86155699,    -56.46808296], [ -235.21094743, -247.48026828,  571.16147935,   69.67882332,     52.05746885,  104.07460611,   48.00985602,   49.19858141,     58.07375689,   -2.76219536,   32.0862713 ,   42.96758497,      9.6907226 ], [  105.37705192,  115.70474723,   69.67882332,  356.1604556 ,    145.54767613,   62.54687408,   27.54932743,   74.90188662,     51.18520845,   16.24310893,    1.37234432,   27.13567751,     29.90254448], [ -182.01896984,  239.36601207,   52.05746885,  145.54767613,    248.76271544,   66.81805427,   27.43161915,   58.2490478 ,     25.25616628,    9.9599741 ,   -5.56293464,    7.49843424,     18.22633957], [    6.70849106,   67.00816795,  104.07460611,   62.54687408,     66.81805427,  217.50027237,   72.22273554,   10.72847184,     50.65853307,   13.67723259,    3.04398506,   12.18480922,     14.0447162 ], [  -61.84949773,  178.03616285,   48.00985602,   27.54932743,     27.43161915,   72.22273554,  158.8977628 ,   38.22000056,      5.83170565,   15.04843231,   32.4227742 ,   18.1218922 ,    -11.11505359], [  180.86629531,   58.01791507,   49.19858141,   74.90188662,     58.2490478 ,   10.72847184,   38.22000056,  140.55899407,     29.65453117,   10.97367319,   23.56571488,   12.99071658,     -1.68296139], [  -61.62136925,  -71.7892087 ,   58.07375689,   51.18520845,     25.25616628,   50.65853307,    5.83170565,   29.65453117,    165.28359946,   55.51024313,   -5.61234689,    6.65081451,     28.5860729 ], [  -82.13136883,   46.4988852 ,   -2.76219536,   16.24310893,      9.9599741 ,   13.67723259,   15.04843231,   10.97367319,     55.51024313,  114.97854836,   27.18641024,   -0.92256988,     10.08372864], [  101.39456112,   47.06065407,   32.0862713 ,    1.37234432,     -5.56293464,    3.04398506,   32.4227742 ,   23.56571488,     -5.61234689,   27.18641024,  100.53700503,   30.74108041,    -18.67083539], [    6.96956498,   12.86155699,   42.96758497,   27.13567751,      7.49843424,   12.18480922,   18.1218922 ,   12.99071658,      6.65081451,   -0.92256988,   30.74108041,   95.951954  ,     29.05512573], [ -133.44949394,  -56.46808296,    9.6907226 ,   29.90254448,     18.22633957,   14.0447162 ,  -11.11505359,   -1.68296139,     28.5860729 ,   10.08372864,  -18.67083539,   29.05512573,    103.54347679]]
/root/sim/music/out/The Beatles/1967-1970 [Disc 1]/01 Strawberry Fields Forever.mp3; [-710.36127   , 119.6321    ,  -0.4643199 ,   9.222662  ,   3.946688  ,    3.5670395 ,  -8.317366  ,   1.8354597 ,  -1.0673411 ,  -0.2775206 ,    0.02054955,  -0.07086267,  -3.990988  ]; [[26795.30141191, -451.58426598,-1424.34110278, 1361.1710364 ,    878.83532654,  569.68587573,  193.12668677,  443.32280051,     18.80524174, -121.47050183,   70.22827869,  -91.10512082,   -391.03290984], [ -451.58426598, 2225.47971631,   85.55791839, -453.75284903,     49.26418774, -168.37364958,  -79.1333615 ,  -72.12949264,    -74.85461108,   -8.26807339,   12.72041269,  -20.23909831,     31.98137818], [-1424.34110278,   85.55791839, 1476.76570232,  190.16878746,    112.35251305,  206.67327815,  175.09266836,  112.09297085,    147.40891033,  231.9819382 ,   64.49600176,   91.60166569,    112.71262952], [ 1361.1710364 , -453.75284903,  190.16878746,  640.36384353,    237.60908488,  185.55808834,  132.69081553,  143.16004851,    109.80705311,   78.60670469,   25.13536173,   35.81798884,     23.64279024], [  878.83532654,   49.26418774,  112.35251305,  237.60908488,    408.30516364,  131.15414605,   61.82229744,   86.28142682,     72.03726629,   48.46354315,   10.9617066 ,   15.1899757 ,     13.65314492], [  569.68587573, -168.37364958,  206.67327815,  185.55808834,    131.15414605,  256.38193705,  129.24515503,   84.65202306,     60.09078207,   69.87155409,   19.04621451,   22.03510124,     -2.80086356], [  193.12668677,  -79.1333615 ,  175.09266836,  132.69081553,     61.82229744,  129.24515503,  239.31749767,  121.77808194,     41.75027332,   67.41905007,   54.35575688,   22.58385606,     -1.28968811], [  443.32280051,  -72.12949264,  112.09297085,  143.16004851,     86.28142682,   84.65202306,  121.77808194,  184.07376625,     73.37305879,   60.19384178,   41.98848889,   19.43453635,      0.41595437], [   18.80524174,  -74.85461108,  147.40891033,  109.80705311,     72.03726629,   60.09078207,   41.75027332,   73.37305879,    141.62892501,   82.0981568 ,   17.56542811,   16.0721377 ,     10.50770624], [ -121.47050183,   -8.26807339,  231.9819382 ,   78.60670469,     48.46354315,   69.87155409,   67.41905007,   60.19384178,     82.0981568 ,  167.05756596,   64.90170692,   30.11343523,     18.55123205], [   70.22827869,   12.72041269,   64.49600176,   25.13536173,     10.9617066 ,   19.04621451,   54.35575688,   41.98848889,     17.56542811,   64.90170692,  137.87585815,   40.03961783,     -5.51489182], [  -91.10512082,  -20.23909831,   91.60166569,   35.81798884,     15.1899757 ,   22.03510124,   22.58385606,   19.43453635,     16.0721377 ,   30.11343523,   40.03961783,   85.61329938,     41.81699728], [ -391.03290984,   31.98137818,  112.71262952,   23.64279024,     13.65314492,   -2.80086356,   -1.28968811,    0.41595437,     10.50770624,   18.55123205,   -5.51489182,   41.81699728,    104.75702835]]
/root/sim/music/out/The Beatles/1967-1970 [Disc 1]/12 Lady Madonna.mp3; [-608.80615  , 119.22122  , -19.659182 ,  25.831621 ,   9.275521 ,    4.845184 ,   2.0750177,   5.776661 ,  -4.584784 ,   3.6728976,   -1.016572 ,  -1.1259053,   0.6955449]; [[20139.55535132,  977.43787095, -852.11045885,  763.63057525,    126.35470235,   -3.76348932,   65.86753191,  257.00605003,   -110.54175487,  207.46014847,  -17.49232447,  -55.5248248 ,     -6.97915085], [  977.43787095, 1523.9565837 , -193.05806374,   30.95517298,     34.45093358,   21.78696761,   55.01833779,   36.79007703,    -16.88927469,   -4.07297164,   22.70864339,    8.95376156,     -0.63577041], [ -852.11045885, -193.05806374,  522.23009846, -140.82725841,     19.85298256,  100.85656958,   23.02407274,  -30.87367267,     25.81071169,  -16.65195262,   -4.0014953 ,    5.87420179,     -8.49999582], [  763.63057525,   30.95517298, -140.82725841,  324.3663713 ,     71.85740192,  -26.00318654,    1.04195121,   39.14439113,     24.35763717,   25.03032966,  -32.00533531,   16.59977402,     52.33476361], [  126.35470235,   34.45093358,   19.85298256,   71.85740192,    245.6321115 ,    2.78970695,  -57.89428355,   20.23889078,     40.17988551,    5.34405459,  -17.16172251,    5.19302788,     10.81671062], [   -3.76348932,   21.78696761,  100.85656958,  -26.00318654,      2.78970695,  130.97572241,   43.40828848,  -10.8173273 ,      6.13903603,    0.57919003,   13.06137455,    6.42162656,    -10.83774925], [   65.86753191,   55.01833779,   23.02407274,    1.04195121,    -57.89428355,   43.40828848,  137.78289743,   33.04614099,    -15.65503613,    5.43695282,   14.60965875,   12.67543083,      5.44446177], [  257.00605003,   36.79007703,  -30.87367267,   39.14439113,     20.23889078,  -10.8173273 ,   33.04614099,   86.6846802 ,     15.14111105,    5.68891433,    6.64001908,    3.16347681,      8.45593046], [ -110.54175487,  -16.88927469,   25.81071169,   24.35763717,     40.17988551,    6.13903603,  -15.65503613,   15.14111105,     79.56341279,   22.01708193,  -13.15450997,    3.66971952,      3.47012542], [  207.46014847,   -4.07297164,  -16.65195262,   25.03032966,      5.34405459,    0.57919003,    5.43695282,    5.68891433,     22.01708193,   81.58051959,   17.98829375,   -5.29573052,      2.01592232], [  -17.49232447,   22.70864339,   -4.0014953 ,  -32.00533531,    -17.16172251,   13.06137455,   14.60965875,    6.64001908,    -13.15450997,   17.98829375,   78.52782592,   14.86618477,    -19.64639171], [  -55.5248248 ,    8.95376156,    5.87420179,   16.59977402,      5.19302788,    6.42162656,   12.67543083,    3.16347681,      3.66971952,   -5.29573052,   14.86618477,   68.47615874,     23.63122819], [   -6.97915085,   -0.63577041,   -8.49999582,   52.33476361,     10.81671062,  -10.83774925,    5.44446177,    8.45593046,      3.47012542,    2.01592232,  -19.64639171,   23.63122819,     70.85050022]]
/root/sim/music/out/The Beatles/1967-1970 [Disc 1]/09 Hello Goodbye.mp3; [-615.09344  , 114.03869  , -19.343184 ,  12.513755 ,  10.324545 ,    5.2270885,   0.5848903,   4.945642 ,  -3.7137716,   4.4985228,    1.9373287,  -5.0854897,  -5.154265 ]; [[17948.09816115,  849.43548729, -204.17479465,  302.1804639 ,     33.36461062,   19.57126103,   79.12160737,  166.32413354,    -69.12193761,   49.20943152,   21.96556361,  -78.64352461,    -21.87192923], [  849.43548729, 1354.68180376, -335.9464031 ,  100.26899604,    112.64408005,   19.93136916,   54.32153702,   52.75752559,    -24.01588365,   34.96966556,   19.06581862,   -3.12175717,    -16.57707346], [ -204.17479465, -335.9464031 ,  525.94584555,   20.94851492,     46.07868483,   95.99697133,    8.73582593,    4.70411035,     23.81523529,   -6.69364657,  -10.54176809,    1.93758756,     10.83957949], [  302.1804639 ,  100.26899604,   20.94851492,  256.7710577 ,    127.87681091,   50.99282131,   38.02051777,   25.35038559,     31.35113535,   12.66362573,   -3.45995152,   26.19795574,     29.85177333], [   33.36461062,  112.64408005,   46.07868483,  127.87681091,    186.58356367,   67.55657136,   29.40313243,   24.14909121,     36.0594682 ,    7.86500257,   -6.80051402,   20.02538455,     13.84524457], [   19.57126103,   19.93136916,   95.99697133,   50.99282131,     67.55657136,  174.57427368,   94.53059716,   32.7425399 ,      0.86479796,    7.40750477,   11.96465924,   17.93291114,     10.43200144], [   79.12160737,   54.32153702,    8.73582593,   38.02051777,     29.40313243,   94.53059716,  145.39149619,   50.41191693,     -2.9354889 ,   12.08621534,   18.72672942,    7.41224534,     -1.5584952 ], [  166.32413354,   52.75752559,    4.70411035,   25.35038559,     24.14909121,   32.7425399 ,   50.41191693,   96.7738435 ,     36.61501742,   20.67832197,   12.09490053,    1.73688422,     -0.03072173], [  -69.12193761,  -24.01588365,   23.81523529,   31.35113535,     36.0594682 ,    0.86479796,   -2.9354889 ,   36.61501742,    104.39340042,   33.32997311,   -0.19750203,    0.46438363,     -2.8172759 ], [   49.20943152,   34.96966556,   -6.69364657,   12.66362573,      7.86500257,    7.40750477,   12.08621534,   20.67832197,     33.32997311,   73.59076446,   28.2892359 ,   -1.3905372 ,     -8.09370013], [   21.96556361,   19.06581862,  -10.54176809,   -3.45995152,     -6.80051402,   11.96465924,   18.72672942,   12.09490053,     -0.19750203,   28.2892359 ,   63.12267115,   17.25799975,      0.55808282], [  -78.64352461,   -3.12175717,    1.93758756,   26.19795574,     20.02538455,   17.93291114,    7.41224534,    1.73688422,      0.46438363,   -1.3905372 ,   17.25799975,   71.40770487,     39.06415551], [  -21.87192923,  -16.57707346,   10.83957949,   29.85177333,     13.84524457,   10.43200144,   -1.5584952 ,   -0.03072173,     -2.8172759 ,   -8.09370013,    0.55808282,   39.06415551,     75.31614053]]
/root/sim/music/out/The Beatles/1967-1970 [Disc 1]/11 Magical Mystery Tour.mp3; [-631.62036   ,  83.21806   , -13.225635  ,  28.343285  ,  13.248531  ,   19.779034  ,   7.469458  ,   6.693494  ,  -0.80537015,   7.3458495 ,    0.67373896,  -0.8266086 ,  -5.1619773 ]; [[18067.27509707,   45.47510677, -922.06017859,  415.54867657,    181.41135569,  133.31896114,  364.50438973,  327.76003734,    -21.77843269,  287.5170476 , -140.06751673, -139.00194944,   -131.33893472], [   45.47510677,  963.25462599,  -30.22706028,   72.97197271,     78.23071191,   62.89060996,   54.99305867,   20.1018657 ,      2.98353124,  -16.88015366,   37.42344282,   -0.75167487,    -17.51426392], [ -922.06017859,  -30.22706028,  568.8096893 ,   75.87102541,     32.27595413,   80.28871071,  -23.61997229,  -20.69488682,     31.12006653,  -29.45974412,   14.03549542,   24.09047498,      4.52043071], [  415.54867657,   72.97197271,   75.87102541,  241.47681443,    135.65794744,   24.81744634,  -19.68214209,   16.89685118,     22.47962026,    7.38239558,   -1.58781358,   18.92704461,      7.42746272], [  181.41135569,   78.23071191,   32.27595413,  135.65794744,    213.57388311,   59.01978759,  -34.41597838,   23.90886519,     19.94100198,    5.33934872,   -2.07085759,   18.94309323,     18.5807264 ], [  133.31896114,   62.89060996,   80.28871071,   24.81744634,     59.01978759,  170.19639181,   78.99913899,   22.96954196,      8.05121329,    3.50539888,   10.15172512,   -0.85607658,      2.59387726], [  364.50438973,   54.99305867,  -23.61997229,  -19.68214209,    -34.41597838,   78.99913899,  231.20325781,   81.95497123,     20.7246631 ,   57.48396054,   16.08851861,  -21.71931679,    -20.85272593], [  327.76003734,   20.1018657 ,  -20.69488682,   16.89685118,     23.90886519,   22.96954196,   81.95497123,  103.48468802,     45.54512245,   29.46543401,    1.50008775,   -8.14191064,     -0.47737209], [  -21.77843269,    2.98353124,   31.12006653,   22.47962026,     19.94100198,    8.05121329,   20.7246631 ,   45.54512245,    106.46861867,   37.78630989,    1.91953717,   -3.07490633,     -4.7245017 ], [  287.5170476 ,  -16.88015366,  -29.45974412,    7.38239558,      5.33934872,    3.50539888,   57.48396054,   29.46543401,     37.78630989,   98.43397335,   31.86111722,   -1.99413103,     -9.51740675], [ -140.06751673,   37.42344282,   14.03549542,   -1.58781358,     -2.07085759,   10.15172512,   16.08851861,    1.50008775,      1.91953717,   31.86111722,   79.38807443,   33.48834578,      2.87868455], [ -139.00194944,   -0.75167487,   24.09047498,   18.92704461,     18.94309323,   -0.85607658,  -21.71931679,   -8.14191064,     -3.07490633,   -1.99413103,   33.48834578,   70.96798559,     30.36076762], [ -131.33893472,  -17.51426392,    4.52043071,    7.42746272,     18.5807264 ,    2.59387726,  -20.85272593,   -0.47737209,     -4.7245017 ,   -9.51740675,    2.87868455,   30.36076762,     61.63141935]]
/root/sim/music/out/The Beatles/1967-1970 [Disc 1]/03 Sgt Pepper's Lonely Hearts Club Band.mp3; [-639.1617    , 130.45517   , -20.89449   ,  27.947073  ,   8.006282  ,   10.541848  ,   3.7983017 ,  11.505822  ,   3.0095696 ,   6.539664  ,    3.145496  ,   4.2560205 ,  -0.18179895]; [[11650.76844436,-1432.43503342, -103.05660637,  617.73427545,    583.77963801,  424.86999316,  389.96033765,  439.01675575,    150.92478638,   58.87559983,  120.35386782,   77.64448936,     59.4229476 ], [-1432.43503342, 1598.9589628 , -202.43833748,  -53.48986048,    -80.97797846,  -56.69562805,  -15.3673548 ,   -2.57494067,    -15.71986102,    1.47137706,   16.81801645,  -13.05927455,     14.88902432], [ -103.05660637, -202.43833748,  515.53663146,  -10.33332056,    -24.27323248,   70.50516051,    8.48614635,   12.54882875,     21.00491016,    2.54963455,    7.81369489,   10.46051695,     -7.71994856], [  617.73427545,  -53.48986048,  -10.33332056,  373.77527556,    176.05626013,   10.08976151,   43.88930177,   76.36510414,     38.19223208,    1.84411948,   -8.67559359,   35.33089094,     30.43706905], [  583.77963801,  -80.97797846,  -24.27323248,  176.05626013,    305.90985296,   30.70784857,   35.05130006,   75.01826003,     43.13014742,   15.84622062,   -0.07459798,   19.51624944,     33.13676875], [  424.86999316,  -56.69562805,   70.50516051,   10.08976151,     30.70784857,  174.81212042,   87.00695922,   22.80143344,     12.38845   ,   17.65051659,   33.22632755,    7.27956436,     -6.55067514], [  389.96033765,  -15.3673548 ,    8.48614635,   43.88930177,     35.05130006,   87.00695922,  160.75603246,   54.29374922,      1.92692521,   12.26083769,   30.46819232,   14.03830774,      1.0703909 ], [  439.01675575,   -2.57494067,   12.54882875,   76.36510414,     75.01826003,   22.80143344,   54.29374922,  120.86850925,     32.00870166,    7.09536397,   17.19073999,    9.3365607 ,     16.38043409], [  150.92478638,  -15.71986102,   21.00491016,   38.19223208,     43.13014742,   12.38845   ,    1.92692521,   32.00870166,     77.07488617,   21.31880979,    0.53544112,    4.95057506,      3.31524906], [   58.87559983,    1.47137706,    2.54963455,    1.84411948,     15.84622062,   17.65051659,   12.26083769,    7.09536397,     21.31880979,   69.58277364,   24.98772101,   -2.78717899,     -2.35146651], [  120.35386782,   16.81801645,    7.81369489,   -8.67559359,     -0.07459798,   33.22632755,   30.46819232,   17.19073999,      0.53544112,   24.98772101,   83.50490434,   11.59959783,     -8.211591  ], [   77.64448936,  -13.05927455,   10.46051695,   35.33089094,     19.51624944,    7.27956436,   14.03830774,    9.3365607 ,      4.95057506,   -2.78717899,   11.59959783,   67.6140827 ,     26.02581604], [   59.4229476 ,   14.88902432,   -7.71994856,   30.43706905,     33.13676875,   -6.55067514,    1.0703909 ,   16.38043409,      3.31524906,   -2.35146651,   -8.211591  ,   26.02581604,     61.73358375]]
/root/sim/music/out/The Beatles/1967-1970 [Disc 1]/05 Lucy In The Sky With Diamonds.mp3; [-645.4347   ,  79.19699  , -13.758206 ,  33.35372  ,   9.285536 ,   15.476215 ,   4.13646  ,   5.886554 ,   2.5958376,   2.9964194,   -3.0056498,   1.8462446,  -1.0086814]; [[15094.47372743, 1145.95523035,   56.42070978,  -93.9893339 ,    388.83854716,  333.94896313,  444.70945007,  325.57458571,    -12.508173  ,  257.22005793, -179.60734163, -335.95089551,     -6.18709784], [ 1145.95523035, 1052.76059975,  284.27408402,   58.30641534,     87.62988992,   61.4600605 ,  140.48623921,  -13.27846867,     -8.37072077,   82.13662758,  -32.00383575, -119.83777873,    -65.09263117], [   56.42070978,  284.27408402, 1197.91686688,  114.76790526,    292.41554507,   72.62218903,   92.29998438,   15.56491782,    -39.84757297,   31.00236478,  -21.35135313,  -50.47477725,    -14.41245562], [  -93.9893339 ,   58.30641534,  114.76790526,  420.48075858,    136.54892024,    2.95821858,  -71.59447345,   31.54175009,     36.68301261,  -46.56478467,   33.68041752,   81.79395617,     24.58266086], [  388.83854716,   87.62988992,  292.41554507,  136.54892024,    279.02568552,   64.84333277,   41.98682524,   50.76946538,     12.69479338,   21.75609557,   -0.80482376,  -14.77792369,     10.25105671], [  333.94896313,   61.4600605 ,   72.62218903,    2.95821858,     64.84333277,  233.65884021,  125.25682553,   36.67008017,      8.98205452,   27.55738982,  -10.6329952 ,  -21.8067862 ,     12.32699347], [  444.70945007,  140.48623921,   92.29998438,  -71.59447345,     41.98682524,  125.25682553,  214.31115253,   66.63860768,     17.62021796,   45.20101523,  -32.69020519,  -55.06401797,      8.31674042], [  325.57458571,  -13.27846867,   15.56491782,   31.54175009,     50.76946538,   36.67008017,   66.63860768,  137.8289693 ,     55.46700036,   12.01578615,   -7.77751445,    2.76821104,     20.35649591], [  -12.508173  ,   -8.37072077,  -39.84757297,   36.68301261,     12.69479338,    8.98205452,   17.62021796,   55.46700036,    119.65327535,   13.25973053,    1.80634751,   19.68377263,      9.95522291], [  257.22005793,   82.13662758,   31.00236478,  -46.56478467,     21.75609557,   27.55738982,   45.20101523,   12.01578615,     13.25973053,  132.93433316,   26.87710666,  -48.63833052,     -5.10559156], [ -179.60734163,  -32.00383575,  -21.35135313,   33.68041752,     -0.80482376,  -10.6329952 ,  -32.69020519,   -7.77751445,      1.80634751,   26.87710666,   96.99676343,   49.51307276,     -8.61529636], [ -335.95089551, -119.83777873,  -50.47477725,   81.79395617,    -14.77792369,  -21.8067862 ,  -55.06401797,    2.76821104,     19.68377263,  -48.63833052,   49.51307276,  143.1414605 ,     36.59155346], [   -6.18709784,  -65.09263117,  -14.41245562,   24.58266086,     10.25105671,   12.32699347,    8.31674042,   20.35649591,      9.95522291,   -5.10559156,   -8.61529636,   36.59155346,     96.28769336]]
/root/sim/music/out/The Beatles/1967-1970 [Disc 1]/06 A Day In The Life (2).mp3; [-730.17804   , 147.27664   ,  16.78596   ,  28.785877  ,  10.0113325 ,   11.420063  ,   0.73462224,   3.6980762 ,  -1.389903  ,   4.859241  ,    0.6206295 ,   0.77874255,  -4.7176447 ]; [[27604.17004004,-1201.42768572,-4585.09669814,-1228.65090069,  -1356.08440168, -151.67749103, -164.12681767,  556.84028747,    355.45743338,  574.67927772,   25.07872403,   86.32811002,     96.57848811], [-1201.42768572, 1879.35949988, -128.41728132,  -71.19890233,    -35.38720625,  -83.25646052,  -21.17412688,  -98.43175199,    -82.39200292,  -63.17330354,   40.04099778,    4.07384669,    -28.19992984], [-4585.09669814, -128.41728132, 1674.5146285 ,  363.82560602,    366.83642778,  130.89426133,   73.22440128,  -71.11892417,    -40.43007557,  -91.55270994,    8.51622585,  -14.48313248,    -15.21699207], [-1228.65090069,  -71.19890233,  363.82560602,  378.23851944,    173.86815119,   44.17363383,   -3.71324382,  -21.77225311,     -0.9330947 ,  -24.69248968,  -23.90388439,   29.21552413,     -2.32559364], [-1356.08440168,  -35.38720625,  366.83642778,  173.86815119,    273.54016675,   57.13802353,   -6.38007657,   -9.05088365,     15.2947145 ,  -10.65285624,    1.10653449,    5.51325719,    -11.71250442], [ -151.67749103,  -83.25646052,  130.89426133,   44.17363383,     57.13802353,  134.46333475,   54.76240394,   18.12429975,     12.77547012,    7.83584419,   -0.51275818,    6.33568533,      2.06477774], [ -164.12681767,  -21.17412688,   73.22440128,   -3.71324382,     -6.38007657,   54.76240394,  135.8098352 ,   46.19323431,      5.92051096,   14.01629663,   11.11666501,  -12.90152339,      9.88885236], [  556.84028747,  -98.43175199,  -71.11892417,  -21.77225311,     -9.05088365,   18.12429975,   46.19323431,  108.2196974 ,     48.7042371 ,   35.71020404,    6.75087163,   -4.79607338,     11.1079473 ], [  355.45743338,  -82.39200292,  -40.43007557,   -0.9330947 ,     15.2947145 ,   12.77547012,    5.92051096,   48.7042371 ,     94.9000424 ,   43.06134022,    4.38079862,    1.00154992,      3.77430619], [  574.67927772,  -63.17330354,  -91.55270994,  -24.69248968,    -10.65285624,    7.83584419,   14.01629663,   35.71020404,     43.06134022,   95.68126747,   28.91514557,   -4.75171832,     -4.32555393], [   25.07872403,   40.04099778,    8.51622585,  -23.90388439,      1.10653449,   -0.51275818,   11.11666501,    6.75087163,      4.38079862,   28.91514557,   78.44392325,    3.72970346,     -2.16427211], [   86.32811002,    4.07384669,  -14.48313248,   29.21552413,      5.51325719,    6.33568533,  -12.90152339,   -4.79607338,      1.00154992,   -4.75171832,    3.72970346,   88.18035498,     17.79961596], [   96.57848811,  -28.19992984,  -15.21699207,   -2.32559364,    -11.71250442,    2.06477774,    9.88885236,   11.1079473 ,      3.77430619,   -4.32555393,   -2.16427211,   17.79961596,     73.48616185]]
/root/sim/music/out/The Beatles/1967-1970 [Disc 1]/07 All You Need Is Love.mp3; [-645.6036    ,  98.16169   , -27.897047  ,  22.168427  ,   6.301946  ,    6.352176  ,   6.8360515 ,   5.531207  ,   1.9038497 ,   4.1118927 ,    0.83907115,  -1.3195806 ,  -3.1014705 ]; [[17717.39937322, 1130.4941421 , -650.27585794,  286.24987637,     58.69263455,   22.52244781,  152.65631999,  122.81263472,     83.86677148,  207.93200799,  -13.51344699,   73.46370553,     22.63405779], [ 1130.4941421 ,  792.50366832,  -15.6877837 ,   76.81135929,      3.99883903,   93.93959216,  110.70523636,   55.84037738,     37.38071652,   47.15340693,   27.96863423,   43.3227431 ,      2.86944207], [ -650.27585794,  -15.6877837 ,  567.97566412,  156.55615279,    181.92894801,  210.91536987,  107.81191288,   86.30402177,    140.26431638,   21.40700881,   67.25084736,   31.23007034,     38.13168524], [  286.24987637,   76.81135929,  156.55615279,  296.23452212,    222.58709494,   81.8556147 ,   21.25427233,   66.69120215,    100.66463517,   19.8435053 ,    7.30197354,   25.08099567,     52.23939064], [   58.69263455,    3.99883903,  181.92894801,  222.58709494,    312.32242772,  115.74688077,   22.69171639,   77.84239001,    127.6142237 ,   18.69541019,   32.43334119,   20.94445476,     60.95255314], [   22.52244781,   93.93959216,  210.91536987,   81.8556147 ,    115.74688077,  230.31339979,  129.16148851,   69.45572205,     99.3996249 ,   44.31758981,   62.13763264,   26.93802287,     23.82938389], [  152.65631999,  110.70523636,  107.81191288,   21.25427233,     22.69171639,  129.16148851,  211.44099746,  106.59828798,     47.64798144,   61.4064862 ,   81.19891311,   28.9551631 ,     15.63112645], [  122.81263472,   55.84037738,   86.30402177,   66.69120215,     77.84239001,   69.45572205,  106.59828798,  148.5305794 ,     82.75997093,   38.3202261 ,   54.15299095,   29.60811431,     29.29942866], [   83.86677148,   37.38071652,  140.26431638,  100.66463517,    127.6142237 ,   99.3996249 ,   47.64798144,   82.75997093,    163.9631393 ,   44.14175539,   36.6547015 ,   27.12173727,     42.55263583], [  207.93200799,   47.15340693,   21.40700881,   19.8435053 ,     18.69541019,   44.31758981,   61.4064862 ,   38.3202261 ,     44.14175539,  113.32820127,   68.00735664,   25.47314765,      8.36886263], [  -13.51344699,   27.96863423,   67.25084736,    7.30197354,     32.43334119,   62.13763264,   81.19891311,   54.15299095,     36.6547015 ,   68.00735664,  134.08297835,   40.7433707 ,     12.87688398], [   73.46370553,   43.3227431 ,   31.23007034,   25.08099567,     20.94445476,   26.93802287,   28.9551631 ,   29.60811431,     27.12173727,   25.47314765,   40.7433707 ,   93.75150605,     38.68344997], [   22.63405779,    2.86944207,   38.13168524,   52.23939064,     60.95255314,   23.82938389,   15.63112645,   29.29942866,     42.55263583,    8.36886263,   12.87688398,   38.68344997,     87.43149263]]
/root/sim/music/out/The Beatles/1967-1970 [Disc 2]/07 Old Brown Shoe.mp3; [-606.3893   ,  94.67675  ,   4.9921174,  41.97272  ,  19.775318 ,   17.61347  ,   3.614434 ,   3.7006009,   4.661962 ,   6.3103185,    4.6241884,   5.931618 ,   3.5774531]; [[15964.26580142,  264.66840321, -141.5912044 ,  370.15794061,    143.31800008,  117.40311162,  -62.04566854,   15.34334946,    100.232506  ,   32.01671618, -120.86156243,  -18.06038826,    -77.44173276], [  264.66840321, 1254.77028533, -275.31576923,  108.87428883,     88.04914519,   35.13865234,   76.60385096,   55.276955  ,      2.24779607,   43.95651789,   44.86525773,   15.01279399,     31.74850469], [ -141.5912044 , -275.31576923,  714.0899877 ,   90.13627448,    -51.32461225,   54.57106324,   12.31887144,   -5.92698158,     16.02800299,  -30.75326178,    4.0261292 ,    0.70978715,    -14.8203759 ], [  370.15794061,  108.87428883,   90.13627448,  320.43364153,     82.05564197,    1.69312293,   -5.39358971,   19.24270415,     12.99609541,   28.93728401,    3.16212836,   -5.34082991,     30.07756241], [  143.31800008,   88.04914519,  -51.32461225,   82.05564197,    192.79461426,   53.45106526,  -26.69118122,  -10.69784369,     14.4607059 ,    9.80811149,    9.16019065,   14.91204722,     14.6248648 ], [  117.40311162,   35.13865234,   54.57106324,    1.69312293,     53.45106526,  144.85525276,   41.00832877,   -5.87503859,      2.61969908,  -10.57706865,   17.86683179,   25.29789979,     13.82643342], [  -62.04566854,   76.60385096,   12.31887144,   -5.39358971,    -26.69118122,   41.00832877,  133.7126052 ,   48.50689266,      1.35612107,   13.01257008,   15.62130581,    0.87871449,      4.79338647], [   15.34334946,   55.276955  ,   -5.92698158,   19.24270415,    -10.69784369,   -5.87503859,   48.50689266,  101.08890881,     21.21842475,   14.46652198,    7.64549735,   -1.4797158 ,     10.30412191], [  100.232506  ,    2.24779607,   16.02800299,   12.99609541,     14.4607059 ,    2.61969908,    1.35612107,   21.21842475,     88.82305554,   18.05687647,    1.51485588,    5.4065508 ,      2.09667331], [   32.01671618,   43.95651789,  -30.75326178,   28.93728401,      9.80811149,  -10.57706865,   13.01257008,   14.46652198,     18.05687647,   88.74172984,   28.23325386,   -8.83419511,      2.07135473], [ -120.86156243,   44.86525773,    4.0261292 ,    3.16212836,      9.16019065,   17.86683179,   15.62130581,    7.64549735,      1.51485588,   28.23325386,   77.33000594,   34.64414036,      5.07321802], [  -18.06038826,   15.01279399,    0.70978715,   -5.34082991,     14.91204722,   25.29789979,    0.87871449,   -1.4797158 ,      5.4065508 ,   -8.83419511,   34.64414036,   79.94473833,     30.38637747], [  -77.44173276,   31.74850469,  -14.8203759 ,   30.07756241,     14.6248648 ,   13.82643342,    4.79338647,   10.30412191,      2.09667331,    2.07135473,    5.07321802,   30.38637747,     70.66965533]]
/root/sim/music/out/The Beatles/1967-1970 [Disc 2]/14 The Long And Winding Road.mp3; [-658.8071   , 165.01125  , -19.051683 ,  14.47557  ,  -9.055871 ,   -4.655133 , -11.367857 ,   3.7335703, -11.396227 ,   0.4900497,   -5.1656256,   1.2850994,  -2.612616 ]; [[8511.595172  ,  86.58546875,-139.30802218,  15.68729529, -28.72415683,   154.01519711,  98.75052382, 224.26416302,  14.20186732, 131.6650551 ,    81.29821019, 160.56223033,  99.35700642], [  86.58546875,1139.45863068,-196.07073661, 104.81273345,   3.51696797,   -25.07586536,  58.27566723,  49.64315513,   3.38848201,  39.68843223,    28.1800613 ,  21.46413949,  25.04805573], [-139.30802218,-196.07073661, 545.86311096,  49.90897376, 149.59302192,    96.67073885,  52.73060574,  28.27754016,  86.97966371,  36.9413987 ,    10.80006781,  59.86707294,  63.50007471], [  15.68729529, 104.81273345,  49.90897376, 305.17740977, 120.47610474,    67.53833852,   4.55806629,  23.00473548,  66.31285883,  28.05796964,     1.3548015 ,  19.79391952,  37.58919001], [ -28.72415683,   3.51696797, 149.59302192, 120.47610474, 222.19829232,    65.89792594,  10.45214073,  15.00225467,  60.39519629,  40.36498501,     2.45057924,  30.39930489,  29.63754207], [ 154.01519711, -25.07586536,  96.67073885,  67.53833852,  65.89792594,   144.31719526,  63.67756624,  31.46081389,  60.74315866,  32.33245783,    31.52807665,  30.46629804,  25.74367275], [  98.75052382,  58.27566723,  52.73060574,   4.55806629,  10.45214073,    63.67756624, 203.22948503,  62.10899431,  49.84058786,  21.6586577 ,    36.78157131,  41.25636376,  46.05404605], [ 224.26416302,  49.64315513,  28.27754016,  23.00473548,  15.00225467,    31.46081389,  62.10899431, 114.96172653,  28.5547098 ,  24.62048742,    19.52071327,  20.1685283 ,  37.4635565 ], [  14.20186732,   3.38848201,  86.97966371,  66.31285883,  60.39519629,    60.74315866,  49.84058786,  28.5547098 , 129.86855702,  38.26884969,    16.39950748,  33.35210884,  35.86242119], [ 131.6650551 ,  39.68843223,  36.9413987 ,  28.05796964,  40.36498501,    32.33245783,  21.6586577 ,  24.62048742,  38.26884969, 103.53508134,    44.79339019,  18.31893406,  10.4690882 ], [  81.29821019,  28.1800613 ,  10.80006781,   1.3548015 ,   2.45057924,    31.52807665,  36.78157131,  19.52071327,  16.39950748,  44.79339019,    94.96274754,  30.77453237,   1.67149776], [ 160.56223033,  21.46413949,  59.86707294,  19.79391952,  30.39930489,    30.46629804,  41.25636376,  20.1685283 ,  33.35210884,  18.31893406,    30.77453237,  92.47223841,  46.80360096], [  99.35700642,  25.04805573,  63.50007471,  37.58919001,  29.63754207,    25.74367275,  46.05404605,  37.4635565 ,  35.86242119,  10.4690882 ,     1.67149776,  46.80360096, 102.50647377]]
/root/sim/music/out/The Beatles/1967-1970 [Disc 2]/05 Don't Let Me Down (2).mp3; [-655.21454   , 140.28328   ,  40.594055  ,  18.104391  ,   9.533441  ,   -0.3967681 ,   0.96245205,   5.0740147 ,   1.2001361 ,   1.6105781 ,   -6.7401924 ,  -7.438835  ,  -6.7295036 ]; [[14731.42548867,-1807.82179823,-1511.96753128, -365.57905306,     -9.49031472,  -35.60776048,   13.54157959,    7.92652796,    -81.09333783,  178.54183712,   -4.56416434,   33.423123  ,    -15.8307615 ], [-1807.82179823, 2608.59492241,  386.93830995, -200.85517404,     21.05431285,   22.93064792,  -35.05036289,   55.23392352,    116.12570076,  -73.89835659,  -67.4162358 ,  -23.89038252,     -0.17831461], [-1511.96753128,  386.93830995, 1242.68401142,  174.64968654,    -65.08149755,   52.120124  ,   43.47628643,    7.4834555 ,     42.21521415,  -45.98333236,  -55.61213041,  -11.05616969,    -13.80254011], [ -365.57905306, -200.85517404,  174.64968654,  504.36837099,    113.58934281,  -22.55711096,   28.56560104,   33.99693549,    -30.76205403,   31.36562266,   58.6412361 ,  -24.55371084,      2.48266498], [   -9.49031472,   21.05431285,  -65.08149755,  113.58934281,    225.42464775,   21.93131036,  -47.35433351,   12.14743113,     40.87057652,   15.56213135,   13.1623037 ,   10.59369433,     10.69508769], [  -35.60776048,   22.93064792,   52.120124  ,  -22.55711096,     21.93131036,  165.35161007,   75.02272971,    0.65012741,     14.39316483,   13.09594766,   17.63822454,   14.38604556,    -11.41423486], [   13.54157959,  -35.05036289,   43.47628643,   28.56560104,    -47.35433351,   75.02272971,  223.81323971,   54.71267643,    -37.94798239,   33.38710334,   37.03773151,   15.3203192 ,     -6.82478062], [    7.92652796,   55.23392352,    7.4834555 ,   33.99693549,     12.14743113,    0.65012741,   54.71267643,  113.29814899,     39.88678422,   11.5509743 ,    5.38633551,   -3.84522587,     10.70529087], [  -81.09333783,  116.12570076,   42.21521415,  -30.76205403,     40.87057652,   14.39316483,  -37.94798239,   39.88678422,    156.91406225,   21.35218959,  -44.02891617,   -0.70922035,     12.22247652], [  178.54183712,  -73.89835659,  -45.98333236,   31.36562266,     15.56213135,   13.09594766,   33.38710334,   11.5509743 ,     21.35218959,  111.24652129,   46.77473305,    1.77331207,      4.19244602], [   -4.56416434,  -67.4162358 ,  -55.61213041,   58.6412361 ,     13.1623037 ,   17.63822454,   37.03773151,    5.38633551,    -44.02891617,   46.77473305,  129.21970005,   34.3582766 ,      0.03276212], [   33.423123  ,  -23.89038252,  -11.05616969,  -24.55371084,     10.59369433,   14.38604556,   15.3203192 ,   -3.84522587,     -0.70922035,    1.77331207,   34.3582766 ,   81.91726116,     31.10187614], [  -15.8307615 ,   -0.17831461,  -13.80254011,    2.48266498,     10.69508769,  -11.41423486,   -6.82478062,   10.70529087,     12.22247652,    4.19244602,    0.03276212,   31.10187614,     84.73889072]]
