/root/sim/music/out/レミオロメン/レミオベスト/06-もっと遠くへ.mp3; [-561.7076   , 132.95795  ,  -1.0505813,  18.012356 ,   6.531843 ,   -6.3124056,  -2.2432587,  11.322655 ,  -2.4036837,  -3.4882286,    2.114183 ,  -0.66125  ,  -4.5753417]; [[20263.39299401, -587.71944051,  311.22652689, -208.16900521,    515.97231356,  380.5013176 ,   38.85589255,  228.51242423,    101.82338137,  -38.05494111,  -90.17255404, -162.53255   ,   -146.16313122], [ -587.71944051, 1389.05213102, -320.66302765,   32.46251568,   -138.35416996, -199.57827465,  -33.71825216,   30.05087594,    -65.78771848,  -15.84074215,   47.46486904,  -16.51263341,    -17.84896918], [  311.22652689, -320.66302765,  539.71767361,   19.58500886,     90.2431831 ,  119.01025798,   29.7783021 ,    8.76956363,     -7.09916964,   19.24570834,    2.45551255,   47.16233959,     30.38924198], [ -208.16900521,   32.46251568,   19.58500886,  209.5733323 ,     23.66053612,   -8.71537061,  -28.32017225,  -39.31665356,     34.79890822,   -3.44481045,  -38.13212359,   30.95181578,     31.16021303], [  515.97231356, -138.35416996,   90.2431831 ,   23.66053612,    205.42530766,   45.69104679,  -36.17290607,   16.9705981 ,     30.65915484,    4.22007869,   11.41429946,   -1.76113928,      5.46660488], [  380.5013176 , -199.57827465,  119.01025798,   -8.71537061,     45.69104679,  157.31406472,   48.1775527 ,   14.19183924,      9.1241718 ,   13.54985475,   14.42378908,    2.8101069 ,     -8.15146554], [   38.85589255,  -33.71825216,   29.7783021 ,  -28.32017225,    -36.17290607,   48.1775527 ,  163.87600251,   18.19348056,     -8.37205847,    6.9021418 ,   -5.28253071,   14.24121128,      1.87103176], [  228.51242423,   30.05087594,    8.76956363,  -39.31665356,     16.9705981 ,   14.19183924,   18.19348056,  128.31827374,     -1.12084237,    2.28411934,   40.77934335,   -8.88029811,    -10.1097276 ], [  101.82338137,  -65.78771848,   -7.09916964,   34.79890822,     30.65915484,    9.1241718 ,   -8.37205847,   -1.12084237,     93.5712833 ,   24.20795084,  -13.58587974,    0.46898224,     -0.47478687], [  -38.05494111,  -15.84074215,   19.24570834,   -3.44481045,      4.22007869,   13.54985475,    6.9021418 ,    2.28411934,     24.20795084,   73.02939611,   24.05374228,   -1.03209518,     -7.4596924 ], [  -90.17255404,   47.46486904,    2.45551255,  -38.13212359,     11.41429946,   14.42378908,   -5.28253071,   40.77934335,    -13.58587974,   24.05374228,  104.5772523 ,    7.04975444,    -17.50676827], [ -162.53255   ,  -16.51263341,   47.16233959,   30.95181578,     -1.76113928,    2.8101069 ,   14.24121128,   -8.88029811,      0.46898224,   -1.03209518,    7.04975444,   70.83397576,     30.49403483], [ -146.16313122,  -17.84896918,   30.38924198,   31.16021303,      5.46660488,   -8.15146554,    1.87103176,  -10.1097276 ,     -0.47478687,   -7.4596924 ,  -17.50676827,   30.49403483,     72.26475926]]
/root/sim/music/out/レミオロメン/レミオベスト/05-ビールとプリン.mp3; [-640.4949    , 129.57607   ,  11.954962  ,  43.87259   ,  21.275333  ,    2.7321641 ,  -9.514026  ,  -0.8287037 ,  -0.00604041,  -0.9499589 ,   -6.931047  ,  -6.4470162 ,  -7.2124786 ]; [[25084.6532014 ,-1812.61868183, -730.69468297,-1540.18463103,   -873.91509114, -607.5562978 , -561.17889573,  416.81473502,     26.61954442,   55.82220233,  109.0126207 , -111.40031139,   -131.07503034], [-1812.61868183, 1774.78307337, -288.46045873,  478.62034264,    179.0362398 ,   32.09432004,   48.08303887,  -80.77724861,     -5.35836635,  -23.27239133,    5.37823625,   -2.58953439,      2.3013169 ], [ -730.69468297, -288.46045873,  904.4331103 ,  -64.01382842,    153.95479196,  110.99010453,   34.77769691,   72.40650771,      5.13442213,   36.92972984,  -56.37693601,    3.22808671,     43.8339883 ], [-1540.18463103,  478.62034264,  -64.01382842,  721.9594986 ,    178.44450768,  156.6889876 ,   60.78042357, -107.39229479,     87.81271032,    4.95540722,  -74.49243628,   42.69012716,     -0.40426939], [ -873.91509114,  179.0362398 ,  153.95479196,  178.44450768,    328.58674775,   72.84808136,  -23.38853878,  -60.23090562,     13.10752842,   16.09966721,  -11.50045308,   13.65919395,     29.87323985], [ -607.5562978 ,   32.09432004,  110.99010453,  156.6889876 ,     72.84808136,  198.505576  ,   81.53803901,   -7.09306284,     27.55648266,   23.45179035,   -4.19248424,   11.94422264,    -15.49264038], [ -561.17889573,   48.08303887,   34.77769691,   60.78042357,    -23.38853878,   81.53803901,  194.43427416,   39.80580129,      9.12426141,    7.96984228,    3.80832101,   27.95158488,    -22.53149676], [  416.81473502,  -80.77724861,   72.40650771, -107.39229479,    -60.23090562,   -7.09306284,   39.80580129,  180.01591636,     33.16755994,    6.75492763,   27.37738073,    4.61302904,     -2.01605298], [   26.61954442,   -5.35836635,    5.13442213,   87.81271032,     13.10752842,   27.55648266,    9.12426141,   33.16755994,    134.91520185,   23.79432798,  -13.03995074,    5.8834469 ,     -5.98843804], [   55.82220233,  -23.27239133,   36.92972984,    4.95540722,     16.09966721,   23.45179035,    7.96984228,    6.75492763,     23.79432798,  101.48067914,   24.39840004,   -9.01132304,     -3.04662973], [  109.0126207 ,    5.37823625,  -56.37693601,  -74.49243628,    -11.50045308,   -4.19248424,    3.80832101,   27.37738073,    -13.03995074,   24.39840004,  109.09284075,    9.36276768,     -2.77410215], [ -111.40031139,   -2.58953439,    3.22808671,   42.69012716,     13.65919395,   11.94422264,   27.95158488,    4.61302904,      5.8834469 ,   -9.01132304,    9.36276768,   85.38267666,     19.90084172], [ -131.07503034,    2.3013169 ,   43.8339883 ,   -0.40426939,     29.87323985,  -15.49264038,  -22.53149676,   -2.01605298,     -5.98843804,   -3.04662973,   -2.77410215,   19.90084172,     83.42520993]]
/root/sim/music/out/レミオロメン/レミオベスト/01-Sakura.mp3; [-549.48486   , 120.60475   ,  -8.501173  ,  19.31659   ,  14.116325  ,    0.02582175,  -2.265055  ,   9.647149  ,   5.7121315 ,   2.818146  ,   -0.38061228,  -0.37553352,   0.5591069 ]; [[24339.99525316,  422.03823687,    3.69680713,  933.44462623,   1141.04692812,  366.46057977,  160.27056117,  324.03364704,     86.50469355,    3.30755151, -123.70736112, -337.93284515,   -262.24451144], [  422.03823687, 1227.46010887, -219.23180381,  167.42903897,    -31.1355932 ,   16.13491865,   -7.04699149,   83.44218909,     32.17015962,   41.37469975,   41.51879827,   44.8723482 ,     55.7530294 ], [    3.69680713, -219.23180381,  487.24909633,  116.3440668 ,     98.254953  ,   54.7057008 ,   31.1205417 ,   -8.8028438 ,    -13.93107011,    0.23633888,    9.91620006,   40.00642855,      1.50326046], [  933.44462623,  167.42903897,  116.3440668 ,  436.62543285,    173.50549569,   50.86274898,   -5.58005331,   28.72536026,     53.10556751,   -7.48112507,  -52.08564178,   20.88165993,     38.68139345], [ 1141.04692812,  -31.1355932 ,   98.254953  ,  173.50549569,    252.19157095,   52.01827395,    2.25957019,   28.84672654,     38.78470491,   -0.6876321 ,  -26.09113458,  -13.19342084,     10.26399518], [  366.46057977,   16.13491865,   54.7057008 ,   50.86274898,     52.01827395,  150.89742906,   62.79871543,   33.74697638,    -11.74411347,   18.82490591,   29.58027468,    0.10270886,     -7.90071472], [  160.27056117,   -7.04699149,   31.1205417 ,   -5.58005331,      2.25957019,   62.79871543,  147.70186804,   34.12201149,      4.93442304,   11.41513791,   13.76160927,   17.34899006,      1.0929671 ], [  324.03364704,   83.44218909,   -8.8028438 ,   28.72536026,     28.84672654,   33.74697638,   34.12201149,  124.34730602,      8.03638981,   12.56287384,   29.13096049,   -1.06045456,      4.17721394], [   86.50469355,   32.17015962,  -13.93107011,   53.10556751,     38.78470491,  -11.74411347,    4.93442304,    8.03638981,    110.98308469,   29.96869049,  -30.35001957,   11.21480701,     27.32687087], [    3.30755151,   41.37469975,    0.23633888,   -7.48112507,     -0.6876321 ,   18.82490591,   11.41513791,   12.56287384,     29.96869049,   87.90602722,   44.02519975,   -2.0744308 ,     -8.68102709], [ -123.70736112,   41.51879827,    9.91620006,  -52.08564178,    -26.09113458,   29.58027468,   13.76160927,   29.13096049,    -30.35001957,   44.02519975,  123.1726111 ,   10.30816352,    -22.60889773], [ -337.93284515,   44.8723482 ,   40.00642855,   20.88165993,    -13.19342084,    0.10270886,   17.34899006,   -1.06045456,     11.21480701,   -2.0744308 ,   10.30816352,   86.08798725,     43.33453708], [ -262.24451144,   55.7530294 ,    1.50326046,   38.68139345,     10.26399518,   -7.90071472,    1.0929671 ,    4.17721394,     27.32687087,   -8.68102709,  -22.60889773,   43.33453708,     95.11528959]]
/root/sim/music/out/レミオロメン/レミオベスト/02-3月9日.mp3; [-600.1963   , 127.60417  ,  11.175011 ,  36.922096 ,  15.224613 ,   -3.4552178,  -9.705512 ,  -2.3596947,  -2.712643 ,   0.9540211,   -1.2985212,  -9.5643635, -10.117508 ]; [[21260.51925518,-1214.57429289,-1283.61452106, -242.4015735 ,    -39.2566382 ,  210.15580396, -105.50151223,  121.88199081,     20.35158668,   94.77741542,  145.79492174,   85.39491503,     10.05122589], [-1214.57429289, 1733.51684058, -121.28895364,  192.15057577,    -41.81565535, -171.00461761,   32.66886401,  -74.63541627,    -31.59006384,   -2.53686551,   -5.74577423,  -70.03949774,    -15.30612596], [-1283.61452106, -121.28895364,  792.73307938,   55.11176964,     62.24995552,   90.07360794,   -7.73134818,   50.07531772,     52.7658386 ,   36.05865269,  -19.21852836,   49.03859061,     23.45531387], [ -242.4015735 ,  192.15057577,   55.11176964,  395.74293768,     60.45797395,   26.54728801,   -0.3150686 ,  -32.45097053,     63.15197907,    6.97706063,  -66.79406255,   40.89456327,     12.88203289], [  -39.2566382 ,  -41.81565535,   62.24995552,   60.45797395,    203.32836359,   33.72000416,  -31.36024326,   18.86501455,     32.64030883,   31.77605266,    3.94740304,    3.90996435,      6.15975127], [  210.15580396, -171.00461761,   90.07360794,   26.54728801,     33.72000416,  167.62298664,   53.42581325,   35.21341173,     40.17221033,   24.33905454,   24.63666946,   25.29404847,     -2.70793951], [ -105.50151223,   32.66886401,   -7.73134818,   -0.3150686 ,    -31.36024326,   53.42581325,  208.02533452,   39.8774195 ,     13.32654397,   16.09151035,   13.66080596,   27.33267321,      1.13454009], [  121.88199081,  -74.63541627,   50.07531772,  -32.45097053,     18.86501455,   35.21341173,   39.8774195 ,  128.50372586,     28.95362005,   14.00797889,   25.38196343,   12.58317568,     -0.15975223], [   20.35158668,  -31.59006384,   52.7658386 ,   63.15197907,     32.64030883,   40.17221033,   13.32654397,   28.95362005,    119.30390381,   35.10839004,    0.11465917,   24.85446713,      8.97903589], [   94.77741542,   -2.53686551,   36.05865269,    6.97706063,     31.77605266,   24.33905454,   16.09151035,   14.00797889,     35.10839004,   96.78751663,   25.90065328,   14.64564828,      6.88837657], [  145.79492174,   -5.74577423,  -19.21852836,  -66.79406255,      3.94740304,   24.63666946,   13.66080596,   25.38196343,      0.11465917,   25.90065328,  114.1721621 ,    5.0940293 ,     -4.43794794], [   85.39491503,  -70.03949774,   49.03859061,   40.89456327,      3.90996435,   25.29404847,   27.33267321,   12.58317568,     24.85446713,   14.64564828,    5.0940293 ,   99.90379543,     31.34339603], [   10.05122589,  -15.30612596,   23.45531387,   12.88203289,      6.15975127,   -2.70793951,    1.13454009,   -0.15975223,      8.97903589,    6.88837657,   -4.43794794,   31.34339603,     88.84130952]]
/root/sim/music/out/レミオロメン/レミオベスト/08-南風.mp3; [-526.30615  , 108.55821  ,  -1.9247098,  30.800138 ,  10.298144 ,    3.8123808,  -7.4219303,   4.9209704,   1.8603783,   2.4528768,   -3.1939025,  -6.701018 ,  -2.372808 ]; [[13475.04455   ,  375.12934639,   24.1329553 ,  388.60008242,   -114.67442082,  181.48586946,  -14.99890722,  -17.44498148,    -51.75989838,    1.39798883,   21.68127263, -173.18255101,    -94.61539123], [  375.12934639,  994.0802415 , -170.39916404,  -18.17226309,    115.06933445,  -26.36949234,   -4.53740112,   66.415902  ,     17.62193348,   12.91991241,   44.79197697,   55.44020626,    -13.37282001], [   24.1329553 , -170.39916404,  303.05745645,   38.82511199,     -8.75852059,   12.39312171,  -11.632852  ,  -15.99739793,     -2.62466369,  -17.48013864,  -13.96865884,    7.41147807,     24.25800495], [  388.60008242,  -18.17226309,   38.82511199,  225.3816525 ,     54.38939605,   26.81135133,   -7.26108997,    2.91063661,     38.05679034,   13.4043772 ,  -22.67620152,    8.11911458,     21.61753669], [ -114.67442082,  115.06933445,   -8.75852059,   54.38939605,    180.53829551,    2.175142  ,  -27.85982491,    3.39291299,     37.55742754,   17.13819033,    2.47258503,   10.37239476,     18.70961143], [  181.48586946,  -26.36949234,   12.39312171,   26.81135133,      2.175142  ,  120.05309186,   66.16961943,   17.98731914,      8.01994753,   19.10140588,   24.51237535,   10.71139127,     -8.96486557], [  -14.99890722,   -4.53740112,  -11.632852  ,   -7.26108997,    -27.85982491,   66.16961943,  146.73640968,   52.45916596,     -1.52440387,    7.09668895,   22.18507882,   15.20564352,     -2.9954789 ], [  -17.44498148,   66.415902  ,  -15.99739793,    2.91063661,      3.39291299,   17.98731914,   52.45916596,   91.43219321,     30.83810568,    2.3355906 ,    3.32597822,   12.53829154,      3.94960863], [  -51.75989838,   17.62193348,   -2.62466369,   38.05679034,     37.55742754,    8.01994753,   -1.52440387,   30.83810568,     90.70992041,   37.24155635,   -3.4376999 ,    4.47466338,      7.90888357], [    1.39798883,   12.91991241,  -17.48013864,   13.4043772 ,     17.13819033,   19.10140588,    7.09668895,    2.3355906 ,     37.24155635,   83.32213038,   33.01116524,    3.3716347 ,     -3.0128156 ], [   21.68127263,   44.79197697,  -13.96865884,  -22.67620152,      2.47258503,   24.51237535,   22.18507882,    3.32597822,     -3.4376999 ,   33.01116524,   83.85335944,   31.49557384,    -12.54844039], [ -173.18255101,   55.44020626,    7.41147807,    8.11911458,     10.37239476,   10.71139127,   15.20564352,   12.53829154,      4.47466338,    3.3716347 ,   31.49557384,   72.84305265,     17.63611491], [  -94.61539123,  -13.37282001,   24.25800495,   21.61753669,     18.70961143,   -8.96486557,   -2.9954789 ,    3.94960863,      7.90888357,   -3.0128156 ,  -12.54844039,   17.63611491,     73.22127685]]
/root/sim/music/out/長渕剛/Tsuyoshi Nagabuchi All Time Best 2014 傷つき打ちのめされても、長渕剛。[Disc 1]/04-乾杯.mp3; [-599.2356    , 129.25699   ,  -8.053928  ,  20.479801  ,  -0.360439  ,   -3.766896  ,   1.3012044 ,   4.4596667 ,  -5.5178685 ,  -0.02186551,   -4.757651  ,  -2.913986  ,   0.318947  ]; [[15771.92953107,    9.78406702,   91.35084419,  534.59621493,    140.97259459,  115.04388844,  347.56535641,  380.54392421,     38.16178111,  177.80628091,   28.08636846,  -84.82751826,     36.94363257], [    9.78406702, 1230.77269637, -316.86957999,  -66.61480171,    -76.82117205,  -44.85930275,    0.2607526 ,   14.5497811 ,    -42.76213898,   46.92148709,    7.48667559,   22.62534902,     -8.06227343], [   91.35084419, -316.86957999,  707.46211259,  143.88519429,    118.26526731,  143.5724509 ,   88.08937748,   27.88514352,    130.49990422,   35.47036404,   17.87195147,   -3.25336326,     13.85059592], [  534.59621493,  -66.61480171,  143.88519429,  530.34361669,    302.71249201,  173.69752535,   -5.74851558,   45.97527515,    146.70089103,  -49.43624539,   40.09718041,   30.62418024,     43.27026411], [  140.97259459,  -76.82117205,  118.26526731,  302.71249201,    386.61593109,  184.01740776,   -1.95821481,   15.84386918,    143.52163288,  -48.11601881,   45.54927345,   61.89702043,     30.12667613], [  115.04388844,  -44.85930275,  143.5724509 ,  173.69752535,    184.01740776,  324.12287226,   94.18917543,   33.073362  ,    126.26482221,   11.12174452,   59.07103712,   61.1227993 ,      7.65352436], [  347.56535641,    0.2607526 ,   88.08937748,   -5.74851558,     -1.95821481,   94.18917543,  261.24773967,   84.6195094 ,     21.94667584,   75.93260951,   26.92524024,    9.55075731,      2.31798426], [  380.54392421,   14.5497811 ,   27.88514352,   45.97527515,     15.84386918,   33.073362  ,   84.6195094 ,  134.2182302 ,     10.7509689 ,   42.41293782,   18.29385325,   -6.27318933,     15.87763252], [   38.16178111,  -42.76213898,  130.49990422,  146.70089103,    143.52163288,  126.26482221,   21.94667584,   10.7509689 ,    187.4770706 ,   22.76375365,   27.44576788,   35.17568381,     11.30915974], [  177.80628091,   46.92148709,   35.47036404,  -49.43624539,    -48.11601881,   11.12174452,   75.93260951,   42.41293782,     22.76375365,  150.90324016,   27.54019424,   -1.97109491,     -3.08794668], [   28.08636846,    7.48667559,   17.87195147,   40.09718041,     45.54927345,   59.07103712,   26.92524024,   18.29385325,     27.44576788,   27.54019424,   88.08052396,   27.71297906,      3.03283215], [  -84.82751826,   22.62534902,   -3.25336326,   30.62418024,     61.89702043,   61.1227993 ,    9.55075731,   -6.27318933,     35.17568381,   -1.97109491,   27.71297906,  103.80921327,     23.74525918], [   36.94363257,   -8.06227343,   13.85059592,   43.27026411,     30.12667613,    7.65352436,    2.31798426,   15.87763252,     11.30915974,   -3.08794668,    3.03283215,   23.74525918,     89.98122288]]
/root/sim/music/out/長渕剛/Tsuyoshi Nagabuchi All Time Best 2014 傷つき打ちのめされても、長渕剛。[Disc 1]/08-とんぼ.mp3; [-518.6698    , 123.68789   ,  17.115591  ,  33.02322   ,   4.7422338 ,    4.862345  ,  -2.5982535 ,   6.865256  ,  -7.7545156 ,   2.3679736 ,   -2.6995373 ,   0.10718569,  -3.5007105 ]; [[9980.3057857 , 165.51735654,-108.79854456, -28.56732886,-199.7002987 ,  -230.84646975,-153.74140356, -37.76637346,-248.83661999, -83.37513651,  -108.93169427,-123.57661166,-159.51727409], [ 165.51735654, 861.45664622,-116.67706005, -29.16946983, -65.39453556,   -31.73578656,   5.96945794,  26.84753988, -49.83485407,  -0.95244009,   -25.6101826 ,  -6.65137399,   4.99378938], [-108.79854456,-116.67706005, 288.54463089,  74.44309129,  18.01996057,    35.39081035, -15.44723661, -36.61399662,  18.98400863,  -3.33297749,    -3.30558207,  24.58505719,  38.07238665], [ -28.56732886, -29.16946983,  74.44309129, 228.93573445,  86.14274564,    28.58324114, -30.47817611, -36.14486941,  17.71315605, -25.35645956,   -12.70334435,  15.11492017,  23.60733445], [-199.7002987 , -65.39453556,  18.01996057,  86.14274564, 153.00194513,    36.07659202, -10.54243186,  -5.94835638,  28.12845154,   4.79995948,     0.68930593,  10.89082655,  -7.14868524], [-230.84646975, -31.73578656,  35.39081035,  28.58324114,  36.07659202,    99.13537867,  20.78825822,   3.98657395,  19.16936182,   7.21664978,     3.66803347,  -0.73368702,  -6.17097521], [-153.74140356,   5.96945794, -15.44723661, -30.47817611, -10.54243186,    20.78825822,  98.06351042,  34.37562831,  -0.17212498,  -1.37757094,    -0.6170809 ,  -5.4576017 ,   3.46930109], [ -37.76637346,  26.84753988, -36.61399662, -36.14486941,  -5.94835638,     3.98657395,  34.37562831,  99.03685476,  -3.16951595,  11.05337018,     4.53792397,  -5.48337691,  -9.26546379], [-248.83661999, -49.83485407,  18.98400863,  17.71315605,  28.12845154,    19.16936182,  -0.17212498,  -3.16951595,  83.58873863,  25.88292082,    12.99208468,   3.74951889,  -8.9411392 ], [ -83.37513651,  -0.95244009,  -3.33297749, -25.35645956,   4.79995948,     7.21664978,  -1.37757094,  11.05337018,  25.88292082,  76.18671947,    28.937984  ,   5.1336481 , -15.81683769], [-108.93169427, -25.6101826 ,  -3.30558207, -12.70334435,   0.68930593,     3.66803347,  -0.6170809 ,   4.53792397,  12.99208468,  28.937984  ,    66.10164444,  17.66744215,  -4.44967092], [-123.57661166,  -6.65137399,  24.58505719,  15.11492017,  10.89082655,    -0.73368702,  -5.4576017 ,  -5.48337691,   3.74951889,   5.1336481 ,    17.66744215,  64.28317798,  25.37906236], [-159.51727409,   4.99378938,  38.07238665,  23.60733445,  -7.14868524,    -6.17097521,   3.46930109,  -9.26546379,  -8.9411392 , -15.81683769,    -4.44967092,  25.37906236,  83.91108863]]
/root/sim/music/out/霜康司 刀祢雅彦/システム英単語 [Disc 1]/1-03 D1-03_Remain_Reach_Allow_Force_.mp3; [-930.1094   ,  73.64177  ,  22.612509 ,   7.5598245,  -3.6344874,   -8.814738 ,  -3.690856 ,  -2.851903 ,  -9.875183 ,  -9.1489525,   -5.132652 ,  -8.219435 ,  -9.856925 ]; [[60799.05388382,10256.32414746,  983.0870521 , -283.46518759,  -1729.9558485 ,-2749.75436918,-1118.36870136, -663.68015501,  -2308.66773855,-2089.81703918,-1174.48434819,-1816.979642  ,  -1837.99569423], [10256.32414746, 7813.78727381,  646.32688887, -549.62648854,    -59.98800767, -770.23369563,    0.57960486,  119.97255615,   -605.31901534, -778.34170878, -160.39180869, -655.02946163,   -746.48720396], [  983.0870521 ,  646.32688887, 1395.60863404,  331.92810192,     12.23255731,   35.16372072,  -84.23791642,   52.78183919,     19.065449  , -119.82917678,  -12.33429441,   24.65100669,   -110.94706994], [ -283.46518759, -549.62648854,  331.92810192, 1028.21225588,    269.72350163,   15.14298734, -204.32484115,  -45.5813501 ,    104.08324427,  -16.9125515 ,  -61.54159149,   53.96432783,     49.80123103], [-1729.9558485 ,  -59.98800767,   12.23255731,  269.72350163,    532.49980962,  217.25983761,  -47.16128511,   -6.01230006,    164.35407859,   68.62573903,    4.93635631,   51.07578293,     19.26418794], [-2749.75436918, -770.23369563,   35.16372072,   15.14298734,    217.25983761,  745.9912047 ,  128.90648983,   37.33725576,    225.86755422,  234.3252522 ,   95.8717034 ,  124.66330022,     89.75907668], [-1118.36870136,    0.57960486,  -84.23791642, -204.32484115,    -47.16128511,  128.90648983,  329.91887826,  103.26289037,     40.8954488 ,   67.14012302,  101.89573472,   38.02398925,      2.67283974], [ -663.68015501,  119.97255615,   52.78183919,  -45.5813501 ,     -6.01230006,   37.33725576,  103.26289037,  428.89944825,     99.66372431,   11.31860477,  114.83434434,    7.97098427,     -5.16020635], [-2308.66773855, -605.31901534,   19.065449  ,  104.08324427,    164.35407859,  225.86755422,   40.8954488 ,   99.66372431,    344.45450318,  130.46679413,   98.77721441,  100.35550395,     58.06121905], [-2089.81703918, -778.34170878, -119.82917678,  -16.9125515 ,     68.62573903,  234.3252522 ,   67.14012302,   11.31860477,    130.46679413,  306.48690365,   54.51066076,   98.86025157,    124.75349605], [-1174.48434819, -160.39180869,  -12.33429441,  -61.54159149,      4.93635631,   95.8717034 ,  101.89573472,  114.83434434,     98.77721441,   54.51066076,  213.56996358,   57.40153026,      5.96650694], [-1816.979642  , -655.02946163,   24.65100669,   53.96432783,     51.07578293,  124.66330022,   38.02398925,    7.97098427,    100.35550395,   98.86025157,   57.40153026,  182.91534222,     86.72273426], [-1837.99569423, -746.48720396, -110.94706994,   49.80123103,     19.26418794,   89.75907668,    2.67283974,   -5.16020635,     58.06121905,  124.75349605,    5.96650694,   86.72273426,    199.52481419]]
/root/sim/music/out/霜康司 刀祢雅彦/システム英単語 [Disc 1]/1-05 D1-05_Cost_Tend_Depend_Share_De.mp3; [-905.1761   ,  81.728264 ,  13.750221 ,   8.982685 ,   2.6238406,   -8.55057  ,  -6.513711 ,  -7.492637 ,  -8.851307 ,  -9.830427 ,   -7.579595 ,  -8.364126 ,  -9.439249 ]; [[61463.34069347,10678.48616291, -875.44635323, -392.05087338,   -616.09175348,-2588.33856778,-1489.52535257,-1497.52789943,  -1896.46243982,-1774.09494037,-1415.60720483,-1517.57814461,  -1569.92540991], [10678.48616291, 7149.63959065,  582.71293377, -592.64965285,    425.4119123 , -481.07768553, -354.53684563, -353.3585756 ,   -342.67103619, -846.17101205, -297.02785201, -601.50989231,   -650.89335297], [ -875.44635323,  582.71293377, 1606.02163768,  417.36283386,    114.51393933,  335.97902518,   53.02070255,  -11.64062676,     52.55271793,  -90.39933575,   65.73774484,   56.64664474,   -116.56238727], [ -392.05087338, -592.64965285,  417.36283386, 1190.28837406,    320.34840926,  122.80716833,  -68.72404044,  106.84384559,    116.53491953,   16.70380818,  -33.83235722,   99.81493587,     63.33141498], [ -616.09175348,  425.4119123 ,  114.51393933,  320.34840926,    673.87517009,  144.39553054,  -78.3436136 ,   29.50052504,    102.6613008 ,   71.83434549,  -50.74143709,   27.7731415 ,    -42.72584354], [-2588.33856778, -481.07768553,  335.97902518,  122.80716833,    144.39553054,  702.59173896,  122.43010703,  133.46469479,    150.57288886,  166.15446922,  144.73437772,  106.12684001,     45.41920202], [-1489.52535257, -354.53684563,   53.02070255,  -68.72404044,    -78.3436136 ,  122.43010703,  313.42521106,  104.02767125,     43.16928151,   67.24093826,   96.14434521,   73.35850173,     14.11608947], [-1497.52789943, -353.3585756 ,  -11.64062676,  106.84384559,     29.50052504,  133.46469479,  104.02767125,  356.49808039,     95.1144541 ,   23.81305216,   90.3385766 ,   31.61798214,     43.06596148], [-1896.46243982, -342.67103619,   52.55271793,  116.53491953,    102.6613008 ,  150.57288886,   43.16928151,   95.1144541 ,    315.81717752,   65.25390303,   87.06129189,   76.5355337 ,     46.27493552], [-1774.09494037, -846.17101205,  -90.39933575,   16.70380818,     71.83434549,  166.15446922,   67.24093826,   23.81305216,     65.25390303,  323.64648366,   21.93582806,  100.69085173,    102.86423697], [-1415.60720483, -297.02785201,   65.73774484,  -33.83235722,    -50.74143709,  144.73437772,   96.14434521,   90.3385766 ,     87.06129189,   21.93582806,  235.34936141,   76.2478819 ,      9.37690553], [-1517.57814461, -601.50989231,   56.64664474,   99.81493587,     27.7731415 ,  106.12684001,   73.35850173,   31.61798214,     76.5355337 ,  100.69085173,   76.2478819 ,  212.36082853,     60.89703121], [-1569.92540991, -650.89335297, -116.56238727,   63.33141498,    -42.72584354,   45.41920202,   14.11608947,   43.06596148,     46.27493552,  102.86423697,    9.37690553,   60.89703121,    216.07833797]]
/root/sim/music/out/霜康司 刀祢雅彦/システム英単語 [Disc 1]/1-02 D1-02_Decide_Develop_Provide_Co.mp3; [-901.25836  ,  69.665276 ,  18.640438 ,   9.069498 ,  -0.3335799,  -11.466239 ,  -9.6720295,  -7.9291735, -14.238562 ,  -9.944322 ,  -10.512162 ,  -9.303002 ,  -8.263788 ]; [[58015.50836251, 7979.43627176, -466.39531564, -368.51552867,  -1316.48024837,-2666.47345991,-1664.28373702,-1433.75233525,  -2616.98925251,-1629.93123189,-1649.53115814,-1652.1461597 ,  -1300.46379742], [ 7979.43627176, 6219.4816269 ,  329.13980587,   49.68059802,    151.32847611, -663.27823405, -174.25256382, -315.71710484,   -656.50854206, -527.3254715 , -302.53639632, -604.09071264,   -459.10663553], [ -466.39531564,  329.13980587, 1851.57213266,  434.93593234,    178.97005469,  328.89256336, -141.84509104,   91.2233451 ,     57.8507676 , -120.0158419 ,   30.91208125,   73.6699929 ,    -99.91738519], [ -368.51552867,   49.68059802,  434.93593234, 1141.76613884,    386.76869894,   -0.98485183, -132.77983448,   76.72443952,    173.45096557,  -58.89768297,  -92.38000885,   41.46993046,    -23.44280947], [-1316.48024837,  151.32847611,  178.97005469,  386.76869894,    725.96265284,  177.80315631, -120.14093085,   43.75724133,    177.28365306,   73.05318116,  -32.52828193,   32.96173999,      2.87478626], [-2666.47345991, -663.27823405,  328.89256336,   -0.98485183,    177.80315631,  719.69159656,   71.19993849,  190.90709412,    192.69719102,  170.48015069,  148.15453387,   98.58347071,     55.95460322], [-1664.28373702, -174.25256382, -141.84509104, -132.77983448,   -120.14093085,   71.19993849,  355.90922417,  102.0583208 ,     60.11702096,   78.91857616,   98.61500015,   60.0361362 ,     31.55363653], [-1433.75233525, -315.71710484,   91.2233451 ,   76.72443952,     43.75724133,  190.90709412,  102.0583208 ,  299.1518172 ,     99.58787124,   62.57915769,   97.18922446,   53.38833487,     39.24708578], [-2616.98925251, -656.50854206,   57.8507676 ,  173.45096557,    177.28365306,  192.69719102,   60.11702096,   99.58787124,    371.80791898,  109.74772967,   95.8602157 ,  122.98736738,     78.49215565], [-1629.93123189, -527.3254715 , -120.0158419 ,  -58.89768297,     73.05318116,  170.48015069,   78.91857616,   62.57915769,    109.74772967,  234.01633425,   69.91983395,   82.27420244,     75.40420516], [-1649.53115814, -302.53639632,   30.91208125,  -92.38000885,    -32.52828193,  148.15453387,   98.61500015,   97.18922446,     95.8602157 ,   69.91983395,  235.02229478,   83.67252739,     35.56681084], [-1652.1461597 , -604.09071264,   73.6699929 ,   41.46993046,     32.96173999,   98.58347071,   60.0361362 ,   53.38833487,    122.98736738,   82.27420244,   83.67252739,  199.78889641,     58.5304546 ], [-1300.46379742, -459.10663553,  -99.91738519,  -23.44280947,      2.87478626,   55.95460322,   31.55363653,   39.24708578,     78.49215565,   75.40420516,   35.56681084,   58.5304546 ,    170.46323501]]
/root/sim/music/out/霜康司 刀祢雅彦/システム英単語 [Disc 1]/1-01 D1-01_Follow_Consider_Increase_.mp3; [-844.91974  ,  75.36388  ,   7.8969975,   8.870313 ,  -2.9262438,   -4.745639 ,  -3.6002626,  -4.336652 ,  -8.817024 ,  -2.5048282,   -5.87141  ,  -4.530734 ,  -3.7729566]; [[57112.41996192, 7116.65105256,-1551.34594602,  457.91326648,  -1078.46809797,-1046.63108128, -304.60291791, -586.59730758,  -1306.08746923, -264.99750771, -670.00074811, -662.83730847,   -515.58559581], [ 7116.65105256, 5663.70833784, -249.98384105,  -30.28008272,    179.58770768, -470.3784173 ,  -62.58020078, -157.79651523,   -328.3503804 , -295.68465645,  -82.02120776, -362.02755002,   -215.75728236], [-1551.34594602, -249.98384105, 1463.70557724,  254.90641209,    108.16592767,  241.189318  ,  -38.90269543,   65.93345622,     29.30029621,  -86.84466118,   -3.27488535,   73.4399021 ,   -106.17388655], [  457.91326648,  -30.28008272,  254.90641209,  953.01332998,    312.23166757,  112.06102303,   20.55336994,  129.76252897,    111.22748861,   28.16917474,   46.98327623,   74.64337374,     34.80450136], [-1078.46809797,  179.58770768,  108.16592767,  312.23166757,    576.86312663,  138.83253958,  -54.45747027,   67.15142623,    103.25134556,   55.58435262,   27.08089232,  -15.67613545,      2.78720673], [-1046.63108128, -470.3784173 ,  241.189318  ,  112.06102303,    138.83253958,  518.99688712,   87.75429223,  174.83729341,    150.17694319,  123.28439411,  122.92886256,   91.25968259,     49.37055331], [ -304.60291791,  -62.58020078,  -38.90269543,   20.55336994,    -54.45747027,   87.75429223,  256.28209604,   87.33610915,     18.69931893,   71.89893256,   43.50678543,   43.2171083 ,     31.92411711], [ -586.59730758, -157.79651523,   65.93345622,  129.76252897,     67.15142623,  174.83729341,   87.33610915,  291.74140407,     83.01858723,   55.64018209,   80.0488194 ,   52.27330746,     42.80359039], [-1306.08746923, -328.3503804 ,   29.30029621,  111.22748861,    103.25134556,  150.17694319,   18.69931893,   83.01858723,    259.46578024,   78.33967184,   71.19936428,   87.94796106,     58.22010023], [ -264.99750771, -295.68465645,  -86.84466118,   28.16917474,     55.58435262,  123.28439411,   71.89893256,   55.64018209,     78.33967184,  213.6185    ,   44.11589495,   51.2515002 ,     66.81187324], [ -670.00074811,  -82.02120776,   -3.27488535,   46.98327623,     27.08089232,  122.92886256,   43.50678543,   80.0488194 ,     71.19936428,   44.11589495,  200.24257942,   64.93703119,     27.86449176], [ -662.83730847, -362.02755002,   73.4399021 ,   74.64337374,    -15.67613545,   91.25968259,   43.2171083 ,   52.27330746,     87.94796106,   51.2515002 ,   64.93703119,  184.90965074,     68.83153068], [ -515.58559581, -215.75728236, -106.17388655,   34.80450136,      2.78720673,   49.37055331,   31.92411711,   42.80359039,     58.22010023,   66.81187324,   27.86449176,   68.83153068,    151.57725941]]
/root/sim/music/out/霜康司 刀祢雅彦/システム英単語 [Disc 1]/1-04 D1-04_Realize_Require_Suggest_W.mp3; [-928.0578   ,  79.9282   ,  18.518291 ,   1.4748687,  -1.476106 ,  -10.982079 ,  -7.4050717,  -7.1543145, -12.821634 ,  -6.356121 ,  -11.159326 , -10.309516 ,  -7.5373025]; [[60798.64690361,10753.15529964,-1046.81062327,-1489.3349157 ,  -1554.50343767,-3217.676452  ,-1515.74484065,-1540.49439261,  -2834.95233154,-1333.05839139,-2023.54788257,-1912.34811224,  -1221.52256813], [10753.15529964, 7461.85700489,  437.67738425, -662.16171255,     59.25793189, -623.06270477, -132.2886527 , -297.67826955,   -722.43118355, -344.64468789, -475.81201422, -743.72093882,   -544.38496644], [-1046.81062327,  437.67738425, 1962.47340604,  291.20514231,     93.14859202,  452.86004164,   14.86425715,  104.00066477,     82.99337705,  -42.52986396,   90.98450215,   81.26201267,   -125.23686931], [-1489.3349157 , -662.16171255,  291.20514231, 1296.97088259,    338.04927338,  -54.96011458,  -75.54354036,   64.15868709,    268.29279244, -119.05643083,   -9.21785161,  135.76974008,    -10.17954742], [-1554.50343767,   59.25793189,   93.14859202,  338.04927338,    750.3608497 ,  134.95044414,  -75.0728413 ,   43.35327809,    208.51915887,   80.60150136,   -2.59341387,   16.92955107,    -11.21404138], [-3217.676452  , -623.06270477,  452.86004164,  -54.96011458,    134.95044414,  711.97386112,  136.91220556,  148.28026544,    208.19400838,  176.4566571 ,  200.58845947,   87.52881204,     33.74799244], [-1515.74484065, -132.2886527 ,   14.86425715,  -75.54354036,    -75.0728413 ,  136.91220556,  301.31989707,   83.49394337,      7.23194046,   17.16555802,   98.70890603,   46.64973088,    -19.48486293], [-1540.49439261, -297.67826955,  104.00066477,   64.15868709,     43.35327809,  148.28026544,   83.49394337,  326.58600282,    121.94289177,    0.61741852,   98.48214009,   51.003295  ,     29.76274469], [-2834.95233154, -722.43118355,   82.99337705,  268.29279244,    208.51915887,  208.19400838,    7.23194046,  121.94289177,    430.09374867,   99.36215783,  136.42470847,  142.00257397,     44.25812831], [-1333.05839139, -344.64468789,  -42.52986396, -119.05643083,     80.60150136,  176.4566571 ,   17.16555802,    0.61741852,     99.36215783,  249.38978097,   57.88432555,   44.89197904,     60.46682183], [-2023.54788257, -475.81201422,   90.98450215,   -9.21785161,     -2.59341387,  200.58845947,   98.70890603,   98.48214009,    136.42470847,   57.88432555,  285.11043735,   92.40752932,      5.45078316], [-1912.34811224, -743.72093882,   81.26201267,  135.76974008,     16.92955107,   87.52881204,   46.64973088,   51.003295  ,    142.00257397,   44.89197904,   92.40752932,  227.52285988,     59.79314077], [-1221.52256813, -544.38496644, -125.23686931,  -10.17954742,    -11.21404138,   33.74799244,  -19.48486293,   29.76274469,     44.25812831,   60.46682183,    5.45078316,   59.79314077,    199.06819292]]
/root/sim/music/out/Weezer/Weezer/06 Surf Wax America.mp3; [-603.1512    , 130.43614   ,   5.001272  ,  37.512596  ,   7.7535334 ,    1.949791  ,   9.41407   ,  14.00779   ,   5.1765227 ,   4.2619543 ,   -1.008515  ,  -0.18721293,  -2.5423164 ]; [[28369.05343856,-4241.74777942,-4034.7793068 ,-1015.52448745,  -1196.32716183, -451.66119919,  -42.71513877,  276.98903702,    179.48847328,  246.58920008, -483.41479378, -427.20513459,   -107.07394151], [-4241.74777942, 1984.99598101,  571.9288333 ,  133.25598259,    144.18452095,   25.73876996,  133.08788506,  -28.28527489,    -63.85189843,  -96.98344925,  117.29236213,   85.23059442,     -6.62744961], [-4034.7793068 ,  571.9288333 , 2041.52896669,  362.76532203,    471.11866801,  299.99349813,   40.16153893,  100.85050987,     -8.9638236 ,   62.24934164,  111.39508889,   81.75766794,     79.62753328], [-1015.52448745,  133.25598259,  362.76532203,  391.54424448,    173.0480599 ,  107.03479985,  -41.4391814 ,  -36.79115936,     37.23930047,   13.3001776 ,    5.64866395,   27.74358465,     25.6239561 ], [-1196.32716183,  144.18452095,  471.11866801,  173.0480599 ,    296.17969297,  131.55461794,  -15.19379711,  -14.67864636,      8.01451397,   39.24366181,   29.07468441,   19.31770356,     15.11838888], [ -451.66119919,   25.73876996,  299.99349813,  107.03479985,    131.55461794,  174.39186845,   33.77696074,   13.00607378,      2.53737001,   10.93239771,   18.06610705,   14.04462572,     12.03667698], [  -42.71513877,  133.08788506,   40.16153893,  -41.4391814 ,    -15.19379711,   33.77696074,  132.34884128,   52.93591441,     -5.68310727,  -12.940733  ,   22.74502378,   14.78223809,     12.04840815], [  276.98903702,  -28.28527489,  100.85050987,  -36.79115936,    -14.67864636,   13.00607378,   52.93591441,  110.11449877,     15.65134282,   13.8188692 ,    8.35681469,    3.24722022,     23.93836505], [  179.48847328,  -63.85189843,   -8.9638236 ,   37.23930047,      8.01451397,    2.53737001,   -5.68310727,   15.65134282,     82.65279727,   23.5700827 ,   -5.84554289,    3.77519818,      1.66249606], [  246.58920008,  -96.98344925,   62.24934164,   13.3001776 ,     39.24366181,   10.93239771,  -12.940733  ,   13.8188692 ,     23.5700827 ,   82.43974107,   21.93761617,   -1.17145283,      7.02021721], [ -483.41479378,  117.29236213,  111.39508889,    5.64866395,     29.07468441,   18.06610705,   22.74502378,    8.35681469,     -5.84554289,   21.93761617,   74.55969848,   28.41671689,      4.13434683], [ -427.20513459,   85.23059442,   81.75766794,   27.74358465,     19.31770356,   14.04462572,   14.78223809,    3.24722022,      3.77519818,   -1.17145283,   28.41671689,   61.0998049 ,     22.7246976 ], [ -107.07394151,   -6.62744961,   79.62753328,   25.6239561 ,     15.11838888,   12.03667698,   12.04840815,   23.93836505,      1.66249606,    7.02021721,    4.13434683,   22.7246976 ,     60.95890128]]
