/root/sim/music/out/Liam Gallagher/As You Were/10-Come Back To Me.mp3; [-501.63483  ,  88.0058   ,  11.724801 ,  32.710266 ,   2.357922 ,   13.853228 ,  -6.0451064,   7.516831 ,  -1.2630708,   1.6313623,   -2.1683266,  -4.2480497,  -4.75729  ]; [[11074.04575237, -178.86768593, -111.81302097,  -21.58401197,    -52.73520053,   75.23132051, -108.13243967,   74.45290628,   -196.22587445, -127.82585631,  -78.55419936,  -73.11086749,    -62.29356203], [ -178.86768593,  478.25265377, -116.51571714,   -4.75478811,      4.27169319,  -36.93043598,   59.12161242,   -6.6522917 ,      7.9453659 ,    7.91360366,   19.2737953 ,    2.8592051 ,     -0.67364664], [ -111.81302097, -116.51571714,  314.64757201,  -52.54457526,    -19.76372033,   22.36968406,  -17.7413988 ,   25.12975834,     32.27235303,   32.42713624,    8.37310199,   12.49606105,     10.62834001], [  -21.58401197,   -4.75478811,  -52.54457526,  221.08751272,     46.67083995,  -53.2186316 ,  -37.43323945,    7.36890594,     44.6571654 ,    5.41558893,   -0.66668827,   28.98514377,     32.47086173], [  -52.73520053,    4.27169319,  -19.76372033,   46.67083995,    109.94098465,   -9.26582055,    6.72122212,    9.4199014 ,     20.96053544,    4.89108224,    9.4582541 ,   12.02551143,     15.29845142], [   75.23132051,  -36.93043598,   22.36968406,  -53.2186316 ,     -9.26582055,  129.8866998 ,   28.6379147 ,    6.29742623,    -19.23128926,   16.51515536,   13.13826872,   -9.70393725,     -6.59564603], [ -108.13243967,   59.12161242,  -17.7413988 ,  -37.43323945,      6.72122212,   28.6379147 ,  111.69759254,   27.490885  ,     -2.61079307,    8.6435549 ,   19.30030468,   -0.80046264,     -8.29850161], [   74.45290628,   -6.6522917 ,   25.12975834,    7.36890594,      9.4199014 ,    6.29742623,   27.490885  ,   87.41556608,     26.73709617,   13.04954449,   14.80020542,    6.52066944,      6.33305903], [ -196.22587445,    7.9453659 ,   32.27235303,   44.6571654 ,     20.96053544,  -19.23128926,   -2.61079307,   26.73709617,     97.58211938,   37.63380995,    1.15755186,    7.03846262,     14.63737541], [ -127.82585631,    7.91360366,   32.42713624,    5.41558893,      4.89108224,   16.51515536,    8.6435549 ,   13.04954449,     37.63380995,   73.83852388,   27.27380086,   -2.93090174,      8.10873812], [  -78.55419936,   19.2737953 ,    8.37310199,   -0.66668827,      9.4582541 ,   13.13826872,   19.30030468,   14.80020542,      1.15755186,   27.27380086,   68.0991349 ,   16.15855879,      4.70176014], [  -73.11086749,    2.8592051 ,   12.49606105,   28.98514377,     12.02551143,   -9.70393725,   -0.80046264,    6.52066944,      7.03846262,   -2.93090174,   16.15855879,   67.79700841,     14.95983519], [  -62.29356203,   -0.67364664,   10.62834001,   32.47086173,     15.29845142,   -6.59564603,   -8.29850161,    6.33305903,     14.63737541,    8.10873812,    4.70176014,   14.95983519,     66.66605543]]
/root/sim/music/out/Liam Gallagher/As You Were/14-All My People _ All Mankind.mp3; [-552.64514   , 120.83873   ,   4.4772887 ,  23.28048   ,   0.3449978 ,    6.0557075 ,  -5.528322  ,   6.36727   ,  -4.289839  ,  -0.96675414,   -1.3143058 ,  -4.1201134 ,   1.5731854 ]; [[14269.77879842, -703.86211489, -740.66810869, -309.5109097 ,     30.01793163,  666.08313531,  452.53415593,  662.57118416,    362.86711524,  571.64123496,  442.84636288,  156.98391149,    304.46285223], [ -703.86211489, 1165.60686053, -212.16658255,  -13.5302553 ,     21.11367931,  -88.27787719,    9.97953204,   -5.2437402 ,    -32.48949325,   31.52949131,   -4.78643641,   19.75183069,     34.63685386], [ -740.66810869, -212.16658255,  484.18264519,   88.1845404 ,     63.92249483,  -16.65959483,  -53.85999926,  -36.43680089,      7.43160804,  -52.03600988,   -6.21443544,   10.20409597,    -19.00956364], [ -309.5109097 ,  -13.5302553 ,   88.1845404 ,  338.35760199,     64.74273173,  -78.11888836,  -55.56444611,  -65.67468694,     36.95907075,  -43.29747732,  -14.66668093,   36.93945726,      0.0200426 ], [   30.01793163,   21.11367931,   63.92249483,   64.74273173,    154.34824195,   29.05520312,    4.83183194,    5.95616447,     36.60834477,   30.0370095 ,   20.64609665,   19.29204381,     14.47536056], [  666.08313531,  -88.27787719,  -16.65959483,  -78.11888836,     29.05520312,  222.26439352,   92.89535375,   77.73927726,     25.8255565 ,   81.02220973,   53.92822231,    6.15409158,     28.84262595], [  452.53415593,    9.97953204,  -53.85999926,  -55.56444611,      4.83183194,   92.89535375,  167.77250377,   74.8538316 ,     27.37512761,   35.28097014,   39.33565939,   22.44572534,     26.86370355], [  662.57118416,   -5.2437402 ,  -36.43680089,  -65.67468694,      5.95616447,   77.73927726,   74.8538316 ,  140.15639357,     44.43257376,   54.08729978,   37.53476334,   17.87693599,     32.31300369], [  362.86711524,  -32.48949325,    7.43160804,   36.95907075,     36.60834477,   25.8255565 ,   27.37512761,   44.43257376,    102.33645212,   43.03327932,   26.71243761,   20.23900778,     18.2451692 ], [  571.64123496,   31.52949131,  -52.03600988,  -43.29747732,     30.0370095 ,   81.02220973,   35.28097014,   54.08729978,     43.03327932,  130.29696451,   61.3281145 ,   10.79704529,     22.88839993], [  442.84636288,   -4.78643641,   -6.21443544,  -14.66668093,     20.64609665,   53.92822231,   39.33565939,   37.53476334,     26.71243761,   61.3281145 ,   86.71290311,   32.43086486,     22.37326975], [  156.98391149,   19.75183069,   10.20409597,   36.93945726,     19.29204381,    6.15409158,   22.44572534,   17.87693599,     20.23900778,   10.79704529,   32.43086486,   74.62365303,     29.740772  ], [  304.46285223,   34.63685386,  -19.00956364,    0.0200426 ,     14.47536056,   28.84262595,   26.86370355,   32.31300369,     18.2451692 ,   22.88839993,   22.37326975,   29.740772  ,     86.70370786]]
/root/sim/music/out/Liam Gallagher/As You Were/16-For What It's Worth [Live].mp3; [-541.6563    , 119.58567   ,  12.142345  ,  24.620579  ,  11.166225  ,   16.183619  ,  -0.52365947,  10.187118  ,   0.82855827,   8.801434  ,    3.4551156 ,  -2.2913    ,  -1.2779583 ]; [[12944.68054043, -747.50303741,  164.10135649, -143.95779523,   -137.359827  ,  107.19891698, -243.5058737 ,  149.15583526,   -185.88031273,   46.08973375,  -67.4012301 , -232.07049864,   -107.59308379], [ -747.50303741, 1539.80586619, -502.0956449 ,  228.39727099,    102.10411539,  -18.04657841,  114.25294398,   18.65366351,     49.1614715 ,   28.48253731,   34.33026644,   52.08012751,     24.96002112], [  164.10135649, -502.0956449 ,  652.56153372,  -96.24284368,     11.83171562,   54.33355559,  -60.62466958,   12.06786273,      1.91739495,    5.22968375,   22.54656023,   12.48096313,    -15.55138477], [ -143.95779523,  228.39727099,  -96.24284368,  236.86300352,     48.43542402,   20.21915955,   20.6795248 ,  -16.5408652 ,     44.35985487,  -15.29295831,   -9.73452429,   12.78586878,     24.5213138 ], [ -137.359827  ,  102.10411539,   11.83171562,   48.43542402,    171.59960169,   17.23816126,   39.76736615,    2.04724607,     37.74103129,  -14.71357783,   -2.25520937,   16.15599133,      0.93372934], [  107.19891698,  -18.04657841,   54.33355559,   20.21915955,     17.23816126,  117.55195175,   27.78330943,   20.82375279,      4.90211745,   17.11420072,    5.73256975,   -0.54190301,      1.13634006], [ -243.5058737 ,  114.25294398,  -60.62466958,   20.6795248 ,     39.76736615,   27.78330943,  147.49184281,    9.11354983,     12.41608516,    9.58496629,    4.94759213,    9.858577  ,      6.39498766], [  149.15583526,   18.65366351,   12.06786273,  -16.5408652 ,      2.04724607,   20.82375279,    9.11354983,  100.88022508,      8.43018848,   22.1983741 ,   19.00228882,    2.55323857,     -0.36736066], [ -185.88031273,   49.1614715 ,    1.91739495,   44.35985487,     37.74103129,    4.90211745,   12.41608516,    8.43018848,     92.2834494 ,    2.00304689,    6.0670623 ,   16.03154716,      9.07183207], [   46.08973375,   28.48253731,    5.22968375,  -15.29295831,    -14.71357783,   17.11420072,    9.58496629,   22.1983741 ,      2.00304689,   89.47824427,   31.38614151,    4.60049436,      9.78021001], [  -67.4012301 ,   34.33026644,   22.54656023,   -9.73452429,     -2.25520937,    5.73256975,    4.94759213,   19.00228882,      6.0670623 ,   31.38614151,   71.64034303,   16.74425195,      9.01066041], [ -232.07049864,   52.08012751,   12.48096313,   12.78586878,     16.15599133,   -0.54190301,    9.858577  ,    2.55323857,     16.03154716,    4.60049436,   16.74425195,   62.8869865 ,     19.18006676], [ -107.59308379,   24.96002112,  -15.55138477,   24.5213138 ,      0.93372934,    1.13634006,    6.39498766,   -0.36736066,      9.07183207,    9.78021001,    9.01066041,   19.18006676,     63.58625015]]
/root/sim/music/out/Liam Gallagher/As You Were/13-Doesn't Have To Be That Way.mp3; [-492.22803   ,  83.60013   ,  18.524931  ,  28.114483  ,   6.989345  ,   19.212086  ,  -3.1122665 ,   7.6980696 ,   5.3015633 ,   4.801688  ,   -0.7739816 ,  -3.9182603 ,   0.00387693]; [[14388.53946985, -580.98485023, 1933.27897681, 1050.79440718,    582.09246823, 1161.96859652,  504.73208384,  729.58162773,    334.64568045,   11.69373913, -128.8481686 , -265.43218598,    -82.36981503], [ -580.98485023,  678.74552462, -385.35328089,   -5.5774624 ,    -45.42711249, -152.66896001,    0.35766587,  -74.86908188,     -4.89316318,   36.28427518,    7.03113384,   55.5111901 ,     37.37761201], [ 1933.27897681, -385.35328089,  795.5373117 ,  160.17591863,    120.15247417,  266.34754743,  103.49038633,  218.92857183,     71.70393391,  -23.7204327 ,    7.55476136,  -66.87418525,    -15.28891717], [ 1050.79440718,   -5.5774624 ,  160.17591863,  210.82847737,     82.15353703,  105.70199108,   61.27252687,   63.66184414,     50.63200513,    6.4372017 ,    1.00473549,    2.41520265,     16.73967747], [  582.09246823,  -45.42711249,  120.15247417,   82.15353703,    166.33892263,   98.65225647,   71.60281782,   24.52118158,     30.55753098,   11.60448187,  -15.26590119,   -4.29353814,     -7.65643319], [ 1161.96859652, -152.66896001,  266.34754743,  105.70199108,     98.65225647,  218.56728793,   88.3640285 ,   97.81745378,     40.91120916,    3.83511014,   -3.72620845,  -37.07239888,    -11.97517353], [  504.73208384,    0.35766587,  103.49038633,   61.27252687,     71.60281782,   88.3640285 ,  132.21317363,   61.03676875,     43.68574627,   12.2906376 ,  -13.25833745,  -10.23813774,    -11.83873145], [  729.58162773,  -74.86908188,  218.92857183,   63.66184414,     24.52118158,   97.81745378,   61.03676875,  146.29935693,     49.6860229 ,    0.94584518,   -3.88439284,  -27.43439104,      9.70479925], [  334.64568045,   -4.89316318,   71.70393391,   50.63200513,     30.55753098,   40.91120916,   43.68574627,   49.6860229 ,     83.35250443,   20.13247342,  -11.10527079,   -9.10290901,      2.5388865 ], [   11.69373913,   36.28427518,  -23.7204327 ,    6.4372017 ,     11.60448187,    3.83511014,   12.2906376 ,    0.94584518,     20.13247342,   57.21849459,   17.23060853,    4.66503766,     -3.26897944], [ -128.8481686 ,    7.03113384,    7.55476136,    1.00473549,    -15.26590119,   -3.72620845,  -13.25833745,   -3.88439284,    -11.10527079,   17.23060853,   68.78786639,   26.53793821,      5.62843071], [ -265.43218598,   55.5111901 ,  -66.87418525,    2.41520265,     -4.29353814,  -37.07239888,  -10.23813774,  -27.43439104,     -9.10290901,    4.66503766,   26.53793821,   68.75462103,     22.6779984 ], [  -82.36981503,   37.37761201,  -15.28891717,   16.73967747,     -7.65643319,  -11.97517353,  -11.83873145,    9.70479925,      2.5388865 ,   -3.26897944,    5.62843071,   22.6779984 ,     58.15217082]]
/root/sim/music/out/Liam Gallagher/As You Were/09-Chinatown.mp3; [-569.31757   , 139.46259   ,   5.4119616 ,  26.096962  ,   0.79763645,    9.860331  ,  -2.8162134 ,   7.5333843 ,  -4.556454  ,   5.00345   ,    1.8092259 ,  -3.4399755 ,   1.87446   ]; [[14739.16969562, -248.80058827,   51.47427835,    9.73265873,     91.2773375 ,  813.35145447,  571.95023937,  574.85996759,     49.11218894,  369.6570425 ,  273.19605196, -165.44012862,    282.45663946], [ -248.80058827, 1240.27944291, -277.58278732,   75.58032372,    -41.78749127,   76.63041155,   62.24966926,   29.66939103,    -85.09737999,   -5.20707203,   -7.71848246,   -7.60347224,    -66.8472732 ], [   51.47427835, -277.58278732,  600.08062419,   47.37166707,    108.67529676,   27.33628131,   24.76605797,   24.94575217,     20.83406372,  -33.02838632,   15.08192333,   15.38181992,     -7.21515299], [    9.73265873,   75.58032372,   47.37166707,  350.05232017,    105.33259824,   12.79370012,  -39.61381166,   27.94587038,     54.97627928,  -22.47113573,  -56.39689573,    8.71949004,     26.48026932], [   91.2773375 ,  -41.78749127,  108.67529676,  105.33259824,    211.37558312,   28.19501475,   -3.84184575,   21.68568999,     52.46837156,   -9.50117463,   -1.64592045,   20.25096197,     23.25078259], [  813.35145447,   76.63041155,   27.33628131,   12.79370012,     28.19501475,  266.28851744,  159.51943957,   89.1345849 ,      1.99614561,   47.22811175,   52.47904188,   -8.61679193,     12.58334919], [  571.95023937,   62.24966926,   24.76605797,  -39.61381166,     -3.84184575,  159.51943957,  292.69535893,   89.42141659,     -6.85092635,   10.33097474,   52.40445386,   23.94827486,      4.37398405], [  574.85996759,   29.66939103,   24.94575217,   27.94587038,     21.68568999,   89.1345849 ,   89.42141659,  194.46958661,     31.58916618,   39.30960835,   41.4208728 ,    8.16557398,     40.64376181], [   49.11218894,  -85.09737999,   20.83406372,   54.97627928,     52.46837156,    1.99614561,   -6.85092635,   31.58916618,    152.12890594,   34.71222264,   -1.15322733,   14.61632402,     32.38182463], [  369.6570425 ,   -5.20707203,  -33.02838632,  -22.47113573,     -9.50117463,   47.22811175,   10.33097474,   39.30960835,     34.71222264,  150.45286858,   63.62156811,   -7.51985718,     30.18171336], [  273.19605196,   -7.71848246,   15.08192333,  -56.39689573,     -1.64592045,   52.47904188,   52.40445386,   41.4208728 ,     -1.15322733,   63.62156811,  122.41484241,   27.68282998,     22.07317115], [ -165.44012862,   -7.60347224,   15.38181992,    8.71949004,     20.25096197,   -8.61679193,   23.94827486,    8.16557398,     14.61632402,   -7.51985718,   27.68282998,  104.96588019,     40.77784706], [  282.45663946,  -66.8472732 ,   -7.21515299,   26.48026932,     23.25078259,   12.58334919,    4.37398405,   40.64376181,     32.38182463,   30.18171336,   22.07317115,   40.77784706,    111.4764166 ]]
/root/sim/music/out/Liam Gallagher/As You Were/18-People Crown [Live].mp3; [-592.5395    , 124.000725  ,  18.812456  ,  22.995514  ,   8.761953  ,   13.067693  ,  -0.17209823,   5.890534  ,  -5.573171  ,   3.0183003 ,   -1.6130508 ,  -8.2636385 ,  -7.3896646 ]; [[19876.7260275 ,-2507.08727904, -519.46350312, -393.42530988,    -11.38183123,  815.40943925,   82.10773615,  539.56862526,    -23.69686883,  225.81819119,  -85.8908017 ,  110.37989245,    393.33830508], [-2507.08727904, 2303.26774695, -104.90884199,  151.93357674,    206.39318523,  -60.78630475,  215.34035114,   89.59302109,     98.60523451,   89.10363616,  157.6173126 ,  112.79011954,      5.67319737], [ -519.46350312, -104.90884199,  839.99777746,   36.43779677,     78.02760399,   82.72501613,   26.06621193,  108.87438685,    102.81756905,   61.23133123,   90.00734273,  139.10059875,    102.63427015], [ -393.42530988,  151.93357674,   36.43779677,  399.95785687,    169.88808996,   24.54341731,   -2.27831623,  -23.04922276,    111.8653507 ,   -6.77945776,   25.15523435,   46.18826839,     47.74047273], [  -11.38183123,  206.39318523,   78.02760399,  169.88808996,    344.55817922,   82.95924732,   80.03984858,   45.09895535,    128.91373823,   30.96890177,   47.0130228 ,   95.3160551 ,     67.69734741], [  815.40943925,  -60.78630475,   82.72501613,   24.54341731,     82.95924732,  230.68975199,   92.4497291 ,   92.22434625,     48.9265565 ,   59.67645432,   36.37710633,   61.21194406,     69.46585142], [   82.10773615,  215.34035114,   26.06621193,   -2.27831623,     80.03984858,   92.4497291 ,  251.34849573,   91.40722618,     44.45972312,   49.7813268 ,   60.0722026 ,   50.37189967,     32.30440463], [  539.56862526,   89.59302109,  108.87438685,  -23.04922276,     45.09895535,   92.22434625,   91.40722618,  197.77932404,     57.01891061,   72.82192209,   53.12707677,   84.40299664,     80.7652365 ], [  -23.69686883,   98.60523451,  102.81756905,  111.8653507 ,    128.91373823,   48.9265565 ,   44.45972312,   57.01891061,    180.63458165,   44.67983011,   38.30298653,   76.14407089,     67.60672859], [  225.81819119,   89.10363616,   61.23133123,   -6.77945776,     30.96890177,   59.67645432,   49.7813268 ,   72.82192209,     44.67983011,  125.27243077,   46.13992389,   49.75776051,     49.61630193], [  -85.8908017 ,  157.6173126 ,   90.00734273,   25.15523435,     47.0130228 ,   36.37710633,   60.0722026 ,   53.12707677,     38.30298653,   46.13992389,  113.40859563,   63.93779527,     47.39007529], [  110.37989245,  112.79011954,  139.10059875,   46.18826839,     95.3160551 ,   61.21194406,   50.37189967,   84.40299664,     76.14407089,   49.75776051,   63.93779527,  149.66810617,     95.52361582], [  393.33830508,    5.67319737,  102.63427015,   47.74047273,     67.69734741,   69.46585142,   32.30440463,   80.7652365 ,     67.60672859,   49.61630193,   47.39007529,   95.52361582,    150.72250135]]
/root/sim/music/out/Liam Gallagher/As You Were/07-You Better Run.mp3; [-491.80954  , 110.74006  ,   3.4472659,  32.51643  ,   6.540574 ,   16.639593 ,   2.1628897,  11.022882 ,   1.5102223,   4.401902 ,    0.8681169,  -0.6023458,  -0.1724911]; [[12987.16075464,-1519.31698323,-1271.68503955, -504.06415298,   -207.30445475,  315.05138017,  137.10594993,  368.47139089,    107.77712926,   97.69149896,   25.9335087 , -112.24321696,   -209.80626424], [-1519.31698323, 1097.05374859,  -16.67614374,  159.48558508,     35.75405132,  -20.30897243,   39.73329856,   -1.55752675,      2.53149071,   27.06047044,   27.52996589,   48.01805348,     63.93481523], [-1271.68503955,  -16.67614374,  454.38481714,   59.84052553,     34.29837532,  -49.87952811,  -48.74299733,  -68.79972039,    -16.4667537 ,  -32.83919111,  -18.55489537,   -0.05650723,     11.06368717], [ -504.06415298,  159.48558508,   59.84052553,  208.23537112,     51.19087617,  -19.89797233,  -19.25447687,  -23.57924608,     25.3444986 ,    5.96847811,   -5.38676417,   24.2556037 ,     21.14633756], [ -207.30445475,   35.75405132,   34.29837532,   51.19087617,    104.60899552,    4.26363651,  -10.42079737,  -10.28553653,     19.903975  ,    4.37127525,    2.02122067,    9.98957923,      8.89829707], [  315.05138017,  -20.30897243,  -49.87952811,  -19.89797233,      4.26363651,   94.23297463,   40.37072778,   32.87633828,      0.91197664,   16.859789  ,   17.15628293,    1.97945921,      2.44388718], [  137.10594993,   39.73329856,  -48.74299733,  -19.25447687,    -10.42079737,   40.37072778,   97.61749713,   36.07245933,     -4.70187873,   11.2885657 ,   12.41522203,    8.71215284,      0.3508436 ], [  368.47139089,   -1.55752675,  -68.79972039,  -23.57924608,    -10.28553653,   32.87633828,   36.07245933,   89.7826782 ,     24.318817  ,   16.64188128,   10.81010491,    5.70840673,      5.07365949], [  107.77712926,    2.53149071,  -16.4667537 ,   25.3444986 ,     19.903975  ,    0.91197664,   -4.70187873,   24.318817  ,     73.9992147 ,   22.4050315 ,   -0.61691593,    0.55181868,      2.68367824], [   97.69149896,   27.06047044,  -32.83919111,    5.96847811,      4.37127525,   16.859789  ,   11.2885657 ,   16.64188128,     22.4050315 ,   62.62891283,   25.96834008,    0.76473621,     -1.44316229], [   25.9335087 ,   27.52996589,  -18.55489537,   -5.38676417,      2.02122067,   17.15628293,   12.41522203,   10.81010491,     -0.61691593,   25.96834008,   55.59995032,   17.45794908,      1.71078697], [ -112.24321696,   48.01805348,   -0.05650723,   24.2556037 ,      9.98957923,    1.97945921,    8.71215284,    5.70840673,      0.55181868,    0.76473621,   17.45794908,   51.26317315,     25.23938211], [ -209.80626424,   63.93481523,   11.06368717,   21.14633756,      8.89829707,    2.44388718,    0.3508436 ,    5.07365949,      2.68367824,   -1.44316229,    1.71078697,   25.23938211,     54.67285845]]
/root/sim/music/out/Liam Gallagher/As You Were/06-When I'm In Need.mp3; [-542.7133    , 116.87512   , -17.02525   ,  23.362076  ,  -8.396476  ,    1.0804396 ,  -4.177176  ,   3.253453  ,  -5.1330986 ,   2.4943972 ,   -0.64343005,  -4.2707915 ,  -3.2959635 ]; [[17311.59274596,-1526.51935596, 2581.7647747 , 1086.95966093,   1918.41634914, 1968.05470827,  881.52844392,  662.41577891,     92.63601717,  304.51176634,  330.26617913,  639.44866418,    551.37185129], [-1526.51935596, 1241.31521906, -554.77259924, -122.24520713,   -291.14715821, -281.51414221,  -67.03225214,  -66.74988561,    -86.49957014,  -58.66359685,  -74.90716317, -120.59831057,    -63.58010055], [ 2581.7647747 , -554.77259924, 1273.86120548,  149.21596361,    750.40279897,  581.64725073,  230.25542166,  223.19274503,    116.91399022,  214.37338877,  212.77555864,  262.95270777,    180.50062088], [ 1086.95966093, -122.24520713,  149.21596361,  441.48032296,    173.26705998,  108.40331596,   39.1453541 ,   -4.85908725,      3.51968735,  -59.57616121,  -17.7112281 ,   52.00179336,     43.21780949], [ 1918.41634914, -291.14715821,  750.40279897,  173.26705998,    713.50066961,  435.08315783,  204.57484792,  160.35044278,    137.61696946,  198.95304717,  172.94024247,  206.94691465,    142.81380831], [ 1968.05470827, -281.51414221,  581.64725073,  108.40331596,    435.08315783,  487.45032308,  194.85067856,  158.32169048,     58.64991343,  154.40406073,  134.38332914,  140.78336017,    119.88289577], [  881.52844392,  -67.03225214,  230.25542166,   39.1453541 ,    204.57484792,  194.85067856,  185.23408714,   81.73226541,     32.35842546,   58.53260364,   58.80055856,   72.24054786,     51.35601171], [  662.41577891,  -66.74988561,  223.19274503,   -4.85908725,    160.35044278,  158.32169048,   81.73226541,  140.22554836,     54.35087382,   82.46305856,   61.32510061,   64.6282719 ,     52.77681865], [   92.63601717,  -86.49957014,  116.91399022,    3.51968735,    137.61696946,   58.64991343,   32.35842546,   54.35087382,    145.0081481 ,   87.47090823,   55.16214821,   52.34838536,     27.97134398], [  304.51176634,  -58.66359685,  214.37338877,  -59.57616121,    198.95304717,  154.40406073,   58.53260364,   82.46305856,     87.47090823,  201.77291409,  115.25854771,   63.75882592,     54.84575499], [  330.26617913,  -74.90716317,  212.77555864,  -17.7112281 ,    172.94024247,  134.38332914,   58.80055856,   61.32510061,     55.16214821,  115.25854771,  129.36222902,   80.07884075,     45.04996299], [  639.44866418, -120.59831057,  262.95270777,   52.00179336,    206.94691465,  140.78336017,   72.24054786,   64.6282719 ,     52.34838536,   63.75882592,   80.07884075,  131.8083409 ,     66.39130515], [  551.37185129,  -63.58010055,  180.50062088,   43.21780949,    142.81380831,  119.88289577,   51.35601171,   52.77681865,     27.97134398,   54.84575499,   45.04996299,   66.39130515,     95.42916755]]
/root/sim/music/out/Liam Gallagher/As You Were/08-I Get By.mp3; [-472.59988   , 101.79696   ,   0.7897346 ,  34.25189   ,   8.1368    ,   17.64419   ,   1.8795087 ,   8.518333  ,   1.3086267 ,   1.5624709 ,   -0.64421463,   0.50145495,  -0.45399714]; [[ 7763.82556475,-1091.2838151 , -519.54372165, -325.60730811,     66.14151643,  247.58632248,   92.96207835,  219.5678595 ,    -30.89211099,   70.77807025,  -79.59621086,  -66.0761521 ,    -61.82210277], [-1091.2838151 ,  835.75804601,   -1.34415961,  156.03159677,    -54.59278579,  -77.73622896,  -19.57474137,  -60.69638703,     13.90785916,    9.14611175,   37.15316683,   47.94073774,     36.94653102], [ -519.54372165,   -1.34415961,  251.79600893,    3.35629898,      3.68997137,  -25.98028412,  -44.35931728,  -19.33608414,     -0.38615225,  -17.83603363,   23.30806617,   -3.4244798 ,     11.49176006], [ -325.60730811,  156.03159677,    3.35629898,  170.00992122,     29.96419865,  -20.90942451,  -16.47140981,  -23.54355457,     24.21634552,   -9.48485821,   -5.28017326,   24.60714119,     16.17682132], [   66.14151643,  -54.59278579,    3.68997137,   29.96419865,     80.53307493,   23.11742637,   16.34797993,   10.32345892,      9.87840126,    7.33046586,   -3.51305689,    4.86921773,      3.91641996], [  247.58632248,  -77.73622896,  -25.98028412,  -20.90942451,     23.11742637,   90.22878447,   49.38075709,   32.40802793,     -0.79333917,   10.99447439,    5.60787139,   -6.89719526,     -3.51521468], [   92.96207835,  -19.57474137,  -44.35931728,  -16.47140981,     16.34797993,   49.38075709,  102.93890485,   47.97119189,      6.2075433 ,    5.96992771,    2.91581841,    9.25146224,     -7.51254689], [  219.5678595 ,  -60.69638703,  -19.33608414,  -23.54355457,     10.32345892,   32.40802793,   47.97119189,   91.12282025,     28.90053058,   16.54430092,    1.12879981,    3.08449692,      0.48925352], [  -30.89211099,   13.90785916,   -0.38615225,   24.21634552,      9.87840126,   -0.79333917,    6.2075433 ,   28.90053058,     61.23486241,   26.4681687 ,    8.84736427,    5.75723555,      3.4436452 ], [   70.77807025,    9.14611175,  -17.83603363,   -9.48485821,      7.33046586,   10.99447439,    5.96992771,   16.54430092,     26.4681687 ,   61.4773891 ,   26.03846762,    4.93782273,     -2.36258977], [  -79.59621086,   37.15316683,   23.30806617,   -5.28017326,     -3.51305689,    5.60787139,    2.91581841,    1.12879981,      8.84736427,   26.03846762,   57.73413685,   19.05904354,      6.91989416], [  -66.0761521 ,   47.94073774,   -3.4244798 ,   24.60714119,      4.86921773,   -6.89719526,    9.25146224,    3.08449692,      5.75723555,    4.93782273,   19.05904354,   52.6124455 ,     22.25691342], [  -61.82210277,   36.94653102,   11.49176006,   16.17682132,      3.91641996,   -3.51521468,   -7.51254689,    0.48925352,      3.4436452 ,   -2.36258977,    6.91989416,   22.25691342,     47.60620407]]
/root/sim/music/out/Liam Gallagher/As You Were/11-Universal Gleam.mp3; [-544.10034   , 123.32092   , -10.09141   ,  11.628743  ,  -1.5372958 ,    3.3300366 ,  -8.731593  ,   2.7677917 ,  -4.746734  ,   0.6698004 ,   -2.380143  ,  -5.9595127 ,  -0.58134985]; [[9334.40588039,-368.52772872,-721.2229732 ,-122.96425109, 165.09188557,   181.43356749, -59.43553954, -40.30725416,-237.44073252, -16.77873741,  -156.41642941,-162.32003899,  32.70820254], [-368.52772872,1397.44464643,-208.7097848 ,   3.55857004, -30.10302339,  -127.24712576,  70.16527383,  45.0061788 ,  43.3540593 ,  60.92802839,    34.48889512,  16.61554005,   1.21821777], [-721.2229732 ,-208.7097848 , 443.83382991,  27.47931465,  22.89093044,    15.45172572,  -0.04590607,  41.92167352,  28.44510752, -24.67840966,    36.88562364,  32.59759068, -12.22525316], [-122.96425109,   3.55857004,  27.47931465, 321.50748689, 103.78912854,    17.53580339,  11.03311533, -26.1982931 ,  40.65492211, -18.95201148,    16.12890283,  37.03578979,  17.72380362], [ 165.09188557, -30.10302339,  22.89093044, 103.78912854, 212.80341847,    60.40027423,  34.89902827,   5.31777542,  25.8699359 ,   8.04997963,    17.52500344,  28.11822812,  18.04313402], [ 181.43356749,-127.24712576,  15.45172572,  17.53580339,  60.40027423,   155.61426882,  39.44685425,  22.79636306,  -2.70844469,   9.54256172,    14.96223085,  -4.32696428,   4.1355953 ], [ -59.43553954,  70.16527383,  -0.04590607,  11.03311533,  34.89902827,    39.44685425, 151.50450162,  52.13599064,  35.49942502,  29.87918335,    30.76974119,  30.36944922,   5.9194056 ], [ -40.30725416,  45.0061788 ,  41.92167352, -26.1982931 ,   5.31777542,    22.79636306,  52.13599064, 117.10743833,  36.02866236,  28.95991645,    22.38344145,  13.52768518,  11.18513638], [-237.44073252,  43.3540593 ,  28.44510752,  40.65492211,  25.8699359 ,    -2.70844469,  35.49942502,  36.02866236, 111.25892028,  49.94134221,    23.90562576,  20.93209262,  18.94572739], [ -16.77873741,  60.92802839, -24.67840966, -18.95201148,   8.04997963,     9.54256172,  29.87918335,  28.95991645,  49.94134221, 107.86898562,    40.37121203,   4.29373044,  10.5187707 ], [-156.41642941,  34.48889512,  36.88562364,  16.12890283,  17.52500344,    14.96223085,  30.76974119,  22.38344145,  23.90562576,  40.37121203,    80.25739339,  29.32954684,  -2.36384562], [-162.32003899,  16.61554005,  32.59759068,  37.03578979,  28.11822812,    -4.32696428,  30.36944922,  13.52768518,  20.93209262,   4.29373044,    29.32954684,  72.6445139 ,  16.16513319], [  32.70820254,   1.21821777, -12.22525316,  17.72380362,  18.04313402,     4.1355953 ,   5.9194056 ,  11.18513638,  18.94572739,  10.5187707 ,    -2.36384562,  16.16513319,  67.4170513 ]]
/root/sim/music/out/Liam Gallagher/As You Were/01-Wall Of Glass.mp3; [-489.1473    ,  82.94607   ,   9.258508  ,  21.540174  ,   6.937125  ,   21.14014   ,  -0.7990733 ,   8.227821  ,   0.7888948 ,  -1.0404835 ,   -0.56606704,  -0.41979462,   1.2525474 ]; [[8291.53915344,-370.55108299,1050.63750255, 432.65863374, 456.39883207,   585.76986776, 196.60327995, 192.94690311, 121.44268686, 169.06855776,   165.96352805,  53.36969234,  59.58259422], [-370.55108299, 645.48577674,-233.37066654,  21.61033889, -66.38655448,   -21.69616778,  41.31552104,   8.12190299,  -3.72061673, -11.67989234,     8.14240045,  14.22166451,  25.7826162 ], [1050.63750255,-233.37066654, 971.15794894,  17.40072984, 273.26516412,   167.0158705 ,  79.61991689, 151.62076435, 138.03622135,  90.80547523,    84.97077891,  42.69033053,  63.27791959], [ 432.65863374,  21.61033889,  17.40072984, 274.79637047, 118.30060043,    59.20286294,  75.23529876,  54.78343953,  55.44612323,  37.22847142,    20.35825399,  37.32679238,   5.71837226], [ 456.39883207, -66.38655448, 273.26516412, 118.30060043, 289.14514603,   130.21772791, 127.5415478 ,  74.59910082,  95.66528388,  74.46680475,    59.36338532,  52.74094735,  13.86553825], [ 585.76986776, -21.69616778, 167.0158705 ,  59.20286294, 130.21772791,   213.20610105, 124.68195405,  53.0123435 ,  39.53094384,  66.94619598,    69.97871864,  30.19611694,  20.42057725], [ 196.60327995,  41.31552104,  79.61991689,  75.23529876, 127.5415478 ,   124.68195405, 233.27570391,  76.38080836,  56.30847353,  56.85348185,    61.90236478,  60.80072487,   7.33742954], [ 192.94690311,   8.12190299, 151.62076435,  54.78343953,  74.59910082,    53.0123435 ,  76.38080836, 167.56375004,  68.36254107,  28.67344088,    25.54954602,  19.3254913 ,   8.20668226], [ 121.44268686,  -3.72061673, 138.03622135,  55.44612323,  95.66528388,    39.53094384,  56.30847353,  68.36254107, 122.33691633,  51.43337638,    19.48781641,  25.82011324,  15.88390804], [ 169.06855776, -11.67989234,  90.80547523,  37.22847142,  74.46680475,    66.94619598,  56.85348185,  28.67344088,  51.43337638,  92.84068556,    52.74089294,  18.48396614,  11.18625445], [ 165.96352805,   8.14240045,  84.97077891,  20.35825399,  59.36338532,    69.97871864,  61.90236478,  25.54954602,  19.48781641,  52.74089294,    88.45181317,  37.91480553,  17.70652122], [  53.36969234,  14.22166451,  42.69033053,  37.32679238,  52.74094735,    30.19611694,  60.80072487,  19.3254913 ,  25.82011324,  18.48396614,    37.91480553,  81.23856119,  34.55154523], [  59.58259422,  25.7826162 ,  63.27791959,   5.71837226,  13.86553825,    20.42057725,   7.33742954,   8.20668226,  15.88390804,  11.18625445,    17.70652122,  34.55154523,  75.99618457]]
/root/sim/music/out/Liam Gallagher/As You Were/15-I Never Wanna Be Like You.mp3; [-558.5523    , 124.505325  ,   4.52622   ,  10.572548  ,  -1.3648648 ,    4.8500524 ,  -3.5972176 ,   6.5026813 ,  -0.6629539 ,  -0.72555083,   -1.8085479 ,  -5.05589   ,  -2.1518388 ]; [[16324.10701536,  329.37653949, -548.75922374, -317.27365056,   -379.45196965,  -71.92593068, -289.51362447,   90.83101942,      0.23186357,   48.96967018,   36.54730892, -149.72182185,     82.10571795], [  329.37653949, 1424.02327788, -113.12041168,  108.4237689 ,     36.21988729,   17.35153621,  127.9864009 ,   49.37445354,     -4.48284332,   50.96335319,   13.61428725,   24.66284305,     30.53765873], [ -548.75922374, -113.12041168,  359.46368168,  109.30963763,     94.08074829,   31.82103942,    5.11623242,    0.42697894,     20.93341088,  -32.71679648,   11.55828957,   24.71471698,     -1.81190161], [ -317.27365056,  108.4237689 ,  109.30963763,  379.59983279,    136.55686225,   -1.40554157,  -11.06367305,  -26.52305788,     63.81405747,  -31.40946813,  -19.57051042,   55.64078985,     68.77523285], [ -379.45196965,   36.21988729,   94.08074829,  136.55686225,    179.59634698,   36.43808855,   14.37509248,  -13.49733468,     34.29727049,   -9.09700926,    0.055788  ,   29.66083947,     16.3161723 ], [  -71.92593068,   17.35153621,   31.82103942,   -1.40554157,     36.43808855,  109.16299094,   45.55675068,   19.89246245,      0.32956209,   17.81622803,    9.76693309,   -2.18552508,      2.43150882], [ -289.51362447,  127.9864009 ,    5.11623242,  -11.06367305,     14.37509248,   45.55675068,  157.93264895,   35.1009683 ,     -1.07403488,    8.62166451,   15.41545237,   12.12160144,      1.72427557], [   90.83101942,   49.37445354,    0.42697894,  -26.52305788,    -13.49733468,   19.89246245,   35.1009683 ,   89.64191955,     14.60914693,   10.1952002 ,    6.84561607,    0.44945226,     11.76952998], [    0.23186357,   -4.48284332,   20.93341088,   63.81405747,     34.29727049,    0.32956209,   -1.07403488,   14.60914693,     92.00737133,   16.24273028,   -0.9238314 ,   15.45779926,     16.71144576], [   48.96967018,   50.96335319,  -32.71679648,  -31.40946813,     -9.09700926,   17.81622803,    8.62166451,   10.1952002 ,     16.24273028,   87.54788538,   22.7345904 ,  -11.31965887,     -3.75421581], [   36.54730892,   13.61428725,   11.55828957,  -19.57051042,      0.055788  ,    9.76693309,   15.41545237,    6.84561607,     -0.9238314 ,   22.7345904 ,   63.81560571,   14.05922214,     -5.43577619], [ -149.72182185,   24.66284305,   24.71471698,   55.64078985,     29.66083947,   -2.18552508,   12.12160144,    0.44945226,     15.45779926,  -11.31965887,   14.05922214,   71.71042006,     18.40676263], [   82.10571795,   30.53765873,   -1.81190161,   68.77523285,     16.3161723 ,    2.43150882,    1.72427557,   11.76952998,     16.71144576,   -3.75421581,   -5.43577619,   18.40676263,     81.06524878]]
/root/sim/music/out/Liam Gallagher/As You Were/05-For What It's Worth.mp3; [-520.1036    , 132.73897   ,   6.7133007 ,  21.806845  ,   4.6713543 ,    9.712159  ,  -1.6852683 ,   5.68963   ,  -2.7408276 ,   1.6165464 ,    0.32391205,  -4.522683  ,  -1.0384549 ]; [[11617.76868381,-2121.67199749, -527.87165452,  219.71569555,    232.34461112,  412.85912546,  -37.57885401,  318.03219498,     86.20229322,   93.76652845,   70.80851244,   13.88980725,    123.39687235], [-2121.67199749, 1500.20040699, -342.30201478,  137.88062431,      5.5199937 ,  -86.94496907,   86.20432624,  -32.4607547 ,      7.84137795,   25.75627176,    8.48389708,   17.9542035 ,      1.44731609], [ -527.87165452, -342.30201478,  568.16135501, -167.2909863 ,      7.60428834,   19.12366332,  -39.58735353,   -6.31096775,     -7.29698753,  -13.10504859,   18.47600862,   -3.25955056,     -7.59267681], [  219.71569555,  137.88062431, -167.2909863 ,  262.22456674,     50.22685648,   14.60261791,   15.60650888,   -5.9247836 ,     51.99052259,    0.91066251,   -8.91271213,   33.32976034,     29.15851175], [  232.34461112,    5.5199937 ,    7.60428834,   50.22685648,    166.65769351,    9.3016338 ,   15.48814011,   -1.5337988 ,     34.98768339,   -3.86467508,    0.61178495,   26.35117601,     10.99335743], [  412.85912546,  -86.94496907,   19.12366332,   14.60261791,      9.3016338 ,  147.4765799 ,   21.72328739,   40.70522946,      6.99228301,   31.04043942,   24.31596672,    5.25715193,     13.865409  ], [  -37.57885401,   86.20432624,  -39.58735353,   15.60650888,     15.48814011,   21.72328739,  119.32157428,   21.10052796,     10.84898534,    9.53389251,    6.43424472,   21.66610622,      5.96842707], [  318.03219498,  -32.4607547 ,   -6.31096775,   -5.9247836 ,     -1.5337988 ,   40.70522946,   21.10052796,  109.31316826,     19.33968127,   24.07895228,   21.9266891 ,    6.25309112,     19.72592179], [   86.20229322,    7.84137795,   -7.29698753,   51.99052259,     34.98768339,    6.99228301,   10.84898534,   19.33968127,     98.79300114,   17.40130241,    1.18763818,   16.82684093,      8.66149858], [   93.76652845,   25.75627176,  -13.10504859,    0.91066251,     -3.86467508,   31.04043942,    9.53389251,   24.07895228,     17.40130241,   93.08304312,   31.38787742,    0.61505671,     11.20976344], [   70.80851244,    8.48389708,   18.47600862,   -8.91271213,      0.61178495,   24.31596672,    6.43424472,   21.9266891 ,      1.18763818,   31.38787742,   63.4203472 ,   10.82637111,     11.37827564], [   13.88980725,   17.9542035 ,   -3.25955056,   33.32976034,     26.35117601,    5.25715193,   21.66610622,    6.25309112,     16.82684093,    0.61505671,   10.82637111,   62.3462725 ,     16.43337148], [  123.39687235,    1.44731609,   -7.59267681,   29.15851175,     10.99335743,   13.865409  ,    5.96842707,   19.72592179,      8.66149858,   11.20976344,   11.37827564,   16.43337148,     61.61317289]]
