/root/sim/music/out/The Jesus And Mary Chain/Honey's Dead/03 Far Gone And Out.mp3; [-564.2674    ,  79.13405   ,  -9.681165  ,  31.826103  ,  20.537071  ,    3.4554727 ,  -1.3625723 ,   6.893037  ,  -1.3934959 ,  -4.264968  ,   -0.83025783,   1.1354659 ,  -0.9512404 ]; [[13256.66394104,  341.38979192,   24.10621784,  384.39145227,     93.70844292,   43.30596772, -126.36265668,  -82.65064522,    -99.86183145,    4.70814501,  -36.82013152,  -21.06017955,    -33.14974868], [  341.38979192,  398.32697221,  -82.98704119,   34.97555394,      6.58920679,  -45.29601861,   12.84696886,    7.43195792,     -1.86226593,   26.47422959,   25.19011325,   -5.95632941,      4.91128453], [   24.10621784,  -82.98704119,  303.72214444,  -30.5603759 ,     10.6094925 ,   46.62425888,    1.92231876,    1.8915988 ,     -3.75278184,   -2.97111047,   23.82915265,   16.18463393,     14.90639384], [  384.39145227,   34.97555394,  -30.5603759 ,  189.8477752 ,     95.94447982,   56.905538  ,   13.35497933,   -7.15102995,    -25.11596544,  -26.09515545,  -16.52327197,   16.4195521 ,     18.50434628], [   93.70844292,    6.58920679,   10.6094925 ,   95.94447982,    140.70649992,   59.37457098,   32.14592107,    5.85200973,    -12.52439321,  -22.77259239,   -6.27574506,   23.55379195,     20.28509224], [   43.30596772,  -45.29601861,   46.62425888,   56.905538  ,     59.37457098,  137.93397826,   58.7997449 ,   18.58018181,     -4.0773858 ,  -28.77564579,   -7.30319923,   18.26365052,      6.57027305], [ -126.36265668,   12.84696886,    1.92231876,   13.35497933,     32.14592107,   58.7997449 ,   81.45637378,   33.46112056,      9.95594918,   -7.88379596,    4.80966317,    9.56183387,      3.0683831 ], [  -82.65064522,    7.43195792,    1.8915988 ,   -7.15102995,      5.85200973,   18.58018181,   33.46112056,   69.1577053 ,     39.43268555,   10.87658888,    7.49810529,    4.28760798,     -2.72268482], [  -99.86183145,   -1.86226593,   -3.75278184,  -25.11596544,    -12.52439321,   -4.0773858 ,    9.95594918,   39.43268555,     73.65714066,   39.17693544,   16.00089111,    1.99863519,     -3.44046694], [    4.70814501,   26.47422959,   -2.97111047,  -26.09515545,    -22.77259239,  -28.77564579,   -7.88379596,   10.87658888,     39.17693544,   78.62139154,   33.91536865,   -4.04487778,     -1.63193066], [  -36.82013152,   25.19011325,   23.82915265,  -16.52327197,     -6.27574506,   -7.30319923,    4.80966317,    7.49810529,     16.00089111,   33.91536865,   59.74588727,   23.46786033,      8.8333362 ], [  -21.06017955,   -5.95632941,   16.18463393,   16.4195521 ,     23.55379195,   18.26365052,    9.56183387,    4.28760798,      1.99863519,   -4.04487778,   23.46786033,   56.76097285,     27.93551264], [  -33.14974868,    4.91128453,   14.90639384,   18.50434628,     20.28509224,    6.57027305,    3.0683831 ,   -2.72268482,     -3.44046694,   -1.63193066,    8.8333362 ,   27.93551264,     49.68558631]]
/root/sim/music/out/The Jesus And Mary Chain/Honey's Dead/09 Rollercoaster.mp3; [-556.92786  ,  84.02397  , -24.704288 ,  43.82592  ,  27.463661 ,    3.284881 ,   0.9512747,   7.266602 ,  -4.0658627,  -1.559629 ,    6.5423603,  -2.3472676,  -4.301093 ]; [[10648.60328814,   96.48365105,  -48.04247707,  -18.07767996,     41.58083377,  -90.85889809,  -86.16207616,   30.8152985 ,    -24.39924993,    7.55359397,   -1.99504769,  -39.22263566,    -34.45484749], [   96.48365105,  759.72236511, -233.99781702,  225.56692274,     -4.50780861,   39.72033057,   30.02660032,   -1.93352156,      4.73330849,  -12.33333456,    9.50164826,  -15.95238749,    -18.89059823], [  -48.04247707, -233.99781702,  328.40901098,  -53.61385726,     23.32522841,  -21.52046646,  -12.37635224,   21.86867832,     -5.61163106,   14.15268182,    8.0742831 ,   10.10469667,      7.51702869], [  -18.07767996,  225.56692274,  -53.61385726,  290.79558342,     46.11059282,   36.19574059,    1.88286603,   15.11601417,     12.28779796,    3.54973806,   21.14438905,    3.42105487,      2.07669162], [   41.58083377,   -4.50780861,   23.32522841,   46.11059282,    132.46414973,   24.9888949 ,   44.12086303,   12.58799971,     14.7516794 ,    6.31942356,   18.14312437,   16.44396021,     15.10224602], [  -90.85889809,   39.72033057,  -21.52046646,   36.19574059,     24.9888949 ,   71.50994784,   31.77891518,   14.8993439 ,      7.41732978,   -1.25038464,    7.66057252,    2.57002519,      8.46073416], [  -86.16207616,   30.02660032,  -12.37635224,    1.88286603,     44.12086303,   31.77891518,   79.79324109,   26.44899121,     14.14412997,   -2.46519415,   15.38834885,   12.37269715,     11.69880045], [   30.8152985 ,   -1.93352156,   21.86867832,   15.11601417,     12.58799971,   14.8993439 ,   26.44899121,   64.04141111,     26.77515717,   14.12430826,   12.04923443,    3.10332422,      7.03501593], [  -24.39924993,    4.73330849,   -5.61163106,   12.28779796,     14.7516794 ,    7.41732978,   14.14412997,   26.77515717,     55.21321866,   24.84856179,   10.24557995,    1.15912816,      7.6023054 ], [    7.55359397,  -12.33333456,   14.15268182,    3.54973806,      6.31942356,   -1.25038464,   -2.46519415,   14.12430826,     24.84856179,   50.76520068,   20.68567513,    5.40412032,      3.00052942], [   -1.99504769,    9.50164826,    8.0742831 ,   21.14438905,     18.14312437,    7.66057252,   15.38834885,   12.04923443,     10.24557995,   20.68567513,   49.43997041,   21.52130446,     11.05133161], [  -39.22263566,  -15.95238749,   10.10469667,    3.42105487,     16.44396021,    2.57002519,   12.37269715,    3.10332422,      1.15912816,    5.40412032,   21.52130446,   48.79150188,     25.75015394], [  -34.45484749,  -18.89059823,    7.51702869,    2.07669162,     15.10224602,    8.46073416,   11.69880045,    7.03501593,      7.6023054 ,    3.00052942,   11.05133161,   25.75015394,     46.8704906 ]]
/root/sim/music/out/クリスタルキング/クリスタルキング ベストコレクション/01 大都会.mp3; [-595.4399    , 116.0589    , -37.20959   ,  32.136986  ,   9.967003  ,    3.4085891 ,   6.428743  ,   6.9549136 ,  -2.3043814 ,   5.423864  ,   -1.6432863 ,  -2.2956102 ,   0.44341776]; [[18170.795152  , -405.97054904, -751.95533659,  380.75079289,    135.32840641, -214.6041238 ,  154.83822622,  -82.80691229,   -382.19845792,   -7.47941685, -250.66412156, -184.75115741,     56.08455012], [ -405.97054904, 1468.39836073,  -46.52000085,  122.73986266,     44.65588424,   95.56143639,   48.49443206,  116.91481502,     75.79690733,    5.74477381,  102.5395317 ,   26.83835129,    -42.99202401], [ -751.95533659,  -46.52000085,  750.88691709,  127.34924736,     64.94922147,  135.66093104,  -21.75322687,  -22.00047714,     24.15415406,  -48.39960837,    5.61719569,   41.95145375,    -36.99971961], [  380.75079289,  122.73986266,  127.34924736,  458.00645756,    302.4095632 ,   77.15581122,  -45.77155907,    3.07911034,      9.53929377,   -4.28806587,  -40.66990233,   37.74174349,     23.46167444], [  135.32840641,   44.65588424,   64.94922147,  302.4095632 ,    449.92920844,  140.19158809,  -53.7409247 ,   -1.62095133,     27.45830867,   22.96285925,  -34.15700004,   44.86016218,     26.87214382], [ -214.6041238 ,   95.56143639,  135.66093104,   77.15581122,    140.19158809,  403.13184549,   78.6935257 ,   29.62301073,     69.86432912,   16.47922675,   21.44937564,   33.52238585,    -17.36120694], [  154.83822622,   48.49443206,  -21.75322687,  -45.77155907,    -53.7409247 ,   78.6935257 ,  241.26169259,   78.91701974,     17.17721427,    6.7084067 ,   15.34480852,  -37.07382917,    -17.38323433], [  -82.80691229,  116.91481502,  -22.00047714,    3.07911034,     -1.62095133,   29.62301073,   78.91701974,  146.76947746,     51.17573031,   15.89587416,   15.28315978,  -20.51093713,    -15.5106306 ], [ -382.19845792,   75.79690733,   24.15415406,    9.53929377,     27.45830867,   69.86432912,   17.17721427,   51.17573031,    170.53253377,   43.10591703,   10.8081208 ,    5.56123425,    -18.18342814], [   -7.47941685,    5.74477381,  -48.39960837,   -4.28806587,     22.96285925,   16.47922675,    6.7084067 ,   15.89587416,     43.10591703,  145.59514529,   33.22550914,   -1.48362579,      3.57816512], [ -250.66412156,  102.5395317 ,    5.61719569,  -40.66990233,    -34.15700004,   21.44937564,   15.34480852,   15.28315978,     10.8081208 ,   33.22550914,  135.45828114,   31.63036005,    -13.26632796], [ -184.75115741,   26.83835129,   41.95145375,   37.74174349,     44.86016218,   33.52238585,  -37.07382917,  -20.51093713,      5.56123425,   -1.48362579,   31.63036005,  115.47264903,     28.71661434], [   56.08455012,  -42.99202401,  -36.99971961,   23.46167444,     26.87214382,  -17.36120694,  -17.38323433,  -15.5106306 ,    -18.18342814,    3.57816512,  -13.26632796,   28.71661434,    109.13009921]]
/root/sim/music/out/クリスタルキング/クリスタルキング ベストコレクション/05 セシル.mp3; [-634.0253   , 129.67935  , -12.750242 ,  20.977852 ,   2.5304327,    6.2632527,  -6.255931 ,   1.6479642, -10.298689 ,  -4.3818846,   -8.344728 ,  -9.871138 ,  -6.576015 ]; [[21132.11721439,-2284.18833714,  231.03784821,  225.58142777,   -417.2682117 , -101.40480937,  172.05031913,  381.2482555 ,    -46.28539426,  185.23013648,   17.18675368,  -43.86173035,    125.37013305], [-2284.18833714, 2975.03064931, -684.75532356,   11.51227397,    138.33553374,   69.3610182 ,  -66.99725463, -123.94969299,    -72.70236542,  -40.09606502,  -26.47946346,  -39.4542472 ,    -72.31173394], [  231.03784821, -684.75532356,  933.28433019,  -38.74692328,      5.83147484,  115.58446878,   96.00756285,   76.06338433,     13.93375478,  -11.9845521 ,   17.12865688,   32.77044379,     -4.73704638], [  225.58142777,   11.51227397,  -38.74692328,  486.30816041,    177.90968614,  -39.01828958,  -26.09436538,   45.54876986,     25.18253014,  -27.23232309,   -4.96521853,   38.69541421,     27.16659616], [ -417.2682117 ,  138.33553374,    5.83147484,  177.90968614,    241.7922105 ,   21.09202008,  -19.29163419,    8.6688401 ,     38.71061162,    2.78421281,  -13.50182726,   21.09080694,     -1.95585943], [ -101.40480937,   69.3610182 ,  115.58446878,  -39.01828958,     21.09202008,  196.17666042,   95.81282173,   30.04056372,     34.78229797,   48.3843843 ,   37.32665642,    6.69492837,      1.93915704], [  172.05031913,  -66.99725463,   96.00756285,  -26.09436538,    -19.29163419,   95.81282173,  197.03817402,   74.2092015 ,     23.10120305,   46.78093398,   37.47269815,   12.09661125,      7.64255714], [  381.2482555 , -123.94969299,   76.06338433,   45.54876986,      8.6688401 ,   30.04056372,   74.2092015 ,  132.28667335,     50.71348788,   28.1788242 ,   13.78124047,   17.39911849,     17.57947593], [  -46.28539426,  -72.70236542,   13.93375478,   25.18253014,     38.71061162,   34.78229797,   23.10120305,   50.71348788,    138.84007082,   72.61588074,   19.93980644,    9.90813676,     22.71740228], [  185.23013648,  -40.09606502,  -11.9845521 ,  -27.23232309,      2.78421281,   48.3843843 ,   46.78093398,   28.1788242 ,     72.61588074,  142.45186317,   48.95827994,    3.34509596,      1.61674246], [   17.18675368,  -26.47946346,   17.12865688,   -4.96521853,    -13.50182726,   37.32665642,   37.47269815,   13.78124047,     19.93980644,   48.95827994,   97.50097676,   32.88900774,     24.58244456], [  -43.86173035,  -39.4542472 ,   32.77044379,   38.69541421,     21.09080694,    6.69492837,   12.09661125,   17.39911849,      9.90813676,    3.34509596,   32.88900774,   95.25211287,     41.53048367], [  125.37013305,  -72.31173394,   -4.73704638,   27.16659616,     -1.95585943,    1.93915704,    7.64255714,   17.57947593,     22.71740228,    1.61674246,   24.58244456,   41.53048367,    104.0578936 ]]
/root/sim/music/out/クリスタルキング/クリスタルキング ベストコレクション/06 サマーシェイド.mp3; [-758.43427  , 158.43369  ,  -8.59315  ,  14.029311 ,  -8.218327 ,   -9.919377 , -19.513315 ,  -5.555098 , -20.629217 ,  -5.1745977,   -8.70763  , -11.310422 , -11.006796 ]; [[16720.17607623, 1062.29126936,-1033.07252379, -730.67290367,   -740.87700609, -222.99757323, -347.59956415,  500.03127577,   -823.32068439,  336.87868529,  170.02809204, -330.21662939,   -314.17128886], [ 1062.29126936, 1893.2392473 , -258.50143631,  -45.70961953,    -64.90559064, -179.98120621,  -77.01954673,  -53.01832649,    -56.35542072,  -62.05715163,  -63.52514837,  -56.29111974,    -80.81678774], [-1033.07252379, -258.50143631,  920.14326864,   88.83003708,    146.88126807,   45.98546128,  -31.81652223,  -64.29007183,     -5.14115039,  -79.50829173,  -72.11609128,   24.31105598,     41.21716295], [ -730.67290367,  -45.70961953,   88.83003708,  417.03736911,    138.89351971,   45.96665362,   -3.97956837,  -74.90461523,     62.71441486,  -90.29459596,  -65.45081144,    4.60364724,     41.94320284], [ -740.87700609,  -64.90559064,  146.88126807,  138.89351971,    279.74276945,   83.32489979,  -23.37983133,  -14.77618296,     42.61934624,  -38.14738955,  -20.22402786,  -12.91239927,     18.75614224], [ -222.99757323, -179.98120621,   45.98546128,   45.96665362,     83.32489979,  234.76639228,   66.05199071,    2.34097969,     60.91196372,    3.4225989 ,   34.04452372,   10.85782075,    -17.40839538], [ -347.59956415,  -77.01954673,  -31.81652223,   -3.97956837,    -23.37983133,   66.05199071,  257.58890978,   45.70919471,     46.37135435,   30.38166797,   39.36467766,   38.06422599,     10.13516597], [  500.03127577,  -53.01832649,  -64.29007183,  -74.90461523,    -14.77618296,    2.34097969,   45.70919471,  208.34232154,    -34.0529107 ,   27.33067011,   52.78613568,  -14.58081286,      2.74782746], [ -823.32068439,  -56.35542072,   -5.14115039,   62.71441486,     42.61934624,   60.91196372,   46.37135435,  -34.0529107 ,    209.4643312 ,    4.07112639,  -13.92002242,   46.94694664,     -1.75086118], [  336.87868529,  -62.05715163,  -79.50829173,  -90.29459596,    -38.14738955,    3.4225989 ,   30.38166797,   27.33067011,      4.07112639,  198.78629   ,   52.26326614,   14.39968845,      6.2353328 ], [  170.02809204,  -63.52514837,  -72.11609128,  -65.45081144,    -20.22402786,   34.04452372,   39.36467766,   52.78613568,    -13.92002242,   52.26326614,  158.93013595,   10.75578286,    -10.29863705], [ -330.21662939,  -56.29111974,   24.31105598,    4.60364724,    -12.91239927,   10.85782075,   38.06422599,  -14.58081286,     46.94694664,   14.39968845,   10.75578286,  128.95871137,     25.51008811], [ -314.17128886,  -80.81678774,   41.21716295,   41.94320284,     18.75614224,  -17.40839538,   10.13516597,    2.74782746,     -1.75086118,    6.2353328 ,  -10.29863705,   25.51008811,    124.4155414 ]]
/root/sim/music/out/クリスタルキング/クリスタルキング ベストコレクション/10 Love Boxer.mp3; [-614.66956   , 105.4224    ,  -6.0235763 ,  28.257301  ,  -4.236922  ,    1.6654695 ,  -0.5599621 ,   1.7198077 ,  -3.6263154 ,  -0.01207788,   -5.0971847 ,   0.03267343,  -3.1560493 ]; [[15723.24224753,  -93.18140563, -259.78679137,  262.38204057,    138.99386845,  -75.08145652,   71.40023221,  222.457559  ,    105.6325713 ,  276.45277546,  162.15426742,  120.9298929 ,    148.85134619], [  -93.18140563, 1468.45592244, -402.71423395,  -44.10487686,   -182.54082546,  -52.67369346,   26.11973913,   11.10188062,    -15.0834716 ,  -62.10583841,  -32.63490849,  -29.19172732,    -26.43184622], [ -259.78679137, -402.71423395,  809.23087939,  159.92619749,     79.61901412,  127.07020101,   92.70201791,   97.79157689,     60.60971486,   20.36323285,   27.6530711 ,   58.93803917,     29.23614627], [  262.38204057,  -44.10487686,  159.92619749,  568.5301649 ,    140.336552  ,  116.13897473,   11.59841821,   11.17959927,     35.25076299,   43.06412365,  -50.89923145,   20.23575269,      1.09635044], [  138.99386845, -182.54082546,   79.61901412,  140.336552  ,    341.74620422,    2.47959881,  -19.91938824,   26.10377708,     49.76754023,   63.56455161,   20.29152865,   24.32003536,     43.75014782], [  -75.08145652,  -52.67369346,  127.07020101,  116.13897473,      2.47959881,  293.12233013,  114.27554541,   20.47496495,     18.47065053,   30.59007164,   37.9973103 ,   31.16886149,    -30.58241723], [   71.40023221,   26.11973913,   92.70201791,   11.59841821,    -19.91938824,  114.27554541,  184.39380797,   76.43712761,     17.7280386 ,   12.82202391,   40.36881405,   19.36857928,      8.35614469], [  222.457559  ,   11.10188062,   97.79157689,   11.17959927,     26.10377708,   20.47496495,   76.43712761,  152.35509455,     72.37120395,   17.76392823,   29.45119148,   26.12412617,     15.29892425], [  105.6325713 ,  -15.0834716 ,   60.60971486,   35.25076299,     49.76754023,   18.47065053,   17.7280386 ,   72.37120395,    130.30869735,   53.7878685 ,   26.91499445,   25.99560873,      8.18973329], [  276.45277546,  -62.10583841,   20.36323285,   43.06412365,     63.56455161,   30.59007164,   12.82202391,   17.76392823,     53.7878685 ,  124.83318937,   63.5930023 ,   18.94176483,     14.40436009], [  162.15426742,  -32.63490849,   27.6530711 ,  -50.89923145,     20.29152865,   37.9973103 ,   40.36881405,   29.45119148,     26.91499445,   63.5930023 ,  124.15105511,   43.37302026,      9.97493898], [  120.9298929 ,  -29.19172732,   58.93803917,   20.23575269,     24.32003536,   31.16886149,   19.36857928,   26.12412617,     25.99560873,   18.94176483,   43.37302026,   87.1262746 ,     30.9231116 ], [  148.85134619,  -26.43184622,   29.23614627,    1.09635044,     43.75014782,  -30.58241723,    8.35614469,   15.29892425,      8.18973329,   14.40436009,    9.97493898,   30.9231116 ,     94.97688412]]
/root/sim/music/out/クリスタルキング/クリスタルキング ベストコレクション/07 Moon Light.mp3; [-635.9253   , 126.89692  ,  -2.6638753,  33.631382 ,  -4.873571 ,    3.1461515,   0.2887767,   5.5846357,  -7.379837 ,  -6.0648065,   -6.444434 ,  -6.9452605,  -5.622786 ]; [[17444.80292445, -867.07958087,  238.1753864 ,  363.45789287,   -544.12134827, -247.41880356,  141.97994364,  145.38463309,    -82.55119136,  347.07003711,  305.95278794,  131.58570495,      3.59228893], [ -867.07958087, 2320.71325426,  -34.83546499,   49.72631628,    221.29137224,  168.53668578,  117.65375818,  116.74936745,    156.92858195,   -1.96980463,  -24.12090667,  -77.57194843,    -59.14838724], [  238.1753864 ,  -34.83546499,  779.97962509,  197.48410646,    201.39476773,  162.90804789,  138.78145597,   76.915993  ,    125.18500447,   33.1391506 ,   -8.19002812,   36.0591176 ,     32.99858052], [  363.45789287,   49.72631628,  197.48410646,  388.48271777,    180.69294121,   78.94942275,   62.80023187,   62.98994539,    123.77149694,   52.21820601,  -11.79516632,    8.24383276,     -2.39724338], [ -544.12134827,  221.29137224,  201.39476773,  180.69294121,    348.18660777,  162.9186893 ,   42.51783647,   49.67323323,    150.58118274,   45.61259032,   -9.69499344,    3.7632566 ,    -14.36731511], [ -247.41880356,  168.53668578,  162.90804789,   78.94942275,    162.9186893 ,  252.18756402,  142.15405618,   53.92196979,    120.98344289,   59.25151126,   19.44912579,   -6.8671421 ,    -10.33367735], [  141.97994364,  117.65375818,  138.78145597,   62.80023187,     42.51783647,  142.15405618,  295.93223124,  104.77121765,    123.14260716,  105.6913917 ,   64.56701939,    8.46571707,     13.99389621], [  145.38463309,  116.74936745,   76.915993  ,   62.98994539,     49.67323323,   53.92196979,  104.77121765,  138.02527703,     90.0011325 ,   37.92330977,   19.63722586,   11.05051553,     13.94116882], [  -82.55119136,  156.92858195,  125.18500447,  123.77149694,    150.58118274,  120.98344289,  123.14260716,   90.0011325 ,    240.44043697,  131.07430876,   33.33004692,   11.38894685,     -4.91603908], [  347.07003711,   -1.96980463,   33.1391506 ,   52.21820601,     45.61259032,   59.25151126,  105.6913917 ,   37.92330977,    131.07430876,  210.98183618,   91.69087487,   16.72441854,      2.57009397], [  305.95278794,  -24.12090667,   -8.19002812,  -11.79516632,     -9.69499344,   19.44912579,   64.56701939,   19.63722586,     33.33004692,   91.69087487,  117.12115477,   32.7304745 ,      1.66294744], [  131.58570495,  -77.57194843,   36.0591176 ,    8.24383276,      3.7632566 ,   -6.8671421 ,    8.46571707,   11.05051553,     11.38894685,   16.72441854,   32.7304745 ,   78.00907871,     28.40442608], [    3.59228893,  -59.14838724,   32.99858052,   -2.39724338,    -14.36731511,  -10.33367735,   13.99389621,   13.94116882,     -4.91603908,    2.57009397,    1.66294744,   28.40442608,     79.78937909]]
/root/sim/music/out/クリスタルキング/クリスタルキング ベストコレクション/12 センチメンタル.mp3; [-660.7872   , 138.42682  ,  -5.723199 ,  18.547562 ,   3.7609503,    2.156383 ,  -3.9058862,   3.019809 ,  -5.0016413,   1.0702919,   -6.176867 ,  -7.2745156,   0.7687732]; [[19500.34095976,  346.3167804 , -990.34485368,  256.84602936,   -688.27479063, -229.18027028,  331.48812798,  242.6389501 ,   -460.56308017,   76.28663715,   39.63956665, -308.27623242,     16.44602423], [  346.3167804 , 1558.06770795,  183.68464702,   15.95078623,    150.33765436,   34.04678457,  -26.22008105,   35.26466113,    -54.30237114,    3.51006309,   53.29521095,   46.90388882,      2.43605024], [ -990.34485368,  183.68464702,  803.27568126,  185.07537191,    133.43747551,   61.89633287,   44.41776836,   -2.56450039,    -94.61290898,  -59.20829463,   -9.55377766,  103.45659018,    -36.41281981], [  256.84602936,   15.95078623,  185.07537191,  506.29832044,    248.32515417,   42.85542528,  -14.25460927,   49.7908897 ,      2.49614638,  -80.88969535,  -54.73666466,   69.02822679,     38.4333648 ], [ -688.27479063,  150.33765436,  133.43747551,  248.32515417,    536.13847907,  191.56784134, -105.22362645,  -77.56948332,    114.75569371,   29.09437618,  -45.37444029,   24.54102926,     22.70468512], [ -229.18027028,   34.04678457,   61.89633287,   42.85542528,    191.56784134,  393.10129268,   79.87849354, -130.14128002,     52.1517512 ,   47.73009296,    5.18660653,  -47.03757949,    -37.5949705 ], [  331.48812798,  -26.22008105,   44.41776836,  -14.25460927,   -105.22362645,   79.87849354,  313.20789888,   60.38301186,    -89.05845188,  -41.25976137,   25.94971454,   10.47953458,    -10.37567473], [  242.6389501 ,   35.26466113,   -2.56450039,   49.7908897 ,    -77.56948332, -130.14128002,   60.38301186,  243.50344036,    -16.88887201,  -76.63511354,   -6.11302164,   56.14051933,     43.41921286], [ -460.56308017,  -54.30237114,  -94.61290898,    2.49614638,    114.75569371,   52.1517512 ,  -89.05845188,  -16.88887201,    355.33767792,   51.85180733,  -59.02939107,  -25.01904404,     23.14971204], [   76.28663715,    3.51006309,  -59.20829463,  -80.88969535,     29.09437618,   47.73009296,  -41.25976137,  -76.63511354,     51.85180733,  233.57390883,   67.89955725,  -84.26725202,    -36.560782  ], [   39.63956665,   53.29521095,   -9.55377766,  -54.73666466,    -45.37444029,    5.18660653,   25.94971454,   -6.11302164,    -59.02939107,   67.89955725,  190.0356694 ,   37.72170303,    -52.6025531 ], [ -308.27623242,   46.90388882,  103.45659018,   69.02822679,     24.54102926,  -47.03757949,   10.47953458,   56.14051933,    -25.01904404,  -84.26725202,   37.72170303,  200.42188516,     37.84505904], [   16.44602423,    2.43605024,  -36.41281981,   38.4333648 ,     22.70468512,  -37.5949705 ,  -10.37567473,   43.41921286,     23.14971204,  -36.560782  ,  -52.6025531 ,   37.84505904,    161.84062878]]
/root/sim/music/out/クリスタルキング/クリスタルキング ベストコレクション/04 PASSION-LADY.mp3; [-576.86383  , 105.23947  , -21.470589 ,  33.073048 ,   9.200561 ,   -3.9068046,   1.4990368,   2.342161 ,  -2.5251253,   1.5665976,   -4.0787454,  -4.8850384,  -3.7039547]; [[17076.65153045, 1263.58341501, -503.82445282,  580.76597173,    155.69461048,  -85.20957006,   82.13267757,   44.76107843,     14.12704927,   59.92136521, -113.85016436, -164.17550604,   -138.77093086], [ 1263.58341501, 1478.35986773, -247.68517061,  138.80547373,    124.89643641,  -37.96759053,   37.78713908,   30.7886593 ,    -85.40108815,   42.29321741,    7.79402092,    9.20894766,     -4.38416993], [ -503.82445282, -247.68517061,  868.91156801,  176.48282213,    104.75315119,  171.15276893,  -13.97754571,  -20.06565069,     48.04183193,  -40.99272117,   55.81291366,   25.71414396,      0.95026386], [  580.76597173,  138.80547373,  176.48282213,  415.91087841,    170.31362447,   29.69740109,  -36.11810055,   -9.96795436,     39.40945281,   11.50020137,  -27.61955614,   14.32407439,     10.00893399], [  155.69461048,  124.89643641,  104.75315119,  170.31362447,    248.87627185,   -3.63770788,  -30.36162643,   -4.25121321,     24.15137319,   45.30084806,   -6.22053524,   14.95488553,     23.21980231], [  -85.20957006,  -37.96759053,  171.15276893,   29.69740109,     -3.63770788,  243.10987183,   79.22841141,   -4.92808294,      5.0536399 ,  -37.17158639,   43.6961432 ,   -1.79241969,     -5.62079627], [   82.13267757,   37.78713908,  -13.97754571,  -36.11810055,    -30.36162643,   79.22841141,  170.28252113,   31.06602076,     -9.05750876,   -3.47755653,   19.37446206,    8.77944382,      1.60496885], [   44.76107843,   30.7886593 ,  -20.06565069,   -9.96795436,     -4.25121321,   -4.92808294,   31.06602076,  106.25324549,     18.12620802,    7.70443325,    8.02397251,    5.04696159,      7.4922571 ], [   14.12704927,  -85.40108815,   48.04183193,   39.40945281,     24.15137319,    5.0536399 ,   -9.05750876,   18.12620802,    158.4321334 ,   40.19606795,   -3.24471285,   -7.28084459,    -13.39097992], [   59.92136521,   42.29321741,  -40.99272117,   11.50020137,     45.30084806,  -37.17158639,   -3.47755653,    7.70443325,     40.19606795,  120.39861247,   15.14288952,    4.17412995,     -2.11759701], [ -113.85016436,    7.79402092,   55.81291366,  -27.61955614,     -6.22053524,   43.6961432 ,   19.37446206,    8.02397251,     -3.24471285,   15.14288952,   99.01937   ,   30.16169221,     11.44415234], [ -164.17550604,    9.20894766,   25.71414396,   14.32407439,     14.95488553,   -1.79241969,    8.77944382,    5.04696159,     -7.28084459,    4.17412995,   30.16169221,   86.38800001,     31.03332682], [ -138.77093086,   -4.38416993,    0.95026386,   10.00893399,     23.21980231,   -5.62079627,    1.60496885,    7.4922571 ,    -13.39097992,   -2.11759701,   11.44415234,   31.03332682,     85.86469657]]
/root/sim/music/out/クリスタルキング/クリスタルキング ベストコレクション/03 海南風 (kai-Nam-Poo).mp3; [-601.37366   , 102.828064  ,  12.977382  ,  22.312746  ,   8.620736  ,    3.8458667 ,  -0.79214454,   2.902543  ,  -6.2691813 ,   0.06438952,   -6.931364  ,  -1.5455122 ,  -1.5525844 ]; [[18566.32298415, -177.98533301, -892.35620393,  353.396299  ,     47.62712677, -148.32942614,  -51.87439364,   66.39044525,     52.64786464,  151.24461733, -218.98809182,   14.89545843,    -36.1675181 ], [ -177.98533301, 1509.83743807,  226.69818341,  -37.38111101,    -19.59727924,   73.97558398,   60.49293225,   43.97941638,   -118.89573068,  -21.33522126,   54.58382354,  -29.04758116,    -21.70415822], [ -892.35620393,  226.69818341,  781.06755854,   -7.85523477,     43.53056809,  142.46740346,   36.00295985,  -17.18421404,    -41.57078304,  -82.82426031,   22.14555631,  -21.53157949,     -4.90789742], [  353.396299  ,  -37.38111101,   -7.85523477,  478.0730911 ,    196.09438141,   -7.3025401 ,  -66.79881377,   21.69120223,     85.24058352,   -1.04683523,  -76.51342097,  -48.16969154,      5.1622281 ], [   47.62712677,  -19.59727924,   43.53056809,  196.09438141,    284.64564461,   28.98630836,  -34.45230044,   14.48194231,     71.17283272,   12.18845351,  -51.63031238,  -46.22218937,    -15.45810887], [ -148.32942614,   73.97558398,  142.46740346,   -7.3025401 ,     28.98630836,  228.35076394,  112.01799341,    7.36009545,      6.49234174,  -10.45426096,   33.84327839,  -45.49244306,    -46.77922419], [  -51.87439364,   60.49293225,   36.00295985,  -66.79881377,    -34.45230044,  112.01799341,  226.07077786,   59.1030752 ,     15.50732913,    8.27285228,   36.59107954,  -19.34464634,    -33.18043741], [   66.39044525,   43.97941638,  -17.18421404,   21.69120223,     14.48194231,    7.36009545,   59.1030752 ,  123.07751274,     49.63150132,   23.83579993,    5.88552518,  -14.36995688,     -9.92058091], [   52.64786464, -118.89573068,  -41.57078304,   85.24058352,     71.17283272,    6.49234174,   15.50732913,   49.63150132,    167.54435502,   44.11356561,  -13.55392538,  -13.79821401,    -14.85154541], [  151.24461733,  -21.33522126,  -82.82426031,   -1.04683523,     12.18845351,  -10.45426096,    8.27285228,   23.83579993,     44.11356561,  141.6342686 ,   24.03849154,   -1.25820623,    -13.84531426], [ -218.98809182,   54.58382354,   22.14555631,  -76.51342097,    -51.63031238,   33.84327839,   36.59107954,    5.88552518,    -13.55392538,   24.03849154,  117.20804892,   39.46594763,     -6.94723081], [   14.89545843,  -29.04758116,  -21.53157949,  -48.16969154,    -46.22218937,  -45.49244306,  -19.34464634,  -14.36995688,    -13.79821401,   -1.25820623,   39.46594763,  144.22863949,     63.81648753], [  -36.1675181 ,  -21.70415822,   -4.90789742,    5.1622281 ,    -15.45810887,  -46.77922419,  -33.18043741,   -9.92058091,    -14.85154541,  -13.84531426,   -6.94723081,   63.81648753,    120.3857337 ]]
/root/sim/music/out/クリスタルキング/クリスタルキング ベストコレクション/08 蜃気楼.mp3; [-609.2257    , 121.25339   , -23.919239  ,  29.80234   ,   0.20740876,   -1.6286678 ,  -2.9516454 ,   5.6678567 , -11.553276  ,   2.8565295 ,   -5.9849696 ,  -6.6367254 ,  -1.9893893 ]; [[18916.54654662,-1093.90919177,-1439.07150282, -142.51903788,   -304.88300815, -609.5937259 ,  125.16685478,  280.29027265,   -505.89069317,  262.05571726,  -20.00787952, -127.45162066,   -175.94665871], [-1093.90919177, 1969.62934302,  131.88991965,  103.47435602,    -17.62628786,   70.69417554,  -88.83797925,  -53.46652731,     64.02438707,  -99.46021946,   19.18807927,  -58.92041163,      5.37976137], [-1439.07150282,  131.88991965,  917.24260529,   57.43978231,     45.12672394,  183.40706678, -112.32793429,  -22.82632365,     21.84940209,  -82.32090869,  -53.85881508,   -1.93373484,    -53.79701715], [ -142.51903788,  103.47435602,   57.43978231,  315.85773795,    163.98317607,   20.43653323,  -72.05035858,  -36.20173974,     40.04996332,  -21.17520043,  -65.02190664,   16.29922096,     53.52302687], [ -304.88300815,  -17.62628786,   45.12672394,  163.98317607,    274.71377163,   47.20032915,  -91.52086556,  -56.6206996 ,     41.47880765,  -10.07198863,  -52.38783964,   37.52703283,     35.80574199], [ -609.5937259 ,   70.69417554,  183.40706678,   20.43653323,     47.20032915,  275.75878424,   12.43834247,  -46.88242004,     23.92263177,  -51.88845168,  -21.35893914,    6.92003119,    -20.69921485], [  125.16685478,  -88.83797925, -112.32793429,  -72.05035858,    -91.52086556,   12.43834247,  248.99663732,   91.61517378,    -38.02062345,   14.49403391,   39.16856471,  -39.93121152,    -25.66657488], [  280.29027265,  -53.46652731,  -22.82632365,  -36.20173974,    -56.6206996 ,  -46.88242004,   91.61517378,  159.55846088,      3.70906076,   17.08123452,   16.5823085 ,  -27.92462012,    -15.83443487], [ -505.89069317,   64.02438707,   21.84940209,   40.04996332,     41.47880765,   23.92263177,  -38.02062345,    3.70906076,    160.67138801,   14.51420955,   -7.74625523,   16.40935584,     15.25276695], [  262.05571726,  -99.46021946,  -82.32090869,  -21.17520043,    -10.07198863,  -51.88845168,   14.49403391,   17.08123452,     14.51420955,  122.91315231,   26.80322386,   -7.40628942,    -10.93185631], [  -20.00787952,   19.18807927,  -53.85881508,  -65.02190664,    -52.38783964,  -21.35893914,   39.16856471,   16.5823085 ,     -7.74625523,   26.80322386,  129.60665257,   31.45245229,    -13.86282086], [ -127.45162066,  -58.92041163,   -1.93373484,   16.29922096,     37.52703283,    6.92003119,  -39.93121152,  -27.92462012,     16.40935584,   -7.40628942,   31.45245229,  125.24671297,     41.50520799], [ -175.94665871,    5.37976137,  -53.79701715,   53.52302687,     35.80574199,  -20.69921485,  -25.66657488,  -15.83443487,     15.25276695,  -10.93185631,  -13.86282086,   41.50520799,    122.19775173]]
/root/sim/music/out/クリスタルキング/クリスタルキング ベストコレクション/09 何処へ.mp3; [-576.59515   , 106.94467   , -26.13392   ,  33.494366  ,  -0.93329704,    6.7420835 ,   7.9483027 ,  12.22933   ,   2.4295166 ,   1.5312037 ,    1.0663186 ,   1.4349176 ,  -1.0575585 ]; [[21492.4955419 , 1277.32210205, -997.83959233,  262.49310569,   -349.79314164,   76.33994611,  228.96343445,  181.57512925,     79.93360901,   -6.9783021 ,  -59.11645785, -142.56123434,    -70.0407258 ], [ 1277.32210205, 1108.69330763, -120.43804861,  -39.42858951,   -116.24246187,  -46.08041723,    6.87600569,   57.91091803,    -29.26243435,  -10.66592468,    8.65415516,   28.25714737,      7.16525462], [ -997.83959233, -120.43804861,  744.83188875,   71.29306408,     69.97916217,   15.23710689,  -72.36670992,  -62.52047851,    -16.15040269,  -58.84204669,  -26.66804421,    9.20469508,    -10.95864055], [  262.49310569,  -39.42858951,   71.29306408,  482.75841336,    170.66394862,   74.48450959,  -80.63649773,   42.34391975,      3.46803687,    0.7083835 ,  -39.10662384,   10.05421101,     22.53571745], [ -349.79314164, -116.24246187,   69.97916217,  170.66394862,    243.15625195,   45.17614894,  -61.03738534,   -3.32412354,      2.69233392,    5.39199763,   -8.18363424,   15.92398515,      7.47603271], [   76.33994611,  -46.08041723,   15.23710689,   74.48450959,     45.17614894,  198.87290112,   75.92350109,   23.46023397,     -9.55727078,  -15.84351957,   -9.57832661,   -6.47913369,     -5.61452298], [  228.96343445,    6.87600569,  -72.36670992,  -80.63649773,    -61.03738534,   75.92350109,  225.00083317,   41.24216706,     -9.67023814,   -2.57897142,   16.8977842 ,  -19.14516066,     -0.91059732], [  181.57512925,   57.91091803,  -62.52047851,   42.34391975,     -3.32412354,   23.46023397,   41.24216706,  120.26462981,     26.56859195,    3.89347222,    7.10045497,    1.54152178,     -3.58311352], [   79.93360901,  -29.26243435,  -16.15040269,    3.46803687,      2.69233392,   -9.55727078,   -9.67023814,   26.56859195,     99.30061015,   40.14787839,    3.1420381 ,  -13.20541066,    -14.34818571], [   -6.9783021 ,  -10.66592468,  -58.84204669,    0.7083835 ,      5.39199763,  -15.84351957,   -2.57897142,    3.89347222,     40.14787839,  109.3665361 ,   41.19741787,   -7.91971124,    -22.44514072], [  -59.11645785,    8.65415516,  -26.66804421,  -39.10662384,     -8.18363424,   -9.57832661,   16.8977842 ,    7.10045497,      3.1420381 ,   41.19741787,  107.6017727 ,   35.6609672 ,     -8.53211683], [ -142.56123434,   28.25714737,    9.20469508,   10.05421101,     15.92398515,   -6.47913369,  -19.14516066,    1.54152178,    -13.20541066,   -7.91971124,   35.6609672 ,   86.80838544,     35.14326602], [  -70.0407258 ,    7.16525462,  -10.95864055,   22.53571745,      7.47603271,   -5.61452298,   -0.91059732,   -3.58311352,    -14.34818571,  -22.44514072,   -8.53211683,   35.14326602,     98.18595617]]
/root/sim/music/out/クリスタルキング/クリスタルキング ベストコレクション/15 ユリア…永遠に.mp3; [-599.648     , 114.690765  , -23.734104  ,  17.864332  ,  -5.9836574 ,   -4.101121  ,  -0.97542304,   9.193071  ,  -0.17461249,   5.174561  ,   -0.4928635 ,  -1.7413853 ,  -4.48508   ]; [[12681.64962726, -113.02977995, -361.38181833,  187.59809153,   -161.95858716, -162.58894666, -110.47110686,  100.20266827,    -31.08820255,    7.44540878,   -4.9820868 , -111.87929301,    -34.83918148], [ -113.02977995, 1751.83743777, -278.25052293,   27.25703778,    -16.62122046,  146.78387078,   59.53372494,   18.06785435,     26.27847542,   48.32600333,   28.92233922,    5.61117506,     -4.94664994], [ -361.38181833, -278.25052293,  674.78906141,  127.19166953,    118.5189363 ,  109.69943672,   79.15542201,   50.85350546,     24.64970409,    6.87160447,  -15.65599264,   17.32384131,      5.09906715], [  187.59809153,   27.25703778,  127.19166953,  434.80082474,    203.37998391,   23.69064737,  -13.53573169,   69.2936226 ,     69.48630876,    6.00634108,   -3.41470292,   14.25363693,     40.90815602], [ -161.95858716,  -16.62122046,  118.5189363 ,  203.37998391,    301.95745783,   20.46819523,  -27.34435302,   21.82555395,     56.80972037,   11.13961173,  -19.14872661,   11.3594282 ,     26.71345913], [ -162.58894666,  146.78387078,  109.69943672,   23.69064737,     20.46819523,  280.14418644,  128.88028684,   31.58454403,     50.95082893,   49.6045961 ,   31.10586935,    7.98055212,      3.39770746], [ -110.47110686,   59.53372494,   79.15542201,  -13.53573169,    -27.34435302,  128.88028684,  271.4783482 ,   72.41531445,     12.43177554,   24.042919  ,   58.64191147,  -11.36955695,    -18.50844049], [  100.20266827,   18.06785435,   50.85350546,   69.2936226 ,     21.82555395,   31.58454403,   72.41531445,  159.27246925,     58.16480164,   17.13173598,   23.31097785,   22.30799833,     13.93349034], [  -31.08820255,   26.27847542,   24.64970409,   69.48630876,     56.80972037,   50.95082893,   12.43177554,   58.16480164,    172.80393587,   46.80598062,    7.12166666,   20.37215769,     35.5650953 ], [    7.44540878,   48.32600333,    6.87160447,    6.00634108,     11.13961173,   49.6045961 ,   24.042919  ,   17.13173598,     46.80598062,  131.47118606,   41.24835358,   -0.91595771,      5.06897895], [   -4.9820868 ,   28.92233922,  -15.65599264,   -3.41470292,    -19.14872661,   31.10586935,   58.64191147,   23.31097785,      7.12166666,   41.24835358,  127.56198846,   25.43167862,      2.1907127 ], [ -111.87929301,    5.61117506,   17.32384131,   14.25363693,     11.3594282 ,    7.98055212,  -11.36955695,   22.30799833,     20.37215769,   -0.91595771,   25.43167862,  114.43126148,     34.43056758], [  -34.83918148,   -4.94664994,    5.09906715,   40.90815602,     26.71345913,    3.39770746,  -18.50844049,   13.93349034,     35.5650953 ,    5.06897895,    2.1907127 ,   34.43056758,    112.52833077]]
