/root/sim/music/1~100/37_HIRAHIRA.mp3; [-760.214     , 182.6902    ,  -4.14159   ,  28.04239   ,   4.994482  ,    2.5591447 ,  -1.5835876 ,  -1.0672585 ,  -8.311312  ,  -6.177822  ,   -2.781834  ,   0.24449822,  -3.8389852 ]; [[23561.51842104, -998.38065965,-2042.9659782 ,  350.90419263,   -617.80381902, -327.97532221, -218.23416555, -175.19681849,   -249.15756548,  143.36263198, -247.52667561, -129.10617948,     63.46318523], [ -998.38065965, 2640.16934546, -317.64719643, -185.72670119,     78.73300338,    9.16271669,   73.28922789,  -95.41680475,    -68.90332962,  -18.04572418,   -4.93305266,  -81.30617605,      6.87728763], [-2042.9659782 , -317.64719643,  723.21116017,   -8.32488103,    148.37176548,   84.73532695,   41.30441017,   39.04906329,     49.44367965,  -15.49714888,   44.04850918,   46.25319012,    -13.45141732], [  350.90419263, -185.72670119,   -8.32488103,  325.75603058,     62.85679534,   24.12175108,    5.68579119,   58.91497691,     51.11824098,   12.59701661,  -19.10823895,   30.38375963,     16.28843192], [ -617.80381902,   78.73300338,  148.37176548,   62.85679534,    210.61886917,   86.54174844,   53.60440563,   10.47845069,     31.0957314 ,   11.60686259,    6.86143232,  -14.2954428 ,     -1.18582339], [ -327.97532221,    9.16271669,   84.73532695,   24.12175108,     86.54174844,  201.77041206,   61.57650641,    0.28998527,    -18.43062537,    4.68321793,   16.30851184,  -42.15132907,    -56.28784128], [ -218.23416555,   73.28922789,   41.30441017,    5.68579119,     53.60440563,   61.57650641,  141.99253516,   36.90311088,     -4.00070954,   34.30652714,   37.96799401,    8.01655611,      5.60797131], [ -175.19681849,  -95.41680475,   39.04906329,   58.91497691,     10.47845069,    0.28998527,   36.90311088,  113.26880926,     57.73763812,    2.12722821,   -6.92452134,   17.43971389,     15.47228259], [ -249.15756548,  -68.90332962,   49.44367965,   51.11824098,     31.0957314 ,  -18.43062537,   -4.00070954,   57.73763812,    155.89100723,   35.86322456,  -28.78614513,    3.87310635,     12.89134833], [  143.36263198,  -18.04572418,  -15.49714888,   12.59701661,     11.60686259,    4.68321793,   34.30652714,    2.12722821,     35.86322456,  125.63830578,   48.23730827,    2.09012528,      7.31862221], [ -247.52667561,   -4.93305266,   44.04850918,  -19.10823895,      6.86143232,   16.30851184,   37.96799401,   -6.92452134,    -28.78614513,   48.23730827,  146.73398741,   37.39756661,    -19.90126711], [ -129.10617948,  -81.30617605,   46.25319012,   30.38375963,    -14.2954428 ,  -42.15132907,    8.01655611,   17.43971389,      3.87310635,    2.09012528,   37.39756661,  129.03792134,     58.67265107], [   63.46318523,    6.87728763,  -13.45141732,   16.28843192,     -1.18582339,  -56.28784128,    5.60797131,   15.47228259,     12.89134833,    7.31862221,  -19.90126711,   58.67265107,    163.3118108 ]]
/root/sim/music/1~100/56_楽しく軽快に.mp3; [-605.352     , 190.10234   , -22.139524  , -29.049593  ,   4.465454  ,   -0.96350724, -15.232375  ,  -0.11480584,  -7.2082186 ,   0.04509013,   16.261791  ,  -2.4844851 ,  22.773146  ]; [[6383.58010547,-900.45360206,  69.07084185, 883.14385357,  40.49146995,   171.44466582, 345.18762148,-225.30651926, -22.13511436, -59.46199473,  -600.65853739,  88.55465362,-696.91275827], [-900.45360206,1784.12527671,-120.95389248, 373.7011742 , 457.60139393,   299.45104322, 292.18759171, 149.66020375, -25.41131051, -52.32753781,   -12.44859987,-144.72634239,  56.13138166], [  69.07084185,-120.95389248,1031.11444913, 199.59034018, 243.37352248,   286.44797194,  63.7466793 ,  98.73863908,  52.48023867,  45.05323049,    -1.33097383,  27.83944593, -94.16374471], [ 883.14385357, 373.7011742 , 199.59034018, 701.97689427, 284.86120942,   255.771467  , 310.27018378,  71.15727991,  56.32786429,  37.73598434,  -144.28649668,  54.96171861,-182.70843031], [  40.49146995, 457.60139393, 243.37352248, 284.86120942, 328.88635863,   260.64996043, 174.89083239,  88.95736297,  27.09381976,   7.78759987,   -39.70112169, -23.48835173, -37.40526906], [ 171.44466582, 299.45104322, 286.44797194, 255.771467  , 260.64996043,   379.76609643, 228.4450535 ,  69.10658132,  45.13187585,  59.13842459,   -77.16753718,  22.64822964, -89.32629548], [ 345.18762148, 292.18759171,  63.7466793 , 310.27018378, 174.89083239,   228.4450535 , 275.0835547 ,  77.81826229,  48.12456379,  52.93975362,   -55.42440724,  47.16000035, -90.22415649], [-225.30651926, 149.66020375,  98.73863908,  71.15727991,  88.95736297,    69.10658132,  77.81826229, 117.42224673,  47.35440854,  32.72933834,    30.44536826,   9.60318764,  12.57220105], [ -22.13511436, -25.41131051,  52.48023867,  56.32786429,  27.09381976,    45.13187585,  48.12456379,  47.35440854,  91.77472319,  74.05065869,    25.69244339,  41.09437602,  -7.79417678], [ -59.46199473, -52.32753781,  45.05323049,  37.73598434,   7.78759987,    59.13842459,  52.93975362,  32.72933834,  74.05065869, 137.01755958,    60.27008534,  65.05239666,  -7.84562719], [-600.65853739, -12.44859987,  -1.33097383,-144.28649668, -39.70112169,   -77.16753718, -55.42440724,  30.44536826,  25.69244339,  60.27008534,   220.1110159 ,  67.19911225, 132.47092876], [  88.55465362,-144.72634239,  27.83944593,  54.96171861, -23.48835173,    22.64822964,  47.16000035,   9.60318764,  41.09437602,  65.05239666,    67.19911225, 174.48447299,  15.91882106], [-696.91275827,  56.13138166, -94.16374471,-182.70843031, -37.40526906,   -89.32629548, -90.22415649,  12.57220105,  -7.79417678,  -7.84562719,   132.47092876,  15.91882106, 212.08836799]]
/root/sim/music/1~100/64_さみしいおばけと東京の月.mp3; [-701.1875   , 170.68118  ,  13.261462 ,  32.11239  ,  19.916727 ,    9.754943 ,  -1.2723111,   8.167291 ,  -0.8134561,   5.147131 ,    3.8104646,   0.5747909,   4.812787 ]; [[18396.440532  , 1212.99414873,-1020.09435508,  106.45711193,    373.96678395, -226.95033855, -421.72400522, -171.87156621,   -363.01350207, -288.95083936, -180.02975695, -174.19587865,    -13.11072887], [ 1212.99414873, 2394.18694845,  186.70839504,  112.33729579,   -170.73992519,   54.76366079,   17.77953954,  -34.45819885,    -33.83335841,  -39.63316506,   53.12075134,   15.28792016,     -9.76504828], [-1020.09435508,  186.70839504, 1318.06707629,  -17.42792895,   -181.04438514,  154.24019181,   90.99522178,  -13.70250879,    201.92418579,   46.05459842,  133.18743505,   97.93913935,    -52.93160393], [  106.45711193,  112.33729579,  -17.42792895,  519.09683932,    193.48110441,  -18.88519907,   -0.51211389,   71.501694  ,    -57.02687507,   39.01858593,    5.9836774 ,  -34.35864672,    -68.8406271 ], [  373.96678395, -170.73992519, -181.04438514,  193.48110441,    476.10709613,  127.55564039,   17.1389969 ,   15.24814378,    -29.95347612,   50.7116819 ,  -20.48147509,  -21.19820161,      1.53688242], [ -226.95033855,   54.76366079,  154.24019181,  -18.88519907,    127.55564039,  401.56289774,  212.74040957,   79.29492304,      9.01873797,  -64.58523489,  -43.36948982,   -1.05030391,    -10.53323746], [ -421.72400522,   17.77953954,   90.99522178,   -0.51211389,     17.1389969 ,  212.74040957,  322.34278506,  171.72698921,     26.36615852, -112.32389141,  -68.48237377,   -7.94603865,     14.44718777], [ -171.87156621,  -34.45819885,  -13.70250879,   71.501694  ,     15.24814378,   79.29492304,  171.72698921,  297.00386822,     40.14696562,  -52.77704668,  -86.85387602,  -12.81916929,     29.31256946], [ -363.01350207,  -33.83335841,  201.92418579,  -57.02687507,    -29.95347612,    9.01873797,   26.36615852,   40.14696562,    228.94594662,   67.58610416,   26.40398582,    1.54965997,    -16.47815297], [ -288.95083936,  -39.63316506,   46.05459842,   39.01858593,     50.7116819 ,  -64.58523489, -112.32389141,  -52.77704668,     67.58610416,  255.97859411,  133.94482845,   13.7681588 ,    -29.10506554], [ -180.02975695,   53.12075134,  133.18743505,    5.9836774 ,    -20.48147509,  -43.36948982,  -68.48237377,  -86.85387602,     26.40398582,  133.94482845,  207.99683001,   86.60017831,      6.05394325], [ -174.19587865,   15.28792016,   97.93913935,  -34.35864672,    -21.19820161,   -1.05030391,   -7.94603865,  -12.81916929,      1.54965997,   13.7681588 ,   86.60017831,  164.2373127 ,     57.73148797], [  -13.11072887,   -9.76504828,  -52.93160393,  -68.8406271 ,      1.53688242,  -10.53323746,   14.44718777,   29.31256946,    -16.47815297,  -29.10506554,    6.05394325,   57.73148797,    178.77176907]]
/root/sim/music/1~100/65_8-bit_Aggressive1.mp3; [-548.6255    , 101.58003   ,   0.38870254,  31.058582  ,  -1.5617688 ,    9.0307255 ,   5.7963243 ,   4.529209  ,   3.622464  ,   5.3485603 ,   -0.23388681,   1.5524341 ,   0.7855083 ]; [[4988.42722357,-520.10860379,-784.48080787,-349.22738934,-296.8229686 ,  -215.16420412,-134.50304558, -73.89261919,-107.68605397, 290.58173486,  -125.71468939, 117.98680883, 186.2412663 ], [-520.10860379, 585.23788634, 245.22011133, 185.23667728, 145.97541239,    38.15080934,  18.77249721,  70.51052231,  41.52365403, -68.88828741,    30.85881755,  21.70536897,   5.01323832], [-784.48080787, 245.22011133, 340.22031919, 132.77739102, 116.9986391 ,    81.50256767,  53.87067401,  67.03454864,  78.2325096 , -44.44617547,    56.73898799,   8.3922865 , -23.16317207], [-349.22738934, 185.23667728, 132.77739102, 302.36235911, 159.92209447,    61.88513291,  26.96551279,  38.6818224 ,  27.6530586 , -68.09514019,   -13.52897803,  -7.52355632,   4.88671568], [-296.8229686 , 145.97541239, 116.9986391 , 159.92209447, 160.80174752,    71.66840429,  25.82827779,  36.557773  ,  37.73895122, -25.27745566,     3.95676445, -14.25297534, -18.74490549], [-215.16420412,  38.15080934,  81.50256767,  61.88513291,  71.66840429,   120.09030377,  65.62484534,  19.35728986,  48.56376293,  40.28356808,    23.24944175, -17.99006756, -26.62138584], [-134.50304558,  18.77249721,  53.87067401,  26.96551279,  25.82827779,    65.62484534,  91.96163786,  33.0431646 ,  25.6199378 ,  39.1470949 ,    55.65392429,  11.06455188,  -6.63541808], [ -73.89261919,  70.51052231,  67.03454864,  38.6818224 ,  36.557773  ,    19.35728986,  33.0431646 , 105.14734445,  37.1300483 ,  18.5780014 ,    54.78506497,  34.15391588,   9.33784661], [-107.68605397,  41.52365403,  78.2325096 ,  27.6530586 ,  37.73895122,    48.56376293,  25.6199378 ,  37.1300483 , 138.29464314,  67.77300088,    18.64589637,  12.67729799, -29.24294221], [ 290.58173486, -68.88828741, -44.44617547, -68.09514019, -25.27745566,    40.28356808,  39.1470949 ,  18.5780014 ,  67.77300088, 207.02103924,    70.4905394 ,  17.47319077,  -3.09424688], [-125.71468939,  30.85881755,  56.73898799, -13.52897803,   3.95676445,    23.24944175,  55.65392429,  54.78506497,  18.64589637,  70.4905394 ,   180.04000044,  72.12331388,   1.87307426], [ 117.98680883,  21.70536897,   8.3922865 ,  -7.52355632, -14.25297534,   -17.99006756,  11.06455188,  34.15391588,  12.67729799,  17.47319077,    72.12331388, 118.02012955,  55.44296943], [ 186.2412663 ,   5.01323832, -23.16317207,   4.88671568, -18.74490549,   -26.62138584,  -6.63541808,   9.33784661, -29.24294221,  -3.09424688,     1.87307426,  55.44296943, 116.04503893]]
/root/sim/music/1~100/31_Sunrise.mp3; [-667.9963   , 171.23984  , -15.953337 ,  16.491587 ,  -5.374764 ,   -9.587106 ,  -7.000275 ,  -3.1945293,   1.1158181,   2.2909625,    2.173687 ,  -1.9667194,  -4.6443667]; [[ 6279.96901394,-3078.47815474, 1211.98371855, -156.14852178,    137.82405166,  195.82599944,  -89.79406583,   39.6592378 ,    -72.60133736,   44.11309059,  -21.31481844,   44.27403295,     20.19545429], [-3078.47815474, 2941.10201523, -814.03530285,  552.90338822,    138.46898322,  109.96656026,  256.48470209,  155.50791605,    254.95836975,  123.40119462,  191.06944684,  188.18471566,    150.05420729], [ 1211.98371855, -814.03530285,  813.86511558,  -93.69865681,    178.86705317,  170.08408203,   57.49461928,  116.28513203,     70.99922818,   87.67387278,   60.07319709,   64.51921806,     59.01002828], [ -156.14852178,  552.90338822,  -93.69865681,  297.57038965,    111.93109178,  123.17995549,  119.44753351,   99.98466962,    119.6081764 ,   90.28735163,   90.75376796,  100.87356942,     80.85819372], [  137.82405166,  138.46898322,  178.86705317,  111.93109178,    191.54563287,  128.72600068,  104.50530826,  109.03425206,     99.16608036,   83.96090248,   75.61894377,   83.89819091,     73.77165462], [  195.82599944,  109.96656026,  170.08408203,  123.17995549,    128.72600068,  174.05122199,  109.12195633,  114.45512466,    107.50747731,   89.47403669,   77.49990645,   77.92562594,     80.39281605], [  -89.79406583,  256.48470209,   57.49461928,  119.44753351,    104.50530826,  109.12195633,  126.31898728,  102.13423162,     95.4103446 ,   73.55524959,   68.70095559,   67.42922085,     66.44024672], [   39.6592378 ,  155.50791605,  116.28513203,   99.98466962,    109.03425206,  114.45512466,  102.13423162,  146.76523511,    106.70765625,   87.22561894,   80.36739778,   73.08250504,     88.76338277], [  -72.60133736,  254.95836975,   70.99922818,  119.6081764 ,     99.16608036,  107.50747731,   95.4103446 ,  106.70765625,    130.42358029,   93.03613758,   81.42235595,   79.50097309,     79.8828947 ], [   44.11309059,  123.40119462,   87.67387278,   90.28735163,     83.96090248,   89.47403669,   73.55524959,   87.22561894,     93.03613758,  102.87992185,   81.54886398,   75.91913729,     72.63819833], [  -21.31481844,  191.06944684,   60.07319709,   90.75376796,     75.61894377,   77.49990645,   68.70095559,   80.36739778,     81.42235595,   81.54886398,  102.65428448,   84.86498212,     75.2742436 ], [   44.27403295,  188.18471566,   64.51921806,  100.87356942,     83.89819091,   77.92562594,   67.42922085,   73.08250504,     79.50097309,   75.91913729,   84.86498212,  115.84644098,     80.9752298 ], [   20.19545429,  150.05420729,   59.01002828,   80.85819372,     73.77165462,   80.39281605,   66.44024672,   88.76338277,     79.8828947 ,   72.63819833,   75.2742436 ,   80.9752298 ,    112.85297771]]
/root/sim/music/1~100/29_Recollections.mp3; [-596.0127    , 126.8406    ,   2.4406345 ,  31.669521  ,   1.0526284 ,   11.003317  ,   0.6736202 ,   7.8427362 ,   3.2626421 ,   4.675479  ,   -3.7147427 ,  -0.3392434 ,   0.45612434]; [[10787.05202223,  264.17260363,  818.28841099,  651.23841956,    271.6734112 ,  402.00493011,  267.70065935,  260.02717681,    105.08316955,   61.85739784,  -21.59109351,    1.90115263,    -44.43398308], [  264.17260363,  780.7131516 , -292.0071675 ,   40.43607682,   -111.9235047 , -105.16271535, -140.19272168,  -47.39076155,    -25.05802342,   27.17396551,   29.07807944,   16.68120936,     20.11721942], [  818.28841099, -292.0071675 ,  760.37352678,   91.64296702,    272.53739786,   85.60083036,  123.22881311,   -0.0598811 ,     27.60736525,    5.14430183,   13.37718962,  -19.65813682,     -4.21806401], [  651.23841956,   40.43607682,   91.64296702,  249.41137554,     28.12426128,   37.69241703,  -43.15485809,  -43.06307275,    -39.14961581,   32.43044845,   46.50131768,   11.34031299,    -10.14468873], [  271.6734112 , -111.9235047 ,  272.53739786,   28.12426128,    298.9333619 ,   92.12503763,   69.1777677 ,  -28.89968725,     -4.62836694,  -41.65855886,    2.01262942,   18.86658262,     49.985741  ], [  402.00493011, -105.16271535,   85.60083036,   37.69241703,     92.12503763,  181.20537814,  114.32112398,   83.24939928,     32.91881549,  -22.67002599,  -41.40588016,   -3.02801932,      7.1110714 ], [  267.70065935, -140.19272168,  123.22881311,  -43.15485809,     69.1777677 ,  114.32112398,  194.39538724,  119.83043375,     61.85721526,  -15.91216206,  -38.38601616,   -9.6502821 ,    -16.92026932], [  260.02717681,  -47.39076155,   -0.0598811 ,  -43.06307275,    -28.89968725,   83.24939928,  119.83043375,  201.01593056,    103.87627455,    5.78496286,  -72.51677889,   -8.58368362,     10.8872695 ], [  105.08316955,  -25.05802342,   27.60736525,  -39.14961581,     -4.62836694,   32.91881549,   61.85721526,  103.87627455,    141.70922939,   42.72246419,  -39.00984556,   -7.26593152,     18.63352926], [   61.85739784,   27.17396551,    5.14430183,   32.43044845,    -41.65855886,  -22.67002599,  -15.91216206,    5.78496286,     42.72246419,  157.90887699,   79.94064336,  -16.32810379,    -26.85391443], [  -21.59109351,   29.07807944,   13.37718962,   46.50131768,      2.01262942,  -41.40588016,  -38.38601616,  -72.51677889,    -39.00984556,   79.94064336,  179.24825938,   47.92941676,    -38.42051406], [    1.90115263,   16.68120936,  -19.65813682,   11.34031299,     18.86658262,   -3.02801932,   -9.6502821 ,   -8.58368362,     -7.26593152,  -16.32810379,   47.92941676,  124.09441097,     52.58640734], [  -44.43398308,   20.11721942,   -4.21806401,  -10.14468873,     49.985741  ,    7.1110714 ,  -16.92026932,   10.8872695 ,     18.63352926,  -26.85391443,  -38.42051406,   52.58640734,    133.72244797]]
/root/sim/music/1~100/52_学び舎の風景.mp3; [-837.18506  , 269.298    ,  -5.7361712,  -8.355761 ,  -8.720856 ,  -12.682076 ,  -9.286444 ,  -5.2193484,  -7.297288 , -11.06988  ,  -13.100202 , -10.038439 ,  -9.937474 ]; [[5544.46992983, 770.54242055,-364.03738139, 921.51827937,  12.72663144,   112.42002077,  58.22638204,  69.5644393 , -36.01061303,-129.4310743 ,  -126.65497219,-106.72433421, -61.34395827], [ 770.54242055,1007.63155196, 268.47239039, 151.81230712, 131.52573021,   142.73081281, 142.31002888,  25.82234927, -71.62063618,-132.70794046,   -84.21887733, -23.05066478,  -1.73695243], [-364.03738139, 268.47239039, 881.75968467, 231.59303099, 125.46824128,   165.92235141, 137.88018204,  58.91643307, -88.17772401,-118.51858701,   -87.99401713, -54.09330624, -23.80006439], [ 921.51827937, 151.81230712, 231.59303099, 876.8232967 , 229.82055103,     4.75959675,  38.61788779,  28.67095973, -29.67064746, -88.35001736,   -79.83320079, -71.39650195, -18.09044463], [  12.72663144, 131.52573021, 125.46824128, 229.82055103, 307.15956455,    73.86781109, -37.18302506, -37.52586058, -51.15652434, -71.28187801,   -28.05195865,  19.28240507,  13.17107993], [ 112.42002077, 142.73081281, 165.92235141,   4.75959675,  73.86781109,   177.46426566,  83.96650741,  29.23624981, -11.63772318, -39.61738965,   -33.39070846, -16.75005581, -10.23346216], [  58.22638204, 142.31002888, 137.88018204,  38.61788779, -37.18302506,    83.96650741, 194.35969898,  88.6103773 ,   2.79068573,   1.2920947 ,   -42.34666691, -60.7952288 , -19.64068392], [  69.5644393 ,  25.82234927,  58.91643307,  28.67095973, -37.52586058,    29.23624981,  88.6103773 , 130.35701601,  52.05834384,  -8.8367337 ,   -16.90146172, -46.24237939, -52.06595531], [ -36.01061303, -71.62063618, -88.17772401, -29.67064746, -51.15652434,   -11.63772318,   2.79068573,  52.05834384, 137.17420507,  89.90161211,    27.43255812, -13.77484163, -28.08398675], [-129.4310743 ,-132.70794046,-118.51858701, -88.35001736, -71.28187801,   -39.61738965,   1.2920947 ,  -8.8367337 ,  89.90161211, 188.18303984,    83.27567661,  -0.50442598,  -6.2273784 ], [-126.65497219, -84.21887733, -87.99401713, -79.83320079, -28.05195865,   -33.39070846, -42.34666691, -16.90146172,  27.43255812,  83.27567661,   132.61591098,  79.46541224,   9.02797686], [-106.72433421, -23.05066478, -54.09330624, -71.39650195,  19.28240507,   -16.75005581, -60.7952288 , -46.24237939, -13.77484163,  -0.50442598,    79.46541224, 151.15305634, 100.89992438], [ -61.34395827,  -1.73695243, -23.80006439, -18.09044463,  13.17107993,   -10.23346216, -19.64068392, -52.06595531, -28.08398675,  -6.2273784 ,     9.02797686, 100.89992438, 161.27346901]]
/root/sim/music/1~100/92_不老不死.mp3; [-594.10834  , 119.62788  ,   6.9506006,  19.415443 ,  -4.67335  ,    3.6043549,  11.621041 ,   1.0307935,  -4.352762 ,   3.0889835,   -6.753198 ,  -3.0473242,  -2.5505798]; [[9884.61459779,-562.38375432, 281.61208303, 114.74721232, 185.16816092,   225.60313838, 166.56262215, 284.25624908, 161.22447051, 249.06975296,   236.14318147,  52.47979147, 168.11170912], [-562.38375432,2045.72997177,-385.01900876,-148.67369376,  11.43194578,     6.48822614,  93.88465955,-131.60085701, -25.91517877,  84.16797907,   -28.42857434,  12.00701147, -55.7791609 ], [ 281.61208303,-385.01900876,1265.92166662, 363.30368553, 362.62604704,   331.174006  ,  26.82817909, 279.94093359, 187.58204642,  49.39438057,   267.57627905, 106.61975499, 137.47024854], [ 114.74721232,-148.67369376, 363.30368553, 770.39207685, 207.31544903,   189.06395769, -21.40781976, 250.19308713, 150.63132466,  44.7546556 ,   185.50091675,  98.98259039,  46.87205702], [ 185.16816092,  11.43194578, 362.62604704, 207.31544903, 435.24184159,   180.89498601,  39.50310687, 166.62804088, 151.71008974,  97.74638414,   159.03942093,  81.10961233,  86.28328068], [ 225.60313838,   6.48822614, 331.174006  , 189.06395769, 180.89498601,   528.82737039, 135.06211822, 196.87742353, 115.21680739, 121.24648633,   166.45205174,  32.11869131, 121.32271747], [ 166.56262215,  93.88465955,  26.82817909, -21.40781976,  39.50310687,   135.06211822, 210.15493199,  62.06765689,  34.62979293,  54.87803431,    33.00298618,  16.39064749,  29.29240647], [ 284.25624908,-131.60085701, 279.94093359, 250.19308713, 166.62804088,   196.87742353,  62.06765689, 265.60216534, 135.24331055,  56.57461536,   131.62614631,  57.6175393 ,  78.3178965 ], [ 161.22447051, -25.91517877, 187.58204642, 150.63132466, 151.71008974,   115.21680739,  34.62979293, 135.24331055, 175.88337851,  78.20655028,   102.29560083,  30.85336028,  48.25276805], [ 249.06975296,  84.16797907,  49.39438057,  44.7546556 ,  97.74638414,   121.24648633,  54.87803431,  56.57461536,  78.20655028, 164.61250114,    86.6331369 ,  29.32508736,  28.43349611], [ 236.14318147, -28.42857434, 267.57627905, 185.50091675, 159.03942093,   166.45205174,  33.00298618, 131.62614631, 102.29560083,  86.6331369 ,   200.31426264,  73.17476538,  64.78480806], [  52.47979147,  12.00701147, 106.61975499,  98.98259039,  81.10961233,    32.11869131,  16.39064749,  57.6175393 ,  30.85336028,  29.32508736,    73.17476538, 114.35801249,  46.33810828], [ 168.11170912, -55.7791609 , 137.47024854,  46.87205702,  86.28328068,   121.32271747,  29.29240647,  78.3178965 ,  48.25276805,  28.43349611,    64.78480806,  46.33810828, 116.93679545]]
/root/sim/music/1~100/16_しゅわしゅわハニーレモン350ml.mp3; [-626.5441   , 122.68736  ,  22.96471  ,  19.547846 ,   8.434056 ,    4.92048  ,   2.5497885,   3.061386 ,   2.0757947,   3.5327668,   -2.179871 ,  -0.7440799,  -1.2497691]; [[15550.87143084,-1725.84257059,-1089.07718568,  463.88581531,    251.03904313, -243.70136494,    8.85244053,  -94.49586029,   -424.2190522 ,  -84.36914926,  -11.86418641,  181.28233747,   -201.60231101], [-1725.84257059, 3801.80796764,   36.20312055,   16.70484675,      0.19736324,   98.07066067, -145.53289062,   -4.40815121,     72.07169565,  -40.92067922,  -88.59831741, -150.40522409,    -23.65621298], [-1089.07718568,   36.20312055, 1344.40512763,  121.14472602,     87.34771489,    6.81224588,    2.01731493,   22.1214171 ,     75.18081999,   46.48717106,   31.29167453,   -8.13870132,     90.42275441], [  463.88581531,   16.70484675,  121.14472602,  447.95243325,    147.2481313 ,   43.11152782,   63.7660465 ,   45.47310882,     12.51130726,   -3.21631135,   25.81313896,   44.66200801,      3.18444599], [  251.03904313,    0.19736324,   87.34771489,  147.2481313 ,    300.22426292,  102.56917094,   65.01460522,   83.78772663,     43.81695031,    1.97914719,   -0.89110594,   51.30925521,     48.94803018], [ -243.70136494,   98.07066067,    6.81224588,   43.11152782,    102.56917094,  256.13570376,  136.02657219,   83.42815676,     79.29271789,   80.4932325 ,   30.82777415,   25.86181495,     25.86442009], [    8.85244053, -145.53289062,    2.01731493,   63.7660465 ,     65.01460522,  136.02657219,  219.12171497,   99.75205084,     65.19964183,   66.96413926,   75.60427334,   82.0829279 ,     23.33975021], [  -94.49586029,   -4.40815121,   22.1214171 ,   45.47310882,     83.78772663,   83.42815676,   99.75205084,  193.78781443,     99.58087281,   40.50872404,   35.73586097,   81.79510448,     69.75546207], [ -424.2190522 ,   72.07169565,   75.18081999,   12.51130726,     43.81695031,   79.29271789,   65.19964183,   99.58087281,    204.56718648,   95.77589563,   12.04768447,   -1.26893204,     67.26873514], [  -84.36914926,  -40.92067922,   46.48717106,   -3.21631135,      1.97914719,   80.4932325 ,   66.96413926,   40.50872404,     95.77589563,  205.81432047,   81.76540508,    9.04336405,     -5.26748809], [  -11.86418641,  -88.59831741,   31.29167453,   25.81313896,     -0.89110594,   30.82777415,   75.60427334,   35.73586097,     12.04768447,   81.76540508,  197.16173598,  113.04588935,    -16.89902825], [  181.28233747, -150.40522409,   -8.13870132,   44.66200801,     51.30925521,   25.86181495,   82.0829279 ,   81.79510448,     -1.26893204,    9.04336405,  113.04588935,  222.3219387 ,     59.97985602], [ -201.60231101,  -23.65621298,   90.42275441,    3.18444599,     48.94803018,   25.86442009,   23.33975021,   69.75546207,     67.26873514,   -5.26748809,  -16.89902825,   59.97985602,    221.06085503]]
/root/sim/music/1~100/43_orchestral_mission.mp3; [-618.2096   , 186.03882  ,  -2.1888676,  24.82052  ,   2.8028998,    9.472948 ,   3.0928764,   7.9725003,  -2.1932445,   4.023956 ,    2.858582 ,   2.7381325,   1.087085 ]; [[11212.50925372, -363.26557917, -888.13474905,  -19.98587384,   -203.41126509,  259.17094241,   29.82567028,  132.70059715,     16.0998034 ,  178.76470042,  265.07641885,  203.43389277,    115.7638488 ], [ -363.26557917, 1242.25644763,  -82.71870547,    8.7813192 ,     56.23614951,  -19.64498404,   -2.90801514,    8.92865807,     39.36793093,   60.19525703,   13.87582059,   36.35128237,     25.99306132], [ -888.13474905,  -82.71870547,  523.07929593,  107.59014031,    174.2806254 ,   88.4041673 ,   41.71258956,   43.94529661,     99.20517044,   24.06172114,   11.87580884,   31.16208979,     13.0972853 ], [  -19.98587384,    8.7813192 ,  107.59014031,  170.7682806 ,     95.68521971,   58.65418277,   19.63200014,   36.22862987,     42.47676929,   28.89575421,   23.08601702,   24.68655725,     22.71431693], [ -203.41126509,   56.23614951,  174.2806254 ,   95.68521971,    165.68417153,   88.43555214,   33.20126487,   39.16985823,     62.88306542,   35.75630939,   24.4106867 ,   33.2605666 ,     24.47446565], [  259.17094241,  -19.64498404,   88.4041673 ,   58.65418277,     88.43555214,  136.5279254 ,   48.82290328,   40.3475351 ,     42.20939328,   29.68269126,   30.27218523,   41.87943015,     30.14362052], [   29.82567028,   -2.90801514,   41.71258956,   19.63200014,     33.20126487,   48.82290328,   72.70681764,   38.39223112,     20.66430446,   11.92587774,   15.42204773,   19.53897622,     14.00022663], [  132.70059715,    8.92865807,   43.94529661,   36.22862987,     39.16985823,   40.3475351 ,   38.39223112,   79.7629846 ,     40.97583315,   18.53907221,   16.78778397,   16.3787703 ,     16.61781777], [   16.0998034 ,   39.36793093,   99.20517044,   42.47676929,     62.88306542,   42.20939328,   20.66430446,   40.97583315,     89.81483098,   46.22838259,   18.18487905,   26.11585596,     16.81679401], [  178.76470042,   60.19525703,   24.06172114,   28.89575421,     35.75630939,   29.68269126,   11.92587774,   18.53907221,     46.22838259,   70.91153474,   38.57691182,   23.4736977 ,     16.61997895], [  265.07641885,   13.87582059,   11.87580884,   23.08601702,     24.4106867 ,   30.27218523,   15.42204773,   16.78778397,     18.18487905,   38.57691182,   68.38550591,   37.64723283,     12.70870946], [  203.43389277,   36.35128237,   31.16208979,   24.68655725,     33.2605666 ,   41.87943015,   19.53897622,   16.3787703 ,     26.11585596,   23.4736977 ,   37.64723283,   78.22060294,     40.27564997], [  115.7638488 ,   25.99306132,   13.0972853 ,   22.71431693,     24.47446565,   30.14362052,   14.00022663,   16.61781777,     16.81679401,   16.61997895,   12.70870946,   40.27564997,     67.61210538]]
/root/sim/music/1~100/5_かえるのピアノ.mp3; [-770.2763   , 191.51732  , -69.10344  ,   3.1219103, -28.684782 ,  -19.23776  , -22.387363 , -12.407491 ,  -7.4025593,  -9.462091 ,  -11.319519 ,  -8.319569 ,  -6.1347113]; [[23885.84727527, 4863.22018852,-2396.60474943, 1728.56769294,   -244.76232969,  633.45040092, -419.35435802,  -41.25154171,   -337.03903939, -273.27569149,  -81.52652138, -211.4980545 ,   -368.99371605], [ 4863.22018852, 2202.56903778, -784.58988792,  465.03257725,     48.847097  ,  -23.78217951, -192.89523539, -261.59657198,   -260.84061218, -238.44867308,  -51.79631728,   10.81803714,    -25.01321813], [-2396.60474943, -784.58988792,  748.33412689, -145.97959742,     90.79315507,  -11.91086793,   24.5620293 ,   17.64736062,    -49.11756423,  -49.22389532,   15.93058646,   12.78076997,     24.08373305], [ 1728.56769294,  465.03257725, -145.97959742,  484.61341355,    110.3925053 ,  129.05966622,  -80.23294604, -137.37388549,   -200.10865891, -148.53537833,   -9.51914133,   86.53912667,     42.40105327], [ -244.76232969,   48.847097  ,   90.79315507,  110.3925053 ,    267.86701795,   74.50277377,   33.85261485, -116.91587713,   -149.87691575,  -92.96420304,  -85.60896643,   21.83066445,     29.99044741], [  633.45040092,  -23.78217951,  -11.91086793,  129.05966622,     74.50277377,  252.02714205,  126.4677677 ,   70.41598242,     16.50183793,  -20.17840605,  -97.48672967, -101.38386332,    -56.84584258], [ -419.35435802, -192.89523539,   24.5620293 ,  -80.23294604,     33.85261485,  126.4677677 ,  276.20981939,  159.78660804,    146.97923624,   98.59277324,  -52.41105732,  -85.05680775,    -51.65551965], [  -41.25154171, -261.59657198,   17.64736062, -137.37388549,   -116.91587713,   70.41598242,  159.78660804,  312.01118214,    243.86833471,  156.36775595,   28.28088828, -122.39772319,    -87.25700813], [ -337.03903939, -260.84061218,  -49.11756423, -200.10865891,   -149.87691575,   16.50183793,  146.97923624,  243.86833471,    383.804574  ,  248.40873445,   47.37748598,  -83.02237726,    -58.13325333], [ -273.27569149, -238.44867308,  -49.22389532, -148.53537833,    -92.96420304,  -20.17840605,   98.59277324,  156.36775595,    248.40873445,  343.17888311,  127.57530067,  -38.25440466,    -31.08186761], [  -81.52652138,  -51.79631728,   15.93058646,   -9.51914133,    -85.60896643,  -97.48672967,  -52.41105732,   28.28088828,     47.37748598,  127.57530067,  237.16154387,  136.52268494,     28.16122933], [ -211.4980545 ,   10.81803714,   12.78076997,   86.53912667,     21.83066445, -101.38386332,  -85.05680775, -122.39772319,    -83.02237726,  -38.25440466,  136.52268494,  301.55322568,    148.28760636], [ -368.99371605,  -25.01321813,   24.08373305,   42.40105327,     29.99044741,  -56.84584258,  -51.65551965,  -87.25700813,    -58.13325333,  -31.08186761,   28.16122933,  148.28760636,    175.21994973]]
/root/sim/music/1~100/75_Will_you_still_cry.mp3; [-483.66827   ,  76.511024  , -15.795572  ,  30.146318  ,   0.4213465 ,    6.399659  ,   4.9773946 ,   4.07741   ,   0.54381067,   0.5188712 ,   -4.93648   ,  -1.3082885 ,  -2.1312468 ]; [[2231.85869871,-579.94176626,  84.33935696, 203.81118818,  91.91572873,    68.38987009,  89.70950077,  79.08250686,  42.14757953,  48.74284274,    17.77739972,   2.30255649,  18.70579606], [-579.94176626, 673.52321368, -71.73605844,-112.33317319, -72.14407645,   -52.41000917, -51.80906328, -31.79963905,  17.53521197,   9.80969322,     0.58786687,  -0.50756233,  -6.90728596], [  84.33935696, -71.73605844, 262.2821223 ,  29.08467689,  32.82265413,    16.40090297,  -0.41492497,  27.16455888,  18.39874715,   6.80550222,    34.84278737,  35.74194441,  20.15141344], [ 203.81118818,-112.33317319,  29.08467689, 208.81550739,  77.61571851,    51.2971018 ,  43.80915579,  21.38511533,  12.4246438 ,  25.16173349,    13.57854101,  21.23938542,  13.49901658], [  91.91572873, -72.14407645,  32.82265413,  77.61571851, 128.13314267,    67.04715685,  43.59504102,  12.27864878,   7.1279373 ,  14.59848685,    15.92476537,  31.77139333,  27.46509307], [  68.38987009, -52.41000917,  16.40090297,  51.2971018 ,  67.04715685,   107.62725674,  44.55233875,   6.57118618,  -7.15769177,   9.98747314,    14.91868781,  14.05594714,   5.77341215], [  89.70950077, -51.80906328,  -0.41492497,  43.80915579,  43.59504102,    44.55233875,  94.01645443,  41.84226557,   9.4139083 ,  10.4096377 ,    13.99121658,  16.12154736,  11.45979886], [  79.08250686, -31.79963905,  27.16455888,  21.38511533,  12.27864878,     6.57118618,  41.84226557,  88.95390513,  39.79850383,   9.65299227,    -7.52889405,   3.57706717,  16.65543452], [  42.14757953,  17.53521197,  18.39874715,  12.4246438 ,   7.1279373 ,    -7.15769177,   9.4139083 ,  39.79850383,  83.66441947,  31.62342059,    -6.08913485,  -7.69100306,  11.94259608], [  48.74284274,   9.80969322,   6.80550222,  25.16173349,  14.59848685,     9.98747314,  10.4096377 ,   9.65299227,  31.62342059, 101.75988845,    42.35626609, -13.98378704, -11.70996145], [  17.77739972,   0.58786687,  34.84278737,  13.57854101,  15.92476537,    14.91868781,  13.99121658,  -7.52889405,  -6.08913485,  42.35626609,   110.28437451,  50.16339156, -11.20809388], [   2.30255649,  -0.50756233,  35.74194441,  21.23938542,  31.77139333,    14.05594714,  16.12154736,   3.57706717,  -7.69100306, -13.98378704,    50.16339156, 132.61782977,  49.24834455], [  18.70579606,  -6.90728596,  20.15141344,  13.49901658,  27.46509307,     5.77341215,  11.45979886,  16.65543452,  11.94259608, -11.70996145,   -11.20809388,  49.24834455, 101.54308009]]
/root/sim/music/1~100/51_極東の羊、テレキャスターと踊る.mp3; [-561.6287    ,  98.146515  ,  -0.46124458,  35.580254  ,   5.3778005 ,   13.264308  ,   5.844811  ,   8.082762  ,   8.333952  ,   6.8167834 ,   -1.5770364 ,  -3.4245882 ,  -2.4183407 ]; [[11105.59649283,  840.50621772,   -0.47412013,  366.86793024,    260.4299595 ,   34.79388843,  -39.16364287, -109.48662578,    -46.10881951,  -21.48603611, -140.13557833,  -56.05829251,    150.17577366], [  840.50621772, 1526.80007468, -201.84543211,  329.04687932,    119.60771464,   77.70978453,  145.39146949,   58.56385115,     95.16875594,   84.41287456,   23.34769007,   32.33692307,     39.06605487], [   -0.47412013, -201.84543211,  508.34826405,   88.33130569,    123.03630699,   40.95477852,   78.55680038,  103.39530205,     32.76493059,   -1.76176244,   23.4402469 ,  -25.69910716,      0.3061929 ], [  366.86793024,  329.04687932,   88.33130569,  384.35201087,    151.30362115,   74.28196666,   41.32014771,   52.79407683,     66.01882622,   39.6555689 ,    4.25182959,   24.01448937,     29.72192261], [  260.4299595 ,  119.60771464,  123.03630699,  151.30362115,    231.17039984,   99.54618971,   58.00629545,   32.90475615,     44.92276373,   48.36576949,   27.07532081,    9.08502133,      6.93227887], [   34.79388843,   77.70978453,   40.95477852,   74.28196666,     99.54618971,  201.46813504,   97.44910614,   37.90339704,      4.63405255,   27.80127012,   32.51510272,   35.45502251,     -3.62531075], [  -39.16364287,  145.39146949,   78.55680038,   41.32014771,     58.00629545,   97.44910614,  170.65447376,   86.95538544,     16.91408923,   21.57575368,   34.66935566,   19.87493629,      4.94973729], [ -109.48662578,   58.56385115,  103.39530205,   52.79407683,     32.90475615,   37.90339704,   86.95538544,  125.14530287,     54.70363029,    0.36572909,   -1.27155937,    5.47733879,     11.59332261], [  -46.10881951,   95.16875594,   32.76493059,   66.01882622,     44.92276373,    4.63405255,   16.91408923,   54.70363029,    113.73113364,   57.19988794,   -8.25192536,  -22.86496096,     -4.58489672], [  -21.48603611,   84.41287456,   -1.76176244,   39.6555689 ,     48.36576949,   27.80127012,   21.57575368,    0.36572909,     57.19988794,  124.2198942 ,   50.2822689 ,  -19.04225745,    -43.4087855 ], [ -140.13557833,   23.34769007,   23.4402469 ,    4.25182959,     27.07532081,   32.51510272,   34.66935566,   -1.27155937,     -8.25192536,   50.2822689 ,   96.35275182,   33.81185089,    -31.90935429], [  -56.05829251,   32.33692307,  -25.69910716,   24.01448937,      9.08502133,   35.45502251,   19.87493629,    5.47733879,    -22.86496096,  -19.04225745,   33.81185089,  110.0680993 ,     52.59492826], [  150.17577366,   39.06605487,    0.3061929 ,   29.72192261,      6.93227887,   -3.62531075,    4.94973729,   11.59332261,     -4.58489672,  -43.4087855 ,  -31.90935429,   52.59492826,    110.6298506 ]]
/root/sim/music/1~100/88_残滓念.mp3; [-832.00714  , 198.00923  ,   0.6540085,  49.779198 , -13.897515 ,  -12.052516 , -14.702325 , -22.436457 , -28.37057  , -22.417414 ,   -7.5628715,  -6.0883217,  -7.057074 ]; [[14996.88572943, -513.28015442,-3195.07110793, 1240.61784096,   -722.17871178,  166.34167808,  330.13326263,  932.19378807,    633.45499686,  620.00550623,  395.15637744,  133.74976005,    123.68600873], [ -513.28015442, 2364.30653799,  475.37233042, -369.82799334,    -55.66718356, -185.28452382,   22.96218159,  -22.03068645,     93.9023985 ,  110.39962619,  123.37806178,   26.70573983,    -23.56364606], [-3195.07110793,  475.37233042, 1356.71075368, -293.05464336,    170.7815195 , -109.51024606,  -24.16666848, -155.90532062,    -89.85037097,  -33.13173371,  -73.30826321,  -10.50251078,      7.23358956], [ 1240.61784096, -369.82799334, -293.05464336,  708.06856194,     10.8689689 ,    1.07452084,  118.36629404,  212.88279759,     54.91429454,  107.48381664,   63.71407432,   26.11885959,     53.69528995], [ -722.17871178,  -55.66718356,  170.7815195 ,   10.8689689 ,    277.58029107,  116.89382615,   42.3978541 ,  -49.17668446,    -54.97958493,  -27.65640504,  -28.3385388 ,  -19.21296614,     11.74583567], [  166.34167808, -185.28452382, -109.51024606,    1.07452084,    116.89382615,  332.33677456,   38.16339921,   -6.495488  ,     37.11305398,  -80.25940928,  -20.27877987,  -25.35504415,    -22.85895932], [  330.13326263,   22.96218159,  -24.16666848,  118.36629404,     42.3978541 ,   38.16339921,  253.7009217 ,  136.6886905 ,    -44.87188513,   75.87208257,    3.8327075 ,  -24.19656612,    -15.39812871], [  932.19378807,  -22.03068645, -155.90532062,  212.88279759,    -49.17668446,   -6.495488  ,  136.6886905 ,  292.39486548,    191.21639304,  124.24803551,   19.5255131 ,  -47.93857989,     -7.77892827], [  633.45499686,   93.9023985 ,  -89.85037097,   54.91429454,    -54.97958493,   37.11305398,  -44.87188513,  191.21639304,    387.79701437,   98.79895217,   52.03809141,  -24.63402551,     -0.7374642 ], [  620.00550623,  110.39962619,  -33.13173371,  107.48381664,    -27.65640504,  -80.25940928,   75.87208257,  124.24803551,     98.79895217,  267.67835613,  127.6714029 ,   54.82768337,     41.76985824], [  395.15637744,  123.37806178,  -73.30826321,   63.71407432,    -28.3385388 ,  -20.27877987,    3.8327075 ,   19.5255131 ,     52.03809141,  127.6714029 ,  277.75159864,  202.90688015,     52.43869717], [  133.74976005,   26.70573983,  -10.50251078,   26.11885959,    -19.21296614,  -25.35504415,  -24.19656612,  -47.93857989,    -24.63402551,   54.82768337,  202.90688015,  251.8063399 ,     95.45408512], [  123.68600873,  -23.56364606,    7.23358956,   53.69528995,     11.74583567,  -22.85895932,  -15.39812871,   -7.77892827,     -0.7374642 ,   41.76985824,   52.43869717,   95.45408512,    120.94848125]]
