/root/sim/music/out/The Jesus And Mary Chain/Darklands/06 April Skies.mp3; [-620.6951   , 109.78197  , -18.470943 ,  58.212017 ,  19.070366 ,   -4.4066668,  -8.922797 ,   2.0178604,  -3.1366403,  -5.3860273,   -1.010813 ,   1.8060653,  -6.5742207]; [[10645.02407071, -908.36391174,-1450.56222542,   -9.5987543 ,   -195.32976346, -234.32528015, -400.56635577, -177.51650807,   -101.69480502,  -25.19029705,   30.4490009 ,   23.1853671 ,   -111.06802913], [ -908.36391174, 1153.62329981, -238.42711291,  193.25857129,     -1.99638527,  -59.69756982,   54.6949043 ,   25.57334535,      6.48151104,  -43.12079402,   -9.39603943,   16.07079923,      2.06143899], [-1450.56222542, -238.42711291, 1018.67475477, -106.65147725,    145.91680529,  122.59269078,   84.78804569,   38.30721665,     -7.12061021,   36.03572563,  -17.44484884,  -35.06166033,     40.33121013], [   -9.5987543 ,  193.25857129, -106.65147725,  236.05242877,     20.72608199,   19.98099587,  -11.26270249,    0.5426072 ,     10.48713247,  -23.85718832,  -11.00708922,    7.62290152,     -2.07267292], [ -195.32976346,   -1.99638527,  145.91680529,   20.72608199,    124.57739937,   18.60546116,   14.3869143 ,    0.33253208,      9.05777064,   11.06051403,   -7.4871263 ,   -3.70351482,      1.53205997], [ -234.32528015,  -59.69756982,  122.59269078,   19.98099587,     18.60546116,  112.86678551,   32.700363  ,    7.82299172,     -3.12382603,    6.52401315,   -1.30347209,   -7.51789115,      4.97292902], [ -400.56635577,   54.6949043 ,   84.78804569,  -11.26270249,     14.3869143 ,   32.700363  ,   94.94507451,   32.75323944,      6.726038  ,    0.38212379,    2.69735236,    1.75757931,      1.69318712], [ -177.51650807,   25.57334535,   38.30721665,    0.5426072 ,      0.33253208,    7.82299172,   32.75323944,   80.39579957,     28.85542823,   -5.5593457 ,    0.71487548,    1.94558978,     -2.27522331], [ -101.69480502,    6.48151104,   -7.12061021,   10.48713247,      9.05777064,   -3.12382603,    6.726038  ,   28.85542823,     68.87357959,   17.43288848,    3.24050256,    4.51442066,     -6.88616041], [  -25.19029705,  -43.12079402,   36.03572563,  -23.85718832,     11.06051403,    6.52401315,    0.38212379,   -5.5593457 ,     17.43288848,   67.56014125,   22.31693262,   -5.68388875,      5.28129325], [   30.4490009 ,   -9.39603943,  -17.44484884,  -11.00708922,     -7.4871263 ,   -1.30347209,    2.69735236,    0.71487548,      3.24050256,   22.31693262,   50.27967078,   19.57799173,     -2.93873732], [   23.1853671 ,   16.07079923,  -35.06166033,    7.62290152,     -3.70351482,   -7.51789115,    1.75757931,    1.94558978,      4.51442066,   -5.68388875,   19.57799173,   52.46260699,     12.85096952], [ -111.06802913,    2.06143899,   40.33121013,   -2.07267292,      1.53205997,    4.97292902,    1.69318712,   -2.27522331,     -6.88616041,    5.28129325,   -2.93873732,   12.85096952,     57.82633067]]
/root/sim/music/out/The Jesus And Mary Chain/Psychocandy/09 Never Understand.mp3; [-618.95996  ,  44.892216 , -20.885548 ,  84.7937   ,  15.941561 ,    6.251835 ,  -6.967856 ,   2.3327777,  -7.099893 ,  -5.3443294,   -6.5940967,  -3.5328224,  -5.0546784]; [[5773.74540268, 170.15205557, 135.98459067,-105.44265774, -44.09082471,   293.62369184, 232.64245685,  17.10289237,-158.74128892,  77.7305414 ,  -109.82784427,-176.03462841, -98.69092178], [ 170.15205557, 269.08425366,  14.35918555,  50.34746095, -30.7835508 ,   -18.30627121, -19.16392957, -29.70336684, -18.54017797, -32.09865457,   -11.30707539,  32.89858425, -12.0606816 ], [ 135.98459067,  14.35918555, 297.29651686,  39.01422282,  35.99364315,   -39.77303121, -41.43989221, -42.47292273,  37.20608357,  -5.56804075,   -20.30220771,  18.47963833, -35.6595698 ], [-105.44265774,  50.34746095,  39.01422282, 213.51729232,  52.37002294,    -5.33251857, -43.1392857 ,  -0.39040877,  48.88905987,  -7.52638507,   -14.12695805,  21.04823924, -31.51284266], [ -44.09082471, -30.7835508 ,  35.99364315,  52.37002294,  92.0156741 ,    47.11049612,  28.15434486,   6.72352173,  25.18268414,   5.56137572,    -6.16238831,  -9.40097019, -16.00432209], [ 293.62369184, -18.30627121, -39.77303121,  -5.33251857,  47.11049612,   146.41877473, 117.84634927,  49.09472903,  -0.85627109,  13.18612953,   -10.33864868, -29.85573979, -16.83328268], [ 232.64245685, -19.16392957, -41.43989221, -43.1392857 ,  28.15434486,   117.84634927, 151.82855813,  60.43453142,  -4.49989544,  10.11319699,   -10.19865919, -33.94806676,  -4.75777088], [  17.10289237, -29.70336684, -42.47292273,  -0.39040877,   6.72352173,    49.09472903,  60.43453142,  83.39998747,  22.03961683,   0.0024319 ,     2.27609361,  -6.05077942,   0.24432989], [-158.74128892, -18.54017797,  37.20608357,  48.88905987,  25.18268414,    -0.85627109,  -4.49989544,  22.03961683,  67.28387378,  18.72655127,     4.31684951,   8.82193775, -17.51061759], [  77.7305414 , -32.09865457,  -5.56804075,  -7.52638507,   5.56137572,    13.18612953,  10.11319699,   0.0024319 ,  18.72655127,  74.22894963,    18.59519235, -20.74358765,   4.07558551], [-109.82784427, -11.30707539, -20.30220771, -14.12695805,  -6.16238831,   -10.33864868, -10.19865919,   2.27609361,   4.31684951,  18.59519235,    47.27260853,  20.73840312,  13.68605721], [-176.03462841,  32.89858425,  18.47963833,  21.04823924,  -9.40097019,   -29.85573979, -33.94806676,  -6.05077942,   8.82193775, -20.74358765,    20.73840312,  67.24907175,  10.3397915 ], [ -98.69092178, -12.0606816 , -35.6595698 , -31.51284266, -16.00432209,   -16.83328268,  -4.75777088,   0.24432989, -17.51061759,   4.07558551,    13.68605721,  10.3397915 ,  57.707208  ]]
/root/sim/music/out/The Jesus And Mary Chain/Psychocandy/06 In A Hole.mp3; [-559.7344   ,  22.371223 , -17.71039  ,  43.50857  ,  26.60733  ,   11.656262 ,   3.5670395,  13.079757 ,   6.33975  ,   4.7100472,    1.0785444,  -2.821306 ,  -1.5810889]; [[4526.07863154,-289.04188638,-564.66029678, -75.88933503,-245.81133164,  -291.47630015,  27.03088404,   8.15650042, -82.87673032, -10.42083623,     7.2477524 , 109.1190928 , -16.07444198], [-289.04188638, 269.08704059,  83.84701676, -16.75241726, -26.88430825,   -47.17517414,  -8.24866117,  -5.48892783, -20.93101061, -13.26462408,     2.07602957,  16.92717515,  11.57900037], [-564.66029678,  83.84701676, 258.46274718,  79.9154004 , 101.76128239,    53.53072536, -55.35974037, -22.33153134,  -5.91388303,   7.45858578,    -5.69513101, -17.67225143,   3.84130697], [ -75.88933503, -16.75241726,  79.9154004 , 122.68233379,  71.0075154 ,    24.58663275, -29.07340852, -27.14585298,  -2.98359337,   0.46666372,     2.00791076,  -8.7636283 ,  -3.54791559], [-245.81133164, -26.88430825, 101.76128239,  71.0075154 , 130.07734831,    67.91770734, -25.42821822, -10.47593658,   4.47603728,   7.07148604,    -4.20837814, -22.33586574,  -2.2737651 ], [-291.47630015, -47.17517414,  53.53072536,  24.58663275,  67.91770734,   112.94011091,  18.45694867,   6.26922345,  17.32464259,   8.3540186 ,     0.51283876, -24.19978655,  -7.29712628], [  27.03088404,  -8.24866117, -55.35974037, -29.07340852, -25.42821822,    18.45694867,  85.0882693 ,  36.10747773,  -5.33714648,  -1.56720902,    -1.78346696,  10.56403932, -20.66113124], [   8.15650042,  -5.48892783, -22.33153134, -27.14585298, -10.47593658,     6.26922345,  36.10747773,  62.55113735,  26.27449852,   1.77755212,   -18.32237814,  -8.87145206,  -1.43629209], [ -82.87673032, -20.93101061,  -5.91388303,  -2.98359337,   4.47603728,    17.32464259,  -5.33714648,  26.27449852,  59.79899073,  15.80039202,    -7.82085027, -24.67585786,  13.35455058], [ -10.42083623, -13.26462408,   7.45858578,   0.46666372,   7.07148604,     8.3540186 ,  -1.56720902,   1.77755212,  15.80039202,  35.38275804,    16.21001601,   0.29447318,  -3.11070489], [   7.2477524 ,   2.07602957,  -5.69513101,   2.00791076,  -4.20837814,     0.51283876,  -1.78346696, -18.32237814,  -7.82085027,  16.21001601,    44.56744881,  22.7029244 ,  -1.37434201], [ 109.1190928 ,  16.92717515, -17.67225143,  -8.7636283 , -22.33586574,   -24.19978655,  10.56403932,  -8.87145206, -24.67585786,   0.29447318,    22.7029244 ,  50.37653512,   3.19412696], [ -16.07444198,  11.57900037,   3.84130697,  -3.54791559,  -2.2737651 ,    -7.29712628, -20.66113124,  -1.43629209,  13.35455058,  -3.11070489,    -1.37434201,   3.19412696,  48.42588136]]
/root/sim/music/out/The Jesus And Mary Chain/Psychocandy/05 Cut Dead.mp3; [-684.0176   ,  98.1262   ,  16.731253 ,  48.879787 ,  15.001096 ,   22.844524 ,  10.429441 ,  11.865057 ,   4.466975 ,   3.100495 ,   -9.672433 ,  -6.0365467,  -1.17881  ]; [[8630.48695743,-469.99150161,-464.63363641,-225.43726105,-345.39906272,   -53.68381415,-241.76316112, -21.60524589, -28.52268062, -19.15529895,  -101.12959751, -86.5436227 ,  -0.12500536], [-469.99150161, 770.97699542,-254.53578763, 121.59741819, -76.24223676,     9.91359431,  41.49753625,  11.46334361, -29.14628868,  26.29618678,   -39.55563774,  28.04007459,  -1.16771468], [-464.63363641,-254.53578763, 360.79392892, -66.03666678,  73.34742852,    -1.55874108,  -8.81127108, -25.74151707,   6.06289487,  -4.181182  ,    25.18668743,  -9.24590199,   3.01646068], [-225.43726105, 121.59741819, -66.03666678, 225.40704018,   9.90858464,     1.52928582,   8.76639923,  10.6302009 ,  10.2287926 ,   1.30698054,   -25.63812814,   5.77970552,   0.59425319], [-345.39906272, -76.24223676,  73.34742852,   9.90858464, 145.49680723,    -4.6055983 ,  -9.15724559,   5.73609334,   8.8812217 , -13.27649223,     5.90072082,  -9.65109289,  18.34356989], [ -53.68381415,   9.91359431,  -1.55874108,   1.52928582,  -4.6055983 ,    90.1092102 ,  40.3021883 ,   5.47859678,   3.81373897,  12.65509907,    14.86335719,   9.78155758, -12.48476443], [-241.76316112,  41.49753625,  -8.81127108,   8.76639923,  -9.15724559,    40.3021883 , 177.43125995,  41.94584761,  -2.54189543,  24.16438744,     7.9690715 ,  17.51607066,  -7.8664807 ], [ -21.60524589,  11.46334361, -25.74151707,  10.6302009 ,   5.73609334,     5.47859678,  41.94584761,  92.23013654,  26.57407135,  -4.33738249,    -5.91323712,  -5.96032914,   4.08168557], [ -28.52268062, -29.14628868,   6.06289487,  10.2287926 ,   8.8812217 ,     3.81373897,  -2.54189543,  26.57407135,  86.03015479,  11.51511362,   -17.37535552,  -6.7807619 ,  -1.65907902], [ -19.15529895,  26.29618678,  -4.181182  ,   1.30698054, -13.27649223,    12.65509907,  24.16438744,  -4.33738249,  11.51511362,  83.69272518,    16.07762201,   1.1914797 ,  -5.69684665], [-101.12959751, -39.55563774,  25.18668743, -25.63812814,   5.90072082,    14.86335719,   7.9690715 ,  -5.91323712, -17.37535552,  16.07762201,    86.43507445,  19.08486511, -11.4238179 ], [ -86.5436227 ,  28.04007459,  -9.24590199,   5.77970552,  -9.65109289,     9.78155758,  17.51607066,  -5.96032914,  -6.7807619 ,   1.1914797 ,    19.08486511,  60.61455097,   6.22666981], [  -0.12500536,  -1.16771468,   3.01646068,   0.59425319,  18.34356989,   -12.48476443,  -7.8664807 ,   4.08168557,  -1.65907902,  -5.69684665,   -11.4238179 ,   6.22666981,  57.58992286]]
/root/sim/music/out/The Jesus And Mary Chain/Psychocandy/13 You Trip Me Up.mp3; [-614.23773  ,  50.848236 , -39.94219  ,  26.445326 ,  24.494137 ,   21.313639 ,  -6.5147195,  -5.6243787,  -1.7174734,  -1.5410022,   11.812827 ,   3.9540102, -14.943266 ]; [[18087.6590433 ,-1701.53283972,-1034.45946109,  523.17099548,   -344.87906463,   44.15473754, -196.07393248, -184.76623256,   -431.33780945, -252.6070472 ,  214.12155428,  178.92013563,   -104.44246032], [-1701.53283972,  993.12471728,  234.65211611, -153.55495036,     -2.13061741,   24.18297737,   10.37548692,  -43.72806492,     22.10356391,   53.90670655,   -6.93511673,  -55.72281544,    -30.90583078], [-1034.45946109,  234.65211611,  542.98914516,   -8.21526728,     22.89226545,   14.21046983,   56.78586282,   15.56322207,     -5.39144835,  -13.25926093,  -33.50782967,  -28.15302326,     14.08453673], [  523.17099548, -153.55495036,   -8.21526728,  143.24793723,      8.07013535,   28.6939569 ,   21.50082093,    3.61197347,    -26.11296472,  -28.48060679,   -9.56645629,    7.80369275,     18.55830126], [ -344.87906463,   -2.13061741,   22.89226545,    8.07013535,    116.89629487,   50.54558134,    7.52508076,    7.04149207,     12.36735488,   -7.00685793,   -0.81658961,   -3.97148012,     -6.4151107 ], [   44.15473754,   24.18297737,   14.21046983,   28.6939569 ,     50.54558134,  103.18398398,   32.88400387,    2.10350266,      1.1001293 ,   -4.22497372,    3.33005027,   -4.71206734,     -6.3047835 ], [ -196.07393248,   10.37548692,   56.78586282,   21.50082093,      7.52508076,   32.88400387,   82.9206248 ,   32.78035812,      6.62446505,    5.95224202,   -7.0726858 ,  -12.01719821,     -1.89011714], [ -184.76623256,  -43.72806492,   15.56322207,    3.61197347,      7.04149207,    2.10350266,   32.78035812,   73.04404888,     38.28945176,    5.01525528,    0.14714349,    4.38542751,     -5.98038992], [ -431.33780945,   22.10356391,   -5.39144835,  -26.11296472,     12.36735488,    1.1001293 ,    6.62446505,   38.28945176,     74.6524023 ,   31.17135953,   -0.80504669,    4.38187843,     -4.70909357], [ -252.6070472 ,   53.90670655,  -13.25926093,  -28.48060679,     -7.00685793,   -4.22497372,    5.95224202,    5.01525528,     31.17135953,   58.31819724,   14.55241564,   -4.66241582,      3.87958929], [  214.12155428,   -6.93511673,  -33.50782967,   -9.56645629,     -0.81658961,    3.33005027,   -7.0726858 ,    0.14714349,     -0.80504669,   14.55241564,   54.93542374,   21.43819673,     -6.63405942], [  178.92013563,  -55.72281544,  -28.15302326,    7.80369275,     -3.97148012,   -4.71206734,  -12.01719821,    4.38542751,      4.38187843,   -4.66241582,   21.43819673,   54.99401437,     16.6919747 ], [ -104.44246032,  -30.90583078,   14.08453673,   18.55830126,     -6.4151107 ,   -6.3047835 ,   -1.89011714,   -5.98038992,     -4.70909357,    3.87958929,   -6.63405942,   16.6919747 ,     58.10104679]]
/root/sim/music/out/The Jesus And Mary Chain/Psychocandy/15 It's So Hard.mp3; [-614.2676    ,  32.33842   , -39.72758   ,  51.382336  ,  18.93191   ,   -1.3264399 , -10.186634  ,  16.020395  ,  -2.0106723 ,  -1.5065571 ,   -5.073617  ,  -3.9786592 ,   0.48104152]; [[14243.65613277,  334.73826563,  109.44239102, -307.53277873,   -484.90964612, -473.84858819, -108.61298052,   53.06676248,   -240.65232457, -336.80880824, -300.4306619 , -118.83527311,   -175.28626504], [  334.73826563,  487.6501719 ,   17.95596164,  -69.76960367,    -97.78845331,  -23.4942946 ,   35.14478801,   28.61229243,    -38.64443613,  -24.50122711,    9.98267053,   -6.87717414,     -6.44065934], [  109.44239102,   17.95596164,  947.24472374,   15.23603269,     84.82326283,   54.44843471,  119.94548443, -143.49924087,      0.99868278,  -40.88732668,   19.990333  ,   33.82509307,    -80.25971629], [ -307.53277873,  -69.76960367,   15.23603269,  331.97628266,    115.5936916 ,   12.96443666,  -85.42899676,  -22.0021462 ,      4.43545006,   42.4878013 ,   18.18270586,    4.71806791,     20.05447241], [ -484.90964612,  -97.78845331,   84.82326283,  115.5936916 ,    181.96160153,   42.09693776,   -5.89313804,  -37.1784495 ,     31.83461117,   25.39473911,   16.67650044,    0.96958537,     -3.46915923], [ -473.84858819,  -23.4942946 ,   54.44843471,   12.96443666,     42.09693776,  141.87137872,   78.5581451 ,   10.17837227,      3.95721249,   -1.48985805,    2.45014975,   -6.04075133,     -3.51988811], [ -108.61298052,   35.14478801,  119.94548443,  -85.42899676,     -5.89313804,   78.5581451 ,  150.67180061,   36.36558243,      5.30043221,  -34.54495307,   -3.32988564,    1.7942742 ,     -9.96275203], [   53.06676248,   28.61229243, -143.49924087,  -22.0021462 ,    -37.1784495 ,   10.17837227,   36.36558243,  113.44037525,     20.14370862,  -11.60567817,  -14.64673486,    1.05596715,     22.92836848], [ -240.65232457,  -38.64443613,    0.99868278,    4.43545006,     31.83461117,    3.95721249,    5.30043221,   20.14370862,     71.72243931,   27.50632073,    3.50487831,   -0.9198946 ,     10.5084746 ], [ -336.80880824,  -24.50122711,  -40.88732668,   42.4878013 ,     25.39473911,   -1.48985805,  -34.54495307,  -11.60567817,     27.50632073,   78.86470843,   33.17984352,    3.63323619,      5.07720311], [ -300.4306619 ,    9.98267053,   19.990333  ,   18.18270586,     16.67650044,    2.45014975,   -3.32988564,  -14.64673486,      3.50487831,   33.17984352,   65.02463633,   20.01836903,      2.6579464 ], [ -118.83527311,   -6.87717414,   33.82509307,    4.71806791,      0.96958537,   -6.04075133,    1.7942742 ,    1.05596715,     -0.9198946 ,    3.63323619,   20.01836903,   47.22948769,     21.31412408], [ -175.28626504,   -6.44065934,  -80.25971629,   20.05447241,     -3.46915923,   -3.51988811,   -9.96275203,   22.92836848,     10.5084746 ,    5.07720311,    2.6579464 ,   21.31412408,     60.73241157]]
/root/sim/music/out/The Jesus And Mary Chain/Psychocandy/02 The Living End.mp3; [-585.4833   ,  48.759853 , -21.80869  ,  60.422848 ,  16.290638 ,    7.4552135,  -1.4030734,   9.523068 ,   4.9532   ,   4.622638 ,   -1.4337398,   2.619381 ,  -2.248582 ]; [[12471.95489256, -617.27443678,-1022.67372868,  458.9661154 ,   -104.51987776,   -4.69333875, -143.43060357,  -58.04478647,    -89.5945081 ,  134.54007654,  128.14862632,  207.03667962,     34.8766028 ], [ -617.27443678,  290.83858952,   -0.79933615,  -30.8745107 ,    -35.99472988,  -25.57005181,  -27.69009169,  -13.55656794,     -3.12476348,    1.15525323,   -0.45249319,   -6.064551  ,      5.25989093], [-1022.67372868,   -0.79933615,  298.54385666,  -55.25919197,     46.73105327,  -11.66459273,   29.96163914,    3.06860813,      1.07320922,  -10.96915978,  -10.98405975,   -3.60615024,      3.51472866], [  458.9661154 ,  -30.8745107 ,  -55.25919197,  128.12163782,     23.74589305,   14.61784447,   -3.16666049,   16.30938642,     -1.04182768,   -6.149511  ,   -8.81589776,    4.99122796,      5.66857651], [ -104.51987776,  -35.99472988,   46.73105327,   23.74589305,     95.77186818,   29.63760176,   18.84202248,    0.13982413,     -1.3315011 ,   -3.58526371,   -5.93425914,    0.82126652,      2.3971835 ], [   -4.69333875,  -25.57005181,  -11.66459273,   14.61784447,     29.63760176,   59.7809788 ,   24.82485313,    7.31376886,     -0.07014854,    0.95079938,    0.98937642,    0.42306386,     -3.64750658], [ -143.43060357,  -27.69009169,   29.96163914,   -3.16666049,     18.84202248,   24.82485313,   50.27237163,   24.30337397,      4.41785826,   -1.98829175,   -1.06654881,   -0.27898113,     -2.23705042], [  -58.04478647,  -13.55656794,    3.06860813,   16.30938642,      0.13982413,    7.31376886,   24.30337397,   49.54562039,     18.65641454,    0.43814689,   -5.64149199,   -2.57183893,     -1.43990173], [  -89.5945081 ,   -3.12476348,    1.07320922,   -1.04182768,     -1.3315011 ,   -0.07014854,    4.41785826,   18.65641454,     40.34511757,   14.86526454,    2.14870514,   -3.14623517,     -2.55438187], [  134.54007654,    1.15525323,  -10.96915978,   -6.149511  ,     -3.58526371,    0.95079938,   -1.98829175,    0.43814689,     14.86526454,   40.60870348,   23.31866   ,    8.28610878,     -1.99416183], [  128.14862632,   -0.45249319,  -10.98405975,   -8.81589776,     -5.93425914,    0.98937642,   -1.06654881,   -5.64149199,      2.14870514,   23.31866   ,   44.05828672,   20.50804608,      6.66522671], [  207.03667962,   -6.064551  ,   -3.60615024,    4.99122796,      0.82126652,    0.42306386,   -0.27898113,   -2.57183893,     -3.14623517,    8.28610878,   20.50804608,   40.00543132,     19.40640114], [   34.8766028 ,    5.25989093,    3.51472866,    5.66857651,      2.3971835 ,   -3.64750658,   -2.23705042,   -1.43990173,     -2.55438187,   -1.99416183,    6.66522671,   19.40640114,     36.84489069]]
/root/sim/music/out/The Jesus And Mary Chain/Psychocandy/12 My Little Underground.mp3; [-601.8076    ,  66.07478   , -27.297974  ,  53.83346   ,  30.436508  ,   15.193936  , -12.426841  ,  -7.3329725 ,  -0.31786025,   7.965443  ,   -3.0169992 ,  -7.722664  ,  -3.3839703 ]; [[6550.93149093,-810.29654459,-118.26610398,-156.33908364, -72.93539049,   188.98833641, 170.41878416, 376.39027338, 317.90936197, 178.10955005,    96.17430967, 139.56077177, 147.10785285], [-810.29654459, 627.06541099,-176.1538851 ,  36.18903765,  66.49814569,  -103.75793538, -60.86266952, -58.48039345, -75.12417652,   2.39991949,    -7.62108524, -13.51977572, -17.22060898], [-118.26610398,-176.1538851 , 282.01301977,-120.14343526,   5.91327444,    43.72534057,  37.20212404,  42.76888938,  14.84701058,  -5.17215897,     3.87167211,   7.93425551,  -3.55737863], [-156.33908364,  36.18903765,-120.14343526, 207.14406572,  -3.13222708,     6.28365539, -30.35715628, -54.35012022, -23.13838777, -13.6608069 ,   -21.42127836, -26.08195904, -17.22528199], [ -72.93539049,  66.49814569,   5.91327444,  -3.13222708, 109.37387207,    -4.24992872, -13.64971172,  -6.36377326,  -0.26311298,   0.64292896,    -2.21847569, -11.43582763,  -5.4654462 ], [ 188.98833641,-103.75793538,  43.72534057,   6.28365539,  -4.24992872,    86.89743679,  32.32882933,  40.08539097,  18.70224175,   6.13718901,    -4.4756836 ,   6.76604741,   1.80664615], [ 170.41878416, -60.86266952,  37.20212404, -30.35715628, -13.64971172,    32.32882933,  81.13380584,  42.80486704,  29.31514912,   8.24686919,     8.2140201 ,  10.93055446,  10.12349932], [ 376.39027338, -58.48039345,  42.76888938, -54.35012022,  -6.36377326,    40.08539097,  42.80486704, 101.93577397,  44.67499209,  25.50431108,     9.97065979,  22.44655794,  14.94723937], [ 317.90936197, -75.12417652,  14.84701058, -23.13838777,  -0.26311298,    18.70224175,  29.31514912,  44.67499209,  71.06736688,  25.53584871,    15.51201103,  11.32895803,   8.42775819], [ 178.10955005,   2.39991949,  -5.17215897, -13.6608069 ,   0.64292896,     6.13718901,   8.24686919,  25.50431108,  25.53584871,  45.40135227,    15.65838005,  12.95320418,   4.12710468], [  96.17430967,  -7.62108524,   3.87167211, -21.42127836,  -2.21847569,    -4.4756836 ,   8.2140201 ,   9.97065979,  15.51201103,  15.65838005,    44.85456539,  12.90872986,   6.79545987], [ 139.56077177, -13.51977572,   7.93425551, -26.08195904, -11.43582763,     6.76604741,  10.93055446,  22.44655794,  11.32895803,  12.95320418,    12.90872986,  44.66567033,  14.29269668], [ 147.10785285, -17.22060898,  -3.55737863, -17.22528199,  -5.4654462 ,     1.80664615,  10.12349932,  14.94723937,   8.42775819,   4.12710468,     6.79545987,  14.29269668,  40.83652142]]
/root/sim/music/out/The Jesus And Mary Chain/Psychocandy/08 Some Candy Talking.mp3; [-654.35675   ,  92.33651   ,  10.156863  ,  34.995815  ,  11.490002  ,    3.7095704 ,  -2.5894384 ,  -0.02100128,  -3.6057835 ,   2.104855  ,    1.034872  ,  -0.9748322 ,  -3.7402787 ]; [[14417.8952623 ,-1042.85238639,-1023.70831587,  144.56337735,   -301.4167007 , -186.00556654,   37.86505709, -117.84430807,     87.77338438,  -19.6047765 , -139.99575993,   34.99092751,    -44.1290952 ], [-1042.85238639, 1303.04445379,  123.94765647,   49.87529916,    113.99343365,  -26.17346275,  -17.14402293,   54.55750563,    -80.96608147,   57.03940397,   55.84491998,  -37.46791721,     16.37485949], [-1023.70831587,  123.94765647,  719.60573966,    3.36712181,    111.69723217,   66.00702547,  -32.4406823 ,    5.86207045,    -14.13904538,  -13.23768286,   41.92765177,  -26.81656144,     -9.24855674], [  144.56337735,   49.87529916,    3.36712181,  244.39938888,      3.94636706,   43.13485594,    5.37506553,   -3.43381874,      9.69407243,    1.80597771,  -21.81327691,   14.60690497,     -1.01972408], [ -301.4167007 ,  113.99343365,  111.69723217,    3.94636706,    171.3972614 ,    6.35604906,   -8.55516104,    6.47243584,    -32.1885937 ,   11.22052229,   19.14759673,  -22.27148451,     12.79886086], [ -186.00556654,  -26.17346275,   66.00702547,   43.13485594,      6.35604906,  144.78998947,   10.89846192,    4.28295229,     28.05713683,   -4.20502689,   -5.64629971,   20.16070599,    -15.68126955], [   37.86505709,  -17.14402293,  -32.4406823 ,    5.37506553,     -8.55516104,   10.89846192,   88.61559567,   19.7037931 ,     16.81849637,    6.37380084,   -3.9973244 ,    2.02370307,      0.33783531], [ -117.84430807,   54.55750563,    5.86207045,   -3.43381874,      6.47243584,    4.28295229,   19.7037931 ,   79.35834689,     18.35290886,    6.56043818,    4.65072084,   -4.28390822,     -2.66120527], [   87.77338438,  -80.96608147,  -14.13904538,    9.69407243,    -32.1885937 ,   28.05713683,   16.81849637,   18.35290886,     85.10758884,   16.35242006,   -8.98232283,   11.25749784,    -15.00905718], [  -19.6047765 ,   57.03940397,  -13.23768286,    1.80597771,     11.22052229,   -4.20502689,    6.37380084,    6.56043818,     16.35242006,   65.1191016 ,   22.82701404,   -0.19506725,      0.5618588 ], [ -139.99575993,   55.84491998,   41.92765177,  -21.81327691,     19.14759673,   -5.64629971,   -3.9973244 ,    4.65072084,     -8.98232283,   22.82701404,   67.67294956,   19.54713976,      5.79027478], [   34.99092751,  -37.46791721,  -26.81656144,   14.60690497,    -22.27148451,   20.16070599,    2.02370307,   -4.28390822,     11.25749784,   -0.19506725,   19.54713976,   65.20422925,     13.45355003], [  -44.1290952 ,   16.37485949,   -9.24855674,   -1.01972408,     12.79886086,  -15.68126955,    0.33783531,   -2.66120527,    -15.00905718,    0.5618588 ,    5.79027478,   13.45355003,     50.33503764]]
/root/sim/music/out/The Jesus And Mary Chain/Psychocandy/10 Inside Me.mp3; [-591.85815   ,  41.824577  , -10.0975065 ,  46.23305   ,  21.588387  ,    8.294351  , -12.786384  ,  -0.54392934,  -3.2361815 ,   3.18638   ,   -6.4474745 ,  -2.9921699 ,  -9.254737  ]; [[7940.50263153,-455.69189341,-662.61980733,-360.91424664,  96.46075294,   240.48571241, -81.5973401 ,-269.04741378, -44.94656453,  56.70703314,  -129.36166729, -44.78962268, -17.2463497 ], [-455.69189341, 653.78061794, 160.32597171, -64.78424398, -26.23962864,    23.23392863, -22.26632791,   1.8397834 ,   2.74997201,  16.87715684,    45.93043195, -10.73733225,  -3.72756537], [-662.61980733, 160.32597171, 720.60849795,-112.94787962,  93.28512014,    22.57125925,   5.98029303,   7.72633248, -21.81374452,  -3.21588177,    -2.49512881, -12.31114294, -40.22529704], [-360.91424664, -64.78424398,-112.94787962, 258.64487387,  14.42492709,   -34.45953923, -16.57467847,  36.64061151,  20.35676778,  -5.17740719,   -24.32119334, -15.6673634 ,   4.79066149], [  96.46075294, -26.23962864,  93.28512014,  14.42492709, 132.90373136,    34.08233382, -15.82879621,  -4.05402963,  -2.24585436,   2.6394216 ,    -5.99950142, -15.08687329, -12.90423254], [ 240.48571241,  23.23392863,  22.57125925, -34.45953923,  34.08233382,   119.06545008,   5.83372586, -30.21627105,   4.12215208,  11.24079883,    -3.09156085, -21.00313008,  -8.99798838], [ -81.5973401 , -22.26632791,   5.98029303, -16.57467847, -15.82879621,     5.83372586,  74.36878575,  17.99051553,  -4.38716324,  -7.08727174,     9.90266034,   8.13021757,  -0.43340569], [-269.04741378,   1.8397834 ,   7.72633248,  36.64061151,  -4.05402963,   -30.21627105,  17.99051553,  86.99949089,  18.34893386,  -7.94652069,    -3.5865848 ,   8.43023195,   0.05449435], [ -44.94656453,   2.74997201, -21.81374452,  20.35676778,  -2.24585436,     4.12215208,  -4.38716324,  18.34893386,  53.82297766,  13.19709897,    -6.22076763,  -9.85132984,   1.42844852], [  56.70703314,  16.87715684,  -3.21588177,  -5.17740719,   2.6394216 ,    11.24079883,  -7.08727174,  -7.94652069,  13.19709897,  51.88246224,    13.65050526,  -5.1611568 ,  -7.56299153], [-129.36166729,  45.93043195,  -2.49512881, -24.32119334,  -5.99950142,    -3.09156085,   9.90266034,  -3.5865848 ,  -6.22076763,  13.65050526,    59.95920346,  13.96063193,  -3.55218528], [ -44.78962268, -10.73733225, -12.31114294, -15.6673634 , -15.08687329,   -21.00313008,   8.13021757,   8.43023195,  -9.85132984,  -5.1611568 ,    13.96063193,  55.86103534,  22.4369583 ], [ -17.2463497 ,  -3.72756537, -40.22529704,   4.79066149, -12.90423254,    -8.99798838,  -0.43340569,   0.05449435,   1.42844852,  -7.56299153,    -3.55218528,  22.4369583 ,  55.88603558]]
/root/sim/music/out/The Jesus And Mary Chain/Psychocandy/04 The Hardest Walk.mp3; [-611.41693  ,  70.16948  , -15.568477 ,  48.70786  ,   6.695079 ,   12.76928  ,   6.4719644,   6.591484 ,  -3.0417495,  -1.3818142,   -8.985226 ,  -5.337233 ,  -7.610755 ]; [[18327.70785497, -807.99255003,-1882.94758167,  658.03857813,   -390.71511953,  -88.40325881, -251.53264954,   -5.66321983,   -179.21711781,  -55.16295301, -202.41053509,  -43.97007729,   -117.59421521], [ -807.99255003,  953.98479345,  116.44372249,  -83.04762623,     23.74684212,  -14.28858559,   57.1293287 ,  -23.22300678,    -18.69513734,  -12.41090119,   10.79729779,  -12.65498221,     19.46226947], [-1882.94758167,  116.44372249,  586.86083882, -148.89808239,    123.21339877,   25.54592743,   35.09402005,  -44.59130421,      4.97756834,   -5.19217614,   21.58437959,   25.60810655,      6.68529299], [  658.03857813,  -83.04762623, -148.89808239,  323.27959148,    -29.31557472,   46.94702464,  -51.94416165,   30.61613028,    -29.21605415,   -9.16299433,  -41.06067032,  -16.59925764,     10.39242282], [ -390.71511953,   23.74684212,  123.21339877,  -29.31557472,    128.5750363 ,   10.17629314,   12.59729416,  -24.36807937,      2.32408576,    0.54618382,   10.75007585,    0.94577085,      0.51966017], [  -88.40325881,  -14.28858559,   25.54592743,   46.94702464,     10.17629314,   87.00117273,   20.23994974,   16.13877892,     -2.2501929 ,    3.14750809,  -11.6729936 ,    0.64888842,      0.05426102], [ -251.53264954,   57.1293287 ,   35.09402005,  -51.94416165,     12.59729416,   20.23994974,   86.21281078,   23.87080042,     28.00554501,    8.01557316,    5.35200805,   -1.86032464,     -3.79135777], [   -5.66321983,  -23.22300678,  -44.59130421,   30.61613028,    -24.36807937,   16.13877892,   23.87080042,   73.17975935,     27.46833393,    5.52512025,  -12.03662019,   -8.21448947,      0.74229674], [ -179.21711781,  -18.69513734,    4.97756834,  -29.21605415,      2.32408576,   -2.2501929 ,   28.00554501,   27.46833393,     68.17466483,   21.00238495,    8.73560256,    0.49608531,     -4.8601526 ], [  -55.16295301,  -12.41090119,   -5.19217614,   -9.16299433,      0.54618382,    3.14750809,    8.01557316,    5.52512025,     21.00238495,   50.37642849,   21.47719492,    6.83313926,     -2.14166851], [ -202.41053509,   10.79729779,   21.58437959,  -41.06067032,     10.75007585,  -11.6729936 ,    5.35200805,  -12.03662019,      8.73560256,   21.47719492,   54.18644568,   20.45103409,      2.86682775], [  -43.97007729,  -12.65498221,   25.60810655,  -16.59925764,      0.94577085,    0.64888842,   -1.86032464,   -8.21448947,      0.49608531,    6.83313926,   20.45103409,   44.3871652 ,     15.7390637 ], [ -117.59421521,   19.46226947,    6.68529299,   10.39242282,      0.51966017,    0.05426102,   -3.79135777,    0.74229674,     -4.8601526 ,   -2.14166851,    2.86682775,   15.7390637 ,     40.33296217]]
/root/sim/music/out/The Jesus And Mary Chain/Psychocandy/11 Sowing Seeds.mp3; [-648.95306   ,  92.43211   ,   0.07340863,  33.632523  ,  17.094524  ,    5.9668255 ,  -1.1826798 ,   7.8697906 ,   0.08898466,   3.2202837 ,   -0.5508221 ,   0.36957768,  -1.2302297 ]; [[14977.57127232,-2440.12027441,-1969.7800566 ,  119.65561088,    -76.63119512,  -10.08711176,   10.56412724,  227.20599236,     30.56664853,  -90.22470809,  -23.48953095,  103.57139963,    -59.04034099], [-2440.12027441, 1274.47468393,  340.06423142,   -3.7412288 ,     76.2842222 ,   -9.9084765 ,   19.63570525,  -13.65522615,    -37.23496323,   51.69575938,   14.3170423 ,  -23.3886302 ,     55.69097517], [-1969.7800566 ,  340.06423142,  801.16734584, -132.21330361,    -11.97947361,   55.58015999,    0.10689114,  -76.71063814,    -67.31344053,   42.54309748,  -12.45621887,   29.1456932 ,     31.7271791 ], [  119.65561088,   -3.7412288 , -132.21330361,  298.38147084,     19.6436466 ,   60.94136391,  -15.12570562,    9.96724019,     37.36200205,  -42.2300069 ,   10.33172292,  -20.93195117,     12.5071263 ], [  -76.63119512,   76.2842222 ,  -11.97947361,   19.6436466 ,    146.86889989,    8.65666779,   10.58934742,   28.48346938,     15.28226597,    5.13211234,    5.91342428,    0.51949945,      1.72783225], [  -10.08711176,   -9.9084765 ,   55.58015999,   60.94136391,      8.65666779,  115.53613562,   40.45507168,   -0.88927439,      3.05617589,    9.28044185,    2.55622508,    5.46465272,      9.42366059], [   10.56412724,   19.63570525,    0.10689114,  -15.12570562,     10.58934742,   40.45507168,  112.49551684,   23.39816329,      6.34743291,   22.23090726,    7.10124668,   11.39247855,     -2.48213501], [  227.20599236,  -13.65522615,  -76.71063814,    9.96724019,     28.48346938,   -0.88927439,   23.39816329,   84.66040011,     25.04706325,   -2.36698104,    3.62567565,    1.84637643,      0.84280826], [   30.56664853,  -37.23496323,  -67.31344053,   37.36200205,     15.28226597,    3.05617589,    6.34743291,   25.04706325,     77.51544424,    8.18920689,    9.70825839,   -2.70407037,    -12.90668078], [  -90.22470809,   51.69575938,   42.54309748,  -42.2300069 ,      5.13211234,    9.28044185,   22.23090726,   -2.36698104,      8.18920689,   79.43497859,   10.95202966,    7.20114618,     -2.97221239], [  -23.48953095,   14.3170423 ,  -12.45621887,   10.33172292,      5.91342428,    2.55622508,    7.10124668,    3.62567565,      9.70825839,   10.95202966,   50.42031921,   10.17081776,      3.67226782], [  103.57139963,  -23.3886302 ,   29.1456932 ,  -20.93195117,      0.51949945,    5.46465272,   11.39247855,    1.84637643,     -2.70407037,    7.20114618,   10.17081776,   43.96283025,     10.30265837], [  -59.04034099,   55.69097517,   31.7271791 ,   12.5071263 ,      1.72783225,    9.42366059,   -2.48213501,    0.84280826,    -12.90668078,   -2.97221239,    3.67226782,   10.30265837,     51.22952031]]
/root/sim/music/out/The Jesus And Mary Chain/Psychocandy/07 Taste Of Cindy.mp3; [-585.4967    ,  34.9638    , -14.56077   ,  44.13223   ,  12.898601  ,   -1.1714593 ,  -8.732257  ,   7.4111624 ,  -3.1181736 ,  -6.8317184 ,   -3.7464716 ,  -2.064404  ,  -0.80181116]; [[21943.91203547,  435.26165845,-1053.46014647,  976.94784174,   -218.61099433, -111.24609524, -311.17747394,  149.46583176,   -330.76545778,  -87.56054932,  -94.01328388,  -90.53990579,    -63.36603134], [  435.26165845,  445.5842923 , -210.51704072,   35.4203157 ,    -18.23842806,  -20.31864781,  -50.75359264,   23.61701714,    -52.77284582,   23.08412408,   28.28828013,    1.6913896 ,     66.21806194], [-1053.46014647, -210.51704072,  631.56911838,   10.58373567,    111.52312041,  101.52284847,   47.15221718,  -72.76609745,     55.88602448,  -52.78719122,  -25.18085366,   15.56890563,    -93.08104167], [  976.94784174,   35.4203157 ,   10.58373567,  170.82117303,     43.33102757,   27.23962416,  -12.38493525,   34.84976555,      7.5585071 ,   -6.31548039,   -9.47492559,    1.66331602,     13.24872064], [ -218.61099433,  -18.23842806,  111.52312041,   43.33102757,    142.45356737,   31.72863886,    9.83909447,    0.17748516,     40.2205253 ,    0.37059996,   -4.92417605,    1.69358904,      1.11114019], [ -111.24609524,  -20.31864781,  101.52284847,   27.23962416,     31.72863886,   85.8849532 ,   32.28223483,    3.31749295,      8.84461577,   -4.20767784,    1.07052594,    1.59365938,    -17.92113901], [ -311.17747394,  -50.75359264,   47.15221718,  -12.38493525,      9.83909447,   32.28223483,   77.20964752,   24.50376274,     23.93117141,    2.03065604,    3.31039412,    6.69863366,     -0.74335267], [  149.46583176,   23.61701714,  -72.76609745,   34.84976555,      0.17748516,    3.31749295,   24.50376274,   84.91205824,     32.98148457,   14.9588522 ,    0.59364109,    9.86327866,     24.57065677], [ -330.76545778,  -52.77284582,   55.88602448,    7.5585071 ,     40.2205253 ,    8.84461577,   23.93117141,   32.98148457,     81.39519746,   13.48889148,    1.9036234 ,   13.8284132 ,      4.47079285], [  -87.56054932,   23.08412408,  -52.78719122,   -6.31548039,      0.37059996,   -4.20767784,    2.03065604,   14.9588522 ,     13.48889148,   49.89284648,   23.55027969,    6.4406965 ,     14.11326102], [  -94.01328388,   28.28828013,  -25.18085366,   -9.47492559,     -4.92417605,    1.07052594,    3.31039412,    0.59364109,      1.9036234 ,   23.55027969,   48.90577892,   17.97138898,     12.75275591], [  -90.53990579,    1.6913896 ,   15.56890563,    1.66331602,      1.69358904,    1.59365938,    6.69863366,    9.86327866,     13.8284132 ,    6.4406965 ,   17.97138898,   50.41917955,     19.99256655], [  -63.36603134,   66.21806194,  -93.08104167,   13.24872064,      1.11114019,  -17.92113901,   -0.74335267,   24.57065677,      4.47079285,   14.11326102,   12.75275591,   19.99256655,     70.08133509]]
/root/sim/music/out/The Jesus And Mary Chain/Psychocandy/03 Taste The Floor.mp3; [-578.155     ,   5.327834  ,  12.95498   ,  69.09447   ,  17.436947  ,   -0.05407598,  -6.1636157 ,   2.7036026 ,  -2.831965  ,   2.1067052 ,   -1.5579088 ,  -4.4274793 ,  -3.4705153 ]; [[8475.61589429,-580.04407332,-165.13355192, 277.61713723, -87.79642302,   -48.57991244, -24.63931328,  30.81173644, -47.32303671, -43.13070067,   -28.30096853,   0.73203647,  45.71534562], [-580.04407332, 283.05671292,  90.75999377,-110.51068383, -41.93589278,    -9.06551068,   8.59095699, -24.54761952,   4.48121903,  -2.07114885,    24.06517895,  23.81153426, -18.19339453], [-165.13355192,  90.75999377, 227.35585466, -66.31664238,  29.58963373,    11.06470344,  -7.50161369, -65.09463876,  19.01544354, -11.22806285,    19.27984425,  15.57065875, -47.83856256], [ 277.61713723,-110.51068383, -66.31664238, 191.34623041,  64.54539133,     2.29095127, -25.17867588,  22.65866664,  -5.15631598,  14.33385485,   -17.35852552, -23.98837627,  19.67650338], [ -87.79642302, -41.93589278,  29.58963373,  64.54539133,  84.66827509,    22.60317612, -13.80501054, -16.87180919,   4.57369314,   6.44674698,     2.18866556,  -6.71732438, -11.16445072], [ -48.57991244,  -9.06551068,  11.06470344,   2.29095127,  22.60317612,    48.76974125,  22.81966308,   6.5304472 ,   2.6851387 ,   0.5084706 ,     2.70172097,   1.51800418,  -4.8408231 ], [ -24.63931328,   8.59095699,  -7.50161369, -25.17867588, -13.80501054,    22.81966308,  60.76104483,  36.47883301,   6.09296355,  -5.69328238,    -0.89689848,   4.721052  ,   5.64530938], [  30.81173644, -24.54761952, -65.09463876,  22.65866664, -16.87180919,     6.5304472 ,  36.47883301,  73.2798898 ,  16.00423258,   4.9968231 ,   -12.32793863,  -6.23059852,  21.153925  ], [ -47.32303671,   4.48121903,  19.01544354,  -5.15631598,   4.57369314,     2.6851387 ,   6.09296355,  16.00423258,  38.90102279,  17.31791844,     3.41896394,  -1.36910073,  -6.1925266 ], [ -43.13070067,  -2.07114885, -11.22806285,  14.33385485,   6.44674698,     0.5084706 ,  -5.69328238,   4.9968231 ,  17.31791844,  37.29038196,    16.17223821,   0.12623588,  -2.13193498], [ -28.30096853,  24.06517895,  19.27984425, -17.35852552,   2.18866556,     2.70172097,  -0.89689848, -12.32793863,   3.41896394,  16.17223821,    36.36269983,  17.99818176,  -6.49093464], [   0.73203647,  23.81153426,  15.57065875, -23.98837627,  -6.71732438,     1.51800418,   4.721052  ,  -6.23059852,  -1.36910073,   0.12623588,    17.99818176,  32.72412207,  10.45425943], [  45.71534562, -18.19339453, -47.83856256,  19.67650338, -11.16445072,    -4.8408231 ,   5.64530938,  21.153925  ,  -6.1925266 ,  -2.13193498,    -6.49093464,  10.45425943,  47.263791  ]]
