/root/sim/music/out/いとうかなこ/Reactor/12-Lullaby Blue.mp3; [-611.83636   , 143.59508   , -12.449253  ,  29.614769  ,  10.3261795 ,    5.7478123 ,  10.320086  ,  -0.4937196 ,  -3.6148763 ,   0.30299607,   -7.272817  ,   1.5061506 ,  -1.9056017 ]; [[21983.0213119 ,-1719.27070193,-1463.57280619, 2069.97698869,    457.23743057,  372.33347757,  363.04642901, -111.12062149,     41.11607856,  550.14910945,  309.697322  ,  573.7763038 ,    160.96486232], [-1719.27070193, 1835.54313741,  166.16290376, -309.82171122,     12.23353746,  -12.63463966,    9.13458419,   59.42503162,    -23.51957301,  -65.44152994,  -65.7489916 , -125.66902429,    -59.93970387], [-1463.57280619,  166.16290376, 1050.57370999,  -26.75070981,    125.78227313,  100.0782893 , -198.94298615,  144.46211659,     57.99630711,  -54.02294837,  -33.75386243,  -55.83510852,     19.3448567 ], [ 2069.97698869, -309.82171122,  -26.75070981,  502.89862883,    141.85108145,   50.85735571,   -2.69602708,    7.49167462,     47.12861697,   57.73674156,   27.45519906,  107.63509395,     56.91756715], [  457.23743057,   12.23353746,  125.78227313,  141.85108145,    210.70314038,   90.04763399,  -31.00187458,   56.2068201 ,     26.06653089,   24.65424346,   20.98453348,   35.67652859,     33.63498444], [  372.33347757,  -12.63463966,  100.0782893 ,   50.85735571,     90.04763399,  244.81381223,   81.0767607 ,   64.71563335,     -4.86274117,   32.64158   ,   51.52025894,   10.42100748,     27.98071197], [  363.04642901,    9.13458419, -198.94298615,   -2.69602708,    -31.00187458,   81.0767607 ,  240.98248782,   11.15087384,    -27.19543769,   20.62015978,   31.03293476,   22.11340467,     13.57914246], [ -111.12062149,   59.42503162,  144.46211659,    7.49167462,     56.2068201 ,   64.71563335,   11.15087384,  136.83360032,     42.57505591,   10.0283835 ,    7.26231963,    0.39923758,     21.47280056], [   41.11607856,  -23.51957301,   57.99630711,   47.12861697,     26.06653089,   -4.86274117,  -27.19543769,   42.57505591,    117.03332092,   34.04597756,   -4.88037221,    2.75633086,     10.51372253], [  550.14910945,  -65.44152994,  -54.02294837,   57.73674156,     24.65424346,   32.64158   ,   20.62015978,   10.0283835 ,     34.04597756,  104.8195787 ,   32.78472844,   15.05385468,      1.64989858], [  309.697322  ,  -65.7489916 ,  -33.75386243,   27.45519906,     20.98453348,   51.52025894,   31.03293476,    7.26231963,     -4.88037221,   32.78472844,   99.04278512,   35.3059522 ,      6.29383156], [  573.7763038 , -125.66902429,  -55.83510852,  107.63509395,     35.67652859,   10.42100748,   22.11340467,    0.39923758,      2.75633086,   15.05385468,   35.3059522 ,  112.88324202,     40.04096063], [  160.96486232,  -59.93970387,   19.3448567 ,   56.91756715,     33.63498444,   27.98071197,   13.57914246,   21.47280056,     10.51372253,    1.64989858,    6.29383156,   40.04096063,     81.05351392]]
/root/sim/music/out/いとうかなこ/Reactor/07-悠久ノ空咲ク花.mp3; [-544.9578   , 108.50689  ,   5.639787 ,  24.141512 ,   8.050456 ,    4.753507 ,   7.33195  ,   6.9232893,   2.5496001,   2.68628  ,   -0.2953905,   2.0593414,   2.023935 ]; [[19327.16975853,-1431.89137386, -785.68111164,  457.34762285,    489.60933151,  558.41430171,  569.51602656,  450.38977076,    205.11973259,  209.70403161,  -24.77452977,  -27.29818309,     87.19920628], [-1431.89137386, 1478.08156396, -204.46552385,  -19.37658468,    -73.42829414, -112.96385663,  -23.65330413,  -68.31431317,     -3.68316284,  -36.3044902 ,   -5.92923152,  -29.48038962,     -5.06424438], [ -785.68111164, -204.46552385,  656.37159902,  -44.44439946,     25.61740185,  -25.54666407,  -70.2149165 ,   16.17446188,    -16.45705482,  -26.1112029 ,  -11.34009603,   22.98560924,     -3.62894869], [  457.34762285,  -19.37658468,  -44.44439946,  303.45820343,     38.73179617,   24.29648246,   30.68603115,   37.24495063,     15.29612378,    8.73338582,   22.50172439,   19.88625548,     26.25477346], [  489.60933151,  -73.42829414,   25.61740185,   38.73179617,    170.42028742,   34.1655514 ,   47.90133067,   43.63322701,     19.59506159,   27.67691406,    3.32298557,    9.57800678,     11.63963004], [  558.41430171, -112.96385663,  -25.54666407,   24.29648246,     34.1655514 ,  216.00212484,   48.90981705,   11.22011243,     28.34532487,   18.54313416,   24.98956905,   -1.52834627,     14.14390002], [  569.51602656,  -23.65330413,  -70.2149165 ,   30.68603115,     47.90133067,   48.90981705,  140.07246536,   45.05301871,     31.23520821,   29.94590752,   14.58652544,   12.30794864,     16.29608845], [  450.38977076,  -68.31431317,   16.17446188,   37.24495063,     43.63322701,   11.22011243,   45.05301871,  120.76663827,     37.12318909,   12.49336465,   -6.77449909,    3.74108724,     12.72828061], [  205.11973259,   -3.68316284,  -16.45705482,   15.29612378,     19.59506159,   28.34532487,   31.23520821,   37.12318909,     97.61899425,   25.18505524,    8.39787458,    5.84823288,     13.07155751], [  209.70403161,  -36.3044902 ,  -26.1112029 ,    8.73338582,     27.67691406,   18.54313416,   29.94590752,   12.49336465,     25.18505524,   83.76158315,   31.08895001,    2.61856962,      2.69089939], [  -24.77452977,   -5.92923152,  -11.34009603,   22.50172439,      3.32298557,   24.98956905,   14.58652544,   -6.77449909,      8.39787458,   31.08895001,   79.97447109,   30.4569307 ,      7.9999447 ], [  -27.29818309,  -29.48038962,   22.98560924,   19.88625548,      9.57800678,   -1.52834627,   12.30794864,    3.74108724,      5.84823288,    2.61856962,   30.4569307 ,   76.85710401,     25.54142178], [   87.19920628,   -5.06424438,   -3.62894869,   26.25477346,     11.63963004,   14.14390002,   16.29608845,   12.72828061,     13.07155751,    2.69089939,    7.9999447 ,   25.54142178,     74.10465854]]
/root/sim/music/out/いとうかなこ/Reactor/02-非実在青少年.mp3; [-553.3837    , 102.881355  ,  -1.384951  ,  27.566929  ,  -0.01718665,    1.0051914 ,   2.4504082 ,   7.6166687 ,   1.0460721 ,   3.76876   ,   -0.9712283 ,   3.61798   ,   1.6901087 ]; [[14992.45405988, -205.26869051,  246.53949734,  758.77943951,    612.26080723,  366.9494012 ,   54.60879844,  115.88229065,   -133.05309909,   29.75368278,  -22.53113802,   98.48491147,    124.60236788], [ -205.26869051, 1217.34167434, -272.68967932,  133.53920184,    -85.79264373,   22.02541464,  120.36397557,   28.58404644,     55.50535412,    7.53293864,   26.76972475,  -21.30048178,     17.7659525 ], [  246.53949734, -272.68967932,  604.98132018,  -18.09350282,     79.59729859,  106.47646945,  -58.07977164,   16.17350994,    -28.46639409,   -1.11039788,    3.02459415,   -9.97555743,     25.72746341], [  758.77943951,  133.53920184,  -18.09350282,  401.52559234,     84.76232789,   15.26909573,   11.20247903,   45.77426422,     37.43155224,  -21.96005856,   15.96812322,   17.34541858,     20.87388808], [  612.26080723,  -85.79264373,   79.59729859,   84.76232789,    214.15278314,   44.31815168,    3.45774083,   36.99444467,     13.1441767 ,    4.02712056,   -1.22221001,    6.17355694,     19.41377394], [  366.9494012 ,   22.02541464,  106.47646945,   15.26909573,     44.31815168,  256.90849323,   63.79430714,   19.77254652,      1.48976742,   30.54266512,   39.15676132,  -19.19438669,     41.10706824], [   54.60879844,  120.36397557,  -58.07977164,   11.20247903,      3.45774083,   63.79430714,  156.07666744,   18.48518917,     -9.18462287,    3.97845515,   11.52157397,   13.62820152,     11.82574683], [  115.88229065,   28.58404644,   16.17350994,   45.77426422,     36.99444467,   19.77254652,   18.48518917,  145.24108235,     65.19161736,   13.30978853,    8.27232583,   -9.69349178,     28.28842305], [ -133.05309909,   55.50535412,  -28.46639409,   37.43155224,     13.1441767 ,    1.48976742,   -9.18462287,   65.19161736,    140.5144508 ,   38.69013492,   18.57410902,  -11.20331618,      9.73625985], [   29.75368278,    7.53293864,   -1.11039788,  -21.96005856,      4.02712056,   30.54266512,    3.97845515,   13.30978853,     38.69013492,   88.9249204 ,   29.65289748,   -2.81257472,      7.12476361], [  -22.53113802,   26.76972475,    3.02459415,   15.96812322,     -1.22221001,   39.15676132,   11.52157397,    8.27232583,     18.57410902,   29.65289748,   81.63807837,   19.91595265,      7.07012017], [   98.48491147,  -21.30048178,   -9.97555743,   17.34541858,      6.17355694,  -19.19438669,   13.62820152,   -9.69349178,    -11.20331618,   -2.81257472,   19.91595265,   88.64615651,     15.91277526], [  124.60236788,   17.7659525 ,   25.72746341,   20.87388808,     19.41377394,   41.10706824,   11.82574683,   28.28842305,      9.73625985,    7.12476361,    7.07012017,   15.91277526,     82.51011919]]
/root/sim/music/out/いとうかなこ/VECTOR/01 Hacking to the Gate.mp3; [-487.90762  , 105.12225  , -10.999088 ,  29.129042 ,   5.364443 ,    2.6933665,   7.3948383,   6.394311 ,   3.318972 ,   5.026986 ,   -1.0024315,   4.6110196,  -0.5132735]; [[15389.62092439, -375.81885145, -439.14616497,  101.59361934,    -31.17767901,   45.51464296,  103.81631468,  152.76500811,    115.7424566 ,  159.15314761,  -12.09413169,  101.85470351,     -2.55938931], [ -375.81885145, 1030.90894277, -214.82837387,  165.62313683,     18.44332877,  -43.97761471,    7.87466509,  -23.61689097,     -0.56470283,  -11.4441109 ,  -31.63788432,  -31.67719254,    -41.06952505], [ -439.14616497, -214.82837387,  520.04776755,  -60.16558728,     36.1230006 ,   50.85389652,    5.4730834 ,   26.81800243,    -35.04662349,  -16.64650371,   12.93587758,   11.16676979,     23.28679545], [  101.59361934,  165.62313683,  -60.16558728,  251.30230286,     40.86191924,  -45.68383934,  -42.12728493,    0.03018775,     13.70381153,  -10.06569467,   -2.78516516,   13.72226416,    -19.05856334], [  -31.17767901,   18.44332877,   36.1230006 ,   40.86191924,    121.98621157,   15.30440669,    1.7659419 ,   12.88699798,      7.38124237,    7.37667837,    0.88685302,    4.50142307,      6.00418616], [   45.51464296,  -43.97761471,   50.85389652,  -45.68383934,     15.30440669,  145.30692595,   53.17053997,   19.35107951,      1.70853955,   22.6918714 ,   12.3589236 ,   -6.95761982,     16.42941385], [  103.81631468,    7.87466509,    5.4730834 ,  -42.12728493,      1.7659419 ,   53.17053997,  103.97896828,   31.59477641,      1.76757644,   16.89586109,   11.28607915,   14.70026153,     15.39594589], [  152.76500811,  -23.61689097,   26.81800243,    0.03018775,     12.88699798,   19.35107951,   31.59477641,   77.93213003,     25.57725535,    7.1091428 ,    4.52096052,    4.56621915,      9.16457397], [  115.7424566 ,   -0.56470283,  -35.04662349,   13.70381153,      7.38124237,    1.70853955,    1.76757644,   25.57725535,     71.44375561,   22.07274397,    4.7778424 ,   -1.41466547,      2.05261585], [  159.15314761,  -11.4441109 ,  -16.64650371,  -10.06569467,      7.37667837,   22.6918714 ,   16.89586109,    7.1091428 ,     22.07274397,   64.6003266 ,   20.52076781,    8.12710839,      7.09072006], [  -12.09413169,  -31.63788432,   12.93587758,   -2.78516516,      0.88685302,   12.3589236 ,   11.28607915,    4.52096052,      4.7778424 ,   20.52076781,   54.79528158,   26.31589518,     10.10762434], [  101.85470351,  -31.67719254,   11.16676979,   13.72226416,      4.50142307,   -6.95761982,   14.70026153,    4.56621915,     -1.41466547,    8.12710839,   26.31589518,   64.23629914,     24.79233417], [   -2.55938931,  -41.06952505,   23.28679545,  -19.05856334,      6.00418616,   16.42941385,   15.39594589,    9.16457397,      2.05261585,    7.09072006,   10.10762434,   24.79233417,     52.56284264]]
/root/sim/music/out/いとうかなこ/VECTOR/11 Fly to the sky.mp3; [-539.3766   , 110.70361  ,  -1.715686 ,  22.310476 ,   8.766013 ,    2.22573  ,  14.386453 ,   3.1802483,   4.24238  ,   2.1289074,   -6.231522 ,  -2.2588387,  -1.8497003]; [[14585.73325537,-2469.83958808, -993.60845137,  507.04173685,     69.81116042,   50.96011881,  -38.64473172,  -45.31565416,    143.13189563,    4.80700532,  -31.45134528,   32.26527009,    139.18677195], [-2469.83958808, 2040.1313313 ,  172.68851967,  -28.21883813,     39.0506361 ,   22.75851109,  179.86098968,   78.50775933,     15.82871906,   42.82246906,  -15.88447311,    3.23480048,    -39.0737952 ], [ -993.60845137,  172.68851967,  867.54170165, -142.40974422,     85.44550332,    4.89076307,   12.74177565,   22.90627004,    -20.11098326,    9.12622192,   40.27923693,    7.99587134,    -10.37834025], [  507.04173685,  -28.21883813, -142.40974422,  391.42570928,     36.13203232,   57.17217428,  -47.53871115,   12.16781863,     47.6498306 ,    0.52525393,   16.02388728,   25.57480139,      3.9809694 ], [   69.81116042,   39.0506361 ,   85.44550332,   36.13203232,    167.58953468,   12.60496237,   14.26630056,   13.54912164,     17.80299263,   20.63753745,   12.86899361,   20.85282878,      5.09575419], [   50.96011881,   22.75851109,    4.89076307,   57.17217428,     12.60496237,  198.93448867,   12.03387993,   28.11075543,     16.01501312,   15.42478357,   28.78228144,    5.06815912,      2.80135009], [  -38.64473172,  179.86098968,   12.74177565,  -47.53871115,     14.26630056,   12.03387993,  151.94635182,   31.16426546,      8.06837654,   19.90738376,    1.50227396,    5.08440879,     14.79088173], [  -45.31565416,   78.50775933,   22.90627004,   12.16781863,     13.54912164,   28.11075543,   31.16426546,   99.53976895,     33.67965922,   13.96946851,    2.8977205 ,   -4.34494025,      5.00815411], [  143.13189563,   15.82871906,  -20.11098326,   47.6498306 ,     17.80299263,   16.01501312,    8.06837654,   33.67965922,     87.5159823 ,   26.17863199,    9.36414823,    6.89334861,      7.29983773], [    4.80700532,   42.82246906,    9.12622192,    0.52525393,     20.63753745,   15.42478357,   19.90738376,   13.96946851,     26.17863199,   76.26747405,   24.61519958,    8.13805206,      1.11807788], [  -31.45134528,  -15.88447311,   40.27923693,   16.02388728,     12.86899361,   28.78228144,    1.50227396,    2.8977205 ,      9.36414823,   24.61519958,   68.91104172,   21.40766279,      3.44887392], [   32.26527009,    3.23480048,    7.99587134,   25.57480139,     20.85282878,    5.06815912,    5.08440879,   -4.34494025,      6.89334861,    8.13805206,   21.40766279,   66.08424248,     16.86364652], [  139.18677195,  -39.0737952 ,  -10.37834025,    3.9809694 ,      5.09575419,    2.80135009,   14.79088173,    5.00815411,      7.29983773,    1.11807788,    3.44887392,   16.86364652,     59.94282611]]
/root/sim/music/out/いとうかなこ/VECTOR/10 リライアンス.mp3; [-631.0841    , 123.411766  , -12.975948  ,   8.072848  ,  -2.044677  ,   -6.7466197 ,   5.1278143 ,  -2.8150172 ,  -0.6630224 ,  -2.0769436 ,   -3.952269  ,   2.2841134 ,  -0.47475085]; [[26739.17198463,-1516.95207711,  515.8978734 , 1335.4357789 ,    375.64998705,  494.79683963,  524.40716119,  508.77000453,    361.69994914,  376.43614446,  321.34335063,  350.50499886,    254.0502513 ], [-1516.95207711, 2866.01974394, -266.29832063,   76.18021029,    292.51571463,  124.54313155,  113.50589233,   27.49698283,     71.46964565,   81.06199507,   18.46579577,  -64.87523127,    -39.40829236], [  515.8978734 , -266.29832063, 1271.37450185,  -79.06416092,    222.61634812,   82.05695174,   74.01018365,   22.6858496 ,     30.6222156 ,    6.99612023,    1.1181187 ,   69.61022038,     17.69131833], [ 1335.4357789 ,   76.18021029,  -79.06416092,  923.4311109 ,    242.28965791,  260.60338535,   42.71523598,  293.15239549,    201.86421122,  191.22652847,  156.31018313,   65.55498949,     33.5986093 ], [  375.64998705,  292.51571463,  222.61634812,  242.28965791,    374.02538224,  124.85530967,   76.13751947,  122.02660808,     64.20134734,   62.68413544,   63.93197985,   54.93925599,     35.41671913], [  494.79683963,  124.54313155,   82.05695174,  260.60338535,    124.85530967,  418.18983573,   61.30167098,  170.16212012,     78.28979417,  111.98493923,   96.07717365,   -7.15488515,     47.63301683], [  524.40716119,  113.50589233,   74.01018365,   42.71523598,     76.13751947,   61.30167098,  296.9987579 ,   50.95035021,     47.70754813,   13.61431009,   38.28883027,   52.01188626,     51.91607253], [  508.77000453,   27.49698283,   22.6858496 ,  293.15239549,    122.02660808,  170.16212012,   50.95035021,  289.17886554,    120.03155729,  129.82579751,   85.22919397,   14.91225274,     23.4545337 ], [  361.69994914,   71.46964565,   30.6222156 ,  201.86421122,     64.20134734,   78.28979417,   47.70754813,  120.03155729,    212.30618705,  106.93912255,   68.72988043,    0.98621446,      5.79765288], [  376.43614446,   81.06199507,    6.99612023,  191.22652847,     62.68413544,  111.98493923,   13.61431009,  129.82579751,    106.93912255,  206.74239143,   89.76152155,   18.44519436,     11.68031267], [  321.34335063,   18.46579577,    1.1181187 ,  156.31018313,     63.93197985,   96.07717365,   38.28883027,   85.22919397,     68.72988043,   89.76152155,  147.51888936,   31.49359574,     30.00685937], [  350.50499886,  -64.87523127,   69.61022038,   65.55498949,     54.93925599,   -7.15488515,   52.01188626,   14.91225274,      0.98621446,   18.44519436,   31.49359574,  139.95188381,     42.78124228], [  254.0502513 ,  -39.40829236,   17.69131833,   33.5986093 ,     35.41671913,   47.63301683,   51.91607253,   23.4545337 ,      5.79765288,   11.68031267,   30.00685937,   42.78124228,    116.3829782 ]]
/root/sim/music/out/いとうかなこ/VECTOR/02 Fetishism Ark.mp3; [-537.5788    , 128.00027   , -14.945438  ,  17.008133  ,  13.754259  ,    3.4286304 ,   4.8816404 ,   3.992778  ,   3.0764687 ,   3.3111126 ,   -1.5268085 ,  -0.04593607,  -1.9123158 ]; [[13877.82226595,-1184.59339693,  201.58804659,  874.94190828,    442.60034389,  526.97176623,  491.2945109 ,  438.83739552,    294.67173901,  199.95045771,  200.23720831,  170.99216951,     30.99943367], [-1184.59339693, 2004.89581894, -259.46076431, -142.1690865 ,   -105.0849496 , -159.50467343,  -92.97793945, -113.51577907,   -170.32095441,  -35.89033756, -102.08854874,  -72.87610433,    -89.57737281], [  201.58804659, -259.46076431,  714.81501006, -122.70836911,     53.94118289,   44.81044797,  -48.57324507,   46.08336682,    -27.37093917,   21.54381195,   12.52217572,   24.78949957,     17.49446879], [  874.94190828, -142.1690865 , -122.70836911,  430.8752656 ,     84.36764478,   78.85836854,   86.25467743,   67.42807364,     79.49715294,    9.80974951,   40.07725795,   42.94706354,     17.44255276], [  442.60034389, -105.0849496 ,   53.94118289,   84.36764478,    194.73928731,   62.53288676,   44.36158551,   76.01291139,     42.18296367,   35.68253632,   16.799076  ,   19.58202179,     13.60652566], [  526.97176623, -159.50467343,   44.81044797,   78.85836854,     62.53288676,  227.37054827,   71.62858457,   69.37737281,     38.90788421,   29.92631729,   49.83812857,   -5.36408463,     31.01281647], [  491.2945109 ,  -92.97793945,  -48.57324507,   86.25467743,     44.36158551,   71.62858457,  155.73088122,   52.86080377,     40.44572433,   29.16315066,   28.17396803,   20.51464841,      8.52759546], [  438.83739552, -113.51577907,   46.08336682,   67.42807364,     76.01291139,   69.37737281,   52.86080377,  158.92609439,     44.93367678,   35.12881281,   18.59723505,   20.67636326,     25.34439367], [  294.67173901, -170.32095441,  -27.37093917,   79.49715294,     42.18296367,   38.90788421,   40.44572433,   44.93367678,    128.39168058,   22.2957174 ,   14.75860843,   -3.86231413,     18.05065918], [  199.95045771,  -35.89033756,   21.54381195,    9.80974951,     35.68253632,   29.92631729,   29.16315066,   35.12881281,     22.2957174 ,   86.38481549,   14.63860148,   10.96759973,      4.6013688 ], [  200.23720831, -102.08854874,   12.52217572,   40.07725795,     16.799076  ,   49.83812857,   28.17396803,   18.59723505,     14.75860843,   14.63860148,   85.53961324,   21.57005759,     10.74753983], [  170.99216951,  -72.87610433,   24.78949957,   42.94706354,     19.58202179,   -5.36408463,   20.51464841,   20.67636326,     -3.86231413,   10.96759973,   21.57005759,   93.29736086,     17.80391978], [   30.99943367,  -89.57737281,   17.49446879,   17.44255276,     13.60652566,   31.01281647,    8.52759546,   25.34439367,     18.05065918,    4.6013688 ,   10.74753983,   17.80391978,     70.97496058]]
/root/sim/music/out/いとうかなこ/VECTOR/13 Amaranthine.mp3; [-513.51044   , 104.04734   ,  -3.427092  ,  16.965155  ,   6.3482223 ,    3.538166  ,   5.044961  ,   3.6305118 ,  -0.05737264,   1.1119113 ,   -5.0296946 ,  -3.6820374 ,  -2.0139744 ]; [[11086.41038988, -419.44925546,  515.29580761,  618.43843134,    269.14964133,  237.71065068,  191.63994434,  217.74318167,    110.13779759,  154.72938909,   -3.31388504,   53.12716783,    234.70291096], [ -419.44925546,  943.23691353, -233.42194947,   34.29472747,      5.2607335 ,    2.67992035,   55.80756795,   -7.87629738,     -9.73510923,    5.06715807,  -19.23594721,  -23.5594976 ,    -61.76861001], [  515.29580761, -233.42194947,  501.55042641,   42.86327419,     83.35792304,   41.48672182,  -18.72929607,    8.77803006,      7.41026517,    6.88675294,   14.88067791,   18.66776927,     24.19608658], [  618.43843134,   34.29472747,   42.86327419,  344.18100978,     62.43041073,   80.55920542,   -5.66991687,   68.4134779 ,     47.9205325 ,   30.37134967,   17.45026113,   29.05418242,     19.73198221], [  269.14964133,    5.2607335 ,   83.35792304,   62.43041073,    163.09962482,   -1.43340358,   21.74557863,    9.60563737,     21.61762149,   16.74184374,    6.80055364,   17.64507868,      8.47862151], [  237.71065068,    2.67992035,   41.48672182,   80.55920542,     -1.43340358,  227.00791766,   31.58552464,   55.9424043 ,      4.22375541,   28.37855368,   31.91316996,   15.26308419,     16.44750878], [  191.63994434,   55.80756795,  -18.72929607,   -5.66991687,     21.74557863,   31.58552464,  127.27949367,   21.06633233,      7.95036994,   21.60661326,    6.42754242,    1.90876054,     12.86018078], [  217.74318167,   -7.87629738,    8.77803006,   68.4134779 ,      9.60563737,   55.9424043 ,   21.06633233,  116.56073941,     35.71601526,   17.79618931,    9.73417544,   11.15557409,     16.84439957], [  110.13779759,   -9.73510923,    7.41026517,   47.9205325 ,     21.61762149,    4.22375541,    7.95036994,   35.71601526,     90.34392087,   28.82856247,    5.84426553,    4.50303527,     13.11724887], [  154.72938909,    5.06715807,    6.88675294,   30.37134967,     16.74184374,   28.37855368,   21.60661326,   17.79618931,     28.82856247,   91.87449577,   28.26420841,    6.85116088,     10.4428755 ], [   -3.31388504,  -19.23594721,   14.88067791,   17.45026113,      6.80055364,   31.91316996,    6.42754242,    9.73417544,      5.84426553,   28.26420841,   77.94193105,   25.58566334,     10.68684127], [   53.12716783,  -23.5594976 ,   18.66776927,   29.05418242,     17.64507868,   15.26308419,    1.90876054,   11.15557409,      4.50303527,    6.85116088,   25.58566334,   75.09673993,     26.76184045], [  234.70291096,  -61.76861001,   24.19608658,   19.73198221,      8.47862151,   16.44750878,   12.86018078,   16.84439957,     13.11724887,   10.4428755 ,   10.68684127,   26.76184045,     87.58892895]]
/root/sim/music/out/いとうかなこ/VECTOR/04 AR_.mp3; [-500.49924  ,  97.26047  ,  -3.8834443,  28.523819 ,   7.959947 ,    9.2968235,   9.73016  ,   7.5412846,   5.4831443,   5.5288486,    1.1797594,   5.017725 ,   0.5293064]; [[13557.669194  ,-1833.51974002,  253.20708005,  -58.17178442,    310.00093269,  -25.52099062,  131.31545567,  177.66476247,     31.78986228,  136.05409462,   64.46076722,  124.04761447,     46.6623978 ], [-1833.51974002, 1983.96149812, -646.37856027,  215.94181783,   -250.50881376,    7.51725968,    0.85435437,  -63.07960211,     31.77705367,  -66.3455443 ,  -33.41772881,  -66.8032757 ,    -28.55966842], [  253.20708005, -646.37856027,  725.83645457,  -74.6204671 ,    172.13515613,    6.27010221,  -15.3837157 ,   23.82495887,    -35.26926729,   34.91422302,   10.01397598,   40.67576326,    -17.9885682 ], [  -58.17178442,  215.94181783,  -74.6204671 ,  276.87277026,     -2.34033772,    0.3879886 ,  -18.64649034,   18.88764635,     36.17512221,  -33.56732684,   -7.18290284,   -3.37944527,     -1.7962594 ], [  310.00093269, -250.50881376,  172.13515613,   -2.34033772,    172.04083538,   18.28620024,    0.99064201,   27.90845351,      0.15866878,   10.19272761,   -3.47659564,   19.90198939,     -0.16673021], [  -25.52099062,    7.51725968,    6.27010221,    0.3879886 ,     18.28620024,  162.47965123,   41.75238024,    9.59265379,      1.1308969 ,   15.62175757,   -2.79799839,   -4.65291263,     12.03116017], [  131.31545567,    0.85435437,  -15.3837157 ,  -18.64649034,      0.99064201,   41.75238024,  102.50870533,   21.41088784,      0.02667986,    8.36238159,    4.81373859,    0.95853929,      9.31345717], [  177.66476247,  -63.07960211,   23.82495887,   18.88764635,     27.90845351,    9.59265379,   21.41088784,   94.23659714,     32.37954502,    3.20321636,   -3.76560125,    4.47059454,      4.19868936], [   31.78986228,   31.77705367,  -35.26926729,   36.17512221,      0.15866878,    1.1308969 ,    0.02667986,   32.37954502,     86.79850794,   19.6801648 ,   -2.02701217,   -7.27959426,      1.86009635], [  136.05409462,  -66.3455443 ,   34.91422302,  -33.56732684,     10.19272761,   15.62175757,    8.36238159,    3.20321636,     19.6801648 ,   71.92993037,   19.04061206,    3.80618009,     -0.10856644], [   64.46076722,  -33.41772881,   10.01397598,   -7.18290284,     -3.47659564,   -2.79799839,    4.81373859,   -3.76560125,     -2.02701217,   19.04061206,   66.71815504,   27.78470796,      0.83380811], [  124.04761447,  -66.8032757 ,   40.67576326,   -3.37944527,     19.90198939,   -4.65291263,    0.95853929,    4.47059454,     -7.27959426,    3.80618009,   27.78470796,   64.59386483,     19.91852002], [   46.6623978 ,  -28.55966842,  -17.9885682 ,   -1.7962594 ,     -0.16673021,   12.03116017,    9.31345717,    4.19868936,      1.86009635,   -0.10856644,    0.83380811,   19.91852002,     61.91778237]]
/root/sim/music/out/いとうかなこ/VECTOR/06 キズナノミライ.mp3; [-494.34082  ,  88.19116  ,  -8.360031 ,  32.45086  ,   4.8529615,    2.8138468,   8.308385 ,   3.9574616,   1.4740884,  -1.7761217,   -2.7142744,  -2.9172316,  -4.1553454]; [[14115.42779952, -376.39442876, -489.49280524, -208.52649999,   -354.63368309, -138.23045957,  -14.07795787,   88.55075965,    -83.93753885, -135.36472906, -129.51921225,   18.4478433 ,    150.23380848], [ -376.39442876,  731.37342715, -141.13570116,   54.58504377,     36.25301717,   18.1440834 ,   52.61199944,  -24.66791498,     17.44378695,   10.65331368,    9.52040133,  -22.39301177,    -40.39621741], [ -489.49280524, -141.13570116,  547.00057824,  -25.49285566,     70.63853269,  -34.79605789,  -32.93608471,    5.61760212,    -42.46903871,  -29.45506311,  -18.42792806,   -2.29925681,      2.60927609], [ -208.52649999,   54.58504377,  -25.49285566,  378.28753392,     51.79793916,   12.41790213,  -10.93992765,   51.54727247,     97.98913924,   48.38798257,   27.12438963,    2.76743594,    -23.03330114], [ -354.63368309,   36.25301717,   70.63853269,   51.79793916,    137.49576407,   33.02609938,   18.00966752,    9.72339993,      4.26053996,   12.94397825,    7.4285099 ,    6.37990567,     -2.70176886], [ -138.23045957,   18.1440834 ,  -34.79605789,   12.41790213,     33.02609938,  178.29638804,   69.6793722 ,   28.59768526,     22.46648887,   32.27045597,   21.17770829,   -2.7732273 ,      6.04970437], [  -14.07795787,   52.61199944,  -32.93608471,  -10.93992765,     18.00966752,   69.6793722 ,  124.0275005 ,   35.25934478,     -0.42299978,    7.78192818,    4.67783556,    7.07806339,      4.91816742], [   88.55075965,  -24.66791498,    5.61760212,   51.54727247,      9.72339993,   28.59768526,   35.25934478,  109.89791305,     55.81631767,   14.80454287,   -0.23696601,   -3.34541678,      9.60944509], [  -83.93753885,   17.44378695,  -42.46903871,   97.98913924,      4.26053996,   22.46648887,   -0.42299978,   55.81631767,    121.6143855 ,   50.80833248,   11.89672316,   -7.51077099,     -4.16354089], [ -135.36472906,   10.65331368,  -29.45506311,   48.38798257,     12.94397825,   32.27045597,    7.78192818,   14.80454287,     50.80833248,   89.17003107,   32.63757217,   -2.56279918,     -7.23144543], [ -129.51921225,    9.52040133,  -18.42792806,   27.12438963,      7.4285099 ,   21.17770829,    4.67783556,   -0.23696601,     11.89672316,   32.63757217,   62.1773832 ,   12.60377505,     -2.99434663], [   18.4478433 ,  -22.39301177,   -2.29925681,    2.76743594,      6.37990567,   -2.7732273 ,    7.07806339,   -3.34541678,     -7.51077099,   -2.56279918,   12.60377505,   55.05376664,     16.46125807], [  150.23380848,  -40.39621741,    2.60927609,  -23.03330114,     -2.70176886,    6.04970437,    4.91816742,    9.60944509,     -4.16354089,   -7.23144543,   -2.99434663,   16.46125807,     54.10431628]]
/root/sim/music/out/いとうかなこ/VECTOR/12 スカイクラッドの観測者 -Remix-.mp3; [-491.10297   ,  80.907845  ,   7.105169  ,  17.06719   ,   7.241792  ,    6.821488  ,   4.8669524 ,   2.0709627 ,  -0.23113124,   0.90615994,   -0.76090366,   0.5497053 ,   2.5217102 ]; [[16629.93113936,-2102.77101221, 1030.53135149,  508.85818782,    310.18639888,  499.76316457,  428.3604461 ,  395.95371664,    280.51253979,  362.16804087,  270.04859573,  167.76667179,    207.56086422], [-2102.77101221, 1594.9226169 , -543.27953842, -200.07018379,    -62.10743532, -179.10670234,  -96.91697111, -131.68014355,    -90.56519355, -124.67139851, -100.87252595,  -67.07496577,    -69.03960892], [ 1030.53135149, -543.27953842,  617.96361734,   36.44492878,     44.7200506 ,   94.00957489,   43.04020911,   58.20350399,     45.09599185,   66.74294227,   63.37725075,   30.10716255,     37.75906957], [  508.85818782, -200.07018379,   36.44492878,  276.01203175,     28.08255957,   12.4844609 ,   11.28847106,   25.38689064,     19.13002487,   15.922339  ,   21.68527663,   28.32165736,     18.87138131], [  310.18639888,  -62.10743532,   44.7200506 ,   28.08255957,    167.73367946,   46.51471344,   35.96611195,   34.90487232,     28.07541889,   18.18598529,   25.94970414,   14.66703978,     25.93093958], [  499.76316457, -179.10670234,   94.00957489,   12.4844609 ,     46.51471344,  198.69867816,   77.66057335,   33.60134377,     18.17664288,   43.89800406,   42.10457318,   13.5283437 ,     20.08222769], [  428.3604461 ,  -96.91697111,   43.04020911,   11.28847106,     35.96611195,   77.66057335,  139.02815779,   52.7489242 ,     23.67779447,   37.13533729,   35.90741846,   14.2559052 ,     29.72412381], [  395.95371664, -131.68014355,   58.20350399,   25.38689064,     34.90487232,   33.60134377,   52.7489242 ,  108.81100965,     54.08456243,   27.32658503,   21.07159198,   17.88788729,     22.61903066], [  280.51253979,  -90.56519355,   45.09599185,   19.13002487,     28.07541889,   18.17664288,   23.67779447,   54.08456243,     87.78809772,   39.73003563,   19.04723662,   12.24239737,     18.88036364], [  362.16804087, -124.67139851,   66.74294227,   15.922339  ,     18.18598529,   43.89800406,   37.13533729,   27.32658503,     39.73003563,   82.57354259,   40.84333062,   11.23687867,     18.83488945], [  270.04859573, -100.87252595,   63.37725075,   21.68527663,     25.94970414,   42.10457318,   35.90741846,   21.07159198,     19.04723662,   40.84333062,   69.12767979,   30.36939341,     22.01237241], [  167.76667179,  -67.07496577,   30.10716255,   28.32165736,     14.66703978,   13.5283437 ,   14.2559052 ,   17.88788729,     12.24239737,   11.23687867,   30.36939341,   60.18530891,     27.6866988 ], [  207.56086422,  -69.03960892,   37.75906957,   18.87138131,     25.93093958,   20.08222769,   29.72412381,   22.61903066,     18.88036364,   18.83488945,   22.01237241,   27.6866988 ,     65.17851115]]
/root/sim/music/out/いとうかなこ/VECTOR/08 永遠のベクトル.mp3; [-553.9057    , 121.88253   ,  -6.2411237 ,  20.900919  ,   3.8630793 ,    6.659373  ,  -4.8220453 ,  -0.10790379,  -0.3059427 ,  -3.8531237 ,  -12.4686985 ,  -0.9619071 ,  -4.96589   ]; [[20788.19517612,-2261.62706733, -596.43155404, 1424.86964135,   -190.9016399 ,  573.92190706,  300.12014113,  722.71294943,    429.29962199,   52.63135821,   62.09235176,  492.91276469,    224.99831424], [-2261.62706733, 1694.90938409,  -50.22184121, -344.85611124,     62.61310386, -138.68747393,  -76.53771566, -210.44129255,   -102.712091  ,  -20.93146047,  -81.12360006, -140.63695315,    -41.49146559], [ -596.43155404,  -50.22184121,  458.40221361,   -1.91779691,     88.69562224,  -27.97151178,  -22.39681414,    6.47378176,     -5.54081531,   33.43703116,   25.16354267,    7.86188861,     -0.72327881], [ 1424.86964135, -344.85611124,   -1.91779691,  425.35441797,     61.26097289,  103.72450988,   36.67480796,  125.46756854,     78.52822075,   57.67155675,   60.97796604,   75.53666203,     57.22601633], [ -190.9016399 ,   62.61310386,   88.69562224,   61.26097289,    183.88240451,   -5.17709018,   -7.22530224,   -8.36600392,     -6.17661049,   26.68058232,   11.25676865,    4.82019652,      1.42256439], [  573.92190706, -138.68747393,  -27.97151178,  103.72450988,     -5.17709018,  225.5981419 ,   52.57204333,   57.68342808,     44.57359255,   44.76682698,   36.35619377,   22.73611513,     50.49941534], [  300.12014113,  -76.53771566,  -22.39681414,   36.67480796,     -7.22530224,   52.57204333,  151.53110037,   76.8136141 ,     50.29550034,   11.2297107 ,   11.24876657,   24.81694559,     16.89741933], [  722.71294943, -210.44129255,    6.47378176,  125.46756854,     -8.36600392,   57.68342808,   76.8136141 ,  181.19687304,     80.97423644,   34.01017418,   20.22227063,   49.57789249,     36.17887542], [  429.29962199, -102.712091  ,   -5.54081531,   78.52822075,     -6.17661049,   44.57359255,   50.29550034,   80.97423644,    117.78197678,   47.30356797,   20.18227413,   24.0735391 ,     26.75469842], [   52.63135821,  -20.93146047,   33.43703116,   57.67155675,     26.68058232,   44.76682698,   11.2297107 ,   34.01017418,     47.30356797,  105.79887898,   43.9111186 ,   16.0907488 ,     28.64643462], [   62.09235176,  -81.12360006,   25.16354267,   60.97796604,     11.25676865,   36.35619377,   11.24876657,   20.22227063,     20.18227413,   43.9111186 ,   97.7349072 ,   40.84286095,     18.32008028], [  492.91276469, -140.63695315,    7.86188861,   75.53666203,      4.82019652,   22.73611513,   24.81694559,   49.57789249,     24.0735391 ,   16.0907488 ,   40.84286095,   89.04184614,     32.86966347], [  224.99831424,  -41.49146559,   -0.72327881,   57.22601633,      1.42256439,   50.49941534,   16.89741933,   36.17887542,     26.75469842,   28.64643462,   18.32008028,   32.86966347,     91.01745898]]
/root/sim/music/out/いとうかなこ/VECTOR/14 素顔のままで.mp3; [-553.7171    , 117.367     ,  -1.3589528 ,  19.668865  ,   8.516481  ,   -5.3966193 ,   5.308648  ,   0.5433563 ,  -0.47681272,  -2.9774404 ,   -5.459823  ,  -1.4284749 ,  -2.0866334 ]; [[20341.23731344,-2240.93537744,-1305.78236211,  769.1158485 ,    868.910282  ,  469.02804075,  822.36627543,  701.06473983,    688.6469455 ,  478.08042656,  290.14900464,  310.02541186,    284.6417725 ], [-2240.93537744, 1406.23433739,  -34.0550825 , -134.69252375,   -115.43345118,  -21.98237096,  -64.13265039,  -60.98300208,    -79.39495149,  -48.21030372,  -52.01190232,  -71.99498601,    -27.50468248], [-1305.78236211,  -34.0550825 ,  920.37831811,   63.12613105,     31.82480764,   -4.72567993,  -58.93042748,    3.76051184,    -39.75346982,  -25.25745294,   -9.07699967,   -8.25261772,    -60.88882562], [  769.1158485 , -134.69252375,   63.12613105,  444.39510493,    148.57430842,   24.29048911,   28.66635578,  110.58937245,     76.81040188,   37.17223546,   28.94868071,   47.20189792,     19.83388515], [  868.910282  , -115.43345118,   31.82480764,  148.57430842,    264.757147  ,   42.30173315,   63.99626622,   70.19301693,     69.19189345,   48.21427265,   21.21891807,   39.35637513,     22.50219748], [  469.02804075,  -21.98237096,   -4.72567993,   24.29048911,     42.30173315,  293.87444104,   73.31829334,   45.75120139,     34.09809243,   43.23732437,   24.96738109,  -16.89941073,     12.07877593], [  822.36627543,  -64.13265039,  -58.93042748,   28.66635578,     63.99626622,   73.31829334,  203.96659282,   66.43215319,     49.94205926,   45.00397538,   21.90256755,   19.46624901,     18.74472895], [  701.06473983,  -60.98300208,    3.76051184,  110.58937245,     70.19301693,   45.75120139,   66.43215319,  187.31394824,     76.5159792 ,   45.0390238 ,   20.15192637,   13.74365059,     31.06120298], [  688.6469455 ,  -79.39495149,  -39.75346982,   76.81040188,     69.19189345,   34.09809243,   49.94205926,   76.5159792 ,    143.82848929,   51.55711707,   27.31518374,   17.77320749,     17.88314455], [  478.08042656,  -48.21030372,  -25.25745294,   37.17223546,     48.21427265,   43.23732437,   45.00397538,   45.0390238 ,     51.55711707,  114.03451328,   33.27945524,   20.86705217,      8.70253296], [  290.14900464,  -52.01190232,   -9.07699967,   28.94868071,     21.21891807,   24.96738109,   21.90256755,   20.15192637,     27.31518374,   33.27945524,   98.4805853 ,   30.70333901,     22.65947085], [  310.02541186,  -71.99498601,   -8.25261772,   47.20189792,     39.35637513,  -16.89941073,   19.46624901,   13.74365059,     17.77320749,   20.86705217,   30.70333901,  100.98648592,     36.39550423], [  284.6417725 ,  -27.50468248,  -60.88882562,   19.83388515,     22.50219748,   12.07877593,   18.74472895,   31.06120298,     17.88314455,    8.70253296,   22.65947085,   36.39550423,     98.2916329 ]]
