/root/sim/music/out/Rancid/_And Out Come The Wolves/18 Avenues & Alleyways.mp3; [-514.7242    , 119.49626   , -26.419167  ,  32.26434   ,   4.697542  ,    1.1116246 ,   7.4425697 ,  10.661986  ,  -0.68783617,   1.1661255 ,   -2.9149115 ,  -2.1840963 ,  -4.717077  ]; [[9490.58852815,-353.60753698, 451.01131397,-278.78709518,   7.67134146,   186.713431  ,  29.7944964 , 110.83888383, -69.40427122,  50.72914238,   156.43307527, -10.22302389, -61.72483557], [-353.60753698, 627.51292664,-371.57159011, 231.44635663, -86.05524647,   -17.64787975,  14.17607837,  11.38300421,   5.89391294,  -1.07081879,   -30.80331381,  24.15719357,   5.27335985], [ 451.01131397,-371.57159011, 629.70387763,-193.28640791, 181.21013378,   -18.45471286,  12.06684796,   4.56886081,  12.33461473,  -1.86147731,    48.20204589,  -4.08169297,  23.64188862], [-278.78709518, 231.44635663,-193.28640791, 257.30193138, -22.84160968,    19.92933612,  -4.07548643,  17.33360422,   5.73015488,  -9.33516695,   -45.0290904 ,  14.63048374,  24.50126839], [   7.67134146, -86.05524647, 181.21013378, -22.84160968, 149.2088909 ,     1.37174503,  19.86408453,   3.06773274,  20.41740926,  12.45925792,     7.50979243,  -8.35577281,   9.88523283], [ 186.713431  , -17.64787975, -18.45471286,  19.92933612,   1.37174503,    78.65212179,  24.73652651,  25.41833125,   0.38163533,   5.29240035,     6.17979136,   1.18503682,  -2.02807015], [  29.7944964 ,  14.17607837,  12.06684796,  -4.07548643,  19.86408453,    24.73652651, 106.5627475 ,  43.97631524,  12.98859325, -11.6377605 ,    -2.59951765,   8.57529947,   3.65958608], [ 110.83888383,  11.38300421,   4.56886081,  17.33360422,   3.06773274,    25.41833125,  43.97631524,  73.83923084,  24.48336354,   4.91037921,    -2.22227294,   5.17085291,   4.96265488], [ -69.40427122,   5.89391294,  12.33461473,   5.73015488,  20.41740926,     0.38163533,  12.98859325,  24.48336354,  60.98030317,  29.70458674,    15.00702356,  -3.54003369,   0.66084853], [  50.72914238,  -1.07081879,  -1.86147731,  -9.33516695,  12.45925792,     5.29240035, -11.6377605 ,   4.91037921,  29.70458674,  67.75092335,    33.27435016,   4.49027213,  -9.06382385], [ 156.43307527, -30.80331381,  48.20204589, -45.0290904 ,   7.50979243,     6.17979136,  -2.59951765,  -2.22227294,  15.00702356,  33.27435016,    67.99375071,  17.60183288,   1.14260134], [ -10.22302389,  24.15719357,  -4.08169297,  14.63048374,  -8.35577281,     1.18503682,   8.57529947,   5.17085291,  -3.54003369,   4.49027213,    17.60183288,  48.59829529,  21.32477693], [ -61.72483557,   5.27335985,  23.64188862,  24.50126839,   9.88523283,    -2.02807015,   3.65958608,   4.96265488,   0.66084853,  -9.06382385,     1.14260134,  21.32477693,  50.77207835]]
/root/sim/music/out/Rancid/_And Out Come The Wolves/16 You Don't Care Nothin'.mp3; [-520.98364   , 109.23846   , -16.562483  ,  29.472763  ,   6.2834883 ,    0.02332683,   6.258234  ,   5.653975  ,   0.17804168,  -0.79116625,   -3.3620703 ,  -2.8666623 ,  -5.084103  ]; [[6036.58870712, 164.33311684,  -9.43009462,-251.41771983, -50.39113242,   -32.50079549,  -2.34319963,  17.48298954,  21.84798449, -12.50642954,   -10.01625508, -55.0335458 , -73.35132334], [ 164.33311684, 928.74154158,-117.14733731, 146.75023609,  36.79587583,     7.50042701,  23.08682083,  33.58714751,  20.96465483,  22.35094823,    19.7007277 ,   3.31946142,  -3.9037259 ], [  -9.43009462,-117.14733731, 310.14533142,  -4.516008  ,  55.11547621,    18.25932981,  12.04787602,  19.5433471 ,   1.12128076,  -1.54386035,    -2.52899559,  17.76089935,   9.49251845], [-251.41771983, 146.75023609,  -4.516008  , 204.94824668,  34.11798819,    30.55653948,  -3.94773319,  18.81242397,  19.57403247,  11.05582702,    -5.45941614,  12.36889621,  25.12989039], [ -50.39113242,  36.79587583,  55.11547621,  34.11798819, 132.78423305,    22.75006475,  25.01822112,  14.51009861,  25.94472347,  24.74578832,     3.60205868,   0.36452064,   4.47319744], [ -32.50079549,   7.50042701,  18.25932981,  30.55653948,  22.75006475,    91.71153651,  37.90709217,  24.48806805,   8.59677749,   9.3896081 ,     2.60984122,   2.07370555,   2.80595979], [  -2.34319963,  23.08682083,  12.04787602,  -3.94773319,  25.01822112,    37.90709217, 113.10998164,  43.7428822 ,  16.03564443,  -4.61369776,    -2.85564792,   7.06193281,  -0.32726693], [  17.48298954,  33.58714751,  19.5433471 ,  18.81242397,  14.51009861,    24.48806805,  43.7428822 ,  75.97510737,  28.17683796,  14.82665489,     0.73764007,   4.60102362,   0.5956079 ], [  21.84798449,  20.96465483,   1.12128076,  19.57403247,  25.94472347,     8.59677749,  16.03564443,  28.17683796,  74.99415887,  33.06093234,    16.68677651,  -5.75979335,  -3.66126197], [ -12.50642954,  22.35094823,  -1.54386035,  11.05582702,  24.74578832,     9.3896081 ,  -4.61369776,  14.82665489,  33.06093234,  74.94576976,    34.06918793,   5.25949026,  -6.21317354], [ -10.01625508,  19.7007277 ,  -2.52899559,  -5.45941614,   3.60205868,     2.60984122,  -2.85564792,   0.73764007,  16.68677651,  34.06918793,    63.32502512,  15.27130193,  -2.0640271 ], [ -55.0335458 ,   3.31946142,  17.76089935,  12.36889621,   0.36452064,     2.07370555,   7.06193281,   4.60102362,  -5.75979335,   5.25949026,    15.27130193,  48.75444105,  23.18493385], [ -73.35132334,  -3.9037259 ,   9.49251845,  25.12989039,   4.47319744,     2.80595979,  -0.32726693,   0.5956079 ,  -3.66126197,  -6.21317354,    -2.0640271 ,  23.18493385,  53.19529837]]
/root/sim/music/out/Rancid/_And Out Come The Wolves/12 She's Automatic.mp3; [-499.72308   , 101.827385  , -26.091812  ,  23.246143  ,   7.629787  ,   -2.0028365 ,   4.9757304 ,   9.135639  ,  -0.42391908,   0.51033294,   -2.997491  ,  -2.3123825 ,  -5.676688  ]; [[12105.82992668, 1469.23294069, -254.40357956,  -11.00778321,    -17.1922183 ,  -15.34516506,  -22.64565098,  125.98660291,    -15.92760425,  -96.53494695,  -81.41634768, -135.94190029,   -122.67804164], [ 1469.23294069,  870.89847987, -352.89346888,   84.66038703,    -66.09356865,  -55.74424207,   40.95414074,   -7.51839013,     25.49687221,   -5.40000029,   24.00996018,   -8.51049639,    -36.93712571], [ -254.40357956, -352.89346888,  469.13531033,  -15.77069112,     61.62798125,   44.5250858 ,  -18.46575385,   37.59753211,     -7.98840583,    2.17961185,    1.23153475,   33.61957747,     40.29486284], [  -11.00778321,   84.66038703,  -15.77069112,  183.41593905,     42.20649079,   32.32096198,   21.90722792,    9.79325799,     15.69305159,    4.10753275,    0.02693837,    8.90680398,     18.052413  ], [  -17.1922183 ,  -66.09356865,   61.62798125,   42.20649079,    148.42982308,   24.85775565,   22.55185984,   12.17708666,     17.71990653,   16.97261194,  -11.33854088,   -6.39746493,      5.81548586], [  -15.34516506,  -55.74424207,   44.5250858 ,   32.32096198,     24.85775565,  103.59056279,   43.6955922 ,   32.20930011,      8.86604265,    4.70974247,    9.54383997,   -1.15929492,      6.22270955], [  -22.64565098,   40.95414074,  -18.46575385,   21.90722792,     22.55185984,   43.6955922 ,  131.63066475,   37.74291914,      8.56754379,  -15.63252659,   -4.04035115,    7.68252951,      4.30754806], [  125.98660291,   -7.51839013,   37.59753211,    9.79325799,     12.17708666,   32.20930011,   37.74291914,   80.59565273,     28.617213  ,   16.98425305,    6.86663465,    5.19931884,      1.89177456], [  -15.92760425,   25.49687221,   -7.98840583,   15.69305159,     17.71990653,    8.86604265,    8.56754379,   28.617213  ,     69.43276814,   38.94432319,   21.97575784,   -0.59693217,     -3.13346234], [  -96.53494695,   -5.40000029,    2.17961185,    4.10753275,     16.97261194,    4.70974247,  -15.63252659,   16.98425305,     38.94432319,   84.24122764,   41.99183184,   11.15914371,     -6.98978137], [  -81.41634768,   24.00996018,    1.23153475,    0.02693837,    -11.33854088,    9.54383997,   -4.04035115,    6.86663465,     21.97575784,   41.99183184,   72.0289869 ,   27.6842987 ,      2.13420354], [ -135.94190029,   -8.51049639,   33.61957747,    8.90680398,     -6.39746493,   -1.15929492,    7.68252951,    5.19931884,     -0.59693217,   11.15914371,   27.6842987 ,   53.91331121,     23.72404876], [ -122.67804164,  -36.93712571,   40.29486284,   18.052413  ,      5.81548586,    6.22270955,    4.30754806,    1.89177456,     -3.13346234,   -6.98978137,    2.13420354,   23.72404876,     53.820458  ]]
/root/sim/music/out/Rancid/_And Out Come The Wolves/11 Journey To The End Of The East Ba.mp3; [-563.4558   , 121.63673  ,  -9.363684 ,  33.04823  ,  16.473217 ,    1.561126 ,   7.3981214,   7.4973736,  -2.9041214,  -1.3619089,   -4.9728575,  -2.3785472,  -7.2328696]; [[12055.68095387,-2245.78824041, -197.85613066, -108.34396279,   -522.93332511, -288.85612652,  -82.32018081,    4.52894155,     31.18086932,  232.3675187 ,  -55.05419694, -184.78267572,      3.01557403], [-2245.78824041, 1850.71603723, -264.56774542,   78.08077053,    274.22756024,  101.56607441,   18.11435689,   13.86692719,    -30.9288832 ,  -93.61330809,   53.67594369,   77.39580272,    -59.96715705], [ -197.85613066, -264.56774542,  775.65197216, -144.11791213,    155.2610751 ,   93.95941392,   50.88371596,   33.28987504,    -11.16660631,  -39.59002346,    5.26027428,  -17.08741823,     35.85816485], [ -108.34396279,   78.08077053, -144.11791213,  240.88361121,    -17.01967642,   -3.41308184,    6.10645736,  -10.79373765,      8.51884579,    9.93516276,  -14.77107606,   14.125215  ,     -1.42617216], [ -522.93332511,  274.22756024,  155.2610751 ,  -17.01967642,    277.76646751,   66.38819534,    9.17785314,   -1.86849755,     -5.97147795,  -31.53744362,   17.41497309,    3.24057635,     -2.81545854], [ -288.85612652,  101.56607441,   93.95941392,   -3.41308184,     66.38819534,  131.48600438,   28.34702594,   10.86124318,    -21.55623756,  -31.96054589,    4.4470322 ,    4.40318122,     -9.85988238], [  -82.32018081,   18.11435689,   50.88371596,    6.10645736,      9.17785314,   28.34702594,  147.685235  ,   49.4559738 ,     -2.68500187,  -15.32967157,    0.30092878,   16.18579188,      8.94928866], [    4.52894155,   13.86692719,   33.28987504,  -10.79373765,     -1.86849755,   10.86124318,   49.4559738 ,  100.77666649,     33.42130851,    8.53019777,    3.90345688,    4.67891417,      3.55775997], [   31.18086932,  -30.9288832 ,  -11.16660631,    8.51884579,     -5.97147795,  -21.55623756,   -2.68500187,   33.42130851,     98.85989821,   58.68140682,    9.26956518,   -7.16995132,     10.83556576], [  232.3675187 ,  -93.61330809,  -39.59002346,    9.93516276,    -31.53744362,  -31.96054589,  -15.32967157,    8.53019777,     58.68140682,  110.26966175,   33.74509391,   -9.23168692,      1.7088506 ], [  -55.05419694,   53.67594369,    5.26027428,  -14.77107606,     17.41497309,    4.4470322 ,    0.30092878,    3.90345688,      9.26956518,   33.74509391,   80.32945187,   24.45100409,    -15.94759941], [ -184.78267572,   77.39580272,  -17.08741823,   14.125215  ,      3.24057635,    4.40318122,   16.18579188,    4.67891417,     -7.16995132,   -9.23168692,   24.45100409,   58.99342603,     11.89171349], [    3.01557403,  -59.96715705,   35.85816485,   -1.42617216,     -2.81545854,   -9.85988238,    8.94928866,    3.55775997,     10.83556576,    1.7088506 ,  -15.94759941,   11.89171349,     68.63468773]]
/root/sim/music/out/Rancid/_And Out Come The Wolves/13 Old Friend.mp3; [-545.3709    , 120.9033    ,  -5.014914  ,  28.106174  ,  14.420316  ,    0.13869098,   7.574824  ,   7.5682244 ,  -2.988274  ,   3.1159647 ,   -3.3989382 ,  -3.2732701 ,  -7.009109  ]; [[10053.80192794, -582.55121346,  314.11533282,  705.00480837,    220.91733886,  216.92525278,  228.6608486 ,  238.5059301 ,     12.86748666, -110.76158156,   12.6253689 ,  146.93328923,     22.75366204], [ -582.55121346, 1090.07266563, -392.56065215, -163.38445795,    -66.80379703, -120.21876449,   -4.91096565,  -61.3816496 ,      1.17039996,   42.37200702,   -1.32464457,  -72.64286179,    -23.52007036], [  314.11533282, -392.56065215,  669.32460537,  121.4894966 ,    102.71894921,   90.54888586,   35.48955006,   61.06222951,     -7.8091727 ,  -30.91965983,   21.48095626,   56.42035874,     17.75963908], [  705.00480837, -163.38445795,  121.4894966 ,  498.3471855 ,    201.76624192,   81.96560235,   82.00987133,   43.98079052,     23.80102223,    7.10875735,  -20.36981906,   43.47190724,     33.97205459], [  220.91733886,  -66.80379703,  102.71894921,  201.76624192,    270.12166303,   70.63362771,   35.93997342,   11.92568226,     34.78283033,   20.51284117,  -12.66366981,   23.38279004,     21.38467005], [  216.92525278, -120.21876449,   90.54888586,   81.96560235,     70.63362771,  185.11721559,   52.99644117,   45.94080367,     32.24611725,    3.90853451,   18.16331478,   10.70095223,    -10.41454744], [  228.6608486 ,   -4.91096565,   35.48955006,   82.00987133,     35.93997342,   52.99644117,  185.99027965,   42.69973518,     -5.41967057,   -7.43772443,    0.7752221 ,   22.87133927,     -1.26267899], [  238.5059301 ,  -61.3816496 ,   61.06222951,   43.98079052,     11.92568226,   45.94080367,   42.69973518,  110.16498059,     31.56216374,    0.04174478,   17.18040688,   16.87067781,      5.21202459], [   12.86748666,    1.17039996,   -7.8091727 ,   23.80102223,     34.78283033,   32.24611725,   -5.41967057,   31.56216374,     95.01763587,   37.16895717,    8.78535953,    0.78538008,      5.88390127], [ -110.76158156,   42.37200702,  -30.91965983,    7.10875735,     20.51284117,    3.90853451,   -7.43772443,    0.04174478,     37.16895717,  101.28891497,   31.59430082,  -11.5599883 ,      3.24457717], [   12.6253689 ,   -1.32464457,   21.48095626,  -20.36981906,    -12.66366981,   18.16331478,    0.7752221 ,   17.18040688,      8.78535953,   31.59430082,   84.35042568,   20.22407942,      0.98245083], [  146.93328923,  -72.64286179,   56.42035874,   43.47190724,     23.38279004,   10.70095223,   22.87133927,   16.87067781,      0.78538008,  -11.5599883 ,   20.22407942,   76.00124313,     23.67274677], [   22.75366204,  -23.52007036,   17.75963908,   33.97205459,     21.38467005,  -10.41454744,   -1.26267899,    5.21202459,      5.88390127,    3.24457717,    0.98245083,   23.67274677,     62.84205839]]
/root/sim/music/out/Rancid/_And Out Come The Wolves/09 Ruby Soho.mp3; [-534.6621   , 107.92887  ,  -1.3460321,  32.49795  ,   5.4138026,   -1.5104302,   1.0190403,   1.89949  ,  -2.200972 ,  -4.3749285,   -1.5308667,  -2.419092 ,  -4.879178 ]; [[9636.93643002,-680.82905344,-950.24951138,  94.98878984,-132.52750213,   112.47812174, 106.36918811, 172.2396733 ,  34.05323586, 127.56003745,    56.72762941,  -8.51347623, -42.26983643], [-680.82905344, 948.49997173,  76.12414291, -33.83503079,  -3.37889945,   -96.35039771, -35.17693816, -49.1202145 , -44.09921354, -46.02407403,    -8.57181053,   2.63892924,   1.89880168], [-950.24951138,  76.12414291, 671.25386382, -78.60390919,  68.99765202,    -0.70468322, -61.44229559, -58.10554805, -12.43723367, -73.12209405,   -36.72275647, -25.03684031,  -4.07233547], [  94.98878984, -33.83503079, -78.60390919, 221.69457948,  49.16317879,    48.99599602,  19.6235583 ,  29.82976078,  26.208639  ,   0.60180034,   -20.64016587,   7.81240837,  34.71402835], [-132.52750213,  -3.37889945,  68.99765202,  49.16317879, 174.0102008 ,    26.29749387,  13.30602818,  31.43038939,  24.16551469,   0.23357758,   -19.13276876, -14.00514018,  14.81060031], [ 112.47812174, -96.35039771,  -0.70468322,  48.99599602,  26.29749387,   130.96120489,  45.51693416,  37.48186329,  18.53586105,   6.0829328 ,    -3.18832377,  -2.06745093,  -0.0133787 ], [ 106.36918811, -35.17693816, -61.44229559,  19.6235583 ,  13.30602818,    45.51693416, 142.06090339,  72.78433698,  15.73390821,  12.71247396,     2.43393251,   8.42358283,   3.70261499], [ 172.2396733 , -49.1202145 , -58.10554805,  29.82976078,  31.43038939,    37.48186329,  72.78433698, 124.19734617,  28.50006413,  22.94024991,    -1.36357948,   4.61243567,   7.63078466], [  34.05323586, -44.09921354, -12.43723367,  26.208639  ,  24.16551469,    18.53586105,  15.73390821,  28.50006413,  85.40755324,  35.86837001,    11.32845023,   0.59466014,   3.78702344], [ 127.56003745, -46.02407403, -73.12209405,   0.60180034,   0.23357758,     6.0829328 ,  12.71247396,  22.94024991,  35.86837001,  99.83694294,    49.98056688,  14.27193161,  -2.05757145], [  56.72762941,  -8.57181053, -36.72275647, -20.64016587, -19.13276876,    -3.18832377,   2.43393251,  -1.36357948,  11.32845023,  49.98056688,    83.01262761,  32.21211088,   1.63649245], [  -8.51347623,   2.63892924, -25.03684031,   7.81240837, -14.00514018,    -2.06745093,   8.42358283,   4.61243567,   0.59466014,  14.27193161,    32.21211088,  63.07737961,  25.8813754 ], [ -42.26983643,   1.89880168,  -4.07233547,  34.71402835,  14.81060031,    -0.0133787 ,   3.70261499,   7.63078466,   3.78702344,  -2.05757145,     1.63649245,  25.8813754 ,  66.96961687]]
/root/sim/music/out/Rancid/_And Out Come The Wolves/02 The 11th Hour.mp3; [-520.11774   , 105.38014   , -15.552751  ,  26.654804  ,   7.0741735 ,    4.0765676 ,   9.305797  ,  13.134318  ,   1.8124188 ,  -0.13208377,   -2.1641552 ,  -2.677076  ,  -4.2709413 ]; [[5227.99581424,-547.36596374,  85.35595679,-243.7432656 ,-131.29912138,   -82.95266153,-165.98850858,  53.27375085,  11.79186436,  81.650787  ,    81.15222349, -36.12977394,  15.68490156], [-547.36596374, 705.17269152,-249.38489231, 127.94507031,   7.00873427,    14.5481435 ,  77.34619392,  15.16632916,  21.23083433,   6.9444542 ,     5.41690344,  11.09667779, -11.50283421], [  85.35595679,-249.38489231, 523.41729789,-100.39869054,  66.97078042,     7.67769208, -34.29361372,   7.1382842 ,  10.05049975, -18.84692027,    15.61793282,  23.96654933,  15.56614439], [-243.7432656 , 127.94507031,-100.39869054, 225.03386808,  34.04179876,    21.41466958,  34.06013164,  -0.47807686,  11.73156016,  -4.02174141,   -27.74418565,   0.60070772,  11.94420684], [-131.29912138,   7.00873427,  66.97078042,  34.04179876, 169.48230935,    21.30107595,   3.15669256,   2.74856647,  29.42323077,  19.13690142,    -5.22172402, -10.11416225,   4.22221883], [ -82.95266153,  14.5481435 ,   7.67769208,  21.41466958,  21.30107595,    93.69769309,  46.95503195,  10.60725435,   2.48368188,  -6.0973387 ,    -3.9058128 ,   0.08762512,  -0.84398425], [-165.98850858,  77.34619392, -34.29361372,  34.06013164,   3.15669256,    46.95503195, 163.42039069,  51.81277814,   0.57613952, -14.16183701,   -10.10150222,  12.93342624,   3.2954781 ], [  53.27375085,  15.16632916,   7.1382842 ,  -0.47807686,   2.74856647,    10.60725435,  51.81277814,  98.00133979,  35.26798039,  20.62015822,     5.17976113,   4.53582235,   3.23137406], [  11.79186436,  21.23083433,  10.05049975,  11.73156016,  29.42323077,     2.48368188,   0.57613952,  35.26798039,  95.01161514,  47.66567024,    16.91840951,   0.41876506,   2.31977672], [  81.650787  ,   6.9444542 , -18.84692027,  -4.02174141,  19.13690142,    -6.0973387 , -14.16183701,  20.62015822,  47.66567024,  93.69280484,    37.79219556,   4.58171191,  -7.80288931], [  81.15222349,   5.41690344,  15.61793282, -27.74418565,  -5.22172402,    -3.9058128 , -10.10150222,   5.17976113,  16.91840951,  37.79219556,    77.4436449 ,  20.25260414,  -1.3528477 ], [ -36.12977394,  11.09667779,  23.96654933,   0.60070772, -10.11416225,     0.08762512,  12.93342624,   4.53582235,   0.41876506,   4.58171191,    20.25260414,  52.34198891,  15.98165889], [  15.68490156, -11.50283421,  15.56614439,  11.94420684,   4.22221883,    -0.84398425,   3.2954781 ,   3.23137406,   2.31977672,  -7.80288931,    -1.3528477 ,  15.98165889,  51.61893959]]
/root/sim/music/out/Rancid/_And Out Come The Wolves/03 Roots Radicals.mp3; [-517.7094   , 101.5836   , -22.991608 ,  26.80186  ,   5.151606 ,    0.5489046,   4.8971586,   7.3982034,  -2.59244  ,  -1.8941333,   -2.7746727,  -4.058284 ,  -6.0312047]; [[5515.06509623,  -2.99194685,-458.74246071, -86.65325073,-131.61417842,   -11.45822826, -44.68591982, -40.53785624,  -1.43483962,  53.59195253,    85.47312845,   1.3394004 , -34.35620093], [  -2.99194685, 699.49694748,-134.74926645, 166.69963499,  -4.59164161,    19.84241245,  52.61798234,  20.88162994,   9.92316922,  14.08430193,    20.58637219,  15.73589675,   0.88880631], [-458.74246071,-134.74926645, 548.49180607, -42.7524362 ,  94.43028154,    15.34391757,   1.95555153,  24.29195823,  -1.06621881, -34.41675927,    -7.00883115,   2.86406839,  17.31966531], [ -86.65325073, 166.69963499, -42.7524362 , 262.86502497,  59.14095009,    44.5345614 ,   8.55460628,  15.53712363,  16.27317902,   2.95029059,   -28.22674626,   5.69841079,   8.87059999], [-131.61417842,  -4.59164161,  94.43028154,  59.14095009, 169.45280049,    32.10958615,   4.16440812,  -0.81278472,  27.66521474,  19.42001562,    -5.34734221,  -6.88829985,   4.89102631], [ -11.45822826,  19.84241245,  15.34391757,  44.5345614 ,  32.10958615,   114.60031768,  35.46916739,  25.81071558,  12.95344052,   5.69982566,     5.33479029,  -2.11823532, -12.57621954], [ -44.68591982,  52.61798234,   1.95555153,   8.55460628,   4.16440812,    35.46916739, 125.84328879,  47.7496609 ,   6.05012711, -15.37262711,     1.13187783,  10.69804136,  -1.9073148 ], [ -40.53785624,  20.88162994,  24.29195823,  15.53712363,  -0.81278472,    25.81071558,  47.7496609 ,  87.04958029,  21.62630045,   8.92099055,    -3.14876925,  -0.52417378,   3.58590797], [  -1.43483962,   9.92316922,  -1.06621881,  16.27317902,  27.66521474,    12.95344052,   6.05012711,  21.62630045,  86.36561416,  41.47821706,    16.34571051,  -6.51588688,  -2.37790532], [  53.59195253,  14.08430193, -34.41675927,   2.95029059,  19.42001562,     5.69982566, -15.37262711,   8.92099055,  41.47821706,  85.4830313 ,    37.97163846,   5.76030492,  -4.27971495], [  85.47312845,  20.58637219,  -7.00883115, -28.22674626,  -5.34734221,     5.33479029,   1.13187783,  -3.14876925,  16.34571051,  37.97163846,    79.20690068,  23.97445458,  -1.28630362], [   1.3394004 ,  15.73589675,   2.86406839,   5.69841079,  -6.88829985,    -2.11823532,  10.69804136,  -0.52417378,  -6.51588688,   5.76030492,    23.97445458,  57.45091428,  20.21336562], [ -34.35620093,   0.88880631,  17.31966531,   8.87059999,   4.89102631,   -12.57621954,  -1.9073148 ,   3.58590797,  -2.37790532,  -4.27971495,    -1.28630362,  20.21336562,  59.40220231]]
/root/sim/music/out/Rancid/_And Out Come The Wolves/01 Maxwell Murder.mp3; [-574.10846   , 130.78445   ,  -7.4492927 ,  31.204395  ,   7.095542  ,    2.3603187 ,   0.08330362,   5.1186604 ,  -4.8105016 ,  -4.047401  ,   -5.106862  ,  -6.2901816 ,  -7.1366124 ]; [[25716.1269659 ,-4705.43349221,-2724.68995105,  709.46429427,    986.91878758,  422.91782293,  172.55323282,  939.01501914,    166.11662894,  257.02883245,  199.02245408, -159.7966697 ,   -213.8675577 ], [-4705.43349221, 3065.58810929,  612.6340821 ,  -56.050594  ,   -334.04324237, -171.37703166,  -74.83266426, -317.14166038,    -80.70044893, -107.75353492, -117.11787247,   -1.60139329,     40.8525308 ], [-2724.68995105,  612.6340821 ,  740.72408632,  -51.43772403,   -153.03853307,  -43.26605481,  -33.18807488, -131.33824443,    -36.72197237,  -60.1718641 ,  -44.39302822,   33.61503494,     35.01591527], [  709.46429427,  -56.050594  ,  -51.43772403,  296.03861372,    160.06139464,   69.84843447,   -5.0808916 ,   56.31015762,     29.45202044,   18.36264783,   -8.60157784,   12.17350595,     27.25081059], [  986.91878758, -334.04324237, -153.03853307,  160.06139464,    292.75841487,  107.60915041,   12.94419205,   83.35331027,     54.43013631,   37.88267989,   12.71975824,   -2.81777472,      3.24340719], [  422.91782293, -171.37703166,  -43.26605481,   69.84843447,    107.60915041,  136.64890754,   45.05144699,   49.19324278,     27.67906682,   14.54095411,   16.72155645,    9.40861681,     -1.83466886], [  172.55323282,  -74.83266426,  -33.18807488,   -5.0808916 ,     12.94419205,   45.05144699,  138.29418808,   65.59720741,      6.52572017,   -3.83957796,   12.81732838,   17.03412167,     -9.1288786 ], [  939.01501914, -317.14166038, -131.33824443,   56.31015762,     83.35331027,   49.19324278,   65.59720741,  149.6226853 ,     44.07405729,   20.19631285,   24.05320261,   13.14595031,     -4.1702514 ], [  166.11662894,  -80.70044893,  -36.72197237,   29.45202044,     54.43013631,   27.67906682,    6.52572017,   44.07405729,     82.82552108,   47.93894475,   21.72602128,    0.92592749,      7.25751331], [  257.02883245, -107.75353492,  -60.1718641 ,   18.36264783,     37.88267989,   14.54095411,   -3.83957796,   20.19631285,     47.93894475,   86.1540449 ,   34.1601439 ,   -2.39663225,      7.80676984], [  199.02245408, -117.11787247,  -44.39302822,   -8.60157784,     12.71975824,   16.72155645,   12.81732838,   24.05320261,     21.72602128,   34.1601439 ,   73.11759178,   22.52141227,    -13.61803192], [ -159.7966697 ,   -1.60139329,   33.61503494,   12.17350595,     -2.81777472,    9.40861681,   17.03412167,   13.14595031,      0.92592749,   -2.39663225,   22.52141227,   56.88092793,     18.03605569], [ -213.8675577 ,   40.8525308 ,   35.01591527,   27.25081059,      3.24340719,   -1.83466886,   -9.1288786 ,   -4.1702514 ,      7.25751331,    7.80676984,  -13.61803192,   18.03605569,     68.93289973]]
/root/sim/music/out/Rancid/_And Out Come The Wolves/17 As Wicked.mp3; [-510.969    , 116.27066  , -25.482641 ,  30.39801  ,   3.944293 ,   -1.0621378,   7.760785 ,   6.972426 ,  -1.4460107,  -0.9392422,   -3.1907952,  -3.8836884,  -4.63964  ]; [[7526.48155678,   8.82399185, 119.37532666,-236.38871877,  35.76167934,    10.16220714, -67.77317202,  41.331307  ,  31.5850808 ,  -1.76609098,   -30.59136963,-110.8225401 ,-127.0607209 ], [   8.82399185, 921.18460086,-235.32436992, 104.47860401, -10.43121008,  -111.46785629,  60.1828573 , -20.14442177,  22.69639215,  16.49735043,   -13.65171704,  40.50083658,  33.08585905], [ 119.37532666,-235.32436992, 457.67480726, -38.50047659,  90.92751752,    43.27937772, -10.92757675,   1.4457109 ,   0.57912194, -15.5692017 ,    26.0617106 ,  22.81496943,  21.58584886], [-236.38871877, 104.47860401, -38.50047659, 198.9020644 ,  34.57039975,    28.41089389,  10.68207861,  15.7489213 ,  14.83026813,   6.89202782,    -4.25295769,  20.64533715,  39.39651756], [  35.76167934, -10.43121008,  90.92751752,  34.57039975, 166.46443119,    24.88507432,  24.12687596,   9.64273826,  32.40626458,  23.77116994,     9.99710593,  -0.00567805,   9.62662144], [  10.16220714,-111.46785629,  43.27937772,  28.41089389,  24.88507432,   107.0564958 ,  22.43225906,  26.67262202,   3.25726083,  -5.57062553,     6.12064586,  -0.36064654,   2.86083582], [ -67.77317202,  60.1828573 , -10.92757675,  10.68207861,  24.12687596,    22.43225906, 126.6006371 ,  53.27486289,  20.24375496,   0.18229043,    -0.01682816,  17.98791449,   6.80344414], [  41.331307  , -20.14442177,   1.4457109 ,  15.7489213 ,   9.64273826,    26.67262202,  53.27486289,  84.05709431,  33.37358363,   8.24823897,    -2.15495951,   1.45758811,   5.17213105], [  31.5850808 ,  22.69639215,   0.57912194,  14.83026813,  32.40626458,     3.25726083,  20.24375496,  33.37358363,  73.638228  ,  40.27492877,    15.04931137,  -3.47054681,   0.11568667], [  -1.76609098,  16.49735043, -15.5692017 ,   6.89202782,  23.77116994,    -5.57062553,   0.18229043,   8.24823897,  40.27492877,  72.8468263 ,    32.02789465,   3.17993931,  -5.19543419], [ -30.59136963, -13.65171704,  26.0617106 ,  -4.25295769,   9.99710593,     6.12064586,  -0.01682816,  -2.15495951,  15.04931137,  32.02789465,    59.39838876,  19.86373656,   3.10505408], [-110.8225401 ,  40.50083658,  22.81496943,  20.64533715,  -0.00567805,    -0.36064654,  17.98791449,   1.45758811,  -3.47054681,   3.17993931,    19.86373656,  53.25285237,  28.56947761], [-127.0607209 ,  33.08585905,  21.58584886,  39.39651756,   9.62662144,     2.86083582,   6.80344414,   5.17213105,   0.11568667,  -5.19543419,     3.10505408,  28.56947761,  60.20202679]]
/root/sim/music/out/Rancid/_And Out Come The Wolves/08 Listed MIA.mp3; [-511.56015   , 104.93711   , -22.760555  ,  31.144161  ,   5.301359  ,    1.32847   ,   5.279502  ,  10.73506   ,  -0.02533636,  -1.5855417 ,   -1.4142869 ,  -5.3564644 ,  -4.9754453 ]; [[6322.69081382, 469.67942834,-310.62908462,-123.2826222 , -94.69876304,   -31.1627123 , -19.35747623,  33.18412638, -32.18211556, -58.38773652,   -43.36835697, -65.45321311, -47.95803053], [ 469.67942834, 588.23274573,-199.29842871, 118.20700644,   5.05684097,    -0.03233868,  32.43257786,  16.61263081,  26.20099469,  10.28971823,    24.31091338,  -8.97312228, -18.0448787 ], [-310.62908462,-199.29842871, 436.00027664,   1.63592741,  63.99278773,    37.06532844,   7.79978903,  25.49879722,  15.75710402,   0.49021147,     6.45435835,  16.84475087,  22.01458556], [-123.2826222 , 118.20700644,   1.63592741, 171.92964504,  53.93100708,    17.74380013,   2.77501255,  26.58581395,  35.14905708,  17.51877007,    10.69709564,   8.68700482,  17.41841821], [ -94.69876304,   5.05684097,  63.99278773,  53.93100708, 143.87630388,    34.38714682,  36.49885158,  24.89440628,  32.09607272,  14.65833754,     6.15437639,  -2.79568436,   9.3264086 ], [ -31.1627123 ,  -0.03233868,  37.06532844,  17.74380013,  34.38714682,   102.58645821,  51.48012044,  22.30905782,   6.80432365,   0.93487301,    14.30627851,  -0.05625547,  -1.27918653], [ -19.35747623,  32.43257786,   7.79978903,   2.77501255,  36.49885158,    51.48012044, 132.28208151,  39.71312436,  10.41501875,  -9.69179438,     5.01040594,  10.74423451,   6.80377069], [  33.18412638,  16.61263081,  25.49879722,  26.58581395,  24.89440628,    22.30905782,  39.71312436,  73.99853177,  32.31124779,  14.44581528,    10.5116639 ,   5.48127023,   7.73931246], [ -32.18211556,  26.20099469,  15.75710402,  35.14905708,  32.09607272,     6.80432365,  10.41501875,  32.31124779,  74.3457628 ,  40.10833157,    23.04040196,   3.78365514,   8.04666   ], [ -58.38773652,  10.28971823,   0.49021147,  17.51877007,  14.65833754,     0.93487301,  -9.69179438,  14.44581528,  40.10833157,  76.52144047,    34.35064928,  14.36947453,   3.43316585], [ -43.36835697,  24.31091338,   6.45435835,  10.69709564,   6.15437639,    14.30627851,   5.01040594,  10.5116639 ,  23.04040196,  34.35064928,    66.18856694,  22.85998708,   4.36356441], [ -65.45321311,  -8.97312228,  16.84475087,   8.68700482,  -2.79568436,    -0.05625547,  10.74423451,   5.48127023,   3.78365514,  14.36947453,    22.85998708,  50.52052381,  22.64347004], [ -47.95803053, -18.0448787 ,  22.01458556,  17.41841821,   9.3264086 ,    -1.27918653,   6.80377069,   7.73931246,   8.04666   ,   3.43316585,     4.36356441,  22.64347004,  50.00041647]]
/root/sim/music/out/Rancid/_And Out Come The Wolves/14 Disorder And Disarray.mp3; [-536.1267   , 118.89424  , -11.749183 ,  34.45777  ,  13.886707 ,    2.586836 ,   8.271275 ,  12.382908 ,   3.0235794,   2.0190096,   -4.07321  ,  -4.505555 ,  -4.857532 ]; [[9752.02293316, 188.03670382,-661.40300621,-158.06848538, 147.23229449,   272.07174577, 125.22893738, 101.8149053 ,-187.59652156,-124.7438798 ,    -3.5853559 ,-172.7535966 ,-111.01858273], [ 188.03670382,1314.40781424, -81.1287609 , 182.28080202,  25.69013414,  -117.04215645,  38.22468309,  30.91719295,  67.94102928,  67.95537048,     3.89634966,  29.86920384, -25.7752988 ], [-661.40300621, -81.1287609 , 606.34857868,   2.65791294,  61.70461938,   -50.83574485, -43.71335431,  -0.00511278,  33.53244351,   7.58711285,    11.20833408,  45.22682458,  51.11865515], [-158.06848538, 182.28080202,   2.65791294, 248.32416457,  38.06214179,    -7.58700951, -15.96215316,  21.07942102,  80.41048613,  34.44975993,   -16.40445031,   6.87035076,  11.70099689], [ 147.23229449,  25.69013414,  61.70461938,  38.06214179, 147.79474223,    28.75079876,  12.19632543,   8.9242649 ,  27.63101823,  14.5586513 ,    -2.73889133, -14.2820502 ,   2.95407203], [ 272.07174577,-117.04215645, -50.83574485,  -7.58700951,  28.75079876,   173.86693235,  60.53033568,  25.61826115,   7.23241824, -14.06012885,    -3.80767848, -23.88367285, -11.32711736], [ 125.22893738,  38.22468309, -43.71335431, -15.96215316,  12.19632543,    60.53033568, 146.00051764,  46.37392825,  -0.45984452, -11.18500257,     4.81560481,   6.15197171, -10.1507284 ], [ 101.8149053 ,  30.91719295,  -0.00511278,  21.07942102,   8.9242649 ,    25.61826115,  46.37392825,  82.57969183,  30.91357673,   6.80869027,    -1.84017512,  -4.04178591,  -5.00252634], [-187.59652156,  67.94102928,  33.53244351,  80.41048613,  27.63101823,     7.23241824,  -0.45984452,  30.91357673, 130.37176747,  53.73077197,    -6.3404001 ,  -5.85235426,  -2.83014662], [-124.7438798 ,  67.95537048,   7.58711285,  34.44975993,  14.5586513 ,   -14.06012885, -11.18500257,   6.80869027,  53.73077197,  97.29498605,    32.63521222,  14.55760278,  -6.82398067], [  -3.5853559 ,   3.89634966,  11.20833408, -16.40445031,  -2.73889133,    -3.80767848,   4.81560481,  -1.84017512,  -6.3404001 ,  32.63521222,    75.80816755,  31.55581947,   1.0705196 ], [-172.7535966 ,  29.86920384,  45.22682458,   6.87035076, -14.2820502 ,   -23.88367285,   6.15197171,  -4.04178591,  -5.85235426,  14.55760278,    31.55581947,  69.38029033,  22.32413519], [-111.01858273, -25.7752988 ,  51.11865515,  11.70099689,   2.95407203,   -11.32711736, -10.1507284 ,  -5.00252634,  -2.83014662,  -6.82398067,     1.0705196 ,  22.32413519,  58.17848716]]
/root/sim/music/out/Rancid/_And Out Come The Wolves/19 The Way I Feel.mp3; [-511.08423  ,  97.01398  , -18.541843 ,  26.82918  ,   9.913094 ,    4.140039 ,   9.402094 ,  11.283055 ,  -1.5697497,  -0.6602397,   -2.8420863,  -3.9571958,  -4.92336  ]; [[12273.08961399, 1409.91010133, -361.40745156,   85.69526   ,     33.46140214,   45.48473317,   65.31440683,  132.57606645,    -47.78578842,  -93.69026597,  -25.3809026 ,  -96.08455357,   -129.65095548], [ 1409.91010133,  567.91436825, -129.48370525,   61.27919964,     14.24268592,  -20.72791343,   32.97975731,   29.45097415,     33.28162202,   22.78122364,   21.93280066,    1.17817049,    -10.8905847 ], [ -361.40745156, -129.48370525,  313.16016205,   40.68074441,     53.11516068,   11.12445789,  -21.53441588,   18.47399719,     20.88935487,   16.82073253,   -9.92767101,   17.13188233,     21.3139004 ], [   85.69526   ,   61.27919964,   40.68074441,  159.87242426,     55.42289337,   18.79051114,   11.15213061,   18.20289764,      6.11195961,    8.10308621,  -12.46413567,    7.59157379,     35.09947679], [   33.46140214,   14.24268592,   53.11516068,   55.42289337,    118.6621062 ,   21.13925819,   17.78429421,   13.86425335,     21.92139742,   22.24123446,   -3.26547492,   -0.6744068 ,     12.99423264], [   45.48473317,  -20.72791343,   11.12445789,   18.79051114,     21.13925819,   82.84561054,   41.13603771,   19.72559954,      6.86332314,   -1.13241874,    5.64586246,    0.34920833,     -4.43900295], [   65.31440683,   32.97975731,  -21.53441588,   11.15213061,     17.78429421,   41.13603771,  125.29871292,   45.67520868,      4.38499129,  -15.74245434,   -8.80464391,    5.58836702,     10.96578995], [  132.57606645,   29.45097415,   18.47399719,   18.20289764,     13.86425335,   19.72559954,   45.67520868,   72.80978572,     32.54527473,   11.35195744,   -3.20298937,    2.51340421,      1.66099107], [  -47.78578842,   33.28162202,   20.88935487,    6.11195961,     21.92139742,    6.86332314,    4.38499129,   32.54527473,     73.88000473,   45.63202551,   18.71493208,   -3.22534757,     -7.14234688], [  -93.69026597,   22.78122364,   16.82073253,    8.10308621,     22.24123446,   -1.13241874,  -15.74245434,   11.35195744,     45.63202551,   80.29234499,   33.40221273,    5.2571344 ,     -2.84453397], [  -25.3809026 ,   21.93280066,   -9.92767101,  -12.46413567,     -3.26547492,    5.64586246,   -8.80464391,   -3.20298937,     18.71493208,   33.40221273,   61.81784338,   16.54799958,     -4.2881353 ], [  -96.08455357,    1.17817049,   17.13188233,    7.59157379,     -0.6744068 ,    0.34920833,    5.58836702,    2.51340421,     -3.22534757,    5.2571344 ,   16.54799958,   47.64260752,     21.35713946], [ -129.65095548,  -10.8905847 ,   21.3139004 ,   35.09947679,     12.99423264,   -4.43900295,   10.96578995,    1.66099107,     -7.14234688,   -2.84453397,   -4.2881353 ,   21.35713946,     60.62160837]]
/root/sim/music/out/Boyz Ⅱ Men/Motown_ A Journey Through Hitsville USA/05 Money (That's What I Want).mp3; [-517.2959    , 106.31281   ,  -2.5661328 ,  31.67227   ,   2.9353008 ,    6.446267  ,   4.2710223 ,   2.6219504 ,   5.9736586 ,   1.4790001 ,   -0.92328936,   4.09503   ,   0.416072  ]; [[18766.47306447,  402.36341547,  175.58530852,    2.09391657,     22.82247833,  -50.47142713,    1.24876378,  -23.23298148,    130.77919248,  103.41894871,   23.65370531,    0.35002112,    -41.00247243], [  402.36341547,  843.6286813 , -230.89710107,   32.08501466,    -94.37927827,   31.01701413,   29.42386647,   29.89008673,    -48.95006606,  -27.62300576,    4.49268086,   34.20056122,    -13.90572359], [  175.58530852, -230.89710107,  494.11093493,   -0.07783373,     70.60038433,   -2.54713606,   30.89732485,   31.38483601,     17.96080227,   19.66029908,   20.12837577,  -32.22698099,      5.03067369], [    2.09391657,   32.08501466,   -0.07783373,  332.29410502,     92.24108271,   30.37412221,   -6.56156906,   10.60328753,     34.04436692,    3.4815099 ,  -25.88523874,   19.15127792,     45.65976364], [   22.82247833,  -94.37927827,   70.60038433,   92.24108271,    186.11950064,   47.13651026,  -15.91318065,    6.06224424,     40.55589525,   34.16426346,    0.25253085,  -23.95203653,     11.63339321], [  -50.47142713,   31.01701413,   -2.54713606,   30.37412221,     47.13651026,  117.71581675,   34.26168348,   10.05651107,      3.40027738,    9.02592071,    8.12237694,  -10.05847692,     -0.9193837 ], [    1.24876378,   29.42386647,   30.89732485,   -6.56156906,    -15.91318065,   34.26168348,  156.85667205,   57.77235361,     22.61137254,   -5.42885341,    8.42332739,   46.15151648,     10.20858299], [  -23.23298148,   29.89008673,   31.38483601,   10.60328753,      6.06224424,   10.05651107,   57.77235361,   97.2883039 ,     30.10782678,   -7.07101048,   10.75515311,   23.58275295,      4.70602972], [  130.77919248,  -48.95006606,   17.96080227,   34.04436692,     40.55589525,    3.40027738,   22.61137254,   30.10782678,    105.46155039,   32.96696926,   -1.5955971 ,   26.50739181,     16.88605103], [  103.41894871,  -27.62300576,   19.66029908,    3.4815099 ,     34.16426346,    9.02592071,   -5.42885341,   -7.07101048,     32.96696926,   91.77938749,   23.20168029,  -16.84415358,     -3.70297479], [   23.65370531,    4.49268086,   20.12837577,  -25.88523874,      0.25253085,    8.12237694,    8.42332739,   10.75515311,     -1.5955971 ,   23.20168029,   85.30109378,   11.70004986,    -15.44460387], [    0.35002112,   34.20056122,  -32.22698099,   19.15127792,    -23.95203653,  -10.05847692,   46.15151648,   23.58275295,     26.50739181,  -16.84415358,   11.70004986,  115.38350429,     34.22871392], [  -41.00247243,  -13.90572359,    5.03067369,   45.65976364,     11.63339321,   -0.9193837 ,   10.20858299,    4.70602972,     16.88605103,   -3.70297479,  -15.44460387,   34.22871392,     79.77289144]]
