/root/sim/music/out/銀のフレーズ/10.mp3; [-1047.1753   ,   58.265324 ,   12.818514 ,    8.110242 ,   -1.7517515,    -1.7551862,   -4.9298773,   -2.3522885,  -11.858229 ,   -7.734013 ,    -6.8586326,   -5.450895 ,   -2.5725765]; [[60999.51075895,12527.32988067,  165.94215712,  323.46891567,  -2053.35479545,-1543.32779512,-2005.23910021, -853.82838515,  -3630.44057418,-2170.95707336,-1856.46422987,-1647.24775154,   -842.78510408], [12527.32988067, 6390.6636869 ,  520.76676762,   92.33142968,   -278.84520738, -438.02092236, -367.37617137, -154.92030194,  -1026.72454827, -547.38782911, -479.52451722, -553.92126848,   -302.30004643], [  165.94215712,  520.76676762, 1001.13300051,  399.15834454,    171.14890977,   -4.00529147,   19.26164324,  -14.9998999 ,    -42.03944924,  -62.93043888,  -59.91740029,  -12.04211534,     17.39371567], [  323.46891567,   92.33142968,  399.15834454,  696.11396682,    257.48316488,  -77.17977698, -108.36476548,    5.58061559,      3.8904518 ,  -78.47744295,  -19.49425696,   20.79734977,     12.967007  ], [-2053.35479545, -278.84520738,  171.14890977,  257.48316488,    626.39919875,  177.26207041,   -5.59667651,   48.30409829,    204.99139603,   71.69751086,  100.07193576,  129.66226592,     29.43811633], [-1543.32779512, -438.02092236,   -4.00529147,  -77.17977698,    177.26207041,  409.03706674,  127.2556285 ,   28.14990113,    168.40626469,  102.03020166,   86.65133402,   84.21608885,     10.64091192], [-2005.23910021, -367.37617137,   19.26164324, -108.36476548,     -5.59667651,  127.2556285 ,  275.06542159,   89.71190798,    112.04186814,  121.88805055,   77.15947796,   62.48843361,     53.69529043], [ -853.82838515, -154.92030194,  -14.9998999 ,    5.58061559,     48.30409829,   28.14990113,   89.71190798,  226.86078884,    100.11289797,   43.66962641,   66.51602068,   29.73794493,     36.60196021], [-3630.44057418,-1026.72454827,  -42.03944924,    3.8904518 ,    204.99139603,  168.40626469,  112.04186814,  100.11289797,    395.82546552,  155.54953958,  118.49037819,  136.20456659,     63.01577828], [-2170.95707336, -547.38782911,  -62.93043888,  -78.47744295,     71.69751086,  102.03020166,  121.88805055,   43.66962641,    155.54953958,  195.93238886,  110.23948076,   75.69062366,     47.18692243], [-1856.46422987, -479.52451722,  -59.91740029,  -19.49425696,    100.07193576,   86.65133402,   77.15947796,   66.51602068,    118.49037819,  110.23948076,  176.34582222,   99.70501522,     33.25902347], [-1647.24775154, -553.92126848,  -12.04211534,   20.79734977,    129.66226592,   84.21608885,   62.48843361,   29.73794493,    136.20456659,   75.69062366,   99.70501522,  156.29843321,     43.94228538], [ -842.78510408, -302.30004643,   17.39371567,   12.967007  ,     29.43811633,   10.64091192,   53.69529043,   36.60196021,     63.01577828,   47.18692243,   33.25902347,   43.94228538,     91.3278918 ]]
/root/sim/music/out/銀のフレーズ/02.mp3; [-983.3316    ,  72.37602   ,  14.684438  ,   9.817532  ,   0.41470724,   -3.8707235 ,  -7.0328455 ,  -1.8872683 , -14.367937  , -10.153876  ,   -9.111807  ,  -7.3097053 ,  -4.0850654 ]; [[63845.7948205 ,13185.32753591,  394.57736582,  576.47682579,  -1065.28580844,-1600.50498941,-2026.97383808, -489.543563  ,  -3474.29618022,-2183.63431113,-1942.06730855,-1811.76704432,   -993.39529758], [13185.32753591, 7468.17944421,  374.64556622,   37.52034735,   -142.35303504, -614.87747907, -461.87208441,    1.44652242,  -1075.9529529 , -533.30571282, -447.20755447, -579.30294581,   -328.50920737], [  394.57736582,  374.64556622, 1140.76301521,  408.39448499,    172.73085085,   31.26831734,   31.02049454,  -28.25451237,    -34.37499763,  -99.05437157,  -79.97884088,    9.91318534,      8.28941985], [  576.47682579,   37.52034735,  408.39448499,  824.341012  ,    311.90981922,  -36.43406728, -126.14953149,   -8.00090574,     52.77448977, -105.88045569,  -33.09404217,   24.62649518,     22.4332033 ], [-1065.28580844, -142.35303504,  172.73085085,  311.90981922,    595.49792246,  147.66289051,  -49.36550798,   20.5032022 ,    148.90015532,   44.97516667,   44.21238079,   88.09481683,     26.90954432], [-1600.50498941, -614.87747907,   31.26831734,  -36.43406728,    147.66289051,  429.9467384 ,  132.00652566,   -2.37430261,    165.59961551,  106.86467704,   73.29209976,   87.90901056,     22.5205261 ], [-2026.97383808, -461.87208441,   31.02049454, -126.14953149,    -49.36550798,  132.00652566,  298.9161894 ,   72.39761641,     98.88325587,  116.357744  ,   72.05994402,   76.07165201,     43.23037476], [ -489.543563  ,    1.44652242,  -28.25451237,   -8.00090574,     20.5032022 ,   -2.37430261,   72.39761641,  266.34502249,     51.02281663,   35.87264007,   56.19969395,    2.58856627,     34.67561094], [-3474.29618022,-1075.9529529 ,  -34.37499763,   52.77448977,    148.90015532,  165.59961551,   98.88325587,   51.02281663,    387.97847852,  138.94397574,  106.51564012,  135.60923403,     63.71348477], [-2183.63431113, -533.30571282,  -99.05437157, -105.88045569,     44.97516667,  106.86467704,  116.357744  ,   35.87264007,    138.94397574,  219.72692385,  105.08819054,   69.49938112,     47.25302   ], [-1942.06730855, -447.20755447,  -79.97884088,  -33.09404217,     44.21238079,   73.29209976,   72.05994402,   56.19969395,    106.51564012,  105.08819054,  183.37160431,   86.41615933,     37.66590553], [-1811.76704432, -579.30294581,    9.91318534,   24.62649518,     88.09481683,   87.90901056,   76.07165201,    2.58856627,    135.60923403,   69.49938112,   86.41615933,  166.09493672,     55.09783267], [ -993.39529758, -328.50920737,    8.28941985,   22.4332033 ,     26.90954432,   22.5205261 ,   43.23037476,   34.67561094,     63.71348477,   47.25302   ,   37.66590553,   55.09783267,    114.31220163]]
/root/sim/music/out/銀のフレーズ/07.mp3; [-986.82983  ,  70.02747  ,  13.80403  ,  11.228943 ,   1.6888366,   -4.111518 ,  -8.038247 ,  -1.607527 , -13.802629 , -10.400868 ,   -9.38381  ,  -7.058652 ,  -3.5333345]; [[63443.11094976,12702.77393309,  305.22353897,  975.94166557,   -831.10876696,-1729.42894338,-2262.59335223, -464.1771688 ,  -3435.94762914,-2303.00817763,-2002.28414172,-1747.97782792,   -862.58869701], [12702.77393309, 7227.02347883,  379.78642194,  125.33959185,     25.24820395, -576.21641741, -500.52682807,  -12.49940651,  -1014.19274472, -545.52219243, -440.49022514, -547.83504745,   -314.72725905], [  305.22353897,  379.78642194, 1074.55044371,  372.69936959,    166.4432109 ,   66.6405861 ,   40.72425488,  -25.42436227,    -19.93128373,  -92.43992497,  -81.58522939,   13.96183161,      2.51489635], [  975.94166557,  125.33959185,  372.69936959,  840.22369882,    293.20899336,  -65.46362195, -146.56710662,    0.76121711,     21.57636352, -127.17840569,  -48.98380773,   12.26042197,     11.06078441], [ -831.10876696,   25.24820395,  166.4432109 ,  293.20899336,    609.30622354,  138.64816709,  -56.97276883,   20.84353263,    122.25933416,   39.84386061,   31.27778013,   78.81264729,     14.55276228], [-1729.42894338, -576.21641741,   66.6405861 ,  -65.46362195,    138.64816709,  414.08010337,  136.69021356,    1.68927102,    171.75104181,  112.8282862 ,   75.27479061,   82.76696114,     29.33635682], [-2262.59335223, -500.52682807,   40.72425488, -146.56710662,    -56.97276883,  136.69021356,  304.39939428,   63.15131975,    115.17424427,  121.15561968,   79.24375488,   83.98130959,     41.51380177], [ -464.1771688 ,  -12.49940651,  -25.42436227,    0.76121711,     20.84353263,    1.68927102,   63.15131975,  249.91177887,     56.8135512 ,   25.96571309,   52.08773164,   15.47299711,     24.4251257 ], [-3435.94762914,-1014.19274472,  -19.93128373,   21.57636352,    122.25933416,  171.75104181,  115.17424427,   56.8135512 ,    387.96945614,  147.13879358,   95.78219484,  125.4564393 ,     54.07119809], [-2303.00817763, -545.52219243,  -92.43992497, -127.17840569,     39.84386061,  112.8282862 ,  121.15561968,   25.96571309,    147.13879358,  228.11643577,  108.11349817,   73.6431501 ,     45.08652715], [-2002.28414172, -440.49022514,  -81.58522939,  -48.98380773,     31.27778013,   75.27479061,   79.24375488,   52.08773164,     95.78219484,  108.11349817,  182.84983961,   84.76599266,     38.47128802], [-1747.97782792, -547.83504745,   13.96183161,   12.26042197,     78.81264729,   82.76696114,   83.98130959,   15.47299711,    125.4564393 ,   73.6431501 ,   84.76599266,  155.27399188,     50.63233742], [ -862.58869701, -314.72725905,    2.51489635,   11.06078441,     14.55276228,   29.33635682,   41.51380177,   24.4251257 ,     54.07119809,   45.08652715,   38.47128802,   50.63233742,    109.29398399]]
/root/sim/music/out/銀のフレーズ/15.mp3; [-976.40375  ,  72.35587  ,  12.544271 ,  11.610337 ,   1.6418933,   -4.277384 ,  -9.239399 ,  -2.4120433, -15.389452 , -11.259363 ,   -9.913303 ,  -7.0272894,  -3.0078237]; [[61463.14349736,12529.1035696 ,  -26.40170821,  987.92888699,   -715.12047673,-1657.26798844,-2366.73608702, -507.98161463,  -3492.35819767,-2263.01186989,-1973.16857502,-1646.17492143,   -719.86112835], [12529.1035696 , 7521.76501584,  187.65458118,  136.93710501,     45.72347692, -619.78355907, -612.60658593, -105.66231376,  -1099.01106695, -566.90388758, -458.36373016, -588.3995556 ,   -279.02629708], [  -26.40170821,  187.65458118, 1075.39026212,  337.78045313,    143.31785195,   83.94402453,   58.9033294 ,  -31.96441912,     21.63588519,  -89.74523218,  -71.86765217,   29.67624913,      9.13282253], [  987.92888699,  136.93710501,  337.78045313,  869.21728765,    310.35738419,  -69.40220598, -148.74970224,    3.43059971,      9.32221942, -136.97805957,  -47.18680905,   13.99285446,     14.3167082 ], [ -715.12047673,   45.72347692,  143.31785195,  310.35738419,    630.53413508,  138.1585169 ,  -71.14126397,   23.14365519,     94.74371748,   27.56609965,   54.87613297,   78.19242027,     17.42434011], [-1657.26798844, -619.78355907,   83.94402453,  -69.40220598,    138.1585169 ,  426.59333945,  149.6073998 ,    5.30301796,    170.60342525,  113.11083198,   82.41623681,   86.52805524,     22.8597037 ], [-2366.73608702, -612.60658593,   58.9033294 , -148.74970224,    -71.14126397,  149.6073998 ,  342.86175216,   65.83768026,    129.74785386,  132.26533802,   86.00555685,   88.89696914,     40.24260886], [ -507.98161463, -105.66231376,  -31.96441912,    3.43059971,     23.14365519,    5.30301796,   65.83768026,  255.87405017,     51.77405198,   32.54317077,   62.79597395,   22.28000509,     30.01761578], [-3492.35819767,-1099.01106695,   21.63588519,    9.32221942,     94.74371748,  170.60342525,  129.74785386,   51.77405198,    414.55334745,  149.53640022,   95.66879105,  129.77350536,     48.34736604], [-2263.01186989, -566.90388758,  -89.74523218, -136.97805957,     27.56609965,  113.11083198,  132.26533802,   32.54317077,    149.53640022,  236.40400551,  114.71242177,   68.31277098,     46.15592298], [-1973.16857502, -458.36373016,  -71.86765217,  -47.18680905,     54.87613297,   82.41623681,   86.00555685,   62.79597395,     95.66879105,  114.71242177,  201.79692707,   90.18674941,     31.14771004], [-1646.17492143, -588.3995556 ,   29.67624913,   13.99285446,     78.19242027,   86.52805524,   88.89696914,   22.28000509,    129.77350536,   68.31277098,   90.18674941,  161.62281297,     44.93873113], [ -719.86112835, -279.02629708,    9.13282253,   14.3167082 ,     17.42434011,   22.8597037 ,   40.24260886,   30.01761578,     48.34736604,   46.15592298,   31.14771004,   44.93873113,    111.01668853]]
/root/sim/music/out/銀のフレーズ/05.mp3; [-930.2586   ,  87.32883  ,  15.237985 ,  17.438631 ,   1.8299582,   -2.5135543, -10.875353 ,  -1.8675383, -18.71245  , -13.804375 ,  -10.260796 , -10.919829 ,  -4.792654 ]; [[58722.77696201,11684.28272138, -527.00661008, 1341.10834713,  -1029.49424508,-1236.8921845 ,-2365.45102485, -213.19418351,  -3422.55389616,-2165.58293891,-1469.71554805,-2018.88780732,   -804.60672364], [11684.28272138, 7055.03308761,  173.76288908,  257.73384354,    -28.32936569, -479.97846121, -547.7438554 ,  155.51001485,  -1059.7383239 , -635.18047893, -247.5346331 , -616.09791106,   -235.10315128], [ -527.00661008,  173.76288908, 1205.47930062,  455.6066439 ,    189.49846656,   48.86118062,  104.31394445,  -48.18112526,     36.53129598,  -87.91463916, -102.96336285,   45.93268653,     -5.26071105], [ 1341.10834713,  257.73384354,  455.6066439 ,  990.80854233,    343.62409924,  -76.63017732, -204.60382701,   36.13460208,     -7.34742771, -171.54732513,  -75.91731819,  -22.40272692,     12.68110879], [-1029.49424508,  -28.32936569,  189.49846656,  343.62409924,    714.67082051,  185.76384231,  -46.84367485,  -22.47141648,    131.69347126,   67.5723095 ,   36.75523766,   99.95264918,     34.89364596], [-1236.8921845 , -479.97846121,   48.86118062,  -76.63017732,    185.76384231,  437.083903  ,  134.69505219,  -50.38946016,    148.11581631,  114.481525  ,   46.5161413 ,   93.30562435,      3.13829331], [-2365.45102485, -547.7438554 ,  104.31394445, -204.60382701,    -46.84367485,  134.69505219,  362.61392522,   52.20644118,    137.54353021,  141.63215374,   74.30993812,  116.80914506,     33.66485821], [ -213.19418351,  155.51001485,  -48.18112526,   36.13460208,    -22.47141648,  -50.38946016,   52.20644118,  316.49560999,     41.87352188,  -13.96760451,   63.76829541,   -4.66035403,     30.96487606], [-3422.55389616,-1059.7383239 ,   36.53129598,   -7.34742771,    131.69347126,  148.11581631,  137.54353021,   41.87352188,    391.21671746,  157.91449971,   72.69809594,  150.92873442,     56.5608436 ], [-2165.58293891, -635.18047893,  -87.91463916, -171.54732513,     67.5723095 ,  114.481525  ,  141.63215374,  -13.96760451,    157.91449971,  261.21906552,   99.42694005,  100.82006379,     49.16276819], [-1469.71554805, -247.5346331 , -102.96336285,  -75.91731819,     36.75523766,   46.5161413 ,   74.30993812,   63.76829541,     72.69809594,   99.42694005,  182.13731206,   81.34857097,     31.02075992], [-2018.88780732, -616.09791106,   45.93268653,  -22.40272692,     99.95264918,   93.30562435,  116.80914506,   -4.66035403,    150.92873442,  100.82006379,   81.34857097,  194.80408126,     55.93312503], [ -804.60672364, -235.10315128,   -5.26071105,   12.68110879,     34.89364596,    3.13829331,   33.66485821,   30.96487606,     56.5608436 ,   49.16276819,   31.02075992,   55.93312503,    119.67759192]]
/root/sim/music/out/銀のフレーズ/14.mp3; [-1046.2036    ,   53.62774   ,    9.26288   ,    7.5920286 ,    -0.18245938,   -1.198941  ,   -6.2767544 ,   -2.3492644 ,   -12.139336  ,   -7.9045844 ,   -6.4629283 ,   -5.6442785 ,    -2.7919798 ]; [[61951.72859988,12348.52607425, -182.42114665,  460.37632855,  -1200.31964216,-1222.56590739,-2252.28769786, -700.62709028,  -3620.58284316,-2213.46809547,-1793.96575573,-1713.15361851,   -847.85642249], [12348.52607425, 6402.12309853,  210.56198486,  -70.69420204,     31.83703772, -371.56518209, -475.48836247, -157.3158865 ,  -1018.88444343, -474.26009512, -384.79444118, -543.93133829,   -301.63178379], [ -182.42114665,  210.56198486,  903.05838368,  367.05654903,    129.86258855,    9.7082998 ,   41.21174278,  -48.11658077,    -21.23304878,  -61.65349051,  -58.26444369,   10.88397648,     13.9497684 ], [  460.37632855,  -70.69420204,  367.05654903,  716.72937319,    201.21012094,  -63.83526424,  -83.12494348,  -14.03413867,      5.99441759,  -83.48562921,  -29.7878936 ,   19.83964286,     20.27342024], [-1200.31964216,   31.83703772,  129.86258855,  201.21012094,    541.09734549,  123.35689017,    3.54268366,   25.49341464,    100.15908504,   71.64421728,   91.34339643,   83.10477956,     18.11693651], [-1222.56590739, -371.56518209,    9.7082998 ,  -63.83526424,    123.35689017,  388.47774266,  103.50985156,   12.66582301,    143.33534158,   81.67941804,   75.38701333,   71.79512959,      2.63378492], [-2252.28769786, -475.48836247,   41.21174278,  -83.12494348,      3.54268366,  103.50985156,  263.96458726,   72.4033787 ,    122.708828  ,  119.79879781,   80.76092142,   89.64431243,     48.35132824], [ -700.62709028, -157.3158865 ,  -48.11658077,  -14.03413867,     25.49341464,   12.66582301,   72.4033787 ,  205.29950726,     86.35200717,   41.77977259,   53.25382542,   25.87315261,     28.99611405], [-3620.58284316,-1018.88444343,  -21.23304878,    5.99441759,    100.15908504,  143.33534158,  122.708828  ,   86.35200717,    388.96314433,  141.66480733,  102.20685886,  129.41577687,     58.45610541], [-2213.46809547, -474.26009512,  -61.65349051,  -83.48562921,     71.64421728,   81.67941804,  119.79879781,   41.77977259,    141.66480733,  197.43166567,  120.31568577,   85.65732324,     46.66916644], [-1793.96575573, -384.79444118,  -58.26444369,  -29.7878936 ,     91.34339643,   75.38701333,   80.76092142,   53.25382542,    102.20685886,  120.31568577,  173.634595  ,   94.68158043,     34.33858602], [-1713.15361851, -543.93133829,   10.88397648,   19.83964286,     83.10477956,   71.79512959,   89.64431243,   25.87315261,    129.41577687,   85.65732324,   94.68158043,  151.26970131,     46.91974193], [ -847.85642249, -301.63178379,   13.9497684 ,   20.27342024,     18.11693651,    2.63378492,   48.35132824,   28.99611405,     58.45610541,   46.66916644,   34.33858602,   46.91974193,     86.14897826]]
/root/sim/music/out/銀のフレーズ/03.mp3; [-972.9722   ,  71.40145  ,  14.529684 ,  11.570223 ,   0.9105687,   -4.872088 ,  -7.6542244,  -1.6544317, -14.232578 , -10.443081 ,   -9.871556 ,  -7.2814016,  -3.3277376]; [[64310.96527715,12777.35163174,  387.73241567,  967.38900347,   -907.38882719,-1776.37625793,-2165.09024764, -455.18864476,  -3371.91111936,-2213.97823513,-2047.34804089,-1761.82617074,   -817.97724913], [12777.35163174, 7464.00739059,  372.41933012,  120.26233411,    -92.21262782, -647.70433069, -516.23806303,    0.61225049,  -1063.89118994, -564.83032542, -451.97450077, -564.2846946 ,   -299.53855978], [  387.73241567,  372.41933012, 1128.88372551,  402.90468684,    168.90513614,   36.53447454,   49.93815466,  -14.13223601,    -31.58135277,  -91.7727141 ,  -71.65838587,   16.48013034,      9.23784015], [  967.38900347,  120.26233411,  402.90468684,  847.7245088 ,    296.28001985,  -71.8893702 , -147.56660317,    2.84928354,     23.6366475 , -123.68806722,  -37.12711737,   11.5731604 ,     17.4954774 ], [ -907.38882719,  -92.21262782,  168.90513614,  296.28001985,    588.722337  ,  136.53937339,  -56.94393486,   19.51633264,    127.3217029 ,   30.17452545,   37.6940039 ,   84.46094884,     24.43537632], [-1776.37625793, -647.70433069,   36.53447454,  -71.8893702 ,    136.53937339,  441.78092524,  150.92090321,   -1.35623055,    174.12283973,  117.30233867,   71.13881948,   84.95360357,     26.13616232], [-2165.09024764, -516.23806303,   49.93815466, -147.56660317,    -56.94393486,  150.92090321,  320.66255468,   67.10903789,    107.04407798,  123.79022093,   77.85990102,   79.09707782,     40.01748798], [ -455.18864476,    0.61225049,  -14.13223601,    2.84928354,     19.51633264,   -1.35623055,   67.10903789,  249.02906167,     44.97637761,   29.13459804,   57.38053947,    8.4402758 ,     25.98473956], [-3371.91111936,-1063.89118994,  -31.58135277,   23.6366475 ,    127.3217029 ,  174.12283973,  107.04407798,   44.97637761,    377.90751367,  142.7050219 ,  101.08058609,  132.79597723,     58.0048505 ], [-2213.97823513, -564.83032542,  -91.7727141 , -123.68806722,     30.17452545,  117.30233867,  123.79022093,   29.13459804,    142.7050219 ,  221.03108066,  103.09685107,   70.78136362,     47.6642304 ], [-2047.34804089, -451.97450077,  -71.65838587,  -37.12711737,     37.6940039 ,   71.13881948,   77.85990102,   57.38053947,    101.08058609,  103.09685107,  187.93878248,   83.01314666,     34.7895209 ], [-1761.82617074, -564.2846946 ,   16.48013034,   11.5731604 ,     84.46094884,   84.95360357,   79.09707782,    8.4402758 ,    132.79597723,   70.78136362,   83.01314666,  163.29588116,     49.29593525], [ -817.97724913, -299.53855978,    9.23784015,   17.4954774 ,     24.43537632,   26.13616232,   40.01748798,   25.98473956,     58.0048505 ,   47.6642304 ,   34.7895209 ,   49.29593525,    107.93917938]]
/root/sim/music/out/銀のフレーズ/06.mp3; [-959.42596  ,  80.267204 ,  16.566975 ,  13.811081 ,   1.519754 ,   -4.6305733,  -8.341199 ,  -1.9176795, -15.853599 , -10.075425 ,  -10.1403055,  -7.9213257,  -4.2864084]; [[62017.4485317 ,12754.4490036 ,  330.11771449, 1122.51793102,   -717.71267851,-1614.47106463,-2177.16767252, -323.95537453,  -3371.75391144,-1926.88976126,-1849.77629286,-1737.50758555,   -930.56292731], [12754.4490036 , 7614.53795453,  534.99508441,  171.6570645 ,     27.66164308, -619.04813687, -448.97126617,    1.41160254,  -1111.61702886, -516.50979083, -418.54737531, -567.18498923,   -319.97485857], [  330.11771449,  534.99508441, 1216.67034244,  446.50295462,    115.41289953,   28.55300763,   59.59428487,  -27.19019931,    -48.87148671,  -98.42018149, -102.76213189,   -2.2053876 ,     15.82554766], [ 1122.51793102,  171.6570645 ,  446.50295462,  914.714657  ,    288.8594147 , -105.7450595 , -165.10447407,  -18.38822998,      4.46295851, -148.03068665,  -76.80013065,   14.20416048,     32.53289365], [ -717.71267851,   27.66164308,  115.41289953,  288.8594147 ,    596.77944233,  143.94187674,  -70.01514893,  -14.49547422,    101.45363447,   25.63513796,   36.748862  ,   96.1178234 ,     28.34522378], [-1614.47106463, -619.04813687,   28.55300763, -105.7450595 ,    143.94187674,  436.75637797,  145.92543024,  -15.83292122,    184.59023931,  115.4449604 ,   68.05352741,   92.64784452,     20.54627894], [-2177.16767252, -448.97126617,   59.59428487, -165.10447407,    -70.01514893,  145.92543024,  342.0327569 ,   61.45158555,    103.98270283,  130.86841799,   74.37309568,   84.12426609,     39.00683209], [ -323.95537453,    1.41160254,  -27.19019931,  -18.38822998,    -14.49547422,  -15.83292122,   61.45158555,  274.70223646,     50.58087598,   24.04340526,   59.77721453,    4.20712292,     14.8796097 ], [-3371.75391144,-1111.61702886,  -48.87148671,    4.46295851,    101.45363447,  184.59023931,  103.98270283,   50.58087598,    395.55755016,  129.33355109,   95.49844612,  134.90549268,     64.63593639], [-1926.88976126, -516.50979083,  -98.42018149, -148.03068665,     25.63513796,  115.4449604 ,  130.86841799,   24.04340526,    129.33355109,  239.37631548,  104.22399247,   72.42085617,     43.13394793], [-1849.77629286, -418.54737531, -102.76213189,  -76.80013065,     36.748862  ,   68.05352741,   74.37309568,   59.77721453,     95.49844612,  104.22399247,  191.20222037,   76.69652925,     24.94419129], [-1737.50758555, -567.18498923,   -2.2053876 ,   14.20416048,     96.1178234 ,   92.64784452,   84.12426609,    4.20712292,    134.90549268,   72.42085617,   76.69652925,  171.78555817,     53.1195643 ], [ -930.56292731, -319.97485857,   15.82554766,   32.53289365,     28.34522378,   20.54627894,   39.00683209,   14.8796097 ,     64.63593639,   43.13394793,   24.94419129,   53.1195643 ,    114.09568125]]
/root/sim/music/out/銀のフレーズ/08.mp3; [-977.6413   ,  72.060875 ,  14.167806 ,  11.819528 ,   1.2347509,   -4.18754  ,  -8.733438 ,  -2.1229405, -14.887893 , -11.135984 ,   -9.636592 ,  -6.938941 ,  -3.3017132]; [[62523.31662116,12485.61427018,  305.61574058, 1036.85967292,   -921.34772624,-1678.95300841,-2277.79615795, -466.73517298,  -3464.69316592,-2366.24174054,-1966.90963863,-1654.90439681,   -797.5458524 ], [12485.61427018, 7696.7071583 ,  321.76303665,  109.79922882,      2.44063516, -626.44016801, -534.96837702,  -62.48803114,  -1092.46040525, -526.95348724, -413.07767923, -557.01826275,   -302.45006842], [  305.61574058,  321.76303665, 1087.52801586,  353.56630607,    174.9171609 ,   68.17030748,   25.25188056,  -47.66328905,     -2.72109254,  -83.98192095,  -86.31886271,   17.21768085,      3.61922401], [ 1036.85967292,  109.79922882,  353.56630607,  872.45083362,    292.55568674,  -79.60787112, -167.31129439,    0.17085052,     12.3161134 , -121.50104347,  -41.27100565,   20.70423047,     15.28138529], [ -921.34772624,    2.44063516,  174.9171609 ,  292.55568674,    596.74799375,  148.30344846,  -49.46750044,   19.87832407,    120.24098735,   35.91111345,   48.36615264,   77.30007531,     23.90070854], [-1678.95300841, -626.44016801,   68.17030748,  -79.60787112,    148.30344846,  435.74934014,  155.65342805,    6.77476778,    170.63536427,  114.9398995 ,   71.57785005,   81.15952373,     32.9597056 ], [-2277.79615795, -534.96837702,   25.25188056, -167.31129439,    -49.46750044,  155.65342805,  322.97239218,   64.16063424,    114.15609602,  131.00996075,   78.81038432,   75.78618372,     40.16136559], [ -466.73517298,  -62.48803114,  -47.66328905,    0.17085052,     19.87832407,    6.77476778,   64.16063424,  260.42333728,     54.81573607,   21.46267237,   55.50419026,   13.61284013,     20.26615426], [-3464.69316592,-1092.46040525,   -2.72109254,   12.3161134 ,    120.24098735,  170.63536427,  114.15609602,   54.81573607,    402.39368812,  153.06636657,   92.29989833,  123.83051154,     56.62897294], [-2366.24174054, -526.95348724,  -83.98192095, -121.50104347,     35.91111345,  114.9398995 ,  131.00996075,   21.46267237,    153.06636657,  228.03253557,  104.75223591,   66.98151976,     46.61881369], [-1966.90963863, -413.07767923,  -86.31886271,  -41.27100565,     48.36615264,   71.57785005,   78.81038432,   55.50419026,     92.29989833,  104.75223591,  185.76715006,   84.53501957,     34.29440545], [-1654.90439681, -557.01826275,   17.21768085,   20.70423047,     77.30007531,   81.15952373,   75.78618372,   13.61284013,    123.83051154,   66.98151976,   84.53501957,  158.05349649,     51.80563745], [ -797.5458524 , -302.45006842,    3.61922401,   15.28138529,     23.90070854,   32.9597056 ,   40.16136559,   20.26615426,     56.62897294,   46.61881369,   34.29440545,   51.80563745,    109.20303994]]
/root/sim/music/out/銀のフレーズ/11.mp3; [-1010.17847  ,   66.5564   ,   13.166956 ,    9.71941  ,   -4.554199 ,    -4.906445 ,   -6.8132024,   -3.743523 ,  -14.305475 ,   -8.707992 ,   -10.169082 ,   -7.4276996,   -3.5780215]; [[65525.11016661,13372.30129133, -430.47817703,  379.72352592,  -2440.49931999,-1994.06331616,-2348.73938943,-1146.23416448,  -3879.36480257,-2184.30451312,-2410.58272258,-2067.56707502,   -945.947169  ], [13372.30129133, 6055.334439  ,  340.59439442,   92.62015615,   -465.98912965, -613.58507342, -484.23887856, -276.06708822,  -1012.31550091, -492.50529377, -614.07087058, -570.37375526,   -288.93340201], [ -430.47817703,  340.59439442, 1194.82688219,  509.38369302,    144.54317469,  -55.51770647,   90.31248773,  -45.68639167,    -45.1762839 ,  -78.28421336, -129.42038271,   45.31718541,     -2.83973685], [  379.72352592,   92.62015615,  509.38369302,  690.05609315,    146.31864687, -140.06635519,  -47.26915001,  -41.12211685,    -55.03790976,  -68.90879807,  -78.38160091,   17.65191679,     -8.1626635 ], [-2440.49931999, -465.98912965,  144.54317469,  146.31864687,    512.80653041,  190.01913542,   24.08723323,   70.19578599,    223.8825457 ,   59.37671191,  140.49795694,  128.52535333,     31.44773151], [-1994.06331616, -613.58507342,  -55.51770647, -140.06635519,    190.01913542,  444.74850579,  140.36475228,   84.58446314,    194.1251391 ,  110.60946547,  169.71658731,   88.0961879 ,     32.66213448], [-2348.73938943, -484.23887856,   90.31248773,  -47.26915001,     24.08723323,  140.36475228,  283.78602443,   86.01290873,    105.35747216,  116.32336001,   90.55694047,   88.14536279,     46.82101651], [-1146.23416448, -276.06708822,  -45.68639167,  -41.12211685,     70.19578599,   84.58446314,   86.01290873,  188.66503802,    108.55217355,   57.69824085,   95.39931265,   50.62710848,     21.66822386], [-3879.36480257,-1012.31550091,  -45.1762839 ,  -55.03790976,    223.8825457 ,  194.1251391 ,  105.35747216,  108.55217355,    392.37365836,  146.99956369,  165.91242935,  139.18957916,     58.65105065], [-2184.30451312, -492.50529377,  -78.28421336,  -68.90879807,     59.37671191,  110.60946547,  116.32336001,   57.69824085,    146.99956369,  182.50373263,  130.42063993,   66.2114451 ,     45.31012669], [-2410.58272258, -614.07087058, -129.42038271,  -78.38160091,    140.49795694,  169.71658731,   90.55694047,   95.39931265,    165.91242935,  130.42063993,  263.77283695,  125.8939687 ,     48.17719866], [-2067.56707502, -570.37375526,   45.31718541,   17.65191679,    128.52535333,   88.0961879 ,   88.14536279,   50.62710848,    139.18957916,   66.2114451 ,  125.8939687 ,  168.95450489,     54.2975902 ], [ -945.947169  , -288.93340201,   -2.83973685,   -8.1626635 ,     31.44773151,   32.66213448,   46.82101651,   21.66822386,     58.65105065,   45.31012669,   48.17719866,   54.2975902 ,     98.71807336]]
/root/sim/music/out/銀のフレーズ/04.mp3; [-984.02185  ,  70.03363  ,  14.82987  ,  10.863707 ,   1.059853 ,   -4.370054 ,  -7.3619013,  -1.4838531, -13.880607 ,  -9.925057 ,   -9.145738 ,  -6.7791405,  -3.7158298]; [[63340.36022421,12835.09653861,  501.81444958,  832.61600134,   -892.63032361,-1711.52350557,-2108.95180257, -455.85859843,  -3375.59838418,-2141.00419592,-1953.4393097 ,-1693.76520253,   -899.00550088], [12835.09653861, 7376.38365248,  447.77835794,   59.50309762,    -55.60324678, -621.19215582, -467.28900589,  -29.40265519,  -1058.43468737, -529.10700856, -443.43266997, -550.68920934,   -330.59587958], [  501.81444958,  447.77835794, 1111.43341918,  404.47199731,    154.51857964,   24.9129316 ,   34.25430099,  -16.21649473,    -43.68982821, -104.67415468,  -88.4900784 ,    7.08195816,      3.47446744], [  832.61600134,   59.50309762,  404.47199731,  853.24001018,    304.68809222,  -55.0991441 , -131.749709  ,   14.2714381 ,     28.22753148, -113.03602103,  -32.88694697,   19.42699413,     21.44589855], [ -892.63032361,  -55.60324678,  154.51857964,  304.68809222,    594.47275388,  133.54340849,  -66.15039517,   31.21749125,    125.22482315,   38.25650904,   41.13625919,   81.4437164 ,     24.80057352], [-1711.52350557, -621.19215582,   24.9129316 ,  -55.0991441 ,    133.54340849,  414.10953516,  134.39820534,   -0.29083876,    169.43495246,  113.18871852,   77.06944084,   80.86140661,     33.27966127], [-2108.95180257, -467.28900589,   34.25430099, -131.749709  ,    -66.15039517,  134.39820534,  310.07354045,   55.97613865,     99.01933193,  120.21104506,   74.05118074,   69.77425663,     41.01244331], [ -455.85859843,  -29.40265519,  -16.21649473,   14.2714381 ,     31.21749125,   -0.29083876,   55.97613865,  246.9779713 ,     57.5883789 ,   24.55128612,   50.36467645,   12.66402193,     26.41535259], [-3375.59838418,-1058.43468737,  -43.68982821,   28.22753148,    125.22482315,  169.43495246,   99.01933193,   57.5883789 ,    384.97222883,  136.7137194 ,  100.31842131,  130.65140131,     61.49363164], [-2141.00419592, -529.10700856, -104.67415468, -113.03602103,     38.25650904,  113.18871852,  120.21104506,   24.55128612,    136.7137194 ,  223.25569859,  105.01857454,   64.14072365,     46.91452068], [-1953.4393097 , -443.43266997,  -88.4900784 ,  -32.88694697,     41.13625919,   77.06944084,   74.05118074,   50.36467645,    100.31842131,  105.01857454,  188.85329555,   81.80615087,     34.74939135], [-1693.76520253, -550.68920934,    7.08195816,   19.42699413,     81.4437164 ,   80.86140661,   69.77425663,   12.66402193,    130.65140131,   64.14072365,   81.80615087,  156.57881393,     48.39178806], [ -899.00550088, -330.59587958,    3.47446744,   21.44589855,     24.80057352,   33.27966127,   41.01244331,   26.41535259,     61.49363164,   46.91452068,   34.74939135,   48.39178806,    112.3192771 ]]
/root/sim/music/out/銀のフレーズ/16.mp3; [-972.204     ,  74.5984    ,  12.331864  ,   8.940788  ,   0.34900182,   -4.5372634 ,  -7.772252  ,  -1.6430525 , -15.773016  , -10.736578  ,  -10.498572  ,  -6.64658   ,  -3.396517  ]; [[62024.30810644,13033.23267771, -207.77883183,  426.77850752,   -982.50026468,-1752.5726872 ,-2062.38290198, -342.18179708,  -3561.07521665,-2181.4841086 ,-2054.92710928,-1539.27250104,   -788.61457561], [13033.23267771, 7239.61719887,  191.67900818,  -64.7008383 ,   -152.75012437, -642.11870206, -450.19320751,  -32.07083036,  -1141.51164895, -543.38056987, -483.35781881, -541.13604775,   -309.96691325], [ -207.77883183,  191.67900818, 1086.8333108 ,  380.937335  ,    165.37044219,   68.0350831 ,   26.99534031,  -22.25228071,      3.80624661,  -85.21853805,  -62.07834812,   29.85395042,     24.88821554], [  426.77850752,  -64.7008383 ,  380.937335  ,  837.55401884,    273.13899376,  -49.58892609, -150.12601612,   -8.92987033,     39.50404756, -122.81414586,  -41.45924022,   28.5030897 ,     21.26783728], [ -982.50026468, -152.75012437,  165.37044219,  273.13899376,    582.61314989,  161.60841285,  -46.88613803,   22.86302668,    125.91365313,   32.92238797,   56.8313941 ,   95.11983226,     15.28352874], [-1752.5726872 , -642.11870206,   68.0350831 ,  -49.58892609,    161.60841285,  442.17057016,  144.2390361 ,   13.30313003,    183.15558007,  106.49315141,   92.36866823,   82.98926182,     27.0269633 ], [-2062.38290198, -450.19320751,   26.99534031, -150.12601612,    -46.88613803,  144.2390361 ,  327.04242526,   72.75615823,    103.74089142,  125.71244119,   84.0891107 ,   72.92256853,     34.88726724], [ -342.18179708,  -32.07083036,  -22.25228071,   -8.92987033,     22.86302668,   13.30313003,   72.75615823,  275.37685505,     34.16517719,   12.30921019,   71.52954643,   22.49608858,     25.92355511], [-3561.07521665,-1141.51164895,    3.80624661,   39.50404756,    125.91365313,  183.15558007,  103.74089142,   34.16517719,    413.33322856,  153.67258119,  101.96618187,  122.04145346,     53.6141656 ], [-2181.4841086 , -543.38056987,  -85.21853805, -122.81414586,     32.92238797,  106.49315141,  125.71244119,   12.30921019,    153.67258119,  233.7892648 ,  103.99356154,   65.48435112,     37.79662837], [-2054.92710928, -483.35781881,  -62.07834812,  -41.45924022,     56.8313941 ,   92.36866823,   84.0891107 ,   71.52954643,    101.96618187,  103.99356154,  211.49824825,   95.99737752,     35.60410801], [-1539.27250104, -541.13604775,   29.85395042,   28.5030897 ,     95.11983226,   82.98926182,   72.92256853,   22.49608858,    122.04145346,   65.48435112,   95.99737752,  167.79372063,     48.5174567 ], [ -788.61457561, -309.96691325,   24.88821554,   21.26783728,     15.28352874,   27.0269633 ,   34.88726724,   25.92355511,     53.6141656 ,   37.79662837,   35.60410801,   48.5174567 ,    112.09788164]]
/root/sim/music/out/銀のフレーズ/12.mp3; [-978.5744   ,  72.764366 ,  13.786059 ,  11.157429 ,   1.2545217,   -4.7231364,  -8.029952 ,  -2.5333967, -14.899403 , -11.048052 ,   -9.589275 ,  -6.8131814,  -3.1047432]; [[61753.1052103 ,12562.54279272,  222.01066207,  935.43141313,   -788.34753165,-1736.07575215,-2095.21312797, -515.68628934,  -3436.2658179 ,-2328.72389301,-1911.72581961,-1564.24518118,   -746.70507775], [12562.54279272, 7351.65715404,  362.78728225,   49.59334937,    -32.8226359 , -585.09423642, -492.54201965,  -78.43967822,  -1072.34976189, -569.19646837, -429.11905795, -553.19277528,   -271.35574938], [  222.01066207,  362.78728225, 1080.36299235,  333.63606295,    129.99421028,   38.52619236,   38.28948851,  -36.86382495,    -27.12419694,  -81.76895609,  -83.31692651,    1.33902325,      2.68846666], [  935.43141313,   49.59334937,  333.63606295,  844.24639863,    291.73956838,  -76.51143405, -154.43067389,   -0.91956256,     16.88667755, -120.62011885,  -37.05509626,   15.51288265,     14.42242589], [ -788.34753165,  -32.8226359 ,  129.99421028,  291.73956838,    610.18757584,  158.37967765,  -64.38468309,   19.11593087,    117.26436883,   31.26355963,   61.66834305,   83.55191396,     16.69719787], [-1736.07575215, -585.09423642,   38.52619236,  -76.51143405,    158.37967765,  444.38649307,  144.61778458,   10.09889405,    172.00844152,  121.78384458,   87.66947205,   83.70942675,     25.53688146], [-2095.21312797, -492.54201965,   38.28948851, -154.43067389,    -64.38468309,  144.61778458,  323.55509892,   79.38239855,    109.3306074 ,  125.20026284,   73.58686355,   72.25050259,     37.30710763], [ -515.68628934,  -78.43967822,  -36.86382495,   -0.91956256,     19.11593087,   10.09889405,   79.38239855,  270.9094457 ,     52.05228543,   23.79035146,   64.95211606,   18.91010253,     25.89435669], [-3436.2658179 ,-1072.34976189,  -27.12419694,   16.88667755,    117.26436883,  172.00844152,  109.3306074 ,   52.05228543,    408.14541677,  159.42690514,   92.797141  ,  124.97313854,     49.55133686], [-2328.72389301, -569.19646837,  -81.76895609, -120.62011885,     31.26355963,  121.78384458,  125.20026284,   23.79035146,    159.42690514,  237.32592744,  104.3451386 ,   68.64132822,     46.41637301], [-1911.72581961, -429.11905795,  -83.31692651,  -37.05509626,     61.66834305,   87.66947205,   73.58686355,   64.95211606,     92.797141  ,  104.3451386 ,  199.4828925 ,   88.11373932,     29.02477889], [-1564.24518118, -553.19277528,    1.33902325,   15.51288265,     83.55191396,   83.70942675,   72.25050259,   18.91010253,    124.97313854,   68.64132822,   88.11373932,  157.95522864,     43.88281681], [ -746.70507775, -271.35574938,    2.68846666,   14.42242589,     16.69719787,   25.53688146,   37.30710763,   25.89435669,     49.55133686,   46.41637301,   29.02477889,   43.88281681,    108.00743463]]
