/root/sim/music/out/いとうかなこ/RASTER/14 RASTER.mp3; [-521.33856   , 106.193     , -22.180801  ,  31.115614  ,  11.457272  ,    6.600803  ,   5.0905337 ,   0.26554683,   1.1720963 ,  -2.7388005 ,   -5.725656  ,  -6.634073  ,  -5.912516  ]; [[18485.99389243,-1502.25935126,-1039.3564508 ,  185.64776976,   -203.46349292,  201.83207702,  142.37029153,   19.76451769,     79.60596889,   85.77077182,  123.02680374,   80.13022468,    -11.02126424], [-1502.25935126, 1370.8207019 , -198.92302678,   98.18088806,     43.87782393,  -46.93255377,   28.92488847,    7.93093591,     38.80546598,  -37.34071799,  -21.82536666,  -65.46801756,    -30.26821206], [-1039.3564508 , -198.92302678,  710.48096813,   61.03727942,     93.80754682,  -35.94183805,  -48.27181414,   12.19784903,    -34.41408546,   12.55386264,  -15.19698702,   26.04613894,     29.24941167], [  185.64776976,   98.18088806,   61.03727942,  377.89932843,     70.8171671 ,   -3.24046412,  -40.9808256 ,   -5.67332578,     36.22773224,  -39.56520497,    9.68741147,    1.78503934,     12.45045464], [ -203.46349292,   43.87782393,   93.80754682,   70.8171671 ,    150.23475472,   29.13837611,   11.63468991,   16.20502934,     12.80551806,   16.56826954,    6.48810888,   12.84896434,      9.06827723], [  201.83207702,  -46.93255377,  -35.94183805,   -3.24046412,     29.13837611,  163.46286815,   73.21975358,   27.68999001,      6.94190502,   20.45108613,   30.35532357,    6.13075054,     15.01503244], [  142.37029153,   28.92488847,  -48.27181414,  -40.9808256 ,     11.63468991,   73.21975358,  121.01321504,   43.13691713,     12.60506295,   15.32622613,   28.09862559,   18.05673533,     14.15179265], [   19.76451769,    7.93093591,   12.19784903,   -5.67332578,     16.20502934,   27.68999001,   43.13691713,   89.78075852,     39.60524065,   17.64573872,   10.02567216,   12.759832  ,     11.83701552], [   79.60596889,   38.80546598,  -34.41408546,   36.22773224,     12.80551806,    6.94190502,   12.60506295,   39.60524065,     88.56512441,   30.7316191 ,   15.5475089 ,   -1.07680093,      5.43591156], [   85.77077182,  -37.34071799,   12.55386264,  -39.56520497,     16.56826954,   20.45108613,   15.32622613,   17.64573872,     30.7316191 ,   86.54561014,   28.38584401,   15.78462382,      1.62129667], [  123.02680374,  -21.82536666,  -15.19698702,    9.68741147,      6.48810888,   30.35532357,   28.09862559,   10.02567216,     15.5475089 ,   28.38584401,   71.53927647,   30.1186851 ,     14.64480104], [   80.13022468,  -65.46801756,   26.04613894,    1.78503934,     12.84896434,    6.13075054,   18.05673533,   12.759832  ,     -1.07680093,   15.78462382,   30.1186851 ,   74.00036958,     29.50883337], [  -11.02126424,  -30.26821206,   29.24941167,   12.45045464,      9.06827723,   15.01503244,   14.15179265,   11.83701552,      5.43591156,    1.62129667,   14.64480104,   29.50883337,     60.62632327]]
/root/sim/music/out/いとうかなこ/RASTER/07 キズナの結晶.mp3; [-493.7521    , 102.80709   ,  -6.0146494 ,  23.742624  ,  11.834957  ,    3.180061  ,   7.625125  ,   6.9628263 ,   5.909972  ,   6.703674  ,   -1.7387938 ,  -0.34104374,  -3.6010535 ]; [[11690.15021611,  791.90575153, -300.53747341,  423.60408474,    211.24007851,  213.39578713,  176.26671831,  137.70415838,    202.32138496,  191.48579504,   65.73853125,  109.48818082,     48.66696267], [  791.90575153,  809.75383761, -104.72475352,   82.82425271,     42.53490398,   14.92376127,   90.14539033,   31.06189092,     14.17629678,    9.53896685,   -8.7909148 ,  -11.20525633,    -11.04856763], [ -300.53747341, -104.72475352,  442.09731526,   28.21446334,     30.41139116,  -40.40074448,  -45.34095733,   16.12150744,    -22.19839523,  -10.75347337,   22.43761535,   -6.18384233,    -15.12929705], [  423.60408474,   82.82425271,   28.21446334,  264.76776716,     47.24067799,   -7.53578351,  -11.403001  ,   31.97868067,     57.84464175,   24.00223313,   22.20393774,   30.34315785,      5.39014222], [  211.24007851,   42.53490398,   30.41139116,   47.24067799,    114.68780141,   25.33834149,    9.90407498,    7.19590813,     15.74541693,   21.6116369 ,    8.74363304,    9.29628662,     11.39726543], [  213.39578713,   14.92376127,  -40.40074448,   -7.53578351,     25.33834149,  163.69556196,   58.61462527,    8.48868345,     11.58910486,   24.95719211,   19.39363228,    1.59284968,     13.35416109], [  176.26671831,   90.14539033,  -45.34095733,  -11.403001  ,      9.90407498,   58.61462527,  107.80521074,   29.03467542,      4.88459977,   12.93883369,   12.4066148 ,   13.87235025,      9.12399384], [  137.70415838,   31.06189092,   16.12150744,   31.97868067,      7.19590813,    8.48868345,   29.03467542,   95.14709738,     35.69067978,    4.33598668,    1.19953049,    4.37634969,     12.22431366], [  202.32138496,   14.17629678,  -22.19839523,   57.84464175,     15.74541693,   11.58910486,    4.88459977,   35.69067978,     85.73588084,   33.2944132 ,    0.15187814,    7.92882163,      8.16248169], [  191.48579504,    9.53896685,  -10.75347337,   24.00223313,     21.6116369 ,   24.95719211,   12.93883369,    4.33598668,     33.2944132 ,   72.64191515,   25.80001255,   11.49465085,      5.92372294], [   65.73853125,   -8.7909148 ,   22.43761535,   22.20393774,      8.74363304,   19.39363228,   12.4066148 ,    1.19953049,      0.15187814,   25.80001255,   59.81284548,   29.15659319,      7.70522275], [  109.48818082,  -11.20525633,   -6.18384233,   30.34315785,      9.29628662,    1.59284968,   13.87235025,    4.37634969,      7.92882163,   11.49465085,   29.15659319,   63.04360145,     24.21266897], [   48.66696267,  -11.04856763,  -15.12929705,    5.39014222,     11.39726543,   13.35416109,    9.12399384,   12.22431366,      8.16248169,    5.92372294,    7.70522275,   24.21266897,     51.51043803]]
/root/sim/music/out/いとうかなこ/RASTER/02 カオスロジック.mp3; [-509.90295   , 114.107796  , -14.822619  ,  42.77564   ,   5.3783674 ,    8.743923  ,   9.768053  ,   8.326374  ,   5.855086  ,   4.2006707 ,   -1.472647  ,   2.5906336 ,   0.14462677]; [[16668.87319497,  -46.79785463,  193.45456417, 1028.37739141,    511.99566518,  620.3922803 ,  454.35855486,  311.20510048,     96.22246396,  156.9091612 ,   83.43084664,  257.95529861,    272.14755233], [  -46.79785463,  992.8020151 , -232.71104124,  135.34828852,    -74.97139785,  -30.21918833,   30.59276649,  -40.78771561,    -20.92722058,  -43.77854444,  -26.78184971,  -18.99562154,    -47.86037966], [  193.45456417, -232.71104124,  653.38049037,   13.16048045,    115.98995541,  -29.71282533,  -11.77790942,   -6.23667034,      0.03202265,    5.60452302,   20.71757518,    1.63855772,     31.62017677], [ 1028.37739141,  135.34828852,   13.16048045,  378.51585533,     58.55537972,   22.62536345,    1.85629056,    9.33464396,     17.46944577,    6.1450013 ,    3.35504035,   26.08315904,     -0.89069283], [  511.99566518,  -74.97139785,  115.98995541,   58.55537972,    193.14340879,   39.46489773,   44.68981299,   34.64707937,     12.44947138,   31.63396014,   16.4748247 ,   28.25406321,     22.61338502], [  620.3922803 ,  -30.21918833,  -29.71282533,   22.62536345,     39.46489773,  195.75087075,   63.6588794 ,   45.31481485,     -2.84800015,   21.38365652,   17.61019407,   17.53414703,     26.69782347], [  454.35855486,   30.59276649,  -11.77790942,    1.85629056,     44.68981299,   63.6588794 ,  133.52624334,   45.7761712 ,     23.60857024,   18.26382001,   17.04162179,   34.30090946,     23.6068017 ], [  311.20510048,  -40.78771561,   -6.23667034,    9.33464396,     34.64707937,   45.31481485,   45.7761712 ,  116.2080527 ,     33.741886  ,   26.69903407,    9.53426645,   13.35039072,     11.96547633], [   96.22246396,  -20.92722058,    0.03202265,   17.46944577,     12.44947138,   -2.84800015,   23.60857024,   33.741886  ,     84.68963213,   28.52784796,   12.12534732,    3.24979255,      2.08238822], [  156.9091612 ,  -43.77854444,    5.60452302,    6.1450013 ,     31.63396014,   21.38365652,   18.26382001,   26.69903407,     28.52784796,   71.0561835 ,   23.41586313,   17.50614634,      5.2763809 ], [   83.43084664,  -26.78184971,   20.71757518,    3.35504035,     16.4748247 ,   17.61019407,   17.04162179,    9.53426645,     12.12534732,   23.41586313,   59.51468607,   24.27544457,     13.52530217], [  257.95529861,  -18.99562154,    1.63855772,   26.08315904,     28.25406321,   17.53414703,   34.30090946,   13.35039072,      3.24979255,   17.50614634,   24.27544457,   67.28642867,     28.37125919], [  272.14755233,  -47.86037966,   31.62017677,   -0.89069283,     22.61338502,   26.69782347,   23.6068017 ,   11.96547633,      2.08238822,    5.2763809 ,   13.52530217,   28.37125919,     61.46659537]]
/root/sim/music/out/いとうかなこ/RASTER/11 Geometric space.mp3; [-579.0125   , 110.388695 ,   6.789867 ,  23.818192 ,   1.3628099,   -3.3402643,   2.3619778,   3.5830927,  -4.3403387,   1.7545707,   -5.271018 ,   0.4250784,  -5.7295976]; [[34333.4789947 ,-1399.69231125, -986.55966094, 2499.08534717,   1304.47819947,  739.26778335,  589.95407689,  566.85339247,    291.69492189,  480.61132212,  148.32848345,  437.17209252,     13.46321259], [-1399.69231125, 1869.88558203,  311.95215685, -176.84910817,   -124.13676858,  -13.91171891,   46.86794035,   -5.28903564,    -65.07166743,  -61.89184875,  -22.17299569,  -58.07450839,    -61.7370653 ], [ -986.55966094,  311.95215685,  777.55539317, -166.35665073,   -118.93193104,   -8.80122463,  -21.5349502 ,  -23.38700575,    -45.56564796,  -80.16686769,   -3.78795106,  -35.16141772,     10.32264617], [ 2499.08534717, -176.84910817, -166.35665073,  562.92608523,    221.24795474,   98.82193523,   81.90988268,  112.49130283,     94.91434279,   81.86720288,   56.02005507,   75.69520028,      5.40577156], [ 1304.47819947, -124.13676858, -118.93193104,  221.24795474,    250.75249589,   54.76184951,   54.25458603,   52.25073872,     56.19337824,   53.87953835,   28.77763533,   44.42756143,     20.02989033], [  739.26778335,  -13.91171891,   -8.80122463,   98.82193523,     54.76184951,  224.67385132,   77.78964844,   43.03533278,     26.50835696,   26.77737479,   29.72191183,    1.87251899,     12.86947731], [  589.95407689,   46.86794035,  -21.5349502 ,   81.90988268,     54.25458603,   77.78964844,  164.49777432,   76.04238896,     16.45406834,   14.74080011,   19.0663062 ,   31.59843183,     14.16292494], [  566.85339247,   -5.28903564,  -23.38700575,  112.49130283,     52.25073872,   43.03533278,   76.04238896,  138.22685334,     75.52334243,   22.09922533,   19.30481475,   22.64176425,     25.21827177], [  291.69492189,  -65.07166743,  -45.56564796,   94.91434279,     56.19337824,   26.50835696,   16.45406834,   75.52334243,    148.50161877,   67.6539501 ,   23.80003788,   18.57306859,     22.32094963], [  480.61132212,  -61.89184875,  -80.16686769,   81.86720288,     53.87953835,   26.77737479,   14.74080011,   22.09922533,     67.6539501 ,  123.75414469,   64.15802411,   17.96555688,     -2.85960677], [  148.32848345,  -22.17299569,   -3.78795106,   56.02005507,     28.77763533,   29.72191183,   19.0663062 ,   19.30481475,     23.80003788,   64.15802411,  121.2387586 ,   48.22765907,      9.63226526], [  437.17209252,  -58.07450839,  -35.16141772,   75.69520028,     44.42756143,    1.87251899,   31.59843183,   22.64176425,     18.57306859,   17.96555688,   48.22765907,  100.0467552 ,     36.20481403], [   13.46321259,  -61.7370653 ,   10.32264617,    5.40577156,     20.02989033,   12.86947731,   14.16292494,   25.21827177,     22.32094963,   -2.85960677,    9.63226526,   36.20481403,     81.22520429]]
/root/sim/music/out/いとうかなこ/RASTER/04 掟つしらつゆ.mp3; [-548.87115   , 116.1271    ,  -8.475392  ,  17.417887  ,   3.0951848 ,   -4.2351513 ,  -2.4819694 ,   0.36503425,  -0.9801373 ,   0.7290606 ,   -4.935476  ,  -1.5453326 ,  -3.3403306 ]; [[21243.0060734 ,-1088.93334698, -567.90887763, 1896.30451118,    669.19893515,  727.20304233,  733.43542612,  500.99662085,    479.84210814,  333.30210068,  252.92899479,  358.94119276,    153.5858577 ], [-1088.93334698, 1473.25919472, -194.71964495,   47.81148017,      6.27761628,    5.14195637,  -61.75576295,  -25.42262946,    -50.29124876,   -1.30032449,  -20.17426342,  -59.25063896,      2.28182038], [ -567.90887763, -194.71964495,  673.62010613, -201.9312183 ,     60.65151747,  -23.24774998,  -78.07594178,  -52.32209779,    -19.85576681,  -21.59625518,    2.26869967,  -23.36356944,     -7.81600955], [ 1896.30451118,   47.81148017, -201.9312183 ,  668.34341156,    167.60992036,  147.46946432,  128.16627399,  106.38308601,    110.52252423,   67.34567438,   84.86813505,   67.32472637,     49.34165907], [  669.19893515,    6.27761628,   60.65151747,  167.60992036,    228.50238125,   92.11086501,   47.8097621 ,   33.71675531,     37.24980094,   28.80072227,   37.85125118,   18.78770426,     20.31562423], [  727.20304233,    5.14195637,  -23.24774998,  147.46946432,     92.11086501,  250.86250457,   93.65801749,   55.02125374,     50.62910117,   36.93120357,   50.43504478,   18.1898647 ,     23.98353546], [  733.43542612,  -61.75576295,  -78.07594178,  128.16627399,     47.8097621 ,   93.65801749,  159.52723939,   66.2080631 ,     44.54602331,   34.6872621 ,   25.85618898,   22.9784454 ,     15.07843717], [  500.99662085,  -25.42262946,  -52.32209779,  106.38308601,     33.71675531,   55.02125374,   66.2080631 ,  115.07044072,     49.84703052,   29.32739022,   13.66020186,    7.6241535 ,     15.12702271], [  479.84210814,  -50.29124876,  -19.85576681,  110.52252423,     37.24980094,   50.62910117,   44.54602331,   49.84703052,    102.37724342,   42.3750435 ,   27.62320664,   20.13327245,      9.72104535], [  333.30210068,   -1.30032449,  -21.59625518,   67.34567438,     28.80072227,   36.93120357,   34.6872621 ,   29.32739022,     42.3750435 ,   84.56985185,   29.98494158,   16.23075262,      5.29346244], [  252.92899479,  -20.17426342,    2.26869967,   84.86813505,     37.85125118,   50.43504478,   25.85618898,   13.66020186,     27.62320664,   29.98494158,   89.0644503 ,   30.05109334,     17.83450406], [  358.94119276,  -59.25063896,  -23.36356944,   67.32472637,     18.78770426,   18.1898647 ,   22.9784454 ,    7.6241535 ,     20.13327245,   16.23075262,   30.05109334,   83.13376465,     24.70215651], [  153.5858577 ,    2.28182038,   -7.81600955,   49.34165907,     20.31562423,   23.98353546,   15.07843717,   15.12702271,      9.72104535,    5.29346244,   17.83450406,   24.70215651,     58.8477295 ]]
/root/sim/music/out/The Jesus And Mary Chain/Automatic/01 Here Comes Alice.mp3; [-633.0422   , 108.25616  ,   4.9510317,  36.123528 ,   4.447281 ,    5.2508345,  -3.2504678,   8.121528 ,   2.115692 ,  -0.4152808,   -2.5132515,   1.9909055,  -1.9172142]; [[15838.45004359,  268.52581641,-1485.55693321,   26.03894887,   -136.32752009, -338.29358456, -247.66846501,   74.33016126,    -54.21804882, -198.63644965, -163.59424832,   74.53617164,     36.05446846], [  268.52581641, 1224.12645304, -512.01221811,  200.94268028,    -51.85611222,  -35.18608359,   77.68127381,  -56.67006037,     60.69275612,  -82.93387334,  -43.88601366,   24.76564899,    -33.16432496], [-1485.55693321, -512.01221811, 1058.02040517, -195.69502329,     72.86172721,  155.26576985,   -6.09125756,   61.04789845,    -34.41171254,  134.59119153,   92.0715853 ,  -36.22274243,     25.64293871], [   26.03894887,  200.94268028, -195.69502329,  220.5011551 ,     -6.92343869,  -16.85493059,   18.56691151,  -34.82423238,     19.55640584,  -30.00601025,  -24.15178223,   13.19467626,     -6.34699486], [ -136.32752009,  -51.85611222,   72.86172721,   -6.92343869,     97.89665967,   -3.49553618,    7.929937  ,    7.6252427 ,     -1.82583972,    9.41059814,    5.33304143,    0.74023785,      8.60534099], [ -338.29358456,  -35.18608359,  155.26576985,  -16.85493059,     -3.49553618,   91.80133466,   21.63724884,   16.78071786,      1.53708816,   22.3093958 ,   20.00693996,   -5.12533545,     -0.21038383], [ -247.66846501,   77.68127381,   -6.09125756,   18.56691151,      7.929937  ,   21.63724884,   83.21927694,    7.38475979,     26.5482722 ,   -3.92399103,    7.49914429,    6.93393195,      4.1664007 ], [   74.33016126,  -56.67006037,   61.04789845,  -34.82423238,      7.6252427 ,   16.78071786,    7.38475979,   69.78166718,      1.61862987,   29.77482222,   16.27993779,   -0.58249796,      9.81472903], [  -54.21804882,   60.69275612,  -34.41171254,   19.55640584,     -1.82583972,    1.53708816,   26.5482722 ,    1.61862987,     72.97467959,    3.73649267,    4.11995717,   15.62447765,      9.70455196], [ -198.63644965,  -82.93387334,  134.59119153,  -30.00601025,      9.41059814,   22.3093958 ,   -3.92399103,   29.77482222,      3.73649267,   73.84345769,   36.28911656,    1.24604213,     10.14735984], [ -163.59424832,  -43.88601366,   92.0715853 ,  -24.15178223,      5.33304143,   20.00693996,    7.49914429,   16.27993779,      4.11995717,   36.28911656,   59.78691428,   13.5501386 ,     12.04230952], [   74.53617164,   24.76564899,  -36.22274243,   13.19467626,      0.74023785,   -5.12533545,    6.93393195,   -0.58249796,     15.62447765,    1.24604213,   13.5501386 ,   50.34081031,     18.60656576], [   36.05446846,  -33.16432496,   25.64293871,   -6.34699486,      8.60534099,   -0.21038383,    4.1664007 ,    9.81472903,      9.70455196,   10.14735984,   12.04230952,   18.60656576,     44.97158048]]
/root/sim/music/out/The Jesus And Mary Chain/Automatic/09 Half Way To Crazy.mp3; [-576.97174   ,  91.83301   ,  -8.024772  ,  42.645885  ,  11.334139  ,   -0.40453687,  -6.3096237 ,   0.6528406 ,  -8.105753  ,  -6.9555306 ,   -5.042912  ,  -4.9535055 ,  -6.3805766 ]; [[5885.45602059,-717.64721907,-294.30751754,-162.71810186,-214.53804704,  -110.61296782,-185.27145003,  25.3677092 ,  16.28004838, 126.99920028,   108.33624898,  96.35216006, 140.36461799], [-717.64721907, 686.89141694,-289.64140486, 149.19172422,  38.36460932,    -8.4298644 ,  87.01926439,   5.98920116,   6.72208425, -44.27820302,   -26.2174383 ,  14.08252861, -65.12850472], [-294.30751754,-289.64140486, 629.93406774,-102.52051711,  17.68912286,    67.1157269 , -20.18434559,  -8.62305868,  -4.78632436,  33.85009651,    33.28292817, -47.50653623,  48.73650115], [-162.71810186, 149.19172422,-102.52051711, 202.46391035,  59.28315065,     4.02171216,   1.59118914, -16.48797068,  -6.80378058, -29.64906241,   -24.6054239 ,   3.65939684,  -4.60590075], [-214.53804704,  38.36460932,  17.68912286,  59.28315065, 127.70618852,    22.92859965,  35.26293356,   4.94794034,  -1.80526888, -14.87416704,    -3.64820083,   8.08591699,  -1.05115022], [-110.61296782,  -8.4298644 ,  67.1157269 ,   4.02171216,  22.92859965,    82.37912166,  34.11359041,  12.24497235,   3.4261629 ,   1.23401503,     5.30045903,   6.82369635,   4.91772717], [-185.27145003,  87.01926439, -20.18434559,   1.59118914,  35.26293356,    34.11359041, 103.69647888,  31.91741521,  13.09591115,  -2.75857209,     4.8471982 ,  16.72359741, -11.18482867], [  25.3677092 ,   5.98920116,  -8.62305868, -16.48797068,   4.94794034,    12.24497235,  31.91741521,  65.27691388,  22.82693683,  11.90649838,     7.81834197,   9.80461442,   3.44370545], [  16.28004838,   6.72208425,  -4.78632436,  -6.80378058,  -1.80526888,     3.4261629 ,  13.09591115,  22.82693683,  69.06961723,  26.43157037,     6.65666517,   9.72031758,  -7.20447924], [ 126.99920028, -44.27820302,  33.85009651, -29.64906241, -14.87416704,     1.23401503,  -2.75857209,  11.90649838,  26.43157037,  75.78953589,    34.81906884,   2.17737562,   6.64957924], [ 108.33624898, -26.2174383 ,  33.28292817, -24.6054239 ,  -3.64820083,     5.30045903,   4.8471982 ,   7.81834197,   6.65666517,  34.81906884,    66.58853563,  19.29861359,   9.68706995], [  96.35216006,  14.08252861, -47.50653623,   3.65939684,   8.08591699,     6.82369635,  16.72359741,   9.80461442,   9.72031758,   2.17737562,    19.29861359,  67.49174298,  19.9779341 ], [ 140.36461799, -65.12850472,  48.73650115,  -4.60590075,  -1.05115022,     4.91772717, -11.18482867,   3.44370545,  -7.20447924,   6.64957924,     9.68706995,  19.9779341 ,  68.1470712 ]]
/root/sim/music/out/The Jesus And Mary Chain/Automatic/10 Gimme Hell.mp3; [-577.9682    , 101.39194   , -27.598158  ,  38.185436  ,   3.2577784 ,    1.0955716 ,  -7.4474316 ,   0.4391903 ,  -3.1757264 ,  -4.85547   ,   -0.44373468,   3.2897842 ,  -4.977791  ]; [[14193.33742191,  551.27765729,   40.95563942,  594.94560854,    301.6651983 ,  159.91019588,  -75.2300781 ,  189.64235224,    -63.72489887,    3.61854649,   99.10404026,   90.36564909,    -48.71254642], [  551.27765729,  593.94768307, -289.84792502,   95.61731655,    -78.04785793,  -41.87538198,  -33.00875939,  -46.21028162,    -41.39404318,  -42.49403978,  -34.74561647,  -11.6089769 ,    -33.28348008], [   40.95563942, -289.84792502,  865.17212831, -100.18808211,    122.428228  ,   39.11032936,   24.19574053,  111.28221828,     21.4938523 ,   45.99205176,   33.16431885,  -38.69941528,     40.04455304], [  594.94560854,   95.61731655, -100.18808211,  157.46597448,     42.42533297,   14.92102142,    0.4568458 ,    6.31580366,     -0.07685142,   -3.00847803,   -1.99740551,   11.62840831,     -6.01702164], [  301.6651983 ,  -78.04785793,  122.428228  ,   42.42533297,    131.9330081 ,   24.67080602,   30.95587412,   28.4156803 ,     10.31603107,    8.7392654 ,   10.6668193 ,    3.1481838 ,      2.48505312], [  159.91019588,  -41.87538198,   39.11032936,   14.92102142,     24.67080602,   80.4115778 ,   29.48665906,   29.18852637,      6.52097504,   10.56545411,    7.66139175,   -3.34642903,     -1.9031974 ], [  -75.2300781 ,  -33.00875939,   24.19574053,    0.4568458 ,     30.95587412,   29.48665906,   91.32577688,   36.96536261,     19.99698205,    9.02511525,    3.5519718 ,   -3.62006073,    -13.82684573], [  189.64235224,  -46.21028162,  111.28221828,    6.31580366,     28.4156803 ,   29.18852637,   36.96536261,   81.8960044 ,     30.89615409,   26.55292734,    7.74800431,   -7.1778566 ,     -1.78607247], [  -63.72489887,  -41.39404318,   21.4938523 ,   -0.07685142,     10.31603107,    6.52097504,   19.99698205,   30.89615409,     66.12579628,   34.74970195,    9.71329795,    2.15660862,      0.89677829], [    3.61854649,  -42.49403978,   45.99205176,   -3.00847803,      8.7392654 ,   10.56545411,    9.02511525,   26.55292734,     34.74970195,   62.10951187,   25.78941228,    8.13342482,      3.27066408], [   99.10404026,  -34.74561647,   33.16431885,   -1.99740551,     10.6668193 ,    7.66139175,    3.5519718 ,    7.74800431,      9.71329795,   25.78941228,   54.05153954,   24.10995482,     12.11724182], [   90.36564909,  -11.6089769 ,  -38.69941528,   11.62840831,      3.1481838 ,   -3.34642903,   -3.62006073,   -7.1778566 ,      2.15660862,    8.13342482,   24.10995482,   51.41804687,     21.10098647], [  -48.71254642,  -33.28348008,   40.04455304,   -6.01702164,      2.48505312,   -1.9031974 ,  -13.82684573,   -1.78607247,      0.89677829,    3.27066408,   12.11724182,   21.10098647,     48.20959939]]
/root/sim/music/out/The Jesus And Mary Chain/Automatic/12 Sunray.mp3; [-670.42053  ,  94.96243  , -34.68194  ,  41.170704 ,  12.135431 ,    6.949164 ,  -3.1909952,   8.680567 ,  -3.0167234,  -5.453738 ,    7.9927554,  -2.0998385,  -5.965233 ]; [[21192.51781632,  -96.18926148, -974.72313072,  767.43739452,    467.3888859 ,  110.02085351,   45.65784127,   99.51732371,   -175.18721256, -244.67603641,   56.05252726, -112.43920635,   -287.82975471], [  -96.18926148, 1556.77129193, -566.22828597,  229.89635234,   -227.82924811,   -5.52359138, -178.532358  ,   95.25007965,     -7.57266297,    2.88879681,   92.58794016,  -69.71332862,    -17.55313308], [ -974.72313072, -566.22828597, 1614.54466013, -161.63921089,    296.94002158,   32.18433798,  216.79104585,  -70.93814784,     90.26422852,   80.03561348, -105.79613534,  105.65640621,     28.87820819], [  767.43739452,  229.89635234, -161.63921089,  322.66913605,     71.35937132,   93.67937021,   11.784397  ,   69.21644355,     22.56222493,   10.20451798,   57.30042617,   16.20899969,      3.24233614], [  467.3888859 , -227.82924811,  296.94002158,   71.35937132,    347.64367257,  129.5865887 ,  192.81881138,   90.34303818,    100.02707079,   58.44001905,   49.19317993,   73.43975861,     26.3372447 ], [  110.02085351,   -5.52359138,   32.18433798,   93.67937021,    129.5865887 ,  146.78046703,  112.46770246,   88.02272911,     62.33256364,   41.11671245,   37.5416884 ,   30.97745007,     16.14540418], [   45.65784127, -178.532358  ,  216.79104585,   11.784397  ,    192.81881138,  112.46770246,  201.33937821,  106.76756162,    111.3739959 ,   69.04428755,   41.41028252,   54.68943407,     33.63745031], [   99.51732371,   95.25007965,  -70.93814784,   69.21644355,     90.34303818,   88.02272911,  106.76756162,  144.64936959,    100.54570248,   55.94173661,   57.2082786 ,   27.92747145,     23.97806877], [ -175.18721256,   -7.57266297,   90.26422852,   22.56222493,    100.02707079,   62.33256364,  111.3739959 ,  100.54570248,    123.62916065,   74.38298986,   50.7499824 ,   44.15165353,     34.35673725], [ -244.67603641,    2.88879681,   80.03561348,   10.20451798,     58.44001905,   41.11671245,   69.04428755,   55.94173661,     74.38298986,   74.78976445,   47.44794434,   34.29878904,     24.79265416], [   56.05252726,   92.58794016, -105.79613534,   57.30042617,     49.19317993,   37.5416884 ,   41.41028252,   57.2082786 ,     50.7499824 ,   47.44794434,   84.85097419,   37.92760317,     24.17360924], [ -112.43920635,  -69.71332862,  105.65640621,   16.20899969,     73.43975861,   30.97745007,   54.68943407,   27.92747145,     44.15165353,   34.29878904,   37.92760317,   64.82021706,     36.65904215], [ -287.82975471,  -17.55313308,   28.87820819,    3.24233614,     26.3372447 ,   16.14540418,   33.63745031,   23.97806877,     34.35673725,   24.79265416,   24.17360924,   36.65904215,     51.27894434]]
/root/sim/music/out/The Jesus And Mary Chain/Automatic/07 Head On.mp3; [-607.92896   , 102.06493   ,  -1.4741455 ,  42.45447   ,  12.943957  ,    4.497827  ,   0.35607365,   4.6734147 ,  -1.867137  ,  -1.116897  ,    1.6416467 ,   1.0133994 ,  -1.7988224 ]; [[12814.33471682, -586.36865416, -625.10781809,  378.00116728,    -85.23924449,  -97.89256989, -192.73909499,  -50.97149929,    -50.65329633,   85.70552112,   59.99040383,   20.38796142,    -26.90060782], [ -586.36865416, 1129.747528  , -120.39875082,  -32.1576238 ,     15.73202607,   29.21582144,   98.11506514,   26.10571016,     45.79896004,  -38.54427038,    0.29066467,  -19.37422916,    -21.74595898], [ -625.10781809, -120.39875082,  757.51386762, -169.18018924,     62.75311126,   61.87126364,   19.17349948,   12.50392232,     39.82904585,   40.32957735,   -7.4233775 ,   44.52813948,     21.93455799], [  378.00116728,  -32.1576238 , -169.18018924,  273.1529886 ,     23.33608518,  -28.03986248,  -31.10478117,  -23.48803882,    -12.25219412,  -14.91170879,    3.64584407,  -16.75778791,     -4.91570919], [  -85.23924449,   15.73202607,   62.75311126,   23.33608518,    121.54929175,    3.84160958,   15.22783517,    2.76764247,     13.47473275,   -0.18006065,    2.84227057,    4.7920305 ,     -5.23389411], [  -97.89256989,   29.21582144,   61.87126364,  -28.03986248,      3.84160958,   86.97804882,   26.99363899,   11.3358571 ,      1.96333198,   -4.7075829 ,   -5.96063404,    1.48617373,     -2.55953693], [ -192.73909499,   98.11506514,   19.17349948,  -31.10478117,     15.22783517,   26.99363899,  106.99824368,   24.73468476,     19.75238087,   -0.64598104,    2.9958462 ,   -0.47755122,     -9.48547002], [  -50.97149929,   26.10571016,   12.50392232,  -23.48803882,      2.76764247,   11.3358571 ,   24.73468476,   65.40284158,     12.10967095,   -3.48545825,   -6.26842378,   -2.01282113,      4.20081176], [  -50.65329633,   45.79896004,   39.82904585,  -12.25219412,     13.47473275,    1.96333198,   19.75238087,   12.10967095,     66.74418461,   19.40422901,    4.08203378,   -1.31113936,     -6.2654091 ], [   85.70552112,  -38.54427038,   40.32957735,  -14.91170879,     -0.18006065,   -4.7075829 ,   -0.64598104,   -3.48545825,     19.40422901,   60.87371992,   18.13963341,    1.53498912,     -4.11627182], [   59.99040383,    0.29066467,   -7.4233775 ,    3.64584407,      2.84227057,   -5.96063404,    2.9958462 ,   -6.26842378,      4.08203378,   18.13963341,   52.61356389,   12.31062381,     -2.07093197], [   20.38796142,  -19.37422916,   44.52813948,  -16.75778791,      4.7920305 ,    1.48617373,   -0.47755122,   -2.01282113,     -1.31113936,    1.53498912,   12.31062381,   50.7695246 ,     17.99534472], [  -26.90060782,  -21.74595898,   21.93455799,   -4.91570919,     -5.23389411,   -2.55953693,   -9.48547002,    4.20081176,     -6.2654091 ,   -4.11627182,   -2.07093197,   17.99534472,     45.8083126 ]]
/root/sim/music/out/The Jesus And Mary Chain/Automatic/05 UV Ray.mp3; [-606.3339    ,  92.938736  , -20.965078  ,  44.219234  ,   9.148678  ,    2.9798853 ,  -4.2102146 ,   2.3272827 ,  -4.588308  ,  -5.1559668 ,    4.06485   ,   0.07576648,  -5.5134883 ]; [[13200.64405304,  137.49529462, -837.79546064,  493.28089255,    -30.31053876, -249.43630662, -183.34599623, -101.35051199,   -221.01164666, -143.52429143,   26.39824131,  -27.33522004,   -166.54268448], [  137.49529462, 1142.47744616, -446.69750551,  108.02757909,    -16.37968   ,   -2.52603319,   69.02081696,   11.04943261,    -53.14682531,   -9.71159662,   27.87597452,   14.61466941,    -52.11770016], [ -837.79546064, -446.69750551, 1271.23335684, -149.13736566,    128.29353954,   59.20387695,   33.79059307,   11.76109542,    119.65713614,   56.56059942,  -55.76600382,   17.27975217,     86.5619597 ], [  493.28089255,  108.02757909, -149.13736566,  299.55429293,     52.60164238,   11.67050706,  -27.87158501,    0.52196784,      6.55892224,  -18.80086959,   15.24309881,   24.02017014,     11.11412157], [  -30.31053876,  -16.37968   ,  128.29353954,   52.60164238,    175.35881896,   35.2347131 ,   45.25471814,   15.74556082,     17.74092416,   10.98606241,    6.32689018,   16.70758324,     10.53263365], [ -249.43630662,   -2.52603319,   59.20387695,   11.67050706,     35.2347131 ,  106.12454822,   49.21309414,   30.2091448 ,     21.28184831,   19.1512101 ,   14.38920071,    6.69343253,      5.27186261], [ -183.34599623,   69.02081696,   33.79059307,  -27.87158501,     45.25471814,   49.21309414,  124.57350555,   29.7844857 ,     10.01089355,   15.72811633,    2.53278876,    5.50856134,    -14.61755694], [ -101.35051199,   11.04943261,   11.76109542,    0.52196784,     15.74556082,   30.2091448 ,   29.7844857 ,   82.04395734,     41.96872076,   16.68089937,    7.62522796,    4.51135257,     15.21879264], [ -221.01164666,  -53.14682531,  119.65713614,    6.55892224,     17.74092416,   21.28184831,   10.01089355,   41.96872076,     97.67916624,   45.17795561,    8.17168816,    9.39511573,     27.5360948 ], [ -143.52429143,   -9.71159662,   56.56059942,  -18.80086959,     10.98606241,   19.1512101 ,   15.72811633,   16.68089937,     45.17795561,   71.05264803,   22.00818552,    7.89504089,      7.80159234], [   26.39824131,   27.87597452,  -55.76600382,   15.24309881,      6.32689018,   14.38920071,    2.53278876,    7.62522796,      8.17168816,   22.00818552,   60.7531681 ,   20.3020124 ,      8.60819711], [  -27.33522004,   14.61466941,   17.27975217,   24.02017014,     16.70758324,    6.69343253,    5.50856134,    4.51135257,      9.39511573,    7.89504089,   20.3020124 ,   52.47934233,     24.72162939], [ -166.54268448,  -52.11770016,   86.5619597 ,   11.11412157,     10.53263365,    5.27186261,  -14.61755694,   15.21879264,     27.5360948 ,    7.80159234,    8.60819711,   24.72162939,     65.88942043]]
/root/sim/music/out/The Jesus And Mary Chain/Automatic/08 Take It.mp3; [-570.93994   ,  79.96071   , -15.317232  ,  35.416428  ,   6.5735044 ,    2.9919271 ,  -8.746783  ,  -0.18059064,  -0.6464167 ,  -4.528767  ,   -4.1100707 ,   0.09582571,  -3.8129513 ]; [[7848.69654962,-102.93193071,-232.29881941,  14.7187042 ,-286.84874033,    61.37319033,  99.30358347,  -5.23432308, -50.99960856,  43.40715632,   -89.04085281, -38.96581273,   2.0966838 ], [-102.93193071, 619.54151482,-329.28657497,  68.8917831 , -20.50990536,    43.23093965,  14.49788204,  63.80960426,  70.34094011,  15.08276365,    33.01137305,  -8.17647313,   2.65005628], [-232.29881941,-329.28657497, 775.87672093, -68.85312316, 101.74518339,   -39.62185799,  14.29139861,  13.18630777, -65.8233119 ,  23.23784668,    34.42948159,  38.10256003,  10.51100352], [  14.7187042 ,  68.8917831 , -68.85312316, 223.44773884,  19.41839765,    42.17962882,  -7.09875019,  23.80309459,  29.05428917,  11.92693637,    11.18030623,   3.84930411,  17.23358484], [-286.84874033, -20.50990536, 101.74518339,  19.41839765, 170.19396825,    29.49528934,   7.97664636,  32.23926758,  20.47367474,   9.69969628,    22.67347103,  19.29774219,   3.28135865], [  61.37319033,  43.23093965, -39.62185799,  42.17962882,  29.49528934,   100.4012635 ,  40.49226705,  44.21262354,  24.75936217,  24.14204972,    17.03542723,  19.90965354,   6.05194036], [  99.30358347,  14.49788204,  14.29139861,  -7.09875019,   7.97664636,    40.49226705,  89.44578907,  30.09058256,  19.87839149,  18.39942658,     9.44517728,  16.46767501,   9.26177156], [  -5.23432308,  63.80960426,  13.18630777,  23.80309459,  32.23926758,    44.21262354,  30.09058256, 101.75298489,  45.74515874,  40.6917157 ,    23.89235286,  17.98921923,   9.78263705], [ -50.99960856,  70.34094011, -65.8233119 ,  29.05428917,  20.47367474,    24.75936217,  19.87839149,  45.74515874,  80.24415587,  34.13086394,    18.16986581,   8.7652267 ,   5.26781337], [  43.40715632,  15.08276365,  23.23784668,  11.92693637,   9.69969628,    24.14204972,  18.39942658,  40.6917157 ,  34.13086394,  83.44697021,    28.50943603,  17.47645412,  12.03775283], [ -89.04085281,  33.01137305,  34.42948159,  11.18030623,  22.67347103,    17.03542723,   9.44517728,  23.89235286,  18.16986581,  28.50943603,    56.53388662,  19.28128098,   6.33446576], [ -38.96581273,  -8.17647313,  38.10256003,   3.84930411,  19.29774219,    19.90965354,  16.46767501,  17.98921923,   8.7652267 ,  17.47645412,    19.28128098,  50.09991426,  16.57319885], [   2.0966838 ,   2.65005628,  10.51100352,  17.23358484,   3.28135865,     6.05194036,   9.26177156,   9.78263705,   5.26781337,  12.03775283,     6.33446576,  16.57319885,  43.53311912]]
/root/sim/music/out/The Jesus And Mary Chain/Automatic/03 Blues From A Gun.mp3; [-576.43665   , 105.55115   , -20.543499  ,  27.802784  ,  10.278303  ,   -2.9681666 , -11.406816  ,   1.8960396 ,  -3.909202  ,   0.00702003,   -1.1241782 ,  -4.2609644 ,  -6.058663  ]; [[4186.25054028,-792.35660977, 299.54020597,-130.94342412,  56.95104123,    59.59802661,  13.45455573, 100.4004745 , -18.79912976,  78.45723275,    17.6352434 , -36.92307589, -14.01365984], [-792.35660977,1029.97764579,-490.70338682, 210.25016702, -66.69468764,   -56.26138283,   3.19083629, -56.41917743,  31.086175  , -62.86052989,    13.12473565,  25.55927103, -17.79503489], [ 299.54020597,-490.70338682, 562.3418201 ,-160.80862948,  63.03868001,    53.17688627, -27.97838458,  36.22864604, -10.34002659,  50.35531181,    -9.32273776,  -1.76680939,  26.59966729], [-130.94342412, 210.25016702,-160.80862948, 207.14221009,  14.56932891,    -8.80708463,  22.93044635, -10.01114628,  24.22664744,  -5.29375131,    16.73798225,  21.60109824,  -0.64980123], [  56.95104123, -66.69468764,  63.03868001,  14.56932891, 110.9420493 ,    10.66925522,  19.10849416,  19.81789475,  15.68528455,  15.94915754,     6.76326278,   9.31653777,   7.5135949 ], [  59.59802661, -56.26138283,  53.17688627,  -8.80708463,  10.66925522,    81.21130782,  25.50868119,  17.94389932,  11.01351091,   6.95472497,     9.89375895,   2.11855902,  -1.85210823], [  13.45455573,   3.19083629, -27.97838458,  22.93044635,  19.10849416,    25.50868119,  79.63657111,  23.58139869,  21.43768983,  -0.38894686,    17.53062903,   7.17925788,   1.73332141], [ 100.4004745 , -56.41917743,  36.22864604, -10.01114628,  19.81789475,    17.94389932,  23.58139869,  71.47784265,  11.73248923,  20.86525342,     6.58832719,  -2.81576688,   6.01891835], [ -18.79912976,  31.086175  , -10.34002659,  24.22664744,  15.68528455,    11.01351091,  21.43768983,  11.73248923,  65.87655535,   8.68451162,    15.2313629 ,  14.59394942,  -0.21996893], [  78.45723275, -62.86052989,  50.35531181,  -5.29375131,  15.94915754,     6.95472497,  -0.38894686,  20.86525342,   8.68451162,  54.25459316,    11.57232188,   0.82886445,   6.68550513], [  17.6352434 ,  13.12473565,  -9.32273776,  16.73798225,   6.76326278,     9.89375895,  17.53062903,   6.58832719,  15.2313629 ,  11.57232188,    47.0278045 ,  18.48281815,   3.77696031], [ -36.92307589,  25.55927103,  -1.76680939,  21.60109824,   9.31653777,     2.11855902,   7.17925788,  -2.81576688,  14.59394942,   0.82886445,    18.48281815,  46.97316181,  14.55475248], [ -14.01365984, -17.79503489,  26.59966729,  -0.64980123,   7.5135949 ,    -1.85210823,   1.73332141,   6.01891835,  -0.21996893,   6.68550513,     3.77696031,  14.55475248,  43.65541005]]
