/root/sim/music/out/Boyz Ⅱ Men/Motown_ A Journey Through Hitsville USA/03 Mercy Mercy Me (The Ecology).mp3; [-549.0322    , 122.996925  ,  37.088814  ,  14.882094  ,   9.671449  ,   -5.517429  ,  -3.3694308 ,  -1.2763461 ,  -1.9643378 ,  -3.529109  ,   -1.922425  ,   1.0248559 ,  -0.22257194]; [[14681.63344965,  600.8840819 , 1041.86633225, -119.0128527 ,    -13.20710741, -127.3707495 ,  -61.19412502,   40.33198182,      4.64912366,   96.99751104,  143.54725311,    0.01850965,    -41.64741013], [  600.8840819 , 1111.96880001, -183.91599896,   22.26907038,      9.78266651,    2.64670452,   63.60579466,   36.59140784,      1.41791504,  -10.38605719,   40.32548118,   76.75336036,     46.56482234], [ 1041.86633225, -183.91599896,  489.02255024,   -3.99077744,     50.42520238,  -11.12025283,    4.03008745,   35.92348443,     45.57086744,   -9.63457426,    4.77189441,    9.03757418,    -13.69469616], [ -119.0128527 ,   22.26907038,   -3.99077744,  311.21073085,    113.50510165,   40.97891539,    4.64788118,   31.52653759,     46.06612655,   26.53763583,  -16.64186334,   -1.26497403,     39.84252432], [  -13.20710741,    9.78266651,   50.42520238,  113.50510165,    222.44173845,   28.13640502,    1.49379896,   34.63526528,     55.73558961,   37.05745871,   -9.00041604,   -3.14947345,     12.9844298 ], [ -127.3707495 ,    2.64670452,  -11.12025283,   40.97891539,     28.13640502,  142.88643699,   55.95202786,   20.89421932,     29.93377801,   36.88393356,   41.33369019,   19.93011146,     14.31727087], [  -61.19412502,   63.60579466,    4.03008745,    4.64788118,      1.49379896,   55.95202786,  123.86891555,   41.17582624,     15.37459487,   19.90546366,   33.81024112,   26.27659449,      9.02741647], [   40.33198182,   36.59140784,   35.92348443,   31.52653759,     34.63526528,   20.89421932,   41.17582624,  111.43440458,     56.93203735,   24.76208508,   11.44159207,   11.62991072,      7.71371955], [    4.64912366,    1.41791504,   45.57086744,   46.06612655,     55.73558961,   29.93377801,   15.37459487,   56.93203735,    109.24492009,   48.07389757,   10.80952449,    3.32378162,      3.49069841], [   96.99751104,  -10.38605719,   -9.63457426,   26.53763583,     37.05745871,   36.88393356,   19.90546366,   24.76208508,     48.07389757,  106.1788715 ,   43.88559748,    6.81128541,      6.2835618 ], [  143.54725311,   40.32548118,    4.77189441,  -16.64186334,     -9.00041604,   41.33369019,   33.81024112,   11.44159207,     10.80952449,   43.88559748,  102.99923778,   31.95259261,      4.97824778], [    0.01850965,   76.75336036,    9.03757418,   -1.26497403,     -3.14947345,   19.93011146,   26.27659449,   11.62991072,      3.32378162,    6.81128541,   31.95259261,   84.58886317,     28.17604301], [  -41.64741013,   46.56482234,  -13.69469616,   39.84252432,     12.9844298 ,   14.31727087,    9.02741647,    7.71371955,      3.49069841,    6.2835618 ,    4.97824778,   28.17604301,     88.30221532]]
/root/sim/music/out/Boyz Ⅱ Men/Motown_ A Journey Through Hitsville USA/09 Ribbon In The Sky.mp3; [-622.3868    , 124.750206  ,  49.943577  ,  12.735824  ,  -0.95225465,   -4.752266  ,  -6.1616316 , -10.289374  , -11.33794   ,  -5.246657  ,   -3.260157  ,  -1.5301151 , -13.681823  ]; [[24207.37640463, 2797.59871524,  508.75954618, -324.4350442 ,   -357.51062395, -359.50392856, -437.92748322, -419.43168036,   -144.23316611,   80.94508411, -166.84498869, -126.33224978,   -605.16016082], [ 2797.59871524, 1594.50992729,  458.25594026,  -93.96811614,   -203.81344155,  -73.63376887,  148.17302179,   63.40826138,   -181.53500194, -184.67005688,    2.93150132,  113.41796439,   -106.84268375], [  508.75954618,  458.25594026,  801.86567715,  201.5242647 ,    -59.49973827,  -19.61220029,  118.30792616,   74.27931722,   -130.00853661, -151.11848795,   -9.01895972,   64.83834601,     26.50604755], [ -324.4350442 ,  -93.96811614,  201.5242647 ,  465.19835844,    262.39829242,   14.53356111,  -70.40042549,   -9.24902626,     -3.49197974,  -24.76314588,  -64.26911836,  -49.63286287,    104.4635874 ], [ -357.51062395, -203.81344155,  -59.49973827,  262.39829242,    346.57096137,   58.1359081 ,  -77.84701362,  -33.19203366,     43.02437741,   53.05132115,  -46.80295931,  -61.39260381,     77.23791027], [ -359.50392856,  -73.63376887,  -19.61220029,   14.53356111,     58.1359081 ,  152.51765258,   74.91004688,   23.61523623,     22.13258482,   21.76015531,   33.98221011,   32.71074042,     16.65956237], [ -437.92748322,  148.17302179,  118.30792616,  -70.40042549,    -77.84701362,   74.91004688,  230.15688466,  105.73563585,    -56.87679632,  -54.33376446,   55.73511845,   87.55958478,     10.82292952], [ -419.43168036,   63.40826138,   74.27931722,   -9.24902626,    -33.19203366,   23.61523623,  105.73563585,  148.72362875,     23.07365739,  -27.67449113,   18.66829933,   56.07047862,     23.2582615 ], [ -144.23316611, -181.53500194, -130.00853661,   -3.49197974,     43.02437741,   22.13258482,  -56.87679632,   23.07365739,    210.81413331,  115.94235284,    2.46308793,  -25.05740729,     -5.17978827], [   80.94508411, -184.67005688, -151.11848795,  -24.76314588,     53.05132115,   21.76015531,  -54.33376446,  -27.67449113,    115.94235284,  199.99860553,   57.79529401,  -51.5988728 ,    -35.8042622 ], [ -166.84498869,    2.93150132,   -9.01895972,  -64.26911836,    -46.80295931,   33.98221011,   55.73511845,   18.66829933,      2.46308793,   57.79529401,  132.25961959,   45.02259872,    -36.8878175 ], [ -126.33224978,  113.41796439,   64.83834601,  -49.63286287,    -61.39260381,   32.71074042,   87.55958478,   56.07047862,    -25.05740729,  -51.5988728 ,   45.02259872,  146.82639361,     30.41111171], [ -605.16016082, -106.84268375,   26.50604755,  104.4635874 ,     77.23791027,   16.65956237,   10.82292952,   23.2582615 ,     -5.17978827,  -35.8042622 ,  -36.8878175 ,   30.41111171,    149.95972351]]
/root/sim/music/out/スーパーカー/スリーアウトチェンジ/10 TOP 10.mp3; [-512.7308   , 155.82028  , -44.898468 ,  26.761625 ,   8.956539 ,    6.932093 ,  -6.067311 ,   1.9481075,  -6.390515 ,  -6.41358  ,   -8.23716  ,  -6.4697137,  -3.971894 ]; [[5642.20609048,-714.3479578 , 744.46037838,  60.12789806, -71.41767506,   254.21638583, -52.51872672,   2.78275389,  24.07138381, -42.99081342,  -129.29339585,-102.75168842,-124.49174506], [-714.3479578 , 998.3629818 ,-511.68450933,  15.55264075,  18.60439911,  -112.0436749 , -48.94064005, -20.33464975, -60.62166148, -19.59912023,    35.67651958,   6.91819965,  29.13125584], [ 744.46037838,-511.68450933, 634.10341451, -70.20710083,  29.80078496,    88.20562284,  41.46963095,  26.18043452,  59.83091529,  -4.55804486,    -9.34869763,  -7.65143009, -23.62566337], [  60.12789806,  15.55264075, -70.20710083, 126.19189128,  -8.48187559,    46.49512562,   0.52955941,   6.32952884,   1.87520013,   8.12922826,    -3.08007115,   3.99467827,   0.6775957 ], [ -71.41767506,  18.60439911,  29.80078496,  -8.48187559, 131.56769245,    -1.90624338,  19.15289474,   8.12494763, -10.14811536, -13.37106521,   -16.40287373, -17.49481391,  -0.57051123], [ 254.21638583,-112.0436749 ,  88.20562284,  46.49512562,  -1.90624338,    91.86452935,  24.91575633,  18.59179736,  22.56865216,   2.06056856,    -2.42766308,   5.25425749,  -3.89873452], [ -52.51872672, -48.94064005,  41.46963095,   0.52955941,  19.15289474,    24.91575633,  59.09492492,  19.82521902,  14.66235289,   1.92965038,    -5.87906168,   3.67854628,  -0.83859908], [   2.78275389, -20.33464975,  26.18043452,   6.32952884,   8.12494763,    18.59179736,  19.82521902,  44.80382693,  20.42693276,   6.03418589,     2.04616561,  -0.11910479,  -1.96864334], [  24.07138381, -60.62166148,  59.83091529,   1.87520013, -10.14811536,    22.56865216,  14.66235289,  20.42693276,  54.13472939,  14.59721652,    12.84055845,   7.87335912,  -5.95656019], [ -42.99081342, -19.59912023,  -4.55804486,   8.12922826, -13.37106521,     2.06056856,   1.92965038,   6.03418589,  14.59721652,  41.81787247,    19.04740117,  12.09309598,   3.93938961], [-129.29339585,  35.67651958,  -9.34869763,  -3.08007115, -16.40287373,    -2.42766308,  -5.87906168,   2.04616561,  12.84055845,  19.04740117,    52.98290912,  27.990828  ,  11.5999746 ], [-102.75168842,   6.91819965,  -7.65143009,   3.99467827, -17.49481391,     5.25425749,   3.67854628,  -0.11910479,   7.87335912,  12.09309598,    27.990828  ,  46.6140811 ,  18.87583265], [-124.49174506,  29.13125584, -23.62566337,   0.6775957 ,  -0.57051123,    -3.89873452,  -0.83859908,  -1.96864334,  -5.95656019,   3.93938961,    11.5999746 ,  18.87583265,  38.37733845]]
/root/sim/music/out/スーパーカー/スリーアウトチェンジ/15 PLANET.mp3; [-542.1157   , 145.30191  , -22.272734 ,  34.583458 ,   4.092588 ,    3.3939698,  -2.1728644,   5.270621 ,  -2.2028573,  -3.931356 ,   -6.091783 ,   2.6219375,  -1.7685429]; [[11653.89904978,-1383.23775421,  616.07694219,  113.10187786,     36.32442253,  767.08220259,  369.54653933,  -10.90080186,    295.68703591,  351.27000838,  346.54735495,  445.94285588,      3.44065745], [-1383.23775421,  739.79543781, -350.9539649 ,  132.50802208,    -63.51539132, -107.4897783 ,  -28.46801214,   -3.44499884,    -25.76913276,  -29.59533541,  -45.14166655,  -19.81329212,     23.57848882], [  616.07694219, -350.9539649 ,  538.3690402 , -139.11649721,    151.38066883,   80.06024377,   42.59814469,   32.5778389 ,     19.82928373,   56.07713861,   38.84560665,   32.23036674,      9.39726013], [  113.10187786,  132.50802208, -139.11649721,  165.99361152,    -19.48518729,   32.85162613,   12.20784298,   -2.33916125,      7.46753672,  -10.55814661,    1.47194093,   14.18524353,      8.51401714], [   36.32442253,  -63.51539132,  151.38066883,  -19.48518729,    134.33600006,   31.85194811,   23.31658372,   14.8773997 ,      8.96920147,   22.44509834,    6.25726671,   12.55058455,      4.42138535], [  767.08220259, -107.4897783 ,   80.06024377,   32.85162613,     31.85194811,  140.45723401,   62.00964126,    9.08647157,     41.88293683,   34.07285402,   35.20609963,   38.94050738,     10.14161587], [  369.54653933,  -28.46801214,   42.59814469,   12.20784298,     23.31658372,   62.00964126,   99.80625965,   17.33837879,     44.57390978,   22.71822751,   14.77095798,   32.31663655,      4.11695221], [  -10.90080186,   -3.44499884,   32.5778389 ,   -2.33916125,     14.8773997 ,    9.08647157,   17.33837879,   71.87553471,     25.91983999,    7.22103793,   11.50689767,   -8.41017063,      1.61474318], [  295.68703591,  -25.76913276,   19.82928373,    7.46753672,      8.96920147,   41.88293683,   44.57390978,   25.91983999,     84.32916144,   32.2990035 ,   19.43117727,   16.71771885,      1.38564269], [  351.27000838,  -29.59533541,   56.07713861,  -10.55814661,     22.44509834,   34.07285402,   22.71822751,    7.22103793,     32.2990035 ,   74.51563948,   33.98171173,   24.56320005,      3.06104694], [  346.54735495,  -45.14166655,   38.84560665,    1.47194093,      6.25726671,   35.20609963,   14.77095798,   11.50689767,     19.43117727,   33.98171173,   66.98616698,   20.27798384,      2.80073892], [  445.94285588,  -19.81329212,   32.23036674,   14.18524353,     12.55058455,   38.94050738,   32.31663655,   -8.41017063,     16.71771885,   24.56320005,   20.27798384,   77.60652557,     15.91552086], [    3.44065745,   23.57848882,    9.39726013,    8.51401714,      4.42138535,   10.14161587,    4.11695221,    1.61474318,      1.38564269,    3.06104694,    2.80073892,   15.91552086,     51.38956923]]
/root/sim/music/out/スーパーカー/スリーアウトチェンジ/14 Trash & Lemon.mp3; [-510.73886  , 133.70168  , -30.361917 ,  35.76758  ,  13.161469 ,    5.642224 ,  -5.9254932,   6.462654 ,  -8.599475 ,  -4.116899 ,   -3.9519408,  -3.876757 ,  -1.3931956]; [[ 8185.41222668,-2168.77867528, 1082.93747383, -231.30484065,     14.98439968,  269.00206746,  113.57061402,  163.11084378,    274.14206538,   84.29800886,   77.28359681,  -14.91600132,   -118.380748  ], [-2168.77867528, 1484.02848205, -644.84838249,  215.08989657,     69.66878628, -147.4194697 ,  -41.82185596,  -60.31001247,   -122.96903093,  -11.92214183,  -20.509681  ,   -6.01342145,     61.94143269], [ 1082.93747383, -644.84838249,  777.12942465, -185.50459739,    110.23576657,   -1.72479901,   63.68316345,  -26.20447255,    116.37562013,   11.88154209,   38.85071153,   24.46198196,    -34.23119685], [ -231.30484065,  215.08989657, -185.50459739,  192.2962253 ,     10.88847082,   42.06707196,  -25.26955007,   -1.23524249,    -18.6329661 ,  -15.47477725,    1.89893474,   -0.16497942,     24.96991568], [   14.98439968,   69.66878628,  110.23576657,   10.88847082,    167.33468233,  -19.90347537,   42.00428359,  -12.9270809 ,     12.25454569,   -3.80105288,    8.01158236,    1.66748082,     -2.70543408], [  269.00206746, -147.4194697 ,   -1.72479901,   42.06707196,    -19.90347537,   89.68821366,   -1.29451586,   16.7256463 ,     10.07857912,   -8.67580775,    2.85351769,   -1.96144172,      3.19676877], [  113.57061402,  -41.82185596,   63.68316345,  -25.26955007,     42.00428359,   -1.29451586,   68.02869641,   19.29321682,     19.15303298,    4.67956899,    1.33185512,    1.76053751,     -8.70974318], [  163.11084378,  -60.31001247,  -26.20447255,   -1.23524249,    -12.9270809 ,   16.7256463 ,   19.29321682,   63.16352556,     14.13920991,    7.36327058,   -4.86941977,   -6.55057914,     -3.13220387], [  274.14206538, -122.96903093,  116.37562013,  -18.6329661 ,     12.25454569,   10.07857912,   19.15303298,   14.13920991,     71.27516209,   14.13974018,   13.95998491,   -1.27804456,     -7.95450842], [   84.29800886,  -11.92214183,   11.88154209,  -15.47477725,     -3.80105288,   -8.67580775,    4.67956899,    7.36327058,     14.13974018,   51.09859186,   12.22644908,    2.23242132,     -8.22253543], [   77.28359681,  -20.509681  ,   38.85071153,    1.89893474,      8.01158236,    2.85351769,    1.33185512,   -4.86941977,     13.95998491,   12.22644908,   46.7352201 ,   14.83139602,      2.09840672], [  -14.91600132,   -6.01342145,   24.46198196,   -0.16497942,      1.66748082,   -1.96144172,    1.76053751,   -6.55057914,     -1.27804456,    2.23242132,   14.83139602,   38.89884335,     14.75565007], [ -118.380748  ,   61.94143269,  -34.23119685,   24.96991568,     -2.70543408,    3.19676877,   -8.70974318,   -3.13220387,     -7.95450842,   -8.22253543,    2.09840672,   14.75565007,     45.44672191]]
/root/sim/music/out/スーパーカー/スリーアウトチェンジ/12 Sea Girl.mp3; [-500.05197   , 137.02838   , -36.35911   ,  29.142681  ,   5.1676555 ,   -0.21078624,   1.7282705 ,   0.23126075,  -4.0956655 ,  -8.658694  ,   -4.1652703 ,  -7.399913  ,  -2.8348134 ]; [[7943.99965994,-441.10314722, 420.93616636,-104.99488262,-101.01830597,    71.36425045,-144.82809899, 101.31917257,  61.56177614,  39.09628263,    29.11999672,  16.93253359, -89.17101303], [-441.10314722, 820.64611555,-407.80724026, 137.14553657,  87.76365942,   -90.69620382,  98.39325006, -67.9415197 , -41.24431935, -69.55202664,   -25.72067663, -59.16778409,  34.38642692], [ 420.93616636,-407.80724026, 497.10151898, -96.45154466, -24.11074424,    12.97739854, -36.83244187,  46.6005682 ,  43.49621849,  61.80957929,    32.7111523 ,  61.30229506,  -5.42405278], [-104.99488262, 137.14553657, -96.45154466, 135.38314652,  24.52475359,    31.31385202,  15.91539565,  15.27868322,  -7.98221039,   7.38865378,     0.62079293,   2.50235399,   2.41443351], [-101.01830597,  87.76365942, -24.11074424,  24.52475359,  81.8682264 ,    -1.25595036,  30.59853258, -10.8908015 ,  -4.86465534, -13.13380014,    -4.78479991,  -8.40842455,   4.9276911 ], [  71.36425045, -90.69620382,  12.97739854,  31.31385202,  -1.25595036,    91.85479503,  -4.16980834,  33.68351421,   6.48376601,  14.19126393,     0.95565069,   6.186963  ,  -6.74939539], [-144.82809899,  98.39325006, -36.83244187,  15.91539565,  30.59853258,    -4.16980834,  68.86878375,   2.20458673,  11.02068542,  -9.67993302,     2.40981458,  -3.25934005,  11.63186232], [ 101.31917257, -67.9415197 ,  46.6005682 ,  15.27868322, -10.8908015 ,    33.68351421,   2.20458673,  66.94394476,  15.26701981,  26.84845314,     3.05237714,  13.13515511,  -6.42719733], [  61.56177614, -41.24431935,  43.49621849,  -7.98221039,  -4.86465534,     6.48376601,  11.02068542,  15.26701981,  64.88243226,  20.52812175,    22.09433092,   9.73080372,   7.12428673], [  39.09628263, -69.55202664,  61.80957929,   7.38865378, -13.13380014,    14.19126393,  -9.67993302,  26.84845314,  20.52812175,  60.41486562,    19.97167231,  20.4113293 ,  -1.50155237], [  29.11999672, -25.72067663,  32.7111523 ,   0.62079293,  -4.78479991,     0.95565069,   2.40981458,   3.05237714,  22.09433092,  19.97167231,    46.18132556,  22.7396245 ,   9.64702724], [  16.93253359, -59.16778409,  61.30229506,   2.50235399,  -8.40842455,     6.186963  ,  -3.25934005,  13.13515511,   9.73080372,  20.4113293 ,    22.7396245 ,  49.85645318,  16.18632083], [ -89.17101303,  34.38642692,  -5.42405278,   2.41443351,   4.9276911 ,    -6.74939539,  11.63186232,  -6.42719733,   7.12428673,  -1.50155237,     9.64702724,  16.18632083,  44.02596623]]
/root/sim/music/out/スーパーカー/スリーアウトチェンジ/07 Automatic wing.mp3; [-525.2229   , 152.34239  , -22.070492 ,  27.402052 ,  -3.1271489,    9.369901 ,  -7.3161025,   2.938401 ,  -8.628094 ,  -2.7707658,   -5.4002247,  -4.063358 ,  -2.184195 ]; [[ 7894.09807553,-2681.60611614,  569.13567678,  277.81709519,   -894.81542157,  -41.59448415, -149.64601998,  172.54409536,    182.67803683,  204.73060538,  104.55379105,  133.40957486,    -22.81149653], [-2681.60611614, 2017.39601143, -770.84021398, -310.98916361,    429.47769041,   31.41070714,   76.23565541,   -3.68089928,    -78.7446227 ,  -50.57318275,  -37.78172427,  -84.10764217,      4.00374004], [  569.13567678, -770.84021398,  687.60206646,  119.33934025,    -91.81621528,   25.37247236,  -24.97537286,  -27.7305991 ,     29.52771319,    9.44325508,   22.82752434,   34.02960581,      4.92756568], [  277.81709519, -310.98916361,  119.33934025,  326.24368936,   -117.97018948,  -11.88874552,  -25.3195219 ,   11.97908655,      2.98015799,   -0.70830225,   -1.66173715,   22.10254681,      4.09340034], [ -894.81542157,  429.47769041,  -91.81621528, -117.97018948,    251.92194411,    6.50169654,   30.23016001,  -25.63731063,    -16.65521911,  -20.43567141,   -8.68323739,  -30.52728642,      1.02670372], [  -41.59448415,   31.41070714,   25.37247236,  -11.88874552,      6.50169654,  117.83365736,   30.49162168,   19.06158401,     20.65210033,    8.44533476,    2.61149393,    1.07977299,     -4.33385723], [ -149.64601998,   76.23565541,  -24.97537286,  -25.3195219 ,     30.23016001,   30.49162168,   75.62582481,   17.22376871,      9.98177321,    3.08618226,   -3.55180386,   -2.86744861,      1.35253925], [  172.54409536,   -3.68089928,  -27.7305991 ,   11.97908655,    -25.63731063,   19.06158401,   17.22376871,   78.02437818,     17.61389692,   19.88197958,    2.01115655,    1.62691296,      3.26785461], [  182.67803683,  -78.7446227 ,   29.52771319,    2.98015799,    -16.65521911,   20.65210033,    9.98177321,   17.61389692,     63.44033164,   15.88776716,    6.97500849,    6.15152312,     -2.94195374], [  204.73060538,  -50.57318275,    9.44325508,   -0.70830225,    -20.43567141,    8.44533476,    3.08618226,   19.88197958,     15.88776716,   62.54469047,   16.77472686,    3.55552921,      1.78510486], [  104.55379105,  -37.78172427,   22.82752434,   -1.66173715,     -8.68323739,    2.61149393,   -3.55180386,    2.01115655,      6.97500849,   16.77472686,   45.31202338,   16.86707937,      2.07634246], [  133.40957486,  -84.10764217,   34.02960581,   22.10254681,    -30.52728642,    1.07977299,   -2.86744861,    1.62691296,      6.15152312,    3.55552921,   16.86707937,   45.3453776 ,     14.95032663], [  -22.81149653,    4.00374004,    4.92756568,    4.09340034,      1.02670372,   -4.33385723,    1.35253925,    3.26785461,     -2.94195374,    1.78510486,    2.07634246,   14.95032663,     41.11984406]]
/root/sim/music/out/スーパーカー/スリーアウトチェンジ/01 cream soda.mp3; [-506.6575    , 131.58832   , -19.479227  ,  35.233562  ,   4.3984756 ,    0.02271715,  -7.7001405 ,   4.6871943 ,  -7.735437  ,  -5.2592254 ,   -4.6416025 ,  -7.4592514 ,  -5.0462976 ]; [[ 7158.14554865,-1294.32838183,  450.9623409 , -407.90519624,   -154.27413078,  161.25010246,   64.88548589,  161.35717013,    217.50354518,   28.69067395,  151.66527062,    1.86564855,      1.26364422], [-1294.32838183, 1050.30438114, -281.9908494 ,  247.03481042,     73.69808607,  -60.67166155,    4.01869881,   -3.5948601 ,    -78.31414556,   37.21400782,  -27.72686852,    5.33905876,     13.31842888], [  450.9623409 , -281.9908494 ,  721.35532508, -116.12520549,    -18.29764765,   81.54173659,   58.53319736,   34.30877247,     83.83991676,   33.80792513,   88.05726567,   18.26018414,      9.46308558], [ -407.90519624,  247.03481042, -116.12520549,  192.58973308,     51.99716897,   10.03185988,    2.13935344,   -0.26231599,    -19.1203568 ,   -2.66271982,  -23.62695175,   -1.12392134,     10.77162029], [ -154.27413078,   73.69808607,  -18.29764765,   51.99716897,    130.83232141,   19.25985786,   14.26294293,    6.0384386 ,      5.51931378,   -6.80500237,   -2.12784985,    2.42912886,      5.28160573], [  161.25010246,  -60.67166155,   81.54173659,   10.03185988,     19.25985786,   75.52503694,   26.40293197,   16.35154385,     22.449313  ,    6.84700773,   11.6960814 ,    8.86273627,      3.88914902], [   64.88548589,    4.01869881,   58.53319736,    2.13935344,     14.26294293,   26.40293197,   59.89754624,   28.59354819,     18.61857856,   12.81208636,   13.70989738,    6.03331054,      3.70244529], [  161.35717013,   -3.5948601 ,   34.30877247,   -0.26231599,      6.0384386 ,   16.35154385,   28.59354819,   52.43908116,     26.59613714,   14.64067607,   14.36132951,    6.01369912,      6.27422872], [  217.50354518,  -78.31414556,   83.83991676,  -19.1203568 ,      5.51931378,   22.449313  ,   18.61857856,   26.59613714,     56.46060499,   20.40253697,   19.64401908,    5.53688055,      2.16101701], [   28.69067395,   37.21400782,   33.80792513,   -2.66271982,     -6.80500237,    6.84700773,   12.81208636,   14.64067607,     20.40253697,   51.08491181,   25.50771073,    9.48315398,      1.70842989], [  151.66527062,  -27.72686852,   88.05726567,  -23.62695175,     -2.12784985,   11.6960814 ,   13.70989738,   14.36132951,     19.64401908,   25.50771073,   52.06786036,   18.27060208,      6.25636678], [    1.86564855,    5.33905876,   18.26018414,   -1.12392134,      2.42912886,    8.86273627,    6.03331054,    6.01369912,      5.53688055,    9.48315398,   18.27060208,   37.3655456 ,     15.96961607], [    1.26364422,   13.31842888,    9.46308558,   10.77162029,      5.28160573,    3.88914902,    3.70244529,    6.27422872,      2.16101701,    1.70842989,    6.25636678,   15.96961607,     36.29490864]]
/root/sim/music/out/スーパーカー/スリーアウトチェンジ/17 I need the sun.mp3; [-519.9457   , 154.14062  , -27.298218 ,  30.699722 ,   4.483631 ,    3.4365225,  -5.1943736,  -1.488009 ,  -7.2315593,  -4.596789 ,   -3.5222576,  -5.9611006,  -4.536836 ]; [[ 5345.4860389 ,-2299.95576371,  685.84115326, -253.98851153,    -63.23240702,  269.85083542,    5.25176902,  228.40663455,     19.03522891,  227.82042363,  -67.1819535 ,   28.02473112,   -161.20942323], [-2299.95576371, 1494.07348429, -538.31716835,  148.92157618,     59.95125996, -119.59428606,    7.65983201,  -88.75737972,     14.65661154, -106.78132436,   46.564365  ,  -29.1786546 ,     59.69476617], [  685.84115326, -538.31716835,  653.04427702, -111.15237775,     65.2407629 ,   18.99856978,    0.71854773,   60.87335598,    -38.4662255 ,  101.08842557,  -32.13919223,   66.97529817,     -6.7858021 ], [ -253.98851153,  148.92157618, -111.15237775,  187.79009092,     -3.26914719,   43.0408244 ,   21.11370375,    4.36608229,     17.06561227,  -18.77086268,   11.03157848,    7.01085581,     25.2904019 ], [  -63.23240702,   59.95125996,   65.2407629 ,   -3.26914719,    124.00125475,    8.90116095,   26.2974324 ,   20.0853232 ,      1.15789848,   21.64578551,    7.13151424,   17.7233206 ,      6.30600358], [  269.85083542, -119.59428606,   18.99856978,   43.0408244 ,      8.90116095,  101.2481351 ,   29.43042733,   30.6013255 ,     18.28194274,   12.66729597,   -6.55079662,   11.30568433,      0.17131914], [    5.25176902,    7.65983201,    0.71854773,   21.11370375,     26.2974324 ,   29.43042733,   70.56839306,   28.41044249,     17.96872878,   12.18833791,    0.77387757,    6.3499835 ,      0.75431654], [  228.40663455,  -88.75737972,   60.87335598,    4.36608229,     20.0853232 ,   30.6013255 ,   28.41044249,   80.47171531,     13.08292237,   33.29876758,   -3.91861031,   12.34237189,     -3.4211052 ], [   19.03522891,   14.65661154,  -38.4662255 ,   17.06561227,      1.15789848,   18.28194274,   17.96872878,   13.08292237,     53.34105495,   14.3881987 ,   13.24223603,   -4.43702704,     -7.74279714], [  227.82042363, -106.78132436,  101.08842557,  -18.77086268,     21.64578551,   12.66729597,   12.18833791,   33.29876758,     14.3881987 ,   72.19896849,    7.22455486,   14.27537183,    -12.04952734], [  -67.1819535 ,   46.564365  ,  -32.13919223,   11.03157848,      7.13151424,   -6.55079662,    0.77387757,   -3.91861031,     13.24223603,    7.22455486,   42.0679579 ,    8.04583614,      4.37908183], [   28.02473112,  -29.1786546 ,   66.97529817,    7.01085581,     17.7233206 ,   11.30568433,    6.3499835 ,   12.34237189,     -4.43702704,   14.27537183,    8.04583614,   50.73561582,     20.57051545], [ -161.20942323,   59.69476617,   -6.7858021 ,   25.2904019 ,      6.30600358,    0.17131914,    0.75431654,   -3.4211052 ,     -7.74279714,  -12.04952734,    4.37908183,   20.57051545,     48.20475669]]
/root/sim/music/out/スーパーカー/スリーアウトチェンジ/04 DRIVE.mp3; [-553.9932   ,  82.01122  ,  -9.62922  ,  22.674046 ,  14.538437 ,  -10.688772 ,   0.2057283,  -2.3593245,  -5.3927035, -13.1882715,   -9.375061 ,  -9.751959 ,  -8.095411 ]; [[10994.42889112,-2366.88841378, -221.65734789,   34.93433834,   -227.75963945, -310.83699457,  258.13068875,  -23.56686468,     57.31540297,  -86.37898825,    2.9422806 , -119.89607319,    -37.25315156], [-2366.88841378, 1257.32155181, -158.56456522,  -85.03138836,    -32.1542707 ,   -5.89904939,  -90.60848471,  -18.26545148,    -37.66193251,    5.84336292,  -28.27554135,   17.61076244,      7.05365819], [ -221.65734789, -158.56456522,  429.79704611,   33.07316998,     85.354835  ,  -27.00009501,   26.95534701,  -34.76284739,     11.01494029,    9.51954392,   13.62073605,   43.67871395,     39.30124512], [   34.93433834,  -85.03138836,   33.07316998,  359.67831623,     28.37120177,  103.86439198,  -27.0932628 ,   27.56892241,    -27.42615907,   42.25255306,   46.3106163 ,   21.49162776,     -1.59087244], [ -227.75963945,  -32.1542707 ,   85.354835  ,   28.37120177,    175.56418944,   19.58148193,   19.17473829,  -24.34919713,      1.2684164 ,   -0.43574494,   19.00060766,   18.13357995,     24.50666926], [ -310.83699457,   -5.89904939,  -27.00009501,  103.86439198,     19.58148193,  197.97740557,    6.92317044,   46.25838564,    -11.94909092,   22.20002742,   35.60257226,    5.56064821,      4.52663154], [  258.13068875,  -90.60848471,   26.95534701,  -27.0932628 ,     19.17473829,    6.92317044,  126.28727175,   28.60533664,     30.99968608,    4.03232854,    2.34404529,    2.19067439,     -0.06655943], [  -23.56686468,  -18.26545148,  -34.76284739,   27.56892241,    -24.34919713,   46.25838564,   28.60533664,  104.35183484,     23.27567217,   10.85412416,    9.32134978,   -1.10333133,    -11.53453229], [   57.31540297,  -37.66193251,   11.01494029,  -27.42615907,      1.2684164 ,  -11.94909092,   30.99968608,   23.27567217,     76.22752195,   17.31701483,   -1.27473156,   -6.6981678 ,     -2.22128326], [  -86.37898825,    5.84336292,    9.51954392,   42.25255306,     -0.43574494,   22.20002742,    4.03232854,   10.85412416,     17.31701483,   77.76798994,   21.74485414,    7.07296213,      2.99744861], [    2.9422806 ,  -28.27554135,   13.62073605,   46.3106163 ,     19.00060766,   35.60257226,    2.34404529,    9.32134978,     -1.27473156,   21.74485414,   77.65859389,   20.67366118,      6.73460809], [ -119.89607319,   17.61076244,   43.67871395,   21.49162776,     18.13357995,    5.56064821,    2.19067439,   -1.10333133,     -6.6981678 ,    7.07296213,   20.67366118,   70.41614328,     23.90894176], [  -37.25315156,    7.05365819,   39.30124512,   -1.59087244,     24.50666926,    4.52663154,   -0.06655943,  -11.53453229,     -2.22128326,    2.99744861,    6.73460809,   23.90894176,     88.2703201 ]]
/root/sim/music/out/スーパーカー/スリーアウトチェンジ/02 (Am I) confusing you _.mp3; [-515.60913   , 139.35005   , -26.100544  ,  30.243788  ,  -8.266553  ,   -0.15049495,  -9.031827  ,   3.0988874 , -10.003235  ,  -5.369913  ,   -5.2015314 ,  -5.0108857 ,  -4.4177794 ]; [[ 7323.35437356,-2099.62937371,  213.29822133, -151.45866741,     39.38404492,  409.59739837,  116.32526081,   94.3114171 ,    206.2995505 ,  -64.13970947,  -38.66919886,  -52.91079177,   -131.08058047], [-2099.62937371, 1164.56398567, -229.35920996,   68.81714816,    -54.38466642, -137.41350367,  -40.50196853,   10.02051112,    -92.96882834,   32.86552404,    6.12532151,    9.22409043,     52.29136985], [  213.29822133, -229.35920996,  715.08090309,    2.53069077,    218.85786398,   75.87059203,  123.13749908,  -13.35308291,    141.65471646,   -0.64251212,   52.0828912 ,   58.49420975,     14.99478172], [ -151.45866741,   68.81714816,    2.53069077,  108.7959399 ,     25.89617909,   17.95707819,   -7.52720508,   15.98170721,      5.47805963,    7.42912708,    3.27808914,    9.44732439,     13.85266237], [   39.38404492,  -54.38466642,  218.85786398,   25.89617909,    163.06302614,   24.35039196,   52.42756749,    0.87529155,     53.98579279,    0.62619798,   25.45646396,   24.50258598,      8.26744952], [  409.59739837, -137.41350367,   75.87059203,   17.95707819,     24.35039196,  111.48803456,   41.31381152,   26.29349621,     25.5362446 ,    2.28009599,    5.60821176,    4.09604101,     -1.12783073], [  116.32526081,  -40.50196853,  123.13749908,   -7.52720508,     52.42756749,   41.31381152,   79.159247  ,   20.72619693,     39.54064346,    4.40484148,   13.8922613 ,   11.46313449,      3.03273744], [   94.3114171 ,   10.02051112,  -13.35308291,   15.98170721,      0.87529155,   26.29349621,   20.72619693,   50.10957074,     20.07393591,   10.19843385,    4.70094332,    2.89795179,      3.26611875], [  206.2995505 ,  -92.96882834,  141.65471646,    5.47805963,     53.98579279,   25.5362446 ,   39.54064346,   20.07393591,     80.61960639,   19.14150081,   23.15962274,   17.81340936,      3.4176081 ], [  -64.13970947,   32.86552404,   -0.64251212,    7.42912708,      0.62619798,    2.28009599,    4.40484148,   10.19843385,     19.14150081,   41.17146026,   19.87432059,   11.09253419,      4.41472663], [  -38.66919886,    6.12532151,   52.0828912 ,    3.27808914,     25.45646396,    5.60821176,   13.8922613 ,    4.70094332,     23.15962274,   19.87432059,   44.22196672,   23.11658026,      9.37282602], [  -52.91079177,    9.22409043,   58.49420975,    9.44732439,     24.50258598,    4.09604101,   11.46313449,    2.89795179,     17.81340936,   11.09253419,   23.11658026,   39.89446275,     18.68886652], [ -131.08058047,   52.29136985,   14.99478172,   13.85266237,      8.26744952,   -1.12783073,    3.03273744,    3.26611875,      3.4176081 ,    4.41472663,    9.37282602,   18.68886652,     37.57459178]]
/root/sim/music/out/スーパーカー/スリーアウトチェンジ/08 Lucky.mp3; [-510.96283  , 104.821304 , -17.468359 ,  18.50342  ,  20.01232  ,   12.634083 ,   8.518326 ,  12.747364 ,  -4.8163075,  -4.1700845,   -7.4543757,  -4.501609 ,  -1.9098058]; [[ 6936.45255059,-1211.60700478,  -17.86159616, -321.8888603 ,     94.3575095 ,   24.24875933,   13.57023931,  -70.84472058,    -56.38819158,  -33.68939924, -104.47830452,  -58.1276207 ,    -29.96793633], [-1211.60700478,  824.73052201,   32.01298732,  115.58007581,     83.27561244,  -26.29462409,   58.66627415,   73.65571284,      5.04161157,   56.89421616,   16.66251042,   21.88996331,     23.85697323], [  -17.86159616,   32.01298732,  812.90235603,   88.55474051,    232.7378119 ,   99.71256622,   99.97288846,   17.98977834,     58.82919024,   39.12582895,   35.89784538,   15.81620002,    -16.96958047], [ -321.8888603 ,  115.58007581,   88.55474051,  206.54744609,     85.40593912,  101.17481098,   38.79674667,   22.16630111,     24.15733512,  -12.88440087,   39.22882497,   14.09466811,     18.33451244], [   94.3575095 ,   83.27561244,  232.7378119 ,   85.40593912,    236.82451678,   75.64641555,   92.21291087,   22.06494865,     21.01075894,   24.91275458,    2.11701435,   12.27644125,     10.34172392], [   24.24875933,  -26.29462409,   99.71256622,  101.17481098,     75.64641555,  149.45102503,   64.94771975,   30.712707  ,     33.05217275,   -2.45981716,   30.06676994,    6.8185393 ,      9.10538013], [   13.57023931,   58.66627415,   99.97288846,   38.79674667,     92.21291087,   64.94771975,  131.45475938,   47.49361232,     33.45359482,   17.82411864,   -1.76026578,   11.31191293,     -2.23230213], [  -70.84472058,   73.65571284,   17.98977834,   22.16630111,     22.06494865,   30.712707  ,   47.49361232,   85.60184412,     29.66182931,   21.92808468,    6.57327178,    5.58134744,      6.54964591], [  -56.38819158,    5.04161157,   58.82919024,   24.15733512,     21.01075894,   33.05217275,   33.45359482,   29.66182931,     78.10916108,   25.16782498,   16.94511428,    7.56126578,     -4.62813037], [  -33.68939924,   56.89421616,   39.12582895,  -12.88440087,     24.91275458,   -2.45981716,   17.82411864,   21.92808468,     25.16782498,   77.8453265 ,   11.60868476,   13.5971864 ,     -4.91855903], [ -104.47830452,   16.66251042,   35.89784538,   39.22882497,      2.11701435,   30.06676994,   -1.76026578,    6.57327178,     16.94511428,   11.60868476,   68.51539831,   20.72409311,     10.0429309 ], [  -58.1276207 ,   21.88996331,   15.81620002,   14.09466811,     12.27644125,    6.8185393 ,   11.31191293,    5.58134744,      7.56126578,   13.5971864 ,   20.72409311,   52.51099429,     20.38840244], [  -29.96793633,   23.85697323,  -16.96958047,   18.33451244,     10.34172392,    9.10538013,   -2.23230213,    6.54964591,     -4.62813037,   -4.91855903,   10.0429309 ,   20.38840244,     53.78145853]]
/root/sim/music/out/スーパーカー/スリーアウトチェンジ/19 TRIP SKY.mp3; [-520.0223    , 157.20442   , -46.904366  ,  36.186718  ,   1.1765356 ,   -0.68432844,  -7.450173  ,   2.7556956 , -10.393915  ,  -4.7369647 ,  -10.764482  ,  -6.2172174 ,  -6.490237  ]; [[ 3833.08426158,-1286.77338863,  992.06890319,  150.31861366,   -418.59845936,  -20.25014264, -170.40228944,  127.8123417 ,    162.63726225,  139.4008061 ,   61.63580546,   76.81687688,    -23.76295594], [-1286.77338863,  806.00484907, -470.42021637,  -15.44607596,    172.09921542,    6.44414768,   64.31423191,  -26.53260461,    -69.52050274,  -47.52997196,  -15.54601294,  -29.98069192,      9.32626128], [  992.06890319, -470.42021637,  577.99230317,   41.01542803,    -65.5379734 ,   78.98734905,  -17.40288142,   61.31330546,     70.71019747,   55.52576118,   30.2715264 ,   41.73177845,     -8.80526187], [  150.31861366,  -15.44607596,   41.01542803,  145.60693292,    -35.70913124,   55.95740524,   -7.33016199,   20.21038838,     18.45868579,   12.86614631,    7.32893101,   21.05113048,      2.00143029], [ -418.59845936,  172.09921542,  -65.5379734 ,  -35.70913124,    157.57889787,   25.1794869 ,   43.2320949 ,   -2.00024629,    -14.68742426,  -14.64794818,   -3.16022281,  -12.42461161,      6.40240349], [  -20.25014264,    6.44414768,   78.98734905,   55.95740524,     25.1794869 ,  127.13625315,   25.38115772,   25.11283935,     19.0307131 ,   10.42481489,    7.05766612,   17.32864297,     -4.09902435], [ -170.40228944,   64.31423191,  -17.40288142,   -7.33016199,     43.2320949 ,   25.38115772,   59.27318702,   10.70297644,      2.19612376,   -6.2925705 ,   -0.9224286 ,   -0.30201428,      1.38710269], [  127.8123417 ,  -26.53260461,   61.31330546,   20.21038838,     -2.00024629,   25.11283935,   10.70297644,   58.72056252,     22.58976032,   15.27660776,    5.8381274 ,    6.37160023,     -0.21307515], [  162.63726225,  -69.52050274,   70.71019747,   18.45868579,    -14.68742426,   19.0307131 ,    2.19612376,   22.58976032,     52.38433913,   21.50406089,    9.12105422,    6.99011143,     -3.306927  ], [  139.4008061 ,  -47.52997196,   55.52576118,   12.86614631,    -14.64794818,   10.42481489,   -6.2925705 ,   15.27660776,     21.50406089,   49.78412232,   18.21657106,    9.02103222,     -0.68945223], [   61.63580546,  -15.54601294,   30.2715264 ,    7.32893101,     -3.16022281,    7.05766612,   -0.9224286 ,    5.8381274 ,      9.12105422,   18.21657106,   38.57766611,   15.03396739,      0.94075923], [   76.81687688,  -29.98069192,   41.73177845,   21.05113048,    -12.42461161,   17.32864297,   -0.30201428,    6.37160023,      6.99011143,    9.02103222,   15.03396739,   39.42975829,      8.94539946], [  -23.76295594,    9.32626128,   -8.80526187,    2.00143029,      6.40240349,   -4.09902435,    1.38710269,   -0.21307515,     -3.306927  ,   -0.68945223,    0.94075923,    8.94539946,     33.03396733]]
