/root/sim/music/out/The_Beatles/1967-1970_[Disc_2]/12_Let_It_Be.mp3; [-662.2681    , 169.12567   , -11.149816  ,   6.6438885 ,  -2.1102173 ,   -3.1153617 , -11.861324  ,   2.1376052 , -14.82473   ,  -2.884773  ,   -4.766572  ,   0.35442835,  -4.067202  ]; [[20020.13089454,-3819.36984786,  278.5664388 , 1170.39998221,    295.67870722,  684.72752573,  125.41361625,  251.0127964 ,    250.88251986,  581.10761156,  107.39088128,  229.44903295,     96.81971993], [-3819.36984786, 4458.68585125,-1077.18425723, -550.30862892,    -87.43293051, -405.18846836, -169.78099228, -152.05468907,   -214.31347128, -323.46970213,  -73.84344286, -100.08722828,    -66.22500786], [  278.5664388 ,-1077.18425723, 1319.01035304,  -13.71556364,    -20.26287801,  249.12778377,  140.80089414,   61.22366967,     63.52331233,   97.36421816,   65.26997526,   91.39107474,     28.32232848], [ 1170.39998221, -550.30862892,  -13.71556364,  501.22835209,    111.340542  ,  103.4941624 ,   92.47580159,  109.79516455,     94.8743311 ,   58.07422514,    4.85876797,   29.92054991,     48.59545538], [  295.67870722,  -87.43293051,  -20.26287801,  111.340542  ,    274.91767437,   -0.6139888 ,  -23.88630519,   80.56116547,     60.17617962,   -0.5284034 ,  -25.38772948,   18.9580394 ,     29.40181959], [  684.72752573, -405.18846836,  249.12778377,  103.4941624 ,     -0.6139888 ,  362.04598035,  183.04825811,   -3.73932872,    133.92235787,  117.98684265,   65.43015185,   38.47366811,     -1.64951733], [  125.41361625, -169.78099228,  140.80089414,   92.47580159,    -23.88630519,  183.04825811,  267.42022573,    8.47627572,     87.73882662,   79.55757184,   51.17459854,   23.43528161,     -7.57380978], [  251.0127964 , -152.05468907,   61.22366967,  109.79516455,     80.56116547,   -3.73932872,    8.47627572,  166.9488093 ,     18.590625  ,   14.39211876,    6.89632259,    7.27117951,     26.19602405], [  250.88251986, -214.31347128,   63.52331233,   94.8743311 ,     60.17617962,  133.92235787,   87.73882662,   18.590625  ,    204.31588405,   64.63289509,   10.20039257,   19.76658794,     17.70727665], [  581.10761156, -323.46970213,   97.36421816,   58.07422514,     -0.5284034 ,  117.98684265,   79.55757184,   14.39211876,     64.63289509,  173.98869676,   66.37796965,   10.34646938,     -6.84409268], [  107.39088128,  -73.84344286,   65.26997526,    4.85876797,    -25.38772948,   65.43015185,   51.17459854,    6.89632259,     10.20039257,   66.37796965,  112.04992109,   25.58932865,     -5.06132441], [  229.44903295, -100.08722828,   91.39107474,   29.92054991,     18.9580394 ,   38.47366811,   23.43528161,    7.27117951,     19.76658794,   10.34646938,   25.58932865,   87.55637651,     32.95675705], [   96.81971993,  -66.22500786,   28.32232848,   48.59545538,     29.40181959,   -1.64951733,   -7.57380978,   26.19602405,     17.70727665,   -6.84409268,   -5.06132441,   32.95675705,     85.52805503]]
/root/sim/music/out/The_Beatles/1_ザ・ビートルズ/12_Day_Tripper.mp3; [-606.19684  , 122.59184  , -26.103443 ,  10.075493 , -11.730583 ,    7.076641 ,   1.9039243,   5.1730614,  10.127475 ,   3.1216683,    3.448082 ,  -5.045806 ,  -1.6780682]; [[16148.42160034,-1285.8213962 ,   33.17565909,  584.21774984,     36.33723649,  348.69741184,   74.12886423,  -20.50908292,     78.87817799,  -20.15176739,   52.06349391, -120.81391796,   -113.8457522 ], [-1285.8213962 , 2813.36191374, -790.30647402, -290.30773579,    -93.0722709 , -245.71184116,  -11.27796625,   18.33021648,    -96.75945527,   13.72798944,  -40.52033921,  -57.84236245,    -49.6366225 ], [   33.17565909, -790.30647402, 1096.33654175,  128.61510454,     33.5499118 ,  184.55058356,  -18.4646986 ,   44.17994569,    141.94345081,  -36.12444995,   23.54312128,   62.59618572,    123.28589197], [  584.21774984, -290.30773579,  128.61510454,  448.12345828,    176.16191989,   -9.87848502,  -30.9264466 ,   35.04894273,     49.0920886 ,   29.12034715,  -36.28393028,   42.3737406 ,     43.07797112], [   36.33723649,  -93.0722709 ,   33.5499118 ,  176.16191989,    277.49601179,   56.27619885,    3.37054177,   35.93546809,     45.29239123,   26.18093443,    7.59632854,   15.65569808,     27.8282033 ], [  348.69741184, -245.71184116,  184.55058356,   -9.87848502,     56.27619885,  273.42829579,  133.05692043,   38.69853028,     51.14640866,   17.57679907,   52.98911429,   16.37763842,      0.75345495], [   74.12886423,  -11.27796625,  -18.4646986 ,  -30.9264466 ,      3.37054177,  133.05692043,  203.51959513,   56.54695095,     -7.03175814,   22.71209431,   53.53561249,   28.03259203,     -6.49948157], [  -20.50908292,   18.33021648,   44.17994569,   35.04894273,     35.93546809,   38.69853028,   56.54695095,  111.87519554,     54.56524413,   14.52405891,   19.25537111,   45.31770826,     38.89517657], [   78.87817799,  -96.75945527,  141.94345081,   49.0920886 ,     45.29239123,   51.14640866,   -7.03175814,   54.56524413,    154.3922458 ,   38.4177994 ,   15.15539468,   14.73282   ,     50.74363715], [  -20.15176739,   13.72798944,  -36.12444995,   29.12034715,     26.18093443,   17.57679907,   22.71209431,   14.52405891,     38.4177994 ,  121.99051221,   35.47830139,   10.73103388,    -13.55952866], [   52.06349391,  -40.52033921,   23.54312128,  -36.28393028,      7.59632854,   52.98911429,   53.53561249,   19.25537111,     15.15539468,   35.47830139,  114.85023234,   36.40439647,     14.41490145], [ -120.81391796,  -57.84236245,   62.59618572,   42.3737406 ,     15.65569808,   16.37763842,   28.03259203,   45.31770826,     14.73282   ,   10.73103388,   36.40439647,  120.32187133,     57.23510297], [ -113.8457522 ,  -49.6366225 ,  123.28589197,   43.07797112,     27.8282033 ,    0.75345495,   -6.49948157,   38.89517657,     50.74363715,  -13.55952866,   14.41490145,   57.23510297,    134.07604301]]
/root/sim/music/out/The_Beatles/1962-1966_[Disc_1]/12_Ticket_To_Ride.mp3; [-609.20984   , 107.23345   , -18.826431  ,  22.011156  ,   8.894656  ,    3.5435252 ,  -1.056993  ,   9.196382  ,   3.7773085 ,   2.8193634 ,    0.91983896,  -6.318066  ,  -0.23505008]; [[16853.7376539 ,  423.6759461 ,  235.57888686,  368.90428262,      0.56030236,  -21.73532105, -111.22653955,  159.72795479,    114.26319813,  -83.77884846, -114.79204371, -155.767535  ,    -53.28245954], [  423.6759461 , 1446.51569377, -288.07755046,  103.57983943,    116.94298056,  -24.62715149,  141.37512855,  108.98833748,     28.25626735,  106.1341995 ,   17.66252406,    8.52151821,     20.39700743], [  235.57888686, -288.07755046,  741.07962822,    5.31462793,     16.21419285,  112.99752269,  -48.09937616,   50.76732385,     78.74672751,  -61.3994357 ,    4.20239822,   31.06261541,     32.15220159], [  368.90428262,  103.57983943,    5.31462793,  296.44742276,    117.73985181,  -59.40447893,  -10.2607885 ,   29.5235343 ,     51.51571768,    9.56547174,  -51.01284028,   16.15263249,     41.30440255], [    0.56030236,  116.94298056,   16.21419285,  117.73985181,    180.89975947,   -0.84837649,   20.82344502,   27.28490369,     42.81977249,   14.06742778,  -33.38741104,   11.2569356 ,     28.21120657], [  -21.73532105,  -24.62715149,  112.99752269,  -59.40447893,     -0.84837649,  186.50487952,   42.20640341,   24.500978  ,     -1.29181688,   -5.99140777,   29.86663255,   -6.59972232,     -8.94455621], [ -111.22653955,  141.37512855,  -48.09937616,  -10.2607885 ,     20.82344502,   42.20640341,  170.88092036,   44.50357262,     -2.34034587,   45.68523081,    1.68186086,   -4.7158664 ,     -3.72790977], [  159.72795479,  108.98833748,   50.76732385,   29.5235343 ,     27.28490369,   24.500978  ,   44.50357262,  107.41783458,     47.76394895,   20.36578242,   -2.16174011,    5.00275912,     28.44278873], [  114.26319813,   28.25626735,   78.74672751,   51.51571768,     42.81977249,   -1.29181688,   -2.34034587,   47.76394895,    130.83579149,   16.9290326 ,  -19.29227456,    9.16065527,     20.21555976], [  -83.77884846,  106.1341995 ,  -61.3994357 ,    9.56547174,     14.06742778,   -5.99140777,   45.68523081,   20.36578242,     16.9290326 ,   94.75464533,   23.38055545,   -0.33924326,     -5.94704781], [ -114.79204371,   17.66252406,    4.20239822,  -51.01284028,    -33.38741104,   29.86663255,    1.68186086,   -2.16174011,    -19.29227456,   23.38055545,  100.73409553,    4.6715713 ,      0.93409119], [ -155.767535  ,    8.52151821,   31.06261541,   16.15263249,     11.2569356 ,   -6.59972232,   -4.7158664 ,    5.00275912,      9.16065527,   -0.33924326,    4.6715713 ,   79.30327753,     26.59590352], [  -53.28245954,   20.39700743,   32.15220159,   41.30440255,     28.21120657,   -8.94455621,   -3.72790977,   28.44278873,     20.21555976,   -5.94704781,    0.93409119,   26.59590352,     87.06120708]]
/root/sim/music/out/The_Beatles/1967-1970_[Disc_1]/12_Lady_Madonna.mp3; [-608.80615  , 119.22122  , -19.659182 ,  25.831621 ,   9.275521 ,    4.845184 ,   2.0750177,   5.776661 ,  -4.584784 ,   3.6728976,   -1.016572 ,  -1.1259053,   0.6955449]; [[20139.55535132,  977.43787095, -852.11045885,  763.63057525,    126.35470235,   -3.76348932,   65.86753191,  257.00605003,   -110.54175487,  207.46014847,  -17.49232447,  -55.5248248 ,     -6.97915085], [  977.43787095, 1523.9565837 , -193.05806374,   30.95517298,     34.45093358,   21.78696761,   55.01833779,   36.79007703,    -16.88927469,   -4.07297164,   22.70864339,    8.95376156,     -0.63577041], [ -852.11045885, -193.05806374,  522.23009846, -140.82725841,     19.85298256,  100.85656958,   23.02407274,  -30.87367267,     25.81071169,  -16.65195262,   -4.0014953 ,    5.87420179,     -8.49999582], [  763.63057525,   30.95517298, -140.82725841,  324.3663713 ,     71.85740192,  -26.00318654,    1.04195121,   39.14439113,     24.35763717,   25.03032966,  -32.00533531,   16.59977402,     52.33476361], [  126.35470235,   34.45093358,   19.85298256,   71.85740192,    245.6321115 ,    2.78970695,  -57.89428355,   20.23889078,     40.17988551,    5.34405459,  -17.16172251,    5.19302788,     10.81671062], [   -3.76348932,   21.78696761,  100.85656958,  -26.00318654,      2.78970695,  130.97572241,   43.40828848,  -10.8173273 ,      6.13903603,    0.57919003,   13.06137455,    6.42162656,    -10.83774925], [   65.86753191,   55.01833779,   23.02407274,    1.04195121,    -57.89428355,   43.40828848,  137.78289743,   33.04614099,    -15.65503613,    5.43695282,   14.60965875,   12.67543083,      5.44446177], [  257.00605003,   36.79007703,  -30.87367267,   39.14439113,     20.23889078,  -10.8173273 ,   33.04614099,   86.6846802 ,     15.14111105,    5.68891433,    6.64001908,    3.16347681,      8.45593046], [ -110.54175487,  -16.88927469,   25.81071169,   24.35763717,     40.17988551,    6.13903603,  -15.65503613,   15.14111105,     79.56341279,   22.01708193,  -13.15450997,    3.66971952,      3.47012542], [  207.46014847,   -4.07297164,  -16.65195262,   25.03032966,      5.34405459,    0.57919003,    5.43695282,    5.68891433,     22.01708193,   81.58051959,   17.98829375,   -5.29573052,      2.01592232], [  -17.49232447,   22.70864339,   -4.0014953 ,  -32.00533531,    -17.16172251,   13.06137455,   14.60965875,    6.64001908,    -13.15450997,   17.98829375,   78.52782592,   14.86618477,    -19.64639171], [  -55.5248248 ,    8.95376156,    5.87420179,   16.59977402,      5.19302788,    6.42162656,   12.67543083,    3.16347681,      3.66971952,   -5.29573052,   14.86618477,   68.47615874,     23.63122819], [   -6.97915085,   -0.63577041,   -8.49999582,   52.33476361,     10.81671062,  -10.83774925,    5.44446177,    8.45593046,      3.47012542,    2.01592232,  -19.64639171,   23.63122819,     70.85050022]]
/root/sim/music/out/The_Beatles/1962-1966_[Disc_2]/12_Eleanor_Rigby_(2).mp3; [-697.8734    , 150.82622   , -31.446026  ,  19.734282  ,  -5.752533  ,  -12.094963  , -11.0005245 ,  -1.7625012 , -11.09002   ,  -0.94817275,   -3.565099  ,  -4.8033977 ,  -3.5036485 ]; [[17274.50217611, 1977.43315911,-1443.66706232,  161.5634372 ,   -683.69659037, -323.3928573 , -411.54961774, -108.74145446,   -440.39944359,   43.21665059,  -62.73582793, -109.23303   ,    -62.78361062], [ 1977.43315911, 2114.95024757, -227.56179086,  158.73750596,    103.14294309,  -99.1120193 ,   44.05046746,   17.12070587,     27.76826467,  -65.36101334,   14.58453523,   22.67228224,      0.01841597], [-1443.66706232, -227.56179086,  578.82763969,   23.77848527,    137.18488591,   83.57848579,   45.58598365,   65.75634432,     37.51892319,   23.11989786,    3.04378725,    5.87802887,     -4.0446311 ], [  161.5634372 ,  158.73750596,   23.77848527,  343.59685983,     84.80168291,   10.43098463,   13.74668276,  -16.49453721,     59.69366427,    5.17532521,  -19.36084816,    8.16568778,      7.52758422], [ -683.69659037,  103.14294309,  137.18488591,   84.80168291,    298.61230807,   11.1062154 ,  -38.24912257,   11.55227179,     45.862499  ,   28.43088761,  -28.64308211,    6.07116582,      4.41086046], [ -323.3928573 ,  -99.1120193 ,   83.57848579,   10.43098463,     11.1062154 ,  150.76619877,   57.59601798,   16.01018235,     21.07318434,   20.74759886,   24.52079528,    8.76672639,     -4.21170699], [ -411.54961774,   44.05046746,   45.58598365,   13.74668276,    -38.24912257,   57.59601798,  169.6507322 ,   32.67873922,     27.52856156,   -5.20302085,   30.24690135,   13.42196923,     -0.28637592], [ -108.74145446,   17.12070587,   65.75634432,  -16.49453721,     11.55227179,   16.01018235,   32.67873922,  109.53028613,      8.16059265,    4.88176868,    8.76241026,   -1.3718157 ,      4.49679536], [ -440.39944359,   27.76826467,   37.51892319,   59.69366427,     45.862499  ,   21.07318434,   27.52856156,    8.16059265,    127.93486901,   12.93072817,   -8.59611548,    4.4735669 ,     12.24437651], [   43.21665059,  -65.36101334,   23.11989786,    5.17532521,     28.43088761,   20.74759886,   -5.20302085,    4.88176868,     12.93072817,  100.1433692 ,   28.98625882,    4.32914952,      4.25350051], [  -62.73582793,   14.58453523,    3.04378725,  -19.36084816,    -28.64308211,   24.52079528,   30.24690135,    8.76241026,     -8.59611548,   28.98625882,  110.63484523,   30.96187559,      1.08810445], [ -109.23303   ,   22.67228224,    5.87802887,    8.16568778,      6.07116582,    8.76672639,   13.42196923,   -1.3718157 ,      4.4735669 ,    4.32914952,   30.96187559,  105.44100319,     36.87466115], [  -62.78361062,    0.01841597,   -4.0446311 ,    7.52758422,      4.41086046,   -4.21170699,   -0.28637592,    4.49679536,     12.24437651,    4.25350051,    1.08810445,   36.87466115,     91.75976111]]
