/root/sim/music/out/Oasis/Standing_On_The_Shoulder_Of_Giants_[Bonus_Track]/09-I_Can_See_A_Liar.mp3; [-496.80023  ,  98.06715  ,  -1.6409652,  31.834635 ,   8.540377 ,    6.8497367,  -4.6657643,   5.4332604,  -1.2873747,   2.783294 ,   -2.7993832,   1.7254794,  -2.3334467]; [[7153.5821761 ,-303.26648794, 527.44433905, 169.02598802, 173.31253817,   -48.88934475,-113.72558149,  91.0954542 ,  16.9558326 ,  61.28285658,    11.72491599,  -5.11604881,  -2.06835804], [-303.26648794,1085.66705954,-260.5112435 ,  -9.12075456, -40.09083679,   -29.85767187,  55.99624513, -67.82396975,  13.31188199, -12.65850551,     9.96125832, -21.26797871, -12.61636796], [ 527.44433905,-260.5112435 , 513.85056175,  -9.95723064,  54.20321751,     3.8957913 , -74.36185774,  19.93729773,  -1.16797595,   7.32023378,   -13.10222435,  -4.80712009,   4.0123081 ], [ 169.02598802,  -9.12075456,  -9.95723064, 175.44487339,  47.58600865,    -5.6511856 , -18.33479507,  12.67353835,  29.66869761,   3.12002984,     8.02930659,   9.5362062 ,  12.4364182 ], [ 173.31253817, -40.09083679,  54.20321751,  47.58600865, 115.86813991,    15.26422568, -13.41530055,  21.06432426,  10.04770056,  12.10999412,     0.69071433,  -3.13064219,   4.95774243], [ -48.88934475, -29.85767187,   3.8957913 ,  -5.6511856 ,  15.26422568,    89.13945998,  46.63145945,  10.28232341,   0.33756717,  10.86040525,     5.3559271 ,   3.18627185,  -1.70682189], [-113.72558149,  55.99624513, -74.36185774, -18.33479507, -13.41530055,    46.63145945, 111.72141099,  23.15391659,   4.3850913 ,   2.52236414,    13.7856445 ,  10.33109543,  -2.36679492], [  91.0954542 , -67.82396975,  19.93729773,  12.67353835,  21.06432426,    10.28232341,  23.15391659,  77.56746237,  16.01495137,  13.88408262,    -0.77896655,   6.22223533,   8.11079801], [  16.9558326 ,  13.31188199,  -1.16797595,  29.66869761,  10.04770056,     0.33756717,   4.3850913 ,  16.01495137,  64.24843923,  20.88932609,     5.8541169 ,  -0.00492537,   5.6496971 ], [  61.28285658, -12.65850551,   7.32023378,   3.12002984,  12.10999412,    10.86040525,   2.52236414,  13.88408262,  20.88932609,  59.75545171,    19.88528595,   3.41389679,   0.33246994], [  11.72491599,   9.96125832, -13.10222435,   8.02930659,   0.69071433,     5.3559271 ,  13.7856445 ,  -0.77896655,   5.8541169 ,  19.88528595,    47.26201885,  19.41650648,   5.1487916 ], [  -5.11604881, -21.26797871,  -4.80712009,   9.5362062 ,  -3.13064219,     3.18627185,  10.33109543,   6.22223533,  -0.00492537,   3.41389679,    19.41650648,  47.42507064,  19.5485969 ], [  -2.06835804, -12.61636796,   4.0123081 ,  12.4364182 ,   4.95774243,    -1.70682189,  -2.36679492,   8.11079801,   5.6496971 ,   0.33246994,     5.1487916 ,  19.5485969 ,  45.49895006]]
/root/sim/music/out/Oasis/Standing_On_The_Shoulder_Of_Giants_[Bonus_Track]/03-Who_Feels_Love_.mp3; [-548.985    , 136.69618  , -14.090553 ,  20.887201 ,   8.23614  ,    0.5840249,  -2.9844956,   2.67594  ,  -6.971933 ,  -3.782466 ,   -2.9101214,  -4.751732 ,  -3.944142 ]; [[16061.41214292,    5.9919969 ,    0.67073135,  -22.06115802,    -78.8733714 ,  -49.0564263 ,  -60.23193366,  110.37693676,   -168.4552776 ,  124.76311563,   41.38021019, -111.55991795,    -58.6880417 ], [    5.9919969 ,  852.7549374 , -224.06316793,  -31.75177596,    -49.50721702,   17.03645737,   56.42894286,   10.27490068,     21.40475464,    6.57203271,    5.28201892,   -6.59731106,    -31.62931449], [    0.67073135, -224.06316793,  665.48981855, -146.41379879,     -5.81813669,   69.23750934,    9.69147075,   34.43420431,     42.36694291,   14.66861431,   22.94033785,  -13.6343313 ,      2.12262879], [  -22.06115802,  -31.75177596, -146.41379879,  364.85602494,     92.64259999,  -54.22910524,  -45.4203329 ,  -16.2403812 ,    -14.26543539,  -37.36982791,  -28.45968373,   41.8177529 ,     45.39520901], [  -78.8733714 ,  -49.50721702,   -5.81813669,   92.64259999,    147.93803297,    5.71375109,  -12.56684636,   -7.84150783,      4.08378142,  -20.30564936,   -4.96384103,    9.2800557 ,     13.78220488], [  -49.0564263 ,   17.03645737,   69.23750934,  -54.22910524,      5.71375109,  143.15332451,   66.01705555,   19.95476879,     12.61037622,   30.06132794,   12.79816629,  -15.57304715,     -9.05534896], [  -60.23193366,   56.42894286,    9.69147075,  -45.4203329 ,    -12.56684636,   66.01705555,  169.54891066,   31.21049278,     16.98194189,   15.80594095,   22.50490217,   -4.00701692,    -18.84785902], [  110.37693676,   10.27490068,   34.43420431,  -16.2403812 ,     -7.84150783,   19.95476879,   31.21049278,  108.44290432,     30.66212416,   26.13022071,   10.61000123,    3.81499806,      3.47901228], [ -168.4552776 ,   21.40475464,   42.36694291,  -14.26543539,      4.08378142,   12.61037622,   16.98194189,   30.66212416,     90.33800763,   29.24130242,    2.11538625,   -1.08006313,      4.58014149], [  124.76311563,    6.57203271,   14.66861431,  -37.36982791,    -20.30564936,   30.06132794,   15.80594095,   26.13022071,     29.24130242,   98.17946692,   31.80435264,  -14.19348263,     -9.57467693], [   41.38021019,    5.28201892,   22.94033785,  -28.45968373,     -4.96384103,   12.79816629,   22.50490217,   10.61000123,      2.11538625,   31.80435264,   65.1936591 ,    8.63784206,    -15.30181787], [ -111.55991795,   -6.59731106,  -13.6343313 ,   41.8177529 ,      9.2800557 ,  -15.57304715,   -4.00701692,    3.81499806,     -1.08006313,  -14.19348263,    8.63784206,   72.34770504,     31.84515666], [  -58.6880417 ,  -31.62931449,    2.12262879,   45.39520901,     13.78220488,   -9.05534896,  -18.84785902,    3.47901228,      4.58014149,   -9.57467693,  -15.30181787,   31.84515666,     73.34158991]]
/root/sim/music/out/Oasis/Standing_On_The_Shoulder_Of_Giants_[Bonus_Track]/05-Little_James.mp3; [-585.25073  , 143.91158  ,  -8.412081 ,  -8.688013 ,  -7.724706 ,   -2.8074152,  -4.7474213,   0.2806468, -11.509329 ,   1.5792699,   -5.3360944,  -3.750113 ,  -3.1169019]; [[19821.91117049,-2598.84765759, 1838.56185609, 1169.62194925,    381.1780329 , 1177.55746364, 1060.4416811 ,  624.78640214,    179.75002583,  120.00091475,   75.00468555,  384.46892589,    378.68015301], [-2598.84765759, 1898.95420722, -795.80179576, -329.90349124,    -79.9195214 , -340.95458309, -185.57397599, -157.99287113,    -80.88957768,  -36.86728947,   15.10834148, -125.43060751,   -112.94819427], [ 1838.56185609, -795.80179576,  817.66856533,  261.7473491 ,     77.47706768,  272.8103222 ,  272.95538123,  117.32842422,     87.53269603,    9.33008675,   24.37815939,  117.77966051,     82.34452014], [ 1169.62194925, -329.90349124,  261.7473491 ,  367.31506938,    131.12127076,  168.47531999,  171.47585719,   94.61178621,     85.44018937,   -8.48578275,    6.08462256,   83.63277132,     87.54687279], [  381.1780329 ,  -79.9195214 ,   77.47706768,  131.12127076,    244.26428072,  125.68345666,  104.74129682,   22.48876729,    146.84107534,    1.02014034,    8.33772758,   70.52056001,     49.00228257], [ 1177.55746364, -340.95458309,  272.8103222 ,  168.47531999,    125.68345666,  296.55074998,  229.8810951 ,   88.34495843,     97.10396453,   23.15252317,   25.43098428,   79.79925583,     62.1573325 ], [ 1060.4416811 , -185.57397599,  272.95538123,  171.47585719,    104.74129682,  229.8810951 ,  350.30975108,  120.92773994,     86.18662962,   20.19072424,   36.34097822,   84.85552129,     70.64874908], [  624.78640214, -157.99287113,  117.32842422,   94.61178621,     22.48876729,   88.34495843,  120.92773994,  145.9746835 ,     15.58856334,   28.77649988,   22.4691241 ,   27.91538878,     47.5733194 ], [  179.75002583,  -80.88957768,   87.53269603,   85.44018937,    146.84107534,   97.10396453,   86.18662962,   15.58856334,    230.28970666,   18.91799773,   20.64486349,   70.96764036,     33.46846879], [  120.00091475,  -36.86728947,    9.33008675,   -8.48578275,      1.02014034,   23.15252317,   20.19072424,   28.77649988,     18.91799773,   94.64003523,   32.84155752,    6.63914863,      2.9519252 ], [   75.00468555,   15.10834148,   24.37815939,    6.08462256,      8.33772758,   25.43098428,   36.34097822,   22.4691241 ,     20.64486349,   32.84155752,   79.38764436,   24.04052425,     12.7108537 ], [  384.46892589, -125.43060751,  117.77966051,   83.63277132,     70.52056001,   79.79925583,   84.85552129,   27.91538878,     70.96764036,    6.63914863,   24.04052425,  100.13578922,     48.50186191], [  378.68015301, -112.94819427,   82.34452014,   87.54687279,     49.00228257,   62.1573325 ,   70.64874908,   47.5733194 ,     33.46846879,    2.9519252 ,   12.7108537 ,   48.50186191,     85.89150658]]
/root/sim/music/out/Oasis/Standing_On_The_Shoulder_Of_Giants_[Bonus_Track]/11-Let's_All_Make_Believe.mp3; [-578.3682    , 166.86992   , -25.812067  , -11.119583  ,  -5.6627    ,   -1.4814202 , -12.744914  ,   0.97902143,  -8.314933  ,  -1.9053206 ,   -8.430592  ,  -0.15136737,  -3.2201471 ]; [[15210.95345359,-2274.83183315,  519.88270806, 1077.2686101 ,    256.52417936,   27.69493877, -181.95096608,  499.54037344,    -31.68349646,  166.5231775 ,   20.61009161,  198.59829839,    116.73639618], [-2274.83183315, 1774.9221945 , -584.58393147, -269.47748406,    -71.24092866,   24.46659665,   70.12714971, -157.10694588,     -1.98225879,  -30.31412455,   -7.28858475,  -41.00475491,    -32.41196413], [  519.88270806, -584.58393147,  585.84248979,   28.31828254,     15.41798538,  -29.53882782,   -8.8051493 ,   48.72060419,      9.29967991,   10.73200309,   12.51337219,   11.54874885,      6.45176606], [ 1077.2686101 , -269.47748406,   28.31828254,  429.96380606,     44.40556735,  -21.2748201 ,  -32.01479471,   27.19884608,     45.15066961,  -29.54629617,  -15.98932287,   51.83461388,     49.43257071], [  256.52417936,  -71.24092866,   15.41798538,   44.40556735,    181.60234266,   51.97110406,  -18.21423252,   -8.63130325,     25.77154886,  -14.77446613,   -9.88692089,   17.12194361,     17.36341338], [   27.69493877,   24.46659665,  -29.53882782,  -21.2748201 ,     51.97110406,  191.3077693 ,   84.34608655,   -6.70749943,     29.11656794,   18.73560172,   15.78760633,   12.76074712,     -3.8166111 ], [ -181.95096608,   70.12714971,   -8.8051493 ,  -32.01479471,    -18.21423252,   84.34608655,  186.78050866,   -2.06156848,     50.30541591,    3.86407681,   22.29249397,   15.99782146,    -13.42770152], [  499.54037344, -157.10694588,   48.72060419,   27.19884608,     -8.63130325,   -6.70749943,   -2.06156848,  140.85384755,     -4.31003325,   34.3818879 ,   10.3755737 ,    7.86731439,     16.28754284], [  -31.68349646,   -1.98225879,    9.29967991,   45.15066961,     25.77154886,   29.11656794,   50.30541591,   -4.31003325,    118.03536984,    0.80126142,    5.33721013,   18.23219794,      7.49109613], [  166.5231775 ,  -30.31412455,   10.73200309,  -29.54629617,    -14.77446613,   18.73560172,    3.86407681,   34.3818879 ,      0.80126142,   99.09015504,   30.83716651,   -6.69683978,     -8.67870196], [   20.61009161,   -7.28858475,   12.51337219,  -15.98932287,     -9.88692089,   15.78760633,   22.29249397,   10.3755737 ,      5.33721013,   30.83716651,   66.64953784,    9.05978019,      0.10509358], [  198.59829839,  -41.00475491,   11.54874885,   51.83461388,     17.12194361,   12.76074712,   15.99782146,    7.86731439,     18.23219794,   -6.69683978,    9.05978019,   75.19855851,     19.31044336], [  116.73639618,  -32.41196413,    6.45176606,   49.43257071,     17.36341338,   -3.8166111 ,  -13.42770152,   16.28754284,      7.49109613,   -8.67870196,    0.10509358,   19.31044336,     60.38292697]]
/root/sim/music/out/Oasis/Standing_On_The_Shoulder_Of_Giants_[Bonus_Track]/02-Go_Let_It_Out.mp3; [-523.11285   , 112.397606  , -10.472938  ,  29.155222  ,  -1.5305649 ,    7.1036954 ,  -1.6634041 ,   6.2676497 ,  -2.4523802 ,   2.0329673 ,    0.3316311 ,   0.20998628,  -1.5609856 ]; [[12422.01578312,  477.62162542, -303.79089842,  226.184967  ,   -239.30724427, -300.98484802, -200.39079298,  104.03339526,    -18.70427685,  108.4599666 ,  137.88000977,   46.48350898,      4.25459025], [  477.62162542,  518.70075206, -165.26976043,  -12.43602239,    -45.62240826,  -24.48229721,  -12.80662213,   20.21380962,      1.71330549,   16.54182778,   10.03547185,    0.33487234,      2.19587838], [ -303.79089842, -165.26976043,  486.5451187 ,   -8.29853888,      2.61629642,   22.25475775,   -9.67243629,   15.38263003,    -16.59972535,  -25.75571764,    0.97075051,   -6.62816051,     -4.42517835], [  226.184967  ,  -12.43602239,   -8.29853888,  190.32455622,     60.34511594,    9.58850123,   -8.18554632,   -5.80332134,      7.00062714,   -4.92711151,    0.72191944,   17.59619493,     18.24585612], [ -239.30724427,  -45.62240826,    2.61629642,   60.34511594,    128.87775686,   47.61460051,   22.64792887,  -12.57155196,      9.85058493,   -6.13425254,  -10.93263269,    4.8136016 ,      3.26711885], [ -300.98484802,  -24.48229721,   22.25475775,    9.58850123,     47.61460051,  117.31348331,   69.36962794,    5.82316069,      2.93798216,   -4.86205455,   -8.77027492,  -13.37708778,    -11.42283269], [ -200.39079298,  -12.80662213,   -9.67243629,   -8.18554632,     22.64792887,   69.36962794,  118.72898228,   14.4531004 ,     11.0164938 ,   -3.29146049,   -0.80960825,   -7.35088776,    -14.35476795], [  104.03339526,   20.21380962,   15.38263003,   -5.80332134,    -12.57155196,    5.82316069,   14.4531004 ,   69.70964311,     17.32103082,    6.67187752,    4.00161052,    4.12823086,      2.82074993], [  -18.70427685,    1.71330549,  -16.59972535,    7.00062714,      9.85058493,    2.93798216,   11.0164938 ,   17.32103082,     56.87573329,   19.07946233,    8.36504961,   -0.71903151,     -1.00788983], [  108.4599666 ,   16.54182778,  -25.75571764,   -4.92711151,     -6.13425254,   -4.86205455,   -3.29146049,    6.67187752,     19.07946233,   69.68066777,   23.62772323,    4.24759897,      0.90257557], [  137.88000977,   10.03547185,    0.97075051,    0.72191944,    -10.93263269,   -8.77027492,   -0.80960825,    4.00161052,      8.36504961,   23.62772323,   52.41375281,   19.48601905,      4.65099504], [   46.48350898,    0.33487234,   -6.62816051,   17.59619493,      4.8136016 ,  -13.37708778,   -7.35088776,    4.12823086,     -0.71903151,    4.24759897,   19.48601905,   53.50733373,     27.86166924], [    4.25459025,    2.19587838,   -4.42517835,   18.24585612,      3.26711885,  -11.42283269,  -14.35476795,    2.82074993,     -1.00788983,    0.90257557,    4.65099504,   27.86166924,     51.32464801]]
/root/sim/music/out/Oasis/Standing_On_The_Shoulder_Of_Giants_[Bonus_Track]/04-Put_Yer_Money_Where_Yer_Mouth_Is.mp3; [-506.7201    , 120.967636  , -17.923887  ,  27.000135  ,  12.417314  ,   15.358613  ,  -3.9681869 ,   6.734045  ,  -0.10391968,   8.80685   ,   -6.3845363 ,  -5.1954913 ,  -2.7528346 ]; [[ 8390.80662794,-1921.08824991,  857.07984658,  111.44966914,   -320.23872357,  450.6577576 ,  387.71479668,  596.20319323,    547.32680943,   14.24393409,  425.69894082,  214.98783037,    378.03203907], [-1921.08824991, 1229.37056127, -321.54178236,  111.90489845,    105.32858267,  -68.69999623,  -11.97144804, -238.99860039,   -105.33353578,  -66.46997748,  -95.49477841,  -26.02555319,    -82.37181422], [  857.07984658, -321.54178236,  377.05574513,   31.95141166,    -29.68949638,   80.26003364,    8.4883791 ,   35.06891882,     42.51666233,   -4.55016914,   58.55736514,   33.81455649,     43.90702377], [  111.44966914,  111.90489845,   31.95141166,  145.09094427,     30.40449429,   14.8350474 ,  -11.7332503 ,  -12.70716042,     37.86138437,  -15.22413391,   26.14062676,   15.01916492,      8.47027243], [ -320.23872357,  105.32858267,  -29.68949638,   30.40449429,    130.83874889,  -21.46160412,  -60.04302259,  -10.78300624,     -4.52551511,    2.58308836,   -9.00353894,   12.1884408 ,    -17.64813778], [  450.6577576 ,  -68.69999623,   80.26003364,   14.8350474 ,    -21.46160412,   98.52385686,   56.1977381 ,   25.83840932,     25.23490468,   -5.29810667,   31.66298353,   17.36923898,     34.07304983], [  387.71479668,  -11.97144804,    8.4883791 ,  -11.7332503 ,    -60.04302259,   56.1977381 ,  146.57928484,   24.80681951,     30.27776625,  -14.66033065,   13.02601048,    0.17557641,     31.34183622], [  596.20319323, -238.99860039,   35.06891882,  -12.70716042,    -10.78300624,   25.83840932,   24.80681951,  133.33744251,     64.35859198,   25.69602377,   38.50038638,   17.26780252,     28.89662189], [  547.32680943, -105.33353578,   42.51666233,   37.86138437,     -4.52551511,   25.23490468,   30.27776625,   64.35859198,    103.85783314,   13.74182925,   48.50139712,   24.52340157,     28.81478623], [   14.24393409,  -66.46997748,   -4.55016914,  -15.22413391,      2.58308836,   -5.29810667,  -14.66033065,   25.69602377,     13.74182925,   62.82017965,   15.58781803,    5.36131195,      0.92919344], [  425.69894082,  -95.49477841,   58.55736514,   26.14062676,     -9.00353894,   31.66298353,   13.02601048,   38.50038638,     48.50139712,   15.58781803,   82.45518743,   32.36340038,     27.71231213], [  214.98783037,  -26.02555319,   33.81455649,   15.01916492,     12.1884408 ,   17.36923898,    0.17557641,   17.26780252,     24.52340157,    5.36131195,   32.36340038,   53.4297483 ,     21.67028773], [  378.03203907,  -82.37181422,   43.90702377,    8.47027243,    -17.64813778,   34.07304983,   31.34183622,   28.89662189,     28.81478623,    0.92919344,   27.71231213,   21.67028773,     53.6372341 ]]
/root/sim/music/out/Oasis/Live_Forever/01_Live_Forever.mp3; [-522.74316  ,  97.97478  , -20.140728 ,  29.981548 ,  14.656615 ,   13.86379  ,   1.8754343,  13.304792 ,   8.463768 ,  10.325957 ,    3.7879612,   5.7753096,   2.6619306]; [[11285.32551196,  702.14766427, -870.35776857,   39.30787646,    -67.06389596,   13.38066043,   31.89145048,  297.08161144,    245.34528386,   35.67486608, -324.9683418 , -222.83985572,     -7.54355929], [  702.14766427,  941.21870819, -483.18652063,  -28.00130927,    -30.40716914, -140.4251152 ,  -61.97607041,  -89.87807609,      3.67189328,   39.16618637,   -0.54982881,   48.59956521,     41.03153388], [ -870.35776857, -483.18652063,  628.53018158,   35.69401833,     33.49205518,   82.00608088,    0.42522779,   45.32566088,    -25.2514918 ,  -27.26522808,   40.94606412,  -24.5284739 ,    -10.35195804], [   39.30787646,  -28.00130927,   35.69401833,  202.96642355,     58.90722737,   17.03520443,    4.16288427,   14.613334  ,     17.79546274,   13.1686394 ,    9.26384754,   20.85899053,     -6.71935416], [  -67.06389596,  -30.40716914,   33.49205518,   58.90722737,    105.02999364,   33.20538607,   13.89193436,   -0.81583728,      5.82115054,    9.38815662,   10.51725208,    6.19106302,     -5.57913437], [   13.38066043, -140.4251152 ,   82.00608088,   17.03520443,     33.20538607,  137.09177632,   69.80834287,   31.1062917 ,     -2.99467686,    1.59786392,    8.45077337,  -10.76202708,    -11.66159464], [   31.89145048,  -61.97607041,    0.42522779,    4.16288427,     13.89193436,   69.80834287,  132.0944424 ,   54.56180181,      3.52596996,    0.20979809,   -7.34118261,   -5.73453224,    -14.3774925 ], [  297.08161144,  -89.87807609,   45.32566088,   14.613334  ,     -0.81583728,   31.1062917 ,   54.56180181,  103.60927189,     35.58948101,   -3.60884659,  -18.65534646,  -15.41193858,     -5.58341748], [  245.34528386,    3.67189328,  -25.2514918 ,   17.79546274,      5.82115054,   -2.99467686,    3.52596996,   35.58948101,     66.06472919,   25.60190369,   -8.50395016,   -6.07056595,     -1.24670615], [   35.67486608,   39.16618637,  -27.26522808,   13.1686394 ,      9.38815662,    1.59786392,    0.20979809,   -3.60884659,     25.60190369,   63.2459752 ,   24.66571689,    1.48700721,     -2.40874141], [ -324.9683418 ,   -0.54982881,   40.94606412,    9.26384754,     10.51725208,    8.45077337,   -7.34118261,  -18.65534646,     -8.50395016,   24.66571689,   66.97428121,   29.8732492 ,      2.02998213], [ -222.83985572,   48.59956521,  -24.5284739 ,   20.85899053,      6.19106302,  -10.76202708,   -5.73453224,  -15.41193858,     -6.07056595,    1.48700721,   29.8732492 ,   66.04435638,     19.77430651], [   -7.54355929,   41.03153388,  -10.35195804,   -6.71935416,     -5.57913437,  -11.66159464,  -14.3774925 ,   -5.58341748,     -1.24670615,   -2.40874141,    2.02998213,   19.77430651,     48.29908354]]
/root/sim/music/out/Oasis/Live_Forever/03_Cloudburst.mp3; [-566.241    , 109.56441  , -27.857525 ,  48.678513 ,  25.207361 ,   13.6078205,   1.9787658,   9.624518 ,   6.083808 ,   7.984846 ,    2.4078743,   0.736232 ,  -0.3050288]; [[12626.35831231, -391.6853318 , -325.21851067,   88.82902146,    175.31682297,  312.98542814,  -39.53682224,   62.02380877,   -209.34559639,  -37.69205658,  225.65576041,  155.20304886,    146.45573239], [ -391.6853318 ,  900.12782929, -357.08725423,  119.84668581,    -44.86519139,  -61.96455645,  -32.69335877,  -17.76918819,     53.82763059,   38.38567185,  -45.14583915,   11.46090673,    -25.43344286], [ -325.21851067, -357.08725423,  636.89761392,   -8.05410264,    120.8271677 ,   40.42749264,   50.08710265,   50.58987524,    -33.10322674,  -21.07610911,   40.63048387,   14.43459465,     23.73537275], [   88.82902146,  119.84668581,   -8.05410264,  168.50581917,     32.61453006,   14.28907247,  -10.30035443,    5.80553002,     16.13934019,   17.54287636,    3.91426479,    1.30466362,     -1.03458811], [  175.31682297,  -44.86519139,  120.8271677 ,   32.61453006,    167.03824616,   65.74352783,   58.29453471,   42.9186782 ,     13.18322148,   13.98970818,   26.63460716,   18.66627181,     20.34637478], [  312.98542814,  -61.96455645,   40.42749264,   14.28907247,     65.74352783,   97.63549922,   49.97540592,   33.9857546 ,     -6.05892076,    1.87282244,   19.21104579,    8.40037099,     13.4974867 ], [  -39.53682224,  -32.69335877,   50.08710265,  -10.30035443,     58.29453471,   49.97540592,  102.42247928,   47.84730684,     13.63064478,   -1.25213759,   15.39055381,    9.65008808,     10.00202588], [   62.02380877,  -17.76918819,   50.58987524,    5.80553002,     42.9186782 ,   33.9857546 ,   47.84730684,   73.23700105,     29.01975001,   14.00458123,   14.07309255,    8.74620061,     11.69383443], [ -209.34559639,   53.82763059,  -33.10322674,   16.13934019,     13.18322148,   -6.05892076,   13.63064478,   29.01975001,     82.49650231,   47.38728994,    7.13624019,   -5.41752849,      2.44728925], [  -37.69205658,   38.38567185,  -21.07610911,   17.54287636,     13.98970818,    1.87282244,   -1.25213759,   14.00458123,     47.38728994,   70.75907618,   26.45786505,    6.0504483 ,      3.16758498], [  225.65576041,  -45.14583915,   40.63048387,    3.91426479,     26.63460716,   19.21104579,   15.39055381,   14.07309255,      7.13624019,   26.45786505,   65.71945254,   26.34447064,     18.153433  ], [  155.20304886,   11.46090673,   14.43459465,    1.30466362,     18.66627181,    8.40037099,    9.65008808,    8.74620061,     -5.41752849,    6.0504483 ,   26.34447064,   57.82588757,     27.08799349], [  146.45573239,  -25.43344286,   23.73537275,   -1.03458811,     20.34637478,   13.4974867 ,   10.00202588,   11.69383443,      2.44728925,    3.16758498,   18.153433  ,   27.08799349,     47.3201068 ]]
/root/sim/music/out/Oasis/Live_Forever/02_Up_In_The_Sky_[Acoustic].mp3; [-564.70197  , 124.435234 ,  -2.702371 ,   8.255199 ,   3.0348494,   -5.3056126,  -8.962891 ,  -0.9587638,  -6.7432113,   1.7567153,   -9.398803 ,  -5.6445627,  -3.4199224]; [[12301.44460561,  756.51567876, -331.89928491,  -50.55912299,   -134.87313353, -284.00499436, -274.28153572, -118.42879891,   -187.2781653 ,   47.89642857,  -81.96437848, -114.13803593,   -154.30701599], [  756.51567876,  818.95016909,    2.76392371,   22.01190927,    -25.74408937,  -17.90216989,   -8.13582678,    1.13321493,    -25.34950528,  -28.59521659,    3.28276559,   17.50151032,      3.22464501], [ -331.89928491,    2.76392371,  298.57540413,    1.49456526,     32.30129931,   52.21408121,   55.06540814,   22.19504224,     14.2762442 ,    3.9509148 ,   14.32480245,   31.58019333,     15.03652695], [  -50.55912299,   22.01190927,    1.49456526,  130.54281835,     68.69101449,  -11.54144514,  -17.46272016,   15.37684784,     14.49057006,   15.54870789,   -4.45165735,   -4.29343185,     25.07500443], [ -134.87313353,  -25.74408937,   32.30129931,   68.69101449,    123.58430151,   23.75395923,   -1.38161152,   10.00878978,     21.01347604,   21.67755356,    6.07099532,   -3.6378166 ,     17.48663885], [ -284.00499436,  -17.90216989,   52.21408121,  -11.54144514,     23.75395923,  113.15669762,   68.69739706,   15.65541014,     18.71318774,    6.52400203,   21.33451845,   14.49087403,    -10.81664806], [ -274.28153572,   -8.13582678,   55.06540814,  -17.46272016,     -1.38161152,   68.69739706,  123.35383086,   35.68781213,     16.06291305,    9.72630636,   13.86741532,   19.32515606,     -7.0493083 ], [ -118.42879891,    1.13321493,   22.19504224,   15.37684784,     10.00878978,   15.65541014,   35.68781213,   74.84381281,     32.36114787,    2.74515661,    4.69541319,    2.01502114,      8.52655927], [ -187.2781653 ,  -25.34950528,   14.2762442 ,   14.49057006,     21.01347604,   18.71318774,   16.06291305,   32.36114787,     70.75666815,   23.96854217,    7.51946635,   -2.6553934 ,     -1.43896092], [   47.89642857,  -28.59521659,    3.9509148 ,   15.54870789,     21.67755356,    6.52400203,    9.72630636,    2.74515661,     23.96854217,   71.47375668,   20.41449201,    0.80656207,     -1.07277265], [  -81.96437848,    3.28276559,   14.32480245,   -4.45165735,      6.07099532,   21.33451845,   13.86741532,    4.69541319,      7.51946635,   20.41449201,   66.06947241,   20.24742887,     -3.58573192], [ -114.13803593,   17.50151032,   31.58019333,   -4.29343185,     -3.6378166 ,   14.49087403,   19.32515606,    2.01502114,     -2.6553934 ,    0.80656207,   20.24742887,   55.34283696,     20.53031327], [ -154.30701599,    3.22464501,   15.03652695,   25.07500443,     17.48663885,  -10.81664806,   -7.0493083 ,    8.52655927,     -1.43896092,   -1.07277265,   -3.58573192,   20.53031327,     63.63949534]]
/root/sim/music/out/Oasis/Live_Forever/04_Supersonic_[Live_'94].mp3; [-556.1057   , 112.041145 , -18.15673  ,  26.618618 ,  13.466893 ,    1.8706433,   4.2574353,   3.6288202,   4.3907723,   1.8952461,    2.2309406,   1.7856767,   1.7392986]; [[10714.47893498,   28.47133291, -240.02804377,  -18.68491014,    155.78197466,  159.73193292,  231.63858001,   45.13549774,    -19.13735329,  -61.0022434 , -233.90008866,  -29.45066156,    188.08482228], [   28.47133291,  808.51783971,  -38.0924015 ,  201.85566948,    117.66681144,   39.17870198,  101.87268405,   35.8008835 ,    -26.10600288,  -24.58690306,  -95.78497276,  -57.73664138,    -16.23061672], [ -240.02804377,  -38.0924015 ,  585.99918545,   48.42935621,    129.35308947,  119.50194199,  -14.9471326 ,   13.89988425,    -42.50818203,  -76.44724407, -109.43555598,  -80.89098237,     10.65541219], [  -18.68491014,  201.85566948,   48.42935621,  201.32459165,     64.64406696,   38.12624297,   13.3668976 ,   -5.64069062,     -7.62401845,   -4.62653323,  -12.18834681,   -7.73900898,     -2.12855898], [  155.78197466,  117.66681144,  129.35308947,   64.64406696,    148.68134717,   73.98272408,   51.09050489,   16.0981167 ,    -10.05256019,  -33.07276035,  -69.69979024,  -35.00774357,      9.9985457 ], [  159.73193292,   39.17870198,  119.50194199,   38.12624297,     73.98272408,  110.25456352,   44.05625032,   24.76139832,     -9.82436919,  -33.52741473,  -48.54063542,  -28.61347853,      2.01412411], [  231.63858001,  101.87268405,  -14.9471326 ,   13.3668976 ,     51.09050489,   44.05625032,  115.01327983,   40.69236678,     -3.51131006,  -11.96757688,  -38.28059827,  -16.55786244,      7.69148157], [   45.13549774,   35.8008835 ,   13.89988425,   -5.64069062,     16.0981167 ,   24.76139832,   40.69236678,   70.19446954,     20.17264101,   -0.13520611,  -13.79988083,   -9.77118518,     -4.70215277], [  -19.13735329,  -26.10600288,  -42.50818203,   -7.62401845,    -10.05256019,   -9.82436919,   -3.51131006,   20.17264101,     68.6949194 ,   31.22770275,   27.11348225,   16.62438436,     -1.31923724], [  -61.0022434 ,  -24.58690306,  -76.44724407,   -4.62653323,    -33.07276035,  -33.52741473,  -11.96757688,   -0.13520611,     31.22770275,   76.37337337,   59.04336541,   27.61690063,     -9.53027356], [ -233.90008866,  -95.78497276, -109.43555598,  -12.18834681,    -69.69979024,  -48.54063542,  -38.28059827,  -13.79988083,     27.11348225,   59.04336541,  135.59384506,   62.16354903,    -16.79230568], [  -29.45066156,  -57.73664138,  -80.89098237,   -7.73900898,    -35.00774357,  -28.61347853,  -16.55786244,   -9.77118518,     16.62438436,   27.61690063,   62.16354903,   75.51741717,     13.21840424], [  188.08482228,  -16.23061672,   10.65541219,   -2.12855898,      9.9985457 ,    2.01412411,    7.69148157,   -4.70215277,     -1.31923724,   -9.53027356,  -16.79230568,   13.21840424,     78.76520492]]
/root/sim/music/out/Oasis/Don't_Go_Away/01_Don't_Go_Away.mp3; [-515.079     , 108.517136  , -11.28466   ,  28.79626   ,   7.670579  ,   -0.90255195,   3.5576777 ,   5.222871  ,  -0.45440423,   0.5670615 ,   -0.35923943,  -0.9354546 ,  -3.7272737 ]; [[8865.16276584, 178.18242688,-889.52425194, 504.90372777,  31.84570958,   -88.22728969,-207.21848082, 394.47284122,  14.11520817, 640.882042  ,   147.16231566, 345.62789215, 226.02283154], [ 178.18242688, 709.973018  ,-353.3211648 , 140.28670331, -27.27490419,   -16.75564363,  41.46071137,  42.71071019,  10.32826222, 106.85918973,    39.76906308,  49.51980202,  12.20024066], [-889.52425194,-353.3211648 , 583.67152781,-163.95613084,  74.92000293,    37.4476831 ,  -2.95265468, -69.85175726,  -5.38997825,-134.40146126,   -29.12647819, -69.25060193, -18.9367435 ], [ 504.90372777, 140.28670331,-163.95613084, 373.64422898,  -1.18544272,   -29.18340024, -56.75491219,  24.24055829,  46.58767898,  50.51841629,     3.55326357,  77.63660728,  48.78980973], [  31.84570958, -27.27490419,  74.92000293,  -1.18544272, 128.17102528,    -1.10462301,   0.46258314,  -5.54029246,  10.02694901,   7.63878435,     7.35490114,   1.54093737,  11.38888439], [ -88.22728969, -16.75564363,  37.4476831 , -29.18340024,  -1.10462301,   113.86419564,  34.35170344,   0.34275574, -12.34057076,   1.03035437,    -6.11088027, -16.12159605, -11.44086628], [-207.21848082,  41.46071137,  -2.95265468, -56.75491219,   0.46258314,    34.35170344, 122.23249331,  -3.19196901,  -4.01422971, -15.03647785,     1.68910772, -15.89904681, -19.23578263], [ 394.47284122,  42.71071019, -69.85175726,  24.24055829,  -5.54029246,     0.34275574,  -3.19196901, 110.71598632,  15.79885534,  57.87601413,    18.33062629,  31.37669402,  17.88813865], [  14.11520817,  10.32826222,  -5.38997825,  46.58767898,  10.02694901,   -12.34057076,  -4.01422971,  15.79885534,  80.89314015,  19.55795449,    13.49335579,   8.24046058,  12.50572842], [ 640.882042  , 106.85918973,-134.40146126,  50.51841629,   7.63878435,     1.03035437, -15.03647785,  57.87601413,  19.55795449, 157.56432682,    37.29527711,  44.33949701,  22.27571751], [ 147.16231566,  39.76906308, -29.12647819,   3.55326357,   7.35490114,    -6.11088027,   1.68910772,  18.33062629,  13.49335579,  37.29527711,    78.09811124,  32.08036204,   9.05689273], [ 345.62789215,  49.51980202, -69.25060193,  77.63660728,   1.54093737,   -16.12159605, -15.89904681,  31.37669402,   8.24046058,  44.33949701,    32.08036204,  90.9283704 ,  40.90528704], [ 226.02283154,  12.20024066, -18.9367435 ,  48.78980973,  11.38888439,   -11.44086628, -19.23578263,  17.88813865,  12.50572842,  22.27571751,     9.05689273,  40.90528704,  71.88840264]]
/root/sim/music/out/Oasis/Don't_Go_Away/02_Cigarettes_And_Alcohol_[Live].mp3; [-467.32336   ,  98.440186  ,  -7.7885146 ,  31.260935  ,   6.739847  ,    8.163572  ,   1.968207  ,   0.62579995,  -0.32458448,   4.098423  ,   -5.1028166 ,  -1.8823525 ,  -2.2069526 ]; [[2366.71728032, -54.49760004, 629.6251416 , -31.6889604 , 265.35175837,    79.96911284,  39.75917438, -26.5718557 ,  68.91140374,  17.33651382,    83.13060451,  -1.69424869,  -1.16340142], [ -54.49760004, 492.19347093, -43.75980391, 145.30351203,   2.54897294,   -11.0615851 , -13.73364323, -51.71515924, -42.20405106,  24.54889853,   -31.43026411,   9.53176475,  -9.47108103], [ 629.6251416 , -43.75980391, 549.6530214 ,  27.00978016, 174.27693741,    17.90412854,   9.44332406, -16.78505089,  36.92897208,  -9.6321514 ,    37.42560776, -11.92158253,  10.72291784], [ -31.6889604 , 145.30351203,  27.00978016, 242.18683037,  55.70025335,    30.98308686, -29.2866609 , -32.05149761,  -0.96974871,  26.40054318,   -20.15498821,  18.43767037,  23.64579971], [ 265.35175837,   2.54897294, 174.27693741,  55.70025335, 146.05833828,    23.25969002,  27.30370847,  -8.54669667,  29.46271669,  -3.32615055,    14.8158281 ,   1.99412317,  10.67762613], [  79.96911284, -11.0615851 ,  17.90412854,  30.98308686,  23.25969002,    81.25515715,  32.8890525 ,  27.97152438,  13.57340455,  14.4153119 ,    13.45269269,   9.79097902,   9.59306192], [  39.75917438, -13.73364323,   9.44332406, -29.2866609 ,  27.30370847,    32.8890525 ,  99.44970573,  42.95338055,  26.75707806,  -4.61831135,    14.39798061,   5.57809089,   2.2886927 ], [ -26.5718557 , -51.71515924, -16.78505089, -32.05149761,  -8.54669667,    27.97152438,  42.95338055,  93.33075954,  44.18154514,  11.52253917,    30.22975487,  12.97980784,   5.80055584], [  68.91140374, -42.20405106,  36.92897208,  -0.96974871,  29.46271669,    13.57340455,  26.75707806,  44.18154514,  74.75243734,  23.39990745,    30.69804875,   7.8583853 ,   7.75800347], [  17.33651382,  24.54889853,  -9.6321514 ,  26.40054318,  -3.32615055,    14.4153119 ,  -4.61831135,  11.52253917,  23.39990745,  60.6031621 ,    23.42794445,  15.26949128,   8.42781685], [  83.13060451, -31.43026411,  37.42560776, -20.15498821,  14.8158281 ,    13.45269269,  14.39798061,  30.22975487,  30.69804875,  23.42794445,    67.19098258,  24.29593062,  10.33778321], [  -1.69424869,   9.53176475, -11.92158253,  18.43767037,   1.99412317,     9.79097902,   5.57809089,  12.97980784,   7.8583853 ,  15.26949128,    24.29593062,  48.18186034,  21.03671395], [  -1.16340142,  -9.47108103,  10.72291784,  23.64579971,  10.67762613,     9.59306192,   2.2886927 ,   5.80055584,   7.75800347,   8.42781685,    10.33778321,  21.03671395,  45.15797378]]
/root/sim/music/out/Oasis/Don't_Go_Away/03_Sad_Song.mp3; [-574.4155    , 135.9091    ,  25.721565  ,   7.5411167 ,  -4.5386295 ,    1.1958994 ,   0.92664623,   7.904106  ,  -4.560758  ,  -9.109557  ,  -10.758914  , -11.590323  ,  -7.9010744 ]; [[2929.29629079,-626.68891039,-218.42911123,-245.237632  , 132.74437475,    80.9027877 , -43.57485952, -61.28050452, 107.49511302, 153.2095709 ,   190.77513212, -50.26631474, -66.26694732], [-626.68891039, 849.4272379 ,-250.90479323, -45.1351773 , -78.43297916,    47.34662409,  14.77069986,  49.9662161 ,  -8.73982676,  -3.06595995,    55.52594751,  37.01162081, -14.79333115], [-218.42911123,-250.90479323, 531.72083103,  98.65297401,  -6.61371966,    14.6947495 ,  93.17300701,   8.69486994,  -9.08667281, -20.7756645 ,   -55.74370752,  48.32857806,  64.53361328], [-245.237632  , -45.1351773 ,  98.65297401, 293.18805598, 112.66688681,   -38.54756926, -46.77049311,  21.45938975,  10.64410481,  13.27081109,   -37.32532093,   8.42365676,  75.97944553], [ 132.74437475, -78.43297916,  -6.61371966, 112.66688681, 218.47911007,    -1.03690865, -67.77752692, -22.59063522,  36.21204134,  59.95310782,    11.83316559, -11.21817776,  29.29405563], [  80.9027877 ,  47.34662409,  14.6947495 , -38.54756926,  -1.03690865,   152.56889164,  64.07848965,  -2.09118551,  10.74948348,  15.17438607,    36.20434361,  15.7328066 , -20.94426238], [ -43.57485952,  14.77069986,  93.17300701, -46.77049311, -67.77752692,    64.07848965, 161.40408308,  41.87471124, -22.8288797 , -22.56491599,    -0.28982737,  33.99398218,   4.2331345 ], [ -61.28050452,  49.9662161 ,   8.69486994,  21.45938975, -22.59063522,    -2.09118551,  41.87471124,  97.04833561,   9.27808274, -18.0255291 ,    -5.47782506,  18.04168285,  22.24966151], [ 107.49511302,  -8.73982676,  -9.08667281,  10.64410481,  36.21204134,    10.74948348, -22.8288797 ,   9.27808274,  92.99604534,  22.51371688,    20.06413072,  -2.82043306,  -4.03277081], [ 153.2095709 ,  -3.06595995, -20.7756645 ,  13.27081109,  59.95310782,    15.17438607, -22.56491599, -18.0255291 ,  22.51371688, 107.95348192,    37.56832632,  -2.75093541,   3.27070537], [ 190.77513212,  55.52594751, -55.74370752, -37.32532093,  11.83316559,    36.20434361,  -0.28982737,  -5.47782506,  20.06413072,  37.56832632,   114.65596312,  22.01853085, -11.72372875], [ -50.26631474,  37.01162081,  48.32857806,   8.42365676, -11.21817776,    15.7328066 ,  33.99398218,  18.04168285,  -2.82043306,  -2.75093541,    22.01853085,  72.56281247,  29.37574421], [ -66.26694732, -14.79333115,  64.53361328,  75.97944553,  29.29405563,   -20.94426238,   4.2331345 ,  22.24966151,  -4.03277081,   3.27070537,   -11.72372875,  29.37574421,  91.84753637]]
/root/sim/music/out/Oasis/Don't_Go_Away/04_Fade_Away.mp3; [-521.3542    , 134.51036   ,  11.193144  ,   9.226383  ,   4.590476  ,    0.90097785,  -1.4032867 ,   6.2267795 ,  -2.2822099 ,   4.9044156 ,    0.10154754,   0.6301876 ,  -1.7351403 ]; [[5716.9747371 ,-324.43540169,-437.3733178 , -48.78714514, -37.30183383,   129.59180468, -88.05125295,  68.09919163,  -5.04035057, 134.88725086,    57.28514325,   1.47410526,   0.31598052], [-324.43540169, 852.76361366,-220.12289519, -33.04558723, -34.23759075,    -0.90394013,  36.08048474,  31.89750437,  14.32114931,  -5.60434417,    63.60567746,  10.5760845 ,  18.47698127], [-437.3733178 ,-220.12289519, 575.10283656,  51.28463368,  13.08838569,    -9.35488983,  15.20593626, -18.2017942 ,  -8.55559225, -35.08512274,   -36.07917337,  12.87561804,  -8.08224668], [ -48.78714514, -33.04558723,  51.28463368, 207.4569639 ,  54.43986567,   -37.7133117 , -20.18541689,   7.93091849,  -6.20738737,   0.96918376,   -15.08190877,  -2.72493012,  28.25058659], [ -37.30183383, -34.23759075,  13.08838569,  54.43986567, 132.32400998,   -10.61079087, -22.14943877,  -9.74092918,   1.07791296,   4.53982445,   -22.74835821,  -5.18094537,  15.5338264 ], [ 129.59180468,  -0.90394013,  -9.35488983, -37.7133117 , -10.61079087,   179.97132225,  42.93390667,  -5.36148386,   1.46596855,  -1.14252844,    37.71067071,  18.76727384,  -0.71369772], [ -88.05125295,  36.08048474,  15.20593626, -20.18541689, -22.14943877,    42.93390667, 104.39665199,  12.36142665,  -1.62304518, -13.61131348,    17.0414588 ,   7.08562671,  -1.18615769], [  68.09919163,  31.89750437, -18.2017942 ,   7.93091849,  -9.74092918,    -5.36148386,  12.36142665,  80.21923161,  14.6690837 ,  -1.89501152,     8.76901428,   2.16516727,   4.19949603], [  -5.04035057,  14.32114931,  -8.55559225,  -6.20738737,   1.07791296,     1.46596855,  -1.62304518,  14.6690837 ,  74.58299893,  15.95981356,     2.83316905,  -2.98276034,  -7.71455897], [ 134.88725086,  -5.60434417, -35.08512274,   0.96918376,   4.53982445,    -1.14252844, -13.61131348,  -1.89501152,  15.95981356,  82.80796542,    18.74832614,  -6.94763598,  -2.18259575], [  57.28514325,  63.60567746, -36.07917337, -15.08190877, -22.74835821,    37.71067071,  17.0414588 ,   8.76901428,   2.83316905,  18.74832614,    79.49188348,  18.9708175 ,  -0.40761215], [   1.47410526,  10.5760845 ,  12.87561804,  -2.72493012,  -5.18094537,    18.76727384,   7.08562671,   2.16516727,  -2.98276034,  -6.94763598,    18.9708175 ,  58.1659587 ,  19.18628232], [   0.31598052,  18.47698127,  -8.08224668,  28.25058659,  15.5338264 ,    -0.71369772,  -1.18615769,   4.19949603,  -7.71455897,  -2.18259575,    -0.40761215,  19.18628232,  68.11119728]]
