/root/sim/music/out/Godiego/GOLDEN☆BEST_[Disc_1]/07_ミラージュのテーマ_(2).mp3; [-597.85016   , 103.45361   ,   0.65101546,  26.941927  ,   4.2408442 ,    1.7554954 ,  -2.282523  ,   3.6682322 ,  -0.7457035 ,  -2.314077  ,   -4.064773  ,  -4.359717  ,  -4.8384547 ]; [[21476.2796706 , 1099.04177192, -276.09921387,   33.09585973,   -142.70906609,   70.55961433, -144.96095151,  -84.67309125,   -123.44078415,  -61.82660089,  -15.95874391,  -59.61612024,    -82.78112162], [ 1099.04177192, 1177.7193715 , -256.14173163,  -88.1416658 ,    -30.50946387,  -15.83961227,   82.83491262,   78.4780695 ,     15.65121508,   13.16184986,   41.11229149,   37.15650425,     -6.30282575], [ -276.09921387, -256.14173163,  544.90737938,  174.44951275,     85.21421402,   56.07418853,   23.08332231,  -28.32708444,    -20.55967091,   -6.06153761,    4.8376341 ,   -4.24870574,      7.21101832], [   33.09585973,  -88.1416658 ,  174.44951275,  407.74709113,    162.86971832,   20.29485459,  -45.04692497,  -15.91664914,     43.42238035,  -14.09380248,  -34.08845015,    6.70062709,      2.29109669], [ -142.70906609,  -30.50946387,   85.21421402,  162.86971832,    259.65648328,   35.70161287,  -65.59217216,  -29.79067419,     71.86797491,   17.56526202,  -23.27613694,    4.43770745,      8.29371403], [   70.55961433,  -15.83961227,   56.07418853,   20.29485459,     35.70161287,  132.34158097,   70.85697584,    6.30158021,     -6.99075616,   11.26766528,   26.84624795,    1.97474453,    -10.1735182 ], [ -144.96095151,   82.83491262,   23.08332231,  -45.04692497,    -65.59217216,   70.85697584,  184.59971911,   69.39952105,    -32.78200082,    4.82319528,   45.59349446,   13.46948645,     -6.84888995], [  -84.67309125,   78.4780695 ,  -28.32708444,  -15.91664914,    -29.79067419,    6.30158021,   69.39952105,  108.92943496,     28.75646917,   10.45257007,   11.4369836 ,   16.92940147,     10.55034571], [ -123.44078415,   15.65121508,  -20.55967091,   43.42238035,     71.86797491,   -6.99075616,  -32.78200082,   28.75646917,    121.8023393 ,   41.56189482,   -6.37398703,    6.76127201,      7.35143617], [  -61.82660089,   13.16184986,   -6.06153761,  -14.09380248,     17.56526202,   11.26766528,    4.82319528,   10.45257007,     41.56189482,   83.47588019,   38.52284333,    5.08849681,      3.65574354], [  -15.95874391,   41.11229149,    4.8376341 ,  -34.08845015,    -23.27613694,   26.84624795,   45.59349446,   11.4369836 ,     -6.37398703,   38.52284333,   86.75325044,   33.14794257,      2.18923017], [  -59.61612024,   37.15650425,   -4.24870574,    6.70062709,      4.43770745,    1.97474453,   13.46948645,   16.92940147,      6.76127201,    5.08849681,   33.14794257,   74.19541904,     31.03104692], [  -82.78112162,   -6.30282575,    7.21101832,    2.29109669,      8.29371403,  -10.1735182 ,   -6.84888995,   10.55034571,      7.35143617,    3.65574354,    2.18923017,   31.03104692,     63.32826542]]
/root/sim/music/out/Godiego/GOLDEN☆BEST_[Disc_1]/08_水滸伝のテーマ_(2).mp3; [-599.9419   , 104.95948  ,   4.4009075,  21.312721 ,   7.754852 ,    8.720397 ,   2.394895 ,   8.55307  ,  -1.4063643,   0.4935525,   -3.3500457,  -3.1887224,  -1.3999753]; [[15268.13719398,  936.53579293, -478.17886798,  241.82533057,    306.64032095,  197.57976154,  -31.20388745,  -10.93381483,    -85.51888965,   39.68586594,  -74.81254279, -128.97438668,    -54.17563055], [  936.53579293, 1332.74068415,  -98.07837026,  204.11787029,     36.74666663,  135.54683986,   24.47896856,  102.07670346,     56.95041477,   38.4866764 ,   11.45040698,  -11.92376393,     19.74721495], [ -478.17886798,  -98.07837026,  849.4696391 ,  113.79452192,    128.44302318,   93.38657251,  134.58053626,    9.48768393,     73.15653451,  -39.08319152,   33.57998487,   66.15732485,     -5.8519175 ], [  241.82533057,  204.11787029,  113.79452192,  435.86142989,     94.43018331,   74.37537745,    7.87482853,   60.85826753,     64.32781754,   -0.81556138,  -17.22455455,    0.96724437,     25.70664431], [  306.64032095,   36.74666663,  128.44302318,   94.43018331,    284.26934988,   15.87388777,   10.53910126,  -20.26855781,     43.76281837,   -1.74553376,    2.05723674,   -4.77468166,     16.17863472], [  197.57976154,  135.54683986,   93.38657251,   74.37537745,     15.87388777,  185.93867723,   61.14474548,   38.53021669,     24.689014  ,   30.55951414,   18.87187055,    7.82012056,    -10.70544357], [  -31.20388745,   24.47896856,  134.58053626,    7.87482853,     10.53910126,   61.14474548,  168.03732913,   48.85861484,     15.24957523,   14.42392669,   18.1884582 ,   23.43780776,    -18.02222349], [  -10.93381483,  102.07670346,    9.48768393,   60.85826753,    -20.26855781,   38.53021669,   48.85861484,  127.20881594,     39.04718999,   14.77387989,    1.94511368,    7.00808685,     -2.3192292 ], [  -85.51888965,   56.95041477,   73.15653451,   64.32781754,     43.76281837,   24.689014  ,   15.24957523,   39.04718999,    122.8204156 ,   30.73222927,   11.84040898,   10.74589678,     18.98996984], [   39.68586594,   38.4866764 ,  -39.08319152,   -0.81556138,     -1.74553376,   30.55951414,   14.42392669,   14.77387989,     30.73222927,  104.34696587,   37.49505175,    5.15024523,     -4.56015017], [  -74.81254279,   11.45040698,   33.57998487,  -17.22455455,      2.05723674,   18.87187055,   18.1884582 ,    1.94511368,     11.84040898,   37.49505175,   86.02190844,   36.09141964,      0.54582437], [ -128.97438668,  -11.92376393,   66.15732485,    0.96724437,     -4.77468166,    7.82012056,   23.43780776,    7.00808685,     10.74589678,    5.15024523,   36.09141964,   81.73918767,     23.80643835], [  -54.17563055,   19.74721495,   -5.8519175 ,   25.70664431,     16.17863472,  -10.70544357,  -18.02222349,   -2.3192292 ,     18.98996984,   -4.56015017,    0.54582437,   23.80643835,     80.6604878 ]]
/root/sim/music/out/Godiego/GOLDEN☆BEST_[Disc_1]/02_イエロー・センター・ライン_(2).mp3; [-577.48987   , 124.616554  , -15.423761  ,   8.360093  ,  -0.04898384,    1.7582139 ,  -8.851091  ,  -3.7919495 ,  -9.244106  ,  -0.58410287,   -6.020038  ,  -9.4063425 ,  -7.7396874 ]; [[12927.19063598,  737.46393125, -117.81034755,   57.48688332,     13.54166973,  201.41818289,  -82.38771697, -146.80436442,    -62.57898254,   99.71888808, -104.85730332, -140.02128554,    -60.92946558], [  737.46393125, 1195.45745015, -410.00085773,   75.36252273,     20.52440625,  -46.89865134,   49.16659561,   20.59797147,    -19.66254158,   -4.13708318,   39.17216386,  -33.9143786 ,    -33.14885115], [ -117.81034755, -410.00085773,  654.18758046,  -11.62589641,     13.18513383,   14.90186691,  -28.85900652,   11.02397227,    -27.31090232,    7.94687813,   -7.69657536,   29.44150196,     22.14546719], [   57.48688332,   75.36252273,  -11.62589641,  358.43441658,    178.84274776,   12.44107719,   -4.4561582 ,  -15.14265921,     42.99582917,   -6.06215743,  -35.82809621,   23.41708573,     -1.37619432], [   13.54166973,   20.52440625,   13.18513383,  178.84274776,    291.91068703,   49.00037666,   -6.98630124,   -1.1239338 ,     44.75650655,   13.34156891,   -8.80007946,   23.9897782 ,     -8.98513139], [  201.41818289,  -46.89865134,   14.90186691,   12.44107719,     49.00037666,  190.40498394,   80.56057594,   33.62992695,     11.70748843,   24.45743286,   49.29842086,   12.35538981,    -24.71779299], [  -82.38771697,   49.16659561,  -28.85900652,   -4.4561582 ,     -6.98630124,   80.56057594,  173.22827986,   51.81275304,     12.1430748 ,   14.3091701 ,   42.96794624,    4.24970321,     -8.93131003], [ -146.80436442,   20.59797147,   11.02397227,  -15.14265921,     -1.1239338 ,   33.62992695,   51.81275304,  117.51060479,     23.38638552,    9.2656205 ,   20.2628662 ,    0.58117138,      3.90477925], [  -62.57898254,  -19.66254158,  -27.31090232,   42.99582917,     44.75650655,   11.70748843,   12.1430748 ,   23.38638552,    115.69262051,   39.77150402,    1.35455955,    4.0700124 ,      5.99030048], [   99.71888808,   -4.13708318,    7.94687813,   -6.06215743,     13.34156891,   24.45743286,   14.3091701 ,    9.2656205 ,     39.77150402,   93.06749752,   40.17228666,    3.61292573,     -4.05917318], [ -104.85730332,   39.17216386,   -7.69657536,  -35.82809621,     -8.80007946,   49.29842086,   42.96794624,   20.2628662 ,      1.35455955,   40.17228666,  110.89432325,   29.40406319,    -13.84185312], [ -140.02128554,  -33.9143786 ,   29.44150196,   23.41708573,     23.9897782 ,   12.35538981,    4.24970321,    0.58117138,      4.0700124 ,    3.61292573,   29.40406319,   89.93211446,     29.27430533], [  -60.92946558,  -33.14885115,   22.14546719,   -1.37619432,     -8.98513139,  -24.71779299,   -8.93131003,    3.90477925,      5.99030048,   -4.05917318,  -13.84185312,   29.27430533,     90.49375651]]
/root/sim/music/out/Godiego/GOLDEN☆BEST_[Disc_1]/03_シンフォニカ_(2).mp3; [-596.84015   , 126.2978    ,  -7.677226  ,   4.1882906 ,  -5.14747   ,   10.614055  ,   5.12174   ,   0.03279527,  -6.147544  ,  -4.613767  ,   -1.2162952 ,  -5.6073914 ,  -5.0707583 ]; [[17493.38678276,  204.64702401, -465.09776182, -265.83690772,   -305.60361605,  113.20919502,  -75.31037165, -120.49980318,   -167.76241325, -143.13821259, -181.77899062, -120.49433941,    -17.35846139], [  204.64702401, 1245.97520752, -306.92473756,  -18.63071391,      2.74837005,  -31.58401743,   69.99257129,   33.95489564,     -6.80849035,  -21.24738741,   47.45546189,  -20.4254813 ,      3.64089441], [ -465.09776182, -306.92473756,  960.54337535,  378.37669811,    223.58911478,  162.87985808,  126.37229078,   64.15615199,     31.94668827,   21.54415146,  -29.37568066,   58.49005014,    -90.40099005], [ -265.83690772,  -18.63071391,  378.37669811,  435.76306882,    215.33411524,   52.77749707,   -0.27668054,   -0.8811649 ,     33.79939279,  -23.7385503 ,  -60.85312078,   10.05905612,    -28.87738845], [ -305.60361605,    2.74837005,  223.58911478,  215.33411524,    284.55215723,   85.86137339,    1.54725007,  -15.33040469,     42.05516994,   14.57170213,  -34.92994165,   15.90522448,    -24.23099873], [  113.20919502,  -31.58401743,  162.87985808,   52.77749707,     85.86137339,  192.63940476,  105.77443732,   39.14261081,     32.71239604,   34.54358122,   27.04330842,   15.45944784,    -41.38416319], [  -75.31037165,   69.99257129,  126.37229078,   -0.27668054,      1.54725007,  105.77443732,  209.14803937,  100.1182814 ,     32.34762626,   29.20278194,   48.71646594,   26.96266182,    -30.03898913], [ -120.49980318,   33.95489564,   64.15615199,   -0.8811649 ,    -15.33040469,   39.14261081,  100.1182814 ,  128.22432569,     43.85448935,   15.41857814,   26.09237051,   19.17913125,     -0.01550005], [ -167.76241325,   -6.80849035,   31.94668827,   33.79939279,     42.05516994,   32.71239604,   32.34762626,   43.85448935,    114.29173865,   43.64363711,    5.80668177,   14.38180357,     -1.62229884], [ -143.13821259,  -21.24738741,   21.54415146,  -23.7385503 ,     14.57170213,   34.54358122,   29.20278194,   15.41857814,     43.64363711,   96.10496524,   40.43836638,   10.94941613,     -5.03791468], [ -181.77899062,   47.45546189,  -29.37568066,  -60.85312078,    -34.92994165,   27.04330842,   48.71646594,   26.09237051,      5.80668177,   40.43836638,   94.43744276,   23.11247455,      1.43584537], [ -120.49433941,  -20.4254813 ,   58.49005014,   10.05905612,     15.90522448,   15.45944784,   26.96266182,   19.17913125,     14.38180357,   10.94941613,   23.11247455,   81.52165746,     29.08086661], [  -17.35846139,    3.64089441,  -90.40099005,  -28.87738845,    -24.23099873,  -41.38416319,  -30.03898913,   -0.01550005,     -1.62229884,   -5.03791468,    1.43584537,   29.08086661,    111.06601687]]
/root/sim/music/out/Godiego/GOLDEN☆BEST_[Disc_1]/15_はるかな旅へ_(2).mp3; [-575.92554  , 119.46998  ,  -7.08048  ,  28.582571 ,   0.5996259,    6.8315434,   1.2230214,   1.5149145,  -1.1734498,  -1.6729782,   -4.5711246,  -7.894408 ,  -2.4066405]; [[14062.51698996,  835.8752906 , -456.49506625,    4.84971397,   -276.90582275,   20.89942687,  -73.01294659, -141.10879703,   -176.16058152,    8.54903508,  -65.71527378, -146.95723913,    -11.47202401], [  835.8752906 ,  948.27552268, -129.45794104,  -16.8423801 ,     26.87074064,    4.51507363,   34.74101308,   31.84990954,    -39.42928876,   12.45082392,   26.66447018,  -24.67532331,     13.11683336], [ -456.49506625, -129.45794104,  342.26000141,   94.56188186,     50.24050395,   13.16128015,   11.24002169,   11.65165616,     10.11654609,  -13.46122958,   -9.92258282,   11.49718404,    -15.76947381], [    4.84971397,  -16.8423801 ,   94.56188186,  287.41588049,     83.55264478,   30.32482398,   -2.22573352,    8.97232341,     40.8107861 ,    1.97027874,  -26.18286936,   -0.45809628,    -10.04934749], [ -276.90582275,   26.87074064,   50.24050395,   83.55264478,    176.21484874,   25.12778131,  -13.83887309,    3.25668774,     28.74894994,    9.64845792,   -1.13267707,    4.05803264,     -6.60663481], [   20.89942687,    4.51507363,   13.16128015,   30.32482398,     25.12778131,  128.58259109,   51.15227843,   16.69786793,      4.54813363,    6.4140674 ,   12.55758768,   -1.15209187,     -6.42379716], [  -73.01294659,   34.74101308,   11.24002169,   -2.22573352,    -13.83887309,   51.15227843,  114.40255832,   39.63505843,     -9.35167035,    7.05119566,   17.14175757,    0.83390998,     -0.82330524], [ -141.10879703,   31.84990954,   11.65165616,    8.97232341,      3.25668774,   16.69786793,   39.63505843,   97.12574885,     27.39412405,    5.24369844,    8.0665859 ,    3.64754458,      5.38224153], [ -176.16058152,  -39.42928876,   10.11654609,   40.8107861 ,     28.74894994,    4.54813363,   -9.35167035,   27.39412405,     96.00074637,   22.51354628,   -6.13120424,    4.3531995 ,     -3.79194923], [    8.54903508,   12.45082392,  -13.46122958,    1.97027874,      9.64845792,    6.4140674 ,    7.05119566,    5.24369844,     22.51354628,   78.39097716,   29.14707188,   -7.2374797 ,     -2.72009897], [  -65.71527378,   26.66447018,   -9.92258282,  -26.18286936,     -1.13267707,   12.55758768,   17.14175757,    8.0665859 ,     -6.13120424,   29.14707188,   65.17799768,   12.64501867,      0.32742733], [ -146.95723913,  -24.67532331,   11.49718404,   -0.45809628,      4.05803264,   -1.15209187,    0.83390998,    3.64754458,      4.3531995 ,   -7.2374797 ,   12.64501867,   68.74733579,     25.82365669], [  -11.47202401,   13.11683336,  -15.76947381,  -10.04934749,     -6.60663481,   -6.42379716,   -0.82330524,    5.38224153,     -3.79194923,   -2.72009897,    0.32742733,   25.82365669,     65.57201934]]
/root/sim/music/out/Godiego/GODIEGO_SINGLE_COLLECTION_[Disc_1]/17_ホーリー&ブライト.mp3; [-698.58844  , 141.13591  ,  11.826118 ,  16.284306 ,  -1.7082548,    1.3638061,  -1.3178737,  -5.6787004,  -4.0144067,  -1.5312612,   -4.969093 ,  -3.8275435,  -1.5910825]; [[12390.3461666 ,  728.02821044,  146.82011571,  111.24456293,    -27.97934663,  113.4030704 ,   49.15295396,   12.3480177 ,     64.67726855,   58.23299278,  -45.11406643,  -76.99385236,   -103.7904918 ], [  728.02821044, 1214.0129486 ,  -65.35434428,    3.27364049,     74.55179213,   67.67780758,   59.24741577,   72.63420535,     -2.9668296 ,   22.0965146 ,   65.88189598,   21.45780995,     11.31298476], [  146.82011571,  -65.35434428,  503.79497561,  175.69985147,     75.57656348,   33.88585019,   72.85243573,   41.71834233,    -10.72685992,  -36.31562738,  -17.65643585,   46.06362439,     -0.32206949], [  111.24456293,    3.27364049,  175.69985147,  354.49177066,    204.19402677,   56.57438989,   -9.18684963,   10.54086362,     39.10395972,  -12.53948453,  -38.93652443,   33.76234468,     12.89898181], [  -27.97934663,   74.55179213,   75.57656348,  204.19402677,    323.79515313,  108.17678152,   -3.01634975,  -14.79731195,     58.06726589,    1.68896914,   -9.84265138,   50.33619976,     21.11732492], [  113.4030704 ,   67.67780758,   33.88585019,   56.57438989,    108.17678152,  183.5889957 ,   99.67555224,   27.42934778,      5.05474639,   19.50896486,   36.54257727,   13.17188011,      3.24003519], [   49.15295396,   59.24741577,   72.85243573,   -9.18684963,     -3.01634975,   99.67555224,  177.93726684,   73.025321  ,    -22.25446424,    0.43379121,   34.31670875,    3.32761806,      3.92619083], [   12.3480177 ,   72.63420535,   41.71834233,   10.54086362,    -14.79731195,   27.42934778,   73.025321  ,  131.28211706,     22.07837965,    7.93345601,   21.51395746,    0.03255178,      2.2439224 ], [   64.67726855,   -2.9668296 ,  -10.72685992,   39.10395972,     58.06726589,    5.05474639,  -22.25446424,   22.07837965,    126.59888714,   57.65177509,    1.09816187,    1.18849406,      1.26136099], [   58.23299278,   22.0965146 ,  -36.31562738,  -12.53948453,      1.68896914,   19.50896486,    0.43379121,    7.93345601,     57.65177509,  126.33487039,   66.39076021,   -7.66110638,    -18.60005877], [  -45.11406643,   65.88189598,  -17.65643585,  -38.93652443,     -9.84265138,   36.54257727,   34.31670875,   21.51395746,      1.09816187,   66.39076021,  119.26715811,   29.5394652 ,     -5.71493906], [  -76.99385236,   21.45780995,   46.06362439,   33.76234468,     50.33619976,   13.17188011,    3.32761806,    0.03255178,      1.18849406,   -7.66110638,   29.5394652 ,  110.58627707,     55.17287202], [ -103.7904918 ,   11.31298476,   -0.32206949,   12.89898181,     21.11732492,    3.24003519,    3.92619083,    2.2439224 ,      1.26136099,  -18.60005877,   -5.71493906,   55.17287202,    106.30004943]]
/root/sim/music/out/Godiego/GODIEGO_SINGLE_COLLECTION_[Disc_1]/07_ハウスのふたり_～ハウス愛のテーマ～.mp3; [-739.08093   , 163.45596   , -12.79876   ,  12.663057  ,  -0.6985967 ,   -3.8202999 ,  -3.6629367 ,  -6.0164394 ,  -6.1776724 ,  -2.5613527 ,   -1.7050235 ,  -2.743009  ,   0.03575824]; [[20513.87545828,  425.2549445 , -809.06424406,  873.35550216,   -349.96272241,  230.99074753,  163.03391773,  260.50937712,    -59.23172672, -262.67313238,  179.05353381,   15.19336002,   -136.08070819], [  425.2549445 , 1691.77741588, -295.45635071,  -18.89087297,    143.06598878,  -71.70664646,  -37.28879207,  -62.75157333,      9.97628653,   54.23038737,  -42.50503253,    0.03512879,     26.25891976], [ -809.06424406, -295.45635071,  563.3872746 ,  -24.94825339,     21.06575395,    4.224743  ,  -33.31851012,  -51.6321253 ,    -24.16121123,    4.25252372,  -26.69610942,  -40.20767812,     -8.61708587], [  873.35550216,  -18.89087297,  -24.94825339,  346.89369293,     40.12829176,   45.76701811,   -4.19012969,   63.08022929,     51.9131099 ,  -26.56796736,   12.04805535,   41.60358907,    -38.88936548], [ -349.96272241,  143.06598878,   21.06575395,   40.12829176,    172.75742724,   16.60532635,   -5.8443268 ,    6.94490146,     34.3075679 ,   -0.84138877,    0.31605381,   24.7187242 ,    -18.18402629], [  230.99074753,  -71.70664646,    4.224743  ,   45.76701811,     16.60532635,  173.20508437,   46.16275253,   38.17701966,     40.99873093,   14.02418122,   15.76152679,   35.81852081,     -2.37073236], [  163.03391773,  -37.28879207,  -33.31851012,   -4.19012969,     -5.8443268 ,   46.16275253,  134.70114733,   43.06813229,     -4.75787978,   -3.55938047,   14.40374532,    8.26442524,     12.63277076], [  260.50937712,  -62.75157333,  -51.6321253 ,   63.08022929,      6.94490146,   38.17701966,   43.06813229,  126.9141168 ,     45.11349511,  -15.11916611,   25.5813535 ,   33.3160672 ,     -1.59874238], [  -59.23172672,    9.97628653,  -24.16121123,   51.9131099 ,     34.3075679 ,   40.99873093,   -4.75787978,   45.11349511,    115.25760929,   12.5893588 ,   11.7873803 ,   44.67658455,     -4.62431552], [ -262.67313238,   54.23038737,    4.25252372,  -26.56796736,     -0.84138877,   14.02418122,   -3.55938047,  -15.11916611,     12.5893588 ,   97.96478087,   18.88847606,  -12.4174977 ,     16.44170044], [  179.05353381,  -42.50503253,  -26.69610942,   12.04805535,      0.31605381,   15.76152679,   14.40374532,   25.5813535 ,     11.7873803 ,   18.88847606,   88.16809585,   25.22913881,      8.88500437], [   15.19336002,    0.03512879,  -40.20767812,   41.60358907,     24.7187242 ,   35.81852081,    8.26442524,   33.3160672 ,     44.67658455,  -12.4174977 ,   25.22913881,  112.41852805,     10.02765242], [ -136.08070819,   26.25891976,   -8.61708587,  -38.88936548,    -18.18402629,   -2.37073236,   12.63277076,   -1.59874238,     -4.62431552,   16.44170044,    8.88500437,   10.02765242,     88.53685145]]
/root/sim/music/out/Godiego/GODIEGO_SINGLE_COLLECTION_[Disc_1]/16_ザ・マリン・エクスプレス.mp3; [-643.7023    , 107.87165   ,  -7.856496  ,  17.009119  ,   8.948594  ,   -0.00821022,  -1.3357397 ,   2.2930467 ,   0.36927074,   0.61681396,   -1.2036353 ,  -2.8003385 ,  -0.8943743 ]; [[18532.49116066, 1082.55534677, -565.21997271,  -13.06290543,    -74.8946946 ,  -71.01033291,  -42.61611689,  106.14342891,     57.94744378,   17.93875988,  -89.60951827,  -84.23097615,    -37.89171646], [ 1082.55534677, 1194.85005882, -134.23776714,   87.27081886,     50.38030646,  -12.77812523,   43.62980494,    8.1075957 ,    -12.54250941,   21.46994558,   25.13805705,   38.84029514,     39.93902663], [ -565.21997271, -134.23776714,  569.00729822,  105.72577318,     45.7162857 ,  108.74085427,   54.94697204,    5.63398325,    -39.09399917,  -42.69278054,   13.14114659,   14.68002487,    -10.95433605], [  -13.06290543,   87.27081886,  105.72577318,  368.78033985,    104.36540864,   37.54039525,  -10.98623246,    5.71916574,     18.34884466,  -33.14480161,  -40.97671113,    9.3853159 ,     15.68941852], [  -74.8946946 ,   50.38030646,   45.7162857 ,  104.36540864,    211.13675137,   19.84845234,  -36.43192398,   -2.10873422,     41.67012896,   15.13102732,   -4.32363717,   -2.86094534,     30.74657685], [  -71.01033291,  -12.77812523,  108.74085427,   37.54039525,     19.84845234,  168.8512767 ,   69.36313011,   18.6462132 ,      2.20135097,   -0.106434  ,   19.7935249 ,   10.04301452,    -18.61794992], [  -42.61611689,   43.62980494,   54.94697204,  -10.98623246,    -36.43192398,   69.36313011,  180.49836047,   63.22559265,    -13.66833986,    7.83952599,   24.1262647 ,   26.53065189,     -9.07310393], [  106.14342891,    8.1075957 ,    5.63398325,    5.71916574,     -2.10873422,   18.6462132 ,   63.22559265,  118.00022811,     47.46153857,   20.2834299 ,    3.59690929,    9.14678004,      2.44805841], [   57.94744378,  -12.54250941,  -39.09399917,   18.34884466,     41.67012896,    2.20135097,  -13.66833986,   47.46153857,    129.99935432,   43.12283403,    1.20881813,    3.26957228,     15.33357147], [   17.93875988,   21.46994558,  -42.69278054,  -33.14480161,     15.13102732,   -0.106434  ,    7.83952599,   20.2834299 ,     43.12283403,  100.3579886 ,   43.58904386,   13.42750054,      1.3712018 ], [  -89.60951827,   25.13805705,   13.14114659,  -40.97671113,     -4.32363717,   19.7935249 ,   24.1262647 ,    3.59690929,      1.20881813,   43.58904386,  106.1305697 ,   42.27678656,      6.42418032], [  -84.23097615,   38.84029514,   14.68002487,    9.3853159 ,     -2.86094534,   10.04301452,   26.53065189,    9.14678004,      3.26957228,   13.42750054,   42.27678656,  100.93228959,     42.00357269], [  -37.89171646,   39.93902663,  -10.95433605,   15.68941852,     30.74657685,  -18.61794992,   -9.07310393,    2.44805841,     15.33357147,    1.3712018 ,    6.42418032,   42.00357269,     98.77541361]]
/root/sim/music/out/Godiego/GODIEGO_SINGLE_COLLECTION_[Disc_1]/14_遙かな旅へ.mp3; [-634.6889   , 119.959755 ,  -5.95236  ,  27.394854 ,  -0.5087351,    5.847355 ,   0.2608928,   1.3154725,  -1.2699288,  -1.5418779,   -4.051903 ,  -7.499063 ,  -2.1102676]; [[13610.93321649,  972.19437247, -451.45785622,   43.58266013,   -274.556738  ,   30.10720649,  -81.11823643, -125.28655013,   -159.03350476,    3.24737293,  -57.1103015 , -151.41470785,    -13.45264805], [  972.19437247,  983.95267715, -128.54479777,  -10.69093288,     20.24664127,    3.94402038,   30.86158556,   30.17653788,    -42.16777384,    9.7054888 ,   24.56321164,  -28.26085373,     10.32937565], [ -451.45785622, -128.54479777,  339.10744265,   96.45286759,     51.52381592,   15.17691168,   11.56059985,   12.86699651,     12.1907184 ,  -11.81056074,   -7.96458133,   13.94830442,    -14.817487  ], [   43.58266013,  -10.69093288,   96.45286759,  286.68188743,     82.54613407,   31.32820507,   -1.56177671,    8.84628409,     39.55838232,    2.40036348,  -25.12366816,    0.65379957,    -10.19800769], [ -274.556738  ,   20.24664127,   51.52381592,   82.54613407,    176.9238079 ,   25.97775508,  -12.90157934,    4.61888739,     29.54065615,   10.46691356,   -0.01105585,    5.04857383,     -6.06784872], [   30.10720649,    3.94402038,   15.17691168,   31.32820507,     25.97775508,  129.34404292,   52.01431351,   18.17946214,      5.54189412,    7.59633769,   13.51040222,   -0.33997243,     -5.91738328], [  -81.11823643,   30.86158556,   11.56059985,   -1.56177671,    -12.90157934,   52.01431351,  113.68117332,   40.14340831,     -8.46839667,    7.80209638,   17.18522829,    1.2411783 ,     -0.47471444], [ -125.28655013,   30.17653788,   12.86699651,    8.84628409,      4.61888739,   18.17946214,   40.14340831,   96.82282087,     26.69975426,    5.67743376,    8.50146159,    4.10013666,      5.9670631 ], [ -159.03350476,  -42.16777384,   12.1907184 ,   39.55838232,     29.54065615,    5.54189412,   -8.46839667,   26.69975426,     94.01187313,   22.71593171,   -5.73126304,    5.08664556,     -3.50543364], [    3.24737293,    9.7054888 ,  -11.81056074,    2.40036348,     10.46691356,    7.59633769,    7.80209638,    5.67743376,     22.71593171,   77.53180029,   29.42645664,   -7.00325848,     -2.04522413], [  -57.1103015 ,   24.56321164,   -7.96458133,  -25.12366816,     -0.01105585,   13.51040222,   17.18522829,    8.50146159,     -5.73126304,   29.42645664,   64.99661638,   12.50566091,      0.58819916], [ -151.41470785,  -28.26085373,   13.94830442,    0.65379957,      5.04857383,   -0.33997243,    1.2411783 ,    4.10013666,      5.08664556,   -7.00325848,   12.50566091,   68.17734715,     25.78919052], [  -13.45264805,   10.32937565,  -14.817487  ,  -10.19800769,     -6.06784872,   -5.91738328,   -0.47471444,    5.9670631 ,     -3.50543364,   -2.04522413,    0.58819916,   25.78919052,     65.84106016]]
/root/sim/music/out/Godiego/GODIEGO_SINGLE_COLLECTION_[Disc_1]/01_走り去るロマン.mp3; [-634.8125    , 108.65312   ,  -1.1256245 ,  17.49088   ,  15.810077  ,    3.9627585 ,   0.46601027,  -4.5314746 ,  -0.52298814,   0.43629193,    3.0900786 ,  -0.5099894 ,  -1.185918  ]; [[25715.65199176, 1132.32556906, -416.50905562,  228.70923223,    -34.22811161,  -88.96295067, -109.62638502, -145.46263601,    -46.9365049 ,  -35.51626889,   -1.61194894, -124.2240737 ,    -96.39217295], [ 1132.32556906, 1599.46291923, -424.40845043,   -0.09152001,    108.24602137,  -79.53165405,   19.54320139,   29.22773948,     -0.80496841,   18.28627114,   58.59475429,   -4.68402936,    -16.9607473 ], [ -416.50905562, -424.40845043,  511.78768866,   62.44149432,    -15.64088121,   51.01211912,   -6.41853289,   -2.58637986,    -31.69656745,  -30.86030345,  -36.18082076,   30.29871263,      4.04448142], [  228.70923223,   -0.09152001,   62.44149432,  308.56278987,     96.32340329,   11.03971736,  -23.43404898,   10.18341404,     22.09213096,   -0.97801606,  -53.11882045,   -1.99709828,     22.66435653], [  -34.22811161,  108.24602137,  -15.64088121,   96.32340329,    242.09994415,   27.49621312,  -16.50043784,    0.8488751 ,     47.16111676,   10.55969361,  -29.5562619 ,   -6.96359789,     10.10537772], [  -88.96295067,  -79.53165405,   51.01211912,   11.03971736,     27.49621312,  127.17263803,   43.16656844,   20.30514462,      7.3344941 ,    8.29246764,    3.22804394,   -1.03641708,      2.60691364], [ -109.62638502,   19.54320139,   -6.41853289,  -23.43404898,    -16.50043784,   43.16656844,  132.44575111,   59.23826317,      8.26568595,    8.54661909,   31.14514378,   -5.19872213,     -4.28344079], [ -145.46263601,   29.22773948,   -2.58637986,   10.18341404,      0.8488751 ,   20.30514462,   59.23826317,  134.4520578 ,     22.67117844,   16.87283966,   15.20603501,   -1.7564555 ,      3.1038031 ], [  -46.9365049 ,   -0.80496841,  -31.69656745,   22.09213096,     47.16111676,    7.3344941 ,    8.26568595,   22.67117844,    107.42003809,   31.93228525,   -5.54301131,   -2.60713456,      1.31947407], [  -35.51626889,   18.28627114,  -30.86030345,   -0.97801606,     10.55969361,    8.29246764,    8.54661909,   16.87283966,     31.93228525,   87.41371751,   39.92172155,    4.6337112 ,     -7.69885388], [   -1.61194894,   58.59475429,  -36.18082076,  -53.11882045,    -29.5562619 ,    3.22804394,   31.14514378,   15.20603501,     -5.54301131,   39.92172155,  107.90227949,   21.49630746,    -15.83968197], [ -124.2240737 ,   -4.68402936,   30.29871263,   -1.99709828,     -6.96359789,   -1.03641708,   -5.19872213,   -1.7564555 ,     -2.60713456,    4.6337112 ,   21.49630746,   87.88977402,     32.89773814], [  -96.39217295,  -16.9607473 ,    4.04448142,   22.66435653,     10.10537772,    2.60691364,   -4.28344079,    3.1038031 ,      1.31947407,   -7.69885388,  -15.83968197,   32.89773814,    112.92859577]]
/root/sim/music/out/Godiego/GODIEGO_SINGLE_COLLECTION_[Disc_1]/15_銀河鉄道999.mp3; [-670.64484   , 123.939064  ,   9.37445   ,  23.82      ,   5.7054873 ,    9.527967  ,   0.45638958,  -1.8951819 ,  -0.61214983,  -1.4758625 ,    1.6484063 ,  -3.1702652 ,  -2.4702919 ]; [[17619.42758683, 1730.11658703, -203.61819535,  297.16853103,    -21.43036428,  172.65272715,   -9.40548534,   18.50215459,     -8.1930544 ,  -46.615034  ,  -15.07977164,  -94.51541346,    -35.19980453], [ 1730.11658703,  997.2185301 , -141.27923315,  -53.85303395,    -53.45521995,   -2.17321966,   40.41526805,   26.61513915,     -1.59400456,   30.17077344,   50.09232443,  -16.83585461,      6.99037781], [ -203.61819535, -141.27923315,  334.27063606,  136.37095121,     57.47719607,   18.08070792,   23.05382013,   17.42410184,      0.51680262,   -9.71342383,   -9.24317997,   12.57031841,      1.53662118], [  297.16853103,  -53.85303395,  136.37095121,  306.51977252,    143.69250273,   19.17703539,  -41.49508206,   -0.61677257,     19.96090595,  -36.17873848,  -37.10886171,    7.1671655 ,     14.91289002], [  -21.43036428,  -53.45521995,   57.47719607,  143.69250273,    201.0052288 ,   25.80509164,  -44.00823052,  -13.18554413,     42.36077911,   -9.96357743,  -29.18899828,   14.86875059,     11.01952546], [  172.65272715,   -2.17321966,   18.08070792,   19.17703539,     25.80509164,  130.24722947,   77.5369621 ,   29.0918362 ,    -15.67092382,   15.87419034,   28.44758737,   -6.41874964,    -11.53820971], [   -9.40548534,   40.41526805,   23.05382013,  -41.49508206,    -44.00823052,   77.5369621 ,  160.25575256,   65.80552634,    -31.2753633 ,   18.87348965,   49.11113707,   -1.07963241,     -6.48931353], [   18.50215459,   26.61513915,   17.42410184,   -0.61677257,    -13.18554413,   29.0918362 ,   65.80552634,   99.25699212,     13.69020513,   12.6023856 ,   20.06877736,    5.76063241,      2.70445445], [   -8.1930544 ,   -1.59400456,    0.51680262,   19.96090595,     42.36077911,  -15.67092382,  -31.2753633 ,   13.69020513,    110.42308961,   21.91108058,  -12.67505716,    6.44560232,     15.49640165], [  -46.615034  ,   30.17077344,   -9.71342383,  -36.17873848,     -9.96357743,   15.87419034,   18.87348965,   12.6023856 ,     21.91108058,   92.26817375,   45.92546139,   -9.77892054,    -10.04191458], [  -15.07977164,   50.09232443,   -9.24317997,  -37.10886171,    -29.18899828,   28.44758737,   49.11113707,   20.06877736,    -12.67505716,   45.92546139,   91.42862574,    9.59459275,     -9.90871785], [  -94.51541346,  -16.83585461,   12.57031841,    7.1671655 ,     14.86875059,   -6.41874964,   -1.07963241,    5.76063241,      6.44560232,   -9.77892054,    9.59459275,   69.57551611,     28.15610405], [  -35.19980453,    6.99037781,    1.53662118,   14.91289002,     11.01952546,  -11.53820971,   -6.48931353,    2.70445445,     15.49640165,  -10.04191458,   -9.90871785,   28.15610405,     64.81315924]]
/root/sim/music/out/Godiego/GODIEGO_SINGLE_COLLECTION_[Disc_1]/10_ガンダーラ.mp3; [-648.8702    , 141.4049    ,   9.722056  ,   6.568715  , -12.1086    ,   -5.7955313 ,   1.0262599 ,  -0.29569682,  -8.384459  ,  -2.5363493 ,   -5.5906863 ,  -3.0016255 ,  -1.0020946 ]; [[15019.24145665, 1124.70912058, -272.56656328,  -68.57023307,   -209.93904431,  -42.21013331,   63.62039308,  -39.28485409,    -83.92640839,   40.27570662,  -53.39827162,  -76.24714974,    -80.27945247], [ 1124.70912058, 1028.02403135,  -24.89413218,  -60.46931285,    -97.4839865 ,   15.50293033,   69.13013969,   78.23770098,     -7.83170859,   28.38981259,   29.2135981 ,    8.57158603,     16.78775689], [ -272.56656328,  -24.89413218,  340.23452032,  166.83656245,    105.1127766 ,   81.58291298,  -13.5398004 ,   11.26606496,     15.55047304,  -41.18551728,    9.59328385,   34.92283019,      6.13222702], [  -68.57023307,  -60.46931285,  166.83656245,  350.16719847,    215.75675747,   36.64985447,  -45.11693089,   -7.75485471,     33.39026458,  -40.37166101,  -23.32287157,   19.72597366,     18.96051034], [ -209.93904431,  -97.4839865 ,  105.1127766 ,  215.75675747,    263.77842879,   52.08193715,  -37.23303237,   -5.2627519 ,     39.05189971,  -14.56845501,  -14.15062643,   14.74154027,      8.12799623], [  -42.21013331,   15.50293033,   81.58291298,   36.64985447,     52.08193715,  148.11117849,   73.14277666,   26.49720217,     -0.59504517,   -7.04197283,   24.22447225,    3.99097338,    -13.32558337], [   63.62039308,   69.13013969,  -13.5398004 ,  -45.11693089,    -37.23303237,   73.14277666,  162.480933  ,   66.08596108,     -4.50610824,   28.40198358,   29.33374308,   -6.65682738,     -2.37252101], [  -39.28485409,   78.23770098,   11.26606496,   -7.75485471,     -5.2627519 ,   26.49720217,   66.08596108,  107.15004786,     34.95413361,    9.82104904,   12.9818499 ,    4.65690342,      9.02271755], [  -83.92640839,   -7.83170859,   15.55047304,   33.39026458,     39.05189971,   -0.59504517,   -4.50610824,   34.95413361,     95.71822062,   29.9889051 ,   -3.68005596,    5.72928033,      6.89198953], [   40.27570662,   28.38981259,  -41.18551728,  -40.37166101,    -14.56845501,   -7.04197283,   28.40198358,    9.82104904,     29.9889051 ,  102.80305356,   25.1570399 ,  -10.03681312,      2.12664123], [  -53.39827162,   29.2135981 ,    9.59328385,  -23.32287157,    -14.15062643,   24.22447225,   29.33374308,   12.9818499 ,     -3.68005596,   25.1570399 ,   77.10774393,   22.59477627,     -8.52411411], [  -76.24714974,    8.57158603,   34.92283019,   19.72597366,     14.74154027,    3.99097338,   -6.65682738,    4.65690342,      5.72928033,  -10.03681312,   22.59477627,   63.26285116,     15.73926763], [  -80.27945247,   16.78775689,    6.13222702,   18.96051034,      8.12799623,  -13.32558337,   -2.37252101,    9.02271755,      6.89198953,    2.12664123,   -8.52411411,   15.73926763,     67.49978639]]
/root/sim/music/out/Godiego/GODIEGO_SINGLE_COLLECTION_[Disc_1]/03_アンクル・ジョン.mp3; [-650.95337  , 134.82498  ,  -5.6139073,   8.201546 ,  -0.3400565,   -0.4871883,  -5.555561 ,  -6.936871 ,  -2.962455 ,  -1.454057 ,   -1.9418789,  -4.089084 ,  -6.713426 ]; [[14880.50468272,  820.96357917, -156.92584331,  202.20790464,   -142.45422546,   -4.95538529,  -96.85588486,  -32.32918201,    -24.62606444,  148.11277114,  -31.49422179,   47.24309526,      9.44577553], [  820.96357917, 1989.17712885, -227.99991175,    4.79517369,    157.94641681,  231.67267838,  257.93525754,  206.24566465,    131.80082533,   12.30679863,  121.12881058,    7.99292019,     63.26885967], [ -156.92584331, -227.99991175,  496.52644053,  137.53860794,     42.7548398 ,   42.41139184,   70.19473503,   53.05137638,     37.51158374,    6.3407619 ,    4.33424055,   14.90864262,      6.99470551], [  202.20790464,    4.79517369,  137.53860794,  481.7673141 ,    156.0862024 ,  103.32238181,   69.03312165,   73.07240879,     52.57166265,   64.30473408,  -21.95572674,   -0.25371312,     24.79336327], [ -142.45422546,  157.94641681,   42.7548398 ,  156.0862024 ,    288.34362321,  105.44075018,   39.97744721,   53.62259634,     71.00514247,   37.82318201,    3.49288272,   11.31297982,     13.51985828], [   -4.95538529,  231.67267838,   42.41139184,  103.32238181,    105.44075018,  248.26214915,  153.4625567 ,  119.22409791,     72.76809692,   48.87228296,   45.59182929,   25.75426741,     22.18277835], [  -96.85588486,  257.93525754,   70.19473503,   69.03312165,     39.97744721,  153.4625567 ,  242.60148462,  136.37589726,     63.931105  ,   37.41353342,   57.4510915 ,   23.86593702,     34.14386326], [  -32.32918201,  206.24566465,   53.05137638,   73.07240879,     53.62259634,  119.22409791,  136.37589726,  200.35561942,     83.18894907,   27.85466085,   39.42730658,   26.02672599,     28.36901048], [  -24.62606444,  131.80082533,   37.51158374,   52.57166265,     71.00514247,   72.76809692,   63.931105  ,   83.18894907,    139.64361013,   44.01780228,   25.78845497,   10.24709378,     17.40928706], [  148.11277114,   12.30679863,    6.3407619 ,   64.30473408,     37.82318201,   48.87228296,   37.41353342,   27.85466085,     44.01780228,  119.25909256,   41.01470921,    6.91368627,      3.37287298], [  -31.49422179,  121.12881058,    4.33424055,  -21.95572674,      3.49288272,   45.59182929,   57.4510915 ,   39.42730658,     25.78845497,   41.01470921,  108.02243703,   27.42548235,      3.73178873], [   47.24309526,    7.99292019,   14.90864262,   -0.25371312,     11.31297982,   25.75426741,   23.86593702,   26.02672599,     10.24709378,    6.91368627,   27.42548235,   85.40815009,     32.21112287], [    9.44577553,   63.26885967,    6.99470551,   24.79336327,     13.51985828,   22.18277835,   34.14386326,   28.36901048,     17.40928706,    3.37287298,    3.73178873,   32.21112287,     81.64541342]]
