/root/sim/music/out/AC_DC/Back_In_Black/04_Given_The_Dog_A_Bone.mp3; [-505.91998   , 109.4746    , -25.725279  ,  11.329113  ,  11.686009  ,   -2.1859398 ,  -5.547119  ,   4.4735584 ,   0.06128448,   3.1968977 ,    2.359213  ,   4.564227  ,  -3.8130465 ]; [[5274.39604802,-618.26769418, 233.76604433, -73.87982058,  63.6114492 ,   241.59988429, 119.30836287,  75.85560933,  15.76859258, -12.62963822,   -54.84207422, -68.7034629 ,  31.09220836], [-618.26769418, 776.54199743,-339.08223625,  70.0047852 , -27.00839481,  -120.09666292,   7.31712028,  -4.80647159, -14.1917385 ,  -7.85727701,     6.1808926 ,  31.66309683,   6.26347625], [ 233.76604433,-339.08223625, 525.31457258,  12.74914037,  19.38473346,    52.28276485, -17.40634235,  22.33050307,  40.23817449,  -7.33876124,     9.30025314,  -4.16042564,  -2.46164299], [ -73.87982058,  70.0047852 ,  12.74914037, 142.03023915,  49.10414071,   -20.46245446, -30.02988544,  -6.54947029,  18.38245681,  22.25029142,    12.05717759,  16.5440559 ,   6.60134162], [  63.6114492 , -27.00839481,  19.38473346,  49.10414071, 164.61934402,    38.59423398,  18.89670476,   9.61384936,  37.4006681 ,  14.95287568,    25.40981729,  23.90392488,   8.34105535], [ 241.59988429,-120.09666292,  52.28276485, -20.46245446,  38.59423398,   139.43036014,  72.21681705,  24.79577902,   3.79613967,  -3.97821458,     8.76210431,   5.48278214,  13.18677347], [ 119.30836287,   7.31712028, -17.40634235, -30.02988544,  18.89670476,    72.21681705, 133.82521498,  42.84310045,   6.28381526,  -8.05109121,     5.21719028,   9.53555338,  15.94958652], [  75.85560933,  -4.80647159,  22.33050307,  -6.54947029,   9.61384936,    24.79577902,  42.84310045,  81.91987975,  30.59498941,   5.01827022,     5.55521331,   3.85399824,  12.31376999], [  15.76859258, -14.1917385 ,  40.23817449,  18.38245681,  37.4006681 ,     3.79613967,   6.28381526,  30.59498941,  77.81765758,  26.16133518,    10.30367473,   5.25843772,   3.13056084], [ -12.62963822,  -7.85727701,  -7.33876124,  22.25029142,  14.95287568,    -3.97821458,  -8.05109121,   5.01827022,  26.16133518,  63.6223715 ,    22.86034596,   3.70812326,   3.19617478], [ -54.84207422,   6.1808926 ,   9.30025314,  12.05717759,  25.40981729,     8.76210431,   5.21719028,   5.55521331,  10.30367473,  22.86034596,    58.18583221,  27.58743936,   3.48375031], [ -68.7034629 ,  31.66309683,  -4.16042564,  16.5440559 ,  23.90392488,     5.48278214,   9.53555338,   3.85399824,   5.25843772,   3.70812326,    27.58743936,  60.91271129,  22.62664518], [  31.09220836,   6.26347625,  -2.46164299,   6.60134162,   8.34105535,    13.18677347,  15.94958652,  12.31376999,   3.13056084,   3.19617478,     3.48375031,  22.62664518,  47.94495575]]
/root/sim/music/out/AC_DC/Back_In_Black/09_Shake_A_Leg.mp3; [-524.12494   , 103.09955   , -18.607862  ,  21.561157  ,  20.144537  ,   -4.1336627 ,  -5.905444  ,   4.225298  ,  -0.16046916,   2.4488657 ,   -1.0077829 ,   2.5505307 ,  -4.725519  ]; [[8163.88740085,-540.48567915,-536.25266803, -98.66658936, 136.89910285,     5.02274095, 213.34066382, 134.95188079,  41.7181861 ,  -6.0452529 ,   -90.47249953, -87.16786712,-102.54138859], [-540.48567915, 948.72580332,  50.9827406 , 135.7804259 ,  11.94295467,   -31.42997944, -23.70011246, -66.48377826, -26.85328431, -27.4333769 ,   -15.72792578,  10.53038328, -10.74189819], [-536.25266803,  50.9827406 , 851.59972137,  81.41547539,  17.73527629,    31.61931609,-106.25343747, -60.22721262, -43.36887045, -58.60831511,   -21.22202441, -59.0085401 , -23.44849482], [ -98.66658936, 135.7804259 ,  81.41547539, 192.89629665,   5.68322332,   -19.56532496, -13.79545878, -13.86168338,  -3.19954743,   8.92604077,    -8.79624313,  -8.77802668, -17.66917572], [ 136.89910285,  11.94295467,  17.73527629,   5.68322332, 152.51065775,    17.00747531,  26.49115571,  20.09007485,  29.64577691,  -0.89548676,    11.26454882,  -0.4751522 ,  -3.35392702], [   5.02274095, -31.42997944,  31.61931609, -19.56532496,  17.00747531,   109.69114035,  35.67821437,   1.87774442, -15.62197885,  -4.98969934,     3.55233227,   9.85125138,   7.12034987], [ 213.34066382, -23.70011246,-106.25343747, -13.79545878,  26.49115571,    35.67821437, 128.16488707,  38.28404614,  13.00077211,  -2.95696581,     3.06865747,   6.53273048,  -1.19493741], [ 134.95188079, -66.48377826, -60.22721262, -13.86168338,  20.09007485,     1.87774442,  38.28404614, 105.10090269,  54.7223723 ,  17.29163883,     8.90043056,   2.53014081,   5.52942159], [  41.7181861 , -26.85328431, -43.36887045,  -3.19954743,  29.64577691,   -15.62197885,  13.00077211,  54.7223723 , 104.75255327,  39.82480004,    17.6130214 ,   0.9921752 ,   2.5510671 ], [  -6.0452529 , -27.4333769 , -58.60831511,   8.92604077,  -0.89548676,    -4.98969934,  -2.95696581,  17.29163883,  39.82480004,  78.73288841,    34.78902954,  15.53641845,   3.14273029], [ -90.47249953, -15.72792578, -21.22202441,  -8.79624313,  11.26454882,     3.55233227,   3.06865747,   8.90043056,  17.6130214 ,  34.78902954,    71.16930858,  30.87779817,   6.96055222], [ -87.16786712,  10.53038328, -59.0085401 ,  -8.77802668,  -0.4751522 ,     9.85125138,   6.53273048,   2.53014081,   0.9921752 ,  15.53641845,    30.87779817,  66.20407273,  27.27139745], [-102.54138859, -10.74189819, -23.44849482, -17.66917572,  -3.35392702,     7.12034987,  -1.19493741,   5.52942159,   2.5510671 ,   3.14273029,     6.96055222,  27.27139745,  65.07355708]]
/root/sim/music/out/AC_DC/Back_In_Black/03_What_Do_You_Do_For_Money_Honey.mp3; [-519.5395   ,  96.6068   , -21.778837 ,  18.530735 ,  17.887194 ,    6.3285937,   0.7458698,   8.954443 ,   2.2650657,   7.264828 ,    2.976897 ,   3.0374792,  -4.097648 ]; [[5859.59999517,-300.1865047 ,-323.01350713,-273.99818226, -46.53967309,    80.33796407,  -8.40226682,  50.10683577,-111.07936432,  45.8337387 ,    38.25617996,  24.85758415, -56.61408686], [-300.1865047 , 870.87398102,-415.03061345,  44.5940775 , -67.55195784,  -137.87511314, -17.66428242,-115.10267104, -18.52473511, -31.21275877,   -38.68831117,  11.32265293,   2.71990577], [-323.01350713,-415.03061345, 961.63978761,  59.98530965,  95.34908245,   129.24406705,   4.94512663,  42.49672436,  -4.99435602, -32.53948474,     4.32113431, -25.708106  ,  38.61980723], [-273.99818226,  44.5940775 ,  59.98530965, 244.28064719,  36.87056523,   -47.48718733, -42.90428689, -34.32223573,  17.66147351,   9.0700451 ,   -26.26437664, -20.92543085,  -9.55704973], [ -46.53967309, -67.55195784,  95.34908245,  36.87056523, 209.76241327,    56.23204801,  40.26259321,  16.02404037,  34.12577262,  15.78681909,     3.50262901,   9.17361297,  12.97146458], [  80.33796407,-137.87511314, 129.24406705, -47.48718733,  56.23204801,   175.04538945,  85.55621288,  24.76345083, -18.18242263, -13.69596264,    14.8051018 ,  11.53935871,  16.49172903], [  -8.40226682, -17.66428242,   4.94512663, -42.90428689,  40.26259321,    85.55621288, 157.63803902,  37.55881851,  -5.53368435,  -6.09807372,    12.42115636,  26.43405412,  11.13926317], [  50.10683577,-115.10267104,  42.49672436, -34.32223573,  16.02404037,    24.76345083,  37.55881851, 104.63886808,  38.85148403,  14.97218431,    16.4532309 ,   3.8434228 ,   6.97944264], [-111.07936432, -18.52473511,  -4.99435602,  17.66147351,  34.12577262,   -18.18242263,  -5.53368435,  38.85148403, 101.77262139,  42.04245146,     9.28236707, -14.25479499,  -2.33249884], [  45.8337387 , -31.21275877, -32.53948474,   9.0700451 ,  15.78681909,   -13.69596264,  -6.09807372,  14.97218431,  42.04245146,  80.15334184,    28.62904638,   2.54757739, -10.22553778], [  38.25617996, -38.68831117,   4.32113431, -26.26437664,   3.50262901,    14.8051018 ,  12.42115636,  16.4532309 ,   9.28236707,  28.62904638,    74.49084782,  25.56371328,   7.88096105], [  24.85758415,  11.32265293, -25.708106  , -20.92543085,   9.17361297,    11.53935871,  26.43405412,   3.8434228 , -14.25479499,   2.54757739,    25.56371328,  67.27628753,  25.921344  ], [ -56.61408686,   2.71990577,  38.61980723,  -9.55704973,  12.97146458,    16.49172903,  11.13926317,   6.97944264,  -2.33249884, -10.22553778,     7.88096105,  25.921344  ,  68.2876018 ]]
/root/sim/music/out/AC_DC/Back_In_Black/08_Have_A_Drink_On_Me.mp3; [-529.4487    , 106.55843   , -21.580599  ,  23.74661   ,  24.194372  ,    1.8270211 ,  -1.9368815 ,   5.417946  ,   0.74985296,   6.3787956 ,    3.4341204 ,   4.5019717 ,  -4.3009195 ]; [[ 9002.25666885,-1612.60475875,  583.6462853 ,   53.99780206,     -8.59636442,  454.53611527,  427.58444876,  488.03833203,    141.15685988,   77.35587744,   23.34516169,  178.12057059,    140.03466572], [-1612.60475875, 1008.53868561, -462.68153718,   45.64476002,    -53.33583179, -205.27151245,  -88.03092128, -157.23867247,    -38.12791064,    1.23977747,    7.48802455,  -36.58328048,    -36.90492805], [  583.6462853 , -462.68153718,  952.99259864,   19.11022457,    101.7223092 ,  144.93403314,   24.27892898,  119.42731128,     51.08198897,   -6.36733139,   13.19542262,    2.67823966,     23.32757813], [   53.99780206,   45.64476002,   19.11022457,  224.86837051,     45.64592372,  -14.74914856,    1.30797941,   11.28124063,     24.12493043,   35.28902473,   11.20006751,   12.14834318,      2.40392595], [   -8.59636442,  -53.33583179,  101.7223092 ,   45.64592372,    178.86251809,   55.47983177,    8.54957033,   17.37074525,     15.99666367,    5.17672939,   12.90858904,    4.58527558,      1.17109635], [  454.53611527, -205.27151245,  144.93403314,  -14.74914856,     55.47983177,  166.8138629 ,   77.05235839,   49.91897254,     -3.0384189 ,  -10.20730193,    8.09012563,   18.10012904,     17.75005206], [  427.58444876,  -88.03092128,   24.27892898,    1.30797941,      8.54957033,   77.05235839,  146.02961857,   54.5101988 ,      2.7443667 ,   -7.41163671,    8.27920079,   25.79603543,     24.4128536 ], [  488.03833203, -157.23867247,  119.42731128,   11.28124063,     17.37074525,   49.91897254,   54.5101988 ,  127.6674212 ,     50.67718533,   12.74149597,    5.46109505,    9.72685227,     18.83813502], [  141.15685988,  -38.12791064,   51.08198897,   24.12493043,     15.99666367,   -3.0384189 ,    2.7443667 ,   50.67718533,     90.69286903,   34.31071747,    4.89577116,   -2.07615744,     10.27478161], [   77.35587744,    1.23977747,   -6.36733139,   35.28902473,      5.17672939,  -10.20730193,   -7.41163671,   12.74149597,     34.31071747,   71.99484703,   24.32574283,    9.66350154,      1.6624367 ], [   23.34516169,    7.48802455,   13.19542262,   11.20006751,     12.90858904,    8.09012563,    8.27920079,    5.46109505,      4.89577116,   24.32574283,   65.87828289,   29.24793216,      4.95174005], [  178.12057059,  -36.58328048,    2.67823966,   12.14834318,      4.58527558,   18.10012904,   25.79603543,    9.72685227,     -2.07615744,    9.66350154,   29.24793216,   77.15790181,     31.80498623], [  140.03466572,  -36.90492805,   23.32757813,    2.40392595,      1.17109635,   17.75005206,   24.4128536 ,   18.83813502,     10.27478161,    1.6624367 ,    4.95174005,   31.80498623,     66.38834897]]
/root/sim/music/out/AC_DC/Back_In_Black/10_Rock_And_Roll_Ain't_Noise_Pollution.mp3; [-599.60144   , 105.78128   , -12.851849  ,  18.952728  ,  14.604944  ,    4.6988707 ,  -6.251903  ,   3.9727187 ,   0.17867486,   0.29211295,   -0.26586062,   2.3074253 ,  -1.8523247 ]; [[40123.32315659, 1327.8446804 , -944.46175251,  704.58480533,    -36.83300647,  113.49628935,  177.83149416,  315.50039321,    -90.12672438,  114.29461862,  152.03157694,  349.53603743,     67.21962707], [ 1327.8446804 , 1976.8743899 , -534.51507855,  -10.43377313,    170.58700783,  -85.74210939,  -91.52016886,  -39.64247171,      9.04377483,  -49.44820362,  -51.37830149,  -21.13429836,    -53.29426052], [ -944.46175251, -534.51507855, 1052.54927581,  144.20828517,    -79.8077553 ,   85.76559574,   36.44789078,   20.47848175,     29.53791321,   -0.4442917 ,   35.11000707,  -19.13091277,      7.35932896], [  704.58480533,  -10.43377313,  144.20828517,  286.81429595,     38.76754637,    2.81630436,    0.72413355,   11.84028572,     16.3594835 ,   45.71504351,   16.39739459,   11.0221028 ,     -0.52717659], [  -36.83300647,  170.58700783,  -79.8077553 ,   38.76754637,    241.39974181,   18.72921013,    0.12862383,   -0.32521065,     34.67561465,   35.39609095,    3.43339853,    1.1930314 ,     -2.11355719], [  113.49628935,  -85.74210939,   85.76559574,    2.81630436,     18.72921013,  165.67572443,   59.65059665,   31.23443505,     12.03432223,    5.69370299,   20.53068151,   11.49691766,     17.06205836], [  177.83149416,  -91.52016886,   36.44789078,    0.72413355,      0.12862383,   59.65059665,  179.58336014,   55.08004138,     16.77407272,   10.20321532,   18.27330214,   31.22559197,     16.01702428], [  315.50039321,  -39.64247171,   20.47848175,   11.84028572,     -0.32521065,   31.23443505,   55.08004138,  113.56567118,     39.17912092,    9.58272708,   15.75064702,   16.7977801 ,     20.1198313 ], [  -90.12672438,    9.04377483,   29.53791321,   16.3594835 ,     34.67561465,   12.03432223,   16.77407272,   39.17912092,    106.17489158,   41.84854437,   18.84232427,    3.15952011,      5.95789012], [  114.29461862,  -49.44820362,   -0.4442917 ,   45.71504351,     35.39609095,    5.69370299,   10.20321532,    9.58272708,     41.84854437,   90.97456891,   32.8381641 ,    9.89546899,      4.45911109], [  152.03157694,  -51.37830149,   35.11000707,   16.39739459,      3.43339853,   20.53068151,   18.27330214,   15.75064702,     18.84232427,   32.8381641 ,   79.9860925 ,   36.13541946,     13.26935546], [  349.53603743,  -21.13429836,  -19.13091277,   11.0221028 ,      1.1930314 ,   11.49691766,   31.22559197,   16.7977801 ,      3.15952011,    9.89546899,   36.13541946,   80.11587913,     31.30648726], [   67.21962707,  -53.29426052,    7.35932896,   -0.52717659,     -2.11355719,   17.06205836,   16.01702428,   20.1198313 ,      5.95789012,    4.45911109,   13.26935546,   31.30648726,     68.35778757]]
/root/sim/music/out/AC_DC/Back_In_Black/02_Shoot_To_Thrill.mp3; [-533.5945   , 110.86348  , -14.849286 ,  20.13246  ,  20.887184 ,    3.9899676,  -0.7555695,   6.8724937,   4.5202293,   8.608364 ,    5.4341154,   3.2280195,  -4.7815948]; [[ 8424.37814313,-2342.46789788,  139.97171119, -288.57083731,    217.68444099,  328.0074111 ,  179.51231537,  204.19454973,     16.87140854,   -0.47499854,   13.31083191,  107.14469952,    111.2982071 ], [-2342.46789788, 1464.66984927, -301.73726096,  125.49248912,    -72.06632647, -150.41048593,  -42.08686609,  -81.36626617,    -16.04787155,  -31.36647698,  -30.80086796,  -19.25497027,    -27.79941443], [  139.97171119, -301.73726096,  679.02313979,   27.59244579,      1.04945686,   98.92574085,   29.36997385,   59.90602905,     14.6165616 ,   -9.97910061,   18.99673158,   -2.84056656,     26.32057755], [ -288.57083731,  125.49248912,   27.59244579,  154.9170763 ,      5.39117186,   -3.11145502,  -15.89864927,    6.20517941,     12.93693675,   16.94532126,   -4.90599342,  -11.10358903,     -6.88224439], [  217.68444099,  -72.06632647,    1.04945686,    5.39117186,    181.80667546,   65.08367893,   60.14740978,   20.62033771,     36.96753795,   21.99537468,   22.30103126,   28.88977923,     25.48541038], [  328.0074111 , -150.41048593,   98.92574085,   -3.11145502,     65.08367893,  162.55455724,   79.0282632 ,   41.97342955,      2.81083107,    0.41075484,   19.03317616,   27.03675177,     36.84286691], [  179.51231537,  -42.08686609,   29.36997385,  -15.89864927,     60.14740978,   79.0282632 ,  133.73372721,   41.51463501,     13.5495854 ,   -0.05109111,   14.20442111,   26.82617213,     30.10351245], [  204.19454973,  -81.36626617,   59.90602905,    6.20517941,     20.62033771,   41.97342955,   41.51463501,   95.30140517,     34.71771496,    8.51220563,   11.56519607,   17.67268422,     24.69477913], [   16.87140854,  -16.04787155,   14.6165616 ,   12.93693675,     36.96753795,    2.81083107,   13.5495854 ,   34.71771496,     78.58141308,   36.31997599,   10.83281994,    3.42734944,      8.63945809], [   -0.47499854,  -31.36647698,   -9.97910061,   16.94532126,     21.99537468,    0.41075484,   -0.05109111,    8.51220563,     36.31997599,   78.11095194,   32.1238946 ,    3.83239786,     -0.56895766], [   13.31083191,  -30.80086796,   18.99673158,   -4.90599342,     22.30103126,   19.03317616,   14.20442111,   11.56519607,     10.83281994,   32.1238946 ,   63.53823112,   26.59239543,      7.27318338], [  107.14469952,  -19.25497027,   -2.84056656,  -11.10358903,     28.88977923,   27.03675177,   26.82617213,   17.67268422,      3.42734944,    3.83239786,   26.59239543,   63.21526003,     34.57101014], [  111.2982071 ,  -27.79941443,   26.32057755,   -6.88224439,     25.48541038,   36.84286691,   30.10351245,   24.69477913,      8.63945809,   -0.56895766,    7.27318338,   34.57101014,     74.45203451]]
/root/sim/music/out/AC_DC/Black_Ice/02_Skies_On_Fire.mp3; [-495.81274  ,  89.28596  ,   2.3920345,  21.751844 ,  14.081667 ,    6.767108 ,   6.930583 ,   5.135418 ,   7.8434334,   1.0838479,    0.6265545,  -1.0088594,   1.5462817]; [[8620.02778517,  65.36944159,-810.49787004,-206.32289057,  15.36758351,  -117.59568075, -48.3450957 ,  63.72803431,-138.36659852, -50.08069181,  -194.01909313,-210.89555332,-123.44994291], [  65.36944159,1108.75076788,-269.51470357, -22.14748846, -18.17610298,   -12.29420496,  19.37681257, -17.60430425,  -3.11810815, -17.08548858,    -2.70150247,  12.35789505,  12.2435569 ], [-810.49787004,-269.51470357, 805.53026491, 109.56940403, -74.6569834 ,    62.26109489,  32.3966706 ,  14.05582169,  32.40177144, -15.41359011,    50.83071844,  36.14225339,  10.58105171], [-206.32289057, -22.14748846, 109.56940403, 288.12055797,  70.6995582 ,    15.87186816,  -4.36423085,  17.84918363,  -1.02994934, -19.75550882,   -11.24642299,   0.38121037,  12.16345514], [  15.36758351, -18.17610298, -74.6569834 ,  70.6995582 , 194.10291663,    36.7625324 ,  23.84899977,  20.73310719,  21.30956073,  13.10375615,   -10.49795206,  -5.63812699,  -0.32308894], [-117.59568075, -12.29420496,  62.26109489,  15.87186816,  36.7625324 ,   142.70819813,  64.04707888,  19.4063729 ,   6.66799796,   6.27564083,    15.99622919,  -1.09588988,   0.52980836], [ -48.3450957 ,  19.37681257,  32.3966706 ,  -4.36423085,  23.84899977,    64.04707888, 130.50161682,  54.01363177,   0.44392924,   5.36596418,    18.48744175,   0.01398856,  -7.94310573], [  63.72803431, -17.60430425,  14.05582169,  17.84918363,  20.73310719,    19.4063729 ,  54.01363177, 105.02970068,  22.94039878,   2.06238222,    -1.67087414,  -4.28761737,  -7.08867704], [-138.36659852,  -3.11810815,  32.40177144,  -1.02994934,  21.30956073,     6.66799796,   0.44392924,  22.94039878,  90.45217559,  33.24973128,    13.39873571,  15.11368565,   6.78862437], [ -50.08069181, -17.08548858, -15.41359011, -19.75550882,  13.10375615,     6.27564083,   5.36596418,   2.06238222,  33.24973128,  80.44934388,    35.34061598,   4.73706462,  -4.24312681], [-194.01909313,  -2.70150247,  50.83071844, -11.24642299, -10.49795206,    15.99622919,  18.48744175,  -1.67087414,  13.39873571,  35.34061598,    84.97707932,  43.13661301,   8.17557408], [-210.89555332,  12.35789505,  36.14225339,   0.38121037,  -5.63812699,    -1.09588988,   0.01398856,  -4.28761737,  15.11368565,   4.73706462,    43.13661301,  87.83802261,  43.16352959], [-123.44994291,  12.2435569 ,  10.58105171,  12.16345514,  -0.32308894,     0.52980836,  -7.94310573,  -7.08867704,   6.78862437,  -4.24312681,     8.17557408,  43.16352959,  75.2782557 ]]
/root/sim/music/out/AC_DC/Black_Ice/15_Black_Ice.mp3; [-500.8138    ,  84.24444   ,   0.39186317,  21.528248  ,  11.731433  ,    9.770382  ,   5.1615887 ,   4.2894163 ,   7.8171825 ,   0.861623  ,    1.7741228 ,  -0.12823093,   2.0910609 ]; [[12716.51014223, -278.95450166,  168.68447877, -161.76666976,    240.24793666,   67.5083905 ,    4.65942909,   55.11616401,    117.64224137,   83.91293823,    8.92744924,   64.32662133,     45.89806063], [ -278.95450166, 1087.07031088, -363.17517884,  148.5288335 ,   -126.88040634,   -9.20943124,    8.7239011 ,    3.98171508,    -46.10639674,  -29.46619925,  -26.15221353,  -21.99735191,      1.85704199], [  168.68447877, -363.17517884,  668.71661937,  -35.09820926,     65.28646881,   19.83721716,    4.55289941,   -2.8936063 ,     10.32482673,   -7.760696  ,   25.33742284,   26.33907395,     10.67162202], [ -161.76666976,  148.5288335 ,  -35.09820926,  217.19095735,      7.26684535,    1.16963317,    8.23625962,    3.08992758,    -13.08497986,   -1.02257708,   11.42137549,   -1.59267459,    -11.82100909], [  240.24793666, -126.88040634,   65.28646881,    7.26684535,    191.12729083,   46.27422649,   21.29664122,   19.30896179,     42.82892739,   14.4901324 ,   -0.06709403,    9.89482526,      6.80814502], [   67.5083905 ,   -9.20943124,   19.83721716,    1.16963317,     46.27422649,   92.74692142,   45.30974858,    7.67966643,      3.59217027,    2.45428952,   -2.84778662,   -6.78159006,      0.95765119], [    4.65942909,    8.7239011 ,    4.55289941,    8.23625962,     21.29664122,   45.30974858,   89.52959736,   34.78911101,      1.08576397,   -1.1042048 ,    5.43440055,   -0.25032114,      1.14469231], [   55.11616401,    3.98171508,   -2.8936063 ,    3.08992758,     19.30896179,    7.67966643,   34.78911101,   81.49351888,     32.67895488,    8.04396325,   -5.88968281,    5.09654311,      3.30074489], [  117.64224137,  -46.10639674,   10.32482673,  -13.08497986,     42.82892739,    3.59217027,    1.08576397,   32.67895488,     84.54561787,   32.02935426,   -2.23063791,    2.3669921 ,      4.77299742], [   83.91293823,  -29.46619925,   -7.760696  ,   -1.02257708,     14.4901324 ,    2.45428952,   -1.1042048 ,    8.04396325,     32.02935426,   76.73345706,   17.73483255,    2.02511729,      1.30480786], [    8.92744924,  -26.15221353,   25.33742284,   11.42137549,     -0.06709403,   -2.84778662,    5.43440055,   -5.88968281,     -2.23063791,   17.73483255,   61.40012592,   25.87323414,      0.37541884], [   64.32662133,  -21.99735191,   26.33907395,   -1.59267459,      9.89482526,   -6.78159006,   -0.25032114,    5.09654311,      2.3669921 ,    2.02511729,   25.87323414,   59.81136416,     26.61940913], [   45.89806063,    1.85704199,   10.67162202,  -11.82100909,      6.80814502,    0.95765119,    1.14469231,    3.30074489,      4.77299742,    1.30480786,    0.37541884,   26.61940913,     57.6775854 ]]
/root/sim/music/out/AC_DC/Black_Ice/01_Rock_'N_Roll_Train.mp3; [-492.66336   ,  73.390526  , -11.046412  ,  20.218094  ,   9.822409  ,    6.211177  ,  -0.7288177 ,   2.667526  ,   4.4717145 ,  -0.35830188,   -1.2553722 ,  -3.435635  ,  -0.32289582]; [[11630.18243804,  149.93867856, -446.67665915,   21.947098  ,    326.61957211,  223.88551655,   34.24328027,  141.32557599,    -22.94646308,   17.71021954,  -91.82565777, -109.42348224,    -63.00566735], [  149.93867856, 1285.45824404, -216.68527083,  113.43277664,     10.17107114,  -52.71242826,   69.72880297,   22.37027449,    -23.83149678,   28.43615323,    3.45313457,   33.2774337 ,     14.79386681], [ -446.67665915, -216.68527083, 1013.9568828 ,  243.76991971,     26.97594783,  125.94989121,   19.50257384,    4.52169891,     14.40062318,   -8.97464541,   31.72014895,   17.78935708,     -2.57010173], [   21.947098  ,  113.43277664,  243.76991971,  331.01269741,     79.67693961,   39.56806223,   32.07142766,   26.53057565,     -5.59380348,   -3.3785187 ,    9.12574846,   17.73354023,     -1.62235991], [  326.61957211,   10.17107114,   26.97594783,   79.67693961,    215.26241761,   87.33571783,   35.21430436,   54.48052866,     49.75709382,   36.53435055,   16.66696558,   23.66429291,     27.83207721], [  223.88551655,  -52.71242826,  125.94989121,   39.56806223,     87.33571783,  167.55302288,   68.48757792,   30.88855053,     24.108179  ,   34.48961509,   20.38971756,    9.52466581,      7.1394868 ], [   34.24328027,   69.72880297,   19.50257384,   32.07142766,     35.21430436,   68.48757792,  132.06287929,   70.33571414,     15.2717841 ,   23.81324001,   27.35798381,   10.59756659,     -0.31590266], [  141.32557599,   22.37027449,    4.52169891,   26.53057565,     54.48052866,   30.88855053,   70.33571414,  109.85068285,     46.43223716,   23.409683  ,   21.1117365 ,   16.34661023,      8.30697366], [  -22.94646308,  -23.83149678,   14.40062318,   -5.59380348,     49.75709382,   24.108179  ,   15.2717841 ,   46.43223716,    102.29356848,   54.22735307,   24.90470335,   21.73327449,     20.65619528], [   17.71021954,   28.43615323,   -8.97464541,   -3.3785187 ,     36.53435055,   34.48961509,   23.81324001,   23.409683  ,     54.22735307,  102.22831718,   46.03928137,   18.85488362,     14.31278903], [  -91.82565777,    3.45313457,   31.72014895,    9.12574846,     16.66696558,   20.38971756,   27.35798381,   21.1117365 ,     24.90470335,   46.03928137,   77.58448154,   42.56137824,     13.28651367], [ -109.42348224,   33.2774337 ,   17.78935708,   17.73354023,     23.66429291,    9.52466581,   10.59756659,   16.34661023,     21.73327449,   18.85488362,   42.56137824,   81.56800279,     45.81042331], [  -63.00566735,   14.79386681,   -2.57010173,   -1.62235991,     27.83207721,    7.1394868 ,   -0.31590266,    8.30697366,     20.65619528,   14.31278903,   13.28651367,   45.81042331,     79.74076057]]
/root/sim/music/out/AC_DC/Black_Ice/07_Spoilin'_For_A_Fight.mp3; [-490.77133   ,  81.47534   ,   3.5832028 ,  25.118862  ,  15.730343  ,   11.965156  ,   6.940498  ,   7.665105  ,  10.953899  ,   3.433692  ,    1.799404  ,  -0.03385969,   0.9555193 ]; [[10036.74963513,  -42.25701497, -312.53728011, -222.35905881,    -14.96467875,   13.76779004,  -96.09633437,  -65.4206215 ,    -85.52237885,  -10.45851848,  -40.84580094,    2.45319104,     -3.93929115], [  -42.25701497,  680.34919334, -306.13908044,  -35.08365786,    -35.86422515,  -74.03198514,  -33.69399952,  -17.88659936,     -2.20068859,  -40.42224699,  -26.65011888,  -20.30461724,      1.14390042], [ -312.53728011, -306.13908044,  750.53570931,   86.82962788,     53.74359088,   65.19948946,   43.09727748,    9.03022128,     10.42581515,    3.02224361,   29.44754236,   39.914858  ,     11.63907838], [ -222.35905881,  -35.08365786,   86.82962788,  229.99607039,     26.51890103,  -39.27818541,  -20.48476572,    1.4753187 ,     -4.62847781,  -10.54785375,    6.47622783,   11.29178957,     -3.05111628], [  -14.96467875,  -35.86422515,   53.74359088,   26.51890103,    220.00348029,   77.08050923,   42.79010192,   34.72606847,     63.67148049,   23.00961232,    8.79808572,   16.81431708,      6.49639619], [   13.76779004,  -74.03198514,   65.19948946,  -39.27818541,     77.08050923,  170.08587438,   85.45995577,   13.54425892,     17.33835369,   17.16443732,    9.75557896,  -10.45231963,     -5.79478424], [  -96.09633437,  -33.69399952,   43.09727748,  -20.48476572,     42.79010192,   85.45995577,  135.06398638,   53.06960747,     15.02236612,   11.55620161,   18.68079316,    1.6248564 ,     -4.92406654], [  -65.4206215 ,  -17.88659936,    9.03022128,    1.4753187 ,     34.72606847,   13.54425892,   53.06960747,   90.99829816,     49.74812191,    6.88124281,    6.5944899 ,    6.58384646,     -0.259762  ], [  -85.52237885,   -2.20068859,   10.42581515,   -4.62847781,     63.67148049,   17.33835369,   15.02236612,   49.74812191,    101.66653868,   35.01727232,    2.78424026,    9.35249803,      5.53423889], [  -10.45851848,  -40.42224699,    3.02224361,  -10.54785375,     23.00961232,   17.16443732,   11.55620161,    6.88124281,     35.01727232,   71.45507034,   25.27971108,    2.73827385,      1.30684892], [  -40.84580094,  -26.65011888,   29.44754236,    6.47622783,      8.79808572,    9.75557896,   18.68079316,    6.5944899 ,      2.78424026,   25.27971108,   57.49195162,   24.02643438,     -5.12679536], [    2.45319104,  -20.30461724,   39.914858  ,   11.29178957,     16.81431708,  -10.45231963,    1.6248564 ,    6.58384646,      9.35249803,    2.73827385,   24.02643438,   58.59691812,     23.91520767], [   -3.93929115,    1.14390042,   11.63907838,   -3.05111628,      6.49639619,   -5.79478424,   -4.92406654,   -0.259762  ,      5.53423889,    1.30684892,   -5.12679536,   23.91520767,     51.56110005]]
/root/sim/music/out/AC_DC/Black_Ice/09_Decibel.mp3; [-522.7304    , 100.67348   ,   7.325807  ,  21.984882  ,  17.296108  ,   11.572275  ,   6.3664656 ,   1.687893  ,   8.195973  ,   0.65698504,    0.6222588 ,  -1.2422874 ,   1.9220991 ]; [[18830.93077822,-2711.80047963,-2197.54191881,-1509.65511512,   -343.72562897,   20.13652366, -177.06372199, -165.46402169,     41.27368798, -154.84215766, -164.37985132,  -96.81075164,     96.80895295], [-2711.80047963, 1556.05608778,  -44.03339262,  213.55376946,    -12.53225165,  -65.78753733,    7.70371604,   25.37597475,    -10.21593063,   28.57157329,   10.21738444,   23.16243827,     -6.49723334], [-2197.54191881,  -44.03339262, 1071.31217253,  250.09623724,     11.23364617,  -22.57852289,   -4.93069669,   -5.40714559,    -16.57845643,   -7.68394981,   32.46114116,   -7.9622632 ,    -28.64729832], [-1509.65511512,  213.55376946,  250.09623724,  414.03015257,     50.64071129,   -5.66803794,   10.41366447,   11.83978622,    -42.39843006,    7.2174472 ,   25.5515051 ,   11.04944466,    -11.99420455], [ -343.72562897,  -12.53225165,   11.23364617,   50.64071129,    185.35125171,   47.39759543,   -5.55862907,    5.58899293,     18.00432707,    5.85694753,   -5.57832305,    9.87915922,      7.05014738], [   20.13652366,  -65.78753733,  -22.57852289,   -5.66803794,     47.39759543,  112.1735995 ,   50.7898901 ,    0.16196559,     -5.30830093,   -0.60127975,    2.0488153 ,  -12.13054105,     -7.15831373], [ -177.06372199,    7.70371604,   -4.93069669,   10.41366447,     -5.55862907,   50.7898901 ,  105.71507168,   35.01367573,     -9.98139294,   -1.68542709,    7.41413154,   -8.15193431,    -10.67875326], [ -165.46402169,   25.37597475,   -5.40714559,   11.83978622,      5.58899293,    0.16196559,   35.01367573,   77.43984396,     23.76644045,   -1.40439238,   -1.33185023,    3.38003821,     -2.97195012], [   41.27368798,  -10.21593063,  -16.57845643,  -42.39843006,     18.00432707,   -5.30830093,   -9.98139294,   23.76644045,     86.96156235,   25.35996348,   -4.15961064,    2.15708424,      3.10521957], [ -154.84215766,   28.57157329,   -7.68394981,    7.2174472 ,      5.85694753,   -0.60127975,   -1.68542709,   -1.40439238,     25.35996348,   74.1979176 ,   28.17185434,    1.10726423,     -4.69159094], [ -164.37985132,   10.21738444,   32.46114116,   25.5515051 ,     -5.57832305,    2.0488153 ,    7.41413154,   -1.33185023,     -4.15961064,   28.17185434,   74.01204573,   27.38735828,     -6.03413247], [  -96.81075164,   23.16243827,   -7.9622632 ,   11.04944466,      9.87915922,  -12.13054105,   -8.15193431,    3.38003821,      2.15708424,    1.10726423,   27.38735828,   75.2377481 ,     40.12146405], [   96.80895295,   -6.49723334,  -28.64729832,  -11.99420455,      7.05014738,   -7.15831373,  -10.67875326,   -2.97195012,      3.10521957,   -4.69159094,   -6.03413247,   40.12146405,     78.99361047]]
/root/sim/music/out/AC_DC/Black_Ice/13_Rock_'N_Roll_Dream.mp3; [-567.0542   , 113.70544  ,   2.4249105,  26.62726  ,  15.881783 ,    4.650221 ,   8.075451 ,   6.662866 ,   5.5970383,  -1.4948277,   -1.0537248,  -2.3965623,   1.9745442]; [[18651.11141531,-3302.20360016, -650.86553497,   10.8123537 ,    325.96521813,  276.40753762,   50.3174283 ,  140.40797106,    145.25295184,   15.48348292,   41.90060379,   86.62922407,     50.65546609], [-3302.20360016, 2943.79957961, -552.65797562,  125.83472256,    -74.85046083,  -87.7719356 ,   28.80530658,  -16.64144096,    -35.89207739,  -27.57287179,  -71.30905777,  -90.82248794,    -43.77271996], [ -650.86553497, -552.65797562, 1462.97704201,   31.15959688,    -46.43846783,    8.34064257,   32.4003467 ,  -15.42596686,    -36.2931228 ,   13.34947897,   48.44023555,   55.95424841,     38.96955871], [   10.8123537 ,  125.83472256,   31.15959688,  391.58437224,     67.01293146,   64.04285055,   36.25040924,   40.69329438,     24.37338243,   14.38596409,   17.25389234,   11.22560047,     35.62145834], [  325.96521813,  -74.85046083,  -46.43846783,   67.01293146,    259.32300488,   87.73520505,   73.2818556 ,   52.87435024,     58.43515269,   48.07351684,   23.45568361,   24.18084979,     13.77527238], [  276.40753762,  -87.7719356 ,    8.34064257,   64.04285055,     87.73520505,  224.26528983,   95.31883016,   37.164281  ,     27.74079528,   38.98199721,   15.98884121,    0.69065382,     -1.83970688], [   50.3174283 ,   28.80530658,   32.4003467 ,   36.25040924,     73.2818556 ,   95.31883016,  155.0679003 ,   60.85239512,     21.46689658,   23.34100636,   10.7888493 ,    2.44492733,     -3.50841121], [  140.40797106,  -16.64144096,  -15.42596686,   40.69329438,     52.87435024,   37.164281  ,   60.85239512,  109.18990227,     39.81634593,   19.50890626,   10.92670985,    7.75499502,      2.60710776], [  145.25295184,  -35.89207739,  -36.2931228 ,   24.37338243,     58.43515269,   27.74079528,   21.46689658,   39.81634593,    100.16626642,   41.16480054,   19.53125674,   13.86684887,      2.34655257], [   15.48348292,  -27.57287179,   13.34947897,   14.38596409,     48.07351684,   38.98199721,   23.34100636,   19.50890626,     41.16480054,   90.03908019,   34.54801229,    8.85369671,      2.75717869], [   41.90060379,  -71.30905777,   48.44023555,   17.25389234,     23.45568361,   15.98884121,   10.7888493 ,   10.92670985,     19.53125674,   34.54801229,   77.59005569,   36.20602966,      3.0331972 ], [   86.62922407,  -90.82248794,   55.95424841,   11.22560047,     24.18084979,    0.69065382,    2.44492733,    7.75499502,     13.86684887,    8.85369671,   36.20602966,   80.33596312,     33.04450371], [   50.65546609,  -43.77271996,   38.96955871,   35.62145834,     13.77527238,   -1.83970688,   -3.50841121,    2.60710776,      2.34655257,    2.75717869,    3.0331972 ,   33.04450371,     78.36167595]]
/root/sim/music/out/AC_DC/Black_Ice/11_She_Likes_Rock_'N_Roll.mp3; [-514.1467    ,  84.55414   ,  -3.295613  ,  21.793835  ,  13.7677    ,    5.3494186 ,   5.262682  ,   3.9145234 ,   6.8782754 ,   1.2624623 ,   -0.22406377,  -0.4013629 ,   2.5599778 ]; [[13844.29027352, -803.95477116,  181.83128606, -399.45992693,    202.15535845,   34.87271426,   36.95603487,  198.81997443,    134.02135655,  224.74255928,  142.49387508,  116.95400224,     87.53899256], [ -803.95477116, 1296.99348303, -370.96447733,  159.46859609,     22.09108658,    0.71750861,   24.3010537 ,   30.65771296,     -2.73617085,  -28.33313583,  -23.26900746,  -18.17921173,     -1.95575344], [  181.83128606, -370.96447733,  813.63559846,   91.04375204,     86.34313199,   48.03090036,   61.02052534,   11.66040411,     15.72743689,    4.9996066 ,   15.64693701,    5.83733023,     12.46788456], [ -399.45992693,  159.46859609,   91.04375204,  414.45663876,     76.31763118,   16.46602233,   12.20087735,   27.74372766,     -1.57724075,    2.0200033 ,   22.38401491,    5.41354541,      2.76006951], [  202.15535845,   22.09108658,   86.34313199,   76.31763118,    232.25500588,   62.73408052,   52.61146228,   38.11029325,     45.85291548,   40.15101499,   23.4474189 ,   31.47745841,     25.64810044], [   34.87271426,    0.71750861,   48.03090036,   16.46602233,     62.73408052,  148.99564911,   73.81777912,   13.03519873,      5.6528702 ,   15.8017856 ,   14.15895535,    1.41311156,      7.68730212], [   36.95603487,   24.3010537 ,   61.02052534,   12.20087735,     52.61146228,   73.81777912,  140.45920253,   49.05105682,      4.47773544,    6.76179541,   17.18602648,    9.78682963,      9.52408201], [  198.81997443,   30.65771296,   11.66040411,   27.74372766,     38.11029325,   13.03519873,   49.05105682,  112.07310269,     38.53916844,   23.97665212,   10.68919193,    9.4920827 ,      6.11742217], [  134.02135655,   -2.73617085,   15.72743689,   -1.57724075,     45.85291548,    5.6528702 ,    4.47773544,   38.53916844,    101.73869527,   48.00912305,   12.47116355,   15.04546727,     18.64467204], [  224.74255928,  -28.33313583,    4.9996066 ,    2.0200033 ,     40.15101499,   15.8017856 ,    6.76179541,   23.97665212,     48.00912305,   93.61449105,   41.5103189 ,   17.74980084,     15.08989587], [  142.49387508,  -23.26900746,   15.64693701,   22.38401491,     23.4474189 ,   14.15895535,   17.18602648,   10.68919193,     12.47116355,   41.5103189 ,   77.89153389,   40.86673496,     11.13386898], [  116.95400224,  -18.17921173,    5.83733023,    5.41354541,     31.47745841,    1.41311156,    9.78682963,    9.4920827 ,     15.04546727,   17.74980084,   40.86673496,   74.37831324,     32.28278831], [   87.53899256,   -1.95575344,   12.46788456,    2.76006951,     25.64810044,    7.68730212,    9.52408201,    6.11742217,     18.64467204,   15.08989587,   11.13386898,   32.28278831,     67.64143554]]
/root/sim/music/out/AC_DC/Black_Ice/03_Big_Jack.mp3; [-477.48175   ,  83.42909   ,  -1.8761154 ,  21.339579  ,  15.851227  ,    8.075774  ,   2.6960685 ,   5.2061877 ,   8.151294  ,   1.7914063 ,   -0.882014  ,  -2.67741   ,  -0.14500408]; [[7265.00732527,-617.52796706,-465.50013808,-346.71121832, -57.73306873,   -38.1582988 , -67.98911412,  -6.76204081,  -3.74729798, -19.56615673,    -1.19736959,   4.41659989,  57.50222522], [-617.52796706, 959.66428135,-291.2833746 ,  11.54967214, -60.52789683,   -87.24671569,  -3.05796062,  -4.44608732, -49.0678955 , -13.63358786,   -41.44261986, -12.34534639, -23.03363313], [-465.50013808,-291.2833746 , 563.77118151, 126.45695797, -16.6323926 ,    65.17098653,  13.82790769, -31.29088407, -22.84253988, -30.2125463 ,    16.26350394, -15.57409057, -26.6150865 ], [-346.71121832,  11.54967214, 126.45695797, 203.80551779,  33.46411268,     7.74145417,   1.27713341,  -6.73686682,  -7.97950509,   0.72965919,     5.38414183,  -0.34778259, -10.44368485], [ -57.73306873, -60.52789683, -16.6323926 ,  33.46411268, 186.99871607,    43.33879254,  10.10421901,  20.65670028,  58.48466334,  15.18782914,     7.78575174,  14.78186719,  22.24067131], [ -38.1582988 , -87.24671569,  65.17098653,   7.74145417,  43.33879254,   103.7481907 ,  41.01937473,   1.99327957,  10.75523826,   4.82946066,     9.93789402,  -1.62193222,   2.0241627 ], [ -67.98911412,  -3.05796062,  13.82790769,   1.27713341,  10.10421901,    41.01937473,  94.81799406,  32.99970331,  -3.65050504,  -2.04301758,    13.40827369,   0.96452102,  -3.23434351], [  -6.76204081,  -4.44608732, -31.29088407,  -6.73686682,  20.65670028,     1.99327957,  32.99970331,  79.66373528,  37.32150265,   5.30805167,     0.96815705,   4.75328235,  -0.16400751], [  -3.74729798, -49.0678955 , -22.84253988,  -7.97950509,  58.48466334,    10.75523826,  -3.65050504,  37.32150265, 105.01031925,  39.69448757,     3.15006136,   9.40725134,  12.69265036], [ -19.56615673, -13.63358786, -30.2125463 ,   0.72965919,  15.18782914,     4.82946066,  -2.04301758,   5.30805167,  39.69448757,  69.00008812,    24.38851636,   7.27734381,   5.35960707], [  -1.19736959, -41.44261986,  16.26350394,   5.38414183,   7.78575174,     9.93789402,  13.40827369,   0.96815705,   3.15006136,  24.38851636,    57.13579088,  26.6001644 ,   3.68509237], [   4.41659989, -12.34534639, -15.57409057,  -0.34778259,  14.78186719,    -1.62193222,   0.96452102,   4.75328235,   9.40725134,   7.27734381,    26.6001644 ,  56.43959357,  28.55485159], [  57.50222522, -23.03363313, -26.6150865 , -10.44368485,  22.24067131,     2.0241627 ,  -3.23434351,  -0.16400751,  12.69265036,   5.35960707,     3.68509237,  28.55485159,  55.2629405 ]]
