/root/sim/music/out/斉藤和義/歌うたい25_SINGLES_BEST_2008～2017_[Disc_2]/2-11_始まりのサンセット.mp3; [-581.1113    , 146.04077   ,   9.070355  ,  26.393316  ,   6.3976555 ,    2.8954203 ,  -3.5192206 ,   5.993474  ,  -4.7215757 ,  -0.81698525,   -4.6005907 ,  -0.09385197,  -4.2799377 ]; [[25448.99020226, -164.48738985, -895.41302733, -360.38420536,   -457.30632768, -220.99169219,   16.03207654,  474.10369026,    214.44176085,  352.71796337,  208.24190043,  321.75418696,    -21.69997417], [ -164.48738985, 1212.67273174, -123.95137618,   84.57132417,     36.12190476,   53.25038646,   23.53120379,   39.44589037,    -12.79041729,    2.76614931,   -4.23073063,    1.29816264,     -2.06392311], [ -895.41302733, -123.95137618,  530.37987247,  -34.55719881,     38.43166781,    0.3648653 ,  -30.87778732,   15.83328438,    -36.40930086,    3.1157071 ,  -24.85985025,   10.68665569,     -0.27230146], [ -360.38420536,   84.57132417,  -34.55719881,  389.52541978,    132.56555994,   92.02717731,   19.00274399,   -6.31660094,     19.56403866,  -36.95583562,  -10.29757582,  -19.04548301,     20.42458186], [ -457.30632768,   36.12190476,   38.43166781,  132.56555994,    185.81987214,   74.60814122,   19.54050782,   -4.01916429,      8.78228579,  -18.03467793,   -4.95557784,   -3.37576884,     10.31969379], [ -220.99169219,   53.25038646,    0.3648653 ,   92.02717731,     74.60814122,  126.5020988 ,   54.67354669,    6.99050916,      8.87937367,   -6.40443275,   11.9327189 ,    1.99355355,      3.23506368], [   16.03207654,   23.53120379,  -30.87778732,   19.00274399,     19.54050782,   54.67354669,  108.09228876,   22.33536157,     28.52894349,   -0.55734828,   22.73860378,    4.84518264,     -2.13942925], [  474.10369026,   39.44589037,   15.83328438,   -6.31660094,     -4.01916429,    6.99050916,   22.33536157,  103.16971973,     21.37704917,   20.79679334,   -1.32116197,   16.07454716,      4.62244588], [  214.44176085,  -12.79041729,  -36.40930086,   19.56403866,      8.78228579,    8.87937367,   28.52894349,   21.37704917,     77.24166302,   21.99019184,   16.04995677,   -1.51486379,     -1.09531061], [  352.71796337,    2.76614931,    3.1157071 ,  -36.95583562,    -18.03467793,   -6.40443275,   -0.55734828,   20.79679334,     21.99019184,   77.95240064,   24.46586371,   18.66447451,     -9.6082461 ], [  208.24190043,   -4.23073063,  -24.85985025,  -10.29757582,     -4.95557784,   11.9327189 ,   22.73860378,   -1.32116197,     16.04995677,   24.46586371,   63.82005144,   25.47139133,      1.37753842], [  321.75418696,    1.29816264,   10.68665569,  -19.04548301,     -3.37576884,    1.99355355,    4.84518264,   16.07454716,     -1.51486379,   18.66447451,   25.47139133,   71.48290891,     16.23334745], [  -21.69997417,   -2.06392311,   -0.27230146,   20.42458186,     10.31969379,    3.23506368,   -2.13942925,    4.62244588,     -1.09531061,   -9.6082461 ,    1.37753842,   16.23334745,     68.76609632]]
/root/sim/music/out/斉藤和義/歌うたい25_SINGLES_BEST_2008～2017_[Disc_2]/2-13_ランナウェイ_～こんな雨じゃ～.mp3; [-504.7098    , 119.759766  , -27.593592  ,  10.10868   ,   0.8530419 ,    3.2301788 ,  -1.7779206 ,  11.062761  ,   7.039114  ,   6.6521254 ,   -4.731314  ,   0.01274924,   0.05928361]; [[9992.95179985, 514.66683136, 553.54835954, 427.53400805, -48.01864397,   186.56648389, -91.13611138,   5.89650456,-174.94228546,  49.44082306,   163.98998095, 124.41496638, -21.78755454], [ 514.66683136, 594.75397289,-137.4803126 ,  32.82792252,  -1.9613313 ,   -27.61526399, -12.66631705,  10.62775067,  18.31774864,  17.81750088,    -4.40138432,  16.01818239,  15.59347829], [ 553.54835954,-137.4803126 , 575.67123663, 129.83045642,  59.30150218,    73.73638538,  -0.70785598, -15.89685539, -44.08047018,  -6.44131237,    45.10650146,  37.71245693,   9.37306057], [ 427.53400805,  32.82792252, 129.83045642, 236.83401648,  24.0146621 ,    64.81066148,   7.42352868,   1.53127698,  -4.84264761,  -9.93269031,    18.66666092,   0.91700734,   5.97865727], [ -48.01864397,  -1.9613313 ,  59.30150218,  24.0146621 , 132.82831919,    29.64004134,  33.50699067,  19.82549431,  14.65663882,  10.49250603,    -1.20846694,   2.36532747,   3.82419918], [ 186.56648389, -27.61526399,  73.73638538,  64.81066148,  29.64004134,   119.0706883 ,  47.02103127,  23.06625467,   0.7422146 ,   4.19885113,    23.44031689,  10.43066424,   5.61393436], [ -91.13611138, -12.66631705,  -0.70785598,   7.42352868,  33.50699067,    47.02103127, 104.85976236,  39.21592113,  17.85367935,   0.47924083,    10.58747259,   5.12826981,  11.93474694], [   5.89650456,  10.62775067, -15.89685539,   1.53127698,  19.82549431,    23.06625467,  39.21592113,  79.47007112,  36.95508163,  19.27548573,     4.37072922,  12.76544637,  14.06765443], [-174.94228546,  18.31774864, -44.08047018,  -4.84264761,  14.65663882,     0.7422146 ,  17.85367935,  36.95508163,  93.16040819,  33.08705652,     0.84294855,  -4.53163659,  15.46547345], [  49.44082306,  17.81750088,  -6.44131237,  -9.93269031,  10.49250603,     4.19885113,   0.47924083,  19.27548573,  33.08705652,  79.55045199,    32.81608198,  17.37333656,   5.45083578], [ 163.98998095,  -4.40138432,  45.10650146,  18.66666092,  -1.20846694,    23.44031689,  10.58747259,   4.37072922,   0.84294855,  32.81608198,    71.88175899,  34.9613136 ,   8.07773886], [ 124.41496638,  16.01818239,  37.71245693,   0.91700734,   2.36532747,    10.43066424,   5.12826981,  12.76544637,  -4.53163659,  17.37333656,    34.9613136 ,  69.2718939 ,  31.07923295], [ -21.78755454,  15.59347829,   9.37306057,   5.97865727,   3.82419918,     5.61393436,  11.93474694,  14.06765443,  15.46547345,   5.45083578,     8.07773886,  31.07923295,  68.97586276]]
/root/sim/music/out/斉藤和義/歌うたい25_SINGLES_BEST_2008～2017_[Disc_2]/2-09_はるかぜ.mp3; [-695.40985   , 177.3397    ,  31.648436  ,  20.500793  ,   5.361208  ,   -4.803655  , -11.355371  ,   5.695832  , -10.237483  ,  -3.3296254 ,   -7.1716166 ,   0.42104807, -10.166381  ]; [[18731.25137055,-1448.59620554, -443.22025567, -800.280687  ,   -461.65547474, -686.65647711, -696.6506289 ,  303.8893923 ,   -329.63579476,  262.42930101,   48.64549099,  162.97902826,    -88.1084859 ], [-1448.59620554, 2770.70428369, -410.80130996,  296.92895859,     73.68461922,   78.43952688,  188.58883544,   -0.19845163,    144.86098507,  -56.08520221,   69.25938241,   11.33451466,     10.57540973], [ -443.22025567, -410.80130996, 1070.50363502, -120.0834651 ,     63.00697681,   92.17936686,  -51.56055353,   41.998625  ,    -58.5806704 ,   24.13383567,  -67.37017812,   -1.62367367,     29.06650691], [ -800.280687  ,  296.92895859, -120.0834651 ,  670.66307602,    179.58847292,   37.00634507,   93.91488963,   46.86283889,    158.29967588,  -37.9531767 ,    2.99738389,   48.66951907,     34.39934406], [ -461.65547474,   73.68461922,   63.00697681,  179.58847292,    335.5472096 ,   61.52942359,   14.99129519,   37.06485603,     81.05730792,   45.93629232,   18.05385337,    2.16106772,      6.30827589], [ -686.65647711,   78.43952688,   92.17936686,   37.00634507,     61.52942359,  294.16968328,  110.5826595 ,  -36.13735573,     44.99890041,   44.86950313,   48.09373432,   19.40013192,    -12.51344163], [ -696.6506289 ,  188.58883544,  -51.56055353,   93.91488963,     14.99129519,  110.5826595 ,  241.91718485,   17.12702827,     53.64988686,    2.87258206,   47.33140247,   13.15384514,      5.53396711], [  303.8893923 ,   -0.19845163,   41.998625  ,   46.86283889,     37.06485603,  -36.13735573,   17.12702827,  170.5656683 ,     31.99561119,    0.45768374,    0.75346525,    9.64883517,     27.4296308 ], [ -329.63579476,  144.86098507,  -58.5806704 ,  158.29967588,     81.05730792,   44.99890041,   53.64988686,   31.99561119,    204.21983925,   52.80389712,   22.38657094,   10.1764912 ,     -2.55107134], [  262.42930101,  -56.08520221,   24.13383567,  -37.9531767 ,     45.93629232,   44.86950313,    2.87258206,    0.45768374,     52.80389712,  179.532514  ,   45.64693631,  -14.47546613,    -17.17984283], [   48.64549099,   69.25938241,  -67.37017812,    2.99738389,     18.05385337,   48.09373432,   47.33140247,    0.75346525,     22.38657094,   45.64693631,  139.22614247,   28.97686078,    -27.09426941], [  162.97902826,   11.33451466,   -1.62367367,   48.66951907,      2.16106772,   19.40013192,   13.15384514,    9.64883517,     10.1764912 ,  -14.47546613,   28.97686078,  121.10075098,     22.66570731], [  -88.1084859 ,   10.57540973,   29.06650691,   34.39934406,      6.30827589,  -12.51344163,    5.53396711,   27.4296308 ,     -2.55107134,  -17.17984283,  -27.09426941,   22.66570731,    117.58209466]]
/root/sim/music/out/斉藤和義/歌うたい25_SINGLES_BEST_2008～2017_[Disc_2]/2-08_遺伝.mp3; [-540.5563    , 153.28755   , -10.869824  ,  11.665979  ,   1.4165186 ,   -2.1721835 ,  -3.8985422 ,  11.543087  ,  -0.41939148,  -1.5245667 ,   -5.956224  ,  -0.26960707,  -2.107075  ]; [[12985.79726598, -233.76464903, -141.40718315, -228.09905683,     47.61458182,  232.93897689,  120.97580579,  418.84035803,    204.16715167,   79.9219689 ,  -18.79684915,   63.10750156,    -94.5383555 ], [ -233.76464903, 1315.13422827, -402.3585644 ,  106.45168105,    -82.24568286, -105.67246364,  -45.15814591,  -33.7106949 ,    -26.41707526,  -24.23440848,   -1.27677165,  -20.14570479,    -11.16825962], [ -141.40718315, -402.3585644 ,  570.67513437, -126.98605593,     57.717031  ,  -15.13930111,  -50.51167994,  -29.98475936,    -81.32222026,   32.53786683,  -18.21311708,   26.97957581,     15.51175864], [ -228.09905683,  106.45168105, -126.98605593,  290.06018836,     41.61443063,   25.50651698,   14.81114818,   14.44895207,     57.25082398,  -40.0326465 ,    0.12313774,   -5.6605395 ,     51.68257313], [   47.61458182,  -82.24568286,   57.717031  ,   41.61443063,    164.65849006,   29.45122704,    2.85634092,   18.976592  ,     19.2511536 ,   14.19356568,    6.72057457,   23.72888549,     16.36450268], [  232.93897689, -105.67246364,  -15.13930111,   25.50651698,     29.45122704,  115.97426154,   52.05603872,   38.16050074,     32.45862489,   10.83854445,   20.63815811,   11.25254435,      1.96291678], [  120.97580579,  -45.15814591,  -50.51167994,   14.81114818,      2.85634092,   52.05603872,  127.12431321,   53.94868966,     48.46682755,    2.07161114,   23.77276307,    5.93558995,     -1.37794499], [  418.84035803,  -33.7106949 ,  -29.98475936,   14.44895207,     18.976592  ,   38.16050074,   53.94868966,  117.46220995,     55.84956557,   13.43198191,    6.88863713,   13.26682859,      3.1812115 ], [  204.16715167,  -26.41707526,  -81.32222026,   57.25082398,     19.2511536 ,   32.45862489,   48.46682755,   55.84956557,    126.35601917,   28.73049933,   23.82519715,    2.00268613,      5.13599503], [   79.9219689 ,  -24.23440848,   32.53786683,  -40.0326465 ,     14.19356568,   10.83854445,    2.07161114,   13.43198191,     28.73049933,   93.49180122,   31.48186152,   10.39293257,    -21.77159568], [  -18.79684915,   -1.27677165,  -18.21311708,    0.12313774,      6.72057457,   20.63815811,   23.77276307,    6.88863713,     23.82519715,   31.48186152,   78.66491159,   22.05188073,     -2.80336815], [   63.10750156,  -20.14570479,   26.97957581,   -5.6605395 ,     23.72888549,   11.25254435,    5.93558995,   13.26682859,      2.00268613,   10.39293257,   22.05188073,   72.23435355,     22.55837657], [  -94.5383555 ,  -11.16825962,   15.51175864,   51.68257313,     16.36450268,    1.96291678,   -1.37794499,    3.1812115 ,      5.13599503,  -21.77159568,   -2.80336815,   22.55837657,     81.45573958]]
/root/sim/music/out/斉藤和義/歌うたい25_SINGLES_BEST_2008～2017_[Disc_2]/2-02_ワンダーランド.mp3; [-529.0799   , 126.698654 ,  14.173959 ,  26.309647 ,  -4.916781 ,    4.1034865,  -2.081619 ,   5.47579  ,   2.1569126,   3.541185 ,   -2.8886776,   1.2203017,  -3.835606 ]; [[13863.86153814,  428.66764718,-1076.33960372, -729.20010858,   -444.96059043, -208.9117728 , -150.81479978,  221.27862067,     75.35440017,  243.70210688,   43.42538608,  110.9690805 ,    -20.89924658], [  428.66764718,  583.91617247,   90.90634039,  132.94822637,     15.58249238,   22.86560295,   17.37489041,   -1.51440529,     29.45715429,   -9.31928011,   16.3693314 ,    9.7467564 ,     18.93255846], [-1076.33960372,   90.90634039,  667.49797191,  210.9155502 ,     63.76803735,   54.79281625,    5.36225345,  -27.16058457,     32.13558777,   -1.50394241,   10.40972737,   15.77257053,     37.73424106], [ -729.20010858,  132.94822637,  210.9155502 ,  325.06075949,     66.35971232,   23.86507038,    2.94718612,  -23.86112064,     19.60971946,  -26.52395975,   -7.53964721,   -4.1809914 ,     33.26399372], [ -444.96059043,   15.58249238,   63.76803735,   66.35971232,    129.22850259,   20.27662607,    3.51384079,    1.11530482,      7.8985609 ,    2.5859077 ,   -3.60404488,    8.74625961,     10.46479306], [ -208.9117728 ,   22.86560295,   54.79281625,   23.86507038,     20.27662607,   90.42610351,   39.0653614 ,    3.69602998,     -3.7433164 ,    1.03508841,   12.05966013,   -0.73084306,     -7.81505572], [ -150.81479978,   17.37489041,    5.36225345,    2.94718612,      3.51384079,   39.0653614 ,   91.25247114,   22.50086036,     -3.88793785,  -14.74918087,   12.44290302,    6.06675344,      0.18178666], [  221.27862067,   -1.51440529,  -27.16058457,  -23.86112064,      1.11530482,    3.69602998,   22.50086036,   64.97971653,     17.82268785,    9.96104937,    3.53824154,   12.93254132,      5.52986935], [   75.35440017,   29.45715429,   32.13558777,   19.60971946,      7.8985609 ,   -3.7433164 ,   -3.88793785,   17.82268785,     75.78747115,   25.79648796,    9.24249527,    1.77447595,     12.23321774], [  243.70210688,   -9.31928011,   -1.50394241,  -26.52395975,      2.5859077 ,    1.03508841,  -14.74918087,    9.96104937,     25.79648796,   67.19209338,   21.71437476,    7.49186718,     -0.78614889], [   43.42538608,   16.3693314 ,   10.40972737,   -7.53964721,     -3.60404488,   12.05966013,   12.44290302,    3.53824154,      9.24249527,   21.71437476,   52.45576318,   18.95239756,      5.52478775], [  110.9690805 ,    9.7467564 ,   15.77257053,   -4.1809914 ,      8.74625961,   -0.73084306,    6.06675344,   12.93254132,      1.77447595,    7.49186718,   18.95239756,   53.01822264,     25.20102683], [  -20.89924658,   18.93255846,   37.73424106,   33.26399372,     10.46479306,   -7.81505572,    0.18178666,    5.52986935,     12.23321774,   -0.78614889,    5.52478775,   25.20102683,     57.87989081]]
/root/sim/music/out/斉藤和義/歌うたい25_SINGLES_BEST_2008～2017_[Disc_2]/2-06_ひまわりに積もる雪.mp3; [-586.8617   , 161.68852  ,  -1.6921171,  33.046463 ,  20.318684 ,    3.0502722,   3.1068625,   5.6312184,   1.6310376,   0.7090666,   -3.0019963,  -3.0074642,  -1.4856514]; [[14248.85699453, -588.74145656, -495.04165522, -378.07434349,   -249.94647768, -204.43337498,  -43.64792888,   21.75450478,   -301.49419094,   11.39833808,    8.63120444, -167.95927038,    -20.97001994], [ -588.74145656, 1641.92384019, -274.56644525,  256.26700488,    164.13339697,   20.71767914,    8.17159748,  -20.00938972,    101.04062292,  -33.80883764,  -37.39139722,   36.41297423,    -46.34222489], [ -495.04165522, -274.56644525,  668.31594229, -165.93407468,     -7.99208518,   16.28511988,  -41.06885465,   33.14161894,    -43.81753619,   57.45368378,    5.63703332,    1.53626365,      3.41852581], [ -378.07434349,  256.26700488, -165.93407468,  403.68569172,     90.42574692,   20.84996197,   49.79589224,    2.85821166,     96.02353368,  -49.04273956,  -30.06750114,    8.86134142,     46.13448167], [ -249.94647768,  164.13339697,   -7.99208518,   90.42574692,    191.65127051,   26.46554468,    6.54235387,   14.57431396,     57.56837163,    6.96567082,   -4.97745381,   23.79066802,      6.60581769], [ -204.43337498,   20.71767914,   16.28511988,   20.84996197,     26.46554468,  125.53808095,   50.36299107,   -8.93816019,     13.14603735,    7.91984464,   14.19677867,    1.26338886,      2.73573792], [  -43.64792888,    8.17159748,  -41.06885465,   49.79589224,      6.54235387,   50.36299107,  142.26778957,   12.09304914,     29.191084  ,  -23.08254217,    9.33217071,   10.34027301,     18.30318627], [   21.75450478,  -20.00938972,   33.14161894,    2.85821166,     14.57431396,   -8.93816019,   12.09304914,  118.99240465,     16.71184727,    3.05725611,    1.99310039,   14.21904253,     11.25976518], [ -301.49419094,  101.04062292,  -43.81753619,   96.02353368,     57.56837163,   13.14603735,   29.191084  ,   16.71184727,    134.13535249,   11.02811225,   -2.14998326,   13.50107054,     22.86760877], [   11.39833808,  -33.80883764,   57.45368378,  -49.04273956,      6.96567082,    7.91984464,  -23.08254217,    3.05725611,     11.02811225,  136.53645896,   56.79659129,   -3.09275815,    -11.55060747], [    8.63120444,  -37.39139722,    5.63703332,  -30.06750114,     -4.97745381,   14.19677867,    9.33217071,    1.99310039,     -2.14998326,   56.79659129,  106.13769096,   17.33175317,     -2.62372573], [ -167.95927038,   36.41297423,    1.53626365,    8.86134142,     23.79066802,    1.26338886,   10.34027301,   14.21904253,     13.50107054,   -3.09275815,   17.33175317,   96.45394995,     24.27478798], [  -20.97001994,  -46.34222489,    3.41852581,   46.13448167,      6.60581769,    2.73573792,   18.30318627,   11.25976518,     22.86760877,  -11.55060747,   -2.62372573,   24.27478798,     90.45424416]]
/root/sim/music/out/斉藤和義/歌うたい25_SINGLES_BEST_2008～2017_[Disc_2]/2-01_Endless.mp3; [-535.7707    , 139.27232   ,   6.627123  ,  19.842741  ,   6.3974166 ,   11.385877  ,  -6.040904  ,   3.0303128 ,  -2.0795798 ,   2.7536223 ,   -1.2437247 ,   0.24791689,  -0.58246696]; [[16427.83653034,  645.81053357, -852.2422645 , -654.80580571,   -427.98925808,   48.22038884, -311.97486863,   50.2773611 ,   -181.10547414,   55.1882951 , -101.91079126, -145.18011992,   -134.45611604], [  645.81053357,  969.14322892,  -67.40140099,  106.42579709,     58.72856709,    2.35846781,   21.85258187,   16.75875965,     29.64675219,   10.43016739,   13.89810111,   27.02962554,     22.92429896], [ -852.2422645 ,  -67.40140099,  331.78927617,  113.37575622,     52.32065148,    8.17456253,   20.01558888,    2.11748407,     -0.09342555,   -3.77505541,    9.65197839,   21.74502356,     22.68764351], [ -654.80580571,  106.42579709,  113.37575622,  268.547235  ,     92.16539211,   16.45969943,   19.77930582,   -3.12367501,     36.94119847,  -14.90188618,   10.35292171,   17.24449634,     25.53214135], [ -427.98925808,   58.72856709,   52.32065148,   92.16539211,    141.82340613,   18.35871782,    9.39781342,    7.29946923,     19.77767387,    1.31379774,    4.17823227,   16.42373033,      8.51787481], [   48.22038884,    2.35846781,    8.17456253,   16.45969943,     18.35871782,   79.51662487,   27.55094365,    1.61872668,      6.9950948 ,    7.65970046,   11.93646449,   -2.48033035,     -6.28970408], [ -311.97486863,   21.85258187,   20.01558888,   19.77930582,      9.39781342,   27.55094365,   84.48124555,    7.94551298,     15.07640631,   -1.54298502,   15.16037298,    0.42260173,      0.18311809], [   50.2773611 ,   16.75875965,    2.11748407,   -3.12367501,      7.29946923,    1.61872668,    7.94551298,   74.40457808,     10.23248593,   10.0264821 ,    2.58894038,    5.15067054,      6.31466226], [ -181.10547414,   29.64675219,   -0.09342555,   36.94119847,     19.77767387,    6.9950948 ,   15.07640631,   10.23248593,     65.10106063,   12.58630626,    6.52423984,    0.58705038,      2.47619881], [   55.1882951 ,   10.43016739,   -3.77505541,  -14.90188618,      1.31379774,    7.65970046,   -1.54298502,   10.0264821 ,     12.58630626,   62.53718244,   14.06872543,   -1.09840714,     -6.19639464], [ -101.91079126,   13.89810111,    9.65197839,   10.35292171,      4.17823227,   11.93646449,   15.16037298,    2.58894038,      6.52423984,   14.06872543,   48.92555008,   11.42395707,      0.34944947], [ -145.18011992,   27.02962554,   21.74502356,   17.24449634,     16.42373033,   -2.48033035,    0.42260173,    5.15067054,      0.58705038,   -1.09840714,   11.42395707,   51.42778725,     18.84721356], [ -134.45611604,   22.92429896,   22.68764351,   25.53214135,      8.51787481,   -6.28970408,    0.18311809,    6.31466226,      2.47619881,   -6.19639464,    0.34944947,   18.84721356,     53.40240621]]
/root/sim/music/out/斉藤和義/歌うたい25_SINGLES_BEST_2008～2017_[Disc_2]/2-07_行き先は未来.mp3; [-537.33453  , 140.59006  ,  -9.446362 ,  19.12565  ,  10.337597 ,    4.3661003,  -5.1927185,   9.688034 ,  -1.960302 ,   6.5451746,   -2.6129622,  -1.6151075,  -1.0230305]; [[16059.14576999,  772.07810596,   90.45063201, -304.37116288,    -91.99042821,  -19.99502183, -200.9239088 ,  280.27505988,     74.9640726 ,  247.38244121,   26.77118129,    5.63221392,   -137.23566766], [  772.07810596, 1189.52099644, -351.37020573,  157.85709078,     27.32463178,   28.69083432,   22.40602824,    9.46653467,      6.29921983,   25.77332692,  -15.46422579,    6.34864923,     21.27726402], [   90.45063201, -351.37020573,  459.89222791, -114.53453784,     -5.48629779,    4.84383222,  -30.86620113,    3.18140224,    -11.10063782,   26.78817169,   52.57481029,   39.1622915 ,     22.17347802], [ -304.37116288,  157.85709078, -114.53453784,  292.77858754,     82.72818987,    6.1421489 ,   28.25308943,  -15.88020385,     16.03763925,  -44.30117519,  -40.66074696,  -10.04094577,     50.40026365], [  -91.99042821,   27.32463178,   -5.48629779,   82.72818987,    148.75416748,   19.00472866,   21.46442713,  -11.67827267,     17.8844972 ,   -9.46273644,  -21.66026192,    1.93750329,     34.63914507], [  -19.99502183,   28.69083432,    4.84383222,    6.1421489 ,     19.00472866,  115.42679422,   53.28531872,    2.94806657,     -0.51437189,   -1.75696627,    3.07435933,    3.18833577,     -1.46625212], [ -200.9239088 ,   22.40602824,  -30.86620113,   28.25308943,     21.46442713,   53.28531872,  146.84643447,   16.029379  ,     17.02015455,  -27.42314018,  -10.97132682,    0.87533804,     -1.24464218], [  280.27505988,    9.46653467,    3.18140224,  -15.88020385,    -11.67827267,    2.94806657,   16.029379  ,   93.54766915,     21.29039376,   11.65935461,   12.12066376,    4.30042617,     -8.92134553], [   74.9640726 ,    6.29921983,  -11.10063782,   16.03763925,     17.8844972 ,   -0.51437189,   17.02015455,   21.29039376,     90.52572812,   30.63916057,    2.28451355,   -0.95564339,      1.83770412], [  247.38244121,   25.77332692,   26.78817169,  -44.30117519,     -9.46273644,   -1.75696627,  -27.42314018,   11.65935461,     30.63916057,  103.88890172,   33.58514546,    4.89231718,    -10.39909385], [   26.77118129,  -15.46422579,   52.57481029,  -40.66074696,    -21.66026192,    3.07435933,  -10.97132682,   12.12066376,      2.28451355,   33.58514546,   84.90464875,   29.62148378,     -6.97556412], [    5.63221392,    6.34864923,   39.1622915 ,  -10.04094577,      1.93750329,    3.18833577,    0.87533804,    4.30042617,     -0.95564339,    4.89231718,   29.62148378,   76.4361517 ,     23.69208614], [ -137.23566766,   21.27726402,   22.17347802,   50.40026365,     34.63914507,   -1.46625212,   -1.24464218,   -8.92134553,      1.83770412,  -10.39909385,   -6.97556412,   23.69208614,     78.23060774]]
/root/sim/music/out/斉藤和義/歌うたい25_SINGLES_BEST_2008～2017_[Disc_2]/2-14_幸福な朝食_退屈な夕食.mp3; [-524.81055   ,  97.2024    ,   6.673528  ,  33.339855  ,  -0.18588026,    5.986679  ,  -4.466381  ,   2.665111  ,  -2.95562   ,   0.01372468,   -6.1154346 ,  -3.4038982 ,  -4.328635  ]; [[15358.65985125,  -32.61872955, -234.45033073,   -4.53869968,   -462.98375793,   32.97433302, -139.04052261,    8.67718068,   -110.56164261,   29.3834632 ,  -58.99493627,   -9.3734046 ,    -48.95403575], [  -32.61872955,  902.27458131, -127.07833923,  -42.79484858,     36.59384467,  -65.67807602,  -51.92984814,  -29.51390502,     -1.02215285,  -17.96922899,  -20.1878142 ,  -13.7788904 ,    -11.73919568], [ -234.45033073, -127.07833923,  407.90924391,   63.91145252,     50.92591217,   58.1820781 ,   29.1721607 ,    9.77449928,     -1.23866257,   -5.57742723,    8.3703976 ,   17.31500909,     13.3479842 ], [   -4.53869968,  -42.79484858,   63.91145252,  254.15876877,     61.8989128 ,   51.97217999,   53.09611164,   39.70877048,     29.19843331,   18.59548693,   -7.70907105,  -16.43931688,      8.36579414], [ -462.98375793,   36.59384467,   50.92591217,   61.8989128 ,    169.4015769 ,   51.18780064,   37.05671147,   24.77294867,     33.0998036 ,   13.01039649,    7.44727433,    6.06675447,      6.95778582], [   32.97433302,  -65.67807602,   58.1820781 ,   51.97217999,     51.18780064,  115.14212341,   76.44589869,   29.81140008,     13.08361968,    9.49823265,   16.88373677,    9.59694304,      7.26162766], [ -139.04052261,  -51.92984814,   29.1721607 ,   53.09611164,     37.05671147,   76.44589869,  143.73169418,   67.72586709,     29.29892859,   12.09213329,   23.79100776,    8.61227155,      7.60708059], [    8.67718068,  -29.51390502,    9.77449928,   39.70877048,     24.77294867,   29.81140008,   67.72586709,  100.82408946,     48.42213844,   25.73717218,    9.79056291,    3.496426  ,      4.08212568], [ -110.56164261,   -1.02215285,   -1.23866257,   29.19843331,     33.0998036 ,   13.08361968,   29.29892859,   48.42213844,     89.50639491,   41.8984518 ,   12.08082259,   -2.18203167,      1.99792194], [   29.3834632 ,  -17.96922899,   -5.57742723,   18.59548693,     13.01039649,    9.49823265,   12.09213329,   25.73717218,     41.8984518 ,   77.99354735,   29.41397114,    3.41595273,      1.55434223], [  -58.99493627,  -20.1878142 ,    8.3703976 ,   -7.70907105,      7.44727433,   16.88373677,   23.79100776,    9.79056291,     12.08082259,   29.41397114,   70.66408011,   37.40981492,      9.07597427], [   -9.3734046 ,  -13.7788904 ,   17.31500909,  -16.43931688,      6.06675447,    9.59694304,    8.61227155,    3.496426  ,     -2.18203167,    3.41595273,   37.40981492,   70.74677056,     34.8010623 ], [  -48.95403575,  -11.73919568,   13.3479842 ,    8.36579414,      6.95778582,    7.26162766,    7.60708059,    4.08212568,      1.99792194,    1.55434223,    9.07597427,   34.8010623 ,     63.88411248]]
/root/sim/music/out/斉藤和義/歌うたい25_SINGLES_BEST_2008～2017_[Disc_2]/2-05_マディウォーター.mp3; [-538.2996   , 116.77065  ,   2.2166295,  23.769947 ,   9.965691 ,    6.4529476,   3.0483682,   8.1376295,  -1.5460652,   2.4513454,    2.2722034,   1.0199388,  -1.966896 ]; [[14499.19748741,  196.4178581 ,   64.54798466,  170.30862838,    -43.70938874, -236.84594309, -227.28785117,   61.55593134,     -7.30392771,   49.67212528,  -98.6542318 ,  -54.64401026,     21.77239019], [  196.4178581 ,  885.03188037, -159.76137428,   45.23226157,     27.91056969,   26.71805124,   13.22304143,   31.84258601,    -24.96313066,  -13.14655701,    6.84737834,   -2.36424322,     -8.50925992], [   64.54798466, -159.76137428,  571.2306516 ,   77.58977288,     16.78612013,   18.04899898,  -32.76924577,   38.94096406,     57.08311918,   52.98594255,  -46.04419808,   -8.90362011,     67.13033828], [  170.30862838,   45.23226157,   77.58977288,  325.05397981,    133.91896197,   41.43742748,   18.20025293,    7.17015772,     62.98605242,   -6.41135508,  -35.6053526 ,  -23.47030293,     35.06828244], [  -43.70938874,   27.91056969,   16.78612013,  133.91896197,    266.49987848,   68.33845069,   48.93067586,    1.67994941,     32.93793044,   -8.13550053,  -20.74759956,   -8.81477788,     -9.27598677], [ -236.84594309,   26.71805124,   18.04899898,   41.43742748,     68.33845069,  110.93151162,   48.69003083,   11.64066676,      2.3045088 ,    0.95024718,    6.24586796,    1.06191312,     -8.313496  ], [ -227.28785117,   13.22304143,  -32.76924577,   18.20025293,     48.93067586,   48.69003083,  140.73750525,   22.12418747,      9.32660215,  -19.03671897,   27.12604952,   19.30627134,    -17.07995192], [   61.55593134,   31.84258601,   38.94096406,    7.17015772,      1.67994941,   11.64066676,   22.12418747,   77.39126302,     17.04926574,   15.51520776,   -4.73505143,    3.89759546,      5.77266363], [   -7.30392771,  -24.96313066,   57.08311918,   62.98605242,     32.93793044,    2.3045088 ,    9.32660215,   17.04926574,    100.72297328,   31.89441696,   -6.16532531,  -10.78893591,     25.74219748], [   49.67212528,  -13.14655701,   52.98594255,   -6.41135508,     -8.13550053,    0.95024718,  -19.03671897,   15.51520776,     31.89441696,   76.14263314,   14.46045138,   -3.44897073,      4.56576549], [  -98.6542318 ,    6.84737834,  -46.04419808,  -35.6053526 ,    -20.74759956,    6.24586796,   27.12604952,   -4.73505143,     -6.16532531,   14.46045138,   73.02864636,   28.84518394,    -15.89263026], [  -54.64401026,   -2.36424322,   -8.90362011,  -23.47030293,     -8.81477788,    1.06191312,   19.30627134,    3.89759546,    -10.78893591,   -3.44897073,   28.84518394,   54.24893485,      9.70335048], [   21.77239019,   -8.50925992,   67.13033828,   35.06828244,     -9.27598677,   -8.313496  ,  -17.07995192,    5.77266363,     25.74219748,    4.56576549,  -15.89263026,    9.70335048,     78.05901466]]
/root/sim/music/out/斉藤和義/歌うたい25_SINGLES_BEST_2008～2017_[Disc_2]/2-04_傷口.mp3; [-553.455     , 148.94917   ,  -7.179617  ,  35.202045  ,  11.020176  ,    7.1200624 ,  -1.0971072 ,   4.0399    ,  -0.51016885,   1.6203935 ,   -1.7047004 ,  -1.1744994 ,  -1.7711582 ]; [[10257.52004952, -234.43199047,  -36.88265802, -277.4597549 ,   -221.96395287, -146.3481709 , -275.66233599,  -32.92971358,   -145.93009641,   46.41142769,  -60.36018029,  -28.45752324,    -77.50509066], [ -234.43199047, 1254.0553305 , -387.66957301,  216.85452982,     17.52834548,   39.23962661,   91.71903298,    0.97358587,     46.61428483,   18.96464569,   11.08969921,   -0.61046207,     18.95300476], [  -36.88265802, -387.66957301,  690.20918938, -118.33532535,     23.56537135,   24.85814984,  -88.52838791,   16.69995332,    -44.42453097,   -5.52335927,    7.40714454,   14.43922373,     -9.96586684], [ -277.4597549 ,  216.85452982, -118.33532535,  286.59684831,     71.77559363,   37.0261621 ,   52.2714873 ,    1.35941926,     41.76772537,  -20.48855864,   -4.92585201,  -12.38416869,      8.17517594], [ -221.96395287,   17.52834548,   23.56537135,   71.77559363,    137.11120738,   28.97415802,   32.63346388,    0.90855823,     17.19836926,   -0.54655751,   -6.58200597,   -0.97450722,      4.50836341], [ -146.3481709 ,   39.23962661,   24.85814984,   37.0261621 ,     28.97415802,  110.40319905,   49.91911564,    7.69191818,      7.65714007,    3.17995752,   12.44882363,   -3.37160822,      0.33036911], [ -275.66233599,   91.71903298,  -88.52838791,   52.2714873 ,     32.63346388,   49.91911564,  144.37228597,   13.18523366,     28.07978089,  -14.47838826,   16.98269641,   -0.59239006,      3.94206001], [  -32.92971358,    0.97358587,   16.69995332,    1.35941926,      0.90855823,    7.69191818,   13.18523366,   88.47864515,     10.22919469,   15.59299538,   -1.4929363 ,   17.89035046,      2.39454978], [ -145.93009641,   46.61428483,  -44.42453097,   41.76772537,     17.19836926,    7.65714007,   28.07978089,   10.22919469,     71.37055407,   13.14784124,    4.6920366 ,   -6.30782028,      5.37943857], [   46.41142769,   18.96464569,   -5.52335927,  -20.48855864,     -0.54655751,    3.17995752,  -14.47838826,   15.59299538,     13.14784124,   84.10766083,   17.16237316,   11.19456434,     -3.28013794], [  -60.36018029,   11.08969921,    7.40714454,   -4.92585201,     -6.58200597,   12.44882363,   16.98269641,   -1.4929363 ,      4.6920366 ,   17.16237316,   59.60239476,   17.07676772,     -2.21603985], [  -28.45752324,   -0.61046207,   14.43922373,  -12.38416869,     -0.97450722,   -3.37160822,   -0.59239006,   17.89035046,     -6.30782028,   11.19456434,   17.07676772,   55.12576898,     15.10979002], [  -77.50509066,   18.95300476,   -9.96586684,    8.17517594,      4.50836341,    0.33036911,    3.94206001,    2.39454978,      5.37943857,   -3.28013794,   -2.21603985,   15.10979002,     50.67880102]]
/root/sim/music/out/斉藤和義/歌うたい25_SINGLES_BEST_2008～2017_[Disc_2]/2-03_攻めていこーぜ!.mp3; [-514.3214    , 126.95691   ,   5.5767    ,  24.118303  ,   4.9874663 ,    2.8377829 ,   1.0860193 ,  12.929124  ,  -0.8209347 ,   1.7219071 ,   -0.69394594,   2.5745168 ,  -0.8410003 ]; [[10780.26041595,  488.77624236, -247.09641832,   48.092403  ,     13.28573019,  -63.6010315 ,  -37.07804936,   40.99195736,    -96.91923457,   -1.77777944, -100.47569775,   85.75168824,   -135.30730486], [  488.77624236,  666.90749787,  -47.97871335,   19.76816201,      7.04123056,   -1.93515786,   32.78831276,   33.07158007,      6.35634506,    7.59658495,   27.40974389,    2.10641564,     15.16976057], [ -247.09641832,  -47.97871335,  291.92466348,   14.16697986,     -3.17047714,   27.35862911,  -20.38289481,   12.96759829,      2.31610814,   -1.73779863,   -7.10071661,    6.23752218,     37.73638021], [   48.092403  ,   19.76816201,   14.16697986,  191.86144562,     60.29702503,   -4.42272692,   -5.51616633,    3.61032191,      7.55970989,  -21.76452697,   -9.13857945,   -5.90617769,     28.12014716], [   13.28573019,    7.04123056,   -3.17047714,   60.29702503,    115.35488353,   14.65392161,   12.4306475 ,    1.80942707,      6.48384371,    0.65764198,   -7.29884644,    7.82004042,      7.87979245], [  -63.6010315 ,   -1.93515786,   27.35862911,   -4.42272692,     14.65392161,   91.01559642,   35.33610333,   13.73202295,      7.00597627,    3.92430824,   11.8673344 ,   -8.91980254,     -5.17689085], [  -37.07804936,   32.78831276,  -20.38289481,   -5.51616633,     12.4306475 ,   35.33610333,  109.27143255,   30.50095877,      8.68520394,   -8.307014  ,   17.59893681,    3.43727966,     -4.52213432], [   40.99195736,   33.07158007,   12.96759829,    3.61032191,      1.80942707,   13.73202295,   30.50095877,   70.93543156,     16.18744893,    2.99720964,   -0.19275437,    1.72460951,      2.93946428], [  -96.91923457,    6.35634506,    2.31610814,    7.55970989,      6.48384371,    7.00597627,    8.68520394,   16.18744893,     63.92655164,   25.56625474,    8.33096633,   -9.0981006 ,      2.99457715], [   -1.77777944,    7.59658495,   -1.73779863,  -21.76452697,      0.65764198,    3.92430824,   -8.307014  ,    2.99720964,     25.56625474,   67.37601614,   22.15402705,    0.54997518,    -10.51887401], [ -100.47569775,   27.40974389,   -7.10071661,   -9.13857945,     -7.29884644,   11.8673344 ,   17.59893681,   -0.19275437,      8.33096633,   22.15402705,   57.72598784,   10.22747639,     -1.64258614], [   85.75168824,    2.10641564,    6.23752218,   -5.90617769,      7.82004042,   -8.91980254,    3.43727966,    1.72460951,     -9.0981006 ,    0.54997518,   10.22747639,   59.49292095,     19.17693777], [ -135.30730486,   15.16976057,   37.73638021,   28.12014716,      7.87979245,   -5.17689085,   -4.52213432,    2.93946428,      2.99457715,  -10.51887401,   -1.64258614,   19.17693777,     59.09110074]]
/root/sim/music/out/斉藤和義/歌うたい25_SINGLES_BEST_2008～2017_[Disc_2]/2-10_I'm_a_Dreamer.mp3; [-559.82227  , 136.92563  ,  13.930185 ,   9.60398  ,   1.5194699,    7.595896 ,   4.7785273,   8.321031 ,   1.2571027,   5.1426744,   -1.0202223,  -2.7944295,  -2.809248 ]; [[20533.31928486, -492.5571862 ,  113.02136214,  -95.15086784,     77.758297  ,  549.34294304,  319.28867472,  414.95668648,     73.17884938,  202.09100074,  115.74115566,  145.24397656,     41.39226125], [ -492.5571862 , 1696.68748352, -297.7060203 ,  -43.49322062,     -9.95581021,  -40.17865477,  -14.9303131 ,  -34.25895289,      8.59811162,  -32.7750351 ,  -88.2299439 ,  -88.92667453,    -52.0335526 ], [  113.02136214, -297.7060203 ,  627.54107711,  108.88029743,    110.43141987,   75.71746031,   10.03242532,   54.36881627,     20.56032517,   49.15103261,   45.19202175,   38.92326061,     15.62927454], [  -95.15086784,  -43.49322062,  108.88029743,  353.55093712,     88.52032674,   40.87120775,    6.14718442,   21.92167839,     15.69591025,   15.1416695 ,   30.04995863,    5.3752643 ,     22.72134068], [   77.758297  ,   -9.95581021,  110.43141987,   88.52032674,    203.49022204,  117.17314593,   39.52223856,   36.44922041,     38.13033371,   26.58858071,    6.09359043,   10.97296129,      9.73493908], [  549.34294304,  -40.17865477,   75.71746031,   40.87120775,    117.17314593,  240.44043956,   85.96741841,   57.46094741,     54.62666324,   20.69139614,   17.04847242,   24.88239414,     10.04988984], [  319.28867472,  -14.9303131 ,   10.03242532,    6.14718442,     39.52223856,   85.96741841,  124.19454195,   55.07973039,     19.3008245 ,    7.20575776,   19.47392071,   11.67648568,      3.68383974], [  414.95668648,  -34.25895289,   54.36881627,   21.92167839,     36.44922041,   57.46094741,   55.07973039,   98.42102068,     34.03575244,   23.29293146,   18.75161957,   13.25877957,      3.3386331 ], [   73.17884938,    8.59811162,   20.56032517,   15.69591025,     38.13033371,   54.62666324,   19.3008245 ,   34.03575244,    102.69008945,   34.12777806,    8.91925914,    6.88305095,      6.10132993], [  202.09100074,  -32.7750351 ,   49.15103261,   15.1416695 ,     26.58858071,   20.69139614,    7.20575776,   23.29293146,     34.12777806,   78.50181446,   36.99536113,   10.4128676 ,     -2.48765399], [  115.74115566,  -88.2299439 ,   45.19202175,   30.04995863,      6.09359043,   17.04847242,   19.47392071,   18.75161957,      8.91925914,   36.99536113,   86.63529876,   36.81870372,      8.16302776], [  145.24397656,  -88.92667453,   38.92326061,    5.3752643 ,     10.97296129,   24.88239414,   11.67648568,   13.25877957,      6.88305095,   10.4128676 ,   36.81870372,   71.52162281,     26.41137442], [   41.39226125,  -52.0335526 ,   15.62927454,   22.72134068,      9.73493908,   10.04988984,    3.68383974,    3.3386331 ,      6.10132993,   -2.48765399,    8.16302776,   26.41137442,     69.36218369]]
