/root/sim/music/out/尾崎豊/誕生_[Disc_2]/2-05_COLD_JAIL_NIGHT.mp3; [-586.1539   ,  95.7088   ,  -8.772711 ,  22.507994 ,  12.106173 ,    4.795691 ,   6.2581596,   6.797812 ,  -3.628023 ,  -3.1605332,    1.6630615,  -2.0687647,  -6.3309407]; [[12909.17791592,   49.69425411, -539.51578171,  -96.83716609,   -127.19822247, -167.30450961,  -69.18593058,  -40.32310695,     17.79733054,    4.06703527,   28.92625667,   17.10928106,    -61.87276657], [   49.69425411,  674.5395241 , -109.92274152,   81.58372696,      5.58805305,  -23.14941229,   10.79736883,   22.66387945,    -24.81075712,    1.14195404,   28.42207548,   23.16271313,    -14.46180927], [ -539.51578171, -109.92274152,  730.36551131,  102.65085675,    147.65855054,   23.65621519,  -96.92353734,  -27.95783185,    -23.37591842,  -36.5912276 ,  -27.64559382,  -64.58323988,     43.28171242], [  -96.83716609,   81.58372696,  102.65085675,  232.5370849 ,     82.2127816 ,    4.53396409,  -41.33665754,   -2.22958237,      6.45765009,   -7.47144432,   -5.88142199,  -25.00142097,      1.04095867], [ -127.19822247,    5.58805305,  147.65855054,   82.2127816 ,    171.55497118,   25.30768012,  -47.68816971,  -21.82415857,      9.53673301,   -9.2586917 ,  -15.58119225,  -38.41178932,      6.29733419], [ -167.30450961,  -23.14941229,   23.65621519,    4.53396409,     25.30768012,  110.51705484,   39.82355236,    4.44884771,      3.41531463,   -2.91268035,  -10.25644754,   -4.21763486,      1.40278163], [  -69.18593058,   10.79736883,  -96.92353734,  -41.33665754,    -47.68816971,   39.82355236,  148.10265942,   39.25608492,     -1.68694173,   10.24043933,    5.83281158,   22.64342572,    -14.88090454], [  -40.32310695,   22.66387945,  -27.95783185,   -2.22958237,    -21.82415857,    4.44884771,   39.25608492,   93.31854134,     16.50692563,   11.94116   ,    8.76812127,   -1.6830341 ,     -0.57012358], [   17.79733054,  -24.81075712,  -23.37591842,    6.45765009,      9.53673301,    3.41531463,   -1.68694173,   16.50692563,     94.37084742,   21.13033186,   -7.04934463,   -1.53187251,    -10.29847267], [    4.06703527,    1.14195404,  -36.5912276 ,   -7.47144432,     -9.2586917 ,   -2.91268035,   10.24043933,   11.94116   ,     21.13033186,   83.64033109,   22.94991578,    6.00870225,     -6.68955519], [   28.92625667,   28.42207548,  -27.64559382,   -5.88142199,    -15.58119225,  -10.25644754,    5.83281158,    8.76812127,     -7.04934463,   22.94991578,   68.34404792,   23.47894748,     -1.92788734], [   17.10928106,   23.16271313,  -64.58323988,  -25.00142097,    -38.41178932,   -4.21763486,   22.64342572,   -1.6830341 ,     -1.53187251,    6.00870225,   23.47894748,   79.58088004,     14.43709852], [  -61.87276657,  -14.46180927,   43.28171242,    1.04095867,      6.29733419,    1.40278163,  -14.88090454,   -0.57012358,    -10.29847267,   -6.68955519,   -1.92788734,   14.43709852,     66.78613562]]
/root/sim/music/out/尾崎豊/誕生_[Disc_2]/2-08_きっと忘れない.mp3; [-592.3223    ,  87.56191   ,   6.160209  ,  26.222012  ,  12.517055  ,    6.21051   ,  -3.2226503 ,   3.3534784 ,  -5.8598175 ,  -3.6027522 ,   -0.71121407,  -4.382842  ,  -0.38840324]; [[12311.2808026 , -162.90252695,  -97.84133769,  116.67876508,    -58.01416303,  -38.66361863,  -55.07587744,  104.63985063,      9.73032661,   65.52474385,   53.24566785,  -90.84097987,    -57.6598451 ], [ -162.90252695,  665.32295937, -191.28036225,  -44.82106046,     37.52149234,   -4.71511654,   47.03010198,   45.41952658,    -21.82778133,   17.5538318 ,    6.49250009,   -0.08619185,      5.54209094], [  -97.84133769, -191.28036225,  467.63219005,   92.5987731 ,     20.00947987,   60.48662433,    8.63776251,  -44.12529072,     29.77413327,  -45.31186231,   -9.36385859,   24.36859443,      7.40229738], [  116.67876508,  -44.82106046,   92.5987731 ,  209.02807795,     62.38788095,    4.11934195,   -6.03007501,   -3.5302461 ,     14.74843246,  -29.58458345,  -13.52923367,    5.26553414,     19.97058433], [  -58.01416303,   37.52149234,   20.00947987,   62.38788095,    145.48498637,   29.17610799,    0.00033658,   -5.27322046,     18.97365269,  -11.66206331,   -8.47669018,   -8.99696162,      7.66438633], [  -38.66361863,   -4.71511654,   60.48662433,    4.11934195,     29.17610799,  122.20628933,   37.33504066,  -19.72757948,     12.84493176,   -7.73850913,   -4.81262331,    9.15389548,      2.73229861], [  -55.07587744,   47.03010198,    8.63776251,   -6.03007501,      0.00033658,   37.33504066,  154.27023904,   43.77735382,      4.77371586,   21.25205169,   -1.48000951,   -3.29620624,    -15.73268875], [  104.63985063,   45.41952658,  -44.12529072,   -3.5302461 ,     -5.27322046,  -19.72757948,   43.77735382,  105.27061417,     11.84074995,   21.73531874,    3.79400188,  -13.38459539,     -6.1862732 ], [    9.73032661,  -21.82778133,   29.77413327,   14.74843246,     18.97365269,   12.84493176,    4.77371586,   11.84074995,     97.76441763,   21.44687056,  -11.20972601,    6.03797766,     -7.26768962], [   65.52474385,   17.5538318 ,  -45.31186231,  -29.58458345,    -11.66206331,   -7.73850913,   21.25205169,   21.73531874,     21.44687056,   90.31520394,   23.50120187,   -8.23481967,    -20.9307565 ], [   53.24566785,    6.49250009,   -9.36385859,  -13.52923367,     -8.47669018,   -4.81262331,   -1.48000951,    3.79400188,    -11.20972601,   23.50120187,   60.64767379,   10.94107515,    -10.29565793], [  -90.84097987,   -0.08619185,   24.36859443,    5.26553414,     -8.99696162,    9.15389548,   -3.29620624,  -13.38459539,      6.03797766,   -8.23481967,   10.94107515,   69.72878483,     19.25256963], [  -57.6598451 ,    5.54209094,    7.40229738,   19.97058433,      7.66438633,    2.73229861,  -15.73268875,   -6.1862732 ,     -7.26768962,  -20.9307565 ,  -10.29565793,   19.25256963,     70.91931743]]
/root/sim/music/out/尾崎豊/誕生_[Disc_2]/2-03_虹.mp3; [-663.2488    , 124.637184  ,   3.5934327 ,  24.75406   ,   5.744008  ,   -6.1176686 ,  -2.595967  ,  -0.06799315,  -7.249455  ,   5.568933  ,   -1.594523  ,  -2.508811  ,   0.05700895]; [[12784.92847935, -462.24859762, -673.26481615,    8.42155032,   -164.87920112, -154.09867624,   -8.47450703,   73.75395472,    -51.79054286,   92.83186238,   24.16448579,   19.18520976,    -16.34855201], [ -462.24859762, 1290.99668155,   57.91603845,  164.78881972,    121.29232475,   64.83873472,  112.47719802,   64.93921895,    -57.76098413,   10.08799301,   -6.75796408,    2.44714616,     17.33090776], [ -673.26481615,   57.91603845,  968.59494995,   29.60898015,    186.31630294,  160.57300964,   19.33812734,   88.87353188,   -100.67057072, -149.03495716,   -5.86389632,  -38.17668703,    -60.21153272], [    8.42155032,  164.78881972,   29.60898015,  337.07462451,    107.8652229 ,   78.76601711,   -1.09491853,  -15.72028636,    101.68493743,  -10.48291807,  -15.74642251,   21.66201117,     29.39570668], [ -164.87920112,  121.29232475,  186.31630294,  107.8652229 ,    266.11689288,   97.50818316,   17.15033782,   31.55386322,     15.14060104,  -18.59365328,   -5.04541499,  -11.17615519,     -5.09449315], [ -154.09867624,   64.83873472,  160.57300964,   78.76601711,     97.50818316,  210.96405118,   65.41513426,   17.38008565,     21.75232128,  -47.44770066,  -10.237527  ,    8.84482802,     -4.97173668], [   -8.47450703,  112.47719802,   19.33812734,   -1.09491853,     17.15033782,   65.41513426,  232.64537575,   68.71581376,    -43.77717124,   32.63776216,   15.76613832,   12.24114892,     -3.13157768], [   73.75395472,   64.93921895,   88.87353188,  -15.72028636,     31.55386322,   17.38008565,   68.71581376,  152.69812313,    -33.86400413,   22.65306245,   30.47414072,   -7.72365509,     -6.72467313], [  -51.79054286,  -57.76098413, -100.67057072,  101.68493743,     15.14060104,   21.75232128,  -43.77717124,  -33.86400413,    233.087148  ,   53.8299413 ,    3.5069036 ,   46.75457689,     37.21980647], [   92.83186238,   10.08799301, -149.03495716,  -10.48291807,    -18.59365328,  -47.44770066,   32.63776216,   22.65306245,     53.8299413 ,  175.58172617,   45.34798621,   34.00089058,      7.78499793], [   24.16448579,   -6.75796408,   -5.86389632,  -15.74642251,     -5.04541499,  -10.237527  ,   15.76613832,   30.47414072,      3.5069036 ,   45.34798621,   91.08012471,   29.03182783,     11.45446537], [   19.18520976,    2.44714616,  -38.17668703,   21.66201117,    -11.17615519,    8.84482802,   12.24114892,   -7.72365509,     46.75457689,   34.00089058,   29.03182783,   95.02081889,     37.25592135], [  -16.34855201,   17.33090776,  -60.21153272,   29.39570668,     -5.09449315,   -4.97173668,   -3.13157768,   -6.72467313,     37.21980647,    7.78499793,   11.45446537,   37.25592135,     96.68127315]]
/root/sim/music/out/尾崎豊/誕生_[Disc_2]/2-09_MARRIAGE.mp3; [-615.56335  , 102.489075 ,   6.9877195,  21.913134 ,   2.0029821,    5.035285 ,  -0.7819054,   5.007028 ,  -9.031795 ,   0.7624521,    2.445588 ,  -1.7193863,  -0.0459931]; [[11766.3841364 ,  -31.64355063, -290.57527695,  -13.13175819,    -63.0220848 ,  -27.43464183,  -47.56393236,   67.89283528,    -56.31429321,   94.58010296,   77.03705287,  -53.1686824 ,    -10.00675586], [  -31.64355063,  815.95248633, -122.90173985,   64.91149984,     -4.22237611,   18.05018444,   97.97362928,   73.70314131,    -22.66112052,   73.59553425,   34.66202058,    2.60052517,    -13.47322561], [ -290.57527695, -122.90173985,  432.22007919,   43.91243795,     50.66247637,   40.65277943,   -5.72349798,  -24.22441432,     26.15468436,  -61.43011355,   -0.37524419,   51.70114402,     32.77533937], [  -13.13175819,   64.91149984,   43.91243795,  271.39157337,     80.96392744,    9.42727288,  -30.48464439,    6.71719662,     62.48906352,   -9.9029576 ,  -25.67656255,    4.89459517,     18.72427586], [  -63.0220848 ,   -4.22237611,   50.66247637,   80.96392744,    191.83256405,   27.25605979,  -29.26292379,   -2.7964583 ,     54.63013784,   -3.28785356,   -1.31873639,   -4.98116171,     27.16684725], [  -27.43464183,   18.05018444,   40.65277943,    9.42727288,     27.25605979,  154.42350552,   31.31690587,  -10.38271709,     34.25763286,   -8.15075932,  -18.57795641,   16.48156027,      5.80633338], [  -47.56393236,   97.97362928,   -5.72349798,  -30.48464439,    -29.26292379,   31.31690587,  197.12084582,   68.83876353,    -37.43510679,   39.95322081,   31.72047675,   -0.10999407,    -17.44764234], [   67.89283528,   73.70314131,  -24.22441432,    6.71719662,     -2.7964583 ,  -10.38271709,   68.83876353,  124.6969973 ,     -2.59173804,   28.98588281,   34.38367434,   -7.50655318,     -2.09534127], [  -56.31429321,  -22.66112052,   26.15468436,   62.48906352,     54.63013784,   34.25763286,  -37.43510679,   -2.59173804,    150.05831367,   22.7130542 ,  -27.33500142,    8.79008707,     11.65025748], [   94.58010296,   73.59553425,  -61.43011355,   -9.9029576 ,     -3.28785356,   -8.15075932,   39.95322081,   28.98588281,     22.7130542 ,  131.73135819,   47.91366751,   -1.56531518,    -24.47587431], [   77.03705287,   34.66202058,   -0.37524419,  -25.67656255,     -1.31873639,  -18.57795641,   31.72047675,   34.38367434,    -27.33500142,   47.91366751,  114.76448105,   23.18041603,     -6.45021492], [  -53.1686824 ,    2.60052517,   51.70114402,    4.89459517,     -4.98116171,   16.48156027,   -0.10999407,   -7.50655318,      8.79008707,   -1.56531518,   23.18041603,   92.10738848,     33.25455287], [  -10.00675586,  -13.47322561,   32.77533937,   18.72427586,     27.16684725,    5.80633338,  -17.44764234,   -2.09534127,     11.65025748,  -24.47587431,   -6.45021492,   33.25455287,     80.9410972 ]]
/root/sim/music/out/尾崎豊/誕生_[Disc_2]/2-01_FIRE.mp3; [-574.1939    ,  98.66634   ,  -0.6483764 ,  23.895088  ,   9.98529   ,    1.9720267 ,   5.0599318 ,  10.017114  ,   3.3747773 ,   2.8897069 ,    5.5530643 ,   5.2997007 ,  -0.68760794]; [[8297.66357007, 229.71803769, -98.13045442,  57.75777959,  93.19705772,    55.88570567, -25.89542614,  10.27026168,-125.65868892,  -4.14266559,   -38.65585139, -68.13918102, -46.08113899], [ 229.71803769, 648.77506537,-289.22383823, 117.67608038,  28.14544769,   -19.79271972,  58.23408178,  34.68311953,  17.76040418, -18.31989916,    26.16081885,  48.69288372, -20.69835699], [ -98.13045442,-289.22383823, 460.50149489, -17.69509122,  18.87118387,    35.27395563, -22.77887331,  -6.87913261,   3.12374919,   1.33307884,   -10.30336242,  -7.92065124,  44.58337952], [  57.75777959, 117.67608038, -17.69509122, 295.29216933, 109.30050769,    -2.64150345, -20.99215213,  28.02117047,  52.24888321, -22.16684377,    -2.80643565,  16.76202839,  11.71274258], [  93.19705772,  28.14544769,  18.87118387, 109.30050769, 168.82489574,    29.25962735,   4.83418214,   9.99132247,  31.47946873,   2.75282263,    -6.05562892,   1.04991011,  12.97157603], [  55.88570567, -19.79271972,  35.27395563,  -2.64150345,  29.25962735,   108.36914622,  56.59020737,   3.52844676,  -9.66489855,  14.04823825,    -1.78726931, -10.06839576,   0.05445837], [ -25.89542614,  58.23408178, -22.77887331, -20.99215213,   4.83418214,    56.59020737, 167.1188545 ,  41.03449381, -12.18640871,  30.34382038,    15.16014853,   3.98181677,  -1.22496958], [  10.27026168,  34.68311953,  -6.87913261,  28.02117047,   9.99132247,     3.52844676,  41.03449381,  84.82514562,  25.40360218,   7.29303755,    11.84544987,   9.79484238,   4.46152515], [-125.65868892,  17.76040418,   3.12374919,  52.24888321,  31.47946873,    -9.66489855, -12.18640871,  25.40360218,  99.6609803 ,  17.39254219,     5.83215162,   6.63085781,  -1.6028244 ], [  -4.14266559, -18.31989916,   1.33307884, -22.16684377,   2.75282263,    14.04823825,  30.34382038,   7.29303755,  17.39254219,  94.39795721,    28.12803863,  -5.9156522 ,   7.40478775], [ -38.65585139,  26.16081885, -10.30336242,  -2.80643565,  -6.05562892,    -1.78726931,  15.16014853,  11.84544987,   5.83215162,  28.12803863,    74.61521562,  30.16772966,   3.24449398], [ -68.13918102,  48.69288372,  -7.92065124,  16.76202839,   1.04991011,   -10.06839576,   3.98181677,   9.79484238,   6.63085781,  -5.9156522 ,    30.16772966,  71.19348724,  20.8704135 ], [ -46.08113899, -20.69835699,  44.58337952,  11.71274258,  12.97157603,     0.05445837,  -1.22496958,   4.46152515,  -1.6028244 ,   7.40478775,     3.24449398,  20.8704135 ,  66.54728283]]
/root/sim/music/out/尾崎豊/誕生_[Disc_2]/2-02_レガリテート.mp3; [-606.40515   ,  87.18854   , -10.652432  ,  31.923101  ,  12.127307  ,    0.955655  ,  -2.631028  ,   0.8177076 ,  -2.7521844 ,  -1.7136266 ,    2.9508526 ,   0.19938914,   0.9147679 ]; [[17308.22648213, -147.91845572,  103.11478463,   92.8271233 ,      5.52965637,  106.0446658 , -187.40253862,   33.61955575,     22.25640139,   -6.01853759,  404.05746976,  180.95667803,   -110.03192796], [ -147.91845572,  817.67143431, -253.44012113,   72.16483882,     48.2490585 ,  -47.06738394,   36.6817922 ,   28.68744415,    -26.01625995,   29.52480031,   23.24891833,   26.6050451 ,     17.88431818], [  103.11478463, -253.44012113,  642.71840067,  -42.87001088,     13.45894546,   61.3225092 ,   38.49586006,   69.44514031,     39.40600266,   14.07954169,   -2.12628153,  -87.76433729,     -8.01266065], [   92.8271233 ,   72.16483882,  -42.87001088,  254.43082822,     89.79222008,   21.46954573,  -10.01622065,  -14.55136148,     48.57140439,    8.51254856,   -5.02153365,   14.27236548,     20.2817702 ], [    5.52965637,   48.2490585 ,   13.45894546,   89.79222008,    209.52717315,   38.08790329,   -9.50917547,   -8.70704336,     43.45805667,    9.24778567,   23.1308406 ,   16.20859179,     22.66925215], [  106.0446658 ,  -47.06738394,   61.3225092 ,   21.46954573,     38.08790329,  125.77276485,   35.1099369 ,    6.85087167,     18.83323591,   -5.20215246,    8.50148417,   12.33687686,     -4.56117632], [ -187.40253862,   36.6817922 ,   38.49586006,  -10.01622065,     -9.50917547,   35.1099369 ,  157.00823601,   56.09411434,     11.42434155,   32.3830383 ,    7.59923175,   -2.57292363,    -14.96213755], [   33.61955575,   28.68744415,   69.44514031,  -14.55136148,     -8.70704336,    6.85087167,   56.09411434,  121.54263962,     22.7811887 ,   16.83995231,    8.51098899,  -16.67054706,     -5.54860679], [   22.25640139,  -26.01625995,   39.40600266,   48.57140439,     43.45805667,   18.83323591,   11.42434155,   22.7811887 ,    108.03085876,   37.39448494,    6.65403905,   11.60600638,      3.95174643], [   -6.01853759,   29.52480031,   14.07954169,    8.51254856,      9.24778567,   -5.20215246,   32.3830383 ,   16.83995231,     37.39448494,  113.8589161 ,   38.12919363,   -1.0337728 ,     -6.04254101], [  404.05746976,   23.24891833,   -2.12628153,   -5.02153365,     23.1308406 ,    8.50148417,    7.59923175,    8.51098899,      6.65403905,   38.12919363,  104.53119175,   37.30290667,     -5.6262819 ], [  180.95667803,   26.6050451 ,  -87.76433729,   14.27236548,     16.20859179,   12.33687686,   -2.57292363,  -16.67054706,     11.60600638,   -1.0337728 ,   37.30290667,  114.05139963,     19.22394861], [ -110.03192796,   17.88431818,   -8.01266065,   20.2817702 ,     22.66925215,   -4.56117632,  -14.96213755,   -5.54860679,      3.95174643,   -6.04254101,   -5.6262819 ,   19.22394861,     76.14281979]]
/root/sim/music/out/尾崎豊/誕生_[Disc_2]/2-10_誕生.mp3; [-565.3195   ,  89.42436  ,  -9.0172825,  19.823185 ,   4.4486694,    2.6601365,  -5.0254073,   2.5917957,  -6.1019974,   3.5434363,    2.4764686,   1.5889835,   0.2176976]; [[10707.63571829, -760.9385597 ,  447.91977402,   -4.62354966,    115.31511314,  117.21394443,   81.67708064,  108.02560244,     15.89073841,   66.86660621,   97.75192943,   -4.71255109,     32.18452957], [ -760.9385597 ,  979.52081089, -381.75313518,  105.16618031,    -48.20446664,  -24.26799273,    0.41844618,   20.30525785,    -11.41956106,   20.21358967,    4.97456025,   12.81480645,     -0.95313881], [  447.91977402, -381.75313518,  538.37624023,  -12.95611536,     85.70989314,   21.10186434,  -19.42118618,   -6.64850688,     15.07217635,  -33.84411693,   25.8518741 ,  -30.83231235,      4.36242056], [   -4.62354966,  105.16618031,  -12.95611536,  194.87982845,     50.36717706,   28.58379052,  -17.90081415,   -2.23426978,     18.68051086,    4.23909282,   -4.19776266,  -12.91795925,      0.52726208], [  115.31511314,  -48.20446664,   85.70989314,   50.36717706,    136.88985651,   29.10626137,   -2.56846015,  -14.34638914,     16.11006889,   -8.77066851,   -5.21566112,  -23.44967891,     -5.11521234], [  117.21394443,  -24.26799273,   21.10186434,   28.58379052,     29.10626137,   99.55624242,   32.8168631 ,    9.38958352,     12.17423765,    5.03272539,   -6.74717279,    2.4579875 ,     -2.52495242], [   81.67708064,    0.41844618,  -19.42118618,  -17.90081415,     -2.56846015,   32.8168631 ,  134.15841663,   41.70163979,      3.62099757,   14.42353514,    2.62069168,   16.62850783,     -1.64814563], [  108.02560244,   20.30525785,   -6.64850688,   -2.23426978,    -14.34638914,    9.38958352,   41.70163979,   87.89113365,     10.00877071,   17.59101872,   15.18233998,    7.81850796,      7.31365819], [   15.89073841,  -11.41956106,   15.07217635,   18.68051086,     16.11006889,   12.17423765,    3.62099757,   10.00877071,     87.06343706,   23.30908233,    2.86236041,    3.72913856,      2.97799288], [   66.86660621,   20.21358967,  -33.84411693,    4.23909282,     -8.77066851,    5.03272539,   14.42353514,   17.59101872,     23.30908233,   77.87001513,   22.78513452,   15.16128526,     -1.5810086 ], [   97.75192943,    4.97456025,   25.8518741 ,   -4.19776266,     -5.21566112,   -6.74717279,    2.62069168,   15.18233998,      2.86236041,   22.78513452,   79.55716235,   20.46728333,      6.84741369], [   -4.71255109,   12.81480645,  -30.83231235,  -12.91795925,    -23.44967891,    2.4579875 ,   16.62850783,    7.81850796,      3.72913856,   15.16128526,   20.46728333,   82.23393345,     32.0863438 ], [   32.18452957,   -0.95313881,    4.36242056,    0.52726208,     -5.11521234,   -2.52495242,   -1.64814563,    7.31365819,      2.97799288,   -1.5810086 ,    6.84741369,   32.0863438 ,     68.39840546]]
/root/sim/music/out/尾崎豊/誕生_[Disc_2]/2-04_禁猟区.mp3; [-580.1169    ,  76.99234   , -11.379955  ,  24.265759  ,  19.157038  ,    4.757918  ,  -1.9484743 ,   5.450038  ,  -1.388695  ,  -3.1119077 ,   -3.2268448 ,   0.93504846,  -1.2296289 ]; [[12103.93057025,  136.88822496,  -49.22143887,  -65.61438096,     18.61399505,  -93.99996703,  -45.57508731,  -45.55290396,    -53.66993794,   49.55466414,   48.91203338,  -30.87079669,     30.44352351], [  136.88822496,  571.45141552, -248.90844044,  141.82872395,    -28.49853366,  -11.48186496,   36.05702609,   23.2877474 ,      2.22199949,   11.89021384,    9.87573111,   28.13477539,     -8.04461053], [  -49.22143887, -248.90844044,  453.24447454,  -12.87366203,     61.99592978,   -1.68539537,  -48.22717591,   22.02491352,      8.88206829,   -9.55021212,   17.53700987,  -17.63936159,     18.57763296], [  -65.61438096,  141.82872395,  -12.87366203,  182.47299278,     38.71798931,    8.3288433 ,  -13.51679516,   13.35505843,     19.56178645,   -6.49222534,  -10.74936468,   11.39334437,      9.32634833], [   18.61399505,  -28.49853366,   61.99592978,   38.71798931,    100.51468774,   19.77740943,   -8.50534297,   -3.56809529,     13.43749225,   -5.74129261,    0.53754628,   -1.49893462,      7.2784414 ], [  -93.99996703,  -11.48186496,   -1.68539537,    8.3288433 ,     19.77740943,   91.4037808 ,   31.77344802,    8.47845036,     -1.66703958,   -5.78935192,   -4.4572106 ,    6.3178859 ,     -7.65769517], [  -45.57508731,   36.05702609,  -48.22717591,  -13.51679516,     -8.50534297,   31.77344802,  114.17960193,   24.23378111,      2.45033827,    5.55041824,    2.93112894,    6.68896682,     -6.49610807], [  -45.55290396,   23.2877474 ,   22.02491352,   13.35505843,     -3.56809529,    8.47845036,   24.23378111,   77.20231744,     15.26462112,   11.12715739,    3.06012168,    1.20837457,      4.84277035], [  -53.66993794,    2.22199949,    8.88206829,   19.56178645,     13.43749225,   -1.66703958,    2.45033827,   15.26462112,     68.88400639,   18.43171645,    1.05336281,   -4.05428379,     -4.2342682 ], [   49.55466414,   11.89021384,   -9.55021212,   -6.49222534,     -5.74129261,   -5.78935192,    5.55041824,   11.12715739,     18.43171645,   77.11369789,   25.47625403,   -7.33341254,     -9.10531142], [   48.91203338,    9.87573111,   17.53700987,  -10.74936468,      0.53754628,   -4.4572106 ,    2.93112894,    3.06012168,      1.05336281,   25.47625403,   58.30912182,   14.26621193,      3.13191617], [  -30.87079669,   28.13477539,  -17.63936159,   11.39334437,     -1.49893462,    6.3178859 ,    6.68896682,    1.20837457,     -4.05428379,   -7.33341254,   14.26621193,   63.64585429,     20.97686699], [   30.44352351,   -8.04461053,   18.57763296,    9.32634833,      7.2784414 ,   -7.65769517,   -6.49610807,    4.84277035,     -4.2342682 ,   -9.10531142,    3.13191617,   20.97686699,     50.8976458 ]]
/root/sim/music/out/尾崎豊/誕生_[Disc_2]/2-07_風の迷路.mp3; [-609.0593    ,  87.877205  ,   8.5123415 ,  27.147411  ,   8.158212  ,    5.7414265 ,  -0.7706901 ,   8.776314  ,  -4.9777265 ,  -0.05012454,    1.8684251 ,  -2.9554198 ,  -3.03526   ]; [[13029.22023136, -237.60875888, -272.41130825, -177.96359319,   -110.08239533, -100.02473214,   29.28366614,   70.50107831,   -100.71752463,  -39.92683181,   14.75986045,  -33.17351204,    107.72074628], [ -237.60875888,  913.97758684, -147.7419434 ,   97.96327508,     84.94781635,   -9.66743951,   46.54769532,  104.60243359,     -5.37317153,   52.63194109,   37.93747479,    6.52648377,      8.61713858], [ -272.41130825, -147.7419434 ,  435.22113084,   86.98976254,     22.33793677,   49.68641813,  -23.09347606,  -58.32889016,     75.77154644,  -26.99662032,  -28.89089729,    7.13561654,     -2.93203112], [ -177.96359319,   97.96327508,   86.98976254,  270.1755602 ,     93.16222248,   28.04432295,  -27.03046993,    6.52033612,     58.61720571,   -1.63452676,   -3.66237066,   -6.75061087,     13.38238339], [ -110.08239533,   84.94781635,   22.33793677,   93.16222248,    169.34533558,   27.73567989,   -6.15866912,   13.62192542,     47.984538  ,    8.61528639,    8.07657774,   -7.36616667,     13.24055024], [ -100.02473214,   -9.66743951,   49.68641813,   28.04432295,     27.73567989,  134.90951135,   40.99132839,  -11.16750156,     12.37867768,    6.5380071 ,    6.36715425,   14.45197023,    -13.46798736], [   29.28366614,   46.54769532,  -23.09347606,  -27.03046993,     -6.15866912,   40.99132839,  170.82620987,   52.52497356,    -25.10512602,   22.65501495,   14.48212791,   12.17520013,     -6.7743118 ], [   70.50107831,  104.60243359,  -58.32889016,    6.52033612,     13.62192542,  -11.16750156,   52.52497356,  128.63951453,      3.83815422,   10.29451319,    9.24300284,   -6.37335879,     14.83652152], [ -100.71752463,   -5.37317153,   75.77154644,   58.61720571,     47.984538  ,   12.37867768,  -25.10512602,    3.83815422,    122.82755065,   12.97908161,   -7.90668802,    4.07332764,      1.49660539], [  -39.92683181,   52.63194109,  -26.99662032,   -1.63452676,      8.61528639,    6.5380071 ,   22.65501495,   10.29451319,     12.97908161,  101.95909108,   27.23390585,    4.83416146,    -23.26005977], [   14.75986045,   37.93747479,  -28.89089729,   -3.66237066,      8.07657774,    6.36715425,   14.48212791,    9.24300284,     -7.90668802,   27.23390585,   70.67118864,   14.62772341,     -3.11660399], [  -33.17351204,    6.52648377,    7.13561654,   -6.75061087,     -7.36616667,   14.45197023,   12.17520013,   -6.37335879,      4.07332764,    4.83416146,   14.62772341,   75.44619709,     18.75398415], [  107.72074628,    8.61713858,   -2.93203112,   13.38238339,     13.24055024,  -13.46798736,   -6.7743118 ,   14.83652152,      1.49660539,  -23.26005977,   -3.11660399,   18.75398415,     80.7286574 ]]
/root/sim/music/out/尾崎豊/十七歳の地図/01_街の風景.mp3; [-619.7976    , 140.27864   ,   5.7319846 ,  27.230799  ,   0.70334256,   14.993721  ,  11.639484  ,  10.447188  ,   1.5846554 ,   7.1835427 ,    2.1432893 ,  -0.9937172 ,  -1.2029489 ]; [[11682.54929916,  432.50236787, -254.97947325,  185.72984145,    -36.11250592, -108.40558873,  121.54192279,  158.61962305,    -93.34662766,   -0.03572993,  -64.33912013, -115.79169461,    -91.63206607], [  432.50236787, 1199.03016491, -144.33559778,  -53.94698984,    -66.34417816,   40.36969257,   77.72798109,   76.50833719,    -36.77751855,   58.24443039,   36.67194119,    6.76393234,      7.63683563], [ -254.97947325, -144.33559778,  425.85801502,   34.71768053,     23.24450106,   35.00114745,   -6.92889571,  -16.50403381,     24.06279625,  -44.89283806,    5.75222417,   26.5393584 ,     30.0398529 ], [  185.72984145,  -53.94698984,   34.71768053,  339.81484046,     58.35232446,   49.48698423,  -64.57365265,   10.52787609,     40.93437487,  -30.54968629,  -19.31648748,  -11.17075871,     18.33209132], [  -36.11250592,  -66.34417816,   23.24450106,   58.35232446,    243.71706871,  -20.63833868,  -62.12620597,    0.13063169,     25.91462793,  -10.26062945,  -22.30934965,  -32.91008711,     24.37623228], [ -108.40558873,   40.36969257,   35.00114745,   49.48698423,    -20.63833868,  235.79471074,   42.53143768,  -52.21124759,     47.37216893,   13.77756327,    7.85985953,   35.22154546,    -16.06692075], [  121.54192279,   77.72798109,   -6.92889571,  -64.57365265,    -62.12620597,   42.53143768,  192.31606117,   21.21838852,    -15.80304904,   32.17014687,   26.95264489,   12.10857871,    -25.99563793], [  158.61962305,   76.50833719,  -16.50403381,   10.52787609,      0.13063169,  -52.21124759,   21.21838852,  141.36618072,     -0.29907415,    7.9588776 ,   -5.12894679,  -10.66926693,      3.88692605], [  -93.34662766,  -36.77751855,   24.06279625,   40.93437487,     25.91462793,   47.37216893,  -15.80304904,   -0.29907415,    126.55230177,   27.74745445,   -4.0389092 ,   10.48455374,     -2.0537745 ], [   -0.03572993,   58.24443039,  -44.89283806,  -30.54968629,    -10.26062945,   13.77756327,   32.17014687,    7.9588776 ,     27.74745445,  131.8468569 ,   27.39592115,    4.5516135 ,    -26.00136403], [  -64.33912013,   36.67194119,    5.75222417,  -19.31648748,    -22.30934965,    7.85985953,   26.95264489,   -5.12894679,     -4.0389092 ,   27.39592115,   94.0136423 ,   19.92718215,     -1.53761217], [ -115.79169461,    6.76393234,   26.5393584 ,  -11.17075871,    -32.91008711,   35.22154546,   12.10857871,  -10.66926693,     10.48455374,    4.5516135 ,   19.92718215,  112.41482982,     17.05419466], [  -91.63206607,    7.63683563,   30.0398529 ,   18.33209132,     24.37623228,  -16.06692075,  -25.99563793,    3.88692605,     -2.0537745 ,  -26.00136403,   -1.53761217,   17.05419466,     95.32132572]]
/root/sim/music/out/尾崎豊/十七歳の地図/05_15の夜.mp3; [-628.29913   , 115.74831   , -15.991534  ,  27.50051   ,   4.462214  ,    9.95349   ,   1.8614285 ,   4.026035  ,  -5.02636   ,   4.8125296 ,   -0.52706784,  -1.5900353 ,  -0.12686443]; [[16769.78866934,  -89.0960795 , -341.97725929,  874.32481567,    -15.19550767,  347.88128371,  215.43904985,  336.86174618,     49.69222189,   54.49909304,  -17.64831515,    3.49816447,     15.38431018], [  -89.0960795 , 1398.68612748,  175.32630247,   -5.8524736 ,     56.81339878,   40.47077376,   81.48241574,   18.55075047,    -28.21610111,   25.42871738,   18.10466305,  -20.90397125,     -6.22692203], [ -341.97725929,  175.32630247,  771.94139228,   68.98876681,     79.44075621,  103.02578356,   45.51154584,   27.64173927,     18.64096302,  -72.61204108,    2.52387618,   -8.31286543,     11.17117158], [  874.32481567,   -5.8524736 ,   68.98876681,  607.49009282,    205.41323509,  215.72544431,   -8.28349272,   64.05690042,     68.53132581,  -11.28067388,   -9.67057404,   18.68632997,     69.70677895], [  -15.19550767,   56.81339878,   79.44075621,  205.41323509,    301.47368396,  114.30183915,  -28.98021654,   19.5023694 ,     53.14296696,   -2.2892192 ,    3.01992704,    0.47471627,     39.66205854], [  347.88128371,   40.47077376,  103.02578356,  215.72544431,    114.30183915,  271.41415973,   68.13534443,   36.10039987,     54.52820373,    2.38038974,   16.63814125,   24.74375256,     23.03830333], [  215.43904985,   81.48241574,   45.51154584,   -8.28349272,    -28.98021654,   68.13534443,  209.16230686,   44.05107904,     17.33105272,   36.16462994,   11.80017298,    7.8014963 ,    -16.76603646], [  336.86174618,   18.55075047,   27.64173927,   64.05690042,     19.5023694 ,   36.10039987,   44.05107904,  128.47450938,     38.21212384,   18.87761606,    8.07406404,    6.90028021,      7.75885343], [   49.69222189,  -28.21610111,   18.64096302,   68.53132581,     53.14296696,   54.52820373,   17.33105272,   38.21212384,    159.9556277 ,   34.50643505,   12.98117527,   23.35875044,      0.73798962], [   54.49909304,   25.42871738,  -72.61204108,  -11.28067388,     -2.2892192 ,    2.38038974,   36.16462994,   18.87761606,     34.50643505,  127.09519713,   33.04804021,    8.9948315 ,    -16.19764712], [  -17.64831515,   18.10466305,    2.52387618,   -9.67057404,      3.01992704,   16.63814125,   11.80017298,    8.07406404,     12.98117527,   33.04804021,   88.56519839,   21.45630298,      1.06849726], [    3.49816447,  -20.90397125,   -8.31286543,   18.68632997,      0.47471627,   24.74375256,    7.8014963 ,    6.90028021,     23.35875044,    8.9948315 ,   21.45630298,   94.17359327,     22.04161187], [   15.38431018,   -6.22692203,   11.17117158,   69.70677895,     39.66205854,   23.03830333,  -16.76603646,    7.75885343,      0.73798962,  -16.19764712,    1.06849726,   22.04161187,    116.10864123]]
/root/sim/music/out/尾崎豊/十七歳の地図/03_I_LOVE_YOU.mp3; [-703.27814  , 160.31927  ,   3.6564598,  41.208805 ,   9.619763 ,    3.7960494,   7.2967916,  12.444149 ,  -6.6659303,   7.1802907,   -2.4024744,  -5.3329835,  -5.105711 ]; [[13846.09538451,-1221.08154689,-1176.71011831,  311.56695204,   -469.22777678, -251.67471763,  -54.76487005,  206.33207453,   -391.1335318 ,  312.21531781,  174.97799384,  213.61045706,     56.03699854], [-1221.08154689, 1672.03071872,  149.24182193,   19.47634044,    105.85292291,  127.08431811,  119.34930548,  -29.12002594,    117.98812124,    1.09220791,   33.75551115,   13.82743233,     22.40115153], [-1176.71011831,  149.24182193,  906.52859371,  239.68587481,    267.29456249,  249.04271904,   86.19950568,   27.87781572,    234.32663918,  -52.58125548,   63.73382547,   60.29605363,     86.00292334], [  311.56695204,   19.47634044,  239.68587481,  548.00172021,    225.10229062,  115.06682156,  -28.03769364,  103.65883794,    175.19214375,  -30.40847696,   70.79202012,   48.54129857,    119.84217101], [ -469.22777678,  105.85292291,  267.29456249,  225.10229062,    442.74545743,   85.58949121,  -42.64366475,   96.77298709,    120.22802697,   -7.9929826 ,   20.55605377,    2.03700941,     89.3824207 ], [ -251.67471763,  127.08431811,  249.04271904,  115.06682156,     85.58949121,  266.86559765,   92.41883421,    0.21293538,    131.60410456,   -2.66982069,   58.60005549,   49.12634718,     31.76990728], [  -54.76487005,  119.34930548,   86.19950568,  -28.03769364,    -42.64366475,   92.41883421,  345.64468345,   45.30109779,     -3.24914467,   72.0257382 ,   50.43089458,   48.5218953 ,    -32.51694572], [  206.33207453,  -29.12002594,   27.87781572,  103.65883794,     96.77298709,    0.21293538,   45.30109779,  217.34501919,     29.20493635,   22.18315287,   32.24731147,   -1.52629378,     40.10501938], [ -391.1335318 ,  117.98812124,  234.32663918,  175.19214375,    120.22802697,  131.60410456,   -3.24914467,   29.20493635,    284.25106013,   -9.34281342,   42.76591579,   40.46573847,     51.77359419], [  312.21531781,    1.09220791,  -52.58125548,  -30.40847696,     -7.9929826 ,   -2.66982069,   72.0257382 ,   22.18315287,     -9.34281342,  162.45379232,   40.18129072,   24.24371648,    -16.71509097], [  174.97799384,   33.75551115,   63.73382547,   70.79202012,     20.55605377,   58.60005549,   50.43089458,   32.24731147,     42.76591579,   40.18129072,  146.62977731,   50.99839003,     28.43998794], [  213.61045706,   13.82743233,   60.29605363,   48.54129857,      2.03700941,   49.12634718,   48.5218953 ,   -1.52629378,     40.46573847,   24.24371648,   50.99839003,  134.24794087,     39.88634971], [   56.03699854,   22.40115153,   86.00292334,  119.84217101,     89.3824207 ,   31.76990728,  -32.51694572,   40.10501938,     51.77359419,  -16.71509097,   28.43998794,   39.88634971,    136.41987739]]
/root/sim/music/out/尾崎豊/十七歳の地図/04_ハイスクール_Rock'n'Roll.mp3; [-579.9224   ,  96.896065 ,  -3.5548506,  26.901348 ,  11.006255 ,   10.76117  ,  13.357307 ,  10.002011 ,   3.938361 ,  -0.6314886,   -0.5647467,  -4.0887723,  -3.6151707]; [[16461.6027908 ,  397.27152754,  -86.20342189,  272.82764484,     42.44303772,  124.05816762,  161.20234568,   91.17729406,     95.46930538,  -52.88906205,   -5.83065311, -114.80370478,   -119.05720018], [  397.27152754, 1218.03554294, -144.34421622,  -51.91714897,    -54.64592126,  -13.92475188,  124.97088371,   67.33642136,    -58.16637699,   71.08930627,   42.82680009,    2.05234162,      4.04196997], [  -86.20342189, -144.34421622,  560.52824624,   74.99178044,     45.02742919,   67.98989512,  -41.28805664,    0.10522437,     16.94506403,  -12.82023841,   17.79883326,   15.86414163,     29.48143312], [  272.82764484,  -51.91714897,   74.99178044,  365.98310204,    150.97804684,   26.94077661,  -91.22190954,    8.17278963,     24.17313721,  -60.43479458,  -48.85729546,   16.95284302,     25.76414217], [   42.44303772,  -54.64592126,   45.02742919,  150.97804684,    213.11195872,   31.5413174 ,  -46.37115333,    9.37410981,     37.88069392,  -12.9088309 ,  -19.3632836 ,    6.80330264,     17.75039449], [  124.05816762,  -13.92475188,   67.98989512,   26.94077661,     31.5413174 ,  206.77595056,   82.56418533,   11.7614215 ,     18.70769325,   12.6882504 ,   25.09449909,  -14.69284477,    -15.89317891], [  161.20234568,  124.97088371,  -41.28805664,  -91.22190954,    -46.37115333,   82.56418533,  231.40517193,   50.30677326,     -9.8292017 ,   46.77685578,   38.60139378,  -14.78513682,    -17.79470388], [   91.17729406,   67.33642136,    0.10522437,    8.17278963,      9.37410981,   11.7614215 ,   50.30677326,  112.38483105,     37.46234758,   22.11934605,   13.91592904,   13.73463572,      4.82758988], [   95.46930538,  -58.16637699,   16.94506403,   24.17313721,     37.88069392,   18.70769325,   -9.8292017 ,   37.46234758,    120.79125086,   28.25759242,   14.45911966,    5.68629138,     -5.7884855 ], [  -52.88906205,   71.08930627,  -12.82023841,  -60.43479458,    -12.9088309 ,   12.6882504 ,   46.77685578,   22.11934605,     28.25759242,  107.13703113,   41.47879796,   -4.76051199,     -7.76879933], [   -5.83065311,   42.82680009,   17.79883326,  -48.85729546,    -19.3632836 ,   25.09449909,   38.60139378,   13.91592904,     14.45911966,   41.47879796,   91.81745153,   20.6288816 ,     -0.88361986], [ -114.80370478,    2.05234162,   15.86414163,   16.95284302,      6.80330264,  -14.69284477,  -14.78513682,   13.73463572,      5.68629138,   -4.76051199,   20.6288816 ,   89.71373426,     27.33126506], [ -119.05720018,    4.04196997,   29.48143312,   25.76414217,     17.75039449,  -15.89317891,  -17.79470388,    4.82758988,     -5.7884855 ,   -7.76879933,   -0.88361986,   27.33126506,     67.26108098]]
