/root/sim/music/out/Aerosmith/マキシマム・ヘﾞスト3/05_美獣の皮を被った悪魔.mp3; [-503.82785   ,  79.479744  ,  -2.8836124 ,  23.864452  ,   4.422991  ,   11.010398  ,   0.64224434,   5.91198   ,   6.018867  ,   6.2257047 ,    5.806366  ,   2.1711128 ,   1.773703  ]; [[13947.33513656,  600.54254485,  -24.3061178 ,  255.566397  ,     24.30760808,  194.51869198,    2.10390836,   90.65741918,     31.89419749,  115.37565512,   59.78886491,   38.81494603,     89.78456653], [  600.54254485,  410.66555201,  -42.63043619,   50.32914431,     29.72361108,    9.47734833,   42.73020859,   16.25595285,     18.72456895,    3.629918  ,   14.90919842,   -0.04159414,      9.15134575], [  -24.3061178 ,  -42.63043619,  210.58152371,    6.73177279,     -1.70599201,  -18.1540568 ,  -28.04274637,   -9.0203965 ,    -18.41125127,  -19.79560417,  -13.22849736,  -11.30877319,     -3.15396954], [  255.566397  ,   50.32914431,    6.73177279,  145.94713144,     51.54114076,   14.92559581,    5.18109581,   12.69890782,     18.05979901,    5.61101219,   -9.53988124,   14.10190536,      7.14436801], [   24.30760808,   29.72361108,   -1.70599201,   51.54114076,    129.94445747,   21.08175587,   13.72495229,   13.87237459,     14.10060853,   27.64672129,    8.2201578 ,    7.92220263,     13.86502053], [  194.51869198,    9.47734833,  -18.1540568 ,   14.92559581,     21.08175587,   97.96871887,   42.8478796 ,   18.81239704,     14.99450135,   10.75510053,   18.9456535 ,   -0.2579157 ,      9.28297775], [    2.10390836,   42.73020859,  -28.04274637,    5.18109581,     13.72495229,   42.8478796 ,  133.01134752,   55.13762233,     15.12382088,   21.28798494,   18.01725009,   16.45923182,      6.37893028], [   90.65741918,   16.25595285,   -9.0203965 ,   12.69890782,     13.87237459,   18.81239704,   55.13762233,   90.27329959,     34.87827414,   27.18640921,   11.83551438,   11.90686952,      8.9309528 ], [   31.89419749,   18.72456895,  -18.41125127,   18.05979901,     14.10060853,   14.99450135,   15.12382088,   34.87827414,     82.16083045,   33.57255711,   11.08964841,    7.3283162 ,      1.04525326], [  115.37565512,    3.629918  ,  -19.79560417,    5.61101219,     27.64672129,   10.75510053,   21.28798494,   27.18640921,     33.57255711,   82.70652478,   29.25563348,    8.46436791,      9.48213328], [   59.78886491,   14.90919842,  -13.22849736,   -9.53988124,      8.2201578 ,   18.9456535 ,   18.01725009,   11.83551438,     11.08964841,   29.25563348,   64.54060963,   15.2152212 ,      8.63268529], [   38.81494603,   -0.04159414,  -11.30877319,   14.10190536,      7.92220263,   -0.2579157 ,   16.45923182,   11.90686952,      7.3283162 ,    8.46436791,   15.2152212 ,   63.89969587,     17.96292141], [   89.78456653,    9.15134575,   -3.15396954,    7.14436801,     13.86502053,    9.28297775,    6.37893028,    8.9309528 ,      1.04525326,    9.48213328,    8.63268529,   17.96292141,     55.47204896]]
/root/sim/music/out/Aerosmith/マキシマム・ヘﾞスト3/04_ヘﾞイヒﾞー・フﾟリースﾞ・トﾞント・コﾞー.mp3; [-495.38803   ,  89.23819   ,  -1.2531565 ,  21.186954  ,   1.5811185 ,    2.2840672 ,  -2.0664537 ,   7.512107  ,   3.8199232 ,  -0.32848704,   -4.362794  ,  -0.6301672 ,  -2.0343652 ]; [[13760.6336593 ,  522.35732811,   94.38675066,  -65.44482968,    195.602563  ,  -18.96193352,  -61.50659012,   72.02393455,     24.11399066,  -79.74472856, -152.67250129,  -78.69318796,    -54.36622541], [  522.35732811,  686.16898563,  -95.91906878,   90.92756907,    -46.15636416,  -34.5906611 ,    1.90453884,   48.70936732,     14.88272545,   -5.48945246,   -0.45042007,   22.00799997,      7.35278629], [   94.38675066,  -95.91906878,  513.99703674,   28.92442412,     -2.19566044,    6.82845404,  -23.47787925,    8.957762  ,      5.83236199,  -44.56951878,   -8.31902679,    0.88702931,     19.36554591], [  -65.44482968,   90.92756907,   28.92442412,  171.95921095,     54.78989528,   31.23776933,  -11.55758282,    3.23717272,     11.74473119,   11.42859313,    4.38118199,   11.80309905,      4.21890385], [  195.602563  ,  -46.15636416,   -2.19566044,   54.78989528,    208.85875951,   84.80452943,    2.65498155,    0.06625661,     26.494246  ,   25.96373663,   13.51593793,    6.56945928,      0.01997168], [  -18.96193352,  -34.5906611 ,    6.82845404,   31.23776933,     84.80452943,  139.68111805,   27.55950646,   -2.86472857,      0.87345385,   19.1423134 ,   22.93159748,    6.4464816 ,     -4.4232421 ], [  -61.50659012,    1.90453884,  -23.47787925,  -11.55758282,      2.65498155,   27.55950646,  109.49178979,   37.90993349,      2.72361794,    9.11953694,   13.52346597,    4.42307251,      1.26489463], [   72.02393455,   48.70936732,    8.957762  ,    3.23717272,      0.06625661,   -2.86472857,   37.90993349,   91.39411463,     34.10432778,    0.65843865,   -4.85528219,   11.52089851,      7.95405304], [   24.11399066,   14.88272545,    5.83236199,   11.74473119,     26.494246  ,    0.87345385,    2.72361794,   34.10432778,     75.65424652,   26.48057796,   -6.10102481,    1.81806457,      6.62164067], [  -79.74472856,   -5.48945246,  -44.56951878,   11.42859313,     25.96373663,   19.1423134 ,    9.11953694,    0.65843865,     26.48057796,   77.76790968,   33.08949136,    6.23865734,     -4.59942677], [ -152.67250129,   -0.45042007,   -8.31902679,    4.38118199,     13.51593793,   22.93159748,   13.52346597,   -4.85528219,     -6.10102481,   33.08949136,   79.53223656,   27.65411346,     -5.29455878], [  -78.69318796,   22.00799997,    0.88702931,   11.80309905,      6.56945928,    6.4464816 ,    4.42307251,   11.52089851,      1.81806457,    6.23865734,   27.65411346,   68.73622964,     20.19964582], [  -54.36622541,    7.35278629,   19.36554591,    4.21890385,      0.01997168,   -4.4232421 ,    1.26489463,    7.95405304,      6.62164067,   -4.59942677,   -5.29455878,   20.19964582,     57.1093317 ]]
/root/sim/music/out/Aerosmith/マキシマム・ヘﾞスト3/01_支配者の女.mp3; [-569.71564   , 106.93334   , -23.48586   ,  35.559055  ,   2.0358868 ,    7.674451  ,  -8.434014  ,   5.5963297 ,  -5.8847246 ,  -0.04432788,   -4.7866287 ,  -9.549284  ,  -6.058997  ]; [[20601.31963219, -337.24627024, -582.59440891,  -73.00088555,   -129.0759175 ,  -23.28878604, -132.09685814,  135.78992489,   -231.28490329, -176.80965954,  -57.30316468, -148.44644184,    -61.77807501], [ -337.24627024, 1977.95303397, -793.22481832,  295.15271601,    -26.96050207,  -81.21099627,    5.67029376,  -26.42552515,    -66.47205681,   69.25250037,  -93.11281914,  -11.48338185,     -0.58233683], [ -582.59440891, -793.22481832, 1148.23610808,  -77.6320572 ,    100.84911705,  151.35697455,   13.38468024,   28.3564159 ,     89.09584103,  -19.76127851,   48.1856188 ,   32.10188816,     39.0286474 ], [  -73.00088555,  295.15271601,  -77.6320572 ,  510.70110787,     21.29851007,   29.91617365,  -14.50789393,   -8.99809709,    -10.02897967,   35.76751907,  -23.61058172,    4.17149838,     -2.44383969], [ -129.0759175 ,  -26.96050207,  100.84911705,   21.29851007,    184.32753569,    5.60152253,   32.72485816,    5.7584625 ,     30.85210697,   30.43579947,   21.65358636,   16.80589943,     17.17327269], [  -23.28878604,  -81.21099627,  151.35697455,   29.91617365,      5.60152253,  183.41030035,   33.02475338,    9.82117426,     16.91846032,   -1.08692054,   10.45160825,   12.99725848,     14.71504164], [ -132.09685814,    5.67029376,   13.38468024,  -14.50789393,     32.72485816,   33.02475338,  124.53992116,   32.43550209,     14.36104441,    5.97246409,   18.70337604,   17.88149342,      7.66949032], [  135.78992489,  -26.42552515,   28.3564159 ,   -8.99809709,      5.7584625 ,    9.82117426,   32.43550209,   84.69206479,     25.84497833,   14.85302765,   14.53010457,    4.64024052,      4.30136785], [ -231.28490329,  -66.47205681,   89.09584103,  -10.02897967,     30.85210697,   16.91846032,   14.36104441,   25.84497833,     92.36500327,   31.53969864,   14.38738899,    9.61790434,     14.73346523], [ -176.80965954,   69.25250037,  -19.76127851,   35.76751907,     30.43579947,   -1.08692054,    5.97246409,   14.85302765,     31.53969864,   84.0303326 ,   22.88580002,   12.77363524,     13.25663578], [  -57.30316468,  -93.11281914,   48.1856188 ,  -23.61058172,     21.65358636,   10.45160825,   18.70337604,   14.53010457,     14.38738899,   22.88580002,   78.94587248,   29.31696137,      6.54523697], [ -148.44644184,  -11.48338185,   32.10188816,    4.17149838,     16.80589943,   12.99725848,   17.88149342,    4.64024052,      9.61790434,   12.77363524,   29.31696137,   64.51064617,     23.35871177], [  -61.77807501,   -0.58233683,   39.0286474 ,   -2.44383969,     17.17327269,   14.71504164,    7.66949032,    4.30136785,     14.73346523,   13.25663578,    6.54523697,   23.35871177,     59.05432522]]
/root/sim/music/out/Aerosmith/マキシマム・ヘﾞスト3/09_テーマ・フロム・スハﾟイタﾞーマン.mp3; [-541.61444  , 104.89122  , -13.087817 ,  22.377893 ,  -3.2078044,    9.557313 ,  -2.496481 ,   5.209789 ,   2.3109136,   5.2857203,    3.4038413,   5.4675045,   2.156214 ]; [[27631.19617355,-1043.48406789, 1963.74709915,  804.18676766,    938.11515929,  313.62758442,  390.34536923,  158.92729396,    103.99836781, -294.24022698, -327.7481457 , -308.42801171,   -777.59750397], [-1043.48406789, 1277.1363863 , -511.63484787,  172.046585  ,   -206.49738423,  -32.55775244,  -53.07767353,    1.76524964,    -72.4332842 ,  -15.85640794,   -1.05019405,   31.85567558,     77.77363237], [ 1963.74709915, -511.63484787, 1163.40094926,  139.80073333,    481.8469377 ,   84.73597722,  120.45955902,   21.57574816,     84.05144557,  -30.3418965 ,  -73.86074702,  -87.35566017,   -128.28749823], [  804.18676766,  172.046585  ,  139.80073333,  358.34812873,     87.60625822,   86.07469239,   41.78169148,   60.17154538,      4.43632204,   -5.91110489,  -38.72515426,   -6.55315629,    -47.16528943], [  938.11515929, -206.49738423,  481.8469377 ,   87.60625822,    403.76472607,   71.67588461,  117.68866339,   14.53184526,     62.63532445,   -7.27002446,   -0.86338464,  -32.89026107,    -50.42015404], [  313.62758442,  -32.55775244,   84.73597722,   86.07469239,     71.67588461,  155.17595575,   50.18188833,   43.49780555,     27.12477288,   30.27681156,    0.10309598,   10.652014  ,     -9.69451637], [  390.34536923,  -53.07767353,  120.45955902,   41.78169148,    117.68866339,   50.18188833,  194.27137173,   45.60470351,     12.19502682,  -10.90799025,   21.50207806,   -3.36925761,    -11.8787704 ], [  158.92729396,    1.76524964,   21.57574816,   60.17154538,     14.53184526,   43.49780555,   45.60470351,  110.45356015,     40.97094638,   21.78777273,   -2.59869612,    7.76993371,      3.65972371], [  103.99836781,  -72.4332842 ,   84.05144557,    4.43632204,     62.63532445,   27.12477288,   12.19502682,   40.97094638,    124.87621586,   55.84891803,   16.98302842,    0.29464472,     -5.47630702], [ -294.24022698,  -15.85640794,  -30.3418965 ,   -5.91110489,     -7.27002446,   30.27681156,  -10.90799025,   21.78777273,     55.84891803,  119.79216825,   57.44965576,   21.45583139,     20.88172483], [ -327.7481457 ,   -1.05019405,  -73.86074702,  -38.72515426,     -0.86338464,    0.10309598,   21.50207806,   -2.59869612,     16.98302842,   57.44965576,  107.95366548,   41.01340038,     32.86621986], [ -308.42801171,   31.85567558,  -87.35566017,   -6.55315629,    -32.89026107,   10.652014  ,   -3.36925761,    7.76993371,      0.29464472,   21.45583139,   41.01340038,   84.82298859,     52.91741166], [ -777.59750397,   77.77363237, -128.28749823,  -47.16528943,    -50.42015404,   -9.69451637,  -11.8787704 ,    3.65972371,     -5.47630702,   20.88172483,   32.86621986,   52.91741166,    109.79208232]]
/root/sim/music/out/Aerosmith/マキシマム・ヘﾞスト3/07_トレイン・ケフﾟト・ア・ローリン.mp3; [-543.5107    ,  95.48144   , -26.682701  ,  40.9558    ,   2.9995217 ,    8.71572   ,   1.647441  ,   6.001647  ,   0.77114874,   4.6837683 ,   -2.8185325 ,  -1.661711  ,  -0.4579624 ]; [[10382.45377543, -223.89972989,  797.47829189,  286.86719903,    335.56342399,  249.35263149,  218.36397491,   41.36662263,     28.39348636,   11.51712635,  -84.35141306,   32.87533405,     90.30726645], [ -223.89972989, 1109.90204899, -423.62040629,  258.60817928,    -75.5577297 ,    8.64142111,   25.96876653,    6.9572051 ,     17.99639304,   21.19687835,  -33.4468485 ,    8.42608672,    -31.25146665], [  797.47829189, -423.62040629,  963.9435947 ,  -51.76362616,    304.73806678,   13.01811562,  -11.67155419,   61.89694677,     27.53433789,  -44.62573545,  -17.90013433,  -36.12715208,      5.93471112], [  286.86719903,  258.60817928,  -51.76362616,  329.89344358,     22.42419293,   57.27909397,  -14.49600595,  -23.7280572 ,     38.96524997,   13.40429368,  -33.11845239,   14.0267871 ,     -3.37870923], [  335.56342399,  -75.5577297 ,  304.73806678,   22.42419293,    277.42110727,    8.65028373,  -16.88910604,   27.95813267,     22.11211851,   -3.86081906,    3.04098294,   -2.71625578,     12.51763812], [  249.35263149,    8.64142111,   13.01811562,   57.27909397,      8.65028373,  121.1523639 ,   52.83849989,   -9.14614355,      0.11277031,    3.08694954,    0.69032298,   11.77136458,      1.26320136], [  218.36397491,   25.96876653,  -11.67155419,  -14.49600595,    -16.88910604,   52.83849989,  164.75497084,   19.90641078,     10.3292669 ,    7.45917147,    0.85919513,   14.9579159 ,     10.68839573], [   41.36662263,    6.9572051 ,   61.89694677,  -23.7280572 ,     27.95813267,   -9.14614355,   19.90641078,  132.27032022,     32.10577817,   11.56449643,    0.31182936,  -31.63618123,    -16.6023707 ], [   28.39348636,   17.99639304,   27.53433789,   38.96524997,     22.11211851,    0.11277031,   10.3292669 ,   32.10577817,    121.67563173,   35.3492194 ,  -18.48749364,  -17.32901733,     -9.35579475], [   11.51712635,   21.19687835,  -44.62573545,   13.40429368,     -3.86081906,    3.08694954,    7.45917147,   11.56449643,     35.3492194 ,   84.54693674,   21.2958559 ,    6.44206215,     -6.00608652], [  -84.35141306,  -33.4468485 ,  -17.90013433,  -33.11845239,      3.04098294,    0.69032298,    0.85919513,    0.31182936,    -18.48749364,   21.2958559 ,   90.51704505,   27.17368626,      6.94419972], [   32.87533405,    8.42608672,  -36.12715208,   14.0267871 ,     -2.71625578,   11.77136458,   14.9579159 ,  -31.63618123,    -17.32901733,    6.44206215,   27.17368626,   89.78332906,     42.48557402], [   90.30726645,  -31.25146665,    5.93471112,   -3.37870923,     12.51763812,    1.26320136,   10.68839573,  -16.6023707 ,     -9.35579475,   -6.00608652,    6.94419972,   42.48557402,     85.02140966]]
/root/sim/music/out/Aerosmith/マキシマム・ヘﾞスト3/03_僕を泣かせないで.mp3; [-532.888    , 134.84663  , -21.853878 ,  16.437113 ,   0.8013518,    6.349908 ,  -7.89531  ,   5.143418 ,  -1.6487488,   3.7370985,   -1.6737361,  -0.9907975,  -1.7218894]; [[13428.64368054, -746.39582319,  236.89568178,  587.28556482,     -2.5937653 ,  -44.35737087, -147.87923835,  275.18330083,    247.4527656 ,  146.91515739,  -54.19880165, -233.41015239,    -89.26363286], [ -746.39582319, 1156.45865406, -330.24397966,   -2.41850079,     28.68477167,   31.04965215,   11.1144766 ,  -33.6172616 ,    -81.61069854,  -17.2481357 ,  -14.69558623,   51.5675315 ,      6.63721408], [  236.89568178, -330.24397966,  607.48905458,  -11.89176721,    103.06794216,   83.07186649,   68.78090154,   62.7219449 ,     65.15892259,   20.56816035,   49.71353032,    3.13183181,     32.62629921], [  587.28556482,   -2.41850079,  -11.89176721,  282.62585451,     12.80891168,   16.6215407 ,   46.44295616,   36.26265599,     40.00773032,   -1.63783229,   -2.53834809,   14.72543034,     -8.11677223], [   -2.5937653 ,   28.68477167,  103.06794216,   12.80891168,    154.83991759,   44.34718182,   45.31233795,   21.89456324,     17.79104128,    6.04032309,   21.14150472,    1.28207492,     13.11287764], [  -44.35737087,   31.04965215,   83.07186649,   16.6215407 ,     44.34718182,  140.19213527,   46.47571899,   28.63633548,     13.82628857,    5.70656076,    2.43649113,   11.93108444,     -2.23961122], [ -147.87923835,   11.1144766 ,   68.78090154,   46.44295616,     45.31233795,   46.47571899,  150.6677379 ,   25.4814059 ,      7.77963814,   -5.97632483,   27.73773709,   28.89897924,     11.23588657], [  275.18330083,  -33.6172616 ,   62.7219449 ,   36.26265599,     21.89456324,   28.63633548,   25.4814059 ,   90.37257873,     41.63366095,   16.23169018,   -0.32503478,   -4.20219145,      0.36147439], [  247.4527656 ,  -81.61069854,   65.15892259,   40.00773032,     17.79104128,   13.82628857,    7.77963814,   41.63366095,    110.88748749,   29.2277969 ,    7.9787919 ,   -3.73053521,     -2.87311478], [  146.91515739,  -17.2481357 ,   20.56816035,   -1.63783229,      6.04032309,    5.70656076,   -5.97632483,   16.23169018,     29.2277969 ,   72.68598529,   19.07374174,   -1.73329402,     -1.28448189], [  -54.19880165,  -14.69558623,   49.71353032,   -2.53834809,     21.14150472,    2.43649113,   27.73773709,   -0.32503478,      7.9787919 ,   19.07374174,   75.14579213,   25.7084296 ,     10.7653932 ], [ -233.41015239,   51.5675315 ,    3.13183181,   14.72543034,      1.28207492,   11.93108444,   28.89897924,   -4.20219145,     -3.73053521,   -1.73329402,   25.7084296 ,   82.29451765,     20.30188639], [  -89.26363286,    6.63721408,   32.62629921,   -8.11677223,     13.11287764,   -2.23961122,   11.23588657,    0.36147439,     -2.87311478,   -1.28448189,   10.7653932 ,   20.30188639,     61.7600609 ]]
/root/sim/music/out/Aerosmith/Big_Ones/12_Crazy.mp3; [-531.9163    ,  98.514084  ,  -9.85895   ,  31.664799  ,   0.25491247,   11.406114  ,  -0.2116797 ,   8.911522  ,  -0.05176704,   1.7784433 ,   -0.0856729 ,  -0.5221702 ,   0.06384858]; [[13588.53697058,  -50.54743181, -185.24850442,  163.71600164,   -299.77996055,  256.61729246,  -35.84276275,  228.88083009,     24.18677219,   32.10863342, -105.65190314,    5.11735755,     42.63421598], [  -50.54743181,  671.44350123,  -78.29255595,  110.42848441,     34.10717913,  -14.07845565,   69.67391046,   13.21101195,     10.28379048,    1.86397869,   42.63755362,   -3.20391984,     -4.46758893], [ -185.24850442,  -78.29255595,  376.81539116,   10.44346322,     81.66349785,  -15.27828831,    2.2317513 ,    7.16056635,      4.19808481,   -2.49605863,  -13.80128348,   28.31146697,     13.10412913], [  163.71600164,  110.42848441,   10.44346322,  262.57819274,     43.80271461,   26.10595921,   38.09560047,   44.08070514,      8.11721622,  -14.91876144,    8.38645695,   27.82190363,     11.08722222], [ -299.77996055,   34.10717913,   81.66349785,   43.80271461,    190.97260148,    1.03928498,   17.81976505,   -7.86596309,     12.09948358,    5.9917357 ,   11.42986045,   18.93388261,      7.91242139], [  256.61729246,  -14.07845565,  -15.27828831,   26.10595921,      1.03928498,  170.54508154,   41.11584163,   34.20482051,     15.76218074,    5.70387942,    2.36518175,    0.30275855,      9.77026545], [  -35.84276275,   69.67391046,    2.2317513 ,   38.09560047,     17.81976505,   41.11584163,  159.40342093,   45.48426151,     -7.18980002,   -4.79656937,   21.68657717,    0.9683469 ,     -1.520429  ], [  228.88083009,   13.21101195,    7.16056635,   44.08070514,     -7.86596309,   34.20482051,   45.48426151,  126.29766219,     32.17019393,   11.04574133,  -14.16680965,   -1.34523835,      1.43987572], [   24.18677219,   10.28379048,    4.19808481,    8.11721622,     12.09948358,   15.76218074,   -7.18980002,   32.17019393,    112.68630081,   42.47007844,    7.22686018,   -8.78373577,     -7.82487224], [   32.10863342,    1.86397869,   -2.49605863,  -14.91876144,      5.9917357 ,    5.70387942,   -4.79656937,   11.04574133,     42.47007844,   98.94361931,   25.11854672,   -6.43769232,     -8.71912886], [ -105.65190314,   42.63755362,  -13.80128348,    8.38645695,     11.42986045,    2.36518175,   21.68657717,  -14.16680965,      7.22686018,   25.11854672,  110.25854194,   24.77092847,     -1.92402934], [    5.11735755,   -3.20391984,   28.31146697,   27.82190363,     18.93388261,    0.30275855,    0.9683469 ,   -1.34523835,     -8.78373577,   -6.43769232,   24.77092847,   87.04578344,     28.88178916], [   42.63421598,   -4.46758893,   13.10412913,   11.08722222,      7.91242139,    9.77026545,   -1.520429  ,    1.43987572,     -7.82487224,   -8.71912886,   -1.92402934,   28.88178916,     73.42782366]]
/root/sim/music/out/Aerosmith/Big_Ones/16_Dude_(Looks_Like_A_Lady)_(Live).mp3; [-548.5986   ,  97.65089  , -28.394386 ,  23.968328 ,   0.770252 ,    7.1792464,  -1.747719 ,   7.1016836,   2.4281611,   1.2968012,   -3.726869 ,  -1.3861018,   0.0367277]; [[21129.39958057, 1781.84805437, 1289.40048187,  918.83341784,    576.85296021,  485.17576993, -440.12373578, -434.36758724,    -71.24762012, -255.54166895, -164.45230614,   96.03812068,     56.66574977], [ 1781.84805437,  920.85781022, -195.49155303,  283.46270889,    -21.23651089,   89.5022155 ,  -33.50669774,  -45.56057871,    -27.11336279,  -16.88405465,  -65.93815461,    8.07182319,     17.21213508], [ 1289.40048187, -195.49155303,  945.11917787,   38.97564509,    288.96196148,   37.94788982,  -46.47324792,  -94.80145221,      3.36270567,  -69.09398202,   10.22357726,   36.95314325,     25.97238422], [  918.83341784,  283.46270889,   38.97564509,  281.40572292,     69.38908144,   91.82463248,  -24.4569484 ,  -33.53467276,     -2.56560214,  -17.60271859,  -31.04411159,   25.47414961,     18.81126134], [  576.85296021,  -21.23651089,  288.96196148,   69.38908144,    245.67456797,   34.88615213,   39.36523385,   -7.73013208,     22.46800528,   -9.64340104,    3.88488768,   18.35771274,     17.80339795], [  485.17576993,   89.5022155 ,   37.94788982,   91.82463248,     34.88615213,  121.868097  ,    8.52596285,   -6.14442066,      5.88673662,   -6.42881304,    0.02285923,   15.47365927,      5.51533164], [ -440.12373578,  -33.50669774,  -46.47324792,  -24.4569484 ,     39.36523385,    8.52596285,  144.23792108,   70.80661743,     26.76427791,   26.62311206,   24.22737019,   -4.18246155,      4.14074921], [ -434.36758724,  -45.56057871,  -94.80145221,  -33.53467276,     -7.73013208,   -6.14442066,   70.80661743,  130.5279181 ,     41.96565618,   42.59849122,   23.56846093,    0.39042153,      0.85193552], [  -71.24762012,  -27.11336279,    3.36270567,   -2.56560214,     22.46800528,    5.88673662,   26.76427791,   41.96565618,     77.57412869,   27.85997387,   19.23750002,    1.79628407,      5.84905085], [ -255.54166895,  -16.88405465,  -69.09398202,  -17.60271859,     -9.64340104,   -6.42881304,   26.62311206,   42.59849122,     27.85997387,   73.96172412,   22.51726965,    5.11410764,     -3.62976916], [ -164.45230614,  -65.93815461,   10.22357726,  -31.04411159,      3.88488768,    0.02285923,   24.22737019,   23.56846093,     19.23750002,   22.51726965,   68.80370327,    7.10891207,      1.80606655], [   96.03812068,    8.07182319,   36.95314325,   25.47414961,     18.35771274,   15.47365927,   -4.18246155,    0.39042153,      1.79628407,    5.11410764,    7.10891207,   60.34303951,     23.03514795], [   56.66574977,   17.21213508,   25.97238422,   18.81126134,     17.80339795,    5.51533164,    4.14074921,    0.85193552,      5.84905085,   -3.62976916,    1.80606655,   23.03514795,     52.99573564]]
/root/sim/music/out/Aerosmith/Big_Ones/14_Angel.mp3; [-549.3858    , 102.53524   , -13.3848915 ,  30.18487   ,  -3.5557816 ,    2.1778498 ,  -4.8485775 ,   4.311575  ,   3.8836367 ,   0.89568067,   -0.83074707,  -3.227887  ,  -1.2589362 ]; [[16334.79663153, -167.38537265,   12.28666291,    9.36287745,     26.94963463,  173.22671413, -247.68442406,   98.52489089,    123.3413893 ,    6.7377287 ,  105.11735325, -169.2921472 ,     26.06568071], [ -167.38537265, 1015.22716332, -161.40009591,  200.20943827,    -26.10488077,   -2.12948016,  131.92445613,  -21.06016383,    -43.22933956,   45.66001494,  -11.29583721,   50.21490437,    -26.29754952], [   12.28666291, -161.40009591,  370.84287526,  -69.91854043,     64.1887799 ,   38.57262938,  -16.61830405,   17.13954298,     -9.67346256,   -5.18069601,   18.63023292,   14.66456737,     25.6133451 ], [    9.36287745,  200.20943827,  -69.91854043,  296.1894681 ,     50.41502315,  -18.71404263,   63.92874714,   -5.46237491,     -6.6466324 ,   23.24188384,  -35.38842154,   60.93358122,      4.55993656], [   26.94963463,  -26.10488077,   64.1887799 ,   50.41502315,    154.60425137,   14.95216972,   -4.11692427,   -1.72114195,     15.48395776,    1.62709903,    0.18332434,   22.11167111,     26.42938168], [  173.22671413,   -2.12948016,   38.57262938,  -18.71404263,     14.95216972,  141.27558931,   37.09212584,   23.14860943,      7.52141732,   -5.44328813,   30.95676508,  -13.51921884,     10.28273599], [ -247.68442406,  131.92445613,  -16.61830405,   63.92874714,     -4.11692427,   37.09212584,  170.29732799,   38.97069632,     -5.29126496,   33.22769964,   -5.01778693,   14.15887189,    -18.98460996], [   98.52489089,  -21.06016383,   17.13954298,   -5.46237491,     -1.72114195,   23.14860943,   38.97069632,   90.97806561,     40.85834573,   16.64974182,    3.29178868,  -13.12405277,     -1.60848661], [  123.3413893 ,  -43.22933956,   -9.67346256,   -6.6466324 ,     15.48395776,    7.52141732,   -5.29126496,   40.85834573,    104.86833979,   24.65966388,   12.2167803 ,  -16.2287013 ,     10.21916919], [    6.7377287 ,   45.66001494,   -5.18069601,   23.24188384,      1.62709903,   -5.44328813,   33.22769964,   16.64974182,     24.65966388,   86.07229798,   20.66948879,    7.79513549,    -16.40484781], [  105.11735325,  -11.29583721,   18.63023292,  -35.38842154,      0.18332434,   30.95676508,   -5.01778693,    3.29178868,     12.2167803 ,   20.66948879,   76.63802619,    6.79098952,      3.36003427], [ -169.2921472 ,   50.21490437,   14.66456737,   60.93358122,     22.11167111,  -13.51921884,   14.15887189,  -13.12405277,    -16.2287013 ,    7.79513549,    6.79098952,   93.11281947,     28.11050005], [   26.06568071,  -26.29754952,   25.6133451 ,    4.55993656,     26.42938168,   10.28273599,  -18.98460996,   -1.60848661,     10.21916919,  -16.40484781,    3.36003427,   28.11050005,     76.57633109]]
/root/sim/music/out/Aerosmith/Big_Ones/09_Blind_Man.mp3; [-496.8087    ,  96.53497   ,  -7.8261895 ,  27.70172   ,   9.844399  ,    7.6838775 ,  -3.855768  ,   4.0667067 ,   4.2793927 ,   0.24198134,   -1.711109  ,  -3.6205528 ,  -0.43750614]; [[8944.90630267,-206.41863964, 162.56198394,-209.94733069,-391.29622271,   187.55183748,-132.74073406, -67.37732357,  58.56013583, -40.61090857,    25.54029759, -39.24412916,  10.53168088], [-206.41863964, 571.2031365 ,-221.94103872, 125.79268113,  94.23689473,   -94.826556  ,  34.699737  ,   9.54208297, -28.01151581,  22.77099167,     6.97123696,   4.08949207,   0.84014507], [ 162.56198394,-221.94103872, 443.90647484, -81.45534403, -29.55369055,    18.27461923, -49.56827965,   2.47941027,   4.20668274, -26.57497481,    39.63907851,  13.52815629,  17.15897725], [-209.94733069, 125.79268113, -81.45534403, 220.75140296,  70.92392289,   -39.2707389 ,  -3.84200358,   3.29798315, -11.03986543,  21.20430254,   -24.32934427,  20.03307078,   9.7655511 ], [-391.29622271,  94.23689473, -29.55369055,  70.92392289, 219.94841754,   -55.47027101,  26.15967363,   6.23146247,  -3.17880137,  20.0343785 ,    -0.08222237,  13.03309284,   1.34382902], [ 187.55183748, -94.826556  ,  18.27461923, -39.2707389 , -55.47027101,   147.62963564,  28.80311436,   4.15981662,   5.16011695, -14.86898558,     5.38921717, -10.91902312,  -9.17353595], [-132.74073406,  34.699737  , -49.56827965,  -3.84200358,  26.15967363,    28.80311436, 159.0538336 ,  16.20238042, -12.26025663,  -0.66181846,    -3.92941951,   0.44463301,  -8.34650006], [ -67.37732357,   9.54208297,   2.47941027,   3.29798315,   6.23146247,     4.15981662,  16.20238042,  89.32831555,  21.44843206,  12.1194768 ,    -1.12950771,  -2.79234532,   1.22227247], [  58.56013583, -28.01151581,   4.20668274, -11.03986543,  -3.17880137,     5.16011695, -12.26025663,  21.44843206,  90.87397657,  20.40859747,     9.06353136,  -3.4679155 ,  -8.21675879], [ -40.61090857,  22.77099167, -26.57497481,  21.20430254,  20.0343785 ,   -14.86898558,  -0.66181846,  12.1194768 ,  20.40859747,  86.73056849,    13.68707628,   9.59049853,  -5.78049495], [  25.54029759,   6.97123696,  39.63907851, -24.32934427,  -0.08222237,     5.38921717,  -3.92941951,  -1.12950771,   9.06353136,  13.68707628,    89.30733604,  19.37133695,  10.28972161], [ -39.24412916,   4.08949207,  13.52815629,  20.03307078,  13.03309284,   -10.91902312,   0.44463301,  -2.79234532,  -3.4679155 ,   9.59049853,    19.37133695,  72.29010332,  21.22634325], [  10.53168088,   0.84014507,  17.15897725,   9.7655511 ,   1.34382902,    -9.17353595,  -8.34650006,   1.22227247,  -8.21675879,  -5.78049495,    10.28972161,  21.22634325,  62.01544179]]
/root/sim/music/out/Aerosmith/Big_Ones/11_The_Other_Side.mp3; [-513.50507   ,  72.10547   ,  -4.8530817 ,  24.238276  ,  -3.6487267 ,   13.935638  ,  -2.6183472 ,   4.4734945 ,   3.9229414 ,   1.5816412 ,    2.3670294 ,  -0.79276145,  -1.9317136 ]; [[16195.23955087,  400.22358031,  -93.52215394,  167.635846  ,   -138.75535187,  139.4126615 , -123.20670768,  -75.2035301 ,    -43.25748896,  -56.26403822,  -62.60779964, -111.51440634,    -14.47476753], [  400.22358031,  490.6802437 ,  -99.825126  ,   99.3420217 ,     16.08404436,   -2.41448291,   61.71454609,   19.39730397,     22.64959715,  -15.06806714,   41.09613771,  -17.98766775,    -12.93474855], [  -93.52215394,  -99.825126  ,  294.14741669,  -11.8393204 ,     43.04953081,   11.50380372,  -21.1782317 ,   12.78525485,     -6.30431643,   24.52279653,   -5.39946711,   22.25321602,     12.07000803], [  167.635846  ,   99.3420217 ,  -11.8393204 ,  185.84175085,     43.08404689,    4.63469284,   14.55394603,   25.1313778 ,     30.48289579,   11.00140726,   10.34364934,   13.60810456,     12.81719595], [ -138.75535187,   16.08404436,   43.04953081,   43.08404689,    135.39915364,    2.61719624,   15.78108801,    7.6382328 ,      7.96896669,   13.8277183 ,    8.15818502,   19.13771407,      7.27463392], [  139.4126615 ,   -2.41448291,   11.50380372,    4.63469284,      2.61719624,  170.56268082,   46.79599426,   22.18569347,     26.63825937,    9.06662489,   18.84357656,    1.87989184,     10.73511683], [ -123.20670768,   61.71454609,  -21.1782317 ,   14.55394603,     15.78108801,   46.79599426,  174.95437262,   49.86339255,     -3.72285352,    4.25198688,   34.09100016,   -5.32398087,    -15.01619522], [  -75.2035301 ,   19.39730397,   12.78525485,   25.1313778 ,      7.6382328 ,   22.18569347,   49.86339255,  109.93234252,     50.17804114,   21.31306482,   12.71565647,    3.29863469,     -9.07064626], [  -43.25748896,   22.64959715,   -6.30431643,   30.48289579,      7.96896669,   26.63825937,   -3.72285352,   50.17804114,    110.02486148,   35.78516356,    7.22659234,    5.16800037,      0.30462862], [  -56.26403822,  -15.06806714,   24.52279653,   11.00140726,     13.8277183 ,    9.06662489,    4.25198688,   21.31306482,     35.78516356,   72.02768289,   20.57684772,    6.52917887,     -3.87464778], [  -62.60779964,   41.09613771,   -5.39946711,   10.34364934,      8.15818502,   18.84357656,   34.09100016,   12.71565647,      7.22659234,   20.57684772,   74.64239186,   17.19748087,     -6.11669248], [ -111.51440634,  -17.98766775,   22.25321602,   13.60810456,     19.13771407,    1.87989184,   -5.32398087,    3.29863469,      5.16800037,    6.52917887,   17.19748087,   73.27978434,     29.88268411], [  -14.47476753,  -12.93474855,   12.07000803,   12.81719595,      7.27463392,   10.73511683,  -15.01619522,   -9.07064626,      0.30462862,   -3.87464778,   -6.11669248,   29.88268411,     64.89667919]]
/root/sim/music/out/Aerosmith/Big_Ones/07_Cryin'.mp3; [-511.6508   ,  94.25791  , -20.418016 ,  30.269953 ,   7.65285  ,   17.335062 ,   2.2754827,   9.740199 ,   5.135662 ,   3.6793602,   -3.5987647,   0.5198156,  -0.2901594]; [[11229.28189131, -312.1574813 ,  260.10416995,  161.50579997,     26.69240473,  263.92438057,   34.55120814,  128.14882528,     33.02208597,   -2.11016647,  -73.15166484,  -13.62165404,    -27.98898062], [ -312.1574813 ,  858.92988949, -247.77862626,  118.4460116 ,     -6.56909781,  -29.34003461,   41.82667409,  -14.32925639,      7.56616969,    6.51807114,   32.08374014,  -13.04488142,      7.58236296], [  260.10416995, -247.77862626,  399.30468894,  -87.27969886,     77.22908095,   13.53515829,   -5.03584626,   35.7256396 ,     15.66648676,   24.99500138,    4.90761985,    1.34439474,     16.89228881], [  161.50579997,  118.4460116 ,  -87.27969886,  276.04582467,     15.33231386,   59.52488709,   42.75467453,   30.67173504,     34.40086768,   12.32392313,  -16.91077839,   25.13180431,      4.35519367], [   26.69240473,   -6.56909781,   77.22908095,   15.33231386,    149.84620991,  -10.30264932,   38.96055669,   -1.03387098,     21.15616806,   12.17608965,    6.23590361,    3.97348328,      6.82960434], [  263.92438057,  -29.34003461,   13.53515829,   59.52488709,    -10.30264932,  148.66874237,   31.50731578,   40.35981185,      9.63999032,   10.8860281 ,   -0.45903036,   10.58881803,      3.0332774 ], [   34.55120814,   41.82667409,   -5.03584626,   42.75467453,     38.96055669,   31.50731578,  137.64949611,   29.27717291,     16.97165029,    6.17203814,    2.42170714,   -1.28733498,     -7.28682451], [  128.14882528,  -14.32925639,   35.7256396 ,   30.67173504,     -1.03387098,   40.35981185,   29.27717291,   94.00836817,     31.2704194 ,   14.70292047,   -6.9534867 ,    3.49040411,     -2.60259327], [   33.02208597,    7.56616969,   15.66648676,   34.40086768,     21.15616806,    9.63999032,   16.97165029,   31.2704194 ,     83.30152714,   21.66312935,    8.97415926,    0.75579066,      2.52603769], [   -2.11016647,    6.51807114,   24.99500138,   12.32392313,     12.17608965,   10.8860281 ,    6.17203814,   14.70292047,     21.66312935,   72.00701632,   14.10904173,    9.18908851,      3.29936498], [  -73.15166484,   32.08374014,    4.90761985,  -16.91077839,      6.23590361,   -0.45903036,    2.42170714,   -6.9534867 ,      8.97415926,   14.10904173,   79.94609214,   12.64422405,     10.45195308], [  -13.62165404,  -13.04488142,    1.34439474,   25.13180431,      3.97348328,   10.58881803,   -1.28733498,    3.49040411,      0.75579066,    9.18908851,   12.64422405,   70.14774744,     22.57088955], [  -27.98898062,    7.58236296,   16.89228881,    4.35519367,      6.82960434,    3.0332774 ,   -7.28682451,   -2.60259327,      2.52603769,    3.29936498,   10.45195308,   22.57088955,     64.69453373]]
/root/sim/music/out/Aerosmith/Big_Ones/01_Walk_On_Water.mp3; [-504.82104   , 101.90572   , -11.409144  ,  29.565731  ,  13.445928  ,   12.206349  ,  -4.5493016 ,   3.8213089 ,   4.225093  ,   0.54423356,   -0.96805495,  -1.3941113 ,   0.10606194]; [[7003.65799226, 108.56333861,-148.56257105, -97.03170634,-221.20687058,   -10.58084337,-163.40718504, -57.76179096, -44.55283159, -37.49821894,    -4.2320509 , -36.85436897,   1.0425355 ], [ 108.56333861, 541.97547842,-157.11271272, 105.88848896,  74.24481195,    12.65381906,  35.75920961,  18.50608225,  12.82106604,   3.07872567,    19.38098475,   8.72531855,   2.83826141], [-148.56257105,-157.11271272, 389.66717268, -49.46881219, -10.86611188,    -6.09287403, -35.73961083,   3.9618148 ,  18.24803953,  16.02964185,    -9.66232456,   4.33569723,  19.40944285], [ -97.03170634, 105.88848896, -49.46881219, 179.79209844,  85.32369387,    21.72602937,  23.49026805,  -7.90055951,   1.05099067,   8.5811813 ,     1.67566655,  15.41647726,   1.06095182], [-221.20687058,  74.24481195, -10.86611188,  85.32369387, 198.90156053,    16.42347235,  29.25260749,  -2.84467474,  -8.53694917,   5.90524161,    -1.80070947,  18.45902955,   7.60138639], [ -10.58084337,  12.65381906,  -6.09287403,  21.72602937,  16.42347235,   105.90530498,  33.49316509,  18.33466399,  10.21772516,  -3.95956992,     7.22847962,   3.68351908,  11.79096344], [-163.40718504,  35.75920961, -35.73961083,  23.49026805,  29.25260749,    33.49316509, 127.43191605,  29.82034326,   7.41200876,   1.72145527,    -5.14750325,  -2.61502821,  -2.76977957], [ -57.76179096,  18.50608225,   3.9618148 ,  -7.90055951,  -2.84467474,    18.33466399,  29.82034326,  75.44830686,  33.17853242,   9.47666237,     0.31540105,  -3.99895211,   1.25547718], [ -44.55283159,  12.82106604,  18.24803953,   1.05099067,  -8.53694917,    10.21772516,   7.41200876,  33.17853242,  82.45616178,  30.39746156,     6.0747468 ,  -0.35148339,  -3.05512179], [ -37.49821894,   3.07872567,  16.02964185,   8.5811813 ,   5.90524161,    -3.95956992,   1.72145527,   9.47666237,  30.39746156,  62.14539134,    22.617007  ,   6.5048073 ,  -4.16105089], [  -4.2320509 ,  19.38098475,  -9.66232456,   1.67566655,  -1.80070947,     7.22847962,  -5.14750325,   0.31540105,   6.0747468 ,  22.617007  ,    65.01421997,  17.32380597,   5.4804689 ], [ -36.85436897,   8.72531855,   4.33569723,  15.41647726,  18.45902955,     3.68351908,  -2.61502821,  -3.99895211,  -0.35148339,   6.5048073 ,    17.32380597,  57.36011969,  21.99519487], [   1.0425355 ,   2.83826141,  19.40944285,   1.06095182,   7.60138639,    11.79096344,  -2.76977957,   1.25547718,  -3.05512179,  -4.16105089,     5.4804689 ,  21.99519487,  54.30800211]]
/root/sim/music/out/Aerosmith/Big_Ones/04_What_It_Takes.mp3; [-540.5452    ,  85.23936   ,   4.18375   ,  17.52224   ,  -1.5983887 ,   14.884255  ,  -0.12958899,   6.8956804 ,   5.0310984 ,   3.9430099 ,    2.564863  ,   2.177078  ,  -0.24059822]; [[8097.38795315,-617.98656925, -47.22811   ,  45.54618199,-220.11841392,   139.42346197,  -9.49927537,  -0.42414771,  32.25094255,   6.32100309,   -32.29019439, -74.07252337,  14.44392622], [-617.98656925, 729.19246529, -16.88368955,  80.48054595,  89.47807114,    -5.68752747,  56.1019504 ,  34.10330085,  31.14445419,  29.73251229,    34.03488731,  21.69292006,  17.59282056], [ -47.22811   , -16.88368955, 403.28121931,  19.60945901,  45.03820563,    -3.25549716,  -0.88155113,  32.1958197 ,  15.16824396,  12.32636147,    23.05817267,  20.32976683,  35.25117724], [  45.54618199,  80.48054595,  19.60945901, 221.72347146,  56.62090031,    12.11937381,  23.90211264,  14.43420404,  27.7855781 ,   4.74858053,   -11.30150633,  18.58992238,  11.76144972], [-220.11841392,  89.47807114,  45.03820563,  56.62090031, 209.64332576,   -17.19553345,  13.14819575, -11.34942745,  13.10159856,  17.62731644,     8.85740071,  14.91602784,  15.89315749], [ 139.42346197,  -5.68752747,  -3.25549716,  12.11937381, -17.19553345,   150.17184214,  15.15472968,  25.05537308,  18.70769177,  12.47405071,     5.02150935,   2.25248338,   6.47422157], [  -9.49927537,  56.1019504 ,  -0.88155113,  23.90211264,  13.14819575,    15.15472968, 163.94848773,  32.81108138,  -6.67729891,  -7.53227778,    14.25080023,  -1.58574522, -11.42329941], [  -0.42414771,  34.10330085,  32.1958197 ,  14.43420404, -11.34942745,    25.05537308,  32.81108138, 105.17788679,  32.05914334,  11.68018728,     0.13591554,   1.75284805,   1.84223549], [  32.25094255,  31.14445419,  15.16824396,  27.7855781 ,  13.10159856,    18.70769177,  -6.67729891,  32.05914334, 108.50663041,  34.58601643,    -0.18538928,  -1.52204091,   5.97696929], [   6.32100309,  29.73251229,  12.32636147,   4.74858053,  17.62731644,    12.47405071,  -7.53227778,  11.68018728,  34.58601643,  89.25161452,    33.38854456,  12.16787634,   5.17230775], [ -32.29019439,  34.03488731,  23.05817267, -11.30150633,   8.85740071,     5.02150935,  14.25080023,   0.13591554,  -0.18538928,  33.38854456,    91.8659048 ,  28.08180132,   5.90936546], [ -74.07252337,  21.69292006,  20.32976683,  18.58992238,  14.91602784,     2.25248338,  -1.58574522,   1.75284805,  -1.52204091,  12.16787634,    28.08180132,  89.33880049,  33.60204312], [  14.44392622,  17.59282056,  35.25117724,  11.76144972,  15.89315749,     6.47422157, -11.42329941,   1.84223549,   5.97696929,   5.17230775,     5.90936546,  33.60204312,  74.24170293]]
