/root/sim/music/out/Billy_Joel/Greatest_Hits_-_Volume_I_&_Volume_II_[Disc_2]/13_You're_Only_Human_(Second_Wind).mp3; [-644.9517    ,  99.69954   ,   2.211787  ,  23.811674  ,  10.542872  ,   17.54402   ,   0.77172077,  10.353825  ,   0.68655884,   2.90055   ,    0.01634681,   1.3571398 ,  -2.4633682 ]; [[13772.73754192, -109.78914032, -426.07895708,   57.46909627,   -216.73185791,  -33.75017028, -105.94768473,  111.7384643 ,    -70.04995293,   -9.49923735,  -69.75391095,  -20.41043107,    -82.5056043 ], [ -109.78914032, 1072.13821219, -214.96091376,  -19.24270159,     11.17545989,  -36.52591037,   16.10893743,   -4.21640411,    -23.991142  ,  -21.53184566,    0.68209266,  -14.71853527,     36.41282735], [ -426.07895708, -214.96091376,  557.20634971,   35.47923356,     71.11960065,   62.77343178,   60.90406295,    0.69386079,     22.89230054,   -0.67522145,  -24.99635167,   15.76269133,     -6.3401277 ], [   57.46909627,  -19.24270159,   35.47923356,  267.67185904,     32.7315298 ,   61.24203886,   -3.96993281,   13.71493621,      8.44594343,    9.57431562,  -13.52264006,   -7.63593484,      1.75776285], [ -216.73185791,   11.17545989,   71.11960065,   32.7315298 ,    223.54702983,   34.83374053,  -39.94648594,   -1.89135967,     30.79990845,    2.34443427,   -3.72803711,    0.19268048,    -21.50892419], [  -33.75017028,  -36.52591037,   62.77343178,   61.24203886,     34.83374053,  164.1898604 ,   36.98797556,   32.59209941,     15.04926916,   -1.70886609,    8.33905558,   -2.66612262,    -11.2677444 ], [ -105.94768473,   16.10893743,   60.90406295,   -3.96993281,    -39.94648594,   36.98797556,  184.96676636,   12.32051334,      1.46698657,    2.42569835,    6.8312536 ,    2.85639982,     21.13165013], [  111.7384643 ,   -4.21640411,    0.69386079,   13.71493621,     -1.89135967,   32.59209941,   12.32051334,  116.88537084,     13.63699537,    0.87817515,   12.80523454,  -11.53312433,    -13.31080776], [  -70.04995293,  -23.991142  ,   22.89230054,    8.44594343,     30.79990845,   15.04926916,    1.46698657,   13.63699537,     88.2259465 ,   17.0538633 ,    0.22840577,    3.5200096 ,     -8.00812027], [   -9.49923735,  -21.53184566,   -0.67522145,    9.57431562,      2.34443427,   -1.70886609,    2.42569835,    0.87817515,     17.0538633 ,   73.7983307 ,   13.96421638,    2.0564205 ,      1.09251686], [  -69.75391095,    0.68209266,  -24.99635167,  -13.52264006,     -3.72803711,    8.33905558,    6.8312536 ,   12.80523454,      0.22840577,   13.96421638,   74.97854967,   18.51070321,      0.20034918], [  -20.41043107,  -14.71853527,   15.76269133,   -7.63593484,      0.19268048,   -2.66612262,    2.85639982,  -11.53312433,      3.5200096 ,    2.0564205 ,   18.51070321,   65.72983543,     21.56016114], [  -82.5056043 ,   36.41282735,   -6.3401277 ,    1.75776285,    -21.50892419,  -11.2677444 ,   21.13165013,  -13.31080776,     -8.00812027,    1.09251686,    0.20034918,   21.56016114,     71.34603005]]
/root/sim/music/out/Billy_Joel/Greatest_Hits_-_Volume_I_&_Volume_II_[Disc_2]/05_Don't_Ask_Me_Why.mp3; [-729.3346    , 142.18777   ,   2.9899368 ,  29.859045  ,  11.061315  ,    4.101131  ,  -2.9153728 ,   4.5737123 ,   2.2205322 ,   1.3063531 ,   -1.80636   ,  -5.0999856 ,   0.08027554]; [[23878.2413645 ,-3377.61264453,-3599.41440435,-1227.17017251,   -593.7887576 , -103.26165662, -329.15673169,  237.00550608,    282.80657871,  160.53878881,  -79.42940334,   -0.38730702,    -55.11339273], [-3377.61264453, 2649.04892437, -145.74839609,   73.69916686,     41.6693724 , -153.66253286,   73.41048462,   16.89387607,    -82.2894102 ,   16.09670085,   64.22491787,  -51.92823487,     24.74565977], [-3599.41440435, -145.74839609, 1687.43255409,  309.62720995,    153.03792011,  137.73109289,   95.22003039,  -42.74504567,    -13.46475837,   20.19195952,   44.28413261,   44.83980065,    -25.47445345], [-1227.17017251,   73.69916686,  309.62720995,  526.99441309,    225.11580634,  -33.81681922,    2.46351246,  -28.37476095,     -7.10144367,   44.83480777,  -17.24486632,   20.7293817 ,      4.78359456], [ -593.7887576 ,   41.6693724 ,  153.03792011,  225.11580634,    447.98766016,   65.01936813,  -32.99092758,  -31.42053766,     57.64032098,   87.65870787,   -3.7786023 ,   19.51556538,    -16.8416893 ], [ -103.26165662, -153.66253286,  137.73109289,  -33.81681922,     65.01936813,  333.45381824,   74.55714328,   31.34094857,     55.95700658,  -16.98459152,   33.49613163,   -2.97668706,    -33.68693857], [ -329.15673169,   73.41048462,   95.22003039,    2.46351246,    -32.99092758,   74.55714328,  215.45873724,   59.70103853,    -15.2295428 ,  -15.56479992,    9.53168524,   16.99278756,    -13.55310534], [  237.00550608,   16.89387607,  -42.74504567,  -28.37476095,    -31.42053766,   31.34094857,   59.70103853,  153.85489249,     30.10483908,   -1.49563898,   14.18241207,   -9.32292343,     -1.58000505], [  282.80657871,  -82.2894102 ,  -13.46475837,   -7.10144367,     57.64032098,   55.95700658,  -15.2295428 ,   30.10483908,    146.57377323,   36.15618313,    9.05861352,    5.72366724,    -17.0342903 ], [  160.53878881,   16.09670085,   20.19195952,   44.83480777,     87.65870787,  -16.98459152,  -15.56479992,   -1.49563898,     36.15618313,  153.71072134,   34.63538306,   19.96605787,     -6.65568862], [  -79.42940334,   64.22491787,   44.28413261,  -17.24486632,     -3.7786023 ,   33.49613163,    9.53168524,   14.18241207,      9.05861352,   34.63538306,  113.80414489,   29.45741187,     -1.94344696], [   -0.38730702,  -51.92823487,   44.83980065,   20.7293817 ,     19.51556538,   -2.97668706,   16.99278756,   -9.32292343,      5.72366724,   19.96605787,   29.45741187,  108.8898269 ,     18.13700313], [  -55.11339273,   24.74565977,  -25.47445345,    4.78359456,    -16.8416893 ,  -33.68693857,  -13.55310534,   -1.58000505,    -17.0342903 ,   -6.65568862,   -1.94344696,   18.13700313,     93.07398789]]
/root/sim/music/out/Billy_Joel/Greatest_Hits_-_Volume_I_&_Volume_II_[Disc_2]/09_Goodnight_Saigon.mp3; [-837.2028    , 111.03826   ,   4.356733  ,  20.759031  ,   7.3743124 ,    9.652161  ,   1.4667798 ,   5.9854264 ,   2.9898205 ,   6.2503657 ,   -1.7796352 ,   0.5001857 ,  -0.50704026]; [[39733.34311434, 3188.98634827,-2530.83038702, -193.8369319 ,     87.69537134, -461.64462846,-1134.4839043 ,  657.80496771,  -1097.11140587, -250.15504622,  537.22474236, -675.84318341,   -425.4185269 ], [ 3188.98634827, 2639.46236781, -434.3662964 , -204.66533588,     41.63407341, -113.98621325, -131.01919128,  212.21953247,    -83.53479231,    8.62517188,   98.91732602,  -36.0848491 ,     66.97652589], [-2530.83038702, -434.3662964 ,  751.09228807,   48.7588565 ,     19.93458452,   93.33232953,   59.86429659,  -68.27944956,    123.03133996,  -28.88984373,  -21.69044985,   49.02511323,     45.3226099 ], [ -193.8369319 , -204.66533588,   48.7588565 ,  400.66476954,    132.56716056,   86.50476696,   34.10810784,  -45.93034384,      5.72565119,    0.40153491,  -19.51873434,   33.22580583,      1.59979171], [   87.69537134,   41.63407341,   19.93458452,  132.56716056,    270.41571514,   98.93470251,   42.88774831,   14.43195283,     16.41045045,    8.89094241,   26.22126658,   11.44025083,      3.3167056 ], [ -461.64462846, -113.98621325,   93.33232953,   86.50476696,     98.93470251,  201.49498009,   86.74421909,   26.75760161,     41.60996457,   14.81418573,   12.24434463,   18.67541461,      1.98940025], [-1134.4839043 , -131.01919128,   59.86429659,   34.10810784,     42.88774831,   86.74421909,  266.19735095,   10.08586999,     51.30430044,   63.38742969,    2.25103397,   37.71947391,     29.40888076], [  657.80496771,  212.21953247,  -68.27944956,  -45.93034384,     14.43195283,   26.75760161,   10.08586999,  165.16074638,     19.64599856,    3.04660985,   45.78064208,    1.05910851,      9.3754412 ], [-1097.11140587,  -83.53479231,  123.03133996,    5.72565119,     16.41045045,   41.60996457,   51.30430044,   19.64599856,    159.48542726,   38.4392541 ,    3.18595982,   35.22256641,     31.67896542], [ -250.15504622,    8.62517188,  -28.88984373,    0.40153491,      8.89094241,   14.81418573,   63.38742969,    3.04660985,     38.4392541 ,  116.56754407,   23.10879215,   13.59099528,     14.1307106 ], [  537.22474236,   98.91732602,  -21.69044985,  -19.51873434,     26.22126658,   12.24434463,    2.25103397,   45.78064208,      3.18595982,   23.10879215,  108.29979402,   21.11808555,     12.33438256], [ -675.84318341,  -36.0848491 ,   49.02511323,   33.22580583,     11.44025083,   18.67541461,   37.71947391,    1.05910851,     35.22256641,   13.59099528,   21.11808555,   96.89846382,     50.79094975], [ -425.4185269 ,   66.97652589,   45.3226099 ,    1.59979171,      3.3167056 ,    1.98940025,   29.40888076,    9.3754412 ,     31.67896542,   14.1307106 ,   12.33438256,   50.79094975,    101.67727094]]
/root/sim/music/out/Billy_Joel/Greatest_Hits_-_Volume_I_&_Volume_II_[Disc_2]/10_Tell_Her_About_It.mp3; [-644.7045    ,  89.44397   ,  -5.286713  ,  25.887497  ,   4.679824  ,   20.085737  ,  -7.6508875 ,  15.697494  ,  -1.9432265 ,  11.647573  ,    0.55831116,   0.39989808,  -1.0300828 ]; [[15948.30537965,   93.38745509,  145.62035206,  230.99225581,    -80.02183606,  126.71552135, -363.71049065,   49.21030949,   -194.01532673,  137.16991993,  -85.58610088,  -43.77517817,    -48.89805019], [   93.38745509, 1102.36125389, -218.87327913,   62.86696488,    -64.60067885,   25.40387976,   46.14816292,   77.59390131,    -33.68897312,   42.67754314,   26.11501749,   11.19622558,     33.170167  ], [  145.62035206, -218.87327913,  585.58930222,  100.12806823,     70.3800642 ,   82.6605617 ,    3.76381423,   51.97235732,    -16.02618242,  -22.87738025,  -30.70982006,   24.11858509,     18.45039508], [  230.99225581,   62.86696488,  100.12806823,  373.47765533,    146.82165903,   68.56876962,   -7.95792389,    2.90920048,     41.3008706 ,  -30.19274388,  -10.20818132,   -4.48728357,     42.18535683], [  -80.02183606,  -64.60067885,   70.3800642 ,  146.82165903,    258.67205168,   51.562219  ,    4.92580908,  -18.35851465,     64.51503771,   -1.58774839,    3.64584563,    0.82364898,     14.59145337], [  126.71552135,   25.40387976,   82.6605617 ,   68.56876962,     51.562219  ,  157.13375302,   46.26243824,   40.65310195,     25.77195064,    2.26409805,   19.8268602 ,    0.30281783,      1.18347371], [ -363.71049065,   46.14816292,    3.76381423,   -7.95792389,      4.92580908,   46.26243824,  277.42129034,   29.91069613,     57.8475872 ,   16.93053395,   58.15996201,   14.05061323,      9.53675395], [   49.21030949,   77.59390131,   51.97235732,    2.90920048,    -18.35851465,   40.65310195,   29.91069613,  124.840208  ,      7.66634125,   21.41041384,   -2.88693158,    9.66011654,      8.50201496], [ -194.01532673,  -33.68897312,  -16.02618242,   41.3008706 ,     64.51503771,   25.77195064,   57.8475872 ,    7.66634125,    138.57935441,   13.37438905,   42.59731382,    3.93049366,      0.60191051], [  137.16991993,   42.67754314,  -22.87738025,  -30.19274388,     -1.58774839,    2.26409805,   16.93053395,   21.41041384,     13.37438905,  122.64198658,   33.82003136,   16.46167667,     -9.89517814], [  -85.58610088,   26.11501749,  -30.70982006,  -10.20818132,      3.64584563,   19.8268602 ,   58.15996201,   -2.88693158,     42.59731382,   33.82003136,  103.74519292,   29.5414166 ,      8.83025786], [  -43.77517817,   11.19622558,   24.11858509,   -4.48728357,      0.82364898,    0.30281783,   14.05061323,    9.66011654,      3.93049366,   16.46167667,   29.5414166 ,   86.16629034,     28.05264882], [  -48.89805019,   33.170167  ,   18.45039508,   42.18535683,     14.59145337,    1.18347371,    9.53675395,    8.50201496,      0.60191051,   -9.89517814,    8.83025786,   28.05264882,     86.10191527]]
/root/sim/music/out/Billy_Joel/Greatest_Hits_-_Volume_I_&_Volume_II_[Disc_2]/14_The_Night_Is_Still_Young.mp3; [-693.4135    , 120.23425   ,   2.1052737 ,   8.341134  ,  -0.34657425,   12.67612   ,   2.5395637 ,   7.7499647 ,  -1.5294625 ,   4.5817523 ,    0.53784186,   3.5704312 ,  -2.7439852 ]; [[17987.22466991,  -83.35247968,-1268.01192229, -354.54345862,   -931.9065718 , -148.39054688, -244.62940473,  262.8765784 ,   -134.8036226 ,   50.53702288, -115.54541936,   36.56904158,    -13.16509378], [  -83.35247968, 1377.41255233,  -19.03363017,   15.4328959 ,    113.7070566 ,   -0.38754192,   47.66937648,  -12.52035091,    -41.17618291,  -21.83028789,  -14.85412167,   14.87183891,      9.12813427], [-1268.01192229,  -19.03363017,  780.30779473,   46.98690541,    142.69321767,   70.61840828,  103.40489706, -116.41457286,    -49.57752747,  -35.92650717,  -23.327016  ,    7.66807588,     -4.08604109], [ -354.54345862,   15.4328959 ,   46.98690541,  299.8749696 ,     97.12740384,   77.99237927,   -6.68304007,  -33.08805161,     17.25578115,   10.65998946,   -5.28930028,  -18.81585123,     -5.16357909], [ -931.9065718 ,  113.7070566 ,  142.69321767,   97.12740384,    321.47114617,   51.94363319,   24.9460526 ,  -35.79402781,     38.85894188,   19.47661875,   11.92689435,  -11.03273802,    -23.1164186 ], [ -148.39054688,   -0.38754192,   70.61840828,   77.99237927,     51.94363319,  175.6620474 ,   11.84371183,   15.63461938,     28.76325984,    8.14256312,   21.09941833,   -2.27221378,    -23.60719425], [ -244.62940473,   47.66937648,  103.40489706,   -6.68304007,     24.9460526 ,   11.84371183,  158.10792638,   20.3771486 ,     16.40652313,   19.39260761,    5.55687009,   11.21893032,     16.3019584 ], [  262.8765784 ,  -12.52035091, -116.41457286,  -33.08805161,    -35.79402781,   15.63461938,   20.3771486 ,  151.92319509,     37.57509162,   24.91492824,   26.86227289,    7.92231346,     11.87711123], [ -134.8036226 ,  -41.17618291,  -49.57752747,   17.25578115,     38.85894188,   28.76325984,   16.40652313,   37.57509162,    113.57811551,   40.30850847,   36.26642454,    7.80684737,     -1.33267548], [   50.53702288,  -21.83028789,  -35.92650717,   10.65998946,     19.47661875,    8.14256312,   19.39260761,   24.91492824,     40.30850847,   99.09680724,   32.69514958,   19.53877478,     10.17185446], [ -115.54541936,  -14.85412167,  -23.327016  ,   -5.28930028,     11.92689435,   21.09941833,    5.55687009,   26.86227289,     36.26642454,   32.69514958,   93.88705851,   37.35832032,      8.41012276], [   36.56904158,   14.87183891,    7.66807588,  -18.81585123,    -11.03273802,   -2.27221378,   11.21893032,    7.92231346,      7.80684737,   19.53877478,   37.35832032,   91.06207515,     36.94613539], [  -13.16509378,    9.12813427,   -4.08604109,   -5.16357909,    -23.1164186 ,  -23.60719425,   16.3019584 ,   11.87711123,     -1.33267548,   10.17185446,    8.41012276,   36.94613539,     95.06764164]]
/root/sim/music/out/Billy_Joel/Greatest_Hits_-_Volume_I_&_Volume_II_[Disc_2]/01_My_Life.mp3; [-650.9696   , 126.48445  ,  -1.5758636,  19.840631 ,   8.045046 ,    8.220716 ,   3.1631627,   4.09564  ,  -0.8946228,   2.878761 ,   -2.2341514,  -6.291883 ,  -1.6835624]; [[13017.40301613,  -89.97667756, -318.78884908,  -93.93965487,   -130.09285727,  -48.43179345,  -17.36748498,  -20.19604342,   -235.08675329,  -39.88108135,  -23.8495737 , -230.62955043,   -128.8354153 ], [  -89.97667756, 1173.66911732, -344.79544912,   36.07674539,    -18.8906389 ,  -80.02049952,    1.84609147,    2.8216538 ,     -8.11099006,   20.62881131,    1.46085515,   22.9841387 ,     22.44619419], [ -318.78884908, -344.79544912,  671.18700608,  105.68307493,     62.75335343,  106.34973213,   15.05572615,    9.66144853,     53.43312707,  -10.51708032,  -15.97262637,  -12.56364562,      3.15150888], [  -93.93965487,   36.07674539,  105.68307493,  252.30933813,     77.21939427,   20.10938139,  -35.02858907,   -6.5185511 ,     12.93016788,  -14.47952309,  -16.55290244,   -8.50032278,     10.92560612], [ -130.09285727,  -18.8906389 ,   62.75335343,   77.21939427,    184.97065227,   39.92894516,  -21.04520551,  -10.17579477,     26.98679759,  -11.29222371,  -10.71427991,    4.47188279,      1.26574505], [  -48.43179345,  -80.02049952,  106.34973213,   20.10938139,     39.92894516,  158.59335738,   42.69900846,   18.6433554 ,     29.20995727,  -21.63242371,   -1.85589529,   -3.37089436,    -18.1894715 ], [  -17.36748498,    1.84609147,   15.05572615,  -35.02858907,    -21.04520551,   42.69900846,  168.74801598,   32.2779083 ,      0.39489345,    9.73683279,   -0.1044408 ,   -1.4168589 ,     -7.35339216], [  -20.19604342,    2.8216538 ,    9.66144853,   -6.5185511 ,    -10.17579477,   18.6433554 ,   32.2779083 ,   98.46799282,     23.68064962,   18.0752459 ,    9.95873695,   -8.81481144,      2.23164225], [ -235.08675329,   -8.11099006,   53.43312707,   12.93016788,     26.98679759,   29.20995727,    0.39489345,   23.68064962,    119.01756664,   11.63809714,    4.15967996,    4.6023771 ,     -5.71722171], [  -39.88108135,   20.62881131,  -10.51708032,  -14.47952309,    -11.29222371,  -21.63242371,    9.73683279,   18.0752459 ,     11.63809714,  104.90966845,   21.31681531,    7.25160356,     -4.71717089], [  -23.8495737 ,    1.46085515,  -15.97262637,  -16.55290244,    -10.71427991,   -1.85589529,   -0.1044408 ,    9.95873695,      4.15967996,   21.31681531,   88.01254815,   25.03912852,      6.72531682], [ -230.62955043,   22.9841387 ,  -12.56364562,   -8.50032278,      4.47188279,   -3.37089436,   -1.4168589 ,   -8.81481144,      4.6023771 ,    7.25160356,   25.03912852,   88.59072539,     26.96311996], [ -128.8354153 ,   22.44619419,    3.15150888,   10.92560612,      1.26574505,  -18.1894715 ,   -7.35339216,    2.23164225,     -5.71722171,   -4.71717089,    6.72531682,   26.96311996,     79.30557704]]
/root/sim/music/out/Billy_Joel/Greatest_Hits_-_Volume_I_&_Volume_II_[Disc_2]/06_She's_Got_A_Way_[Live].mp3; [-833.0787   , 176.82211  , -39.840435 ,  -7.3504415,   4.731355 ,  -13.480081 , -10.825642 ,  -6.3968477, -13.104557 ,  -6.3870277,   -5.4702806,  -3.2241907,  -3.6970656]; [[ 9424.30118014,  -49.90259777,-1198.50321235, -195.80397557,   -443.51942881, -446.37030994, -166.24358565, -287.8008007 ,   -759.95487497,  128.85044319, -134.99790064, -164.05794933,   -281.47514621], [  -49.90259777, 2540.48274314, -247.01658272,   -0.69047823,     71.49467892, -160.29676321,  -45.20409423, -234.63482308,   -116.77771409, -210.97792073,  -89.36530351,  -18.52439901,     -0.22730862], [-1198.50321235, -247.01658272, 1049.84306057,  159.33335483,     98.34181708,  106.67461951,  -68.6992999 ,  -20.73221789,     82.81509258, -168.54181982,    5.83763462,  -17.93091706,    -12.4566616 ], [ -195.80397557,   -0.69047823,  159.33335483,  318.1559572 ,     23.63898586,   97.5534197 ,  -77.25021508,   -7.04697358,     19.26102028,  -85.33067858,  -23.29878963,    8.47317974,      6.23690198], [ -443.51942881,   71.49467892,   98.34181708,   23.63898586,    218.26343271,   -3.28697174,   -1.97698854,    6.67338818,      9.70170022,  -14.28489081,   -2.77291627,    5.78211871,     -3.52910202], [ -446.37030994, -160.29676321,  106.67461951,   97.5534197 ,     -3.28697174,  313.44403066,  -69.05220416,    1.15364039,    104.95061789,  -95.01408111,   -8.22804211,   38.003858  ,     37.98316537], [ -166.24358565,  -45.20409423,  -68.6992999 ,  -77.25021508,     -1.97698854,  -69.05220416,  252.32305532,   32.57654567,    -37.9156618 ,   74.82151397,   12.3771089 ,  -26.03083717,    -14.66884477], [ -287.8008007 , -234.63482308,  -20.73221789,   -7.04697358,      6.67338818,    1.15364039,   32.57654567,  147.08326289,     29.28207127,   52.12584302,   20.43974582,    4.51522035,     11.97814631], [ -759.95487497, -116.77771409,   82.81509258,   19.26102028,      9.70170022,  104.95061789,  -37.9156618 ,   29.28207127,    205.10954423,  -21.86150418,   27.40763246,   32.97543588,     42.18974171], [  128.85044319, -210.97792073, -168.54181982,  -85.33067858,    -14.28489081,  -95.01408111,   74.82151397,   52.12584302,    -21.86150418,  203.4812122 ,   40.34883618,    6.15912258,      2.76293706], [ -134.99790064,  -89.36530351,    5.83763462,  -23.29878963,     -2.77291627,   -8.22804211,   12.3771089 ,   20.43974582,     27.40763246,   40.34883618,   94.7681759 ,   15.78817424,      3.85337983], [ -164.05794933,  -18.52439901,  -17.93091706,    8.47317974,      5.78211871,   38.003858  ,  -26.03083717,    4.51522035,     32.97543588,    6.15912258,   15.78817424,   94.31749125,     38.27402915], [ -281.47514621,   -0.22730862,  -12.4566616 ,    6.23690198,     -3.52910202,   37.98316537,  -14.66884477,   11.97814631,     42.18974171,    2.76293706,    3.85337983,   38.27402915,    102.78780344]]
/root/sim/music/out/Billy_Joel/Greatest_Hits_-_Volume_I_&_Volume_II_[Disc_2]/07_Pressure.mp3; [-646.6598    ,  98.26199   ,  -5.6904716 ,  30.799757  ,  16.357075  ,   14.593786  ,   4.4254813 ,   7.933183  ,   0.21413516,   2.141792  ,    0.99098474,  -0.7127305 ,  -2.2173026 ]; [[8358.88737211,-800.83216573,-232.04762404, -15.73788466,  -1.76750577,     9.94332024,-133.14755348, -63.3167968 ,  21.43289679,  39.3316739 ,     5.82943481,  43.0694572 ,   7.3455469 ], [-800.83216573,1455.1195337 ,-267.8813927 , -80.37227628, -13.65733798,   -93.68050303, -25.7366653 ,  51.26632288, -56.54938232, -25.40509437,    24.83352695,  -9.3367743 ,  10.46466195], [-232.04762404,-267.8813927 , 596.30131816, 113.79093004,  38.7558218 ,    98.75472416,  67.19228498,   0.66421201,  39.36971786,  29.34703872,    12.47497491,  16.53160471,  10.38833878], [ -15.73788466, -80.37227628, 113.79093004, 315.53230496,  71.05975997,    45.66480276,  30.50313533,   1.44313844,  -9.58162953,  13.25411002,   -14.98369782,  -9.40505701,   5.2272569 ], [  -1.76750577, -13.65733798,  38.7558218 ,  71.05975997, 191.30369992,    34.3433867 ,   8.21545107,  11.96251678,  32.40923987,  10.13632456,    -6.48602147,  -1.62905457,   6.23554468], [   9.94332024, -93.68050303,  98.75472416,  45.66480276,  34.3433867 ,   126.45420618,  51.47002078,  10.10416595,  20.77098246,   9.73498545,     2.95194751,  -3.51853303, -10.46714933], [-133.14755348, -25.7366653 ,  67.19228498,  30.50313533,   8.21545107,    51.47002078, 157.33724979,  38.72379739,  12.01414683,  10.20486557,     4.42632819,   3.43200345,   0.01753604], [ -63.3167968 ,  51.26632288,   0.66421201,   1.44313844,  11.96251678,    10.10416595,  38.72379739,  85.45184625,  17.96108095,   3.6346834 ,     8.54436759,   5.18312237,   2.95897476], [  21.43289679, -56.54938232,  39.36971786,  -9.58162953,  32.40923987,    20.77098246,  12.01414683,  17.96108095,  92.17998895,  26.10659448,     7.63108458,   3.16590634,  -0.12326739], [  39.3316739 , -25.40509437,  29.34703872,  13.25411002,  10.13632456,     9.73498545,  10.20486557,   3.6346834 ,  26.10659448,  77.09596522,    24.46949395,   5.74852256,  -1.56829588], [   5.82943481,  24.83352695,  12.47497491, -14.98369782,  -6.48602147,     2.95194751,   4.42632819,   8.54436759,   7.63108458,  24.46949395,    67.08639696,  22.26734066,   4.77113811], [  43.0694572 ,  -9.3367743 ,  16.53160471,  -9.40505701,  -1.62905457,    -3.51853303,   3.43200345,   5.18312237,   3.16590634,   5.74852256,    22.26734066,  65.9946391 ,  22.94489019], [   7.3455469 ,  10.46466195,  10.38833878,   5.2272569 ,   6.23554468,   -10.46714933,   0.01753604,   2.95897476,  -0.12326739,  -1.56829588,     4.77113811,  22.94489019,  63.2574636 ]]
/root/sim/music/out/Billy_Joel/The_Ultimate_Collection_[Disc_2]/01-Uptown_Girl.mp3; [-540.50256   ,  83.59832   , -18.419754  ,  10.26708   ,   0.4389668 ,   16.230042  ,   3.0779479 ,  10.003243  ,  -0.10979526,  13.107842  ,    4.4364753 ,   1.4585333 ,  -0.23531081]; [[17218.34058127,  613.1404022 , -173.35664018,  130.58935971,   -106.04128585,  214.49636141,  -58.84296404,  112.25275282,    -47.05199833,   43.88281222,  -71.08780075,  -46.58114737,    -82.23561171], [  613.1404022 ,  592.18589513,  -74.87942989,   34.86216969,     14.84533126,   35.97279313,   64.84695461,   25.46589201,      3.13536186,   16.09268822,   42.07487761,    6.7924635 ,      6.48661383], [ -173.35664018,  -74.87942989,  318.74267349,   54.50269254,      9.44138577,   47.88704417,   30.82871775,   33.04989759,    -14.44957651,  -21.3381248 ,    6.62773368,   52.71723723,     15.31023614], [  130.58935971,   34.86216969,   54.50269254,  225.28719599,     71.4614075 ,  -14.15299811,    2.49692297,  -13.84593189,     26.31360087,  -28.80566893,  -17.95673753,    9.11620243,     23.9472475 ], [ -106.04128585,   14.84533126,    9.44138577,   71.4614075 ,    164.90817283,   16.60078994,  -40.73096639,   -7.70858939,     42.47706994,   22.33555807,  -25.38174222,   -1.03850203,     13.32861   ], [  214.49636141,   35.97279313,   47.88704417,  -14.15299811,     16.60078994,  151.76317357,   49.23408449,   36.20642897,      5.47525055,   30.03787307,   30.9795123 ,   -3.25377273,    -14.91133976], [  -58.84296404,   64.84695461,   30.82871775,    2.49692297,    -40.73096639,   49.23408449,  168.46956856,   28.25243516,     -4.05224068,  -11.20154788,   48.92434585,   10.6530947 ,     -1.21407898], [  112.25275282,   25.46589201,   33.04989759,  -13.84593189,     -7.70858939,   36.20642897,   28.25243516,  113.52541184,     12.79944513,   29.73632218,    7.4585082 ,   15.57798552,     -3.59615253], [  -47.05199833,    3.13536186,  -14.44957651,   26.31360087,     42.47706994,    5.47525055,   -4.05224068,   12.79944513,     94.83705272,   26.11290831,   -6.10828039,  -15.10432362,      3.20360989], [   43.88281222,   16.09268822,  -21.3381248 ,  -28.80566893,     22.33555807,   30.03787307,  -11.20154788,   29.73632218,     26.11290831,  105.79251542,   27.73950892,   -4.46298296,    -17.78907152], [  -71.08780075,   42.07487761,    6.62773368,  -17.95673753,    -25.38174222,   30.9795123 ,   48.92434585,    7.4585082 ,     -6.10828039,   27.73950892,   78.27288131,   15.43110195,     -5.36874994], [  -46.58114737,    6.7924635 ,   52.71723723,    9.11620243,     -1.03850203,   -3.25377273,   10.6530947 ,   15.57798552,    -15.10432362,   -4.46298296,   15.43110195,   80.62335229,     27.02942776], [  -82.23561171,    6.48661383,   15.31023614,   23.9472475 ,     13.32861   ,  -14.91133976,   -1.21407898,   -3.59615253,      3.20360989,  -17.78907152,   -5.36874994,   27.02942776,     70.97074462]]
/root/sim/music/out/Billy_Joel/The_Ultimate_Collection_[Disc_2]/02-Tell_Her_About_It.mp3; [-579.78784   ,  81.06983   ,  -5.2138433 ,  24.629734  ,   6.1252913 ,   19.064934  ,  -4.9611773 ,  15.444088  ,  -0.05559485,  11.729037  ,    2.2392046 ,   0.6540772 ,  -0.4164614 ]; [[14901.51760051,  428.83671228,  155.56438869,  255.46962835,    148.99697749,  218.11749481, -228.41096048,  117.95191038,    -87.16135002,  119.14273991,  -35.8388037 ,  -14.65803104,     32.18635729], [  428.83671228,  946.85995225, -144.29448053,   62.96224211,    -39.80700624,   31.94090646,   53.03540622,   80.9869042 ,    -20.03939205,   49.07345408,   31.983455  ,   17.72447747,     38.88955273], [  155.56438869, -144.29448053,  592.24884476,  126.65952728,     68.24937415,   85.27871711,  -11.9256305 ,   57.19920405,    -30.16025147,  -18.53029502,  -35.69552028,   26.88735478,     27.21562381], [  255.46962835,   62.96224211,  126.65952728,  369.61730764,    149.62221976,   72.64817523,   -5.32764509,    8.64231008,     39.89151096,  -25.06856559,   -9.90193833,   -0.16222017,     45.21762704], [  148.99697749,  -39.80700624,   68.24937415,  149.62221976,    257.27213506,   55.7535797 ,   -1.18967427,  -14.24144169,     60.064459  ,    2.47829359,    2.23297646,    2.18400626,     16.62593548], [  218.11749481,   31.94090646,   85.27871711,   72.64817523,     55.7535797 ,  159.43677656,   45.94489729,   43.99620999,     25.50528741,    5.37477868,   19.69443332,    1.95360837,      2.57426071], [ -228.41096048,   53.03540622,  -11.9256305 ,   -5.32764509,     -1.18967427,   45.94489729,  274.63724259,   31.69230676,     57.09739423,   16.78628373,   58.56238723,   12.30993335,      5.01002856], [  117.95191038,   80.9869042 ,   57.19920405,    8.64231008,    -14.24144169,   43.99620999,   31.69230676,  128.28170459,      9.80827492,   21.94052538,   -1.72643524,   10.36498737,      8.95835562], [  -87.16135002,  -20.03939205,  -30.16025147,   39.89151096,     60.064459  ,   25.50528741,   57.09739423,    9.80827492,    139.87133096,   15.47457628,   42.70340124,    2.45639125,     -2.78970598], [  119.14273991,   49.07345408,  -18.53029502,  -25.06856559,      2.47829359,    5.37477868,   16.78628373,   21.94052538,     15.47457628,  124.22656546,   33.85931382,   15.95415572,     -9.19094536], [  -35.8388037 ,   31.983455  ,  -35.69552028,   -9.90193833,      2.23297646,   19.69443332,   58.56238723,   -1.72643524,     42.70340124,   33.85931382,  104.36805812,   28.519586  ,      6.10028396], [  -14.65803104,   17.72447747,   26.88735478,   -0.16222017,      2.18400626,    1.95360837,   12.30993335,   10.36498737,      2.45639125,   15.95415572,   28.519586  ,   86.19958499,     28.47483658], [   32.18635729,   38.88955273,   27.21562381,   45.21762704,     16.62593548,    2.57426071,    5.01002856,    8.95835562,     -2.78970598,   -9.19094536,    6.10028396,   28.47483658,     86.94804625]]
/root/sim/music/out/Godiego/GOLDEN☆BEST_[Disc_1]/14_ビューティフル・ネーム_(英語)_(2).mp3; [-601.51636  , 130.79039  , -21.309935 ,   4.392334 ,  -4.568422 ,   -3.5162106,  -1.5998951,  -6.0634785,  -4.3248115,  -2.2913914,   -6.1296334,  -6.791766 ,  -8.131112 ]; [[19122.44967816, 1881.89255556, -957.57752157,   -2.0744828 ,   -192.86225769,   55.33729493,  107.99413307,  -80.95601744,   -148.05505892,  -58.77054433, -146.93364927, -194.6715314 ,   -161.51969392], [ 1881.89255556, 1185.76839758, -182.48989018,  -57.27522249,    -43.24783161,   18.84887053,   60.06486674,   37.68855589,      8.92198709,   22.53115408,   32.70066691,  -19.81514133,     -8.66328076], [ -957.57752157, -182.48989018,  616.86958392,  124.91154103,     94.95562679,   31.27149359,   22.28383348,    2.69420936,    -12.89384687,   -0.69128315,    8.14284767,   21.54915776,      6.86626355], [   -2.0744828 ,  -57.27522249,  124.91154103,  315.11030945,    165.38825873,   14.14152319,  -45.33565204,  -15.27063161,     27.43726759,   -3.97735827,  -22.48792   ,    6.36167373,    -17.52163376], [ -192.86225769,  -43.24783161,   94.95562679,  165.38825873,    261.33779051,   54.64197339,  -49.91833714,  -20.00109225,     38.00162605,    9.76954171,   -2.24298634,   15.32320747,    -17.80696567], [   55.33729493,   18.84887053,   31.27149359,   14.14152319,     54.64197339,  142.30490014,   71.97847759,   21.3357083 ,     -2.75123848,    4.31550802,   10.89604522,   -6.20814244,      0.23295295], [  107.99413307,   60.06486674,   22.28383348,  -45.33565204,    -49.91833714,   71.97847759,  187.05988137,   65.2142181 ,    -25.73445761,   -6.2163813 ,    4.01814039,  -18.59724709,      6.03651482], [  -80.95601744,   37.68855589,    2.69420936,  -15.27063161,    -20.00109225,   21.3357083 ,   65.2142181 ,  108.91336499,     27.66734377,   -6.92138447,   -4.3109341 ,  -11.13503955,      4.57072007], [ -148.05505892,    8.92198709,  -12.89384687,   27.43726759,     38.00162605,   -2.75123848,  -25.73445761,   27.66734377,    105.7191209 ,   41.0318354 ,    5.12978629,   -0.62223464,    -13.03620788], [  -58.77054433,   22.53115408,   -0.69128315,   -3.97735827,      9.76954171,    4.31550802,   -6.2163813 ,   -6.92138447,     41.0318354 ,   93.21492799,   38.10019391,    1.02808762,    -10.99436409], [ -146.93364927,   32.70066691,    8.14284767,  -22.48792   ,     -2.24298634,   10.89604522,    4.01814039,   -4.3109341 ,      5.12978629,   38.10019391,   88.26068278,   29.41352867,     -6.49584666], [ -194.6715314 ,  -19.81514133,   21.54915776,    6.36167373,     15.32320747,   -6.20814244,  -18.59724709,  -11.13503955,     -0.62223464,    1.02808762,   29.41352867,   73.44434797,     27.92483965], [ -161.51969392,   -8.66328076,    6.86626355,  -17.52163376,    -17.80696567,    0.23295295,    6.03651482,    4.57072007,    -13.03620788,  -10.99436409,   -6.49584666,   27.92483965,     88.45531246]]
/root/sim/music/out/Godiego/GOLDEN☆BEST_[Disc_1]/12_ア・フール!_(2).mp3; [-643.12494   , 129.49922   ,  -6.188028  ,  19.282944  ,  -1.030788  ,    0.05461258,  -2.4104443 ,  -6.6437726 ,  -4.156912  ,  -2.415632  ,   -4.0073385 ,  -5.5247693 ,  -6.4221926 ]; [[21091.97157243, -315.00162127, -113.77210919,  216.45108885,   -208.15641865,  -31.06747472, -241.52971869, -201.6455199 ,   -223.33925637, -215.0460994 ,   27.6798526 ,  121.40292208,   -124.63844918], [ -315.00162127, 2129.58506763, -113.61225078,  120.81793254,     39.47249386,    5.44172429,   50.00766548,   12.51210418,    -36.48290235,   -5.71809279,  -81.30278544,  -63.25992502,     27.7367199 ], [ -113.77210919, -113.61225078,  779.81612445,  132.60776715,    161.61846383,   53.53980179,   18.13313499,   22.13139494,      6.19441585,  -49.45051863,  -84.11470667,  -31.70680117,      0.74298079], [  216.45108885,  120.81793254,  132.60776715,  395.1763045 ,    154.61832496,   51.87508046,  -15.12198968,   -7.81755656,    -18.60885699,   -5.10799995,  -30.08657353,  -15.51143586,     -8.01780463], [ -208.15641865,   39.47249386,  161.61846383,  154.61832496,    314.53202519,  106.88880923,   17.62137425,  -13.42692973,     17.19731253,   -9.28466544,  -11.13276177,   34.58396134,    -12.7772844 ], [  -31.06747472,    5.44172429,   53.53980179,   51.87508046,    106.88880923,  206.7469042 ,   68.93614679,    3.60200545,     -3.22698003,   11.29971103,    6.25288363,   15.85122439,     -5.07805368], [ -241.52971869,   50.00766548,   18.13313499,  -15.12198968,     17.62137425,   68.93614679,  248.82802278,  129.04640899,    -12.63984128,  -28.58686559,  -23.12829744,  -36.8918332 ,      5.40513827], [ -201.6455199 ,   12.51210418,   22.13139494,   -7.81755656,    -13.42692973,    3.60200545,  129.04640899,  208.60958666,     44.35397486,  -23.672071  ,  -31.30729692,  -43.00069453,     -3.90126316], [ -223.33925637,  -36.48290235,    6.19441585,  -18.60885699,     17.19731253,   -3.22698003,  -12.63984128,   44.35397486,    150.55582153,   46.03355448,    3.27104166,    1.58630935,    -16.68868011], [ -215.0460994 ,   -5.71809279,  -49.45051863,   -5.10799995,     -9.28466544,   11.29971103,  -28.58686559,  -23.672071  ,     46.03355448,  128.66164305,   50.50900303,    8.25326007,     -7.85657693], [   27.6798526 ,  -81.30278544,  -84.11470667,  -30.08657353,    -11.13276177,    6.25288363,  -23.12829744,  -31.30729692,      3.27104166,   50.50900303,  134.88854843,   51.82285234,     -4.12597129], [  121.40292208,  -63.25992502,  -31.70680117,  -15.51143586,     34.58396134,   15.85122439,  -36.8918332 ,  -43.00069453,      1.58630935,    8.25326007,   51.82285234,  140.72388694,     35.09741238], [ -124.63844918,   27.7367199 ,    0.74298079,   -8.01780463,    -12.7772844 ,   -5.07805368,    5.40513827,   -3.90126316,    -16.68868011,   -7.85657693,   -4.12597129,   35.09741238,     95.62169954]]
/root/sim/music/out/Godiego/GOLDEN☆BEST_[Disc_1]/01_僕のサラダガール_(2).mp3; [-641.4722    , 112.287315  ,  19.542017  ,  11.698614  ,  -4.9355927 ,   -3.3711581 ,  -3.8104336 ,  -3.8394945 ,  -3.685518  ,  -0.29895073,   -2.5313354 ,  -0.6170208 ,  -4.8193283 ]; [[29550.63769572,  512.49017803,  -75.05362941,  662.86739941,   -210.05395657,  143.63639575,    3.96434476,  -95.34891251,    -87.82642354,  -69.27634597, -186.41558938, -199.73897328,   -260.66444273], [  512.49017803, 1718.41102222, -349.69138717, -122.75943776,    -67.38345168, -146.06067874,   42.36883943,   31.40894744,    -30.24130284,  -28.53299335,   13.33652933,   72.73291239,     96.11359825], [  -75.05362941, -349.69138717,  864.72668266,  125.94354711,    121.78724918,   75.555269  ,  -99.99639102,  -30.73440014,      1.60385963,  -15.38917881,  -55.94244211,  -41.0990405 ,    -24.24241696], [  662.86739941, -122.75943776,  125.94354711,  509.58612255,    270.71211818,    9.90026831,  -41.78043023,   -0.14438233,     12.51147221,  -10.59822134, -107.83307543,  -37.3488977 ,     -1.67988196], [ -210.05395657,  -67.38345168,  121.78724918,  270.71211818,    352.89943221,   12.96342806,  -82.22460791,  -22.70426192,     35.34490232,    8.73252124,  -87.28281049,  -14.4083988 ,      5.75002363], [  143.63639575, -146.06067874,   75.555269  ,    9.90026831,     12.96342806,  161.62811231,   40.88246328,    3.21341016,     -0.69023724,    0.74685032,   12.48461383,  -13.89020211,    -26.51113014], [    3.96434476,   42.36883943,  -99.99639102,  -41.78043023,    -82.22460791,   40.88246328,  197.31673937,   84.60736706,    -22.80606082,    4.23625025,   56.9423704 ,   19.19674052,     -5.29554138], [  -95.34891251,   31.40894744,  -30.73440014,   -0.14438233,    -22.70426192,    3.21341016,   84.60736706,  130.71070792,     27.88308937,   -4.63363781,   16.62518897,   16.14523555,      4.51080443], [  -87.82642354,  -30.24130284,    1.60385963,   12.51147221,     35.34490232,   -0.69023724,  -22.80606082,   27.88308937,    108.6733215 ,   27.72449322,  -11.05348684,   -1.52776477,      0.06474221], [  -69.27634597,  -28.53299335,  -15.38917881,  -10.59822134,      8.73252124,    0.74685032,    4.23625025,   -4.63363781,     27.72449322,   88.23139589,   37.33320042,    0.84039287,     -6.95992013], [ -186.41558938,   13.33652933,  -55.94244211, -107.83307543,    -87.28281049,   12.48461383,   56.9423704 ,   16.62518897,    -11.05348684,   37.33320042,  132.36152083,   45.94705549,     -6.31483817], [ -199.73897328,   72.73291239,  -41.0990405 ,  -37.3488977 ,    -14.4083988 ,  -13.89020211,   19.19674052,   16.14523555,     -1.52776477,    0.84039287,   45.94705549,   89.26006199,     34.54675767], [ -260.66444273,   96.11359825,  -24.24241696,   -1.67988196,      5.75002363,  -26.51113014,   -5.29554138,    4.51080443,      0.06474221,   -6.95992013,   -6.31483817,   34.54675767,     90.43259769]]
