/root/sim/music/out/Chicago/The_Very_Best_of_Chicago__Only_the_Begin/2-10_You're_The_Inspiration.mp3; [-610.63586   , 144.54501   ,  -0.14212361,  22.48029   ,  -4.0112514 ,    3.413698  ,  -7.305115  ,   1.7507175 ,  -1.0289575 ,  -2.7986097 ,    0.04895021,  -3.4731357 ,   2.1057553 ]; [[22191.92473671,-1746.28686793, -757.84033107,  370.49129708,    150.9741174 ,  489.54586361, -133.85453778,  274.41355589,    160.80039666,   26.02968393,   64.1032067 ,  -38.90135345,    103.90277335], [-1746.28686793, 2306.78620333,    5.66615289,   38.97874541,    -89.25826723, -151.78814797,   73.80155849,  -13.35720927,    -27.33753263,    6.01217935,    8.42149649,   27.96895868,    -54.55204354], [ -757.84033107,    5.66615289,  575.65916238,  -11.560512  ,     22.36959028,  -53.82350392,  -19.16060268,  -14.37753471,    -13.00005376,  -16.8452038 ,  -33.18804896,   -2.3074363 ,     49.23664949], [  370.49129708,   38.97874541,  -11.560512  ,  313.76819584,     57.90427903,    3.10411086,  -24.0866007 ,   23.7494042 ,     39.9673806 ,   12.5862455 ,  -28.45698375,   14.48385905,     37.97949515], [  150.9741174 ,  -89.25826723,   22.36959028,   57.90427903,    178.71248822,   23.36579192,    4.15969478,   29.86618049,     32.83578899,   11.8345993 ,    3.988797  ,   14.00128925,     27.21330252], [  489.54586361, -151.78814797,  -53.82350392,    3.10411086,     23.36579192,  148.50357962,   64.19290618,   19.42181616,      2.32785402,    6.55341069,   25.50940336,    8.46601686,    -24.6323882 ], [ -133.85453778,   73.80155849,  -19.16060268,  -24.0866007 ,      4.15969478,   64.19290618,  189.20534678,   37.11533211,     -3.38410786,   16.09469248,   24.75634527,   22.105937  ,    -33.95956016], [  274.41355589,  -13.35720927,  -14.37753471,   23.7494042 ,     29.86618049,   19.42181616,   37.11533211,  104.78418081,     28.0638179 ,    6.74379982,    8.19021361,    6.77727882,     -0.79064638], [  160.80039666,  -27.33753263,  -13.00005376,   39.9673806 ,     32.83578899,    2.32785402,   -3.38410786,   28.0638179 ,    109.37202156,   31.16961499,   -5.00305838,   10.53083152,      6.65905145], [   26.02968393,    6.01217935,  -16.8452038 ,   12.5862455 ,     11.8345993 ,    6.55341069,   16.09469248,    6.74379982,     31.16961499,   77.77320636,   25.71078788,    9.22237103,     -6.82018876], [   64.1032067 ,    8.42149649,  -33.18804896,  -28.45698375,      3.988797  ,   25.50940336,   24.75634527,    8.19021361,     -5.00305838,   25.71078788,   90.80037554,   23.01461875,     -9.97428786], [  -38.90135345,   27.96895868,   -2.3074363 ,   14.48385905,     14.00128925,    8.46601686,   22.105937  ,    6.77727882,     10.53083152,    9.22237103,   23.01461875,   79.74598307,     23.50249258], [  103.90277335,  -54.55204354,   49.23664949,   37.97949515,     27.21330252,  -24.6323882 ,  -33.95956016,   -0.79064638,      6.65905145,   -6.82018876,   -9.97428786,   23.50249258,    112.31539199]]
/root/sim/music/out/Chicago/The_Very_Best_of_Chicago__Only_the_Begin/1-06_I'm_A_Man.mp3; [-573.63824   , 105.27925   ,  -7.8404465 ,  39.25109   ,   0.22589046,   16.36503   ,  -8.181316  ,   9.552691  ,   0.72784364,   0.43516636,   -0.20263453,  -1.5368481 ,   1.7671732 ]; [[15879.75869992, -888.68062021,-2643.99895384, -604.68021278,   -589.02541292,  140.72628884,   28.1504216 ,  152.94091881,   -132.49454914,    8.75684988,  -55.68155689, -142.03248703,   -114.7484666 ], [ -888.68062021, 1732.18482438,  251.47082584,   39.46548563,     83.8364825 ,  -52.11833652,   79.66263705,   -1.39068841,    -15.08539364,   10.76569029,   41.65606539,   -0.68038146,     -1.37158754], [-2643.99895384,  251.47082584, 1343.83135768,  293.03892941,    161.6666724 ,   16.37500941,  -12.70074958,  -48.0345176 ,     42.72566243,   12.97284706,   21.7466964 ,   67.15282089,     39.46257662], [ -604.68021278,   39.46548563,  293.03892941,  368.36069986,    133.71248138,   40.68312968,  -34.43322884,   -1.68923006,     29.98671748,   19.29686687,   16.28956975,   21.91684498,     33.83136661], [ -589.02541292,   83.8364825 ,  161.6666724 ,  133.71248138,    225.55104   ,   59.33167729,   15.21251895,    7.09723918,     42.42662514,   21.18036526,   17.80075708,   21.68049544,     24.54841538], [  140.72628884,  -52.11833652,   16.37500941,   40.68312968,     59.33167729,  150.01937544,   45.50565615,   30.07488641,     -0.60818151,   10.0872291 ,   21.04280372,    9.57851037,     14.14073826], [   28.1504216 ,   79.66263705,  -12.70074958,  -34.43322884,     15.21251895,   45.50565615,  174.84589826,   43.08180348,      6.56650787,   23.44906014,   21.71479058,   12.32313028,    -11.56788445], [  152.94091881,   -1.39068841,  -48.0345176 ,   -1.68923006,      7.09723918,   30.07488641,   43.08180348,  119.33366659,     63.70884196,   23.31579624,   10.63339423,    1.99410602,      4.64705737], [ -132.49454914,  -15.08539364,   42.72566243,   29.98671748,     42.42662514,   -0.60818151,    6.56650787,   63.70884196,    139.3265798 ,   65.96712986,   10.42076176,    2.029028  ,      1.86804786], [    8.75684988,   10.76569029,   12.97284706,   19.29686687,     21.18036526,   10.0872291 ,   23.44906014,   23.31579624,     65.96712986,  118.71296423,   55.74859803,    8.98966203,     -5.53730587], [  -55.68155689,   41.65606539,   21.7466964 ,   16.28956975,     17.80075708,   21.04280372,   21.71479058,   10.63339423,     10.42076176,   55.74859803,   98.37514044,   43.45078514,      8.92768829], [ -142.03248703,   -0.68038146,   67.15282089,   21.91684498,     21.68049544,    9.57851037,   12.32313028,    1.99410602,      2.029028  ,    8.98966203,   43.45078514,   81.7940121 ,     38.22029235], [ -114.7484666 ,   -1.37158754,   39.46257662,   33.83136661,     24.54841538,   14.14073826,  -11.56788445,    4.64705737,      1.86804786,   -5.53730587,    8.92768829,   38.22029235,     74.68440404]]
/root/sim/music/out/Chicago/The_Very_Best_of_Chicago__Only_the_Begin/1-05_Questions_67_And_68.mp3; [-563.0847    , 112.99987   , -18.026909  ,  37.742905  ,   6.6558847 ,   15.980346  ,   3.8743799 ,   6.822938  ,   4.454606  ,   4.7957044 ,    0.01078946,   2.9080772 ,  -0.42216915]; [[18299.46096523,-1683.5148931 ,-2268.06240815,  570.49260878,     46.1146682 ,  304.15210373, -286.3027641 ,   -5.98426739,    230.3263798 ,  282.39396075,  103.86589157,  159.11830937,      3.68093854], [-1683.5148931 , 1408.1971138 ,  111.25211306,  -28.30089405,    -31.12394803,  -28.42066461,   67.69629831,   38.46714361,    -56.92508674,  -33.31702144,   -8.72984894,  -27.0976469 ,     -1.40663191], [-2268.06240815,  111.25211306,  810.04229507, -128.47831276,     37.95608466,  -52.9640568 ,   54.86063446,   -1.55304517,    -31.85812984,  -60.53668998,   -2.74832717,  -24.47164549,     14.09011127], [  570.49260878,  -28.30089405, -128.47831276,  242.31412021,     16.58301075,   27.74401668,  -27.67140553,    6.73571606,     16.50096296,   15.72549853,   -8.18909141,   15.77697541,     18.13296178], [   46.1146682 ,  -31.12394803,   37.95608466,   16.58301075,    147.49622334,    5.95630625,   -0.90395605,   -4.49478485,      5.11917133,   -4.11217672,  -10.58525074,   -0.56405529,     11.74886538], [  304.15210373,  -28.42066461,  -52.9640568 ,   27.74401668,      5.95630625,  117.70280301,   32.25255225,   17.01346949,     15.743654  ,   13.58868358,   23.18505375,   17.86891567,     -4.13840081], [ -286.3027641 ,   67.69629831,   54.86063446,  -27.67140553,     -0.90395605,   32.25255225,  111.80870321,   26.06673266,      8.53177375,    3.63816692,   17.25838871,    4.78239829,     -3.9412612 ], [   -5.98426739,   38.46714361,   -1.55304517,    6.73571606,     -4.49478485,   17.01346949,   26.06673266,   70.79192249,     25.51575725,   18.2987835 ,   15.64879774,    5.40177274,      0.6414047 ], [  230.3263798 ,  -56.92508674,  -31.85812984,   16.50096296,      5.11917133,   15.743654  ,    8.53177375,   25.51575725,     86.02880345,   41.685482  ,   16.78747948,   13.39018544,     -3.16996311], [  282.39396075,  -33.31702144,  -60.53668998,   15.72549853,     -4.11217672,   13.58868358,    3.63816692,   18.2987835 ,     41.685482  ,   90.07460197,   32.45341598,   14.05694508,     -0.67509352], [  103.86589157,   -8.72984894,   -2.74832717,   -8.18909141,    -10.58525074,   23.18505375,   17.25838871,   15.64879774,     16.78747948,   32.45341598,   83.23144783,   31.64192746,      9.35038914], [  159.11830937,  -27.0976469 ,  -24.47164549,   15.77697541,     -0.56405529,   17.86891567,    4.78239829,    5.40177274,     13.39018544,   14.05694508,   31.64192746,   71.5368888 ,     31.04522008], [    3.68093854,   -1.40663191,   14.09011127,   18.13296178,     11.74886538,   -4.13840081,   -3.9412612 ,    0.6414047 ,     -3.16996311,   -0.67509352,    9.35038914,   31.04522008,     76.94667685]]
/root/sim/music/out/Chicago/The_Very_Best_of_Chicago__Only_the_Begin/1-12_Just_You_'N'_Me.mp3; [-621.839    , 117.5696   ,   5.7234697,  17.273842 ,  -1.6320844,    2.8984451,  -0.7048226,   4.4584885,   1.1422261,   1.230901 ,   -0.4418026,  -1.6854364,  -0.4716297]; [[12794.23029151, -655.97834114, -340.19681741,   51.11849762,     26.68510102,  206.2267341 ,  -17.86929586,   50.81116425,     30.73172471,  108.75931499,   69.55621299,  -82.05028514,   -109.33119885], [ -655.97834114, 2072.38251106, -317.47794052,  107.45412802,    195.86578347,  153.79848568,  125.25288247,   71.7619991 ,    105.52125806,   56.45912613,   57.52632622,   51.9613732 ,      0.56389057], [ -340.19681741, -317.47794052, 1108.2149262 ,  333.83447157,     95.23575608,   44.63695933,   71.85574457,   70.83493059,      9.48924565,   69.32959302,   64.38400156,   55.93363979,     56.1976778 ], [   51.11849762,  107.45412802,  333.83447157,  469.2364833 ,    178.32003825,   39.45807657,   44.5293673 ,   47.51095926,     57.70594378,   74.10518886,   37.3731964 ,   49.37145911,     41.85634611], [   26.68510102,  195.86578347,   95.23575608,  178.32003825,    268.23674962,   91.33396551,   46.68575458,   56.53328883,     60.50598131,   58.83983448,   23.81411553,   31.7170951 ,     26.23892751], [  206.2267341 ,  153.79848568,   44.63695933,   39.45807657,     91.33396551,  173.32458882,   92.2465941 ,   49.51822996,     40.5580239 ,   30.96633934,   36.99607739,   12.77865897,      4.1044953 ], [  -17.86929586,  125.25288247,   71.85574457,   44.5293673 ,     46.68575458,   92.2465941 ,  180.5205517 ,   58.25895567,     38.75432305,   28.62795543,   36.00858613,   31.56178096,      6.58942796], [   50.81116425,   71.7619991 ,   70.83493059,   47.51095926,     56.53328883,   49.51822996,   58.25895567,  116.95463451,     43.13359617,   15.87090258,    8.59901481,   13.93748322,     18.58908946], [   30.73172471,  105.52125806,    9.48924565,   57.70594378,     60.50598131,   40.5580239 ,   38.75432305,   43.13359617,    121.27109567,   54.11603622,   19.61429116,   16.86916645,      9.98136113], [  108.75931499,   56.45912613,   69.32959302,   74.10518886,     58.83983448,   30.96633934,   28.62795543,   15.87090258,     54.11603622,  118.43243942,   56.99704924,   23.51336925,     17.26145894], [   69.55621299,   57.52632622,   64.38400156,   37.3731964 ,     23.81411553,   36.99607739,   36.00858613,    8.59901481,     19.61429116,   56.99704924,  105.10026649,   47.07440228,     15.20231921], [  -82.05028514,   51.9613732 ,   55.93363979,   49.37145911,     31.7170951 ,   12.77865897,   31.56178096,   13.93748322,     16.86916645,   23.51336925,   47.07440228,   86.40993844,     40.47845816], [ -109.33119885,    0.56389057,   56.1976778 ,   41.85634611,     26.23892751,    4.1044953 ,    6.58942796,   18.58908946,      9.98136113,   17.26145894,   15.20231921,   40.47845816,     86.70057518]]
/root/sim/music/out/Chicago/The_Very_Best_of_Chicago__Only_the_Begin/2-11_Along_Comes_A_Woman.mp3; [-551.72217   ,  78.61445   , -15.429402  ,  27.820055  ,  -0.08499286,    5.7613826 ,   0.07213913,   4.402921  ,   1.9473783 ,   4.407014  ,    1.3500974 ,  -0.0270603 ,  -1.9990679 ]; [[15443.34544148,    9.59227583, -305.67588566,   73.31880924,     75.36281004,  198.08186721, -171.54271682,   40.88894089,      2.86608565,   94.83941463,  -44.67808526,  -31.08291367,    -19.95422094], [    9.59227583,  896.74008014,  -20.74937775,  230.9567212 ,     55.43983342,   71.95721491,  133.11177417,   69.29825055,     53.69803029,   17.18652611,   52.18456087,   13.50721647,      2.68957302], [ -305.67588566,  -20.74937775,  510.80364253,    3.95468117,     97.89858654,   33.78291043,   20.97345318,   53.41568702,     18.82355197,   44.66277609,    6.27694092,   26.65217165,     36.71968639], [   73.31880924,  230.9567212 ,    3.95468117,  331.77498925,     48.26163148,   53.91501976,   94.1046718 ,   53.61356394,     58.07403911,   27.3154523 ,   20.86408782,   24.35167468,      7.05396823], [   75.36281004,   55.43983342,   97.89858654,   48.26163148,    213.7745098 ,   61.42943117,    5.71674966,   45.80301181,     37.01715751,   45.03364077,   17.78978911,   -4.93404542,     36.31204713], [  198.08186721,   71.95721491,   33.78291043,   53.91501976,     61.42943117,  154.4921382 ,   69.58730218,   43.59475905,     24.53870029,   33.74136015,   39.22867671,   16.86016444,      1.34507615], [ -171.54271682,  133.11177417,   20.97345318,   94.1046718 ,      5.71674966,   69.58730218,  213.6723938 ,   67.51824186,     34.06954465,    8.11800037,   43.94991439,   43.568083  ,    -10.11185544], [   40.88894089,   69.29825055,   53.41568702,   53.61356394,     45.80301181,   43.59475905,   67.51824186,  106.65049359,     37.95853722,   30.81908693,   24.04191929,   12.39740825,      7.52922309], [    2.86608565,   53.69803029,   18.82355197,   58.07403911,     37.01715751,   24.53870029,   34.06954465,   37.95853722,     89.559418  ,   35.31568188,    8.67949508,    9.32633634,      2.4667165 ], [   94.83941463,   17.18652611,   44.66277609,   27.3154523 ,     45.03364077,   33.74136015,    8.11800037,   30.81908693,     35.31568188,   86.49186502,   25.70357438,    6.48938628,      4.13920614], [  -44.67808526,   52.18456087,    6.27694092,   20.86408782,     17.78978911,   39.22867671,   43.94991439,   24.04191929,      8.67949508,   25.70357438,   76.4136247 ,   25.40721198,      2.16863752], [  -31.08291367,   13.50721647,   26.65217165,   24.35167468,     -4.93404542,   16.86016444,   43.568083  ,   12.39740825,      9.32633634,    6.48938628,   25.40721198,   67.21186473,     14.15762374], [  -19.95422094,    2.68957302,   36.71968639,    7.05396823,     36.31204713,    1.34507615,  -10.11185544,    7.52922309,      2.4667165 ,    4.13920614,    2.16863752,   14.15762374,     73.69777547]]
/root/sim/music/out/Chicago/The_Very_Best_of_Chicago__Only_the_Begin/1-11_Dialogue_(Part_I_&_II).mp3; [-559.9529    , 109.1486    ,  -1.2004384 ,  32.542076  ,   1.5495195 ,   -0.32822835,   2.8972592 ,   4.292937  ,  -3.2179496 ,   1.2240255 ,    0.06720351,  -5.0844917 ,  -4.0876737 ]; [[ 9586.39018259,-1128.53704495, -299.20396925, -409.75981675,   -214.84015095,  224.20254527, -138.59343166,  -84.65548131,    236.84931856,   -5.65929033, -125.09500728,   28.56514786,     28.543931  ], [-1128.53704495, 1549.95496522, -322.37013925,  187.46303655,     74.09787327,  -56.33949813,  155.73429611,  104.56808952,    -72.19146927,   48.55663664,   63.86577942,  -13.0572387 ,    -48.94884543], [ -299.20396925, -322.37013925,  992.4640468 ,   72.1668026 ,    107.00488737,   94.25640956,   53.89506721,   38.47685912,      2.20365223,  -43.00005772,   37.89911923,   -4.62503719,     22.858608  ], [ -409.75981675,  187.46303655,   72.1668026 ,  381.30129821,    128.6000517 ,  -13.14087863,   83.90185788,   54.66858784,     -8.04363205,   39.03210633,   26.11254591,    6.60065196,     11.35415648], [ -214.84015095,   74.09787327,  107.00488737,  128.6000517 ,    227.01078295,   42.14807997,   43.97505274,   29.75251521,     10.38777164,   31.44350899,   30.13868934,   12.85045131,     17.44927725], [  224.20254527,  -56.33949813,   94.25640956,  -13.14087863,     42.14807997,  185.76526556,   44.72192586,   -7.93789462,     27.43153664,    2.07146003,   17.31189779,   14.33869948,      7.20880133], [ -138.59343166,  155.73429611,   53.89506721,   83.90185788,     43.97505274,   44.72192586,  226.28069359,   79.89323669,    -30.37538662,   11.42103603,   44.31216565,   -8.96495507,     -6.98368162], [  -84.65548131,  104.56808952,   38.47685912,   54.66858784,     29.75251521,   -7.93789462,   79.89323669,  128.37423307,     18.70048043,   18.9055632 ,   16.60421982,    2.00080436,      0.08045487], [  236.84931856,  -72.19146927,    2.20365223,   -8.04363205,     10.38777164,   27.43153664,  -30.37538662,   18.70048043,    140.23177913,   38.65883002,   -8.09755815,   14.58740316,      8.48689208], [   -5.65929033,   48.55663664,  -43.00005772,   39.03210633,     31.44350899,    2.07146003,   11.42103603,   18.9055632 ,     38.65883002,  105.8771212 ,   23.82197871,    9.08183363,     -3.70158803], [ -125.09500728,   63.86577942,   37.89911923,   26.11254591,     30.13868934,   17.31189779,   44.31216565,   16.60421982,     -8.09755815,   23.82197871,   99.30092126,   24.35334429,      4.52274843], [   28.56514786,  -13.0572387 ,   -4.62503719,    6.60065196,     12.85045131,   14.33869948,   -8.96495507,    2.00080436,     14.58740316,    9.08183363,   24.35334429,   92.15239737,     28.60811075], [   28.543931  ,  -48.94884543,   22.858608  ,   11.35415648,     17.44927725,    7.20880133,   -6.98368162,    0.08045487,      8.48689208,   -3.70158803,    4.52274843,   28.60811075,     83.30980506]]
/root/sim/music/out/Chicago/The_Very_Best_of_Chicago__Only_the_Begin/1-18_Another_Rainy_Day_In_New_York_C.mp3; [-593.2909   , 114.438576 ,   8.659371 ,  19.957808 ,   6.0176783,    7.4316034,   0.6485786,   4.018595 ,   2.7933989,   1.6002796,    1.7732852,   0.7763358,   1.4163991]; [[19325.49470549, 1433.39511942, -258.37506005,  184.97060833,    -34.11540661,   19.75637492,  -79.65562318,  -85.73257573,     13.83641468,   47.64231715,   -8.13319524,   40.85656316,     23.15909612], [ 1433.39511942, 1371.19360117, -458.39920227,   33.24221886,     75.98269807,   33.79945544,   46.46795282,   42.7077944 ,     20.08281754,  -40.9862497 ,   33.88847674,   50.35592614,     21.82071111], [ -258.37506005, -458.39920227,  903.49868679,  140.60640531,     92.32164895,  102.79284222,   -8.65694146,   40.00644621,      3.9353834 ,   20.50814281,  -42.27850529,  -61.07122893,     -6.5474477 ], [  184.97060833,   33.24221886,  140.60640531,  286.40441652,     58.79118058,   43.39426129,   -0.00422805,    0.71687923,     17.40757395,   15.5217879 ,  -25.33536204,  -24.04987825,    -11.57187993], [  -34.11540661,   75.98269807,   92.32164895,   58.79118058,    182.23851138,   34.31101373,   17.03481237,   26.47356705,     21.12968293,   16.10389511,  -11.70840285,    9.00039376,      8.33281187], [   19.75637492,   33.79945544,  102.79284222,   43.39426129,     34.31101373,  160.69190668,   44.53052479,   21.12354863,     -3.60629926,   -1.54671519,    4.58755666,   -6.13468131,     -0.68701205], [  -79.65562318,   46.46795282,   -8.65694146,   -0.00422805,     17.03481237,   44.53052479,  118.21378575,   26.31213776,     12.11035282,    6.25419184,   23.63020799,    7.43371085,      2.55496772], [  -85.73257573,   42.7077944 ,   40.00644621,    0.71687923,     26.47356705,   21.12354863,   26.31213776,  108.09210519,     22.95527773,    3.95628177,    6.47005367,   -3.20097009,      7.50294932], [   13.83641468,   20.08281754,    3.9353834 ,   17.40757395,     21.12968293,   -3.60629926,   12.11035282,   22.95527773,    115.09473776,   43.32715347,    5.07117244,   -2.34469729,      0.16446323], [   47.64231715,  -40.9862497 ,   20.50814281,   15.5217879 ,     16.10389511,   -1.54671519,    6.25419184,    3.95628177,     43.32715347,  103.59126604,   29.893478  ,   -2.90674501,     -6.28901884], [   -8.13319524,   33.88847674,  -42.27850529,  -25.33536204,    -11.70840285,    4.58755666,   23.63020799,    6.47005367,      5.07117244,   29.893478  ,   94.85752543,   27.17228809,     -4.22133627], [   40.85656316,   50.35592614,  -61.07122893,  -24.04987825,      9.00039376,   -6.13468131,    7.43371085,   -3.20097009,     -2.34469729,   -2.90674501,   27.17228809,   73.7162382 ,     19.33213172], [   23.15909612,   21.82071111,   -6.5474477 ,  -11.57187993,      8.33281187,   -0.68701205,    2.55496772,    7.50294932,      0.16446323,   -6.28901884,   -4.22133627,   19.33213172,     68.21998616]]
/root/sim/music/out/Chicago/The_Very_Best_of_Chicago__Only_the_Begin/1-13_Feelin'_Stronger_Every_Day.mp3; [-559.94696  , 111.41632  , -11.315314 ,  25.946089 ,   1.0954149,   11.284201 ,   1.7714828,   3.5065432,   4.0712266,   2.136074 ,   -2.543538 ,  -1.3218446,  -2.3690813]; [[11070.44216809,-1174.73617677,   53.83473761,  248.48409786,    -67.58557613,  225.52894477,  -44.26891   ,  -71.05170679,    103.2558265 ,   57.72808183,  -42.30924817,  -19.54975641,    -33.32034486], [-1174.73617677, 1740.92039274, -300.81891663,   22.10365031,     82.11467585,  -69.46077525,   83.7544287 ,   57.51332192,    -19.08511041,  -28.57758211,   52.32229834,   36.38481836,     -1.92220592], [   53.83473761, -300.81891663,  628.67104059,   72.27706493,     35.63508496,   47.82539551,  -15.19668697,   61.23502582,     -1.3554786 ,   28.89231862,   -9.98175462,    9.04369159,     24.60422087], [  248.48409786,   22.10365031,   72.27706493,  278.47884542,     36.11606036,   52.86555645,   39.59301472,   38.0163702 ,     34.22587581,   22.47149227,    4.61940702,    7.49925537,      4.88410122], [  -67.58557613,   82.11467585,   35.63508496,   36.11606036,    173.45225653,   30.46152464,   17.65081426,   29.46443423,     26.22257335,   19.38418611,   -4.76949902,   11.81886374,     13.35527017], [  225.52894477,  -69.46077525,   47.82539551,   52.86555645,     30.46152464,  127.40611298,   55.25237719,   19.88162469,     31.22701954,   17.46413031,   20.97791176,    5.22425226,     -2.70757002], [  -44.26891   ,   83.7544287 ,  -15.19668697,   39.59301472,     17.65081426,   55.25237719,  129.25862692,   27.50721223,     16.76453414,    5.94321218,   31.52343863,    9.95234624,     -8.8239622 ], [  -71.05170679,   57.51332192,   61.23502582,   38.0163702 ,     29.46443423,   19.88162469,   27.50721223,   83.23567146,     23.71797685,   14.92904632,    9.66970343,    6.80534991,      8.39227558], [  103.2558265 ,  -19.08511041,   -1.3554786 ,   34.22587581,     26.22257335,   31.22701954,   16.76453414,   23.71797685,     84.37886719,   31.04245103,    7.84863029,    1.4434458 ,      0.24106477], [   57.72808183,  -28.57758211,   28.89231862,   22.47149227,     19.38418611,   17.46413031,    5.94321218,   14.92904632,     31.04245103,   62.88434032,   16.16103591,    3.26556433,      4.47794481], [  -42.30924817,   52.32229834,   -9.98175462,    4.61940702,     -4.76949902,   20.97791176,   31.52343863,    9.66970343,      7.84863029,   16.16103591,   61.57702633,   11.54785415,     -3.76720053], [  -19.54975641,   36.38481836,    9.04369159,    7.49925537,     11.81886374,    5.22425226,    9.95234624,    6.80534991,      1.4434458 ,    3.26556433,   11.54785415,   52.98597068,     15.03718924], [  -33.32034486,   -1.92220592,   24.60422087,    4.88410122,     13.35527017,   -2.70757002,   -8.8239622 ,    8.39227558,      0.24106477,    4.47794481,   -3.76720053,   15.03718924,     52.17098216]]
/root/sim/music/out/Chicago/The_Very_Best_of_Chicago__Only_the_Begin/1-04_Beginnings.mp3; [-546.27936   , 107.828636  , -12.563063  ,  36.023037  ,   3.5084004 ,    8.9021845 ,  -3.9534962 ,   2.4606276 ,  -1.135498  ,   2.5118496 ,   -2.1470006 ,   0.67905176,  -1.8442686 ]; [[10293.76064321, -250.21549229, -731.82925061,  164.7184041 ,   -220.84916488,  149.6499682 ,   23.26050729,   62.56247919,     12.72180095,   65.68001762,  -51.47987758,  -86.47529001,    -92.6904818 ], [ -250.21549229, 1187.9526457 ,  165.04588884,   -2.45556953,    209.07031477,   24.0541557 ,   54.62773204,  -17.56093804,    -35.06140276,  -34.75160808,    9.77041869,   42.84975563,     49.47009245], [ -731.82925061,  165.04588884,  497.53090399,   63.46678577,    123.66823766,   30.42418155,    5.09959794,    3.81750008,      5.67409872,  -16.30933163,   -4.64785456,   24.04240171,     25.71380316], [  164.7184041 ,   -2.45556953,   63.46678577,  237.02630219,     68.22334186,   17.91413567,   -8.12146177,   -3.86486832,      6.23325286,    6.97615225,  -14.21969402,  -16.15329056,      6.04539554], [ -220.84916488,  209.07031477,  123.66823766,   68.22334186,    232.55488866,   27.4032213 ,   -0.22570954,  -35.38211815,     -0.6521019 ,   10.03612839,   -8.40324145,   17.74952799,     21.78539458], [  149.6499682 ,   24.0541557 ,   30.42418155,   17.91413567,     27.4032213 ,  103.48650898,   36.58327091,   15.21036045,      1.02714513,    3.44703018,    9.45664568,    2.36781837,    -11.08164951], [   23.26050729,   54.62773204,    5.09959794,   -8.12146177,     -0.22570954,   36.58327091,  105.43980013,   37.22738034,     -5.72707923,   -7.52465758,   11.41841035,   12.29733815,      3.0527876 ], [   62.56247919,  -17.56093804,    3.81750008,   -3.86486832,    -35.38211815,   15.21036045,   37.22738034,   84.83590539,     27.71588595,    5.02802454,   10.75616163,    2.61092201,     -0.45508631], [   12.72180095,  -35.06140276,    5.67409872,    6.23325286,     -0.6521019 ,    1.02714513,   -5.72707923,   27.71588595,     84.80811072,   34.91902912,   10.7154791 ,   -0.62607537,     -3.45758418], [   65.68001762,  -34.75160808,  -16.30933163,    6.97615225,     10.03612839,    3.44703018,   -7.52465758,    5.02802454,     34.91902912,   79.08918032,   27.78605307,    5.02051022,     -4.33064992], [  -51.47987758,    9.77041869,   -4.64785456,  -14.21969402,     -8.40324145,    9.45664568,   11.41841035,   10.75616163,     10.7154791 ,   27.78605307,   75.34931824,   33.25610387,      6.99134788], [  -86.47529001,   42.84975563,   24.04240171,  -16.15329056,     17.74952799,    2.36781837,   12.29733815,    2.61092201,     -0.62607537,    5.02051022,   33.25610387,   76.18646852,     36.62172392], [  -92.6904818 ,   49.47009245,   25.71380316,    6.04539554,     21.78539458,  -11.08164951,    3.0527876 ,   -0.45508631,     -3.45758418,   -4.33064992,    6.99134788,   36.62172392,     78.25047766]]
/root/sim/music/out/U2/U218_Singles/01_I_Will_Follow.mp3; [-548.42334  , 116.18983  ,  -2.411989 ,  22.980974 ,  13.651696 ,   13.865508 ,   3.3397045,  10.193241 ,  -1.6467663,   8.218104 ,   -2.8675463,   2.2978857,  -2.3055432]; [[18839.52015176,  515.95432357, -346.87117188,   58.69220556,    142.65589067,  314.98900145,   42.97586193,  249.20014375,   -149.77796251,  121.21929276, -150.15726517,  -14.35424032,   -240.36588107], [  515.95432357,  798.32677012, -104.09601348,   77.34696589,    -21.89631487,   37.33672922,   64.73449893,   48.83305078,     45.04434767,    7.52805386,   19.05902631,   -5.0652772 ,     15.72236933], [ -346.87117188, -104.09601348,  680.34627399,   38.3468177 ,    -22.59334432,  -27.57290941,   28.40541212,   24.61211607,    -55.75684592,   -6.13694308,   16.76698614,   48.78344144,    -17.11460972], [   58.69220556,   77.34696589,   38.3468177 ,  230.78397113,     43.51620176,   10.91582342,  -13.21673694,   -5.67276671,     25.88766646,   -8.49950161,   14.18332806,   -2.78513543,     -4.54390142], [  142.65589067,  -21.89631487,  -22.59334432,   43.51620176,    233.81013198,   49.97374189,   12.64831936,    2.84595036,     41.48542971,   14.49829302,   -4.74208386,   -3.10941688,      2.77962976], [  314.98900145,   37.33672922,  -27.57290941,   10.91582342,     49.97374189,  151.84543183,   46.60987316,   17.39026209,     43.93063089,   -7.36739666,    3.41194157,   -0.87599679,     -5.09431333], [   42.97586193,   64.73449893,   28.40541212,  -13.21673694,     12.64831936,   46.60987316,  157.76108005,   60.63986771,     23.59012649,   15.52720131,    6.29618526,   12.38254002,     -3.70296415], [  249.20014375,   48.83305078,   24.61211607,   -5.67276671,      2.84595036,   17.39026209,   60.63986771,  126.75988465,      8.18594323,   33.37029916,    3.86811323,    7.28371435,     -2.36900877], [ -149.77796251,   45.04434767,  -55.75684592,   25.88766646,     41.48542971,   43.93063089,   23.59012649,    8.18594323,    134.63869521,    3.98438471,    7.95544761,    1.20037051,     -9.27399519], [  121.21929276,    7.52805386,   -6.13694308,   -8.49950161,     14.49829302,   -7.36739666,   15.52720131,   33.37029916,      3.98438471,  100.64716343,   10.23068436,    6.99155118,     -8.98582917], [ -150.15726517,   19.05902631,   16.76698614,   14.18332806,     -4.74208386,    3.41194157,    6.29618526,    3.86811323,      7.95544761,   10.23068436,   75.40358662,    5.98769794,      3.67769519], [  -14.35424032,   -5.0652772 ,   48.78344144,   -2.78513543,     -3.10941688,   -0.87599679,   12.38254002,    7.28371435,      1.20037051,    6.99155118,    5.98769794,   75.24256617,     11.34349236], [ -240.36588107,   15.72236933,  -17.11460972,   -4.54390142,      2.77962976,   -5.09431333,   -3.70296415,   -2.36900877,     -9.27399519,   -8.98582917,    3.67769519,   11.34349236,     71.87724394]]
/root/sim/music/out/U2/U218_Singles/03_I_Still_Haven't_Found_What_I'm_Lo.mp3; [-572.3078   , 152.87785  , -10.398521 ,  29.879974 ,  -4.059647 ,    1.5125605,  -3.4601038,   9.352256 ,  -0.5790613,  10.122002 ,    2.312473 ,  -1.8346653,   1.3046373]; [[14960.61047996,  266.86648535, -610.80621824,  -59.22167921,   -193.77561747,  -74.04929061,   78.0359061 ,  234.04959465,    126.86344004,  123.98216598,   22.88702351,  116.45728032,     50.45839233], [  266.86648535,  985.40205882, -291.90469996,   49.79258582,    -81.88264052,  -93.52424522,   70.21487596,   25.55303166,    -29.53198414,   59.76682882,  -16.10666925,   18.33194437,     23.62549635], [ -610.80621824, -291.90469996,  468.64377206,   20.93788281,    116.03244988,   96.1292066 ,    5.29092008,   30.8855219 ,     47.81705347,   -7.04793329,   41.42504669,   16.38739583,     13.79153588], [  -59.22167921,   49.79258582,   20.93788281,  249.82296232,     94.71207413,   60.06656283,    7.72292055,   10.57561473,     50.96552261,   10.65568687,  -12.83380471,   11.55456682,     10.84716832], [ -193.77561747,  -81.88264052,  116.03244988,   94.71207413,    211.76827104,   76.51252436,   19.68363124,   24.32271612,     52.58462193,    8.91424374,   19.56053856,   17.86151714,      3.30236574], [  -74.04929061,  -93.52424522,   96.1292066 ,   60.06656283,     76.51252436,  172.0245246 ,   52.85046401,   41.11658693,     32.06426868,   -0.87535186,   28.6944898 ,   12.44836414,      3.66746749], [   78.0359061 ,   70.21487596,    5.29092008,    7.72292055,     19.68363124,   52.85046401,  221.64401394,   64.35338495,     32.31801204,   34.50715329,   27.93325581,   53.68856805,      3.90468373], [  234.04959465,   25.55303166,   30.8855219 ,   10.57561473,     24.32271612,   41.11658693,   64.35338495,  122.76863753,     43.66179978,   21.23373116,   27.35215307,   15.81277798,     20.3529214 ], [  126.86344004,  -29.53198414,   47.81705347,   50.96552261,     52.58462193,   32.06426868,   32.31801204,   43.66179978,    139.45888466,   38.76381999,    4.83900439,   18.67296803,     -2.82508874], [  123.98216598,   59.76682882,   -7.04793329,   10.65568687,      8.91424374,   -0.87535186,   34.50715329,   21.23373116,     38.76381999,   90.21538432,   24.20926979,   21.18405023,      3.7469472 ], [   22.88702351,  -16.10666925,   41.42504669,  -12.83380471,     19.56053856,   28.6944898 ,   27.93325581,   27.35215307,      4.83900439,   24.20926979,   95.17598327,   30.10763325,     13.11804443], [  116.45728032,   18.33194437,   16.38739583,   11.55456682,     17.86151714,   12.44836414,   53.68856805,   15.81277798,     18.67296803,   21.18405023,   30.10763325,  106.81590538,     23.63650998], [   50.45839233,   23.62549635,   13.79153588,   10.84716832,      3.30236574,    3.66746749,    3.90468373,   20.3529214 ,     -2.82508874,    3.7469472 ,   13.11804443,   23.63650998,     79.2561205 ]]
/root/sim/music/out/U2/U218_Singles/07_New_Year's_Day.mp3; [-522.07404  , 124.45043  , -22.507109 ,  14.719578 ,  14.707216 ,   10.453861 ,   3.088189 ,   2.644285 ,   2.1544156,   6.367869 ,   -4.4309754,  -3.7001724,  -3.4650192]; [[11325.64884709,  318.02785429, -246.28739655,   67.95671246,    -94.17684764,   48.41430437,  -40.01305941,  -49.79352933,    -66.36716337,   15.25594117,  -15.88998075,  -25.05052023,      2.37914996], [  318.02785429,  888.69570429, -194.41338136,   90.16028283,     93.20399688,  -58.65853247,  -34.70965492,   39.07818722,     24.49971031,   -6.09966521,  -36.66180407,   -6.65257785,     18.64700062], [ -246.28739655, -194.41338136,  295.7180355 ,  -58.27705603,    -12.49393107,   29.48799884,   -6.51170444,   -3.25570117,     13.23412679,  -22.71858452,   15.26357939,    8.85434527,     -4.4444287 ], [   67.95671246,   90.16028283,  -58.27705603,  181.93859577,     53.93425527,  -10.28720925,  -10.51811542,   18.46475206,      7.23502317,   -2.27255185,   -4.76996245,    4.87263267,     28.21374234], [  -94.17684764,   93.20399688,  -12.49393107,   53.93425527,    157.16800646,    7.86613573,  -25.47312532,    6.42363737,     26.85727216,    0.54142079,    3.95996423,    3.63933936,     17.32636095], [   48.41430437,  -58.65853247,   29.48799884,  -10.28720925,      7.86613573,  105.59226264,   45.64063692,   -0.84978215,     -6.2810208 ,    3.14831813,   -4.65380951,   -9.14847215,    -16.47424396], [  -40.01305941,  -34.70965492,   -6.51170444,  -10.51811542,    -25.47312532,   45.64063692,  155.78825812,   17.02481267,    -13.39365705,   19.06246252,   -7.55314166,   -1.42475881,    -15.13584541], [  -49.79352933,   39.07818722,   -3.25570117,   18.46475206,      6.42363737,   -0.84978215,   17.02481267,   79.68582905,     27.58883562,   -7.93625156,   -0.52163637,   -3.22098052,     -4.05897178], [  -66.36716337,   24.49971031,   13.23412679,    7.23502317,     26.85727216,   -6.2810208 ,  -13.39365705,   27.58883562,     89.37523621,   11.21188789,   -6.32510675,    2.54832269,    -10.13366023], [   15.25594117,   -6.09966521,  -22.71858452,   -2.27255185,      0.54142079,    3.14831813,   19.06246252,   -7.93625156,     11.21188789,   82.25600059,   24.27905582,    5.67237075,     -9.39467381], [  -15.88998075,  -36.66180407,   15.26357939,   -4.76996245,      3.95996423,   -4.65380951,   -7.55314166,   -0.52163637,     -6.32510675,   24.27905582,   83.22956876,   34.42541391,      6.07415398], [  -25.05052023,   -6.65257785,    8.85434527,    4.87263267,      3.63933936,   -9.14847215,   -1.42475881,   -3.22098052,      2.54832269,    5.67237075,   34.42541391,   63.46007835,     25.50300904], [    2.37914996,   18.64700062,   -4.4444287 ,   28.21374234,     17.32636095,  -16.47424396,  -15.13584541,   -4.05897178,    -10.13366023,   -9.39467381,    6.07415398,   25.50300904,     79.48290183]]
/root/sim/music/out/U2/U218_Singles/04_Pride_(In_The_Name_Of_Love).mp3; [-522.81854  , 109.47763  , -24.937607 ,  25.04421  ,  13.010225 ,    9.952164 ,  -1.241247 ,   5.904391 ,   0.8355213,   8.179204 ,    2.807617 ,   1.1312981,  -5.4944925]; [[14096.06642159,  330.29652231, -110.22453265,  139.42318285,   -123.96579756,   62.00403973,  -69.6247697 ,   22.78165151,    -19.0738477 ,   57.46541602,  -25.8630085 , -102.73407641,    -45.64455623], [  330.29652231,  880.91824512, -360.23843251,   48.89732475,     36.24236018,  -80.72751092,   10.68502807,   20.74119796,    -59.96483454,   49.64530961,   16.06488162,   28.71350256,     -3.11904019], [ -110.22453265, -360.23843251,  622.2053734 ,   83.7706631 ,    -45.2193573 ,  107.99620387,  -26.73148978,   -6.84061733,      7.17309102,  -73.86515898,  -42.90701516,  -37.58519066,    -20.29606549], [  139.42318285,   48.89732475,   83.7706631 ,  246.54885549,     31.48870886,   53.63501374,  -24.40620213,    4.50222161,    -11.48761204,  -11.65305248,  -11.89630556,   -0.6275282 ,      1.36192082], [ -123.96579756,   36.24236018,  -45.2193573 ,   31.48870886,    184.68586953,   33.80528222,    6.02551584,   10.02777039,     25.06924949,   20.09960194,   18.4564185 ,   17.28115772,      5.18325464], [   62.00403973,  -80.72751092,  107.99620387,   53.63501374,     33.80528222,  162.10666243,   24.78438942,   22.59133095,     28.87658567,  -16.12246948,  -14.78821507,  -15.50702646,     -8.77078307], [  -69.6247697 ,   10.68502807,  -26.73148978,  -24.40620213,      6.02551584,   24.78438942,  118.33761372,   44.06060807,      5.26891347,    8.08602149,   12.9753093 ,    0.58327149,     -5.85471252], [   22.78165151,   20.74119796,   -6.84061733,    4.50222161,     10.02777039,   22.59133095,   44.06060807,   94.00552281,     42.43203959,    9.47998193,   -1.78523433,   -4.7766991 ,     -2.20523855], [  -19.0738477 ,  -59.96483454,    7.17309102,  -11.48761204,     25.06924949,   28.87658567,    5.26891347,   42.43203959,    137.62057552,   43.79772907,   14.74247786,    8.73483443,      1.74421844], [   57.46541602,   49.64530961,  -73.86515898,  -11.65305248,     20.09960194,  -16.12246948,    8.08602149,    9.47998193,     43.79772907,  106.73215632,   42.71535733,   22.5806356 ,     10.99711923], [  -25.8630085 ,   16.06488162,  -42.90701516,  -11.89630556,     18.4564185 ,  -14.78821507,   12.9753093 ,   -1.78523433,     14.74247786,   42.71535733,   95.26901063,   43.90624159,      1.07184553], [ -102.73407641,   28.71350256,  -37.58519066,   -0.6275282 ,     17.28115772,  -15.50702646,    0.58327149,   -4.7766991 ,      8.73483443,   22.5806356 ,   43.90624159,   81.54015634,     31.67676959], [  -45.64455623,   -3.11904019,  -20.29606549,    1.36192082,      5.18325464,   -8.77078307,   -5.85471252,   -2.20523855,      1.74421844,   10.99711923,    1.07184553,   31.67676959,     76.52270984]]
