/root/sim/music/out/いとうかなこ/Reactor/02-非実在青少年.mp3; [-553.3837    , 102.881355  ,  -1.384951  ,  27.566929  ,  -0.01718665,    1.0051914 ,   2.4504082 ,   7.6166687 ,   1.0460721 ,   3.76876   ,   -0.9712283 ,   3.61798   ,   1.6901087 ]; [[14992.45405988, -205.26869051,  246.53949734,  758.77943951,    612.26080723,  366.9494012 ,   54.60879844,  115.88229065,   -133.05309909,   29.75368278,  -22.53113802,   98.48491147,    124.60236788], [ -205.26869051, 1217.34167434, -272.68967932,  133.53920184,    -85.79264373,   22.02541464,  120.36397557,   28.58404644,     55.50535412,    7.53293864,   26.76972475,  -21.30048178,     17.7659525 ], [  246.53949734, -272.68967932,  604.98132018,  -18.09350282,     79.59729859,  106.47646945,  -58.07977164,   16.17350994,    -28.46639409,   -1.11039788,    3.02459415,   -9.97555743,     25.72746341], [  758.77943951,  133.53920184,  -18.09350282,  401.52559234,     84.76232789,   15.26909573,   11.20247903,   45.77426422,     37.43155224,  -21.96005856,   15.96812322,   17.34541858,     20.87388808], [  612.26080723,  -85.79264373,   79.59729859,   84.76232789,    214.15278314,   44.31815168,    3.45774083,   36.99444467,     13.1441767 ,    4.02712056,   -1.22221001,    6.17355694,     19.41377394], [  366.9494012 ,   22.02541464,  106.47646945,   15.26909573,     44.31815168,  256.90849323,   63.79430714,   19.77254652,      1.48976742,   30.54266512,   39.15676132,  -19.19438669,     41.10706824], [   54.60879844,  120.36397557,  -58.07977164,   11.20247903,      3.45774083,   63.79430714,  156.07666744,   18.48518917,     -9.18462287,    3.97845515,   11.52157397,   13.62820152,     11.82574683], [  115.88229065,   28.58404644,   16.17350994,   45.77426422,     36.99444467,   19.77254652,   18.48518917,  145.24108235,     65.19161736,   13.30978853,    8.27232583,   -9.69349178,     28.28842305], [ -133.05309909,   55.50535412,  -28.46639409,   37.43155224,     13.1441767 ,    1.48976742,   -9.18462287,   65.19161736,    140.5144508 ,   38.69013492,   18.57410902,  -11.20331618,      9.73625985], [   29.75368278,    7.53293864,   -1.11039788,  -21.96005856,      4.02712056,   30.54266512,    3.97845515,   13.30978853,     38.69013492,   88.9249204 ,   29.65289748,   -2.81257472,      7.12476361], [  -22.53113802,   26.76972475,    3.02459415,   15.96812322,     -1.22221001,   39.15676132,   11.52157397,    8.27232583,     18.57410902,   29.65289748,   81.63807837,   19.91595265,      7.07012017], [   98.48491147,  -21.30048178,   -9.97555743,   17.34541858,      6.17355694,  -19.19438669,   13.62820152,   -9.69349178,    -11.20331618,   -2.81257472,   19.91595265,   88.64615651,     15.91277526], [  124.60236788,   17.7659525 ,   25.72746341,   20.87388808,     19.41377394,   41.10706824,   11.82574683,   28.28842305,      9.73625985,    7.12476361,    7.07012017,   15.91277526,     82.51011919]]
/root/sim/music/out/いとうかなこ/VECTOR/09_宇宙エンジニア.mp3; [-510.98624  ,  90.77967  ,   0.3935151,  25.82105  ,  12.127346 ,    9.662611 ,  12.258685 ,  10.541095 ,   7.3853636,   6.896042 ,    3.125756 ,   4.291337 ,   1.4664571]; [[15021.63949466,-1343.93348485,  347.45607456,  414.62600412,    538.63843276,  307.33285177,  355.85188479,  292.30926592,    166.94601697,  133.25493666,  103.76161559,   87.5519546 ,    103.22671987], [-1343.93348485, 1453.11551639, -328.50035715,  -14.04803107,   -108.5278684 ,  -68.08297629,  -44.7368788 ,  -54.00281466,    -11.31882124,  -33.96778321,  -16.68731692,  -13.63155381,    -21.59404791], [  347.45607456, -328.50035715,  581.37370312,   27.81104411,    127.76914747,   87.1110824 ,    8.53847164,   43.93159005,      0.23143453,   12.30586668,   16.25814444,   -4.32869212,     -6.05864912], [  414.62600412,  -14.04803107,   27.81104411,  265.57739489,    124.80243364,   11.18318857,   10.19774384,   42.19972311,     40.11153814,   -0.54041662,   12.21531774,   10.3961035 ,      9.970403  ], [  538.63843276, -108.5278684 ,  127.76914747,  124.80243364,    249.37798365,   86.87656668,   47.71703872,   67.10507285,     38.12533871,    7.01119107,   17.91927888,   -6.80393245,      5.63220188], [  307.33285177,  -68.08297629,   87.1110824 ,   11.18318857,     86.87656668,  252.37581739,   47.90862672,   51.64153928,      3.17382803,   15.70920648,   36.32031635,  -37.77407423,     -0.25028837], [  355.85188479,  -44.7368788 ,    8.53847164,   10.19774384,     47.71703872,   47.90862672,  135.318134  ,   36.71806032,     11.20844747,   10.94344399,   21.32589691,   15.90248575,      6.08811952], [  292.30926592,  -54.00281466,   43.93159005,   42.19972311,     67.10507285,   51.64153928,   36.71806032,  106.02838206,     36.91304478,    9.19740947,   12.42692518,   -8.37654881,      8.71609042], [  166.94601697,  -11.31882124,    0.23143453,   40.11153814,     38.12533871,    3.17382803,   11.20844747,   36.91304478,     79.92612158,   19.30895637,    2.73602079,   -1.30892776,      8.32562514], [  133.25493666,  -33.96778321,   12.30586668,   -0.54041662,      7.01119107,   15.70920648,   10.94344399,    9.19740947,     19.30895637,   62.10063575,   24.40987979,    7.1809826 ,      2.48323367], [  103.76161559,  -16.68731692,   16.25814444,   12.21531774,     17.91927888,   36.32031635,   21.32589691,   12.42692518,      2.73602079,   24.40987979,   67.57731278,   24.14439632,      4.37620056], [   87.5519546 ,  -13.63155381,   -4.32869212,   10.3961035 ,     -6.80393245,  -37.77407423,   15.90248575,   -8.37654881,     -1.30892776,    7.1809826 ,   24.14439632,   72.80692405,     22.89136019], [  103.22671987,  -21.59404791,   -6.05864912,    9.970403  ,      5.63220188,   -0.25028837,    6.08811952,    8.71609042,      8.32562514,    2.48323367,    4.37620056,   22.89136019,     50.76671727]]
/root/sim/music/out/いとうかなこ/VECTOR/01_Hacking_to_the_Gate.mp3; [-487.90762  , 105.12225  , -10.999088 ,  29.129042 ,   5.364443 ,    2.6933665,   7.3948383,   6.394311 ,   3.318972 ,   5.026986 ,   -1.0024315,   4.6110196,  -0.5132735]; [[15389.62092439, -375.81885145, -439.14616497,  101.59361934,    -31.17767901,   45.51464296,  103.81631468,  152.76500811,    115.7424566 ,  159.15314761,  -12.09413169,  101.85470351,     -2.55938931], [ -375.81885145, 1030.90894277, -214.82837387,  165.62313683,     18.44332877,  -43.97761471,    7.87466509,  -23.61689097,     -0.56470283,  -11.4441109 ,  -31.63788432,  -31.67719254,    -41.06952505], [ -439.14616497, -214.82837387,  520.04776755,  -60.16558728,     36.1230006 ,   50.85389652,    5.4730834 ,   26.81800243,    -35.04662349,  -16.64650371,   12.93587758,   11.16676979,     23.28679545], [  101.59361934,  165.62313683,  -60.16558728,  251.30230286,     40.86191924,  -45.68383934,  -42.12728493,    0.03018775,     13.70381153,  -10.06569467,   -2.78516516,   13.72226416,    -19.05856334], [  -31.17767901,   18.44332877,   36.1230006 ,   40.86191924,    121.98621157,   15.30440669,    1.7659419 ,   12.88699798,      7.38124237,    7.37667837,    0.88685302,    4.50142307,      6.00418616], [   45.51464296,  -43.97761471,   50.85389652,  -45.68383934,     15.30440669,  145.30692595,   53.17053997,   19.35107951,      1.70853955,   22.6918714 ,   12.3589236 ,   -6.95761982,     16.42941385], [  103.81631468,    7.87466509,    5.4730834 ,  -42.12728493,      1.7659419 ,   53.17053997,  103.97896828,   31.59477641,      1.76757644,   16.89586109,   11.28607915,   14.70026153,     15.39594589], [  152.76500811,  -23.61689097,   26.81800243,    0.03018775,     12.88699798,   19.35107951,   31.59477641,   77.93213003,     25.57725535,    7.1091428 ,    4.52096052,    4.56621915,      9.16457397], [  115.7424566 ,   -0.56470283,  -35.04662349,   13.70381153,      7.38124237,    1.70853955,    1.76757644,   25.57725535,     71.44375561,   22.07274397,    4.7778424 ,   -1.41466547,      2.05261585], [  159.15314761,  -11.4441109 ,  -16.64650371,  -10.06569467,      7.37667837,   22.6918714 ,   16.89586109,    7.1091428 ,     22.07274397,   64.6003266 ,   20.52076781,    8.12710839,      7.09072006], [  -12.09413169,  -31.63788432,   12.93587758,   -2.78516516,      0.88685302,   12.3589236 ,   11.28607915,    4.52096052,      4.7778424 ,   20.52076781,   54.79528158,   26.31589518,     10.10762434], [  101.85470351,  -31.67719254,   11.16676979,   13.72226416,      4.50142307,   -6.95761982,   14.70026153,    4.56621915,     -1.41466547,    8.12710839,   26.31589518,   64.23629914,     24.79233417], [   -2.55938931,  -41.06952505,   23.28679545,  -19.05856334,      6.00418616,   16.42941385,   15.39594589,    9.16457397,      2.05261585,    7.09072006,   10.10762434,   24.79233417,     52.56284264]]
/root/sim/music/out/いとうかなこ/VECTOR/13_Amaranthine.mp3; [-513.51044   , 104.04734   ,  -3.427092  ,  16.965155  ,   6.3482223 ,    3.538166  ,   5.044961  ,   3.6305118 ,  -0.05737264,   1.1119113 ,   -5.0296946 ,  -3.6820374 ,  -2.0139744 ]; [[11086.41038988, -419.44925546,  515.29580761,  618.43843134,    269.14964133,  237.71065068,  191.63994434,  217.74318167,    110.13779759,  154.72938909,   -3.31388504,   53.12716783,    234.70291096], [ -419.44925546,  943.23691353, -233.42194947,   34.29472747,      5.2607335 ,    2.67992035,   55.80756795,   -7.87629738,     -9.73510923,    5.06715807,  -19.23594721,  -23.5594976 ,    -61.76861001], [  515.29580761, -233.42194947,  501.55042641,   42.86327419,     83.35792304,   41.48672182,  -18.72929607,    8.77803006,      7.41026517,    6.88675294,   14.88067791,   18.66776927,     24.19608658], [  618.43843134,   34.29472747,   42.86327419,  344.18100978,     62.43041073,   80.55920542,   -5.66991687,   68.4134779 ,     47.9205325 ,   30.37134967,   17.45026113,   29.05418242,     19.73198221], [  269.14964133,    5.2607335 ,   83.35792304,   62.43041073,    163.09962482,   -1.43340358,   21.74557863,    9.60563737,     21.61762149,   16.74184374,    6.80055364,   17.64507868,      8.47862151], [  237.71065068,    2.67992035,   41.48672182,   80.55920542,     -1.43340358,  227.00791766,   31.58552464,   55.9424043 ,      4.22375541,   28.37855368,   31.91316996,   15.26308419,     16.44750878], [  191.63994434,   55.80756795,  -18.72929607,   -5.66991687,     21.74557863,   31.58552464,  127.27949367,   21.06633233,      7.95036994,   21.60661326,    6.42754242,    1.90876054,     12.86018078], [  217.74318167,   -7.87629738,    8.77803006,   68.4134779 ,      9.60563737,   55.9424043 ,   21.06633233,  116.56073941,     35.71601526,   17.79618931,    9.73417544,   11.15557409,     16.84439957], [  110.13779759,   -9.73510923,    7.41026517,   47.9205325 ,     21.61762149,    4.22375541,    7.95036994,   35.71601526,     90.34392087,   28.82856247,    5.84426553,    4.50303527,     13.11724887], [  154.72938909,    5.06715807,    6.88675294,   30.37134967,     16.74184374,   28.37855368,   21.60661326,   17.79618931,     28.82856247,   91.87449577,   28.26420841,    6.85116088,     10.4428755 ], [   -3.31388504,  -19.23594721,   14.88067791,   17.45026113,      6.80055364,   31.91316996,    6.42754242,    9.73417544,      5.84426553,   28.26420841,   77.94193105,   25.58566334,     10.68684127], [   53.12716783,  -23.5594976 ,   18.66776927,   29.05418242,     17.64507868,   15.26308419,    1.90876054,   11.15557409,      4.50303527,    6.85116088,   25.58566334,   75.09673993,     26.76184045], [  234.70291096,  -61.76861001,   24.19608658,   19.73198221,      8.47862151,   16.44750878,   12.86018078,   16.84439957,     13.11724887,   10.4428755 ,   10.68684127,   26.76184045,     87.58892895]]
/root/sim/music/out/いとうかなこ/VECTOR/11_Fly_to_the_sky.mp3; [-539.3766   , 110.70361  ,  -1.715686 ,  22.310476 ,   8.766013 ,    2.22573  ,  14.386453 ,   3.1802483,   4.24238  ,   2.1289074,   -6.231522 ,  -2.2588387,  -1.8497003]; [[14585.73325537,-2469.83958808, -993.60845137,  507.04173685,     69.81116042,   50.96011881,  -38.64473172,  -45.31565416,    143.13189563,    4.80700532,  -31.45134528,   32.26527009,    139.18677195], [-2469.83958808, 2040.1313313 ,  172.68851967,  -28.21883813,     39.0506361 ,   22.75851109,  179.86098968,   78.50775933,     15.82871906,   42.82246906,  -15.88447311,    3.23480048,    -39.0737952 ], [ -993.60845137,  172.68851967,  867.54170165, -142.40974422,     85.44550332,    4.89076307,   12.74177565,   22.90627004,    -20.11098326,    9.12622192,   40.27923693,    7.99587134,    -10.37834025], [  507.04173685,  -28.21883813, -142.40974422,  391.42570928,     36.13203232,   57.17217428,  -47.53871115,   12.16781863,     47.6498306 ,    0.52525393,   16.02388728,   25.57480139,      3.9809694 ], [   69.81116042,   39.0506361 ,   85.44550332,   36.13203232,    167.58953468,   12.60496237,   14.26630056,   13.54912164,     17.80299263,   20.63753745,   12.86899361,   20.85282878,      5.09575419], [   50.96011881,   22.75851109,    4.89076307,   57.17217428,     12.60496237,  198.93448867,   12.03387993,   28.11075543,     16.01501312,   15.42478357,   28.78228144,    5.06815912,      2.80135009], [  -38.64473172,  179.86098968,   12.74177565,  -47.53871115,     14.26630056,   12.03387993,  151.94635182,   31.16426546,      8.06837654,   19.90738376,    1.50227396,    5.08440879,     14.79088173], [  -45.31565416,   78.50775933,   22.90627004,   12.16781863,     13.54912164,   28.11075543,   31.16426546,   99.53976895,     33.67965922,   13.96946851,    2.8977205 ,   -4.34494025,      5.00815411], [  143.13189563,   15.82871906,  -20.11098326,   47.6498306 ,     17.80299263,   16.01501312,    8.06837654,   33.67965922,     87.5159823 ,   26.17863199,    9.36414823,    6.89334861,      7.29983773], [    4.80700532,   42.82246906,    9.12622192,    0.52525393,     20.63753745,   15.42478357,   19.90738376,   13.96946851,     26.17863199,   76.26747405,   24.61519958,    8.13805206,      1.11807788], [  -31.45134528,  -15.88447311,   40.27923693,   16.02388728,     12.86899361,   28.78228144,    1.50227396,    2.8977205 ,      9.36414823,   24.61519958,   68.91104172,   21.40766279,      3.44887392], [   32.26527009,    3.23480048,    7.99587134,   25.57480139,     20.85282878,    5.06815912,    5.08440879,   -4.34494025,      6.89334861,    8.13805206,   21.40766279,   66.08424248,     16.86364652], [  139.18677195,  -39.0737952 ,  -10.37834025,    3.9809694 ,      5.09575419,    2.80135009,   14.79088173,    5.00815411,      7.29983773,    1.11807788,    3.44887392,   16.86364652,     59.94282611]]
/root/sim/music/out/いとうかなこ/VECTOR/10_リライアンス.mp3; [-631.0841    , 123.411766  , -12.975948  ,   8.072848  ,  -2.044677  ,   -6.7466197 ,   5.1278143 ,  -2.8150172 ,  -0.6630224 ,  -2.0769436 ,   -3.952269  ,   2.2841134 ,  -0.47475085]; [[26739.17198463,-1516.95207711,  515.8978734 , 1335.4357789 ,    375.64998705,  494.79683963,  524.40716119,  508.77000453,    361.69994914,  376.43614446,  321.34335063,  350.50499886,    254.0502513 ], [-1516.95207711, 2866.01974394, -266.29832063,   76.18021029,    292.51571463,  124.54313155,  113.50589233,   27.49698283,     71.46964565,   81.06199507,   18.46579577,  -64.87523127,    -39.40829236], [  515.8978734 , -266.29832063, 1271.37450185,  -79.06416092,    222.61634812,   82.05695174,   74.01018365,   22.6858496 ,     30.6222156 ,    6.99612023,    1.1181187 ,   69.61022038,     17.69131833], [ 1335.4357789 ,   76.18021029,  -79.06416092,  923.4311109 ,    242.28965791,  260.60338535,   42.71523598,  293.15239549,    201.86421122,  191.22652847,  156.31018313,   65.55498949,     33.5986093 ], [  375.64998705,  292.51571463,  222.61634812,  242.28965791,    374.02538224,  124.85530967,   76.13751947,  122.02660808,     64.20134734,   62.68413544,   63.93197985,   54.93925599,     35.41671913], [  494.79683963,  124.54313155,   82.05695174,  260.60338535,    124.85530967,  418.18983573,   61.30167098,  170.16212012,     78.28979417,  111.98493923,   96.07717365,   -7.15488515,     47.63301683], [  524.40716119,  113.50589233,   74.01018365,   42.71523598,     76.13751947,   61.30167098,  296.9987579 ,   50.95035021,     47.70754813,   13.61431009,   38.28883027,   52.01188626,     51.91607253], [  508.77000453,   27.49698283,   22.6858496 ,  293.15239549,    122.02660808,  170.16212012,   50.95035021,  289.17886554,    120.03155729,  129.82579751,   85.22919397,   14.91225274,     23.4545337 ], [  361.69994914,   71.46964565,   30.6222156 ,  201.86421122,     64.20134734,   78.28979417,   47.70754813,  120.03155729,    212.30618705,  106.93912255,   68.72988043,    0.98621446,      5.79765288], [  376.43614446,   81.06199507,    6.99612023,  191.22652847,     62.68413544,  111.98493923,   13.61431009,  129.82579751,    106.93912255,  206.74239143,   89.76152155,   18.44519436,     11.68031267], [  321.34335063,   18.46579577,    1.1181187 ,  156.31018313,     63.93197985,   96.07717365,   38.28883027,   85.22919397,     68.72988043,   89.76152155,  147.51888936,   31.49359574,     30.00685937], [  350.50499886,  -64.87523127,   69.61022038,   65.55498949,     54.93925599,   -7.15488515,   52.01188626,   14.91225274,      0.98621446,   18.44519436,   31.49359574,  139.95188381,     42.78124228], [  254.0502513 ,  -39.40829236,   17.69131833,   33.5986093 ,     35.41671913,   47.63301683,   51.91607253,   23.4545337 ,      5.79765288,   11.68031267,   30.00685937,   42.78124228,    116.3829782 ]]
/root/sim/music/out/いとうかなこ/VECTOR/04_AR_.mp3; [-500.49924  ,  97.26047  ,  -3.8834443,  28.523819 ,   7.959947 ,    9.2968235,   9.73016  ,   7.5412846,   5.4831443,   5.5288486,    1.1797594,   5.017725 ,   0.5293064]; [[13557.669194  ,-1833.51974002,  253.20708005,  -58.17178442,    310.00093269,  -25.52099062,  131.31545567,  177.66476247,     31.78986228,  136.05409462,   64.46076722,  124.04761447,     46.6623978 ], [-1833.51974002, 1983.96149812, -646.37856027,  215.94181783,   -250.50881376,    7.51725968,    0.85435437,  -63.07960211,     31.77705367,  -66.3455443 ,  -33.41772881,  -66.8032757 ,    -28.55966842], [  253.20708005, -646.37856027,  725.83645457,  -74.6204671 ,    172.13515613,    6.27010221,  -15.3837157 ,   23.82495887,    -35.26926729,   34.91422302,   10.01397598,   40.67576326,    -17.9885682 ], [  -58.17178442,  215.94181783,  -74.6204671 ,  276.87277026,     -2.34033772,    0.3879886 ,  -18.64649034,   18.88764635,     36.17512221,  -33.56732684,   -7.18290284,   -3.37944527,     -1.7962594 ], [  310.00093269, -250.50881376,  172.13515613,   -2.34033772,    172.04083538,   18.28620024,    0.99064201,   27.90845351,      0.15866878,   10.19272761,   -3.47659564,   19.90198939,     -0.16673021], [  -25.52099062,    7.51725968,    6.27010221,    0.3879886 ,     18.28620024,  162.47965123,   41.75238024,    9.59265379,      1.1308969 ,   15.62175757,   -2.79799839,   -4.65291263,     12.03116017], [  131.31545567,    0.85435437,  -15.3837157 ,  -18.64649034,      0.99064201,   41.75238024,  102.50870533,   21.41088784,      0.02667986,    8.36238159,    4.81373859,    0.95853929,      9.31345717], [  177.66476247,  -63.07960211,   23.82495887,   18.88764635,     27.90845351,    9.59265379,   21.41088784,   94.23659714,     32.37954502,    3.20321636,   -3.76560125,    4.47059454,      4.19868936], [   31.78986228,   31.77705367,  -35.26926729,   36.17512221,      0.15866878,    1.1308969 ,    0.02667986,   32.37954502,     86.79850794,   19.6801648 ,   -2.02701217,   -7.27959426,      1.86009635], [  136.05409462,  -66.3455443 ,   34.91422302,  -33.56732684,     10.19272761,   15.62175757,    8.36238159,    3.20321636,     19.6801648 ,   71.92993037,   19.04061206,    3.80618009,     -0.10856644], [   64.46076722,  -33.41772881,   10.01397598,   -7.18290284,     -3.47659564,   -2.79799839,    4.81373859,   -3.76560125,     -2.02701217,   19.04061206,   66.71815504,   27.78470796,      0.83380811], [  124.04761447,  -66.8032757 ,   40.67576326,   -3.37944527,     19.90198939,   -4.65291263,    0.95853929,    4.47059454,     -7.27959426,    3.80618009,   27.78470796,   64.59386483,     19.91852002], [   46.6623978 ,  -28.55966842,  -17.9885682 ,   -1.7962594 ,     -0.16673021,   12.03116017,    9.31345717,    4.19868936,      1.86009635,   -0.10856644,    0.83380811,   19.91852002,     61.91778237]]
/root/sim/music/out/いとうかなこ/VECTOR/06_キズナノミライ.mp3; [-494.34082  ,  88.19116  ,  -8.360031 ,  32.45086  ,   4.8529615,    2.8138468,   8.308385 ,   3.9574616,   1.4740884,  -1.7761217,   -2.7142744,  -2.9172316,  -4.1553454]; [[14115.42779952, -376.39442876, -489.49280524, -208.52649999,   -354.63368309, -138.23045957,  -14.07795787,   88.55075965,    -83.93753885, -135.36472906, -129.51921225,   18.4478433 ,    150.23380848], [ -376.39442876,  731.37342715, -141.13570116,   54.58504377,     36.25301717,   18.1440834 ,   52.61199944,  -24.66791498,     17.44378695,   10.65331368,    9.52040133,  -22.39301177,    -40.39621741], [ -489.49280524, -141.13570116,  547.00057824,  -25.49285566,     70.63853269,  -34.79605789,  -32.93608471,    5.61760212,    -42.46903871,  -29.45506311,  -18.42792806,   -2.29925681,      2.60927609], [ -208.52649999,   54.58504377,  -25.49285566,  378.28753392,     51.79793916,   12.41790213,  -10.93992765,   51.54727247,     97.98913924,   48.38798257,   27.12438963,    2.76743594,    -23.03330114], [ -354.63368309,   36.25301717,   70.63853269,   51.79793916,    137.49576407,   33.02609938,   18.00966752,    9.72339993,      4.26053996,   12.94397825,    7.4285099 ,    6.37990567,     -2.70176886], [ -138.23045957,   18.1440834 ,  -34.79605789,   12.41790213,     33.02609938,  178.29638804,   69.6793722 ,   28.59768526,     22.46648887,   32.27045597,   21.17770829,   -2.7732273 ,      6.04970437], [  -14.07795787,   52.61199944,  -32.93608471,  -10.93992765,     18.00966752,   69.6793722 ,  124.0275005 ,   35.25934478,     -0.42299978,    7.78192818,    4.67783556,    7.07806339,      4.91816742], [   88.55075965,  -24.66791498,    5.61760212,   51.54727247,      9.72339993,   28.59768526,   35.25934478,  109.89791305,     55.81631767,   14.80454287,   -0.23696601,   -3.34541678,      9.60944509], [  -83.93753885,   17.44378695,  -42.46903871,   97.98913924,      4.26053996,   22.46648887,   -0.42299978,   55.81631767,    121.6143855 ,   50.80833248,   11.89672316,   -7.51077099,     -4.16354089], [ -135.36472906,   10.65331368,  -29.45506311,   48.38798257,     12.94397825,   32.27045597,    7.78192818,   14.80454287,     50.80833248,   89.17003107,   32.63757217,   -2.56279918,     -7.23144543], [ -129.51921225,    9.52040133,  -18.42792806,   27.12438963,      7.4285099 ,   21.17770829,    4.67783556,   -0.23696601,     11.89672316,   32.63757217,   62.1773832 ,   12.60377505,     -2.99434663], [   18.4478433 ,  -22.39301177,   -2.29925681,    2.76743594,      6.37990567,   -2.7732273 ,    7.07806339,   -3.34541678,     -7.51077099,   -2.56279918,   12.60377505,   55.05376664,     16.46125807], [  150.23380848,  -40.39621741,    2.60927609,  -23.03330114,     -2.70176886,    6.04970437,    4.91816742,    9.60944509,     -4.16354089,   -7.23144543,   -2.99434663,   16.46125807,     54.10431628]]
/root/sim/music/out/いとうかなこ/VECTOR/03_この空の彼方に.mp3; [-527.6018    , 112.745316  ,   5.284083  ,  30.053349  ,   6.250801  ,    5.659871  ,   9.541008  ,   3.8244867 ,   2.726087  ,  -2.536623  ,   -4.1082625 ,  -2.890867  ,  -0.81803536]; [[14030.36792315,-1328.60469367,  313.62698009,  -72.08255641,   -106.00460378,  -29.4595391 ,  319.52877937,  125.44070891,    182.31867042,   57.18255408,  -74.46115605,  -59.84912843,    -15.07776626], [-1328.60469367, 1083.1620222 , -293.35625031,   49.09808905,    -17.16475229,   43.37105782,  -35.85011616,  -42.40579619,    -39.21660582,  -35.3962724 ,   -3.28803834,  -23.40469474,     -1.49918059], [  313.62698009, -293.35625031,  575.0742701 ,   29.15097041,    181.72794705,    6.63858227,   24.09999241,   51.01708254,     21.78265786,   43.47896862,   10.49088856,   33.06935518,      4.98581355], [  -72.08255641,   49.09808905,   29.15097041,  237.83369931,     49.28532514,  -24.58436393,  -42.25345144,   10.25836679,     11.53602165,   -7.38090595,   11.0075823 ,   34.31279344,      7.5795786 ], [ -106.00460378,  -17.16475229,  181.72794705,   49.28532514,    208.93538869,  -10.38542258,   27.14801639,   34.28667057,     20.32984808,   20.53472138,   -5.89106379,   24.10717771,      6.66469723], [  -29.4595391 ,   43.37105782,    6.63858227,  -24.58436393,    -10.38542258,  184.13691734,   44.35939214,   11.03345245,      9.20903587,    7.4795376 ,    2.26895958,  -27.8677537 ,     12.07242775], [  319.52877937,  -35.85011616,   24.09999241,  -42.25345144,     27.14801639,   44.35939214,  159.93337189,   30.67241411,     13.83490573,   18.78356896,  -14.44596334,   -4.0219196 ,      6.37679319], [  125.44070891,  -42.40579619,   51.01708254,   10.25836679,     34.28667057,   11.03345245,   30.67241411,   92.45703865,     30.92973687,    9.01703283,   -6.50321315,   -2.75954836,      6.56606788], [  182.31867042,  -39.21660582,   21.78265786,   11.53602165,     20.32984808,    9.20903587,   13.83490573,   30.92973687,     90.48649951,   27.06621587,   -4.39655535,   -6.13798555,      1.76464231], [   57.18255408,  -35.3962724 ,   43.47896862,   -7.38090595,     20.53472138,    7.4795376 ,   18.78356896,    9.01703283,     27.06621587,   72.53039129,   17.21166887,    0.00629433,     -1.29721672], [  -74.46115605,   -3.28803834,   10.49088856,   11.0075823 ,     -5.89106379,    2.26895958,  -14.44596334,   -6.50321315,     -4.39655535,   17.21166887,   72.00886164,   23.94876828,     -0.53690884], [  -59.84912843,  -23.40469474,   33.06935518,   34.31279344,     24.10717771,  -27.8677537 ,   -4.0219196 ,   -2.75954836,     -6.13798555,    0.00629433,   23.94876828,   73.32309381,     18.23677836], [  -15.07776626,   -1.49918059,    4.98581355,    7.5795786 ,      6.66469723,   12.07242775,    6.37679319,    6.56606788,      1.76464231,   -1.29721672,   -0.53690884,   18.23677836,     55.0223493 ]]
/root/sim/music/out/いとうかなこ/VECTOR/07_果てしない蒼空へ.mp3; [-523.0328   ,  97.450035 ,  -9.462297 ,  32.094864 ,  11.161128 ,    9.666345 ,   4.5009794,   3.4449098,   0.676936 ,  -0.3730678,   -3.0868053,  -1.6360701,  -0.3172287]; [[18920.59456493,-1166.60137194, -484.99977687,  777.07157391,    154.1494861 ,   90.24082838,  -32.33800339,   77.61495983,      3.28273076, -169.00277224, -171.1929259 , -246.96455878,   -244.47174196], [-1166.60137194, 1016.54709801, -141.44295409,  -82.69589646,      1.89497406,   -0.46908031,   57.25672229,  -10.87203166,      3.41747935,   30.47126729,   25.36719058,   13.33843789,     33.98679858], [ -484.99977687, -141.44295409,  480.30978846,  -39.57499955,     72.40604018,   34.27910497,  -35.85612002,   18.51578797,    -26.89898102,   -9.89460191,   -7.61001794,   15.61261782,    -10.76562693], [  777.07157391,  -82.69589646,  -39.57499955,  287.93057058,     23.18966826,   -3.88768306,  -31.32141151,    7.03924889,     19.73729133,  -15.76585295,   19.73867481,   11.36028349,      5.2533338 ], [  154.1494861 ,    1.89497406,   72.40604018,   23.18966826,    129.70929809,    6.94391695,  -11.89848206,    8.1494751 ,     -2.12864491,  -15.0319504 ,  -11.5397801 ,   -5.30189714,     -5.81919611], [   90.24082838,   -0.46908031,   34.27910497,   -3.88768306,      6.94391695,  174.30475914,   34.71382926,    9.91238631,     17.19467275,   16.5295981 ,   23.06923642,  -12.3796028 ,     11.37548331], [  -32.33800339,   57.25672229,  -35.85612002,  -31.32141151,    -11.89848206,   34.71382926,  114.38046883,   24.11637234,      3.56964236,   17.56600279,    9.22257723,    6.11819146,     -0.86596975], [   77.61495983,  -10.87203166,   18.51578797,    7.03924889,      8.1494751 ,    9.91238631,   24.11637234,   86.53767266,     27.86184818,    1.7975666 ,    1.12304225,   -3.48592976,      1.75045529], [    3.28273076,    3.41747935,  -26.89898102,   19.73729133,     -2.12864491,   17.19467275,    3.56964236,   27.86184818,     92.17354251,   24.64288076,   17.14219015,   -2.63623454,     11.59627944], [ -169.00277224,   30.47126729,   -9.89460191,  -15.76585295,    -15.0319504 ,   16.5295981 ,   17.56600279,    1.7975666 ,     24.64288076,   74.96156921,   23.3419227 ,    7.43128783,      2.61388287], [ -171.1929259 ,   25.36719058,   -7.61001794,   19.73867481,    -11.5397801 ,   23.06923642,    9.22257723,    1.12304225,     17.14219015,   23.3419227 ,   68.84223366,   21.55082314,     10.78588802], [ -246.96455878,   13.33843789,   15.61261782,   11.36028349,     -5.30189714,  -12.3796028 ,    6.11819146,   -3.48592976,     -2.63623454,    7.43128783,   21.55082314,   78.4859962 ,     27.4185733 ], [ -244.47174196,   33.98679858,  -10.76562693,    5.2533338 ,     -5.81919611,   11.37548331,   -0.86596975,    1.75045529,     11.59627944,    2.61388287,   10.78588802,   27.4185733 ,     69.84757018]]
/root/sim/music/out/いとうかなこ/VECTOR/14_素顔のままで.mp3; [-553.7171    , 117.367     ,  -1.3589528 ,  19.668865  ,   8.516481  ,   -5.3966193 ,   5.308648  ,   0.5433563 ,  -0.47681272,  -2.9774404 ,   -5.459823  ,  -1.4284749 ,  -2.0866334 ]; [[20341.23731344,-2240.93537744,-1305.78236211,  769.1158485 ,    868.910282  ,  469.02804075,  822.36627543,  701.06473983,    688.6469455 ,  478.08042656,  290.14900464,  310.02541186,    284.6417725 ], [-2240.93537744, 1406.23433739,  -34.0550825 , -134.69252375,   -115.43345118,  -21.98237096,  -64.13265039,  -60.98300208,    -79.39495149,  -48.21030372,  -52.01190232,  -71.99498601,    -27.50468248], [-1305.78236211,  -34.0550825 ,  920.37831811,   63.12613105,     31.82480764,   -4.72567993,  -58.93042748,    3.76051184,    -39.75346982,  -25.25745294,   -9.07699967,   -8.25261772,    -60.88882562], [  769.1158485 , -134.69252375,   63.12613105,  444.39510493,    148.57430842,   24.29048911,   28.66635578,  110.58937245,     76.81040188,   37.17223546,   28.94868071,   47.20189792,     19.83388515], [  868.910282  , -115.43345118,   31.82480764,  148.57430842,    264.757147  ,   42.30173315,   63.99626622,   70.19301693,     69.19189345,   48.21427265,   21.21891807,   39.35637513,     22.50219748], [  469.02804075,  -21.98237096,   -4.72567993,   24.29048911,     42.30173315,  293.87444104,   73.31829334,   45.75120139,     34.09809243,   43.23732437,   24.96738109,  -16.89941073,     12.07877593], [  822.36627543,  -64.13265039,  -58.93042748,   28.66635578,     63.99626622,   73.31829334,  203.96659282,   66.43215319,     49.94205926,   45.00397538,   21.90256755,   19.46624901,     18.74472895], [  701.06473983,  -60.98300208,    3.76051184,  110.58937245,     70.19301693,   45.75120139,   66.43215319,  187.31394824,     76.5159792 ,   45.0390238 ,   20.15192637,   13.74365059,     31.06120298], [  688.6469455 ,  -79.39495149,  -39.75346982,   76.81040188,     69.19189345,   34.09809243,   49.94205926,   76.5159792 ,    143.82848929,   51.55711707,   27.31518374,   17.77320749,     17.88314455], [  478.08042656,  -48.21030372,  -25.25745294,   37.17223546,     48.21427265,   43.23732437,   45.00397538,   45.0390238 ,     51.55711707,  114.03451328,   33.27945524,   20.86705217,      8.70253296], [  290.14900464,  -52.01190232,   -9.07699967,   28.94868071,     21.21891807,   24.96738109,   21.90256755,   20.15192637,     27.31518374,   33.27945524,   98.4805853 ,   30.70333901,     22.65947085], [  310.02541186,  -71.99498601,   -8.25261772,   47.20189792,     39.35637513,  -16.89941073,   19.46624901,   13.74365059,     17.77320749,   20.86705217,   30.70333901,  100.98648592,     36.39550423], [  284.6417725 ,  -27.50468248,  -60.88882562,   19.83388515,     22.50219748,   12.07877593,   18.74472895,   31.06120298,     17.88314455,    8.70253296,   22.65947085,   36.39550423,     98.2916329 ]]
/root/sim/music/out/いとうかなこ/VECTOR/02_Fetishism_Ark.mp3; [-537.5788    , 128.00027   , -14.945438  ,  17.008133  ,  13.754259  ,    3.4286304 ,   4.8816404 ,   3.992778  ,   3.0764687 ,   3.3111126 ,   -1.5268085 ,  -0.04593607,  -1.9123158 ]; [[13877.82226595,-1184.59339693,  201.58804659,  874.94190828,    442.60034389,  526.97176623,  491.2945109 ,  438.83739552,    294.67173901,  199.95045771,  200.23720831,  170.99216951,     30.99943367], [-1184.59339693, 2004.89581894, -259.46076431, -142.1690865 ,   -105.0849496 , -159.50467343,  -92.97793945, -113.51577907,   -170.32095441,  -35.89033756, -102.08854874,  -72.87610433,    -89.57737281], [  201.58804659, -259.46076431,  714.81501006, -122.70836911,     53.94118289,   44.81044797,  -48.57324507,   46.08336682,    -27.37093917,   21.54381195,   12.52217572,   24.78949957,     17.49446879], [  874.94190828, -142.1690865 , -122.70836911,  430.8752656 ,     84.36764478,   78.85836854,   86.25467743,   67.42807364,     79.49715294,    9.80974951,   40.07725795,   42.94706354,     17.44255276], [  442.60034389, -105.0849496 ,   53.94118289,   84.36764478,    194.73928731,   62.53288676,   44.36158551,   76.01291139,     42.18296367,   35.68253632,   16.799076  ,   19.58202179,     13.60652566], [  526.97176623, -159.50467343,   44.81044797,   78.85836854,     62.53288676,  227.37054827,   71.62858457,   69.37737281,     38.90788421,   29.92631729,   49.83812857,   -5.36408463,     31.01281647], [  491.2945109 ,  -92.97793945,  -48.57324507,   86.25467743,     44.36158551,   71.62858457,  155.73088122,   52.86080377,     40.44572433,   29.16315066,   28.17396803,   20.51464841,      8.52759546], [  438.83739552, -113.51577907,   46.08336682,   67.42807364,     76.01291139,   69.37737281,   52.86080377,  158.92609439,     44.93367678,   35.12881281,   18.59723505,   20.67636326,     25.34439367], [  294.67173901, -170.32095441,  -27.37093917,   79.49715294,     42.18296367,   38.90788421,   40.44572433,   44.93367678,    128.39168058,   22.2957174 ,   14.75860843,   -3.86231413,     18.05065918], [  199.95045771,  -35.89033756,   21.54381195,    9.80974951,     35.68253632,   29.92631729,   29.16315066,   35.12881281,     22.2957174 ,   86.38481549,   14.63860148,   10.96759973,      4.6013688 ], [  200.23720831, -102.08854874,   12.52217572,   40.07725795,     16.799076  ,   49.83812857,   28.17396803,   18.59723505,     14.75860843,   14.63860148,   85.53961324,   21.57005759,     10.74753983], [  170.99216951,  -72.87610433,   24.78949957,   42.94706354,     19.58202179,   -5.36408463,   20.51464841,   20.67636326,     -3.86231413,   10.96759973,   21.57005759,   93.29736086,     17.80391978], [   30.99943367,  -89.57737281,   17.49446879,   17.44255276,     13.60652566,   31.01281647,    8.52759546,   25.34439367,     18.05065918,    4.6013688 ,   10.74753983,   17.80391978,     70.97496058]]
/root/sim/music/out/いとうかなこ/VECTOR/05_Star-Crossed.mp3; [-611.8109    , 130.59438   ,   7.786763  ,  12.82892   ,   0.38063258,    2.3693037 ,   5.876569  ,   1.0013702 ,  -2.2014737 ,  -2.4597101 ,   -5.79565   ,  -4.649628  ,  -4.9858117 ]; [[23253.14435895,-2782.39159752,  210.14100367, 1334.75518671,    372.61154125,  853.74084217, 1206.65890616,  969.68331643,    738.02078829,  724.01011175,  197.82673797,  253.08678627,    444.170212  ], [-2782.39159752, 2309.13755261, -535.91313992,  -69.08412406,    102.88083712, -118.96045062,  -45.79171053, -117.5327023 ,   -114.55375052, -114.40068796,   37.44013266,    5.32240753,    -31.74106862], [  210.14100367, -535.91313992,  786.80376499,  -32.46095314,     80.14778829,  113.56107201,  -80.02723257,   97.28700193,      9.14624426,   39.39499069,   -0.16590366,   55.4729733 ,     10.14332847], [ 1334.75518671,  -69.08412406,  -32.46095314,  481.11008081,     99.66506917,  127.19608193,   63.15401185,  149.72253173,    112.34159   ,   87.87218366,   71.32424848,  102.25590834,     78.55181614], [  372.61154125,  102.88083712,   80.14778829,   99.66506917,    257.61887452,   41.99231314,   48.08794626,   74.43737621,     60.19833745,   47.80860006,   33.19685658,   56.11992231,     56.65164536], [  853.74084217, -118.96045062,  113.56107201,  127.19608193,     41.99231314,  329.96725493,   74.03492779,  148.74493326,     14.7851244 ,  108.1929578 ,   57.28116512,   65.22676307,     51.75541793], [ 1206.65890616,  -45.79171053,  -80.02723257,   63.15401185,     48.08794626,   74.03492779,  319.28793754,   53.64576977,     78.1941763 ,   49.05849602,   56.51683412,   10.04354666,     60.15600508], [  969.68331643, -117.5327023 ,   97.28700193,  149.72253173,     74.43737621,  148.74493326,   53.64576977,  270.12572592,     63.48066167,  115.62531395,   36.7309106 ,   82.46188042,     49.10558918], [  738.02078829, -114.55375052,    9.14624426,  112.34159   ,     60.19833745,   14.7851244 ,   78.1941763 ,   63.48066167,    163.63180879,   45.1264481 ,   24.63718093,   17.32834371,     39.66961467], [  724.01011175, -114.40068796,   39.39499069,   87.87218366,     47.80860006,  108.1929578 ,   49.05849602,  115.62531395,     45.1264481 ,  173.37715858,   46.20198024,   55.00215288,     34.82310245], [  197.82673797,   37.44013266,   -0.16590366,   71.32424848,     33.19685658,   57.28116512,   56.51683412,   36.7309106 ,     24.63718093,   46.20198024,  136.59907444,   51.98848155,     34.47176937], [  253.08678627,    5.32240753,   55.4729733 ,  102.25590834,     56.11992231,   65.22676307,   10.04354666,   82.46188042,     17.32834371,   55.00215288,   51.98848155,  135.1254484 ,     34.35157979], [  444.170212  ,  -31.74106862,   10.14332847,   78.55181614,     56.65164536,   51.75541793,   60.15600508,   49.10558918,     39.66961467,   34.82310245,   34.47176937,   34.35157979,    103.8121912 ]]
