/root/sim/music/out/Bob_Dylan/The_Very_Best_Of_[Disc_1]/02_Blowin'_In_The_Wind.mp3; [-730.5817   , 147.19093  ,  13.201069 ,  -6.7609215, -12.709769 ,  -16.13044  ,  -7.4552026,  -5.085633 , -10.808272 ,  -9.422631 ,   -9.3989725,  -8.73187  ,  -4.919483 ]; [[16480.46308329,  -78.16129614, -645.1334951 , -604.13058625,   -515.31040903, -631.55221202, -323.84548429, -214.09037408,    -80.19978784,  251.13172708,  -75.66657842, -245.14200343,   -160.65959266], [  -78.16129614, 2695.02192612,  107.51936046, -431.41790707,     -2.031621  , -131.27063495, -205.64467203,   -3.23660824,   -139.13428136, -161.38497503,  -96.649554  ,  -72.79909986,     37.99587914], [ -645.1334951 ,  107.51936046,  547.13853524,    3.49166113,     46.07332122,   34.16683002,  -30.60167377,   14.21451745,      6.94042937,  -38.1665679 ,  -15.13374743,   27.01205516,     14.11920425], [ -604.13058625, -431.41790707,    3.49166113,  719.95755094,    141.68120416,   18.05023899,  114.53333865,   57.77450568,      5.04405586,  -37.8110453 ,    5.24885742,   67.75521583,     27.13486248], [ -515.31040903,   -2.031621  ,   46.07332122,  141.68120416,    298.94993109,   26.31596592,   -5.65446281,   11.95861201,     17.77653297,   13.71263107,    4.89728806,   23.30306175,      7.31332932], [ -631.55221202, -131.27063495,   34.16683002,   18.05023899,     26.31596592,  319.75383508,  117.02872249,   27.09704818,     35.2131516 ,   -4.40254609,   36.28178778,   23.02127314,     -2.97794319], [ -323.84548429, -205.64467203,  -30.60167377,  114.53333865,     -5.65446281,  117.02872249,  245.29900746,   49.38896374,     25.18253274,    4.34813344,   21.33432203,   26.56803565,     -5.31353542], [ -214.09037408,   -3.23660824,   14.21451745,   57.77450568,     11.95861201,   27.09704818,   49.38896374,  135.72787271,     36.86960141,  -17.29197192,    4.29026352,   -1.98454732,      1.95013253], [  -80.19978784, -139.13428136,    6.94042937,    5.04405586,     17.77653297,   35.2131516 ,   25.18253274,   36.86960141,    130.81078312,   46.32181227,   -2.34572785,  -10.5171883 ,    -15.48687953], [  251.13172708, -161.38497503,  -38.1665679 ,  -37.8110453 ,     13.71263107,   -4.40254609,    4.34813344,  -17.29197192,     46.32181227,  140.24444049,   17.75150988,  -17.52284507,    -13.19721848], [  -75.66657842,  -96.649554  ,  -15.13374743,    5.24885742,      4.89728806,   36.28178778,   21.33432203,    4.29026352,     -2.34572785,   17.75150988,   94.94308957,   20.67160033,     -8.41583007], [ -245.14200343,  -72.79909986,   27.01205516,   67.75521583,     23.30306175,   23.02127314,   26.56803565,   -1.98454732,    -10.5171883 ,  -17.52284507,   20.67160033,   88.94197982,     16.02065557], [ -160.65959266,   37.99587914,   14.11920425,   27.13486248,      7.31332932,   -2.97794319,   -5.31353542,    1.95013253,    -15.48687953,  -13.19721848,   -8.41583007,   16.02065557,     86.50133616]]
/root/sim/music/out/Bob_Dylan/The_Very_Best_Of_[Disc_1]/11_Just_Like_A_Woman.mp3; [-630.2809    , 127.426704  ,  12.195288  ,  21.710985  ,   0.945763  ,    0.19205888,  -6.47644   ,   2.8359632 , -11.83719   ,  -3.803531  ,   -3.3081772 ,  -7.080357  ,  -1.4702557 ]; [[15868.74388878,-1467.83025621,  155.77073569,  338.35550849,     94.19824893, -298.06945333, -110.07964587,  541.80242521,    307.79725182,  430.26238222,   89.95729735, -241.44643524,   -117.36407264], [-1467.83025621, 2240.05476376, -107.928932  ,  -97.90020931,   -127.96676532,  162.08777435, -170.23832446, -146.90264382,    -41.84950611,  -32.126928  ,   50.57317031,   37.0147621 ,     45.96618374], [  155.77073569, -107.928932  ,  548.8485779 ,  -14.11676653,      4.32873991,   18.91726383,  -73.25225416,   14.24593312,    -13.86886818,  -18.01547744,    9.76167557,   51.48744981,     33.8316337 ], [  338.35550849,  -97.90020931,  -14.11676653,  351.92307067,     69.24913272,  -80.41411718,   22.51066158,  -15.38937374,      7.0079405 ,  -21.03665788,   -1.60705177,  -13.5654214 ,     18.09469822], [   94.19824893, -127.96676532,    4.32873991,   69.24913272,    191.67682989,  -33.3120011 ,  -20.50547565,   -1.81435118,      4.6691866 ,   -4.87814186,   -7.28558308,   16.97567356,      1.51662031], [ -298.06945333,  162.08777435,   18.91726383,  -80.41411718,    -33.3120011 ,  218.07769236,   18.26552021,  -18.67762764,      1.89081479,    9.8614036 ,   -4.06719338,   20.55087795,     10.96053235], [ -110.07964587, -170.23832446,  -73.25225416,   22.51066158,    -20.50547565,   18.26552021,  242.29166396,   29.62848966,    -30.53464177,  -23.81490086,    3.2066856 ,  -21.56518248,     -6.94380897], [  541.80242521, -146.90264382,   14.24593312,  -15.38937374,     -1.81435118,  -18.67762764,   29.62848966,  155.66654344,     40.66063094,    9.05356324,    0.6288712 ,  -14.5835038 ,     -6.40118376], [  307.79725182,  -41.84950611,  -13.86886818,    7.0079405 ,      4.6691866 ,    1.89081479,  -30.53464177,   40.66063094,    163.8014449 ,   61.68489289,  -10.89677577,  -11.02940736,    -16.68510647], [  430.26238222,  -32.126928  ,  -18.01547744,  -21.03665788,     -4.87814186,    9.8614036 ,  -23.81490086,    9.05356324,     61.68489289,  169.29721419,   28.9690908 ,  -24.80760485,    -20.6156978 ], [   89.95729735,   50.57317031,    9.76167557,   -1.60705177,     -7.28558308,   -4.06719338,    3.2066856 ,    0.6288712 ,    -10.89677577,   28.9690908 ,   97.6784542 ,    1.36576754,      3.56615105], [ -241.44643524,   37.0147621 ,   51.48744981,  -13.5654214 ,     16.97567356,   20.55087795,  -21.56518248,  -14.5835038 ,    -11.02940736,  -24.80760485,    1.36576754,  106.0377785 ,     27.78394004], [ -117.36407264,   45.96618374,   33.8316337 ,   18.09469822,      1.51662031,   10.96053235,   -6.94380897,   -6.40118376,    -16.68510647,  -20.6156978 ,    3.56615105,   27.78394004,     94.10938569]]
/root/sim/music/out/Bob_Dylan/The_Very_Best_Of_[Disc_1]/08_Tangled_Up_In_Blue.mp3; [-588.2268    , 110.894066  ,   8.931952  ,  18.633373  ,   7.019542  ,   12.184107  ,  -0.43753454,   0.2855954 ,  -5.5973964 ,  -6.4668255 ,   -5.514482  ,  -4.4064546 ,  -7.635404  ]; [[10318.14183369,  223.74093734, -168.92532562,   84.13097297,   -125.87529475,    1.23272791,  -53.19657481,   31.8831429 ,    -88.96529983,    5.22860116,  -16.61624992, -111.29023555,    -87.3266417 ], [  223.74093734,  838.59669247,  -53.84707094,   56.04215571,     12.00834796,   24.69569884,    7.24868623,   -7.91213577,      1.97792975,  -15.57227441,   31.97485761,   33.4453449 ,    -20.99629786], [ -168.92532562,  -53.84707094,  367.26044541,  -15.08015761,     75.30254003,   59.52073015,   10.5551733 ,   16.74039023,      3.26533354,  -10.0288835 ,    0.03933106,   24.87774933,     19.27297171], [   84.13097297,   56.04215571,  -15.08015761,  234.85504556,     50.79031763,   -7.55579445,  -16.14910716,    3.01698222,     27.68861252,   12.20419431,   -4.62518531,   -0.69373901,     21.03592842], [ -125.87529475,   12.00834796,   75.30254003,   50.79031763,    171.02798264,   30.75137806,    0.94006045,    8.43233335,     29.76728311,   -5.40627108,  -25.52872729,    6.47032104,     15.43796266], [    1.23272791,   24.69569884,   59.52073015,   -7.55579445,     30.75137806,  140.87628162,   56.90503993,   14.56825998,      0.28807383,   -6.37059373,   -1.73110992,   -5.54394231,     -9.36729248], [  -53.19657481,    7.24868623,   10.5551733 ,  -16.14910716,      0.94006045,   56.90503993,  122.12361198,   30.17675636,     -7.70284121,   -3.6091301 ,   -0.06056254,    0.2242149 ,     -3.54011612], [   31.8831429 ,   -7.91213577,   16.74039023,    3.01698222,      8.43233335,   14.56825998,   30.17675636,   84.55331649,     17.41545043,    4.80483832,    7.17335776,   -1.17460823,      7.51872854], [  -88.96529983,    1.97792975,    3.26533354,   27.68861252,     29.76728311,    0.28807383,   -7.70284121,   17.41545043,     87.67540892,   23.79571451,    0.96740005,    0.48244443,      7.11827228], [    5.22860116,  -15.57227441,  -10.0288835 ,   12.20419431,     -5.40627108,   -6.37059373,   -3.6091301 ,    4.80483832,     23.79571451,   88.32895516,   29.38297387,   -2.40011585,      4.0435606 ], [  -16.61624992,   31.97485761,    0.03933106,   -4.62518531,    -25.52872729,   -1.73110992,   -0.06056254,    7.17335776,      0.96740005,   29.38297387,   86.87571858,   15.83892921,     -4.84040866], [ -111.29023555,   33.4453449 ,   24.87774933,   -0.69373901,      6.47032104,   -5.54394231,    0.2242149 ,   -1.17460823,      0.48244443,   -2.40011585,   15.83892921,   73.75140455,     16.15816672], [  -87.3266417 ,  -20.99629786,   19.27297171,   21.03592842,     15.43796266,   -9.36729248,   -3.54011612,    7.51872854,      7.11827228,    4.0435606 ,   -4.84040866,   16.15816672,     74.67390245]]
/root/sim/music/out/Bob_Dylan/The_Very_Best_Of_[Disc_1]/15_Duquesne_Whistle.mp3; [-692.50696  , 163.62979  ,  20.683054 ,  20.535425 ,   2.0269241,    6.783753 ,  -7.764497 ,  -3.4125059,  -4.2036753,  -7.1878715,   -2.4140685,  -2.4526181,  -2.252941 ]; [[20048.04674238, -555.30537792,    1.25632752,  107.95057192,   -360.81662506,  429.79705079,  -40.12300006,   24.22769967,    100.73097695,  114.72722696,  202.05793381,  -87.08947563,    -55.54909359], [ -555.30537792, 1887.523978  , -329.40803317,  -97.12619687,     52.73420659, -103.15937275,  -22.84929575,    8.50210818,    -60.57422836,  -79.33292749,  -44.30797359,    7.1199783 ,     25.50628273], [    1.25632752, -329.40803317,  636.45618608,  141.26039185,    -13.72378401,  105.21498335,   73.88096233,   20.67676261,    -13.44844887,  -30.39791488,   -6.80088899,   -1.38070986,      6.71055637], [  107.95057192,  -97.12619687,  141.26039185,  374.46705667,     80.00679513,   42.89081615,   53.26305611,    3.96031419,     -1.51794565,  -20.60767352,  -56.16240055,    8.14114792,      6.09988315], [ -360.81662506,   52.73420659,  -13.72378401,   80.00679513,    187.99192543,   32.99675336,   23.56989806,   13.52358068,     14.47682974,    3.64742332,  -29.5807676 ,   -3.02223472,      5.88102758], [  429.79705079, -103.15937275,  105.21498335,   42.89081615,     32.99675336,  176.78663781,   85.60466908,   34.38865526,      5.35033547,   15.47331641,    9.38709414,  -13.68368242,     -5.60431804], [  -40.12300006,  -22.84929575,   73.88096233,   53.26305611,     23.56989806,   85.60466908,  177.89218832,   75.61087884,     -6.90727691,   15.63005489,    1.03364359,  -10.05788262,      1.98592171], [   24.22769967,    8.50210818,   20.67676261,    3.96031419,     13.52358068,   34.38865526,   75.61087884,  121.78999371,     28.82902081,   18.14969204,   15.74963452,   -1.51380802,      9.16312498], [  100.73097695,  -60.57422836,  -13.44844887,   -1.51794565,     14.47682974,    5.35033547,   -6.90727691,   28.82902081,    103.67574666,   47.97080601,   24.80155598,   13.66498567,      4.69032998], [  114.72722696,  -79.33292749,  -30.39791488,  -20.60767352,      3.64742332,   15.47331641,   15.63005489,   18.14969204,     47.97080601,  122.65206842,   50.14128178,   -4.76207298,     -5.96167357], [  202.05793381,  -44.30797359,   -6.80088899,  -56.16240055,    -29.5807676 ,    9.38709414,    1.03364359,   15.74963452,     24.80155598,   50.14128178,  104.40473781,   32.50576113,      6.12250068], [  -87.08947563,    7.1199783 ,   -1.38070986,    8.14114792,     -3.02223472,  -13.68368242,  -10.05788262,   -1.51380802,     13.66498567,   -4.76207298,   32.50576113,   90.66110665,     39.85348251], [  -55.54909359,   25.50628273,    6.71055637,    6.09988315,      5.88102758,   -5.60431804,    1.98592171,    9.16312498,      4.69032998,   -5.96167357,    6.12250068,   39.85348251,     86.05419137]]
/root/sim/music/out/Bob_Dylan/The_Very_Best_Of_[Disc_1]/07_All_Along_The_Watchtower.mp3; [-651.1519   ,  82.67299  ,  14.923616 ,  58.966473 ,  10.433578 ,    4.958722 ,   2.5566504,   5.11917  , -11.563658 ,  -6.728855 ,  -10.284963 , -13.368039 ,  -5.940742 ]; [[18186.24273529,  631.93943478, -348.65363129,  752.44097221,    -56.99495217,   72.37106405,  -30.03171355,   28.91819102,   -277.42734939,   35.72508059,   60.98298438, -253.66885525,   -251.38135902], [  631.93943478, 1767.87570149,  -62.97451788, -161.25314618,   -180.3942605 ,  150.67507187, -339.65536299,  -62.72143086,    -59.16834751,  105.5017239 ,   90.64820744,   25.06370456,    -88.81643327], [ -348.65363129,  -62.97451788,  434.94016294,   91.64770936,     47.20044375,   11.76178313,   22.16328057,   -4.74661422,      8.42773385,  -34.94411106,  -17.39895473,   22.46429588,     50.14317786], [  752.44097221, -161.25314618,   91.64770936,  574.17272265,    218.55524646,  -75.12074849,   94.95776129,   60.84034512,     38.62731139, -117.3733978 , -112.32213688,  -10.05525389,     70.49746114], [  -56.99495217, -180.3942605 ,   47.20044375,  218.55524646,    276.80995554,   -7.80193877,   49.19393672,   15.810042  ,     58.81120355,  -48.88136254,  -52.75427449,   -2.22762285,      4.62996812], [   72.37106405,  150.67507187,   11.76178313,  -75.12074849,     -7.80193877,  186.6477955 ,  -22.7950936 ,  -11.9280765 ,     -7.14648922,   46.81603011,   30.19445625,   20.0906284 ,    -34.18271795], [  -30.03171355, -339.65536299,   22.16328057,   94.95776129,     49.19393672,  -22.7950936 ,  327.29984785,   76.85910642,     -4.86187336,  -56.63532589,  -50.09755897,  -23.39299322,     95.98815585], [   28.91819102,  -62.72143086,   -4.74661422,   60.84034512,     15.810042  ,  -11.9280765 ,   76.85910642,  125.76184556,      6.12426753,  -28.98324469,  -27.03108686,  -15.75228711,     26.7385673 ], [ -277.42734939,  -59.16834751,    8.42773385,   38.62731139,     58.81120355,   -7.14648922,   -4.86187336,    6.12426753,    120.4479561 ,   -5.45015429,  -24.55582772,    8.16956331,      4.04957269], [   35.72508059,  105.5017239 ,  -34.94411106, -117.3733978 ,    -48.88136254,   46.81603011,  -56.63532589,  -28.98324469,     -5.45015429,  145.75660702,   55.59955875,    1.3518679 ,    -52.00368967], [   60.98298438,   90.64820744,  -17.39895473, -112.32213688,    -52.75427449,   30.19445625,  -50.09755897,  -27.03108686,    -24.55582772,   55.59955875,  142.65259169,    2.22308566,    -44.47910929], [ -253.66885525,   25.06370456,   22.46429588,  -10.05525389,     -2.22762285,   20.0906284 ,  -23.39299322,  -15.75228711,      8.16956331,    1.3518679 ,    2.22308566,  113.67821431,     13.85328949], [ -251.38135902,  -88.81643327,   50.14317786,   70.49746114,      4.62996812,  -34.18271795,   95.98815585,   26.7385673 ,      4.04957269,  -52.00368967,  -44.47910929,   13.85328949,    160.9384729 ]]
/root/sim/music/out/Bob_Dylan/The_Very_Best_Of_[Disc_1]/16_Baby_Stop_Crying.mp3; [-612.71277  , 139.19891  , -18.367458 ,  32.64188  ,   0.748043 ,    3.3617198, -10.468568 ,  -0.9243405,  -6.694527 ,  -3.294243 ,   -5.307839 ,  -2.182423 ,  -6.379035 ]; [[13134.94932181,-1163.59309451, -465.77902036, -440.05682628,   -177.20877661,  156.29222066,  -82.91628742,  -99.05168703,      2.7396697 ,  216.6509546 ,  -36.22377951,  -36.75075243,    -54.1595426 ], [-1163.59309451, 1608.34789189, -203.69542747,  310.42486046,     58.18391733,  -13.35051618,   -7.29118739,   39.79531553,    -12.94100459,  -83.66276256,  -34.0567689 ,  -11.04090387,    -11.19719741], [ -465.77902036, -203.69542747,  679.5671531 , -113.22499606,      8.57763605,  -25.83111679,  -39.69303061,  -13.73987362,     36.58154031,  -53.24509584,   68.54465206,   -7.3667044 ,    -10.8917539 ], [ -440.05682628,  310.42486046, -113.22499606,  345.94243031,     65.78766444,  -17.8139606 ,   -9.90387978,   18.44837627,    -10.70686804,   -5.17092957,  -44.37091877,   20.39793479,     31.02299981], [ -177.20877661,   58.18391733,    8.57763605,   65.78766444,    160.25962203,   -1.01075956,   -6.87128104,   11.20542113,     16.5119983 ,  -12.54906344,  -16.56829545,   -1.45842033,     14.53945293], [  156.29222066,  -13.35051618,  -25.83111679,  -17.8139606 ,     -1.01075956,  129.13280498,   50.23592006,   17.32977341,    -20.90589163,   -2.25764255,   -2.71300219,  -10.13253954,     -4.12123982], [  -82.91628742,   -7.29118739,  -39.69303061,   -9.90387978,     -6.87128104,   50.23592006,  141.33914287,   10.07535547,    -18.55742286,    4.15672237,   -9.78261141,   -9.73556092,      7.19562464], [  -99.05168703,   39.79531553,  -13.73987362,   18.44837627,     11.20542113,   17.32977341,   10.07535547,   93.81544148,      7.74221552,  -13.50475657,  -10.09538665,    2.62035165,      4.06412689], [    2.7396697 ,  -12.94100459,   36.58154031,  -10.70686804,     16.5119983 ,  -20.90589163,  -18.55742286,    7.74221552,    101.655381  ,   17.34086816,    3.21908183,    8.4848594 ,    -10.22964383], [  216.6509546 ,  -83.66276256,  -53.24509584,   -5.17092957,    -12.54906344,   -2.25764255,    4.15672237,  -13.50475657,     17.34086816,   92.42949664,   12.45695446,    4.97747764,     -0.65519325], [  -36.22377951,  -34.0567689 ,   68.54465206,  -44.37091877,    -16.56829545,   -2.71300219,   -9.78261141,  -10.09538665,      3.21908183,   12.45695446,   86.40814639,   12.15160539,    -16.63017968], [  -36.75075243,  -11.04090387,   -7.3667044 ,   20.39793479,     -1.45842033,  -10.13253954,   -9.73556092,    2.62035165,      8.4848594 ,    4.97747764,   12.15160539,   70.05070521,     10.17163069], [  -54.1595426 ,  -11.19719741,  -10.8917539 ,   31.02299981,     14.53945293,   -4.12123982,    7.19562464,    4.06412689,    -10.22964383,   -0.65519325,  -16.63017968,   10.17163069,     71.79750929]]
/root/sim/music/out/Bob_Dylan/The_Very_Best_Of_[Disc_1]/03_Subterranean_Homesick_Blues.mp3; [-561.45795   ,  91.45463   , -19.491047  ,  16.542551  ,   4.3862634 ,    2.8696811 ,  -4.7868047 ,  -0.32284454,  -4.548787  ,   3.0738685 ,   -3.567295  ,  -1.4494876 ,  -4.8833714 ]; [[22705.83693311, 2066.19987389, -701.0353376 ,  715.60714017,    -15.28646637, -211.83741468, -286.53010482,  -31.8358516 ,    -11.35317583,  211.6324646 , -232.88854226,  -95.23809144,   -138.80024425], [ 2066.19987389,  784.39181763,    2.6018909 ,    5.58521284,     29.15967643,   23.50746174,  -32.8468563 ,   25.63061285,    -11.30652398,    3.96944082,    4.60497861,  -23.2377195 ,    -14.68217775], [ -701.0353376 ,    2.6018909 ,  402.77320523,  -24.03112008,     65.08285856,   80.22929381,  -12.23208231,   21.35147362,    -35.23028603,  -45.74215509,   28.97300334,  -13.04994735,      5.20556714], [  715.60714017,    5.58521284,  -24.03112008,  352.18800938,     99.30775563,  -77.13342162,  -40.68749512,  -11.5337538 ,     46.88748452,   37.62709047,  -26.57539689,   42.85141383,     15.7761038 ], [  -15.28646637,   29.15967643,   65.08285856,   99.30775563,    172.12783653,   31.19599701,  -20.60346035,    7.78672332,     23.67194409,   14.54012349,    7.15080102,    2.73179575,      3.73431872], [ -211.83741468,   23.50746174,   80.22929381,  -77.13342162,     31.19599701,  165.30010974,   81.32284396,   21.7652326 ,    -21.31646542,  -10.99029758,   27.84875071,  -18.01492114,     -6.61884612], [ -286.53010482,  -32.8468563 ,  -12.23208231,  -40.68749512,    -20.60346035,   81.32284396,  170.43748109,   42.6774731 ,    -18.8818423 ,   -6.87179148,   25.37667271,    2.74788848,     12.03156509], [  -31.8358516 ,   25.63061285,   21.35147362,  -11.5337538 ,      7.78672332,   21.7652326 ,   42.6774731 ,   89.61794547,     18.30655   ,   -1.18473762,    1.13376613,   -0.52110221,      7.65995015], [  -11.35317583,  -11.30652398,  -35.23028603,   46.88748452,     23.67194409,  -21.31646542,  -18.8818423 ,   18.30655   ,     96.77275237,   38.34841125,   -6.50497686,   -0.14913899,      2.43992646], [  211.6324646 ,    3.96944082,  -45.74215509,   37.62709047,     14.54012349,  -10.99029758,   -6.87179148,   -1.18473762,     38.34841125,   92.96829376,   20.34979858,   14.31058874,      4.66508386], [ -232.88854226,    4.60497861,   28.97300334,  -26.57539689,      7.15080102,   27.84875071,   25.37667271,    1.13376613,     -6.50497686,   20.34979858,   78.49578948,   25.40214332,      8.45416854], [  -95.23809144,  -23.2377195 ,  -13.04994735,   42.85141383,      2.73179575,  -18.01492114,    2.74788848,   -0.52110221,     -0.14913899,   14.31058874,   25.40214332,   84.65063437,     30.31175741], [ -138.80024425,  -14.68217775,    5.20556714,   15.7761038 ,      3.73431872,   -6.61884612,   12.03156509,    7.65995015,      2.43992646,    4.66508386,    8.45416854,   30.31175741,     68.20019192]]
/root/sim/music/out/Bob_Dylan/The_Very_Best_Of_[Disc_1]/04_Lay_Lady_Lay.mp3; [-723.34296  , 164.91692  ,  -0.5861203,  35.373043 ,  20.093185 ,    6.538652 ,  -2.7580848,   4.5950613,  -7.7129626,  -1.9046204,   -3.1278276,  -2.2899442,  -4.552912 ]; [[12733.69202583, 1116.52377214, -358.81461185,  268.98660829,    -46.12480375, -325.31710834, -387.32484312,  265.69914158,   -349.73000763, -130.16319154,   -4.70963404,  -77.09767119,   -358.32145546], [ 1116.52377214, 1996.394281  , -443.74711178,  127.48992729,    171.17653367,  -60.55201311,   32.03915894,  -42.38700794,    -28.08349782,  -57.47855909,   -8.59986319,  -63.5791359 ,     27.15206865], [ -358.81461185, -443.74711178,  665.38848308,   91.85950457,    -30.6422622 ,  103.35762151,   91.26154178,   17.24727983,     18.65765787,   31.91703549,  -28.45153617,   38.54013962,     24.8365239 ], [  268.98660829,  127.48992729,   91.85950457,  351.9264471 ,    112.67364868,    1.12894805,  -28.66498018,  -11.1398378 ,     18.91641677,  -17.60858758,   -5.41920964,   -7.15559474,     36.56759908], [  -46.12480375,  171.17653367,  -30.6422622 ,  112.67364868,    253.3615694 ,  -25.70437067,  -31.49827989,  -17.93927938,     16.38383797,    6.22051614,   18.75117055,   -0.43582157,     18.55714682], [ -325.31710834,  -60.55201311,  103.35762151,    1.12894805,    -25.70437067,  288.55413906,   99.17831687,  -11.52105154,     63.7553059 ,   58.68585879,  -21.00462902,   25.88315602,     42.42013695], [ -387.32484312,   32.03915894,   91.26154178,  -28.66498018,    -31.49827989,   99.17831687,  155.15212654,   15.04431094,     36.6295666 ,   19.54183852,  -12.22863054,   22.97408563,     16.30952055], [  265.69914158,  -42.38700794,   17.24727983,  -11.1398378 ,    -17.93927938,  -11.52105154,   15.04431094,  127.83458455,     -1.28826433,   -1.95229289,   33.16231283,   16.5620345 ,    -20.09174759], [ -349.73000763,  -28.08349782,   18.65765787,   18.91641677,     16.38383797,   63.7553059 ,   36.6295666 ,   -1.28826433,     95.85648148,   31.51439245,   -8.70093801,    6.61641163,     27.68168117], [ -130.16319154,  -57.47855909,   31.91703549,  -17.60858758,      6.22051614,   58.68585879,   19.54183852,   -1.95229289,     31.51439245,   82.53654496,   17.74811251,    4.70568888,      7.01353786], [   -4.70963404,   -8.59986319,  -28.45153617,   -5.41920964,     18.75117055,  -21.00462902,  -12.22863054,   33.16231283,     -8.70093801,   17.74811251,   96.30319735,   22.30926195,    -18.05559284], [  -77.09767119,  -63.5791359 ,   38.54013962,   -7.15559474,     -0.43582157,   25.88315602,   22.97408563,   16.5620345 ,      6.61641163,    4.70568888,   22.30926195,   70.30438126,     18.55265668], [ -358.32145546,   27.15206865,   24.8365239 ,   36.56759908,     18.55714682,   42.42013695,   16.30952055,  -20.09174759,     27.68168117,    7.01353786,  -18.05559284,   18.55265668,     90.04227719]]
/root/sim/music/out/Bob_Dylan/The_Very_Best_Of_[Disc_1]/06_I_Want_You.mp3; [-569.08307   , 104.85976   , -17.743052  ,  22.23783   ,   4.7852335 ,    8.6872225 ,  -0.6933755 ,   7.3054423 ,  -0.63888985,   0.78213316,    0.27262455,  -2.0990589 ,  -0.07831141]; [[15835.21476027, 1194.60032811, -304.13150035,  215.27111287,     35.67228522,   96.57478887,  -37.04901541,   57.28615909,    -19.0686003 ,    9.50131922,   35.05500306,  -96.49131395,      4.81614504], [ 1194.60032811, 1296.25310469, -372.02983144,   11.01451389,    -59.87871418,   65.4313695 ,  -87.93265232,   73.54091504,    -15.41161638,   15.72786527,   56.53632665,  -18.8225341 ,     42.26465601], [ -304.13150035, -372.02983144,  346.94725761,  -17.91983228,      1.7822385 ,  -11.45315265,   23.26163249,  -22.82577711,     15.82565276,    0.809411  ,   -6.46856848,   21.79492734,     -6.62884419], [  215.27111287,   11.01451389,  -17.91983228,  232.40618755,     48.49744873,   -7.95118413,   19.32277082,  -10.17240588,      6.26117311,  -36.99105907,  -33.40407385,   -1.5813503 ,     12.48678722], [   35.67228522,  -59.87871418,    1.7822385 ,   48.49744873,    159.22229404,  -19.93454933,   -9.6384554 ,   -9.52745688,     -0.85228336,  -14.5080535 ,  -19.5757266 ,   15.47568943,     -0.09080597], [   96.57478887,   65.4313695 ,  -11.45315265,   -7.95118413,    -19.93454933,  145.43288501,    4.12528273,    1.35912093,    -18.92114594,   -9.14504672,   -3.71111738,   -6.86766996,     11.03739698], [  -37.04901541,  -87.93265232,   23.26163249,   19.32277082,     -9.6384554 ,    4.12528273,  172.83470105,   -0.64852522,     -0.45127646,  -17.41034765,  -23.78202268,   12.06503712,     -2.25112478], [   57.28615909,   73.54091504,  -22.82577711,  -10.17240588,     -9.52745688,    1.35912093,   -0.64852522,  114.56974399,      7.25919308,   -7.03477686,   -6.78066263,  -12.50186563,      4.87208544], [  -19.0686003 ,  -15.41161638,   15.82565276,    6.26117311,     -0.85228336,  -18.92114594,   -0.45127646,    7.25919308,     93.87098107,   22.75740787,   -1.46381596,   -6.53839799,    -11.21725316], [    9.50131922,   15.72786527,    0.809411  ,  -36.99105907,    -14.5080535 ,   -9.14504672,  -17.41034765,   -7.03477686,     22.75740787,  107.29763283,   27.80521717,   -5.85572333,    -16.50596039], [   35.05500306,   56.53632665,   -6.46856848,  -33.40407385,    -19.5757266 ,   -3.71111738,  -23.78202268,   -6.78066263,     -1.46381596,   27.80521717,   91.9342818 ,    5.31844164,     -7.86763206], [  -96.49131395,  -18.8225341 ,   21.79492734,   -1.5813503 ,     15.47568943,   -6.86766996,   12.06503712,  -12.50186563,     -6.53839799,   -5.85572333,    5.31844164,   81.26745133,      7.02178398], [    4.81614504,   42.26465601,   -6.62884419,   12.48678722,     -0.09080597,   11.03739698,   -2.25112478,    4.87208544,    -11.21725316,  -16.50596039,   -7.86763206,    7.02178398,     81.32541695]]
/root/sim/music/out/Bob_Dylan/The_Very_Best_Of_[Disc_1]/10_Hurricane.mp3; [-562.37024   ,  91.47488   ,   7.695306  ,  21.02963   ,   7.8161054 ,    8.285402  ,  -6.20075   ,   0.66058034,  -2.6902196 ,   3.3644965 ,   -2.7489672 ,  -2.3183882 ,  -6.758875  ]; [[8339.46761001,-232.66850273,-156.1746538 , -32.22955967,-113.13751899,   -11.71059345,-106.54701393,   8.22560294,  42.32312553,  23.22353512,     5.13942473, -32.0421532 , -93.34077321], [-232.66850273,1001.70312609,-125.25878597, -61.74065206, -23.76115778,    85.28838789,  15.54168351, -14.63156576, -12.81907709,  24.17031276,    45.07027637,  13.24492714, -13.26252772], [-156.1746538 ,-125.25878597, 591.71155052,  94.68162836, 104.97030751,    36.03703843,  56.66600497,  20.00352364,  -4.78172586,   2.71184676,   -18.05385893,   2.98474344,  41.31094383], [ -32.22955967, -61.74065206,  94.68162836, 336.25077738, 143.49598768,   -11.29933845, -15.24256343,  23.08268517,  43.19547127,   6.32243337,   -19.36015178,  10.66460567,  41.32340646], [-113.13751899, -23.76115778, 104.97030751, 143.49598768, 224.20851329,    24.83915813,   2.03126361,   9.3410534 ,  48.68628745,  24.27554391,    -7.58495373,   3.40112609,  22.91319894], [ -11.71059345,  85.28838789,  36.03703843, -11.29933845,  24.83915813,   166.38587266,  92.41197063,  23.72923804,   3.90312998,  15.46604756,    32.04579758,   8.55826429, -17.05768365], [-106.54701393,  15.54168351,  56.66600497, -15.24256343,   2.03126361,    92.41197063, 201.38217555,  66.93750037,  -1.30377644,   5.06297869,    23.64386292,   9.31465491,  -1.67142462], [   8.22560294, -14.63156576,  20.00352364,  23.08268517,   9.3410534 ,    23.72923804,  66.93750037, 103.22115235,  38.24209567,   7.39734293,     9.04777555,   6.91973915,   9.81606805], [  42.32312553, -12.81907709,  -4.78172586,  43.19547127,  48.68628745,     3.90312998,  -1.30377644,  38.24209567, 120.7831501 ,  48.38760491,     0.99208052,  -5.39473726,   3.71019355], [  23.22353512,  24.17031276,   2.71184676,   6.32243337,  24.27554391,    15.46604756,   5.06297869,   7.39734293,  48.38760491, 100.60531462,    34.80501954,  -7.75670808,  -3.75813916], [   5.13942473,  45.07027637, -18.05385893, -19.36015178,  -7.58495373,    32.04579758,  23.64386292,   9.04777555,   0.99208052,  34.80501954,    91.64720415,  28.96534306,  -8.86360794], [ -32.0421532 ,  13.24492714,   2.98474344,  10.66460567,   3.40112609,     8.55826429,   9.31465491,   6.91973915,  -5.39473726,  -7.75670808,    28.96534306,  79.6815476 ,  22.4958864 ], [ -93.34077321, -13.26252772,  41.31094383,  41.32340646,  22.91319894,   -17.05768365,  -1.67142462,   9.81606805,   3.71019355,  -3.75813916,    -8.86360794,  22.4958864 ,  78.71769964]]
/root/sim/music/out/Bob_Dylan/The_Very_Best_Of_[Disc_2]/04_Positively_4th_Street_(Single_Version).mp3; [-638.81647   , 154.12358   , -22.96438   ,  11.928826  ,   0.19812608,  -15.174202  ,  -8.32127   ,  -9.049118  ,  -5.014003  ,   0.05195648,   -4.146128  ,  -3.9447243 ,  -7.9563403 ]; [[9924.75383641, 654.54959602,-214.99050406,-135.97892226,  26.97517912,  -217.71310887,-160.11605097,-125.7030777 ,-126.70028105,  -7.47279819,   -22.59165402,  -5.69870808,-145.92319701], [ 654.54959602,1583.07265625,-520.07324744, 100.13684804,-101.33724541,    10.73800223,  22.84311841,  -5.86093403,  11.3230345 ,  52.32965031,     4.72150352,   3.74494987, -18.64791569], [-214.99050406,-520.07324744, 545.1286838 ,  -6.23974489,  55.93250339,    25.36315288, -15.31408768,  12.40854313,  -8.71008261, -25.15805107,    -4.11353788,   3.21948106,  42.59252404], [-135.97892226, 100.13684804,  -6.23974489, 388.54193472,  -3.667745  ,    18.58615795, -24.05978846, -18.71891012,  45.61158931, -33.97426534,   -35.99832535, -26.02063153,  19.46857387], [  26.97517912,-101.33724541,  55.93250339,  -3.667745  , 280.85407821,   -70.51950188, -42.44453097,  18.81691407,  24.73433614,  13.0583595 ,   -17.26243046,  18.22668674,   9.63778767], [-217.71310887,  10.73800223,  25.36315288,  18.58615795, -70.51950188,   212.3602608 ,  63.75094469,  12.86483409,  -4.48772263,  23.31728088,    24.2364399 , -13.20583852, -15.64617788], [-160.11605097,  22.84311841, -15.31408768, -24.05978846, -42.44453097,    63.75094469, 173.29058167,  21.95624697,  -9.92691742,  19.26687857,     4.57603578,  14.64478984, -16.69290652], [-125.7030777 ,  -5.86093403,  12.40854313, -18.71891012,  18.81691407,    12.86483409,  21.95624697, 149.28900642,  38.30787049, -11.34260131,   -16.34915558,  -6.30374586,   3.36804565], [-126.70028105,  11.3230345 ,  -8.71008261,  45.61158931,  24.73433614,    -4.48772263,  -9.92691742,  38.30787049, 119.25390576,  29.13695496,    -2.30625755, -13.85942645,  -2.32974334], [  -7.47279819,  52.32965031, -25.15805107, -33.97426534,  13.0583595 ,    23.31728088,  19.26687857, -11.34260131,  29.13695496, 112.53545257,    38.25359164,   9.87644942, -18.51208031], [ -22.59165402,   4.72150352,  -4.11353788, -35.99832535, -17.26243046,    24.2364399 ,   4.57603578, -16.34915558,  -2.30625755,  38.25359164,    98.40548029,  29.52726643,   3.82207034], [  -5.69870808,   3.74494987,   3.21948106, -26.02063153,  18.22668674,   -13.20583852,  14.64478984,  -6.30374586, -13.85942645,   9.87644942,    29.52726643,  89.79646747,  35.9250287 ], [-145.92319701, -18.64791569,  42.59252404,  19.46857387,   9.63778767,   -15.64617788, -16.69290652,   3.36804565,  -2.32974334, -18.51208031,     3.82207034,  35.9250287 ,  87.94226961]]
/root/sim/music/out/Bob_Dylan/The_Very_Best_Of_[Disc_2]/08_(Quinn_The_Eskimo)_The_Mighty_Quinn.mp3; [-629.7711   , 130.85579  , -24.737978 ,  38.312775 ,  -2.6953166,    7.1588745, -11.860326 ,   5.7713423,  -4.620685 ,   4.4598026,    1.4017686,  -3.0960348,  -4.632739 ]; [[14588.24965271, 1082.27491467, -832.50851379,  600.06545854,   -295.81752717,   97.14786268, -307.14622324,  201.79839781,    -74.20284133,   46.4489739 ,   71.78231313,  -38.47706694,   -156.56404872], [ 1082.27491467, 1196.86774846,  -61.66640152,   73.01999   ,     38.8851847 ,   38.05628996,   -8.10864396,   41.85228329,     -8.98189794,  -19.88005866,   45.59028594,    4.36794925,     14.28491647], [ -832.50851379,  -61.66640152,  632.24101985,    4.48542603,     63.27399506,   25.97809981,   95.35431701,   11.8133177 ,     28.44345188,   17.0402661 ,  -28.68069422,   44.71710076,     20.26942876], [  600.06545854,   73.01999   ,    4.48542603,  310.35510515,    103.44301799,    2.73556152,  -36.87708323,   25.32658667,     42.17929263,    1.41280827,  -27.97238134,    9.73194148,     17.19258288], [ -295.81752717,   38.8851847 ,   63.27399506,  103.44301799,    290.91401486,   46.19074287,  -36.15206913,  -22.59783861,     48.73235704,    1.93189254,  -27.06443486,   18.3893081 ,     13.83663437], [   97.14786268,   38.05628996,   25.97809981,    2.73556152,     46.19074287,  146.15600571,   63.70410936,    0.32024264,     15.43895522,   15.25611631,    5.48403241,    5.70315497,      3.85162194], [ -307.14622324,   -8.10864396,   95.35431701,  -36.87708323,    -36.15206913,   63.70410936,  240.04150569,   37.84391156,     -1.39553762,   38.83669167,   -6.1185504 ,    5.96743873,     12.87361838], [  201.79839781,   41.85228329,   11.8133177 ,   25.32658667,    -22.59783861,    0.32024264,   37.84391156,  125.76279696,     15.83619483,   -5.56071906,   29.58197106,   -1.95890279,     -6.49635835], [  -74.20284133,   -8.98189794,   28.44345188,   42.17929263,     48.73235704,   15.43895522,   -1.39553762,   15.83619483,    105.86316346,   28.83555073,  -24.87049109,    8.82419451,     15.18797025], [   46.4489739 ,  -19.88005866,   17.0402661 ,    1.41280827,      1.93189254,   15.25611631,   38.83669167,   -5.56071906,     28.83555073,  111.45983058,   17.23745745,  -10.57322154,      0.56487547], [   71.78231313,   45.59028594,  -28.68069422,  -27.97238134,    -27.06443486,    5.48403241,   -6.1185504 ,   29.58197106,    -24.87049109,   17.23745745,  107.47141714,   12.64104615,    -27.40524063], [  -38.47706694,    4.36794925,   44.71710076,    9.73194148,     18.3893081 ,    5.70315497,    5.96743873,   -1.95890279,      8.82419451,  -10.57322154,   12.64104615,   77.67387862,     21.62145696], [ -156.56404872,   14.28491647,   20.26942876,   17.19258288,     13.83663437,    3.85162194,   12.87361838,   -6.49635835,     15.18797025,    0.56487547,  -27.40524063,   21.62145696,     89.86193971]]
/root/sim/music/out/Bob_Dylan/The_Very_Best_Of_[Disc_2]/12_Gotta_Serve_Somebody.mp3; [-683.7319   , 125.75955  ,  13.270831 ,  29.460688 ,  12.463522 ,    3.8302672,  -8.564306 ,  -3.868215 ,  -4.5714984,  -3.5031648,   -1.2695905,  -4.176895 ,  -5.5064406]; [[21856.41338778, -676.58388484,-1724.3753748 , -784.01266869,   -549.5682481 ,   24.5168442 , -104.32119156, -174.18704854,     17.33635272,  194.8861779 ,   25.87164178, -148.01279344,   -362.26761206], [ -676.58388484, 1985.09121177, -146.02003444,  -67.17992771,     68.93039888,  -47.91417188,   14.23776517,   23.11973323,    -69.20228847,  -29.6345679 ,  -10.73789753,  -12.40411998,     94.03638448], [-1724.3753748 , -146.02003444, 1243.38890308,  299.33156151,     78.65519129,   96.91384286,  -81.17761327,   -1.32445988,     59.13056544,  -93.17290211,   44.31597707,   67.80817462,     42.44971959], [ -784.01266869,  -67.17992771,  299.33156151,  588.42012289,    186.1370029 ,  -24.05956053,  -58.81579456,   15.65685087,     70.20759444,  -56.22580519,   -5.55767959,   36.94251048,     19.17677562], [ -549.5682481 ,   68.93039888,   78.65519129,  186.1370029 ,    292.77667208,   24.2055044 ,  -28.74936873,   32.56299624,     49.684299  ,  -12.66454417,  -12.87971497,   29.84095029,     32.92963003], [   24.5168442 ,  -47.91417188,   96.91384286,  -24.05956053,     24.2055044 ,  245.47729875,   96.77152469,   10.61619319,    -13.43300426,   26.29347096,   46.43110607,   -2.23339771,      2.31125964], [ -104.32119156,   14.23776517,  -81.17761327,  -58.81579456,    -28.74936873,   96.77152469,  218.92081393,   59.09204792,    -49.31262902,   57.72241015,   23.25700285,  -13.21565853,      9.911836  ], [ -174.18704854,   23.11973323,   -1.32445988,   15.65685087,     32.56299624,   10.61619319,   59.09204792,  141.95190621,      5.66833047,   11.38627665,  -14.06014877,   -5.04258567,     34.37031602], [   17.33635272,  -69.20228847,   59.13056544,   70.20759444,     49.684299  ,  -13.43300426,  -49.31262902,    5.66833047,    134.18059416,    7.45914865,    1.45909876,   17.85405194,     -9.44270208], [  194.8861779 ,  -29.6345679 ,  -93.17290211,  -56.22580519,    -12.66454417,   26.29347096,   57.72241015,   11.38627665,      7.45914865,  158.43768762,   31.44672614,  -22.43419091,    -16.24101467], [   25.87164178,  -10.73789753,   44.31597707,   -5.55767959,    -12.87971497,   46.43110607,   23.25700285,  -14.06014877,      1.45909876,   31.44672614,  104.63559781,   20.52176189,    -19.50907155], [ -148.01279344,  -12.40411998,   67.80817462,   36.94251048,     29.84095029,   -2.23339771,  -13.21565853,   -5.04258567,     17.85405194,  -22.43419091,   20.52176189,   84.51561546,     19.54986553], [ -362.26761206,   94.03638448,   42.44971959,   19.17677562,     32.92963003,    2.31125964,    9.911836  ,   34.37031602,     -9.44270208,  -16.24101467,  -19.50907155,   19.54986553,    105.92043977]]
