/root/sim/music/out/Aerosmith/O_Yeah!_Ultimate_Aerosmith_Hits_[Disc_2]/03_Cryin'.mp3; [-497.7444    , 104.32867   , -19.338987  ,  26.043457  ,   6.173907  ,   16.680462  ,   1.112651  ,   9.634282  ,   5.1113453 ,   3.8498447 ,   -3.6046853 ,   0.8045605 ,  -0.38939875]; [[10545.93157087, -228.66692648,  288.07970742,  130.89806135,     55.12793109,  258.24309112,   37.17812458,  130.89036714,     44.57639216,    1.98976276,  -64.0228456 ,  -11.88538516,    -29.20742744], [ -228.66692648,  877.11815284, -245.12259692,  114.20620463,    -10.45896648,  -22.97066809,   34.06014034,  -11.94191122,      6.20596956,    8.35217597,   27.63067841,  -13.82776802,      8.35850693], [  288.07970742, -245.12259692,  389.42107492,  -80.38446448,     75.1639104 ,   11.00901631,   -3.44357235,   34.16903981,     15.19694355,   22.25601597,    4.00544467,    1.86514902,     15.55034004], [  130.89806135,  114.20620463,  -80.38446448,  268.29806013,     16.41929248,   58.17849704,   40.32725692,   31.48726617,     33.48758268,   11.37957511,  -17.61225932,   23.63228063,      4.24848729], [   55.12793109,  -10.45896648,   75.1639104 ,   16.41929248,    146.34896262,   -9.22756889,   38.24733404,   -0.89722111,     20.81947076,   11.59154635,    6.16119485,    3.45357585,      6.71779661], [  258.24309112,  -22.97066809,   11.00901631,   58.17849704,     -9.22756889,  145.81691009,   31.57566791,   39.71510898,      8.59952154,   11.0570137 ,   -1.55345409,    9.87363888,      1.95738189], [   37.17812458,   34.06014034,   -3.44357235,   40.32725692,     38.24733404,   31.57566791,  135.68868329,   28.5271724 ,     16.61956905,    5.5859282 ,    2.48099767,   -1.98975993,     -6.6314545 ], [  130.89036714,  -11.94191122,   34.16903981,   31.48726617,     -0.89722111,   39.71510898,   28.5271724 ,   92.75611001,     31.07675106,   14.45317868,   -7.08960923,    3.31519298,     -2.86909952], [   44.57639216,    6.20596956,   15.19694355,   33.48758268,     20.81947076,    8.59952154,   16.61956905,   31.07675106,     81.71372068,   21.59676739,    7.99878042,    0.96010645,      3.09858205], [    1.98976276,    8.35217597,   22.25601597,   11.37957511,     11.59154635,   11.0570137 ,    5.5859282 ,   14.45317868,     21.59676739,   70.64541802,   13.88049588,    8.95976779,      2.85995265], [  -64.0228456 ,   27.63067841,    4.00544467,  -17.61225932,      6.16119485,   -1.55345409,    2.48099767,   -7.08960923,      7.99878042,   13.88049588,   79.04197059,   12.36338778,     10.71603219], [  -11.88538516,  -13.82776802,    1.86514902,   23.63228063,      3.45357585,    9.87363888,   -1.98975993,    3.31519298,      0.96010645,    8.95976779,   12.36338778,   69.36294647,     22.51839259], [  -29.20742744,    8.35850693,   15.55034004,    4.24848729,      6.71779661,    1.95738189,   -6.6314545 ,   -2.86909952,      3.09858205,    2.85995265,   10.71603219,   22.51839259,     63.87407139]]
/root/sim/music/out/Aerosmith/O_Yeah!_Ultimate_Aerosmith_Hits_[Disc_2]/11_Just_Push_Play_(Radio_Remix).mp3; [-516.38025  ,  95.57312  ,  -5.8358283,  17.07012  ,   3.522354 ,    7.216239 ,  -0.4425702,   1.4318419,   6.246255 ,   3.741135 ,   -1.8896474,  -0.4864286,  -0.8215765]; [[13466.63137391,  227.51434863,  131.86215688,  472.60220905,    -52.60895894,  129.87436111,  108.93145654,   87.38302398,     70.06568992,  113.39050768,   76.72585119,  123.42552111,     25.10582397], [  227.51434863,  887.60507268,    7.35935371,   88.15712643,    107.40253238,   72.53510538,   89.51336719,   60.65637713,     31.86682713,   23.09152849,   32.88156287,   -6.4400241 ,      4.47633305], [  131.86215688,    7.35935371,  574.59189199,  137.00450087,    103.48083233,   41.86985657,   67.22847809,   62.25792581,     14.65175599,   47.53525378,   20.04912633,   15.86692707,     -9.98976644], [  472.60220905,   88.15712643,  137.00450087,  389.20350151,    109.73943272,   14.38301673,   39.15670239,   53.90443627,     41.83200169,   22.01929818,   15.1271992 ,   18.17801445,     17.56170167], [  -52.60895894,  107.40253238,  103.48083233,  109.73943272,    229.38073838,   72.57292173,   40.59306133,   49.28056595,     51.87842155,   37.34879767,   19.36483086,   -2.74662029,     11.57417952], [  129.87436111,   72.53510538,   41.86985657,   14.38301673,     72.57292173,  167.53282417,   77.61092636,   40.27432578,     25.13575706,   22.76151164,   26.8328244 ,   14.24796358,      4.74971333], [  108.93145654,   89.51336719,   67.22847809,   39.15670239,     40.59306133,   77.61092636,  205.34686581,   74.35883266,    -10.05943885,   18.67301155,   43.57336919,   21.34115538,      9.20763652], [   87.38302398,   60.65637713,   62.25792581,   53.90443627,     49.28056595,   40.27432578,   74.35883266,  121.28156059,     58.8563507 ,   34.65799323,   35.1480167 ,   16.13735028,     16.38807754], [   70.06568992,   31.86682713,   14.65175599,   41.83200169,     51.87842155,   25.13575706,  -10.05943885,   58.8563507 ,    130.02335437,   63.30742149,   20.97917357,    6.66929329,      9.65935947], [  113.39050768,   23.09152849,   47.53525378,   22.01929818,     37.34879767,   22.76151164,   18.67301155,   34.65799323,     63.30742149,  107.95436722,   52.13273163,    8.09382304,      4.43038576], [   76.72585119,   32.88156287,   20.04912633,   15.1271992 ,     19.36483086,   26.8328244 ,   43.57336919,   35.1480167 ,     20.97917357,   52.13273163,   97.92705266,   30.56070362,     12.27412546], [  123.42552111,   -6.4400241 ,   15.86692707,   18.17801445,     -2.74662029,   14.24796358,   21.34115538,   16.13735028,      6.66929329,    8.09382304,   30.56070362,   86.76016783,     31.31877588], [   25.10582397,    4.47633305,   -9.98976644,   17.56170167,     11.57417952,    4.74971333,    9.20763652,   16.38807754,      9.65935947,    4.43038576,   12.27412546,   31.31877588,     75.39919683]]
/root/sim/music/out/Aerosmith/O_Yeah!_Ultimate_Aerosmith_Hits_[Disc_2]/09_I_Don't_Want_To_Miss_A_Thing.mp3; [-544.261     , 127.49394   ,  -9.423185  ,  15.876112  ,   4.385453  ,    8.042718  ,  -4.2503834 ,   4.3460217 ,   5.372363  ,   3.229854  ,   -0.60760605,   1.223746  ,   1.4882389 ]; [[20577.0055686 , -952.98229013, -125.2966904 ,  156.2050036 ,    -89.98195548,  348.40729338,   17.06982609,  199.01071154,    253.17655181,    1.19959446, -146.05418369,   69.88955018,     41.37179799], [ -952.98229013, 1665.76671718, -277.27851107,   17.53081301,      5.76072788, -139.04606781,  -66.1314166 ,  -20.59641107,    -18.77562767,   49.56450736,   63.17659475,  -26.3450825 ,     -3.36982295], [ -125.2966904 , -277.27851107,  410.68200733,  -18.8672524 ,     49.96336969,   38.98025424,  -14.86804462,    5.25101862,      9.1404034 ,   -6.95941608,    5.58568935,    5.96435689,      7.69664527], [  156.2050036 ,   17.53081301,  -18.8672524 ,  181.86450966,     43.06264287,   -4.50957515,   -4.39647357,   -5.1924332 ,     -6.16554937,   -8.87791746,  -25.93570067,   11.69123211,     17.21501195], [  -89.98195548,    5.76072788,   49.96336969,   43.06264287,    170.08522621,   -3.78548018,   -9.41334686,   -5.36954636,     -5.66293543,    1.31985263,   -3.36580889,    8.56493332,     15.87589043], [  348.40729338, -139.04606781,   38.98025424,   -4.50957515,     -3.78548018,  141.55318933,   33.35200599,   21.85967004,     16.92814925,   -8.74730402,   17.38251086,   -6.45235215,     -3.6629707 ], [   17.06982609,  -66.1314166 ,  -14.86804462,   -4.39647357,     -9.41334686,   33.35200599,  151.25655621,   14.88036851,    -17.47187336,   -8.10576973,    7.32838374,    3.44836751,     -2.02046115], [  199.01071154,  -20.59641107,    5.25101862,   -5.1924332 ,     -5.36954636,   21.85967004,   14.88036851,   88.78027098,     30.43155305,    8.55817868,   -3.16719555,   -5.37322678,     -4.25283382], [  253.17655181,  -18.77562767,    9.1404034 ,   -6.16554937,     -5.66293543,   16.92814925,  -17.47187336,   30.43155305,    105.84393901,   24.83707124,    4.04712341,   -8.05267075,     -4.45443814], [    1.19959446,   49.56450736,   -6.95941608,   -8.87791746,      1.31985263,   -8.74730402,   -8.10576973,    8.55817868,     24.83707124,   87.64798437,   20.76414732,   -3.34294086,    -14.24143846], [ -146.05418369,   63.17659475,    5.58568935,  -25.93570067,     -3.36580889,   17.38251086,    7.32838374,   -3.16719555,      4.04712341,   20.76414732,   83.53891164,    6.9803321 ,     -0.08652812], [   69.88955018,  -26.3450825 ,    5.96435689,   11.69123211,      8.56493332,   -6.45235215,    3.44836751,   -5.37322678,     -8.05267075,   -3.34294086,    6.9803321 ,   71.82260301,     17.77113515], [   41.37179799,   -3.36982295,    7.69664527,   17.21501195,     15.87589043,   -3.6629707 ,   -2.02046115,   -4.25283382,     -4.45443814,  -14.24143846,   -0.08652812,   17.77113515,     63.26482928]]
/root/sim/music/out/Aerosmith/O_Yeah!_Ultimate_Aerosmith_Hits_[Disc_2]/05_Deuces_Are_Wild.mp3; [-505.1456   ,  87.50312  ,   1.1877348,  29.427902 ,   7.023349 ,   21.033972 ,   2.2391129,   5.413705 ,   6.0174303,   5.779285 ,    4.30267  ,   2.6425147,   0.3224688]; [[15490.52385259,-1041.82694247, -812.01760583,  -75.36635597,   -332.38909828,  217.38431102,   99.89952455,  150.71804264,    123.94249838,  113.21529856,    6.12381699,   60.03368233,     17.91805935], [-1041.82694247, 1171.48387391,  -50.5884682 ,   91.22780238,     59.55731234,   13.15852247,  -14.57787639,  -25.62356603,     -7.64952199,  -13.00468335,   41.61108392,  -26.07826752,    -16.83884372], [ -812.01760583,  -50.5884682 ,  409.23394038,   14.51279391,     73.53706942,  -57.83345352,  -25.11019481,   -9.70085579,    -30.95505261,   -8.35183412,  -14.29982127,    6.37471861,      8.7489569 ], [  -75.36635597,   91.22780238,   14.51279391,  182.13168832,     25.53849298,   14.09484747,  -23.72044805,   -6.37216695,      5.19248429,    0.83836316,  -15.70714995,   15.67071242,      2.67942604], [ -332.38909828,   59.55731234,   73.53706942,   25.53849298,    145.01491895,  -23.86746886,   -4.21395512,  -13.75551287,     -0.68751717,    0.29591349,   -5.74442082,   -5.43210321,     -0.03837817], [  217.38431102,   13.15852247,  -57.83345352,   14.09484747,    -23.86746886,  138.0548749 ,   25.20456426,   22.86733966,     11.14210351,  -10.37969094,    0.69252258,  -10.20051337,     -4.84800122], [   99.89952455,  -14.57787639,  -25.11019481,  -23.72044805,     -4.21395512,   25.20456426,  128.81684791,   23.06022384,     -8.30008538,   -1.08782905,   11.37256617,   -2.83748315,     -5.64466628], [  150.71804264,  -25.62356603,   -9.70085579,   -6.37216695,    -13.75551287,   22.86733966,   23.06022384,   85.49205268,     24.08020636,    4.41336777,   -3.76991037,   -3.2148978 ,     -1.00408967], [  123.94249838,   -7.64952199,  -30.95505261,    5.19248429,     -0.68751717,   11.14210351,   -8.30008538,   24.08020636,     80.24944499,   18.90713114,    2.12664195,   -3.38052788,     -0.9390891 ], [  113.21529856,  -13.00468335,   -8.35183412,    0.83836316,      0.29591349,  -10.37969094,   -1.08782905,    4.41336777,     18.90713114,   68.54658057,   19.97509138,    3.14910903,     -7.26053213], [    6.12381699,   41.61108392,  -14.29982127,  -15.70714995,     -5.74442082,    0.69252258,   11.37256617,   -3.76991037,      2.12664195,   19.97509138,   70.60861   ,   13.07768545,     -3.10844187], [   60.03368233,  -26.07826752,    6.37471861,   15.67071242,     -5.43210321,  -10.20051337,   -2.83748315,   -3.2148978 ,     -3.38052788,    3.14910903,   13.07768545,   65.13216678,     14.55376845], [   17.91805935,  -16.83884372,    8.7489569 ,    2.67942604,     -0.03837817,   -4.84800122,   -5.64466628,   -1.00408967,     -0.9390891 ,   -7.26053213,   -3.10844187,   14.55376845,     63.33153201]]
/root/sim/music/out/Aerosmith/O_Yeah!_Ultimate_Aerosmith_Hits_[Disc_2]/04_Amazing.mp3; [-526.23676   , 121.05839   , -18.367733  ,  20.30752   ,  -0.45319584,   15.69616   ,  -3.1201828 ,   4.400506  ,   1.9341967 ,   0.6025174 ,   -1.4909288 ,  -1.9458337 ,  -1.2184178 ]; [[10135.84758499,-1601.29352129,  312.96997019,  175.57541462,    378.95222232,   73.78422427, -108.85862623,   64.49701123,     78.9581883 ,   44.50570868,  -37.12774736,   36.24896632,     -2.42913592], [-1601.29352129, 1200.09756203, -186.83414948,   23.13230721,    -56.2593691 ,  -16.12787711,   -6.3167249 ,  -10.75375609,    -37.61612083,   -8.7127179 ,    1.80312265,  -25.91175411,    -24.44983466], [  312.96997019, -186.83414948,  847.49577524,  -74.2948775 ,    237.96267887,   15.84614991,   52.57790708,    2.95151765,     45.82820981,    2.02642399,   37.76424722,   31.80465022,     33.03377443], [  175.57541462,   23.13230721,  -74.2948775 ,  200.56961557,     23.56346548,   35.78084363,   -6.36570024,   13.13653868,      1.24870264,    7.73784345,   -4.52605719,   17.36444986,      2.55018627], [  378.95222232,  -56.2593691 ,  237.96267887,   23.56346548,    292.49064964,   -4.75766567,   29.59540492,    3.77327373,     26.42619558,   15.3829824 ,   -1.96023164,   14.20645563,     11.50911805], [   73.78422427,  -16.12787711,   15.84614991,   35.78084363,     -4.75766567,  155.4868418 ,   49.62969537,   26.35294916,      6.26256415,    7.37555581,   22.59721768,    0.09968145,     16.50190143], [ -108.85862623,   -6.3167249 ,   52.57790708,   -6.36570024,     29.59540492,   49.62969537,  154.04290776,   34.23473169,     -2.46195686,    1.11867537,   19.76000984,    6.07220808,     11.99776945], [   64.49701123,  -10.75375609,    2.95151765,   13.13653868,      3.77327373,   26.35294916,   34.23473169,   93.41154177,     34.41678519,   12.74685944,    1.14386876,    7.58037759,     14.63455027], [   78.9581883 ,  -37.61612083,   45.82820981,    1.24870264,     26.42619558,    6.26256415,   -2.46195686,   34.41678519,    103.55122042,   32.91465254,   12.26008939,    7.75963299,     11.30731665], [   44.50570868,   -8.7127179 ,    2.02642399,    7.73784345,     15.3829824 ,    7.37555581,    1.11867537,   12.74685944,     32.91465254,   82.64383062,   25.84807244,    7.03020921,     -4.58390497], [  -37.12774736,    1.80312265,   37.76424722,   -4.52605719,     -1.96023164,   22.59721768,   19.76000984,    1.14386876,     12.26008939,   25.84807244,   87.35464171,   22.44179511,      8.61825138], [   36.24896632,  -25.91175411,   31.80465022,   17.36444986,     14.20645563,    0.09968145,    6.07220808,    7.58037759,      7.75963299,    7.03020921,   22.44179511,   78.17930447,     33.00220701], [   -2.42913592,  -24.44983466,   33.03377443,    2.55018627,     11.50911805,   16.50190143,   11.99776945,   14.63455027,     11.30731665,   -4.58390497,    8.61825138,   33.00220701,     82.66557645]]
/root/sim/music/out/Aerosmith/O_Yeah!_Ultimate_Aerosmith_Hits_[Disc_2]/08_Pink_(The_South_Beach_Mix).mp3; [-534.61316   ,  96.08406   ,  12.516713  ,  13.831488  ,   9.32305   ,   15.63575   ,  -2.419857  ,   7.022263  ,   6.904421  ,   3.28689   ,   -0.15362898,   2.6490054 ,   2.6956935 ]; [[12771.18868545, -650.8250746 ,-1094.60662963, -284.38421722,    -77.57494802,  223.00323928,   17.20906682,  114.56895512,    188.92432072,  120.92593705,  -29.24899133,  -26.00344715,     81.29367319], [ -650.8250746 ,  917.95402982,  165.58740058,   56.11367484,    -21.76874496,   42.09840185,   15.03528759,   21.67881897,     27.98374624,   -3.41361181,   59.30155825,   29.89727743,    -11.40058386], [-1094.60662963,  165.58740058,  741.09556363,  149.12954441,     71.32724755,  -60.60557118,  -51.78872332,   20.1864443 ,     -7.01153503,  -11.84128023,   16.13025385,   48.25764445,     -1.36351483], [ -284.38421722,   56.11367484,  149.12954441,  329.47190168,    114.78671923,    1.24525461,   -1.20360001,    7.13798052,     14.8696632 ,  -12.07343856,  -12.69336367,   28.79346182,     31.71849286], [  -77.57494802,  -21.76874496,   71.32724755,  114.78671923,    211.81375341,   28.90599233,   30.00568822,  -14.31643287,     27.11249514,   24.52608615,    5.18386222,   12.0188034 ,     15.91584284], [  223.00323928,   42.09840185,  -60.60557118,    1.24525461,     28.90599233,  162.25354059,   70.71325438,   24.36725332,      4.61268274,    8.4538461 ,   15.49391175,   11.66413037,      0.89618111], [   17.20906682,   15.03528759,  -51.78872332,   -1.20360001,     30.00568822,   70.71325438,  224.42810668,   -5.4931223 ,    -32.31665001,    2.95263236,   25.02050847,  -24.55206351,      0.07273838], [  114.56895512,   21.67881897,   20.1864443 ,    7.13798052,    -14.31643287,   24.36725332,   -5.4931223 ,  119.19470183,     50.95641498,   12.66820965,   -7.87501   ,    9.99964297,      1.82403897], [  188.92432072,   27.98374624,   -7.01153503,   14.8696632 ,     27.11249514,    4.61268274,  -32.31665001,   50.95641498,    130.48468708,   46.14430683,    7.02749624,   10.44644312,      2.92510535], [  120.92593705,   -3.41361181,  -11.84128023,  -12.07343856,     24.52608615,    8.4538461 ,    2.95263236,   12.66820965,     46.14430683,  106.12437866,   32.84125073,    3.8194282 ,     -0.14223126], [  -29.24899133,   59.30155825,   16.13025385,  -12.69336367,      5.18386222,   15.49391175,   25.02050847,   -7.87501   ,      7.02749624,   32.84125073,   88.89763287,   30.53255577,     -2.54833492], [  -26.00344715,   29.89727743,   48.25764445,   28.79346182,     12.0188034 ,   11.66413037,  -24.55206351,    9.99964297,     10.44644312,    3.8194282 ,   30.53255577,   93.52372654,     29.25778871], [   81.29367319,  -11.40058386,   -1.36351483,   31.71849286,     15.91584284,    0.89618111,    0.07273838,    1.82403897,      2.92510535,   -0.14223126,   -2.54833492,   29.25778871,     81.84740484]]
/root/sim/music/out/Aerosmith/O_Yeah!_Ultimate_Aerosmith_Hits_[Disc_2]/10_Jaded.mp3; [-510.05963   , 106.16751   , -10.086063  ,  30.394526  ,   4.618027  ,    6.871827  ,  -4.161241  ,   2.2437549 ,   0.6550395 ,  -1.010048  ,   -3.2422223 ,  -0.056591  ,  -0.23080799]; [[14969.65936369, -104.57959085, -608.80234755,  -28.2805896 ,    -57.75683926,  118.87155824,   60.08145553,  171.15005083,    112.06612166,  103.89178757,   49.84905997,  -27.51930208,    -25.94247391], [ -104.57959085,  918.42198994, -138.83207215,  119.80584865,     39.00914144,  -15.8302593 ,   22.91440057,  -14.46645816,    -17.0269826 ,    0.40603991,   14.10980067,    5.41679876,     -2.29567131], [ -608.80234755, -138.83207215,  398.49284369,   29.04337284,      7.15468579,  -10.93424835,  -36.00646265,   -9.55445511,    -21.12597255,  -25.93867975,   -9.28793121,    3.58639206,      2.75655754], [  -28.2805896 ,  119.80584865,   29.04337284,  209.88474438,     67.19048159,   16.72233633,   11.88006795,    0.50211181,    -18.58748029,  -16.06817167,   -8.90051664,   15.76824815,     11.77536631], [  -57.75683926,   39.00914144,    7.15468579,   67.19048159,    155.43546426,   23.13444915,   21.63605297,   -3.58565399,      0.22529832,    1.65997263,    5.47977808,   16.85985794,      9.96937746], [  118.87155824,  -15.8302593 ,  -10.93424835,   16.72233633,     23.13444915,  128.25881015,   62.98179416,   18.29182229,      8.66331125,   12.00270464,   13.89594036,   18.99956931,      7.09059225], [   60.08145553,   22.91440057,  -36.00646265,   11.88006795,     21.63605297,   62.98179416,  158.09875298,   40.22891988,      6.89219249,   17.68215642,   31.19426134,   -0.16279555,     -1.64541062], [  171.15005083,  -14.46645816,   -9.55445511,    0.50211181,     -3.58565399,   18.29182229,   40.22891988,   93.14085271,     43.52467649,   28.45018228,    7.56213901,   -7.47484284,      0.56846569], [  112.06612166,  -17.0269826 ,  -21.12597255,  -18.58748029,      0.22529832,    8.66331125,    6.89219249,   43.52467649,    104.14992705,   52.98950383,    7.72921491,    4.27577797,     -4.56442306], [  103.89178757,    0.40603991,  -25.93867975,  -16.06817167,      1.65997263,   12.00270464,   17.68215642,   28.45018228,     52.98950383,   90.83534071,   34.01839761,    5.58346755,     -2.58419021], [   49.84905997,   14.10980067,   -9.28793121,   -8.90051664,      5.47977808,   13.89594036,   31.19426134,    7.56213901,      7.72921491,   34.01839761,   72.57005317,   21.66638022,      5.30365347], [  -27.51930208,    5.41679876,    3.58639206,   15.76824815,     16.85985794,   18.99956931,   -0.16279555,   -7.47484284,      4.27577797,    5.58346755,   21.66638022,   71.65121973,     25.99864296], [  -25.94247391,   -2.29567131,    2.75655754,   11.77536631,      9.96937746,    7.09059225,   -1.64541062,    0.56846569,     -4.56442306,   -2.58419021,    5.30365347,   25.99864296,     57.73343076]]
/root/sim/music/out/Aerosmith/マキシマム・ヘﾞスト/12_エンシﾞェル.mp3; [-541.0575   ,  99.122536 , -11.080783 ,  30.428421 ,  -2.170089 ,    3.112896 ,  -3.861923 ,   4.9939995,   4.5026155,   1.2856575,   -0.416507 ,  -3.0072186,  -1.0087574]; [[18581.64750629,  285.5632009 ,    9.02911514,  164.10960155,     30.45355762,  164.01421669, -233.58309864,  136.15138026,    152.94150421,   23.28750581,  100.9460579 , -167.60106152,     19.34283661], [  285.5632009 , 1079.4076487 , -160.21441275,  221.65533276,    -22.32712081,   -1.2177702 ,  131.43590016,  -15.86482916,    -38.4087722 ,   46.86134173,   -8.78887485,   49.7144317 ,    -24.67512526], [    9.02911514, -160.21441275,  360.2546429 ,  -68.15274506,     60.08726681,   38.84862838,  -16.21277974,   17.2969772 ,     -9.03373433,   -4.41932575,   15.66391222,   15.63758836,     24.81393565], [  164.10960155,  221.65533276,  -68.15274506,  300.74525648,     51.54520376,  -19.27335753,   63.67544083,   -4.02032654,     -4.19660095,   23.63174798,  -34.16468905,   60.07807066,      6.13878195], [   30.45355762,  -22.32712081,   60.08726681,   51.54520376,    153.79421919,   15.50251237,   -4.32832688,   -1.32903708,     16.15727841,    2.14354888,   -0.6832684 ,   22.51343618,     26.68233297], [  164.01421669,   -1.2177702 ,   38.84862838,  -19.27335753,     15.50251237,  140.86085545,   37.37138655,   23.46856012,      8.04238832,   -5.24502131,   30.93641038,  -13.47038353,     10.57552883], [ -233.58309864,  131.43590016,  -16.21277974,   63.67544083,     -4.32832688,   37.37138655,  168.95104342,   38.72058392,     -5.60673144,   33.34789099,   -4.64744968,   14.47138467,    -18.1218977 ], [  136.15138026,  -15.86482916,   17.2969772 ,   -4.02032654,     -1.32903708,   23.46856012,   38.72058392,   90.38128195,     41.47616777,   17.27023328,    3.67330301,  -13.06457427,     -1.1897121 ], [  152.94150421,  -38.4087722 ,   -9.03373433,   -4.19660095,     16.15727841,    8.04238832,   -5.60673144,   41.47616777,    104.88454778,   24.93670448,   12.87993288,  -16.10501682,     10.95325802], [   23.28750581,   46.86134173,   -4.41932575,   23.63174798,      2.14354888,   -5.24502131,   33.34789099,   17.27023328,     24.93670448,   85.97933069,   20.64050772,    7.32309397,    -15.48298704], [  100.9460579 ,   -8.78887485,   15.66391222,  -34.16468905,     -0.6832684 ,   30.93641038,   -4.64744968,    3.67330301,     12.87993288,   20.64050772,   76.02754088,    6.93615501,      3.39432011], [ -167.60106152,   49.7144317 ,   15.63758836,   60.07807066,     22.51343618,  -13.47038353,   14.47138467,  -13.06457427,    -16.10501682,    7.32309397,    6.93615501,   92.94645779,     28.84883151], [   19.34283661,  -24.67512526,   24.81393565,    6.13878195,     26.68233297,   10.57552883,  -18.1218977 ,   -1.1897121 ,     10.95325802,  -15.48298704,    3.39432011,   28.84883151,     76.40821972]]
/root/sim/music/out/Aerosmith/マキシマム・ヘﾞスト/05_ウォーク・テﾞィス・ウェイ.mp3; [-546.144     , 105.63516   ,  -9.321365  ,  39.67807   ,   3.9203916 ,   10.63992   ,   1.5561904 ,  11.702098  ,   4.1838446 ,   1.5571867 ,   -5.8531632 ,  -4.2414913 ,  -0.22145654]; [[13927.84922526,  297.5571451 , -161.05666397, -172.63583826,     40.24443911,   21.90278796,  -27.41064263,   72.15177663,    -72.29989154,  -65.54272543, -110.16238525,  -61.64710282,      0.4929709 ], [  297.5571451 , 1288.04349137, -573.37562339,  373.56281875,   -106.261749  ,   56.69107597,   67.3899589 ,   69.82707683,     73.9275642 ,   20.82038631,  -21.4031081 ,  -13.78032681,    -19.30177025], [ -161.05666397, -573.37562339,  898.89512852, -289.63744352,    195.7534041 ,    0.13616467,   30.86058421,  -18.33274403,    -54.11686327,   23.39989438,   26.76489589,   16.42100057,     17.83746982], [ -172.63583826,  373.56281875, -289.63744352,  458.96756668,    -42.15254628,   31.23509696,  -21.20798226,   34.66548567,     59.53909078,    2.66363739,   -3.74195378,    7.28800513,    -11.0672445 ], [   40.24443911, -106.261749  ,  195.7534041 ,  -42.15254628,    176.00656663,    0.71632614,   14.5958134 ,   -5.10603223,     13.65119656,   24.30804132,    7.1876597 ,    0.95513631,      6.71758763], [   21.90278796,   56.69107597,    0.13616467,   31.23509696,      0.71632614,  127.71821664,   37.07631147,   10.784507  ,     -4.49985968,    9.96160189,    9.28993147,   -1.15938711,    -13.04331622], [  -27.41064263,   67.3899589 ,   30.86058421,  -21.20798226,     14.5958134 ,   37.07631147,  119.46380743,   30.58337779,      7.90759892,    2.46173671,   12.1572454 ,    0.32488415,      2.39779889], [   72.15177663,   69.82707683,  -18.33274403,   34.66548567,     -5.10603223,   10.784507  ,   30.58337779,   95.2428016 ,     46.31523399,   14.92569642,   -8.86756549,    1.70019044,      0.43605462], [  -72.29989154,   73.9275642 ,  -54.11686327,   59.53909078,     13.65119656,   -4.49985968,    7.90759892,   46.31523399,    115.56014531,   38.37497408,    3.95266568,   -4.89304412,     -3.41466236], [  -65.54272543,   20.82038631,   23.39989438,    2.66363739,     24.30804132,    9.96160189,    2.46173671,   14.92569642,     38.37497408,   93.16092047,   36.02927166,    3.39879928,     -7.87348028], [ -110.16238525,  -21.4031081 ,   26.76489589,   -3.74195378,      7.1876597 ,    9.28993147,   12.1572454 ,   -8.86756549,      3.95266568,   36.02927166,   79.17470191,   20.21893655,      7.52807292], [  -61.64710282,  -13.78032681,   16.42100057,    7.28800513,      0.95513631,   -1.15938711,    0.32488415,    1.70019044,     -4.89304412,    3.39879928,   20.21893655,   66.77584284,     24.75233915], [    0.4929709 ,  -19.30177025,   17.83746982,  -11.0672445 ,      6.71758763,  -13.04331622,    2.39779889,    0.43605462,     -3.41466236,   -7.87348028,    7.52807292,   24.75233915,     64.15224186]]
/root/sim/music/out/Aerosmith/マキシマム・ヘﾞスト/04_折れた翼.mp3; [-602.20496  , 114.56214  , -12.980601 ,  24.00511  ,   1.0855666,    1.8662006,  -4.4771523,   8.448325 ,   4.8136206,   2.2345645,   -7.289789 ,  -3.207017 ,  -2.4029071]; [[19482.3381507 ,-2508.18729395, 1453.01644034,  217.4418822 ,    574.75199279,  133.59920147, -184.85999733,  299.39563606,      9.62541215, -229.72199666, -241.10944656,  -51.72261942,    -66.22313517], [-2508.18729395, 2466.41897128, -733.94151076,   95.91663449,   -248.83883381,  -12.94105722,   74.25868025,  -69.96426554,    153.63960795,   74.64689845,  -21.17540182,   97.8822913 ,     16.31712221], [ 1453.01644034, -733.94151076, 1187.8573126 , -123.15238122,    279.87434319,   54.19218804,   10.47319657,   69.74019071,    -20.85222796,  -30.81256335,   12.06954144,  -18.20924052,     49.90720185], [  217.4418822 ,   95.91663449, -123.15238122,  353.02066409,     -9.170986  ,   45.97922324,    1.6384058 ,    7.07860526,     41.1939551 ,  -20.70920789,  -25.78936259,   24.47371556,    -25.06553022], [  574.75199279, -248.83883381,  279.87434319,   -9.170986  ,    255.03492116,  -15.02070543,    9.54407187,   32.31008603,     -9.94208254,  -19.31909419,    7.72067109,   -4.47435279,     18.86407028], [  133.59920147,  -12.94105722,   54.19218804,   45.97922324,    -15.02070543,  189.18592121,   28.37696329,    0.13197837,     23.51882715,   17.97030119,    3.98344055,   16.15349881,     -5.80826803], [ -184.85999733,   74.25868025,   10.47319657,    1.6384058 ,      9.54407187,   28.37696329,  142.47798193,   26.08394895,     14.79451897,   -2.79374599,   14.59427268,    4.47564058,     -3.50442412], [  299.39563606,  -69.96426554,   69.74019071,    7.07860526,     32.31008603,    0.13197837,   26.08394895,  114.98402928,     11.60279067,   -1.61920966,   -0.05171611,   -7.28045548,      0.17870898], [    9.62541215,  153.63960795,  -20.85222796,   41.1939551 ,     -9.94208254,   23.51882715,   14.79451897,   11.60279067,    124.62252099,   27.79908682,  -13.3682841 ,   17.65408706,      6.16637929], [ -229.72199666,   74.64689845,  -30.81256335,  -20.70920789,    -19.31909419,   17.97030119,   -2.79374599,   -1.61920966,     27.79908682,  110.12049294,   34.33918608,    6.20590517,      8.754689  ], [ -241.10944656,  -21.17540182,   12.06954144,  -25.78936259,      7.72067109,    3.98344055,   14.59427268,   -0.05171611,    -13.3682841 ,   34.33918608,   92.94249476,   10.71931497,     -0.42798192], [  -51.72261942,   97.8822913 ,  -18.20924052,   24.47371556,     -4.47435279,   16.15349881,    4.47564058,   -7.28045548,     17.65408706,    6.20590517,   10.71931497,   75.54681159,     23.52600372], [  -66.22313517,   16.31712221,   49.90720185,  -25.06553022,     18.86407028,   -5.80826803,   -3.50442412,    0.17870898,      6.16637929,    8.754689  ,   -0.42798192,   23.52600372,     72.7536624 ]]
/root/sim/music/out/Aerosmith/マキシマム・ヘﾞスト/13_ラクﾞ・トﾞール.mp3; [-511.71442   ,  83.57236   ,  -4.282336  ,  26.804743  ,  -1.6254658 ,    4.3543687 ,  -0.39652997,  -0.69990206,   3.2611291 ,   5.3156996 ,    3.24474   ,   4.275668  ,   1.0525627 ]; [[17414.75925038,  661.86052226, -483.07162126,  394.59971542,   -262.46461212, -292.83734116, -297.02102312, -269.47155688,   -247.76908157, -237.93154134, -121.38318155,  153.35980546,     54.02548856], [  661.86052226,  659.90655513,  -87.78333864,   83.96336746,    -57.39574646,  -32.82708535,   68.18973847,   -9.64879411,      5.98632503,    8.83571675,   17.77957849,   41.60283314,      9.48440469], [ -483.07162126,  -87.78333864,  367.6210883 ,   34.4128185 ,     35.67146638,   16.8637832 ,   37.35014386,   43.46908184,     -2.21175108,    9.98599808,   14.43779882,   21.25098488,      4.76227827], [  394.59971542,   83.96336746,   34.4128185 ,  254.80528998,     62.13285314,   -8.80438078,    9.57785636,   -4.43073315,     20.60159099,   20.49014855,  -19.38939908,   34.43428186,     14.18789923], [ -262.46461212,  -57.39574646,   35.67146638,   62.13285314,    187.2185831 ,   55.96643949,  -25.68137113,    5.8452457 ,     48.79793234,   29.69704034,    6.49590366,    3.72245891,     20.03950325], [ -292.83734116,  -32.82708535,   16.8637832 ,   -8.80438078,     55.96643949,  141.89748481,   54.56946686,   42.00923944,     24.48696547,   26.30460545,   35.06334086,   -3.28126291,     15.07571421], [ -297.02102312,   68.18973847,   37.35014386,    9.57785636,    -25.68137113,   54.56946686,  179.43418673,   67.58232483,      1.09376477,   14.85558326,   19.63438395,   14.39065192,     -4.16923288], [ -269.47155688,   -9.64879411,   43.46908184,   -4.43073315,      5.8452457 ,   42.00923944,   67.58232483,  116.99953959,     55.88899621,   23.41488827,   16.04990802,   -0.04234552,      9.8487961 ], [ -247.76908157,    5.98632503,   -2.21175108,   20.60159099,     48.79793234,   24.48696547,    1.09376477,   55.88899621,    119.17420471,   61.94031475,   10.66407456,  -13.26139839,      6.07528196], [ -237.93154134,    8.83571675,    9.98599808,   20.49014855,     29.69704034,   26.30460545,   14.85558326,   23.41488827,     61.94031475,   97.6780805 ,   38.09685513,   -1.5602544 ,     -6.32958056], [ -121.38318155,   17.77957849,   14.43779882,  -19.38939908,      6.49590366,   35.06334086,   19.63438395,   16.04990802,     10.66407456,   38.09685513,   84.6287111 ,   29.01692443,      6.17006158], [  153.35980546,   41.60283314,   21.25098488,   34.43428186,      3.72245891,   -3.28126291,   14.39065192,   -0.04234552,    -13.26139839,   -1.5602544 ,   29.01692443,   88.05593794,     37.41540112], [   54.02548856,    9.48440469,    4.76227827,   14.18789923,     20.03950325,   15.07571421,   -4.16923288,    9.8487961 ,      6.07528196,   -6.32958056,    6.17006158,   37.41540112,     69.64169055]]
/root/sim/music/out/Aerosmith/マキシマム・ヘﾞスト/14_シﾞェイニースﾞ・カﾞット・ア・カﾞン.mp3; [-553.41144   ,  92.45574   ,  15.865553  ,  19.464447  ,  -9.706907  ,   14.666325  ,  -3.0190952 ,   7.807652  ,   3.289847  ,   3.7142396 ,    3.2470322 ,  -0.44376087,  -2.1009936 ]; [[19883.20965801, -540.56756615, -672.23722278,  351.5173827 ,   -106.53641795,  412.83934278,   64.62099634,  106.39461144,    379.10947438,  273.08304957,   31.39773233,  192.2363364 ,     91.98804577], [ -540.56756615, 1090.55558288,   29.54082575,   20.35803186,     64.55216385,  -10.73357097,    3.3050616 ,   24.12580194,    -48.09885046,   -6.92751805,   48.47774744,  -23.83308914,     23.54818951], [ -672.23722278,   29.54082575,  514.4348235 ,  -65.98314945,     60.66071192,   42.72898195,  -22.41294165,   11.99351188,     -8.48467534,   15.8739507 ,  -37.83421929,   -9.31504859,     30.16158943], [  351.5173827 ,   20.35803186,  -65.98314945,  301.89510723,     82.54677656,   22.27993732,   40.06972104,   30.19816829,     47.71818732,   14.62957148,   11.93048236,   40.50715101,     16.40766239], [ -106.53641795,   64.55216385,   60.66071192,   82.54677656,    243.10282264,   31.37564774,   57.88179229,    3.87835809,     35.15042928,   29.70814821,   25.43930952,   37.7307438 ,     25.33767081], [  412.83934278,  -10.73357097,   42.72898195,   22.27993732,     31.37564774,  220.68515656,   57.11572101,   40.2832755 ,     75.58931764,   45.88914291,   -4.28145818,   23.14874938,     21.54263358], [   64.62099634,    3.3050616 ,  -22.41294165,   40.06972104,     57.88179229,   57.11572101,  166.92754067,   39.73948246,     39.82153197,   13.00021122,   16.65485426,   23.12968123,      8.38254868], [  106.39461144,   24.12580194,   11.99351188,   30.19816829,      3.87835809,   40.2832755 ,   39.73948246,  115.52842359,     34.49149515,   15.20631805,  -11.87210175,  -17.48463571,      3.40492937], [  379.10947438,  -48.09885046,   -8.48467534,   47.71818732,     35.15042928,   75.58931764,   39.82153197,   34.49149515,    150.52865992,   57.68756538,   -4.25280395,   11.30352815,     15.20061181], [  273.08304957,   -6.92751805,   15.8739507 ,   14.62957148,     29.70814821,   45.88914291,   13.00021122,   15.20631805,     57.68756538,  105.79532686,    6.78628389,   15.40465206,     11.03473562], [   31.39773233,   48.47774744,  -37.83421929,   11.93048236,     25.43930952,   -4.28145818,   16.65485426,  -11.87210175,     -4.25280395,    6.78628389,  102.50993552,   28.81574372,     -7.95436508], [  192.2363364 ,  -23.83308914,   -9.31504859,   40.50715101,     37.7307438 ,   23.14874938,   23.12968123,  -17.48463571,     11.30352815,   15.40465206,   28.81574372,   90.65527022,     21.82601949], [   91.98804577,   23.54818951,   30.16158943,   16.40766239,     25.33767081,   21.54263358,    8.38254868,    3.40492937,     15.20061181,   11.03473562,   -7.95436508,   21.82601949,     83.32915103]]
/root/sim/music/out/Aerosmith/マキシマム・ヘﾞスト/08_ラスト・チャイルトﾞ.mp3; [-580.09796  , 114.712364 ,  -9.511239 ,  36.04748  ,   1.189366 ,    1.1114657,  -5.775346 ,  10.793107 ,   4.50336  ,   1.4799834,    0.4026982,  -1.825819 ,  -5.3041315]; [[14538.74995531, -671.68545187,  274.7683145 ,  -99.04224441,   -151.46791719,   -4.23567262,    6.90833412,    8.24369325,     34.19245898,  111.35254566,  172.51060524,  137.21519332,     31.09628804], [ -671.68545187, 1403.14590683, -330.08743648,  349.3407166 ,      5.48680002,   93.56625535,   34.06306309,   78.55657174,     44.99743894,  -23.65723057,  -50.74345644,  -43.75867803,    -36.01456501], [  274.7683145 , -330.08743648,  863.35666475,  -68.06764602,    149.58652192,    3.65969435,   65.69604954,    9.22047744,    -37.59488624,   35.04968485,  -36.69916549,   -6.89164722,     40.80748529], [  -99.04224441,  349.3407166 ,  -68.06764602,  483.21523311,     56.03690337,  149.47493345,   -5.35652034,   91.19930382,     58.89882769,  -19.01519975,  -52.81920635,  -21.53401489,    -23.45424471], [ -151.46791719,    5.48680002,  149.58652192,   56.03690337,    264.92822408,   29.37216743,   32.84857634,   30.60349403,     32.41986303,   11.15905103,    4.34107822,    9.438456  ,     28.38161262], [   -4.23567262,   93.56625535,    3.65969435,  149.47493345,     29.37216743,  273.31005372,   73.8037133 ,   70.43790108,      4.12129334,   -3.69318603,  -30.81966102,  -12.23371286,    -20.35926758], [    6.90833412,   34.06306309,   65.69604954,   -5.35652034,     32.84857634,   73.8037133 ,  164.96130217,   47.20659543,      4.80580251,   -3.28902094,   16.30137704,    3.56680288,     -0.94566649], [    8.24369325,   78.55657174,    9.22047744,   91.19930382,     30.60349403,   70.43790108,   47.20659543,  140.42823629,     42.00187351,   11.36630022,  -17.19211669,   -8.92118196,    -10.79881256], [   34.19245898,   44.99743894,  -37.59488624,   58.89882769,     32.41986303,    4.12129334,    4.80580251,   42.00187351,    123.67154651,   17.14872863,    2.308298  ,    1.0663294 ,     -6.44864184], [  111.35254566,  -23.65723057,   35.04968485,  -19.01519975,     11.15905103,   -3.69318603,   -3.28902094,   11.36630022,     17.14872863,  104.7242329 ,   36.64757551,    5.13327615,     -4.89539735], [  172.51060524,  -50.74345644,  -36.69916549,  -52.81920635,      4.34107822,  -30.81966102,   16.30137704,  -17.19211669,      2.308298  ,   36.64757551,  126.69898519,   52.00587637,     18.74238925], [  137.21519332,  -43.75867803,   -6.89164722,  -21.53401489,      9.438456  ,  -12.23371286,    3.56680288,   -8.92118196,      1.0663294 ,    5.13327615,   52.00587637,  106.71953742,     46.65823235], [   31.09628804,  -36.01456501,   40.80748529,  -23.45424471,     28.38161262,  -20.35926758,   -0.94566649,  -10.79881256,     -6.44864184,   -4.89539735,   18.74238925,   46.65823235,     96.84552091]]
