/root/sim/music/out/Boyz_Ⅱ_Men/Motown__A_Journey_Through_Hitsville_USA/07_I_Was_Made_To_Love_Her.mp3; [-538.44226   , 109.95285   ,  22.549366  ,  18.205832  ,   6.363761  ,    9.214902  ,  -2.9447033 ,  -0.27177435,   5.45005   ,   3.0706913 ,   -1.8433378 ,  -3.882652  ,  -2.6838987 ]; [[21953.71172196,  457.70647232, -245.34534019,  129.08692345,     53.9156816 ,   90.94316317, -119.87999427, -142.19587628,    148.46270063,  153.39429307, -179.93589754, -145.92189461,     -5.58311824], [  457.70647232,  905.06095572,  -91.84726232,  -40.38664489,    -14.60663966,   38.52120864,   37.41832608,   66.36250731,    -33.04424354,  -42.943612  ,   45.33590453,   36.99157616,    -46.76108584], [ -245.34534019,  -91.84726232,  601.11009786,   66.21893495,     -3.75035932,  -31.71424741,  -23.93656708,   85.99256364,      2.39760894,  -39.12825452,   -7.73096117,   24.76937429,     52.40944665], [  129.08692345,  -40.38664489,   66.21893495,  335.2118624 ,     79.26153779,    2.06738362,  -53.80173927,    3.40834732,     27.1316142 ,   -3.28932122,  -26.3196881 ,  -26.68754016,     54.31747059], [   53.9156816 ,  -14.60663966,   -3.75035932,   79.26153779,    182.18234595,   29.10091082,  -18.55907679,   -6.17029153,     19.44789024,   16.84791766,  -14.08450099,   -5.49383261,     23.29149093], [   90.94316317,   38.52120864,  -31.71424741,    2.06738362,     29.10091082,  135.26313327,   68.02196081,   14.78262139,    -17.69913808,   -8.87386256,   18.0040006 ,    8.25290847,     -9.00725016], [ -119.87999427,   37.41832608,  -23.93656708,  -53.80173927,    -18.55907679,   68.02196081,  164.01697533,   47.43995016,    -29.7625008 ,  -14.33901673,   32.36609435,   23.11745744,    -19.77877587], [ -142.19587628,   66.36250731,   85.99256364,    3.40834732,     -6.17029153,   14.78262139,   47.43995016,  124.91668098,      8.28309752,  -32.94282139,   14.95088464,   19.0470122 ,     -0.41394181], [  148.46270063,  -33.04424354,    2.39760894,   27.1316142 ,     19.44789024,  -17.69913808,  -29.7625008 ,    8.28309752,    126.88678418,   55.22420921,  -17.27406097,  -10.12657861,      1.22741433], [  153.39429307,  -42.943612  ,  -39.12825452,   -3.28932122,     16.84791766,   -8.87386256,  -14.33901673,  -32.94282139,     55.22420921,  127.70036237,   19.9481344 ,  -22.35692203,    -16.92459107], [ -179.93589754,   45.33590453,   -7.73096117,  -26.3196881 ,    -14.08450099,   18.0040006 ,   32.36609435,   14.95088464,    -17.27406097,   19.9481344 ,   97.33071665,   24.09592925,    -24.11980496], [ -145.92189461,   36.99157616,   24.76937429,  -26.68754016,     -5.49383261,    8.25290847,   23.11745744,   19.0470122 ,    -10.12657861,  -22.35692203,   24.09592925,   89.55033664,     21.5819716 ], [   -5.58311824,  -46.76108584,   52.40944665,   54.31747059,     23.29149093,   -9.00725016,  -19.77877587,   -0.41394181,      1.22741433,  -16.92459107,  -24.11980496,   21.5819716 ,    107.17845744]]
/root/sim/music/out/Boyz_Ⅱ_Men/Motown__A_Journey_Through_Hitsville_USA/04_The_Tracks_Of_My_Tears.mp3; [-565.77924   , 112.55193   ,  34.588306  ,  15.015999  ,   4.8709645 ,    2.588001  ,  -2.5122004 ,  -0.05432917,   2.1052177 ,   2.6180701 ,    1.1633717 ,   1.6176481 ,  -0.21418189]; [[19580.11253267,  521.14869479,  125.37028101, -220.65838093,   -165.00270765,  242.51435053,  -62.91194655, -117.70154099,     72.42758213,  106.01639615,  126.17625511,   59.78434162,    -47.76343722], [  521.14869479, 1389.22437846, -152.38477554,   17.64728501,     57.57464854,  -32.27406872,   84.47823419,   44.9584988 ,     18.94372531,   11.87421756,   52.61890487,   47.87979058,     -0.72356955], [  125.37028101, -152.38477554,  688.6370699 ,   52.7035959 ,     89.52997882,   28.46103902,   53.50658123,   83.40960308,      3.15516958,  -25.78411021,  -13.72804642,   26.46481715,     51.59439366], [ -220.65838093,   17.64728501,   52.7035959 ,  385.30608475,    100.0146997 ,   -4.85885977,  -27.35712583,   22.3997508 ,     26.25276458,  -11.19450101,  -57.91402203,    6.67486232,     63.39764037], [ -165.00270765,   57.57464854,   89.52997882,  100.0146997 ,    248.89536501,   37.76239026,   -2.94836059,   46.55663622,     69.29281708,   37.08221338,   -9.84224466,    3.60482455,     20.06097074], [  242.51435053,  -32.27406872,   28.46103902,   -4.85885977,     37.76239026,  194.20746207,   81.49686208,   26.15584594,     52.47004672,   61.17202987,   60.10836878,   23.76397666,      3.89307798], [  -62.91194655,   84.47823419,   53.50658123,  -27.35712583,     -2.94836059,   81.49686208,  206.66883886,   69.4563203 ,     15.47673467,   41.08210628,   59.15375455,   31.88096957,      6.64543033], [ -117.70154099,   44.9584988 ,   83.40960308,   22.3997508 ,     46.55663622,   26.15584594,   69.4563203 ,  140.08233497,     49.97427717,   16.59700318,   15.93454329,   17.82873355,     23.01571852], [   72.42758213,   18.94372531,    3.15516958,   26.25276458,     69.29281708,   52.47004672,   15.47673467,   49.97427717,    152.31849724,   68.14922776,   21.42387945,   21.33481706,     17.27454746], [  106.01639615,   11.87421756,  -25.78411021,  -11.19450101,     37.08221338,   61.17202987,   41.08210628,   16.59700318,     68.14922776,  134.85451125,   72.30279258,   10.27309352,     -3.30463328], [  126.17625511,   52.61890487,  -13.72804642,  -57.91402203,     -9.84224466,   60.10836878,   59.15375455,   15.93454329,     21.42387945,   72.30279258,  135.4171902 ,   43.18399843,     -3.51170724], [   59.78434162,   47.87979058,   26.46481715,    6.67486232,      3.60482455,   23.76397666,   31.88096957,   17.82873355,     21.33481706,   10.27309352,   43.18399843,  109.03478349,     50.41354589], [  -47.76343722,   -0.72356955,   51.59439366,   63.39764037,     20.06097074,    3.89307798,    6.64543033,   23.01571852,     17.27454746,   -3.30463328,   -3.51170724,   50.41354589,    120.43911267]]
/root/sim/music/out/Boyz_Ⅱ_Men/Motown__A_Journey_Through_Hitsville_USA/06_Easy.mp3; [-541.0075    , 121.24404   ,  20.663828  ,  12.572323  ,   2.7660823 ,    3.5113559 ,  -0.13067265,  -1.4525882 ,  -1.0087619 ,  -1.9515162 ,    0.73217756,  -0.79066545,  -6.8334627 ]; [[10074.42837701, -539.50568757,  154.88899173, -106.45068754,    139.5388815 , -126.42125566,  -24.19217815,  -60.33458294,    136.02690406,  216.73129173,  151.39231397,  124.67719934,    -14.10852376], [ -539.50568757, 1115.35070555, -242.56021585,   53.82350682,    -59.26306011,   77.28342952,   83.80651478,   69.54622207,    -16.78174248,   -2.8370227 ,   10.46754064,   39.67022744,     10.74655079], [  154.88899173, -242.56021585,  727.65290041,   -3.88647277,     69.71476036,   46.30561758,   51.40384915,   52.65566581,     50.30091108,  -13.41692977,   23.77764537,   -6.21992509,     23.48626967], [ -106.45068754,   53.82350682,   -3.88647277,  399.81885858,    159.09662379,   40.27276227,   19.18972104,   35.57293364,     47.49393656,   32.04848391,  -32.45102257,   40.95103006,    109.04704108], [  139.5388815 ,  -59.26306011,   69.71476036,  159.09662379,    263.90960877,   67.64125726,   11.09948112,   20.81131014,     71.08768689,   62.58526115,    7.41017272,   21.6047008 ,     65.72610658], [ -126.42125566,   77.28342952,   46.30561758,   40.27276227,     67.64125726,  171.0974348 ,   80.82951373,   44.43567421,     35.41199666,   30.02017467,   23.95107101,   24.67951529,     26.08994093], [  -24.19217815,   83.80651478,   51.40384915,   19.18972104,     11.09948112,   80.82951373,  196.32639518,   70.00565445,     11.98579996,    6.062172  ,   31.94652477,   31.32019751,     15.41244078], [  -60.33458294,   69.54622207,   52.65566581,   35.57293364,     20.81131014,   44.43567421,   70.00565445,  130.954019  ,     50.375455  ,    4.89623081,    3.73397769,   20.01260377,     31.45639869], [  136.02690406,  -16.78174248,   50.30091108,   47.49393656,     71.08768689,   35.41199666,   11.98579996,   50.375455  ,    124.94403665,   61.06885173,   14.99586306,   21.43938305,     31.24779912], [  216.73129173,   -2.8370227 ,  -13.41692977,   32.04848391,     62.58526115,   30.02017467,    6.062172  ,    4.89623081,     61.06885173,  136.9543806 ,   51.54905495,   19.93563471,     20.02527459], [  151.39231397,   10.46754064,   23.77764537,  -32.45102257,      7.41017272,   23.95107101,   31.94652477,    3.73397769,     14.99586306,   51.54905495,  110.11267061,   30.77657162,    -12.27348776], [  124.67719934,   39.67022744,   -6.21992509,   40.95103006,     21.6047008 ,   24.67951529,   31.32019751,   20.01260377,     21.43938305,   19.93563471,   30.77657162,  103.73979896,     45.09826058], [  -14.10852376,   10.74655079,   23.48626967,  109.04704108,     65.72610658,   26.08994093,   15.41244078,   31.45639869,     31.24779912,   20.02527459,  -12.27348776,   45.09826058,    130.42562379]]
/root/sim/music/out/Boyz_Ⅱ_Men/Motown__A_Journey_Through_Hitsville_USA/03_Mercy_Mercy_Me_(The_Ecology).mp3; [-549.0322    , 122.996925  ,  37.088814  ,  14.882094  ,   9.671449  ,   -5.517429  ,  -3.3694308 ,  -1.2763461 ,  -1.9643378 ,  -3.529109  ,   -1.922425  ,   1.0248559 ,  -0.22257194]; [[14681.63344965,  600.8840819 , 1041.86633225, -119.0128527 ,    -13.20710741, -127.3707495 ,  -61.19412502,   40.33198182,      4.64912366,   96.99751104,  143.54725311,    0.01850965,    -41.64741013], [  600.8840819 , 1111.96880001, -183.91599896,   22.26907038,      9.78266651,    2.64670452,   63.60579466,   36.59140784,      1.41791504,  -10.38605719,   40.32548118,   76.75336036,     46.56482234], [ 1041.86633225, -183.91599896,  489.02255024,   -3.99077744,     50.42520238,  -11.12025283,    4.03008745,   35.92348443,     45.57086744,   -9.63457426,    4.77189441,    9.03757418,    -13.69469616], [ -119.0128527 ,   22.26907038,   -3.99077744,  311.21073085,    113.50510165,   40.97891539,    4.64788118,   31.52653759,     46.06612655,   26.53763583,  -16.64186334,   -1.26497403,     39.84252432], [  -13.20710741,    9.78266651,   50.42520238,  113.50510165,    222.44173845,   28.13640502,    1.49379896,   34.63526528,     55.73558961,   37.05745871,   -9.00041604,   -3.14947345,     12.9844298 ], [ -127.3707495 ,    2.64670452,  -11.12025283,   40.97891539,     28.13640502,  142.88643699,   55.95202786,   20.89421932,     29.93377801,   36.88393356,   41.33369019,   19.93011146,     14.31727087], [  -61.19412502,   63.60579466,    4.03008745,    4.64788118,      1.49379896,   55.95202786,  123.86891555,   41.17582624,     15.37459487,   19.90546366,   33.81024112,   26.27659449,      9.02741647], [   40.33198182,   36.59140784,   35.92348443,   31.52653759,     34.63526528,   20.89421932,   41.17582624,  111.43440458,     56.93203735,   24.76208508,   11.44159207,   11.62991072,      7.71371955], [    4.64912366,    1.41791504,   45.57086744,   46.06612655,     55.73558961,   29.93377801,   15.37459487,   56.93203735,    109.24492009,   48.07389757,   10.80952449,    3.32378162,      3.49069841], [   96.99751104,  -10.38605719,   -9.63457426,   26.53763583,     37.05745871,   36.88393356,   19.90546366,   24.76208508,     48.07389757,  106.1788715 ,   43.88559748,    6.81128541,      6.2835618 ], [  143.54725311,   40.32548118,    4.77189441,  -16.64186334,     -9.00041604,   41.33369019,   33.81024112,   11.44159207,     10.80952449,   43.88559748,  102.99923778,   31.95259261,      4.97824778], [    0.01850965,   76.75336036,    9.03757418,   -1.26497403,     -3.14947345,   19.93011146,   26.27659449,   11.62991072,      3.32378162,    6.81128541,   31.95259261,   84.58886317,     28.17604301], [  -41.64741013,   46.56482234,  -13.69469616,   39.84252432,     12.9844298 ,   14.31727087,    9.02741647,    7.71371955,      3.49069841,    6.2835618 ,    4.97824778,   28.17604301,     88.30221532]]
/root/sim/music/out/Boyz_Ⅱ_Men/Motown__A_Journey_Through_Hitsville_USA/05_Money_(That's_What_I_Want).mp3; [-517.2959    , 106.31281   ,  -2.5661328 ,  31.67227   ,   2.9353008 ,    6.446267  ,   4.2710223 ,   2.6219504 ,   5.9736586 ,   1.4790001 ,   -0.92328936,   4.09503   ,   0.416072  ]; [[18766.47306447,  402.36341547,  175.58530852,    2.09391657,     22.82247833,  -50.47142713,    1.24876378,  -23.23298148,    130.77919248,  103.41894871,   23.65370531,    0.35002112,    -41.00247243], [  402.36341547,  843.6286813 , -230.89710107,   32.08501466,    -94.37927827,   31.01701413,   29.42386647,   29.89008673,    -48.95006606,  -27.62300576,    4.49268086,   34.20056122,    -13.90572359], [  175.58530852, -230.89710107,  494.11093493,   -0.07783373,     70.60038433,   -2.54713606,   30.89732485,   31.38483601,     17.96080227,   19.66029908,   20.12837577,  -32.22698099,      5.03067369], [    2.09391657,   32.08501466,   -0.07783373,  332.29410502,     92.24108271,   30.37412221,   -6.56156906,   10.60328753,     34.04436692,    3.4815099 ,  -25.88523874,   19.15127792,     45.65976364], [   22.82247833,  -94.37927827,   70.60038433,   92.24108271,    186.11950064,   47.13651026,  -15.91318065,    6.06224424,     40.55589525,   34.16426346,    0.25253085,  -23.95203653,     11.63339321], [  -50.47142713,   31.01701413,   -2.54713606,   30.37412221,     47.13651026,  117.71581675,   34.26168348,   10.05651107,      3.40027738,    9.02592071,    8.12237694,  -10.05847692,     -0.9193837 ], [    1.24876378,   29.42386647,   30.89732485,   -6.56156906,    -15.91318065,   34.26168348,  156.85667205,   57.77235361,     22.61137254,   -5.42885341,    8.42332739,   46.15151648,     10.20858299], [  -23.23298148,   29.89008673,   31.38483601,   10.60328753,      6.06224424,   10.05651107,   57.77235361,   97.2883039 ,     30.10782678,   -7.07101048,   10.75515311,   23.58275295,      4.70602972], [  130.77919248,  -48.95006606,   17.96080227,   34.04436692,     40.55589525,    3.40027738,   22.61137254,   30.10782678,    105.46155039,   32.96696926,   -1.5955971 ,   26.50739181,     16.88605103], [  103.41894871,  -27.62300576,   19.66029908,    3.4815099 ,     34.16426346,    9.02592071,   -5.42885341,   -7.07101048,     32.96696926,   91.77938749,   23.20168029,  -16.84415358,     -3.70297479], [   23.65370531,    4.49268086,   20.12837577,  -25.88523874,      0.25253085,    8.12237694,    8.42332739,   10.75515311,     -1.5955971 ,   23.20168029,   85.30109378,   11.70004986,    -15.44460387], [    0.35002112,   34.20056122,  -32.22698099,   19.15127792,    -23.95203653,  -10.05847692,   46.15151648,   23.58275295,     26.50739181,  -16.84415358,   11.70004986,  115.38350429,     34.22871392], [  -41.00247243,  -13.90572359,    5.03067369,   45.65976364,     11.63339321,   -0.9193837 ,   10.20858299,    4.70602972,     16.88605103,   -3.70297479,  -15.44460387,   34.22871392,     79.77289144]]
/root/sim/music/out/Boyz_Ⅱ_Men/Motown__A_Journey_Through_Hitsville_USA/13_War.mp3; [-533.20703  , 109.16515  ,   5.8905973,  13.365517 ,  -1.7407719,    3.023934 ,  -1.8971301,  -1.8078101,   1.4762228,  -3.0359201,   -2.9780486,  -1.3131876,  -1.9888428]; [[21616.71177627,  988.95394507, -912.41783842,  164.8128754 ,    -24.55483881,   94.26472348,  133.39526762,  -37.60868622,     95.08096459,  118.45675427,   89.16194196,   11.41772281,    -64.98769401], [  988.95394507, 1644.21124124,   86.78346884,  182.06890373,     80.53666541,   86.22298026,  115.94325936,  116.62429754,     11.92142445,  -76.09312322,  -45.55127355,   43.57045453,     32.89532642], [ -912.41783842,   86.78346884,  877.35393507,  264.8711836 ,    120.92797046,   88.85507192,   38.34871596,   39.47297124,    -28.6276952 ,  -56.95576091,  -58.19902346,    3.71274664,     34.87020462], [  164.8128754 ,  182.06890373,  264.8711836 ,  489.88961938,    198.18956378,  109.23393259,   39.81737519,   29.30740693,     11.85592467,   21.57870435,  -37.74911433,    6.89251142,     40.57282064], [  -24.55483881,   80.53666541,  120.92797046,  198.18956378,    310.55369854,  108.78636509,   11.20294884,   -5.36831617,     22.33770301,   47.91853629,  -24.04865779,   -6.77696043,     26.56538416], [   94.26472348,   86.22298026,   88.85507192,  109.23393259,    108.78636509,  189.43489619,   86.97286881,   45.36212828,     13.58346403,   21.23027095,   13.31304026,   14.04082295,      8.70374218], [  133.39526762,  115.94325936,   38.34871596,   39.81737519,     11.20294884,   86.97286881,  214.07641133,  112.21093705,     19.12524658,  -12.57700718,   22.62216438,   44.19694044,     11.70389744], [  -37.60868622,  116.62429754,   39.47297124,   29.30740693,     -5.36831617,   45.36212828,  112.21093705,  165.81633054,     36.72119879,  -15.13717333,   15.97729862,   35.12813555,      7.47880195], [   95.08096459,   11.92142445,  -28.6276952 ,   11.85592467,     22.33770301,   13.58346403,   19.12524658,   36.72119879,    123.87647092,   58.84970971,   15.7211975 ,   12.08392502,      0.86155167], [  118.45675427,  -76.09312322,  -56.95576091,   21.57870435,     47.91853629,   21.23027095,  -12.57700718,  -15.13717333,     58.84970971,  145.6797158 ,   50.53041096,   -5.77206352,    -12.76515648], [   89.16194196,  -45.55127355,  -58.19902346,  -37.74911433,    -24.04865779,   13.31304026,   22.62216438,   15.97729862,     15.7211975 ,   50.53041096,  109.92722268,   33.26578967,    -12.37247603], [   11.41772281,   43.57045453,    3.71274664,    6.89251142,     -6.77696043,   14.04082295,   44.19694044,   35.12813555,     12.08392502,   -5.77206352,   33.26578967,   92.27633578,     32.87056304], [  -64.98769401,   32.89532642,   34.87020462,   40.57282064,     26.56538416,    8.70374218,   11.70389744,    7.47880195,      0.86155167,  -12.76515648,  -12.37247603,   32.87056304,    104.3041405 ]]
/root/sim/music/out/Boyz_Ⅱ_Men/Motown__A_Journey_Through_Hitsville_USA/15_Just_My_Imagination_(Acoustic_Ver.mp3; [-640.7701   , 110.23496  ,  36.019283 ,  11.924308 ,  -1.5217322,  -14.709144 , -13.19689  , -10.605766 , -12.681979 , -14.800597 ,  -16.054007 , -12.404259 ,  -9.610999 ]; [[12883.72390903,  -44.07001484,  -90.54793268, -446.74082209,    -23.35404592, -323.0386505 , -404.23226725, -236.82594695,    -61.12033375,  118.75851353,  151.29817858,  -81.64375246,   -214.24443194], [  -44.07001484, 1227.65602714,   47.25098519, -106.99841792,   -189.66984619,  -72.5900712 ,   45.47571738,  -22.4540312 ,    -70.10606903,  -82.31489368,  -22.04541106,   -4.11721879,    -47.44125176], [  -90.54793268,   47.25098519,  617.73433307,  107.3036743 ,     -0.83671897,   15.4452886 ,   57.03437891,   40.9293847 ,     -2.44094393,  -63.634005  ,  -56.39112205,    1.60761761,     12.28734217], [ -446.74082209, -106.99841792,  107.3036743 ,  500.44177577,    188.45190013,   67.71539753,    4.61149727,   73.72576394,     32.34302478,  -44.14399879, -103.14844401,    6.78727242,     78.62415088], [  -23.35404592, -189.66984619,   -0.83671897,  188.45190013,    351.31040173,   47.6755123 ,  -37.98943882,   21.36889521,     56.58286252,   23.13706713,  -36.86898922,    1.56104503,     20.82510254], [ -323.0386505 ,  -72.5900712 ,   15.4452886 ,   67.71539753,     47.6755123 ,  269.89815079,  130.75566106,   44.5880599 ,     44.81672896,   69.81925557,   53.84432688,   40.50406908,     27.59017064], [ -404.23226725,   45.47571738,   57.03437891,    4.61149727,    -37.98943882,  130.75566106,  253.97278378,   82.89816751,      0.97341859,   12.63033128,   41.42674605,   57.51491073,     29.5159027 ], [ -236.82594695,  -22.4540312 ,   40.9293847 ,   73.72576394,     21.36889521,   44.5880599 ,   82.89816751,  164.00596421,     33.71819739,   -2.40610024,   -5.71713155,   28.02327295,     35.63936001], [  -61.12033375,  -70.10606903,   -2.44094393,   32.34302478,     56.58286252,   44.81672896,    0.97341859,   33.71819739,    149.58317792,   58.00063525,   11.26804827,    6.54927926,     12.36293814], [  118.75851353,  -82.31489368,  -63.634005  ,  -44.14399879,     23.13706713,   69.81925557,   12.63033128,   -2.40610024,     58.00063525,  184.652633  ,  100.33659129,   -9.97412991,    -15.51343157], [  151.29817858,  -22.04541106,  -56.39112205, -103.14844401,    -36.86898922,   53.84432688,   41.42674605,   -5.71713155,     11.26804827,  100.33659129,  182.72068144,   30.33475763,    -32.56561647], [  -81.64375246,   -4.11721879,    1.60761761,    6.78727242,      1.56104503,   40.50406908,   57.51491073,   28.02327295,      6.54927926,   -9.97412991,   30.33475763,  136.48260316,     51.98528739], [ -214.24443194,  -47.44125176,   12.28734217,   78.62415088,     20.82510254,   27.59017064,   29.5159027 ,   35.63936001,     12.36293814,  -15.51343157,  -32.56561647,   51.98528739,    143.58393227]]
/root/sim/music/out/Boyz_Ⅱ_Men/Motown__A_Journey_Through_Hitsville_USA/09_Ribbon_In_The_Sky.mp3; [-622.3868    , 124.750206  ,  49.943577  ,  12.735824  ,  -0.95225465,   -4.752266  ,  -6.1616316 , -10.289374  , -11.33794   ,  -5.246657  ,   -3.260157  ,  -1.5301151 , -13.681823  ]; [[24207.37640463, 2797.59871524,  508.75954618, -324.4350442 ,   -357.51062395, -359.50392856, -437.92748322, -419.43168036,   -144.23316611,   80.94508411, -166.84498869, -126.33224978,   -605.16016082], [ 2797.59871524, 1594.50992729,  458.25594026,  -93.96811614,   -203.81344155,  -73.63376887,  148.17302179,   63.40826138,   -181.53500194, -184.67005688,    2.93150132,  113.41796439,   -106.84268375], [  508.75954618,  458.25594026,  801.86567715,  201.5242647 ,    -59.49973827,  -19.61220029,  118.30792616,   74.27931722,   -130.00853661, -151.11848795,   -9.01895972,   64.83834601,     26.50604755], [ -324.4350442 ,  -93.96811614,  201.5242647 ,  465.19835844,    262.39829242,   14.53356111,  -70.40042549,   -9.24902626,     -3.49197974,  -24.76314588,  -64.26911836,  -49.63286287,    104.4635874 ], [ -357.51062395, -203.81344155,  -59.49973827,  262.39829242,    346.57096137,   58.1359081 ,  -77.84701362,  -33.19203366,     43.02437741,   53.05132115,  -46.80295931,  -61.39260381,     77.23791027], [ -359.50392856,  -73.63376887,  -19.61220029,   14.53356111,     58.1359081 ,  152.51765258,   74.91004688,   23.61523623,     22.13258482,   21.76015531,   33.98221011,   32.71074042,     16.65956237], [ -437.92748322,  148.17302179,  118.30792616,  -70.40042549,    -77.84701362,   74.91004688,  230.15688466,  105.73563585,    -56.87679632,  -54.33376446,   55.73511845,   87.55958478,     10.82292952], [ -419.43168036,   63.40826138,   74.27931722,   -9.24902626,    -33.19203366,   23.61523623,  105.73563585,  148.72362875,     23.07365739,  -27.67449113,   18.66829933,   56.07047862,     23.2582615 ], [ -144.23316611, -181.53500194, -130.00853661,   -3.49197974,     43.02437741,   22.13258482,  -56.87679632,   23.07365739,    210.81413331,  115.94235284,    2.46308793,  -25.05740729,     -5.17978827], [   80.94508411, -184.67005688, -151.11848795,  -24.76314588,     53.05132115,   21.76015531,  -54.33376446,  -27.67449113,    115.94235284,  199.99860553,   57.79529401,  -51.5988728 ,    -35.8042622 ], [ -166.84498869,    2.93150132,   -9.01895972,  -64.26911836,    -46.80295931,   33.98221011,   55.73511845,   18.66829933,      2.46308793,   57.79529401,  132.25961959,   45.02259872,    -36.8878175 ], [ -126.33224978,  113.41796439,   64.83834601,  -49.63286287,    -61.39260381,   32.71074042,   87.55958478,   56.07047862,    -25.05740729,  -51.5988728 ,   45.02259872,  146.82639361,     30.41111171], [ -605.16016082, -106.84268375,   26.50604755,  104.4635874 ,     77.23791027,   16.65956237,   10.82292952,   23.2582615 ,     -5.17978827,  -35.8042622 ,  -36.8878175 ,   30.41111171,    149.95972351]]
/root/sim/music/out/Boyz_Ⅱ_Men/Motown__A_Journey_Through_Hitsville_USA/08_All_This_Love.mp3; [-578.0489    , 131.71017   ,  40.3084    ,  19.860483  ,   2.025688  ,    0.84089684,   2.5730062 ,   0.21666102,  -1.1446434 ,  -1.5898999 ,   -0.986049  ,  -0.37786186,  -0.10668712]; [[12873.32145695, -643.68865342,  -46.51114036,  -14.79601558,    -70.55116826,  126.95694685,  -69.66029042,  -46.4376289 ,    107.87491875,  -84.41821815,  123.30491012,  -30.74189189,    -33.33202831], [ -643.68865342, 1477.38698788,  -99.94927066,  -17.18917121,    -28.08532189,  -54.64474393,   95.6099734 ,   56.95222145,    -62.74232843,   12.69131208,  -17.25777462,   22.21291874,    -16.64461501], [  -46.51114036,  -99.94927066,  630.32345352,   62.42662865,     65.77518801,   38.9327397 ,   17.2531487 ,   13.03430881,     32.4189801 ,   17.81952495,   21.84881784,   25.42700002,     16.75058296], [  -14.79601558,  -17.18917121,   62.42662865,  337.7456071 ,    101.36875851,   22.16364927,  -31.78809007,   30.18516504,     64.6376776 ,   16.270383  ,  -29.31148883,   -1.71860208,     39.21597211], [  -70.55116826,  -28.08532189,   65.77518801,  101.36875851,    237.65043741,   20.27083549,  -24.90153603,   13.53880054,     38.33943777,   32.70396348,   -3.95776326,   12.01496436,     23.13698383], [  126.95694685,  -54.64474393,   38.9327397 ,   22.16364927,     20.27083549,  161.10803978,   46.47081984,   12.8922401 ,     21.5449615 ,   18.90583518,   29.79225802,    9.53067106,     -1.23795174], [  -69.66029042,   95.6099734 ,   17.2531487 ,  -31.78809007,    -24.90153603,   46.47081984,  178.83207684,   48.38295351,    -26.78589279,    1.11631545,   30.90436473,   29.91693379,     -7.6487204 ], [  -46.4376289 ,   56.95222145,   13.03430881,   30.18516504,     13.53880054,   12.8922401 ,   48.38295351,  138.22199471,     35.02461359,   -2.98352162,    2.53528606,    7.83006104,     10.04172919], [  107.87491875,  -62.74232843,   32.4189801 ,   64.6376776 ,     38.33943777,   21.5449615 ,  -26.78589279,   35.02461359,    157.23902851,   39.6488148 ,   -7.68523025,  -11.98275417,     -0.93225912], [  -84.41821815,   12.69131208,   17.81952495,   16.270383  ,     32.70396348,   18.90583518,    1.11631545,   -2.98352162,     39.6488148 ,  123.46599164,   20.45672879,   -8.47871061,    -15.3911409 ], [  123.30491012,  -17.25777462,   21.84881784,  -29.31148883,     -3.95776326,   29.79225802,   30.90436473,    2.53528606,     -7.68523025,   20.45672879,  118.74439911,   15.78341173,    -13.84053873], [  -30.74189189,   22.21291874,   25.42700002,   -1.71860208,     12.01496436,    9.53067106,   29.91693379,    7.83006104,    -11.98275417,   -8.47871061,   15.78341173,  107.13582148,     15.74421109], [  -33.33202831,  -16.64461501,   16.75058296,   39.21597211,     23.13698383,   -1.23795174,   -7.6487204 ,   10.04172919,     -0.93225912,  -15.3911409 ,  -13.84053873,   15.74421109,    103.98660127]]
/root/sim/music/out/Boyz_Ⅱ_Men/Motown__A_Journey_Through_Hitsville_USA/01_Just_My_Imagination.mp3; [-597.8924   , 128.32457  ,  49.949673 ,  19.57728  ,   8.159661 ,   -3.1341033,  -2.5171525,  -3.0093243,  -1.8910748,  -3.835625 ,   -4.3130436,  -1.6765634,  -1.5414714]; [[15906.74349453, -984.83506263,  219.90124313, -575.11537879,     17.90181788,  -73.29839462, -128.30190386,   37.18437747,    -35.0025633 ,   89.42289496,   81.74273057,  -57.10935211,    -24.64551088], [ -984.83506263, 1892.83593389,  -98.783597  ,  163.46845366,    -89.12650299,   -2.69808348,  106.65520159,    7.35161396,     26.52381124,    5.62816317,   39.09396298,  101.28185686,     -7.32695589], [  219.90124313,  -98.783597  ,  555.01938245,   21.73900396,     20.93495167,   30.2807272 ,   56.69553378,   50.36562511,      0.67249036,  -15.89231694,   -8.82535468,   -1.98810375,     14.2740514 ], [ -575.11537879,  163.46845366,   21.73900396,  482.35689074,    124.85008957,   38.37467435,   13.18252304,   42.64487936,     38.24513429,   -4.74877612,  -46.17902586,   17.58937927,     46.51878692], [   17.90181788,  -89.12650299,   20.93495167,  124.85008957,    257.9657311 ,   35.19808529,  -18.89163189,   19.02582876,     42.6562403 ,   24.10839833,  -20.37856121,   -3.3197099 ,     12.68697267], [  -73.29839462,   -2.69808348,   30.2807272 ,   38.37467435,     35.19808529,  192.74137011,   84.44596731,   28.12991645,     27.71935876,   47.54798127,   43.52667396,   16.87130328,     13.76883703], [ -128.30190386,  106.65520159,   56.69553378,   13.18252304,    -18.89163189,   84.44596731,  186.24241922,   60.1413228 ,      4.26664455,   11.90295791,   35.26958493,   33.11820252,     14.25342619], [   37.18437747,    7.35161396,   50.36562511,   42.64487936,     19.02582876,   28.12991645,   60.1413228 ,  134.23768985,     21.93975203,    4.71122778,    4.31036018,   18.35369927,     28.79578789], [  -35.0025633 ,   26.52381124,    0.67249036,   38.24513429,     42.6562403 ,   27.71935876,    4.26664455,   21.93975203,    112.51875305,   41.57016935,    6.84819022,    5.41980674,      6.815061  ], [   89.42289496,    5.62816317,  -15.89231694,   -4.74877612,     24.10839833,   47.54798127,   11.90295791,    4.71122778,     41.57016935,  136.20644468,   64.97538683,   -0.0402207 ,      2.12327702], [   81.74273057,   39.09396298,   -8.82535468,  -46.17902586,    -20.37856121,   43.52667396,   35.26958493,    4.31036018,      6.84819022,   64.97538683,  127.18081243,   26.80228109,     -8.48220985], [  -57.10935211,  101.28185686,   -1.98810375,   17.58937927,     -3.3197099 ,   16.87130328,   33.11820252,   18.35369927,      5.41980674,   -0.0402207 ,   26.80228109,   99.92674958,     31.30903887], [  -24.64551088,   -7.32695589,   14.2740514 ,   46.51878692,     12.68697267,   13.76883703,   14.25342619,   28.79578789,      6.815061  ,    2.12327702,   -8.48220985,   31.30903887,    105.30103588]]
/root/sim/music/out/Boyz_Ⅱ_Men/Motown__A_Journey_Through_Hitsville_USA/02_It's_The_Same_Old_Song___Reach_Ou.mp3; [-521.1015    , 104.15027   ,  19.395065  ,  16.178383  ,   3.8968987 ,    9.691452  ,   0.42330232,   2.1455445 ,   1.9373838 ,   2.046536  ,    2.1497974 ,   2.7360082 ,  -1.6470822 ]; [[15182.85689959,  505.33363205, -231.71929534, -212.43268166,   -138.32734318,  -59.97521503, -158.30251992, -158.91684918,     44.46431834,  112.28351518,  -71.34551217, -196.7738859 ,   -148.38415941], [  505.33363205,  720.28303901,  -75.13950734,  -26.0962821 ,    -37.27322003,   11.71667676,   64.83774149,   58.81412554,      8.70779359,  -12.24707937,   30.31493359,   44.61699955,     -2.74142695], [ -231.71929534,  -75.13950734,  458.85961205,  118.88371937,     57.90479252,   43.41588494,   40.48394836,   49.71951944,      0.57616901,  -19.71697227,   -2.6701628 ,   13.56065007,     45.79601349], [ -212.43268166,  -26.0962821 ,  118.88371937,  352.9225715 ,    133.36534876,   25.75851943,  -44.38188814,   13.13766085,     34.50250805,   18.56766842,  -24.87154882,  -11.54187003,     72.59302993], [ -138.32734318,  -37.27322003,   57.90479252,  133.36534876,    225.44165329,   51.1278623 ,  -14.71317753,   -1.4199322 ,     47.49131276,   49.12459051,   -4.57937382,  -13.5601873 ,     27.66931842], [  -59.97521503,   11.71667676,   43.41588494,   25.75851943,     51.1278623 ,  154.30225811,   74.46597091,   32.87353857,     27.05984627,   33.95637873,   31.62714875,   17.19705019,     -1.72144399], [ -158.30251992,   64.83774149,   40.48394836,  -44.38188814,    -14.71317753,   74.46597091,  190.84946811,   78.28332256,      6.99890518,    3.96283257,   39.53123123,   38.45122734,    -13.29929939], [ -158.91684918,   58.81412554,   49.71951944,   13.13766085,     -1.4199322 ,   32.87353857,   78.28332256,  154.37799723,     44.44637989,   -5.18694062,   11.44035958,   23.09047097,      4.73290258], [   44.46431834,    8.70779359,    0.57616901,   34.50250805,     47.49131276,   27.05984627,    6.99890518,   44.44637989,    123.23661054,   48.36648844,    6.26714515,   -9.37378111,      1.0949185 ], [  112.28351518,  -12.24707937,  -19.71697227,   18.56766842,     49.12459051,   33.95637873,    3.96283257,   -5.18694062,     48.36648844,  120.28436448,   40.61680483,  -17.32425809,    -18.76358898], [  -71.34551217,   30.31493359,   -2.6701628 ,  -24.87154882,     -4.57937382,   31.62714875,   39.53123123,   11.44035958,      6.26714515,   40.61680483,  100.67337752,   27.31167608,    -15.35084318], [ -196.7738859 ,   44.61699955,   13.56065007,  -11.54187003,    -13.5601873 ,   17.19705019,   38.45122734,   23.09047097,     -9.37378111,  -17.32425809,   27.31167608,  104.76328684,     32.14579889], [ -148.38415941,   -2.74142695,   45.79601349,   72.59302993,     27.66931842,   -1.72144399,  -13.29929939,    4.73290258,      1.0949185 ,  -18.76358898,  -15.35084318,   32.14579889,    113.99290803]]
/root/sim/music/out/Boyz_Ⅱ_Men/Motown__A_Journey_Through_Hitsville_USA/12_Got_To_Be_There.mp3; [-562.59247  , 125.468735 ,  26.891659 ,  19.467785 ,   2.6145084,    4.129063 ,  -4.182773 ,  -3.1416388,   2.9574842,   0.9205666,    4.2970877,   2.330345 ,   2.5684536]; [[14357.73562313,   34.18689798,   90.99248336,  489.49696754,    107.45148788,   83.06777833,  -43.57705   ,    5.53540957,    114.70153817,   75.84496614,  189.45285851,  145.53145425,     28.5193209 ], [   34.18689798, 1188.27984555,  -21.34207173, -115.18966229,    -35.08489825,  -16.86113886,   46.80750126,   12.24299518,    -19.87809662,  -34.56610197,  -12.40000453,    0.31878889,    -14.90835295], [   90.99248336,  -21.34207173,  561.86157435,   86.83573759,    107.14236219,   69.95364436,   51.06917905,   12.54374367,    -39.36705439,   21.15663622,    0.10669232,   -7.36389747,     -1.73214765], [  489.49696754, -115.18966229,   86.83573759,  395.85819576,    158.44710183,   16.42469264,   11.55662852,   40.95054849,     45.59605072,    5.35979487,  -13.89429515,   10.57111683,      9.52159762], [  107.45148788,  -35.08489825,  107.14236219,  158.44710183,    259.45039671,   68.54633797,   33.9179805 ,   29.84334474,     44.8631582 ,   25.93372292,    8.56834924,   -0.2924077 ,     -0.49989691], [   83.06777833,  -16.86113886,   69.95364436,   16.42469264,     68.54633797,  193.25238307,   81.6384317 ,   22.50920361,     17.37438666,   35.63546922,   32.85792916,   12.97023846,     -4.68870911], [  -43.57705   ,   46.80750126,   51.06917905,   11.55662852,     33.9179805 ,   81.6384317 ,  176.920821  ,   54.03866205,     -2.23126056,    7.33456819,   14.62440547,   -3.41263222,    -21.75689514], [    5.53540957,   12.24299518,   12.54374367,   40.95054849,     29.84334474,   22.50920361,   54.03866205,  128.13172736,     41.61628779,   12.11744461,    6.05082632,   10.05177311,      2.19116234], [  114.70153817,  -19.87809662,  -39.36705439,   45.59605072,     44.8631582 ,   17.37438666,   -2.23126056,   41.61628779,    154.75568058,   29.56086258,    7.41370334,   20.14730225,     17.49501585], [   75.84496614,  -34.56610197,   21.15663622,    5.35979487,     25.93372292,   35.63546922,    7.33456819,   12.11744461,     29.56086258,  126.23414806,   56.67807112,    9.97185395,      5.2216996 ], [  189.45285851,  -12.40000453,    0.10669232,  -13.89429515,      8.56834924,   32.85792916,   14.62440547,    6.05082632,      7.41370334,   56.67807112,  123.3920064 ,   46.37360862,     15.31404066], [  145.53145425,    0.31878889,   -7.36389747,   10.57111683,     -0.2924077 ,   12.97023846,   -3.41263222,   10.05177311,     20.14730225,    9.97185395,   46.37360862,  122.06894802,     52.90967017], [   28.5193209 ,  -14.90835295,   -1.73214765,    9.52159762,     -0.49989691,   -4.68870911,  -21.75689514,    2.19116234,     17.49501585,    5.2216996 ,   15.31404066,   52.90967017,    132.08632158]]
/root/sim/music/out/Boyz_Ⅱ_Men/Motown__A_Journey_Through_Hitsville_USA/14_End_Of_The_Road.mp3; [-645.6787    , 107.57914   ,  17.29365   ,  10.883093  ,  -6.2315044 ,   -0.29122835, -15.301743  , -14.325033  ,  -6.763576  ,  -7.1982584 ,   -7.0479236 ,  -4.6766243 ,  -8.266743  ]; [[34959.40818116, 4263.02486631, -979.86694995,  -33.12633975,   -736.27950728,   77.94954215, -931.59724908, -859.35605756,     49.33429594,  105.76942442, -177.85993726, -372.15328892,   -469.584647  ], [ 4263.02486631, 1899.75507335,  350.89237669,   19.76195813,    -90.65482186,    6.78643614,   59.88446069,   60.94533856,    -79.24396497, -177.6985227 ,  -45.20578757,   29.01154104,   -101.64609271], [ -979.86694995,  350.89237669, 1040.3867921 ,  312.46344451,    137.18794098,  -33.30676311,  104.73062963,  137.38891284,    -97.13948587, -192.35625615,  -90.733379  ,   73.16342655,     31.12528075], [  -33.12633975,   19.76195813,  312.46344451,  591.9988695 ,    325.29083204,   61.87437656,  -43.99039936,  -29.30119726,     17.99045805,  -17.50519998, -109.09424209,  -18.72441184,     66.66236742], [ -736.27950728,  -90.65482186,  137.18794098,  325.29083204,    514.72729338,  116.60304882,  -50.2161894 ,  -57.19690358,     37.49189436,   62.49490518,  -72.96885919,  -48.07181921,     56.45975006], [   77.94954215,    6.78643614,  -33.30676311,   61.87437656,    116.60304882,  262.67039924,  104.33372887,    0.25046409,     62.73874608,   54.37087286,   44.0132031 ,   10.06835007,      4.63145863], [ -931.59724908,   59.88446069,  104.73062963,  -43.99039936,    -50.2161894 ,  104.33372887,  296.67208832,  143.32314688,     -3.9873926 ,  -24.50215115,   74.34727853,   64.6277807 ,     15.52015673], [ -859.35605756,   60.94533856,  137.38891284,  -29.30119726,    -57.19690358,    0.25046409,  143.32314688,  271.73109534,     48.89344229,  -41.10493541,   43.0175009 ,   75.23120004,     21.82134257], [   49.33429594,  -79.24396497,  -97.13948587,   17.99045805,     37.49189436,   62.73874608,   -3.9873926 ,   48.89344229,    230.42992338,   82.14745993,    1.8618683 ,   18.89183264,     18.59424809], [  105.76942442, -177.6985227 , -192.35625615,  -17.50519998,     62.49490518,   54.37087286,  -24.50215115,  -41.10493541,     82.14745993,  224.17221532,   80.6980888 ,  -40.26592285,     -5.08547992], [ -177.85993726,  -45.20578757,  -90.733379  , -109.09424209,    -72.96885919,   44.0132031 ,   74.34727853,   43.0175009 ,      1.8618683 ,   80.6980888 ,  196.03438184,   48.23633355,    -21.07526453], [ -372.15328892,   29.01154104,   73.16342655,  -18.72441184,    -48.07181921,   10.06835007,   64.6277807 ,   75.23120004,     18.89183264,  -40.26592285,   48.23633355,  177.54489743,     44.18317315], [ -469.584647  , -101.64609271,   31.12528075,   66.66236742,     56.45975006,    4.63145863,   15.52015673,   21.82134257,     18.59424809,   -5.08547992,  -21.07526453,   44.18317315,    130.49391212]]
