/root/sim/music/out/Blur/The_Best_Of/16_This_Is_A_Low.mp3; [-592.97736  , 136.35378  ,   9.817326 ,  34.525326 ,   5.7391434,    3.8284714,   0.4655631,  -6.211611 ,  -5.097993 ,  -3.313335 ,   -3.1220722,  -4.0213284,  -8.333019 ]; [[15602.85805393,-1368.43838884, -882.16715605, -369.80669071,   -545.46813516, -193.36628008,   70.32483326,  106.09922039,    -39.21556121,   -6.19883215,   91.97061639,   28.96220388,    -22.16047901], [-1368.43838884, 1537.02532164,   23.62074008,  242.08777544,     73.86617945,   -9.61301488,   -1.28531662,  -62.50279431,    -19.50744049,  -38.73822805,  -40.2083227 ,  -71.86055196,    -70.8898324 ], [ -882.16715605,   23.62074008,  786.37657295,   13.83957305,    207.32801575,   51.46973801,  -67.64833895,   17.88561577,     41.45467697,   50.64521986,    3.63687387,   32.6956462 ,     53.59441807], [ -369.80669071,  242.08777544,   13.83957305,  417.30886081,     64.61108273,  -25.9752666 ,  -31.10130496,  -71.37931566,     11.2681884 ,    2.43531165,  -25.54481257,   20.20088885,     24.50570394], [ -545.46813516,   73.86617945,  207.32801575,   64.61108273,    242.37123341,   25.19249582,  -34.27247171,  -16.81428536,     27.59596509,   28.57091211,    6.2881687 ,   22.25528811,     40.6316067 ], [ -193.36628008,   -9.61301488,   51.46973801,  -25.9752666 ,     25.19249582,  113.33288212,   33.55475924,   14.33408666,      5.65956932,    7.5651507 ,    1.65828464,   -2.92802013,     -6.37818208], [   70.32483326,   -1.28531662,  -67.64833895,  -31.10130496,    -34.27247171,   33.55475924,  129.26541833,   42.70682153,     -6.07854957,    0.39554826,   11.66888069,   -9.91445138,    -13.49571278], [  106.09922039,  -62.50279431,   17.88561577,  -71.37931566,    -16.81428536,   14.33408666,   42.70682153,  107.86166243,     25.77925114,    4.19950577,    9.07496796,   -3.19934982,      5.86076882], [  -39.21556121,  -19.50744049,   41.45467697,   11.2681884 ,     27.59596509,    5.65956932,   -6.07854957,   25.77925114,     82.75717419,   35.96091088,    7.72775568,    9.14635129,     15.37995112], [   -6.19883215,  -38.73822805,   50.64521986,    2.43531165,     28.57091211,    7.5651507 ,    0.39554826,    4.19950577,     35.96091088,   83.12339127,   32.59571596,    7.69899056,     11.49027439], [   91.97061639,  -40.2083227 ,    3.63687387,  -25.54481257,      6.2881687 ,    1.65828464,   11.66888069,    9.07496796,      7.72775568,   32.59571596,   69.99652438,   21.86971951,      3.33501959], [   28.96220388,  -71.86055196,   32.6956462 ,   20.20088885,     22.25528811,   -2.92802013,   -9.91445138,   -3.19934982,      9.14635129,    7.69899056,   21.86971951,   66.41380718,     38.51891054], [  -22.16047901,  -70.8898324 ,   53.59441807,   24.50570394,     40.6316067 ,   -6.37818208,  -13.49571278,    5.86076882,     15.37995112,   11.49027439,    3.33501959,   38.51891054,     82.61726385]]
/root/sim/music/out/Blur/The_Best_Of/06_Parklife.mp3; [-561.72614   , 109.874306  ,  -7.4589505 ,  20.203615  ,   1.1724858 ,    3.26211   ,  -0.9989588 ,   0.9017037 ,  -2.0537622 ,   2.8547058 ,   -0.44860202,   2.648356  ,  -2.0355844 ]; [[14938.47282121,  545.95268341, -838.30653116, -343.57855406,   -411.18965153,  -14.11132904,  -38.82169602,  159.66634596,     24.06596733,  200.52464435,  135.15087575,  100.02939415,     15.40499935], [  545.95268341, 1401.8071727 , -262.97823251,  158.83285091,     19.42219496,  -50.53602959,  138.13767953,   45.10692939,     11.36676826,   28.71664605,   19.21605844,  -17.02638985,      4.24781035], [ -838.30653116, -262.97823251,  657.77175398,  113.49517126,    152.12972642,   85.22044856,  -36.2539149 ,   34.48654991,      2.25535841,  -10.15588805,  -19.36550055,   27.85230382,     21.49481912], [ -343.57855406,  158.83285091,  113.49517126,  375.8049771 ,    195.14883365,   30.83642389,  -14.75602108,  -18.77945925,     20.34389459,    9.63526154,   -2.77836881,    7.44580016,     34.68831768], [ -411.18965153,   19.42219496,  152.12972642,  195.14883365,    269.31252666,   69.38571098,   -7.4869949 ,    7.52046909,     41.10930832,   43.13737833,    8.14378355,   31.11047221,     22.51435887], [  -14.11132904,  -50.53602959,   85.22044856,   30.83642389,     69.38571098,  136.17456384,   65.03382243,   37.33312633,     13.62030507,    7.69054197,   20.87982081,   13.75946393,      7.63542298], [  -38.82169602,  138.13767953,  -36.2539149 ,  -14.75602108,     -7.4869949 ,   65.03382243,  182.60455089,   81.51183516,     16.30938969,   12.252489  ,   21.94502753,    8.85939974,      8.08767923], [  159.66634596,   45.10692939,   34.48654991,  -18.77945925,      7.52046909,   37.33312633,   81.51183516,  126.25179498,     46.77647303,   20.32113943,   19.32059   ,   15.17937923,     14.78221585], [   24.06596733,   11.36676826,    2.25535841,   20.34389459,     41.10930832,   13.62030507,   16.30938969,   46.77647303,     87.19338772,   47.50300753,   20.13250711,   12.52407162,     11.49702397], [  200.52464435,   28.71664605,  -10.15588805,    9.63526154,     43.13737833,    7.69054197,   12.252489  ,   20.32113943,     47.50300753,   99.2915372 ,   46.85370325,   22.82741589,      6.88793944], [  135.15087575,   19.21605844,  -19.36550055,   -2.77836881,      8.14378355,   20.87982081,   21.94502753,   19.32059   ,     20.13250711,   46.85370325,   90.61007526,   39.49503788,      9.20961023], [  100.02939415,  -17.02638985,   27.85230382,    7.44580016,     31.11047221,   13.75946393,    8.85939974,   15.17937923,     12.52407162,   22.82741589,   39.49503788,   74.60115516,     30.77468214], [   15.40499935,    4.24781035,   21.49481912,   34.68831768,     22.51435887,    7.63542298,    8.08767923,   14.78221585,     11.49702397,    6.88793944,    9.20961023,   30.77468214,     61.49214293]]
/root/sim/music/out/Blur/The_Best_Of/02_Song_2.mp3; [-562.7062   , 105.686035 ,  -6.878319 ,  33.44503  ,   4.209244 ,   -2.7592654,  -3.8797734,   1.5938262,  -3.8021305, -10.763561 ,   -5.801666 ,  -1.8867811,  -8.07678  ]; [[24512.25677809, -628.37674022, -502.72137444,  566.12331521,    860.40195976, -206.2437469 ,   79.08044893,  578.21702812,    518.55475865,  261.19677775,  163.24473947,  321.63030047,    -46.8049104 ], [ -628.37674022, 1134.55779206, -188.69354504,  -19.37349119,   -169.27252463,  -37.16270806,  -26.07214293,  -79.91611776,   -105.79420371, -129.63437256,  -43.28792633,  -72.3135493 ,    -80.20829047], [ -502.72137444, -188.69354504,  345.36663624,   65.43277438,     79.08658354,   64.95086257,   15.47620754,    8.19026501,     -5.28780409,   38.34172324,   10.59386185,   19.36034645,     47.05840653], [  566.12331521,  -19.37349119,   65.43277438,  273.2709708 ,    177.48402175,   10.51673135,   -3.41672923,   27.63240968,     30.07271805,    7.96966971,   -1.39548328,   34.11126063,     23.97199378], [  860.40195976, -169.27252463,   79.08658354,  177.48402175,    313.88205988,   43.81967207,   58.09298953,   70.02104601,     61.38573207,   24.13944611,   13.74295941,   54.94288349,     33.77298745], [ -206.2437469 ,  -37.16270806,   64.95086257,   10.51673135,     43.81967207,  114.20795881,   71.56441338,   23.19410627,      6.10909311,    9.30964986,    0.97208377,    2.37836702,     10.17509595], [   79.08044893,  -26.07214293,   15.47620754,   -3.41672923,     58.09298953,   71.56441338,  122.37962132,   56.07011167,     29.18309582,   12.73721702,   12.66101399,   12.4467341 ,     -0.78705362], [  578.21702812,  -79.91611776,    8.19026501,   27.63240968,     70.02104601,   23.19410627,   56.07011167,   99.36233698,     63.82427739,   41.42997917,   24.64122842,   24.50707268,      6.82604232], [  518.55475865, -105.79420371,   -5.28780409,   30.07271805,     61.38573207,    6.10909311,   29.18309582,   63.82427739,    118.86470602,   72.81532635,   30.91082805,   25.41294575,      3.18645218], [  261.19677775, -129.63437256,   38.34172324,    7.96966971,     24.13944611,    9.30964986,   12.73721702,   41.42997917,     72.81532635,  115.45731748,   50.33385623,   24.9458885 ,     12.82665489], [  163.24473947,  -43.28792633,   10.59386185,   -1.39548328,     13.74295941,    0.97208377,   12.66101399,   24.64122842,     30.91082805,   50.33385623,   66.87700007,   34.21992161,      7.37045934], [  321.63030047,  -72.3135493 ,   19.36034645,   34.11126063,     54.94288349,    2.37836702,   12.4467341 ,   24.50707268,     25.41294575,   24.9458885 ,   34.21992161,   70.66843913,     34.16190827], [  -46.8049104 ,  -80.20829047,   47.05840653,   23.97199378,     33.77298745,   10.17509595,   -0.78705362,    6.82604232,      3.18645218,   12.82665489,    7.37045934,   34.16190827,     63.60749132]]
/root/sim/music/out/Blur/The_Best_Of/03_There's_No_Other_Way.mp3; [-547.08777   , 111.40435   ,   4.576446  ,  31.627441  ,   0.48228252,    6.6530747 ,  -1.7473625 ,  -2.7682867 ,  -3.7687256 ,   3.9575078 ,    2.868491  ,  -4.5122066 ,  -3.983279  ]; [[14955.68066837,  -71.43287217, -472.37596509, -406.71490542,   -358.75028632,  -48.83471511,  140.91124858,  230.30906948,    -50.07758784,  126.12783286,    1.7705988 , -131.98491085,   -342.98423161], [  -71.43287217, 1020.89656996, -140.42762922,  171.31339307,    -29.50472729,   -2.29022736,  -33.96467035,  -60.17698529,    -14.69345646,  -24.54119968,   18.7188059 ,  -22.76484671,     35.04079151], [ -472.37596509, -140.42762922,  593.39599019,   44.81445917,    159.73578457,   86.17036938,   45.49838848,   55.54647595,     31.05305734,   45.26848707,   11.53517496,   59.71205287,     40.5736416 ], [ -406.71490542,  171.31339307,   44.81445917,  456.11262824,    183.27615045,   55.72637522,  -64.68241657, -108.27506234,    -18.52827174,  -47.00516363,  -50.54492042,  -14.03950549,     85.9984611 ], [ -358.75028632,  -29.50472729,  159.73578457,  183.27615045,    235.95924541,   82.94255284,    5.54178641,  -23.89389248,      6.43392127,   17.07650813,  -20.68000982,   17.42956491,     46.21009578], [  -48.83471511,   -2.29022736,   86.17036938,   55.72637522,     82.94255284,  144.87866944,   57.5676431 ,   19.95109014,     -7.26335242,    6.52259279,   23.03343741,   13.7481681 ,      9.1687661 ], [  140.91124858,  -33.96467035,   45.49838848,  -64.68241657,      5.54178641,   57.5676431 ,  148.69607652,   70.13125025,     17.2250334 ,   24.85018569,   17.68234594,   17.84004   ,    -19.70106976], [  230.30906948,  -60.17698529,   55.54647595, -108.27506234,    -23.89389248,   19.95109014,   70.13125025,  145.41184166,     53.68860876,   49.79137599,   25.72256833,    6.01684884,    -23.40886323], [  -50.07758784,  -14.69345646,   31.05305734,  -18.52827174,      6.43392127,   -7.26335242,   17.2250334 ,   53.68860876,     80.63288828,   52.40554747,   12.80565929,   -2.24943475,     -0.09857828], [  126.12783286,  -24.54119968,   45.26848707,  -47.00516363,     17.07650813,    6.52259279,   24.85018569,   49.79137599,     52.40554747,   95.42680743,   32.88550284,   10.41104176,     -6.68039133], [    1.7705988 ,   18.7188059 ,   11.53517496,  -50.54492042,    -20.68000982,   23.03343741,   17.68234594,   25.72256833,     12.80565929,   32.88550284,   81.82207256,   36.13022088,     -1.81808746], [ -131.98491085,  -22.76484671,   59.71205287,  -14.03950549,     17.42956491,   13.7481681 ,   17.84004   ,    6.01684884,     -2.24943475,   10.41104176,   36.13022088,   71.57914362,     19.95090395], [ -342.98423161,   35.04079151,   40.5736416 ,   85.9984611 ,     46.21009578,    9.1687661 ,  -19.70106976,  -23.40886323,     -0.09857828,   -6.68039133,   -1.81808746,   19.95090395,     81.48110221]]
/root/sim/music/out/Blur/The_Best_Of/12_She's_So_High.mp3; [-550.45306   , 116.09467   , -18.087769  ,  14.324855  ,  -1.4455699 ,    7.484282  ,   0.53081316,  13.418634  ,  -1.6462287 ,   0.98706776,    3.2705991 ,   0.6212684 ,  -0.02967669]; [[14506.51576474,   -8.26946103,  -71.14129231,  -56.02111161,     24.96663501,  130.11479194,  133.8699733 ,  357.53756224,    103.02621229,   93.1642823 , -105.48292174, -245.41668541,   -204.30639412], [   -8.26946103, 1194.36275603, -318.39580755,    1.58081366,   -141.21041898,  -51.49389802,   -4.80074751,    8.99970242,    -65.64836552,  -34.48749206,   71.1549955 ,   39.10472977,     50.32786624], [  -71.14129231, -318.39580755,  337.4337597 ,   17.0239229 ,     47.98473312,    1.8129947 ,   14.54904123,  -15.16313378,     48.13621248,    9.84659459,   -2.28567184,   32.55430272,     -9.31576503], [  -56.02111161,    1.58081366,   17.0239229 ,  284.8818586 ,    152.55578744,   28.68734789,  -41.91719282,  -23.59515684,     24.03980874,   14.80314116,  -20.54634474,   14.59645102,     51.8483591 ], [   24.96663501, -141.21041898,   47.98473312,  152.55578744,    246.3687003 ,   34.2389711 ,  -47.25821111,  -10.76857658,     14.77564272,   31.28648832,  -17.67577141,   -0.89254745,     21.1393428 ], [  130.11479194,  -51.49389802,    1.8129947 ,   28.68734789,     34.2389711 ,  149.44812488,   62.44963384,    8.76601084,     27.06307947,   12.58983349,    4.28153136,    0.64755426,     -6.17731604], [  133.8699733 ,   -4.80074751,   14.54904123,  -41.91719282,    -47.25821111,   62.44963384,  126.5700089 ,   44.83238616,     31.48626892,    0.49425472,   13.04068845,    2.77259875,     -6.86136892], [  357.53756224,    8.99970242,  -15.16313378,  -23.59515684,    -10.76857658,    8.76601084,   44.83238616,  106.93444609,     30.52027106,   27.0037204 ,   15.14619951,   -3.23294328,      0.418741  ], [  103.02621229,  -65.64836552,   48.13621248,   24.03980874,     14.77564272,   27.06307947,   31.48626892,   30.52027106,     87.34291397,   44.46699778,    9.54501638,    5.45102861,     -0.56694533], [   93.1642823 ,  -34.48749206,    9.84659459,   14.80314116,     31.28648832,   12.58983349,    0.49425472,   27.0037204 ,     44.46699778,   80.42036533,   26.72910559,    4.87633547,     -1.17728391], [ -105.48292174,   71.1549955 ,   -2.28567184,  -20.54634474,    -17.67577141,    4.28153136,   13.04068845,   15.14619951,      9.54501638,   26.72910559,   67.61718188,   33.79225185,      7.12533135], [ -245.41668541,   39.10472977,   32.55430272,   14.59645102,     -0.89254745,    0.64755426,    2.77259875,   -3.23294328,      5.45102861,    4.87633547,   33.79225185,   74.97079551,     32.85854566], [ -204.30639412,   50.32786624,   -9.31576503,   51.8483591 ,     21.1393428 ,   -6.17731604,   -6.86136892,    0.418741  ,     -0.56694533,   -1.17728391,    7.12533135,   32.85854566,     64.07380556]]
/root/sim/music/out/Blur/The_Best_Of/15_On_Your_Own.mp3; [-557.337     , 121.47698   ,  -2.0043797 ,  13.842028  ,  -2.437986  ,    5.6708293 ,   0.8550226 ,   7.277309  ,  -0.12979144,   3.216806  ,   -0.9937587 ,  -0.64734334,  -4.5305266 ]; [[19518.56608869, 2296.56518308,-1328.71739888,  294.84497094,   -216.35401665,  113.82555866,  583.30922629,  -75.27237245,      2.57857415, -205.99569776, -298.52132263, -357.95909061,   -142.65954793], [ 2296.56518308, 1315.12852653, -456.55465089,  213.05671788,    -99.99293699,  -45.21446691,   73.72009363,  -81.64068203,     -8.91586171,  -63.8646213 ,  -43.01596693,  -65.95593519,    -56.97454065], [-1328.71739888, -456.55465089,  980.95677792, -165.28302845,    174.2757311 ,   80.03814112, -116.09178797,  135.28780699,    -19.69759601,   89.77489938,   64.2796682 ,   84.47649179,     23.07336772], [  294.84497094,  213.05671788, -165.28302845,  361.63073118,     87.52242166,  -43.37898563,  -25.35958104,  -34.35643351,     37.05526434,   -4.29513078,  -37.54012283,  -11.5970896 ,      9.0229733 ], [ -216.35401665,  -99.99293699,  174.2757311 ,   87.52242166,    223.66684748,   34.18355142,  -40.04244065,   34.36492229,     22.95619946,   39.32365214,  -12.92870814,   23.85386195,     28.34085849], [  113.82555866,  -45.21446691,   80.03814112,  -43.37898563,     34.18355142,  150.96441763,   74.24682975,   38.68253677,      1.3412668 ,    9.63188514,   28.31961453,    2.73958621,     -9.50649296], [  583.30922629,   73.72009363, -116.09178797,  -25.35958104,    -40.04244065,   74.24682975,  202.14170233,   50.40702751,      9.60752267,  -26.88019775,   11.59851534,   -9.42414474,     -3.92154368], [  -75.27237245,  -81.64068203,  135.28780699,  -34.35643351,     34.36492229,   38.68253677,   50.40702751,  143.19249924,     41.08518283,   29.70864858,   30.63684557,   33.87565768,     18.30064258], [    2.57857415,   -8.91586171,  -19.69759601,   37.05526434,     22.95619946,    1.3412668 ,    9.60752267,   41.08518283,     98.38286138,   45.75716247,   18.55553702,   13.07225346,     15.61441381], [ -205.99569776,  -63.8646213 ,   89.77489938,   -4.29513078,     39.32365214,    9.63188514,  -26.88019775,   29.70864858,     45.75716247,  110.72940563,   54.2144186 ,   26.04343123,      4.88213533], [ -298.52132263,  -43.01596693,   64.2796682 ,  -37.54012283,    -12.92870814,   28.31961453,   11.59851534,   30.63684557,     18.55553702,   54.2144186 ,  117.45928431,   57.55224488,     -0.42893386], [ -357.95909061,  -65.95593519,   84.47649179,  -11.5970896 ,     23.85386195,    2.73958621,   -9.42414474,   33.87565768,     13.07225346,   26.04343123,   57.55224488,  100.89764258,     44.90152175], [ -142.65954793,  -56.97454065,   23.07336772,    9.0229733 ,     28.34085849,   -9.50649296,   -3.92154368,   18.30064258,     15.61441381,    4.88213533,   -0.42893386,   44.90152175,     86.81618061]]
/root/sim/music/out/Blur/The_Best_Of/05_Coffee_And_TV.mp3; [-593.8742    , 119.60597   ,  21.434166  ,  47.00209   ,  10.575988  ,    6.039934  ,   0.01460755,   1.206918  ,   1.1482828 ,  -2.5551014 ,   -2.810558  ,  -0.41162702,   2.545237  ]; [[17213.2935182 ,-1335.88740214,  186.03872375,  594.56943641,    -32.96205573,  182.31231921,  171.64715424,  113.58996255,    103.90721453,   64.58872593,   75.31826452,  148.51500831,    292.59593934], [-1335.88740214, 1619.09293054, -268.92335884,  -48.96325754,    -24.77382838, -112.78078808,  -64.44436319,  -54.36568945,    -49.62324681,  -45.86819559,  -37.01060857,  -42.33054249,    -65.10349918], [  186.03872375, -268.92335884,  488.10885094,  -99.6772417 ,     42.60402299,   92.85532673,   -0.50641734,   34.77145547,    -16.47620274,   -6.87576531,   -0.90839695,  -18.65073331,     -5.57039491], [  594.56943641,  -48.96325754,  -99.6772417 ,  344.33508205,    121.16103554,   25.33288946,   17.8485888 ,  -24.24457705,      1.4490051 ,  -18.4329372 ,  -22.2886859 ,   26.2608582 ,     38.00206235], [  -32.96205573,  -24.77382838,   42.60402299,  121.16103554,    201.5677474 ,   76.083427  ,   33.56266061,    1.73775827,     -3.54999365,  -13.47417876,  -12.10741223,   11.02084191,     26.56993486], [  182.31231921, -112.78078808,   92.85532673,   25.33288946,     76.083427  ,  142.79174796,   72.29291558,   28.31946198,      9.93319136,    6.21119106,   -6.40642976,   -3.97564919,     -0.32588553], [  171.64715424,  -64.44436319,   -0.50641734,   17.8485888 ,     33.56266061,   72.29291558,  133.68315548,   55.57576678,     23.9818934 ,   11.92271951,    6.91027726,   -2.12650694,      1.90410598], [  113.58996255,  -54.36568945,   34.77145547,  -24.24457705,      1.73775827,   28.31946198,   55.57576678,  103.8271131 ,     38.79018968,   23.57063721,   14.5169983 ,    5.55196698,     -5.72225064], [  103.90721453,  -49.62324681,  -16.47620274,    1.4490051 ,     -3.54999365,    9.93319136,   23.9818934 ,   38.79018968,     93.84231252,   45.37609164,   21.74588185,    5.95478296,     13.95333542], [   64.58872593,  -45.86819559,   -6.87576531,  -18.4329372 ,    -13.47417876,    6.21119106,   11.92271951,   23.57063721,     45.37609164,   85.14893409,   38.26299706,   18.70976659,      0.14097794], [   75.31826452,  -37.01060857,   -0.90839695,  -22.2886859 ,    -12.10741223,   -6.40642976,    6.91027726,   14.5169983 ,     21.74588185,   38.26299706,   73.24808665,   28.16428027,     13.02228894], [  148.51500831,  -42.33054249,  -18.65073331,   26.2608582 ,     11.02084191,   -3.97564919,   -2.12650694,    5.55196698,      5.95478296,   18.70976659,   28.16428027,   74.67915696,     37.31833297], [  292.59593934,  -65.10349918,   -5.57039491,   38.00206235,     26.56993486,   -0.32588553,    1.90410598,   -5.72225064,     13.95333542,    0.14097794,   13.02228894,   37.31833297,     81.76691293]]
/root/sim/music/out/Blur/The_Best_Of/17_For_Tomorrow.mp3; [-590.9959    , 128.8495    ,  -5.845193  ,  15.722623  ,   7.2164664 ,    4.616295  ,   5.823168  ,   1.9624003 ,   2.046139  ,  -0.11768924,    0.02950694,  -5.1315365 ,  -0.8841374 ]; [[14063.7263695 ,  164.39521217, -205.83344285, -157.04319343,   -244.11974953,  -51.53090481,  130.39424716,  130.05043408,    128.23169086,  137.57332167,   91.47480157,  -29.40007029,    -31.85798043], [  164.39521217, 1006.75357763, -241.79056881,  100.26608677,     42.93846739,  -28.00199679,   40.24467175,  -10.97033431,     11.46048115,  -29.21033878,   18.27873131,  -12.11599821,     14.34103622], [ -205.83344285, -241.79056881,  444.06445857,    2.3669376 ,     57.96848974,   63.57394368,  -28.76666304,    1.76979796,     -1.37429443,   20.51420006,   -6.69485881,   -3.92197342,    -10.18313639], [ -157.04319343,  100.26608677,    2.3669376 ,  233.81958625,     99.28933582,    9.00025895,  -19.32228139,  -14.01879192,     -5.88976548,  -14.28646597,  -19.96549943,    3.97948946,      8.54742494], [ -244.11974953,   42.93846739,   57.96848974,   99.28933582,    191.27517724,   36.55152143,   -1.82494562,   -6.20894584,     12.57756202,   -6.95906827,   -5.4184802 ,   19.75379327,     26.25022087], [  -51.53090481,  -28.00199679,   63.57394368,    9.00025895,     36.55152143,  105.05434736,   34.84329667,   23.66381957,      2.90660828,   12.13080682,   -4.7521255 ,    3.45726011,     -5.5810793 ], [  130.39424716,   40.24467175,  -28.76666304,  -19.32228139,     -1.82494562,   34.84329667,  110.83961284,   47.79555903,     16.23273736,    5.88726747,   14.60587608,   -5.5737198 ,      3.27543228], [  130.05043408,  -10.97033431,    1.76979796,  -14.01879192,     -6.20894584,   23.66381957,   47.79555903,   91.21638952,     30.7777198 ,   20.71592776,    5.3123665 ,    5.70383619,     -6.00481687], [  128.23169086,   11.46048115,   -1.37429443,   -5.88976548,     12.57756202,    2.90660828,   16.23273736,   30.7777198 ,     73.55871283,   34.19736442,   13.28537453,    0.67283042,      8.01592267], [  137.57332167,  -29.21033878,   20.51420006,  -14.28646597,     -6.95906827,   12.13080682,    5.88726747,   20.71592776,     34.19736442,   81.32032737,   26.16955291,    7.01849795,     -1.59165821], [   91.47480157,   18.27873131,   -6.69485881,  -19.96549943,     -5.4184802 ,   -4.7521255 ,   14.60587608,    5.3123665 ,     13.28537453,   26.16955291,   63.658128  ,   22.65597012,      9.67168814], [  -29.40007029,  -12.11599821,   -3.92197342,    3.97948946,     19.75379327,    3.45726011,   -5.5737198 ,    5.70383619,      0.67283042,    7.01849795,   22.65597012,   67.70142846,     25.38273536], [  -31.85798043,   14.34103622,  -10.18313639,    8.54742494,     26.25022087,   -5.5810793 ,    3.27543228,   -6.00481687,      8.01592267,   -1.59165821,    9.67168814,   25.38273536,     64.76268374]]
/root/sim/music/out/Blur/The_Best_Of/08_No_Distance_Left_To_Run.mp3; [-667.13696   , 192.51277   ,  12.381895  ,  37.207417  ,  23.852322  ,    7.9351277 ,  -0.78208274,   6.4948373 ,  -1.7016861 ,  -4.8335333 ,   -3.457167  ,   0.48294526,  -4.245578  ]; [[14294.17635102, -161.56435923, -202.96529391,  414.93628799,   -390.79511132,  -10.60901816, -284.70689034,  -51.56522818,   -183.81199487,  -17.60631194,  -57.72356017,  138.96182181,    -59.64673406], [ -161.56435923, 2273.17525445, -309.20019623,   28.23226761,    274.03103043,  -65.07606463,   44.9859997 ,   28.54711745,     -5.93507859, -101.83305262,   29.09367592,  -73.76945766,     11.30937791], [ -202.96529391, -309.20019623,  905.82068709, -206.46982707,    -65.65364676,   20.7123175 ,   23.897368  ,   82.33205023,      2.61319872,  136.53273021,  -36.13009528,   70.99631437,     21.04634381], [  414.93628799,   28.23226761, -206.46982707,  294.27287599,     72.05373677,   53.70590326,  -19.87632642,  -52.74009266,     11.57790927,  -47.00934711,    4.2722886 ,  -12.74789913,     -3.69082197], [ -390.79511132,  274.03103043,  -65.65364676,   72.05373677,    247.76249548,   42.76676003,    0.40504793,  -11.39977096,     28.87786607,  -30.63503947,  -14.94231247,  -14.36873501,     18.33333706], [  -10.60901816,  -65.07606463,   20.7123175 ,   53.70590326,     42.76676003,  122.37808715,   25.30370243,  -10.51156689,     -0.56577915,  -17.24032211,   -5.84162787,   11.79855965,     -2.18112798], [ -284.70689034,   44.9859997 ,   23.897368  ,  -19.87632642,      0.40504793,   25.30370243,  128.83037927,   56.20699492,      5.06357486,  -11.86815502,    9.96422877,   -4.34395058,      4.59616355], [  -51.56522818,   28.54711745,   82.33205023,  -52.74009266,    -11.39977096,  -10.51156689,   56.20699492,   99.85761245,     27.93498837,   23.07982565,    3.41429713,   -5.29694448,      0.75151072], [ -183.81199487,   -5.93507859,    2.61319872,   11.57790927,     28.87786607,   -0.56577915,    5.06357486,   27.93498837,     95.21366745,   29.3079231 ,    4.43912682,  -14.40128349,     -9.59157095], [  -17.60631194, -101.83305262,  136.53273021,  -47.00934711,    -30.63503947,  -17.24032211,  -11.86815502,   23.07982565,     29.3079231 ,   97.11450532,   18.04130706,    5.57954319,    -14.80428538], [  -57.72356017,   29.09367592,  -36.13009528,    4.2722886 ,    -14.94231247,   -5.84162787,    9.96422877,    3.41429713,      4.43912682,   18.04130706,   69.44721292,   15.31600124,      0.67620007], [  138.96182181,  -73.76945766,   70.99631437,  -12.74789913,    -14.36873501,   11.79855965,   -4.34395058,   -5.29694448,    -14.40128349,    5.57954319,   15.31600124,   78.20646653,     41.48319683], [  -59.64673406,   11.30937791,   21.04634381,   -3.69082197,     18.33333706,   -2.18112798,    4.59616355,    0.75151072,     -9.59157095,  -14.80428538,    0.67620007,   41.48319683,     84.04543095]]
/root/sim/music/out/放課後ティータイム_(豊崎愛生_日笠陽子_佐藤聡美_寿美菜子_竹達彩奈)/放課後ティータイム_II_[Disc_1]/1-10_Interlude.mp3; [-628.077    ,  94.7566   , -17.16735  ,  33.038437 ,  15.995268 ,    9.427944 ,   1.9099078,  12.186815 ,   2.5195885,  -2.1957564,   -2.7424662,  -2.2540336,  -7.077862 ]; [[50988.43622328, 4777.19989371,-1363.89752837, 1656.98996856,    583.95161239,  385.04471613,  -91.7188227 ,  520.45897726,     14.8367033 , -183.22847633, -329.64196266, -191.95679529,   -313.4032982 ], [ 4777.19989371,  807.98518683, -145.69256895,  233.969939  ,     95.67985788,   53.14405671,    0.24892012,   77.34192982,     -2.17384997,  -19.59119024,  -15.63016001,  -14.96951886,    -48.15858542], [-1363.89752837, -145.69256895,  127.60723265,  -39.32669212,    -28.71048807,  -13.37461261,   -1.08819798,  -21.63246051,     -4.4992726 ,    7.06396367,    7.00073002,    3.2366283 ,      7.60512202], [ 1656.98996856,  233.969939  ,  -39.32669212,  133.86708487,     60.53986017,   27.23292216,    4.90074134,   35.32972658,     12.52254371,   -0.76169691,   -7.43893464,   -7.42201516,    -20.47156434], [  583.95161239,   95.67985788,  -28.71048807,   60.53986017,     81.89411822,   32.25138817,   12.17958976,   22.86995602,     14.53922113,    4.3835532 ,    2.0778837 ,   -1.68301723,    -11.05974598], [  385.04471613,   53.14405671,  -13.37461261,   27.23292216,     32.25138817,   57.77233542,   25.52021617,    8.31131335,      5.85477843,    6.01032365,    2.09466869,   -4.63262246,    -10.53769375], [  -91.7188227 ,    0.24892012,   -1.08819798,    4.90074134,     12.17958976,   25.52021617,   49.56991855,   21.62821195,      6.99084947,    6.96663552,    8.42137958,    0.76164808,     -6.47933614], [  520.45897726,   77.34192982,  -21.63246051,   35.32972658,     22.86995602,    8.31131335,   21.62821195,   54.80397676,     22.53603922,    4.15062749,    2.55655373,    0.77349629,     -5.86371416], [   14.8367033 ,   -2.17384997,   -4.4992726 ,   12.52254371,     14.53922113,    5.85477843,    6.99084947,   22.53603922,     47.81775254,   24.29865007,    3.59724686,   -0.3126004 ,      1.42460112], [ -183.22847633,  -19.59119024,    7.06396367,   -0.76169691,      4.3835532 ,    6.01032365,    6.96663552,    4.15062749,     24.29865007,   43.97304949,   20.04763197,    4.12851078,      2.7049434 ], [ -329.64196266,  -15.63016001,    7.00073002,   -7.43893464,      2.0778837 ,    2.09466869,    8.42137958,    2.55655373,      3.59724686,   20.04763197,   43.40377016,   22.34826818,      4.16681139], [ -191.95679529,  -14.96951886,    3.2366283 ,   -7.42201516,     -1.68301723,   -4.63262246,    0.76164808,    0.77349629,     -0.3126004 ,    4.12851078,   22.34826818,   39.28929323,     15.36111813], [ -313.4032982 ,  -48.15858542,    7.60512202,  -20.47156434,    -11.05974598,  -10.53769375,   -6.47933614,   -5.86371416,      1.42460112,    2.7049434 ,    4.16681139,   15.36111813,     34.44080399]]
/root/sim/music/out/放課後ティータイム_(豊崎愛生_日笠陽子_佐藤聡美_寿美菜子_竹達彩奈)/放課後ティータイム_II_[Disc_1]/1-09_天使にふれたよ!.mp3; [-535.4956   , 122.76117  , -15.785374 ,  27.398825 ,   7.2067537,    4.7290635,   6.7983346,   2.5279365,   4.0677323,   2.4001136,   -3.424913 ,  -1.4410403,   2.370258 ]; [[25210.8457206 ,  968.32007048, -624.7767472 ,  636.65899635,     83.79710776,  169.73851546,  253.51290847,  193.36628294,    120.95546431,  243.13077871,   71.52792325,  -90.38748513,     28.146823  ], [  968.32007048, 1506.54625744, -150.43606531,   86.11370663,     58.78405963,   40.19214778,   16.85851047,  -40.00092714,     25.00688069,  -39.36869051,  -38.98553807,    0.92185753,      5.45877767], [ -624.7767472 , -150.43606531,  371.80370999,  -68.38900899,    -10.11709621,  -21.07405238,  -24.1421951 ,   -4.34367665,    -21.96551445,    5.07390052,   12.34348405,   -5.93372316,    -26.69236772], [  636.65899635,   86.11370663,  -68.38900899,  257.53516951,     56.02707752,  -21.12232822,  -15.11068303,   14.40526348,    -10.32144238,    9.46865285,   22.16356541,   16.59328428,      3.01553175], [   83.79710776,   58.78405963,  -10.11709621,   56.02707752,    147.6107182 ,   21.34738673,    3.46906674,    4.87563743,     11.05636112,    4.44109952,    3.03419612,    7.7753097 ,      5.19444804], [  169.73851546,   40.19214778,  -21.07405238,  -21.12232822,     21.34738673,  207.67439618,   -4.70712723,   24.35576268,     25.01696106,    6.80636339,   17.14647206,  -23.55967978,     14.53095773], [  253.51290847,   16.85851047,  -24.1421951 ,  -15.11068303,      3.46906674,   -4.70712723,  117.30573889,   14.23518529,      7.88945321,   14.03548507,  -17.61305632,    2.22385937,     -5.22115584], [  193.36628294,  -40.00092714,   -4.34367665,   14.40526348,      4.87563743,   24.35576268,   14.23518529,  108.74257023,     25.67372898,   -5.92048205,    9.71424423,  -12.35283741,     -3.15105478], [  120.95546431,   25.00688069,  -21.96551445,  -10.32144238,     11.05636112,   25.01696106,    7.88945321,   25.67372898,     78.61555868,   19.79048386,   -3.90120167,  -11.41397975,      3.60808818], [  243.13077871,  -39.36869051,    5.07390052,    9.46865285,      4.44109952,    6.80636339,   14.03548507,   -5.92048205,     19.79048386,   68.68190144,   18.32964857,   -2.07577897,     -1.33646422], [   71.52792325,  -38.98553807,   12.34348405,   22.16356541,      3.03419612,   17.14647206,  -17.61305632,    9.71424423,     -3.90120167,   18.32964857,   71.23051952,   12.19092224,     -2.11617297], [  -90.38748513,    0.92185753,   -5.93372316,   16.59328428,      7.7753097 ,  -23.55967978,    2.22385937,  -12.35283741,    -11.41397975,   -2.07577897,   12.19092224,   60.43331065,     17.99461701], [   28.146823  ,    5.45877767,  -26.69236772,    3.01553175,      5.19444804,   14.53095773,   -5.22115584,   -3.15105478,      3.60808818,   -1.33646422,   -2.11617297,   17.99461701,     54.83906548]]
/root/sim/music/out/放課後ティータイム_(豊崎愛生_日笠陽子_佐藤聡美_寿美菜子_竹達彩奈)/放課後ティータイム_II_[Disc_1]/1-08_U_&_I.mp3; [-483.36267   , 103.285774  , -25.038948  ,  29.809906  ,   3.8662496 ,    4.3186007 ,   0.29228055,  -2.8697598 ,  -2.777374  ,   1.233427  ,   -3.2708724 ,  -5.0225763 ,  -1.0976766 ]; [[16890.87446165, 1060.01014364, -687.5672687 ,  572.99083463,    200.20877954,  113.09346686,   11.84746006,  -58.35666731,   -117.74188687,  -68.79063639, -123.87342373, -125.80230604,    -16.28517568], [ 1060.01014364,  742.12016211,  -77.05488952,   11.8727179 ,    -22.57348285,   43.25255958,    7.07927162,   10.16088772,     -0.93260594,  -18.38037336,  -34.20145186,  -33.09372442,    -22.29021434], [ -687.5672687 ,  -77.05488952,  369.41559588,    5.37348951,     45.32395371,  -29.12369309,   -8.88496959,    8.04419027,     -7.69942386,   14.66752942,   11.38495858,    8.27690544,    -25.2507565 ], [  572.99083463,   11.8727179 ,    5.37348951,  351.50174682,    183.72935915,   33.03605885,    8.16799039,   25.35666017,     17.51387515,   23.90009218,   44.65390802,   -2.94714907,     -0.04696674], [  200.20877954,  -22.57348285,   45.32395371,  183.72935915,    240.01503989,   85.56233228,   32.66256398,   30.29737388,     25.52080753,   19.34030826,   27.11506372,   -3.39364126,     -6.58738746], [  113.09346686,   43.25255958,  -29.12369309,   33.03605885,     85.56233228,  154.72266424,   60.63666518,   15.41911999,     17.79042048,   12.07233308,   13.18216015,    0.39329482,      4.00734788], [   11.84746006,    7.07927162,   -8.88496959,    8.16799039,     32.66256398,   60.63666518,  105.80418346,   43.35125155,     20.52523825,    7.5231905 ,    5.49844504,    2.76999132,      1.79451628], [  -58.35666731,   10.16088772,    8.04419027,   25.35666017,     30.29737388,   15.41911999,   43.35125155,  101.5874179 ,     41.57136011,    2.88024916,   -4.00816445,   -6.89525459,     -2.07502432], [ -117.74188687,   -0.93260594,   -7.69942386,   17.51387515,     25.52080753,   17.79042048,   20.52523825,   41.57136011,     75.89260801,   24.43388144,    6.08465471,   -0.37559896,      4.51268116], [  -68.79063639,  -18.38037336,   14.66752942,   23.90009218,     19.34030826,   12.07233308,    7.5231905 ,    2.88024916,     24.43388144,   59.97893577,   26.16954726,    5.71969446,      3.60100035], [ -123.87342373,  -34.20145186,   11.38495858,   44.65390802,     27.11506372,   13.18216015,    5.49844504,   -4.00816445,      6.08465471,   26.16954726,   63.84619223,   22.7571488 ,      4.77583389], [ -125.80230604,  -33.09372442,    8.27690544,   -2.94714907,     -3.39364126,    0.39329482,    2.76999132,   -6.89525459,     -0.37559896,    5.71969446,   22.7571488 ,   54.52274953,     20.93189438], [  -16.28517568,  -22.29021434,  -25.2507565 ,   -0.04696674,     -6.58738746,    4.00734788,    1.79451628,   -2.07502432,      4.51268116,    3.60100035,    4.77583389,   20.93189438,     46.67452331]]
/root/sim/music/out/放課後ティータイム_(豊崎愛生_日笠陽子_佐藤聡美_寿美菜子_竹達彩奈)/放課後ティータイム_II_[Disc_1]/1-04_五月雨20ラブ.mp3; [-522.0159   , 122.00006  , -13.710106 ,  39.01947  ,   8.939676 ,    1.9307797,   5.0452156,   1.432055 ,   3.4026642,   2.0910249,   -3.9234853,  -2.075696 ,   0.7960515]; [[16048.01936752, 1248.23114974, -771.98072565,  453.24066875,    -45.31637651, -277.36620724,   67.17942536,  -46.596513  ,     18.51492364,   25.02266046, -158.58397225,  -28.60199806,     26.39357374], [ 1248.23114974, 1109.7526396 , -194.47287218,  113.13859809,     23.93340106,   73.83339349,   46.20050212,  -18.70157004,      6.63722352,  -11.72637481,  -11.72459563,   -7.32075799,      1.54151561], [ -771.98072565, -194.47287218,  626.85074319, -121.44076878,     40.0047664 ,   78.89888013,  -51.48713941,   20.95460605,    -14.47362286,   -7.6568784 ,   20.74112465,  -26.67206735,    -39.59405404], [  453.24066875,  113.13859809, -121.44076878,  288.01241917,     27.01544778,   -3.82532672,  -30.31234163,   15.87201684,     -7.94801134,   -0.8986434 ,   24.47417873,   19.75713868,     -2.10833606], [  -45.31637651,   23.93340106,   40.0047664 ,   27.01544778,    123.84103519,    7.70808406,    3.47377481,  -11.45517713,     14.47038736,    8.26749379,    8.62791549,   12.88541753,      6.55364375], [ -277.36620724,   73.83339349,   78.89888013,   -3.82532672,      7.70808406,  191.33101347,  -23.27403273,   20.48500662,    -15.53037093,   -3.93572761,   30.39009179,  -15.56520404,      9.44091003], [   67.17942536,   46.20050212,  -51.48713941,  -30.31234163,      3.47377481,  -23.27403273,  129.15079086,   -9.95603942,     13.93844136,    3.96613226,  -28.96082713,   12.58654643,     13.86715652], [  -46.596513  ,  -18.70157004,   20.95460605,   15.87201684,    -11.45517713,   20.48500662,   -9.95603942,   96.30142026,     13.67742107,   -0.60324129,   16.36299845,   -9.07270393,      0.17460323], [   18.51492364,    6.63722352,  -14.47362286,   -7.94801134,     14.47038736,  -15.53037093,   13.93844136,   13.67742107,     78.24991261,   26.83544697,   -1.43453463,   -1.01108173,      4.12131777], [   25.02266046,  -11.72637481,   -7.6568784 ,   -0.8986434 ,      8.26749379,   -3.93572761,    3.96613226,   -0.60324129,     26.83544697,   65.80446393,   15.58756303,    9.77007272,      0.1881311 ], [ -158.58397225,  -11.72459563,   20.74112465,   24.47417873,      8.62791549,   30.39009179,  -28.96082713,   16.36299845,     -1.43453463,   15.58756303,   85.19737924,   21.30391401,      2.56208055], [  -28.60199806,   -7.32075799,  -26.67206735,   19.75713868,     12.88541753,  -15.56520404,   12.58654643,   -9.07270393,     -1.01108173,    9.77007272,   21.30391401,   67.26138621,     17.42055413], [   26.39357374,    1.54151561,  -39.59405404,   -2.10833606,      6.55364375,    9.44091003,   13.86715652,    0.17460323,      4.12131777,    0.1881311 ,    2.56208055,   17.42055413,     54.39922731]]
