/root/sim/music/out/Oasis/ディグ・アウト・ユア・ソウル/13-ザ・ターニング(オルタネイティヴ・バージョン#4).mp3; [-541.11      , 141.2357    , -25.895504  ,  18.853107  ,  16.67366   ,    8.082554  ,  -1.2727165 ,   0.01115097,   9.965404  ,  -2.9799507 ,   -1.7512838 ,   0.7790896 ,   0.8508473 ]; [[26288.72457272, 1469.88144041, -275.68272221, -338.06853933,   -128.24606465,  240.21161287, -204.97352832,   78.39599732,    332.22004822, -147.9944577 ,  195.61566596,  254.62826963,      5.8544822 ], [ 1469.88144041, 1995.60113297, -599.6164458 ,   78.4274517 ,     24.91179684, -118.63480489,   73.85478149,  -68.14052502,     87.46687471,   28.19273465, -119.69886094,   62.10807779,      1.36430876], [ -275.68272221, -599.6164458 ,  603.25372516,  -92.62076696,     38.48967024,   37.27467919,  -21.01250821,   26.19073264,    -35.50962721,  -13.6675274 ,   64.5687802 ,  -66.45181191,      3.90790088], [ -338.06853933,   78.4274517 ,  -92.62076696,  208.83001278,     32.80108578,  -17.79743037,   14.23616357,   -4.39599926,     -8.67996944,   29.44658533,  -17.47214733,    1.43710769,      6.6571159 ], [ -128.24606465,   24.91179684,   38.48967024,   32.80108578,    166.62326836,  -15.53473263,   13.45179412,   -1.46499618,     -1.65179206,    2.66770426,   27.16225949,  -12.91947771,     41.82392687], [  240.21161287, -118.63480489,   37.27467919,  -17.79743037,    -15.53473263,  100.58341474,   -8.31141326,   17.47136261,      1.73248548,  -11.41228966,    8.80084357,   18.70782591,     -9.77788856], [ -204.97352832,   73.85478149,  -21.01250821,   14.23616357,     13.45179412,   -8.31141326,  132.39535949,   10.17600657,      3.45767874,   11.41783713,   -1.84666854,  -20.15189471,     25.22230064], [   78.39599732,  -68.14052502,   26.19073264,   -4.39599926,     -1.46499618,   17.47136261,   10.17600657,   79.04449523,      6.17880013,    0.16800032,   -0.81966465,    4.52288275,      1.66136288], [  332.22004822,   87.46687471,  -35.50962721,   -8.67996944,     -1.65179206,    1.73248548,    3.45767874,    6.17880013,     89.0390087 ,   -1.49646548,   -3.03830057,   28.05950883,     -2.92920194], [ -147.9944577 ,   28.19273465,  -13.6675274 ,   29.44658533,      2.66770426,  -11.41228966,   11.41783713,    0.16800032,     -1.49646548,   87.05663618,   22.46748763,  -10.26783512,     -3.37905824], [  195.61566596, -119.69886094,   64.5687802 ,  -17.47214733,     27.16225949,    8.80084357,   -1.84666854,   -0.81966465,     -3.03830057,   22.46748763,  102.17477377,   -6.62159788,     27.42456174], [  254.62826963,   62.10807779,  -66.45181191,    1.43710769,    -12.91947771,   18.70782591,  -20.15189471,    4.52288275,     28.05950883,  -10.26783512,   -6.62159788,  105.51624886,      8.80328497], [    5.8544822 ,    1.36430876,    3.90790088,    6.6571159 ,     41.82392687,   -9.77788856,   25.22230064,    1.66136288,     -2.92920194,   -3.37905824,   27.42456174,    8.80328497,     92.917466  ]]
/root/sim/music/out/Oasis/ディグ・アウト・ユア・ソウル/02-ザ・ターニング.mp3; [-494.34778   , 122.79167   , -12.576815  ,  20.146551  ,   3.6003964 ,   10.367492  ,   3.0020664 ,   8.006307  ,  -1.094573  ,  -2.1572154 ,    0.7210947 ,  -0.17691822,  -4.1415324 ]; [[10726.57510744,-1299.90770974, -758.62857332,  -19.600918  ,   -317.4989582 ,  -25.87040648, -245.02347917,  -15.84636044,     11.6792525 ,   46.13600115,  112.22453717,   52.9280508 ,    -49.5552958 ], [-1299.90770974,  948.98044922,   76.35050282,  -29.47965049,     69.26989232,    1.76847549,  107.86338038,   33.65461869,    -10.27724891,  -27.21958382,  -19.27379428,  -26.29307327,     13.77766344], [ -758.62857332,   76.35050282,  386.23770578,   93.15119964,     53.55801339,   16.83749552,   39.57248897,  -22.26544861,     -5.39523932,  -30.63627058,   -7.53166553,  -10.1675629 ,      1.69127791], [  -19.600918  ,  -29.47965049,   93.15119964,  165.55484532,     70.53117701,    5.08916276,    6.69921579,   -4.9980615 ,     12.03323166,   -5.10421391,    2.79541944,    5.92142498,      6.42789738], [ -317.4989582 ,   69.26989232,   53.55801339,   70.53117701,    115.32557665,   17.3821459 ,   24.92534069,    6.56947314,      9.65769061,   -2.6221102 ,   -2.7810833 ,    7.44755986,      7.12676215], [  -25.87040648,    1.76847549,   16.83749552,    5.08916276,     17.3821459 ,   72.67735245,   21.29296903,    9.74581495,      5.10204399,   12.047129  ,    6.16439253,    2.81570019,      2.66868656], [ -245.02347917,  107.86338038,   39.57248897,    6.69921579,     24.92534069,   21.29296903,   95.11229215,   21.26330468,      1.12066013,   -3.45046119,    5.91653726,    0.97775562,     -3.96822478], [  -15.84636044,   33.65461869,  -22.26544861,   -4.9980615 ,      6.56947314,    9.74581495,   21.26330468,   58.22700835,     18.41940055,    8.41841284,    2.50238435,    6.44773327,      7.22281233], [   11.6792525 ,  -10.27724891,   -5.39523932,   12.03323166,      9.65769061,    5.10204399,    1.12066013,   18.41940055,     54.01305486,   20.73056311,    2.89042012,    2.816413  ,      6.80856399], [   46.13600115,  -27.21958382,  -30.63627058,   -5.10421391,     -2.6221102 ,   12.047129  ,   -3.45046119,    8.41841284,     20.73056311,   59.27431279,   21.10765987,    6.6245269 ,      1.53026816], [  112.22453717,  -19.27379428,   -7.53166553,    2.79541944,     -2.7810833 ,    6.16439253,    5.91653726,    2.50238435,      2.89042012,   21.10765987,   50.10768864,   14.65097674,      1.39611889], [   52.9280508 ,  -26.29307327,  -10.1675629 ,    5.92142498,      7.44755986,    2.81570019,    0.97775562,    6.44773327,      2.816413  ,    6.6245269 ,   14.65097674,   52.6152911 ,     21.82629064], [  -49.5552958 ,   13.77766344,    1.69127791,    6.42789738,      7.12676215,    2.66868656,   -3.96822478,    7.22281233,      6.80856399,    1.53026816,    1.39611889,   21.82629064,     47.58497925]]
/root/sim/music/out/Oasis/ディグ・アウト・ユア・ソウル/10-ザ・ネイチャー・オブ・リアリティ.mp3; [-536.02893   , 103.515305  , -35.997986  ,  27.174038  ,  11.270956  ,   -2.7852554 ,  -2.5960958 ,   1.1178359 ,  -5.552637  ,  -0.78748506,    0.26291138, -10.222769  ,   0.08733629]; [[14241.7235134 ,  162.87160553,  669.85024921,  144.70463721,    174.31207091,  397.22982403,  -61.2728572 ,  665.83752821,    594.86453941,  724.4892138 ,  425.35130516,  607.49568434,    338.70029466], [  162.87160553, 2467.99946088, -504.76126515,  385.21113504,    110.32224107, -117.89076451,  -61.57603261,  -38.01206757,   -151.36701427, -113.49647407,  -39.51482937, -171.15450441,     46.26738805], [  669.85024921, -504.76126515, 1569.82848855,   10.96477091,    347.36991503,  309.11454602,  120.72915734,  201.05215257,    279.57144977,  183.11304242,  161.26321655,  190.19228047,     57.26196806], [  144.70463721,  385.21113504,   10.96477091,  319.25753769,     91.95180664,  105.95523815,   51.44021699,   79.82848849,     41.38565982,   83.35531423,   39.18801062,   94.08415913,     30.15921597], [  174.31207091,  110.32224107,  347.36991503,   91.95180664,    226.26063902,  111.0876506 ,   88.10138458,   70.2108863 ,     69.15532858,   43.65493524,   53.96855504,   57.63850296,     42.74748795], [  397.22982403, -117.89076451,  309.11454602,  105.95523815,    111.0876506 ,  255.64922991,  113.62257193,  150.33731828,    106.3970239 ,  138.90652818,   62.17715851,  139.7652434 ,     19.19870343], [  -61.2728572 ,  -61.57603261,  120.72915734,   51.44021699,     88.10138458,  113.62257193,  162.78173368,   84.8141967 ,     65.94434026,   63.61681767,   37.33870447,   73.99112701,     23.22869529], [  665.83752821,  -38.01206757,  201.05215257,   79.82848849,     70.2108863 ,  150.33731828,   84.8141967 ,  184.25455879,    120.96040558,  132.5181979 ,   63.00271352,  120.06926925,     44.90725278], [  594.86453941, -151.36701427,  279.57144977,   41.38565982,     69.15532858,  106.3970239 ,   65.94434026,  120.96040558,    160.04340759,  128.22735942,   73.45581614,   99.3207718 ,     43.00465373], [  724.4892138 , -113.49647407,  183.11304242,   83.35531423,     43.65493524,  138.90652818,   63.61681767,  132.5181979 ,    128.22735942,  200.51438586,   89.98255423,  137.2261559 ,     36.03527098], [  425.35130516,  -39.51482937,  161.26321655,   39.18801062,     53.96855504,   62.17715851,   37.33870447,   63.00271352,     73.45581614,   89.98255423,  114.60723382,   77.86544865,     58.82692114], [  607.49568434, -171.15450441,  190.19228047,   94.08415913,     57.63850296,  139.7652434 ,   73.99112701,  120.06926925,     99.3207718 ,  137.2261559 ,   77.86544865,  197.46933059,     57.15033538], [  338.70029466,   46.26738805,   57.26196806,   30.15921597,     42.74748795,   19.19870343,   23.22869529,   44.90725278,     43.00465373,   36.03527098,   58.82692114,   57.15033538,    106.06414504]]
/root/sim/music/out/Oasis/ディグ・アウト・ユア・ソウル/03-ウェイティング・フォー・ザ・ラプチャー.mp3; [-523.30707  , 143.47751  ,  -5.629843 ,  25.527613 ,   5.6316805,    6.0296726,  -4.20589  ,   6.6291275,   1.900751 ,   0.4970941,   -3.3380303,  -0.0248453,  -5.677714 ]; [[16470.53911   ,-3870.82391894,-1114.60504921,  144.46077381,     97.19448199,  554.2077784 , -383.0744858 ,  -12.14475036,    -11.51201056,  105.10229747,   22.12747412,  -73.4222915 ,     68.90843743], [-3870.82391894, 2086.1940093 ,  132.83440249,  -14.51548421,     36.22533193,  -55.14361798,  208.3218059 ,   -0.44042862,     22.65549427,  -23.73135993,  -15.96317786,   35.64825932,    -18.15810813], [-1114.60504921,  132.83440249,  467.82146376,  -18.4393667 ,     35.25726249,  -28.50477517,   18.14233039,   21.49802342,      3.3420471 ,   -5.25731497,    6.9801952 ,   -6.73655607,    -24.43743904], [  144.46077381,  -14.51548421,  -18.4393667 ,  236.64817134,     59.21457863,   -3.82616383,  -26.04557299,    6.16034549,     20.79795357,   -1.95284531,  -12.68706531,  -17.31849229,     21.72151183], [   97.19448199,   36.22533193,   35.25726249,   59.21457863,    176.66508927,   39.94755317,  -31.89122056,   17.55140747,      6.39865849,   11.94247902,    5.32815108,  -23.55869851,    -19.87250797], [  554.2077784 ,  -55.14361798,  -28.50477517,   -3.82616383,     39.94755317,  145.46478948,   31.65818438,   -0.54705324,      3.34931027,   12.72032251,   14.816666  ,    2.87323241,    -12.61412906], [ -383.0744858 ,  208.3218059 ,   18.14233039,  -26.04557299,    -31.89122056,   31.65818438,  149.80156439,    0.57161118,      0.89146178,    3.66956175,   -5.0513003 ,   23.19150746,     18.5711211 ], [  -12.14475036,   -0.44042862,   21.49802342,    6.16034549,     17.55140747,   -0.54705324,    0.57161118,   63.36159812,     15.07918674,   -3.93723818,    3.34390864,    2.81419173,      1.55102269], [  -11.51201056,   22.65549427,    3.3420471 ,   20.79795357,      6.39865849,    3.34931027,    0.89146178,   15.07918674,     58.71447084,   15.73114575,    5.51268586,    0.78367382,     -0.17515442], [  105.10229747,  -23.73135993,   -5.25731497,   -1.95284531,     11.94247902,   12.72032251,    3.66956175,   -3.93723818,     15.73114575,   62.76741815,   15.28665936,   -7.39586535,      0.14112056], [   22.12747412,  -15.96317786,    6.9801952 ,  -12.68706531,      5.32815108,   14.816666  ,   -5.0513003 ,    3.34390864,      5.51268586,   15.28665936,   48.93047771,   11.78711074,     -6.92226375], [  -73.4222915 ,   35.64825932,   -6.73655607,  -17.31849229,    -23.55869851,    2.87323241,   23.19150746,    2.81419173,      0.78367382,   -7.39586535,   11.78711074,   55.80118501,     18.5983672 ], [   68.90843743,  -18.15810813,  -24.43743904,   21.72151183,    -19.87250797,  -12.61412906,   18.5711211 ,    1.55102269,     -0.17515442,    0.14112056,   -6.92226375,   18.5983672 ,     66.45034681]]
/root/sim/music/out/Oasis/ディグ・アウト・ユア・ソウル/09-エイント・ゴット・ナッシン.mp3; [-491.10992   , 118.3292    , -24.105017  ,  29.016176  ,   2.5812528 ,    2.6692224 ,  -3.3263793 ,   3.0475433 ,  -2.3284545 ,   1.2070708 ,   -0.78239733,   0.54073733,  -1.4183984 ]; [[19548.42824189,-2334.26104258,  764.69619078, 1003.4041555 ,    518.5352144 ,  750.21616609,  338.69418804,  408.16081196,    123.17987376,  -28.79384227, -328.28780263,  -20.59817768,   -245.26981597], [-2334.26104258,  998.40886018, -229.22032898,  -66.05198683,    -53.18210857, -113.2781016 ,    4.23505064,  -14.26684094,     49.103502  ,   17.24650951,   35.39796057,  -41.44143496,     64.03564502], [  764.69619078, -229.22032898,  648.73575778,   64.60918485,    113.47834906,  103.1555078 ,   53.29613821,   71.76371319,     36.49443603,   -5.77485222,  -44.41952101,  -18.07913757,    -29.00275921], [ 1003.4041555 ,  -66.05198683,   64.60918485,  228.69638205,     60.72653047,   59.92636035,   17.77828114,   25.89919276,     23.92071268,    3.8001175 ,  -19.38880905,    6.64949785,    -10.86171011], [  518.5352144 ,  -53.18210857,  113.47834906,   60.72653047,     95.4964322 ,   44.93773782,   19.7032832 ,   25.51172008,     25.32486923,    8.3909373 ,   -7.32800055,   -2.31360978,     -2.61322098], [  750.21616609, -113.2781016 ,  103.1555078 ,   59.92636035,     44.93773782,  122.62871946,   71.15525898,   32.24914509,     -0.06286632,   -4.01582526,    6.42869787,   15.31527267,    -16.06129051], [  338.69418804,    4.23505064,   53.29613821,   17.77828114,     19.7032832 ,   71.15525898,  120.06777916,   44.24858921,     10.81251475,   -8.95011176,   -2.49948224,   14.65230651,     -5.06438366], [  408.16081196,  -14.26684094,   71.76371319,   25.89919276,     25.51172008,   32.24914509,   44.24858921,   69.34447737,     32.57398697,    6.15758741,   -6.77659323,   -0.02698542,      1.71886673], [  123.17987376,   49.103502  ,   36.49443603,   23.92071268,     25.32486923,   -0.06286632,   10.81251475,   32.57398697,     67.88365913,   24.7315327 ,   -7.72601617,  -10.03483753,     10.04406878], [  -28.79384227,   17.24650951,   -5.77485222,    3.8001175 ,      8.3909373 ,   -4.01582526,   -8.95011176,    6.15758741,     24.7315327 ,   48.41384325,   22.55892691,    2.89574344,      5.7370671 ], [ -328.28780263,   35.39796057,  -44.41952101,  -19.38880905,     -7.32800055,    6.42869787,   -2.49948224,   -6.77659323,     -7.72601617,   22.55892691,   74.9831038 ,   29.22359563,      8.03675605], [  -20.59817768,  -41.44143496,  -18.07913757,    6.64949785,     -2.31360978,   15.31527267,   14.65230651,   -0.02698542,    -10.03483753,    2.89574344,   29.22359563,   56.24158662,     16.27610307], [ -245.26981597,   64.03564502,  -29.00275921,  -10.86171011,     -2.61322098,  -16.06129051,   -5.06438366,    1.71886673,     10.04406878,    5.7370671 ,    8.03675605,   16.27610307,     50.05800271]]
/root/sim/music/out/Oasis/ディグ・アウト・ユア・ソウル/06-(ゲット・オフ・ユア)ハイ・ホース・レディ.mp3; [-561.07385   , 128.7415    , -33.61808   ,  28.576775  ,  12.622795  ,    0.15582612,  -5.935761  ,   7.6424885 ,   6.591324  ,   0.45108798,   -1.549554  ,   0.26277223,  -3.1090608 ]; [[13643.75181689, -608.31609856, -991.25091123,  -57.68924005,    107.95901614,  -16.54692414,  -68.48246345,   63.51563257,    282.44070775,  -33.2046417 ,  209.9875251 ,  -80.78256473,    -22.64313864], [ -608.31609856, 1764.10856912, -239.58577075,  403.06194954,    195.44461456,   89.6764729 ,   88.22764951,   85.11062247,    116.5971021 ,   79.76777303,   55.3887281 ,   16.18452215,     55.98389876], [ -991.25091123, -239.58577075, 1066.60037333,  146.75162137,    105.36294052,  180.0845723 ,  139.38923135,  103.32226143,     56.80265928,   65.69432276,    3.20175621,  109.25428843,     67.10149881], [  -57.68924005,  403.06194954,  146.75162137,  408.68654762,     95.15536503,  137.76033221,  107.31448219,   74.64414953,     79.53875853,   52.42750541,   38.59066672,   56.67448563,     31.07455234], [  107.95901614,  195.44461456,  105.36294052,   95.15536503,    211.33705282,   31.21042517,   25.02626147,   40.5232468 ,     44.46374307,   18.01966944,    6.30891959,   29.7623535 ,     40.3043513 ], [  -16.54692414,   89.6764729 ,  180.0845723 ,  137.76033221,     31.21042517,  172.31979704,   90.40041642,   59.13845294,     44.70139036,   43.61125214,   29.5076534 ,   30.31319994,     22.55468015], [  -68.48246345,   88.22764951,  139.38923135,  107.31448219,     25.02626147,   90.40041642,  147.40010397,   53.17319443,     36.03502976,   34.04157985,   27.87212127,   27.12604366,     16.19316415], [   63.51563257,   85.11062247,  103.32226143,   74.64414953,     40.5232468 ,   59.13845294,   53.17319443,  113.99052871,     48.6601613 ,   29.22481915,   12.1977576 ,   17.98188439,     15.50974045], [  282.44070775,  116.5971021 ,   56.80265928,   79.53875853,     44.46374307,   44.70139036,   36.03502976,   48.6601613 ,    100.36139776,   40.71665495,   16.01752123,   22.31195575,     17.14687087], [  -33.2046417 ,   79.76777303,   65.69432276,   52.42750541,     18.01966944,   43.61125214,   34.04157985,   29.22481915,     40.71665495,   77.08342196,   27.52038964,   11.39045452,     16.58591168], [  209.9875251 ,   55.3887281 ,    3.20175621,   38.59066672,      6.30891959,   29.5076534 ,   27.87212127,   12.1977576 ,     16.01752123,   27.52038964,   65.37569918,   15.67645922,      3.9373572 ], [  -80.78256473,   16.18452215,  109.25428843,   56.67448563,     29.7623535 ,   30.31319994,   27.12604366,   17.98188439,     22.31195575,   11.39045452,   15.67645922,   79.98890615,     30.84184677], [  -22.64313864,   55.98389876,   67.10149881,   31.07455234,     40.3043513 ,   22.55468015,   16.19316415,   15.50974045,     17.14687087,   16.58591168,    3.9373572 ,   30.84184677,     66.43025357]]
/root/sim/music/out/Oasis/ディグ・アウト・ユア・ソウル/11-ソルジャー・オン.mp3; [-551.277     , 168.42075   , -26.074268  ,  28.211615  ,  15.589283  ,    8.898513  ,  -0.89713657,   9.809599  ,   1.9919999 ,  -1.7471997 ,   -1.9044915 ,   2.3185534 ,  -4.9922395 ]; [[20876.47828882,  489.9602517 ,-1765.78072393,  -29.32122982,    151.77421946,  379.63769387,  235.84558543,  764.64917197,    642.38233508,  416.01190475,  203.55753967,   99.60778581,   -486.13348111], [  489.9602517 , 1481.08426914, -336.403866  ,  125.39107887,     36.77171418,  -48.10004944,   -7.19941278,   -1.25445055,    -45.93215353,  -22.56618922,   27.87837667,   11.59243106,     33.04688316], [-1765.78072393, -336.403866  ,  746.70645567,   56.54142217,    -26.69691346,   34.27676767,  -19.65911846,  -71.85335136,    -25.2904326 ,    5.63990605,  -38.50210797,  -20.1257693 ,     45.67664046], [  -29.32122982,  125.39107887,   56.54142217,  265.47509999,     59.78539131,   22.57568332,    3.20075614,   -2.47212284,     24.00566523,   -4.72775491,   40.2719021 ,    0.40752597,      4.95793985], [  151.77421946,   36.77171418,  -26.69691346,   59.78539131,    141.57615961,   33.11476762,   17.53826407,   37.31879787,     21.25897323,   18.16538215,   25.11995744,   13.46479364,    -23.44274533], [  379.63769387,  -48.10004944,   34.27676767,   22.57568332,     33.11476762,  123.46071093,   37.42918488,   25.61626747,     31.95856985,   36.82634467,   17.53591932,   -7.8452723 ,    -11.66669809], [  235.84558543,   -7.19941278,  -19.65911846,    3.20075614,     17.53826407,   37.42918488,   76.59031248,   32.55686419,     20.60198969,   17.23538457,   14.96425188,   10.53067551,     -8.36064012], [  764.64917197,   -1.25445055,  -71.85335136,   -2.47212284,     37.31879787,   25.61626747,   32.55686419,  132.03487637,     62.27489636,   55.45153219,   18.13243061,    9.61247337,    -20.46040615], [  642.38233508,  -45.93215353,  -25.2904326 ,   24.00566523,     21.25897323,   31.95856985,   20.60198969,   62.27489636,    107.15271465,   49.6432999 ,   26.50359613,    7.81954884,    -24.90997352], [  416.01190475,  -22.56618922,    5.63990605,   -4.72775491,     18.16538215,   36.82634467,   17.23538457,   55.45153219,     49.6432999 ,  111.02350119,   28.39028135,    2.71494082,    -11.30541309], [  203.55753967,   27.87837667,  -38.50210797,   40.2719021 ,     25.11995744,   17.53591932,   14.96425188,   18.13243061,     26.50359613,   28.39028135,   77.38738785,   26.1621216 ,    -16.38853164], [   99.60778581,   11.59243106,  -20.1257693 ,    0.40752597,     13.46479364,   -7.8452723 ,   10.53067551,    9.61247337,      7.81954884,    2.71494082,   26.1621216 ,   57.42699994,      2.64369293], [ -486.13348111,   33.04688316,   45.67664046,    4.95793985,    -23.44274533,  -11.66669809,   -8.36064012,  -20.46040615,    -24.90997352,  -11.30541309,  -16.38853164,    2.64369293,     72.02105578]]
/root/sim/music/out/Oasis/ディグ・アウト・ユア・ソウル/08-トゥ・ビー・ウェア・ゼアズ・ライフ.mp3; [-506.4767   , 106.54574  , -13.823877 ,  22.005642 ,   2.0280936,   14.504038 ,   2.192931 ,   2.2863586,  -1.6031601,   3.3637562,    1.3670267,   0.7663935,  -1.227541 ]; [[12847.31673398,-2213.58534685, 2247.07660614, 2140.24555577,    467.2662248 ,  589.09054584,  841.26584613,  856.62365704,    514.81085374,  356.18071101,  206.89302537,  -48.06480118,   -428.15261333], [-2213.58534685, 1064.72852844, -442.65022164, -409.41899995,    -52.28994122,  -13.63194088, -106.00815866, -164.43549516,   -119.98549116,  -81.79618105,  -65.2564191 ,   -8.84696437,     57.95712536], [ 2247.07660614, -442.65022164,  860.71287748,  527.49922011,    197.45734765,  181.59529885,  195.99828392,  160.42317442,    168.42065443,   77.2236366 ,   41.68172739,   -1.47908344,    -94.73106921], [ 2140.24555577, -409.41899995,  527.49922011,  716.69143855,    191.1756096 ,  127.14387978,  164.30154479,  190.18625308,    158.6443726 ,   96.94797686,   43.55747299,   13.32017614,    -95.83467838], [  467.2662248 ,  -52.28994122,  197.45734765,  191.1756096 ,    165.96391847,   73.78581564,   54.03503588,   46.03751938,     64.08407465,   30.7004733 ,   16.42369703,    8.38482001,     -9.07868647], [  589.09054584,  -13.63194088,  181.59529885,  127.14387978,     73.78581564,  171.45667598,  123.79133558,   50.15803348,     17.07614384,   22.88820275,   12.68245633,   -8.26442195,    -29.65476889], [  841.26584613, -106.00815866,  195.99828392,  164.30154479,     54.03503588,  123.79133558,  227.64234614,   83.86612511,     18.15330344,   35.7697271 ,   26.71272253,    1.38638866,    -31.43284189], [  856.62365704, -164.43549516,  160.42317442,  190.18625308,     46.03751938,   50.15803348,   83.86612511,  144.48478906,     53.95707754,   50.30969594,   30.17197571,    5.61054772,    -20.22134783], [  514.81085374, -119.98549116,  168.42065443,  158.6443726 ,     64.08407465,   17.07614384,   18.15330344,   53.95707754,    152.74071868,   53.00529095,   16.53966666,   23.84022801,    -10.8143584 ], [  356.18071101,  -81.79618105,   77.2236366 ,   96.94797686,     30.7004733 ,   22.88820275,   35.7697271 ,   50.30969594,     53.00529095,  100.73772451,   43.97351703,    8.35166166,     -7.5600924 ], [  206.89302537,  -65.2564191 ,   41.68172739,   43.55747299,     16.42369703,   12.68245633,   26.71272253,   30.17197571,     16.53966666,   43.97351703,   80.11204641,   27.38089132,      6.24095433], [  -48.06480118,   -8.84696437,   -1.47908344,   13.32017614,      8.38482001,   -8.26442195,    1.38638866,    5.61054772,     23.84022801,    8.35166166,   27.38089132,   90.56724457,     33.4266728 ], [ -428.15261333,   57.95712536,  -94.73106921,  -95.83467838,     -9.07868647,  -29.65476889,  -31.43284189,  -20.22134783,    -10.8143584 ,   -7.5600924 ,    6.24095433,   33.4266728 ,     95.99735454]]
/root/sim/music/out/Oasis/Familiar_To_Millions_[Live]_[Disc_2]/2-02_Cigarettes_&_Alcohol.mp3; [-474.7391   ,  98.07077  , -25.762266 ,  24.731794 ,  -1.09096  ,    6.8024654,   4.2523413,   5.6158433,  -3.3077173,   3.5701237,   -0.6565935,  -3.3641884,  -5.8393703]; [[1395.41639733,-180.17100963, 457.83716053,   3.90007589, 138.65774568,   153.16848429, 110.40210452, -24.59430474,  36.44446765,  26.04738692,     6.95336061,  48.98752271,   0.04458102], [-180.17100963, 358.93449778,-140.61285405,  72.75427173, -17.14948627,   -30.17552243,  -9.2583254 ,  -5.89060987, -16.97962021,   2.69677296,     0.87075933, -12.31230447,   7.52713438], [ 457.83716053,-140.61285405, 389.32889648,  35.78748303, 110.81186294,    94.65483977,  64.31605016,  11.19722806,  34.97937785,  11.54640765,    13.22496475,  47.75416212,   4.69160844], [   3.90007589,  72.75427173,  35.78748303, 146.04051881,  43.60038719,    39.42245329,  18.13651113,  -9.43097978,   0.5259138 ,   3.6728126 ,    -2.56032292,  -0.14623745,  18.62138766], [ 138.65774568, -17.14948627, 110.81186294,  43.60038719, 125.09081761,    73.7918881 ,  63.80497833,  18.46514111,  30.73318581,  18.29788363,    15.5334745 ,  32.65149497,  10.80114177], [ 153.16848429, -30.17552243,  94.65483977,  39.42245329,  73.7918881 ,   116.01987321,  81.19469161,  23.9277628 ,  18.14541339,  18.43214687,    22.24913288,  27.25468868,  13.29108947], [ 110.40210452,  -9.2583254 ,  64.31605016,  18.13651113,  63.80497833,    81.19469161, 126.98400845,  44.79616463,  24.46145091,  16.93384374,    20.08105142,  33.30929795,   6.93978162], [ -24.59430474,  -5.89060987,  11.19722806,  -9.43097978,  18.46514111,    23.9277628 ,  44.79616463,  73.25119099,  38.85362681,  11.43929298,    15.10727442,  15.61495429,   4.06502663], [  36.44446765, -16.97962021,  34.97937785,   0.5259138 ,  30.73318581,    18.14541339,  24.46145091,  38.85362681,  64.93933754,  25.20296808,    11.95036479,  14.54636367,   3.04665485], [  26.04738692,   2.69677296,  11.54640765,   3.6728126 ,  18.29788363,    18.43214687,  16.93384374,  11.43929298,  25.20296808,  48.7833383 ,    24.59064998,  13.85832244,   5.25044276], [   6.95336061,   0.87075933,  13.22496475,  -2.56032292,  15.5334745 ,    22.24913288,  20.08105142,  15.10727442,  11.95036479,  24.59064998,    51.0951475 ,  28.46716347,   9.97307416], [  48.98752271, -12.31230447,  47.75416212,  -0.14623745,  32.65149497,    27.25468868,  33.30929795,  15.61495429,  14.54636367,  13.85832244,    28.46716347,  56.77831579,  20.56060857], [   0.04458102,   7.52713438,   4.69160844,  18.62138766,  10.80114177,    13.29108947,   6.93978162,   4.06502663,   3.04665485,   5.25044276,     9.97307416,  20.56060857,  41.75484866]]
/root/sim/music/out/Oasis/Familiar_To_Millions_[Live]_[Disc_2]/2-01_Wonderwall.mp3; [-504.27887  , 114.41879  , -30.032145 ,  19.752188 ,   0.4961207,    1.0971631,   1.3690563,   5.7097073,  -4.235907 ,   3.6290627,    0.7454933,  -3.1594403,  -6.036861 ]; [[6129.63270254, 690.20017275, 768.64018336, 395.45452208, 385.15408735,   299.10442553, 197.98038431,  89.74564289, 116.69380323,  61.67984926,    56.57178782, 109.56212376,  83.98500697], [ 690.20017275, 795.06189829,  76.49575304, 243.1080128 , 143.96931701,    68.48337786,  85.20919398,  14.08131254,  -7.17881488,   8.64857622,    23.43592339,  20.70925765,  40.93898597], [ 768.64018336,  76.49575304, 555.28150604, 137.79498549, 192.61784895,   109.89107874,  71.5281751 ,   4.54208863,  53.16212988,  14.62597861,    26.23571543,  66.03629845,  44.32031223], [ 395.45452208, 243.1080128 , 137.79498549, 267.17688682, 157.65432073,   104.49911594,  52.62710799,  10.60263081,  21.36552648,   1.88477174,    30.08791487,  25.13494951,  53.20325459], [ 385.15408735, 143.96931701, 192.61784895, 157.65432073, 215.17936834,    90.56732768,  69.10255301,  11.21105459,  29.21954437,  10.21095422,    27.76526914,  33.62957753,  42.39824216], [ 299.10442553,  68.48337786, 109.89107874, 104.49911594,  90.56732768,   129.32850663,  78.76831748,  28.85041069,  33.10533938,  12.40586145,    22.40832214,  25.61978862,  26.65229163], [ 197.98038431,  85.20919398,  71.5281751 ,  52.62710799,  69.10255301,    78.76831748, 118.78839267,  48.16499534,  38.10791808,  16.16546494,    20.7945159 ,  27.6855399 ,  21.11428455], [  89.74564289,  14.08131254,   4.54208863,  10.60263081,  11.21105459,    28.85041069,  48.16499534,  76.20278807,  35.06781209,  11.78075033,    15.12607986,   9.87373405,  10.81483103], [ 116.69380323,  -7.17881488,  53.16212988,  21.36552648,  29.21954437,    33.10533938,  38.10791808,  35.06781209,  75.1846431 ,  33.08792368,    21.33553074,  20.9823795 ,  13.64261193], [  61.67984926,   8.64857622,  14.62597861,   1.88477174,  10.21095422,    12.40586145,  16.16546494,  11.78075033,  33.08792368,  59.43640726,    26.90611446,  13.6197308 ,   7.03341322], [  56.57178782,  23.43592339,  26.23571543,  30.08791487,  27.76526914,    22.40832214,  20.7945159 ,  15.12607986,  21.33553074,  26.90611446,    51.61820567,  23.24162982,  15.70284892], [ 109.56212376,  20.70925765,  66.03629845,  25.13494951,  33.62957753,    25.61978862,  27.6855399 ,   9.87373405,  20.9823795 ,  13.6197308 ,    23.24162982,  49.93174704,  22.56746451], [  83.98500697,  40.93898597,  44.32031223,  53.20325459,  42.39824216,    26.65229163,  21.11428455,  10.81483103,  13.64261193,   7.03341322,    15.70284892,  22.56746451,  48.16774991]]
/root/sim/music/out/Oasis/Familiar_To_Millions_[Live]_[Disc_2]/2-08_Helter_Skelter.mp3; [-497.52304  , 103.817444 , -25.30842  ,  27.60906  ,  -1.0841523,    7.3197107,   4.1561947,   7.0853124,  -2.0985084,   3.0033662,   -1.7856183,  -5.8864117,  -3.6709383]; [[11317.83185792, 1002.23170128,  860.58409729,  727.48036645,    414.95528156,  352.44469894,  128.43574068,   60.87211056,     28.03963202,   38.76037992,   -8.12763097,   48.02894607,    159.54012101], [ 1002.23170128,  474.74629911,   11.01993565,  186.98238118,     91.88710628,   50.70140172,   44.60383213,   12.50475085,     14.64338825,   23.13529336,   16.32535927,   -3.59726319,     43.95995123], [  860.58409729,   11.01993565,  534.82004403,  158.89790561,    161.63159693,   79.67560105,   38.62533314,    4.26732349,     15.96217339,    5.02045792,   20.0360714 ,   48.77526085,     64.77939575], [  727.48036645,  186.98238118,  158.89790561,  198.66399902,    114.78913014,   59.96638778,   30.57569413,   13.67279211,     12.63476593,   13.38186571,    8.2082676 ,   11.34802168,     46.26016811], [  414.95528156,   91.88710628,  161.63159693,  114.78913014,    157.41478385,   60.12553692,   38.00152565,   11.31644601,     13.95423633,   15.6219516 ,   14.55911422,   15.4775667 ,     47.65088807], [  352.44469894,   50.70140172,   79.67560105,   59.96638778,     60.12553692,   87.92917952,   43.66911111,    9.03954296,     10.05832021,   15.07954177,   15.50795407,   12.92618391,     12.20222993], [  128.43574068,   44.60383213,   38.62533314,   30.57569413,     38.00152565,   43.66911111,   71.21665867,   28.0375799 ,     13.8643906 ,    8.15886844,   11.63638022,   11.56090214,     13.9536971 ], [   60.87211056,   12.50475085,    4.26732349,   13.67279211,     11.31644601,    9.03954296,   28.0375799 ,   56.67425843,     27.56195029,    6.75293033,    0.64360019,    0.71114593,      8.71967982], [   28.03963202,   14.64338825,   15.96217339,   12.63476593,     13.95423633,   10.05832021,   13.8643906 ,   27.56195029,     60.47867575,   25.58908079,    6.41291854,   -0.70422174,      1.9398342 ], [   38.76037992,   23.13529336,    5.02045792,   13.38186571,     15.6219516 ,   15.07954177,    8.15886844,    6.75293033,     25.58908079,   47.31958708,   20.74108164,    1.67848274,      0.35887476], [   -8.12763097,   16.32535927,   20.0360714 ,    8.2082676 ,     14.55911422,   15.50795407,   11.63638022,    0.64360019,      6.41291854,   20.74108164,   44.30901054,   22.23881268,      9.06805769], [   48.02894607,   -3.59726319,   48.77526085,   11.34802168,     15.4775667 ,   12.92618391,   11.56090214,    0.71114593,     -0.70422174,    1.67848274,   22.23881268,   48.09625147,     28.47061168], [  159.54012101,   43.95995123,   64.77939575,   46.26016811,     47.65088807,   12.20222993,   13.9536971 ,    8.71967982,      1.9398342 ,    0.35887476,    9.06805769,   28.47061168,     62.65089602]]
/root/sim/music/out/Oasis/Familiar_To_Millions_[Live]_[Disc_2]/2-03_Don't_Look_Back_In_Anger.mp3; [-507.81122   , 109.196396  , -35.555107  ,  19.965544  ,  -2.9905093 ,    4.3322988 ,   1.8735368 ,   3.684207  ,  -5.0693517 ,   3.2544582 ,    0.83017087,  -3.7389393 ,  -6.8646083 ]; [[3997.64241082, 657.25810277, 649.10098507, 288.55386727, 430.16240955,   384.41321453, 146.25115641,  -6.20999598,  69.99586403,  -1.94038826,    30.54446113, -18.00669902,   9.3581722 ], [ 657.25810277, 948.5753091 ,  64.69465845, 308.9171741 , 210.86597645,   125.32206634,  80.78474789, -40.0284097 ,   2.38535112,  28.17124188,    10.87066352,  -6.76224779,  33.19383808], [ 649.10098507,  64.69465845, 463.78205473,  99.40835658, 124.99022978,    93.93462623,   8.38566067, -35.21289504,  -7.27009147,   0.34072489,    -3.59470358,   5.71111706,   1.52709616], [ 288.55386727, 308.9171741 ,  99.40835658, 253.38761107, 148.07921004,    91.14692676,  50.64825868, -21.59040063,  15.08726001,  32.17271779,    13.37231326,  14.60297217,  36.10677457], [ 430.16240955, 210.86597645, 124.99022978, 148.07921004, 193.50187859,    89.98244292,  46.08314484,  -4.39236488,  20.54052716,  26.81364833,    17.73478773,   8.67052103,  23.14709713], [ 384.41321453, 125.32206634,  93.93462623,  91.14692676,  89.98244292,   135.55665597,  76.69915683,  11.20261768,  23.78836341,  19.7922111 ,    18.93279077,  14.13257328,   7.45715113], [ 146.25115641,  80.78474789,   8.38566067,  50.64825868,  46.08314484,    76.69915683, 121.71746793,  32.36405919,  34.27622721,  24.34172765,    22.57863321,  23.6766148 ,  10.24623001], [  -6.20999598, -40.0284097 , -35.21289504, -21.59040063,  -4.39236488,    11.20261768,  32.36405919,  75.83961355,  29.52776603,   8.20720783,    19.42770808,   4.58862336,  -3.14992393], [  69.99586403,   2.38535112,  -7.27009147,  15.08726001,  20.54052716,    23.78836341,  34.27622721,  29.52776603,  62.85143153,  29.37683505,    18.90814315,  13.11409827,   4.69767274], [  -1.94038826,  28.17124188,   0.34072489,  32.17271779,  26.81364833,    19.7922111 ,  24.34172765,   8.20720783,  29.37683505,  70.57417151,    31.94679935,  16.93635875,  13.89803548], [  30.54446113,  10.87066352,  -3.59470358,  13.37231326,  17.73478773,    18.93279077,  22.57863321,  19.42770808,  18.90814315,  31.94679935,    62.97835805,  28.77173257,  13.20248695], [ -18.00669902,  -6.76224779,   5.71111706,  14.60297217,   8.67052103,    14.13257328,  23.6766148 ,   4.58862336,  13.11409827,  16.93635875,    28.77173257,  51.77007349,  23.78701948], [   9.3581722 ,  33.19383808,   1.52709616,  36.10677457,  23.14709713,     7.45715113,  10.24623001,  -3.14992393,   4.69767274,  13.89803548,    13.20248695,  23.78701948,  49.49264712]]
/root/sim/music/out/Oasis/Familiar_To_Millions_[Live]_[Disc_2]/2-07_Rock_'N'_Roll_Star.mp3; [-474.87448  ,  93.60579  , -28.743654 ,  17.99028  ,  -6.0721526,    4.636659 ,   3.4270911,   6.957936 ,  -3.9723825,   1.3294019,   -1.1355934,  -1.7411522,  -6.353254 ]; [[2282.4877814 ,-188.89083871, 602.88911826, 212.06312859, 155.83409326,   213.81255903, 190.06756935, -37.8751312 ,  -2.44246161,  32.56692179,    41.16278219,  40.49931383,   1.43776478], [-188.89083871, 406.82950557,-107.65982675,  99.79850349,   9.94548504,    -3.17861917,   2.94802751,  11.75060069,  -2.49656915,  16.47305334,    20.67604519,  -4.16457443,  15.57436509], [ 602.88911826,-107.65982675, 589.16502011, 195.1617557 , 126.77959883,   115.90789441,  67.04092643, -72.24970208, -16.6131855 ,  38.77009842,    35.10312934,  39.3008264 , -11.3049492 ], [ 212.06312859,  99.79850349, 195.1617557 , 241.77761269, 101.15148533,    87.44720859,  52.26423767, -20.84433828,  -4.1347717 ,  27.80765924,    27.88543743,  23.00159924,  20.50026335], [ 155.83409326,   9.94548504, 126.77959883, 101.15148533, 123.66863219,    73.4379719 ,  61.2936021 ,  17.08467279,  17.71732386,  17.09679256,    21.08016539,  15.66526829,   8.42324906], [ 213.81255903,  -3.17861917, 115.90789441,  87.44720859,  73.4379719 ,   120.88355334,  92.72786848,  27.30484229,  21.43988296,  25.17834351,    30.00085738,  24.40983002,   8.88649623], [ 190.06756935,   2.94802751,  67.04092643,  52.26423767,  61.2936021 ,    92.72786848, 141.66973697,  63.98362547,  34.79477855,  24.01691391,    30.27315523,  26.62378771,  11.87187174], [ -37.8751312 ,  11.75060069, -72.24970208, -20.84433828,  17.08467279,    27.30484229,  63.98362547, 107.37047145,  53.10439409,  11.75985015,    16.95398526,   9.33829543,  13.28650357], [  -2.44246161,  -2.49656915, -16.6131855 ,  -4.1347717 ,  17.71732386,    21.43988296,  34.79477855,  53.10439409,  62.42691972,  20.12278105,    13.83379358,   8.52052514,   4.89962179], [  32.56692179,  16.47305334,  38.77009842,  27.80765924,  17.09679256,    25.17834351,  24.01691391,  11.75985015,  20.12278105,  49.01623448,    25.57492723,  12.11990838,   4.66239559], [  41.16278219,  20.67604519,  35.10312934,  27.88543743,  21.08016539,    30.00085738,  30.27315523,  16.95398526,  13.83379358,  25.57492723,    49.69764201,  22.78746969,   8.36293521], [  40.49931383,  -4.16457443,  39.3008264 ,  23.00159924,  15.66526829,    24.40983002,  26.62378771,   9.33829543,   8.52052514,  12.11990838,    22.78746969,  45.61753181,  19.07409596], [   1.43776478,  15.57436509, -11.3049492 ,  20.50026335,   8.42324906,     8.88649623,  11.87187174,  13.28650357,   4.89962179,   4.66239559,     8.36293521,  19.07409596,  44.51520402]]
/root/sim/music/out/Oasis/Familiar_To_Millions_[Live]_[Disc_2]/2-04_Live_Forever.mp3; [-484.71216  , 101.188644 , -30.96896  ,  17.511602 ,  -4.2877026,    4.8803115,   3.6213164,   6.2134924,  -4.39148  ,   3.0132833,   -0.06459  ,  -2.201832 ,  -6.1512775]; [[2082.60615417, 599.07769009, 766.06581133, 346.5122379 , 280.85772548,   256.48790352,  91.55617586, -40.65952194, -34.92943693,  24.97769048,    33.52355871,  28.59410558,   7.34737353], [ 599.07769009, 802.37771294, 283.0425002 , 353.2133156 , 210.00665651,   129.12619115, 101.54314275,  -8.17781501, -30.16866111,  34.65650456,    30.49080899,  18.13320041,  28.06669225], [ 766.06581133, 283.0425002 , 733.07781457, 291.62866049, 250.31652453,   176.5691263 ,  73.69071222, -26.91431949, -16.82099331,  14.90586393,    21.01809006,  41.42590698,  18.18470266], [ 346.5122379 , 353.2133156 , 291.62866049, 341.10926117, 187.34261017,   132.60423031,  79.21560374, -12.93442087,   8.03805091,  15.41858743,    18.70039499,  30.0213256 ,  45.63072817], [ 280.85772548, 210.00665651, 250.31652453, 187.34261017, 197.99787513,   102.41442578,  56.88481278, -13.13827771,   8.15133105,  13.82657993,    16.62203516,  21.7390976 ,  20.17967173], [ 256.48790352, 129.12619115, 176.5691263 , 132.60423031, 102.41442578,   131.99149387,  71.68389107,  10.28509349,   7.8719253 ,  13.67428647,    19.54773247,  18.08567157,  14.05263564], [  91.55617586, 101.54314275,  73.69071222,  79.21560374,  56.88481278,    71.68389107, 114.65717842,  24.83181878,  10.79942743,  10.65007108,    13.60202849,  21.16518846,   9.91375504], [ -40.65952194,  -8.17781501, -26.91431949, -12.93442087, -13.13827771,    10.28509349,  24.83181878,  56.57112893,  22.22084531,   7.51118711,     6.0318178 ,  -0.06679039,   0.89340454], [ -34.92943693, -30.16866111, -16.82099331,   8.03805091,   8.15133105,     7.8719253 ,  10.79942743,  22.22084531,  56.69354016,  15.33292535,     5.63197652,   1.63980255,   4.23882266], [  24.97769048,  34.65650456,  14.90586393,  15.41858743,  13.82657993,    13.67428647,  10.65007108,   7.51118711,  15.33292535,  49.30446805,    19.40557485,   5.99313781,  -1.94564631], [  33.52355871,  30.49080899,  21.01809006,  18.70039499,  16.62203516,    19.54773247,  13.60202849,   6.0318178 ,   5.63197652,  19.40557485,    43.3422916 ,  15.41546357,   6.4457488 ], [  28.59410558,  18.13320041,  41.42590698,  30.0213256 ,  21.7390976 ,    18.08567157,  21.16518846,  -0.06679039,   1.63980255,   5.99313781,    15.41546357,  42.67618304,  19.13920767], [   7.34737353,  28.06669225,  18.18470266,  45.63072817,  20.17967173,    14.05263564,   9.91375504,   0.89340454,   4.23882266,  -1.94564631,     6.4457488 ,  19.13920767,  44.50310784]]
