/root/sim/music/out/FIRE_BOMBER/ACOUSTIC_FIRE!!/06_MY_SOUL_FOR_YOU_(Acoustic_Ver).mp3; [-717.67      , 196.34157   , -20.853712  ,  26.994745  ,   5.6543245 ,   -5.2860336 ,  -4.7125244 ,  -5.99532   , -14.287764  ,  -5.24649   ,   -6.4245853 ,  -9.507153  ,  -0.10800052]; [[12942.70082823,-2367.23092743, -412.42904539,   91.65974792,   -440.69611784, -486.75369309,  159.12036928,    3.25626588,   -503.83607644,  249.71402745,  246.55223275, -253.28088586,    169.6873434 ], [-2367.23092743, 2450.76012822, -573.88152214,   92.13406929,    107.08993082,  217.71296111,  -99.17346643,  -37.70833548,    160.29769174,  -83.10321913,  -95.54802793,  184.24280267,    -85.447189  ], [ -412.42904539, -573.88152214,  721.84860745, -118.6914932 ,     80.67000173,  -27.30945925,   45.84103637,   36.15287275,    -19.32253579,   20.78080671,   15.90765093,  -62.84529078,     34.09664432], [   91.65974792,   92.13406929, -118.6914932 ,  341.51896645,     16.92867764,   67.58103683, -106.51310744,   68.7822103 ,     45.14367255,  -75.05052081,   -3.62863353,   58.49402098,     -7.39861139], [ -440.69611784,  107.08993082,   80.67000173,   16.92867764,    237.79453012,   41.29884387,    6.37131048,   12.58777705,     25.75532878,  -45.59922748,   -5.32553092,   12.40191972,     15.36937963], [ -486.75369309,  217.71296111,  -27.30945925,   67.58103683,     41.29884387,  226.40477407,   -5.73135577,    9.80820341,     54.07511232,  -24.25942534,   -6.73500827,   60.14861107,    -11.00134535], [  159.12036928,  -99.17346643,   45.84103637, -106.51310744,      6.37131048,   -5.73135577,  288.16422237,  -21.94982435,    -28.44835338,   92.5162983 ,   13.23001341,  -34.12914055,     69.4759228 ], [    3.25626588,  -37.70833548,   36.15287275,   68.7822103 ,     12.58777705,    9.80820341,  -21.94982435,  135.46863656,     25.93830501,  -10.50106744,   19.97567054,   19.00160141,      6.94093505], [ -503.83607644,  160.29769174,  -19.32253579,   45.14367255,     25.75532878,   54.07511232,  -28.44835338,   25.93830501,    141.08909765,   -3.48397849,   -4.45291926,   47.85470825,     -9.28310985], [  249.71402745,  -83.10321913,   20.78080671,  -75.05052081,    -45.59922748,  -24.25942534,   92.5162983 ,  -10.50106744,     -3.48397849,  195.49578907,   20.29371941,  -40.20264651,     11.36211508], [  246.55223275,  -95.54802793,   15.90765093,   -3.62863353,     -5.32553092,   -6.73500827,   13.23001341,   19.97567054,     -4.45291926,   20.29371941,  102.59066184,    7.65846998,     10.72328168], [ -253.28088586,  184.24280267,  -62.84529078,   58.49402098,     12.40191972,   60.14861107,  -34.12914055,   19.00160141,     47.85470825,  -40.20264651,    7.65846998,  148.29213131,      5.62326542], [  169.6873434 ,  -85.447189  ,   34.09664432,   -7.39861139,     15.36937963,  -11.00134535,   69.4759228 ,    6.94093505,     -9.28310985,   11.36211508,   10.72328168,    5.62326542,    123.74501853]]
/root/sim/music/out/FIRE_BOMBER/ACOUSTIC_FIRE!!/01_突撃ラブハート_(Acoustic_Ver).mp3; [-566.99927   , 120.02229   ,   3.4631217 ,  36.56232   ,   9.409555  ,    7.2865086 ,   8.389037  ,   4.152881  ,  -1.6510702 ,   3.034573  ,    0.7319791 ,  -1.4044724 ,  -0.70078117]; [[17790.85546358, -660.13005752, -759.31659464,  292.45785011,   -268.54730572,  123.33356394,   54.26003874,  -18.40598912,    -43.04217935,  120.65674176, -114.21596178, -172.64856462,    -45.48229762], [ -660.13005752, 1445.73845852, -118.27356419,  -20.44696478,     72.24451098,  -66.83504313,   -5.33289017,   -1.82298936,    -20.11918467,   -6.07180539,   -8.51986876,  -28.42362842,    -25.87815248], [ -759.31659464, -118.27356419,  325.7095019 ,    6.4839843 ,     38.55543357,   -3.98305405,   -3.63850217,  -13.83704954,      6.50713557,  -20.53918968,   -2.35607915,   10.03858389,     -7.17080071], [  292.45785011,  -20.44696478,    6.4839843 ,  217.47968605,     58.90810921,    7.04774853,  -42.9030635 ,    6.35306199,      1.78404848,  -29.26872851,  -10.7643123 ,   19.79466539,     17.10444016], [ -268.54730572,   72.24451098,   38.55543357,   58.90810921,    160.50037577,    7.97047121,   -3.7815788 ,    8.60204086,      8.23649506,  -17.10698478,   -5.08317765,   14.24803911,      6.09403223], [  123.33356394,  -66.83504313,   -3.98305405,    7.04774853,      7.97047121,  146.69753714,   66.15130331,    3.87175765,     -2.02560659,    2.66715954,    8.1001824 ,    1.23950466,      1.79289038], [   54.26003874,   -5.33289017,   -3.63850217,  -42.9030635 ,     -3.7815788 ,   66.15130331,  152.62149713,   27.71981261,     -0.06018504,   25.5939171 ,    8.59488974,   -8.16776041,     -4.27805   ], [  -18.40598912,   -1.82298936,  -13.83704954,    6.35306199,      8.60204086,    3.87175765,   27.71981261,   76.3663711 ,     18.1747461 ,    2.61576602,    3.45590417,    4.01582755,      0.86086402], [  -43.04217935,  -20.11918467,    6.50713557,    1.78404848,      8.23649506,   -2.02560659,   -0.06018504,   18.1747461 ,     85.1720295 ,   22.84306846,    8.31856664,    2.05689048,     -3.83644698], [  120.65674176,   -6.07180539,  -20.53918968,  -29.26872851,    -17.10698478,    2.66715954,   25.5939171 ,    2.61576602,     22.84306846,   89.03064844,   20.43377796,  -11.73980808,     -6.59064613], [ -114.21596178,   -8.51986876,   -2.35607915,  -10.7643123 ,     -5.08317765,    8.1001824 ,    8.59488974,    3.45590417,      8.31856664,   20.43377796,   59.40627761,   19.43666458,      4.68402085], [ -172.64856462,  -28.42362842,   10.03858389,   19.79466539,     14.24803911,    1.23950466,   -8.16776041,    4.01582755,      2.05689048,  -11.73980808,   19.43666458,   67.4177076 ,     26.45093917], [  -45.48229762,  -25.87815248,   -7.17080071,   17.10444016,      6.09403223,    1.79289038,   -4.27805   ,    0.86086402,     -3.83644698,   -6.59064613,    4.68402085,   26.45093917,     55.34759388]]
/root/sim/music/out/FIRE_BOMBER/ACOUSTIC_FIRE!!/04_LIGHT_THE_LIGHT_(Acoustic_Ver).mp3; [-677.4064   , 181.78873  , -16.617933 ,  21.326828 ,   9.592321 ,   -6.8199306,   5.1291466,  -1.9300208, -11.213852 ,   4.312476 ,    2.4233587,  -7.981796 ,   3.2387564]; [[12915.99312213,-1557.54889515, -830.65375702,   41.43582525,   -179.14595161, -553.35249532,  579.64295408,  131.86701996,   -293.01673678,  484.59478355,  322.60003597, -414.18287459,    310.10818485], [-1557.54889515, 1557.13355591, -298.20057816,   -9.2969025 ,     -5.10949061,  182.16215555,  -86.5732738 ,  -65.55370953,     68.83876415,  -86.61999914,  -80.30016023,  138.20177503,    -86.09018602], [ -830.65375702, -298.20057816,  567.7575736 ,  -16.48639176,     55.23520806,   21.13278807,  -78.21190646,   29.2789933 ,     37.47926198,  -25.51506011,   -0.29284226,   35.00414441,    -29.19027861], [   41.43582525,   -9.2969025 ,  -16.48639176,  257.55192467,     35.7893647 ,   43.78096717,  -97.02677038,   64.42769322,     21.29053949,  -62.42242532,   -7.97429352,   18.94815427,     -5.15416799], [ -179.14595161,   -5.10949061,   55.23520806,   35.7893647 ,    205.53554127,   -3.84946623,  -20.7022494 ,   17.24732912,     24.58814178,  -39.06903354,   -0.30526517,    3.70882615,     17.05452614], [ -553.35249532,  182.16215555,   21.13278807,   43.78096717,     -3.84946623,  252.02259093,  -35.23871661,    2.50233303,     70.04009101,  -49.4526376 ,  -25.17552063,   75.73905604,    -42.39516607], [  579.64295408,  -86.5732738 ,  -78.21190646,  -97.02677038,    -20.7022494 ,  -35.23871661,  341.94404144,  -34.94259689,    -44.4672748 ,  119.9574374 ,   49.99871841,  -65.9605167 ,     77.9132225 ], [  131.86701996,  -65.55370953,   29.2789933 ,   64.42769322,     17.24732912,    2.50233303,  -34.94259689,  109.67024892,     19.32184958,   -6.29991378,    9.20711984,    7.83512597,     -4.01547035], [ -293.01673678,   68.83876415,   37.47926198,   21.29053949,     24.58814178,   70.04009101,  -44.4672748 ,   19.32184958,    146.73337967,  -21.92535716,  -14.81390116,   66.15042049,    -23.9529294 ], [  484.59478355,  -86.61999914,  -25.51506011,  -62.42242532,    -39.06903354,  -49.4526376 ,  119.9574374 ,   -6.29991378,    -21.92535716,  184.53882142,   43.30808491,  -52.28522775,     33.13398199], [  322.60003597,  -80.30016023,   -0.29284226,   -7.97429352,     -0.30526517,  -25.17552063,   49.99871841,    9.20711984,    -14.81390116,   43.30808491,   92.70302129,  -13.52958477,     23.40552851], [ -414.18287459,  138.20177503,   35.00414441,   18.94815427,      3.70882615,   75.73905604,  -65.9605167 ,    7.83512597,     66.15042049,  -52.28522775,  -13.52958477,  142.35511361,    -23.67521446], [  310.10818485,  -86.09018602,  -29.19027861,   -5.15416799,     17.05452614,  -42.39516607,   77.9132225 ,   -4.01547035,    -23.9529294 ,   33.13398199,   23.40552851,  -23.67521446,    106.07198877]]
/root/sim/music/out/FIRE_BOMBER/マクロス7_SECOND_FIRE!!_FIRE_BOMBER/06_SPIRAL_ANSWER.mp3; [-692.35925  , 189.16185  , -33.949593 ,  -2.2781634, -12.996481 ,   -7.881922 , -14.139054 ,  -4.227321 , -11.247989 ,  -7.4051642,   -3.6812146,  -6.854154 ,  -5.0564127]; [[16284.010857  ,-2425.57091742,  802.36743802,  567.17887414,   -189.34968517, -181.07974672, -504.9556725 ,   83.03272673,    -99.28201524,   82.32450213,  222.68250749,   47.54259131,    168.85047555], [-2425.57091742, 3817.69803412,-1107.60978836,   74.97950896,      8.73037043,  174.26177622,  198.50717237,  -25.89558594,     -4.94775513,    6.68195101,  -68.20551766,    2.905113  ,    -38.38600076], [  802.36743802,-1107.60978836, 1038.7847641 ,  -28.22551181,     51.31631081,   68.9474503 ,  -62.04051917,   32.99575208,     39.94427539,   13.69493207,   44.41416524,   10.1860347 ,     56.8011277 ], [  567.17887414,   74.97950896,  -28.22551181,  598.18100439,      1.97646214,  147.98838988,  -10.25715342,   62.48926866,     71.58464613,   21.89739968,   51.75373029,   80.54472226,    118.3576521 ], [ -189.34968517,    8.73037043,   51.31631081,    1.97646214,    299.96146906,  -15.11963136,  -43.95377005,  101.04106707,     30.55104945,   30.84395811,   -3.69301409,   27.20567195,     22.47185788], [ -181.07974672,  174.26177622,   68.9474503 ,  147.98838988,    -15.11963136,  241.03786619,   58.8867006 ,   28.68133873,     39.77927943,   22.86807908,   24.80847025,   39.54861402,     37.9579125 ], [ -504.9556725 ,  198.50717237,  -62.04051917,  -10.25715342,    -43.95377005,   58.8867006 ,  217.19136644,  -12.38079085,     35.88728138,   41.0186838 ,   28.73500881,   12.81843859,     -0.77844109], [   83.03272673,  -25.89558594,   32.99575208,   62.48926866,    101.04106707,   28.68133873,  -12.38079085,  160.99467788,     35.54363607,   41.76587981,   22.19387392,   22.28519453,     23.93900982], [  -99.28201524,   -4.94775513,   39.94427539,   71.58464613,     30.55104945,   39.77927943,   35.88728138,   35.54363607,    136.58078574,   36.29280375,   20.01819189,   38.31260866,     12.71955756], [   82.32450213,    6.68195101,   13.69493207,   21.89739968,     30.84395811,   22.86807908,   41.0186838 ,   41.76587981,     36.29280375,  191.3118064 ,   66.25412808,   41.34170432,     18.47812138], [  222.68250749,  -68.20551766,   44.41416524,   51.75373029,     -3.69301409,   24.80847025,   28.73500881,   22.19387392,     20.01819189,   66.25412808,  105.14086009,   39.62881076,     34.78558675], [   47.54259131,    2.905113  ,   10.1860347 ,   80.54472226,     27.20567195,   39.54861402,   12.81843859,   22.28519453,     38.31260866,   41.34170432,   39.62881076,  115.92978491,     49.91986566], [  168.85047555,  -38.38600076,   56.8011277 ,  118.3576521 ,     22.47185788,   37.9579125 ,   -0.77844109,   23.93900982,     12.71955756,   18.47812138,   34.78558675,   49.91986566,    110.04592459]]
/root/sim/music/out/FIRE_BOMBER/マクロス7_SECOND_FIRE!!_FIRE_BOMBER/09_LIGHT_THE_LIGHT.mp3; [-596.8965    , 113.96816   ,  -6.3832445 ,  26.295673  ,   1.5730462 ,   -6.534042  ,   1.437425  ,   1.7295111 ,  -0.33197322,  -2.31422   ,   -1.8886365 ,  -5.322126  ,  -4.5747914 ]; [[16469.79437781, -871.79529608,  169.84275967, -505.3925462 ,    152.86823473, -480.60138161, -300.05487017, -157.1040747 ,   -565.98227664,  140.34833851,  225.93750511, -194.75651042,     73.96627323], [ -871.79529608, 1340.34484632, -370.43018699,  356.99849755,    -44.424664  ,   58.96155317,  104.81670651,  -51.8274071 ,    154.18262826,   11.12402904,  -36.85739891,   65.11603559,    -42.77745706], [  169.84275967, -370.43018699,  783.53518775, -172.61122476,    134.8930295 ,  108.17950328, -114.90768309,   45.43495569,   -116.06082256,   -8.70486325,   57.89538534,  -45.15781399,     61.7250527 ], [ -505.3925462 ,  356.99849755, -172.61122476,  500.75327054,     -3.29283562,  128.21166948,  -26.07239456,   -2.49170999,    141.46384391,  -49.95314347,  -27.81175421,   64.1157191 ,    -11.67672596], [  152.86823473,  -44.424664  ,  134.8930295 ,   -3.29283562,    192.34863549,    9.16364345,  -34.19092224,   -2.05774409,    -44.85343582,  -13.52963061,   37.4029888 ,   -5.67413265,     33.73752457], [ -480.60138161,   58.96155317,  108.17950328,  128.21166948,      9.16364345,  246.00128413,    8.24294992,   19.9465453 ,     27.68764176,  -32.79644906,    0.11126995,   28.71525105,     11.34748666], [ -300.05487017,  104.81670651, -114.90768309,  -26.07239456,    -34.19092224,    8.24294992,  214.36926286,   -5.76036015,     22.614298  ,   20.7428523 ,  -12.38131863,    4.38258606,    -12.47590839], [ -157.1040747 ,  -51.8274071 ,   45.43495569,   -2.49170999,     -2.05774409,   19.9465453 ,   -5.76036015,  119.30232874,     40.58446158,    6.3866835 ,  -18.33002811,  -18.34427061,     -7.40309545], [ -565.98227664,  154.18262826, -116.06082256,  141.46384391,    -44.85343582,   27.68764176,   22.614298  ,   40.58446158,    225.56290467,   15.30483363,  -47.40241784,   18.4146727 ,    -39.94750375], [  140.34833851,   11.12402904,   -8.70486325,  -49.95314347,    -13.52963061,  -32.79644906,   20.7428523 ,    6.3866835 ,     15.30483363,  122.76480261,   30.56136729,  -13.42206177,    -21.44147282], [  225.93750511,  -36.85739891,   57.89538534,  -27.81175421,     37.4029888 ,    0.11126995,  -12.38131863,  -18.33002811,    -47.40241784,   30.56136729,  105.33973912,   13.38547035,     13.45159733], [ -194.75651042,   65.11603559,  -45.15781399,   64.1157191 ,     -5.67413265,   28.71525105,    4.38258606,  -18.34427061,     18.4146727 ,  -13.42206177,   13.38547035,   97.55599878,     14.54643115], [   73.96627323,  -42.77745706,   61.7250527 ,  -11.67672596,     33.73752457,   11.34748666,  -12.47590839,   -7.40309545,    -39.94750375,  -21.44147282,   13.45159733,   14.54643115,    105.02707396]]
/root/sim/music/out/FIRE_BOMBER/マクロス7_SECOND_FIRE!!_FIRE_BOMBER/05_POWER_TO_THE_DREAM.mp3; [-536.7888    , 104.19274   , -14.885822  ,  13.166352  ,   3.3785677 ,   -0.5876641 ,   0.5176257 ,   2.8299928 ,   0.17600381,  -2.1592195 ,   -1.0147287 ,  -0.36250082,  -7.1246505 ]; [[16280.63655153,  565.8159417 ,  -42.08282669, -136.11620924,     62.27708532,  255.13848667,  -73.56910382, -184.17108221,   -224.1441263 ,   80.76241972,  244.09579111,  183.17242476,     90.76723881], [  565.8159417 ,  536.99384008, -157.19750693,   49.42655353,     26.61801286,   50.60766893,  110.90039238,   31.65595009,     72.43599278,   38.8262687 ,   15.05430072,   22.74143784,    -23.7513517 ], [  -42.08282669, -157.19750693,  522.60047117,  -14.05774472,     19.40945292,   18.19849054,  -55.03441882,   33.32461565,    -53.08411738,    7.71387441,   36.45240464,  -11.01349254,     49.35868708], [ -136.11620924,   49.42655353,  -14.05774472,  192.08139014,     43.26465023,   22.83396508,   -9.18632365,   10.0362805 ,     63.51686072,   -9.01815312,  -22.89904604,   28.76242739,    -13.60983109], [   62.27708532,   26.61801286,   19.40945292,   43.26465023,    112.52139878,   42.90934919,   -5.30682701,    8.53492536,     30.24943444,   14.43937735,    7.82688554,   14.79188768,      3.80999241], [  255.13848667,   50.60766893,   18.19849054,   22.83396508,     42.90934919,  192.79163257,  110.64921719,   33.63300998,     59.97325705,   48.26983605,   20.90203473,   33.02148943,    -22.05632663], [  -73.56910382,  110.90039238,  -55.03441882,   -9.18632365,     -5.30682701,  110.64921719,  204.57526132,   57.67528737,     59.92729197,   44.10208787,   17.44535629,   23.21919378,    -22.28666391], [ -184.17108221,   31.65595009,   33.32461565,   10.0362805 ,      8.53492536,   33.63300998,   57.67528737,  100.92641264,     48.76606976,   18.66964034,   -0.20738977,    7.20544598,      3.97227203], [ -224.1441263 ,   72.43599278,  -53.08411738,   63.51686072,     30.24943444,   59.97325705,   59.92729197,   48.76606976,    144.90443565,   38.72927671,  -13.93526282,   20.04004739,    -28.95226296], [   80.76241972,   38.8262687 ,    7.71387441,   -9.01815312,     14.43937735,   48.26983605,   44.10208787,   18.66964034,     38.72927671,   86.22809605,   36.87458209,    1.66700225,     -6.9605302 ], [  244.09579111,   15.05430072,   36.45240464,  -22.89904604,      7.82688554,   20.90203473,   17.44535629,   -0.20738977,    -13.93526282,   36.87458209,   77.43190853,   17.88223223,     11.57298548], [  183.17242476,   22.74143784,  -11.01349254,   28.76242739,     14.79188768,   33.02148943,   23.21919378,    7.20544598,     20.04004739,    1.66700225,   17.88223223,   77.17464222,      9.37782401], [   90.76723881,  -23.7513517 ,   49.35868708,  -13.60983109,      3.80999241,  -22.05632663,  -22.28666391,    3.97227203,    -28.95226296,   -6.9605302 ,   11.57298548,    9.37782401,     72.94422322]]
/root/sim/music/out/FIRE_BOMBER/マクロス7_SECOND_FIRE!!_FIRE_BOMBER/10_TRY_AGAIN.mp3; [-576.7381   , 116.607544 , -20.75102  ,  26.671944 ,  -4.610339 ,   -4.4843087,  -0.6286195,   2.265931 ,  -2.515969 ,  -1.5060089,    0.7967207,  -1.5411174,  -1.619421 ]; [[16347.95058151,-1315.14456929,  784.2339599 ,   23.22397268,    348.17099656,  643.54698328,  546.42687541,  410.42133279,    443.43012252,  239.07095118,    9.01753678,  159.69114167,   -241.8887464 ], [-1315.14456929, 1598.02345797,  -91.57096482,   66.93249684,     77.60662674,   72.75007828,   71.15656233,   44.85348782,     50.54338792,    5.74664817,    5.0593824 ,   24.40486166,     -2.84511098], [  784.2339599 ,  -91.57096482, 1135.63062217, -102.69072823,    315.14600814,  268.02481052,  136.8918459 ,  192.26329871,     77.45651799,   63.18506851,   26.58329284,   15.19024028,    -26.67237246], [   23.22397268,   66.93249684, -102.69072823,  374.09118093,     40.8097633 ,   69.42065936,  -41.6255412 ,   16.83739614,     86.72556849,  -36.43616791,    9.36131929,   65.30087748,     13.57482546], [  348.17099656,   77.60662674,  315.14600814,   40.8097633 ,    269.60128223,  159.37710347,   60.0524727 ,   90.96276586,     78.7797036 ,   28.47622568,   10.30784901,   19.381207  ,    -13.6432273 ], [  643.54698328,   72.75007828,  268.02481052,   69.42065936,    159.37710347,  307.99945505,  133.43057744,   95.57480997,    105.94420376,   39.97941467,   27.33371481,   48.27568151,    -31.39688871], [  546.42687541,   71.15656233,  136.8918459 ,  -41.6255412 ,     60.0524727 ,  133.43057744,  264.75944981,   76.25997144,     77.31817413,   80.16532796,   28.90565516,   30.66243566,    -17.55372723], [  410.42133279,   44.85348782,  192.26329871,   16.83739614,     90.96276586,   95.57480997,   76.25997144,  142.86105776,     66.98979579,   36.39601053,   12.86004502,   23.95392442,     -3.7478365 ], [  443.43012252,   50.54338792,   77.45651799,   86.72556849,     78.7797036 ,  105.94420376,   77.31817413,   66.98979579,    171.75401049,   50.35963953,   12.68937371,   52.91893858,    -20.15969326], [  239.07095118,    5.74664817,   63.18506851,  -36.43616791,     28.47622568,   39.97941467,   80.16532796,   36.39601053,     50.35963953,  117.65997476,   42.5574977 ,    6.81475382,    -14.61998409], [    9.01753678,    5.0593824 ,   26.58329284,    9.36131929,     10.30784901,   27.33371481,   28.90565516,   12.86004502,     12.68937371,   42.5574977 ,   85.60270074,   23.32373085,      3.76337614], [  159.69114167,   24.40486166,   15.19024028,   65.30087748,     19.381207  ,   48.27568151,   30.66243566,   23.95392442,     52.91893858,    6.81475382,   23.32373085,  101.54817629,     17.16128968], [ -241.8887464 ,   -2.84511098,  -26.67237246,   13.57482546,    -13.6432273 ,  -31.39688871,  -17.55372723,   -3.7478365 ,    -20.15969326,  -14.61998409,    3.76337614,   17.16128968,     81.26796773]]
/root/sim/music/out/FIRE_BOMBER/マクロス7_SECOND_FIRE!!_FIRE_BOMBER/07_…だけどベイビー!!.mp3; [-573.01996   ,  94.16645   ,   4.0624084 ,  39.72446   ,   2.0708127 ,    5.6967764 ,   3.4516737 ,  -1.15329   ,   8.706811  ,  -4.9047756 ,   -0.12205752,  -3.9529152 ,   0.544866  ]; [[16092.04481994, -286.66563807, -706.84439893, -239.04620311,   -237.51622681,  262.76474093,   26.13501535,   65.27506339,     73.31306887, -162.48674156,  -12.04442766,  -34.59849597,    163.16704271], [ -286.66563807, 1031.89397061, -163.2384834 ,   15.66808106,    -95.63920533, -276.47645476,    0.95464762, -165.41551788,    -23.78505927,  -47.1479451 , -101.38596525,  -30.18289771,    -12.5540594 ], [ -706.84439893, -163.2384834 ,  879.50912607,  206.99041052,    237.03421793,  139.17356037,   28.49383142,   81.05397714,     26.60999861,   19.22104017,   54.52077878,    4.37491784,      4.04354231], [ -239.04620311,   15.66808106,  206.99041052,  281.47441804,    117.94083192,   60.77951966,    8.7795792 ,   46.24339292,     -3.45822475,    6.91756267,   27.48752186,    5.25691238,    -15.05417778], [ -237.51622681,  -95.63920533,  237.03421793,  117.94083192,    276.51442133,  194.17896265,   82.71806836,   81.60233608,     60.24903088,   32.38393217,   47.08896141,   18.63715991,     20.18619021], [  262.76474093, -276.47645476,  139.17356037,   60.77951966,    194.17896265,  438.10753438,  105.02200403,  176.30963363,     64.85235781,   75.58593114,   96.31631138,   12.27494429,     36.42976927], [   26.13501535,    0.95464762,   28.49383142,    8.7795792 ,     82.71806836,  105.02200403,  177.36895135,   72.41975954,     71.30000419,   23.0551938 ,    3.25565194,    9.10153784,     23.51254633], [   65.27506339, -165.41551788,   81.05397714,   46.24339292,     81.60233608,  176.30963363,   72.41975954,  202.3400115 ,     73.88307756,   45.70459898,   39.64084232,   15.47208304,     25.70689897], [   73.31306887,  -23.78505927,   26.60999861,   -3.45822475,     60.24903088,   64.85235781,   71.30000419,   73.88307756,    151.96458126,   48.43612468,   12.84371431,   -1.7193417 ,     35.21627697], [ -162.48674156,  -47.1479451 ,   19.22104017,    6.91756267,     32.38393217,   75.58593114,   23.0551938 ,   45.70459898,     48.43612468,  118.52616292,   60.10384134,   18.49767831,      9.31496896], [  -12.04442766, -101.38596525,   54.52077878,   27.48752186,     47.08896141,   96.31631138,    3.25565194,   39.64084232,     12.84371431,   60.10384134,  131.8756356 ,   51.81837408,      6.96471364], [  -34.59849597,  -30.18289771,    4.37491784,    5.25691238,     18.63715991,   12.27494429,    9.10153784,   15.47208304,     -1.7193417 ,   18.49767831,   51.81837408,   99.11182002,     39.13047866], [  163.16704271,  -12.5540594 ,    4.04354231,  -15.05417778,     20.18619021,   36.42976927,   23.51254633,   25.70689897,     35.21627697,    9.31496896,    6.96471364,   39.13047866,    104.65027904]]
/root/sim/music/out/FIRE_BOMBER/マクロス7_SECOND_FIRE!!_FIRE_BOMBER/01_1・2・3・4・5・6・7_NIGHTS.mp3; [-543.4005    , 114.984184  , -10.579616  ,  26.90777   ,   1.0347785 ,    3.065177  ,   1.0050997 ,  -0.09977084,  -3.4795966 ,  -4.4214096 ,   -1.4393789 ,  -2.11527   ,  -5.0589695 ]; [[11299.06236704,  -49.18065793,   36.55252666,  -12.833735  ,    273.51889024,  274.6017689 ,   10.0895393 ,   84.71655713,   -145.59805355,  -32.61073327,  -54.73183063,  -62.94982148,    -16.45914437], [  -49.18065793, 1191.11559623, -287.00175152,  198.84175764,   -120.43216317,  -62.97637071,   42.92862779,  -30.33849698,     58.36453909,  -31.02579883,   27.45373919,    2.32777888,    -23.01576697], [   36.55252666, -287.00175152,  729.70456083, -119.32881399,    182.33379149,    0.72607482,  -91.34957777,   36.20699818,    -43.81456843,   32.80901298,    0.56980182,  -38.02458895,     76.00028197], [  -12.833735  ,  198.84175764, -119.32881399,  315.79947532,     -4.48516691,   22.02383708,   20.75741158,   -7.58682268,     42.02606096,  -15.452868  ,    8.01671843,   34.84673574,     -1.30060865], [  273.51889024, -120.43216317,  182.33379149,   -4.48516691,    177.89107479,   45.51842721,   -3.74934615,   20.40677263,    -13.04431892,    3.19639476,    2.14238117,   -9.90082872,     35.03017342], [  274.6017689 ,  -62.97637071,    0.72607482,   22.02383708,     45.51842721,  131.76032034,   66.04538351,   27.39058138,     -5.5279505 ,   -6.17443739,    5.53005453,   12.35618323,     12.24140816], [   10.0895393 ,   42.92862779,  -91.34957777,   20.75741158,     -3.74934615,   66.04538351,  142.68466776,   25.46777894,      6.18228198,   -5.43628637,   10.24450347,   22.57588057,     -9.69503775], [   84.71655713,  -30.33849698,   36.20699818,   -7.58682268,     20.40677263,   27.39058138,   25.46777894,   76.24140498,     26.15760931,    6.31238933,    1.76869857,   -4.77091231,     14.91719226], [ -145.59805355,   58.36453909,  -43.81456843,   42.02606096,    -13.04431892,   -5.5279505 ,    6.18228198,   26.15760931,     83.79758145,   28.88173141,    7.44879355,    1.30182466,     -4.33591238], [  -32.61073327,  -31.02579883,   32.80901298,  -15.452868  ,      3.19639476,   -6.17443739,   -5.43628637,    6.31238933,     28.88173141,   63.21778982,   22.34498672,   -0.22257235,     -7.42560744], [  -54.73183063,   27.45373919,    0.56980182,    8.01671843,      2.14238117,    5.53005453,   10.24450347,    1.76869857,      7.44879355,   22.34498672,   52.37016218,   18.4259648 ,      4.06285995], [  -62.94982148,    2.32777888,  -38.02458895,   34.84673574,     -9.90082872,   12.35618323,   22.57588057,   -4.77091231,      1.30182466,   -0.22257235,   18.4259648 ,   68.8466356 ,      2.81114542], [  -16.45914437,  -23.01576697,   76.00028197,   -1.30060865,     35.03017342,   12.24140816,   -9.69503775,   14.91719226,     -4.33591238,   -7.42560744,    4.06285995,    2.81114542,     56.21518449]]
/root/sim/music/out/FIRE_BOMBER/マクロス7_SECOND_FIRE!!_FIRE_BOMBER/02_fall.mp3; [-565.6726    , 118.63314   ,  -3.052646  ,  27.406315  ,   5.9352403 ,   -1.9066156 ,   5.1098356 ,   0.5201903 ,   0.47082013,   0.2849523 ,   -3.2481656 ,  -0.5774876 ,   0.00163745]; [[8031.31610455,-178.30239971, 122.19702124, 142.81960942, 123.45479138,    30.28804401,  32.44534218,  40.68886613,  -1.97649155, -30.30405098,  -124.10405483, -67.69892592,  45.0758188 ], [-178.30239971, 951.68080386,-343.30598532,  99.68234565, -89.72292093,     2.46156533,  50.18088049,  -7.97720558,   1.53244137,   7.32446337,    12.32514296,  36.53456631,   9.27131144], [ 122.19702124,-343.30598532, 601.91362451, -10.83792184, 166.52452574,   -25.29280638, -57.86389714,  -8.92154927,   5.10986237,   4.37482927,    16.75083937,  -7.41495659,  -5.00977488], [ 142.81960942,  99.68234565, -10.83792184, 215.90132559,  24.32326076,    11.42568916,   5.76708154,  -3.91160255, -17.90921635,  -9.60194742,    11.4243358 ,  10.32081421,   4.66735878], [ 123.45479138, -89.72292093, 166.52452574,  24.32326076, 174.60867583,    21.27655   ,   2.44869455, -13.67297282,   7.72040786,  12.2319375 ,     0.5928095 ,   7.22481778,   1.26270829], [  30.28804401,   2.46156533, -25.29280638,  11.42568916,  21.27655   ,   153.6500542 ,  22.52894457,  21.09146644,  -3.88775188,  26.72224459,     2.10817249,   5.03429933,  14.55940509], [  32.44534218,  50.18088049, -57.86389714,   5.76708154,   2.44869455,    22.52894457, 153.78293338,  29.98125914,  30.17130961,  -9.7402855 ,     6.35172934,   8.84379493,   8.54061577], [  40.68886613,  -7.97720558,  -8.92154927,  -3.91160255, -13.67297282,    21.09146644,  29.98125914, 114.72824266,  31.09694512,  19.17949799,     2.84017669,  10.41759699,   1.75211518], [  -1.97649155,   1.53244137,   5.10986237, -17.90921635,   7.72040786,    -3.88775188,  30.17130961,  31.09694512, 110.7317034 ,  24.22835498,     1.70520923,  -3.91280401,   7.90109942], [ -30.30405098,   7.32446337,   4.37482927,  -9.60194742,  12.2319375 ,    26.72224459,  -9.7402855 ,  19.17949799,  24.22835498,  90.81176221,    27.20190171,  13.61217296,   5.57619844], [-124.10405483,  12.32514296,  16.75083937,  11.4243358 ,   0.5928095 ,     2.10817249,   6.35172934,   2.84017669,   1.70520923,  27.20190171,    69.18084701,  31.33011242,   2.64984682], [ -67.69892592,  36.53456631,  -7.41495659,  10.32081421,   7.22481778,     5.03429933,   8.84379493,  10.41759699,  -3.91280401,  13.61217296,    31.33011242,  75.87300454,  24.14543506], [  45.0758188 ,   9.27131144,  -5.00977488,   4.66735878,   1.26270829,    14.55940509,   8.54061577,   1.75211518,   7.90109942,   5.57619844,     2.64984682,  24.14543506,  63.04687857]]
/root/sim/music/out/FIRE_BOMBER/マクロス7_SECOND_FIRE!!_FIRE_BOMBER/04_君に届け→.mp3; [-715.6521   , 156.86687  ,  19.075727 ,  29.081753 ,   4.5828166,  -10.644268 ,   2.696379 ,  -5.74469  ,  -3.9693623,  -7.2126217,   -6.623281 ,  -0.2798671,  -4.7348866]; [[29210.5035758 ,-2068.88298243,-1888.08964272, -714.13810482,     -0.64764744, -888.03301452,  985.54557081,  -74.45616379,    238.30198583,  459.38381371,    7.52168491,  128.66906337,   -143.97717209], [-2068.88298243, 2049.75471446, -343.99161196,   95.49333993,    -60.97744362,   51.43531101, -184.31101933,  -46.43666071,    -32.05390285,  -76.55610513,   19.65227227,  -50.69268113,      2.8480288 ], [-1888.08964272, -343.99161196,  887.68409298,  174.80223673,     83.58219164,  211.68617474,  -25.31940253,   71.15532865,      0.50874972,   -9.23345602,   36.4575553 ,   27.36953545,     42.26519161], [ -714.13810482,   95.49333993,  174.80223673,  377.23625168,     54.10915439,   82.20668712,   -5.82367926,   79.82347529,     24.48274517,  -17.92973414,   27.39277635,   43.22376419,     30.75078746], [   -0.64764744,  -60.97744362,   83.58219164,   54.10915439,    234.84016503,   19.36132241,   52.86256612,   61.95144366,     40.64309083,   36.97603017,   17.89848993,   29.80155291,     15.16922748], [ -888.03301452,   51.43531101,  211.68617474,   82.20668712,     19.36132241,  436.2958052 ,  -35.81326819,  138.62758596,    -29.82175255,   14.28921402,   54.90369481,   21.04382628,     95.86723833], [  985.54557081, -184.31101933,  -25.31940253,   -5.82367926,     52.86256612,  -35.81326819,  249.71560828,   14.30121176,     50.90827834,   45.89938149,  -14.59697015,   38.75183558,     20.78374659], [  -74.45616379,  -46.43666071,   71.15532865,   79.82347529,     61.95144366,  138.62758596,   14.30121176,  211.36405425,     20.49567849,   28.14064773,   26.2103232 ,   34.02898254,     52.89297199], [  238.30198583,  -32.05390285,    0.50874972,   24.48274517,     40.64309083,  -29.82175255,   50.90827834,   20.49567849,    136.93169708,   31.06407698,   -7.62546752,    2.875605  ,     -0.33284853], [  459.38381371,  -76.55610513,   -9.23345602,  -17.92973414,     36.97603017,   14.28921402,   45.89938149,   28.14064773,     31.06407698,  113.12656545,   17.40557134,    8.80218139,     14.91323836], [    7.52168491,   19.65227227,   36.4575553 ,   27.39277635,     17.89848993,   54.90369481,  -14.59697015,   26.2103232 ,     -7.62546752,   17.40557134,  103.10359022,   13.88763446,     -1.41277789], [  128.66906337,  -50.69268113,   27.36953545,   43.22376419,     29.80155291,   21.04382628,   38.75183558,   34.02898254,      2.875605  ,    8.80218139,   13.88763446,  112.38983214,     45.82944342], [ -143.97717209,    2.8480288 ,   42.26519161,   30.75078746,     15.16922748,   95.86723833,   20.78374659,   52.89297199,     -0.33284853,   14.91323836,   -1.41277789,   45.82944342,    116.58459376]]
/root/sim/music/out/FIRE_BOMBER/マクロス7_SECOND_FIRE!!_FIRE_BOMBER/03_DIAMOND_CALLING.mp3; [-577.09656   , 130.21191   , -17.72336   ,  27.018076  ,   0.6672074 ,    0.8724574 ,  10.557929  ,   5.533785  ,   4.8910527 ,   1.2074555 ,    0.57301366,   1.8158858 ,  -6.0212655 ]; [[13342.6960039 , -207.61003273,  390.85193632,   23.7290594 ,     49.13541124,  -46.96318746,  -80.49861676,  119.6440915 ,     13.11324939,   56.24342256,   52.00648176,    0.84945036,     40.37491576], [ -207.61003273,  889.12463518, -474.82111914,  279.54506959,    -92.67675761,    3.07734592,  112.14188664,  -59.30959425,     61.7942302 ,  -11.76953401,   -6.41724835,   21.30648583,    -62.95343452], [  390.85193632, -474.82111914,  791.76424513, -200.15117803,    181.74483705,  -20.26000782, -116.18813188,   78.34028781,    -74.6863844 ,   31.56948646,   46.60105323,  -61.82121668,     90.78763938], [   23.7290594 ,  279.54506959, -200.15117803,  296.95491136,    -28.73543322,   20.90329626,   78.87924656,  -21.81217337,     72.84402126,  -13.07702337,   -5.08306888,   44.29429551,    -27.03391707], [   49.13541124,  -92.67675761,  181.74483705,  -28.73543322,    132.54972969,    5.15109537,  -24.60812845,   19.45504205,     -5.48858584,   13.41618356,   14.59509273,  -14.68131391,     21.60360357], [  -46.96318746,    3.07734592,  -20.26000782,   20.90329626,      5.15109537,  106.45944848,   44.69914532,   18.44762206,      5.28322193,   -1.25369152,    3.9316958 ,    0.23066785,     -2.56848232], [  -80.49861676,  112.14188664, -116.18813188,   78.87924656,    -24.60812845,   44.69914532,  157.12432719,   11.38658243,     47.63178602,    4.71163296,    5.1158235 ,   37.15577668,    -24.19576583], [  119.6440915 ,  -59.30959425,   78.34028781,  -21.81217337,     19.45504205,   18.44762206,   11.38658243,   74.52471827,     11.73396327,   12.35161261,    9.86588554,   -5.28335471,     14.64753837], [   13.11324939,   61.7942302 ,  -74.6863844 ,   72.84402126,     -5.48858584,    5.28322193,   47.63178602,   11.73396327,     90.139028  ,   18.61590359,   -0.33427999,   18.7680174 ,    -20.17095696], [   56.24342256,  -11.76953401,   31.56948646,  -13.07702337,     13.41618356,   -1.25369152,    4.71163296,   12.35161261,     18.61590359,   70.95897035,   26.04276765,    1.16642017,     -0.78130829], [   52.00648176,   -6.41724835,   46.60105323,   -5.08306888,     14.59509273,    3.9316958 ,    5.1158235 ,    9.86588554,     -0.33427999,   26.04276765,   55.90376893,   12.26560196,     13.05926527], [    0.84945036,   21.30648583,  -61.82121668,   44.29429551,    -14.68131391,    0.23066785,   37.15577668,   -5.28335471,     18.7680174 ,    1.16642017,   12.26560196,   72.1574626 ,      6.28639472], [   40.37491576,  -62.95343452,   90.78763938,  -27.03391707,     21.60360357,   -2.56848232,  -24.19576583,   14.64753837,    -20.17095696,   -0.78130829,   13.05926527,    6.28639472,     60.47088973]]
/root/sim/music/out/FIRE_BOMBER/マクロス7_SECOND_FIRE!!_FIRE_BOMBER/08_HOLY_LONELY_LIGHT_(Duet_Version).mp3; [-530.415    ,  95.736626 ,  -9.129558 ,  34.4805   ,   2.7194514,    1.2192621,   2.202863 ,   1.6707758,  -4.966492 ,  -3.5020366,   -7.461944 , -10.415971 ,  -7.5632806]; [[13658.32541201, -694.94715664,   93.84466959,  313.40884589,    -33.82938285,  114.28993391,  -46.36756845,   75.0314037 ,     -5.2420624 ,   66.36195438,   16.63533475, -107.0631169 ,   -107.52355401], [ -694.94715664, 1234.74760298, -293.63320864,   54.65795336,      6.47882056,  -93.17657422,   53.32481625,  -12.0546571 ,     -3.96852585,   -8.86367104,  -33.90527128,  -27.31022776,    -10.10022076], [   93.84466959, -293.63320864,  639.03535385,   61.36194558,    107.68200278,   11.72387152,    0.50321631,    4.3167106 ,     15.95952296,  -19.34500911,   16.03581025,   42.43771484,    -11.33070811], [  313.40884589,   54.65795336,   61.36194558,  255.80154035,     71.00299702,   -3.00014544,   10.28865315,    8.49150754,     29.30574429,  -23.94985538,   -7.74985279,    7.13761821,     13.00234922], [  -33.82938285,    6.47882056,  107.68200278,   71.00299702,    152.66124709,   13.44956019,   11.5433241 ,   -2.33594341,     17.37668927,    0.14742865,   -3.28545895,   15.89080736,     12.38030606], [  114.28993391,  -93.17657422,   11.72387152,   -3.00014544,     13.44956019,  136.51790869,   30.56207796,   20.20791391,    -10.17588195,    7.39664701,   18.64191865,    6.98879746,      5.70740798], [  -46.36756845,   53.32481625,    0.50321631,   10.28865315,     11.5433241 ,   30.56207796,  144.29335256,   32.6505389 ,     26.57184335,   16.28831481,    9.2677306 ,   -2.26667947,      1.2262863 ], [   75.0314037 ,  -12.0546571 ,    4.3167106 ,    8.49150754,     -2.33594341,   20.20791391,   32.6505389 ,   82.44651063,     35.89241163,   15.30226255,    5.42918166,   -6.35257939,     -0.14133701], [   -5.2420624 ,   -3.96852585,   15.95952296,   29.30574429,     17.37668927,  -10.17588195,   26.57184335,   35.89241163,     87.70411198,   34.13186988,    0.51489949,   -6.58805717,     -3.28645724], [   66.36195438,   -8.86367104,  -19.34500911,  -23.94985538,      0.14742865,    7.39664701,   16.28831481,   15.30226255,     34.13186988,   85.83698657,   30.98302529,    0.55083294,     -4.06739074], [   16.63533475,  -33.90527128,   16.03581025,   -7.74985279,     -3.28545895,   18.64191865,    9.2677306 ,    5.42918166,      0.51489949,   30.98302529,   64.42129915,   25.78135105,      2.22890663], [ -107.0631169 ,  -27.31022776,   42.43771484,    7.13761821,     15.89080736,    6.98879746,   -2.26667947,   -6.35257939,     -6.58805717,    0.55083294,   25.78135105,   62.77237426,     24.94759699], [ -107.52355401,  -10.10022076,  -11.33070811,   13.00234922,     12.38030606,    5.70740798,    1.2262863 ,   -0.14133701,     -3.28645724,   -4.06739074,    2.22890663,   24.94759699,     57.56337469]]
