/root/sim/music/out/The_Jesus_And_Mary_Chain/Automatic/12_Sunray.mp3; [-670.42053  ,  94.96243  , -34.68194  ,  41.170704 ,  12.135431 ,    6.949164 ,  -3.1909952,   8.680567 ,  -3.0167234,  -5.453738 ,    7.9927554,  -2.0998385,  -5.965233 ]; [[21192.51781632,  -96.18926148, -974.72313072,  767.43739452,    467.3888859 ,  110.02085351,   45.65784127,   99.51732371,   -175.18721256, -244.67603641,   56.05252726, -112.43920635,   -287.82975471], [  -96.18926148, 1556.77129193, -566.22828597,  229.89635234,   -227.82924811,   -5.52359138, -178.532358  ,   95.25007965,     -7.57266297,    2.88879681,   92.58794016,  -69.71332862,    -17.55313308], [ -974.72313072, -566.22828597, 1614.54466013, -161.63921089,    296.94002158,   32.18433798,  216.79104585,  -70.93814784,     90.26422852,   80.03561348, -105.79613534,  105.65640621,     28.87820819], [  767.43739452,  229.89635234, -161.63921089,  322.66913605,     71.35937132,   93.67937021,   11.784397  ,   69.21644355,     22.56222493,   10.20451798,   57.30042617,   16.20899969,      3.24233614], [  467.3888859 , -227.82924811,  296.94002158,   71.35937132,    347.64367257,  129.5865887 ,  192.81881138,   90.34303818,    100.02707079,   58.44001905,   49.19317993,   73.43975861,     26.3372447 ], [  110.02085351,   -5.52359138,   32.18433798,   93.67937021,    129.5865887 ,  146.78046703,  112.46770246,   88.02272911,     62.33256364,   41.11671245,   37.5416884 ,   30.97745007,     16.14540418], [   45.65784127, -178.532358  ,  216.79104585,   11.784397  ,    192.81881138,  112.46770246,  201.33937821,  106.76756162,    111.3739959 ,   69.04428755,   41.41028252,   54.68943407,     33.63745031], [   99.51732371,   95.25007965,  -70.93814784,   69.21644355,     90.34303818,   88.02272911,  106.76756162,  144.64936959,    100.54570248,   55.94173661,   57.2082786 ,   27.92747145,     23.97806877], [ -175.18721256,   -7.57266297,   90.26422852,   22.56222493,    100.02707079,   62.33256364,  111.3739959 ,  100.54570248,    123.62916065,   74.38298986,   50.7499824 ,   44.15165353,     34.35673725], [ -244.67603641,    2.88879681,   80.03561348,   10.20451798,     58.44001905,   41.11671245,   69.04428755,   55.94173661,     74.38298986,   74.78976445,   47.44794434,   34.29878904,     24.79265416], [   56.05252726,   92.58794016, -105.79613534,   57.30042617,     49.19317993,   37.5416884 ,   41.41028252,   57.2082786 ,     50.7499824 ,   47.44794434,   84.85097419,   37.92760317,     24.17360924], [ -112.43920635,  -69.71332862,  105.65640621,   16.20899969,     73.43975861,   30.97745007,   54.68943407,   27.92747145,     44.15165353,   34.29878904,   37.92760317,   64.82021706,     36.65904215], [ -287.82975471,  -17.55313308,   28.87820819,    3.24233614,     26.3372447 ,   16.14540418,   33.63745031,   23.97806877,     34.35673725,   24.79265416,   24.17360924,   36.65904215,     51.27894434]]
/root/sim/music/out/The_Jesus_And_Mary_Chain/Automatic/09_Half_Way_To_Crazy.mp3; [-576.97174   ,  91.83301   ,  -8.024772  ,  42.645885  ,  11.334139  ,   -0.40453687,  -6.3096237 ,   0.6528406 ,  -8.105753  ,  -6.9555306 ,   -5.042912  ,  -4.9535055 ,  -6.3805766 ]; [[5885.45602059,-717.64721907,-294.30751754,-162.71810186,-214.53804704,  -110.61296782,-185.27145003,  25.3677092 ,  16.28004838, 126.99920028,   108.33624898,  96.35216006, 140.36461799], [-717.64721907, 686.89141694,-289.64140486, 149.19172422,  38.36460932,    -8.4298644 ,  87.01926439,   5.98920116,   6.72208425, -44.27820302,   -26.2174383 ,  14.08252861, -65.12850472], [-294.30751754,-289.64140486, 629.93406774,-102.52051711,  17.68912286,    67.1157269 , -20.18434559,  -8.62305868,  -4.78632436,  33.85009651,    33.28292817, -47.50653623,  48.73650115], [-162.71810186, 149.19172422,-102.52051711, 202.46391035,  59.28315065,     4.02171216,   1.59118914, -16.48797068,  -6.80378058, -29.64906241,   -24.6054239 ,   3.65939684,  -4.60590075], [-214.53804704,  38.36460932,  17.68912286,  59.28315065, 127.70618852,    22.92859965,  35.26293356,   4.94794034,  -1.80526888, -14.87416704,    -3.64820083,   8.08591699,  -1.05115022], [-110.61296782,  -8.4298644 ,  67.1157269 ,   4.02171216,  22.92859965,    82.37912166,  34.11359041,  12.24497235,   3.4261629 ,   1.23401503,     5.30045903,   6.82369635,   4.91772717], [-185.27145003,  87.01926439, -20.18434559,   1.59118914,  35.26293356,    34.11359041, 103.69647888,  31.91741521,  13.09591115,  -2.75857209,     4.8471982 ,  16.72359741, -11.18482867], [  25.3677092 ,   5.98920116,  -8.62305868, -16.48797068,   4.94794034,    12.24497235,  31.91741521,  65.27691388,  22.82693683,  11.90649838,     7.81834197,   9.80461442,   3.44370545], [  16.28004838,   6.72208425,  -4.78632436,  -6.80378058,  -1.80526888,     3.4261629 ,  13.09591115,  22.82693683,  69.06961723,  26.43157037,     6.65666517,   9.72031758,  -7.20447924], [ 126.99920028, -44.27820302,  33.85009651, -29.64906241, -14.87416704,     1.23401503,  -2.75857209,  11.90649838,  26.43157037,  75.78953589,    34.81906884,   2.17737562,   6.64957924], [ 108.33624898, -26.2174383 ,  33.28292817, -24.6054239 ,  -3.64820083,     5.30045903,   4.8471982 ,   7.81834197,   6.65666517,  34.81906884,    66.58853563,  19.29861359,   9.68706995], [  96.35216006,  14.08252861, -47.50653623,   3.65939684,   8.08591699,     6.82369635,  16.72359741,   9.80461442,   9.72031758,   2.17737562,    19.29861359,  67.49174298,  19.9779341 ], [ 140.36461799, -65.12850472,  48.73650115,  -4.60590075,  -1.05115022,     4.91772717, -11.18482867,   3.44370545,  -7.20447924,   6.64957924,     9.68706995,  19.9779341 ,  68.1470712 ]]
/root/sim/music/out/The_Jesus_And_Mary_Chain/Automatic/04_Between_Planets.mp3; [-594.3987   ,  92.75181  ,  -8.890327 ,  48.28543  ,   7.054655 ,    6.992457 ,   3.351941 ,   8.223967 ,  -1.1474161,  -4.7529154,    1.3292365,   2.340836 ,  -0.7272894]; [[7709.41939281,-432.40733596,-302.17796816,-207.45588417,-156.95639076,   111.68869498, -12.62752264, 153.07721754, -21.40048519, 113.16889051,    85.93795329,  36.98799018,  73.98466315], [-432.40733596, 588.90666427,-245.26822416, 226.98572463, -20.64676293,   -45.61777769,  45.73389465, -50.58657077,  27.98937473, -68.40928755,   -13.46542168,  24.78559185, -10.53155695], [-302.17796816,-245.26822416, 551.30597947,-199.65144778, 118.94555012,    17.1937522 , -63.68265686,  32.66851703, -31.61614711,  76.52112604,     6.74616767, -28.47326885,   4.50729565], [-207.45588417, 226.98572463,-199.65144778, 245.22536585, -12.90373072,   -14.81052746,  17.17057885, -37.31103225,  16.68175115, -66.32134309,   -20.60519608,   7.01191165,  -5.08058447], [-156.95639076, -20.64676293, 118.94555012, -12.90373072, 123.94419738,    11.49372003,  16.30753933,   7.25624402,   6.12729146,   9.23155006,     6.02969775,  -2.22189228,  -0.29381298], [ 111.68869498, -45.61777769,  17.1937522 , -14.81052746,  11.49372003,    60.26743548,  13.09895623,  18.12954647,  -2.07727021,   9.47741549,     3.06784947,  -3.73382711,  -6.48450616], [ -12.62752264,  45.73389465, -63.68265686,  17.17057885,  16.30753933,    13.09895623,  91.75979626,  10.01273272,  25.40815599, -21.2119852 ,    -2.28832241,  12.87099947, -13.59477042], [ 153.07721754, -50.58657077,  32.66851703, -37.31103225,   7.25624402,    18.12954647,  10.01273272,  60.37294799,   7.11195424,  16.64294102,     2.4418626 ,  -0.63257178,   5.22361725], [ -21.40048519,  27.98937473, -31.61614711,  16.68175115,   6.12729146,    -2.07727021,  25.40815599,   7.11195424,  55.90276985,   6.54690835,     5.95250717,   5.79562489,  -4.14462997], [ 113.16889051, -68.40928755,  76.52112604, -66.32134309,   9.23155006,     9.47741549, -21.2119852 ,  16.64294102,   6.54690835,  72.69849719,    23.3307837 ,  -0.20434473,   0.7619926 ], [  85.93795329, -13.46542168,   6.74616767, -20.60519608,   6.02969775,     3.06784947,  -2.28832241,   2.4418626 ,   5.95250717,  23.3307837 ,    47.99566361,  14.49195504,   9.56888117], [  36.98799018,  24.78559185, -28.47326885,   7.01191165,  -2.22189228,    -3.73382711,  12.87099947,  -0.63257178,   5.79562489,  -0.20434473,    14.49195504,  47.76064815,  12.71913999], [  73.98466315, -10.53155695,   4.50729565,  -5.08058447,  -0.29381298,    -6.48450616, -13.59477042,   5.22361725,  -4.14462997,   0.7619926 ,     9.56888117,  12.71913999,  50.62347824]]
/root/sim/music/out/The_Jesus_And_Mary_Chain/Automatic/08_Take_It.mp3; [-570.93994   ,  79.96071   , -15.317232  ,  35.416428  ,   6.5735044 ,    2.9919271 ,  -8.746783  ,  -0.18059064,  -0.6464167 ,  -4.528767  ,   -4.1100707 ,   0.09582571,  -3.8129513 ]; [[7848.69654962,-102.93193071,-232.29881941,  14.7187042 ,-286.84874033,    61.37319033,  99.30358347,  -5.23432308, -50.99960856,  43.40715632,   -89.04085281, -38.96581273,   2.0966838 ], [-102.93193071, 619.54151482,-329.28657497,  68.8917831 , -20.50990536,    43.23093965,  14.49788204,  63.80960426,  70.34094011,  15.08276365,    33.01137305,  -8.17647313,   2.65005628], [-232.29881941,-329.28657497, 775.87672093, -68.85312316, 101.74518339,   -39.62185799,  14.29139861,  13.18630777, -65.8233119 ,  23.23784668,    34.42948159,  38.10256003,  10.51100352], [  14.7187042 ,  68.8917831 , -68.85312316, 223.44773884,  19.41839765,    42.17962882,  -7.09875019,  23.80309459,  29.05428917,  11.92693637,    11.18030623,   3.84930411,  17.23358484], [-286.84874033, -20.50990536, 101.74518339,  19.41839765, 170.19396825,    29.49528934,   7.97664636,  32.23926758,  20.47367474,   9.69969628,    22.67347103,  19.29774219,   3.28135865], [  61.37319033,  43.23093965, -39.62185799,  42.17962882,  29.49528934,   100.4012635 ,  40.49226705,  44.21262354,  24.75936217,  24.14204972,    17.03542723,  19.90965354,   6.05194036], [  99.30358347,  14.49788204,  14.29139861,  -7.09875019,   7.97664636,    40.49226705,  89.44578907,  30.09058256,  19.87839149,  18.39942658,     9.44517728,  16.46767501,   9.26177156], [  -5.23432308,  63.80960426,  13.18630777,  23.80309459,  32.23926758,    44.21262354,  30.09058256, 101.75298489,  45.74515874,  40.6917157 ,    23.89235286,  17.98921923,   9.78263705], [ -50.99960856,  70.34094011, -65.8233119 ,  29.05428917,  20.47367474,    24.75936217,  19.87839149,  45.74515874,  80.24415587,  34.13086394,    18.16986581,   8.7652267 ,   5.26781337], [  43.40715632,  15.08276365,  23.23784668,  11.92693637,   9.69969628,    24.14204972,  18.39942658,  40.6917157 ,  34.13086394,  83.44697021,    28.50943603,  17.47645412,  12.03775283], [ -89.04085281,  33.01137305,  34.42948159,  11.18030623,  22.67347103,    17.03542723,   9.44517728,  23.89235286,  18.16986581,  28.50943603,    56.53388662,  19.28128098,   6.33446576], [ -38.96581273,  -8.17647313,  38.10256003,   3.84930411,  19.29774219,    19.90965354,  16.46767501,  17.98921923,   8.7652267 ,  17.47645412,    19.28128098,  50.09991426,  16.57319885], [   2.0966838 ,   2.65005628,  10.51100352,  17.23358484,   3.28135865,     6.05194036,   9.26177156,   9.78263705,   5.26781337,  12.03775283,     6.33446576,  16.57319885,  43.53311912]]
/root/sim/music/out/The_Jesus_And_Mary_Chain/Automatic/11_Drop.mp3; [-732.23114   , 123.97271   ,  33.57596   ,  31.71854   ,  12.828858  ,    2.3571415 ,  -2.2063422 ,   5.102473  ,  -0.5333204 ,   1.3874164 ,    0.39270392,  -0.3103238 ,  -2.6207356 ]; [[22307.34899858, -656.75878205, -265.13979503,  757.04093896,    372.35812496,  243.48222183,   35.2368694 ,  344.63859171,    -19.8542933 ,  -99.40304196,   55.08119287,   95.84747058,     36.93686582], [ -656.75878205, 2881.02080585, -185.63340962, -153.27318832,   -102.62827467, -117.33413359,    4.14718112,    1.46870668,     31.06420745,   53.90835295,    9.4899674 ,  -47.50252876,      3.58288852], [ -265.13979503, -185.63340962,  499.87633021,   -0.10361451,      7.25508678,   19.95346377,  -16.39603933,  -30.06775149,     -0.57764699,   14.90723159,  -20.49184049,   -3.93974465,    -37.73389577], [  757.04093896, -153.27318832,   -0.10361451,  317.2636988 ,    125.25118702,   37.40856911,    2.77353838,  -14.20664567,    -30.10498599,  -22.46983284,  -17.48136071,   28.8447322 ,     18.66174289], [  372.35812496, -102.62827467,    7.25508678,  125.25118702,    192.99840574,   25.32627814,    8.65501728,  -11.64770576,    -18.16916057,   -6.14778738,   -2.7568183 ,   11.65872352,      7.24449891], [  243.48222183, -117.33413359,   19.95346377,   37.40856911,     25.32627814,  143.49657752,   29.6272645 ,   -0.41156779,      5.27588537,  -14.72194813,    1.83883779,    4.38581671,     -0.14630946], [   35.2368694 ,    4.14718112,  -16.39603933,    2.77353838,      8.65501728,   29.6272645 ,   81.97957853,   16.5871128 ,     11.82601774,   -4.59375856,    6.09955867,   10.34610191,      7.1512501 ], [  344.63859171,    1.46870668,  -30.06775149,  -14.20664567,    -11.64770576,   -0.41156779,   16.5871128 ,   88.99067753,     17.69937579,   -1.76835849,    6.51174834,   -9.99961635,     -4.33759093], [  -19.8542933 ,   31.06420745,   -0.57764699,  -30.10498599,    -18.16916057,    5.27588537,   11.82601774,   17.69937579,     88.27926313,    0.3422988 ,    9.01753165,   -3.17882336,     -0.04380663], [  -99.40304196,   53.90835295,   14.90723159,  -22.46983284,     -6.14778738,  -14.72194813,   -4.59375856,   -1.76835849,      0.3422988 ,   68.68887055,    8.89164066,  -12.95094222,    -21.07595122], [   55.08119287,    9.4899674 ,  -20.49184049,  -17.48136071,     -2.7568183 ,    1.83883779,    6.09955867,    6.51174834,      9.01753165,    8.89164066,   70.51907142,   17.90232053,      5.09995785], [   95.84747058,  -47.50252876,   -3.93974465,   28.8447322 ,     11.65872352,    4.38581671,   10.34610191,   -9.99961635,     -3.17882336,  -12.95094222,   17.90232053,   82.36544863,     39.40507157], [   36.93686582,    3.58288852,  -37.73389577,   18.66174289,      7.24449891,   -0.14630946,    7.1512501 ,   -4.33759093,     -0.04380663,  -21.07595122,    5.09995785,   39.40507157,     78.6109265 ]]
/root/sim/music/out/The_Jesus_And_Mary_Chain/Automatic/06_Her_Way_Of_Praying.mp3; [-562.09064  , 101.0756   , -15.354566 ,  28.403545 ,   6.397787 ,   -2.0471182,  -7.148472 ,   3.317029 ,  -5.093689 ,  -5.326731 ,   -3.7008872,  -1.7719244,  -3.537154 ]; [[6133.79483032,-757.98257777,-598.39672882,-149.70937322,-126.70872701,  -173.20972467,-163.73337321,  35.30746275,  39.31563676, -27.18203609,    81.87184423, 125.92155242,  88.34408223], [-757.98257777, 796.54326073,-248.17245555,  99.65762993,  45.99688025,   -10.0863815 ,  56.76181098, -13.06189172, -15.25188254,   2.48261149,   -14.25227491,  -3.31769882, -42.44717041], [-598.39672882,-248.17245555, 662.94779225,  -7.93355685,  -4.18448844,    73.88918413, -29.24082772, -20.12350899, -12.83883129,  21.09295473,    -4.55063962, -42.78712832,  29.26479036], [-149.70937322,  99.65762993,  -7.93355685, 159.88910825,  12.40664042,    20.12963771,  -8.14367045,  -2.92523073,   0.3137283 ,  -5.72171392,     1.10769843,   5.98296365,   3.44032728], [-126.70872701,  45.99688025,  -4.18448844,  12.40664042, 112.73085953,    17.69610477,  18.89474024,   2.69616897,   1.63003228,   5.76999847,     1.58610623,   3.76364334,   0.53879841], [-173.20972467, -10.0863815 ,  73.88918413,  20.12963771,  17.69610477,    79.11769945,  31.63617176,  14.16643972,   4.95071872,   5.06507839,     0.89490999,  -1.35693878,   0.03489814], [-163.73337321,  56.76181098, -29.24082772,  -8.14367045,  18.89474024,    31.63617176, 102.06758422,  33.76176528,  22.5845389 ,   0.09751701,    -6.85331061,   6.63859754, -15.26498898], [  35.30746275, -13.06189172, -20.12350899,  -2.92523073,   2.69616897,    14.16643972,  33.76176528,  74.12507308,  26.83654489,   7.13475024,     2.21580147,   1.23892314,   4.36213405], [  39.31563676, -15.25188254, -12.83883129,   0.3137283 ,   1.63003228,     4.95071872,  22.5845389 ,  26.83654489,  57.38429705,  20.68490088,     9.5544811 ,   7.76951326,   1.55078321], [ -27.18203609,   2.48261149,  21.09295473,  -5.72171392,   5.76999847,     5.06507839,   0.09751701,   7.13475024,  20.68490088,  56.70101941,    18.71520334,   0.86658355,   4.1917054 ], [  81.87184423, -14.25227491,  -4.55063962,   1.10769843,   1.58610623,     0.89490999,  -6.85331061,   2.21580147,   9.5544811 ,  18.71520334,    45.23667564,  18.10193087,  12.19838519], [ 125.92155242,  -3.31769882, -42.78712832,   5.98296365,   3.76364334,    -1.35693878,   6.63859754,   1.23892314,   7.76951326,   0.86658355,    18.10193087,  47.82349768,  12.66265852], [  88.34408223, -42.44717041,  29.26479036,   3.44032728,   0.53879841,     0.03489814, -15.26498898,   4.36213405,   1.55078321,   4.1917054 ,    12.19838519,  12.66265852,  52.36603813]]
/root/sim/music/out/The_Jesus_And_Mary_Chain/Automatic/05_UV_Ray.mp3; [-606.3339    ,  92.938736  , -20.965078  ,  44.219234  ,   9.148678  ,    2.9798853 ,  -4.2102146 ,   2.3272827 ,  -4.588308  ,  -5.1559668 ,    4.06485   ,   0.07576648,  -5.5134883 ]; [[13200.64405304,  137.49529462, -837.79546064,  493.28089255,    -30.31053876, -249.43630662, -183.34599623, -101.35051199,   -221.01164666, -143.52429143,   26.39824131,  -27.33522004,   -166.54268448], [  137.49529462, 1142.47744616, -446.69750551,  108.02757909,    -16.37968   ,   -2.52603319,   69.02081696,   11.04943261,    -53.14682531,   -9.71159662,   27.87597452,   14.61466941,    -52.11770016], [ -837.79546064, -446.69750551, 1271.23335684, -149.13736566,    128.29353954,   59.20387695,   33.79059307,   11.76109542,    119.65713614,   56.56059942,  -55.76600382,   17.27975217,     86.5619597 ], [  493.28089255,  108.02757909, -149.13736566,  299.55429293,     52.60164238,   11.67050706,  -27.87158501,    0.52196784,      6.55892224,  -18.80086959,   15.24309881,   24.02017014,     11.11412157], [  -30.31053876,  -16.37968   ,  128.29353954,   52.60164238,    175.35881896,   35.2347131 ,   45.25471814,   15.74556082,     17.74092416,   10.98606241,    6.32689018,   16.70758324,     10.53263365], [ -249.43630662,   -2.52603319,   59.20387695,   11.67050706,     35.2347131 ,  106.12454822,   49.21309414,   30.2091448 ,     21.28184831,   19.1512101 ,   14.38920071,    6.69343253,      5.27186261], [ -183.34599623,   69.02081696,   33.79059307,  -27.87158501,     45.25471814,   49.21309414,  124.57350555,   29.7844857 ,     10.01089355,   15.72811633,    2.53278876,    5.50856134,    -14.61755694], [ -101.35051199,   11.04943261,   11.76109542,    0.52196784,     15.74556082,   30.2091448 ,   29.7844857 ,   82.04395734,     41.96872076,   16.68089937,    7.62522796,    4.51135257,     15.21879264], [ -221.01164666,  -53.14682531,  119.65713614,    6.55892224,     17.74092416,   21.28184831,   10.01089355,   41.96872076,     97.67916624,   45.17795561,    8.17168816,    9.39511573,     27.5360948 ], [ -143.52429143,   -9.71159662,   56.56059942,  -18.80086959,     10.98606241,   19.1512101 ,   15.72811633,   16.68089937,     45.17795561,   71.05264803,   22.00818552,    7.89504089,      7.80159234], [   26.39824131,   27.87597452,  -55.76600382,   15.24309881,      6.32689018,   14.38920071,    2.53278876,    7.62522796,      8.17168816,   22.00818552,   60.7531681 ,   20.3020124 ,      8.60819711], [  -27.33522004,   14.61466941,   17.27975217,   24.02017014,     16.70758324,    6.69343253,    5.50856134,    4.51135257,      9.39511573,    7.89504089,   20.3020124 ,   52.47934233,     24.72162939], [ -166.54268448,  -52.11770016,   86.5619597 ,   11.11412157,     10.53263365,    5.27186261,  -14.61755694,   15.21879264,     27.5360948 ,    7.80159234,    8.60819711,   24.72162939,     65.88942043]]
/root/sim/music/out/The_Jesus_And_Mary_Chain/Automatic/02_Coast_To_Coast.mp3; [-615.91315   ,  98.648994  ,   0.89773303,  45.072056  ,   6.2280774 ,    2.6807752 ,  -6.228966  ,   2.2814376 ,  -0.49750134,  -1.6706402 ,    1.883124  ,   0.5725098 ,  -0.94649404]; [[13544.20318447, -487.12770872, -294.34087852,  175.88345435,   -364.67174298,   -5.89867052, -110.06639697,  -80.22043891,     41.46595917,   63.66359334,  -52.42988693,  -45.45257898,     -4.96585455], [ -487.12770872,  747.17735642, -272.05723181,  162.46331228,     12.90478281,   -6.73429788,   41.09879975,    7.12215691,     24.58471111,  -49.30833275,   15.65214766,   14.45610778,    -48.03096174], [ -294.34087852, -272.05723181,  587.69694847, -178.77293297,     98.1704004 ,   24.43094134,  -37.20070011,   26.19719071,    -41.84253466,   41.67336647,   -7.62449305,   -4.892714  ,     68.48988716], [  175.88345435,  162.46331228, -178.77293297,  222.23570573,    -19.33619603,   15.9282035 ,    9.30157546,   -9.80991589,     20.9727866 ,  -11.9815937 ,    6.27227546,    5.20787702,     -8.8508892 ], [ -364.67174298,   12.90478281,   98.1704004 ,  -19.33619603,    144.13547415,   18.31789777,   -6.31878639,   29.50238194,    -17.4598664 ,    6.90843719,    2.35667246,    0.42811913,     19.58966727], [   -5.89867052,   -6.73429788,   24.43094134,   15.9282035 ,     18.31789777,   70.87954211,   -0.89151244,   15.3966752 ,     -8.20705562,    2.93637412,   -3.25998233,   -5.13061213,     11.18719602], [ -110.06639697,   41.09879975,  -37.20070011,    9.30157546,     -6.31878639,   -0.89151244,   85.92350704,   -5.64447877,     24.00232533,   -6.83164954,   -0.85549953,    7.04165739,    -23.57662771], [  -80.22043891,    7.12215691,   26.19719071,   -9.80991589,     29.50238194,   15.3966752 ,   -5.64447877,   69.98789407,     -0.55322099,    6.90850261,    2.59815324,   -6.59756242,     13.55972518], [   41.46595917,   24.58471111,  -41.84253466,   20.9727866 ,    -17.4598664 ,   -8.20705562,   24.00232533,   -0.55322099,     63.54900156,    5.19889089,    3.09145131,    7.24163619,    -12.58258831], [   63.66359334,  -49.30833275,   41.67336647,  -11.9815937 ,      6.90843719,    2.93637412,   -6.83164954,    6.90850261,      5.19889089,   64.36900556,    7.4697238 ,    2.02678608,     10.38362755], [  -52.42988693,   15.65214766,   -7.62449305,    6.27227546,      2.35667246,   -3.25998233,   -0.85549953,    2.59815324,      3.09145131,    7.4697238 ,   42.27927816,    8.87969882,     -0.49429834], [  -45.45257898,   14.45610778,   -4.892714  ,    5.20787702,      0.42811913,   -5.13061213,    7.04165739,   -6.59756242,      7.24163619,    2.02678608,    8.87969882,   42.75831943,      6.27913382], [   -4.96585455,  -48.03096174,   68.48988716,   -8.8508892 ,     19.58966727,   11.18719602,  -23.57662771,   13.55972518,    -12.58258831,   10.38362755,   -0.49429834,    6.27913382,     63.50044521]]
/root/sim/music/out/The_Jesus_And_Mary_Chain/Automatic/07_Head_On.mp3; [-607.92896   , 102.06493   ,  -1.4741455 ,  42.45447   ,  12.943957  ,    4.497827  ,   0.35607365,   4.6734147 ,  -1.867137  ,  -1.116897  ,    1.6416467 ,   1.0133994 ,  -1.7988224 ]; [[12814.33471682, -586.36865416, -625.10781809,  378.00116728,    -85.23924449,  -97.89256989, -192.73909499,  -50.97149929,    -50.65329633,   85.70552112,   59.99040383,   20.38796142,    -26.90060782], [ -586.36865416, 1129.747528  , -120.39875082,  -32.1576238 ,     15.73202607,   29.21582144,   98.11506514,   26.10571016,     45.79896004,  -38.54427038,    0.29066467,  -19.37422916,    -21.74595898], [ -625.10781809, -120.39875082,  757.51386762, -169.18018924,     62.75311126,   61.87126364,   19.17349948,   12.50392232,     39.82904585,   40.32957735,   -7.4233775 ,   44.52813948,     21.93455799], [  378.00116728,  -32.1576238 , -169.18018924,  273.1529886 ,     23.33608518,  -28.03986248,  -31.10478117,  -23.48803882,    -12.25219412,  -14.91170879,    3.64584407,  -16.75778791,     -4.91570919], [  -85.23924449,   15.73202607,   62.75311126,   23.33608518,    121.54929175,    3.84160958,   15.22783517,    2.76764247,     13.47473275,   -0.18006065,    2.84227057,    4.7920305 ,     -5.23389411], [  -97.89256989,   29.21582144,   61.87126364,  -28.03986248,      3.84160958,   86.97804882,   26.99363899,   11.3358571 ,      1.96333198,   -4.7075829 ,   -5.96063404,    1.48617373,     -2.55953693], [ -192.73909499,   98.11506514,   19.17349948,  -31.10478117,     15.22783517,   26.99363899,  106.99824368,   24.73468476,     19.75238087,   -0.64598104,    2.9958462 ,   -0.47755122,     -9.48547002], [  -50.97149929,   26.10571016,   12.50392232,  -23.48803882,      2.76764247,   11.3358571 ,   24.73468476,   65.40284158,     12.10967095,   -3.48545825,   -6.26842378,   -2.01282113,      4.20081176], [  -50.65329633,   45.79896004,   39.82904585,  -12.25219412,     13.47473275,    1.96333198,   19.75238087,   12.10967095,     66.74418461,   19.40422901,    4.08203378,   -1.31113936,     -6.2654091 ], [   85.70552112,  -38.54427038,   40.32957735,  -14.91170879,     -0.18006065,   -4.7075829 ,   -0.64598104,   -3.48545825,     19.40422901,   60.87371992,   18.13963341,    1.53498912,     -4.11627182], [   59.99040383,    0.29066467,   -7.4233775 ,    3.64584407,      2.84227057,   -5.96063404,    2.9958462 ,   -6.26842378,      4.08203378,   18.13963341,   52.61356389,   12.31062381,     -2.07093197], [   20.38796142,  -19.37422916,   44.52813948,  -16.75778791,      4.7920305 ,    1.48617373,   -0.47755122,   -2.01282113,     -1.31113936,    1.53498912,   12.31062381,   50.7695246 ,     17.99534472], [  -26.90060782,  -21.74595898,   21.93455799,   -4.91570919,     -5.23389411,   -2.55953693,   -9.48547002,    4.20081176,     -6.2654091 ,   -4.11627182,   -2.07093197,   17.99534472,     45.8083126 ]]
/root/sim/music/out/The_Jesus_And_Mary_Chain/Automatic/01_Here_Comes_Alice.mp3; [-633.0422   , 108.25616  ,   4.9510317,  36.123528 ,   4.447281 ,    5.2508345,  -3.2504678,   8.121528 ,   2.115692 ,  -0.4152808,   -2.5132515,   1.9909055,  -1.9172142]; [[15838.45004359,  268.52581641,-1485.55693321,   26.03894887,   -136.32752009, -338.29358456, -247.66846501,   74.33016126,    -54.21804882, -198.63644965, -163.59424832,   74.53617164,     36.05446846], [  268.52581641, 1224.12645304, -512.01221811,  200.94268028,    -51.85611222,  -35.18608359,   77.68127381,  -56.67006037,     60.69275612,  -82.93387334,  -43.88601366,   24.76564899,    -33.16432496], [-1485.55693321, -512.01221811, 1058.02040517, -195.69502329,     72.86172721,  155.26576985,   -6.09125756,   61.04789845,    -34.41171254,  134.59119153,   92.0715853 ,  -36.22274243,     25.64293871], [   26.03894887,  200.94268028, -195.69502329,  220.5011551 ,     -6.92343869,  -16.85493059,   18.56691151,  -34.82423238,     19.55640584,  -30.00601025,  -24.15178223,   13.19467626,     -6.34699486], [ -136.32752009,  -51.85611222,   72.86172721,   -6.92343869,     97.89665967,   -3.49553618,    7.929937  ,    7.6252427 ,     -1.82583972,    9.41059814,    5.33304143,    0.74023785,      8.60534099], [ -338.29358456,  -35.18608359,  155.26576985,  -16.85493059,     -3.49553618,   91.80133466,   21.63724884,   16.78071786,      1.53708816,   22.3093958 ,   20.00693996,   -5.12533545,     -0.21038383], [ -247.66846501,   77.68127381,   -6.09125756,   18.56691151,      7.929937  ,   21.63724884,   83.21927694,    7.38475979,     26.5482722 ,   -3.92399103,    7.49914429,    6.93393195,      4.1664007 ], [   74.33016126,  -56.67006037,   61.04789845,  -34.82423238,      7.6252427 ,   16.78071786,    7.38475979,   69.78166718,      1.61862987,   29.77482222,   16.27993779,   -0.58249796,      9.81472903], [  -54.21804882,   60.69275612,  -34.41171254,   19.55640584,     -1.82583972,    1.53708816,   26.5482722 ,    1.61862987,     72.97467959,    3.73649267,    4.11995717,   15.62447765,      9.70455196], [ -198.63644965,  -82.93387334,  134.59119153,  -30.00601025,      9.41059814,   22.3093958 ,   -3.92399103,   29.77482222,      3.73649267,   73.84345769,   36.28911656,    1.24604213,     10.14735984], [ -163.59424832,  -43.88601366,   92.0715853 ,  -24.15178223,      5.33304143,   20.00693996,    7.49914429,   16.27993779,      4.11995717,   36.28911656,   59.78691428,   13.5501386 ,     12.04230952], [   74.53617164,   24.76564899,  -36.22274243,   13.19467626,      0.74023785,   -5.12533545,    6.93393195,   -0.58249796,     15.62447765,    1.24604213,   13.5501386 ,   50.34081031,     18.60656576], [   36.05446846,  -33.16432496,   25.64293871,   -6.34699486,      8.60534099,   -0.21038383,    4.1664007 ,    9.81472903,      9.70455196,   10.14735984,   12.04230952,   18.60656576,     44.97158048]]
/root/sim/music/out/The_Jesus_And_Mary_Chain/Honey's_Dead/06_Tumbledown.mp3; [-530.44653   ,  81.036     , -22.592562  ,  44.17033   ,  14.597903  ,    4.938737  ,   2.3737338 ,   1.1192342 ,  -4.7570148 ,   1.4708606 ,   -8.962216  ,   2.2859159 ,   0.64377195]; [[6423.96526814,-380.41190092,-307.61830992, 296.87304524, 195.89831238,   -40.29442779, 116.69585205,  90.73661101,  90.95444402,  27.33071771,   -84.52852712,  35.48094888,  89.18001427], [-380.41190092, 908.92518599,-184.63486132,  75.24717981, -27.90582433,    72.40027909, -12.9673348 ,  -1.48628945, -75.5547024 ,   5.60964047,    -0.05795866,  -1.63549977, -29.16201254], [-307.61830992,-184.63486132, 301.95786323, -93.63351424,   6.59857992,     1.75148494, -20.42468277,  -3.61150755,  16.38660918,  -5.21808215,    38.21241105,  -0.7246252 ,  -1.56819336], [ 296.87304524,  75.24717981, -93.63351424, 185.55019822,  47.15738066,    40.16335771,  46.78102181,  16.63689713,   8.01979074,  10.68967856,    -1.23349985,  18.34850508,  11.13373679], [ 195.89831238, -27.90582433,   6.59857992,  47.15738066, 113.50370315,    23.38163848,  40.62767504,  25.17592904,  24.25463149,  -2.42323177,    22.02710952,   6.38219941,  15.05902319], [ -40.29442779,  72.40027909,   1.75148494,  40.16335771,  23.38163848,    95.33605413,  37.93213711,  20.48953357,  -8.49765408,   3.8612039 ,     3.49820881,   0.15148462, -11.15000425], [ 116.69585205, -12.9673348 , -20.42468277,  46.78102181,  40.62767504,    37.93213711,  93.57012731,  26.92988001,  17.29839902,   9.10934154,    -4.30189949,   1.73398513,  -1.18824227], [  90.73661101,  -1.48628945,  -3.61150755,  16.63689713,  25.17592904,    20.48953357,  26.92988001,  61.61992069,  29.5295173 ,  12.61485113,    14.33956434,   7.18701981,   8.56018459], [  90.95444402, -75.5547024 ,  16.38660918,   8.01979074,  24.25463149,    -8.49765408,  17.29839902,  29.5295173 ,  64.40479486,  24.7984626 ,    21.60340356,   9.21714231,  14.87224322], [  27.33071771,   5.60964047,  -5.21808215,  10.68967856,  -2.42323177,     3.8612039 ,   9.10934154,  12.61485113,  24.7984626 ,  58.10560332,     9.2229335 ,  14.67945269,   4.8798556 ], [ -84.52852712,  -0.05795866,  38.21241105,  -1.23349985,  22.02710952,     3.49820881,  -4.30189949,  14.33956434,  21.60340356,   9.2229335 ,    78.30873763,  16.54977466,  14.57444236], [  35.48094888,  -1.63549977,  -0.7246252 ,  18.34850508,   6.38219941,     0.15148462,   1.73398513,   7.18701981,   9.21714231,  14.67945269,    16.54977466,  44.09857443,  24.26390078], [  89.18001427, -29.16201254,  -1.56819336,  11.13373679,  15.05902319,   -11.15000425,  -1.18824227,   8.56018459,  14.87224322,   4.8798556 ,    14.57444236,  24.26390078,  47.92843757]]
/root/sim/music/out/The_Jesus_And_Mary_Chain/Honey's_Dead/01_Reverence.mp3; [-543.78296  ,  72.20854  , -25.86963  ,  35.89563  ,  26.311695 ,    9.00913  ,   1.6225669,  14.520262 ,  -4.680906 ,   0.2492636,   -8.068461 ,   4.532369 ,  -3.9660213]; [[12772.3936031 , -220.33504835, -502.97326917,  166.27223465,   -112.00248912,  -65.89509942, -140.78798444,   59.33749298,      1.64392975,   84.29805542,  -55.35805449,  -10.57742979,     56.94838865], [ -220.33504835,  790.81556777,   -1.27453124,  135.31809701,    134.35286827,  -52.07886043,   79.1406338 ,   77.18711903,    -56.87514408,  -56.53905481,  -60.53560577,   59.44801461,    -44.38482837], [ -502.97326917,   -1.27453124,  512.83965364,  -24.42453632,      6.96285586,   34.95898523,  -44.58667662,   12.24903356,      8.32326164,  -42.9797649 ,   17.56192503,  -13.36082833,    -21.55758777], [  166.27223465,  135.31809701,  -24.42453632,  148.45550204,     50.30902982,    4.52337441,   11.57146489,   14.99043242,     -1.15908469,   -0.60437916,  -10.42737892,   15.17311665,      5.26381183], [ -112.00248912,  134.35286827,    6.96285586,   50.30902982,    149.43971477,   17.34793713,   42.36528766,   40.33081612,    -18.92415562,   -1.08328274,  -17.03625283,   30.37457168,     -9.61543958], [  -65.89509942,  -52.07886043,   34.95898523,    4.52337441,     17.34793713,   92.79932567,   19.07710223,    0.25429791,      5.85648077,    2.89285472,   11.80291931,   -9.70957653,      0.52713313], [ -140.78798444,   79.1406338 ,  -44.58667662,   11.57146489,     42.36528766,   19.07710223,   91.33036984,   39.18535817,      2.23980518,    2.68350047,  -12.25796068,    6.07215467,    -10.84687466], [   59.33749298,   77.18711903,   12.24903356,   14.99043242,     40.33081612,    0.25429791,   39.18535817,   76.97955899,     11.3095234 ,   -2.75010389,  -10.9135588 ,    9.10150817,     -6.08203446], [    1.64392975,  -56.87514408,    8.32326164,   -1.15908469,    -18.92415562,    5.85648077,    2.23980518,   11.3095234 ,     65.99298758,   23.55680975,   13.14695166,   -6.32026637,      7.15912061], [   84.29805542,  -56.53905481,  -42.9797649 ,   -0.60437916,     -1.08328274,    2.89285472,    2.68350047,   -2.75010389,     23.55680975,   68.06316723,   19.19749171,    9.80015389,      9.94132992], [  -55.35805449,  -60.53560577,   17.56192503,  -10.42737892,    -17.03625283,   11.80291931,  -12.25796068,  -10.9135588 ,     13.14695166,   19.19749171,   53.75188968,   11.98334873,     17.99368654], [  -10.57742979,   59.44801461,  -13.36082833,   15.17311665,     30.37457168,   -9.70957653,    6.07215467,    9.10150817,     -6.32026637,    9.80015389,   11.98334873,   61.613904  ,     19.71881216], [   56.94838865,  -44.38482837,  -21.55758777,    5.26381183,     -9.61543958,    0.52713313,  -10.84687466,   -6.08203446,      7.15912061,    9.94132992,   17.99368654,   19.71881216,     52.83322499]]
/root/sim/music/out/The_Jesus_And_Mary_Chain/Honey's_Dead/08_Good_For_My_Soul.mp3; [-603.2397   ,  99.164825 ,   0.8684905,  27.28461  ,  21.308636 ,    1.3892226,  -3.3125894,   9.558769 ,  -2.5289803,  -4.644213 ,   -1.5540992,   5.426582 ,   3.1657424]; [[14858.7296189 ,  132.76463307,  -86.55439614,   38.14950979,    -89.86220972,  118.58066708, -321.87175849,    3.51371741,     29.19909003,  -29.04681022,   59.29825674,    1.29519244,    -22.22543763], [  132.76463307,  890.94055678, -393.79270853,  158.40976719,     70.68606394, -107.4182821 ,   32.96284194,   19.27758929,     -8.81233898,   18.12700031,   -4.78647165,   35.76819982,     46.87678448], [  -86.55439614, -393.79270853,  491.6813218 , -128.87354192,     11.15875803,   54.74756328,  -11.04867123,   21.16567269,     -8.6372297 ,  -23.97749482,    2.82445066,  -22.75678748,    -28.4478565 ], [   38.14950979,  158.40976719, -128.87354192,  225.98683597,    -14.27089315,   16.18708907,    6.22672347,  -15.23150226,    -15.66293131,   -8.77648731,  -22.47132931,   -4.37925165,     13.55211979], [  -89.86220972,   70.68606394,   11.15875803,  -14.27089315,    134.49059544,   -6.09889885,   31.75921578,   20.57988714,     10.19779668,    0.48522272,    9.86526987,   14.17882817,     18.43709737], [  118.58066708, -107.4182821 ,   54.74756328,   16.18708907,     -6.09889885,  101.35624434,    7.20825288,   12.05737275,      8.18330719,   -5.82753087,    7.56525441,   -3.29145542,     -3.77986507], [ -321.87175849,   32.96284194,  -11.04867123,    6.22672347,     31.75921578,    7.20825288,   87.16278186,   22.9728212 ,      7.44958457,   13.27912597,   -0.94479059,    4.14306902,      4.12482342], [    3.51371741,   19.27758929,   21.16567269,  -15.23150226,     20.57988714,   12.05737275,   22.9728212 ,   56.63930409,     18.58704077,    9.40319759,    4.91525926,   -0.15112242,      0.86621426], [   29.19909003,   -8.81233898,   -8.6372297 ,  -15.66293131,     10.19779668,    8.18330719,    7.44958457,   18.58704077,     53.62734573,   20.63213979,   16.49665423,    8.48332774,      5.42834549], [  -29.04681022,   18.12700031,  -23.97749482,   -8.77648731,      0.48522272,   -5.82753087,   13.27912597,    9.40319759,     20.63213979,   50.19813883,   18.06173688,    7.43884025,     -0.06231848], [   59.29825674,   -4.78647165,    2.82445066,  -22.47132931,      9.86526987,    7.56525441,   -0.94479059,    4.91525926,     16.49665423,   18.06173688,   46.69200827,   17.93624636,      7.97565233], [    1.29519244,   35.76819982,  -22.75678748,   -4.37925165,     14.17882817,   -3.29145542,    4.14306902,   -0.15112242,      8.48332774,    7.43884025,   17.93624636,   47.17292365,     25.58073218], [  -22.22543763,   46.87678448,  -28.4478565 ,   13.55211979,     18.43709737,   -3.77986507,    4.12482342,    0.86621426,      5.42834549,   -0.06231848,    7.97565233,   25.58073218,     48.23246654]]
/root/sim/music/out/The_Jesus_And_Mary_Chain/Honey's_Dead/09_Rollercoaster.mp3; [-556.92786  ,  84.02397  , -24.704288 ,  43.82592  ,  27.463661 ,    3.284881 ,   0.9512747,   7.266602 ,  -4.0658627,  -1.559629 ,    6.5423603,  -2.3472676,  -4.301093 ]; [[10648.60328814,   96.48365105,  -48.04247707,  -18.07767996,     41.58083377,  -90.85889809,  -86.16207616,   30.8152985 ,    -24.39924993,    7.55359397,   -1.99504769,  -39.22263566,    -34.45484749], [   96.48365105,  759.72236511, -233.99781702,  225.56692274,     -4.50780861,   39.72033057,   30.02660032,   -1.93352156,      4.73330849,  -12.33333456,    9.50164826,  -15.95238749,    -18.89059823], [  -48.04247707, -233.99781702,  328.40901098,  -53.61385726,     23.32522841,  -21.52046646,  -12.37635224,   21.86867832,     -5.61163106,   14.15268182,    8.0742831 ,   10.10469667,      7.51702869], [  -18.07767996,  225.56692274,  -53.61385726,  290.79558342,     46.11059282,   36.19574059,    1.88286603,   15.11601417,     12.28779796,    3.54973806,   21.14438905,    3.42105487,      2.07669162], [   41.58083377,   -4.50780861,   23.32522841,   46.11059282,    132.46414973,   24.9888949 ,   44.12086303,   12.58799971,     14.7516794 ,    6.31942356,   18.14312437,   16.44396021,     15.10224602], [  -90.85889809,   39.72033057,  -21.52046646,   36.19574059,     24.9888949 ,   71.50994784,   31.77891518,   14.8993439 ,      7.41732978,   -1.25038464,    7.66057252,    2.57002519,      8.46073416], [  -86.16207616,   30.02660032,  -12.37635224,    1.88286603,     44.12086303,   31.77891518,   79.79324109,   26.44899121,     14.14412997,   -2.46519415,   15.38834885,   12.37269715,     11.69880045], [   30.8152985 ,   -1.93352156,   21.86867832,   15.11601417,     12.58799971,   14.8993439 ,   26.44899121,   64.04141111,     26.77515717,   14.12430826,   12.04923443,    3.10332422,      7.03501593], [  -24.39924993,    4.73330849,   -5.61163106,   12.28779796,     14.7516794 ,    7.41732978,   14.14412997,   26.77515717,     55.21321866,   24.84856179,   10.24557995,    1.15912816,      7.6023054 ], [    7.55359397,  -12.33333456,   14.15268182,    3.54973806,      6.31942356,   -1.25038464,   -2.46519415,   14.12430826,     24.84856179,   50.76520068,   20.68567513,    5.40412032,      3.00052942], [   -1.99504769,    9.50164826,    8.0742831 ,   21.14438905,     18.14312437,    7.66057252,   15.38834885,   12.04923443,     10.24557995,   20.68567513,   49.43997041,   21.52130446,     11.05133161], [  -39.22263566,  -15.95238749,   10.10469667,    3.42105487,     16.44396021,    2.57002519,   12.37269715,    3.10332422,      1.15912816,    5.40412032,   21.52130446,   48.79150188,     25.75015394], [  -34.45484749,  -18.89059823,    7.51702869,    2.07669162,     15.10224602,    8.46073416,   11.69880045,    7.03501593,      7.6023054 ,    3.00052942,   11.05133161,   25.75015394,     46.8704906 ]]
