/root/sim/music/out/Oasis/Familiar_To_Millions_[Live]_[Disc_1]/1-04_Supersonic.mp3; [-477.11807   ,  98.88793   , -22.131678  ,  23.30067   ,   2.118566  ,    7.26748   ,   6.877102  ,   7.210681  ,  -3.4715014 ,   5.0838203 ,    0.04456829,  -1.9895202 ,  -6.286665  ]; [[1270.10132527, 286.9226745 , 351.65707528,  75.53777791,  92.21961272,    72.77883009,  20.08242217, -49.75932633, -19.0174468 , -15.23477428,    11.49908274,  34.17119235,  31.74338267], [ 286.9226745 , 534.5535242 , -51.08522113, 104.91527406,  57.6889477 ,    19.78869827,  49.69501221,   5.20178257, -23.04154762,  13.25380322,    15.3278315 ,  12.59159725,  30.63793958], [ 351.65707528, -51.08522113, 441.2627109 , 122.61391319, 111.68388097,    63.73460563,  20.02776977, -11.40560311,   6.71300331,   5.18917007,     6.14544594,  26.05665291,  10.79276801], [  75.53777791, 104.91527406, 122.61391319, 197.72080048,  94.9097997 ,    65.67908643,  40.78338616,   1.357754  ,   9.03010069,   9.54377846,    11.85190677,  14.84787094,  25.66053188], [  92.21961272,  57.6889477 , 111.68388097,  94.9097997 , 138.3123974 ,    62.58833392,  54.63321125,   9.40535671,   9.28689961,  16.79142499,    14.135054  ,  14.88067743,  18.68059326], [  72.77883009,  19.78869827,  63.73460563,  65.67908643,  62.58833392,    93.60236367,  60.24946058,  14.9716803 ,  10.18052682,  14.35978971,    15.52226636,  12.29918839,   6.73399571], [  20.08242217,  49.69501221,  20.02776977,  40.78338616,  54.63321125,    60.24946058, 106.4688348 ,  44.131326  ,  15.86044525,  13.92425506,    17.21112779,  13.00569564,  10.44606782], [ -49.75932633,   5.20178257, -11.40560311,   1.357754  ,   9.40535671,    14.9716803 ,  44.131326  ,  62.90726904,  25.94972989,  10.88654028,     5.08017491,   3.22213954,   3.67754068], [ -19.0174468 , -23.04154762,   6.71300331,   9.03010069,   9.28689961,    10.18052682,  15.86044525,  25.94972989,  47.86222787,  21.71032242,     9.92833777,   1.01385714,   2.65540031], [ -15.23477428,  13.25380322,   5.18917007,   9.54377846,  16.79142499,    14.35978971,  13.92425506,  10.88654028,  21.71032242,  46.43600789,    23.44988486,   7.75161023,   1.09067572], [  11.49908274,  15.3278315 ,   6.14544594,  11.85190677,  14.135054  ,    15.52226636,  17.21112779,   5.08017491,   9.92833777,  23.44988486,    43.53032132,  19.37132218,   8.37792184], [  34.17119235,  12.59159725,  26.05665291,  14.84787094,  14.88067743,    12.29918839,  13.00569564,   3.22213954,   1.01385714,   7.75161023,    19.37132218,  40.14843516,  21.35637985], [  31.74338267,  30.63793958,  10.79276801,  25.66053188,  18.68059326,     6.73399571,  10.44606782,   3.67754068,   2.65540031,   1.09067572,     8.37792184,  21.35637985,  43.20028681]]
/root/sim/music/out/Oasis/Familiar_To_Millions_[Live]_[Disc_1]/1-06_Acquiesce.mp3; [-479.9741   ,  93.442116 , -31.087896 ,  21.09199  ,  -0.8050375,    5.3207607,   3.198932 ,   5.964606 ,  -1.7722176,   5.554003 ,    1.1432186,  -3.07284  ,  -6.7160215]; [[2590.81576467, 176.42235877,1042.48724254, 475.24503998, 456.70626295,   426.47629722, 254.63775108,  34.6444584 , 169.43262051,  85.40311999,    47.4305477 ,  90.44867591,  59.95780567], [ 176.42235877, 523.70741363,  39.38565748, 220.69222697, 121.95617121,    62.65905403,  76.80863543,  13.16589472,   4.80918712,  20.82932064,    17.2581525 ,  12.43342025,  23.25143008], [1042.48724254,  39.38565748, 673.81997762, 272.77558031, 262.28271695,   227.47261011, 139.04155642,  29.71341081,  75.52851369,  40.661243  ,    29.85269529,  54.0283121 ,  33.00167642], [ 475.24503998, 220.69222697, 272.77558031, 344.92119818, 231.43711794,   164.13306398, 103.62165297,  22.64900715,  54.68562287,  29.71624564,    16.70026222,  26.35676147,  54.94382009], [ 456.70626295, 121.95617121, 262.28271695, 231.43711794, 257.56774168,   146.28848635,  88.08208642,  19.92442543,  61.16495413,  30.85635497,    12.43389324,  25.14127622,  43.41899743], [ 426.47629722,  62.65905403, 227.47261011, 164.13306398, 146.28848635,   178.06945048, 115.00721906,  37.35419347,  50.1574315 ,  27.4311706 ,    22.71140516,  25.70346514,  18.82965884], [ 254.63775108,  76.80863543, 139.04155642, 103.62165297,  88.08208642,   115.00721906, 139.34541439,  47.60125698,  33.68593102,  24.6630489 ,    18.83653276,  22.87877762,   7.30437156], [  34.6444584 ,  13.16589472,  29.71341081,  22.64900715,  19.92442543,    37.35419347,  47.60125698,  57.19212248,  29.45101312,  10.58626427,     8.56391101,   5.58761385,   0.79263232], [ 169.43262051,   4.80918712,  75.52851369,  54.68562287,  61.16495413,    50.1574315 ,  33.68593102,  29.45101312,  75.93410405,  23.77785023,    13.1537562 ,  13.4720362 ,  10.20058751], [  85.40311999,  20.82932064,  40.661243  ,  29.71624564,  30.85635497,    27.4311706 ,  24.6630489 ,  10.58626427,  23.77785023,  51.56961855,    20.80073631,  10.2882905 ,   1.3772073 ], [  47.4305477 ,  17.2581525 ,  29.85269529,  16.70026222,  12.43389324,    22.71140516,  18.83653276,   8.56391101,  13.1537562 ,  20.80073631,    42.72581616,  18.66656954,   0.73054533], [  90.44867591,  12.43342025,  54.0283121 ,  26.35676147,  25.14127622,    25.70346514,  22.87877762,   5.58761385,  13.4720362 ,  10.2882905 ,    18.66656954,  41.93567251,  15.90455122], [  59.95780567,  23.25143008,  33.00167642,  54.94382009,  43.41899743,    18.82965884,   7.30437156,   0.79263232,  10.20058751,   1.3772073 ,     0.73054533,  15.90455122,  47.21811157]]
/root/sim/music/out/Oasis/Familiar_To_Millions_[Live]_[Disc_1]/1-10_Stand_By_Me.mp3; [-501.753     , 111.9296    , -23.605837  ,  29.14128   ,   3.1882272 ,    6.8177304 ,   2.6088066 ,   4.6472735 ,  -2.90296   ,   5.2154937 ,    0.19856222,  -2.0148294 ,  -4.7286735 ]; [[10912.96502768, 1270.90104262,  856.76416423,  689.49729515,    475.51066589,  435.47464059,  150.29633872,  -42.10516473,     21.83122916,  159.35591652,   -8.3321012 ,   35.02408479,     18.45328142], [ 1270.90104262,  862.42475116,  -74.04097207,  230.75432942,     85.08700384,   46.35339264,   60.57335434,    9.44565158,     -8.70937866,   48.88505256,   24.53000178,    1.09602986,     12.51738065], [  856.76416423,  -74.04097207,  492.31625861,   89.79488375,    139.3854486 ,  104.47594599,   37.76352315,  -14.62573368,     21.37188725,   39.49378862,    3.12061816,   28.60190145,      0.50373755], [  689.49729515,  230.75432942,   89.79488375,  268.63272051,    113.87064955,   95.62489926,   36.95523319,   -3.58768516,     25.99048342,   23.01950377,   11.39708412,    5.31656174,     41.36362126], [  475.51066589,   85.08700384,  139.3854486 ,  113.87064955,    155.35718634,   67.28031909,   36.58660952,   -2.69995766,     26.81325643,   27.38899964,    4.38035417,   11.74341527,     13.73948202], [  435.47464059,   46.35339264,  104.47594599,   95.62489926,     67.28031909,  121.24271848,   62.95433729,   14.96569224,     17.96450041,   22.8823933 ,   12.4333081 ,    6.75146866,      1.63563462], [  150.29633872,   60.57335434,   37.76352315,   36.95523319,     36.58660952,   62.95433729,  101.41033526,   31.59767981,     13.37012858,   15.26895982,    7.35471338,    8.71751805,     -5.7608065 ], [  -42.10516473,    9.44565158,  -14.62573368,   -3.58768516,     -2.69995766,   14.96569224,   31.59767981,   59.54801171,     22.45722676,    7.98160684,    6.35338486,    1.4495579 ,     -4.70783767], [   21.83122916,   -8.70937866,   21.37188725,   25.99048342,     26.81325643,   17.96450041,   13.37012858,   22.45722676,     52.91141659,   17.91142759,    6.98266246,    0.89760695,      3.61015344], [  159.35591652,   48.88505256,   39.49378862,   23.01950377,     27.38899964,   22.8823933 ,   15.26895982,    7.98160684,     17.91142759,   53.61951744,   20.007374  ,    5.13151826,     -5.0426519 ], [   -8.3321012 ,   24.53000178,    3.12061816,   11.39708412,      4.38035417,   12.4333081 ,    7.35471338,    6.35338486,      6.98266246,   20.007374  ,   40.19650366,   11.07251226,      1.01403954], [   35.02408479,    1.09602986,   28.60190145,    5.31656174,     11.74341527,    6.75146866,    8.71751805,    1.4495579 ,      0.89760695,    5.13151826,   11.07251226,   36.69253477,     12.05383701], [   18.45328142,   12.51738065,    0.50373755,   41.36362126,     13.73948202,    1.63563462,   -5.7608065 ,   -4.70783767,      3.61015344,   -5.0426519 ,    1.01403954,   12.05383701,     45.38700551]]
/root/sim/music/out/Oasis/Familiar_To_Millions_[Live]_[Disc_1]/1-07_Step_Out.mp3; [-473.52216  ,  88.46268  , -25.97978  ,  27.628286 ,   4.6920333,    9.75298  ,   8.595029 ,   7.5969763,  -1.4137447,   5.3957744,    1.6448671,  -2.9447749,  -7.2656007]; [[2056.50723003,   3.75670877, 753.59816268, 301.43321518, 350.22154693,   279.40432987, 194.02622509,  51.98567635,  51.02246401,   2.88922245,    58.4706436 ,  28.03078467,  16.81618097], [   3.75670877, 371.82534148, -31.05279794, 139.75945804,  74.86210466,    21.09758328,  42.99642294,  -0.70531091,  -3.09866885,   9.62557317,    12.80938303,   5.37254017,  15.29322979], [ 753.59816268, -31.05279794, 550.24906815, 164.42672474, 179.63258135,   137.80960917,  91.29861117,  23.89946874,  27.23391266,  15.69350723,    21.45636952,  30.48330679,  19.42428146], [ 301.43321518, 139.75945804, 164.42672474, 231.48827946, 146.97169398,    91.65402998,  68.64357336,   9.10888957,  11.33379116,  21.80319321,    10.4902685 ,   8.82727252,  27.82552734], [ 350.22154693,  74.86210466, 179.63258135, 146.97169398, 199.76284831,    90.49788775,  78.75934474,  24.36361204,  23.04211258,  13.32061571,    21.19888112,  11.7831168 ,  15.90509127], [ 279.40432987,  21.09758328, 137.80960917,  91.65402998,  90.49788775,   129.67523357,  82.35454811,  23.04085759,  19.76112563,   6.40418605,    16.41492724,  12.65548419,   4.03033951], [ 194.02622509,  42.99642294,  91.29861117,  68.64357336,  78.75934474,    82.35454811, 108.19626942,  33.06359114,  20.96686203,   2.41857965,    11.06700285,  14.97183951,   2.27494691], [  51.98567635,  -0.70531091,  23.89946874,   9.10888957,  24.36361204,    23.04085759,  33.06359114,  61.60801561,  30.15763771,   4.10631398,    12.34003716,   1.17875849,  -0.97169243], [  51.02246401,  -3.09866885,  27.23391266,  11.33379116,  23.04211258,    19.76112563,  20.96686203,  30.15763771,  54.58013331,  20.50983829,    10.88435904,   1.99518352,  -2.85915505], [   2.88922245,   9.62557317,  15.69350723,  21.80319321,  13.32061571,     6.40418605,   2.41857965,   4.10631398,  20.50983829,  54.91905698,    20.0594549 ,   1.04902093,   4.01910433], [  58.4706436 ,  12.80938303,  21.45636952,  10.4902685 ,  21.19888112,    16.41492724,  11.06700285,  12.34003716,  10.88435904,  20.0594549 ,    54.43359098,  16.27139988,   1.28680121], [  28.03078467,   5.37254017,  30.48330679,   8.82727252,  11.7831168 ,    12.65548419,  14.97183951,   1.17875849,   1.99518352,   1.04902093,    16.27139988,  40.18614808,  13.51544606], [  16.81618097,  15.29322979,  19.42428146,  27.82552734,  15.90509127,     4.03033951,   2.27494691,  -0.97169243,  -2.85915505,   4.01910433,     1.28680121,  13.51544606,  38.75191786]]
/root/sim/music/out/Oasis/Familiar_To_Millions_[Live]_[Disc_1]/1-03_Who_Feels_Love_.mp3; [-501.91013   , 104.93929   , -18.97078   ,  22.162783  ,   0.47823298,    3.990557  ,   0.97173953,   3.766191  ,  -4.4885693 ,   1.4180615 ,   -0.9659326 ,  -2.571256  ,  -7.4452844 ]; [[2439.53409917, 284.14673602, 789.46296937, 474.39434242, 295.80014236,   281.69318334, 208.04677776, 117.5188294 , 131.73595914,  95.64088995,    64.85749443,  49.17168185,  63.05465345], [ 284.14673602, 547.51350638, 100.67249565, 171.83709267, 121.61230849,    46.60143375,  53.30034477,   7.62295872, -15.94527449,  22.89958096,    30.30649096,  -8.65452979,  -0.15358257], [ 789.46296937, 100.67249565, 503.04359665, 220.40838166, 151.69631256,   115.17868212,  82.51006464,  38.51318317,  57.15794023,  40.83409579,    24.78438675,  36.55354779,  38.35464798], [ 474.39434242, 171.83709267, 220.40838166, 277.65460848, 149.69123122,    87.89067942,  56.73859672,  21.57020149,  37.65539377,  23.43575392,    15.35099008,  16.06450212,  28.67007827], [ 295.80014236, 121.61230849, 151.69631256, 149.69123122, 193.70091313,    88.87473454,  63.17114253,  13.09884482,  30.6964798 ,  19.3528691 ,     6.75295399,  11.3098222 ,  16.98288933], [ 281.69318334,  46.60143375, 115.17868212,  87.89067942,  88.87473454,   116.53377157,  76.14463257,  32.21203209,  26.80814322,  17.99526152,    11.18608462,   8.9312875 ,   7.33524632], [ 208.04677776,  53.30034477,  82.51006464,  56.73859672,  63.17114253,    76.14463257, 122.25346712,  53.53495273,  35.7630799 ,  27.7393489 ,    20.05770049,  16.22515104,  15.11480762], [ 117.5188294 ,   7.62295872,  38.51318317,  21.57020149,  13.09884482,    32.21203209,  53.53495273,  73.46468081,  40.37089101,  18.99104865,    15.07821051,   7.89673294,   7.01286354], [ 131.73595914, -15.94527449,  57.15794023,  37.65539377,  30.6964798 ,    26.80814322,  35.7630799 ,  40.37089101,  73.48174356,  36.00537564,    16.56973719,  16.08308422,  14.05152303], [  95.64088995,  22.89958096,  40.83409579,  23.43575392,  19.3528691 ,    17.99526152,  27.7393489 ,  18.99104865,  36.00537564,  67.91874597,    32.58068103,   9.38026711,   9.94722891], [  64.85749443,  30.30649096,  24.78438675,  15.35099008,   6.75295399,    11.18608462,  20.05770049,  15.07821051,  16.56973719,  32.58068103,    53.23464025,  20.68031021,   9.99994073], [  49.17168185,  -8.65452979,  36.55354779,  16.06450212,  11.3098222 ,     8.9312875 ,  16.22515104,   7.89673294,  16.08308422,   9.38026711,    20.68031021,  49.9000008 ,  25.99711511], [  63.05465345,  -0.15358257,  38.35464798,  28.67007827,  16.98288933,     7.33524632,  15.11480762,   7.01286354,  14.05152303,   9.94722891,     9.99994073,  25.99711511,  49.38848034]]
/root/sim/music/out/Oasis/Familiar_To_Millions_[Live]_[Disc_1]/1-05_Shakermaker.mp3; [-489.04547  ,  99.402214 , -31.628094 ,  24.632854 ,  -5.976803 ,    4.2965245,   2.3931181,   3.3155484,  -6.6342826,   2.2882078,   -2.2813628,  -4.318264 ,  -8.625311 ]; [[2517.47167947, -87.50691938, 787.50899162, 212.00881172, 211.39960292,   269.35935258, 238.34636917,  81.07260387, 127.70365844,  65.23796171,    15.42918772,  79.96572159,  33.23121598], [ -87.50691938, 642.06707986, -72.0345488 , 181.32121021,  39.54396031,    45.99098212,  52.66543566,  32.63901993,   1.05274446,   8.287762  ,    16.82327058, -12.77221077,  19.82522775], [ 787.50899162, -72.0345488 , 516.75545842, 125.61992523, 145.90737542,   105.11981008,  81.13057044,  43.18926703,  58.77300647,  36.96900231,    14.01217346,  52.91295603,  36.21026683], [ 212.00881172, 181.32121021, 125.61992523, 263.26602979, 118.11304376,    78.54503426,  45.85714899,   6.44697306,  21.89582256,  10.59469079,     8.70299237,  21.9118668 ,  41.59732152], [ 211.39960292,  39.54396031, 145.90737542, 118.11304376, 149.4043905 ,    63.9477866 ,  47.83051559,   8.95465004,  24.80348152,  16.41295881,    12.95397914,  18.23490732,  22.43380353], [ 269.35935258,  45.99098212, 105.11981008,  78.54503426,  63.9477866 ,   122.79661358,  77.62427924,  40.29061324,  35.25871928,  20.71119987,    15.92866362,  18.67298061,  14.4999254 ], [ 238.34636917,  52.66543566,  81.13057044,  45.85714899,  47.83051559,    77.62427924, 123.71035778,  55.75434027,  46.28883574,  19.26050121,    18.56869343,  21.62132669,  10.14031033], [  81.07260387,  32.63901993,  43.18926703,   6.44697306,   8.95465004,    40.29061324,  55.75434027,  80.86544737,  44.60729215,  17.57451514,    12.10517521,  13.03459263,   8.9309296 ], [ 127.70365844,   1.05274446,  58.77300647,  21.89582256,  24.80348152,    35.25871928,  46.28883574,  44.60729215,  81.83507605,  33.66496319,    22.40270553,  20.29067281,  14.30540785], [  65.23796171,   8.287762  ,  36.96900231,  10.59469079,  16.41295881,    20.71119987,  19.26050121,  17.57451514,  33.66496319,  53.75051527,    26.60095536,  17.18156761,   7.69799953], [  15.42918772,  16.82327058,  14.01217346,   8.70299237,  12.95397914,    15.92866362,  18.56869343,  12.10517521,  22.40270553,  26.60095536,    48.18180586,  21.57301873,   9.79225528], [  79.96572159, -12.77221077,  52.91295603,  21.9118668 ,  18.23490732,    18.67298061,  21.62132669,  13.03459263,  20.29067281,  17.18156761,    21.57301873,  46.78398027,  21.80372199], [  33.23121598,  19.82522775,  36.21026683,  41.59732152,  22.43380353,    14.4999254 ,  10.14031033,   8.9309296 ,  14.30540785,   7.69799953,     9.79225528,  21.80372199,  43.49656581]]
/root/sim/music/out/Oasis/Familiar_To_Millions_[Live]_[Disc_1]/1-01_Fuckin'_In_The_Bushes.mp3; [-506.4952   ,  91.53497  , -22.575258 ,  10.469751 ,  -7.105826 ,   -0.7448554,  -3.5851836,   5.8638906,  -1.2343295,   4.304942 ,   -1.5122596,  -2.3202918,  -5.6841307]; [[8549.37765349, 755.14419567,1716.23256486,1075.85624199, 782.98519547,   551.65842514, 292.18235962, 105.47949773, 195.49621542, 145.44830036,    13.80913214, 159.72227919, 196.63643436], [ 755.14419567, 372.21518039, 339.82289235, 208.25905577, 183.38975567,    86.09734907,  49.56027489,  17.3510336 ,  31.57265472,  35.45206424,    13.26969549,  25.45454264,  17.69198969], [1716.23256486, 339.82289235,1173.98304932, 638.50358764, 532.87197326,   297.51834723, 150.72210475,  18.68692547,  90.8911666 ,  88.94923938,    28.01583463,  93.47313292, 105.93795601], [1075.85624199, 208.25905577, 638.50358764, 470.13852757, 340.5494503 ,   193.79017107, 103.09243045,  32.26006386,  67.2251771 ,  58.88239808,    24.71873173,  67.98677478,  80.04431039], [ 782.98519547, 183.38975567, 532.87197326, 340.5494503 , 336.87783319,   179.26725275,  93.29062236,  23.66537892,  56.67119513,  51.64714779,    20.8368185 ,  50.4107461 ,  58.46760115], [ 551.65842514,  86.09734907, 297.51834723, 193.79017107, 179.26725275,   157.81131387,  81.0324628 ,  29.71632247,  41.52806106,  40.23776597,    14.2618715 ,  32.1645818 ,  41.0178752 ], [ 292.18235962,  49.56027489, 150.72210475, 103.09243045,  93.29062236,    81.0324628 ,  93.97310165,  47.43827302,  39.44183006,  27.1940969 ,    15.36310806,  22.12797475,  26.23140835], [ 105.47949773,  17.3510336 ,  18.68692547,  32.26006386,  23.66537892,    29.71632247,  47.43827302,  73.15596363,  40.55058744,  19.68634018,    13.84318411,  12.30292948,   9.06323137], [ 195.49621542,  31.57265472,  90.8911666 ,  67.2251771 ,  56.67119513,    41.52806106,  39.44183006,  40.55058744,  69.34431513,  38.29295334,    14.74163055,  18.27786788,  17.10822587], [ 145.44830036,  35.45206424,  88.94923938,  58.88239808,  51.64714779,    40.23776597,  27.1940969 ,  19.68634018,  38.29295334,  67.64603856,    30.25973996,  12.72674976,   8.41310423], [  13.80913214,  13.26969549,  28.01583463,  24.71873173,  20.8368185 ,    14.2618715 ,  15.36310806,  13.84318411,  14.74163055,  30.25973996,    48.61624977,  16.39385538,   4.38728598], [ 159.72227919,  25.45454264,  93.47313292,  67.98677478,  50.4107461 ,    32.1645818 ,  22.12797475,  12.30292948,  18.27786788,  12.72674976,    16.39385538,  49.9629771 ,  29.50225458], [ 196.63643436,  17.69198969, 105.93795601,  80.04431039,  58.46760115,    41.0178752 ,  26.23140835,   9.06323137,  17.10822587,   8.41310423,     4.38728598,  29.50225458,  54.55567698]]
/root/sim/music/out/Oasis/Cigarettes_&_Alcohol/01_Cigarettes_&_Alcohol.mp3; [-473.67868  ,  82.9147   , -30.099394 ,  35.6053   ,   6.805423 ,   12.541747 ,  11.191548 ,   8.023859 ,  11.820166 ,   8.752128 ,    3.60702  ,   6.38009  ,   4.0664573]; [[7086.16177117,   7.63098446, 269.94792324,-925.97182059,  99.29245499,   216.83982603, -17.81029981, 273.58985527, -67.05809465,  34.17768153,   -35.38677941, -32.88901462,  -2.83547417], [   7.63098446, 583.21084403, -73.0035148 , 113.84817858,-105.31377247,   -76.71355788, -39.71362203, -41.47873265,  37.1058631 ,   6.10103537,    43.20580749,  37.79622451,  24.56776612], [ 269.94792324, -73.0035148 , 332.75276334,-127.71951025,  51.24816393,     5.13404056, -51.33511412,  22.93654056, -20.35875848,  -3.74960137,   -17.3456657 , -23.38536358,  -9.50705043], [-925.97182059, 113.84817858,-127.71951025, 431.92168384, -48.68500717,   -61.57369264, -26.09231333, -87.44215408,  44.39540468,  10.79887099,    63.52542166,  48.59056579,  32.65970056], [  99.29245499,-105.31377247,  51.24816393, -48.68500717, 124.34317796,    43.57975403,  29.75556362,  13.74765447, -18.01075629,   3.43146401,   -22.70579013, -11.884271  , -11.21399252], [ 216.83982603, -76.71355788,   5.13404056, -61.57369264,  43.57975403,    88.96225442,  44.55063985,  30.43676505, -16.73726476, -12.91914932,   -14.44352342, -11.69885066,  -5.26500362], [ -17.81029981, -39.71362203, -51.33511412, -26.09231333,  29.75556362,    44.55063985,  87.67735143,  33.1547235 ,  -4.25162082, -11.8312847 ,   -17.36733838,  -6.30070267,  -7.83361266], [ 273.58985527, -41.47873265,  22.93654056, -87.44215408,  13.74765447,    30.43676505,  33.1547235 ,  71.83704343,  11.10091454,   2.73976606,   -16.86383181,  -8.9618489 ,  -3.47020828], [ -67.05809465,  37.1058631 , -20.35875848,  44.39540468, -18.01075629,   -16.73726476,  -4.25162082,  11.10091454,  57.53796304,  31.4472627 ,    19.94986414,   6.76052813,   7.11874562], [  34.17768153,   6.10103537,  -3.74960137,  10.79887099,   3.43146401,   -12.91914932, -11.8312847 ,   2.73976606,  31.4472627 ,  69.42300343,    34.20137435,  18.97448631,   4.40285835], [ -35.38677941,  43.20580749, -17.3456657 ,  63.52542166, -22.70579013,   -14.44352342, -17.36733838, -16.86383181,  19.94986414,  34.20137435,    72.04686048,  42.05881987,  23.42927356], [ -32.88901462,  37.79622451, -23.38536358,  48.59056579, -11.884271  ,   -11.69885066,  -6.30070267,  -8.9618489 ,   6.76052813,  18.97448631,    42.05881987,  61.41101813,  33.06455379], [  -2.83547417,  24.56776612,  -9.50705043,  32.65970056, -11.21399252,    -5.26500362,  -7.83361266,  -3.47020828,   7.11874562,   4.40285835,    23.42927356,  33.06455379,  50.20423457]]
/root/sim/music/out/Oasis/Cigarettes_&_Alcohol/03_Listen_Up.mp3; [-482.5361    , 104.93267   , -29.488304  ,  30.183666  ,  -2.8076174 ,   -2.6569242 ,   5.241383  ,   8.83558   ,  -0.20990232,   5.1860037 ,    0.05457576,   2.6502218 ,   0.41309997]; [[3462.7230473 , 199.23731747,   5.93823763,-109.00354229,   5.97743571,    69.39822316,  -8.18594814,  12.08199931,   4.06882872, -11.60667949,   -38.61199324, -92.71617465, -36.08763815], [ 199.23731747, 530.83118008,-236.86981322,  36.55419107,   2.51133207,    -2.48767809,  50.77294956,   8.90420896,  15.10540869,  29.59458329,   -15.68108827,  16.89225254,   0.05277321], [   5.93823763,-236.86981322, 290.5750984 ,  -7.81995797,  21.39384075,    15.70843332, -29.33813112,   4.03533073,  -3.106956  , -25.33374677,    -1.28569282, -23.29416273,  -6.11704779], [-109.00354229,  36.55419107,  -7.81995797, 147.03483192,  10.90227734,   -35.18881939, -14.92337273, -11.51770014,  -8.44668815,   6.79150262,    15.43485143,  28.43310322,   2.60696374], [   5.97743571,   2.51133207,  21.39384075,  10.90227734,  76.92723269,    23.04287158,  -1.14656448,   0.36536643,   8.97921454,   3.78112207,     1.94431913,   3.33510464,   9.94944492], [  69.39822316,  -2.48767809,  15.70843332, -35.18881939,  23.04287158,    82.8830216 ,  26.56074325,  11.72870905,   5.38985303,  -4.59640129,    -8.74741446,  -9.13491563,   2.6213405 ], [  -8.18594814,  50.77294956, -29.33813112, -14.92337273,  -1.14656448,    26.56074325,  77.19273467,  29.53087173,   9.37480422,   3.95999422,    -4.78873869,  -1.54452475,  -5.84344406], [  12.08199931,   8.90420896,   4.03533073, -11.51770014,   0.36536643,    11.72870905,  29.53087173,  52.54643028,  26.62211563,   6.42126848,    -5.62863492,  -8.19731643,  -3.28502632], [   4.06882872,  15.10540869,  -3.106956  ,  -8.44668815,   8.97921454,     5.38985303,   9.37480422,  26.62211563,  58.50952659,  25.00237881,    -5.78152086, -13.50322892,  -8.03385384], [ -11.60667949,  29.59458329, -25.33374677,   6.79150262,   3.78112207,    -4.59640129,   3.95999422,   6.42126848,  25.00237881,  51.47173815,    21.30958369,   3.1451141 ,  -3.85862528], [ -38.61199324, -15.68108827,  -1.28569282,  15.43485143,   1.94431913,    -8.74741446,  -4.78873869,  -5.62863492,  -5.78152086,  21.30958369,    53.80462137,  33.28111457,  13.91931601], [ -92.71617465,  16.89225254, -23.29416273,  28.43310322,   3.33510464,    -9.13491563,  -1.54452475,  -8.19731643, -13.50322892,   3.1451141 ,    33.28111457,  66.69548815,  32.99375234], [ -36.08763815,   0.05277321,  -6.11704779,   2.60696374,   9.94944492,     2.6213405 ,  -5.84344406,  -3.28502632,  -8.03385384,  -3.85862528,    13.91931601,  32.99375234,  48.89147215]]
/root/sim/music/out/Oasis/Cigarettes_&_Alcohol/02_I_Am_The_Walrus.mp3; [-486.58246  ,  98.23975  , -17.834023 ,  33.51196  ,  17.290373 ,    6.167327 ,   4.708634 ,   2.4969516,   7.5850153,   1.3678182,   -2.4610953,   0.6351861,   1.1173369]; [[3997.40913752,-290.63699487, 135.86078244, 129.06392294, 127.1811826 ,   106.69720722,  -8.56452299, -42.68621706,  11.34855258, -31.71397751,   -56.59699692,  21.78668476,   1.27438451], [-290.63699487, 536.6233404 ,-173.32709377,  91.0639112 , -29.30685077,   -49.43709838,  31.54566893, -15.11170924,   6.32909801,   6.20382521,    -6.427471  ,   6.35210424,   4.89561698], [ 135.86078244,-173.32709377, 251.61716294,  -1.82809582,  22.22827504,    29.88560984, -25.55849279,  14.65527662,  -1.30164028,  -2.36004685,     2.47973859,  -7.30853971,  -6.94705808], [ 129.06392294,  91.0639112 ,  -1.82809582, 149.55607303,  36.48192956,    31.63139092,  13.53034823,   5.90314822,  19.38822349,   9.93937633,     6.67924005,  -0.74501515,  10.03650391], [ 127.1811826 , -29.30685077,  22.22827504,  36.48192956,  96.14826882,    47.93665376,  41.37131384,  17.41506135,  25.1497493 ,  14.1714218 ,     1.05111818,  10.6942974 ,  -0.04008656], [ 106.69720722, -49.43709838,  29.88560984,  31.63139092,  47.93665376,   102.78322455,  42.25967486,  30.61097503,  15.17606452,   5.38633505,     5.53029829,   2.33232028,   0.0589734 ], [  -8.56452299,  31.54566893, -25.55849279,  13.53034823,  41.37131384,    42.25967486, 104.66869556,  42.08126862,  20.23354475,  18.49257752,     8.51288069,   9.53162128,  -1.21337229], [ -42.68621706, -15.11170924,  14.65527662,   5.90314822,  17.41506135,    30.61097503,  42.08126862,  69.74084871,  35.82923584,  20.70596767,     4.6400897 ,  -0.41745432,  -2.31158388], [  11.34855258,   6.32909801,  -1.30164028,  19.38822349,  25.1497493 ,    15.17606452,  20.23354475,  35.82923584,  72.67908087,  36.72325125,     9.94298492,   5.12301732,   0.92724494], [ -31.71397751,   6.20382521,  -2.36004685,   9.93937633,  14.1714218 ,     5.38633505,  18.49257752,  20.70596767,  36.72325125,  60.45142605,    24.78886796,   9.2581807 ,  -1.98893034], [ -56.59699692,  -6.427471  ,   2.47973859,   6.67924005,   1.05111818,     5.53029829,   8.51288069,   4.6400897 ,   9.94298492,  24.78886796,    49.67499378,  18.53508963,   9.06451259], [  21.78668476,   6.35210424,  -7.30853971,  -0.74501515,  10.6942974 ,     2.33232028,   9.53162128,  -0.41745432,   5.12301732,   9.2581807 ,    18.53508963,  47.05356485,  16.32549464], [   1.27438451,   4.89561698,  -6.94705808,  10.03650391,  -0.04008656,     0.0589734 ,  -1.21337229,  -2.31158388,   0.92724494,  -1.98893034,     9.06451259,  16.32549464,  41.56113921]]
/root/sim/music/out/Oasis/Cigarettes_&_Alcohol/04_Fade_Away.mp3; [-511.89496  , 115.1747   , -26.407934 ,  30.901983 ,   6.0113344,    8.323726 ,   8.198934 ,   8.269381 ,   7.6633735,   5.771839 ,    0.3987556,   3.5992486,   0.8128936]; [[ 6506.3009135 ,-1081.95658536,  318.4682405 ,  -51.55274055,    193.35254286,  137.72859466,  -97.32215   ,  229.95683937,     63.75504069,  195.13957167,   91.0590966 ,  -97.79078159,      3.20068644], [-1081.95658536, 1349.62181983, -381.25728386,  116.20249821,   -139.66902964, -127.86478577,   27.77672367, -150.27118649,     -0.54932262,  -57.00346658,  -45.81198169,   70.7840686 ,    -36.99643445], [  318.4682405 , -381.25728386,  498.45602958,  -68.47085359,    102.29490686,   42.80241151,  -60.01263349,   68.02169718,    -23.42795452,   11.76126459,    8.90677685,  -52.76235737,     15.92054395], [  -51.55274055,  116.20249821,  -68.47085359,  108.73560647,     12.97199051,   -3.67457642,    3.95653025,   -9.35113464,     16.14619617,    5.03611271,    6.56497067,   21.64778238,      0.74575982], [  193.35254286, -139.66902964,  102.29490686,   12.97199051,    107.9788758 ,   40.39623004,    0.69469535,   36.53189739,     -0.32864044,   11.37457812,    6.94877205,   -8.83310015,     13.61104127], [  137.72859466, -127.86478577,   42.80241151,   -3.67457642,     40.39623004,   82.49045847,   42.8896893 ,   30.00913032,     -4.3760535 ,    2.80157033,    2.2420348 ,   -8.50850811,      8.94450677], [  -97.32215   ,   27.77672367,  -60.01263349,    3.95653025,      0.69469535,   42.8896893 ,   98.12416231,   27.27649695,      1.36791477,  -14.29774089,  -11.89122276,    2.9240263 ,      7.51797571], [  229.95683937, -150.27118649,   68.02169718,   -9.35113464,     36.53189739,   30.00913032,   27.27649695,   85.2853442 ,     23.37488601,   15.30178097,    2.84589582,  -13.7149903 ,      9.45526255], [   63.75504069,   -0.54932262,  -23.42795452,   16.14619617,     -0.32864044,   -4.3760535 ,    1.36791477,   23.37488601,     57.19845318,   34.18157942,   12.52763473,    1.92936062,     -6.92152057], [  195.13957167,  -57.00346658,   11.76126459,    5.03611271,     11.37457812,    2.80157033,  -14.29774089,   15.30178097,     34.18157942,   66.61388529,   32.50465695,    0.37678488,     -9.14032147], [   91.0590966 ,  -45.81198169,    8.90677685,    6.56497067,      6.94877205,    2.2420348 ,  -11.89122276,    2.84589582,     12.52763473,   32.50465695,   51.50391825,   18.55869871,      0.38630229], [  -97.79078159,   70.7840686 ,  -52.76235737,   21.64778238,     -8.83310015,   -8.50850811,    2.9240263 ,  -13.7149903 ,      1.92936062,    0.37678488,   18.55869871,   48.30642617,     15.39147558], [    3.20068644,  -36.99643445,   15.92054395,    0.74575982,     13.61104127,    8.94450677,    7.51797571,    9.45526255,     -6.92152057,   -9.14032147,    0.38630229,   15.39147558,     42.59142736]]
/root/sim/music/out/Oasis/Definitely_Maybe/03_Live_Forever.mp3; [-510.27197   , 106.97799   , -21.889719  ,  29.923502  ,  15.205058  ,   13.572365  ,   0.20486735,  13.438388  ,   8.869447  ,  10.205931  ,    3.2119708 ,   6.073157  ,   2.9451416 ]; [[9262.59864083, 284.18999716,-886.51613992, -84.81430711,-151.65363422,    -2.72325657,  68.69470334, 300.39910556, 220.65712372, -20.36894541,  -406.20310455,-295.08903837, -23.01534324], [ 284.18999716, 902.4096884 ,-487.63070212, -41.10739981, -46.17792916,  -147.64930802, -66.07857799, -97.62754867,  -0.23016355,  32.57305378,    -4.3763481 ,  44.95347063,  40.17145649], [-886.51613992,-487.63070212, 644.09967704,  32.85242602,  40.67222155,    77.86751556,   0.63522554,  41.84643137, -25.06649711, -25.18366442,    47.08648599, -21.00966834, -10.52394486], [ -84.81430711, -41.10739981,  32.85242602, 198.95619568,  54.91340125,    15.58920008,   4.96720186,  12.79223905,  16.30907201,  11.302966  ,     7.81392366,  18.86466281,  -7.51413669], [-151.65363422, -46.17792916,  40.67222155,  54.91340125, 104.39816704,    32.26651364,  15.01747929,  -1.32277788,   5.22912282,   7.58186226,    10.40286721,   4.78173057,  -6.23178944], [  -2.72325657,-147.64930802,  77.86751556,  15.58920008,  32.26651364,   136.716741  ,  72.32006346,  32.63172128,  -2.90806825,   0.24638204,     5.1758448 , -13.30154961, -12.31235672], [  68.69470334, -66.07857799,   0.63522554,   4.96720186,  15.01747929,    72.32006346, 134.61750653,  57.03838236,   3.99163943,  -0.88394559,   -10.01438437,  -8.63815864, -14.93649086], [ 300.39910556, -97.62754867,  41.84643137,  12.79223905,  -1.32277788,    32.63172128,  57.03838236, 105.27306727,  35.38355426,  -4.35036421,   -22.54351835, -18.59887077,  -6.55581   ], [ 220.65712372,  -0.23016355, -25.06649711,  16.30907201,   5.22912282,    -2.90806825,   3.99163943,  35.38355426,  65.21388642,  24.54624821,    -9.88285639,  -7.49473497,  -1.49824999], [ -20.36894541,  32.57305378, -25.18366442,  11.302966  ,   7.58186226,     0.24638204,  -0.88394559,  -4.35036421,  24.54624821,  62.2116129 ,    24.70309683,   1.96180999,  -2.10166114], [-406.20310455,  -4.3763481 ,  47.08648599,   7.81392366,  10.40286721,     5.1758448 , -10.01438437, -22.54351835,  -9.88285639,  24.70309683,    70.68291527,  32.99638473,   3.39884408], [-295.08903837,  44.95347063, -21.00966834,  18.86466281,   4.78173057,   -13.30154961,  -8.63815864, -18.59887077,  -7.49473497,   1.96180999,    32.99638473,  69.31079433,  20.70547118], [ -23.01534324,  40.17145649, -10.52394486,  -7.51413669,  -6.23178944,   -12.31235672, -14.93649086,  -6.55581   ,  -1.49824999,  -2.10166114,     3.39884408,  20.70547118,  48.41362061]]
/root/sim/music/out/Oasis/Definitely_Maybe/04_Up_In_The_Sky.mp3; [-531.0286    , 129.73572   , -35.427654  ,  39.39687   ,  15.344274  ,    6.4764767 ,   1.9878893 ,   4.2203555 ,   0.64689827,   7.0444703 ,    1.571053  ,   2.2820756 ,   1.3814397 ]; [[11262.30978878,-1134.33206435,  721.28680697,  -22.91014126,    -64.14078498,  404.59414312,  266.74904411,  346.53386052,    469.87942996,  158.90590782,  185.33188705,   -3.20708257,    -71.30034841], [-1134.33206435,  887.81568796, -552.91564081,  170.6022871 ,    -69.17943859, -126.24201397,  -66.32947982,  -94.60311925,   -177.8948838 ,  -19.02640959,  -78.89470524,   26.0230292 ,     29.22173558], [  721.28680697, -552.91564081,  543.90286011, -122.36836563,     51.9962829 ,   79.21296672,   51.2444224 ,   74.38071327,    154.44838843,   15.70379614,   65.30118271,  -15.40086686,    -14.34121062], [  -22.91014126,  170.6022871 , -122.36836563,  181.15630413,      8.40024269,  -16.99852554,  -44.19931754,  -11.28477876,    -32.75763165,   10.69733314,  -23.67033843,    6.13519382,      0.97859623], [  -64.14078498,  -69.17943859,   51.9962829 ,    8.40024269,    111.9905012 ,   12.31008056,   36.39055735,   -2.58715719,     26.16908229,    4.74269387,   17.260453  ,    6.85854049,      5.00890177], [  404.59414312, -126.24201397,   79.21296672,  -16.99852554,     12.31008056,  109.07645154,   46.13145943,   31.66253339,     33.94759029,    1.99731604,   15.87837348,   -7.76524863,    -13.98513556], [  266.74904411,  -66.32947982,   51.2444224 ,  -44.19931754,     36.39055735,   46.13145943,  116.74388443,   48.44452104,     53.48341716,    1.73648481,   18.16816534,    3.5532636 ,     -1.62587543], [  346.53386052,  -94.60311925,   74.38071327,  -11.28477876,     -2.58715719,   31.66253339,   48.44452104,   83.12879445,     57.81379764,    9.70075521,    4.3190882 ,   -4.8425213 ,     -7.26218253], [  469.87942996, -177.8948838 ,  154.44838843,  -32.75763165,     26.16908229,   33.94759029,   53.48341716,   57.81379764,    122.37772831,   33.76398381,   33.61788442,   -6.22834342,     -6.29770189], [  158.90590782,  -19.02640959,   15.70379614,   10.69733314,      4.74269387,    1.99731604,    1.73648481,    9.70075521,     33.76398381,   54.56451961,   23.93505836,    3.9155688 ,     -4.59717332], [  185.33188705,  -78.89470524,   65.30118271,  -23.67033843,     17.260453  ,   15.87837348,   18.16816534,    4.3190882 ,     33.61788442,   23.93505836,   61.92231972,   20.85012677,      9.37585206], [   -3.20708257,   26.0230292 ,  -15.40086686,    6.13519382,      6.85854049,   -7.76524863,    3.5532636 ,   -4.8425213 ,     -6.22834342,    3.9155688 ,   20.85012677,   48.61819991,     27.2434133 ], [  -71.30034841,   29.22173558,  -14.34121062,    0.97859623,      5.00890177,  -13.98513556,   -1.62587543,   -7.26218253,     -6.29770189,   -4.59717332,    9.37585206,   27.2434133 ,     49.25689314]]
/root/sim/music/out/Oasis/Definitely_Maybe/09_Digsy's_Dinner.mp3; [-509.20413  , 114.676575 , -45.446243 ,  40.883125 ,  20.049532 ,   10.450534 ,   1.4512312,   5.584594 ,   4.4056144,   6.316006 ,    2.1920662,  -1.3406296,   0.9393043]; [[9002.28023998,-210.38080972,-389.91430747, -50.75822036,-105.76948788,   119.20188609, -53.33126822,  66.06328926, -94.52480212, -11.21202526,   -11.40257728,-122.15675973, -50.86795785], [-210.38080972, 637.12406256,-206.81166571, 127.33582064, -35.53000482,   -17.75869449,  50.26087319,   2.50861359,  63.39033368,  29.86035524,    11.85844591,  40.35530829,  25.54833445], [-389.91430747,-206.81166571, 287.47668171, -29.42361851,  50.13808324,   -13.71606326, -31.33211848,  -2.8187941 ,   1.72791024,  -0.91649002,    10.58276369,   9.49048516,   9.27086549], [ -50.75822036, 127.33582064, -29.42361851, 153.55434652,  48.56451568,     5.79871952,  -7.57430672, -12.81958777,  -0.51627288,  -2.26072952,     2.16540991,  11.33630816,   9.15990296], [-105.76948788, -35.53000482,  50.13808324,  48.56451568, 107.73304688,    21.92699724,  15.30149262, -12.99569801,   3.01944205,  -0.8412358 ,    11.18094213,   4.56340225,   9.29960131], [ 119.20188609, -17.75869449, -13.71606326,   5.79871952,  21.92699724,    79.8709997 ,  39.29381731,  20.20894852,   3.07886524,   5.05325262,     2.14673816,   0.88133639,  -2.77341323], [ -53.33126822,  50.26087319, -31.33211848,  -7.57430672,  15.30149262,    39.29381731,  85.54388056,  35.16628826,  23.34792169,   3.22225199,     2.25501947,   0.02412503,   1.00339483], [  66.06328926,   2.50861359,  -2.8187941 , -12.81958777, -12.99569801,    20.20894852,  35.16628826,  65.85656584,  25.08767996,  13.39628916,    -3.95916151,  -3.37471697,  -1.46573329], [ -94.52480212,  63.39033368,   1.72791024,  -0.51627288,   3.01944205,     3.07886524,  23.34792169,  25.08767996,  70.65124463,  35.76148052,    15.40769507,   7.24613771,   6.02873177], [ -11.21202526,  29.86035524,  -0.91649002,  -2.26072952,  -0.8412358 ,     5.05325262,   3.22225199,  13.39628916,  35.76148052,  55.6352425 ,    27.30028303,  11.4879121 ,   2.33850504], [ -11.40257728,  11.85844591,  10.58276369,   2.16540991,  11.18094213,     2.14673816,   2.25501947,  -3.95916151,  15.40769507,  27.30028303,    50.51981951,  25.04154155,  15.73345436], [-122.15675973,  40.35530829,   9.49048516,  11.33630816,   4.56340225,     0.88133639,   0.02412503,  -3.37471697,   7.24613771,  11.4879121 ,    25.04154155,  49.08472374,  25.90242108], [ -50.86795785,  25.54833445,   9.27086549,   9.15990296,   9.29960131,    -2.77341323,   1.00339483,  -1.46573329,   6.02873177,   2.33850504,    15.73345436,  25.90242108,  47.57128122]]
