/root/sim/music/out/AC_DC/Rock_Or_Bust/02_Play_Ball.mp3; [-498.1564    ,  92.21377   ,  -6.8235536 ,  31.598434  ,  22.632307  ,   11.785262  ,   7.4654374 ,   3.1800606 ,   3.6424081 ,   2.4717999 ,   -3.4779115 ,  -2.477267  ,  -0.30028662]; [[10572.9234968 , -948.68627641,-1250.93900768, -257.29269976,   -143.93724784, -110.56746368,  116.7425384 ,   74.51552765,     70.10880264,   44.62727862,  -89.14377938, -102.7773512 ,   -157.72143209], [ -948.68627641,  745.43546937,  -72.30791849,   49.8905868 ,    -20.86452964,   -5.97457951,  -27.36617199,  -19.13670301,    -14.90955422,    7.1457206 ,    0.71648638,   11.51015817,     33.9691888 ], [-1250.93900768,  -72.30791849,  655.22811563,   53.35222864,     -9.13153613,   44.48621567,  -46.11253395,  -18.62366699,    -38.53736739,  -38.0973453 ,   21.9390256 ,   14.73499469,     23.12915085], [ -257.29269976,   49.8905868 ,   53.35222864,  140.11406005,     34.92534182,   -1.04973017,  -11.9039741 ,  -15.55025377,     -2.06055974,   -2.06669568,    1.48115326,   12.37275482,     16.46398636], [ -143.93724784,  -20.86452964,   -9.13153613,   34.92534182,    170.42079572,   33.03247372,   38.04638585,   -4.52506923,     15.68939366,   11.8452401 ,   -4.63523466,   -5.93237014,      2.00004415], [ -110.56746368,   -5.97457951,   44.48621567,   -1.04973017,     33.03247372,   97.30892203,   23.11061198,   10.33134541,     -5.76558476,    2.40936751,    8.69685764,   -5.21114103,     -6.27750835], [  116.7425384 ,  -27.36617199,  -46.11253395,  -11.9039741 ,     38.04638585,   23.11061198,  122.17169663,   35.75051365,      8.65985513,   -2.48485625,   -2.81257192,   -7.4718681 ,     -9.60442633], [   74.51552765,  -19.13670301,  -18.62366699,  -15.55025377,     -4.52506923,   10.33134541,   35.75051365,   85.84072514,     20.76995519,   -1.11420056,   -2.9696468 ,   -4.08465141,     -4.33735544], [   70.10880264,  -14.90955422,  -38.53736739,   -2.06055974,     15.68939366,   -5.76558476,    8.65985513,   20.76995519,     72.37776727,   26.89581597,   -4.21038747,   -8.71935323,     -6.09635815], [   44.62727862,    7.1457206 ,  -38.0973453 ,   -2.06669568,     11.8452401 ,    2.40936751,   -2.48485625,   -1.11420056,     26.89581597,   61.36990945,   17.13410823,   -3.85020106,     -8.2196504 ], [  -89.14377938,    0.71648638,   21.9390256 ,    1.48115326,     -4.63523466,    8.69685764,   -2.81257192,   -2.9696468 ,     -4.21038747,   17.13410823,   49.68252036,   18.86597129,     -0.63759744], [ -102.7773512 ,   11.51015817,   14.73499469,   12.37275482,     -5.93237014,   -5.21114103,   -7.4718681 ,   -4.08465141,     -8.71935323,   -3.85020106,   18.86597129,   57.39878922,     24.22327677], [ -157.72143209,   33.9691888 ,   23.12915085,   16.46398636,      2.00004415,   -6.27750835,   -9.60442633,   -4.33735544,     -6.09635815,   -8.2196504 ,   -0.63759744,   24.22327677,     57.78786526]]
/root/sim/music/out/the_peggies/Hell_like_Heaven/09_Fortune.mp3; [-556.80084   , 115.36132   ,  -3.9202578 ,  12.835662  ,   6.9031243 ,    9.433344  ,   4.7062936 ,  -0.731725  ,   4.841231  ,   0.62159663,   -3.4216702 ,  -3.9400382 ,  -5.117795  ]; [[20869.97250996,  995.01967736,  441.27611663,  397.79242302,    423.79822076,  344.68240405,  205.66954025,   37.93671085,    250.4073087 ,   96.83329555,   27.75054416,  -38.2891312 ,   -126.90486909], [  995.01967736, 1544.38551528, -541.50422223,   85.19929767,     89.13942598,   33.12072111,   89.18181321,   -4.60863935,     61.21633501,   35.31062911,   25.26449864,   51.83323071,     -4.18905969], [  441.27611663, -541.50422223,  901.77938082,   60.39507628,    105.30508414,  109.4744264 ,   77.27479033,   23.32026573,      0.37005165,    3.71609719,    2.91229052,  -19.67958543,     -8.13983517], [  397.79242302,   85.19929767,   60.39507628,  460.45579626,    114.50283104,  147.90380084,   22.02202297,  157.59314392,     24.84571277,   47.89661719,   41.718055  ,   45.77048068,     12.71515698], [  423.79822076,   89.13942598,  105.30508414,  114.50283104,    247.42107487,  115.30030678,   76.58531453,   66.65141734,     61.85697604,   51.7490474 ,   34.80173171,   33.82229666,     18.08280991], [  344.68240405,   33.12072111,  109.4744264 ,  147.90380084,    115.30030678,  308.5614006 ,   58.95236834,  124.96498207,     19.88928331,   67.07836513,   23.93672238,   27.03679159,     10.59587309], [  205.66954025,   89.18181321,   77.27479033,   22.02202297,     76.58531453,   58.95236834,  154.9496973 ,   31.66955659,     41.09945451,   33.92054004,   21.38159267,   20.99257839,      4.22748716], [   37.93671085,   -4.60863935,   23.32026573,  157.59314392,     66.65141734,  124.96498207,   31.66955659,  184.13093541,     34.42556523,   51.00085533,   24.62062161,   37.36903256,     25.73896866], [  250.4073087 ,   61.21633501,    0.37005165,   24.84571277,     61.85697604,   19.88928331,   41.09945451,   34.42556523,    101.91218775,   39.1977819 ,   19.4162514 ,   10.50280621,     10.46207516], [   96.83329555,   35.31062911,    3.71609719,   47.89661719,     51.7490474 ,   67.07836513,   33.92054004,   51.00085533,     39.1977819 ,  103.52077485,   26.05239267,   31.97816745,     16.64291007], [   27.75054416,   25.26449864,    2.91229052,   41.718055  ,     34.80173171,   23.93672238,   21.38159267,   24.62062161,     19.4162514 ,   26.05239267,   76.73204078,   30.81911165,      9.79432285], [  -38.2891312 ,   51.83323071,  -19.67958543,   45.77048068,     33.82229666,   27.03679159,   20.99257839,   37.36903256,     10.50280621,   31.97816745,   30.81911165,   82.93239219,     30.10353275], [ -126.90486909,   -4.18905969,   -8.13983517,   12.71515698,     18.08280991,   10.59587309,    4.22748716,   25.73896866,     10.46207516,   16.64291007,    9.79432285,   30.10353275,     63.06296942]]
/root/sim/music/out/the_peggies/Hell_like_Heaven/12_明日.mp3; [-536.7762    , 108.27381   , -10.722815  ,  23.500088  ,   1.547491  ,    0.28471997,   6.150176  ,  -3.499713  ,   3.0550444 ,  -1.9873915 ,   -7.7017055 ,  -4.4730067 ,  -5.6759043 ]; [[26537.47257927, -595.22180752,  472.02309177, 1134.67831515,    733.7174293 ,  884.61299145,  796.74430688,  502.17021423,    718.1957361 ,  481.76829948,  234.22497473,    9.197181  ,    -29.93484518], [ -595.22180752, 1228.9201307 , -119.85261142,    6.38848469,    -60.67772872,  -83.22440211,  -64.2317722 ,  -11.00892758,    -13.7819837 ,  -16.62909022,   -6.37705174,    9.57185618,     -4.6726481 ], [  472.02309177, -119.85261142,  635.92127242,  102.96921514,    139.58972213,   79.09101332,   -8.64883805,  132.57877577,      1.93630146,   30.70441349,   61.28829921,    2.42566353,      0.79343396], [ 1134.67831515,    6.38848469,  102.96921514,  396.36260971,     71.64683154,   51.30816535,   58.62818604,  106.28915395,     50.56234583,   10.99050595,   42.89569722,   28.38214631,      8.86518022], [  733.7174293 ,  -60.67772872,  139.58972213,   71.64683154,    176.89981308,   87.55301595,   49.00282314,   64.43673518,     46.74959521,   31.8203051 ,   26.29418824,    6.18724133,      6.81505255], [  884.61299145,  -83.22440211,   79.09101332,   51.30816535,     87.55301595,  239.8908021 ,   68.27336856,   65.65062674,     46.5284415 ,   51.09053032,   21.10089356,   -5.72278489,     13.02445458], [  796.74430688,  -64.2317722 ,   -8.64883805,   58.62818604,     49.00282314,   68.27336856,  144.61504698,   28.87611534,     48.12625556,   36.92508748,   14.99718806,    9.7560139 ,      7.386628  ], [  502.17021423,  -11.00892758,  132.57877577,  106.28915395,     64.43673518,   65.65062674,   28.87611534,  146.54840792,     32.1875094 ,   22.04389806,   33.98764061,   11.37184367,      6.27706797], [  718.1957361 ,  -13.7819837 ,    1.93630146,   50.56234583,     46.74959521,   46.5284415 ,   48.12625556,   32.1875094 ,    110.45057024,   46.24620335,   18.40343383,   10.06414014,     12.34824221], [  481.76829948,  -16.62909022,   30.70441349,   10.99050595,     31.8203051 ,   51.09053032,   36.92508748,   22.04389806,     46.24620335,   79.32731695,   33.81841589,    6.23427175,      5.17889159], [  234.22497473,   -6.37705174,   61.28829921,   42.89569722,     26.29418824,   21.10089356,   14.99718806,   33.98764061,     18.40343383,   33.81841589,   74.92589415,   24.64526262,      6.95427193], [    9.197181  ,    9.57185618,    2.42566353,   28.38214631,      6.18724133,   -5.72278489,    9.7560139 ,   11.37184367,     10.06414014,    6.23427175,   24.64526262,   56.71549301,     22.63942408], [  -29.93484518,   -4.6726481 ,    0.79343396,    8.86518022,      6.81505255,   13.02445458,    7.386628  ,    6.27706797,     12.34824221,    5.17889159,    6.95427193,   22.63942408,     51.70288594]]
/root/sim/music/out/the_peggies/Hell_like_Heaven/02_する.mp3; [-474.25778  , 103.19611  ,  -8.3247595,  26.09791  ,  10.43108  ,    1.2862154,   5.110488 ,   1.526164 ,   4.1282983,  -2.3749142,   -6.1116395,  -5.132289 ,  -6.516835 ]; [[9418.25506715, 145.81755172,  71.61416667,  30.46173785, 219.72522734,    57.87222422, 119.1709476 ,  75.73085002, 120.85476736, -14.38225646,  -115.02003115, -60.34701985, -25.46339365], [ 145.81755172, 728.798748  ,-150.20451632, 159.77783786, -37.0473174 ,    -4.55503942,  10.61854955,  -4.51213339,   9.69434738, -16.48900217,    21.62524574,  -0.957913  , -28.89693986], [  71.61416667,-150.20451632, 395.40521195, -35.55277546,  91.4728673 ,    28.301583  ,   2.25661056,  32.19952131, -26.71615796,   4.24398301,     9.92810558,  -6.88694252,  -4.45204364], [  30.46173785, 159.77783786, -35.55277546, 296.1877638 , -13.71151188,    19.17737434, -38.59596767,  49.47807217,  -2.74560332,  -7.43305115,    39.5286561 ,  19.16876014,  -9.69269893], [ 219.72522734, -37.0473174 ,  91.4728673 , -13.71151188, 129.35004877,    42.69574483,  36.16465496,  20.13532132,  25.85560332,  11.93692872,     1.07050671,   2.49385915,   8.28250768], [  57.87222422,  -4.55503942,  28.301583  ,  19.17737434,  42.69574483,   154.67543592,  20.27849801,  43.00187866,   4.29370322,  14.03525866,     6.46153125,  -9.86726682,   7.04709238], [ 119.1709476 ,  10.61854955,   2.25661056, -38.59596767,  36.16465496,    20.27849801, 119.36249224,  10.27660918,  29.49819963,  14.8390158 ,    -5.0993917 ,   5.00811316,   7.11293338], [  75.73085002,  -4.51213339,  32.19952131,  49.47807217,  20.13532132,    43.00187866,  10.27660918, 108.86112937,  21.0701028 ,   2.39305842,    17.2324496 ,   3.83696655,   4.13805291], [ 120.85476736,   9.69434738, -26.71615796,  -2.74560332,  25.85560332,     4.29370322,  29.49819963,  21.0701028 ,  80.34781418,  21.55739374,     4.16800653,   3.69334218,  14.65590592], [ -14.38225646, -16.48900217,   4.24398301,  -7.43305115,  11.93692872,    14.03525866,  14.8390158 ,   2.39305842,  21.55739374,  59.9329003 ,    17.25735641,   7.62124881,   7.24143541], [-115.02003115,  21.62524574,   9.92810558,  39.5286561 ,   1.07050671,     6.46153125,  -5.0993917 ,  17.2324496 ,   4.16800653,  17.25735641,    63.46298932,  24.31724249,   3.57813439], [ -60.34701985,  -0.957913  ,  -6.88694252,  19.16876014,   2.49385915,    -9.86726682,   5.00811316,   3.83696655,   3.69334218,   7.62124881,    24.31724249,  60.49471928,  17.60196322], [ -25.46339365, -28.89693986,  -4.45204364,  -9.69269893,   8.28250768,     7.04709238,   7.11293338,   4.13805291,  14.65590592,   7.24143541,     3.57813439,  17.60196322,  48.45707965]]
/root/sim/music/out/the_peggies/Hell_like_Heaven/04_ドリーミージャーニー.mp3; [-482.864     , 112.897835  , -18.36935   ,  17.421972  ,  13.953611  ,    6.1575727 ,   4.972994  ,   1.227319  ,   8.7631445 ,  -2.1839967 ,   -8.102071  ,  -2.836036  ,  -0.87561256]; [[15174.67280324,  887.4950972 , -252.8876298 ,  488.84412838,    355.10941825,  173.10394369,   40.6002603 ,  199.14233668,    153.35493494,   29.18257526,  -52.76570933,   29.23871817,     17.51907609], [  887.4950972 , 1042.74461876,  -77.06719957,   75.95936971,    119.80189428,   58.95093423,   27.54335632,  -31.28212157,     84.26326106,   -1.67201592,   10.54618996,   20.27523412,     -8.38147129], [ -252.8876298 ,  -77.06719957,  534.09043101,  -14.26298147,     59.82114611,   16.66076064,  -18.45237317,   20.40177517,    -28.44797784,   75.54719134,   12.18721912,   25.86260376,     -7.49627399], [  488.84412838,   75.95936971,  -14.26298147,  305.30150751,     46.54196275,    6.38808318,  -17.81068551,   38.86522895,      3.72046389,    3.6571278 ,   49.38931834,   18.07922488,      0.17330149], [  355.10941825,  119.80189428,   59.82114611,   46.54196275,    164.341665  ,   39.92301258,    6.617894  ,   22.76585701,     36.23623862,   20.36174756,   20.52175299,   28.75689301,      2.09275981], [  173.10394369,   58.95093423,   16.66076064,    6.38808318,     39.92301258,  182.20216058,    7.57891832,   43.60491978,     12.41964689,   26.8545233 ,    4.32954362,   -1.7873142 ,     26.81290776], [   40.6002603 ,   27.54335632,  -18.45237317,  -17.81068551,      6.617894  ,    7.57891832,  115.3381381 ,   11.42345389,     22.90302001,    1.83601642,    0.66158883,    3.22031156,      4.85738014], [  199.14233668,  -31.28212157,   20.40177517,   38.86522895,     22.76585701,   43.60491978,   11.42345389,  125.91798197,     19.71950525,   16.09900465,   11.2954521 ,    6.46849457,      5.38353282], [  153.35493494,   84.26326106,  -28.44797784,    3.72046389,     36.23623862,   12.41964689,   22.90302001,   19.71950525,     83.81649881,   15.9976912 ,    9.27674084,    2.65983732,      6.19462044], [   29.18257526,   -1.67201592,   75.54719134,    3.6571278 ,     20.36174756,   26.8545233 ,    1.83601642,   16.09900465,     15.9976912 ,   74.17496828,   21.49169949,   12.13176623,     -1.04781007], [  -52.76570933,   10.54618996,   12.18721912,   49.38931834,     20.52175299,    4.32954362,    0.66158883,   11.2954521 ,      9.27674084,   21.49169949,   70.100656  ,   24.02679791,      6.04480072], [   29.23871817,   20.27523412,   25.86260376,   18.07922488,     28.75689301,   -1.7873142 ,    3.22031156,    6.46849457,      2.65983732,   12.13176623,   24.02679791,   59.9360331 ,     15.74048594], [   17.51907609,   -8.38147129,   -7.49627399,    0.17330149,      2.09275981,   26.81290776,    4.85738014,    5.38353282,      6.19462044,   -1.04781007,    6.04480072,   15.74048594,     60.34482308]]
/root/sim/music/out/the_peggies/Hell_like_Heaven/03_マイクロフォン.mp3; [-471.15234  , 113.47153  , -11.823413 ,  20.466883 ,   7.620851 ,    5.6168756,   9.751753 ,   2.2267835,   5.3592024,   1.5012445,   -6.8906236,  -2.3826244,  -3.2407513]; [[12882.30397414, 1023.30374186, -561.99206967,  214.88911811,    112.56925561,  195.64602954,  144.89789932,   89.8516567 ,    125.89629932,   61.10970836,  -75.59004471,   27.44797094,      5.97800571], [ 1023.30374186,  599.54400068,   72.3538242 ,   53.59580515,     12.65907824,  -11.17115911,   16.47098536,    7.15596304,    -13.22483212,  -17.61271576,  -10.38241295,  -20.6012566 ,    -29.98795947], [ -561.99206967,   72.3538242 ,  491.4911448 ,  -51.12123238,     60.88832258, -106.1586707 ,   -4.5687222 ,  -36.24575139,    -52.77061826,  -12.29041546,    3.68263181,   -7.10826048,    -31.25003285], [  214.88911811,   53.59580515,  -51.12123238,  242.65853252,      9.02959219,   23.95565491,  -26.17289033,   70.33721208,     15.66110892,  -25.81825376,   30.42096936,    7.99142859,      9.58674803], [  112.56925561,   12.65907824,   60.88832258,    9.02959219,    104.60290097,    1.88511258,   11.29420676,    3.35018587,     17.25445003,   11.8871758 ,    5.44623459,    8.64981056,      2.34237778], [  195.64602954,  -11.17115911, -106.1586707 ,   23.95565491,      1.88511258,  163.95523794,   22.26200428,   36.31308171,     25.60851751,   24.36954185,    9.30285232,   -5.27445657,     17.27428864], [  144.89789932,   16.47098536,   -4.5687222 ,  -26.17289033,     11.29420676,   22.26200428,  112.55160865,    2.05411655,     19.03719118,   21.62696334,    2.55435465,   10.55433314,      2.77081939], [   89.8516567 ,    7.15596304,  -36.24575139,   70.33721208,      3.35018587,   36.31308171,    2.05411655,  124.64353341,     32.74706793,   -0.96279467,   27.76452685,    9.26300728,      5.14351361], [  125.89629932,  -13.22483212,  -52.77061826,   15.66110892,     17.25445003,   25.60851751,   19.03719118,   32.74706793,     82.07589069,   30.65188412,   13.55100443,    8.18448891,     13.40170225], [   61.10970836,  -17.61271576,  -12.29041546,  -25.81825376,     11.8871758 ,   24.36954185,   21.62696334,   -0.96279467,     30.65188412,   74.79008   ,   19.71300775,    4.81727459,      8.68784335], [  -75.59004471,  -10.38241295,    3.68263181,   30.42096936,      5.44623459,    9.30285232,    2.55435465,   27.76452685,     13.55100443,   19.71300775,   73.1042624 ,   27.30558165,      9.690758  ], [   27.44797094,  -20.6012566 ,   -7.10826048,    7.99142859,      8.64981056,   -5.27445657,   10.55433314,    9.26300728,      8.18448891,    4.81727459,   27.30558165,   63.16429743,     22.84710172], [    5.97800571,  -29.98795947,  -31.25003285,    9.58674803,      2.34237778,   17.27428864,    2.77081939,    5.14351361,     13.40170225,    8.68784335,    9.690758  ,   22.84710172,     58.32847176]]
/root/sim/music/out/the_peggies/Hell_like_Heaven/05_はちみつ.mp3; [-535.357    , 109.86572  , -15.163789 ,  24.664904 ,   1.8310724,    0.7548512,   7.231144 ,  -2.2927763,   3.92146  ,  -3.7577412,   -5.1427197,  -3.0391915,  -4.6599197]; [[24959.93254275, 2384.01780514, -433.07839802,  514.58273123,    325.94882075,   92.98775375,  494.89964946,   77.59907557,    273.8418143 ,  -33.79207885, -155.8652355 , -120.42984683,   -103.99283455], [ 2384.01780514, 1084.2126932 , -127.41902719,  178.0487274 ,     -2.85424853,    9.54131146,   39.05115742,  -31.69876968,     35.58037382,  -38.46607336,  -17.72774247,  -53.78890816,    -48.91668874], [ -433.07839802, -127.41902719,  780.8719766 ,  -93.81891594,    189.74393394,   33.06017113,   25.32560325,  -29.88536232,    -24.29518523,   -2.37680308,   -6.36813991,  -47.98600482,      8.74529733], [  514.58273123,  178.0487274 ,  -93.81891594,  362.47175432,     22.38325324,   41.11441925,   -1.73787196,   88.52424614,      8.12419717,   -6.43032359,   27.83656426,   16.85805122,     -7.86784953], [  325.94882075,   -2.85424853,  189.74393394,   22.38325324,    221.631965  ,   60.2181332 ,   75.46992771,   28.29481413,     52.00856494,   23.20889702,    3.39309126,   -4.21757769,     24.02715821], [   92.98775375,    9.54131146,   33.06017113,   41.11441925,     60.2181332 ,  235.42277497,   48.4592716 ,   74.5832998 ,     -0.86699687,   38.97821866,   22.14828846,    5.64755553,     18.96591602], [  494.89964946,   39.05115742,   25.32560325,   -1.73787196,     75.46992771,   48.4592716 ,  163.24233365,   33.89701572,     38.99695353,   18.07672032,   22.45803477,   19.2442275 ,     14.34045204], [   77.59907557,  -31.69876968,  -29.88536232,   88.52424614,     28.29481413,   74.5832998 ,   33.89701572,  154.2377963 ,     25.00764454,   26.94181875,   36.47895035,   23.02578309,     20.00916911], [  273.8418143 ,   35.58037382,  -24.29518523,    8.12419717,     52.00856494,   -0.86699687,   38.99695353,   25.00764454,    108.59878028,   32.69333245,   10.44922521,    6.0020868 ,     14.55429618], [  -33.79207885,  -38.46607336,   -2.37680308,   -6.43032359,     23.20889702,   38.97821866,   18.07672032,   26.94181875,     32.69333245,   87.64270937,   38.89945015,   24.7567758 ,     12.56974903], [ -155.8652355 ,  -17.72774247,   -6.36813991,   27.83656426,      3.39309126,   22.14828846,   22.45803477,   36.47895035,     10.44922521,   38.89945015,  104.61063763,   38.91307622,     16.43535483], [ -120.42984683,  -53.78890816,  -47.98600482,   16.85805122,     -4.21757769,    5.64755553,   19.2442275 ,   23.02578309,      6.0020868 ,   24.7567758 ,   38.91307622,   92.80294524,     36.49792499], [ -103.99283455,  -48.91668874,    8.74529733,   -7.86784953,     24.02715821,   18.96591602,   14.34045204,   20.00916911,     14.55429618,   12.56974903,   16.43535483,   36.49792499,     74.54329427]]
/root/sim/music/out/the_peggies/Hell_like_Heaven/10_サマラブ超特急.mp3; [-496.79422  , 104.65656  ,  -9.667236 ,  28.124123 ,   9.029985 ,    8.379833 ,   4.545194 ,  -2.9223282,   8.137293 ,  -3.3275971,   -6.754212 ,  -1.1876198,  -2.9695294]; [[13911.54673543,-1544.83911484,-1628.08062458, -430.46117043,   -481.19637749, -162.02167332,   -9.05922825,  102.41711945,    231.27217064,   76.74871706,  -26.02456875,   71.61247181,     77.24089314], [-1544.83911484, 1224.14085464,  161.42763122,  162.62442217,     96.95599197,   97.54290153,   10.92488424,    4.26399974,    -12.90025886,  -19.85476485,   32.88029691,  -40.85450458,    -61.5158746 ], [-1628.08062458,  161.42763122,  938.20427817,   84.24485428,    182.53809124,   28.09751305,   12.14012703,   22.36909116,   -108.49566461,   26.91460536,   18.0365944 ,  -53.45254762,    -46.90791852], [ -430.46117043,  162.62442217,   84.24485428,  341.0266391 ,     36.39874993,   45.58437701,   14.01190301,   59.52889265,    -12.61989897,    5.44736919,   60.1072784 ,   15.52140833,     -5.23592389], [ -481.19637749,   96.95599197,  182.53809124,   36.39874993,    156.96918127,   49.80314517,   27.05193974,   22.99091951,      8.71655809,   14.57346449,    5.81440308,   -3.05718539,     -3.68619133], [ -162.02167332,   97.54290153,   28.09751305,   45.58437701,     49.80314517,  232.3203185 ,   18.50176264,   57.69654005,      9.2499313 ,   38.29451134,   11.64088543,   -8.8647588 ,      9.92255668], [   -9.05922825,   10.92488424,   12.14012703,   14.01190301,     27.05193974,   18.50176264,  149.09472537,   12.90094067,     35.60507525,   12.46039935,    3.00214267,   18.7952228 ,      3.35465113], [  102.41711945,    4.26399974,   22.36909116,   59.52889265,     22.99091951,   57.69654005,   12.90094067,  159.60253381,     10.8443314 ,   18.36399632,   35.27339532,   -2.09290949,     -0.72545334], [  231.27217064,  -12.90025886, -108.49566461,  -12.61989897,      8.71655809,    9.2499313 ,   35.60507525,   10.8443314 ,    115.42051718,   28.80594422,    1.75404396,   18.37906662,     23.01484756], [   76.74871706,  -19.85476485,   26.91460536,    5.44736919,     14.57346449,   38.29451134,   12.46039935,   18.36399632,     28.80594422,   84.7673694 ,   28.3712609 ,    7.67859911,      4.17006676], [  -26.02456875,   32.88029691,   18.0365944 ,   60.1072784 ,      5.81440308,   11.64088543,    3.00214267,   35.27339532,      1.75404396,   28.3712609 ,   86.72737848,   22.8275143 ,      2.05000058], [   71.61247181,  -40.85450458,  -53.45254762,   15.52140833,     -3.05718539,   -8.8647588 ,   18.7952228 ,   -2.09290949,     18.37906662,    7.67859911,   22.8275143 ,   84.7980878 ,     40.82968452], [   77.24089314,  -61.5158746 ,  -46.90791852,   -5.23592389,     -3.68619133,    9.92255668,    3.35465113,   -0.72545334,     23.01484756,    4.17006676,    2.05000058,   40.82968452,     76.5751936 ]]
/root/sim/music/out/the_peggies/Hell_like_Heaven/06_そうだ、僕らは.mp3; [-486.89023  , 105.0264   , -13.9704   ,  25.094841 ,  10.134935 ,   10.6200285,   8.389903 ,   1.6944913,   6.0901923,   0.9121816,   -3.7800274,  -3.6062698,  -4.179565 ]; [[15029.57418101, 1133.59034675, -576.81678938,  222.81923005,    -43.91215413,  -79.27290907,  -49.74622973,   44.72532398,    -19.35590346,  -28.00955232, -145.24586307, -102.97438519,   -143.12533091], [ 1133.59034675,  826.24715425,    5.62430334,  122.15483251,     66.52862281,   63.98266352,   53.0110495 ,  -20.40035892,     44.92562513,   -4.24668348,   17.35402901,  -34.65294088,    -21.47424415], [ -576.81678938,    5.62430334,  530.05894897,  -14.74330226,     73.11333896,   -8.2749507 ,  -38.33167558,   21.92980799,    -26.42358065,    9.94061702,   22.60619299,  -22.84821498,    -29.86993395], [  222.81923005,  122.15483251,  -14.74330226,  226.04578819,     31.30532615,   26.96371736,   -5.4790942 ,   33.8410673 ,     10.17555039,  -17.63791739,   14.01486026,    6.08400401,     -5.71348504], [  -43.91215413,   66.52862281,   73.11333896,   31.30532615,    135.41706929,   50.52353032,   13.55243426,   11.66130311,     17.87472597,   11.23952274,   14.79505736,   -0.01349137,     -0.54277872], [  -79.27290907,   63.98266352,   -8.2749507 ,   26.96371736,     50.52353032,  163.8404429 ,   46.51757561,   22.10156543,      7.8983568 ,   24.47208789,    2.26478272,    4.5431899 ,     12.1746633 ], [  -49.74622973,   53.0110495 ,  -38.33167558,   -5.4790942 ,     13.55243426,   46.51757561,  128.40517636,    1.30503029,     42.31957462,   16.77871698,    6.78318175,   22.86018891,     23.50000239], [   44.72532398,  -20.40035892,   21.92980799,   33.8410673 ,     11.66130311,   22.10156543,    1.30503029,  109.16846506,      6.0911832 ,    6.44891083,   12.87295379,    4.41011546,     -3.27226902], [  -19.35590346,   44.92562513,  -26.42358065,   10.17555039,     17.87472597,    7.8983568 ,   42.31957462,    6.0911832 ,     93.08806813,   23.05670796,    7.34621016,    9.02573808,     20.36518583], [  -28.00955232,   -4.24668348,    9.94061702,  -17.63791739,     11.23952274,   24.47208789,   16.77871698,    6.44891083,     23.05670796,   67.45611205,   21.24156939,    9.53033911,     -1.88529721], [ -145.24586307,   17.35402901,   22.60619299,   14.01486026,     14.79505736,    2.26478272,    6.78318175,   12.87295379,      7.34621016,   21.24156939,   63.04715684,   18.96011435,      2.26402822], [ -102.97438519,  -34.65294088,  -22.84821498,    6.08400401,     -0.01349137,    4.5431899 ,   22.86018891,    4.41011546,      9.02573808,    9.53033911,   18.96011435,   63.0376331 ,     33.95943315], [ -143.12533091,  -21.47424415,  -29.86993395,   -5.71348504,     -0.54277872,   12.1746633 ,   23.50000239,   -3.27226902,     20.36518583,   -1.88529721,    2.26402822,   33.95943315,     67.25563148]]
/root/sim/music/out/the_peggies/Hell_like_Heaven/01_君のせい.mp3; [-467.52997  ,  98.928246 , -18.338102 ,  30.34755  ,  11.562442 ,   13.784353 ,  10.180877 ,  -0.9763043,   8.775379 ,  -2.6520646,   -2.2634168,  -2.7702801,  -4.849356 ]; [[10946.61287866, -481.38210942,  127.93156378, -103.48129835,    272.08269981,  -10.32080049,  151.75148648,  -19.53967703,     76.81672509,    7.92251723, -133.04115542,  -25.32232749,    -68.25173844], [ -481.38210942, 1239.2319021 , -277.14533179,  277.92923918,   -111.57275081,  111.15790589,  -37.46846084,    7.49960219,     48.6820865 ,  -37.31759356,   45.08783916,  -37.51766155,    -28.70528557], [  127.93156378, -277.14533179,  510.09863096, -160.99222948,    166.63595667,  -52.4541264 ,   23.33489443,  -19.8623969 ,    -43.78247986,   44.97386258,   -9.58516147,   12.28774385,      2.30047066], [ -103.48129835,  277.92923918, -160.99222948,  330.24648697,    -65.55147943,   54.41617883,  -15.22985941,   47.56796584,     19.18022995,  -18.53723477,   41.84108067,    7.99833452,     -3.11791598], [  272.08269981, -111.57275081,  166.63595667,  -65.55147943,    175.56039263,   24.03069494,   39.76766184,   -3.50415874,     14.38698523,   26.44607613,    1.86947428,   12.86857684,     13.28983008], [  -10.32080049,  111.15790589,  -52.4541264 ,   54.41617883,     24.03069494,  169.57966407,   15.41739738,   34.27013002,      9.7598065 ,   16.5567405 ,    5.18386337,   -5.10314926,      6.68957591], [  151.75148648,  -37.46846084,   23.33489443,  -15.22985941,     39.76766184,   15.41739738,  118.6918928 ,   10.65209186,     27.91087046,    7.41498994,    7.51264063,   12.08303233,     12.79087746], [  -19.53967703,    7.49960219,  -19.8623969 ,   47.56796584,     -3.50415874,   34.27013002,   10.65209186,   94.64574579,     20.47760316,    8.34850327,    8.41267771,    2.17275053,     -0.58605589], [   76.81672509,   48.6820865 ,  -43.78247986,   19.18022995,     14.38698523,    9.7598065 ,   27.91087046,   20.47760316,     85.84960734,   19.22995241,    8.62188851,    1.63805957,      9.93945786], [    7.92251723,  -37.31759356,   44.97386258,  -18.53723477,     26.44607613,   16.5567405 ,    7.41498994,    8.34850327,     19.22995241,   62.11022668,   16.89291436,    8.11823447,      4.05195   ], [ -133.04115542,   45.08783916,   -9.58516147,   41.84108067,      1.86947428,    5.18386337,    7.51264063,    8.41267771,      8.62188851,   16.89291436,   65.80779703,   22.81232163,      7.49916684], [  -25.32232749,  -37.51766155,   12.28774385,    7.99833452,     12.86857684,   -5.10314926,   12.08303233,    2.17275053,      1.63805957,    8.11823447,   22.81232163,   57.6704032 ,     24.4297048 ], [  -68.25173844,  -28.70528557,    2.30047066,   -3.11791598,     13.28983008,    6.68957591,   12.79087746,   -0.58605589,      9.93945786,    4.05195   ,    7.49916684,   24.4297048 ,     56.8344171 ]]
/root/sim/music/out/the_peggies/Hell_like_Heaven/11_LOVE_TRIP_(2019).mp3; [-496.98273   , 116.071304  ,  -0.32916334,  29.96985   ,   4.686699  ,    6.839624  ,   7.399665  ,  -0.66904014,  11.103888  ,  -1.3876299 ,   -3.9442074 ,  -2.3590612 ,  -4.259334  ]; [[13811.14410341,  619.32355783, -369.38217179,  303.19445995,    -31.90631994,   49.15933196,  182.91982256,  -39.77929045,    217.06727407,  -39.79076613,  -73.73431909,  -81.8991321 ,    -84.31906243], [  619.32355783,  886.82486415,   38.03221277,  129.69114253,     40.93153898,   90.04068324,   10.66734026,   37.03444146,     25.66462611,  -13.04438146,   16.87776268,    3.07617079,     -1.99312271], [ -369.38217179,   38.03221277,  373.77082611,    4.74107998,     59.09581596,  -23.47960507,   -3.00697326,   10.60392353,    -39.77174649,   19.4019025 ,    9.82154849,   11.64406555,     -6.41269586], [  303.19445995,  129.69114253,    4.74107998,  380.1854276 ,      2.11004554,   50.04423258,  -44.20106692,   80.97580793,     13.88707909,   -5.30281818,   47.07915606,   16.76480487,      6.0692401 ], [  -31.90631994,   40.93153898,   59.09581596,    2.11004554,    118.799637  ,   10.34946707,   18.44442041,    4.41236385,     17.42333385,    6.47901515,   -1.35163623,    4.9572928 ,      6.59427758], [   49.15933196,   90.04068324,  -23.47960507,   50.04423258,     10.34946707,  175.12231649,   10.32668821,   45.14650081,      0.34637517,   11.75608317,   10.80350397,   -6.39708781,     14.10057603], [  182.91982256,   10.66734026,   -3.00697326,  -44.20106692,     18.44442041,   10.32668821,  126.48960005,   -0.6133027 ,     21.72710968,    6.54897958,    1.78321417,   15.48829918,      7.12834067], [  -39.77929045,   37.03444146,   10.60392353,   80.97580793,      4.41236385,   45.14650081,   -0.6133027 ,  121.28489007,     22.76871855,   10.50670379,   22.99598749,   10.59409408,      6.11758568], [  217.06727407,   25.66462611,  -39.77174649,   13.88707909,     17.42333385,    0.34637517,   21.72710968,   22.76871855,     94.80692633,   25.41461528,   14.35463564,    4.29723888,     12.47638594], [  -39.79076613,  -13.04438146,   19.4019025 ,   -5.30281818,      6.47901515,   11.75608317,    6.54897958,   10.50670379,     25.41461528,   74.49495884,   23.1605852 ,   15.10046217,      6.20379584], [  -73.73431909,   16.87776268,    9.82154849,   47.07915606,     -1.35163623,   10.80350397,    1.78321417,   22.99598749,     14.35463564,   23.1605852 ,   73.88761975,   28.00527104,     11.51080475], [  -81.8991321 ,    3.07617079,   11.64406555,   16.76480487,      4.9572928 ,   -6.39708781,   15.48829918,   10.59409408,      4.29723888,   15.10046217,   28.00527104,   75.03661369,     28.73231669], [  -84.31906243,   -1.99312271,   -6.41269586,    6.0692401 ,      6.59427758,   14.10057603,    7.12834067,    6.11758568,     12.47638594,    6.20379584,   11.51080475,   28.73231669,     64.25132258]]
/root/sim/music/out/the_peggies/Hell_like_Heaven/08_BABY!.mp3; [-476.83023  , 100.57574  , -13.303728 ,  25.971235 ,   0.7992944,    5.6741214,   8.827391 ,  -1.3106128,   8.021079 ,  -2.0198686,   -3.5055368,  -3.8034418,  -1.8877114]; [[14559.60815696, -426.49899223, -174.47307511, -107.01860808,     38.54301456,   -3.04839414,   -4.4830629 ,   -0.87175815,     84.40613318,   77.32057658, -105.44986816, -109.12302091,   -113.88214715], [ -426.49899223, 1232.16853594, -217.95986786,  231.68086739,   -102.37892162,   49.49087452,   41.22055154,  -43.89178181,     50.99962203,  -77.10796194,   18.46547539,  -13.38331624,     26.5972757 ], [ -174.47307511, -217.95986786,  640.85403566,  -46.17810759,    183.02777149,   34.60421287,    9.58863311,   64.10175442,    -75.23515871,   81.13983944,  -11.12360043,   48.72125695,      9.10514579], [ -107.01860808,  231.68086739,  -46.17810759,  305.8055315 ,    -24.62623901,  -19.6046824 ,   -2.58783872,    4.53961659,      5.17393453,  -22.23363932,   34.11327276,    7.83497305,     -9.35107456], [   38.54301456, -102.37892162,  183.02777149,  -24.62623901,    161.73127337,   47.14008131,   20.67950906,   23.22069733,     -5.18266228,   34.09605916,   -6.77504048,   23.65753123,     10.10064189], [   -3.04839414,   49.49087452,   34.60421287,  -19.6046824 ,     47.14008131,  179.78536511,   24.31719157,   42.02138732,     10.33033804,   31.30420096,   -5.11306866,    1.9501759 ,     19.21579   ], [   -4.4830629 ,   41.22055154,    9.58863311,   -2.58783872,     20.67950906,   24.31719157,  112.72362033,   20.41721466,      8.69010916,   -1.72608675,    3.78353976,   18.67103022,     11.98633069], [   -0.87175815,  -43.89178181,   64.10175442,    4.53961659,     23.22069733,   42.02138732,   20.41721466,  105.87130229,     15.9493157 ,   20.10693377,    3.06926256,   10.42618554,      1.21537837], [   84.40613318,   50.99962203,  -75.23515871,    5.17393453,     -5.18266228,   10.33033804,    8.69010916,   15.9493157 ,     91.55330691,   18.41474669,   10.64101683,  -13.220839  ,      2.3169143 ], [   77.32057658,  -77.10796194,   81.13983944,  -22.23363932,     34.09605916,   31.30420096,   -1.72608675,   20.10693377,     18.41474669,   90.69585016,   18.64832613,   15.11287976,      0.62350257], [ -105.44986816,   18.46547539,  -11.12360043,   34.11327276,     -6.77504048,   -5.11306866,    3.78353976,    3.06926256,     10.64101683,   18.64832613,   69.39516347,   26.75223857,      8.23809161], [ -109.12302091,  -13.38331624,   48.72125695,    7.83497305,     23.65753123,    1.9501759 ,   18.67103022,   10.42618554,    -13.220839  ,   15.11287976,   26.75223857,   74.84446649,     35.48169187], [ -113.88214715,   26.5972757 ,    9.10514579,   -9.35107456,     10.10064189,   19.21579   ,   11.98633069,    1.21537837,      2.3169143 ,    0.62350257,    8.23809161,   35.48169187,     69.13677877]]
/root/sim/music/out/the_peggies/Hell_like_Heaven/07_かみさま.mp3; [-478.23383   , 104.49627   , -14.495606  ,  16.485754  ,  14.11287   ,    9.686761  ,   3.015812  ,   0.2037848 ,  10.429     ,   0.69547576,   -7.582999  ,  -0.40235594,  -1.7600205 ]; [[12508.55868889, -266.46979572,  162.94094316,  147.48909504,   -114.54067133,  187.29380749,    5.7304223 ,   86.1525647 ,     -0.08411759,  102.80591805, -168.15416876,  -57.79594084,     25.82887666], [ -266.46979572, 1045.36528551, -149.95931688,  -86.25342391,    185.13717768,  -14.20713997,  -19.26250711,  -39.96309998,     79.35114568,  -23.85626813,  -11.28233608,  -16.63995134,    -44.04817673], [  162.94094316, -149.95931688,  553.17605315,   28.19037472,     36.00383245,    1.68951008,   33.49533222,   17.40899455,    -21.82171962,   58.75180479,   19.37683876,   -7.64794806,      5.3735397 ], [  147.48909504,  -86.25342391,   28.19037472,  339.26961366,     31.33478116,   51.61861233,    4.13689789,   80.99005012,      3.48344461,   16.46865896,   53.3894645 ,   -0.26016362,     20.25607821], [ -114.54067133,  185.13717768,   36.00383245,   31.33478116,    197.07448515,   32.34119349,   13.26840021,   28.86769426,     44.04019027,   13.02149395,    8.4169563 ,    3.12014128,     -0.01275449], [  187.29380749,  -14.20713997,    1.68951008,   51.61861233,     32.34119349,  208.92470101,    9.07900234,   73.65878904,     20.1268344 ,   34.22562313,   12.98618523,   -1.98195357,     27.30004688], [    5.7304223 ,  -19.26250711,   33.49533222,    4.13689789,     13.26840021,    9.07900234,  166.5043945 ,   -2.94528032,     32.8036208 ,   26.49462544,   -2.25214295,   24.76669265,      3.0991879 ], [   86.1525647 ,  -39.96309998,   17.40899455,   80.99005012,     28.86769426,   73.65878904,   -2.94528032,  137.739678  ,     20.38626208,   23.25993927,   24.04725793,   -5.33294035,     19.89154561], [   -0.08411759,   79.35114568,  -21.82171962,    3.48344461,     44.04019027,   20.1268344 ,   32.8036208 ,   20.38626208,     89.67900932,   23.85685718,    8.00629164,    8.7707926 ,      7.89028085], [  102.80591805,  -23.85626813,   58.75180479,   16.46865896,     13.02149395,   34.22562313,   26.49462544,   23.25993927,     23.85685718,   81.19712126,   21.5478844 ,    8.32037905,     13.64572103], [ -168.15416876,  -11.28233608,   19.37683876,   53.3894645 ,      8.4169563 ,   12.98618523,   -2.25214295,   24.04725793,      8.00629164,   21.5478844 ,   74.18741692,   17.87090729,     11.59148124], [  -57.79594084,  -16.63995134,   -7.64794806,   -0.26016362,      3.12014128,   -1.98195357,   24.76669265,   -5.33294035,      8.7707926 ,    8.32037905,   17.87090729,   64.21062417,     19.17315027], [   25.82887666,  -44.04817673,    5.3735397 ,   20.25607821,     -0.01275449,   27.30004688,    3.0991879 ,   19.89154561,      7.89028085,   13.64572103,   11.59148124,   19.17315027,     55.98292595]]
