/root/sim/music/out/あいみょん/憎まれっ子に憚る/07-ほろ酔い(1).mp3; [-620.66754  , 125.07794  ,   7.711728 ,  16.226532 ,   5.8935604,  -15.66752  ,   2.1997683, -11.684368 , -15.77546  ,  -7.960906 ,  -22.20003  ,  -7.5276227,  -8.852495 ]; [[14859.83937693, -563.18358157, -547.09314635, -147.75756898,    174.14188767, -233.13923281,  681.06581734,   82.77219025,    199.15899226,  229.78457813, -450.21368368,   87.51423536,    -64.07420405], [ -563.18358157, 1225.72228446, -220.65620688,   47.96276451,    -84.74626478,   22.92820038,   27.56061142,   -5.48261312,    -38.25064201,  -37.75745148,   23.19648089,   -7.05128252,    -14.15457751], [ -547.09314635, -220.65620688,  653.43424318,    6.33621858,     41.08607221,   34.77483744, -184.59544622,   16.19174685,    -58.3694653 ,  -49.87773619,  114.56541776,   -1.38358536,     45.50143274], [ -147.75756898,   47.96276451,    6.33621858,  377.34715752,     78.09649184,   32.84478098, -151.51019758,   90.76836999,    -11.27599255,  -20.49510008,   11.51202072,   60.33271303,     37.15070002], [  174.14188767,  -84.74626478,   41.08607221,   78.09649184,    155.1846442 ,    3.55926063,  -28.83988226,   14.35861689,     13.23383866,    9.48943736,   -7.18004208,   28.00800076,     21.05990199], [ -233.13923281,   22.92820038,   34.77483744,   32.84478098,      3.55926063,  301.94382987,  -62.8055554 ,   59.74237146,    -19.76519343,    5.40373578,   53.47388711,  -32.87808882,     15.80625265], [  681.06581734,   27.56061142, -184.59544622, -151.51019758,    -28.83988226,  -62.8055554 ,  310.02585489,  -48.16031333,     54.79663138,   51.19020422,  -58.2377396 ,    6.62090255,    -35.13635212], [   82.77219025,   -5.48261312,   16.19174685,   90.76836999,     14.35861689,   59.74237146,  -48.16031333,  156.81508551,     11.44482247,  -14.49991738,    4.23277539,    7.79565916,     23.85567114], [  199.15899226,  -38.25064201,  -58.3694653 ,  -11.27599255,     13.23383866,  -19.76519343,   54.79663138,   11.44482247,    125.88445019,   28.14634356,  -16.54546064,   -8.97857401,    -18.22820394], [  229.78457813,  -37.75745148,  -49.87773619,  -20.49510008,      9.48943736,    5.40373578,   51.19020422,  -14.49991738,     28.14634356,  100.33820225,   -2.60465956,   -5.82675173,    -21.29236688], [ -450.21368368,   23.19648089,  114.56541776,   11.51202072,     -7.18004208,   53.47388711,  -58.2377396 ,    4.23277539,    -16.54546064,   -2.60465956,  122.60859521,   11.43022016,     13.4174414 ], [   87.51423536,   -7.05128252,   -1.38358536,   60.33271303,     28.00800076,  -32.87808882,    6.62090255,    7.79565916,     -8.97857401,   -5.82675173,   11.43022016,  105.4773959 ,     35.21374139], [  -64.07420405,  -14.15457751,   45.50143274,   37.15070002,     21.05990199,   15.80625265,  -35.13635212,   23.85567114,    -18.22820394,  -21.29236688,   13.4174414 ,   35.21374139,     99.93810035]]
/root/sim/music/out/あいみょん/憎まれっ子に憚る/04-泥だんごの天才いたよね(1).mp3; [-559.67194  , 104.89178  ,   2.165852 ,  22.948946 ,  19.560204 ,    2.0157883,  15.394013 ,  -1.9247005,   2.709006 ,   2.949206 ,   -8.868584 ,  -2.2645237,  -8.107279 ]; [[16811.45647525,  715.69004447, -227.47819537, -101.66305941,   -348.4503831 , -435.0840314 ,  428.2776871 , -136.51460788,    139.53677808,   52.26931998, -311.17142742, -129.47536744,   -258.14797713], [  715.69004447, 1376.37346086, -223.90586606,   10.88735366,     86.83146126,   17.36018717,  174.42624156,  -47.76329236,     53.30204401,   76.83021018,  -42.89184404,   28.58009696,    -56.42788586], [ -227.47819537, -223.90586606,  833.90864015,   13.57789137,    164.61184768,   44.76727382,  -81.03518018,   88.33559858,      0.9033668 ,  -19.40468844,  110.71326758,   -7.43084276,     66.61325177], [ -101.66305941,   10.88735366,   13.57789137,  656.99106989,    167.83713815,   46.2204191 ,  -72.98547255,  109.71873352,    -45.50066421,  -34.37212114,    7.57229336,   68.5249188 ,      0.18489513], [ -348.4503831 ,   86.83146126,  164.61184768,  167.83713815,    489.03116406,  197.19783991,  -37.58935799,   93.22565825,    -13.1725928 ,   -7.42022278,   48.12929719,  -14.21533901,     29.16914253], [ -435.0840314 ,   17.36018717,   44.76727382,   46.2204191 ,    197.19783991,  474.35465801,   15.02806484,  104.1524678 ,    -33.67785466,   14.16314373,   63.59964774,  -44.64662864,     44.53096718], [  428.2776871 ,  174.42624156,  -81.03518018,  -72.98547255,    -37.58935799,   15.02806484,  273.04831806,   -7.14836968,     59.62715667,   57.33062237,  -10.15132523,   43.61815486,    -20.02217416], [ -136.51460788,  -47.76329236,   88.33559858,  109.71873352,     93.22565825,  104.1524678 ,   -7.14836968,  191.60234637,     22.8228627 ,  -10.41656666,   48.83502175,    2.05082977,     35.26505019], [  139.53677808,   53.30204401,    0.9033668 ,  -45.50066421,    -13.1725928 ,  -33.67785466,   59.62715667,   22.8228627 ,    164.38986501,   73.87217204,   -3.728762  ,   10.31984705,     20.96642738], [   52.26931998,   76.83021018,  -19.40468844,  -34.37212114,     -7.42022278,   14.16314373,   57.33062237,  -10.41656666,     73.87217204,  145.37389715,   35.13273622,   26.91657992,     10.42617725], [ -311.17142742,  -42.89184404,  110.71326758,    7.57229336,     48.12929719,   63.59964774,  -10.15132523,   48.83502175,     -3.728762  ,   35.13273622,  158.68228272,   44.71798297,     28.56414077], [ -129.47536744,   28.58009696,   -7.43084276,   68.5249188 ,    -14.21533901,  -44.64662864,   43.61815486,    2.05082977,     10.31984705,   26.91657992,   44.71798297,  140.53605774,     30.61563294], [ -258.14797713,  -56.42788586,   66.61325177,    0.18489513,     29.16914253,   44.53096718,  -20.02217416,   35.26505019,     20.96642738,   10.42617725,   28.56414077,   30.61563294,    123.0627887 ]]
/root/sim/music/out/あいみょん/憎まれっ子に憚る/01-どうせ死ぬなら(1).mp3; [-493.36005  ,  88.05737  , -12.282869 ,  18.067148 ,   3.8638709,    7.794141 ,   9.321399 ,   2.2367277,   7.10321  ,   1.4826187,   -8.625996 ,  -4.2219014,  -2.7522573]; [[12956.45088176,  289.1216964 , -158.26872788,  203.21285269,    190.27781475,  247.77557741,  135.59179793,  184.15743457,    143.1597781 ,   52.08733422, -157.23962851, -131.84438885,   -124.1945508 ], [  289.1216964 ,  826.51842732,  -72.62952344,   37.73634226,     77.22161252,   56.31822472,   71.06148304,  -13.57542428,     46.02093154,  -20.32326827,   32.48486622,   -6.5961192 ,    -32.96507328], [ -158.26872788,  -72.62952344,  689.59969263,  134.06930549,    181.50500139,  130.02425282,   28.31947101,   83.29669764,    -10.42520279,    9.51295443,  109.23211951,    4.43867198,     12.58394274], [  203.21285269,   37.73634226,  134.06930549,  387.95672495,    166.99696698,  101.32132867,   43.89375509,  115.2722019 ,     27.4322559 ,   17.77069238,   66.24880945,    4.10129545,      6.45960977], [  190.27781475,   77.22161252,  181.50500139,  166.99696698,    316.86896907,  168.31567719,   69.4013385 ,  124.04098629,     45.71759717,   30.59852048,   84.01616246,   -2.75886209,     11.03841005], [  247.77557741,   56.31822472,  130.02425282,  101.32132867,    168.31567719,  294.06267728,   68.74107897,  139.04172845,     46.16313652,   22.38826446,   75.72985071,  -34.16320054,     23.85731755], [  135.59179793,   71.06148304,   28.31947101,   43.89375509,     69.4013385 ,   68.74107897,  183.46151652,   43.66834632,     45.30602157,   37.53573075,   -2.30209172,   21.06181616,     -9.90011911], [  184.15743457,  -13.57542428,   83.29669764,  115.2722019 ,    124.04098629,  139.04172845,   43.66834632,  218.23893767,     65.55164152,   10.97059608,   59.43633671,  -28.54871621,     17.24211075], [  143.1597781 ,   46.02093154,  -10.42520279,   27.4322559 ,     45.71759717,   46.16313652,   45.30602157,   65.55164152,    119.11121705,   42.69206666,   10.8426557 ,   -5.04590186,     -7.36836069], [   52.08733422,  -20.32326827,    9.51295443,   17.77069238,     30.59852048,   22.38826446,   37.53573075,   10.97059608,     42.69206666,  101.02510778,   28.82796231,   22.31857095,      1.65041847], [ -157.23962851,   32.48486622,  109.23211951,   66.24880945,     84.01616246,   75.72985071,   -2.30209172,   59.43633671,     10.8426557 ,   28.82796231,  155.982785  ,   33.66635255,     29.94864123], [ -131.84438885,   -6.5961192 ,    4.43867198,    4.10129545,     -2.75886209,  -34.16320054,   21.06181616,  -28.54871621,     -5.04590186,   22.31857095,   33.66635255,  105.17603448,     36.35781429], [ -124.1945508 ,  -32.96507328,   12.58394274,    6.45960977,     11.03841005,   23.85731755,   -9.90011911,   17.24211075,     -7.36836069,    1.65041847,   29.94864123,   36.35781429,     89.76224088]]
/root/sim/music/out/あいみょん/憎まれっ子に憚る/02-19歳になりたくない(1).mp3; [-519.0827   ,  95.21649  ,   3.4901533,  23.075829 ,  -2.3636286,   -5.865497 ,   2.6883957, -11.951966 ,  -3.764758 ,  -3.977061 ,  -13.393735 ,  -2.9222877,  -5.1967964]; [[14860.05312271, 1126.24414925, -361.27881875,  280.39979101,     23.2646276 ,  220.0941397 ,  229.23877715,  -87.36775609,     49.07406062,  163.97991296, -163.37710367,   54.5127505 ,    -92.64729367], [ 1126.24414925,  876.10946311,  -52.77049441,   22.46465392,     12.89216203,   87.84432694,   86.74794852,   20.70803871,     23.79493464,   27.92227864,   27.14722323,  -21.31375456,     11.28735876], [ -361.27881875,  -52.77049441,  471.23036338,   24.98547099,     29.02448882,   10.09348911,  -17.87851659,   37.6412919 ,    -36.4809405 ,  -63.45506512,   41.66011832,  -23.01474996,     15.10066753], [  280.39979101,   22.46465392,   24.98547099,  429.77865674,    136.46907957,   44.58094748,  -53.68790362,   83.15515116,    -38.24945238,  -21.554172  ,   32.78035089,   81.27232813,     21.46839883], [   23.2646276 ,   12.89216203,   29.02448882,  136.46907957,    178.86087518,   74.90426919,   -0.80227209,   40.86910399,     13.78308985,   18.45618128,   22.66729389,   30.01733972,     15.3726224 ], [  220.0941397 ,   87.84432694,   10.09348911,   44.58094748,     74.90426919,  372.18618352,   33.70925261,  110.7878891 ,     41.04518009,   71.76218216,   93.57215406,  -17.45510889,     52.7059331 ], [  229.23877715,   86.74794852,  -17.87851659,  -53.68790362,     -0.80227209,   33.70925261,  203.47098429,    0.50265504,     39.15659172,   31.13124915,  -25.01679909,    3.00791603,    -13.93865122], [  -87.36775609,   20.70803871,   37.6412919 ,   83.15515116,     40.86910399,  110.7878891 ,    0.50265504,  169.10891021,     39.25492132,   23.02148328,   61.04707786,   14.45486796,     52.58323213], [   49.07406062,   23.79493464,  -36.4809405 ,  -38.24945238,     13.78308985,   41.04518009,   39.15659172,   39.25492132,    145.36789071,   64.75183146,   16.09769552,   -7.80698518,     14.02377601], [  163.97991296,   27.92227864,  -63.45506512,  -21.554172  ,     18.45618128,   71.76218216,   31.13124915,   23.02148328,     64.75183146,  148.38923814,   35.10389655,   22.87365145,     18.93340621], [ -163.37710367,   27.14722323,   41.66011832,   32.78035089,     22.66729389,   93.57215406,  -25.01679909,   61.04707786,     16.09769552,   35.10389655,  138.52293217,   23.50971593,     41.27974768], [   54.5127505 ,  -21.31375456,  -23.01474996,   81.27232813,     30.01733972,  -17.45510889,    3.00791603,   14.45486796,     -7.80698518,   22.87365145,   23.50971593,  123.30101424,     27.35412331], [  -92.64729367,   11.28735876,   15.10066753,   21.46839883,     15.3726224 ,   52.7059331 ,  -13.93865122,   52.58323213,     14.02377601,   18.93340621,   41.27974768,   27.35412331,    112.2290799 ]]
/root/sim/music/out/あいみょん/憎まれっ子に憚る/05-おっぱい(1).mp3; [-559.58264  , 114.93646  ,   3.06743  ,  21.49202  ,   1.9742016,   -7.2490673,   6.06769  ,  -8.751382 ,  -2.4300663,   3.3930922,  -10.493482 ,   1.1328094,  -8.6970415]; [[23556.43520771,  245.43387587, -782.03415692,  145.78080737,     61.25796476, -157.58813714,  523.05496399,  139.20053487,    309.17481205,  365.48150944, -145.53217055,  436.42968265,    -12.43643892], [  245.43387587, 1614.61219588, -139.25154004,   40.9697209 ,     39.1167766 ,  143.61757476,    1.90562117,  112.42071035,     16.86304353,  -39.44884084,   70.60119536,  -48.59758118,     11.29742064], [ -782.03415692, -139.25154004,  605.3122657 ,   68.67599228,     62.33377003,   10.15563797,   -2.26523626,   -1.02540049,    -35.11685968,  -26.41932737,   28.39096777,  -30.69449932,     -7.92732286], [  145.78080737,   40.9697209 ,   68.67599228,  405.15968091,    105.29512422,    6.08926723,   -0.07012258,   79.35391365,    -14.96780809,    2.20118439,   15.7002131 ,   43.60041272,     10.8239334 ], [   61.25796476,   39.1167766 ,   62.33377003,  105.29512422,    228.04570071,   88.50897664,   -7.09007169,   47.17939179,     16.74313209,   19.93758678,   26.70691841,   31.85075599,     32.00201245], [ -157.58813714,  143.61757476,   10.15563797,    6.08926723,     88.50897664,  371.56336859,  -17.72920778,  131.74798713,     28.0141805 ,   23.96041209,   92.09333961,   -9.03106746,     83.14783878], [  523.05496399,    1.90562117,   -2.26523626,   -0.07012258,     -7.09007169,  -17.72920778,  182.97385804,  -15.81727711,     25.80189636,   37.02097939,  -16.15246577,   16.44084453,     -8.73044824], [  139.20053487,  112.42071035,   -1.02540049,   79.35391365,     47.17939179,  131.74798713,  -15.81727711,  237.28115175,     41.55466769,    9.3804598 ,   65.2944117 ,   25.88311304,     68.38978564], [  309.17481205,   16.86304353,  -35.11685968,  -14.96780809,     16.74313209,   28.0141805 ,   25.80189636,   41.55466769,    130.9460182 ,   39.54468165,   16.90727055,   19.29714368,     29.28605853], [  365.48150944,  -39.44884084,  -26.41932737,    2.20118439,     19.93758678,   23.96041209,   37.02097939,    9.3804598 ,     39.54468165,  129.56032836,   10.9816218 ,   31.23384837,     13.2918185 ], [ -145.53217055,   70.60119536,   28.39096777,   15.7002131 ,     26.70691841,   92.09333961,  -16.15246577,   65.2944117 ,     16.90727055,   10.9816218 ,  146.8714144 ,   23.89547425,     26.73524935], [  436.42968265,  -48.59758118,  -30.69449932,   43.60041272,     31.85075599,   -9.03106746,   16.44084453,   25.88311304,     19.29714368,   31.23384837,   23.89547425,  140.61373289,     34.50262582], [  -12.43643892,   11.29742064,   -7.92732286,   10.8239334 ,     32.00201245,   83.14783878,   -8.73044824,   68.38978564,     29.28605853,   13.2918185 ,   26.73524935,   34.50262582,    125.25604217]]
/root/sim/music/out/あいみょん/tamago/08_ナウなヤングにバカウケするのは当たり前だのクラッ歌.mp3; [-531.5023    , 106.26013   , -18.612434  ,   3.6981807 ,   2.8061736 ,    5.3625894 ,  13.101232  ,  -3.0008948 ,   5.635941  ,   7.5493584 ,   -5.5917115 ,  -0.50601804,   2.3790827 ]; [[11932.24997961, 1601.36300882, -393.61675964,  213.08985152,    294.94394456,  163.40029739,  428.51460461,  123.90282548,    351.64808913,  164.32052163,  -54.0456384 ,  104.4932483 ,    140.82735904], [ 1601.36300882, 1099.67220554,  -61.87317698,  145.29815633,    226.16895434,   59.37219504,  225.48271797,   74.71271233,    104.41631193,   56.94826105,    1.91505952,   26.99252944,     50.5198354 ], [ -393.61675964,  -61.87317698, 1010.23146988,  259.01420478,    144.52615515,  106.57051427,  100.26551838,   84.71395585,     28.71606038,  -60.22328405,   56.70994325,    3.6608783 ,    -14.17761135], [  213.08985152,  145.29815633,  259.01420478,  479.13582214,    195.85523187,   33.81161762,  127.90181602,   82.96847825,     78.73771319,    7.52970988,   11.65039725,   59.73610025,      7.38763236], [  294.94394456,  226.16895434,  144.52615515,  195.85523187,    337.00300227,  113.48983477,   87.37478502,   96.73331734,     80.12559367,   36.63728012,   32.36450918,   17.67330613,     54.96043827], [  163.40029739,   59.37219504,  106.57051427,   33.81161762,    113.48983477,  256.23409015,  124.44087138,   72.08426272,     47.77443016,   42.20260686,   28.04050619,    2.47417389,     45.05509277], [  428.51460461,  225.48271797,  100.26551838,  127.90181602,     87.37478502,  124.44087138,  290.08376766,   80.48756187,     85.77842561,   48.17680696,    0.43077826,   44.81730461,     24.21955637], [  123.90282548,   74.71271233,   84.71395585,   82.96847825,     96.73331734,   72.08426272,   80.48756187,  182.67058392,     65.33107923,   21.53061132,   41.34587231,    7.4090099 ,     47.80390861], [  351.64808913,  104.41631193,   28.71606038,   78.73771319,     80.12559367,   47.77443016,   85.77842561,   65.33107923,    141.41772412,   51.50929338,    7.38413895,   18.83019465,     18.84596237], [  164.32052163,   56.94826105,  -60.22328405,    7.52970988,     36.63728012,   42.20260686,   48.17680696,   21.53061132,     51.50929338,  102.24371249,   31.73713033,   19.0181021 ,     16.72793401], [  -54.0456384 ,    1.91505952,   56.70994325,   11.65039725,     32.36450918,   28.04050619,    0.43077826,   41.34587231,      7.38413895,   31.73713033,   94.06025368,   24.60553717,     18.81739256], [  104.4932483 ,   26.99252944,    3.6608783 ,   59.73610025,     17.67330613,    2.47417389,   44.81730461,    7.4090099 ,     18.83019465,   19.0181021 ,   24.60553717,   88.86045015,     33.38909676], [  140.82735904,   50.5198354 ,  -14.17761135,    7.38763236,     54.96043827,   45.05509277,   24.21955637,   47.80390861,     18.84596237,   16.72793401,   18.81739256,   33.38909676,    107.49905502]]
/root/sim/music/out/あいみょん/tamago/07_強がりました.mp3; [-526.82666   , 109.07225   , -27.669632  ,  18.049929  ,  10.998151  ,    1.5409566 ,  10.925142  ,   4.8468475 ,   0.18545826,   1.6066697 ,  -13.271088  ,  -4.146045  ,  -0.20122026]; [[15344.29362144, -152.70603317,  638.96927212,  918.80375718,    780.56728233,  511.83042692,  379.61321847,  198.96328895,   -114.02100464,   88.08935567, -113.52702435,    6.26296814,    -61.95124335], [ -152.70603317, 1840.13276052, -472.31306148,  386.89166515,    181.15818132,  -22.3224237 ,   68.29886429,   65.12369166,     12.45819801,  -27.71753583,   16.85546141,  -42.38258412,    -73.1844937 ], [  638.96927212, -472.31306148, 1071.83512357,   92.41360981,    170.28836835,  206.79318083,  -30.1424591 ,  125.75652465,     11.83585025,   -5.23040067,  115.53976502,   39.23499192,     -0.34246077], [  918.80375718,  386.89166515,   92.41360981,  594.05186287,    268.47466552,  189.57564977,   18.31507753,  193.44100155,     -5.41644818,   -3.34408014,   60.78653709,   32.8663108 ,      9.39963201], [  780.56728233,  181.15818132,  170.28836835,  268.47466552,    296.00869376,  145.69215019,   76.59102921,  122.58902652,     13.87873468,   16.7443997 ,   41.31864902,   18.91099753,     -1.64462105], [  511.83042692,  -22.3224237 ,  206.79318083,  189.57564977,    145.69215019,  362.88104656,   67.00860027,  183.44312893,     28.56687686,   20.3732996 ,   40.30328208,  -18.89210263,     15.45113622], [  379.61321847,   68.29886429,  -30.1424591 ,   18.31507753,     76.59102921,   67.00860027,  208.25004738,   39.53349871,     56.86503749,   44.00822281,   -3.29961081,   18.9375043 ,     -5.06429067], [  198.96328895,   65.12369166,  125.75652465,  193.44100155,    122.58902652,  183.44312893,   39.53349871,  251.32386021,     48.75953898,   19.91702517,   46.0276368 ,    7.75586243,     33.44593636], [ -114.02100464,   12.45819801,   11.83585025,   -5.41644818,     13.87873468,   28.56687686,   56.86503749,   48.75953898,    120.93551996,   45.65055797,   16.96854626,   -2.24395471,     -5.24725553], [   88.08935567,  -27.71753583,   -5.23040067,   -3.34408014,     16.7443997 ,   20.3732996 ,   44.00822281,   19.91702517,     45.65055797,  103.69899845,   22.67508344,   14.56740919,      0.76113803], [ -113.52702435,   16.85546141,  115.53976502,   60.78653709,     41.31864902,   40.30328208,   -3.29961081,   46.0276368 ,     16.96854626,   22.67508344,   97.59521998,   32.42085082,     10.54924869], [    6.26296814,  -42.38258412,   39.23499192,   32.8663108 ,     18.91099753,  -18.89210263,   18.9375043 ,    7.75586243,     -2.24395471,   14.56740919,   32.42085082,   97.52826742,     39.12309458], [  -61.95124335,  -73.1844937 ,   -0.34246077,    9.39963201,     -1.64462105,   15.45113622,   -5.06429067,   33.44593636,     -5.24725553,    0.76113803,   10.54924869,   39.12309458,     81.23339146]]
/root/sim/music/out/あいみょん/tamago/03_お互い様やん.mp3; [-599.4705    , 107.1355    , -13.923697  ,  -0.38974956,  -9.941546  ,    2.8038936 ,  10.411296  , -14.72179   ,  -9.82994   , -11.057639  ,  -16.438728  , -12.002437  ,  -6.45932   ]; [[14586.36950769,  349.10965073, -463.8709713 , -412.55810903,   -316.09651579, -373.30219606,  364.15964079, -521.147066  ,    -57.98779793,  -81.29984046, -382.1014373 , -288.62451318,   -218.88849825], [  349.10965073, 1105.61245871, -234.41945876,   29.83677194,    -22.19403344,   96.21260258,  -27.91971141,   13.50430352,    -57.64181827,  -39.1117211 ,  -15.65897661,  -13.49000091,     24.97887877], [ -463.8709713 , -234.41945876,  503.78225829,   33.8447732 ,     56.56327916,  -12.92043634,  -75.9731428 ,   39.43474148,    -20.91294378,  -27.27758787,   42.95277803,   27.17722956,     -1.19280466], [ -412.55810903,   29.83677194,   33.8447732 ,  351.3028626 ,     57.56479974,   29.30923252,  -62.47461488,   76.89249668,    -19.829042  ,  -28.62276574,    3.41388986,   51.23517934,     19.36691693], [ -316.09651579,  -22.19403344,   56.56327916,   57.56479974,    150.83773077,   56.58203483,  -45.64427423,   38.96735254,     -1.76421026,  -17.01462351,    6.88689647,    8.91782682,     10.71994678], [ -373.30219606,   96.21260258,  -12.92043634,   29.30923252,     56.58203483,  307.60913135,  -44.49645657,  114.2207389 ,    -24.26274642,  -16.36378712,    9.21711049,    0.2796772 ,     41.40203274], [  364.15964079,  -27.91971141,  -75.9731428 ,  -62.47461488,    -45.64427423,  -44.49645657,  194.12062049,  -56.86339917,     24.15964037,   35.07065462,  -20.0927276 ,    0.14971105,    -16.82742503], [ -521.147066  ,   13.50430352,   39.43474148,   76.89249668,     38.96735254,  114.2207389 ,  -56.86339917,  202.51066385,     11.19858649,  -23.15547819,   19.37635006,   23.29100887,     42.1853708 ], [  -57.98779793,  -57.64181827,  -20.91294378,  -19.829042  ,     -1.76421026,  -24.26274642,   24.15964037,   11.19858649,    115.4197237 ,   39.07057466,    2.91420213,  -11.48788867,      5.45517253], [  -81.29984046,  -39.1117211 ,  -27.27758787,  -28.62276574,    -17.01462351,  -16.36378712,   35.07065462,  -23.15547819,     39.07057466,  109.78939892,   11.87904824,   -0.97765336,     -2.07896265], [ -382.1014373 ,  -15.65897661,   42.95277803,    3.41388986,      6.88689647,    9.21711049,  -20.0927276 ,   19.37635006,      2.91420213,   11.87904824,   97.32240727,   24.78213241,     11.86900221], [ -288.62451318,  -13.49000091,   27.17722956,   51.23517934,      8.91782682,    0.2796772 ,    0.14971105,   23.29100887,    -11.48788867,   -0.97765336,   24.78213241,   97.71804746,     20.4875717 ], [ -218.88849825,   24.97887877,   -1.19280466,   19.36691693,     10.71994678,   41.40203274,  -16.82742503,   42.1853708 ,      5.45517253,   -2.07896265,   11.86900221,   20.4875717 ,     82.12318366]]
/root/sim/music/out/あいみょん/tamago/06_幸せになりたい.mp3; [-507.93918   , 113.65125   ,  -7.901869  ,  24.450644  ,   0.176221  ,    5.326466  ,  10.447787  ,   6.2941446 ,   4.109126  ,  -0.49625704,   -7.393423  ,  -5.0515275 ,  -3.5462363 ]; [[12527.9637269 ,  902.21338588, -556.09943714,  135.3136349 ,   -151.75197006,   50.05786996,  -49.94027925,   66.18748848,     61.65078769,  -33.04616187, -167.63830708, -112.82765661,    -62.11289766], [  902.21338588,  760.95036959,  -61.33839154,    8.31190548,    -30.74212831,  -31.15365164,   45.68032855,  -12.27687131,      9.84534804,   28.78282087,    0.00374679,  -17.99805632,    -12.27712849], [ -556.09943714,  -61.33839154,  479.77758729,   40.16582982,     27.13089268,   27.54017687,   20.16438885,  -22.47654061,    -58.9629525 ,  -39.45363627,   61.7053426 ,    7.86131967,     -6.6232522 ], [  135.3136349 ,    8.31190548,   40.16582982,  254.06797512,     86.65858489,   34.62630854,  -17.17770549,   43.77792113,    -14.89195478,  -11.12199174,    5.61151177,   29.59038285,      3.82970306], [ -151.75197006,  -30.74212831,   27.13089268,   86.65858489,    154.42231283,   65.08159712,    3.35266711,   23.64626559,     20.84153137,    7.57942704,   -4.49666131,   10.39868123,     14.35519413], [   50.05786996,  -31.15365164,   27.54017687,   34.62630854,     65.08159712,  285.2932175 ,   13.96803699,   62.87549315,      4.06963779,   24.88958227,   14.12129188,  -15.84839849,     23.36807058], [  -49.94027925,   45.68032855,   20.16438885,  -17.17770549,      3.35266711,   13.96803699,  169.83337676,   33.73970496,     17.46083983,    1.02920749,   -7.72684409,   -6.06571168,     -4.8110322 ], [   66.18748848,  -12.27687131,  -22.47654061,   43.77792113,     23.64626559,   62.87549315,   33.73970496,  123.40946225,     51.40668725,    7.30627939,  -10.26607029,   -5.66855523,     14.50775931], [   61.65078769,    9.84534804,  -58.9629525 ,  -14.89195478,     20.84153137,    4.06963779,   17.46083983,   51.40668725,    101.51680541,   41.71747567,   -8.88354077,   -8.97794525,      6.6427227 ], [  -33.04616187,   28.78282087,  -39.45363627,  -11.12199174,      7.57942704,   24.88958227,    1.02920749,    7.30627939,     41.71747567,   82.70266403,   28.03078458,    3.90040876,     -1.0210914 ], [ -167.63830708,    0.00374679,   61.7053426 ,    5.61151177,     -4.49666131,   14.12129188,   -7.72684409,  -10.26607029,     -8.88354077,   28.03078458,   82.99084045,   29.41065009,      2.04460139], [ -112.82765661,  -17.99805632,    7.86131967,   29.59038285,     10.39868123,  -15.84839849,   -6.06571168,   -5.66855523,     -8.97794525,    3.90040876,   29.41065009,   74.38405453,     22.82909205], [  -62.11289766,  -12.27712849,   -6.6232522 ,    3.82970306,     14.35519413,   23.36807058,   -4.8110322 ,   14.50775931,      6.6427227 ,   -1.0210914 ,    2.04460139,   22.82909205,     65.54474316]]
/root/sim/music/out/あいみょん/tamago/04_○○ちゃん.mp3; [-518.0177    , 110.04941   ,  -8.080228  ,  15.852349  ,  -4.3977203 ,    4.258113  ,  11.656029  ,   1.1119537 ,   6.4038076 ,   1.5020583 ,   -5.8969355 ,   0.09725856,  -1.9702504 ]; [[13233.20847928,  475.32298387, -103.55944157,  114.94523271,    224.72797205,   76.89345279,  100.53553993,  197.23134981,     96.19476558,  344.27763097,  129.98454933,  -32.35696721,    190.13056999], [  475.32298387, 1083.0088644 ,  -20.18857423,   69.41009107,     50.84358264,   79.05046605,   68.38122079,    5.16337608,     50.04192752,    7.10552614,   12.1090273 ,   14.36762124,    -20.19364325], [ -103.55944157,  -20.18857423,  608.53058779,  -53.59290045,     98.96827644,   44.4873012 ,   12.97845074,  -21.2476371 ,    -37.34250595,  -52.37899741,   43.31069151,    5.71308283,      4.20952965], [  114.94523271,   69.41009107,  -53.59290045,  323.62510869,     60.79417591,   35.43676484,  -34.5648798 ,   92.97613024,     21.28635494,   17.68963093,   30.76427634,   35.16396497,     20.04865138], [  224.72797205,   50.84358264,   98.96827644,   60.79417591,    171.1455444 ,   57.89747374,    9.23884174,   21.5555477 ,     22.10006115,   33.92810444,   23.4417161 ,   12.81228779,     23.31787976], [   76.89345279,   79.05046605,   44.4873012 ,   35.43676484,     57.89747374,  262.46648528,   32.64599128,   75.18776729,     11.84715292,   22.96758607,   29.47005914,  -11.43911049,     24.95151005], [  100.53553993,   68.38122079,   12.97845074,  -34.5648798 ,      9.23884174,   32.64599128,  116.59796198,    7.42220961,     12.05037802,   12.93341018,   -0.86012355,   13.96102017,     -1.76139252], [  197.23134981,    5.16337608,  -21.2476371 ,   92.97613024,     21.5555477 ,   75.18776729,    7.42220961,  172.93230371,     43.4929337 ,   21.80894176,   31.48111037,    2.49583486,     34.10905701], [   96.19476558,   50.04192752,  -37.34250595,   21.28635494,     22.10006115,   11.84715292,   12.05037802,   43.4929337 ,    103.23008237,   41.92059021,    8.9535259 ,   -5.53421893,      4.49944692], [  344.27763097,    7.10552614,  -52.37899741,   17.68963093,     33.92810444,   22.96758607,   12.93341018,   21.80894176,     41.92059021,  107.55388488,   35.01482742,    6.73373604,     16.51755664], [  129.98454933,   12.1090273 ,   43.31069151,   30.76427634,     23.4417161 ,   29.47005914,   -0.86012355,   31.48111037,      8.9535259 ,   35.01482742,  106.81116464,   20.53839036,     20.56727459], [  -32.35696721,   14.36762124,    5.71308283,   35.16396497,     12.81228779,  -11.43911049,   13.96102017,    2.49583486,     -5.53421893,    6.73373604,   20.53839036,   80.62115878,     25.18585363], [  190.13056999,  -20.19364325,    4.20952965,   20.04865138,     23.31787976,   24.95151005,   -1.76139252,   34.10905701,      4.49944692,   16.51755664,   20.56727459,   25.18585363,     84.02834097]]
/root/sim/music/out/あいみょん/tamago/01_貴方解剖純愛歌_～死ね～.mp3; [-500.14313  ,  97.35099  ,  -5.119303 ,  22.458773 ,   4.8557973,   16.449062 ,  12.508964 ,  -1.9100536,   6.584128 ,   2.066332 ,   -3.5320191,  -2.3931723,   0.1182441]; [[14422.16102621,  556.58795209, -149.46217632,  374.77994157,      9.2392039 ,  356.42724866,  147.42449987,   74.69171825,    177.01573679,  103.34662171,  -28.74989502,  -76.59886238,     74.8154691 ], [  556.58795209,  773.27852912, -104.51687349,    2.54588713,    -13.69368515,  -44.70590681,   71.81797306,  -43.2686063 ,     18.78372747,  -31.58655523,  -18.69320484,   -3.22492391,    -30.19081537], [ -149.46217632, -104.51687349,  396.11092181,   27.63857991,     60.53670575,   -3.28005964,  -64.57740375,  -13.90104775,    -53.71115635,   17.78049629,   75.02398047,   26.32115532,      3.03963642], [  374.77994157,    2.54588713,   27.63857991,  340.31606762,     72.06534816,   56.69236667,  -66.97181152,   25.53775806,    -11.49781262,   20.36571863,   63.69001395,   47.61976074,     22.40189724], [    9.2392039 ,  -13.69368515,   60.53670575,   72.06534816,    141.33470493,   50.59738126,    0.66091982,  -12.25607068,     -0.53077731,   20.50629045,   27.35877453,   23.71042309,     14.59902814], [  356.42724866,  -44.70590681,   -3.28005964,   56.69236667,     50.59738126,  308.02940135,    9.2320095 ,   76.00484568,     18.53638542,   37.96733149,   63.10454857,   -2.0473066 ,     38.98412536], [  147.42449987,   71.81797306,  -64.57740375,  -66.97181152,      0.66091982,    9.2320095 ,  172.73131374,   22.35084449,     44.76468264,   -6.18725599,  -41.24271852,   -4.16224829,     10.06704349], [   74.69171825,  -43.2686063 ,  -13.90104775,   25.53775806,    -12.25607068,   76.00484568,   22.35084449,  165.10317359,     54.92201656,    5.95587837,    0.49172063,   -3.374766  ,     22.15516012], [  177.01573679,   18.78372747,  -53.71115635,  -11.49781262,     -0.53077731,   18.53638542,   44.76468264,   54.92201656,    116.77200831,   27.43060191,  -17.76720569,  -17.30379843,     -0.65649566], [  103.34662171,  -31.58655523,   17.78049629,   20.36571863,     20.50629045,   37.96733149,   -6.18725599,    5.95587837,     27.43060191,   82.28602105,   40.82492441,    3.63650857,     -2.71792717], [  -28.74989502,  -18.69320484,   75.02398047,   63.69001395,     27.35877453,   63.10454857,  -41.24271852,    0.49172063,    -17.76720569,   40.82492441,  127.02147985,   32.6957339 ,      5.07428686], [  -76.59886238,   -3.22492391,   26.32115532,   47.61976074,     23.71042309,   -2.0473066 ,   -4.16224829,   -3.374766  ,    -17.30379843,    3.63650857,   32.6957339 ,   83.8376407 ,     30.55388019], [   74.8154691 ,  -30.19081537,    3.03963642,   22.40189724,     14.59902814,   38.98412536,   10.06704349,   22.15516012,     -0.65649566,   -2.71792717,    5.07428686,   30.55388019,     79.59770387]]
/root/sim/music/out/あいみょん/tamago/02_分かってくれよ.mp3; [-587.9467    , 125.47489   ,  -7.3782988 ,   8.362965  ,   5.148011  ,    3.0272272 ,   7.795981  ,  -7.2004642 ,   1.8060434 ,   8.122309  ,   -3.1228251 ,  -2.0509644 ,   0.33888125]; [[24112.71602628,-1677.93042443, 2624.90510888, 1676.47953849,   1212.37639009, 1162.82112863, 1346.72288364,  264.93196019,    313.97854727,  231.77235686, -389.07117108, -136.29658355,    180.87608379], [-1677.93042443, 1621.89429701, -249.93179103, -158.30344193,   -158.38310545, -180.27772045, -100.86995868,   22.77903137,     37.02923793,   -4.48685567,  106.00047129,   39.13073681,    -93.77632146], [ 2624.90510888, -249.93179103, 1183.23899245,  349.00035512,    294.25459837,  228.24014313,  174.03622888,  155.65512901,     80.77526987,  -62.82836528,   49.20007683,    5.43959772,      2.50658691], [ 1676.47953849, -158.30344193,  349.00035512,  498.22492066,    208.3659874 ,  188.12570673,   59.33891078,  111.76006283,     50.96866774,  -11.6024162 ,  -10.80573362,   24.3199214 ,      7.5208951 ], [ 1212.37639009, -158.38310545,  294.25459837,  208.3659874 ,    314.62422429,  165.95616583,   64.6879359 ,   48.90170467,     45.77810093,   15.51976377,  -12.16538783,   14.26187434,     41.07831089], [ 1162.82112863, -180.27772045,  228.24014313,  188.12570673,    165.95616583,  384.62889401,   57.05948197,  102.16602025,     60.56968467,    9.38730094,   26.52447593,  -40.74263809,     31.71665711], [ 1346.72288364, -100.86995868,  174.03622888,   59.33891078,     64.6879359 ,   57.05948197,  312.46749226,   12.05769334,     42.26342484,   61.61233274,  -43.19268175,   18.45339879,      7.14717734], [  264.93196019,   22.77903137,  155.65512901,  111.76006283,     48.90170467,  102.16602025,   12.05769334,  184.51640269,     55.84012798,   -7.38523418,   32.43138165,  -14.40391644,      7.61320275], [  313.97854727,   37.02923793,   80.77526987,   50.96866774,     45.77810093,   60.56968467,   42.26342484,   55.84012798,    132.83356333,   38.92378501,   14.15040282,  -11.69372996,     -5.38793168], [  231.77235686,   -4.48685567,  -62.82836528,  -11.6024162 ,     15.51976377,    9.38730094,   61.61233274,   -7.38523418,     38.92378501,  127.995469  ,    5.11924492,    2.41214779,      0.45996229], [ -389.07117108,  106.00047129,   49.20007683,  -10.80573362,    -12.16538783,   26.52447593,  -43.19268175,   32.43138165,     14.15040282,    5.11924492,  127.0022259 ,   31.45626907,      6.91367537], [ -136.29658355,   39.13073681,    5.43959772,   24.3199214 ,     14.26187434,  -40.74263809,   18.45339879,  -14.40391644,    -11.69372996,    2.41214779,   31.45626907,  120.0724615 ,     32.21163847], [  180.87608379,  -93.77632146,    2.50658691,    7.5208951 ,     41.07831089,   31.71665711,    7.14717734,    7.61320275,     -5.38793168,    0.45996229,    6.91367537,   32.21163847,    117.91690721]]
/root/sim/music/out/あいみょん/tamago/05_夜行バス.mp3; [-538.1756    , 106.01605   ,  16.60765   ,  24.315784  ,   4.39017   ,    7.888733  ,  14.398857  ,   0.26168597,   3.4014564 ,   3.0165632 ,   -6.681807  ,  -4.14029   ,  -2.6563625 ]; [[13022.9255256 , -345.84827398, -695.23419696, -358.16778621,   -194.9865986 ,  -53.53558623,   93.59814161, -105.40507341,     82.06311746,   75.58591143, -285.05679203, -148.60050102,     51.67234858], [ -345.84827398,  958.23244069,   -9.64869074,  -34.32502889,      2.43888007,   26.10094271,   53.84634658,    7.25083136,     29.3466517 ,   13.14481958,   13.65458453,   13.73801016,    -27.68748255], [ -695.23419696,   -9.64869074,  740.43985315,  258.97319604,     87.75295826,   52.39920565,  -71.34035936,   54.76682452,    -49.87185208,  -45.34386952,  131.38920192,   24.17185062,    -49.11909241], [ -358.16778621,  -34.32502889,  258.97319604,  499.43971203,    105.34908066,    5.45137436,  -85.04819329,  107.47612392,    -13.78444891,   -1.03975707,   80.06903093,   62.04539488,    -18.66244722], [ -194.9865986 ,    2.43888007,   87.75295826,  105.34908066,    161.26860015,   40.1038011 ,    0.59656328,   -2.93072599,     18.07323317,    4.6243803 ,   16.3375962 ,    4.36099992,     -0.90946766], [  -53.53558623,   26.10094271,   52.39920565,    5.45137436,     40.1038011 ,  239.32114821,   15.85105492,   50.57542947,     17.94064709,   31.53008234,   30.05271845,   -8.54546503,      7.51873884], [   93.59814161,   53.84634658,  -71.34035936,  -85.04819329,      0.59656328,   15.85105492,  183.23588917,  -13.72564506,     20.78710311,   20.17946315,  -20.76233182,   -7.03546801,     18.91223576], [ -105.40507341,    7.25083136,   54.76682452,  107.47612392,     -2.93072599,   50.57542947,  -13.72564506,  184.61913402,     42.46349912,   20.0216703 ,   47.23546786,   26.7926656 ,      4.95375587], [   82.06311746,   29.3466517 ,  -49.87185208,  -13.78444891,     18.07323317,   17.94064709,   20.78710311,   42.46349912,    113.4558838 ,   43.2446798 ,   -4.4265445 ,   -8.42242191,      3.62706919], [   75.58591143,   13.14481958,  -45.34386952,   -1.03975707,      4.6243803 ,   31.53008234,   20.17946315,   20.0216703 ,     43.2446798 ,  107.16397031,   31.5531564 ,   10.49230091,      6.8137826 ], [ -285.05679203,   13.65458453,  131.38920192,   80.06903093,     16.3375962 ,   30.05271845,  -20.76233182,   47.23546786,     -4.4265445 ,   31.5531564 ,  135.05097729,   48.56421373,      0.79393629], [ -148.60050102,   13.73801016,   24.17185062,   62.04539488,      4.36099992,   -8.54546503,   -7.03546801,   26.7926656 ,     -8.42242191,   10.49230091,   48.56421373,   99.02734141,     29.26979227], [   51.67234858,  -27.68748255,  -49.11909241,  -18.66244722,     -0.90946766,    7.51873884,   18.91223576,    4.95375587,      3.62706919,    6.8137826 ,    0.79393629,   29.26979227,     87.70527719]]
