/root/sim/music/out/斉藤和義/歌うたい15_SINGLES_BEST_1993～2007_[Disc_3]/05_五秒の再会.mp3; [-578.788     , 119.38893   ,  25.919977  ,  17.596174  ,  -3.9774106 ,   10.462579  ,  -4.2271695 ,   4.339308  ,  -2.3322425 ,   0.9888374 ,   -0.5996877 ,   3.3183715 ,  -0.69641864]; [[17246.44785141, 1011.02354326, -251.33554382, -440.49761537,   -150.60120464,  -53.24325697, -298.7355598 ,  137.44780159,    -30.77507521,   11.59550858, -127.51358376,   13.33840339,     89.25149053], [ 1011.02354326, 1087.40870199,  -68.72132673,  -68.02169232,     -6.72969366,   81.85956084,  -66.51044073,    0.42366794,      9.69665499,  -28.04798393,  -46.27500755,  -25.22369798,      5.88927379], [ -251.33554382,  -68.72132673,  711.28238863,  203.18384086,     15.32585517,   31.5727774 ,   32.30564103,   -7.0018782 ,     42.79726234,   38.76202408,   62.96356598,   71.5680078 ,     85.46911743], [ -440.49761537,  -68.02169232,  203.18384086,  376.2383962 ,     56.80898227,   13.30649103,   13.9055953 ,   -0.04599229,     34.77146545,    2.78684184,   25.81864058,   33.19814905,     48.06287821], [ -150.60120464,   -6.72969366,   15.32585517,   56.80898227,    180.15595595,    9.45550062,   -6.36532784,   17.80806798,     24.92854434,   -2.31473451,   -6.71415945,   -3.07910993,     -8.13765258], [  -53.24325697,   81.85956084,   31.5727774 ,   13.30649103,      9.45550062,  192.48132077,   59.91969654,   12.69548387,     30.72828549,   30.92757787,   15.11481727,   -8.78999422,      5.81061961], [ -298.7355598 ,  -66.51044073,   32.30564103,   13.9055953 ,     -6.36532784,   59.91969654,  161.20577447,   47.11208264,     -4.21528799,   31.40099484,   49.62542425,   21.60470397,    -10.84086831], [  137.44780159,    0.42366794,   -7.0018782 ,   -0.04599229,     17.80806798,   12.69548387,   47.11208264,   98.08692071,     34.4577152 ,   18.40168429,   15.60671636,   17.91230411,      3.3587095 ], [  -30.77507521,    9.69665499,   42.79726234,   34.77146545,     24.92854434,   30.72828549,   -4.21528799,   34.4577152 ,    104.33435491,   41.69868951,   11.55659363,    3.59271578,     22.40579295], [   11.59550858,  -28.04798393,   38.76202408,    2.78684184,     -2.31473451,   30.92757787,   31.40099484,   18.40168429,     41.69868951,  105.52385094,   55.73218109,   13.01796559,      0.77065754], [ -127.51358376,  -46.27500755,   62.96356598,   25.81864058,     -6.71415945,   15.11481727,   49.62542425,   15.60671636,     11.55659363,   55.73218109,   99.48506107,   42.77234313,     -0.58997416], [   13.33840339,  -25.22369798,   71.5680078 ,   33.19814905,     -3.07910993,   -8.78999422,   21.60470397,   17.91230411,      3.59271578,   13.01796559,   42.77234313,   80.5899189 ,     29.55360922], [   89.25149053,    5.88927379,   85.46911743,   48.06287821,     -8.13765258,    5.81061961,  -10.84086831,    3.3587095 ,     22.40579295,    0.77065754,   -0.58997416,   29.55360922,     95.15817468]]
/root/sim/music/out/斉藤和義/歌うたい15_SINGLES_BEST_1993～2007_[Disc_3]/01_ウエディング・ソング_(2).mp3; [-711.6506   , 176.08904  ,   4.3932767,  27.551357 ,  -6.3055634,   -4.7924156, -13.895125 ,  -7.710742 , -12.779926 ,   2.9265912,   -7.5465026,  -1.4682875,  -1.5183833]; [[11628.24477247, -304.56079116, -442.18061841, -284.21588905,   -506.99589149, -350.79259196, -435.32936861, -172.40076036,   -339.91830043,  430.43414445,  196.52439998,   87.33848402,      0.21751431], [ -304.56079116, 1616.18814873, -266.64644816,  110.15620748,     53.19501254,   50.1069182 ,   81.74434474,    7.66675483,     10.19955176,  -51.82913826,  -53.24368158,  -37.45381754,     37.92299923], [ -442.18061841, -266.64644816,  688.97022379,  -42.19934512,    -21.23438957,   44.43650296,  -37.64358592,   13.67618229,    -25.41690997,  -24.35212814,  -20.28851943,   19.30840228,    -27.48637045], [ -284.21588905,  110.15620748,  -42.19934512,  391.2360907 ,    131.35853324,  -52.33362867,  -18.20903062,   52.23316459,     92.57774718,  -82.18263848,  -57.70582574,   16.70242727,     43.87808611], [ -506.99589149,   53.19501254,  -21.23438957,  131.35853324,    251.61202247,   39.89253027,   38.07767105,   44.00060537,     69.69271714,  -42.51709537,  -29.43858088,    6.71036442,     21.38045657], [ -350.79259196,   50.1069182 ,   44.43650296,  -52.33362867,     39.89253027,  231.13621504,  106.94442225,    3.95697927,     19.42903746,    2.37895483,   16.74817497,  -17.34639542,     -9.25027895], [ -435.32936861,   81.74434474,  -37.64358592,  -18.20903062,     38.07767105,  106.94442225,  245.11277545,   37.96088307,     28.9914622 ,  -12.65170189,   17.22469127,   -7.45233756,      4.40158267], [ -172.40076036,    7.66675483,   13.67618229,   52.23316459,     44.00060537,    3.95697927,   37.96088307,  151.59998559,     42.65604534,  -29.07122029,    2.7170475 ,   13.79799209,     39.14146208], [ -339.91830043,   10.19955176,  -25.41690997,   92.57774718,     69.69271714,   19.42903746,   28.9914622 ,   42.65604534,    176.02333288,  -10.49824978,  -19.01865286,    1.70544165,     18.67013368], [  430.43414445,  -51.82913826,  -24.35212814,  -82.18263848,    -42.51709537,    2.37895483,  -12.65170189,  -29.07122029,    -10.49824978,  184.07933671,   73.20608145,   10.69595926,     -9.28401218], [  196.52439998,  -53.24368158,  -20.28851943,  -57.70582574,    -29.43858088,   16.74817497,   17.22469127,    2.7170475 ,    -19.01865286,   73.20608145,  145.3615993 ,   30.51371366,      4.9233178 ], [   87.33848402,  -37.45381754,   19.30840228,   16.70242727,      6.71036442,  -17.34639542,   -7.45233756,   13.79799209,      1.70544165,   10.69595926,   30.51371366,  101.19596061,     27.6350738 ], [    0.21751431,   37.92299923,  -27.48637045,   43.87808611,     21.38045657,   -9.25027895,    4.40158267,   39.14146208,     18.67013368,   -9.28401218,    4.9233178 ,   27.6350738 ,    111.36250204]]
/root/sim/music/out/斉藤和義/歌うたい15_SINGLES_BEST_1993～2007_[Disc_3]/03_ベリー_ベリー_ストロング_～アイネクライネ～_(シングルバージョン)_(2).mp3; [-514.63995  , 113.45919  ,  -0.9712869,  25.79473  ,   7.839633 ,    4.490461 ,  -5.8265824,   2.326495 ,  -1.9969034,   2.6192596,   -3.414746 ,  -1.0976341,  -2.69408  ]; [[13019.53920731,  156.38054633, -246.80052621,  152.14197944,     16.12873763,   42.74532166, -110.94424756,   11.36146068,     13.22185702,   -3.97433425,  -21.08674245,   10.9784792 ,    -22.39101762], [  156.38054633, 1068.55263884,  -51.20338289,  -76.67539792,     -6.63061478,   28.73077637,  -37.30485932,  -47.10472908,    -26.1115229 ,   40.27706196,   -7.3781105 ,   49.57038534,    -20.05676672], [ -246.80052621,  -51.20338289,  380.80048897,  -18.62088473,     41.14269783,   36.09430847,  -33.02146361,   -9.12651059,    -28.19551444,  -34.72422689,  -27.81181994,   10.53760669,    -17.93645241], [  152.14197944,  -76.67539792,  -18.62088473,  239.83135386,     57.4125975 ,   -3.57877339,   19.90319734,   20.01819223,     28.531795  ,  -21.87562434,   -6.39619809,  -17.65581655,     24.45687039], [   16.12873763,   -6.63061478,   41.14269783,   57.4125975 ,    137.91057438,   20.84967936,  -18.38014915,   -0.22380131,     21.5607231 ,    7.21069079,  -16.02501797,    0.68097498,      1.05244557], [   42.74532166,   28.73077637,   36.09430847,   -3.57877339,     20.84967936,  104.31704982,   29.06663057,   -0.39337211,     -8.02448604,   -6.23675949,    4.56692772,    2.4406726 ,    -13.34651249], [ -110.94424756,  -37.30485932,  -33.02146361,   19.90319734,    -18.38014915,   29.06663057,  150.79353732,   28.24436437,      6.61304635,  -12.83703983,   27.46341816,   -4.57589175,      0.72750964], [   11.36146068,  -47.10472908,   -9.12651059,   20.01819223,     -0.22380131,   -0.39337211,   28.24436437,   80.20561447,     20.8213338 ,    1.25416541,    1.7213855 ,   -2.61715446,     12.61444857], [   13.22185702,  -26.1115229 ,  -28.19551444,   28.531795  ,     21.5607231 ,   -8.02448604,    6.61304635,   20.8213338 ,     77.87744691,   20.96491669,   -0.60346726,   -7.32736725,      5.13369009], [   -3.97433425,   40.27706196,  -34.72422689,  -21.87562434,      7.21069079,   -6.23675949,  -12.83703983,    1.25416541,     20.96491669,   80.8888803 ,   19.92476946,    1.88472098,     -5.55239284], [  -21.08674245,   -7.3781105 ,  -27.81181994,   -6.39619809,    -16.02501797,    4.56692772,   27.46341816,    1.7213855 ,     -0.60346726,   19.92476946,   64.58787031,   11.7154068 ,     -0.37651952], [   10.9784792 ,   49.57038534,   10.53760669,  -17.65581655,      0.68097498,    2.4406726 ,   -4.57589175,   -2.61715446,     -7.32736725,    1.88472098,   11.7154068 ,   55.72480881,     14.17635858], [  -22.39101762,  -20.05676672,  -17.93645241,   24.45687039,      1.05244557,  -13.34651249,    0.72750964,   12.61444857,      5.13369009,   -5.55239284,   -0.37651952,   14.17635858,     59.8424374 ]]
/root/sim/music/out/斉藤和義/歌うたい15_SINGLES_BEST_1993～2007_[Disc_3]/04_虹_(2).mp3; [-510.18512  , 126.87604  , -25.50846  ,   1.0828329,  -4.77574  ,    1.2284778,  -4.6461134,   2.0787718,  -4.6205235,  -1.2576821,   -4.2044334,  -1.5638052,  -2.6514096]; [[12793.0631675 ,  682.74220659, -127.28973604, -150.34158728,    -72.8589674 ,   -5.97643847, -123.60833874,   82.34315276,    -74.64939225,  109.4301363 ,  -35.46925265,  -17.19791212,    -34.85893376], [  682.74220659,  932.20472822, -237.4010584 ,  174.93949958,     40.44473617,   91.93071834,   90.68415659,   51.78844347,     38.23544717,   27.7193473 ,   40.7035295 ,   45.32144952,     32.714883  ], [ -127.28973604, -237.4010584 ,  328.04652951,  -17.60281274,    -20.54751775,    1.59643416,   -0.52678517,   16.7122475 ,     -0.93183844,    4.21210584,   15.78934576,   19.98386759,      7.9750385 ], [ -150.34158728,  174.93949958,  -17.60281274,  278.2516901 ,     62.53257155,   28.56296592,    6.39024964,   20.73631184,     28.95900866,    4.36599967,   12.49606179,   26.07884543,     31.83204975], [  -72.8589674 ,   40.44473617,  -20.54751775,   62.53257155,    122.7175554 ,   30.88717731,    3.19409112,    2.85012005,     23.73580254,   10.88517256,   -1.90096982,   12.12532623,     16.16756174], [   -5.97643847,   91.93071834,    1.59643416,   28.56296592,     30.88717731,  109.26801352,   46.35727201,   27.34797049,     15.0368549 ,   30.67301381,   29.50916036,   27.82712638,     16.28005089], [ -123.60833874,   90.68415659,   -0.52678517,    6.39024964,      3.19409112,   46.35727201,  105.27581986,   35.7231092 ,     15.87748294,    3.58587495,   24.17696266,   18.39523344,     12.01711916], [   82.34315276,   51.78844347,   16.7122475 ,   20.73631184,      2.85012005,   27.34797049,   35.7231092 ,  101.73687387,     24.09657121,   39.49427388,   11.16136322,   26.37795293,     18.07028038], [  -74.64939225,   38.23544717,   -0.93183844,   28.95900866,     23.73580254,   15.0368549 ,   15.87748294,   24.09657121,     80.48865912,   23.67893632,   14.19374312,    3.84749237,     10.86739577], [  109.4301363 ,   27.7193473 ,    4.21210584,    4.36599967,     10.88517256,   30.67301381,    3.58587495,   39.49427388,     23.67893632,  111.14787396,   28.56787263,   21.26641888,      3.17093926], [  -35.46925265,   40.7035295 ,   15.78934576,   12.49606179,     -1.90096982,   29.50916036,   24.17696266,   11.16136322,     14.19374312,   28.56787263,   69.79824713,   29.2140207 ,      7.52056359], [  -17.19791212,   45.32144952,   19.98386759,   26.07884543,     12.12532623,   27.82712638,   18.39523344,   26.37795293,      3.84749237,   21.26641888,   29.2140207 ,   68.08645692,     31.8326094 ], [  -34.85893376,   32.714883  ,    7.9750385 ,   31.83204975,     16.16756174,   16.28005089,   12.01711916,   18.07028038,     10.86739577,    3.17093926,    7.52056359,   31.8326094 ,     61.9338927 ]]
/root/sim/music/out/斉藤和義/歌うたい15_SINGLES_BEST_1993～2007_[Disc_2]/08_やわらかな日.mp3; [-527.21906   , 121.87119   ,  17.646698  ,  16.945164  ,  -1.7460154 ,    6.301586  ,   0.7814304 ,   2.3277366 ,  -3.4133394 ,   0.9112155 ,    0.8216648 ,   0.5568253 ,   0.37921998]; [[13929.2098853 , -328.52478109, -641.98964713, -149.25987994,   -131.84460609,   83.63458594,  -24.37572839,  -33.2226008 ,    -48.99575959,   25.0143815 ,   86.6791631 ,   39.84650204,    -36.51914574], [ -328.52478109,  821.64048607,  -72.65660665,  -64.73441318,    -71.38540114,  -30.76117383,   29.06686193,    7.39574894,    -16.22844349,   20.12195786,   31.25793347,   24.01014917,     15.37687511], [ -641.98964713,  -72.65660665,  375.41526735,  114.11015014,     85.51062622,   14.07820771,  -27.36447352,   34.13032025,     19.89181301,   14.08529587,  -14.50594174,   12.33041874,     27.80267077], [ -149.25987994,  -64.73441318,  114.11015014,  328.86351748,    184.38422085,    2.35990903,  -63.33692037,   10.50997687,     48.17379385,  -11.52024253,  -39.03975617,    4.62690854,     29.52214705], [ -131.84460609,  -71.38540114,   85.51062622,  184.38422085,    223.97560912,   32.87058435,  -39.91299888,   10.49473238,     42.3411441 ,    8.54867386,  -21.18791103,   11.20529129,     17.51151387], [   83.63458594,  -30.76117383,   14.07820771,    2.35990903,     32.87058435,  116.38632909,   46.91376369,   12.17988888,      1.51993274,   13.03775505,   19.43317663,    6.8486068 ,      3.89884959], [  -24.37572839,   29.06686193,  -27.36447352,  -63.33692037,    -39.91299888,   46.91376369,  140.39607679,   24.69399732,      7.04335617,    3.1280847 ,   36.0164914 ,    8.88448282,      0.78095142], [  -33.2226008 ,    7.39574894,   34.13032025,   10.50997687,     10.49473238,   12.17988888,   24.69399732,   91.80403308,     27.76002669,   12.50394574,   -4.84024405,    9.56245398,     13.15125923], [  -48.99575959,  -16.22844349,   19.89181301,   48.17379385,     42.3411441 ,    1.51993274,    7.04335617,   27.76002669,     96.74921164,   28.2997694 ,    0.46877126,    1.73326127,      8.96687945], [   25.0143815 ,   20.12195786,   14.08529587,  -11.52024253,      8.54867386,   13.03775505,    3.1280847 ,   12.50394574,     28.2997694 ,   89.6492645 ,   34.7630001 ,   12.60043951,     -5.04488735], [   86.6791631 ,   31.25793347,  -14.50594174,  -39.03975617,    -21.18791103,   19.43317663,   36.0164914 ,   -4.84024405,      0.46877126,   34.7630001 ,   85.67097151,   31.00106154,     -2.94109826], [   39.84650204,   24.01014917,   12.33041874,    4.62690854,     11.20529129,    6.8486068 ,    8.88448282,    9.56245398,      1.73326127,   12.60043951,   31.00106154,   67.41942909,     25.68326041], [  -36.51914574,   15.37687511,   27.80267077,   29.52214705,     17.51151387,    3.89884959,    0.78095142,   13.15125923,      8.96687945,   -5.04488735,   -2.94109826,   25.68326041,     63.58077564]]
/root/sim/music/out/斉藤和義/歌うたい15_SINGLES_BEST_1993～2007_[Disc_2]/06_ロケット.mp3; [-509.52573   , 108.30546   ,  -8.695011  ,  30.443478  ,   9.342017  ,   12.363742  ,   0.08152437,  10.261922  ,   4.647996  ,   4.1704154 ,   -0.39586875,   1.6531571 ,  -2.617687  ]; [[16772.17015778, 1011.63746397, -122.63733761,  171.217064  ,     -4.98956977,  192.67865687, -101.31681527,  -35.51575135,   -104.46925958,  120.90188973,  -63.12275601,  -64.92243834,    -93.42025638], [ 1011.63746397,  590.93318253,  -12.40133185,   48.86748061,    -64.52796297,  -18.16045616,  -17.45341224,   14.73840367,     14.87011326,   -2.84171016,   -0.36544094,    7.75751718,      6.9845718 ], [ -122.63733761,  -12.40133185,  483.71807033,    0.61619572,     37.10422102,   52.24576636,   54.93801851,  -16.41206212,    -12.1933233 ,   62.06185081,    0.01615663,    4.36987241,     13.94844727], [  171.217064  ,   48.86748061,    0.61619572,  205.57497903,     77.3260011 ,   43.8230908 ,   -8.67317541,   19.02530476,     14.63674043,   -2.34961611,   -0.70019054,    6.36314954,      0.71969641], [   -4.98956977,  -64.52796297,   37.10422102,   77.3260011 ,    184.54034044,   65.43984281,   29.29901961,   22.71869484,     16.71779019,   15.95561958,    5.72112315,   15.71428893,      1.68849284], [  192.67865687,  -18.16045616,   52.24576636,   43.8230908 ,     65.43984281,  105.53556102,   50.59210766,   14.78098748,      0.81191436,   18.60165746,    8.88136362,    2.44165485,     -2.54039007], [ -101.31681527,  -17.45341224,   54.93801851,   -8.67317541,     29.29901961,   50.59210766,   99.90319683,   35.72121944,      3.30363223,   17.4739475 ,    9.97321939,    1.61834109,      0.17339921], [  -35.51575135,   14.73840367,  -16.41206212,   19.02530476,     22.71869484,   14.78098748,   35.72121944,   70.28232022,     30.10300659,    4.94650517,    2.96590834,    4.78643026,     -3.98315548], [ -104.46925958,   14.87011326,  -12.1933233 ,   14.63674043,     16.71779019,    0.81191436,    3.30363223,   30.10300659,     65.91836838,   21.08881446,    1.86144249,   -4.30169548,     -6.34221597], [  120.90188973,   -2.84171016,   62.06185081,   -2.34961611,     15.95561958,   18.60165746,   17.4739475 ,    4.94650517,     21.08881446,   78.83580847,   23.69751407,   -4.51349813,     -9.22650826], [  -63.12275601,   -0.36544094,    0.01615663,   -0.70019054,      5.72112315,    8.88136362,    9.97321939,    2.96590834,      1.86144249,   23.69751407,   54.62684842,   21.37634892,      2.89750678], [  -64.92243834,    7.75751718,    4.36987241,    6.36314954,     15.71428893,    2.44165485,    1.61834109,    4.78643026,     -4.30169548,   -4.51349813,   21.37634892,   55.65716727,     21.96888108], [  -93.42025638,    6.9845718 ,   13.94844727,    0.71969641,      1.68849284,   -2.54039007,    0.17339921,   -3.98315548,     -6.34221597,   -9.22650826,    2.89750678,   21.96888108,     48.19569446]]
/root/sim/music/out/斉藤和義/歌うたい15_SINGLES_BEST_1993～2007_[Disc_2]/11_真夜中のプール.mp3; [-548.65137  , 136.19928  ,  -1.1374004,   6.787574 ,  -0.7722114,    6.3165216,  -2.1311595,   5.130815 ,  -4.7308226,   2.1665237,   -4.076034 ,   2.260321 ,   1.2341802]; [[13741.7304321 ,  157.13736591, -239.81451393, -343.683288  ,   -140.27389123,  -25.27532466, -130.689937  ,   12.0730094 ,   -166.63733816,   37.454431  ,  -81.21670518,   70.56515804,     51.66691291], [  157.13736591, 1174.71676322, -210.9611141 ,   74.54642647,    -25.21877034,   84.40101232,  118.20973561,   37.07855381,     33.05996772,  -14.51106082,   36.18312854,  -15.82288583,     50.50172376], [ -239.81451393, -210.9611141 ,  364.82015365,   36.97451851,     51.65711967,   20.55353799,  -16.29919962,   28.78383615,     11.69460524,   38.19317031,   11.87433391,   20.5421466 ,      1.04630857], [ -343.683288  ,   74.54642647,   36.97451851,  250.64111229,     86.40073456,   20.51443671,    9.42974081,   28.05360774,     56.41928181,   -8.0937804 ,    8.49998802,    0.69373662,     26.01560883], [ -140.27389123,  -25.21877034,   51.65711967,   86.40073456,    163.43353443,   26.1563891 ,  -15.09018844,   19.49897986,     17.67212591,    4.8459126 ,   12.06492931,   23.93997108,     17.34770854], [  -25.27532466,   84.40101232,   20.55353799,   20.51443671,     26.1563891 ,  185.08841766,  113.86272326,    1.87551484,     19.76608963,   -0.79262311,   57.09319974,   -1.80123122,     27.89970216], [ -130.689937  ,  118.20973561,  -16.29919962,    9.42974081,    -15.09018844,  113.86272326,  205.11637718,   19.19270515,     32.85999878,  -12.43322723,   46.24019986,   -3.75692895,     24.34691866], [   12.0730094 ,   37.07855381,   28.78383615,   28.05360774,     19.49897986,    1.87551484,   19.19270515,  110.36466403,     32.73471823,    1.56834251,  -15.53223848,    2.36789017,     29.42664062], [ -166.63733816,   33.05996772,   11.69460524,   56.41928181,     17.67212591,   19.76608963,   32.85999878,   32.73471823,    118.46296268,   30.13248809,   11.24491431,  -15.84142083,      5.12689007], [   37.454431  ,  -14.51106082,   38.19317031,   -8.0937804 ,      4.8459126 ,   -0.79262311,  -12.43322723,    1.56834251,     30.13248809,  136.68182095,   35.34923797,   24.60549216,    -35.014198  ], [  -81.21670518,   36.18312854,   11.87433391,    8.49998802,     12.06492931,   57.09319974,   46.24019986,  -15.53223848,     11.24491431,   35.34923797,  105.48601978,   25.45229689,     -0.73768276], [   70.56515804,  -15.82288583,   20.5421466 ,    0.69373662,     23.93997108,   -1.80123122,   -3.75692895,    2.36789017,    -15.84142083,   24.60549216,   25.45229689,  101.77827064,      8.48689904], [   51.66691291,   50.50172376,    1.04630857,   26.01560883,     17.34770854,   27.89970216,   24.34691866,   29.42664062,      5.12689007,  -35.014198  ,   -0.73768276,    8.48689904,    108.04820504]]
/root/sim/music/out/斉藤和義/歌うたい15_SINGLES_BEST_1993～2007_[Disc_2]/15_ハミングバード.mp3; [-542.67004  , 130.18875  ,  -6.4521313,  20.133106 ,   8.24667  ,    6.1602616,   6.768088 ,   4.0763083,  -3.9016283,   1.0888836,    1.4230553,   2.9654336,   5.997276 ]; [[15211.36590577, -208.20438409,  145.3867125 ,  564.71683123,    248.71815803, -365.39284013, -164.37423357,   81.07928201,   -182.15741573,  409.48960154,  371.47949877,  -16.43670811,   -109.90425762], [ -208.20438409,  893.40928916, -283.05414904,   51.22264162,     -1.89408732,   14.30911801,    1.66482741,  -30.66002025,     78.33451946,   -6.98438293,   -9.36642786,   24.59882061,     17.54232777], [  145.3867125 , -283.05414904,  677.9163911 , -190.52265678,     53.97481389,  -47.81779706,   -9.31770835,   88.72104943,    -79.63221128,   25.4068819 ,    1.62228759,   13.17287873,     20.04284418], [  564.71683123,   51.22264162, -190.52265678,  291.47283934,     26.14623939,   -7.78499314,    8.33324324,   -0.75756045,     63.97606965,   -3.5625381 ,   -4.01956327,  -18.04089432,      5.92246383], [  248.71815803,   -1.89408732,   53.97481389,   26.14623939,    132.45349464,   -6.34848874,   -4.90761945,   10.92619413,     22.49449834,   10.14574376,  -10.32421853,    1.88564113,     -0.71293893], [ -365.39284013,   14.30911801,  -47.81779706,   -7.78499314,     -6.34848874,  149.79333734,   49.90747329,  -12.92849609,      5.15762392,   -6.12248429,   17.2951791 ,    2.22808996,     -8.1301253 ], [ -164.37423357,    1.66482741,   -9.31770835,    8.33324324,     -4.90761945,   49.90747329,  122.79636251,   15.86523243,      2.40394987,  -14.13436429,   12.39528398,   -5.51409116,     -0.56404621], [   81.07928201,  -30.66002025,   88.72104943,   -0.75756045,     10.92619413,  -12.92849609,   15.86523243,   89.18573427,      0.13041126,    8.48850054,   -3.34549005,    3.8804443 ,     12.55976524], [ -182.15741573,   78.33451946,  -79.63221128,   63.97606965,     22.49449834,    5.15762392,    2.40394987,    0.13041126,    129.30005361,    5.87024619,  -27.95764422,  -10.39951004,      5.60520745], [  409.48960154,   -6.98438293,   25.4068819 ,   -3.5625381 ,     10.14574376,   -6.12248429,  -14.13436429,    8.48850054,      5.87024619,  105.27816883,   48.62755228,   13.21561469,    -12.81495092], [  371.47949877,   -9.36642786,    1.62228759,   -4.01956327,    -10.32421853,   17.2951791 ,   12.39528398,   -3.34549005,    -27.95764422,   48.62755228,  110.32777384,   25.61642258,    -17.10050345], [  -16.43670811,   24.59882061,   13.17287873,  -18.04089432,      1.88564113,    2.22808996,   -5.51409116,    3.8804443 ,    -10.39951004,   13.21561469,   25.61642258,   67.47795791,     15.75322976], [ -109.90425762,   17.54232777,   20.04284418,    5.92246383,     -0.71293893,   -8.1301253 ,   -0.56404621,   12.55976524,      5.60520745,  -12.81495092,  -17.10050345,   15.75322976,     76.82357475]]
/root/sim/music/out/斉藤和義/歌うたい15_SINGLES_BEST_1993～2007_[Disc_2]/09_喜びの唄.mp3; [-548.14435  , 116.834694 ,  -1.844473 ,  18.61302  ,  -2.0890512,    4.4746075,  -4.043598 ,   4.236328 ,  -1.0255111,   1.4383365,   -5.2033834,  -0.6894445,  -0.3038231]; [[15948.63276741, -898.15952843, -300.69565313,   95.25888158,   -116.88734549,   61.69704178,  139.91334278,   37.1437421 ,    -91.95455488,   55.78917737,    1.04858925,  -87.34294214,      4.85098203], [ -898.15952843, 1151.64905509,  -31.12384207,  -29.48198802,     18.44190434,  -11.44064803,  -12.7612534 ,   15.19713262,     33.51568761,   13.44369878,   22.83270753,   16.94290385,     17.5775717 ], [ -300.69565313,  -31.12384207,  523.99434002,   79.29500222,     32.02633497,   34.06594559,   18.69426149,   26.81092954,      8.42867194,   -0.28216226,   18.57081315,   16.86402017,     -0.13849337], [   95.25888158,  -29.48198802,   79.29500222,  380.54203263,    162.31892102,   20.65280713,    5.86951543,   32.59955336,     69.29001831,   -7.26374484,   -6.89396382,   14.00377067,     11.76654606], [ -116.88734549,   18.44190434,   32.02633497,  162.31892102,    198.48492434,   39.15758046,   21.65089488,   17.43518012,     65.23588729,    4.42444926,    0.42714601,    7.66286452,      7.41244276], [   61.69704178,  -11.44064803,   34.06594559,   20.65280713,     39.15758046,  138.70137022,   78.7355796 ,   25.73171379,     25.09665687,   24.97202885,   33.73226131,   -0.83715751,     -6.98915356], [  139.91334278,  -12.7612534 ,   18.69426149,    5.86951543,     21.65089488,   78.7355796 ,  193.98438316,   64.56464261,     47.60919778,   22.38955477,   45.55731116,    4.26625888,     -2.84019319], [   37.1437421 ,   15.19713262,   26.81092954,   32.59955336,     17.43518012,   25.73171379,   64.56464261,  113.82224103,     53.12767534,   32.64804133,   25.52640914,   22.83960961,     20.66217428], [  -91.95455488,   33.51568761,    8.42867194,   69.29001831,     65.23588729,   25.09665687,   47.60919778,   53.12767534,    123.4881074 ,   44.78459976,   24.79781235,   12.11637989,     15.31588591], [   55.78917737,   13.44369878,   -0.28216226,   -7.26374484,      4.42444926,   24.97202885,   22.38955477,   32.64804133,     44.78459976,  103.89279602,   53.99236169,   20.38693487,      4.86060573], [    1.04858925,   22.83270753,   18.57081315,   -6.89396382,      0.42714601,   33.73226131,   45.55731116,   25.52640914,     24.79781235,   53.99236169,   92.82710684,   35.50491638,      4.86930017], [  -87.34294214,   16.94290385,   16.86402017,   14.00377067,      7.66286452,   -0.83715751,    4.26625888,   22.83960961,     12.11637989,   20.38693487,   35.50491638,   85.4590726 ,     40.2984026 ], [    4.85098203,   17.5775717 ,   -0.13849337,   11.76654606,      7.41244276,   -6.98915356,   -2.84019319,   20.66217428,     15.31588591,    4.86060573,    4.86930017,   40.2984026 ,     84.27655435]]
/root/sim/music/out/斉藤和義/歌うたい15_SINGLES_BEST_1993～2007_[Disc_2]/04_アゲハ.mp3; [-515.7497    , 110.94858   ,   9.459782  ,  13.23462   ,   1.269541  ,   -0.17106359,  -8.103819  ,   1.0456344 ,  -2.380469  ,   1.3361639 ,    0.83042854,   3.2631807 ,  -3.973201  ]; [[12863.98417551, -209.72918349, -416.56962648, -228.24892624,   -197.54094482, -143.66210172, -393.44816652,  -88.88211761,    -54.87835582,  -28.69691402,  -62.54375401,  -18.52694401,    -78.94129536], [ -209.72918349, 1095.12167934,   38.06466316,   37.14403014,    -45.75729387,  -31.94696506,  100.11081063,   17.48993835,    -12.23965256,  -12.2964255 ,    1.80579564,   33.57786621,      1.46018556], [ -416.56962648,   38.06466316,  332.4318878 ,   43.41644602,    -23.75085817,   23.48112575,   67.92119535,   23.69059808,      6.67107899,    2.55455014,   -1.98072756,   15.80796356,     24.34999764], [ -228.24892624,   37.14403014,   43.41644602,  220.30933247,     77.50351042,   20.89069192,   22.93282285,   27.33257854,     29.97035172,   -0.8501518 ,    6.15864473,    2.94508986,     31.53947122], [ -197.54094482,  -45.75729387,  -23.75085817,   77.50351042,    188.39528728,   56.7783962 ,  -14.8105375 ,   24.9946521 ,     13.87167192,   17.42458323,    1.78431324,   13.06657321,     -2.75896591], [ -143.66210172,  -31.94696506,   23.48112575,   20.89069192,     56.7783962 ,  120.16322165,   47.53783059,    2.87969619,     -0.98465992,    8.56101956,   22.22482642,    2.86272932,      4.68301823], [ -393.44816652,  100.11081063,   67.92119535,   22.93282285,    -14.8105375 ,   47.53783059,  133.69334167,   21.48954657,     -1.82949937,   -2.62434222,   18.5365745 ,    8.43868146,      5.05337626], [  -88.88211761,   17.48993835,   23.69059808,   27.33257854,     24.9946521 ,    2.87969619,   21.48954657,   70.95553055,     21.86047293,    0.1942059 ,   -5.61072249,    3.28388372,      2.04330699], [  -54.87835582,  -12.23965256,    6.67107899,   29.97035172,     13.87167192,   -0.98465992,   -1.82949937,   21.86047293,     72.04447575,   13.77026877,   -3.01891379,   -5.01954693,      1.53014492], [  -28.69691402,  -12.2964255 ,    2.55455014,   -0.8501518 ,     17.42458323,    8.56101956,   -2.62434222,    0.1942059 ,     13.77026877,   58.29700721,   13.99632714,   -0.01137885,    -12.97172938], [  -62.54375401,    1.80579564,   -1.98072756,    6.15864473,      1.78431324,   22.22482642,   18.5365745 ,   -5.61072249,     -3.01891379,   13.99632714,   64.50462779,   11.23441215,     -0.39361561], [  -18.52694401,   33.57786621,   15.80796356,    2.94508986,     13.06657321,    2.86272932,    8.43868146,    3.28388372,     -5.01954693,   -0.01137885,   11.23441215,   53.11619641,     10.42295094], [  -78.94129536,    1.46018556,   24.34999764,   31.53947122,     -2.75896591,    4.68301823,    5.05337626,    2.04330699,      1.53014492,  -12.97172938,   -0.39361561,   10.42295094,     60.65146845]]
/root/sim/music/out/斉藤和義/歌うたい15_SINGLES_BEST_1993～2007_[Disc_2]/07_月の向こう側.mp3; [-605.1955   , 176.44823  ,  -2.1860793,  11.258154 ,  -1.9890162,   -4.9482822, -12.071324 ,  -1.3181648,  -8.027697 ,   2.8353455,   -4.0262628,   1.0211813,  -2.4891026]; [[15169.50304207,-3414.69945608,  126.12635497,  714.56330216,   -241.88382182,  292.88777628,  344.61253962,  368.87062966,    117.42476508,  202.98010595,  126.92839727,  224.93839914,    124.91611453], [-3414.69945608, 2740.73316055, -416.92612388, -316.48814112,     98.08536894, -193.30606884, -185.17469502, -205.61812974,    -75.01557167,  -87.3056719 ,  -54.10489976, -125.28025523,    -31.60603929], [  126.12635497, -416.92612388,  447.1782922 ,  -95.74099215,    -11.672629  ,   64.74575867,    5.38385932,   67.11605406,    -21.66740446,   38.06736735,    3.40448824,   53.78314713,     -4.52561979], [  714.56330216, -316.48814112,  -95.74099215,  471.34550471,     91.9192849 ,   48.78925801,  113.30871351,   32.52826321,    135.27984848,    3.0514547 ,   72.2071074 ,   14.49261324,     81.47059074], [ -241.88382182,   98.08536894,  -11.672629  ,   91.9192849 ,    153.53772904,   15.11525698,   16.56366854,   -3.03384926,     56.60858358,   -1.88350702,   27.21201769,   11.2147265 ,     29.10822409], [  292.88777628, -193.30606884,   64.74575867,   48.78925801,     15.11525698,  114.63915671,   67.24167253,   38.20667634,     23.31179032,   26.17778502,   34.93145785,   15.45131462,     22.30966722], [  344.61253962, -185.17469502,    5.38385932,  113.30871351,     16.56366854,   67.24167253,  180.64862211,   45.11425974,     54.6350811 ,   25.73523539,   60.26755783,    0.55624665,     40.28847487], [  368.87062966, -205.61812974,   67.11605406,   32.52826321,     -3.03384926,   38.20667634,   45.11425974,  122.67516703,     22.26492877,   19.39059316,    7.21740625,   26.99140968,     18.23325211], [  117.42476508,  -75.01557167,  -21.66740446,  135.27984848,     56.60858358,   23.31179032,   54.6350811 ,   22.26492877,    127.03379942,   11.93360407,   34.20489327,    1.28170787,     34.32121061], [  202.98010595,  -87.3056719 ,   38.06736735,    3.0514547 ,     -1.88350702,   26.17778502,   25.73523539,   19.39059316,     11.93360407,   88.72311691,   27.15342123,    7.02493189,     -1.48848677], [  126.92839727,  -54.10489976,    3.40448824,   72.2071074 ,     27.21201769,   34.93145785,   60.26755783,    7.21740625,     34.20489327,   27.15342123,   94.06908386,   16.39505865,     18.89241538], [  224.93839914, -125.28025523,   53.78314713,   14.49261324,     11.2147265 ,   15.45131462,    0.55624665,   26.99140968,      1.28170787,    7.02493189,   16.39505865,   79.78224183,     16.68539285], [  124.91611453,  -31.60603929,   -4.52561979,   81.47059074,     29.10822409,   22.30966722,   40.28847487,   18.23325211,     34.32121061,   -1.48848677,   18.89241538,   16.68539285,     85.44144032]]
/root/sim/music/out/斉藤和義/歌うたい15_SINGLES_BEST_1993～2007_[Disc_2]/10_ぼくらのルール.mp3; [-538.88165  , 126.662125 ,  11.759153 ,  17.019447 ,   2.6610494,    5.7796693,   0.9664864,   3.536389 ,  -2.2512603,   4.4739246,    1.4801948,   3.436386 ,  -1.163202 ]; [[11393.52602328,  391.22527569,   -5.83985294, -304.55840442,   -337.24029779,  -82.99910833, -225.99610293,   -9.45827075,    -87.87744048,  217.60869522,  113.02182065,    5.57705118,    -35.8633415 ], [  391.22527569,  943.64750254, -163.20661335,   55.24789277,     20.3330648 ,   21.79038368,   57.2992826 ,    2.65050017,      4.17471328,   -9.74604132,   10.38659513,   14.20148938,     -6.31744865], [   -5.83985294, -163.20661335,  356.15270368,   67.33531191,     34.36493528,   24.23069129,   39.13260919,   30.59189695,     19.7785793 ,  -29.30701878,  -19.37172046,   22.58962226,     47.73133449], [ -304.55840442,   55.24789277,   67.33531191,  273.09844006,    117.96572866,    2.42060197,   32.19516979,   12.14829951,     36.81434839,  -39.05678655,  -43.70975538,   -4.51443351,     22.47110248], [ -337.24029779,   20.3330648 ,   34.36493528,  117.96572866,    186.21875911,   35.52548661,    4.46568723,   -0.99221731,     32.34010154,  -20.86160158,  -29.06673496,    1.25660771,      6.28093126], [  -82.99910833,   21.79038368,   24.23069129,    2.42060197,     35.52548661,  138.30126966,   46.57338219,   -7.35616459,      6.00911717,    7.52380542,   22.2742288 ,   -6.75241171,      0.80155879], [ -225.99610293,   57.2992826 ,   39.13260919,   32.19516979,      4.46568723,   46.57338219,  165.48940186,   22.18462691,     15.45824187,  -24.86438399,    8.60827334,    2.94038962,      6.37392453], [   -9.45827075,    2.65050017,   30.59189695,   12.14829951,     -0.99221731,   -7.35616459,   22.18462691,  102.07657842,     26.28830186,   -5.18992205,   -9.63516752,   12.69623049,     20.07367324], [  -87.87744048,    4.17471328,   19.7785793 ,   36.81434839,     32.34010154,    6.00911717,   15.45824187,   26.28830186,    100.63952761,    9.37683755,   -5.28660714,   -6.02186631,      4.44057335], [  217.60869522,   -9.74604132,  -29.30701878,  -39.05678655,    -20.86160158,    7.52380542,  -24.86438399,   -5.18992205,      9.37683755,  134.04878156,   50.47710681,   -1.66458258,    -13.21955935], [  113.02182065,   10.38659513,  -19.37172046,  -43.70975538,    -29.06673496,   22.2742288 ,    8.60827334,   -9.63516752,     -5.28660714,   50.47710681,   99.38915654,   18.76289891,    -11.39584108], [    5.57705118,   14.20148938,   22.58962226,   -4.51443351,      1.25660771,   -6.75241171,    2.94038962,   12.69623049,     -6.02186631,   -1.66458258,   18.76289891,   69.92086724,     26.3679115 ], [  -35.8633415 ,   -6.31744865,   47.73133449,   22.47110248,      6.28093126,    0.80155879,    6.37392453,   20.07367324,      4.44057335,  -13.21955935,  -11.39584108,   26.3679115 ,     74.78558648]]
/root/sim/music/out/斉藤和義/歌うたい15_SINGLES_BEST_1993～2007_[Disc_2]/03_ソファ.mp3; [-567.3996   , 125.94265  ,  24.981281 ,  25.569315 ,   5.79425  ,    5.558707 ,   0.3100464,   5.093351 ,  -4.707957 ,  -3.314568 ,    1.921419 ,   4.4783955,  -2.8852792]; [[ 9367.49051851,-1509.17507626, -180.62564882, -421.89645643,     32.06357654,   41.91467583, -116.55709724, -150.59479763,    -86.35982788,    7.09441985,   65.70301543, -100.54535603,   -156.06651258], [-1509.17507626, 1777.21494872,  -97.16434539,   34.51925669,   -215.06235065,  -67.61861329,   31.38197016,  107.89345915,     -4.32467413,   18.27504578, -101.18526508,  120.12269251,     83.39366286], [ -180.62564882,  -97.16434539,  357.54354955,    1.5477868 ,    -36.77253307,   10.66675033,   -3.92778291,   21.17064637,      5.92451089,   -9.24628283,  -15.2555995 ,   21.93043346,     17.74170171], [ -421.89645643,   34.51925669,    1.5477868 ,  373.44720013,     59.82951839,   23.34260017,    2.09539114,   14.73260522,     29.89927292,  -73.09595829,    6.30667269,  -48.66199144,      2.16204958], [   32.06357654, -215.06235065,  -36.77253307,   59.82951839,    270.88599437,    4.84582136,  -33.15351404,  -34.11748169,      7.51073874,    3.26056583,   27.20190575,  -25.92119969,    -22.9930106 ], [   41.91467583,  -67.61861329,   10.66675033,   23.34260017,      4.84582136,  112.04147142,   23.44581797,   -9.41661491,      5.92472176,   -5.00436487,   16.66065825,   -9.24897295,    -11.27297861], [ -116.55709724,   31.38197016,   -3.92778291,    2.09539114,    -33.15351404,   23.44581797,  147.21567054,   29.16540416,     -7.19723034,  -29.8749005 ,   36.95177076,    4.72195274,    -11.53845577], [ -150.59479763,  107.89345915,   21.17064637,   14.73260522,    -34.11748169,   -9.41661491,   29.16540416,  100.9857652 ,     13.4176582 ,  -15.00707325,  -21.31125645,   14.37149821,     18.53822512], [  -86.35982788,   -4.32467413,    5.92451089,   29.89927292,      7.51073874,    5.92472176,   -7.19723034,   13.4176582 ,     82.24384558,    9.33004214,   -5.43231763,   -9.34593846,      0.63857492], [    7.09441985,   18.27504578,   -9.24628283,  -73.09595829,      3.26056583,   -5.00436487,  -29.8749005 ,  -15.00707325,      9.33004214,  121.58945894,   -0.8801876 ,   16.42127851,     -3.33877705], [   65.70301543, -101.18526508,  -15.2555995 ,    6.30667269,     27.20190575,   16.66065825,   36.95177076,  -21.31125645,     -5.43231763,   -0.8801876 ,  114.65769362,   -5.77989832,    -22.7317438 ], [ -100.54535603,  120.12269251,   21.93043346,  -48.66199144,    -25.92119969,   -9.24897295,    4.72195274,   14.37149821,     -9.34593846,   16.42127851,   -5.77989832,   93.21981812,     23.7099206 ], [ -156.06651258,   83.39366286,   17.74170171,    2.16204958,    -22.9930106 ,  -11.27297861,  -11.53845577,   18.53822512,      0.63857492,   -3.33877705,  -22.7317438 ,   23.7099206 ,     77.64588418]]
