/root/sim/music/out/Chicago/The_Very_Best_of_Chicago__Only_the_Begin/1-08_Free.mp3; [-560.502    , 121.32776  , -31.574636 ,  31.40534  ,   7.1643767,    8.565378 ,   4.00249  ,   4.7079306,  -1.6153283,   0.8523406,   -0.4753425,  -3.1858191,  -7.5335717]; [[13244.76005327, -296.66261721,-1261.26185398,  -43.0614808 ,   -146.41053661,  249.65013191,  171.42260935,   31.26353817,     25.61710246,  -17.00123542, -107.69527738,  -52.35454763,   -106.36722817], [ -296.66261721, 1458.5832739 ,  -11.29798044,   43.44791798,    112.71674473,  -61.65666154,  -85.89799313,   49.71991692,      6.40898337,   18.38181501,   20.81291476,  -37.3389516 ,    -71.74289802], [-1261.26185398,  -11.29798044,  694.35614504,  159.45569455,     42.5222047 ,  -15.14389584,  -20.04158395,    9.49036603,    -21.49751517,  -13.35751878,   30.53333033,   14.3726319 ,     33.53827727], [  -43.0614808 ,   43.44791798,  159.45569455,  262.04289292,    100.27768942,  -19.42332032,  -39.50123675,   -5.93599425,    -11.70054147,    6.38412486,    5.94523896,   17.52835235,     31.34932228], [ -146.41053661,  112.71674473,   42.5222047 ,  100.27768942,    196.07016398,   20.57449853,  -29.08121455,    3.24137314,      5.21908197,   16.7708531 ,    9.52568737,    1.59728259,      9.53748343], [  249.65013191,  -61.65666154,  -15.14389584,  -19.42332032,     20.57449853,  136.83555985,   91.40585861,   16.8951841 ,     -1.57113511,    6.04723368,    8.5374442 ,    6.16040224,     -5.83685432], [  171.42260935,  -85.89799313,  -20.04158395,  -39.50123675,    -29.08121455,   91.40585861,  162.34137734,   54.9983329 ,     -4.33038729,    0.02859431,   13.54129203,   15.27777753,     -6.44625812], [   31.26353817,   49.71991692,    9.49036603,   -5.93599425,      3.24137314,   16.8951841 ,   54.9983329 ,   89.65514422,     20.00441679,   -3.02123576,   12.92204242,    4.48347793,    -15.18763775], [   25.61710246,    6.40898337,  -21.49751517,  -11.70054147,      5.21908197,   -1.57113511,   -4.33038729,   20.00441679,     86.20779964,   33.57365554,   -3.02514625,    5.48146831,      6.91535323], [  -17.00123542,   18.38181501,  -13.35751878,    6.38412486,     16.7708531 ,    6.04723368,    0.02859431,   -3.02123576,     33.57365554,   75.95842557,   26.44671023,    1.90961733,     -2.19167878], [ -107.69527738,   20.81291476,   30.53333033,    5.94523896,      9.52568737,    8.5374442 ,   13.54129203,   12.92204242,     -3.02514625,   26.44671023,   76.93442866,   27.48758057,    -10.71208013], [  -52.35454763,  -37.3389516 ,   14.3726319 ,   17.52835235,      1.59728259,    6.16040224,   15.27777753,    4.48347793,      5.48146831,    1.90961733,   27.48758057,   61.76127278,     33.52935521], [ -106.36722817,  -71.74289802,   33.53827727,   31.34932228,      9.53748343,   -5.83685432,   -6.44625812,  -15.18763775,      6.91535323,   -2.19167878,  -10.71208013,   33.52935521,     86.65155533]]
/root/sim/music/out/Chicago/The_Very_Best_of_Chicago__Only_the_Begin/2-07_Hard_To_Say_I'm_Sorry.mp3; [-612.0798    , 140.40353   , -14.263842  ,  24.352749  ,  -0.06623389,    2.0745792 ,  -4.5255013 ,   0.21734957,   0.22522154,  -1.0914388 ,   -0.67100346,  -1.6145717 ,  -0.9605887 ]; [[16305.51965458,-2912.58627511, -165.29875947,  526.79645588,    213.89330256,  389.56388564,  464.08727093,  182.32255656,    245.93473627,  291.34580653,  178.05596267,  147.50305501,    182.11328062], [-2912.58627511, 1993.24782978, -114.79024232,  -56.39027324,      0.35530868, -121.11405953,  -90.9452044 ,  -23.58035203,    -32.59706788,  -74.74141615,  -27.27051917,   -8.17269397,    -38.72009056], [ -165.29875947, -114.79024232,  593.47490652,   34.46991325,    122.69141633,   82.26777287,   77.32130538,   67.01728182,     18.70112478,   33.21506625,   19.97366042,   16.87809868,     48.95833402], [  526.79645588,  -56.39027324,   34.46991325,  205.3962583 ,     66.47670103,   37.35972644,   25.62842975,   21.54486817,     26.04491891,   18.25547865,   -3.6956183 ,   16.75414085,     34.72591018], [  213.89330256,    0.35530868,  122.69141633,   66.47670103,    209.82317167,   60.38384254,   76.33424385,   54.49547963,     42.21661604,   22.33910222,    7.61324583,   23.39890119,     31.11397331], [  389.56388564, -121.11405953,   82.26777287,   37.35972644,     60.38384254,  130.26632251,   78.06710332,   36.35791134,     19.8433986 ,   19.31711964,   22.12078948,   11.85139826,      5.07937188], [  464.08727093,  -90.9452044 ,   77.32130538,   25.62842975,     76.33424385,   78.06710332,  201.95114693,   66.18729356,     27.92612153,   29.510801  ,   35.85866004,   36.77430323,     14.38937503], [  182.32255656,  -23.58035203,   67.01728182,   21.54486817,     54.49547963,   36.35791134,   66.18729356,  107.47925343,     28.78122936,   14.89782047,   21.70211304,    7.40067453,     11.09192898], [  245.93473627,  -32.59706788,   18.70112478,   26.04491891,     42.21661604,   19.8433986 ,   27.92612153,   28.78122936,     95.538321  ,   31.54847045,    0.47252511,   10.53185689,      2.73778937], [  291.34580653,  -74.74141615,   33.21506625,   18.25547865,     22.33910222,   19.31711964,   29.510801  ,   14.89782047,     31.54847045,   86.67109883,   33.88262611,    9.13034492,      5.86818773], [  178.05596267,  -27.27051917,   19.97366042,   -3.6956183 ,      7.61324583,   22.12078948,   35.85866004,   21.70211304,      0.47252511,   33.88262611,   86.20503684,   21.28220851,     -5.7342706 ], [  147.50305501,   -8.17269397,   16.87809868,   16.75414085,     23.39890119,   11.85139826,   36.77430323,    7.40067453,     10.53185689,    9.13034492,   21.28220851,   70.46610814,     22.32309255], [  182.11328062,  -38.72009056,   48.95833402,   34.72591018,     31.11397331,    5.07937188,   14.38937503,   11.09192898,      2.73778937,    5.86818773,   -5.7342706 ,   22.32309255,     81.91529502]]
/root/sim/music/out/Chicago/The_Very_Best_of_Chicago__Only_the_Begin/2-17_We_Can_Last_Forever.mp3; [-561.6164   , 132.61688  ,  -8.132783 ,  20.94254  ,   2.576876 ,    2.2939315,  -0.9771053,  -2.0923285,   1.1325289,  -3.6768124,   -2.505999 ,  -1.9350541,  -3.637205 ]; [[16548.35424604, -981.48462037,   62.86967839,  279.39696268,    336.94702666,  306.21696466,  606.69835397,  238.25603915,    494.43557693,  302.10460493,  110.87787485,  167.79234716,    114.47593833], [ -981.48462037, 1273.41213633, -155.53450149,   94.23357756,    -44.69770023,  -55.64566282,  -85.42431485,  -21.29268573,    -67.1447298 ,  -12.72129734,  -11.88421566,   -1.14475756,     -4.35110249], [   62.86967839, -155.53450149,  533.7893224 ,   45.32694608,     90.22901507,   63.16676886,   21.95887979,   73.32602345,     21.77659422,   36.68355227,   30.84917827,   -7.349088  ,     14.37864865], [  279.39696268,   94.23357756,   45.32694608,  387.42700506,     56.45491963,   28.90539498,   -2.78516843,   63.94828098,     30.44643171,   48.81600577,  -14.56752477,   40.49127523,     29.43399906], [  336.94702666,  -44.69770023,   90.22901507,   56.45491963,    182.77605582,   26.26020911,   31.44962443,   45.5086982 ,     30.31111537,   37.22619748,   14.33100001,    5.28505778,     22.16856387], [  306.21696466,  -55.64566282,   63.16676886,   28.90539498,     26.26020911,  129.7143222 ,   72.23519872,   28.26769189,     15.41898625,   11.47781761,   14.37118227,    7.44192388,     -1.63582691], [  606.69835397,  -85.42431485,   21.95887979,   -2.78516843,     31.44962443,   72.23519872,  207.09113348,   20.41982378,     46.22569516,   24.22020191,   12.10119456,   34.81873756,      5.51093231], [  238.25603915,  -21.29268573,   73.32602345,   63.94828098,     45.5086982 ,   28.26769189,   20.41982378,  123.21220467,     27.88978582,   29.67671035,   11.443628  ,    4.13824101,     18.07715806], [  494.43557693,  -67.1447298 ,   21.77659422,   30.44643171,     30.31111537,   15.41898625,   46.22569516,   27.88978582,    113.28688947,   42.47198025,   12.78703361,    9.56648217,      6.56927351], [  302.10460493,  -12.72129734,   36.68355227,   48.81600577,     37.22619748,   11.47781761,   24.22020191,   29.67671035,     42.47198025,  100.47884057,   21.58348194,   22.84999104,     13.61593718], [  110.87787485,  -11.88421566,   30.84917827,  -14.56752477,     14.33100001,   14.37118227,   12.10119456,   11.443628  ,     12.78703361,   21.58348194,   71.67915595,   10.51669036,      2.98611342], [  167.79234716,   -1.14475756,   -7.349088  ,   40.49127523,      5.28505778,    7.44192388,   34.81873756,    4.13824101,      9.56648217,   22.84999104,   10.51669036,   88.09763605,     35.6152236 ], [  114.47593833,   -4.35110249,   14.37864865,   29.43399906,     22.16856387,   -1.63582691,    5.51093231,   18.07715806,      6.56927351,   13.61593718,    2.98611342,   35.6152236 ,     75.59117934]]
/root/sim/music/out/Chicago/The_Very_Best_of_Chicago__Only_the_Begin/1-16_Call_On_Me.mp3; [-612.7658    , 128.72266   ,   2.86174   ,  24.588526  ,   3.2564209 ,    1.9227287 ,  -2.945907  ,  -0.4556863 ,  -3.0152006 ,  -0.25358245,   -2.3489509 ,  -1.0883483 ,  -0.41360718]; [[18533.57150826, -232.90879803, -107.2640865 ,   42.06479288,   -282.91834719,  192.52556855, -106.86713598,  -21.10211011,     28.32161152,  -16.89114187,  -44.23578832,  -93.99152197,    -13.44062891], [ -232.90879803, 1957.43316124, -110.17003808,  128.60167779,    108.68986457,  -14.54879044,   48.33978181,   38.74584427,    -17.33171065,   61.74593736,   50.80000651,   46.57621298,     31.92619277], [ -107.2640865 , -110.17003808,  579.0884624 ,   32.58901462,    111.19827095,   34.15184662,  -22.7167679 ,   42.35192675,     -5.47890368,    7.2558096 ,    2.47145035,   12.47173342,      9.00071273], [   42.06479288,  128.60167779,   32.58901462,  373.30777804,    105.43320166,   -7.04395529,   -7.68197816,    9.75025638,      3.72891879,   -9.05114251,   -8.68820024,   37.16894898,     14.51687163], [ -282.91834719,  108.68986457,  111.19827095,  105.43320166,    237.95240028,   38.06535998,   -6.13429412,   31.58046248,     14.94114004,    4.60735383,    4.14951563,   20.08762744,      5.74043708], [  192.52556855,  -14.54879044,   34.15184662,   -7.04395529,     38.06535998,  169.54221544,   68.17057016,   28.05463904,     27.42411938,   23.32064434,   21.0032259 ,    0.64832467,     -3.60171492], [ -106.86713598,   48.33978181,  -22.7167679 ,   -7.68197816,     -6.13429412,   68.17057016,  171.4165144 ,   71.58502446,     25.96531146,   16.05537363,   35.22823325,    9.73835592,     -4.07127925], [  -21.10211011,   38.74584427,   42.35192675,    9.75025638,     31.58046248,   28.05463904,   71.58502446,  127.03303799,     46.92218843,    9.14778689,   20.02232053,    9.70589526,     -3.00342503], [   28.32161152,  -17.33171065,   -5.47890368,    3.72891879,     14.94114004,   27.42411938,   25.96531146,   46.92218843,    109.29423574,   42.91226396,   15.08195037,    2.50562874,      3.1288738 ], [  -16.89114187,   61.74593736,    7.2558096 ,   -9.05114251,      4.60735383,   23.32064434,   16.05537363,    9.14778689,     42.91226396,   95.23481688,   37.55768028,    8.5457494 ,     15.60497871], [  -44.23578832,   50.80000651,    2.47145035,   -8.68820024,      4.14951563,   21.0032259 ,   35.22823325,   20.02232053,     15.08195037,   37.55768028,   91.96064448,   33.1491855 ,      3.81332801], [  -93.99152197,   46.57621298,   12.47173342,   37.16894898,     20.08762744,    0.64832467,    9.73835592,    9.70589526,      2.50562874,    8.5457494 ,   33.1491855 ,   83.73095001,     37.54319638], [  -13.44062891,   31.92619277,    9.00071273,   14.51687163,      5.74043708,   -3.60171492,   -4.07127925,   -3.00342503,      3.1288738 ,   15.60497871,    3.81332801,   37.54319638,     84.33327252]]
/root/sim/music/out/Chicago/The_Very_Best_of_Chicago__Only_the_Begin/2-16_I_Don't_Wanna_Live_Without_Your.mp3; [-567.49176   , 123.681595  , -14.298082  ,  24.658936  ,   1.1111777 ,    2.141922  ,   4.9763136 ,   4.059852  ,  -0.42884514,  -0.7481788 ,   -0.27773243,   0.52983046,  -2.5814245 ]; [[21952.5842871 ,-1780.11916195, -907.24248086,  841.74844171,    252.82551275,  312.16411793,  689.29593887,  393.31351725,    503.25247473,  293.47474903,  509.2049301 ,  280.85706336,    176.4857158 ], [-1780.11916195, 1678.26446978,  150.38336881,  -94.74307177,    -83.7736677 ,  -11.6280523 , -146.04409358,  -71.06801588,   -200.68710944,  -84.23432769, -103.31635793,  -55.12051766,    -52.72608057], [ -907.24248086,  150.38336881,  544.32355877,  -73.79666883,     67.99764477,   27.27188864,  -47.43816752,  -14.78259338,    -24.40480283,  -29.84928104,   -9.59592627,  -10.36291909,      0.20551383], [  841.74844171,  -94.74307177,  -73.79666883,  288.30959472,     43.68384617,   19.59900635,   70.38249202,   21.82416366,    111.97156562,   37.12631725,   24.81140285,   67.43768235,     57.39935758], [  252.82551275,  -83.7736677 ,   67.99764477,   43.68384617,    143.18933555,   31.76200209,   -4.66191894,    8.74340083,     38.42075227,   21.08770913,   19.30028026,    9.42288755,     12.54904375], [  312.16411793,  -11.6280523 ,   27.27188864,   19.59900635,     31.76200209,  114.93091746,   63.86975256,   30.85036943,      8.06941708,   14.82987471,   40.84027122,   25.09022555,     15.22263897], [  689.29593887, -146.04409358,  -47.43816752,   70.38249202,     -4.66191894,   63.86975256,  210.47546707,   75.11135337,     53.38282406,   26.56713598,   64.92007838,   58.48415886,     47.76231027], [  393.31351725,  -71.06801588,  -14.78259338,   21.82416366,      8.74340083,   30.85036943,   75.11135337,  102.19771633,     40.47407433,   24.83596507,   35.91480206,   19.67347952,     20.35390553], [  503.25247473, -200.68710944,  -24.40480283,  111.97156562,     38.42075227,    8.06941708,   53.38282406,   40.47407433,    163.78640038,   55.62559094,   18.45044349,   45.41845327,     35.38023314], [  293.47474903,  -84.23432769,  -29.84928104,   37.12631725,     21.08770913,   14.82987471,   26.56713598,   24.83596507,     55.62559094,   87.61126955,   41.05439295,   17.79106776,      7.25309614], [  509.2049301 , -103.31635793,   -9.59592627,   24.81140285,     19.30028026,   40.84027122,   64.92007838,   35.91480206,     18.45044349,   41.05439295,  103.50026913,   41.45723336,     12.26675685], [  280.85706336,  -55.12051766,  -10.36291909,   67.43768235,      9.42288755,   25.09022555,   58.48415886,   19.67347952,     45.41845327,   17.79106776,   41.45723336,   91.86555692,     48.04677205], [  176.4857158 ,  -52.72608057,    0.20551383,   57.39935758,     12.54904375,   15.22263897,   47.76231027,   20.35390553,     35.38023314,    7.25309614,   12.26675685,   48.04677205,     83.66770306]]
/root/sim/music/out/Chicago/The_Very_Best_of_Chicago__Only_the_Begin/2-06_Love_Me_Tomorrow.mp3; [-622.8613    , 138.14798   ,   4.246361  ,  27.19854   ,   3.333701  ,    2.327186  ,  -2.9023716 ,   5.5581784 ,  -0.82279027,   2.0838423 ,   -2.0454414 ,  -4.597066  ,   1.7250588 ]; [[20402.0244228 ,-1609.05283392, -836.6075073 ,  510.22161448,    132.03048839,  415.52442694,  117.3041827 ,  256.58558136,      6.51725708,  181.91268506,  138.04508296,   34.47511285,     91.45648634], [-1609.05283392, 2630.85259853,  127.37242909,  -65.65253344,    -50.14305087, -119.71539404,   42.08118436,  -22.66535906,    -27.30851697,  -71.72056727,   -2.94304008,   14.18476844,    -35.13447471], [ -836.6075073 ,  127.37242909,  946.9916315 ,   50.37129163,     82.73342371,   38.62674556,   27.90641607,   24.25369997,     -2.95433824,   -3.84059849,  -25.67350564,   32.79697286,     29.09613869], [  510.22161448,  -65.65253344,   50.37129163,  292.43899501,     99.10779223,   32.85308039,  -18.66095143,   32.27664853,     27.65008952,   15.65807953,    2.41758106,   -1.6653786 ,     29.18856069], [  132.03048839,  -50.14305087,   82.73342371,   99.10779223,    201.59521301,   49.37675232,  -11.04248683,   39.65901805,     24.62628629,   31.39021599,   14.93388814,    4.44521075,      6.61094938], [  415.52442694, -119.71539404,   38.62674556,   32.85308039,     49.37675232,  153.1119339 ,   71.38419092,   33.14435465,     11.65160216,   25.5245066 ,   31.13435097,   21.11532685,     -8.26809921], [  117.3041827 ,   42.08118436,   27.90641607,  -18.66095143,    -11.04248683,   71.38419092,  203.92303229,   47.90674201,      1.89580353,    1.85291194,   34.35151198,   36.57451304,     -8.48310013], [  256.58558136,  -22.66535906,   24.25369997,   32.27664853,     39.65901805,   33.14435465,   47.90674201,  122.88114843,     18.48958641,   14.74567881,   25.58636374,    0.6474766 ,      6.13298831], [    6.51725708,  -27.30851697,   -2.95433824,   27.65008952,     24.62628629,   11.65160216,    1.89580353,   18.48958641,    124.7324637 ,   36.85520096,  -12.7558047 ,    9.73305836,      3.02592137], [  181.91268506,  -71.72056727,   -3.84059849,   15.65807953,     31.39021599,   25.5245066 ,    1.85291194,   14.74567881,     36.85520096,  100.95916815,   23.8712658 ,    1.07507072,     -0.23738774], [  138.04508296,   -2.94304008,  -25.67350564,    2.41758106,     14.93388814,   31.13435097,   34.35151198,   25.58636374,    -12.7558047 ,   23.8712658 ,   96.75538626,   23.55652901,    -12.35297391], [   34.47511285,   14.18476844,   32.79697286,   -1.6653786 ,      4.44521075,   21.11532685,   36.57451304,    0.6474766 ,      9.73305836,    1.07507072,   23.55652901,   88.66835569,     23.08133532], [   91.45648634,  -35.13447471,   29.09613869,   29.18856069,      6.61094938,   -8.26809921,   -8.48310013,    6.13298831,      3.02592137,   -0.23738774,  -12.35297391,   23.08133532,     92.45995678]]
/root/sim/music/out/Chicago/The_Very_Best_of_Chicago__Only_the_Begin/1-17_Happy_Man.mp3; [-700.0896    , 162.82346   ,  39.364365  ,  36.87091   ,   4.720239  ,   12.686633  ,  -1.6576577 ,  -0.5934958 ,  -1.2033817 ,  -0.14440882,   -1.1503054 ,   0.92288697,  -0.7023688 ]; [[17762.78136145, -245.08135642,-1290.49163365,  214.31536226,     40.93937171,  271.97313408, -278.09811298,   27.14288488,    180.30137047,  107.98422637,   98.45544458,  -84.34441712,    -28.26418791], [ -245.08135642, 1971.03322648,  185.8842708 ,   15.48268461,    -12.46482342,   30.64002212,  124.20557765,   29.35011691,    -61.18713412,  -46.28113244,   23.5561264 ,   20.9372605 ,     -1.65972144], [-1290.49163365,  185.8842708 , 1119.89593797,  139.81376113,     -6.47224106,  -77.13206671,   10.37750323,    5.9070937 ,    -78.95626232,   11.92747545,  -24.87194052,   99.98000381,     53.46338394], [  214.31536226,   15.48268461,  139.81376113,  382.45137147,     66.1545743 ,   -2.76089646,  -31.05864891,    4.79320022,     12.59622366,   11.86417819,  -22.53865832,   14.38787515,     26.21582393], [   40.93937171,  -12.46482342,   -6.47224106,   66.1545743 ,    217.59241243,   44.31213151,  -24.6645009 ,   37.47844908,     30.62375793,    3.43902165,  -11.30445476,    1.55661765,     10.4416627 ], [  271.97313408,   30.64002212,  -77.13206671,   -2.76089646,     44.31213151,  188.39427071,   57.01772718,   17.94110531,     27.48256972,   -3.69364974,   22.3751526 ,  -17.90685833,     -2.27309892], [ -278.09811298,  124.20557765,   10.37750323,  -31.05864891,    -24.6645009 ,   57.01772718,  244.02733764,   36.65047496,    -25.44721833,  -11.94550754,   17.53634568,   -6.96752075,    -18.74526973], [   27.14288488,   29.35011691,    5.9070937 ,    4.79320022,     37.47844908,   17.94110531,   36.65047496,  126.9524698 ,     24.65527039,    7.18241624,   14.61678443,    6.51333184,     10.40726483], [  180.30137047,  -61.18713412,  -78.95626232,   12.59622366,     30.62375793,   27.48256972,  -25.44721833,   24.65527039,    150.83333806,   47.03786734,   24.63627074,   -6.23028869,     -7.92323846], [  107.98422637,  -46.28113244,   11.92747545,   11.86417819,      3.43902165,   -3.69364974,  -11.94550754,    7.18241624,     47.03786734,  126.69083593,   31.94730864,   14.99649501,      7.36443968], [   98.45544458,   23.5561264 ,  -24.87194052,  -22.53865832,    -11.30445476,   22.3751526 ,   17.53634568,   14.61678443,     24.63627074,   31.94730864,  132.63734825,   28.52342546,      8.2747042 ], [  -84.34441712,   20.9372605 ,   99.98000381,   14.38787515,      1.55661765,  -17.90685833,   -6.96752075,    6.51333184,     -6.23028869,   14.99649501,   28.52342546,  106.99707997,     35.62306775], [  -28.26418791,   -1.65972144,   53.46338394,   26.21582393,     10.4416627 ,   -2.27309892,  -18.74526973,   10.40726483,     -7.92323846,    7.36443968,    8.2747042 ,   35.62306775,     92.87612179]]
/root/sim/music/out/Chicago/The_Very_Best_of_Chicago__Only_the_Begin/2-04_Alive_Again.mp3; [-578.4711    , 101.73905   ,  -7.7634673 ,  38.13962   ,  11.531309  ,   12.788024  ,   7.28524   ,   6.076085  ,   3.3646808 ,   4.3981266 ,   -1.4552329 ,  -0.809664  ,  -0.18212129]; [[14902.97926621,  886.8871704 , -945.28156993,   77.47110029,     -7.12489335,   -2.8442041 ,  -10.5956929 ,  144.10752711,     44.03444898,  114.81376317,  -33.58537214,  -21.368813  ,    -44.24075965], [  886.8871704 ,  555.06328708,  -67.87496175,   56.10853292,    -17.7526919 ,   -8.24006909,   47.7683651 ,    5.44779365,      1.42173829,   16.87869687,    2.54230482,  -14.20865614,    -20.52771365], [ -945.28156993,  -67.87496175,  725.10164268,  126.30750901,      1.6852123 ,   17.43568869,    9.18113849,  -21.46187842,    -29.46640407,  -43.11145055,   29.80056596,   21.61885794,     29.25954021], [   77.47110029,   56.10853292,  126.30750901,  219.87704774,     44.17585038,  -26.74228602,   -0.38769823,  -11.6526338 ,      3.89745731,  -13.17708056,  -18.49257123,   21.3638741 ,     35.09481944], [   -7.12489335,  -17.7526919 ,    1.6852123 ,   44.17585038,    127.5976025 ,   27.19349172,  -24.20375101,    9.31477675,     12.92703461,   -5.90811859,   -0.20143358,    7.55490617,     10.52227524], [   -2.8442041 ,   -8.24006909,   17.43568869,  -26.74228602,     27.19349172,  120.19537237,   49.60472048,   -0.80413291,    -16.36499361,    4.68161268,   17.74156961,   -3.83274093,    -12.20404173], [  -10.5956929 ,   47.7683651 ,    9.18113849,   -0.38769823,    -24.20375101,   49.60472048,  135.3498737 ,    7.77915167,    -16.48740896,    7.38082911,   10.3574265 ,    3.34791195,     -4.66608751], [  144.10752711,    5.44779365,  -21.46187842,  -11.6526338 ,      9.31477675,   -0.80413291,    7.77915167,   98.10879381,     30.73948044,    3.86722832,    1.6637224 ,  -10.30834144,    -11.7168289 ], [   44.03444898,    1.42173829,  -29.46640407,    3.89745731,     12.92703461,  -16.36499361,  -16.48740896,   30.73948044,     93.38792231,   30.96869105,  -11.56752758,   -5.52392204,      1.39973622], [  114.81376317,   16.87869687,  -43.11145055,  -13.17708056,     -5.90811859,    4.68161268,    7.38082911,    3.86722832,     30.96869105,   77.29011977,   18.08358412,   -5.58741202,     -7.40726633], [  -33.58537214,    2.54230482,   29.80056596,  -18.49257123,     -0.20143358,   17.74156961,   10.3574265 ,    1.6637224 ,    -11.56752758,   18.08358412,   70.0855625 ,   20.12240162,     -5.67281414], [  -21.368813  ,  -14.20865614,   21.61885794,   21.3638741 ,      7.55490617,   -3.83274093,    3.34791195,  -10.30834144,     -5.52392204,   -5.58741202,   20.12240162,   65.5664441 ,     32.14788159], [  -44.24075965,  -20.52771365,   29.25954021,   35.09481944,     10.52227524,  -12.20404173,   -4.66608751,  -11.7168289 ,      1.39973622,   -7.40726633,   -5.67281414,   32.14788159,     70.71567398]]
/root/sim/music/out/Chicago/The_Very_Best_of_Chicago__Only_the_Begin/2-12_Will_You_Still_Love_Me_.mp3; [-582.3706   , 103.94918  ,  -6.9689436,  15.821178 ,  -5.6959   ,    3.8302338,  -1.6939464,   6.15113  ,   1.1048772,   1.1721475,    1.8749049,  -2.2104797,  -1.2776861]; [[13551.87934922,  190.82933757,  250.25480888,  400.69634651,    178.21151076,  426.92754411,  226.02976834,  203.16366364,    274.143157  ,  173.57824224,  170.00340363,  141.15043643,      7.91925197], [  190.82933757,  900.24491936,    3.61700322,  109.93177451,     26.38641656,   17.97963378,   88.08816596,   63.36796403,     41.0212071 ,   41.86255951,   63.14772654,   31.55957003,     64.57354686], [  250.25480888,    3.61700322,  490.16452963,  174.66440424,    134.90865718,  158.68062449,  131.80286562,  106.42481134,     94.16537587,   74.10099466,   71.9770665 ,   72.6152722 ,     52.9246388 ], [  400.69634651,  109.93177451,  174.66440424,  484.63822526,    137.84640121,  125.2217206 ,   99.54077639,   78.6316105 ,    146.07964145,   97.82042733,   18.31261636,  113.88595976,     54.6763013 ], [  178.21151076,   26.38641656,  134.90865718,  137.84640121,    243.55920408,   75.76056075,   55.44938014,   68.02571329,    107.71227241,   80.44895901,   42.80364656,   58.52576748,     41.45512   ], [  426.92754411,   17.97963378,  158.68062449,  125.2217206 ,     75.76056075,  234.85735209,  148.54925297,   74.10491777,     77.46652642,   60.64602461,   79.78645932,   56.497002  ,     18.9583539 ], [  226.02976834,   88.08816596,  131.80286562,   99.54077639,     55.44938014,  148.54925297,  236.34793637,   94.0126293 ,     68.66167885,   50.06541052,   75.49863232,   66.711164  ,     38.58763713], [  203.16366364,   63.36796403,  106.42481134,   78.6316105 ,     68.02571329,   74.10491777,   94.0126293 ,  161.9596413 ,     52.87325286,   55.87215294,   47.30726298,   32.57792866,     41.91592601], [  274.143157  ,   41.0212071 ,   94.16537587,  146.07964145,    107.71227241,   77.46652642,   68.66167885,   52.87325286,    184.34561753,   74.54205169,   37.37484196,   68.82261973,     30.74024981], [  173.57824224,   41.86255951,   74.10099466,   97.82042733,     80.44895901,   60.64602461,   50.06541052,   55.87215294,     74.54205169,  129.53925808,   51.43355255,   47.6080532 ,     24.20699894], [  170.00340363,   63.14772654,   71.9770665 ,   18.31261636,     42.80364656,   79.78645932,   75.49863232,   47.30726298,     37.37484196,   51.43355255,  124.54101494,   37.33479677,     24.24565318], [  141.15043643,   31.55957003,   72.6152722 ,  113.88595976,     58.52576748,   56.497002  ,   66.711164  ,   32.57792866,     68.82261973,   47.6080532 ,   37.33479677,  130.6268741 ,     43.11663447], [    7.91925197,   64.57354686,   52.9246388 ,   54.6763013 ,     41.45512   ,   18.9583539 ,   38.58763713,   41.91592601,     30.74024981,   24.20699894,   24.24565318,   43.11663447,     87.73520484]]
/root/sim/music/out/Chicago/The_Very_Best_of_Chicago__Only_the_Begin/2-19_Chasin'_The_Wind.mp3; [-570.43115   , 116.25269   , -12.621195  ,  23.056868  ,   0.88715947,    2.780007  ,  -0.89803994,   4.0939374 ,  -1.3597287 ,  -1.4537759 ,   -3.2813246 ,  -5.4989524 ,   0.6741681 ]; [[16071.41933152,-1368.45947005, -882.52627073,  644.62187878,    287.74711779,  276.34031488,  354.47758536,  289.5526027 ,    289.48185647,  283.91399512,    0.48183276,   51.45223645,    213.49405234], [-1368.45947005, 1234.40110556,    8.18543666,  -63.71110315,   -106.26070571,   10.739652  ,   24.62318112,  -14.20482177,    -54.69408428,   -7.47224716,   21.43836978,    1.52876617,    -13.19200507], [ -882.52627073,    8.18543666,  416.40783904,  -14.84797983,    -11.73556234,  -16.01893964,  -25.90854993,  -31.2944334 ,     -2.97669191,  -60.08319798,    8.36749338,    6.49489047,    -18.2805917 ], [  644.62187878,  -63.71110315,  -14.84797983,  249.73318254,     78.01779077,   40.30291034,   27.53510178,   36.99739299,     84.85792099,   22.90581526,   -7.25437295,   14.17244528,     24.53203828], [  287.74711779, -106.26070571,  -11.73556234,   78.01779077,    248.44991129,   19.03644001,  -24.29893889,    5.11837626,     71.36100641,   17.27976654,  -11.47155355,   10.37775961,     13.45770652], [  276.34031488,   10.739652  ,  -16.01893964,   40.30291034,     19.03644001,  165.43847835,   85.8983848 ,   15.47692861,     25.00268311,   16.9867656 ,   12.77623231,   34.35079854,     -0.63229244], [  354.47758536,   24.62318112,  -25.90854993,   27.53510178,    -24.29893889,   85.8983848 ,  208.00910431,   69.80797344,     12.84388471,   47.26644206,   17.67949549,   21.99151836,     25.91774161], [  289.5526027 ,  -14.20482177,  -31.2944334 ,   36.99739299,      5.11837626,   15.47692861,   69.80797344,  133.5946714 ,     34.35123642,   29.67801302,   13.59779197,    4.8642937 ,     26.61418844], [  289.48185647,  -54.69408428,   -2.97669191,   84.85792099,     71.36100641,   25.00268311,   12.84388471,   34.35123642,    163.5972234 ,   36.44573308,  -19.83852655,   12.44195749,     10.01800061], [  283.91399512,   -7.47224716,  -60.08319798,   22.90581526,     17.27976654,   16.9867656 ,   47.26644206,   29.67801302,     36.44573308,  150.09820172,   18.14939405,    0.5545206 ,     31.49617608], [    0.48183276,   21.43836978,    8.36749338,   -7.25437295,    -11.47155355,   12.77623231,   17.67949549,   13.59779197,    -19.83852655,   18.14939405,   99.85318362,   18.02616366,     -6.87488644], [   51.45223645,    1.52876617,    6.49489047,   14.17244528,     10.37775961,   34.35079854,   21.99151836,    4.8642937 ,     12.44195749,    0.5545206 ,   18.02616366,   91.04800511,     25.73376116], [  213.49405234,  -13.19200507,  -18.2805917 ,   24.53203828,     13.45770652,   -0.63229244,   25.91774161,   26.61418844,     10.01800061,   31.49617608,   -6.87488644,   25.73376116,     93.55379766]]
/root/sim/music/out/Chicago/The_Very_Best_of_Chicago__Only_the_Begin/2-02_Baby_What_A_Big_Surprise.mp3; [-585.3152    , 119.27074   ,  -1.8342103 ,  25.792492  ,   9.904412  ,    8.629179  ,   6.067805  ,   4.61626   ,   1.8097329 ,   3.9256933 ,   -0.83163065,  -3.6707745 ,  -2.1739922 ]; [[19002.73277799,  133.1907822 ,   80.8986131 ,   96.8724059 ,   -243.60597889,   35.14013978,  -24.85894708,  -68.85396194,     44.09285268,   94.70517886,  -43.81256528, -209.31161028,   -116.46027773], [  133.1907822 , 1536.0599388 , -394.96796919,  130.81928392,     26.95488835,  -63.11754107,   40.5338493 ,   42.89260401,     11.0104921 ,  -41.32376533,   14.66059079,   63.98842647,     60.84694851], [   80.8986131 , -394.96796919,  697.53705147,   15.77303138,     90.59765356,   57.8053595 ,  -60.34394009,   43.49042375,    -50.68100587,  -35.17551853,  -22.03456122,   34.00072877,     57.50566309], [   96.8724059 ,  130.81928392,   15.77303138,  238.66599565,     74.03834323,   13.26325542,  -30.48541145,   11.11857694,     16.85313429,   -5.26604494,  -26.63534589,   -1.91795995,     25.42117273], [ -243.60597889,   26.95488835,   90.59765356,   74.03834323,    160.11686131,   30.54459845,  -33.39016171,    9.33475733,     -3.20672424,  -14.39533798,  -24.62935747,    8.05325088,     10.14866424], [   35.14013978,  -63.11754107,   57.8053595 ,   13.26325542,     30.54459845,  122.66785301,   59.46494003,    9.99854386,     -1.32067948,   -2.25280237,    0.43176607,  -16.58029922,    -20.74953301], [  -24.85894708,   40.5338493 ,  -60.34394009,  -30.48541145,    -33.39016171,   59.46494003,  183.07781441,   26.13157501,     16.63083477,   -4.21999551,   20.06704213,  -10.34631787,    -31.78226104], [  -68.85396194,   42.89260401,   43.49042375,   11.11857694,      9.33475733,    9.99854386,   26.13157501,  104.74687838,     27.61927017,   -4.27715819,   -1.2464096 ,    0.92257561,      9.74678229], [   44.09285268,   11.0104921 ,  -50.68100587,   16.85313429,     -3.20672424,   -1.32067948,   16.63083477,   27.61927017,    114.38485655,   49.61910534,    2.15236393,   -9.97638996,    -18.6490531 ], [   94.70517886,  -41.32376533,  -35.17551853,   -5.26604494,    -14.39533798,   -2.25280237,   -4.21999551,   -4.27715819,     49.61910534,  109.90911706,   30.30426952,  -12.02541401,    -24.85997863], [  -43.81256528,   14.66059079,  -22.03456122,  -26.63534589,    -24.62935747,    0.43176607,   20.06704213,   -1.2464096 ,      2.15236393,   30.30426952,   98.62965854,   36.55957542,    -12.76554957], [ -209.31161028,   63.98842647,   34.00072877,   -1.91795995,      8.05325088,  -16.58029922,  -10.34631787,    0.92257561,     -9.97638996,  -12.02541401,   36.55957542,   95.7312057 ,     34.35770543], [ -116.46027773,   60.84694851,   57.50566309,   25.42117273,     10.14866424,  -20.74953301,  -31.78226104,    9.74678229,    -18.6490531 ,  -24.85997863,  -12.76554957,   34.35770543,    107.53811438]]
/root/sim/music/out/Chicago/The_Very_Best_of_Chicago__Only_the_Begin/2-01_Old_Days.mp3; [-557.56036   , 112.29904   , -12.576394  ,  22.502932  ,   9.551518  ,   10.075045  ,  -0.98275185,   4.1188073 ,  -0.18205664,   2.8438835 ,    0.02678201,  -4.050181  ,  -3.3912668 ]; [[14383.50016017, -171.46848139, -316.38957712, -143.89498573,   -246.96652388,  -33.07321125,  -19.63595496,  -40.08203847,     -0.28678663,  -10.33066459,  -29.52643505,   -8.04800235,     61.50345901], [ -171.46848139, 1729.05407142, -354.44852766,  274.94279672,    114.66406154,   32.86879229,   77.80043526,   68.60333179,     -4.97793214,   50.25340504,   48.8605897 ,    1.57052691,    -59.55631436], [ -316.38957712, -354.44852766,  547.7376082 ,   39.69606444,     89.73230795,   65.77076018,  -19.0624514 ,   13.20738175,      5.24560113,   -2.18672016,    1.60300996,    8.26154661,      1.15456882], [ -143.89498573,  274.94279672,   39.69606444,  316.3650136 ,     80.36596218,   38.08508306,  -13.37152776,   24.39048511,     15.13947295,   20.66997354,  -15.77228116,   -2.8488142 ,      2.74775469], [ -246.96652388,  114.66406154,   89.73230795,   80.36596218,    169.45376601,   59.76498909,   13.40009355,   18.44051302,     12.84452526,   10.70138316,   -3.27034655,    0.81699908,     -3.62005301], [  -33.07321125,   32.86879229,   65.77076018,   38.08508306,     59.76498909,  129.65331997,   44.85950444,   13.06763036,      1.84016889,   -2.67282446,    7.06636838,    4.98333886,      5.32512373], [  -19.63595496,   77.80043526,  -19.0624514 ,  -13.37152776,     13.40009355,   44.85950444,  111.49426815,   33.98243488,     -0.04015946,   -3.07691188,   15.6120075 ,    1.52859222,     -1.59495455], [  -40.08203847,   68.60333179,   13.20738175,   24.39048511,     18.44051302,   13.06763036,   33.98243488,   72.92783657,     22.07467677,    9.31499339,    8.76884322,   -2.75983111,     -7.0654538 ], [   -0.28678663,   -4.97793214,    5.24560113,   15.13947295,     12.84452526,    1.84016889,   -0.04015946,   22.07467677,     76.99718297,   31.51252822,   -0.13243724,    4.93858763,      7.60332722], [  -10.33066459,   50.25340504,   -2.18672016,   20.66997354,     10.70138316,   -2.67282446,   -3.07691188,    9.31499339,     31.51252822,   69.52932776,   22.91611695,    2.64471922,     -0.03086017], [  -29.52643505,   48.8605897 ,    1.60300996,  -15.77228116,     -3.27034655,    7.06636838,   15.6120075 ,    8.76884322,     -0.13243724,   22.91611695,   71.44512572,   18.0574503 ,     -6.58891945], [   -8.04800235,    1.57052691,    8.26154661,   -2.8488142 ,      0.81699908,    4.98333886,    1.52859222,   -2.75983111,      4.93858763,    2.64471922,   18.0574503 ,   64.07359514,     32.39640144], [   61.50345901,  -59.55631436,    1.15456882,    2.74775469,     -3.62005301,    5.32512373,   -1.59495455,   -7.0654538 ,      7.60332722,   -0.03086017,   -6.58891945,   32.39640144,     75.4144459 ]]
/root/sim/music/out/Chicago/The_Very_Best_of_Chicago__Only_the_Begin/2-13_If_She_Would_Have_Been_Faithful.mp3; [-563.37555  , 119.25599  ,   8.097364 ,  24.760359 ,   0.4788508,    7.990542 ,   2.5507202,   4.508244 ,  -0.0089969,   2.9963307,    0.5755488,  -1.6951497,  -1.3103784]; [[11872.99078414, -801.8555263 , -773.00527868,  466.0704885 ,    132.44372024,  416.25919097,  409.07825924,   70.30669302,    289.39933467,  205.4359698 ,  222.84736668,  116.66047447,      4.09052331], [ -801.8555263 , 1091.57924965,   54.27815526,   39.57994681,     31.39354469,    6.20681757,   30.06309925,   34.49348931,      3.23461561,    2.77657946,   10.33151792,   -2.91970293,     19.26169246], [ -773.00527868,   54.27815526,  685.11860215,   24.91909136,     83.58413955,   30.51305519,  -45.10386025,   66.00329006,    -11.82028787,   23.7806745 ,  -17.66997169,    1.14184446,     21.96012215], [  466.0704885 ,   39.57994681,   24.91909136,  463.00931445,     36.36146531,    6.70806155,   44.36165616,   15.61473861,     86.68049245,    5.58843347,  -16.26762119,   32.82978976,     21.83973259], [  132.44372024,   31.39354469,   83.58413955,   36.36146531,    248.02932782,   37.1370507 ,  -18.30155747,   50.6895949 ,     43.87382749,   41.07580178,    5.34099159,    5.03299096,     26.86980692], [  416.25919097,    6.20681757,   30.51305519,    6.70806155,     37.1370507 ,  192.90858435,   90.19162059,   16.87205268,     19.64290333,   24.17279815,   38.39156196,    6.22719533,    -14.26933721], [  409.07825924,   30.06309925,  -45.10386025,   44.36165616,    -18.30155747,   90.19162059,  201.64130522,   28.18805434,     29.54794147,   22.0873334 ,   51.7143672 ,   27.14952226,      2.38604207], [   70.30669302,   34.49348931,   66.00329006,   15.61473861,     50.6895949 ,   16.87205268,   28.18805434,  122.43131418,     19.87223369,   15.82974839,   12.31049641,    6.95136523,     15.66667451], [  289.39933467,    3.23461561,  -11.82028787,   86.68049245,     43.87382749,   19.64290333,   29.54794147,   19.87223369,    126.81444921,   37.58843162,    8.24429538,   13.08959419,      6.539359  ], [  205.4359698 ,    2.77657946,   23.7806745 ,    5.58843347,     41.07580178,   24.17279815,   22.0873334 ,   15.82974839,     37.58843162,  101.90199944,   40.86692337,   10.17765415,      5.24719279], [  222.84736668,   10.33151792,  -17.66997169,  -16.26762119,      5.34099159,   38.39156196,   51.7143672 ,   12.31049641,      8.24429538,   40.86692337,  107.96796456,   22.96111673,      0.63376826], [  116.66047447,   -2.91970293,    1.14184446,   32.82978976,      5.03299096,    6.22719533,   27.14952226,    6.95136523,     13.08959419,   10.17765415,   22.96111673,   76.55477014,     26.85768731], [    4.09052331,   19.26169246,   21.96012215,   21.83973259,     26.86980692,  -14.26933721,    2.38604207,   15.66667451,      6.539359  ,    5.24719279,    0.63376826,   26.85768731,     79.73602045]]
