/root/sim/music/out/U2/U218_Singles/05_With_Or_Without_You.mp3; [-628.43384   , 143.01233   ,  -1.5473489 ,  39.15959   ,  23.665016  ,   19.151901  ,   6.161492  ,   5.900708  ,   0.42032593,  16.103922  ,    9.85515   ,   3.2139423 ,   0.13483068]; [[19998.6515073 ,-2592.75072071,-1346.27636511,  -33.7798764 ,   -158.32571583, -362.51879996, -423.17149551,  323.8615943 ,   -177.821314  ,  -23.81486759,  107.76386457,  -12.00874556,      7.04476558], [-2592.75072071, 2067.41134466,   29.24799215,  102.18428766,     56.02627302,   62.24680158,  166.48485111,  -42.68914644,      3.03167779,  126.22973055,   43.42574203,   26.69152596,     -1.23765038], [-1346.27636511,   29.24799215,  863.70213658,  -28.55994892,     15.45203391,  160.48587373,   20.88944369, -128.60783576,     37.42064675,  -40.28753749,  -50.47461536,   61.57399626,    -25.95648323], [  -33.7798764 ,  102.18428766,  -28.55994892,  251.95229761,     89.91775701,   77.39505342,    0.28668295,   -2.06894523,     11.90703782,   28.3992588 ,  -29.43901866,  -48.61882592,      5.15523312], [ -158.32571583,   56.02627302,   15.45203391,   89.91775701,    242.33025779,   77.07267649,   -6.83005248,  -29.87194473,      0.97113484,   46.4419323 ,  -13.31926312,  -53.31870341,     -3.71706096], [ -362.51879996,   62.24680158,  160.48587373,   77.39505342,     77.07267649,  228.90121808,   47.05256146,  -49.5395899 ,     13.98503014,   16.64030474,  -10.73585485,  -14.12094635,    -28.37645015], [ -423.17149551,  166.48485111,   20.88944369,    0.28668295,     -6.83005248,   47.05256146,  175.84393709,   31.472446  ,    -11.97778759,   -4.11849028,   21.50845628,   13.51183895,    -26.88755871], [  323.8615943 ,  -42.68914644, -128.60783576,   -2.06894523,    -29.87194473,  -49.5395899 ,   31.472446  ,  160.64238915,     11.05379283,  -23.50127435,   20.12644533,  -17.05027331,     -2.72681337], [ -177.821314  ,    3.03167779,   37.42064675,   11.90703782,      0.97113484,   13.98503014,  -11.97778759,   11.05379283,    127.46670212,   44.5248369 ,  -15.86238446,  -24.3095847 ,     11.92871192], [  -23.81486759,  126.22973055,  -40.28753749,   28.3992588 ,     46.4419323 ,   16.64030474,   -4.11849028,  -23.50127435,     44.5248369 ,  146.46894612,   20.73936745,  -41.15279444,      2.84108692], [  107.76386457,   43.42574203,  -50.47461536,  -29.43901866,    -13.31926312,  -10.73585485,   21.50845628,   20.12644533,    -15.86238446,   20.73936745,  125.49413978,   31.63965491,    -27.97729798], [  -12.00874556,   26.69152596,   61.57399626,  -48.61882592,    -53.31870341,  -14.12094635,   13.51183895,  -17.05027331,    -24.3095847 ,  -41.15279444,   31.63965491,  151.05933414,      4.6999513 ], [    7.04476558,   -1.23765038,  -25.95648323,    5.15523312,     -3.71706096,  -28.37645015,  -26.88755871,   -2.72681337,     11.92871192,    2.84108692,  -27.97729798,    4.6999513 ,    114.33085367]]
/root/sim/music/out/U2/U218_Singles/15_Walk_On.mp3; [-530.85455   , 102.59924   ,  12.0333605 ,  24.478174  ,   5.0821724 ,    4.8072014 ,   4.996796  ,   1.3773525 ,   1.4894443 ,   2.71316   ,   -0.60684246,   0.5006831 ,   0.03498406]; [[17568.23952038, 1763.21312959, -207.68473263,  337.68839548,   -109.55263526,   17.38143926,   29.66325051,  167.97781266,    -23.6264667 ,  143.65180933,  -25.40185601,  -13.71542481,     17.52763779], [ 1763.21312959, 1151.70936372, -184.94175528,   11.85835658,      4.62949859,  -93.11299296,   45.41643198,   -2.53079566,    -23.88425281,   27.22745692,   -1.2169795 ,   -5.45517162,     -7.14770256], [ -207.68473263, -184.94175528,  445.7327955 ,   18.70129806,     13.42544658,   74.4726312 ,  -24.25849236,   16.6366727 ,    -21.2215066 ,  -23.16427568,   -6.49728943,   17.31791855,    -35.36491557], [  337.68839548,   11.85835658,   18.70129806,  170.48274492,     36.73861247,   23.9199146 ,  -13.74499605,   -1.54595485,     15.70744793,    0.82378965,  -12.57410845,    2.26730925,     -4.06710789], [ -109.55263526,    4.62949859,   13.42544658,   36.73861247,    143.77392097,    9.1211646 ,   -9.79806648,  -11.23346279,     22.42743299,   -0.84863894,  -13.53559933,   -8.22677941,      5.63219165], [   17.38143926,  -93.11299296,   74.4726312 ,   23.9199146 ,      9.1211646 ,  110.0863956 ,   11.77733953,   14.9419114 ,      2.40452084,    5.55854596,    7.0180815 ,    3.79185811,    -21.09691015], [   29.66325051,   45.41643198,  -24.25849236,  -13.74499605,     -9.79806648,   11.77733953,  131.51879451,   26.06658564,     -2.40758985,   11.82687939,   11.8579526 ,    5.46495956,      5.03321911], [  167.97781266,   -2.53079566,   16.6366727 ,   -1.54595485,    -11.23346279,   14.9419114 ,   26.06658564,  103.15217425,     15.51349088,   11.57549839,   10.01558303,    4.89343924,     -1.83462044], [  -23.6264667 ,  -23.88425281,  -21.2215066 ,   15.70744793,     22.42743299,    2.40452084,   -2.40758985,   15.51349088,     94.03225019,   32.08797628,   -0.57329053,    0.45601068,     -0.26956581], [  143.65180933,   27.22745692,  -23.16427568,    0.82378965,     -0.84863894,    5.55854596,   11.82687939,   11.57549839,     32.08797628,   88.34405196,   21.2192841 ,    3.24647437,     -7.56135792], [  -25.40185601,   -1.2169795 ,   -6.49728943,  -12.57410845,    -13.53559933,    7.0180815 ,   11.8579526 ,   10.01558303,     -0.57329053,   21.2192841 ,   59.26313548,   19.30550018,      1.57962641], [  -13.71542481,   -5.45517162,   17.31791855,    2.26730925,     -8.22677941,    3.79185811,    5.46495956,    4.89343924,      0.45601068,    3.24647437,   19.30550018,   56.63494634,     16.39164788], [   17.52763779,   -7.14770256,  -35.36491557,   -4.06710789,      5.63219165,  -21.09691015,    5.03321911,   -1.83462044,     -0.26956581,   -7.56135792,    1.57962641,   16.39164788,     64.50152261]]
/root/sim/music/out/U2/U218_Singles/10_Where_The_Streets_Have_No_Name.mp3; [-560.69824  , 159.08257  , -29.843138 ,  40.732414 ,  -5.04164  ,   11.082922 ,   7.663759 ,  -1.240752 ,  -1.1269156,  10.027563 ,   -3.7751956,   3.7550979,  -2.592673 ]; [[17839.23851653,-2947.54172813,  161.59957718,  555.36995002,     15.01544564,  390.42843579, -264.33315453,  282.48577483,   -132.0468055 ,   68.39448324, -214.98044844, -245.96736938,   -286.85656366], [-2947.54172813, 2517.78002585, -555.37769439,    6.51527963,    -42.89046019, -121.6295365 ,  155.82366181, -106.44694588,     29.68722541,   10.82280616,   38.19633227,  125.31485108,    107.01814774], [  161.59957718, -555.37769439,  602.35370109, -297.74417307,     90.88030459,   18.35377686,  -86.83219735,   83.82498292,     -0.81480431,  -51.33266124,   16.70563495,  -45.37621774,      7.53148452], [  555.36995002,    6.51527963, -297.74417307,  462.43286853,    -70.78831719,   25.3109938 ,   66.31817736,  -56.82834247,      7.37416378,   57.53684404,  -11.77497251,   28.44786897,    -12.28286963], [   15.01544564,  -42.89046019,   90.88030459,  -70.78831719,    140.42289238,   11.9560489 ,  -41.91367647,   28.18108064,      0.05598627,  -16.2957745 ,    6.14514855,  -10.26780707,     10.44135281], [  390.42843579, -121.6295365 ,   18.35377686,   25.3109938 ,     11.9560489 ,   94.5319831 ,    4.91219262,    8.03065944,      4.54957739,    4.17589576,   -1.504605  ,   -5.92720526,     -1.90027289], [ -264.33315453,  155.82366181,  -86.83219735,   66.31817736,    -41.91367647,    4.91219262,  123.79545879,    2.86219057,      7.27288049,   18.38170866,   12.12845209,   20.26125313,      9.77943125], [  282.48577483, -106.44694588,   83.82498292,  -56.82834247,     28.18108064,    8.03065944,    2.86219057,  109.63976363,     16.66946685,   -8.90312272,   11.73885385,  -17.51642504,      4.49933214], [ -132.0468055 ,   29.68722541,   -0.81480431,    7.37416378,      0.05598627,    4.54957739,    7.27288049,   16.66946685,     73.44016632,   27.09225766,    8.4993829 ,    1.44440187,      0.45239579], [   68.39448324,   10.82280616,  -51.33266124,   57.53684404,    -16.2957745 ,    4.17589576,   18.38170866,   -8.90312272,     27.09225766,   86.98083904,   21.17634603,    4.3518937 ,     -1.54184079], [ -214.98044844,   38.19633227,   16.70563495,  -11.77497251,      6.14514855,   -1.504605  ,   12.12845209,   11.73885385,      8.4993829 ,   21.17634603,   69.74528684,   17.47661392,     10.68982772], [ -245.96736938,  125.31485108,  -45.37621774,   28.44786897,    -10.26780707,   -5.92720526,   20.26125313,  -17.51642504,      1.44440187,    4.3518937 ,   17.47661392,   73.63796259,     23.38912694], [ -286.85656366,  107.01814774,    7.53148452,  -12.28286963,     10.44135281,   -1.90027289,    9.77943125,    4.49933214,      0.45239579,   -1.54184079,   10.68982772,   23.38912694,     69.97883485]]
/root/sim/music/out/U2/U218_Singles/18_The_Saints_Are_Coming.mp3; [-602.67596   , 129.88698   ,   0.9379187 ,  32.645702  ,   1.0989678 ,   -4.2462597 ,  -3.667707  ,  -3.4452395 ,  -8.135999  ,  -0.48260638,   -1.0523604 ,  -6.869943  ,  -4.87615   ]; [[26670.5741517 ,-4405.68390151, 1607.83239375,  133.16641154,   1335.06059435, 2518.12991287,  430.88172792, 1078.82180201,   1266.86646591,  -82.53777284,   32.96996547,  867.63758314,    127.16339593], [-4405.68390151, 2987.42651924, -694.4321703 ,   23.60822813,   -430.51726288, -872.31577098, -121.49910634, -407.60177089,   -551.32489623,  -71.01753175,  -80.1640756 , -385.03241939,    -56.62416017], [ 1607.83239375, -694.4321703 ,  713.53664227,  -13.9782324 ,    121.20730455,  287.59785617,   30.19870351,  101.3231775 ,    102.07542116,  -14.2500508 ,   22.30931869,   83.18181949,     -8.85948545], [  133.16641154,   23.60822813,  -13.9782324 ,  331.69169424,    132.22407949,   32.25185412,   20.42102664,   11.00101096,     36.32238592,   24.77087355,   -3.32414608,   28.64498427,     32.1247499 ], [ 1335.06059435, -430.51726288,  121.20730455,  132.22407949,    320.1153652 ,  250.35627101,   82.66553603,  101.38561551,    157.86563367,   26.80640785,   11.36038078,  103.75950379,     33.66618956], [ 2518.12991287, -872.31577098,  287.59785617,   32.25185412,    250.35627101,  498.84567297,  130.50972323,  177.61245015,    233.81783427,   11.94386419,   30.09275792,  163.6623651 ,     40.38778575], [  430.88172792, -121.49910634,   30.19870351,   20.42102664,     82.66553603,  130.50972323,  193.46176897,   90.26754762,     74.43062466,   32.9498786 ,   23.85016351,   50.57878467,     23.04830409], [ 1078.82180201, -407.60177089,  101.3231775 ,   11.00101096,    101.38561551,  177.61245015,   90.26754762,  182.47747512,    136.39964895,   18.98917892,   16.15102571,   80.54540756,     24.27278824], [ 1266.86646591, -551.32489623,  102.07542116,   36.32238592,    157.86563367,  233.81783427,   74.43062466,  136.39964895,    243.4078486 ,   59.86142702,   25.52156607,  109.62308822,     28.99889687], [  -82.53777284,  -71.01753175,  -14.2500508 ,   24.77087355,     26.80640785,   11.94386419,   32.9498786 ,   18.98917892,     59.86142702,  106.83174992,   40.78221541,   20.79293823,      2.17750433], [   32.96996547,  -80.1640756 ,   22.30931869,   -3.32414608,     11.36038078,   30.09275792,   23.85016351,   16.15102571,     25.52156607,   40.78221541,   82.66770127,   32.73077002,     -0.12730889], [  867.63758314, -385.03241939,   83.18181949,   28.64498427,    103.75950379,  163.6623651 ,   50.57878467,   80.54540756,    109.62308822,   20.79293823,   32.73077002,  139.94845581,     41.61505733], [  127.16339593,  -56.62416017,   -8.85948545,   32.1247499 ,     33.66618956,   40.38778575,   23.04830409,   24.27278824,     28.99889687,    2.17750433,   -0.12730889,   41.61505733,     68.54804215]]
/root/sim/music/out/U2/U218_Singles/12_Sunday_Bloody_Sunday.mp3; [-501.44107  ,  90.403725 , -17.241835 ,   6.776473 ,  -4.454768 ,   -4.602209 ,   3.2049236,   2.7547662,  -6.6362786,   1.4898741,   -1.3496783,  -4.1440644,  -1.609898 ]; [[10273.51455062,  713.61124053, -488.58255891, -324.13560604,   -155.62205311, -117.38569074,   35.72744019,  152.36027334,     72.46509566,  210.52472597,   40.28975317, -109.87063465,    -46.2372129 ], [  713.61124053,  755.83848743,  -45.61965631,  162.92171193,     48.88341021,   10.04387413,   40.36002709,   42.69817842,     10.19637214,   36.58926956,    4.69189969,   12.45675679,      5.72941474], [ -488.58255891,  -45.61965631,  430.7784001 ,   88.94701057,     58.80362108,   77.67873577,   28.87102229,   13.51796195,     37.52385873,   -9.76811295,   27.97424849,   38.10040619,     18.67095264], [ -324.13560604,  162.92171193,   88.94701057,  264.70241806,     64.92874213,   55.39387565,    7.5975128 ,   12.91693153,      1.1254716 ,  -16.12461793,    5.52316887,   26.42300782,     25.86762713], [ -155.62205311,   48.88341021,   58.80362108,   64.92874213,    172.17310276,   50.32032358,   19.18735787,    5.11846815,     31.73642269,   11.81093572,   -0.84587703,   13.24097581,     22.39495219], [ -117.38569074,   10.04387413,   77.67873577,   55.39387565,     50.32032358,  113.617384  ,   37.1103845 ,   17.06084656,     23.08246791,    3.61472186,    8.77365177,   16.73998467,     -1.30372456], [   35.72744019,   40.36002709,   28.87102229,    7.5975128 ,     19.18735787,   37.1103845 ,  126.25618503,   49.99991263,      6.2254256 ,   15.69972794,   18.61270996,   10.22419447,      3.15302125], [  152.36027334,   42.69817842,   13.51796195,   12.91693153,      5.11846815,   17.06084656,   49.99991263,   82.62456248,     37.0369324 ,   13.6772963 ,    8.43345456,    1.22405026,     -1.75163444], [   72.46509566,   10.19637214,   37.52385873,    1.1254716 ,     31.73642269,   23.08246791,    6.2254256 ,   37.0369324 ,     93.17193024,   40.21563014,    2.3582145 ,   -2.01330782,     -4.326051  ], [  210.52472597,   36.58926956,   -9.76811295,  -16.12461793,     11.81093572,    3.61472186,   15.69972794,   13.6772963 ,     40.21563014,   86.45186788,   31.70779595,   -1.42787577,     -9.21387359], [   40.28975317,    4.69189969,   27.97424849,    5.52316887,     -0.84587703,    8.77365177,   18.61270996,    8.43345456,      2.3582145 ,   31.70779595,   70.29114803,   26.23218283,      0.86183199], [ -109.87063465,   12.45675679,   38.10040619,   26.42300782,     13.24097581,   16.73998467,   10.22419447,    1.22405026,     -2.01330782,   -1.42787577,   26.23218283,   66.84721238,     34.36816701], [  -46.2372129 ,    5.72941474,   18.67095264,   25.86762713,     22.39495219,   -1.30372456,    3.15302125,   -1.75163444,     -4.326051  ,   -9.21387359,    0.86183199,   34.36816701,     77.04900601]]
/root/sim/music/out/U2/U218_Singles/17_Sometimes_You_Can't_Make_It_On_Yo.mp3; [-586.3054    , 153.12651   ,   0.7461195 ,  41.05129   ,   9.045901  ,   11.868669  ,   7.175761  ,   9.600592  ,   5.095271  ,   7.8936276 ,   -0.11653531,   1.5596863 ,   1.8211509 ]; [[20150.03171879,-1766.4945526 ,-1956.78567823, -155.6742355 ,   -342.70478633, -484.57858212, -589.08141959,  -38.42787402,     66.13872493,   65.05906143,  -68.0010358 ,  -96.26443572,   -142.74708098], [-1766.4945526 , 1737.68551028,   94.95459493,  187.94693652,    -13.8456434 ,   69.48122351,  135.70193624,   38.2156551 ,     -5.26171305,   69.06510106,   37.3375253 ,    1.31814076,     10.12684824], [-1956.78567823,   94.95459493,  838.65319095,   20.93366384,    109.18678372,   93.35089184,   55.75714656,  -12.51426008,     23.37316096,   -3.06372042,   12.01494938,   -9.50803089,    -39.25067134], [ -155.6742355 ,  187.94693652,   20.93366384,  241.2696226 ,     32.89091447,   20.10496435,    9.45900878,   15.15736565,     21.16615629,   19.38632262,   -2.80116969,    3.71333991,     -1.15062007], [ -342.70478633,  -13.8456434 ,  109.18678372,   32.89091447,    172.96689006,   17.3785477 ,   -2.67507222,    5.07883904,      9.4998529 ,    1.3184106 ,    1.67929747,    3.27292092,      1.93367865], [ -484.57858212,   69.48122351,   93.35089184,   20.10496435,     17.3785477 ,  138.45877595,   62.43734635,   -1.2097628 ,     -6.34278749,   -3.19268799,   12.32630455,    2.82975078,     -1.4833086 ], [ -589.08141959,  135.70193624,   55.75714656,    9.45900878,     -2.67507222,   62.43734635,  152.85606552,   26.82177572,    -18.52659408,   -4.83947315,   17.08074565,   14.67977637,     18.92825106], [  -38.42787402,   38.2156551 ,  -12.51426008,   15.15736565,      5.07883904,   -1.2097628 ,   26.82177572,  102.79971608,     26.60184026,   -7.13834578,   -6.87632418,   -1.68050108,      7.40822845], [   66.13872493,   -5.26171305,   23.37316096,   21.16615629,      9.4998529 ,   -6.34278749,  -18.52659408,   26.60184026,    100.22230001,   20.8639786 ,   -4.898104  ,  -13.66955781,    -20.59110335], [   65.05906143,   69.06510106,   -3.06372042,   19.38632262,      1.3184106 ,   -3.19268799,   -4.83947315,   -7.13834578,     20.8639786 ,   97.24340093,   24.44454877,   -2.75655107,    -16.09784762], [  -68.0010358 ,   37.3375253 ,   12.01494938,   -2.80116969,      1.67929747,   12.32630455,   17.08074565,   -6.87632418,     -4.898104  ,   24.44454877,   89.88350754,   17.05300242,     -8.20487859], [  -96.26443572,    1.31814076,   -9.50803089,    3.71333991,      3.27292092,    2.82975078,   14.67977637,   -1.68050108,    -13.66955781,   -2.75655107,   17.05300242,   76.5522418 ,     30.03852116], [ -142.74708098,   10.12684824,  -39.25067134,   -1.15062007,      1.93367865,   -1.4833086 ,   18.92825106,    7.40822845,    -20.59110335,  -16.09784762,   -8.20487859,   30.03852116,     95.5993292 ]]
/root/sim/music/out/U2/U218_Singles/11_Sweetest_Thing.mp3; [-569.88904   , 122.81706   ,  -5.260025  ,  27.172735  ,  -3.5305042 ,    7.3576355 ,   7.018349  ,  -1.7655451 ,   4.391295  ,  11.55909   ,    3.6759033 ,   6.408413  ,  -0.52488154]; [[16415.09707561, -445.87823888,  260.1956306 ,  -46.95802573,   -122.08244015,  182.38973316, -188.81949627,   65.58314092,   -133.22997497,   65.57369895,   58.3681394 ,   64.28142024,     75.33088998], [ -445.87823888, 1677.08518131, -414.92275934,  302.74494659,    -16.94749763,  -37.0009675 ,  152.24829268,  -31.44762178,     35.22525751,   22.33904889,    6.85868531,   -4.9084634 ,    -16.78802814], [  260.1956306 , -414.92275934,  660.8573673 ,   -7.42266091,    107.89271157,   82.41973643,   38.61276574,   65.39307532,    -16.30567545,   13.46802662,    0.71784164,   14.23647926,     53.12400201], [  -46.95802573,  302.74494659,   -7.42266091,  341.3147124 ,     52.79641783,   26.99535928,   68.76866725,   -9.91479315,     40.10618362,   36.32272949,  -25.00997459,   10.24112542,    -19.14216804], [ -122.08244015,  -16.94749763,  107.89271157,   52.79641783,    224.91545137,   66.51175224,   36.75497135,   73.1940354 ,     39.9359796 ,    5.43627574,   18.85950376,   -9.55971366,     20.19125895], [  182.38973316,  -37.0009675 ,   82.41973643,   26.99535928,     66.51175224,  156.60274852,   65.90655497,   50.17767723,     32.23907202,   14.24251578,   22.88977739,    3.05000172,     13.19208226], [ -188.81949627,  152.24829268,   38.61276574,   68.76866725,     36.75497135,   65.90655497,  208.00905061,   51.40354808,     33.39472831,   40.53707526,    4.22142717,    5.21298835,     30.78259829], [   65.58314092,  -31.44762178,   65.39307532,   -9.91479315,     73.1940354 ,   50.17767723,   51.40354808,  191.44548686,      7.98290173,   15.66286923,   42.75676987,   -4.91379925,     29.11495853], [ -133.22997497,   35.22525751,  -16.30567545,   40.10618362,     39.9359796 ,   32.23907202,   33.39472831,    7.98290173,    142.03322481,   39.69936514,    2.9916275 ,   20.28749187,      3.55214267], [   65.57369895,   22.33904889,   13.46802662,   36.32272949,      5.43627574,   14.24251578,   40.53707526,   15.66286923,     39.69936514,  118.64114346,   29.94370968,   23.63928885,     14.66265876], [   58.3681394 ,    6.85868531,    0.71784164,  -25.00997459,     18.85950376,   22.88977739,    4.22142717,   42.75676987,      2.9916275 ,   29.94370968,  105.94152614,   28.55102393,     14.5465322 ], [   64.28142024,   -4.9084634 ,   14.23647926,   10.24112542,     -9.55971366,    3.05000172,    5.21298835,   -4.91379925,     20.28749187,   23.63928885,   28.55102393,   92.96320447,     32.70094648], [   75.33088998,  -16.78802814,   53.12400201,  -19.14216804,     20.19125895,   13.19208226,   30.78259829,   29.11495853,      3.55214267,   14.66265876,   14.5465322 ,   32.70094648,    105.29363461]]
/root/sim/music/out/Wham!/The_Best_Of_Wham!__If_You_Were_There_/03_Everything_She_Wants.mp3; [-602.24414   , 105.96385   ,   9.058313  ,  12.408609  ,  -5.598949  ,    2.2717662 ,  -0.14232224,   2.7330635 ,  -5.4949894 ,   4.7430663 ,    1.202261  ,   3.0752869 ,  -0.5604403 ]; [[10329.08413224,   -2.71724608, -468.09636711,   45.19810349,    109.59208356,  172.37445047,  291.67290733,  308.16565352,    102.23825865,  261.61101194,   96.43716076,   11.93757521,    120.96280981], [   -2.71724608, 1486.14066739,  138.53852665,  157.29736851,    212.7168105 ,  146.38876855,  128.27598764,   69.79277817,     33.2875793 ,   62.62206989,   44.27518839,   43.97136438,     49.19016323], [ -468.09636711,  138.53852665, 1050.29528351,  384.16173654,    196.60004063,  162.52807903,   14.79423768,  -40.30489202,     72.00100217,  -97.27161844,  -11.77596584,   57.18439543,    -14.09241711], [   45.19810349,  157.29736851,  384.16173654,  603.07465375,    219.48930515,  120.39222819,   12.09064992,   50.53354081,     79.93618207,  -24.16695404,   13.36783882,   32.21343381,     34.10633203], [  109.59208356,  212.7168105 ,  196.60004063,  219.48930515,    346.68219036,  138.88014251,   87.78577358,   74.51462798,     55.90222042,   45.07448789,    9.19390941,   23.08526495,     31.32561757], [  172.37445047,  146.38876855,  162.52807903,  120.39222819,    138.88014251,  269.93381532,  151.41684958,   57.03882375,     75.17090816,   25.78670033,   50.46745558,   35.58251977,     25.02743357], [  291.67290733,  128.27598764,   14.79423768,   12.09064992,     87.78577358,  151.41684958,  228.20741814,  103.4499124 ,     55.45410359,   65.19447735,   53.39687511,   32.62992897,     29.88639988], [  308.16565352,   69.79277817,  -40.30489202,   50.53354081,     74.51462798,   57.03882375,  103.4499124 ,  181.50110441,     67.32275204,   72.90381949,   45.80308273,   32.31692431,     40.60336217], [  102.23825865,   33.2875793 ,   72.00100217,   79.93618207,     55.90222042,   75.17090816,   55.45410359,   67.32275204,    169.26301467,   55.64522066,   57.91499192,   46.4251568 ,     37.37408149], [  261.61101194,   62.62206989,  -97.27161844,  -24.16695404,     45.07448789,   25.78670033,   65.19447735,   72.90381949,     55.64522066,  181.5243508 ,   65.13158754,   29.55604702,     28.40278049], [   96.43716076,   44.27518839,  -11.77596584,   13.36783882,      9.19390941,   50.46745558,   53.39687511,   45.80308273,     57.91499192,   65.13158754,  143.49858792,   77.86912672,     36.49655784], [   11.93757521,   43.97136438,   57.18439543,   32.21343381,     23.08526495,   35.58251977,   32.62992897,   32.31692431,     46.4251568 ,   29.55604702,   77.86912672,  117.9237656 ,     64.67053942], [  120.96280981,   49.19016323,  -14.09241711,   34.10633203,     31.32561757,   25.02743357,   29.88639988,   40.60336217,     37.37408149,   28.40278049,   36.49655784,   64.67053942,    123.90243354]]
/root/sim/music/out/Wham!/The_Best_Of_Wham!__If_You_Were_There_/11_Last_Christmas_(Pudding_Mix).mp3; [-590.69165   , 104.09384   ,  12.077481  ,   7.268326  ,  -0.6290622 ,   -2.6121209 ,  -0.16007563,   1.1348735 ,  -6.050054  ,  -4.656374  ,   -4.2255516 ,  -6.861894  ,  -5.16534   ]; [[18381.70625824,-2018.82717206,  797.45515235,  646.2960669 ,    207.28805422,  439.55044985,  473.37294574,  500.20750476,    156.39206967,  651.71548227,   97.78003701,  157.84355528,    166.73917514], [-2018.82717206, 1705.7309828 , -593.01775544, -275.2342651 ,   -105.57031529, -166.9850745 , -104.62904345, -173.88254356,   -163.67309274, -159.55052992, -103.55477516, -112.69617051,    -85.12248197], [  797.45515235, -593.01775544,  826.52740405,  267.21106242,    148.99178839,  194.98063156,   87.33962596,  101.49193373,    170.90660664,   36.90381873,   46.6184789 ,   99.90146347,     36.91576806], [  646.2960669 , -275.2342651 ,  267.21106242,  541.39937809,    181.63552476,  138.13792629,   65.67920417,   81.03854888,    117.6572456 ,   79.78193379,   28.67555175,   60.98640773,     26.12066689], [  207.28805422, -105.57031529,  148.99178839,  181.63552476,    216.66235542,   84.65609574,   15.00740553,   50.3121182 ,     62.66418193,   46.57585061,   20.26675969,   24.32173702,     10.0496188 ], [  439.55044985, -166.9850745 ,  194.98063156,  138.13792629,     84.65609574,  210.20209111,  136.82846652,   59.12921337,     85.60036526,   27.23457231,   59.20927292,   37.03320193,     17.0996899 ], [  473.37294574, -104.62904345,   87.33962596,   65.67920417,     15.00740553,  136.82846652,  219.38160828,   87.88981057,     61.51334786,   16.69360588,   68.60991286,   23.05527898,     21.89598692], [  500.20750476, -173.88254356,  101.49193373,   81.03854888,     50.3121182 ,   59.12921337,   87.88981057,  154.97798092,     73.78859051,   48.5154709 ,   32.12088959,   25.54268956,     29.57217066], [  156.39206967, -163.67309274,  170.90660664,  117.6572456 ,     62.66418193,   85.60036526,   61.51334786,   73.78859051,    186.95881852,   23.47520136,   54.16195731,   19.03712544,     27.14096365], [  651.71548227, -159.55052992,   36.90381873,   79.78193379,     46.57585061,   27.23457231,   16.69360588,   48.5154709 ,     23.47520136,  174.41377147,   20.35233927,   21.05616968,      0.47643934], [   97.78003701, -103.55477516,   46.6184789 ,   28.67555175,     20.26675969,   59.20927292,   68.60991286,   32.12088959,     54.16195731,   20.35233927,  128.20184163,   42.93236012,     21.16887191], [  157.84355528, -112.69617051,   99.90146347,   60.98640773,     24.32173702,   37.03320193,   23.05527898,   25.54268956,     19.03712544,   21.05616968,   42.93236012,   98.04637083,     41.01740396], [  166.73917514,  -85.12248197,   36.91576806,   26.12066689,     10.0496188 ,   17.0996899 ,   21.89598692,   29.57217066,     27.14096365,    0.47643934,   21.16887191,   41.01740396,     83.96527291]]
/root/sim/music/out/Wham!/The_Best_Of_Wham!__If_You_Were_There_/06_Like_A_Baby.mp3; [-722.08545  , 150.64978  ,  59.189823 ,  38.841114 ,  15.795199 ,    8.1872425,  -3.256952 ,   4.242805 ,  -6.98247  ,  -1.2077492,   -2.1563487,  -3.2535963,   1.2304143]; [[15824.12870737, -765.83523397,-1984.35905404,-1414.58183013,   -337.86428378, -393.83887887, -497.44966912,  125.98430136,   -586.44898339,  107.76300017,  -25.87211801, -155.12020707,    -91.45930115], [ -765.83523397, 2887.13185574, -496.73601176,   33.05192918,   -143.23892206, -271.03987002,   90.9866407 , -185.41159362,     84.64627932,   50.81517308, -104.23442807,   80.88457277,    -22.31110178], [-1984.35905404, -496.73601176, 1547.31984707,  377.21439203,     27.0741171 ,  163.78966955,  -42.63555275,    5.98496831,     93.57553838,  -97.67935196,   31.83499425,   -6.6675916 ,     53.36541004], [-1414.58183013,   33.05192918,  377.21439203,  624.81376019,    166.96200497,   72.45526788,   26.78026155,  -22.13631985,    123.77147636,  -31.57994563,    3.04404993,   -2.3846275 ,     -4.40937795], [ -337.86428378, -143.23892206,   27.0741171 ,  166.96200497,    282.17778342,   76.63951597,    3.1396059 ,   51.1462828 ,     18.75617249,    8.23873809,   -1.75115832,  -16.45630527,    -11.00730292], [ -393.83887887, -271.03987002,  163.78966955,   72.45526788,     76.63951597,  207.91102013,   60.42436775,   24.20259404,     29.6201937 ,  -24.84202923,   31.06626828,  -20.24021575,     -4.92971362], [ -497.44966912,   90.9866407 ,  -42.63555275,   26.78026155,      3.1396059 ,   60.42436775,  199.81239162,   38.21214504,     23.26916514,   11.77945123,   -4.62024931,   27.44343174,    -21.01920698], [  125.98430136, -185.41159362,    5.98496831,  -22.13631985,     51.1462828 ,   24.20259404,   38.21214504,  143.23007072,     14.66074415,   15.29925278,    9.18851554,  -19.7372841 ,     -5.89436674], [ -586.44898339,   84.64627932,   93.57553838,  123.77147636,     18.75617249,   29.6201937 ,   23.26916514,   14.66074415,    146.61855863,   29.10082402,    1.00914561,    6.9683667 ,     -3.76739414], [  107.76300017,   50.81517308,  -97.67935196,  -31.57994563,      8.23873809,  -24.84202923,   11.77945123,   15.29925278,     29.10082402,  108.21099872,   37.08290306,   19.51331152,     -4.12822429], [  -25.87211801, -104.23442807,   31.83499425,    3.04404993,     -1.75115832,   31.06626828,   -4.62024931,    9.18851554,      1.00914561,   37.08290306,  114.09342241,   29.72455435,     12.4127525 ], [ -155.12020707,   80.88457277,   -6.6675916 ,   -2.3846275 ,    -16.45630527,  -20.24021575,   27.44343174,  -19.7372841 ,      6.9683667 ,   19.51331152,   29.72455435,  109.39443749,     38.01684383], [  -91.45930115,  -22.31110178,   53.36541004,   -4.40937795,    -11.00730292,   -4.92971362,  -21.01920698,   -5.89436674,     -3.76739414,   -4.12822429,   12.4127525 ,   38.01684383,     94.16086175]]
/root/sim/music/out/Wham!/The_Best_Of_Wham!__If_You_Were_There_/14_I'm_Your_Man_'96.mp3; [-642.58124   ,  71.99169   ,  19.166464  ,  20.815315  ,   5.009026  ,    2.7583582 ,   0.93303204,   7.3198853 ,  -2.7486167 ,   6.159031  ,   -1.178265  ,  -2.7100365 ,   1.0514086 ]; [[41614.08634581, 1629.67198898, 2640.97909733, 1234.53537077,    563.9976433 ,  651.83106429,  -57.47423139,  332.44544862,     51.01855157,  171.39900739,   42.82948632,   12.52111847,    270.18193448], [ 1629.67198898, 1395.54906599, -101.23625442,  247.52869343,    148.39110139,   98.65281871,  115.66892374,   75.07902138,     11.44588044,   21.36327659,   11.27741199,  -18.58180254,    -18.60801764], [ 2640.97909733, -101.23625442, 1186.75584896,  313.57491024,    254.91250843,  315.00621015,  121.30624695,   74.38989246,    115.97986904,    6.75190589,   24.04317367,  103.60582727,     65.63999192], [ 1234.53537077,  247.52869343,  313.57491024,  453.35044744,    222.40595174,  153.00790786,   72.9218457 ,   55.12405746,     95.03620544,   16.5846186 ,   24.44065135,   58.77201963,     44.43135281], [  563.9976433 ,  148.39110139,  254.91250843,  222.40595174,    306.0745989 ,  160.9504933 ,   77.50472247,   60.7011835 ,     88.01050996,   29.1557026 ,   36.20660499,   45.63459319,     21.19837807], [  651.83106429,   98.65281871,  315.00621015,  153.00790786,    160.9504933 ,  355.57759232,  182.07262373,   73.68577225,     97.51898956,   31.00151683,   58.9996816 ,   51.47811745,     23.19706207], [  -57.47423139,  115.66892374,  121.30624695,   72.9218457 ,     77.50472247,  182.07262373,  255.37512746,   87.63771483,     71.84178858,   45.44299796,   47.89394461,   41.24591033,     17.18224861], [  332.44544862,   75.07902138,   74.38989246,   55.12405746,     60.7011835 ,   73.68577225,   87.63771483,  182.64232943,     74.82876525,   40.37903612,   26.16016078,    8.79220441,      4.69026558], [   51.01855157,   11.44588044,  115.97986904,   95.03620544,     88.01050996,   97.51898956,   71.84178858,   74.82876525,    178.96828125,   63.18734074,   35.81521872,   36.32413701,      3.47322293], [  171.39900739,   21.36327659,    6.75190589,   16.5846186 ,     29.1557026 ,   31.00151683,   45.44299796,   40.37903612,     63.18734074,  129.8009218 ,   52.43358914,   19.22632422,      7.91126173], [   42.82948632,   11.27741199,   24.04317367,   24.44065135,     36.20660499,   58.9996816 ,   47.89394461,   26.16016078,     35.81521872,   52.43358914,  110.3391998 ,   51.7155556 ,     12.23291041], [   12.52111847,  -18.58180254,  103.60582727,   58.77201963,     45.63459319,   51.47811745,   41.24591033,    8.79220441,     36.32413701,   19.22632422,   51.7155556 ,  109.41669529,     48.06247861], [  270.18193448,  -18.60801764,   65.63999192,   44.43135281,     21.19837807,   23.19706207,   17.18224861,    4.69026558,      3.47322293,    7.91126173,   12.23291041,   48.06247861,    101.74093178]]
/root/sim/music/out/Wham!/The_Best_Of_Wham!__If_You_Were_There_/08_The_Edge_Of_Heaven.mp3; [-524.50604   ,  78.01731   ,  -3.0928228 ,  20.573233  ,   6.254504  ,    3.2779853 ,  -0.79466826,   5.0747957 ,  -6.284513  ,   1.3267933 ,   -5.2200055 ,  -6.5943375 ,  -7.036764  ]; [[16912.90345792,  352.86955197, -256.52061135,    9.36184939,    -90.27778744, -182.81889368,   79.2883314 ,    5.9587391 ,   -115.02111901,   40.39887322, -135.4801108 , -195.25136219,   -220.30293838], [  352.86955197,  691.64837633,   39.10629493,   62.51698905,     58.67211204,   66.02152867,   60.54708665,   18.13068761,    -24.99663064,    4.42912193,   33.82330111,   -5.00658723,      9.57658197], [ -256.52061135,   39.10629493,  582.37912173,   58.31015788,     56.85062031,   63.1716009 ,  -20.0773998 ,    2.14117969,     -6.37836206,  -30.95191909,    2.10345622,   30.93667004,      5.24066681], [    9.36184939,   62.51698905,   58.31015788,  238.04887765,     99.83094839,   11.88537519,  -21.71897144,   -4.44384617,     20.34155948,   -8.41220283,  -10.83546105,   15.10841523,     20.05810113], [  -90.27778744,   58.67211204,   56.85062031,   99.83094839,    212.01837195,   64.31572199,    6.12981537,    8.02181405,     -1.17910702,   -3.14684153,   -9.19065563,    4.27686947,      2.5180813 ], [ -182.81889368,   66.02152867,   63.1716009 ,   11.88537519,     64.31572199,  193.99479304,   85.61761143,    1.71663568,      3.92000252,  -13.87614108,   17.95912095,   -4.08047408,     -5.36481411], [   79.2883314 ,   60.54708665,  -20.0773998 ,  -21.71897144,      6.12981537,   85.61761143,  161.209916  ,   45.05892859,     26.42193544,   18.39561547,   20.37149469,    1.76033692,      3.94782824], [    5.9587391 ,   18.13068761,    2.14117969,   -4.44384617,      8.02181405,    1.71663568,   45.05892859,  105.04162157,     28.79311079,   27.45612474,    9.44846029,   -4.89286617,      3.04434433], [ -115.02111901,  -24.99663064,   -6.37836206,   20.34155948,     -1.17910702,    3.92000252,   26.42193544,   28.79311079,    116.38344155,   43.95288244,    9.02456191,   13.06988964,     11.11463688], [   40.39887322,    4.42912193,  -30.95191909,   -8.41220283,     -3.14684153,  -13.87614108,   18.39561547,   27.45612474,     43.95288244,  100.64599098,   32.95600712,    5.8455941 ,      3.29423278], [ -135.4801108 ,   33.82330111,    2.10345622,  -10.83546105,     -9.19065563,   17.95912095,   20.37149469,    9.44846029,      9.02456191,   32.95600712,   80.72170625,   26.37633898,      7.95152869], [ -195.25136219,   -5.00658723,   30.93667004,   15.10841523,      4.27686947,   -4.08047408,    1.76033692,   -4.89286617,     13.06988964,    5.8455941 ,   26.37633898,   78.56856399,     37.95716603], [ -220.30293838,    9.57658197,    5.24066681,   20.05810113,      2.5180813 ,   -5.36481411,    3.94782824,    3.04434433,     11.11463688,    3.29423278,    7.95152869,   37.95716603,     68.48236342]]
/root/sim/music/out/Wham!/The_Best_Of_Wham!__If_You_Were_There_/13_Everything_She_Wants_'97.mp3; [-583.62146  ,  87.76804  ,  28.170702 ,   2.2521293,   8.57945  ,    2.7878375,   2.211462 ,   3.6067724,  -5.27549  ,   7.979174 ,    3.326395 ,   2.4157882,   2.2597783]; [[12845.45851496,  -17.80951655, -498.12063781,  -67.99382332,    135.30099738,   50.50666396,  118.76065114,  192.7961653 ,    -63.87842308,   55.16715766,  -23.47014566, -149.14711378,    -80.11001051], [  -17.80951655, 1395.94457633,  159.57023872,  138.89284054,    228.42709528,   89.47663658,  191.56154083,  176.25926867,     89.9672371 ,  136.37384724,   75.16733167,   68.10898329,     74.44565997], [ -498.12063781,  159.57023872,  918.35433892,  231.7963391 ,     92.54686795,  100.02189566,   28.54264369,   46.66403341,    105.73026747,    1.74243108,   38.20415331,   64.37027411,     14.08592672], [  -67.99382332,  138.89284054,  231.7963391 ,  469.50560556,    173.89063131,   63.34640405,   33.96742041,   73.71173841,    108.50193765,   16.47088069,   54.46792484,   63.56826917,     20.35293162], [  135.30099738,  228.42709528,   92.54686795,  173.89063131,    342.10618738,  115.03764984,   64.15518682,   94.64396208,     69.57649724,   65.65750501,   31.3659512 ,   39.73225384,     50.34835977], [   50.50666396,   89.47663658,  100.02189566,   63.34640405,    115.03764984,  283.81530617,  141.88670796,   25.01774087,     79.10065326,   48.03577078,   54.92481774,   34.50243578,     26.24407329], [  118.76065114,  191.56154083,   28.54264369,   33.96742041,     64.15518682,  141.88670796,  242.39099954,  108.2641016 ,     40.18473876,   66.00378104,   49.94875801,   30.33537522,     41.05139061], [  192.7961653 ,  176.25926867,   46.66403341,   73.71173841,     94.64396208,   25.01774087,  108.2641016 ,  234.02826903,     67.69595726,   64.46446197,   23.64955945,   24.91131311,     53.72536999], [  -63.87842308,   89.9672371 ,  105.73026747,  108.50193765,     69.57649724,   79.10065326,   40.18473876,   67.69595726,    177.11321057,   57.10111472,   35.63544992,   38.83759919,     19.29324965], [   55.16715766,  136.37384724,    1.74243108,   16.47088069,     65.65750501,   48.03577078,   66.00378104,   64.46446197,     57.10111472,  171.86701576,   61.49023185,   25.74991966,     41.0110247 ], [  -23.47014566,   75.16733167,   38.20415331,   54.46792484,     31.3659512 ,   54.92481774,   49.94875801,   23.64955945,     35.63544992,   61.49023185,  122.41258549,   61.17184103,     17.39932948], [ -149.14711378,   68.10898329,   64.37027411,   63.56826917,     39.73225384,   34.50243578,   30.33537522,   24.91131311,     38.83759919,   25.74991966,   61.17184103,  116.11189877,     51.31111052], [  -80.11001051,   74.44565997,   14.08592672,   20.35293162,     50.34835977,   26.24407329,   41.05139061,   53.72536999,     19.29324965,   41.0110247 ,   17.39932948,   51.31111052,    117.80079962]]
