/root/sim/music/out/The_Smiths/The_Smiths/01_Reel_Around_The_Fountain.mp3; [-597.53204  , 107.810455 ,   7.273116 ,  25.961569 ,  13.886596 ,    3.0697486,   2.783923 ,   6.8164554,  -4.49739  ,   1.1705483,    1.3915265,   2.2312791,  -1.1617521]; [[9047.05595467, 433.06565817, 191.57796216,-268.30816545,-175.46400004,  -166.57884625, -81.95814733, 158.31658746, -65.25041118, -83.18820162,   139.58214256,  98.6128953 , -37.15538505], [ 433.06565817, 976.42150727,-423.35335826, -95.42404587,   1.81774868,  -155.14930123,  -0.65835811, 102.21387094, -46.89677633,  49.90482743,    64.98355262,  59.0094767 ,  81.30076181], [ 191.57796216,-423.35335826, 539.29108108, 104.22877882,   8.88211487,    96.75557601,  28.83060012, -22.68263571,  64.79234301, -19.15270476,   -39.06107737, -20.2207571 , -38.73774039], [-268.30816545, -95.42404587, 104.22877882, 285.97255314, 148.42644809,    56.74761108,  -7.30714602, -35.33381744,  18.92263582,   6.14599718,   -17.52037657, -21.24710461,   4.6676352 ], [-175.46400004,   1.81774868,   8.88211487, 148.42644809, 262.23283233,    70.39765099, -10.61349865, -37.45617645,  23.5983257 ,  17.76990772,     7.62302657,  -1.62514037,  10.99793202], [-166.57884625,-155.14930123,  96.75557601,  56.74761108,  70.39765099,   191.36714148,  60.61009961, -50.57949278,  34.98413676,  10.68340332,   -12.90325552,  -1.9693112 ,  -9.21569257], [ -81.95814733,  -0.65835811,  28.83060012,  -7.30714602, -10.61349865,    60.61009961, 148.93070093,  52.50876088,  25.00354397,  19.64940337,     7.78274913,   7.43038948,   3.09588982], [ 158.31658746, 102.21387094, -22.68263571, -35.33381744, -37.45617645,   -50.57949278,  52.50876088, 143.25035888,  24.75027198,   2.22163334,    18.51511388,  16.3669064 ,  12.62843121], [ -65.25041118, -46.89677633,  64.79234301,  18.92263582,  23.5983257 ,    34.98413676,  25.00354397,  24.75027198, 100.71164585,  30.11969923,   -13.6081222 ,   7.36480819,   8.45723065], [ -83.18820162,  49.90482743, -19.15270476,   6.14599718,  17.76990772,    10.68340332,  19.64940337,   2.22163334,  30.11969923,  94.63784731,    44.36943377,   7.65973397,   8.70488355], [ 139.58214256,  64.98355262, -39.06107737, -17.52037657,   7.62302657,   -12.90325552,   7.78274913,  18.51511388, -13.6081222 ,  44.36943377,   102.68882631,  34.9478588 ,   7.00221344], [  98.6128953 ,  59.0094767 , -20.2207571 , -21.24710461,  -1.62514037,    -1.9693112 ,   7.43038948,  16.3669064 ,   7.36480819,   7.65973397,    34.9478588 ,  75.48639075,  27.95101287], [ -37.15538505,  81.30076181, -38.73774039,   4.6676352 ,  10.99793202,    -9.21569257,   3.09588982,  12.62843121,   8.45723065,   8.70488355,     7.00221344,  27.95101287,  77.73582442]]
/root/sim/music/out/The_Smiths/The_Smiths/02_You've_Got_Everything_Now.mp3; [-563.5236   , 106.671234 ,  -4.4926925,  31.741714 ,  16.929245 ,    3.3142102,  -0.8882918,  10.284157 ,  -5.867387 ,  -4.67176  ,   -3.6054366,  -3.4569674,  -4.900801 ]; [[9555.19626748, -50.75786644, 311.15305298,-455.29107531,-397.37323304,   -56.34872983,   8.14938777,  78.02997689, -73.33670722,-157.92694629,    22.20186891, -31.08386765, -54.80909351], [ -50.75786644,1076.29085949,-501.49635894, 111.6869175 ,  -0.98018918,   -84.05008525,  72.34937281, 150.62470262, -47.4759313 ,  76.93123757,    24.23396402,  21.60013809,  26.95084792], [ 311.15305298,-501.49635894, 521.48591163,  -3.15635347,  55.41057179,    68.27137622, -26.42228214, -80.77290798,  50.64954265, -45.27875693,    -5.66906089,   0.6720244 ,  -1.74752624], [-455.29107531, 111.6869175 ,  -3.15635347, 422.90929478, 231.41727491,    55.31786395, -17.59425431, -38.18866846,  14.35814238,  70.11643771,    12.26339665,  10.00445543,  12.75600657], [-397.37323304,  -0.98018918,  55.41057179, 231.41727491, 304.46781573,    57.43114058, -24.50317212, -53.27087641,  35.53540097,  39.97151704,    14.47185044,   3.44756718,  -2.30926656], [ -56.34872983, -84.05008525,  68.27137622,  55.31786395,  57.43114058,   123.05876051,  14.9033981 , -13.53664176,  24.24240534,   6.15825616,    -1.9490833 ,  17.73237018,   6.16993795], [   8.14938777,  72.34937281, -26.42228214, -17.59425431, -24.50317212,    14.9033981 , 154.78704176,  93.3121397 ,  19.07900981,  12.29022587,    13.72875931,  16.38432348,   7.38908094], [  78.02997689, 150.62470262, -80.77290798, -38.18866846, -53.27087641,   -13.53664176,  93.3121397 , 183.61509952,  15.19659742,  26.77590965,    38.61734942,  10.92637596,   5.65268542], [ -73.33670722, -47.4759313 ,  50.64954265,  14.35814238,  35.53540097,    24.24240534,  19.07900981,  15.19659742,  88.432384  ,  24.68748044,    -3.98015553,   9.4087409 ,   1.46214158], [-157.92694629,  76.93123757, -45.27875693,  70.11643771,  39.97151704,     6.15825616,  12.29022587,  26.77590965,  24.68748044,  97.46983768,    51.18773059,  13.92081547,   7.17375996], [  22.20186891,  24.23396402,  -5.66906089,  12.26339665,  14.47185044,    -1.9490833 ,  13.72875931,  38.61734942,  -3.98015553,  51.18773059,   107.16750352,  36.69637049,   0.05043856], [ -31.08386765,  21.60013809,   0.6720244 ,  10.00445543,   3.44756718,    17.73237018,  16.38432348,  10.92637596,   9.4087409 ,  13.92081547,    36.69637049,  69.49811783,  25.36735877], [ -54.80909351,  26.95084792,  -1.74752624,  12.75600657,  -2.30926656,     6.16993795,   7.38908094,   5.65268542,   1.46214158,   7.17375996,     0.05043856,  25.36735877,  72.28693728]]
/root/sim/music/out/The_Smiths/The_Smiths/10_I_Don't_Owe_You_Anything.mp3; [-630.1915   , 131.2257   ,  15.79699  ,  44.333275 ,  10.001155 ,    3.2954893,   2.2973342,  14.661154 ,  -4.996337 ,   6.2752647,    1.7882737,  -0.25987  ,  -2.3106437]; [[11474.37050598,-1907.36844062,-1134.94529002,-1158.32586597,   -748.96695282,  -98.03975958,   95.23958953,   63.58406496,   -369.65908893,  -97.02965874,  292.85345076,   48.86942576,     -8.1457367 ], [-1907.36844062, 1770.95160902, -355.25527974,   67.4915544 ,     43.73071793,  -92.7414453 ,   17.50707468,  202.86462969,    -44.60880114,  126.66836446,   -6.02363911,  -13.70522699,     32.54635329], [-1134.94529002, -355.25527974, 1070.06302316,  174.03079876,    128.33236744,  128.25956098,   54.432962  ,  -65.71621586,    174.45275753,  -60.07036405,  -42.94650788,    9.50225454,      6.83895943], [-1158.32586597,   67.4915544 ,  174.03079876,  711.15708495,    261.71630251,   76.51350728,  -58.33703185,  -99.00845055,    146.51970021,   36.29879643, -111.08726341,   14.35730381,    -18.74992162], [ -748.96695282,   43.73071793,  128.33236744,  261.71630251,    340.10665547,   61.62446415,  -36.2769242 ,  -78.80021259,     84.23603959,   22.7641397 ,  -35.80685394,   -7.83457997,     -2.97152979], [  -98.03975958,  -92.7414453 ,  128.25956098,   76.51350728,     61.62446415,  171.98682303,   47.95178763,  -11.31888531,     42.36968767,    3.83627749,   -5.5703791 ,   16.5058468 ,     -0.18785729], [   95.23958953,   17.50707468,   54.432962  ,  -58.33703185,    -36.2769242 ,   47.95178763,  196.87287973,   84.82446823,      7.94086142,   -4.77285159,   13.41385456,   17.30236569,     13.06119691], [   63.58406496,  202.86462969,  -65.71621586,  -99.00845055,    -78.80021259,  -11.31888531,   84.82446823,  216.17385982,    -23.01323435,   10.90124376,   37.38390782,    9.04797423,     22.51802307], [ -369.65908893,  -44.60880114,  174.45275753,  146.51970021,     84.23603959,   42.36968767,    7.94086142,  -23.01323435,    204.7365541 ,   29.82483669,  -62.37061809,    4.68074294,     -2.15494056], [  -97.02965874,  126.66836446,  -60.07036405,   36.29879643,     22.7641397 ,    3.83627749,   -4.77285159,   10.90124376,     29.82483669,  102.33285474,   28.06013731,    3.68913107,     -3.01028169], [  292.85345076,   -6.02363911,  -42.94650788, -111.08726341,    -35.80685394,   -5.5703791 ,   13.41385456,   37.38390782,    -62.37061809,   28.06013731,  137.29474463,   36.17141768,      6.4953161 ], [   48.86942576,  -13.70522699,    9.50225454,   14.35730381,     -7.83457997,   16.5058468 ,   17.30236569,    9.04797423,      4.68074294,    3.68913107,   36.17141768,   82.56482827,     21.41099184], [   -8.1457367 ,   32.54635329,    6.83895943,  -18.74992162,     -2.97152979,   -0.18785729,   13.06119691,   22.51802307,     -2.15494056,   -3.01028169,    6.4953161 ,   21.41099184,     80.84830326]]
/root/sim/music/out/The_Smiths/The_Smiths/03_Miserable_Lie.mp3; [-547.68176   ,  67.20841   ,  -7.260871  ,  44.065414  ,  15.711475  ,   17.709978  ,   4.7917495 ,  10.508953  ,  -3.8820598 ,   1.6748842 ,   -0.68230265,   2.7761276 ,  -2.3712528 ]; [[ 6120.18552009,-1059.07291352,  392.79044384, -549.67953058,   -134.70378627,  348.05538368,  184.8180486 ,  -83.48966174,   -116.05834346, -372.51607984,  -14.3417593 ,   -9.95755062,    101.83236408], [-1059.07291352, 1034.74056033, -392.78002286,  -12.06626881,    -15.74709912, -201.33852217,   -7.07744426,  130.75959217,    -31.1854982 ,  136.08177015,   46.31551789,   24.07888637,      2.9491028 ], [  392.79044384, -392.78002286,  522.57009136,   34.5100221 ,    -29.91114848,  -14.93087931,  -31.61687261,  -79.00984239,     14.50760993,  -59.49042925,  -43.09191523,  -31.95319037,    -45.67627856], [ -549.67953058,  -12.06626881,   34.5100221 ,  318.61007348,    152.14291373,    8.33692859,  -70.32879681,  -36.20586293,     31.42880391,   55.88591416,  -13.96900274,  -21.50249402,    -21.84059963], [ -134.70378627,  -15.74709912,  -29.91114848,  152.14291373,    290.03000136,   92.08257653,  -49.4645441 ,  -49.30659948,     21.84085382,   19.83352727,  -16.79294082,  -21.08616366,      5.27319282], [  348.05538368, -201.33852217,  -14.93087931,    8.33692859,     92.08257653,  209.65298225,   57.94782982,  -34.07705228,     10.58448767,  -57.56743967,  -16.603848  ,   18.73096147,     45.18537105], [  184.8180486 ,   -7.07744426,  -31.61687261,  -70.32879681,    -49.4645441 ,   57.94782982,  153.150391  ,   61.65869865,      1.85302195,  -40.40391329,   13.81162044,   43.79385996,     48.57659312], [  -83.48966174,  130.75959217,  -79.00984239,  -36.20586293,    -49.30659948,  -34.07705228,   61.65869865,  121.2615075 ,      9.36253031,    4.43412601,   16.00026575,   20.43363053,     15.48750586], [ -116.05834346,  -31.1854982 ,   14.50760993,   31.42880391,     21.84085382,   10.58448767,    1.85302195,    9.36253031,     86.02312185,   28.8411042 ,    1.77187112,    3.69257598,     -3.07538569], [ -372.51607984,  136.08177015,  -59.49042925,   55.88591416,     19.83352727,  -57.56743967,  -40.40391329,    4.43412601,     28.8411042 ,  129.24211462,   38.0685595 ,  -13.71410749,    -33.58027509], [  -14.3417593 ,   46.31551789,  -43.09191523,  -13.96900274,    -16.79294082,  -16.603848  ,   13.81162044,   16.00026575,      1.77187112,   38.0685595 ,   87.86490427,   39.1886639 ,      9.08773983], [   -9.95755062,   24.07888637,  -31.95319037,  -21.50249402,    -21.08616366,   18.73096147,   43.79385996,   20.43363053,      3.69257598,  -13.71410749,   39.1886639 ,   96.91785331,     57.31506723], [  101.83236408,    2.9491028 ,  -45.67627856,  -21.84059963,      5.27319282,   45.18537105,   48.57659312,   15.48750586,     -3.07538569,  -33.58027509,    9.08773983,   57.31506723,    111.92323578]]
/root/sim/music/out/The_Smiths/The_Smiths/11_Suffer_Little_Children.mp3; [-609.72253   , 135.1358    ,  10.900705  ,  38.92651   ,   5.4023333 ,    3.228504  ,   6.849163  ,  10.38559   ,  -3.4813287 ,   3.5541158 ,    1.7231164 ,   0.05313709,  -4.3266773 ]; [[13025.30439308,  668.21180686,  145.32992491,  -56.22067932,   -278.94787802,  -53.67068877,  -20.02222156,  -26.21740382,   -223.40679249,  -27.71319052,   47.37709117,  -27.10457717,    -19.93987652], [  668.21180686, 1429.2312122 , -400.62226189,   -9.12772821,    -27.47121923, -175.03632129,   10.45972569,   84.44988278,    -73.29384791,    0.89686941,    5.87571681,   42.33041709,     18.33619284], [  145.32992491, -400.62226189,  433.03423528,    5.52671225,     19.81054064,   31.53093182,    0.68019388,   -9.81867117,     23.18023411,  -31.1557914 ,  -32.51667705,  -20.34455197,      4.89305758], [  -56.22067932,   -9.12772821,    5.52671225,  256.74153346,     69.83721989,   21.92431552,  -11.18101276,   -3.94755381,     27.74058093,    4.81522746,    2.21191758,   -8.25949511,    -16.1571282 ], [ -278.94787802,  -27.47121923,   19.81054064,   69.83721989,    206.45188852,   16.10465228,  -38.08500629,  -14.84403007,     16.58051499,   27.08586477,   -3.46109809,   -4.55303384,     -7.5058455 ], [  -53.67068877, -175.03632129,   31.53093182,   21.92431552,     16.10465228,  162.99246021,   24.93012277,  -51.00046603,     25.74165635,    9.53574644,   -8.32263786,  -21.53902011,    -16.84514331], [  -20.02222156,   10.45972569,    0.68019388,  -11.18101276,    -38.08500629,   24.93012277,  138.77271867,   38.81327099,      8.61456173,  -13.65141932,   -4.43181119,   -1.92252032,    -10.8568323 ], [  -26.21740382,   84.44988278,   -9.81867117,   -3.94755381,    -14.84403007,  -51.00046603,   38.81327099,  135.82951203,     -2.70229894,  -10.34075944,    5.67068356,   22.04380271,      2.64662733], [ -223.40679249,  -73.29384791,   23.18023411,   27.74058093,     16.58051499,   25.74165635,    8.61456173,   -2.70229894,    110.97214358,    5.32797538,  -14.68341444,    7.26645473,    -11.3859199 ], [  -27.71319052,    0.89686941,  -31.1557914 ,    4.81522746,     27.08586477,    9.53574644,  -13.65141932,  -10.34075944,      5.32797538,   95.94149171,   26.79670784,  -13.93036482,      4.79263658], [   47.37709117,    5.87571681,  -32.51667705,    2.21191758,     -3.46109809,   -8.32263786,   -4.43181119,    5.67068356,    -14.68341444,   26.79670784,   78.64938106,   18.22369931,     -4.22771079], [  -27.10457717,   42.33041709,  -20.34455197,   -8.25949511,     -4.55303384,  -21.53902011,   -1.92252032,   22.04380271,      7.26645473,  -13.93036482,   18.22369931,   87.41372635,     10.97002292], [  -19.93987652,   18.33619284,    4.89305758,  -16.1571282 ,     -7.5058455 ,  -16.84514331,  -10.8568323 ,    2.64662733,    -11.3859199 ,    4.79263658,   -4.22771079,   10.97002292,     73.31685076]]
/root/sim/music/out/The_Smiths/The_Smiths/05_The_Hand_That_Rocks_The_Cradle.mp3; [-590.22845   , 103.57855   ,   4.9981575 ,  37.840065  ,  15.176566  ,    6.7517543 ,   0.20269449,   9.277898  ,  -4.3219476 ,   5.1433992 ,    1.2964671 ,   0.67424375,  -1.4755068 ]; [[10528.43898978,  581.19773048,  327.18398959,   90.41577164,   -179.47982869,  -50.97133455,  -76.98335285,  228.77630739,    -27.11243689,   37.5885191 ,   85.51478013,    9.15266912,    -23.67060841], [  581.19773048,  779.53964405, -300.89549608,  -67.18630487,   -100.8743998 ,  -84.28669113,   65.72942611,   47.99051298,    -41.95704877,   63.59051106,   51.79599409,   15.74001979,     44.52050265], [  327.18398959, -300.89549608,  401.59674779,   18.48401733,     73.04015177,   45.38748613,  -28.98051418,  -23.74104946,     26.61089816,  -34.78134734,  -27.27370311,   -4.2792799 ,    -10.84533869], [   90.41577164,  -67.18630487,   18.48401733,  281.02247497,    125.81487344,   75.45906668,  -55.90096322,  -60.29784808,     -3.32367614,  -23.31740536,  -33.50984545,   -0.6099062 ,    -17.44477831], [ -179.47982869, -100.8743998 ,   73.04015177,  125.81487344,    269.77865439,   70.65604586,   -0.41248717,  -76.15598483,     18.40460017,  -17.67769888,  -38.23969072,   -2.01826262,     -2.40316309], [  -50.97133455,  -84.28669113,   45.38748613,   75.45906668,     70.65604586,  140.25968928,   25.5170665 ,  -37.94504947,     10.42554742,  -13.97502017,  -40.74107576,   -9.00719598,    -15.28384844], [  -76.98335285,   65.72942611,  -28.98051418,  -55.90096322,     -0.41248717,   25.5170665 ,  159.39021628,   19.17477302,      8.31965289,   -7.90513438,  -13.45256411,    0.9092429 ,     -0.81301003], [  228.77630739,   47.99051298,  -23.74104946,  -60.29784808,    -76.15598483,  -37.94504947,   19.17477302,  137.78681824,     23.73036065,   -8.48465639,    9.69577676,    0.02502989,      0.9554144 ], [  -27.11243689,  -41.95704877,   26.61089816,   -3.32367614,     18.40460017,   10.42554742,    8.31965289,   23.73036065,     74.1314033 ,    0.22375985,  -19.20600117,    4.0487312 ,     -6.43436459], [   37.5885191 ,   63.59051106,  -34.78134734,  -23.31740536,    -17.67769888,  -13.97502017,   -7.90513438,   -8.48465639,      0.22375985,   78.77788566,   39.4218175 ,   -3.14084075,      3.77431173], [   85.51478013,   51.79599409,  -27.27370311,  -33.50984545,    -38.23969072,  -40.74107576,  -13.45256411,    9.69577676,    -19.20600117,   39.4218175 ,   87.73992957,   17.53782697,      4.37255263], [    9.15266912,   15.74001979,   -4.2792799 ,   -0.6099062 ,     -2.01826262,   -9.00719598,    0.9092429 ,    0.02502989,      4.0487312 ,   -3.14084075,   17.53782697,   58.83311369,     10.27590903], [  -23.67060841,   44.52050265,  -10.84533869,  -17.44477831,     -2.40316309,  -15.28384844,   -0.81301003,    0.9554144 ,     -6.43436459,    3.77431173,    4.37255263,   10.27590903,     59.73995127]]
/root/sim/music/out/The_Smiths/The_Smiths/06_This_Charming_Man.mp3; [-547.02673   ,  89.36779   , -24.345507  ,  41.321644  ,  19.987051  ,   -2.8038018 ,  -7.4169183 ,  10.956935  ,  -0.03201667,  -0.04356832,   -1.2353183 ,   0.0658681 ,  -3.2547405 ]; [[10367.93036212,  437.21889841,  452.41213668,  -75.4897779 ,      2.16251918,   38.41319963,  -34.77912436,  196.69908523,     -2.44524655,   71.57231315,  178.19691407,   -6.54984719,    -75.90881176], [  437.21889841,  761.28987964, -277.92348417,   51.6508454 ,     29.53795038,  -14.88987859,   52.36621353,   83.34624653,      7.21309373,   36.36302416,   23.77236686,   19.40665187,      0.89237624], [  452.41213668, -277.92348417,  588.64479406,  -62.66912448,     52.5329745 ,   92.98621613,   34.07578875,   11.51675837,     31.71454041,   17.1563659 ,   22.76626079,  -28.7396045 ,    -17.03676776], [  -75.4897779 ,   51.6508454 ,  -62.66912448,  379.4466497 ,    179.82776076,   35.2357217 ,   -5.34696769,  -22.31045435,     67.16371342,   22.41146051,  -54.33014814,  -25.31913279,     17.08367819], [    2.16251918,   29.53795038,   52.5329745 ,  179.82776076,    262.5249991 ,   64.64161182,    1.80329667,  -11.18735362,     81.48057092,   11.54880638,  -37.87121854,  -10.59793741,      3.41896761], [   38.41319963,  -14.88987859,   92.98621613,   35.2357217 ,     64.64161182,  120.12084931,   43.33733223,   18.39442644,     33.23709276,   11.41501415,    3.85561156,   -2.39693301,      1.7839075 ], [  -34.77912436,   52.36621353,   34.07578875,   -5.34696769,      1.80329667,   43.33733223,  193.8989269 ,   72.62309249,     20.51181048,   -9.16607031,   -2.2601164 ,    3.35434514,     -7.53902663], [  196.69908523,   83.34624653,   11.51675837,  -22.31045435,    -11.18735362,   18.39442644,   72.62309249,  120.98337999,     21.7304573 ,    5.1201979 ,   16.38027572,   10.83582488,     -1.6359199 ], [   -2.44524655,    7.21309373,   31.71454041,   67.16371342,     81.48057092,   33.23709276,   20.51181048,   21.7304573 ,    109.51573157,   28.27005124,  -14.95865738,    7.38725535,     10.70862898], [   71.57231315,   36.36302416,   17.1563659 ,   22.41146051,     11.54880638,   11.41501415,   -9.16607031,    5.1201979 ,     28.27005124,  102.93360525,   57.55636327,   18.3078404 ,     11.36067824], [  178.19691407,   23.77236686,   22.76626079,  -54.33014814,    -37.87121854,    3.85561156,   -2.2601164 ,   16.38027572,    -14.95865738,   57.55636327,  122.46088703,   42.83747895,      7.54287775], [   -6.54984719,   19.40665187,  -28.7396045 ,  -25.31913279,    -10.59793741,   -2.39693301,    3.35434514,   10.83582488,      7.38725535,   18.3078404 ,   42.83747895,   93.61823185,     34.14476646], [  -75.90881176,    0.89237624,  -17.03676776,   17.08367819,      3.41896761,    1.7839075 ,   -7.53902663,   -1.6359199 ,     10.70862898,   11.36067824,    7.54287775,   34.14476646,     71.52987983]]
/root/sim/music/out/Blues_Traveler/Four/05_The_Mountains_Win_Again.mp3; [-556.38245  , 131.80766  ,  -6.339327 ,  31.624514 ,   5.906428 ,    4.15849  ,  -1.0966218,   8.619929 ,   3.272413 ,  -0.9269382,   -1.4217813,   0.1243411,  -0.4022209]; [[9542.35287822,-958.69644188,-715.11849504, -60.00963149,-452.8743014 ,  -159.06684551,-128.60095496,  46.73166693,  61.19780726, -14.36954877,   -14.33913721,-138.25794367, -75.69185043], [-958.69644188,1259.8109245 ,-175.35246493,  29.12655704,  74.9592223 ,   -59.79818295,  59.14238948,  45.19836591,  11.90321981, -27.03990244,    -7.46675152,  42.67641567,  20.62714206], [-715.11849504,-175.35246493, 560.29411318, -34.57243673,  65.3554699 ,    79.98977446,  -3.59820607,  -6.08995272, -33.85901356,  32.2332628 ,    14.46466937,  17.18028807,   9.22552354], [ -60.00963149,  29.12655704, -34.57243673, 255.48289147,  61.98543714,     5.37806802, -22.36347695, -38.55536568,  11.51502197, -24.54638487,    -5.62766729,  28.31684277,  27.49123574], [-452.8743014 ,  74.9592223 ,  65.3554699 ,  61.98543714, 201.34766696,     4.64637384, -15.30800244,  -6.8026842 ,   6.00267527,  16.3621385 ,    -8.04846117,  26.22948517,  12.49429028], [-159.06684551, -59.79818295,  79.98977446,   5.37806802,   4.64637384,   161.28335745,  55.28719405,  -5.53560139, -14.23714255,  -2.98993346,    21.10105635,  -4.36387232,  -7.82457073], [-128.60095496,  59.14238948,  -3.59820607, -22.36347695, -15.30800244,    55.28719405, 151.21157954,  44.28215611,  -0.44328373, -20.67048   ,    10.59240952,   4.27133542,   4.87609733], [  46.73166693,  45.19836591,  -6.08995272, -38.55536568,  -6.8026842 ,    -5.53560139,  44.28215611, 125.30072873,  29.8446976 ,  -5.07734864,   -14.29376027,  -8.06255257,  -0.06379181], [  61.19780726,  11.90321981, -33.85901356,  11.51502197,   6.00267527,   -14.23714255,  -0.44328373,  29.8446976 , 113.35719949,  39.18648979,   -10.08559306, -29.02481448, -14.24406073], [ -14.36954877, -27.03990244,  32.2332628 , -24.54638487,  16.3621385 ,    -2.98993346, -20.67048   ,  -5.07734864,  39.18648979, 109.21360876,    26.97699623, -19.03634345, -27.5159627 ], [ -14.33913721,  -7.46675152,  14.46466937,  -5.62766729,  -8.04846117,    21.10105635,  10.59240952, -14.29376027, -10.08559306,  26.97699623,    85.09804286,  19.96867448, -11.20716667], [-138.25794367,  42.67641567,  17.18028807,  28.31684277,  26.22948517,    -4.36387232,   4.27133542,  -8.06255257, -29.02481448, -19.03634345,    19.96867448,  92.83855553,  32.52164995], [ -75.69185043,  20.62714206,   9.22552354,  27.49123574,  12.49429028,    -7.82457073,   4.87609733,  -0.06379181, -14.24406073, -27.5159627 ,   -11.20716667,  32.52164995,  82.97526552]]
/root/sim/music/out/Blues_Traveler/Four/06_Freedom.mp3; [-564.92035   , 120.90617   , -10.840523  ,  35.99497   ,  11.798052  ,    0.29787678,  -5.467559  ,   5.4607205 ,  -2.1136935 ,  -7.151883  ,   -5.6070027 ,  -4.43279   ,  -3.9138358 ]; [[13663.32525752,-1436.88996857, -246.26795492,   17.49537839,   -391.23672678,  -33.4558692 ,  -64.21604866,   10.63427947,     28.57295338,  -68.48568773,   31.68954089,  -16.96455652,     12.55481318], [-1436.88996857, 1812.98582665, -256.64669607,   72.61940765,    139.20847324,  -17.40398617,   -2.71519073,  -12.15327102,    -30.48654271,  -36.54576559,  -28.02000905,  -26.327971  ,    -37.07481825], [ -246.26795492, -256.64669607,  671.21046031,  -78.00754424,     68.14214829,   18.00523322,  -49.17050378,    7.21179107,     -7.39331618,   27.57859983,  -10.65535309,   20.6521105 ,      6.91347385], [   17.49537839,   72.61940765,  -78.00754424,  291.665784  ,     -0.65905122,  -10.43520378,   -0.62097577,   -5.3073221 ,     28.30451074,   10.94641378,   18.70102217,   11.56764527,      8.78136224], [ -391.23672678,  139.20847324,   68.14214829,   -0.65905122,    233.25115104,   -5.71237815,  -28.39349267,    9.39934453,      9.79719988,   29.53166077,  -10.40671986,   17.91456559,      3.14342608], [  -33.4558692 ,  -17.40398617,   18.00523322,  -10.43520378,     -5.71237815,  134.90098069,   43.29237345,    5.4751356 ,    -15.61580923,    5.0876813 ,    2.5313704 ,   -2.51268269,      4.59101605], [  -64.21604866,   -2.71519073,  -49.17050378,   -0.62097577,    -28.39349267,   43.29237345,  155.96310712,   34.43591239,     11.10226215,  -20.66780362,   11.90749742,    0.38271859,      5.41508771], [   10.63427947,  -12.15327102,    7.21179107,   -5.3073221 ,      9.39934453,    5.4751356 ,   34.43591239,  114.27147697,     24.13279832,    9.40182422,  -12.40148708,    3.73084696,      4.32235849], [   28.57295338,  -30.48654271,   -7.39331618,   28.30451074,      9.79719988,  -15.61580923,   11.10226215,   24.13279832,    113.81661992,   37.90071716,   15.45524828,   -5.63039274,      2.42240778], [  -68.48568773,  -36.54576559,   27.57859983,   10.94641378,     29.53166077,    5.0876813 ,  -20.66780362,    9.40182422,     37.90071716,  113.90146327,   29.8375923 ,    7.65726557,     -1.07802408], [   31.68954089,  -28.02000905,  -10.65535309,   18.70102217,    -10.40671986,    2.5313704 ,   11.90749742,  -12.40148708,     15.45524828,   29.8375923 ,   90.68438243,   23.27771343,     14.75911954], [  -16.96455652,  -26.327971  ,   20.6521105 ,   11.56764527,     17.91456559,   -2.51268269,    0.38271859,    3.73084696,     -5.63039274,    7.65726557,   23.27771343,   72.38047259,     19.99342652], [   12.55481318,  -37.07481825,    6.91347385,    8.78136224,      3.14342608,    4.59101605,    5.41508771,    4.32235849,      2.42240778,   -1.07802408,   14.75911954,   19.99342652,     62.85211856]]
/root/sim/music/out/Blues_Traveler/Four/04_Fallible.mp3; [-560.1765    , 119.25361   , -13.136268  ,  38.47966   ,   3.534561  ,    6.233529  ,  -7.8364553 ,   5.5077558 ,   0.2887113 ,  -5.0758786 ,   -0.86783814,  -1.205471  ,  -2.8990905 ]; [[6521.90651919,-659.81248258, 665.55625791,-220.83939259,  20.39699498,    93.39641231,-110.70682037,  65.7803928 , 139.22738207, 211.93509678,   -97.83663129,-118.94297745, -46.58234127], [-659.81248258,1403.74467588,-362.76499641, 175.37772222, 102.71072841,  -142.58766382,  -9.66117371,  47.59032231,  45.53497804, -34.21058593,    -5.97477703,   2.31488407,   6.53567602], [ 665.55625791,-362.76499641, 749.8185703 , -54.97093689, 180.22687458,    -8.15133198, -69.89507046,  33.91853459, -12.5880319 ,  46.39345809,   -27.53208651,  24.1797659 , -13.50268197], [-220.83939259, 175.37772222, -54.97093689, 273.94925152,  12.49223692,     5.48655886,   2.78462182,   0.35744998,   2.4913895 , -31.68318394,    13.43866445,   9.66956055,  10.67470913], [  20.39699498, 102.71072841, 180.22687458,  12.49223692, 312.42867484,    -5.23384544, -47.33084597,  16.46830923,   3.16808662,  37.74520779,    -1.08815955,  33.49338745,  -7.27252883], [  93.39641231,-142.58766382,  -8.15133198,   5.48655886,  -5.23384544,   170.41695288,  69.47734426,  -7.81010967,  -6.83594086,  -7.02138769,    24.58834572,  13.32965237,   2.49205173], [-110.70682037,  -9.66117371, -69.89507046,   2.78462182, -47.33084597,    69.47734426, 173.14010554,  39.07129319,   4.98783575, -26.66990086,    27.97547715,   7.04944417,  10.90845295], [  65.7803928 ,  47.59032231,  33.91853459,   0.35744998,  16.46830923,    -7.81010967,  39.07129319, 137.19560955,  37.99452238,  11.18479617,    -6.86211292,  -9.66125695,  12.59469874], [ 139.22738207,  45.53497804, -12.5880319 ,   2.4913895 ,   3.16808662,    -6.83594086,   4.98783575,  37.99452238, 134.44915398,  53.47013385,    12.90402568, -21.3550883 , -11.79702889], [ 211.93509678, -34.21058593,  46.39345809, -31.68318394,  37.74520779,    -7.02138769, -26.66990086,  11.18479617,  53.47013385, 138.08866664,    37.68312457,   1.45002482, -18.49477339], [ -97.83663129,  -5.97477703, -27.53208651,  13.43866445,  -1.08815955,    24.58834572,  27.97547715,  -6.86211292,  12.90402568,  37.68312457,   110.27037343,  41.34463879,   3.84980217], [-118.94297745,   2.31488407,  24.1797659 ,   9.66956055,  33.49338745,    13.32965237,   7.04944417,  -9.66125695, -21.3550883 ,   1.45002482,    41.34463879, 102.68768879,  31.10957889], [ -46.58234127,   6.53567602, -13.50268197,  10.67470913,  -7.27252883,     2.49205173,  10.90845295,  12.59469874, -11.79702889, -18.49477339,     3.84980217,  31.10957889,  97.77400148]]
/root/sim/music/out/Blues_Traveler/Four/02_Stand.mp3; [-547.21765  , 105.63203  ,  -2.758361 ,  32.739826 ,   4.707653 ,   -1.1353498,  -4.994126 ,   5.075392 ,  -3.6887224,  -1.8355098,   -1.4828845,  -3.4989734,  -3.8049145]; [[8428.36793601,-976.66630367,-125.35857047,-285.76219561,-470.33873523,   -16.66884764,-163.98637892,-137.59388118,-155.5654231 ,  42.25071047,    10.80723456, -16.0577188 , -24.54286142], [-976.66630367, 843.85745916,-182.29655911,  99.02531654,  46.20061048,   -49.48436254,  25.81041521,  39.57647103,  50.27016538, -17.59626419,     5.08929644,   3.06143662,   0.24688248], [-125.35857047,-182.29655911, 464.44361385, -10.73771471,  47.24079371,    26.35587806,  -9.64846936,  17.87385238,  13.30906063,  16.80516198,    22.15067706,  16.7972448 ,  16.42481907], [-285.76219561,  99.02531654, -10.73771471, 255.37609317, 113.27931012,    31.83574605,  13.35175746,  14.70123934,  14.99493943,  -9.58609628,   -17.85015842,   7.89151804,   5.276216  ], [-470.33873523,  46.20061048,  47.24079371, 113.27931012, 295.95781941,    67.00508732, -13.97294229, -19.08706273,  34.81976376,  31.32054656,     1.29539125,  15.20606168,   9.43951275], [ -16.66884764, -49.48436254,  26.35587806,  31.83574605,  67.00508732,   171.27086514,  72.60584532,  17.8881473 ,  23.23241951,  13.4704569 ,    14.03112809,   4.91180818,   6.712063  ], [-163.98637892,  25.81041521,  -9.64846936,  13.35175746, -13.97294229,    72.60584532, 173.34366938,  87.64712583,  24.91457448, -13.56881065,     8.42922221,  -2.2593329 ,   4.82002358], [-137.59388118,  39.57647103,  17.87385238,  14.70123934, -19.08706273,    17.8881473 ,  87.64712583, 143.6180989 ,  55.09835269,  -0.79616151,    -6.75423476,  -7.90750148,   2.97391768], [-155.5654231 ,  50.27016538,  13.30906063,  14.99493943,  34.81976376,    23.23241951,  24.91457448,  55.09835269, 129.86855776,  46.66997849,     0.84466573, -22.38478535,  -5.74244889], [  42.25071047, -17.59626419,  16.80516198,  -9.58609628,  31.32054656,    13.4704569 , -13.56881065,  -0.79616151,  46.66997849, 110.01704089,    42.81800242,  -3.00229013, -10.5172717 ], [  10.80723456,   5.08929644,  22.15067706, -17.85015842,   1.29539125,    14.03112809,   8.42922221,  -6.75423476,   0.84466573,  42.81800242,    90.27842993,  33.81443675,   2.97196532], [ -16.0577188 ,   3.06143662,  16.7972448 ,   7.89151804,  15.20606168,     4.91180818,  -2.2593329 ,  -7.90750148, -22.38478535,  -3.00229013,    33.81443675,  87.17679123,  31.82747694], [ -24.54286142,   0.24688248,  16.42481907,   5.276216  ,   9.43951275,     6.712063  ,   4.82002358,   2.97391768,  -5.74244889, -10.5172717 ,     2.97196532,  31.82747694,  73.30575589]]
/root/sim/music/out/Blues_Traveler/Four/03_Look_Around.mp3; [-604.1558    , 162.16658   , -25.58388   ,  23.916155  ,   7.1729984 ,    3.660765  ,  -3.1203198 ,  -0.9601513 ,  -0.58684474,  -3.1146395 ,   -0.61138874,  -1.8250028 ,  -3.6404932 ]; [[14008.25826966,-2373.91124061, -796.79252837,  701.2046861 ,   -198.17030237,   46.74219125,  -56.65446294,   17.12200142,    188.93665356,   15.53722335,  124.75292488, -132.63494795,   -127.03733251], [-2373.91124061, 1920.72773288, -200.02879856,  -26.60373561,     77.26232296,  -70.20713265,   35.37213015,   19.57426206,    -35.02896548,  -17.60863014,  -30.50282066,   40.34866927,     23.48267317], [ -796.79252837, -200.02879856,  935.31003711,    1.13334932,    141.24261064,  136.60555372,   34.29321905,   88.79949081,     36.44096203,   19.75311022,   11.22117873,   22.28262425,     18.68110581], [  701.2046861 ,  -26.60373561,    1.13334932,  339.62561316,     60.83788391,   -3.35969666,    8.07369053,   34.8076794 ,     24.07892918,   15.24887329,  -16.8910467 ,   10.51915397,     14.04291604], [ -198.17030237,   77.26232296,  141.24261064,   60.83788391,    250.55243886,   14.47177961,   -5.11877207,   -1.73345671,     -4.1948373 ,    7.91008376,  -17.9123779 ,   25.51502394,     15.04235882], [   46.74219125,  -70.20713265,  136.60555372,   -3.35969666,     14.47177961,  196.40500553,   45.9803429 ,   14.72633644,      3.12626403,    9.03954638,   29.75387128,   10.07221396,      8.05073574], [  -56.65446294,   35.37213015,   34.29321905,    8.07369053,     -5.11877207,   45.9803429 ,  132.13144075,   36.54256573,     15.13619028,    6.57491743,   13.61875509,    7.20657546,      9.28823146], [   17.12200142,   19.57426206,   88.79949081,   34.8076794 ,     -1.73345671,   14.72633644,   36.54256573,  120.69641978,     34.36474384,    7.93972074,    5.27209277,    3.84657289,      9.80810798], [  188.93665356,  -35.02896548,   36.44096203,   24.07892918,     -4.1948373 ,    3.12626403,   15.13619028,   34.36474384,    114.82232792,   37.80825   ,    8.77122504,   -8.77362269,     -1.17635724], [   15.53722335,  -17.60863014,   19.75311022,   15.24887329,      7.91008376,    9.03954638,    6.57491743,    7.93972074,     37.80825   ,  102.69227835,   22.51424236,   -0.44058217,     -3.00102785], [  124.75292488,  -30.50282066,   11.22117873,  -16.8910467 ,    -17.9123779 ,   29.75387128,   13.61875509,    5.27209277,      8.77122504,   22.51424236,  106.32918834,   19.64796605,      2.40637212], [ -132.63494795,   40.34866927,   22.28262425,   10.51915397,     25.51502394,   10.07221396,    7.20657546,    3.84657289,     -8.77362269,   -0.44058217,   19.64796605,   86.41779474,     29.42218591], [ -127.03733251,   23.48267317,   18.68110581,   14.04291604,     15.04235882,    8.05073574,    9.28823146,    9.80810798,     -1.17635724,   -3.00102785,    2.40637212,   29.42218591,     75.89229121]]
/root/sim/music/out/Blues_Traveler/Four/01_Run-Around.mp3; [-586.3087   , 121.674484 ,  -0.9714138,  24.429296 ,   8.710772 ,    9.544378 ,   2.5832908,   6.8889685,  -1.5921912,   1.0065238,   -1.7441546,  -3.3069975,  -3.5818424]; [[13941.01843996, -175.46890953, -423.76136036, -106.81373141,   -229.70250817,   61.55940251,  -74.08308509,  -39.22119496,    -33.89167188,  141.2333055 ,  116.43472547,  -39.37160568,   -122.95090315], [ -175.46890953, 1257.44809391, -177.40154251,   50.88740683,     47.66873006,  -47.49469268,  106.68626841,   54.59917596,     42.46072069,  -28.30010647,   10.55820255,   12.79496574,     23.18651491], [ -423.76136036, -177.40154251,  533.94445819,   14.46185124,     96.16352774,    7.63327884,  -56.41397453,   31.42003742,    -25.4038749 ,   -2.21271755,  -15.12829   ,   47.69199671,     25.43677371], [ -106.81373141,   50.88740683,   14.46185124,  271.10006497,     65.45546417,   12.68690517,   17.22005212,    8.41394779,     30.60183616,  -22.78033034,  -29.48841875,    2.83582308,     37.49492904], [ -229.70250817,   47.66873006,   96.16352774,   65.45546417,    237.40431649,    5.04903075,  -10.38172308,   12.31848786,      0.98172249,   29.46830685,  -23.81156544,   19.07803773,     10.47655315], [   61.55940251,  -47.49469268,    7.63327884,   12.68690517,      5.04903075,  169.3061808 ,   63.32160649,    3.72196836,      1.48720816,    3.18945729,   22.92621557,    4.09281697,      5.53691693], [  -74.08308509,  106.68626841,  -56.41397453,   17.22005212,    -10.38172308,   63.32160649,  171.23168378,   38.78181035,     22.35385554,   -1.2690326 ,   13.37616358,    5.96132199,     11.94695609], [  -39.22119496,   54.59917596,   31.42003742,    8.41394779,     12.31848786,    3.72196836,   38.78181035,  126.27073822,     20.28218565,   -0.08535251,    2.19454484,    3.23580884,      8.2350497 ], [  -33.89167188,   42.46072069,  -25.4038749 ,   30.60183616,      0.98172249,    1.48720816,   22.35385554,   20.28218565,    115.99133351,   31.88551154,    9.08476109,   -6.74071502,      1.08461501], [  141.2333055 ,  -28.30010647,   -2.21271755,  -22.78033034,     29.46830685,    3.18945729,   -1.2690326 ,   -0.08535251,     31.88551154,  133.5874222 ,   33.63958908,   -9.95217216,    -12.03414666], [  116.43472547,   10.55820255,  -15.12829   ,  -29.48841875,    -23.81156544,   22.92621557,   13.37616358,    2.19454484,      9.08476109,   33.63958908,  105.11490125,   20.48018349,     -9.43113994], [  -39.37160568,   12.79496574,   47.69199671,    2.83582308,     19.07803773,    4.09281697,    5.96132199,    3.23580884,     -6.74071502,   -9.95217216,   20.48018349,   93.64186713,     24.72687979], [ -122.95090315,   23.18651491,   25.43677371,   37.49492904,     10.47655315,    5.53691693,   11.94695609,    8.2350497 ,      1.08461501,  -12.03414666,   -9.43113994,   24.72687979,     90.38735507]]
/root/sim/music/out/Blues_Traveler/Four/11_Just_Wait.mp3; [-608.96234   , 126.95634   ,  -4.250445  ,  31.193405  ,   4.8136353 ,    8.217133  ,  -2.0292797 ,  -0.00728386,   3.5663939 ,   0.4976767 ,   -2.931359  ,  -4.8246512 ,  -2.361363  ]; [[16166.74065092,-1522.06028128,-1733.73927937,   -8.3935567 ,   -473.01775391, -743.44904191, -613.97455269, -193.93606097,     74.90034465,  125.24340111,  189.05903538,  -72.13959522,     50.60060383], [-1522.06028128, 1417.81722094, -143.57287439,   42.46845587,     18.84012934,   -8.74372996,   43.1472488 ,   -4.85451252,     13.33549006,    4.0061788 ,   14.16105576,    9.00823803,      2.89901821], [-1733.73927937, -143.57287439,  738.0911694 ,  -24.86663049,    108.60004839,  171.72705882,   91.23489554,   23.84228858,    -21.91625813,  -11.25386048,  -22.73220637,   31.63839894,      2.13528251], [   -8.3935567 ,   42.46845587,  -24.86663049,  212.42799416,     59.54735693,   -3.51846752,   -5.63540732,    1.95000715,     12.11043972,   -4.21211507,  -22.10479638,   13.82633904,     19.04608271], [ -473.01775391,   18.84012934,  108.60004839,   59.54735693,    201.47491569,   29.31015035,   11.50220195,   -2.99011052,      0.4405511 ,   -0.16224531,  -29.85779459,   17.58965087,     16.47228333], [ -743.44904191,   -8.74372996,  171.72705882,   -3.51846752,     29.31015035,  199.57053989,   79.18793936,   26.90357824,    -15.77470528,  -17.46226067,   -3.24021649,    9.10929503,     -3.32804634], [ -613.97455269,   43.1472488 ,   91.23489554,   -5.63540732,     11.50220195,   79.18793936,  149.21511082,   36.81130804,     -1.75809717,   -9.53145697,    3.44203242,    6.52704489,     -0.22102258], [ -193.93606097,   -4.85451252,   23.84228858,    1.95000715,     -2.99011052,   26.90357824,   36.81130804,   89.0507234 ,     16.73063405,   -6.01513435,   -3.49258718,    5.72581152,      3.20838254], [   74.90034465,   13.33549006,  -21.91625813,   12.11043972,      0.4405511 ,  -15.77470528,   -1.75809717,   16.73063405,     96.87295478,   30.42416472,    6.39849353,   -5.09181661,      0.17360977], [  125.24340111,    4.0061788 ,  -11.25386048,   -4.21211507,     -0.16224531,  -17.46226067,   -9.53145697,   -6.01513435,     30.42416472,   88.85243806,   28.78467474,   -2.03123475,     -4.20766207], [  189.05903538,   14.16105576,  -22.73220637,  -22.10479638,    -29.85779459,   -3.24021649,    3.44203242,   -3.49258718,      6.39849353,   28.78467474,   88.27938192,    9.60383745,     -2.10272907], [  -72.13959522,    9.00823803,   31.63839894,   13.82633904,     17.58965087,    9.10929503,    6.52704489,    5.72581152,     -5.09181661,   -2.03123475,    9.60383745,   66.3366901 ,     17.68996542], [   50.60060383,    2.89901821,    2.13528251,   19.04608271,     16.47228333,   -3.32804634,   -0.22102258,    3.20838254,      0.17360977,   -4.20766207,   -2.10272907,   17.68996542,     57.58250402]]
