/root/sim/music/out/斉藤和義/歌うたい15_SINGLES_BEST_1993～2007_[Disc_1]/14_進め_なまけもの.mp3; [-567.53033   , 118.19836   ,  14.539847  ,  24.080074  ,   6.400483  ,    3.2311277 ,  -4.2580585 ,   1.2364558 ,  -5.4059067 ,   0.01470441,   -1.7287636 ,  -1.4058311 ,  -1.1985683 ]; [[12670.86383089, -448.6426246 , -222.77773423, -289.1392023 ,   -399.64182657, -124.42117503, -117.0405486 ,   48.20194121,      0.79187499,   38.37743834,   54.94858614,   66.23670065,     -7.38726812], [ -448.6426246 , 1348.19015496, -265.97819691,  -12.42205978,     65.63890844,  -43.93567719,  115.80348785,   41.51171374,    -15.86790457,   60.70114462,    8.94838475,   25.34471159,    -17.97090764], [ -222.77773423, -265.97819691,  536.33065756,   64.43519596,      0.94490048,   96.50195101,  -21.4523614 ,   19.615431  ,     25.47064603,  -69.23385699,    7.48357936,   24.24273796,     37.80592468], [ -289.1392023 ,  -12.42205978,   64.43519596,  425.14622043,    137.48155292,   28.94094946,  -40.56523986,   -4.62130433,     22.39354424,  -19.32422793,  -22.20352418,  -25.32131106,     69.70624913], [ -399.64182657,   65.63890844,    0.94490048,  137.48155292,    230.71562682,   38.96285689,  -26.27460935,  -16.50707432,     11.5599705 ,   27.99905486,   -4.69591557,   -5.19084748,      5.6746131 ], [ -124.42117503,  -43.93567719,   96.50195101,   28.94094946,     38.96285689,  171.33324422,   29.21930325,    2.8187749 ,     -9.6181933 ,    1.08373945,   47.4488931 ,    0.43142694,     17.41848389], [ -117.0405486 ,  115.80348785,  -21.4523614 ,  -40.56523986,    -26.27460935,   29.21930325,  148.44796821,   39.84955828,      1.42491783,    7.24102396,   23.56391138,   21.03603424,     -1.6778264 ], [   48.20194121,   41.51171374,   19.615431  ,   -4.62130433,    -16.50707432,    2.8187749 ,   39.84955828,  102.68802224,     36.21723857,   -6.677375  ,    1.49849582,    2.31603666,      7.86334316], [    0.79187499,  -15.86790457,   25.47064603,   22.39354424,     11.5599705 ,   -9.6181933 ,    1.42491783,   36.21723857,    102.13846464,   20.17201328,  -10.24525516,   -5.15615096,      5.38395115], [   38.37743834,   60.70114462,  -69.23385699,  -19.32422793,     27.99905486,    1.08373945,    7.24102396,   -6.677375  ,     20.17201328,  116.06445642,   35.18492879,  -16.70052124,    -21.6491263 ], [   54.94858614,    8.94838475,    7.48357936,  -22.20352418,     -4.69591557,   47.4488931 ,   23.56391138,    1.49849582,    -10.24525516,   35.18492879,  102.74145101,   25.12202311,     -6.01021451], [   66.23670065,   25.34471159,   24.24273796,  -25.32131106,     -5.19084748,    0.43142694,   21.03603424,    2.31603666,     -5.15615096,  -16.70052124,   25.12202311,   87.44205775,     20.99724639], [   -7.38726812,  -17.97090764,   37.80592468,   69.70624913,      5.6746131 ,   17.41848389,   -1.6778264 ,    7.86334316,      5.38395115,  -21.6491263 ,   -6.01021451,   20.99724639,    109.5058353 ]]
/root/sim/music/out/斉藤和義/歌うたい15_SINGLES_BEST_1993～2007_[Disc_1]/08_通りに立てば_(シングルバージョン).mp3; [-599.01874   , 153.85483   ,   3.050649  ,   8.101389  ,   0.5225272 ,   -1.4360497 ,  -5.672094  ,   1.4466137 ,  -4.6112447 ,   0.5164341 ,   -0.1616544 ,  -0.08671018,  -4.600501  ]; [[14129.85993999, -644.89767586, -604.6173292 , -133.07557444,   -300.92344547, -258.61271986, -126.65914888,   71.43773428,    166.92087015,  268.16142795,  287.16787671,  222.96257925,    135.91834193], [ -644.89767586, 1491.33610929, -139.16786497, -113.48570621,      8.23063254,   17.96066079,   43.21817205,   42.04644799,     10.92849234,   59.94896757,   26.18149676,   36.62863123,     40.47447491], [ -604.6173292 , -139.16786497,  918.89934865, -185.68309912,     -3.06261135,  143.16263798,   -8.3272776 ,  110.48436437,    -62.33375222,   41.38049187,  -23.16857831,   39.63119431,     34.3758606 ], [ -133.07557444, -113.48570621, -185.68309912,  412.84222542,     88.98193756,  -18.88668057,   30.15650847,  -22.69855607,     81.08796387,  -44.57489912,  -11.48285355,  -17.63357923,     12.80157464], [ -300.92344547,    8.23063254,   -3.06261135,   88.98193756,    193.84052637,   51.99681593,   -2.17856041,    1.86561051,     24.4544393 ,   -9.17566605,    6.99560315,    9.48449556,     -0.86398204], [ -258.61271986,   17.96066079,  143.16263798,  -18.88668057,     51.99681593,  170.3000661 ,   39.46874799,   21.51978032,     -5.92302769,   22.22174481,   27.7921666 ,   10.55248945,     -5.94164636], [ -126.65914888,   43.21817205,   -8.3272776 ,   30.15650847,     -2.17856041,   39.46874799,  163.09902247,   26.23570158,     29.61562562,    4.54837741,   24.0434081 ,    7.45612634,      7.55361506], [   71.43773428,   42.04644799,  110.48436437,  -22.69855607,      1.86561051,   21.51978032,   26.23570158,  113.99164518,     13.7400964 ,    3.77725111,   -3.90288032,   17.46738281,     26.70637946], [  166.92087015,   10.92849234,  -62.33375222,   81.08796387,     24.4544393 ,   -5.92302769,   29.61562562,   13.7400964 ,    125.288424  ,   20.41719346,   12.27012929,   -1.57156013,      5.89555209], [  268.16142795,   59.94896757,   41.38049187,  -44.57489912,     -9.17566605,   22.22174481,    4.54837741,    3.77725111,     20.41719346,  134.94174435,   56.679869  ,    0.26893531,    -24.40491092], [  287.16787671,   26.18149676,  -23.16857831,  -11.48285355,      6.99560315,   27.7921666 ,   24.0434081 ,   -3.90288032,     12.27012929,   56.679869  ,  116.86652116,   17.26653673,    -25.57294374], [  222.96257925,   36.62863123,   39.63119431,  -17.63357923,      9.48449556,   10.55248945,    7.45612634,   17.46738281,     -1.57156013,    0.26893531,   17.26653673,   92.59501274,     43.43618488], [  135.91834193,   40.47447491,   34.3758606 ,   12.80157464,     -0.86398204,   -5.94164636,    7.55361506,   26.70637946,      5.89555209,  -24.40491092,  -25.57294374,   43.43618488,    111.33988265]]
/root/sim/music/out/斉藤和義/歌うたい15_SINGLES_BEST_1993～2007_[Disc_1]/13_郷愁.mp3; [-554.78406   , 101.14563   ,  12.670472  ,  24.996647  ,   4.7307596 ,    2.008046  ,   4.5096564 ,  -1.0266328 ,  -1.1129605 ,  -1.203381  ,   -0.89882815,  -3.391666  ,  -1.8272634 ]; [[13971.41187025,    8.35618291,  275.76342841,  201.52867534,   -239.50053192, -112.00522288,  -88.13138184,  -47.25055675,     -6.01741432,  -41.00093953,  -49.9744052 , -101.57468641,    -59.42431675], [    8.35618291, 1284.09725042,   -1.93781435,  -18.97214005,     60.78750621,   50.70605404,   41.15766363,  121.79763892,      5.7555265 ,   48.93210584,   -9.74148951,   25.22101201,     33.8552553 ], [  275.76342841,   -1.93781435,  449.19833326,   73.55313945,      9.79719203,   77.940881  ,  -31.42216383,   79.10673781,     58.46599597,  -21.28114164,  -12.42214912,   23.7758468 ,     34.04367464], [  201.52867534,  -18.97214005,   73.55313945,  322.11928991,    141.16617733,   37.13312322,   -0.70679866,    2.99943925,     50.39900218,    9.07237244,  -10.60850119,   -0.72435742,     -8.85257338], [ -239.50053192,   60.78750621,    9.79719203,  141.16617733,    226.33538916,   37.81800877,   23.13208659,    7.34982273,     45.97221864,   12.61103883,   -2.03412706,    7.51559114,    -15.75648255], [ -112.00522288,   50.70605404,   77.940881  ,   37.13312322,     37.81800877,  137.05377784,   34.96685969,   22.96516876,     13.66579358,   20.55926745,   28.08250472,    5.45850401,      1.05049668], [  -88.13138184,   41.15766363,  -31.42216383,   -0.70679866,     23.13208659,   34.96685969,  158.44627289,   19.56262365,     12.15384303,    1.84792788,   24.51134033,   11.687095  ,     -0.21762995], [  -47.25055675,  121.79763892,   79.10673781,    2.99943925,      7.34982273,   22.96516876,   19.56262365,  116.28408891,     39.7496304 ,   -2.19760622,  -14.42579585,   13.85917534,     19.55449604], [   -6.01741432,    5.7555265 ,   58.46599597,   50.39900218,     45.97221864,   13.66579358,   12.15384303,   39.7496304 ,    100.54973167,   14.27777559,   -8.46739658,    8.15215136,     -8.17457608], [  -41.00093953,   48.93210584,  -21.28114164,    9.07237244,     12.61103883,   20.55926745,    1.84792788,   -2.19760622,     14.27777559,  104.80573362,   40.87947695,   -3.03146417,      1.08534766], [  -49.9744052 ,   -9.74148951,  -12.42214912,  -10.60850119,     -2.03412706,   28.08250472,   24.51134033,  -14.42579585,     -8.46739658,   40.87947695,   86.20938192,   10.75061919,      0.32724359], [ -101.57468641,   25.22101201,   23.7758468 ,   -0.72435742,      7.51559114,    5.45850401,   11.687095  ,   13.85917534,      8.15215136,   -3.03146417,   10.75061919,   76.27602213,     23.10503337], [  -59.42431675,   33.8552553 ,   34.04367464,   -8.85257338,    -15.75648255,    1.05049668,   -0.21762995,   19.55449604,     -8.17457608,    1.08534766,    0.32724359,   23.10503337,     76.0619777 ]]
/root/sim/music/out/斉藤和義/歌うたい15_SINGLES_BEST_1993～2007_[Disc_1]/04_歩いて帰ろう_(シングルバージョン).mp3; [-507.0929    ,  96.6822    ,   5.346548  ,  32.160343  ,   5.202917  ,    3.245042  ,  -4.509049  ,   3.3734076 ,  -3.3540523 ,  -0.02487922,   -2.637335  ,   1.06914   ,  -4.056904  ]; [[11826.69641118,  134.77360383,  -88.77032964, -119.87478264,   -132.39501367, -193.48481964,  -46.53951268,  -92.97539263,    -90.72298667,    7.5215772 ,   52.49893234,  -23.44851614,    -85.73862788], [  134.77360383,  752.11537162,  -81.5333496 ,   77.30471197,     27.33248698,   31.77700021,   28.11476518,   34.834736  ,    -15.8342997 ,   30.66959739,   23.27982634,   -0.43101696,     20.03714274], [  -88.77032964,  -81.5333496 ,  400.37598854,  -64.86648744,     74.02904195,   31.62428313,    8.26460884,    3.83357422,     -2.83270939,   -8.48572433,   22.09480704,  -23.47413529,     22.25394623], [ -119.87478264,   77.30471197,  -64.86648744,  371.93638959,     70.62107352,  -10.65177928,   -1.11027188,   23.67178349,     37.33429959,  -38.71527107,  -52.52034325,   11.08386629,     19.88399498], [ -132.39501367,   27.33248698,   74.02904195,   70.62107352,    187.35962641,    2.65251565,  -18.08732815,   -4.57925378,     24.30122531,   -5.47613717,  -19.17227687,   -4.91250031,     10.22208604], [ -193.48481964,   31.77700021,   31.62428313,  -10.65177928,      2.65251565,  126.83306676,   32.86785798,   12.92369182,      7.11419035,   11.37182769,   11.80793887,   -9.38960603,    -11.12941362], [  -46.53951268,   28.11476518,    8.26460884,   -1.11027188,    -18.08732815,   32.86785798,  139.46457476,   36.25030281,      3.62676285,   11.10875788,   27.45265122,   -4.16610204,    -11.2386587 ], [  -92.97539263,   34.834736  ,    3.83357422,   23.67178349,     -4.57925378,   12.92369182,   36.25030281,   90.88364035,     19.63243427,   -9.34499542,   -0.57147708,   -2.12652492,      1.41785445], [  -90.72298667,  -15.8342997 ,   -2.83270939,   37.33429959,     24.30122531,    7.11419035,    3.62676285,   19.63243427,     83.41363779,   22.6608417 ,   -7.59545033,   -0.74730302,     -5.42860063], [    7.5215772 ,   30.66959739,   -8.48572433,  -38.71527107,     -5.47613717,   11.37182769,   11.10875788,   -9.34499542,     22.6608417 ,  101.75822782,   26.17704882,   -7.51355467,    -17.3629742 ], [   52.49893234,   23.27982634,   22.09480704,  -52.52034325,    -19.17227687,   11.80793887,   27.45265122,   -0.57147708,     -7.59545033,   26.17704882,   81.29925391,    4.44286631,     -7.68877967], [  -23.44851614,   -0.43101696,  -23.47413529,   11.08386629,     -4.91250031,   -9.38960603,   -4.16610204,   -2.12652492,     -0.74730302,   -7.51355467,    4.44286631,   64.71749542,      9.91484872], [  -85.73862788,   20.03714274,   22.25394623,   19.88399498,     10.22208604,  -11.12941362,  -11.2386587 ,    1.41785445,     -5.42860063,  -17.3629742 ,   -7.68877967,    9.91484872,     63.84753941]]
/root/sim/music/out/斉藤和義/歌うたい15_SINGLES_BEST_1993～2007_[Disc_1]/10_空に星が綺麗.mp3; [-557.0773    , 127.70583   ,   5.519305  ,  17.8245    ,   3.3735461 ,    5.399556  ,  -1.5277662 ,   2.3645902 ,  -3.3233583 ,   3.0196822 ,   -1.0804894 ,  -3.4006908 ,   0.19220929]; [[20962.08461569,  799.1108549 ,  234.35170844,  488.12737746,   -189.81918117,   60.07410075,   14.40712728,  205.21006792,     83.51961544,  379.09279359,  143.15900576,  -20.17478521,     85.36805346], [  799.1108549 , 1356.27889613, -212.38582905,  -13.8710565 ,     29.40974013,  -31.232231  ,   79.21600543,   31.42453529,    -37.68245456,   -4.62308441,   23.55412629,    5.04384621,     20.07487728], [  234.35170844, -212.38582905,  375.65633476,   33.69460366,     -4.2815199 ,    6.2407949 ,   16.49874567,   30.21166361,     -8.36493483,  -27.90961062,    3.33260369,   36.20303986,     23.9165338 ], [  488.12737746,  -13.8710565 ,   33.69460366,  293.22591847,    120.68788467,   26.2468481 ,  -33.6635115 ,    3.32828877,     32.41204006,  -21.92480236,  -19.82586142,    5.38261658,     32.59183019], [ -189.81918117,   29.40974013,   -4.2815199 ,  120.68788467,    208.63592727,   38.03638264,  -22.71059495,  -12.51672758,     36.22328976,   -0.0198651 ,  -13.29040405,    5.07529924,     10.81293859], [   60.07410075,  -31.232231  ,    6.2407949 ,   26.2468481 ,     38.03638264,  119.00759959,   29.51773185,   -2.93744141,      5.54738736,    9.72493234,    8.91186499,   -0.4537857 ,    -11.18130258], [   14.40712728,   79.21600543,   16.49874567,  -33.6635115 ,    -22.71059495,   29.51773185,  144.60216197,   42.33345333,      1.15477972,   11.56543178,   30.39357512,   11.13104435,      3.17133666], [  205.21006792,   31.42453529,   30.21166361,    3.32828877,    -12.51672758,   -2.93744141,   42.33345333,   95.57780743,     20.13806542,   11.75782726,   11.00951581,   13.39049797,     17.54727838], [   83.51961544,  -37.68245456,   -8.36493483,   32.41204006,     36.22328976,    5.54738736,    1.15477972,   20.13806542,     85.5820736 ,   37.47823218,    4.08834152,    2.35973778,      9.9196432 ], [  379.09279359,   -4.62308441,  -27.90961062,  -21.92480236,     -0.0198651 ,    9.72493234,   11.56543178,   11.75782726,     37.47823218,  119.95163068,   47.09605941,    2.07695652,     -6.71701965], [  143.15900576,   23.55412629,    3.33260369,  -19.82586142,    -13.29040405,    8.91186499,   30.39357512,   11.00951581,      4.08834152,   47.09605941,   74.14998028,   22.01935016,     -1.70465739], [  -20.17478521,    5.04384621,   36.20303986,    5.38261658,      5.07529924,   -0.4537857 ,   11.13104435,   13.39049797,      2.35973778,    2.07695652,   22.01935016,   60.7153573 ,     22.9221311 ], [   85.36805346,   20.07487728,   23.9165338 ,   32.59183019,     10.81293859,  -11.18130258,    3.17133666,   17.54727838,      9.9196432 ,   -6.71701965,   -1.70465739,   22.9221311 ,     70.40501496]]
/root/sim/music/out/斉藤和義/歌うたい15_SINGLES_BEST_1993～2007_[Disc_1]/07_ポストにマヨネーズ.mp3; [-516.6565    ,  91.96218   ,  -5.717045  ,  13.435146  ,  10.288386  ,    4.0981817 ,   1.207599  ,   0.00941841,  -1.5604559 ,   0.83033955,   -3.045397  ,  -1.2084188 ,  -4.4401903 ]; [[15068.79123497,  822.89694715, -170.54130618,  -19.98665956,    100.54729947,  111.1780811 ,  -19.13466212,   58.8749613 ,     71.06195452,   14.11691531,  -40.65374489,   18.67145508,    -65.52822654], [  822.89694715, 1097.54844453, -214.21738092,  178.17169154,     87.78290203,   81.53557983,   73.26733128,   56.83909273,     50.22267859,   33.57761155,   -1.97118955,  -13.08007936,    -38.30337259], [ -170.54130618, -214.21738092,  586.58775664, -133.49432767,     34.37890189,   52.52145566,   24.85966512,  -24.13107592,    -23.1045875 ,  -10.02461486,    0.22987371,  -21.09072436,     -9.15582326], [  -19.98665956,  178.17169154, -133.49432767,  513.50018176,    176.23008361,   74.3457581 ,   75.30697509,   60.12477091,     81.83174359,   17.85309967,  -10.12232118,   52.53804622,     29.97086217], [  100.54729947,   87.78290203,   34.37890189,  176.23008361,    276.46369164,   64.31786877,   66.29701641,   28.16563773,     59.13731337,    8.53427461,  -11.57629704,   21.65762963,      5.55423164], [  111.1780811 ,   81.53557983,   52.52145566,   74.3457581 ,     64.31786877,  151.69169056,   66.05927687,   26.40604411,     19.21999627,   19.89933077,   16.42693804,    6.70906239,     -4.33168588], [  -19.13466212,   73.26733128,   24.85966512,   75.30697509,     66.29701641,   66.05927687,  165.75934996,   42.92521795,     17.13807184,   13.69641568,   13.58404514,   11.97603934,     -7.28763418], [   58.8749613 ,   56.83909273,  -24.13107592,   60.12477091,     28.16563773,   26.40604411,   42.92521795,  103.55648882,     35.8792659 ,    4.79230892,    9.24943353,    3.58365651,     -2.96804838], [   71.06195452,   50.22267859,  -23.1045875 ,   81.83174359,     59.13731337,   19.21999627,   17.13807184,   35.8792659 ,    104.59433559,   29.4385943 ,  -10.71730064,    7.21439182,      2.59653577], [   14.11691531,   33.57761155,  -10.02461486,   17.85309967,      8.53427461,   19.89933077,   13.69641568,    4.79230892,     29.4385943 ,   81.13525766,   28.21955848,   -3.49838453,    -11.01904574], [  -40.65374489,   -1.97118955,    0.22987371,  -10.12232118,    -11.57629704,   16.42693804,   13.58404514,    9.24943353,    -10.71730064,   28.21955848,   80.98988444,   19.86582084,     -7.60345498], [   18.67145508,  -13.08007936,  -21.09072436,   52.53804622,     21.65762963,    6.70906239,   11.97603934,    3.58365651,      7.21439182,   -3.49838453,   19.86582084,   82.17120732,     31.37370916], [  -65.52822654,  -38.30337259,   -9.15582326,   29.97086217,      5.55423164,   -4.33168588,   -7.28763418,   -2.96804838,      2.59653577,  -11.01904574,   -7.60345498,   31.37370916,     75.39112614]]
/root/sim/music/out/斉藤和義/歌うたい15_SINGLES_BEST_1993～2007_[Disc_1]/11_砂漠に赤い花.mp3; [-495.70087  , 100.89715  ,  -2.5471125,  19.638844 ,   4.4818215,    4.156593 ,  -3.0270336,   3.025597 ,  -0.4260032,  -0.6126108,   -1.2764505,  -2.7206318,  -3.4683704]; [[13830.25058687, 1021.26449068,  -42.73348283,  167.23628076,      6.31375542,   39.48901259,  -59.73593775,   43.75671224,     13.82003598,   20.80917066,   -2.85837612,  -41.33550285,    -55.14597388], [ 1021.26449068,  704.88506812, -155.01582921,   18.35249181,    -13.34327093,    5.76929685,    9.0100504 ,   38.65297759,     -4.77349243,   20.39255089,   21.93223433,    9.9759129 ,     -8.51593979], [  -42.73348283, -155.01582921,  319.6860072 ,   26.92698628,     10.53640151,   30.10113278,   34.73550423,    4.18392094,      6.35507924,    3.24752466,    0.3562619 ,    9.71855149,     24.17402644], [  167.23628076,   18.35249181,   26.92698628,  196.54485927,     94.11625795,   12.36370319,   -5.071589  ,   17.31135858,     13.74282214,  -19.34464445,  -19.08983267,    0.11790817,     15.38291221], [    6.31375542,  -13.34327093,   10.53640151,   94.11625795,    160.89096196,   31.76120917,   10.09729624,   12.19821507,     19.76754447,    0.09657302,   -5.46050731,    0.37523126,      8.48307655], [   39.48901259,    5.76929685,   30.10113278,   12.36370319,     31.76120917,   98.79932485,   44.14227151,    6.14845255,     -3.09187485,   12.00078906,   16.28277529,    3.01505604,      0.1288238 ], [  -59.73593775,    9.0100504 ,   34.73550423,   -5.071589  ,     10.09729624,   44.14227151,  117.48339913,   44.3542555 ,      0.65186412,    3.14647639,   17.38699122,   12.49771542,      0.97344406], [   43.75671224,   38.65297759,    4.18392094,   17.31135858,     12.19821507,    6.14845255,   44.3542555 ,   84.49321927,     26.3587168 ,   -0.75700923,    2.99525327,    4.78759791,      4.01888533], [   13.82003598,   -4.77349243,    6.35507924,   13.74282214,     19.76754447,   -3.09187485,    0.65186412,   26.3587168 ,     70.4802509 ,   29.38670409,    4.84898483,    4.40864265,      4.35051616], [   20.80917066,   20.39255089,    3.24752466,  -19.34464445,      0.09657302,   12.00078906,    3.14647639,   -0.75700923,     29.38670409,   86.73396245,   38.73826647,    2.66682036,     -6.18794062], [   -2.85837612,   21.93223433,    0.3562619 ,  -19.08983267,     -5.46050731,   16.28277529,   17.38699122,    2.99525327,      4.84898483,   38.73826647,   80.15382679,   22.87864147,    -11.85964803], [  -41.33550285,    9.9759129 ,    9.71855149,    0.11790817,      0.37523126,    3.01505604,   12.49771542,    4.78759791,      4.40864265,    2.66682036,   22.87864147,   54.07164711,     17.72140092], [  -55.14597388,   -8.51593979,   24.17402644,   15.38291221,      8.48307655,    0.1288238 ,    0.97344406,    4.01888533,      4.35051616,   -6.18794062,  -11.85964803,   17.72140092,     60.6406269 ]]
/root/sim/music/out/斉藤和義/斉藤/06_今夜、リンゴの木の下で.mp3; [-559.38727  , 142.51875  ,   0.5900074,  17.104086 ,  10.020488 ,   13.527116 ,  -4.426162 ,   3.5012815,  -3.8887224,   1.8438052,   -2.5815113,  -3.0662866,  -1.3758459]; [[16979.47383307,-1878.69450207, -875.3520926 , -827.13019973,  -1144.7983789 , -398.30340498, -575.6060206 , -344.61394505,   -519.03289965,   46.93524228,  128.58594484, -255.23186955,   -239.51990031], [-1878.69450207, 1660.09637053, -365.78772836,   69.38568365,    275.77447671,   20.83101904,  -10.44877948,    4.33384684,     64.16861031,  -89.08649814, -112.34675755,   37.2304888 ,     66.87514154], [ -875.3520926 , -365.78772836,  807.44435235,  105.67186587,     54.35956579,   74.25853054,  105.15924358,   51.13547002,     37.28279919,   84.04276605,   33.31401055,   60.8713856 ,     34.93178488], [ -827.13019973,   69.38568365,  105.67186587,  263.20238608,    125.03638437,   15.9272311 ,   40.82608019,   31.74071611,     43.17141716,   -8.70286794,  -16.87075816,   26.73776503,     29.10815601], [-1144.7983789 ,  275.77447671,   54.35956579,  125.03638437,    281.9408927 ,   32.25234242,   21.65119515,   25.1475678 ,     71.94244489,  -32.04822013,  -50.80713132,   36.62803069,     41.44785436], [ -398.30340498,   20.83101904,   74.25853054,   15.9272311 ,     32.25234242,  133.75548268,   57.05260265,   21.84757323,     21.24924518,    3.26000412,   21.35657477,    9.10238902,      8.49851605], [ -575.6060206 ,  -10.44877948,  105.15924358,   40.82608019,     21.65119515,   57.05260265,  150.48995036,   44.50776953,     29.49928627,    6.23238704,   33.34278973,    5.11060567,     -2.3746975 ], [ -344.61394505,    4.33384684,   51.13547002,   31.74071611,     25.1475678 ,   21.84757323,   44.50776953,   87.3667723 ,     31.22185782,   10.43659709,   11.22539448,    1.9393273 ,      3.61483409], [ -519.03289965,   64.16861031,   37.28279919,   43.17141716,     71.94244489,   21.24924518,   29.49928627,   31.22185782,    101.75695259,   13.94980132,   -3.89569199,   -0.62347633,      9.38870689], [   46.93524228,  -89.08649814,   84.04276605,   -8.70286794,    -32.04822013,    3.26000412,    6.23238704,   10.43659709,     13.94980132,  104.14918967,   39.2092034 ,   -4.79244239,    -15.18077533], [  128.58594484, -112.34675755,   33.31401055,  -16.87075816,    -50.80713132,   21.35657477,   33.34278973,   11.22539448,     -3.89569199,   39.2092034 ,   93.23612342,    4.83458107,    -19.58624901], [ -255.23186955,   37.2304888 ,   60.8713856 ,   26.73776503,     36.62803069,    9.10238902,    5.11060567,    1.9393273 ,     -0.62347633,   -4.79244239,    4.83458107,   89.20786587,     32.06756905], [ -239.51990031,   66.87514154,   34.93178488,   29.10815601,     41.44785436,    8.49851605,   -2.3746975 ,    3.61483409,      9.38870689,  -15.18077533,  -19.58624901,   32.06756905,     79.50499979]]
/root/sim/music/out/斉藤和義/斉藤/08_パズル.mp3; [-584.0702   , 167.54213  ,   9.226289 ,  14.642918 ,   3.8374612,    1.034783 ,  -4.915232 ,  12.700488 ,   0.7231712,   6.372611 ,   -3.931702 ,  -1.5644518,  -2.8594706]; [[14793.23016827, -306.97559922,-1323.02561138, -509.16637298,   -195.13346768,   64.28467307, -134.19534726,  226.63708647,     80.21108703,  267.0174672 ,  144.39877662,   36.82501459,     69.39935951], [ -306.97559922, 1409.51184064,   41.28143239,    3.59075286,    -40.6077318 ,  -67.20669878,   59.07670878,   24.62650605,     16.63471591,    0.32386743,  -19.77068598,    6.6409485 ,    -17.48633606], [-1323.02561138,   41.28143239,  697.40879294,   32.09826492,    -29.3043466 ,   10.791928  ,  -40.55325588,   -2.99864067,    -67.08510626,  -11.25268808,   -9.74300223,   18.6873787 ,     -1.59083427], [ -509.16637298,    3.59075286,   32.09826492,  328.2888814 ,    116.5925868 ,   20.30678591,   15.68262927,  -25.18996842,     32.84416858,  -44.50544646,  -29.07680791,    7.84649748,     38.45396459], [ -195.13346768,  -40.6077318 ,  -29.3043466 ,  116.5925868 ,    224.45102022,   31.40855578,   10.85202539,  -22.42115062,     22.40864034,   -7.00617914,  -11.5514692 ,   24.1003906 ,     27.04532019], [   64.28467307,  -67.20669878,   10.791928  ,   20.30678591,     31.40855578,  150.75668387,   49.17888915,    3.44618511,      2.50581178,    9.00050974,   35.86531229,   22.34758182,      1.5850856 ], [ -134.19534726,   59.07670878,  -40.55325588,   15.68262927,     10.85202539,   49.17888915,  161.92183264,   23.87349527,     50.57033963,   -3.8860929 ,   19.11353233,   15.27767725,     -2.06663147], [  226.63708647,   24.62650605,   -2.99864067,  -25.18996842,    -22.42115062,    3.44618511,   23.87349527,  101.98083378,     25.93106652,   15.46083185,   -6.1584639 ,    0.40351285,      4.31648611], [   80.21108703,   16.63471591,  -67.08510626,   32.84416858,     22.40864034,    2.50581178,   50.57033963,   25.93106652,    139.68507362,   17.23181866,   -3.60013559,   -9.40790155,    -12.45138832], [  267.0174672 ,    0.32386743,  -11.25268808,  -44.50544646,     -7.00617914,    9.00050974,   -3.8860929 ,   15.46083185,     17.23181866,  102.98295144,   32.33968744,   -0.07757981,    -22.52325025], [  144.39877662,  -19.77068598,   -9.74300223,  -29.07680791,    -11.5514692 ,   35.86531229,   19.11353233,   -6.1584639 ,     -3.60013559,   32.33968744,   91.79926867,   22.84617829,     -8.62590368], [   36.82501459,    6.6409485 ,   18.6873787 ,    7.84649748,     24.1003906 ,   22.34758182,   15.27767725,    0.40351285,     -9.40790155,   -0.07757981,   22.84617829,   75.5034984 ,     29.88514285], [   69.39935951,  -17.48633606,   -1.59083427,   38.45396459,     27.04532019,    1.5850856 ,   -2.06663147,    4.31648611,    -12.45138832,  -22.52325025,   -8.62590368,   29.88514285,     92.51559214]]
/root/sim/music/out/斉藤和義/斉藤/02_Hello!_Everybody!.mp3; [-497.52927   , 114.45333   ,   3.8581507 ,  16.493221  ,   6.030831  ,    0.13550626,  -1.7132831 ,   5.8876767 ,  -1.0241916 ,   2.6396623 ,   -1.2141099 ,   1.1530973 ,  -1.3065662 ]; [[8521.97749281, 488.74648738,-146.85095142, -60.23492179,  51.09175792,   -43.96417822, -84.1495903 ,  23.0251267 , -70.5890943 ,   3.49102944,   -74.50307952, -25.06433221, -53.24433678], [ 488.74648738, 342.67188715, -71.99669211,   1.86909639,   1.0886349 ,   -23.92474571, -13.74787932, -12.16815979,  -8.34039511, -13.80125864,   -10.89323689,  -6.94291968,  -8.00379971], [-146.85095142, -71.99669211, 265.14530425,  23.73579277,  -0.27761405,    16.27788581,  16.91726347,   4.19233968,  28.4592419 ,  -3.4704032 ,    11.34581106,   8.34384394,  27.56648006], [ -60.23492179,   1.86909639,  23.73579277, 142.6460086 ,  29.17437223,    -3.50860075, -15.1032888 ,  -6.42787299,  14.2361805 ,  -5.91140836,    -7.73358749,  -5.15632155,  16.13235866], [  51.09175792,   1.0886349 ,  -0.27761405,  29.17437223, 104.25997373,    16.88178718,  -1.33920682,  -2.18420058,  10.31848995,  -4.52300988,    -9.78015335,  -0.72045876,   2.30765155], [ -43.96417822, -23.92474571,  16.27788581,  -3.50860075,  16.88178718,    75.3314015 ,  36.02500203,   7.99422767,  -3.21788637,  -2.06302867,     1.98485078,   3.09170856,  -1.36679337], [ -84.1495903 , -13.74787932,  16.91726347, -15.1032888 ,  -1.33920682,    36.02500203,  87.07173724,  27.45981955,   4.3031295 ,  -4.87317777,    10.40645967,   6.75309815,   2.46282578], [  23.0251267 , -12.16815979,   4.19233968,  -6.42787299,  -2.18420058,     7.99422767,  27.45981955,  57.44128931,  15.18749525,   5.42283067,     1.82761343,   6.47179435,   2.09514485], [ -70.5890943 ,  -8.34039511,  28.4592419 ,  14.2361805 ,  10.31848995,    -3.21788637,   4.3031295 ,  15.18749525,  62.20465445,  20.57766589,     8.11970412,  -4.59298646,   8.98735288], [   3.49102944, -13.80125864,  -3.4704032 ,  -5.91140836,  -4.52300988,    -2.06302867,  -4.87317777,   5.42283067,  20.57766589,  64.80394053,    22.60390548,   1.70997866,  -8.8956677 ], [ -74.50307952, -10.89323689,  11.34581106,  -7.73358749,  -9.78015335,     1.98485078,  10.40645967,   1.82761343,   8.11970412,  22.60390548,    54.63342444,  17.11310284,   0.4804937 ], [ -25.06433221,  -6.94291968,   8.34384394,  -5.15632155,  -0.72045876,     3.09170856,   6.75309815,   6.47179435,  -4.59298646,   1.70997866,    17.11310284,  45.04635558,  16.63021549], [ -53.24433678,  -8.00379971,  27.56648006,  16.13235866,   2.30765155,    -1.36679337,   2.46282578,   2.09514485,   8.98735288,  -8.8956677 ,     0.4804937 ,  16.63021549,  54.60428663]]
/root/sim/music/out/斉藤和義/斉藤/07_ひまわりの夢.mp3; [-550.3088    , 108.678665  ,  15.935421  ,  12.429012  ,   6.906224  ,   17.613161  ,  10.200315  ,   9.872859  ,  -0.28203008,  -0.08388582,   -3.433422  ,   1.5282418 ,   2.8067472 ]; [[19758.56885991,  264.12797337, -674.06837088, -274.96193174,    -25.08417075,  426.78136264,  261.72492778,  -18.62077942,   -327.08854724,  -41.87161768, -186.78647691, -147.88629886,   -209.11383193], [  264.12797337,  765.37604774,  -36.43724739,  -36.71979787,    -36.47226865,  -35.31326496,   11.72367156,   31.7471615 ,     10.5053788 ,   -8.80204165,   14.58955619,   14.6346464 ,     35.37694978], [ -674.06837088,  -36.43724739,  325.11833647,   79.08245095,     15.60104985,   -3.10943115,  -54.72231225,   13.49942397,     47.94188603,   -9.27700567,    2.96398312,   37.53507719,     28.80124201], [ -274.96193174,  -36.71979787,   79.08245095,  234.68500356,     37.31916908,  -28.17978442,  -46.07672167,    8.06602827,     39.98157042,   11.31620972,  -16.58050022,    3.49393381,     11.50492047], [  -25.08417075,  -36.47226865,   15.60104985,   37.31916908,    111.81386072,   24.43047162,   -3.06934063,  -15.24011522,      7.04929818,   -3.4554134 ,   -1.17011357,    2.64768001,     -6.34701424], [  426.78136264,  -35.31326496,   -3.10943115,  -28.17978442,     24.43047162,  156.6539603 ,   67.18961168,   13.11104047,     -0.99452198,  -17.15694663,    6.71570703,   -5.61279024,    -28.25852109], [  261.72492778,   11.72367156,  -54.72231225,  -46.07672167,     -3.06934063,   67.18961168,  136.47511938,   42.87142856,    -22.77236552,  -20.27793836,    3.89209245,   -4.26174068,    -10.22097664], [  -18.62077942,   31.7471615 ,   13.49942397,    8.06602827,    -15.24011522,   13.11104047,   42.87142856,   85.06145951,     30.29974996,   -7.15729333,  -12.51174555,   -1.91318412,      7.39514348], [ -327.08854724,   10.5053788 ,   47.94188603,   39.98157042,      7.04929818,   -0.99452198,  -22.77236552,   30.29974996,     96.46219289,   26.42163647,   -6.64218707,    0.7099705 ,      1.31419198], [  -41.87161768,   -8.80204165,   -9.27700567,   11.31620972,     -3.4554134 ,  -17.15694663,  -20.27793836,   -7.15729333,     26.42163647,   84.34447521,   21.25612195,  -15.32298173,    -17.01026246], [ -186.78647691,   14.58955619,    2.96398312,  -16.58050022,     -1.17011357,    6.71570703,    3.89209245,  -12.51174555,     -6.64218707,   21.25612195,   65.81234491,   18.76173011,    -10.41104201], [ -147.88629886,   14.6346464 ,   37.53507719,    3.49393381,      2.64768001,   -5.61279024,   -4.26174068,   -1.91318412,      0.7099705 ,  -15.32298173,   18.76173011,   68.7667751 ,     32.82013239], [ -209.11383193,   35.37694978,   28.80124201,   11.50492047,     -6.34701424,  -28.25852109,  -10.22097664,    7.39514348,      1.31419198,  -17.01026246,  -10.41104201,   32.82013239,     81.19869593]]
/root/sim/music/out/斉藤和義/斉藤/09_かげろう.mp3; [-557.4241    , 153.5701    ,  -2.2918894 ,  10.414691  ,   1.8496544 ,    2.0829747 , -11.871121  ,   4.294043  ,  -3.4520001 ,   3.2497633 ,   -4.8337464 ,  -0.84919685,  -2.0582023 ]; [[10260.31468565,  163.48914104,  169.53975797, -178.33870407,    -99.46870655,  114.17436125, -132.58834734,  102.88320775,    -13.9822659 ,  190.80640485,    6.29676563,   39.86514056,     -9.28150377], [  163.48914104, 1215.37109175, -462.88161977,  118.39877426,     53.21566178,   24.45733195,   63.7711284 ,    3.57545839,     39.84751179,   -6.47990545,   13.2832965 ,   -8.24882221,     43.15313452], [  169.53975797, -462.88161977,  757.95125399,  -78.24243663,     -5.22736406,   18.01320574,  -74.47719555,   60.5260101 ,    -77.61147572,   20.72827635,   -8.34958507,   37.86311428,     -7.84992718], [ -178.33870407,  118.39877426,  -78.24243663,  180.13844699,     37.17114774,   -5.57691076,   18.72132374,   -1.89169346,     33.72503405,  -21.74323886,    2.78636379,   -2.64217979,     15.03004963], [  -99.46870655,   53.21566178,   -5.22736406,   37.17114774,    143.60583927,   29.69330645,   10.40930656,    3.83120683,     23.76427617,   13.14685525,   -2.72950171,    4.08621555,      6.19591156], [  114.17436125,   24.45733195,   18.01320574,   -5.57691076,     29.69330645,  125.80942388,   28.09645334,    5.6252815 ,     -1.52730617,   33.50133269,   21.2339189 ,    5.57437393,      7.65118617], [ -132.58834734,   63.7711284 ,  -74.47719555,   18.72132374,     10.40930656,   28.09645334,  135.63224455,    5.44068844,     28.38613937,  -10.8719827 ,   28.28470329,    3.41585835,      8.02165302], [  102.88320775,    3.57545839,   60.5260101 ,   -1.89169346,      3.83120683,    5.6252815 ,    5.44068844,  104.70208963,      0.87234695,   10.10536416,   -6.34125176,   12.02545452,      6.47300403], [  -13.9822659 ,   39.84751179,  -77.61147572,   33.72503405,     23.76427617,   -1.52730617,   28.38613937,    0.87234695,    109.06846027,   12.99032762,    8.14191424,  -12.53288396,      2.41759865], [  190.80640485,   -6.47990545,   20.72827635,  -21.74323886,     13.14685525,   33.50133269,  -10.8719827 ,   10.10536416,     12.99032762,  114.753995  ,   30.58872094,    9.51833126,     -6.01455839], [    6.29676563,   13.2832965 ,   -8.34958507,    2.78636379,     -2.72950171,   21.2339189 ,   28.28470329,   -6.34125176,      8.14191424,   30.58872094,   79.26247897,   18.96313613,      1.19240722], [   39.86514056,   -8.24882221,   37.86311428,   -2.64217979,      4.08621555,    5.57437393,    3.41585835,   12.02545452,    -12.53288396,    9.51833126,   18.96313613,   64.42005884,     17.31027793], [   -9.28150377,   43.15313452,   -7.84992718,   15.03004963,      6.19591156,    7.65118617,    8.02165302,    6.47300403,      2.41759865,   -6.01455839,    1.19240722,   17.31027793,     71.51683305]]
/root/sim/music/out/斉藤和義/斉藤/05_罪滅星.mp3; [-608.36115  , 147.03874  ,  16.068354 ,  32.06838  ,  13.268486 ,    4.4654026,  -2.7492766,   6.9314733,  -1.8006507,   6.103237 ,    0.3879209,  -3.2120435,  -2.7448146]; [[20760.07566846, -842.53647249, -907.73599217, -309.09215965,   -944.6799895 ,   95.91197129, -335.5538165 ,   -6.41388587,   -211.64030382,  176.96198504,  -55.50754497, -139.30986723,   -150.1583499 ], [ -842.53647249, 2545.35031444,  -22.35348632,   40.78811845,    379.30903697,  -91.33482366,   65.10304787,  140.13664984,     41.09579731,   30.68795414,   -0.82071963,  -32.03062593,      4.13397005], [ -907.73599217,  -22.35348632,  731.86436561,  148.38196386,    111.65409947,   83.31468081,   26.15436925,  -59.84084172,      9.47407515,  -49.54761848,  -34.20579507,   23.23816117,     14.1679427 ], [ -309.09215965,   40.78811845,  148.38196386,  346.68384255,    141.16122066,   45.29463592,   23.9111949 ,   -0.76393492,     19.45122011,  -36.61582146,  -17.05467492,   -9.96577162,      5.63523168], [ -944.6799895 ,  379.30903697,  111.65409947,  141.16122066,    292.20265578,   11.87759981,   28.64698205,   23.79518897,     28.19620269,  -26.62095992,  -22.40807319,  -11.70531869,      2.68588022], [   95.91197129,  -91.33482366,   83.31468081,   45.29463592,     11.87759981,  145.78706342,   63.66583315,  -20.40609003,      1.48903504,   -2.27505889,    6.38406511,   -6.26133122,    -10.28297905], [ -335.5538165 ,   65.10304787,   26.15436925,   23.9111949 ,     28.64698205,   63.66583315,  144.44776721,   21.10743393,      8.51581241,   -5.64748119,   30.62342456,   -0.85121457,     -8.06740093], [   -6.41388587,  140.13664984,  -59.84084172,   -0.76393492,     23.79518897,  -20.40609003,   21.10743393,  109.95527787,     26.3480647 ,    4.93960805,   -6.88757649,    7.55794797,     -3.82784993], [ -211.64030382,   41.09579731,    9.47407515,   19.45122011,     28.19620269,    1.48903504,    8.51581241,   26.3480647 ,     89.48887222,   17.34093745,   -1.47190047,   -5.62196746,     -0.3796061 ], [  176.96198504,   30.68795414,  -49.54761848,  -36.61582146,    -26.62095992,   -2.27505889,   -5.64748119,    4.93960805,     17.34093745,   89.39266062,   32.26008237,    0.08398716,     -9.86382751], [  -55.50754497,   -0.82071963,  -34.20579507,  -17.05467492,    -22.40807319,    6.38406511,   30.62342456,   -6.88757649,     -1.47190047,   32.26008237,   91.10387506,   32.13730309,     -4.99784222], [ -139.30986723,  -32.03062593,   23.23816117,   -9.96577162,    -11.70531869,   -6.26133122,   -0.85121457,    7.55794797,     -5.62196746,    0.08398716,   32.13730309,   75.50062363,     23.38985032], [ -150.1583499 ,    4.13397005,   14.1679427 ,    5.63523168,      2.68588022,  -10.28297905,   -8.06740093,   -3.82784993,     -0.3796061 ,   -9.86382751,   -4.99784222,   23.38985032,     62.44949895]]
