/root/sim/music/out/Oasis/oasis-definitely_maybe_remastered_deluxe_edition/1-07_Bring_It_On_Down_(Remastered).mp3; [-468.57767   , 110.48598   , -34.455082  ,  49.275345  ,   6.9064813 ,   12.966595  ,   1.4239484 ,   4.5009227 ,   4.840921  ,  -0.73540455,   -8.82668   ,   2.193384  ,  -0.61030495]; [[ 7793.5647175 ,-1220.97920195, -329.18575255,  -13.73190917,     15.2555219 ,  179.49091113,   -5.81348312,   -0.56767537,    -85.25156232,   75.39924545,   98.34498871,   55.87452099,     38.96982586], [-1220.97920195, 1116.11894537, -215.62944732,  212.03149556,    -30.97840283,  -70.78624162,   37.0834941 ,  -23.0528495 ,     80.73999229,  -20.15744027,  -65.17076548,    9.83550359,    -26.76509876], [ -329.18575255, -215.62944732,  390.6602469 ,  -79.48254706,    -19.7248495 ,   28.2520392 ,  -69.57154957,   28.90909811,    -39.81068268,  -12.28225817,   22.31186027,  -28.15574027,     -7.23723935], [  -13.73190917,  212.03149556,  -79.48254706,  163.67233683,     -1.73781482,    9.24058737,   -2.30739269,   -0.8670162 ,     11.61327685,   -6.91386768,   -2.2472474 ,   14.35847448,    -11.11988841], [   15.2555219 ,  -30.97840283,  -19.7248495 ,   -1.73781482,     76.85620241,    5.28371496,   20.24811818,   -9.11913628,      2.97770584,   10.6945894 ,    4.8909326 ,   10.14434464,     11.47508605], [  179.49091113,  -70.78624162,   28.2520392 ,    9.24058737,      5.28371496,   76.0693069 ,    6.11502263,   17.67117974,    -17.09431245,   -1.48205714,    6.07187498,   -0.99966317,      1.34937676], [   -5.81348312,   37.0834941 ,  -69.57154957,   -2.30739269,     20.24811818,    6.11502263,   76.78893491,   11.15450834,     19.1292104 ,    2.61214099,   -5.95975298,    7.93681186,      6.65143239], [   -0.56767537,  -23.0528495 ,   28.90909811,   -0.8670162 ,     -9.11913628,   17.67117974,   11.15450834,   52.37152355,     10.54391709,    0.19908995,   -1.59253202,   -2.39833201,      0.87717037], [  -85.25156232,   80.73999229,  -39.81068268,   11.61327685,      2.97770584,  -17.09431245,   19.1292104 ,   10.54391709,     59.77996373,   15.41590197,   -8.40200252,    2.90511153,     -0.72208563], [   75.39924545,  -20.15744027,  -12.28225817,   -6.91386768,     10.6945894 ,   -1.48205714,    2.61214099,    0.19908995,     15.41590197,   45.34632121,   18.26718706,    7.66109064,      7.03576112], [   98.34498871,  -65.17076548,   22.31186027,   -2.2472474 ,      4.8909326 ,    6.07187498,   -5.95975298,   -1.59253202,     -8.40200252,   18.26718706,   51.99312699,   19.45861558,      4.21279929], [   55.87452099,    9.83550359,  -28.15574027,   14.35847448,     10.14434464,   -0.99966317,    7.93681186,   -2.39833201,      2.90511153,    7.66109064,   19.45861558,   41.58575835,     15.77674769], [   38.96982586,  -26.76509876,   -7.23723935,  -11.11988841,     11.47508605,    1.34937676,    6.65143239,    0.87717037,     -0.72208563,    7.03576112,    4.21279929,   15.77674769,     40.16537388]]
/root/sim/music/out/Oasis/oasis-definitely_maybe_remastered_deluxe_edition/1-10_Slide_Away_(Remastered).mp3; [-480.175     , 101.43492   , -27.002932  ,  35.98786   ,   3.1004276 ,    3.7425785 ,  -0.20547764,   7.9066834 ,  10.150426  ,  10.185693  ,   -1.0080929 ,   3.1358342 ,   1.7608204 ]; [[18090.15007813,  853.31948596,  -40.36803857, -201.04918646,    -82.6817187 ,   44.19994877,  -70.11186521,   14.07405448,     -9.99643022,   21.2329634 ,  -58.40847072,   -8.36007274,     -9.10762584], [  853.31948596,  554.07524748, -203.31240477,   85.65602232,    -47.83564186,  -26.90645929,   24.74556906,  -37.92689272,     16.92988156,   -9.65475399,    7.87334039,    6.18866718,    -11.09048156], [  -40.36803857, -203.31240477,  259.74035366,  -64.39937175,     77.04627013,   12.18445534,  -12.35213333,   11.52676588,    -11.47331278,    2.55622183,   -4.5291452 ,  -12.1216934 ,      8.00060322], [ -201.04918646,   85.65602232,  -64.39937175,  159.41906138,     -8.46934182,   -5.80381547,  -14.93974422,  -20.15523292,      0.68135034,  -11.3136572 ,   14.84923341,    6.08241163,     -5.32227015], [  -82.6817187 ,  -47.83564186,   77.04627013,   -8.46934182,    114.11998765,   33.3636988 ,   27.38998273,   -1.06570486,      9.1968913 ,    1.4122069 ,    3.5423274 ,    9.01528054,     10.27732308], [   44.19994877,  -26.90645929,   12.18445534,   -5.80381547,     33.3636988 ,   92.66663507,   41.64732568,   14.40676976,      3.44249892,   -5.26500798,    0.24764935,    3.67484042,     10.74198807], [  -70.11186521,   24.74556906,  -12.35213333,  -14.93974422,     27.38998273,   41.64732568,   86.29885096,   19.29626674,     14.7888917 ,   -4.48285625,    2.20260522,    7.53619213,      5.41758017], [   14.07405448,  -37.92689272,   11.52676588,  -20.15523292,     -1.06570486,   14.40676976,   19.29626674,   64.48068642,     23.97687268,   17.11551219,   -8.033382  ,    2.57894304,      5.25892206], [   -9.99643022,   16.92988156,  -11.47331278,    0.68135034,      9.1968913 ,    3.44249892,   14.7888917 ,   23.97687268,     64.5261098 ,   28.2775558 ,    1.68255189,   -2.3807862 ,      1.1275606 ], [   21.2329634 ,   -9.65475399,    2.55622183,  -11.3136572 ,      1.4122069 ,   -5.26500798,   -4.48285625,   17.11551219,     28.2775558 ,   61.02817703,   13.65101073,    5.59993389,      0.62408261], [  -58.40847072,    7.87334039,   -4.5291452 ,   14.84923341,      3.5423274 ,    0.24764935,    2.20260522,   -8.033382  ,      1.68255189,   13.65101073,   43.29237707,   22.2557985 ,      4.64213575], [   -8.36007274,    6.18866718,  -12.1216934 ,    6.08241163,      9.01528054,    3.67484042,    7.53619213,    2.57894304,     -2.3807862 ,    5.59993389,   22.2557985 ,   52.52879676,     24.01647456], [   -9.10762584,  -11.09048156,    8.00060322,   -5.32227015,     10.27732308,   10.74198807,    5.41758017,    5.25892206,      1.1275606 ,    0.62408261,    4.64213575,   24.01647456,     44.04067666]]
/root/sim/music/out/Oasis/oasis-definitely_maybe_remastered_deluxe_edition/3-35_Cigarettes_&_Alcohol_(Live_At_Manchester_Academy).mp3; [-450.62842   , 101.91978   , -46.69112   ,  34.708385  ,   4.1933703 ,    0.8766492 ,  -0.46502462,   5.69872   ,   0.8000563 ,  -0.9770715 ,   -2.3669515 ,   0.13541941,  -4.5896273 ]; [[8712.33408777, 650.77702565,-106.26768014, 137.38620298,  92.33606525,    57.62712586,  45.26165706,  41.64909713, -14.61129047, -24.34820091,    -6.15483608,  25.45012179,  -1.21955103], [ 650.77702565, 468.08047742,-198.22914033, 138.95075754, -43.85404323,   -13.74770476,  -5.46474779,  25.47853058,   8.45175492,   9.74596365,     5.6761324 ,   1.37522716,  -4.49706765], [-106.26768014,-198.22914033, 339.81718302, -99.41232898,  56.86094839,    -8.77531163, -10.97415202, -14.3200033 ,  -5.39593144,  -2.51538765,    -4.22897062,   3.43164951,  -5.7698247 ], [ 137.38620298, 138.95075754, -99.41232898, 225.85499241,  49.99591348,    39.04074631,  -1.39016502,  10.7403816 ,  14.26751884,   4.03434373,    13.80839895,   6.82018473,  23.85904888], [  92.33606525, -43.85404323,  56.86094839,  49.99591348,  93.38691249,    39.24967732,  28.49664496,   0.46431691,   9.01296895,   2.44639079,    10.10646882,   5.21781164,  15.9400302 ], [  57.62712586, -13.74770476,  -8.77531163,  39.04074631,  39.24967732,    86.18333061,  51.42677325,  26.98548484,  10.50801895,   8.48407423,    12.09873795,   6.97607711,  16.04875489], [  45.26165706,  -5.46474779, -10.97415202,  -1.39016502,  28.49664496,    51.42677325,  84.67262218,  38.32500862,  18.93048278,   6.14847333,    11.44812872,   7.48426063,  15.397607  ], [  41.64909713,  25.47853058, -14.3200033 ,  10.7403816 ,   0.46431691,    26.98548484,  38.32500862,  58.12394417,  31.23755351,  19.16463153,     7.6430283 ,   8.99584369,   6.40318924], [ -14.61129047,   8.45175492,  -5.39593144,  14.26751884,   9.01296895,    10.50801895,  18.93048278,  31.23755351,  55.99054328,  32.90389041,    16.77335679,   0.15832602,   7.24095132], [ -24.34820091,   9.74596365,  -2.51538765,   4.03434373,   2.44639079,     8.48407423,   6.14847333,  19.16463153,  32.90389041,  53.59427394,    27.65673796,   8.75895301,   3.02799737], [  -6.15483608,   5.6761324 ,  -4.22897062,  13.80839895,  10.10646882,    12.09873795,  11.44812872,   7.6430283 ,  16.77335679,  27.65673796,    44.78643442,  20.58984337,  13.41663589], [  25.45012179,   1.37522716,   3.43164951,   6.82018473,   5.21781164,     6.97607711,   7.48426063,   8.99584369,   0.15832602,   8.75895301,    20.58984337,  45.59617295,  18.49908909], [  -1.21955103,  -4.49706765,  -5.7698247 ,  23.85904888,  15.9400302 ,    16.04875489,  15.397607  ,   6.40318924,   7.24095132,   3.02799737,    13.41663589,  18.49908909,  44.72868987]]
/root/sim/music/out/Oasis/oasis-definitely_maybe_remastered_deluxe_edition/2-26_(Its_Good)_To_Be_Free_(Remastered).mp3; [-481.29108   ,  85.65254   , -29.084482  ,  23.75403   ,  -1.7640725 ,    3.9695785 ,   2.5368345 ,   7.481742  ,   0.26176107,   6.7421317 ,    0.5734662 ,   3.8006144 ,  -4.731769  ]; [[20127.86185662, 1433.42319639,  513.70377103,  864.07862316,    942.65572262,  104.79058875,  705.42327063,  448.19153611,   -113.418575  , -323.22375698, -229.41423705,  -27.3980223 ,     -1.30798148], [ 1433.42319639,  675.39306002, -135.04021107,  184.59388135,     35.78314885,   -2.5862946 ,   82.21292307,   34.33575586,    -12.3562375 ,  -15.80238828,  -26.25047008,   31.07726267,     -4.34685045], [  513.70377103, -135.04021107,  573.55034392,   23.80583485,    288.48157045,   12.46933057,   47.51588799,   87.0393101 ,    -30.41139097,  -54.2737853 ,    7.35420146,  -19.82479899,     37.33345284], [  864.07862316,  184.59388135,   23.80583485,  223.79130944,    130.07153663,   21.87567546,   59.78118861,   19.90983456,      1.11465888,  -22.43592652,  -19.76146609,   14.23526754,     -7.15069161], [  942.65572262,   35.78314885,  288.48157045,  130.07153663,    323.20236193,   58.11807803,  119.39026034,   51.46562788,    -20.74734301,  -60.00825693,   -9.85881728,  -14.68174682,     -3.79203916], [  104.79058875,   -2.5862946 ,   12.46933057,   21.87567546,     58.11807803,   95.39788964,   47.61322902,    2.38759332,    -19.46315066,  -12.60068154,   -0.1516387 ,    0.24389903,    -18.5635117 ], [  705.42327063,   82.21292307,   47.51588799,   59.78118861,    119.39026034,   47.61322902,  176.27024084,   42.80663422,     -1.17365856,  -62.6734331 ,  -30.13657674,  -17.97502643,     -4.92991065], [  448.19153611,   34.33575586,   87.0393101 ,   19.90983456,     51.46562788,    2.38759332,   42.80663422,  101.94808566,      8.50127955,  -14.21807511,  -21.95695121,   -1.91636665,     21.05339286], [ -113.418575  ,  -12.3562375 ,  -30.41139097,    1.11465888,    -20.74734301,  -19.46315066,   -1.17365856,    8.50127955,     88.82521153,   36.20928219,    1.6304177 ,  -19.97397415,    -11.73143154], [ -323.22375698,  -15.80238828,  -54.2737853 ,  -22.43592652,    -60.00825693,  -12.60068154,  -62.6734331 ,  -14.21807511,     36.20928219,   96.32020997,   34.58989903,    5.59730851,    -15.77363936], [ -229.41423705,  -26.25047008,    7.35420146,  -19.76146609,     -9.85881728,   -0.1516387 ,  -30.13657674,  -21.95695121,      1.6304177 ,   34.58989903,   76.39484875,   19.52105679,      0.64369527], [  -27.3980223 ,   31.07726267,  -19.82479899,   14.23526754,    -14.68174682,    0.24389903,  -17.97502643,   -1.91636665,    -19.97397415,    5.59730851,   19.52105679,   71.51581705,     26.38962017], [   -1.30798148,   -4.34685045,   37.33345284,   -7.15069161,     -3.79203916,  -18.5635117 ,   -4.92991065,   21.05339286,    -11.73143154,  -15.77363936,    0.64369527,   26.38962017,     70.60639433]]
/root/sim/music/out/Oasis/oasis-definitely_maybe_remastered_deluxe_edition/3-32_Cloudburst_(Demo).mp3; [-481.85275  ,  81.44975  , -26.925095 ,  41.341515 ,   6.252933 ,   18.950022 ,  -7.5374503,   5.6270905,  -6.749915 ,  -7.1843996,   -2.7991273,  -1.3603073,  -5.1656337]; [[10453.88013767,  640.97289474, -130.89797186,  -53.08769438,    -66.95483537,   26.73687645,  -72.3846401 ,   58.74610291,     12.69625291,  134.4935894 ,   -6.70004755,  -21.97064528,    -81.9102815 ], [  640.97289474,  501.3331741 , -171.61359885,  -29.64517151,   -106.5850397 ,  -17.01922824,  -33.58146158,   16.70016966,     23.00872238,    0.92536605,    4.83764183,   -8.77439666,    -10.86508353], [ -130.89797186, -171.61359885,  369.78304614,   58.76178003,    127.19191475,   19.01531813,   73.34127168,   26.63774148,      8.77342729,   46.67249159,   14.06951149,   13.76820723,     28.35671885], [  -53.08769438,  -29.64517151,   58.76178003,  204.33954371,     88.06943288,   89.62825381,    4.89684706,    1.06140812,    -28.08084346,  -29.56621085,    4.02644303,   16.45630838,     20.37076344], [  -66.95483537, -106.5850397 ,  127.19191475,   88.06943288,    190.9269943 ,   68.39368166,   62.12439203,    0.44188448,     -9.66703344,   -8.5594339 ,   -0.22862605,   19.04425204,     23.4844453 ], [   26.73687645,  -17.01922824,   19.01531813,   89.62825381,     68.39368166,  121.98722551,   52.63901535,   24.91513511,    -19.4667066 ,  -25.02226294,   -4.71890096,    9.09787876,     10.26024822], [  -72.3846401 ,  -33.58146158,   73.34127168,    4.89684706,     62.12439203,   52.63901535,  104.65439594,   46.71721019,     14.60584539,    7.79827889,   -0.26794551,    7.34223929,     13.40962219], [   58.74610291,   16.70016966,   26.63774148,    1.06140812,      0.44188448,   24.91513511,   46.71721019,   69.51299765,     30.98349232,   21.93266772,    1.20335692,    0.02342294,      4.22513071], [   12.69625291,   23.00872238,    8.77342729,  -28.08084346,     -9.66703344,  -19.4667066 ,   14.60584539,   30.98349232,     77.62673857,   51.18850805,   19.04092292,   -8.35169244,     -6.36496471], [  134.4935894 ,    0.92536605,   46.67249159,  -29.56621085,     -8.5594339 ,  -25.02226294,    7.79827889,   21.93266772,     51.18850805,   99.30621706,   29.55341161,   -2.61491517,     -9.54061549], [   -6.70004755,    4.83764183,   14.06951149,    4.02644303,     -0.22862605,   -4.71890096,   -0.26794551,    1.20335692,     19.04092292,   29.55341161,   48.91814952,   16.898181  ,      1.04753571], [  -21.97064528,   -8.77439666,   13.76820723,   16.45630838,     19.04425204,    9.09787876,    7.34223929,    0.02342294,     -8.35169244,   -2.61491517,   16.898181  ,   41.62203   ,     18.06045034], [  -81.9102815 ,  -10.86508353,   28.35671885,   20.37076344,     23.4844453 ,   10.26024822,   13.40962219,    4.22513071,     -6.36496471,   -9.54061549,    1.04753571,   18.06045034,     43.11220324]]
/root/sim/music/out/Oasis/oasis-definitely_maybe_remastered_deluxe_edition/1-03_Live_Forever_(Remastered).mp3; [-475.39804  , 100.68817  , -21.79305  ,  32.13154  ,  13.096315 ,   13.008705 ,  -0.8957977,  10.996147 ,   5.6881795,   8.367084 ,    1.5448781,   4.510277 ,   1.4001223]; [[8602.03863274, -11.47183924,-800.36223784,-108.45751105,-153.16287884,    63.85473726, 119.60628363, 323.81679838, 195.08554919, -33.62235076,  -400.80185616,-294.01147463,  15.05277909], [ -11.47183924, 883.15949656,-473.72803813, -48.1042117 , -46.39156851,  -149.17996697, -68.09891814,-108.63123407,  -7.35787955,  32.10334236,     4.51251795,  55.57478843,  41.67232033], [-800.36223784,-473.72803813, 640.85390528,  35.38922774,  48.34197524,    79.27361584,   1.98058401,  44.04951689, -25.09439544, -26.65508445,    48.11172319, -21.27549285, -12.27921896], [-108.45751105, -48.1042117 ,  35.38922774, 199.12123087,  55.08698235,    17.23097055,   5.61013372,  12.48707982,  15.50563802,  11.28603169,     9.09383117,  20.89674496,  -6.25565302], [-153.16287884, -46.39156851,  48.34197524,  55.08698235, 100.98149782,    27.75304528,  11.19106066,  -1.63962627,   6.37323461,   8.55201834,    10.08794462,   3.64871559,  -5.76022286], [  63.85473726,-149.17996697,  79.27361584,  17.23097055,  27.75304528,   133.86535665,  70.11921784,  35.92681016,   0.45433188,   1.70823592,     1.9794414 , -17.46828674, -11.41725833], [ 119.60628363, -68.09891814,   1.98058401,   5.61013372,  11.19106066,    70.11921784, 132.30992908,  59.09312563,   6.27219315,   0.25460914,   -12.81755427, -12.45073603, -14.82459777], [ 323.81679838,-108.63123407,  44.04951689,  12.48707982,  -1.63962627,    35.92681016,  59.09312563, 108.28630551,  36.02007137,  -4.28724464,   -23.98668933, -20.72919968,  -5.4673325 ], [ 195.08554919,  -7.35787955, -25.09439544,  15.50563802,   6.37323461,     0.45433188,   6.27219315,  36.02007137,  64.00483525,  24.17889017,    -8.87975552,  -6.40346283,  -0.87611149], [ -33.62235076,  32.10334236, -26.65508445,  11.28603169,   8.55201834,     1.70823592,   0.25460914,  -4.28724464,  24.17889017,  62.31504051,    25.97210565,   3.90639826,  -1.93144617], [-400.80185616,   4.51251795,  48.11172319,   9.09383117,  10.08794462,     1.9794414 , -12.81755427, -23.98668933,  -8.87975552,  25.97210565,    72.09879035,  33.94501784,   2.14586917], [-294.01147463,  55.57478843, -21.27549285,  20.89674496,   3.64871559,   -17.46828674, -12.45073603, -20.72919968,  -6.40346283,   3.90639826,    33.94501784,  70.1401746 ,  19.55973057], [  15.05277909,  41.67232033, -12.27921896,  -6.25565302,  -5.76022286,   -11.41725833, -14.82459777,  -5.4673325 ,  -0.87611149,  -1.93144617,     2.14586917,  19.55973057,  47.84664069]]
/root/sim/music/out/Oasis/oasis-definitely_maybe_remastered_deluxe_edition/3-40_Half_The_World_Away_(Live_Tokyo_Hotel_Room).mp3; [-586.4274   , 155.65598  , -11.749136 ,  23.990372 , -19.345457 ,    2.4117417, -10.478879 ,  -7.738459 , -14.612275 ,  -3.1713667,  -15.699445 , -12.582999 , -19.98641  ]; [[11518.6768195 ,  466.3582215 , -299.14540987,  282.73921484,    -17.03261136,  177.41904915,  -38.2181299 ,    4.68275011,   -168.82121192,   -1.73929866, -247.0540598 ,  -77.56524692,   -258.97974433], [  466.3582215 , 1141.58109335, -204.6897711 ,    2.6035439 ,   -107.85391582,   16.94744378,  -16.76208661,  -33.91701251,      1.70122005,   -4.68620868,   76.90450792,   -4.19354868,    -16.85603396], [ -299.14540987, -204.6897711 ,  257.77897989,   21.24849965,     37.39607259,   -9.11082533,   24.11753867,   20.23237758,     13.84991661,   17.85952754,  -25.59101734,   19.38168711,     25.02304168], [  282.73921484,    2.6035439 ,   21.24849965,  196.006553  ,     51.12494818,    3.2932657 ,    0.06181308,    6.70342046,      7.36971912,    7.88359334,  -56.24929056,  -25.07534026,      8.92048742], [  -17.03261136, -107.85391582,   37.39607259,   51.12494818,    140.2093372 ,   11.54481077,    8.87663735,   16.99769557,      8.54949321,   20.35735661,   -4.04905443,    2.3799572 ,     10.76774978], [  177.41904915,   16.94744378,   -9.11082533,    3.2932657 ,     11.54481077,  102.70648336,   34.86155947,   13.20196016,     18.9488506 ,   -1.37791254,   17.92824302,    3.45029225,     -6.14899271], [  -38.2181299 ,  -16.76208661,   24.11753867,    0.06181308,      8.87663735,   34.86155947,  104.35682648,   24.41610821,      7.46462779,    5.05895802,  -10.10482724,    5.25044748,     -0.37321924], [    4.68275011,  -33.91701251,   20.23237758,    6.70342046,     16.99769557,   13.20196016,   24.41610821,   73.09549319,     24.42847792,    6.06443596,    9.55254559,    4.05263292,      8.36570531], [ -168.82121192,    1.70122005,   13.84991661,    7.36971912,      8.54949321,   18.9488506 ,    7.46462779,   24.42847792,     68.75147988,   18.29085293,   16.18014365,    6.72037343,      8.79971378], [   -1.73929866,   -4.68620868,   17.85952754,    7.88359334,     20.35735661,   -1.37791254,    5.05895802,    6.06443596,     18.29085293,   61.02052343,   15.66163712,    7.52500186,      6.11757623], [ -247.0540598 ,   76.90450792,  -25.59101734,  -56.24929056,     -4.04905443,   17.92824302,  -10.10482724,    9.55254559,     16.18014365,   15.66163712,  106.2914197 ,   26.15327428,     11.33032359], [  -77.56524692,   -4.19354868,   19.38168711,  -25.07534026,      2.3799572 ,    3.45029225,    5.25044748,    4.05263292,      6.72037343,    7.52500186,   26.15327428,   76.91291015,     17.77355442], [ -258.97974433,  -16.85603396,   25.02304168,    8.92048742,     10.76774978,   -6.14899271,   -0.37321924,    8.36570531,      8.79971378,    6.11757623,   11.33032359,   17.77355442,     63.32785087]]
/root/sim/music/out/Oasis/oasis-definitely_maybe_remastered_deluxe_edition/1-08_Cigarettes_&_Alcohol_(Remastered).mp3; [-453.71936  ,  91.37725  , -30.502092 ,  35.779945 ,   4.90351  ,   12.274567 ,  10.375439 ,   7.805698 ,  11.476446 ,   8.743201 ,    3.4704924,   6.503998 ,   3.9891634]; [[6055.31161729, -52.83491544, 236.93103519,-901.10415743,  60.06229773,   173.37775614, -42.78222964, 245.84768642, -78.40418247,  31.03203985,   -37.72128779, -24.05833617,  -4.51140283], [ -52.83491544, 590.75443014, -84.27148924, 132.53126   ,-111.45883101,   -74.23152704, -39.63551865, -43.53695742,  42.35064636,   6.51342788,    48.96713599,  39.70121378,  27.53507599], [ 236.93103519, -84.27148924, 336.15802106,-133.3335467 ,  55.65735539,     3.01097221, -48.9117237 ,  23.99468141, -19.96294032,  -1.05074567,   -17.1645313 , -22.65647851,  -8.2950738 ], [-901.10415743, 132.53126   ,-133.3335467 , 438.53398519, -54.77761732,   -58.04708986, -24.81876112, -86.90109587,  50.29340709,  10.04813367,    69.18172661,  48.63734583,  35.39382589], [  60.06229773,-111.45883101,  55.65735539, -54.77761732, 122.13083757,    39.45327201,  28.44200045,  12.08447102, -18.6039565 ,   3.24603827,   -23.40492408, -12.38102701, -11.61276457], [ 173.37775614, -74.23152704,   3.01097221, -58.04708986,  39.45327201,    85.01582416,  41.64171642,  28.83370212, -16.93605793, -12.6394609 ,   -14.29850407, -10.76637419,  -5.56284076], [ -42.78222964, -39.63551865, -48.9117237 , -24.81876112,  28.44200045,    41.64171642,  84.64011122,  30.89190064,  -3.78733895, -12.03400678,   -16.92325431,  -6.19338292,  -7.86329538], [ 245.84768642, -43.53695742,  23.99468141, -86.90109587,  12.08447102,    28.83370212,  30.89190064,  70.75740555,   9.73816991,   3.90435875,   -17.37544882,  -7.76542878,  -3.93146359], [ -78.40418247,  42.35064636, -19.96294032,  50.29340709, -18.6039565 ,   -16.93605793,  -3.78733895,   9.73816991,  58.68842633,  31.08191219,    22.44654741,   7.77699335,   8.70282324], [  31.03203985,   6.51342788,  -1.05074567,  10.04813367,   3.24603827,   -12.6394609 , -12.03400678,   3.90435875,  31.08191219,  69.25164773,    34.30031816,  20.15557799,   4.96376645], [ -37.72128779,  48.96713599, -17.1645313 ,  69.18172661, -23.40492408,   -14.29850407, -16.92325431, -17.37544882,  22.44654741,  34.30031816,    74.03313608,  42.48782513,  25.09160038], [ -24.05833617,  39.70121378, -22.65647851,  48.63734583, -12.38102701,   -10.76637419,  -6.19338292,  -7.76542878,   7.77699335,  20.15557799,    42.48782513,  61.35981119,  32.73910934], [  -4.51140283,  27.53507599,  -8.2950738 ,  35.39382589, -11.61276457,    -5.56284076,  -7.86329538,  -3.93146359,   8.70282324,   4.96376645,    25.09160038,  32.73910934,  49.96609109]]
/root/sim/music/out/Oasis/oasis-definitely_maybe_remastered_deluxe_edition/2-13_Cigarettes_&_Alcohol_(Demo)_(Remastered).mp3; [-465.66028  , 117.63624  , -24.329718 ,  34.048645 ,  12.496321 ,   -2.4875576,  -2.2912018,   2.784419 ,   1.4066856,   3.5526423,  -11.824106 ,  -4.709934 ,  -4.6798506]; [[12347.93126452, -116.6898133 ,  177.11893032, -117.82710015,    168.58020703,   46.76860896, -157.04320281,   49.57226279,   -100.77627813,   -1.7159704 , -145.06715911, -180.47899304,   -123.8651453 ], [ -116.6898133 , 1329.45952528, -429.53336328,  304.30909701,     -6.60268863,  -74.69915522,   62.31789842,  -56.41235339,     18.70457549,    8.40335504,  -43.10946606,   44.65132108,      5.63769154], [  177.11893032, -429.53336328,  381.42182104,  -93.24263634,     68.28598197,   51.10532149,  -41.34982077,   31.63460233,    -13.61467201,   -2.32994879,   24.70499425,  -14.41077671,      2.47864819], [ -117.82710015,  304.30909701,  -93.24263634,  224.56903604,     18.94675761,  -21.37493598,   -5.15843865,  -17.56924685,     21.45588901,   -3.57285955,  -14.60818419,   19.7558674 ,     13.18713035], [  168.58020703,   -6.60268863,   68.28598197,   18.94675761,    120.07271185,   16.12603093,   15.9571776 ,  -11.98858533,      1.15719441,    6.17608264,    0.67320104,    4.69835795,      5.75918243], [   46.76860896,  -74.69915522,   51.10532149,  -21.37493598,     16.12603093,   83.46981911,   20.64217331,   20.69356551,    -11.15528748,    3.24574444,   11.81157489,    6.4628201 ,      7.3623633 ], [ -157.04320281,   62.31789842,  -41.34982077,   -5.15843865,     15.9571776 ,   20.64217331,   93.35599505,   14.16699264,     23.86285343,    4.77574132,    5.18751302,    7.09043247,      1.97031145], [   49.57226279,  -56.41235339,   31.63460233,  -17.56924685,    -11.98858533,   20.69356551,   14.16699264,   69.00886568,     19.65123467,   15.24286237,    2.06022396,    0.80530979,      4.67503975], [ -100.77627813,   18.70457549,  -13.61467201,   21.45588901,      1.15719441,  -11.15528748,   23.86285343,   19.65123467,     62.91168424,   24.28556183,    6.62638232,   -3.44773087,     -3.68690648], [   -1.7159704 ,    8.40335504,   -2.32994879,   -3.57285955,      6.17608264,    3.24574444,    4.77574132,   15.24286237,     24.28556183,   50.62833751,   21.0954468 ,    7.69044403,     -2.7189862 ], [ -145.06715911,  -43.10946606,   24.70499425,  -14.60818419,      0.67320104,   11.81157489,    5.18751302,    2.06022396,      6.62638232,   21.0954468 ,   49.7806479 ,   20.84360012,      7.71570809], [ -180.47899304,   44.65132108,  -14.41077671,   19.7558674 ,      4.69835795,    6.4628201 ,    7.09043247,    0.80530979,     -3.44773087,    7.69044403,   20.84360012,   50.03654768,     25.81046998], [ -123.8651453 ,    5.63769154,    2.47864819,   13.18713035,      5.75918243,    7.3623633 ,    1.97031145,    4.67503975,     -3.68690648,   -2.7189862 ,    7.71570809,   25.81046998,     44.32193833]]
/root/sim/music/out/Oasis/oasis-definitely_maybe_remastered_deluxe_edition/3-31_Columbia_(Eden_Studios_Mix).mp3; [-491.12527   , 108.34579   , -45.47472   ,  43.33393   ,  11.644344  ,    6.4347844 ,  -0.8071068 ,   9.306829  ,  -1.7503042 ,   0.62605375,   -3.4059396 ,   4.144154  ,  -3.6381238 ]; [[15254.17669633, -261.99025449,   23.44618342, 1439.5696242 ,    539.6511424 ,  305.28924922,  356.96184765,  309.49021872,    140.31206182,   98.53640602, -131.00666886,  -27.87973503,   -184.01671098], [ -261.99025449, 1438.48459561,   46.54558199,   32.67631373,    134.90046158, -111.59989913,  161.53445005,  -28.90521043,      9.7547341 ,   29.36325211,  -37.30656827,  -46.09929895,     67.83200719], [   23.44618342,   46.54558199,  613.20045259,  -32.00013072,    154.97385152,   36.82056992,  125.84480542,   32.35867498,     40.98940409,   22.77671487,   -8.8168723 ,  -30.41140456,    -16.11773539], [ 1439.5696242 ,   32.67631373,  -32.00013072,  461.80330896,    146.80238205,    4.27736091,   54.55433313,   24.15503081,     15.8191597 ,   38.08998297,   21.93246723,   15.12048287,     19.25539453], [  539.6511424 ,  134.90046158,  154.97385152,  146.80238205,    233.73770425,   11.93111003,  103.08412998,   10.42729852,     -0.9077917 ,   49.75961813,   17.44399765,    9.41807078,     16.69380359], [  305.28924922, -111.59989913,   36.82056992,    4.27736091,     11.93111003,  154.52310531,   55.45491262,   34.14363381,     13.76091958,  -32.72736695,   -2.0406264 ,    3.76937975,    -24.41881413], [  356.96184765,  161.53445005,  125.84480542,   54.55433313,    103.08412998,   55.45491262,  201.29054542,   61.49380512,     19.01452112,    7.88458736,  -15.71254705,  -14.70501128,      9.36351416], [  309.49021872,  -28.90521043,   32.35867498,   24.15503081,     10.42729852,   34.14363381,   61.49380512,   88.88830732,     33.51724916,    1.54106044,  -13.70651925,   -6.11960672,      0.25314686], [  140.31206182,    9.7547341 ,   40.98940409,   15.8191597 ,     -0.9077917 ,   13.76091958,   19.01452112,   33.51724916,     96.66109026,   26.24563537,   -1.71516141,  -13.52883506,    -16.50932372], [   98.53640602,   29.36325211,   22.77671487,   38.08998297,     49.75961813,  -32.72736695,    7.88458736,    1.54106044,     26.24563537,  100.03830825,   33.91337372,    6.22094831,     -2.16950212], [ -131.00666886,  -37.30656827,   -8.8168723 ,   21.93246723,     17.44399765,   -2.0406264 ,  -15.71254705,  -13.70651925,     -1.71516141,   33.91337372,   79.45063807,   36.29681636,      9.49904169], [  -27.87973503,  -46.09929895,  -30.41140456,   15.12048287,      9.41807078,    3.76937975,  -14.70501128,   -6.11960672,    -13.52883506,    6.22094831,   36.29681636,   72.53542064,     24.73004759], [ -184.01671098,   67.83200719,  -16.11773539,   19.25539453,     16.69380359,  -24.41881413,    9.36351416,    0.25314686,    -16.50932372,   -2.16950212,    9.49904169,   24.73004759,     83.45417506]]
/root/sim/music/out/Oasis/oasis-definitely_maybe_remastered_deluxe_edition/3-37_Fade_Away_(Demo).mp3; [-467.44403   ,  85.27962   , -28.199041  ,  37.159863  ,   5.1342545 ,   20.18793   ,  -9.947859  ,   7.5761046 ,   0.02636534,  -5.964349  ,    1.8597164 ,   0.28364748,  -7.822484  ]; [[12374.14221097,  498.18387908,  561.17105559,  330.61253445,    258.15294152,  134.74110276,  101.99084705,  140.8641447 ,    -51.87430975,   87.94433455,   23.36116036,  105.39452377,    -23.56652236], [  498.18387908,  447.81420039, -283.61214508,   35.12316823,   -188.14348089,  -15.33475678, -101.79463806,    9.33817032,     17.26730941,  -23.1658579 ,   28.80786847,  -17.0887506 ,    -36.92393609], [  561.17105559, -283.61214508,  842.5404993 ,   -0.7064472 ,    391.97918344,  -51.16061361,  224.29780679,   42.93221772,     67.23662359,  160.1116991 ,   -3.46236067,   47.37969412,     64.78986253], [  330.61253445,   35.12316823,   -0.7064472 ,  151.29009989,     57.30440781,   76.07745225,   -3.36498868,    8.01655054,    -29.4286162 ,  -34.67286705,   -9.21811512,   14.5137599 ,     12.81460735], [  258.15294152, -188.14348089,  391.97918344,   57.30440781,    321.19716563,   40.39071171,  141.12806348,    6.73322854,     19.29746102,   37.85598177,   -6.60047419,   29.19710819,     38.27353762], [  134.74110276,  -15.33475678,  -51.16061361,   76.07745225,     40.39071171,  142.43929007,   42.11992499,   21.43144939,    -38.31994591,  -56.43872543,  -20.68402179,    0.96773301,     -5.6088813 ], [  101.99084705, -101.79463806,  224.29780679,   -3.36498868,    141.12806348,   42.11992499,  148.58046782,   39.93046521,     15.20739405,   14.84583423,  -11.21954472,   12.71308909,     19.11489848], [  140.8641447 ,    9.33817032,   42.93221772,    8.01655054,      6.73322854,   21.43144939,   39.93046521,   63.58589744,     27.9148606 ,   20.69599392,   -4.94073842,   -0.99097088,      0.18959477], [  -51.87430975,   17.26730941,   67.23662359,  -29.4286162 ,     19.29746102,  -38.31994591,   15.20739405,   27.9148606 ,     86.50276672,   69.65486763,   18.47132011,   -8.71463619,     -0.32495598], [   87.94433455,  -23.1658579 ,  160.1116991 ,  -34.67286705,     37.85598177,  -56.43872543,   14.84583423,   20.69599392,     69.65486763,  130.01981473,   32.94678984,    2.22871403,      2.90095658], [   23.36116036,   28.80786847,   -3.46236067,   -9.21811512,     -6.60047419,  -20.68402179,  -11.21954472,   -4.94073842,     18.47132011,   32.94678984,   51.51529633,   18.55518703,      4.18513807], [  105.39452377,  -17.0887506 ,   47.37969412,   14.5137599 ,     29.19710819,    0.96773301,   12.71308909,   -0.99097088,     -8.71463619,    2.22871403,   18.55518703,   48.08295846,     24.9463346 ], [  -23.56652236,  -36.92393609,   64.78986253,   12.81460735,     38.27353762,   -5.6088813 ,   19.11489848,    0.18959477,     -0.32495598,    2.90095658,    4.18513807,   24.9463346 ,     47.41590572]]
/root/sim/music/out/Oasis/oasis-definitely_maybe_remastered_deluxe_edition/1-11_Married_With_Children_(Remastered).mp3; [-627.10596  , 139.7653   ,  16.40548  ,   2.652743 ,   2.2449074,   -8.047849 ,  -5.639846 ,  -1.1431128,  -6.3498206,  -6.094271 ,   -6.5758543,  -1.7375505,  -6.626453 ]; [[15173.30614738, 1774.47171059, -498.123621  , -430.41109358,   -152.40325642, -373.19275368, -233.4442587 ,  -83.44580909,   -289.52567388,  -89.68377821, -230.8681349 ,  -75.1400059 ,   -122.52181636], [ 1774.47171059, 1677.56711882, -263.6885483 , -222.37805245,    -78.1234171 ,  -23.45957296,   39.21812447,   41.36476312,    -80.70799684,  -41.74057489,    1.39899088,  -23.75993058,    -56.19391615], [ -498.123621  , -263.6885483 ,  512.87122691,  110.69175331,     14.85153812,   38.27357891,   10.3374619 ,    4.2980923 ,     43.39630234,  -42.33141863,    2.36178221,   29.65140135,      7.44739322], [ -430.41109358, -222.37805245,  110.69175331,  506.54450333,    101.67921976,  -28.55275016,  -78.10455166,  -83.91254217,    107.41416431,  -46.68769787,  -16.78736264,   15.91993411,     30.03639399], [ -152.40325642,  -78.1234171 ,   14.85153812,  101.67921976,    249.41964538,  -38.07241539, -107.50755868,  -20.65247501,     44.62225938,   27.49701391,  -34.9378614 ,  -15.97579431,     18.50545193], [ -373.19275368,  -23.45957296,   38.27357891,  -28.55275016,    -38.07241539,  161.15860605,   86.01206616,    0.92379091,     -8.96849063,   -3.69822465,   45.04204274,    0.26868431,    -26.78069156], [ -233.4442587 ,   39.21812447,   10.3374619 ,  -78.10455166,   -107.50755868,   86.01206616,  189.95915553,   32.23301695,    -28.59877922,   -5.74406848,   41.63461188,    6.67929394,    -18.06856642], [  -83.44580909,   41.36476312,    4.2980923 ,  -83.91254217,    -20.65247501,    0.92379091,   32.23301695,  106.6827577 ,    -19.53961752,   14.95206562,   -8.52823275,    5.56536853,     17.83525719], [ -289.52567388,  -80.70799684,   43.39630234,  107.41416431,     44.62225938,   -8.96849063,  -28.59877922,  -19.53961752,    109.2931017 ,   -0.98354616,   -0.8805498 ,    2.05052036,      6.62867611], [  -89.68377821,  -41.74057489,  -42.33141863,  -46.68769787,     27.49701391,   -3.69822465,   -5.74406848,   14.95206562,     -0.98354616,  105.72959005,    2.82938991,  -11.65730445,      2.06782697], [ -230.8681349 ,    1.39899088,    2.36178221,  -16.78736264,    -34.9378614 ,   45.04204274,   41.63461188,   -8.52823275,     -0.8805498 ,    2.82938991,   81.68457066,   16.16708294,    -20.80567471], [  -75.1400059 ,  -23.75993058,   29.65140135,   15.91993411,    -15.97579431,    0.26868431,    6.67929394,    5.56536853,      2.05052036,  -11.65730445,   16.16708294,   68.6645901 ,     14.07825294], [ -122.52181636,  -56.19391615,    7.44739322,   30.03639399,     18.50545193,  -26.78069156,  -18.06856642,   17.83525719,      6.62867611,    2.06782697,  -20.80567471,   14.07825294,     68.90324202]]
/root/sim/music/out/Oasis/oasis-definitely_maybe_remastered_deluxe_edition/3-33_Strange_Thing_(Demo).mp3; [-466.51456  ,  82.05733  , -37.416405 ,  39.876034 ,   5.4933233,   19.548162 ,  -9.779381 ,   4.632843 ,  -4.6979384,  -9.890363 ,    0.8729042,   2.503877 ,  -5.9185724]; [[12595.1876687 ,  248.18327615,  376.61352264,  541.41765845,    481.24361838,  222.63602721,  218.94169979,  217.8480793 ,    108.9492198 ,  289.79801622,   12.24677461,   86.95300549,    -32.65620408], [  248.18327615,  483.92696483, -250.23824389,   -0.64154837,   -182.91847839,  -63.3012897 , -109.92565332,  -19.21004338,     -4.56706764,  -47.01672154,   21.27625599,  -18.93414441,    -18.76516914], [  376.61352264, -250.23824389,  728.26791109,   19.42208954,    393.6409263 ,    1.35425236,  246.44321372,   41.72940869,     72.83246649,  170.95830112,  -17.66641068,   44.45871018,     58.30941046], [  541.41765845,   -0.64154837,   19.42208954,  173.58033262,     85.23316075,   91.1022038 ,   17.27198734,   15.22090695,     -7.37871249,    1.75580715,    9.94233398,   22.36734748,     20.05067127], [  481.24361838, -182.91847839,  393.6409263 ,   85.23316075,    361.59582507,   86.91349124,  193.53692304,   27.35573076,     31.68847766,   79.17508341,   -6.04500984,   40.39675643,     47.35288086], [  222.63602721,  -63.3012897 ,    1.35425236,   91.1022038 ,     86.91349124,  147.62002544,   74.39946401,   39.94911373,     -2.12197461,   -9.12172301,    3.74849533,   17.87841811,     14.02152705], [  218.94169979, -109.92565332,  246.44321372,   17.27198734,    193.53692304,   74.39946401,  194.48924434,   68.95797636,     45.03345594,   64.07091299,   -4.41644952,   22.50982819,     28.88792152], [  217.8480793 ,  -19.21004338,   41.72940869,   15.22090695,     27.35573076,   39.94911373,   68.95797636,   79.42047276,     44.05675723,   32.14609943,    1.52460474,    5.73410489,      6.46013101], [  108.9492198 ,   -4.56706764,   72.83246649,   -7.37871249,     31.68847766,   -2.12197461,   45.03345594,   44.05675723,     70.86632495,   55.67025718,    9.60280707,    1.02347019,      0.22107807], [  289.79801622,  -47.01672154,  170.95830112,    1.75580715,     79.17508341,   -9.12172301,   64.07091299,   32.14609943,     55.67025718,  113.11691889,   21.12473639,   12.05586425,      6.75092714], [   12.24677461,   21.27625599,  -17.66641068,    9.94233398,     -6.04500984,    3.74849533,   -4.41644952,    1.52460474,      9.60280707,   21.12473639,   44.59344569,   21.02497069,      2.18489602], [   86.95300549,  -18.93414441,   44.45871018,   22.36734748,     40.39675643,   17.87841811,   22.50982819,    5.73410489,      1.02347019,   12.05586425,   21.02497069,   44.67509942,     24.54531365], [  -32.65620408,  -18.76516914,   58.30941046,   20.05067127,     47.35288086,   14.02152705,   28.88792152,    6.46013101,      0.22107807,    6.75092714,    2.18489602,   24.54531365,     45.53478861]]
