/root/sim/music/out/あいみょん/青春のエキサイトメント/11-漂白.mp3; [-548.6852    , 103.90137   ,  13.964269  ,  19.234468  ,  11.516636  ,   -1.697903  ,  12.134255  ,  -7.661283  ,   6.030753  ,  -0.9481478 ,   -7.581278  ,   0.21302053,  -0.61687046]; [[12204.63393766, -373.91956901,  314.56539763,  213.71850926,    417.10848068,  530.84980121,  391.09216741,  691.41058866,    521.99128096,  319.18131202,  145.00770631,   56.57111509,     92.90455752], [ -373.91956901, 1733.00790224, -486.14785062,  104.79923858,     -2.04688643,  -78.58425798,   10.60114343, -126.61413565,    -57.54648017,  -31.52376581,   -9.83214353,  124.30448648,    100.62967734], [  314.56539763, -486.14785062,  835.67413847,  -64.75353554,     67.96959054,   22.89479332,   31.31405005,   21.39209297,     40.36870321,   -9.12972917,   14.72256809,  -77.51644587,    -87.79323719], [  213.71850926,  104.79923858,  -64.75353554,  401.26820235,    118.76824542,   31.18518364,  -60.46921661,   85.39307873,      1.33272009,   32.60042464,   69.28669416,   87.57461163,     59.16643914], [  417.10848068,   -2.04688643,   67.96959054,  118.76824542,    227.81568794,   43.77380158,   16.51050986,   58.27000648,     35.54969037,   33.21442044,   34.37221266,   39.27030932,     28.50013111], [  530.84980121,  -78.58425798,   22.89479332,   31.18518364,     43.77380158,  350.40513964,   49.38042738,  146.15047776,     72.53584567,   81.77871762,   67.66628683,   -4.93263089,     82.29173169], [  391.09216741,   10.60114343,   31.31405005,  -60.46921661,     16.51050986,   49.38042738,  204.74479564,   66.16967939,     42.79043623,   18.94008706,  -13.02397174,   -5.31145381,     -7.69418346], [  691.41058866, -126.61413565,   21.39209297,   85.39307873,     58.27000648,  146.15047776,   66.16967939,  278.80934629,     93.49349551,   67.60083203,   60.6947206 ,   25.10255578,     68.93135679], [  521.99128096,  -57.54648017,   40.36870321,    1.33272009,     35.54969037,   72.53584567,   42.79043623,   93.49349551,    158.74789468,   70.76380463,   15.90957906,  -21.06796386,      7.24645178], [  319.18131202,  -31.52376581,   -9.12972917,   32.60042464,     33.21442044,   81.77871762,   18.94008706,   67.60083203,     70.76380463,  131.42881863,   47.0136508 ,   14.73908997,     24.47881776], [  145.00770631,   -9.83214353,   14.72256809,   69.28669416,     34.37221266,   67.66628683,  -13.02397174,   60.6947206 ,     15.90957906,   47.0136508 ,  119.53778309,   46.36929902,     40.87388257], [   56.57111509,  124.30448648,  -77.51644587,   87.57461163,     39.27030932,   -4.93263089,   -5.31145381,   25.10255578,    -21.06796386,   14.73908997,   46.36929902,  143.09318269,     67.62474626], [   92.90455752,  100.62967734,  -87.79323719,   59.16643914,     28.50013111,   82.29173169,   -7.69418346,   68.93135679,      7.24645178,   24.47881776,   40.87388257,   67.62474626,    143.16606089]]
/root/sim/music/out/あいみょん/青春のエキサイトメント/05-ふたりの世界.mp3; [-540.51154   , 110.606346  ,   9.646852  ,  28.981924  ,  12.846737  ,   -2.0737472 ,   3.0143003 ,  -5.6547527 ,   5.4352946 ,   5.6806583 ,   -7.767172  ,   2.091129  ,  -0.24065845]; [[14801.97001007,  135.38750956, -177.88718884,  435.1456183 ,     78.92328974,   71.40178378,  173.77165817,  -71.27861723,    179.55470595,  249.60897971,  -99.89793213,  197.31453464,     69.7745578 ], [  135.38750956, 1153.03613354, -122.85027841,   71.51255181,     83.36577442,   -8.71862425,   43.94772645,   24.59591699,     42.56333497,   -1.81167502,   11.77647033,  -11.63672726,      3.82823606], [ -177.88718884, -122.85027841,  545.90166221,  -35.9680231 ,      4.67456958,   12.72049097,  -23.39429841,   31.46019548,    -13.24190136,  -10.015113  ,   17.27464817,   -9.181793  ,     -0.36818777], [  435.1456183 ,   71.51255181,  -35.9680231 ,  291.02916755,     63.02230964,    1.78151893,  -19.50905557,   50.3277955 ,     17.30353819,   25.33163083,   40.08238936,   32.53857208,     23.25537264], [   78.92328974,   83.36577442,    4.67456958,   63.02230964,    162.50773794,   24.12817069,    0.14731633,   20.03163058,     25.57917062,   35.74908204,   16.18969106,   17.14054177,     12.65888475], [   71.40178378,   -8.71862425,   12.72049097,    1.78151893,     24.12817069,  249.51466763,   -5.95003848,   55.24762953,     39.26747854,   12.96102811,   58.80484199,   -7.77000821,     52.55503554], [  173.77165817,   43.94772645,  -23.39429841,  -19.50905557,      0.14731633,   -5.95003848,  166.57056426,   -3.46798584,     23.41997862,   30.07424296,  -26.36659401,   22.08551212,    -10.78906709], [  -71.27861723,   24.59591699,   31.46019548,   50.3277955 ,     20.03163058,   55.24762953,   -3.46798584,  132.05920982,     25.86348285,   -0.72204328,   38.13887255,    2.59948458,     33.11264364], [  179.55470595,   42.56333497,  -13.24190136,   17.30353819,     25.57917062,   39.26747854,   23.41997862,   25.86348285,    102.46061915,   30.85763324,   11.91700251,    3.52204568,     15.18214934], [  249.60897971,   -1.81167502,  -10.015113  ,   25.33163083,     35.74908204,   12.96102811,   30.07424296,   -0.72204328,     30.85763324,   96.75128322,    6.8600583 ,   19.09739278,      3.27522051], [  -99.89793213,   11.77647033,   17.27464817,   40.08238936,     16.18969106,   58.80484199,  -26.36659401,   38.13887255,     11.91700251,    6.8600583 ,  111.85737261,   21.04613562,     34.42575347], [  197.31453464,  -11.63672726,   -9.181793  ,   32.53857208,     17.14054177,   -7.77000821,   22.08551212,    2.59948458,      3.52204568,   19.09739278,   21.04613562,   85.24787751,     20.08098456], [   69.7745578 ,    3.82823606,   -0.36818777,   23.25537264,     12.65888475,   52.55503554,  -10.78906709,   33.11264364,     15.18214934,    3.27522051,   34.42575347,   20.08098456,     83.33337038]]
/root/sim/music/out/あいみょん/青春のエキサイトメント/07-愛を伝えたいだとか.mp3; [-550.71265  , 122.90549  ,   8.986199 ,  20.745476 ,  11.810004 ,    8.348187 ,  10.623014 ,   4.396317 ,   3.1319668,   3.1692977,   -5.340858 ,  -3.3140059,  -2.528269 ]; [[23061.54061925,  955.02239518,-1664.24466515, -370.08330968,   -380.24749902, -532.90092701,  -13.32914133, -329.73404026,   -116.26098731,  -76.04342918, -344.12541529, -154.19052889,   -166.63951708], [  955.02239518, 1762.90877403, -269.5283043 ,   46.30694369,     19.18378702,  -15.78541761,   86.50432576,  -54.10810411,     39.49270889,  -46.51601451,  -12.98078766,  -68.80563892,    -30.01344269], [-1664.24466515, -269.5283043 , 1232.73444858,  220.79034136,    191.55089028,  243.96783384,  -60.64793384,  178.6962164 ,     -2.20971491,   63.40245902,   55.30238661,   28.72164065,    -20.56767766], [ -370.08330968,   46.30694369,  220.79034136,  424.96529808,    156.57026617,   29.91632716,  -45.33377603,   44.47615464,     23.06997904,    6.48241971,   22.40246473,   11.49342259,      2.10743642], [ -380.24749902,   19.18378702,  191.55089028,  156.57026617,    257.87617442,   92.74698555,   -3.72491888,   32.13028379,      2.12700602,    9.17779858,   12.44691493,    7.1697882 ,      6.90832074], [ -532.90092701,  -15.78541761,  243.96783384,   29.91632716,     92.74698555,  342.98756484,   16.81202467,   70.30699066,    -12.47832727,   41.39869014,   15.00478174,   -6.11206759,     17.28819178], [  -13.32914133,   86.50432576,  -60.64793384,  -45.33377603,     -3.72491888,   16.81202467,  201.16727335,   -3.67779588,     24.04908749,   -9.94537586,    7.4057781 ,    9.39965211,     11.13991654], [ -329.73404026,  -54.10810411,  178.6962164 ,   44.47615464,     32.13028379,   70.30699066,   -3.67779588,  173.3596288 ,     19.69370865,   27.77246628,   11.08708607,   18.7800924 ,     12.35031394], [ -116.26098731,   39.49270889,   -2.20971491,   23.06997904,      2.12700602,  -12.47832727,   24.04908749,   19.69370865,    109.06835382,   27.58558873,    9.20777112,   -5.99538714,      0.59926306], [  -76.04342918,  -46.51601451,   63.40245902,    6.48241971,      9.17779858,   41.39869014,   -9.94537586,   27.77246628,     27.58558873,  106.38755573,   30.72696222,    1.16514641,      1.72333427], [ -344.12541529,  -12.98078766,   55.30238661,   22.40246473,     12.44691493,   15.00478174,    7.4057781 ,   11.08708607,      9.20777112,   30.72696222,   81.99024225,   25.03225287,      6.13385325], [ -154.19052889,  -68.80563892,   28.72164065,   11.49342259,      7.1697882 ,   -6.11206759,    9.39965211,   18.7800924 ,     -5.99538714,    1.16514641,   25.03225287,   90.79598074,     32.61225986], [ -166.63951708,  -30.01344269,  -20.56767766,    2.10743642,      6.90832074,   17.28819178,   11.13991654,   12.35031394,      0.59926306,    1.72333427,    6.13385325,   32.61225986,     78.33969207]]
/root/sim/music/out/あいみょん/瞬間的シックスセンス/12_from_四階の角部屋.mp3; [-538.7979   ,  74.08837  ,   7.456392 ,  15.910145 ,   7.4027066,    5.155864 ,  11.521918 ,   4.4510255,   8.27382  ,   5.1416106,   -6.598512 ,   0.5674933,  -3.0243237]; [[30181.77723984, -215.98868473,-1826.01967384, -526.02582467,   -340.73714181,  -74.92648594, -232.44461171,  -95.2801894 ,     13.01248838,   64.58099596, -538.2314397 , -266.25627233,   -195.29224142], [ -215.98868473, 1358.56879431,   31.69711179,  -27.76093351,    -36.79396153,  -67.66700864,  135.09476894,  -23.26296912,     75.01105136,  -24.1757272 ,    9.0810882 ,   16.19834911,    -38.33959029], [-1826.01967384,   31.69711179,  819.56480968,  170.2650358 ,     82.96746647,  -89.289058  ,   58.51836979,  -22.08681657,    -51.92117436,  -77.48166674,   33.98967004,   55.6258913 ,     29.67620997], [ -526.02582467,  -27.76093351,  170.2650358 ,  439.72715673,    182.9551651 ,   67.43357273,  -22.88330053,  101.63574408,      0.68794695,   17.54314251,   33.74985557,   48.92738844,     64.90766842], [ -340.73714181,  -36.79396153,   82.96746647,  182.9551651 ,    267.72594036,   95.17735381,  -12.78811888,   61.26265482,     12.21043195,   23.75340475,   22.058812  ,   32.70059392,     36.28477489], [  -74.92648594,  -67.66700864,  -89.289058  ,   67.43357273,     95.17735381,  384.0458458 ,   48.28533134,  103.34625129,     10.32258168,   65.74718608,   44.09025403,  -12.2598892 ,     68.3333877 ], [ -232.44461171,  135.09476894,   58.51836979,  -22.88330053,    -12.78811888,   48.28533134,  183.62222435,   22.35247404,     16.68811981,    8.92229943,   15.68514652,   22.84324623,      4.08193125], [  -95.2801894 ,  -23.26296912,  -22.08681657,  101.63574408,     61.26265482,  103.34625129,   22.35247404,  176.10242084,     33.28353889,   41.90296455,   21.21667731,   11.73107836,     41.56444458], [   13.01248838,   75.01105136,  -51.92117436,    0.68794695,     12.21043195,   10.32258168,   16.68811981,   33.28353889,    148.60118404,   59.61381033,   18.77539273,   -3.07846535,     -2.71734404], [   64.58099596,  -24.1757272 ,  -77.48166674,   17.54314251,     23.75340475,   65.74718608,    8.92229943,   41.90296455,     59.61381033,  129.91131313,   25.87537818,    7.96711359,     10.62166761], [ -538.2314397 ,    9.0810882 ,   33.98967004,   33.74985557,     22.058812  ,   44.09025403,   15.68514652,   21.21667731,     18.77539273,   25.87537818,   95.70991727,   30.09916887,     21.01262134], [ -266.25627233,   16.19834911,   55.6258913 ,   48.92738844,     32.70059392,  -12.2598892 ,   22.84324623,   11.73107836,     -3.07846535,    7.96711359,   30.09916887,   97.3439676 ,     29.45827256], [ -195.29224142,  -38.33959029,   29.67620997,   64.90766842,     36.28477489,   68.3333877 ,    4.08193125,   41.56444458,     -2.71734404,   10.62166761,   21.01262134,   29.45827256,    115.19421098]]
/root/sim/music/out/あいみょん/瞬間的シックスセンス/07_恋をしたから.mp3; [-694.3789   , 151.88026  ,  26.184685 ,   7.402638 ,   5.8309693,  -15.127721 ,  -7.352668 , -13.233482 , -11.625412 ,  -1.3967764,  -12.673416 ,  -4.5653524,  -6.9720755]; [[20122.59225567,-1220.65096358,-1560.13701877,-1681.57029266,   -481.4481867 ,-1219.34282426,  358.72316686, -577.22394626,   -300.39200525,   48.02524107, -854.03784759,  -32.49066948,   -208.51995908], [-1220.65096358, 2478.66518725, -394.37650955,  -12.42179484,    -11.01680731,   86.79378889, -195.50743747,  137.69292803,     41.26427262,  -33.48845218,  224.08599248,  -41.99269876,    -43.78818653], [-1560.13701877, -394.37650955, 1150.43947163,  150.19175156,     63.0360732 ,   54.21495422,    4.33202779,  -94.06631371,    -39.78207016,  -64.22443409,  -51.7408159 ,  -12.63836916,     -3.25349836], [-1681.57029266,  -12.42179484,  150.19175156,  700.13400716,    125.25967887,   87.06328174, -106.23010596,  128.7218486 ,     60.34838944,   -0.15845711,   96.26988689,   10.99429276,     20.48215894], [ -481.4481867 ,  -11.01680731,   63.0360732 ,  125.25967887,    256.74711009,   15.61000927,  -15.18168971,   16.94329405,     31.8631952 ,   10.70793476,  -13.7533287 ,   14.31457653,      0.80416794], [-1219.34282426,   86.79378889,   54.21495422,   87.06328174,     15.61000927,  388.82485057,  -30.82223328,   56.9718541 ,     58.8576102 ,   29.70542453,  128.06247441,  -24.44265964,     39.10267327], [  358.72316686, -195.50743747,    4.33202779, -106.23010596,    -15.18168971,  -30.82223328,  275.52803027,  -71.01492036,    -13.83556654,   31.04553971,  -91.06901325,   21.05956155,     -6.9934064 ], [ -577.22394626,  137.69292803,  -94.06631371,  128.7218486 ,     16.94329405,   56.9718541 ,  -71.01492036,  245.20164957,     48.0257235 ,  -17.63653255,   87.49221709,   -9.977275  ,     27.90207433], [ -300.39200525,   41.26427262,  -39.78207016,   60.34838944,     31.8631952 ,   58.8576102 ,  -13.83556654,   48.0257235 ,    176.22825693,   44.96869307,    4.00023745,  -23.00508261,     15.55261387], [   48.02524107,  -33.48845218,  -64.22443409,   -0.15845711,     10.70793476,   29.70542453,   31.04553971,  -17.63653255,     44.96869307,  162.27508689,   -0.33274838,  -22.42195848,      8.13885102], [ -854.03784759,  224.08599248,  -51.7408159 ,   96.26988689,    -13.7533287 ,  128.06247441,  -91.06901325,   87.49221709,      4.00023745,   -0.33274838,  260.90686089,   33.9823535 ,      7.46498854], [  -32.49066948,  -41.99269876,  -12.63836916,   10.99429276,     14.31457653,  -24.44265964,   21.05956155,   -9.977275  ,    -23.00508261,  -22.42195848,   33.9823535 ,  133.72884933,     13.07849629], [ -208.51995908,  -43.78818653,   -3.25349836,   20.48215894,      0.80416794,   39.10267327,   -6.9934064 ,   27.90207433,     15.55261387,    8.13885102,    7.46498854,   13.07849629,    131.88307653]]
/root/sim/music/out/あいみょん/瞬間的シックスセンス/02_マリーゴールド.mp3; [-514.4589   , 110.80306  ,  -1.2388786,  21.379492 ,   5.9338884,   -1.6076859,  17.729334 ,   4.616946 ,   7.952312 ,   5.9315557,   -5.590304 ,   1.8858633,   1.5164865]; [[18579.9877888 , -904.71463183, -117.74479335,  493.90218371,    -25.53335686,  -46.29468551,  346.80332041, -146.54651364,    222.48554946,  359.82324081, -167.07466432,  -10.46737399,    -85.14609829], [ -904.71463183, 1411.85063812, -269.40061528, -194.94088993,    -63.93696316,  -41.86503461,  -32.58948793,   74.05350284,      3.2905872 ,  -91.8026372 ,   18.6084159 ,  -11.18010354,     45.27617794], [ -117.74479335, -269.40061528,  666.26218512,   84.49188883,    148.45351285,   30.36067022,   47.00591527,  -49.45537346,    -30.87899715,   24.27391248,   28.0422266 ,   14.38351413,    -29.00893703], [  493.90218371, -194.94088993,   84.49188883,  506.76572152,     69.0099154 ,   73.83285792,  -28.38468827,   61.84990842,      8.2356673 ,   -8.03049898,    7.1673929 ,   63.82015479,     16.08339065], [  -25.53335686,  -63.93696316,  148.45351285,   69.0099154 ,    192.53916576,   13.67874497,   25.63911621,   -3.51563617,     -2.17229452,   16.63728697,   -0.89025437,   14.20620464,     -9.21399766], [  -46.29468551,  -41.86503461,   30.36067022,   73.83285792,     13.67874497,  277.57726536,   33.01317514,   29.17085673,     70.3783673 ,   24.68372975,   33.89823729,   -3.28815349,     35.15628013], [  346.80332041,  -32.58948793,   47.00591527,  -28.38468827,     25.63911621,   33.01317514,  162.17247659,   -0.88157074,     17.72554652,   29.12795873,   -5.31371043,   -3.19194092,      0.02299903], [ -146.54651364,   74.05350284,  -49.45537346,   61.84990842,     -3.51563617,   29.17085673,   -0.88157074,  123.98342092,     25.27619082,  -27.27863893,    4.46517457,   15.71231519,     21.25649947], [  222.48554946,    3.2905872 ,  -30.87899715,    8.2356673 ,     -2.17229452,   70.3783673 ,   17.72554652,   25.27619082,    131.34787385,   48.18755121,   17.57134241,  -13.27333955,     21.00646502], [  359.82324081,  -91.8026372 ,   24.27391248,   -8.03049898,     16.63728697,   24.68372975,   29.12795873,  -27.27863893,     48.18755121,  118.09015082,   19.11525028,  -13.03827804,     -5.98051594], [ -167.07466432,   18.6084159 ,   28.0422266 ,    7.1673929 ,     -0.89025437,   33.89823729,   -5.31371043,    4.46517457,     17.57134241,   19.11525028,   88.52779994,   23.69413246,     11.49203715], [  -10.46737399,  -11.18010354,   14.38351413,   63.82015479,     14.20620464,   -3.28815349,   -3.19194092,   15.71231519,    -13.27333955,  -13.03827804,   23.69413246,   90.90194271,     27.21363366], [  -85.14609829,   45.27617794,  -29.00893703,   16.08339065,     -9.21399766,   35.15628013,    0.02299903,   21.25649947,     21.00646502,   -5.98051594,   11.49203715,   27.21363366,     76.48087947]]
/root/sim/music/out/あいみょん/瞬間的シックスセンス/04_二人だけの国.mp3; [-604.03815   , 129.13751   ,  -1.7843857 ,  16.232449  ,  -1.912231  ,   -8.303125  ,  10.558557  ,  -9.841051  ,  -0.53869927,  -2.9222245 ,  -13.345336  ,   0.5302052 ,  -6.0383635 ]; [[24517.01573147, -180.63566025,  680.88016646,  813.43880989,     63.25259409,  207.05417517,  582.94144292,  -28.52745146,     60.74609984,  209.47807532, -224.08244854,  225.9247492 ,    -69.79760182], [ -180.63566025, 3166.01374093, -323.28809112,   74.29757297,    217.15932277,  -59.13360705,   -6.41721431,   66.47483599,    -21.46656005,  -83.0766122 ,  -27.63711823,    1.94161847,     23.49481466], [  680.88016646, -323.28809112, 1137.96572963,    8.18659094,     35.86358145,  175.6682609 ,  216.53529492, -116.77376844,     79.16166107,   15.89576509,   -7.90486643,    5.80235013,    -70.52370952], [  813.43880989,   74.29757297,    8.18659094,  689.39653282,    157.06327058,  129.5150453 ,  -64.7848893 ,  287.43471006,      4.21338967,  -33.48850084,  110.56645621,   61.30199967,     66.15871133], [   63.25259409,  217.15932277,   35.86358145,  157.06327058,    303.6160991 ,   95.23336804,   11.1687822 ,   97.04207185,     26.86439478,   39.89213222,   37.33022618,   45.52664565,     54.04171529], [  207.05417517,  -59.13360705,  175.6682609 ,  129.5150453 ,     95.23336804,  526.28739042,   37.07444858,   99.51520836,     78.36120449,   -3.20143785,  105.33052293,   -2.13407333,     47.24839683], [  582.94144292,   -6.41721431,  216.53529492,  -64.7848893 ,     11.1687822 ,   37.07444858,  299.03979571,  -77.77454508,     38.80260568,   88.28333953,  -28.5153906 ,   12.11561134,    -40.04666892], [  -28.52745146,   66.47483599, -116.77376844,  287.43471006,     97.04207185,   99.51520836,  -77.77454508,  387.14198404,     18.29887944,  -39.37909722,  119.98299107,   44.67592083,    101.09216494], [   60.74609984,  -21.46656005,   79.16166107,    4.21338967,     26.86439478,   78.36120449,   38.80260568,   18.29887944,    200.80867994,   50.52904234,   29.06489626,   27.14666951,     -1.31682446], [  209.47807532,  -83.0766122 ,   15.89576509,  -33.48850084,     39.89213222,   -3.20143785,   88.28333953,  -39.37909722,     50.52904234,  172.17893169,    8.92241535,    8.48730638,      2.26266685], [ -224.08244854,  -27.63711823,   -7.90486643,  110.56645621,     37.33022618,  105.33052293,  -28.5153906 ,  119.98299107,     29.06489626,    8.92241535,  165.08206181,   47.99926102,     46.91107626], [  225.9247492 ,    1.94161847,    5.80235013,   61.30199967,     45.52664565,   -2.13407333,   12.11561134,   44.67592083,     27.14666951,    8.48730638,   47.99926102,  144.36405938,     48.58035135], [  -69.79760182,   23.49481466,  -70.52370952,   66.15871133,     54.04171529,   47.24839683,  -40.04666892,  101.09216494,     -1.31682446,    2.26266685,   46.91107626,   48.58035135,    159.7053296 ]]
/root/sim/music/out/あいみょん/瞬間的シックスセンス/10_あした世界が終わるとしても.mp3; [-533.8362    , 119.40373   ,  -8.933828  ,  15.397945  ,   9.944095  ,    0.55996495,   4.73766   ,  -3.432541  ,   0.9342587 ,   5.5173106 ,   -8.849614  ,  -1.6663815 ,  -3.345729  ]; [[24164.47094231,  652.4041002 , 1510.01941472, 1124.4250556 ,    -35.46921557,  881.6282759 ,  606.59357498,  183.20437872,    300.19863502,  441.4011269 , -160.22918987,  -62.80220934,     86.17169568], [  652.4041002 , 1368.59419727, -198.40528735,  -59.88696617,     -4.32957514,  -90.19529484,   10.86881527,  -63.195226  ,      0.17365949,   -8.72812803,  -44.24985249,  -23.4819104 ,     -3.35180621], [ 1510.01941472, -198.40528735,  975.5851199 ,  224.20030373,     51.90454335,  174.823327  ,  158.1609169 ,  -23.04566425,     45.62952232,   37.4620519 ,   13.1065939 ,   36.56493378,     -5.0415466 ], [ 1124.4250556 ,  -59.88696617,  224.20030373,  404.3051607 ,     92.10078763,   86.81852575,   29.15698167,   63.54429591,      5.56058958,   35.57231174,   45.63237497,   44.96841035,     17.01809483], [  -35.46921557,   -4.32957514,   51.90454335,   92.10078763,    196.65447829,   36.73544155,   -2.98403535,   25.28657738,     23.60360376,    4.55452494,   39.32491682,   30.1565143 ,     11.73580905], [  881.6282759 ,  -90.19529484,  174.823327  ,   86.81852575,     36.73544155,  329.45196993,   48.13735931,   52.68920855,     74.50288134,   48.15398962,   60.70827695,  -12.66282996,     38.24550993], [  606.59357498,   10.86881527,  158.1609169 ,   29.15698167,     -2.98403535,   48.13735931,  208.1519382 ,   -0.92934051,     33.43874047,   50.63131544,  -24.31809714,   22.49086194,     -4.40234807], [  183.20437872,  -63.195226  ,  -23.04566425,   63.54429591,     25.28657738,   52.68920855,   -0.92934051,  142.39642596,     36.05483727,    7.46845608,   39.40304147,    0.00702466,     32.41503206], [  300.19863502,    0.17365949,   45.62952232,    5.56058958,     23.60360376,   74.50288134,   33.43874047,   36.05483727,    116.08043332,   38.89147581,   16.97090901,   -4.36421438,     14.48123888], [  441.4011269 ,   -8.72812803,   37.4620519 ,   35.57231174,      4.55452494,   48.15398962,   50.63131544,    7.46845608,     38.89147581,   96.69640397,   15.11001774,   10.3144005 ,      5.74583086], [ -160.22918987,  -44.24985249,   13.1065939 ,   45.63237497,     39.32491682,   60.70827695,  -24.31809714,   39.40304147,     16.97090901,   15.11001774,  109.39609206,   22.63964426,     23.07767786], [  -62.80220934,  -23.4819104 ,   36.56493378,   44.96841035,     30.1565143 ,  -12.66282996,   22.49086194,    0.00702466,     -4.36421438,   10.3144005 ,   22.63964426,   83.33471078,     16.81715272], [   86.17169568,   -3.35180621,   -5.0415466 ,   17.01809483,     11.73580905,   38.24550993,   -4.40234807,   32.41503206,     14.48123888,    5.74583086,   23.07767786,   16.81715272,     74.55715846]]
/root/sim/music/out/あいみょん/瞬間的シックスセンス/05_プレゼント.mp3; [-502.02713   ,  99.684784  ,   0.30571336,  22.581078  ,  16.800245  ,    5.8136587 ,  14.46344   ,   0.9412606 ,   1.3804774 ,   4.5733    ,   -2.626631  ,   1.4349985 ,  -4.927718  ]; [[13841.68782165,  879.88048579,  230.95404904,  184.06907511,    336.36802576,  140.15543936,  286.10411599,   -1.11831102,     68.86715915,  182.33585698,  -73.70066716,   17.19227217,     30.44682028], [  879.88048579,  676.3510867 ,  -58.20744677,  117.32563779,     53.84438155,  110.82621191,   42.67752714,   72.08019927,     40.99412138,   -2.78077125,   53.6872424 ,    1.125597  ,     -0.78736292], [  230.95404904,  -58.20744677,  464.68430375,   15.63065716,     25.57183105,  -25.46810799,   55.15941208,  -57.27147447,     -7.56546885,   11.01927168,   -2.77059581,    0.61116488,     -7.32362431], [  184.06907511,  117.32563779,   15.63065716,  303.09142987,     73.46198906,   63.05193937,   -7.14213706,   49.73224879,    -22.01537538,   -9.80922855,   17.20119893,   15.5429327 ,      6.56610207], [  336.36802576,   53.84438155,   25.57183105,   73.46198906,    189.98118326,   79.49093006,    6.11844391,   27.29297888,     16.38645896,    4.03025151,   26.78960134,    8.40139533,      8.46158904], [  140.15543936,  110.82621191,  -25.46810799,   63.05193937,     79.49093006,  285.90046385,   -2.68182744,   95.29817269,     35.90695366,  -16.55219777,   61.83877717,  -26.6042392 ,     28.48976667], [  286.10411599,   42.67752714,   55.15941208,   -7.14213706,      6.11844391,   -2.68182744,  156.80178618,    9.72418009,     24.88560003,   43.62719152,  -19.20091884,   13.42040448,      8.12643413], [   -1.11831102,   72.08019927,  -57.27147447,   49.73224879,     27.29297888,   95.29817269,    9.72418009,  180.69881831,     54.49487598,   -4.31474551,   49.68843858,  -14.47036569,     17.88902274], [   68.86715915,   40.99412138,   -7.56546885,  -22.01537538,     16.38645896,   35.90695366,   24.88560003,   54.49487598,    105.20104127,   43.07807233,   16.09016683,   -7.78066644,     10.48271245], [  182.33585698,   -2.78077125,   11.01927168,   -9.80922855,      4.03025151,  -16.55219777,   43.62719152,   -4.31474551,     43.07807233,  106.09355863,    7.43748197,   13.78447524,      7.88007946], [  -73.70066716,   53.6872424 ,   -2.77059581,   17.20119893,     26.78960134,   61.83877717,  -19.20091884,   49.68843858,     16.09016683,    7.43748197,   99.35748165,   14.48096761,     11.37722719], [   17.19227217,    1.125597  ,    0.61116488,   15.5429327 ,      8.40139533,  -26.6042392 ,   13.42040448,  -14.47036569,     -7.78066644,   13.78447524,   14.48096761,   89.52509602,     35.25648776], [   30.44682028,   -0.78736292,   -7.32362431,    6.56610207,      8.46158904,   28.48976667,    8.12643413,   17.88902274,     10.48271245,    7.88007946,   11.37722719,   35.25648776,     84.70997747]]
/root/sim/music/out/あいみょん/瞬間的シックスセンス/03_ら、のはなし.mp3; [-547.7431   , 120.3529   ,   3.6434922,  15.2670355,   6.399362 ,    0.9437701,   5.209294 ,  -3.8280618,  -4.877726 ,  -2.036062 ,   -7.883006 ,  -6.9630733,  -6.3973384]; [[24365.94115197,  124.12703398, -209.28648698,  590.21473416,    196.04564988,  158.55037303,  521.74096388,  137.82831583,    380.98708401,  352.10845312,   35.57663758,  -22.22237462,    -94.02274198], [  124.12703398, 1548.79508423, -220.23708797,  -74.34161123,     55.45215956,    9.55086262,  -48.62333503,    9.61321964,    -99.84385091,  -62.61291746,  -49.09418637,  -35.84653416,    -41.46966683], [ -209.28648698, -220.23708797,  653.73613103,   88.14617201,     17.28655154,   -8.84383657,    8.50866239,  -37.51887218,     48.57076467,  -36.1344136 ,   45.56627205,   40.09655496,     43.33998686], [  590.21473416,  -74.34161123,   88.14617201,  306.46640098,     85.68573835,   22.28563893,  -20.95508861,   55.44560978,     22.94052171,   12.13173974,   35.67780307,   38.16609848,     24.16043996], [  196.04564988,   55.45215956,   17.28655154,   85.68573835,    166.26557301,   48.0588008 ,    9.77745121,   35.79315574,     23.70909235,   20.29886269,   23.94914788,   26.42204446,     20.21884448], [  158.55037303,    9.55086262,   -8.84383657,   22.28563893,     48.0588008 ,  211.2912629 ,   47.46498858,   64.59332697,     36.5321137 ,   22.14066911,   38.49785529,    2.62957086,     32.31338674], [  521.74096388,  -48.62333503,    8.50866239,  -20.95508861,      9.77745121,   47.46498858,  172.34446278,   31.78812715,     48.39214263,   34.72384967,   10.04414702,   26.85290667,     21.97120731], [  137.82831583,    9.61321964,  -37.51887218,   55.44560978,     35.79315574,   64.59332697,   31.78812715,  148.0633239 ,     46.64200365,   21.21084335,   33.75991799,   21.26274037,     24.89726019], [  380.98708401,  -99.84385091,   48.57076467,   22.94052171,     23.70909235,   36.5321137 ,   48.39214263,   46.64200365,    129.70506681,   50.70108147,   34.24083405,   20.71451728,     19.44818084], [  352.10845312,  -62.61291746,  -36.1344136 ,   12.13173974,     20.29886269,   22.14066911,   34.72384967,   21.21084335,     50.70108147,  102.22057081,   32.35172999,   13.76274952,      9.7071676 ], [   35.57663758,  -49.09418637,   45.56627205,   35.67780307,     23.94914788,   38.49785529,   10.04414702,   33.75991799,     34.24083405,   32.35172999,   85.60979359,   34.02589512,     24.76696629], [  -22.22237462,  -35.84653416,   40.09655496,   38.16609848,     26.42204446,    2.62957086,   26.85290667,   21.26274037,     20.71451728,   13.76274952,   34.02589512,   87.36949488,     38.23755033], [  -94.02274198,  -41.46966683,   43.33998686,   24.16043996,     20.21884448,   32.31338674,   21.97120731,   24.89726019,     19.44818084,    9.7071676 ,   24.76696629,   38.23755033,     85.94756997]]
/root/sim/music/out/あいみょん/瞬間的シックスセンス/06_ひかりもの.mp3; [-550.63477  , 126.99274  ,  11.857593 ,  21.609898 ,   7.1791015,   -0.9601047,   6.9694953,  -2.8624604,   5.3650146,   5.001797 ,   -6.441735 ,  -4.168133 ,  -4.168707 ]; [[20092.07680819,  780.61338601, -106.18160103, -365.0821822 ,   -445.81308967, -336.64888804,  308.66484052, -141.72298283,     97.581953  ,  163.51278826, -143.45338019,  -35.56434315,   -151.431276  ], [  780.61338601, 1224.52169631, -126.15335115,   -6.54644835,     62.73114762,  -37.77904299,   44.56505587,  -10.47841258,     57.41719797,   24.5693811 ,   -1.71554853,   -0.82513668,     26.08602743], [ -106.18160103, -126.15335115,  474.26248848,   -7.72413981,     71.71603239,  -52.75434143,   16.89518874,  -66.79987815,    -12.0980097 ,  -23.36067687,   -1.69162456,   18.67698636,    -24.19640375], [ -365.0821822 ,   -6.54644835,   -7.72413981,  463.38065038,     91.67317322,   97.04259043, -145.49525666,   67.63308832,    -42.34658595,   -5.73722797,   27.39384217,   24.75233456,     18.02852522], [ -445.81308967,   62.73114762,   71.71603239,   91.67317322,    174.03453992,    9.24300402,  -15.8619959 ,   -9.97803852,      6.2680328 ,   10.42932372,   -0.21929747,   15.76416029,     -0.56384561], [ -336.64888804,  -37.77904299,  -52.75434143,   97.04259043,      9.24300402,  259.2187163 ,  -33.14757773,   86.52576551,     13.74827079,    1.46898274,   45.67979025,  -22.0314586 ,     25.03270811], [  308.66484052,   44.56505587,   16.89518874, -145.49525666,    -15.8619959 ,  -33.14757773,  189.30737375,  -18.46954221,     31.16638198,   21.42517988,  -15.25578366,    0.79261935,    -12.59840926], [ -141.72298283,  -10.47841258,  -66.79987815,   67.63308832,     -9.97803852,   86.52576551,  -18.46954221,  135.91669216,     26.86053634,    1.41427966,   26.61988749,   -1.99729828,     31.92195248], [   97.581953  ,   57.41719797,  -12.0980097 ,  -42.34658595,      6.2680328 ,   13.74827079,   31.16638198,   26.86053634,     96.54098119,   29.25966246,   11.28150861,   -8.12595947,      8.67276051], [  163.51278826,   24.5693811 ,  -23.36067687,   -5.73722797,     10.42932372,    1.46898274,   21.42517988,    1.41427966,     29.25966246,   92.18731242,   11.71664786,    6.75460825,     -0.20320482], [ -143.45338019,   -1.71554853,   -1.69162456,   27.39384217,     -0.21929747,   45.67979025,  -15.25578366,   26.61988749,     11.28150861,   11.71664786,   93.49728728,   27.93735354,     22.02617433], [  -35.56434315,   -0.82513668,   18.67698636,   24.75233456,     15.76416029,  -22.0314586 ,    0.79261935,   -1.99729828,     -8.12595947,    6.75460825,   27.93735354,   88.54138277,     25.70886531], [ -151.431276  ,   26.08602743,  -24.19640375,   18.02852522,     -0.56384561,   25.03270811,  -12.59840926,   31.92195248,      8.67276051,   -0.20320482,   22.02617433,   25.70886531,     94.12217611]]
/root/sim/music/out/あいみょん/瞬間的シックスセンス/01_満月の夜なら.mp3; [-491.18518  ,  95.10297  ,   6.917264 ,  21.058947 ,  11.416303 ,    5.3477893,   8.148421 ,   1.0726476,   4.8341875,   7.2892118,   -5.1378946,   2.5281787,  -1.4784294]; [[13088.72211757,  752.40699483, -108.66628017,  165.21260268,     37.15424667,   35.60261371,  -27.1080706 ,   44.52871159,     61.41096125,   22.31359989, -171.20205948,  -31.46619844,    -71.90376917], [  752.40699483,  666.00275156,  -55.34514487,    2.31210191,     35.97109696,   38.52759272,   61.79435071,   35.94301494,     33.63690761,   24.68266208,   21.59608012,    7.60511855,      0.29864221], [ -108.66628017,  -55.34514487,  387.08693621,   80.59019326,     21.97353661,   19.9933604 ,  -31.39653383,    3.59753686,    -11.56020861,  -28.43221794,   40.43048693,    5.05429078,      0.64934752], [  165.21260268,    2.31210191,   80.59019326,  324.136516  ,     86.36360534,   23.52064627,  -28.46248876,   53.19480383,    -16.4689566 ,  -15.12611684,    2.39026737,   32.41841707,      0.32891908], [   37.15424667,   35.97109696,   21.97353661,   86.36360534,    157.99796755,   47.35341299,    1.44758994,   24.15374716,      7.1266778 ,    5.91385378,    8.89560916,   10.00337747,      1.90580902], [   35.60261371,   38.52759272,   19.9933604 ,   23.52064627,     47.35341299,  249.48580651,   25.45603459,   44.42194006,     13.54043563,    1.00968014,   35.40912233,   -9.62917403,     28.96306265], [  -27.1080706 ,   61.79435071,  -31.39653383,  -28.46248876,      1.44758994,   25.45603459,  159.9895255 ,    4.47587558,     29.7677666 ,   32.76440809,  -18.4853303 ,    5.40848452,      5.87692181], [   44.52871159,   35.94301494,    3.59753686,   53.19480383,     24.15374716,   44.42194006,    4.47587558,  129.7009186 ,     38.76175883,   -7.36811765,   18.08021693,    4.90198376,     15.45932078], [   61.41096125,   33.63690761,  -11.56020861,  -16.4689566 ,      7.1266778 ,   13.54043563,   29.7677666 ,   38.76175883,    123.42854965,   44.39958329,   -1.69120185,  -13.77989013,      8.07409833], [   22.31359989,   24.68266208,  -28.43221794,  -15.12611684,      5.91385378,    1.00968014,   32.76440809,   -7.36811765,     44.39958329,   98.52463286,   21.80525987,    2.33797984,      0.43165211], [ -171.20205948,   21.59608012,   40.43048693,    2.39026737,      8.89560916,   35.40912233,  -18.4853303 ,   18.08021693,     -1.69120185,   21.80525987,  107.25812613,   22.73044496,      7.93601045], [  -31.46619844,    7.60511855,    5.05429078,   32.41841707,     10.00337747,   -9.62917403,    5.40848452,    4.90198376,    -13.77989013,    2.33797984,   22.73044496,   90.76576113,     27.6620191 ], [  -71.90376917,    0.29864221,    0.64934752,    0.32891908,      1.90580902,   28.96306265,    5.87692181,   15.45932078,      8.07409833,    0.43165211,    7.93601045,   27.6620191 ,     79.88451905]]
/root/sim/music/out/あいみょん/瞬間的シックスセンス/08_夢追いベンガル.mp3; [-473.1908    ,  95.17164   , -22.424286  ,  30.020985  ,   2.9565628 ,    8.240168  ,   6.5443497 ,  -0.93161345,   0.5431581 ,   5.161876  ,   -5.01943   ,   0.84591335,  -4.719872  ]; [[16361.52526309,  160.39205603, -486.00455939,  157.23483075,   -122.32095176,  244.07702365,  281.36848872,  242.45361431,    123.79034679,  202.51436982,  -85.0315459 ,    5.8120436 ,   -201.47124284], [  160.39205603, 1016.00107247, -110.21936529,   69.03708949,     54.65546971,   44.92348725,   26.13569721,  -64.47089119,      1.66678046,  -15.38184015,   -0.65265166,  -21.07625392,     26.06188644], [ -486.00455939, -110.21936529,  363.45431648,    4.63793438,     45.12319176,  -42.77096438,    3.46179861,   12.29145661,     -2.77296011,  -13.06837686,   28.49490659,   11.13298067,      5.20074524], [  157.23483075,   69.03708949,    4.63793438,  337.63414602,     62.12766762,  -44.01652639,  -83.49046056,   30.26406795,    -51.40799899,  -20.74851986,    4.26706478,   55.90288338,      7.28034346], [ -122.32095176,   54.65546971,   45.12319176,   62.12766762,    141.95826043,   -7.41034633,   -9.63730124,   -7.40239417,      5.13222837,    2.4950947 ,    7.86716188,   17.67573741,      5.91409572], [  244.07702365,   44.92348725,  -42.77096438,  -44.01652639,     -7.41034633,  182.13363902,   38.94729927,    2.2672076 ,      9.19015549,   25.12814647,    5.79620736,  -16.85998542,     17.56584768], [  281.36848872,   26.13569721,    3.46179861,  -83.49046056,     -9.63730124,   38.94729927,  162.41795696,    9.66157275,     39.57462728,   24.56381171,    3.53376491,   -8.54125566,     -2.91806235], [  242.45361431,  -64.47089119,   12.29145661,   30.26406795,     -7.40239417,    2.2672076 ,    9.66157275,  120.04101716,     27.21567881,    0.02582981,    2.05417444,   11.36740943,      1.42869097], [  123.79034679,    1.66678046,   -2.77296011,  -51.40799899,      5.13222837,    9.19015549,   39.57462728,   27.21567881,    111.76574518,   35.52944545,    1.16484902,  -21.61910282,     -1.69087842], [  202.51436982,  -15.38184015,  -13.06837686,  -20.74851986,      2.4950947 ,   25.12814647,   24.56381171,    0.02582981,     35.52944545,   86.26314325,   14.33431597,   -1.56971343,     -6.07666475], [  -85.0315459 ,   -0.65265166,   28.49490659,    4.26706478,      7.86716188,    5.79620736,    3.53376491,    2.05417444,      1.16484902,   14.33431597,   68.81344493,   20.40601541,      2.37477176], [    5.8120436 ,  -21.07625392,   11.13298067,   55.90288338,     17.67573741,  -16.85998542,   -8.54125566,   11.36740943,    -21.61910282,   -1.56971343,   20.40601541,   78.37194868,     15.70921218], [ -201.47124284,   26.06188644,    5.20074524,    7.28034346,      5.91409572,   17.56584768,   -2.91806235,    1.42869097,     -1.69087842,   -6.07666475,    2.37477176,   15.70921218,     63.86780085]]
