/root/sim/music/out/Aerosmith/Big_Ones/06_Janie's_Got_A_Gun.mp3; [-560.2116    ,  95.31862   ,   6.511795  ,  19.93687   ,  -8.606052  ,   14.929027  ,  -2.4945319 ,   8.283668  ,   3.7439756 ,   3.965906  ,    3.5970364 ,  -0.20414712,  -2.0000138 ]; [[19072.09206429, -784.33216651, -838.87557846,  313.62125806,    -88.12626217,  376.40127444,   76.69807813,   78.09888485,    320.98944808,  234.12588012,   37.65522564,  186.95383977,     98.8848757 ], [ -784.33216651, 1034.9289754 ,   12.66153112,   14.9661805 ,     65.77003203,  -12.24883796,    2.79636186,   26.49748214,    -51.71769269,   -8.28495307,   45.74010177,  -20.14749564,     23.38093676], [ -838.87557846,   12.66153112,  511.88672938,  -69.64437208,     62.96496729,   41.44331716,  -19.29720856,   10.34792441,     -5.51490676,   16.75387955,  -36.82939238,  -11.287785  ,     31.13335319], [  313.62125806,   14.9661805 ,  -69.64437208,  298.96337839,     84.56441514,   21.24321159,   38.62354708,   30.15959697,     44.37029563,   13.88315299,    9.52047608,   40.22027125,     15.93901846], [  -88.12626217,   65.77003203,   62.96496729,   84.56441514,    242.21514405,   34.30673863,   57.51453696,    4.86348396,     35.67990198,   30.78256755,   23.42820158,   38.8971321 ,     25.19739506], [  376.40127444,  -12.24883796,   41.44331716,   21.24321159,     34.30673863,  216.8718296 ,   58.71121471,   38.61980004,     73.14398307,   44.47207869,   -3.60558587,   22.92971463,     22.75652928], [   76.69807813,    2.79636186,  -19.29720856,   38.62354708,     57.51453696,   58.71121471,  167.13363564,   39.93613515,     40.94781622,   14.71252045,   15.64470195,   24.14515577,      8.18420461], [   78.09888485,   26.49748214,   10.34792441,   30.15959697,      4.86348396,   38.61980004,   39.93613515,  116.05847054,     33.57457344,   14.84449995,  -10.6044212 ,  -17.69190528,      2.71177521], [  320.98944808,  -51.71769269,   -5.51490676,   44.37029563,     35.67990198,   73.14398307,   40.94781622,   33.57457344,    150.09863289,   58.25453149,   -5.39308283,   10.19927845,     15.44756869], [  234.12588012,   -8.28495307,   16.75387955,   13.88315299,     30.78256755,   44.47207869,   14.71252045,   14.84449995,     58.25453149,  106.13077628,    6.94242687,   14.81596971,     12.12948029], [   37.65522564,   45.74010177,  -36.82939238,    9.52047608,     23.42820158,   -3.60558587,   15.64470195,  -10.6044212 ,     -5.39308283,    6.94242687,  100.96519072,   29.64559816,     -8.40701859], [  186.95383977,  -20.14749564,  -11.287785  ,   40.22027125,     38.8971321 ,   22.92971463,   24.14515577,  -17.69190528,     10.19927845,   14.81596971,   29.64559816,   90.20899722,     21.59498971], [   98.8848757 ,   23.38093676,   31.13335319,   15.93901846,     25.19739506,   22.75652928,    8.18420461,    2.71177521,     15.44756869,   12.12948029,   -8.40701859,   21.59498971,     83.66047957]]
/root/sim/music/out/Aerosmith/Music_From_Another_Dimension!/04_Tell_Me.mp3; [-508.54376   , 118.72767   ,   9.988821  ,  20.388342  ,   2.9765406 ,   10.1557    ,  -1.805297  ,   5.1285133 ,   3.173343  ,  -0.46919402,   -4.919425  ,  -2.0741913 ,  -3.2928007 ]; [[9248.6652856 ,-592.12907171,-550.72432551, -25.34275917, 211.96811895,   171.77022852,  11.32104439, -26.85955703,  91.32391133,  54.27596586,   -44.58598328,  52.05152732,  63.16206498], [-592.12907171, 900.97625367,-158.61740982,  66.25162143, -22.51676843,   -24.08116941,  40.62675724,  68.94072155, -28.17869759, -14.05065801,    31.91887217,  21.89082697,  16.87967322], [-550.72432551,-158.61740982, 506.43991177, -18.07928009, -23.5949458 ,    17.44908816,  -8.11698776, -32.77008537,  24.63074551,   5.75501861,    26.27424078, -30.10403449, -27.24917515], [ -25.34275917,  66.25162143, -18.07928009, 194.44920907,  48.76298984,   -12.97608065,   1.23013921,  20.08318834, -14.70045619,  13.26188077,    -1.34711599,  25.15153093,  20.7026385 ], [ 211.96811895, -22.51676843, -23.5949458 ,  48.76298984, 137.05964571,    28.63090395,  -6.77985073,  -3.24499346,  28.14167139,  13.36959609,     1.84877458,  11.67409971,  13.79651395], [ 171.77022852, -24.08116941,  17.44908816, -12.97608065,  28.63090395,   106.71195949,  59.38395371,  19.25504959,  12.29066428,  13.80641703,    25.71682891,  -0.37455519,  -0.5467246 ], [  11.32104439,  40.62675724,  -8.11698776,   1.23013921,  -6.77985073,    59.38395371, 161.15295163,  56.84507506,  -3.66852369,  11.73236854,    38.21783948,   2.34553946,  -1.78956754], [ -26.85955703,  68.94072155, -32.77008537,  20.08318834,  -3.24499346,    19.25504959,  56.84507506,  96.99288251,  20.31432475,  17.59078598,    12.95541522,   4.12832098,   3.65222483], [  91.32391133, -28.17869759,  24.63074551, -14.70045619,  28.14167139,    12.29066428,  -3.66852369,  20.31432475, 100.58926119,  37.60538372,    -6.8494809 ,  -3.58488514,  -1.71715214], [  54.27596586, -14.05065801,   5.75501861,  13.26188077,  13.36959609,    13.80641703,  11.73236854,  17.59078598,  37.60538372,  81.01334756,    24.05899991,   3.78165796,   1.11080936], [ -44.58598328,  31.91887217,  26.27424078,  -1.34711599,   1.84877458,    25.71682891,  38.21783948,  12.95541522,  -6.8494809 ,  24.05899991,    82.13183138,  15.18245478,  -1.35568949], [  52.05152732,  21.89082697, -30.10403449,  25.15153093,  11.67409971,    -0.37455519,   2.34553946,   4.12832098,  -3.58488514,   3.78165796,    15.18245478,  85.89049055,  39.49827589], [  63.16206498,  16.87967322, -27.24917515,  20.7026385 ,  13.79651395,    -0.5467246 ,  -1.78956754,   3.65222483,  -1.71715214,   1.11080936,    -1.35568949,  39.49827589,  71.89593112]]
/root/sim/music/out/Aerosmith/Music_From_Another_Dimension!/10_Lover_Alot.mp3; [-487.53143  ,  98.30132  ,  -4.1144576,  23.367235 ,   7.6079636,   16.28692  ,   2.9835134,   7.4085245,   3.6452503,  -2.3137186,   -3.2325983,  -1.7073228,  -3.3695397]; [[6629.3093891 , 181.01281389, -39.05084151, -80.87934494, -36.20589881,    -0.92688005,-135.38236194,-107.55444911, -72.75414983,-112.60445015,   -64.02235946, -20.29459969, -44.5951552 ], [ 181.01281389, 675.34906635,-213.41564139,   9.48697999, -43.87756882,    26.04291756,  13.47957966,  47.24967685,  10.09540152,   5.88836451,    19.71737798,  36.28383235,  17.67094242], [ -39.05084151,-213.41564139, 261.44220331,  45.92198002,  37.76647293,    -9.44652115,  -0.87728119,  -9.8207068 ,  -0.92080651,   3.15268152,     1.21187817,  -1.21982634,   7.63379327], [ -80.87934494,   9.48697999,  45.92198002, 232.81060615,  53.25924538,    -4.72382653,  14.24662623,  24.10115471,  19.54717668,  30.63373129,    26.94839424,  26.29161997,  18.91037892], [ -36.20589881, -43.87756882,  37.76647293,  53.25924538, 142.83943306,    48.83459608,   4.0687858 ,   8.9964783 ,  37.17813405,  20.65541415,     1.17836938,  14.5592464 ,  12.11953654], [  -0.92688005,  26.04291756,  -9.44652115,  -4.72382653,  48.83459608,   107.82388045,  55.26096289,  27.26066331,  21.2955657 ,  15.9106142 ,    14.16803541,  13.22413973,   3.5145326 ], [-135.38236194,  13.47957966,  -0.87728119,  14.24662623,   4.0687858 ,    55.26096289, 153.42499794,  69.86796098,  22.8875349 ,  27.00195316,    34.02546976,  12.54368003,   3.01996059], [-107.55444911,  47.24967685,  -9.8207068 ,  24.10115471,   8.9964783 ,    27.26066331,  69.86796098,  91.53761921,  45.5763936 ,  29.83528515,    15.33566101,  12.60676783,   8.50672905], [ -72.75414983,  10.09540152,  -0.92080651,  19.54717668,  37.17813405,    21.2955657 ,  22.8875349 ,  45.5763936 ,  84.80560145,  40.20052176,     5.85535852,   5.49176849,   6.8684711 ], [-112.60445015,   5.88836451,   3.15268152,  30.63373129,  20.65541415,    15.9106142 ,  27.00195316,  29.83528515,  40.20052176,  73.68410736,    33.17350305,  12.28042138,   2.8414501 ], [ -64.02235946,  19.71737798,   1.21187817,  26.94839424,   1.17836938,    14.16803541,  34.02546976,  15.33566101,   5.85535852,  33.17350305,    67.57695409,  29.92728769,   5.51804724], [ -20.29459969,  36.28383235,  -1.21982634,  26.29161997,  14.5592464 ,    13.22413973,  12.54368003,  12.60676783,   5.49176849,  12.28042138,    29.92728769,  59.71660834,  24.21525534], [ -44.5951552 ,  17.67094242,   7.63379327,  18.91037892,  12.11953654,     3.5145326 ,   3.01996059,   8.50672905,   6.8684711 ,   2.8414501 ,     5.51804724,  24.21525534,  51.41408069]]
/root/sim/music/out/Aerosmith/Music_From_Another_Dimension!/02_Oh_Yeah.mp3; [-488.23535   , 113.14582   ,  -5.243746  ,  23.643696  ,   0.54218215,   10.330954  ,   2.5129004 ,   4.872169  ,   4.9958563 ,   1.4257101 ,   -0.22173116,  -1.625028  ,   2.247415  ]; [[7267.94152089,-478.16452927,-400.34405045,-231.14331847, -75.21664835,  -124.29863727,   1.6063441 , -13.4309821 ,  24.66312171,  32.26060451,    20.69801821,  18.56406939, -11.67265887], [-478.16452927, 796.81493119,-113.93813406,  51.92397948,  12.94098276,    66.50609948,  50.13984334,   7.38442479,  11.27428148, -12.56519483,    -3.25000701,  19.81213608,  39.95945591], [-400.34405045,-113.93813406, 318.46071158,  49.09229209,  28.67474276,   -13.67930877, -35.40549307, -10.47748711,  -7.16295386,  -2.60892703,     7.27676106,  -6.6637134 ,  -4.52509836], [-231.14331847,  51.92397948,  49.09229209, 184.47725654,  48.60160144,   -12.18111656, -12.15603435,   5.64486015,  29.29110959,  14.92773839,     1.57443362,   0.25832802,   5.793622  ], [ -75.21664835,  12.94098276,  28.67474276,  48.60160144, 102.88625657,    17.6416558 ,  -9.87651941,  -1.7292673 ,  33.12092565,  14.52915023,     2.09660469,  -1.44183653,   6.30145941], [-124.29863727,  66.50609948, -13.67930877, -12.18111656,  17.6416558 ,   120.516768  ,  53.88785295,   5.37065411, -11.70039548,   4.56258838,     5.13467341,   5.72968461,   8.92438321], [   1.6063441 ,  50.13984334, -35.40549307, -12.15603435,  -9.87651941,    53.88785295, 119.39319151,  33.46413605,   2.21288361,   2.2673718 ,    17.74615222,   8.03426471,   6.04735909], [ -13.4309821 ,   7.38442479, -10.47748711,   5.64486015,  -1.7292673 ,     5.37065411,  33.46413605,  82.73138744,  31.68381729,   1.11728313,    -0.36316513,   1.98721094,   0.66337813], [  24.66312171,  11.27428148,  -7.16295386,  29.29110959,  33.12092565,   -11.70039548,   2.21288361,  31.68381729,  91.25657352,  29.7373683 ,     8.74172786, -10.57302334,   4.32218849], [  32.26060451, -12.56519483,  -2.60892703,  14.92773839,  14.52915023,     4.56258838,   2.2673718 ,   1.11728313,  29.7373683 ,  70.38881613,    18.70449964,   1.26773849,  -9.63893194], [  20.69801821,  -3.25000701,   7.27676106,   1.57443362,   2.09660469,     5.13467341,  17.74615222,  -0.36316513,   8.74172786,  18.70449964,    60.7098561 ,  15.30569609,   3.55992962], [  18.56406939,  19.81213608,  -6.6637134 ,   0.25832802,  -1.44183653,     5.72968461,   8.03426471,   1.98721094, -10.57302334,   1.26773849,    15.30569609,  60.33502428,  19.65345878], [ -11.67265887,  39.95945591,  -4.52509836,   5.793622  ,   6.30145941,     8.92438321,   6.04735909,   0.66337813,   4.32218849,  -9.63893194,     3.55992962,  19.65345878,  57.47539062]]
/root/sim/music/out/Aerosmith/Music_From_Another_Dimension!/15_Another_Last_Goodbye.mp3; [-654.96533   , 163.75507   ,  -7.822236  ,  -1.0385574 ,  -7.7182746 ,    4.7663455 , -16.056274  ,  -8.014645  ,  -0.24548599,  -6.398646  ,   -6.54378   ,  -0.9347256 ,  -1.5190867 ]; [[17226.9759246 ,-3505.32637069, -837.2455638 ,  193.92599861,   -124.92778057,  444.59054614, -739.42458282,   25.70553375,    670.03654142,  117.26852231,  -15.30516411,  217.26157679,     40.33046139], [-3505.32637069, 3245.57914823,   -1.70356778,  134.6718292 ,     83.42528486, -290.60396212,  215.77877518,  -46.41354784,   -257.60805192,   23.64200853,   21.6557326 , -101.85054981,     -6.74513163], [ -837.2455638 ,   -1.70356778, 1068.92399742,  -37.9565982 ,    132.43877106,  157.64714671,  112.90505307,   96.97506491,    -29.42335508,    5.47353694,   24.39404031,    0.3199759 ,    -33.42131112], [  193.92599861,  134.6718292 ,  -37.9565982 ,  497.15406065,    118.7448201 ,   11.26081095,   32.53565306,  103.18263196,     33.36164936,   86.92722425,  -23.74880426,   43.06801671,     26.01857084], [ -124.92778057,   83.42528486,  132.43877106,  118.7448201 ,    338.56924636,   55.81894401,   17.74529912,   78.75963378,     61.48853923,   35.15926347,   45.32477991,    9.17038745,     -8.51905821], [  444.59054614, -290.60396212,  157.64714671,   11.26081095,     55.81894401,  336.10567172,  114.09700974,  110.57294076,     57.26872022,   21.71416869,   28.33648463,    0.19403202,    -25.0313466 ], [ -739.42458282,  215.77877518,  112.90505307,   32.53565306,     17.74529912,  114.09700974,  353.3939018 ,   90.46810317,    -52.00846436,   22.43799119,   12.95064507,  -22.2640289 ,    -11.07178388], [   25.70553375,  -46.41354784,   96.97506491,  103.18263196,     78.75963378,  110.57294076,   90.46810317,  223.38290461,     38.9371934 ,   41.31261636,    9.09584278,    3.62658864,     -3.57548753], [  670.03654142, -257.60805192,  -29.42335508,   33.36164936,     61.48853923,   57.26872022,  -52.00846436,   38.9371934 ,    202.58533522,   38.58266164,   17.72742377,   21.7999949 ,      2.06276861], [  117.26852231,   23.64200853,    5.47353694,   86.92722425,     35.15926347,   21.71416869,   22.43799119,   41.31261636,     38.58266164,  138.22072007,   22.86593794,    6.3928192 ,      4.10364947], [  -15.30516411,   21.6557326 ,   24.39404031,  -23.74880426,     45.32477991,   28.33648463,   12.95064507,    9.09584278,     17.72742377,   22.86593794,  145.26830911,   15.00789421,     -1.5479746 ], [  217.26157679, -101.85054981,    0.3199759 ,   43.06801671,      9.17038745,    0.19403202,  -22.2640289 ,    3.62658864,     21.7999949 ,    6.3928192 ,   15.00789421,  125.0632145 ,     48.58015351], [   40.33046139,   -6.74513163,  -33.42131112,   26.01857084,     -8.51905821,  -25.0313466 ,  -11.07178388,   -3.57548753,      2.06276861,    4.10364947,   -1.5479746 ,   48.58015351,    120.71475828]]
/root/sim/music/out/Aerosmith/Music_From_Another_Dimension!/11_We_All_Fall_Down.mp3; [-573.5724    , 132.16469   ,  -0.11142661,  11.376908  ,   2.387059  ,    9.515648  ,  -7.3872924 ,   7.293581  ,   2.8192358 ,  -0.01586616,   -1.3407868 ,  -1.9267813 ,   1.9211208 ]; [[19128.81529286,-1713.28778594,  339.17829989,  129.9156362 ,    198.77694185,  180.85341321, -298.47945053,   30.15901636,     92.87764773,   -6.05975479, -223.39628241, -158.80796471,    171.80416424], [-1713.28778594, 1525.28357942, -139.30996189,  184.93675888,     44.2382011 ,  -36.5728471 ,   -6.56194209,  -45.67444641,    -56.78530983,  -64.83889793,  -13.61054917,   -9.30140269,    -22.11145649], [  339.17829989, -139.30996189,  933.45562465,  -72.73113484,    124.88639943,   30.13167698, -113.08451102,  -33.58553706,    -62.8171169 ,  -76.59407586,  -22.69295948,  -10.17158667,     15.45263063], [  129.9156362 ,  184.93675888,  -72.73113484,  348.99457872,     86.21495814,   17.32292934,   19.90292699,    0.67833146,     11.4867175 ,   34.75817345,  -21.04437174,   31.36252465,     16.83932145], [  198.77694185,   44.2382011 ,  124.88639943,   86.21495814,    212.84161984,   15.37756743,  -19.66904728,  -24.79643278,      1.980168  ,   21.16380551,  -11.78486874,   17.46799495,     16.29308521], [  180.85341321,  -36.5728471 ,   30.13167698,   17.32292934,     15.37756743,  138.4519789 ,   43.24885708,   37.29388477,     39.32500593,   22.0583211 ,   25.74285135,   10.77868   ,     12.91154617], [ -298.47945053,   -6.56194209, -113.08451102,   19.90292699,    -19.66904728,   43.24885708,  241.63222333,   74.19668092,     46.33074752,   53.09020949,   32.71816232,   27.06745756,     -0.00815015], [   30.15901636,  -45.67444641,  -33.58553706,    0.67833146,    -24.79643278,   37.29388477,   74.19668092,  117.61579234,     52.63223776,   39.29332397,   17.18750603,    7.19766949,      9.24501866], [   92.87764773,  -56.78530983,  -62.8171169 ,   11.4867175 ,      1.980168  ,   39.32500593,   46.33074752,   52.63223776,    134.24155343,   61.90944642,   30.68044619,   16.23079333,      9.56240917], [   -6.05975479,  -64.83889793,  -76.59407586,   34.75817345,     21.16380551,   22.0583211 ,   53.09020949,   39.29332397,     61.90944642,  151.54233064,   46.51590926,   30.74948816,      3.87893693], [ -223.39628241,  -13.61054917,  -22.69295948,  -21.04437174,    -11.78486874,   25.74285135,   32.71816232,   17.18750603,     30.68044619,   46.51590926,  112.3553525 ,   37.01711254,      9.95785834], [ -158.80796471,   -9.30140269,  -10.17158667,   31.36252465,     17.46799495,   10.77868   ,   27.06745756,    7.19766949,     16.23079333,   30.74948816,   37.01711254,   84.60081369,     21.93410406], [  171.80416424,  -22.11145649,   15.45263063,   16.83932145,     16.29308521,   12.91154617,   -0.00815015,    9.24501866,      9.56240917,    3.87893693,    9.95785834,   21.93410406,     72.06419786]]
/root/sim/music/out/Aerosmith/Music_From_Another_Dimension!/07_What_Could_Have_Been_Love.mp3; [-509.15445  , 107.66964  ,   2.72846  ,  21.787312 ,   4.1343226,   11.549271 ,  -5.028111 ,   3.1031394,   3.620475 ,   1.3475604,    1.7547601,   2.932507 ,   1.2701823]; [[ 5336.40872431,-1307.15752924,   72.6157546 , -188.45345985,    181.62072846,  152.315191  ,   73.4689522 , -138.54806161,     22.95302303,  -96.77474589, -120.07233435, -117.41311605,     -7.33964797], [-1307.15752924,  870.42166075, -128.40642159,   41.04070765,    -59.59328353,  -35.65802796,  -25.6087845 ,   70.53609526,     -3.46428872,   43.07351794,   44.83316226,   26.25979303,     -2.51873665], [   72.6157546 , -128.40642159,  279.93358392,   41.07285092,      1.19814228,   -7.46863859,   -5.71699822,   -1.74205519,    -21.86723712,  -18.91905523,    3.0574233 ,   -0.19316564,     15.50481174], [ -188.45345985,   41.04070765,   41.07285092,  209.03423627,     36.65910209,  -33.35076375,  -28.08557703,    8.44252473,      0.93696493,   -3.84692076,   -5.06367215,   18.97790837,     21.48873087], [  181.62072846,  -59.59328353,    1.19814228,   36.65910209,    176.38111562,   20.72582468,  -21.50991048,   -9.86812592,     26.83954171,    0.84388296,  -19.21902546,   11.09016969,      7.50546391], [  152.315191  ,  -35.65802796,   -7.46863859,  -33.35076375,     20.72582468,  146.11458802,   63.28279606,   23.77132545,     19.98926722,   -0.19755809,    1.09364709,   -2.75271079,     -1.0421616 ], [   73.4689522 ,  -25.6087845 ,   -5.71699822,  -28.08557703,    -21.50991048,   63.28279606,  162.01370021,   45.37172286,     -6.27436881,   -0.1869156 ,   12.85453539,   -8.39484798,    -13.59704304], [ -138.54806161,   70.53609526,   -1.74205519,    8.44252473,     -9.86812592,   23.77132545,   45.37172286,  105.16653792,     21.15173582,    8.0004244 ,   10.63282961,   -1.29730449,     -4.40901553], [   22.95302303,   -3.46428872,  -21.86723712,    0.93696493,     26.83954171,   19.98926722,   -6.27436881,   21.15173582,    104.35575279,   25.58650386,    0.99359928,    4.16360455,      0.98962917], [  -96.77474589,   43.07351794,  -18.91905523,   -3.84692076,      0.84388296,   -0.19755809,   -0.1869156 ,    8.0004244 ,     25.58650386,   90.48526342,   22.46218773,   -0.73674378,    -12.42455554], [ -120.07233435,   44.83316226,    3.0574233 ,   -5.06367215,    -19.21902546,    1.09364709,   12.85453539,   10.63282961,      0.99359928,   22.46218773,   91.04998572,   18.59621724,     -1.72053787], [ -117.41311605,   26.25979303,   -0.19316564,   18.97790837,     11.09016969,   -2.75271079,   -8.39484798,   -1.29730449,      4.16360455,   -0.73674378,   18.59621724,   81.85823796,     26.17944444], [   -7.33964797,   -2.51873665,   15.50481174,   21.48873087,      7.50546391,   -1.0421616 ,  -13.59704304,   -4.40901553,      0.98962917,  -12.42455554,   -1.72053787,   26.17944444,     67.66905216]]
/root/sim/music/out/Aerosmith/Music_From_Another_Dimension!/01_LUV_XXX.mp3; [-556.07745   , 124.07474   ,   4.57568   ,  23.867786  ,   0.76008254,    5.842011  ,  -1.0957    ,   2.4774163 ,  -2.4681942 ,  -1.38759   ,   -3.928234  ,  -4.526781  ,  -3.6849134 ]; [[28813.43277699,-8050.62950233,-1134.46562654, 1492.21843993,    757.81791566,  351.61634121,   98.65146785,  240.1686563 ,   1251.29937834, 1001.17981025,  599.95975162,  480.28247797,     43.13556448], [-8050.62950233, 3571.80406869,  107.08623399, -603.31354289,   -322.8511016 , -160.14405958, -118.78661686, -124.56698932,   -495.80846519, -376.23514345, -205.92904441, -181.38826692,     -4.05569048], [-1134.46562654,  107.08623399,  658.41735082,  -38.39163677,    -16.21375159,   12.35467615,   55.54160451,   -7.97183708,    -18.09359026,  -41.02992173,  -26.36650834,   10.2640498 ,     19.06415069], [ 1492.21843993, -603.31354289,  -38.39163677,  374.10462846,     99.94428884,    7.65523638,    1.05487098,   53.1751427 ,     85.96145676,   71.10880785,   39.57869703,   41.96875197,     16.48656601], [  757.81791566, -322.8511016 ,  -16.21375159,   99.94428884,    178.33937472,   37.57516966,  -24.18943609,    3.52837716,     93.66858724,   46.01118903,   10.75315916,   22.43219599,     18.59628883], [  351.61634121, -160.14405958,   12.35467615,    7.65523638,     37.57516966,  112.94285065,   36.30188586,    0.9341091 ,     24.88420053,   18.85482246,   20.43245365,   13.23467728,     -2.27898667], [   98.65146785, -118.78661686,   55.54160451,    1.05487098,    -24.18943609,   36.30188586,  202.16379186,   52.80400892,     11.6800094 ,   18.78683236,   38.20051643,   15.74509749,    -17.39683841], [  240.1686563 , -124.56698932,   -7.97183708,   53.1751427 ,      3.52837716,    0.9341091 ,   52.80400892,  101.54922788,     54.83915598,   22.09250691,   19.86016681,    8.54363938,      0.57913576], [ 1251.29937834, -495.80846519,  -18.09359026,   85.96145676,     93.66858724,   24.88420053,   11.6800094 ,   54.83915598,    214.72313844,  105.32318369,   23.67981229,   21.7362039 ,      1.49080685], [ 1001.17981025, -376.23514345,  -41.02992173,   71.10880785,     46.01118903,   18.85482246,   18.78683236,   22.09250691,    105.32318369,  123.750473  ,   52.11755747,   15.35497306,     -7.67926831], [  599.95975162, -205.92904441,  -26.36650834,   39.57869703,     10.75315916,   20.43245365,   38.20051643,   19.86016681,     23.67981229,   52.11755747,  102.35292871,   31.67102391,     -4.48985503], [  480.28247797, -181.38826692,   10.2640498 ,   41.96875197,     22.43219599,   13.23467728,   15.74509749,    8.54363938,     21.7362039 ,   15.35497306,   31.67102391,   67.83004678,     22.3882085 ], [   43.13556448,   -4.05569048,   19.06415069,   16.48656601,     18.59628883,   -2.27898667,  -17.39683841,    0.57913576,      1.49080685,   -7.67926831,   -4.48985503,   22.3882085 ,     59.64729162]]
/root/sim/music/out/Aerosmith/Music_From_Another_Dimension!/05_Out_Go_The_Lights.mp3; [-499.0066    , 106.80603   ,  -8.142565  ,  20.274088  ,  -5.7876315 ,    9.8927555 ,   1.7977916 ,   4.1440296 ,   0.3616888 ,   0.08570774,   -2.5852554 ,  -1.4367813 ,   0.47857866]; [[8502.77333122,   2.76174661,-229.6145674 , 164.81743984, 171.09679362,    24.56447343, -40.28985742,  67.43371367, 169.27958718,  49.40072856,    14.77220016, -82.92877323,-100.55535171], [   2.76174661, 732.61368592,-138.17292864,  91.62538515, -23.82027255,    11.47728639,  33.09883121,  22.01532451,   2.44596008,  -2.58481508,   -36.67800897,  -9.86762238,  -1.61404561], [-229.6145674 ,-138.17292864, 403.92091097,  45.1869173 ,  49.19771042,     8.21116305,  -0.55658726,  -9.33520613, -17.26336108, -27.72584026,     2.23585296,  15.35579732,   7.01719805], [ 164.81743984,  91.62538515,  45.1869173 , 229.47284722,  51.48391356,    24.28705702,   5.56134189,  30.74697897,  30.86595214,  16.63659761,     2.76883955,   7.82222058,  -1.04688171], [ 171.09679362, -23.82027255,  49.19771042,  51.48391356, 154.81252897,    40.4588436 ,  14.70113358,  10.50434174,  30.76075995,  19.49669011,    15.1504056 ,  15.87027099,  11.64584083], [  24.56447343,  11.47728639,   8.21116305,  24.28705702,  40.4588436 ,   105.6912384 ,  59.4380258 ,  26.73817364,  13.60173679,  18.68537875,    15.02290146,  12.61484407,   9.41885476], [ -40.28985742,  33.09883121,  -0.55658726,   5.56134189,  14.70113358,    59.4380258 , 135.37482456,  50.91996712,   6.84050717,  17.45522637,    19.27359851,  15.64543228,  14.30601001], [  67.43371367,  22.01532451,  -9.33520613,  30.74697897,  10.50434174,    26.73817364,  50.91996712,  94.99734979,  56.76266592,  29.46409184,     7.34453926,   3.51713989,   5.75344006], [ 169.27958718,   2.44596008, -17.26336108,  30.86595214,  30.76075995,    13.60173679,   6.84050717,  56.76266592, 113.94026402,  54.69779438,     5.13464309,  -4.88566577,   0.26962532], [  49.40072856,  -2.58481508, -27.72584026,  16.63659761,  19.49669011,    18.68537875,  17.45522637,  29.46409184,  54.69779438,  98.52936133,    41.35740562,   9.78036494,  -3.46910568], [  14.77220016, -36.67800897,   2.23585296,   2.76883955,  15.1504056 ,    15.02290146,  19.27359851,   7.34453926,   5.13464309,  41.35740562,    80.34009659,  30.87154586,   4.75885427], [ -82.92877323,  -9.86762238,  15.35579732,   7.82222058,  15.87027099,    12.61484407,  15.64543228,   3.51713989,  -4.88566577,   9.78036494,    30.87154586,  79.02631242,  39.01111974], [-100.55535171,  -1.61404561,   7.01719805,  -1.04688171,  11.64584083,     9.41885476,  14.30601001,   5.75344006,   0.26962532,  -3.46910568,     4.75885427,  39.01111974,  73.04122348]]
/root/sim/music/out/Aerosmith/Music_From_Another_Dimension!/14_Something.mp3; [-501.13568   , 113.984245  , -20.665565  ,  27.39414   ,   3.0310566 ,   12.230331  ,   0.40008977,   5.471119  ,   5.7471576 ,   3.8740757 ,   -2.89189   ,  -1.6145387 ,   1.9391261 ]; [[8591.03689118,-745.25153064, 706.67464956,-341.18333338,  87.93579383,   138.01668952, -74.83724269, 308.08125373, 182.36157082,  82.14203376,    84.21113526, 120.48399544,  48.69015129], [-745.25153064,1052.17158493,-491.60859739, 226.48600866,-138.88439415,   -46.84046398, -34.45188911, -80.72108025, -19.73938666, -27.23236508,     3.92667242, -14.09598069,  -2.74726575], [ 706.67464956,-491.60859739, 739.91384487,-137.68865746, 136.65777677,    40.65850255,  17.75969491, 116.43914296,  49.96639118,  46.36356037,    37.69304327,  44.48785425,  14.29624594], [-341.18333338, 226.48600866,-137.68865746, 223.1947562 , -21.54057553,    23.40249564, -26.08665404, -32.87318541, -18.52846016,  -0.00045566,    -7.94667731, -13.00169622,  -4.33310465], [  87.93579383,-138.88439415, 136.65777677, -21.54057553, 162.53380967,    58.42908326,  46.99335859,  49.51100865,  46.3550218 ,  16.8916391 ,    13.96473753,  20.37252722,   6.8431175 ], [ 138.01668952, -46.84046398,  40.65850255,  23.40249564,  58.42908326,   122.61692398,  50.52776108,  61.17190642,  32.35596695,  25.42801023,    13.79443387,  14.89458888,   2.15440529], [ -74.83724269, -34.45188911,  17.75969491, -26.08665404,  46.99335859,    50.52776108, 114.99169126,  62.67333626,  40.53977223,  12.5993777 ,     9.95986746,   9.22809541,   1.71749435], [ 308.08125373, -80.72108025, 116.43914296, -32.87318541,  49.51100865,    61.17190642,  62.67333626, 147.93491861,  75.89594834,  33.76371544,    18.65580941,  25.07338244,   5.29628667], [ 182.36157082, -19.73938666,  49.96639118, -18.52846016,  46.3550218 ,    32.35596695,  40.53977223,  75.89594834, 102.64557457,  36.95757426,    18.88213807,  13.38604422,   1.45475685], [  82.14203376, -27.23236508,  46.36356037,  -0.00045566,  16.8916391 ,    25.42801023,  12.5993777 ,  33.76371544,  36.95757426,  70.66232814,    29.72158589,  11.71587601,   0.9988657 ], [  84.21113526,   3.92667242,  37.69304327,  -7.94667731,  13.96473753,    13.79443387,   9.95986746,  18.65580941,  18.88213807,  29.72158589,    60.92980937,  29.05159844,   8.92461662], [ 120.48399544, -14.09598069,  44.48785425, -13.00169622,  20.37252722,    14.89458888,   9.22809541,  25.07338244,  13.38604422,  11.71587601,    29.05159844,  60.33406376,  22.53587039], [  48.69015129,  -2.74726575,  14.29624594,  -4.33310465,   6.8431175 ,     2.15440529,   1.71749435,   5.29628667,   1.45475685,   0.9988657 ,     8.92461662,  22.53587039,  49.51372363]]
/root/sim/music/out/Aerosmith/Music_From_Another_Dimension!/03_Be.autiful.mp3; [-536.339    , 107.22948  ,   3.8956084,  24.965607 ,   6.9901066,    9.867294 ,   1.2485039,   5.5092177,   7.8481827,   2.776966 ,   -2.1424096,   0.7889714,   5.274588 ]; [[18585.99833934, -729.82999602, -796.49803914, -132.49284322,   -188.33440995, -382.83691711, -578.46398766, -131.77098266,   -128.39420564, -109.40814131, -165.97435491,  -35.89217019,     13.68158341], [ -729.82999602, 1038.92053111,  -10.09577183,  -38.69203101,    -34.96753911,  139.97672382,   60.07775815,   20.18608727,     83.21815091,   30.59710973,   35.56582608,  -23.07007771,     -5.89225722], [ -796.49803914,  -10.09577183,  605.57162173,  -52.62395578,    152.02837768,   79.29797962,   76.50286997,   31.97744009,     13.0608397 ,   51.6245362 ,   63.75642761,   40.29229571,    -17.88713586], [ -132.49284322,  -38.69203101,  -52.62395578,  389.02485895,     57.28137746,   -3.29118996,   31.4539489 ,   34.82528368,     -2.09355287,  -11.93163574,    4.09752814,   -8.01691299,     28.30736908], [ -188.33440995,  -34.96753911,  152.02837768,   57.28137746,    229.06313947,   50.86521282,   14.37259492,   34.20084364,     41.51761582,   40.03323656,   17.42529529,   22.53158028,     11.6012333 ], [ -382.83691711,  139.97672382,   79.29797962,   -3.29118996,     50.86521282,  174.40318436,   87.01277718,   28.23280108,     35.25379197,   33.52065115,   23.90329607,    3.74633204,    -10.07781304], [ -578.46398766,   60.07775815,   76.50286997,   31.4539489 ,     14.37259492,   87.01277718,  181.55348891,   57.20545941,      7.60163918,   22.27154092,   34.17597737,    2.90767309,     -8.99701377], [ -131.77098266,   20.18608727,   31.97744009,   34.82528368,     34.20084364,   28.23280108,   57.20545941,   89.64564042,     39.90176076,   24.27206794,   15.46099686,   11.43544722,     14.60058991], [ -128.39420564,   83.21815091,   13.0608397 ,   -2.09355287,     41.51761582,   35.25379197,    7.60163918,   39.90176076,    110.49338359,   51.85611377,    9.12738403,   12.05140438,     14.12507258], [ -109.40814131,   30.59710973,   51.6245362 ,  -11.93163574,     40.03323656,   33.52065115,   22.27154092,   24.27206794,     51.85611377,   89.72119444,   45.6128453 ,   24.38807261,      3.30259751], [ -165.97435491,   35.56582608,   63.75642761,    4.09752814,     17.42529529,   23.90329607,   34.17597737,   15.46099686,      9.12738403,   45.6128453 ,   96.77636885,   39.75374482,     13.29215518], [  -35.89217019,  -23.07007771,   40.29229571,   -8.01691299,     22.53158028,    3.74633204,    2.90767309,   11.43544722,     12.05140438,   24.38807261,   39.75374482,   89.75334861,     48.58775653], [   13.68158341,   -5.89225722,  -17.88713586,   28.30736908,     11.6012333 ,  -10.07781304,   -8.99701377,   14.60058991,     14.12507258,    3.30259751,   13.29215518,   48.58775653,     84.76346503]]
/root/sim/music/out/Aerosmith/Music_From_Another_Dimension!/13_Closer.mp3; [-496.59604  , 122.96658  , -11.805997 ,  21.387156 ,   3.3201365,    6.2889795,  -2.48891  ,   2.2523632,   2.155055 ,  -0.534936 ,   -6.4866405,  -4.9551907,  -4.689499 ]; [[11161.33761775,-1933.45748555,   33.33594488, -666.3968804 ,    219.68747279,  254.4549014 , -180.86366534,  226.99147169,    153.59832411,  259.15062196,  171.12015354,  198.88589436,    114.07886092], [-1933.45748555, 1452.29966076, -642.18309064,  322.02286946,   -130.19530292, -120.92104883,   65.04799069, -112.89872105,    -33.66497925,  -70.15939816,  -42.7552523 ,  -55.26324844,      4.4730493 ], [   33.33594488, -642.18309064,  998.11194785, -241.62458829,     67.2106492 ,   64.82576542,   -0.25233429,   83.80845714,    -29.57677448,    6.65125648,   21.23441996,   47.73051094,    -12.7207569 ], [ -666.3968804 ,  322.02286946, -241.62458829,  345.91004706,    -30.62604687,  -43.33185795,   25.46035871,  -39.68069636,    -10.88978939,  -31.00549246,  -24.12488393,  -14.75053622,     19.24746695], [  219.68747279, -130.19530292,   67.2106492 ,  -30.62604687,    158.4310711 ,   23.8545719 ,  -34.09391389,    1.8796223 ,     29.96307475,   16.29811561,   -6.43358228,   23.05157765,      7.48529705], [  254.4549014 , -120.92104883,   64.82576542,  -43.33185795,     23.8545719 ,  133.29008644,   52.16670505,   22.4178748 ,      6.13746482,   -3.41643446,   18.50228093,    5.65313413,     -2.20344043], [ -180.86366534,   65.04799069,   -0.25233429,   25.46035871,    -34.09391389,   52.16670505,  169.90100893,   43.29814669,    -19.25857824,  -10.19258092,   24.68843368,    3.87950021,      0.81410992], [  226.99147169, -112.89872105,   83.80845714,  -39.68069636,      1.8796223 ,   22.4178748 ,   43.29814669,  102.94117147,     28.36519944,   15.98776466,   14.11303658,   14.93614331,     -3.92415762], [  153.59832411,  -33.66497925,  -29.57677448,  -10.88978939,     29.96307475,    6.13746482,  -19.25857824,   28.36519944,     94.09775086,   35.96436114,    0.11944573,   -2.65118489,     -7.42161853], [  259.15062196,  -70.15939816,    6.65125648,  -31.00549246,     16.29811561,   -3.41643446,  -10.19258092,   15.98776466,     35.96436114,   87.77718649,   31.3541684 ,   10.79271157,     -3.62874009], [  171.12015354,  -42.7552523 ,   21.23441996,  -24.12488393,     -6.43358228,   18.50228093,   24.68843368,   14.11303658,      0.11944573,   31.3541684 ,   77.78687002,   34.04522934,      5.77700925], [  198.88589436,  -55.26324844,   47.73051094,  -14.75053622,     23.05157765,    5.65313413,    3.87950021,   14.93614331,     -2.65118489,   10.79271157,   34.04522934,   79.56368909,     29.35252651], [  114.07886092,    4.4730493 ,  -12.7207569 ,   19.24746695,      7.48529705,   -2.20344043,    0.81410992,   -3.92415762,     -7.42161853,   -3.62874009,    5.77700925,   29.35252651,     64.14311654]]
/root/sim/music/out/Aerosmith/Music_From_Another_Dimension!/12_Freedom_Fighter.mp3; [-516.22266   , 120.0431    ,  -3.090166  ,  29.610107  ,  -2.8008184 ,    9.158554  ,   3.1528068 ,   3.7181396 ,  -0.22751106,   5.387419  ,   -2.73334   ,   0.50767714,   2.9668627 ]; [[16078.67273826,-1705.06097832,-1207.03168441,   -7.05287742,   -518.96640978,   98.75241356, -235.56150056,  -89.76413698,    162.22165486,  274.73286935,   -8.97855046,  128.45712446,    238.49344076], [-1705.06097832,  852.15307002,   28.05226039,  118.1669827 ,     46.32726974,  -36.4693673 ,   38.92661968,   -5.26072169,    -22.30301515,  -23.70818862,   11.22814834,   11.50143489,    -11.77436144], [-1207.03168441,   28.05226039,  403.49407252,   12.9009083 ,     45.25714681,  -25.24098075,   -5.79005901,   24.61068804,    -28.95313839,  -33.67717449,   -4.5474743 ,  -13.59659316,    -15.10136879], [   -7.05287742,  118.1669827 ,   12.9009083 ,  200.36986215,     35.24398462,   -1.48242699,    4.23621082,    0.50823604,     21.75445073,   22.40581601,   -3.09340083,    8.30425528,     16.52239129], [ -518.96640978,   46.32726974,   45.25714681,   35.24398462,    159.76803265,   -0.88624271,    0.11699057,    1.95018116,      0.25905527,  -15.80951136,   -3.76859587,   -9.87965762,    -16.07689689], [   98.75241356,  -36.4693673 ,  -25.24098075,   -1.48242699,     -0.88624271,   67.4293503 ,   23.41146599,   -0.14088181,      1.34082002,    3.87064481,    2.59411584,   -0.4182948 ,     -5.67015314], [ -235.56150056,   38.92661968,   -5.79005901,    4.23621082,      0.11699057,   23.41146599,   87.09922878,   27.27321152,     -1.24258837,    3.33223564,   11.12555936,   -1.44920377,     -8.40038535], [  -89.76413698,   -5.26072169,   24.61068804,    0.50823604,      1.95018116,   -0.14088181,   27.27321152,   70.65107996,     15.57847219,   -3.40383095,    5.87553907,    3.42764001,     -4.29172172], [  162.22165486,  -22.30301515,  -28.95313839,   21.75445073,      0.25905527,    1.34082002,   -1.24258837,   15.57847219,     68.29602722,   28.998744  ,   -7.07595253,    2.04740287,     10.20226378], [  274.73286935,  -23.70818862,  -33.67717449,   22.40581601,    -15.80951136,    3.87064481,    3.33223564,   -3.40383095,     28.998744  ,   68.89835584,   17.73937243,    0.34328756,     10.31273823], [   -8.97855046,   11.22814834,   -4.5474743 ,   -3.09340083,     -3.76859587,    2.59411584,   11.12555936,    5.87553907,     -7.07595253,   17.73937243,   61.18455996,   20.82811787,     -5.83272175], [  128.45712446,   11.50143489,  -13.59659316,    8.30425528,     -9.87965762,   -0.4182948 ,   -1.44920377,    3.42764001,      2.04740287,    0.34328756,   20.82811787,   59.18674401,     20.8189976 ], [  238.49344076,  -11.77436144,  -15.10136879,   16.52239129,    -16.07689689,   -5.67015314,   -8.40038535,   -4.29172172,     10.20226378,   10.31273823,   -5.83272175,   20.8189976 ,     58.31042152]]
/root/sim/music/out/Aerosmith/Music_From_Another_Dimension!/06_Legendary_Child.mp3; [-484.7782    , 101.42387   ,  -3.9401555 ,  25.596388  ,   7.8248763 ,    9.92348   ,   0.41882285,   6.213933  ,   3.6400924 ,   1.3550088 ,    0.28758165,  -0.90328777,  -2.6535869 ]; [[8860.03564168,-809.17686621, -26.84768357, -70.21291278,  -5.78075761,   224.81443212,  12.90711647,  85.8435345 , 104.11706091, 162.17993406,    36.80406585, -79.07049451, -93.61317647], [-809.17686621, 600.12437286,-186.81167463,  42.55478193,  -7.41399386,   -41.05414757,  -8.29652156, -13.48209179, -27.14403761, -35.78679173,     3.23747892,  22.74911389,  16.70165815], [ -26.84768357,-186.81167463, 340.23078754,   2.16512876,  21.53586663,    15.14456842,  15.75813758,  20.16179601,   7.5576856 ,  13.36643439,    10.44447666,   8.8296112 ,  20.21715251], [ -70.21291278,  42.55478193,   2.16512876, 186.9844267 ,  12.36216406,    -9.10233577,  14.20000343,  15.62462787,   1.53530717,   9.56185176,     4.17106611,  19.66522488,   9.43249489], [  -5.78075761,  -7.41399386,  21.53586663,  12.36216406, 113.00886006,    32.84521486,   3.18820036,   7.27598372,  31.46452724,  25.86086264,     3.46380132,  -3.19437617,  -1.62926081], [ 224.81443212, -41.05414757,  15.14456842,  -9.10233577,  32.84521486,   102.68547555,  45.39438689,  23.92355898,  20.89392521,  26.52144709,    16.55109145,   1.54954096,  -5.61502748], [  12.90711647,  -8.29652156,  15.75813758,  14.20000343,   3.18820036,    45.39438689, 118.87039339,  59.00262433,  12.16000576,  16.17788336,    27.19835686,  14.21594127,  -2.7584078 ], [  85.8435345 , -13.48209179,  20.16179601,  15.62462787,   7.27598372,    23.92355898,  59.00262433,  88.91521333,  36.82712034,  20.57801758,    11.06779515,  11.30303656,   0.51760564], [ 104.11706091, -27.14403761,   7.5576856 ,   1.53530717,  31.46452724,    20.89392521,  12.16000576,  36.82712034,  83.94221098,  46.47210759,     1.84229217,  -6.43550493,   0.22970437], [ 162.17993406, -35.78679173,  13.36643439,   9.56185176,  25.86086264,    26.52144709,  16.17788336,  20.57801758,  46.47210759,  79.15448576,    25.60686362,   0.32705498,  -1.77830224], [  36.80406585,   3.23747892,  10.44447666,   4.17106611,   3.46380132,    16.55109145,  27.19835686,  11.06779515,   1.84229217,  25.60686362,    67.10675703,  30.10092294,   3.57623987], [ -79.07049451,  22.74911389,   8.8296112 ,  19.66522488,  -3.19437617,     1.54954096,  14.21594127,  11.30303656,  -6.43550493,   0.32705498,    30.10092294,  68.65211524,  32.57453108], [ -93.61317647,  16.70165815,  20.21715251,   9.43249489,  -1.62926081,    -5.61502748,  -2.7584078 ,   0.51760564,   0.22970437,  -1.77830224,     3.57623987,  32.57453108,  71.39015746]]
