/root/sim/music/out/Rancid/_And_Out_Come_The_Wolves/04_Time_Bomb.mp3; [-534.33344  , 128.5516   ,  -4.983875 ,  24.765894 ,  13.336222 ,    3.0025702,   5.0912724,   5.7102885,  -1.461242 ,   3.0522904,   -1.302645 ,  -3.1782923,  -6.3937006]; [[6207.61990652,-425.12544617,-466.22924872,-178.78613847,-218.98020603,   -11.10826983, -73.63670385,  68.99741427,  61.92774877,  70.62420221,    39.97463723,   7.64465287,   6.3268358 ], [-425.12544617, 975.58663913,-354.77116979,  61.20065765,  23.53804036,   -75.23215044,  50.81706421, -32.95464016, -29.1198168 , -11.07419655,   -17.55828816, -10.26625125,   8.00163048], [-466.22924872,-354.77116979, 733.28488732, -31.53079967,  18.25125066,    84.99287965,  -5.27978457,  23.72065583,   9.77725811, -20.28299453,    38.19493794,  37.41849437,  -8.75549382], [-178.78613847,  61.20065765, -31.53079967, 251.72254117,  48.16042089,    10.0158434 ,  -5.52483358, -23.46141104,  -8.32734962, -13.98182505,   -38.62193906, -13.06388089,  31.04380767], [-218.98020603,  23.53804036,  18.25125066,  48.16042089, 192.8564904 ,   -13.43164312, -25.82870324, -25.60337263,   6.13214805,  21.68634591,   -18.30984733, -20.19423008,   3.61149219], [ -11.10826983, -75.23215044,  84.99287965,  10.0158434 , -13.43164312,   143.2718601 ,  36.20707722,  27.89100906,  15.04473929, -17.75741393,     4.04363987,  -0.92472713, -11.9278296 ], [ -73.63670385,  50.81706421,  -5.27978457,  -5.52483358, -25.82870324,    36.20707722, 142.77505878,  41.43297538, -11.9766594 , -15.05407088,    -7.08394603,  12.52864742,   0.34156641], [  68.99741427, -32.95464016,  23.72065583, -23.46141104, -25.60337263,    27.89100906,  41.43297538, 118.86567619,  36.41504669,  -0.21647714,     6.53847585,   7.98770541,   1.0481888 ], [  61.92774877, -29.1198168 ,   9.77725811,  -8.32734962,   6.13214805,    15.04473929, -11.9766594 ,  36.41504669, 106.78157358,  31.39725975,    15.39124276,  -9.87193582, -11.31771091], [  70.62420221, -11.07419655, -20.28299453, -13.98182505,  21.68634591,   -17.75741393, -15.05407088,  -0.21647714,  31.39725975,  81.47157093,    25.11282136,  -1.99554357,  -7.98386282], [  39.97463723, -17.55828816,  38.19493794, -38.62193906, -18.30984733,     4.04363987,  -7.08394603,   6.53847585,  15.39124276,  25.11282136,    83.39175449,  23.90471304, -12.11648474], [   7.64465287, -10.26625125,  37.41849437, -13.06388089, -20.19423008,    -0.92472713,  12.52864742,   7.98770541,  -9.87193582,  -1.99554357,    23.90471304,  71.63290253,  24.97715644], [   6.3268358 ,   8.00163048,  -8.75549382,  31.04380767,   3.61149219,   -11.9278296 ,   0.34156641,   1.0481888 , -11.31771091,  -7.98386282,   -12.11648474,  24.97715644,  71.81803989]]
/root/sim/music/out/Rancid/_And_Out_Come_The_Wolves/17_As_Wicked.mp3; [-510.969    , 116.27066  , -25.482641 ,  30.39801  ,   3.944293 ,   -1.0621378,   7.760785 ,   6.972426 ,  -1.4460107,  -0.9392422,   -3.1907952,  -3.8836884,  -4.63964  ]; [[7526.48155678,   8.82399185, 119.37532666,-236.38871877,  35.76167934,    10.16220714, -67.77317202,  41.331307  ,  31.5850808 ,  -1.76609098,   -30.59136963,-110.8225401 ,-127.0607209 ], [   8.82399185, 921.18460086,-235.32436992, 104.47860401, -10.43121008,  -111.46785629,  60.1828573 , -20.14442177,  22.69639215,  16.49735043,   -13.65171704,  40.50083658,  33.08585905], [ 119.37532666,-235.32436992, 457.67480726, -38.50047659,  90.92751752,    43.27937772, -10.92757675,   1.4457109 ,   0.57912194, -15.5692017 ,    26.0617106 ,  22.81496943,  21.58584886], [-236.38871877, 104.47860401, -38.50047659, 198.9020644 ,  34.57039975,    28.41089389,  10.68207861,  15.7489213 ,  14.83026813,   6.89202782,    -4.25295769,  20.64533715,  39.39651756], [  35.76167934, -10.43121008,  90.92751752,  34.57039975, 166.46443119,    24.88507432,  24.12687596,   9.64273826,  32.40626458,  23.77116994,     9.99710593,  -0.00567805,   9.62662144], [  10.16220714,-111.46785629,  43.27937772,  28.41089389,  24.88507432,   107.0564958 ,  22.43225906,  26.67262202,   3.25726083,  -5.57062553,     6.12064586,  -0.36064654,   2.86083582], [ -67.77317202,  60.1828573 , -10.92757675,  10.68207861,  24.12687596,    22.43225906, 126.6006371 ,  53.27486289,  20.24375496,   0.18229043,    -0.01682816,  17.98791449,   6.80344414], [  41.331307  , -20.14442177,   1.4457109 ,  15.7489213 ,   9.64273826,    26.67262202,  53.27486289,  84.05709431,  33.37358363,   8.24823897,    -2.15495951,   1.45758811,   5.17213105], [  31.5850808 ,  22.69639215,   0.57912194,  14.83026813,  32.40626458,     3.25726083,  20.24375496,  33.37358363,  73.638228  ,  40.27492877,    15.04931137,  -3.47054681,   0.11568667], [  -1.76609098,  16.49735043, -15.5692017 ,   6.89202782,  23.77116994,    -5.57062553,   0.18229043,   8.24823897,  40.27492877,  72.8468263 ,    32.02789465,   3.17993931,  -5.19543419], [ -30.59136963, -13.65171704,  26.0617106 ,  -4.25295769,   9.99710593,     6.12064586,  -0.01682816,  -2.15495951,  15.04931137,  32.02789465,    59.39838876,  19.86373656,   3.10505408], [-110.8225401 ,  40.50083658,  22.81496943,  20.64533715,  -0.00567805,    -0.36064654,  17.98791449,   1.45758811,  -3.47054681,   3.17993931,    19.86373656,  53.25285237,  28.56947761], [-127.0607209 ,  33.08585905,  21.58584886,  39.39651756,   9.62662144,     2.86083582,   6.80344414,   5.17213105,   0.11568667,  -5.19543419,     3.10505408,  28.56947761,  60.20202679]]
/root/sim/music/out/Rancid/_And_Out_Come_The_Wolves/08_Listed_MIA.mp3; [-511.56015   , 104.93711   , -22.760555  ,  31.144161  ,   5.301359  ,    1.32847   ,   5.279502  ,  10.73506   ,  -0.02533636,  -1.5855417 ,   -1.4142869 ,  -5.3564644 ,  -4.9754453 ]; [[6322.69081382, 469.67942834,-310.62908462,-123.2826222 , -94.69876304,   -31.1627123 , -19.35747623,  33.18412638, -32.18211556, -58.38773652,   -43.36835697, -65.45321311, -47.95803053], [ 469.67942834, 588.23274573,-199.29842871, 118.20700644,   5.05684097,    -0.03233868,  32.43257786,  16.61263081,  26.20099469,  10.28971823,    24.31091338,  -8.97312228, -18.0448787 ], [-310.62908462,-199.29842871, 436.00027664,   1.63592741,  63.99278773,    37.06532844,   7.79978903,  25.49879722,  15.75710402,   0.49021147,     6.45435835,  16.84475087,  22.01458556], [-123.2826222 , 118.20700644,   1.63592741, 171.92964504,  53.93100708,    17.74380013,   2.77501255,  26.58581395,  35.14905708,  17.51877007,    10.69709564,   8.68700482,  17.41841821], [ -94.69876304,   5.05684097,  63.99278773,  53.93100708, 143.87630388,    34.38714682,  36.49885158,  24.89440628,  32.09607272,  14.65833754,     6.15437639,  -2.79568436,   9.3264086 ], [ -31.1627123 ,  -0.03233868,  37.06532844,  17.74380013,  34.38714682,   102.58645821,  51.48012044,  22.30905782,   6.80432365,   0.93487301,    14.30627851,  -0.05625547,  -1.27918653], [ -19.35747623,  32.43257786,   7.79978903,   2.77501255,  36.49885158,    51.48012044, 132.28208151,  39.71312436,  10.41501875,  -9.69179438,     5.01040594,  10.74423451,   6.80377069], [  33.18412638,  16.61263081,  25.49879722,  26.58581395,  24.89440628,    22.30905782,  39.71312436,  73.99853177,  32.31124779,  14.44581528,    10.5116639 ,   5.48127023,   7.73931246], [ -32.18211556,  26.20099469,  15.75710402,  35.14905708,  32.09607272,     6.80432365,  10.41501875,  32.31124779,  74.3457628 ,  40.10833157,    23.04040196,   3.78365514,   8.04666   ], [ -58.38773652,  10.28971823,   0.49021147,  17.51877007,  14.65833754,     0.93487301,  -9.69179438,  14.44581528,  40.10833157,  76.52144047,    34.35064928,  14.36947453,   3.43316585], [ -43.36835697,  24.31091338,   6.45435835,  10.69709564,   6.15437639,    14.30627851,   5.01040594,  10.5116639 ,  23.04040196,  34.35064928,    66.18856694,  22.85998708,   4.36356441], [ -65.45321311,  -8.97312228,  16.84475087,   8.68700482,  -2.79568436,    -0.05625547,  10.74423451,   5.48127023,   3.78365514,  14.36947453,    22.85998708,  50.52052381,  22.64347004], [ -47.95803053, -18.0448787 ,  22.01458556,  17.41841821,   9.3264086 ,    -1.27918653,   6.80377069,   7.73931246,   8.04666   ,   3.43316585,     4.36356441,  22.64347004,  50.00041647]]
/root/sim/music/out/Rancid/_And_Out_Come_The_Wolves/02_The_11th_Hour.mp3; [-520.11774   , 105.38014   , -15.552751  ,  26.654804  ,   7.0741735 ,    4.0765676 ,   9.305797  ,  13.134318  ,   1.8124188 ,  -0.13208377,   -2.1641552 ,  -2.677076  ,  -4.2709413 ]; [[5227.99581424,-547.36596374,  85.35595679,-243.7432656 ,-131.29912138,   -82.95266153,-165.98850858,  53.27375085,  11.79186436,  81.650787  ,    81.15222349, -36.12977394,  15.68490156], [-547.36596374, 705.17269152,-249.38489231, 127.94507031,   7.00873427,    14.5481435 ,  77.34619392,  15.16632916,  21.23083433,   6.9444542 ,     5.41690344,  11.09667779, -11.50283421], [  85.35595679,-249.38489231, 523.41729789,-100.39869054,  66.97078042,     7.67769208, -34.29361372,   7.1382842 ,  10.05049975, -18.84692027,    15.61793282,  23.96654933,  15.56614439], [-243.7432656 , 127.94507031,-100.39869054, 225.03386808,  34.04179876,    21.41466958,  34.06013164,  -0.47807686,  11.73156016,  -4.02174141,   -27.74418565,   0.60070772,  11.94420684], [-131.29912138,   7.00873427,  66.97078042,  34.04179876, 169.48230935,    21.30107595,   3.15669256,   2.74856647,  29.42323077,  19.13690142,    -5.22172402, -10.11416225,   4.22221883], [ -82.95266153,  14.5481435 ,   7.67769208,  21.41466958,  21.30107595,    93.69769309,  46.95503195,  10.60725435,   2.48368188,  -6.0973387 ,    -3.9058128 ,   0.08762512,  -0.84398425], [-165.98850858,  77.34619392, -34.29361372,  34.06013164,   3.15669256,    46.95503195, 163.42039069,  51.81277814,   0.57613952, -14.16183701,   -10.10150222,  12.93342624,   3.2954781 ], [  53.27375085,  15.16632916,   7.1382842 ,  -0.47807686,   2.74856647,    10.60725435,  51.81277814,  98.00133979,  35.26798039,  20.62015822,     5.17976113,   4.53582235,   3.23137406], [  11.79186436,  21.23083433,  10.05049975,  11.73156016,  29.42323077,     2.48368188,   0.57613952,  35.26798039,  95.01161514,  47.66567024,    16.91840951,   0.41876506,   2.31977672], [  81.650787  ,   6.9444542 , -18.84692027,  -4.02174141,  19.13690142,    -6.0973387 , -14.16183701,  20.62015822,  47.66567024,  93.69280484,    37.79219556,   4.58171191,  -7.80288931], [  81.15222349,   5.41690344,  15.61793282, -27.74418565,  -5.22172402,    -3.9058128 , -10.10150222,   5.17976113,  16.91840951,  37.79219556,    77.4436449 ,  20.25260414,  -1.3528477 ], [ -36.12977394,  11.09667779,  23.96654933,   0.60070772, -10.11416225,     0.08762512,  12.93342624,   4.53582235,   0.41876506,   4.58171191,    20.25260414,  52.34198891,  15.98165889], [  15.68490156, -11.50283421,  15.56614439,  11.94420684,   4.22221883,    -0.84398425,   3.2954781 ,   3.23137406,   2.31977672,  -7.80288931,    -1.3528477 ,  15.98165889,  51.61893959]]
/root/sim/music/out/Rancid/_And_Out_Come_The_Wolves/05_Olympia_WA.mp3; [-507.45206  , 114.83776  , -14.583042 ,  21.6718   ,   6.165086 ,   -3.6169887,   5.408495 ,   7.38051  ,  -3.4017467,  -1.4579989,   -4.658147 ,  -2.669564 ,  -4.525269 ]; [[6903.59632368, 228.22693602,-172.50184141, -60.37671471,-100.57943049,   -18.60601818,  50.26027836,  22.91492073, -26.9771997 , -67.86315574,   -68.77783173, -11.17143875, -57.84731124], [ 228.22693602, 817.5402091 ,-130.72740919,  22.14824384,  -4.73638592,   -50.37494714,  27.94737357,  26.54229072,  14.8267631 ,  33.82425654,    30.87998127,   0.57090792,   3.80034608], [-172.50184141,-130.72740919, 433.43069235,   0.34724268,  93.45138088,    47.5685391 , -15.28751519,  31.23287517,  21.63320229,  15.36254721,    17.27792925,  15.37713143,  12.27709402], [ -60.37671471,  22.14824384,   0.34724268, 226.69094546,  63.63379288,    36.31185477,   8.302996  ,   0.89027245,  11.31859072, -14.79453519,   -25.79118788,   8.33028223,  34.64411012], [-100.57943049,  -4.73638592,  93.45138088,  63.63379288, 173.25962609,    28.76087006,  12.41965917,  -3.2971962 ,  23.94182631,  21.70396173,    -3.39698019,  -5.2736558 ,  13.3611991 ], [ -18.60601818, -50.37494714,  47.5685391 ,  36.31185477,  28.76087006,   116.9556221 ,  35.94174079,  20.80268368,   8.50078863,   1.08214761,    -1.07783719,  -4.40257047,  -9.09785361], [  50.26027836,  27.94737357, -15.28751519,   8.302996  ,  12.41965917,    35.94174079, 147.24836953,  44.76058377,  -6.07147443, -24.04790609,   -16.71337793,  14.80742144,   5.46533844], [  22.91492073,  26.54229072,  31.23287517,   0.89027245,  -3.2971962 ,    20.80268368,  44.76058377,  87.78984197,  18.12593406,  10.37588408,    -0.17806311,   5.46872439,  -1.08795917], [ -26.9771997 ,  14.8267631 ,  21.63320229,  11.31859072,  23.94182631,     8.50078863,  -6.07147443,  18.12593406,  80.66809047,  43.89683927,    23.85462219,  -2.57413694,  -2.26009203], [ -67.86315574,  33.82425654,  15.36254721, -14.79453519,  21.70396173,     1.08214761, -24.04790609,  10.37588408,  43.89683927,  98.51810316,    45.24894283,   3.88244741, -10.95350876], [ -68.77783173,  30.87998127,  17.27792925, -25.79118788,  -3.39698019,    -1.07783719, -16.71337793,  -0.17806311,  23.85462219,  45.24894283,    80.28705753,  21.14443784,   0.69317677], [ -11.17143875,   0.57090792,  15.37713143,   8.33028223,  -5.2736558 ,    -4.40257047,  14.80742144,   5.46872439,  -2.57413694,   3.88244741,    21.14443784,  58.97401766,  26.22017393], [ -57.84731124,   3.80034608,  12.27709402,  34.64411012,  13.3611991 ,    -9.09785361,   5.46533844,  -1.08795917,  -2.26009203, -10.95350876,     0.69317677,  26.22017393,  61.19647485]]
/root/sim/music/out/Rancid/_And_Out_Come_The_Wolves/19_The_Way_I_Feel.mp3; [-511.08423  ,  97.01398  , -18.541843 ,  26.82918  ,   9.913094 ,    4.140039 ,   9.402094 ,  11.283055 ,  -1.5697497,  -0.6602397,   -2.8420863,  -3.9571958,  -4.92336  ]; [[12273.08961399, 1409.91010133, -361.40745156,   85.69526   ,     33.46140214,   45.48473317,   65.31440683,  132.57606645,    -47.78578842,  -93.69026597,  -25.3809026 ,  -96.08455357,   -129.65095548], [ 1409.91010133,  567.91436825, -129.48370525,   61.27919964,     14.24268592,  -20.72791343,   32.97975731,   29.45097415,     33.28162202,   22.78122364,   21.93280066,    1.17817049,    -10.8905847 ], [ -361.40745156, -129.48370525,  313.16016205,   40.68074441,     53.11516068,   11.12445789,  -21.53441588,   18.47399719,     20.88935487,   16.82073253,   -9.92767101,   17.13188233,     21.3139004 ], [   85.69526   ,   61.27919964,   40.68074441,  159.87242426,     55.42289337,   18.79051114,   11.15213061,   18.20289764,      6.11195961,    8.10308621,  -12.46413567,    7.59157379,     35.09947679], [   33.46140214,   14.24268592,   53.11516068,   55.42289337,    118.6621062 ,   21.13925819,   17.78429421,   13.86425335,     21.92139742,   22.24123446,   -3.26547492,   -0.6744068 ,     12.99423264], [   45.48473317,  -20.72791343,   11.12445789,   18.79051114,     21.13925819,   82.84561054,   41.13603771,   19.72559954,      6.86332314,   -1.13241874,    5.64586246,    0.34920833,     -4.43900295], [   65.31440683,   32.97975731,  -21.53441588,   11.15213061,     17.78429421,   41.13603771,  125.29871292,   45.67520868,      4.38499129,  -15.74245434,   -8.80464391,    5.58836702,     10.96578995], [  132.57606645,   29.45097415,   18.47399719,   18.20289764,     13.86425335,   19.72559954,   45.67520868,   72.80978572,     32.54527473,   11.35195744,   -3.20298937,    2.51340421,      1.66099107], [  -47.78578842,   33.28162202,   20.88935487,    6.11195961,     21.92139742,    6.86332314,    4.38499129,   32.54527473,     73.88000473,   45.63202551,   18.71493208,   -3.22534757,     -7.14234688], [  -93.69026597,   22.78122364,   16.82073253,    8.10308621,     22.24123446,   -1.13241874,  -15.74245434,   11.35195744,     45.63202551,   80.29234499,   33.40221273,    5.2571344 ,     -2.84453397], [  -25.3809026 ,   21.93280066,   -9.92767101,  -12.46413567,     -3.26547492,    5.64586246,   -8.80464391,   -3.20298937,     18.71493208,   33.40221273,   61.81784338,   16.54799958,     -4.2881353 ], [  -96.08455357,    1.17817049,   17.13188233,    7.59157379,     -0.6744068 ,    0.34920833,    5.58836702,    2.51340421,     -3.22534757,    5.2571344 ,   16.54799958,   47.64260752,     21.35713946], [ -129.65095548,  -10.8905847 ,   21.3139004 ,   35.09947679,     12.99423264,   -4.43900295,   10.96578995,    1.66099107,     -7.14234688,   -2.84453397,   -4.2881353 ,   21.35713946,     60.62160837]]
/root/sim/music/out/Rancid/_And_Out_Come_The_Wolves/01_Maxwell_Murder.mp3; [-574.10846   , 130.78445   ,  -7.4492927 ,  31.204395  ,   7.095542  ,    2.3603187 ,   0.08330362,   5.1186604 ,  -4.8105016 ,  -4.047401  ,   -5.106862  ,  -6.2901816 ,  -7.1366124 ]; [[25716.1269659 ,-4705.43349221,-2724.68995105,  709.46429427,    986.91878758,  422.91782293,  172.55323282,  939.01501914,    166.11662894,  257.02883245,  199.02245408, -159.7966697 ,   -213.8675577 ], [-4705.43349221, 3065.58810929,  612.6340821 ,  -56.050594  ,   -334.04324237, -171.37703166,  -74.83266426, -317.14166038,    -80.70044893, -107.75353492, -117.11787247,   -1.60139329,     40.8525308 ], [-2724.68995105,  612.6340821 ,  740.72408632,  -51.43772403,   -153.03853307,  -43.26605481,  -33.18807488, -131.33824443,    -36.72197237,  -60.1718641 ,  -44.39302822,   33.61503494,     35.01591527], [  709.46429427,  -56.050594  ,  -51.43772403,  296.03861372,    160.06139464,   69.84843447,   -5.0808916 ,   56.31015762,     29.45202044,   18.36264783,   -8.60157784,   12.17350595,     27.25081059], [  986.91878758, -334.04324237, -153.03853307,  160.06139464,    292.75841487,  107.60915041,   12.94419205,   83.35331027,     54.43013631,   37.88267989,   12.71975824,   -2.81777472,      3.24340719], [  422.91782293, -171.37703166,  -43.26605481,   69.84843447,    107.60915041,  136.64890754,   45.05144699,   49.19324278,     27.67906682,   14.54095411,   16.72155645,    9.40861681,     -1.83466886], [  172.55323282,  -74.83266426,  -33.18807488,   -5.0808916 ,     12.94419205,   45.05144699,  138.29418808,   65.59720741,      6.52572017,   -3.83957796,   12.81732838,   17.03412167,     -9.1288786 ], [  939.01501914, -317.14166038, -131.33824443,   56.31015762,     83.35331027,   49.19324278,   65.59720741,  149.6226853 ,     44.07405729,   20.19631285,   24.05320261,   13.14595031,     -4.1702514 ], [  166.11662894,  -80.70044893,  -36.72197237,   29.45202044,     54.43013631,   27.67906682,    6.52572017,   44.07405729,     82.82552108,   47.93894475,   21.72602128,    0.92592749,      7.25751331], [  257.02883245, -107.75353492,  -60.1718641 ,   18.36264783,     37.88267989,   14.54095411,   -3.83957796,   20.19631285,     47.93894475,   86.1540449 ,   34.1601439 ,   -2.39663225,      7.80676984], [  199.02245408, -117.11787247,  -44.39302822,   -8.60157784,     12.71975824,   16.72155645,   12.81732838,   24.05320261,     21.72602128,   34.1601439 ,   73.11759178,   22.52141227,    -13.61803192], [ -159.7966697 ,   -1.60139329,   33.61503494,   12.17350595,     -2.81777472,    9.40861681,   17.03412167,   13.14595031,      0.92592749,   -2.39663225,   22.52141227,   56.88092793,     18.03605569], [ -213.8675577 ,   40.8525308 ,   35.01591527,   27.25081059,      3.24340719,   -1.83466886,   -9.1288786 ,   -4.1702514 ,      7.25751331,    7.80676984,  -13.61803192,   18.03605569,     68.93289973]]
/root/sim/music/out/Rancid/_And_Out_Come_The_Wolves/12_She's_Automatic.mp3; [-499.72308   , 101.827385  , -26.091812  ,  23.246143  ,   7.629787  ,   -2.0028365 ,   4.9757304 ,   9.135639  ,  -0.42391908,   0.51033294,   -2.997491  ,  -2.3123825 ,  -5.676688  ]; [[12105.82992668, 1469.23294069, -254.40357956,  -11.00778321,    -17.1922183 ,  -15.34516506,  -22.64565098,  125.98660291,    -15.92760425,  -96.53494695,  -81.41634768, -135.94190029,   -122.67804164], [ 1469.23294069,  870.89847987, -352.89346888,   84.66038703,    -66.09356865,  -55.74424207,   40.95414074,   -7.51839013,     25.49687221,   -5.40000029,   24.00996018,   -8.51049639,    -36.93712571], [ -254.40357956, -352.89346888,  469.13531033,  -15.77069112,     61.62798125,   44.5250858 ,  -18.46575385,   37.59753211,     -7.98840583,    2.17961185,    1.23153475,   33.61957747,     40.29486284], [  -11.00778321,   84.66038703,  -15.77069112,  183.41593905,     42.20649079,   32.32096198,   21.90722792,    9.79325799,     15.69305159,    4.10753275,    0.02693837,    8.90680398,     18.052413  ], [  -17.1922183 ,  -66.09356865,   61.62798125,   42.20649079,    148.42982308,   24.85775565,   22.55185984,   12.17708666,     17.71990653,   16.97261194,  -11.33854088,   -6.39746493,      5.81548586], [  -15.34516506,  -55.74424207,   44.5250858 ,   32.32096198,     24.85775565,  103.59056279,   43.6955922 ,   32.20930011,      8.86604265,    4.70974247,    9.54383997,   -1.15929492,      6.22270955], [  -22.64565098,   40.95414074,  -18.46575385,   21.90722792,     22.55185984,   43.6955922 ,  131.63066475,   37.74291914,      8.56754379,  -15.63252659,   -4.04035115,    7.68252951,      4.30754806], [  125.98660291,   -7.51839013,   37.59753211,    9.79325799,     12.17708666,   32.20930011,   37.74291914,   80.59565273,     28.617213  ,   16.98425305,    6.86663465,    5.19931884,      1.89177456], [  -15.92760425,   25.49687221,   -7.98840583,   15.69305159,     17.71990653,    8.86604265,    8.56754379,   28.617213  ,     69.43276814,   38.94432319,   21.97575784,   -0.59693217,     -3.13346234], [  -96.53494695,   -5.40000029,    2.17961185,    4.10753275,     16.97261194,    4.70974247,  -15.63252659,   16.98425305,     38.94432319,   84.24122764,   41.99183184,   11.15914371,     -6.98978137], [  -81.41634768,   24.00996018,    1.23153475,    0.02693837,    -11.33854088,    9.54383997,   -4.04035115,    6.86663465,     21.97575784,   41.99183184,   72.0289869 ,   27.6842987 ,      2.13420354], [ -135.94190029,   -8.51049639,   33.61957747,    8.90680398,     -6.39746493,   -1.15929492,    7.68252951,    5.19931884,     -0.59693217,   11.15914371,   27.6842987 ,   53.91331121,     23.72404876], [ -122.67804164,  -36.93712571,   40.29486284,   18.052413  ,      5.81548586,    6.22270955,    4.30754806,    1.89177456,     -3.13346234,   -6.98978137,    2.13420354,   23.72404876,     53.820458  ]]
/root/sim/music/out/Rancid/_And_Out_Come_The_Wolves/15_The_Wars_End.mp3; [-543.7413   , 102.585686 , -25.080349 ,  34.496082 ,   4.950963 ,   -3.1762848,  -2.3524332,  10.222218 ,  -2.538517 ,  -4.553715 ,   -6.2899923,  -3.6339316,  -4.7199407]; [[11274.02442617,-1394.47128442,  984.47383163, -492.56735281,    477.38040845,  250.94373223,   82.07573384,  192.08802375,    102.30123833,  -36.26548855,   53.18352764,   76.74827021,   -180.21751612], [-1394.47128442, 1022.31172128, -442.95061336,  313.1552749 ,   -180.33777166,  -58.90460702,    2.70260922,  -15.27138828,    -18.40750024,    6.06426739,   -8.71620297,  -15.30391555,     43.86138889], [  984.47383163, -442.95061336,  713.16338663, -133.29313029,    198.02409155,  107.12647143,  102.85445348,   74.77321761,     53.12279689,   18.7470226 ,   25.04769979,   29.45784806,    -21.20678902], [ -492.56735281,  313.1552749 , -133.29313029,  244.16820132,    -14.11247193,    3.71963228,    2.74048236,   13.1965481 ,      4.935761  ,    1.63563954,  -24.44100723,    5.16293169,     26.66024221], [  477.38040845, -180.33777166,  198.02409155,  -14.11247193,    209.23296958,   51.15291436,   41.82318498,   26.14557065,     29.7131947 ,    8.73252035,   -6.27998567,   15.61629127,     -2.26591744], [  250.94373223,  -58.90460702,  107.12647143,    3.71963228,     51.15291436,  112.25898399,   58.11519983,   38.7364916 ,     16.468256  ,    9.43528559,   10.34671247,    4.35908507,     -9.69687469], [   82.07573384,    2.70260922,  102.85445348,    2.74048236,     41.82318498,   58.11519983,  122.65647867,   53.6754286 ,     22.44085782,    3.84173455,    1.34827299,   10.99956143,     -5.6201537 ], [  192.08802375,  -15.27138828,   74.77321761,   13.1965481 ,     26.14557065,   38.7364916 ,   53.6754286 ,   84.35792184,     31.45307451,   14.64785528,   -0.4322626 ,    4.54771306,     -3.37541915], [  102.30123833,  -18.40750024,   53.12279689,    4.935761  ,     29.7131947 ,   16.468256  ,   22.44085782,   31.45307451,     64.47089895,   30.37452279,   17.53000254,    7.80038836,     -2.294215  ], [  -36.26548855,    6.06426739,   18.7470226 ,    1.63563954,      8.73252035,    9.43528559,    3.84173455,   14.64785528,     30.37452279,   67.07338496,   34.37581829,    8.3484451 ,     -4.78330383], [   53.18352764,   -8.71620297,   25.04769979,  -24.44100723,     -6.27998567,   10.34671247,    1.34827299,   -0.4322626 ,     17.53000254,   34.37581829,   69.22674921,   22.97647022,      0.90724885], [   76.74827021,  -15.30391555,   29.45784806,    5.16293169,     15.61629127,    4.35908507,   10.99956143,    4.54771306,      7.80038836,    8.3484451 ,   22.97647022,   52.47708902,     19.31285786], [ -180.21751612,   43.86138889,  -21.20678902,   26.66024221,     -2.26591744,   -9.69687469,   -5.6201537 ,   -3.37541915,     -2.294215  ,   -4.78330383,    0.90724885,   19.31285786,     48.3012191 ]]
/root/sim/music/out/Rancid/_And_Out_Come_The_Wolves/09_Ruby_Soho.mp3; [-534.6621   , 107.92887  ,  -1.3460321,  32.49795  ,   5.4138026,   -1.5104302,   1.0190403,   1.89949  ,  -2.200972 ,  -4.3749285,   -1.5308667,  -2.419092 ,  -4.879178 ]; [[9636.93643002,-680.82905344,-950.24951138,  94.98878984,-132.52750213,   112.47812174, 106.36918811, 172.2396733 ,  34.05323586, 127.56003745,    56.72762941,  -8.51347623, -42.26983643], [-680.82905344, 948.49997173,  76.12414291, -33.83503079,  -3.37889945,   -96.35039771, -35.17693816, -49.1202145 , -44.09921354, -46.02407403,    -8.57181053,   2.63892924,   1.89880168], [-950.24951138,  76.12414291, 671.25386382, -78.60390919,  68.99765202,    -0.70468322, -61.44229559, -58.10554805, -12.43723367, -73.12209405,   -36.72275647, -25.03684031,  -4.07233547], [  94.98878984, -33.83503079, -78.60390919, 221.69457948,  49.16317879,    48.99599602,  19.6235583 ,  29.82976078,  26.208639  ,   0.60180034,   -20.64016587,   7.81240837,  34.71402835], [-132.52750213,  -3.37889945,  68.99765202,  49.16317879, 174.0102008 ,    26.29749387,  13.30602818,  31.43038939,  24.16551469,   0.23357758,   -19.13276876, -14.00514018,  14.81060031], [ 112.47812174, -96.35039771,  -0.70468322,  48.99599602,  26.29749387,   130.96120489,  45.51693416,  37.48186329,  18.53586105,   6.0829328 ,    -3.18832377,  -2.06745093,  -0.0133787 ], [ 106.36918811, -35.17693816, -61.44229559,  19.6235583 ,  13.30602818,    45.51693416, 142.06090339,  72.78433698,  15.73390821,  12.71247396,     2.43393251,   8.42358283,   3.70261499], [ 172.2396733 , -49.1202145 , -58.10554805,  29.82976078,  31.43038939,    37.48186329,  72.78433698, 124.19734617,  28.50006413,  22.94024991,    -1.36357948,   4.61243567,   7.63078466], [  34.05323586, -44.09921354, -12.43723367,  26.208639  ,  24.16551469,    18.53586105,  15.73390821,  28.50006413,  85.40755324,  35.86837001,    11.32845023,   0.59466014,   3.78702344], [ 127.56003745, -46.02407403, -73.12209405,   0.60180034,   0.23357758,     6.0829328 ,  12.71247396,  22.94024991,  35.86837001,  99.83694294,    49.98056688,  14.27193161,  -2.05757145], [  56.72762941,  -8.57181053, -36.72275647, -20.64016587, -19.13276876,    -3.18832377,   2.43393251,  -1.36357948,  11.32845023,  49.98056688,    83.01262761,  32.21211088,   1.63649245], [  -8.51347623,   2.63892924, -25.03684031,   7.81240837, -14.00514018,    -2.06745093,   8.42358283,   4.61243567,   0.59466014,  14.27193161,    32.21211088,  63.07737961,  25.8813754 ], [ -42.26983643,   1.89880168,  -4.07233547,  34.71402835,  14.81060031,    -0.0133787 ,   3.70261499,   7.63078466,   3.78702344,  -2.05757145,     1.63649245,  25.8813754 ,  66.96961687]]
/root/sim/music/out/Rancid/_And_Out_Come_The_Wolves/14_Disorder_And_Disarray.mp3; [-536.1267   , 118.89424  , -11.749183 ,  34.45777  ,  13.886707 ,    2.586836 ,   8.271275 ,  12.382908 ,   3.0235794,   2.0190096,   -4.07321  ,  -4.505555 ,  -4.857532 ]; [[9752.02293316, 188.03670382,-661.40300621,-158.06848538, 147.23229449,   272.07174577, 125.22893738, 101.8149053 ,-187.59652156,-124.7438798 ,    -3.5853559 ,-172.7535966 ,-111.01858273], [ 188.03670382,1314.40781424, -81.1287609 , 182.28080202,  25.69013414,  -117.04215645,  38.22468309,  30.91719295,  67.94102928,  67.95537048,     3.89634966,  29.86920384, -25.7752988 ], [-661.40300621, -81.1287609 , 606.34857868,   2.65791294,  61.70461938,   -50.83574485, -43.71335431,  -0.00511278,  33.53244351,   7.58711285,    11.20833408,  45.22682458,  51.11865515], [-158.06848538, 182.28080202,   2.65791294, 248.32416457,  38.06214179,    -7.58700951, -15.96215316,  21.07942102,  80.41048613,  34.44975993,   -16.40445031,   6.87035076,  11.70099689], [ 147.23229449,  25.69013414,  61.70461938,  38.06214179, 147.79474223,    28.75079876,  12.19632543,   8.9242649 ,  27.63101823,  14.5586513 ,    -2.73889133, -14.2820502 ,   2.95407203], [ 272.07174577,-117.04215645, -50.83574485,  -7.58700951,  28.75079876,   173.86693235,  60.53033568,  25.61826115,   7.23241824, -14.06012885,    -3.80767848, -23.88367285, -11.32711736], [ 125.22893738,  38.22468309, -43.71335431, -15.96215316,  12.19632543,    60.53033568, 146.00051764,  46.37392825,  -0.45984452, -11.18500257,     4.81560481,   6.15197171, -10.1507284 ], [ 101.8149053 ,  30.91719295,  -0.00511278,  21.07942102,   8.9242649 ,    25.61826115,  46.37392825,  82.57969183,  30.91357673,   6.80869027,    -1.84017512,  -4.04178591,  -5.00252634], [-187.59652156,  67.94102928,  33.53244351,  80.41048613,  27.63101823,     7.23241824,  -0.45984452,  30.91357673, 130.37176747,  53.73077197,    -6.3404001 ,  -5.85235426,  -2.83014662], [-124.7438798 ,  67.95537048,   7.58711285,  34.44975993,  14.5586513 ,   -14.06012885, -11.18500257,   6.80869027,  53.73077197,  97.29498605,    32.63521222,  14.55760278,  -6.82398067], [  -3.5853559 ,   3.89634966,  11.20833408, -16.40445031,  -2.73889133,    -3.80767848,   4.81560481,  -1.84017512,  -6.3404001 ,  32.63521222,    75.80816755,  31.55581947,   1.0705196 ], [-172.7535966 ,  29.86920384,  45.22682458,   6.87035076, -14.2820502 ,   -23.88367285,   6.15197171,  -4.04178591,  -5.85235426,  14.55760278,    31.55581947,  69.38029033,  22.32413519], [-111.01858273, -25.7752988 ,  51.11865515,  11.70099689,   2.95407203,   -11.32711736, -10.1507284 ,  -5.00252634,  -2.83014662,  -6.82398067,     1.0705196 ,  22.32413519,  58.17848716]]
/root/sim/music/out/Rancid/_And_Out_Come_The_Wolves/06_Lock_Step_&_Gone.mp3; [-541.78345   , 114.80907   , -30.91669   ,  29.114367  ,   2.3162224 ,    0.57109827,   4.9698486 ,  12.281953  ,   2.8194063 ,  -0.17051408,    0.45267206,  -5.397792  ,  -7.5226    ]; [[11108.34950888, -396.74796108,  974.60007487, -605.24712153,    -50.13011212,  102.4146523 ,  135.58978295,   45.30424716,    -42.41342887,   62.62083415,   57.34997668, -163.64466824,    102.79065812], [ -396.74796108, 1115.67930362, -427.20004638,  329.28690502,     25.69462158,  -11.67288758,    7.87294174,   33.01424259,     32.07960426,  -48.87537544,  -28.12801235,   27.38785926,    -37.34042053], [  974.60007487, -427.20004638, 1005.44210892, -250.24748874,    153.52399169,  100.81659488,   86.20194426,   54.27647338,    -12.93881559,  -20.57518627,  -31.66449122,    1.24172033,     80.9460097 ], [ -605.24712153,  329.28690502, -250.24748874,  329.40549322,     24.54014045,   17.11093002,  -21.61997254,   10.96767173,     13.62679247,  -17.49620492,  -11.92200225,   28.96267117,    -13.66658048], [  -50.13011212,   25.69462158,  153.52399169,   24.54014045,    214.30101485,   44.46474216,   43.23967734,   31.34741697,     22.51495898,    6.52766043,   -9.20781714,   11.05263348,     19.26128688], [  102.4146523 ,  -11.67288758,  100.81659488,   17.11093002,     44.46474216,  143.63807714,   62.89529713,   23.97571316,     -9.39414984,   -7.80302759,   -1.37245214,    9.49911744,      3.05805845], [  135.58978295,    7.87294174,   86.20194426,  -21.61997254,     43.23967734,   62.89529713,  149.75834014,   55.66528032,     10.57573417,   -3.48923818,    3.80723829,   17.98518771,     14.27058797], [   45.30424716,   33.01424259,   54.27647338,   10.96767173,     31.34741697,   23.97571316,   55.66528032,   91.73095842,     32.65403964,   10.05853655,    1.92334484,   10.63255737,      1.94228479], [  -42.41342887,   32.07960426,  -12.93881559,   13.62679247,     22.51495898,   -9.39414984,   10.57573417,   32.65403964,     91.89902091,   48.71948996,   18.32247837,   -2.44340077,      2.91201293], [   62.62083415,  -48.87537544,  -20.57518627,  -17.49620492,      6.52766043,   -7.80302759,   -3.48923818,   10.05853655,     48.71948996,   99.57224815,   43.06134683,   -2.94028216,      2.16423638], [   57.34997668,  -28.12801235,  -31.66449122,  -11.92200225,     -9.20781714,   -1.37245214,    3.80723829,    1.92334484,     18.32247837,   43.06134683,   86.93743504,   20.65587069,     -0.34955141], [ -163.64466824,   27.38785926,    1.24172033,   28.96267117,     11.05263348,    9.49911744,   17.98518771,   10.63255737,     -2.44340077,   -2.94028216,   20.65587069,   60.96626936,     14.63769481], [  102.79065812,  -37.34042053,   80.9460097 ,  -13.66658048,     19.26128688,    3.05805845,   14.27058797,    1.94228479,      2.91201293,    2.16423638,   -0.34955141,   14.63769481,     64.42681419]]
/root/sim/music/out/Rancid/_And_Out_Come_The_Wolves/18_Avenues_&_Alleyways.mp3; [-514.7242    , 119.49626   , -26.419167  ,  32.26434   ,   4.697542  ,    1.1116246 ,   7.4425697 ,  10.661986  ,  -0.68783617,   1.1661255 ,   -2.9149115 ,  -2.1840963 ,  -4.717077  ]; [[9490.58852815,-353.60753698, 451.01131397,-278.78709518,   7.67134146,   186.713431  ,  29.7944964 , 110.83888383, -69.40427122,  50.72914238,   156.43307527, -10.22302389, -61.72483557], [-353.60753698, 627.51292664,-371.57159011, 231.44635663, -86.05524647,   -17.64787975,  14.17607837,  11.38300421,   5.89391294,  -1.07081879,   -30.80331381,  24.15719357,   5.27335985], [ 451.01131397,-371.57159011, 629.70387763,-193.28640791, 181.21013378,   -18.45471286,  12.06684796,   4.56886081,  12.33461473,  -1.86147731,    48.20204589,  -4.08169297,  23.64188862], [-278.78709518, 231.44635663,-193.28640791, 257.30193138, -22.84160968,    19.92933612,  -4.07548643,  17.33360422,   5.73015488,  -9.33516695,   -45.0290904 ,  14.63048374,  24.50126839], [   7.67134146, -86.05524647, 181.21013378, -22.84160968, 149.2088909 ,     1.37174503,  19.86408453,   3.06773274,  20.41740926,  12.45925792,     7.50979243,  -8.35577281,   9.88523283], [ 186.713431  , -17.64787975, -18.45471286,  19.92933612,   1.37174503,    78.65212179,  24.73652651,  25.41833125,   0.38163533,   5.29240035,     6.17979136,   1.18503682,  -2.02807015], [  29.7944964 ,  14.17607837,  12.06684796,  -4.07548643,  19.86408453,    24.73652651, 106.5627475 ,  43.97631524,  12.98859325, -11.6377605 ,    -2.59951765,   8.57529947,   3.65958608], [ 110.83888383,  11.38300421,   4.56886081,  17.33360422,   3.06773274,    25.41833125,  43.97631524,  73.83923084,  24.48336354,   4.91037921,    -2.22227294,   5.17085291,   4.96265488], [ -69.40427122,   5.89391294,  12.33461473,   5.73015488,  20.41740926,     0.38163533,  12.98859325,  24.48336354,  60.98030317,  29.70458674,    15.00702356,  -3.54003369,   0.66084853], [  50.72914238,  -1.07081879,  -1.86147731,  -9.33516695,  12.45925792,     5.29240035, -11.6377605 ,   4.91037921,  29.70458674,  67.75092335,    33.27435016,   4.49027213,  -9.06382385], [ 156.43307527, -30.80331381,  48.20204589, -45.0290904 ,   7.50979243,     6.17979136,  -2.59951765,  -2.22227294,  15.00702356,  33.27435016,    67.99375071,  17.60183288,   1.14260134], [ -10.22302389,  24.15719357,  -4.08169297,  14.63048374,  -8.35577281,     1.18503682,   8.57529947,   5.17085291,  -3.54003369,   4.49027213,    17.60183288,  48.59829529,  21.32477693], [ -61.72483557,   5.27335985,  23.64188862,  24.50126839,   9.88523283,    -2.02807015,   3.65958608,   4.96265488,   0.66084853,  -9.06382385,     1.14260134,  21.32477693,  50.77207835]]
/root/sim/music/out/Rancid/_And_Out_Come_The_Wolves/11_Journey_To_The_End_Of_The_East_Ba.mp3; [-563.4558   , 121.63673  ,  -9.363684 ,  33.04823  ,  16.473217 ,    1.561126 ,   7.3981214,   7.4973736,  -2.9041214,  -1.3619089,   -4.9728575,  -2.3785472,  -7.2328696]; [[12055.68095387,-2245.78824041, -197.85613066, -108.34396279,   -522.93332511, -288.85612652,  -82.32018081,    4.52894155,     31.18086932,  232.3675187 ,  -55.05419694, -184.78267572,      3.01557403], [-2245.78824041, 1850.71603723, -264.56774542,   78.08077053,    274.22756024,  101.56607441,   18.11435689,   13.86692719,    -30.9288832 ,  -93.61330809,   53.67594369,   77.39580272,    -59.96715705], [ -197.85613066, -264.56774542,  775.65197216, -144.11791213,    155.2610751 ,   93.95941392,   50.88371596,   33.28987504,    -11.16660631,  -39.59002346,    5.26027428,  -17.08741823,     35.85816485], [ -108.34396279,   78.08077053, -144.11791213,  240.88361121,    -17.01967642,   -3.41308184,    6.10645736,  -10.79373765,      8.51884579,    9.93516276,  -14.77107606,   14.125215  ,     -1.42617216], [ -522.93332511,  274.22756024,  155.2610751 ,  -17.01967642,    277.76646751,   66.38819534,    9.17785314,   -1.86849755,     -5.97147795,  -31.53744362,   17.41497309,    3.24057635,     -2.81545854], [ -288.85612652,  101.56607441,   93.95941392,   -3.41308184,     66.38819534,  131.48600438,   28.34702594,   10.86124318,    -21.55623756,  -31.96054589,    4.4470322 ,    4.40318122,     -9.85988238], [  -82.32018081,   18.11435689,   50.88371596,    6.10645736,      9.17785314,   28.34702594,  147.685235  ,   49.4559738 ,     -2.68500187,  -15.32967157,    0.30092878,   16.18579188,      8.94928866], [    4.52894155,   13.86692719,   33.28987504,  -10.79373765,     -1.86849755,   10.86124318,   49.4559738 ,  100.77666649,     33.42130851,    8.53019777,    3.90345688,    4.67891417,      3.55775997], [   31.18086932,  -30.9288832 ,  -11.16660631,    8.51884579,     -5.97147795,  -21.55623756,   -2.68500187,   33.42130851,     98.85989821,   58.68140682,    9.26956518,   -7.16995132,     10.83556576], [  232.3675187 ,  -93.61330809,  -39.59002346,    9.93516276,    -31.53744362,  -31.96054589,  -15.32967157,    8.53019777,     58.68140682,  110.26966175,   33.74509391,   -9.23168692,      1.7088506 ], [  -55.05419694,   53.67594369,    5.26027428,  -14.77107606,     17.41497309,    4.4470322 ,    0.30092878,    3.90345688,      9.26956518,   33.74509391,   80.32945187,   24.45100409,    -15.94759941], [ -184.78267572,   77.39580272,  -17.08741823,   14.125215  ,      3.24057635,    4.40318122,   16.18579188,    4.67891417,     -7.16995132,   -9.23168692,   24.45100409,   58.99342603,     11.89171349], [    3.01557403,  -59.96715705,   35.85816485,   -1.42617216,     -2.81545854,   -9.85988238,    8.94928866,    3.55775997,     10.83556576,    1.7088506 ,  -15.94759941,   11.89171349,     68.63468773]]
