/root/sim/music/out/FIRE_BOMBER/LET'S_FIRE_!!/05_突撃ラブハート_(Duet_Version).mp3; [-536.95306   , 100.34343   , -15.170022  ,  29.120918  ,  -4.8201947 ,    1.4215608 ,   1.5661701 ,   2.5893772 ,  -3.416024  ,   0.19963524,   -1.9984741 ,  -2.9352021 ,  -2.2889163 ]; [[13827.97507794,  695.90236212, -289.83963663,   67.14018218,   -151.62437237,   10.52894327, -109.50654779,  -12.97907561,    -59.90346886,  -44.54905159, -102.64220012,  -73.50730808,     23.4866689 ], [  695.90236212,  651.69332679,  -60.69761292,    5.38833302,     -4.8461019 ,   -8.4454984 ,   43.70930653,   23.18955992,     -3.35449475,   28.74774821,   -2.43112967,   13.86511653,    -17.39638793], [ -289.83963663,  -60.69761292,  427.39461046,  -40.90849495,     67.87841825,  -50.77027098,  -66.00244039,  -19.70482357,    -18.96343551,  -15.12105475,   13.68559022,    5.81100595,    -12.93786474], [   67.14018218,    5.38833302,  -40.90849495,  284.51215396,     38.32016732,   49.42204348,  -12.6388738 ,   14.15910104,     -1.02225904,  -13.51195179,    5.95402187,   28.80317292,     11.39468594], [ -151.62437237,   -4.8461019 ,   67.87841825,   38.32016732,    112.32091872,   20.15037599,    3.75856442,   -4.17278483,      0.08501647,   -6.63436507,    3.04502919,    9.24973063,      6.77540789], [   10.52894327,   -8.4454984 ,  -50.77027098,   49.42204348,     20.15037599,  129.27698439,   60.36346521,   11.57942299,     -3.54757119,    1.48201159,   -0.67465661,   -9.35508413,      1.32833274], [ -109.50654779,   43.70930653,  -66.00244039,  -12.6388738 ,      3.75856442,   60.36346521,  148.3286097 ,   31.21484523,     16.41743059,   12.7264057 ,   -1.93435805,  -11.08036058,     -6.26641072], [  -12.97907561,   23.18955992,  -19.70482357,   14.15910104,     -4.17278483,   11.57942299,   31.21484523,   77.0834275 ,     30.51619837,    8.12021439,   -9.76677559,   -8.10068533,    -10.12062244], [  -59.90346886,   -3.35449475,  -18.96343551,   -1.02225904,      0.08501647,   -3.54757119,   16.41743059,   30.51619837,     80.2852013 ,   26.08395265,    0.04467017,  -11.97409517,     -8.25093981], [  -44.54905159,   28.74774821,  -15.12105475,  -13.51195179,     -6.63436507,    1.48201159,   12.7264057 ,    8.12021439,     26.08395265,   71.90804332,   20.28978955,   -2.77821503,    -11.25982736], [ -102.64220012,   -2.43112967,   13.68559022,    5.95402187,      3.04502919,   -0.67465661,   -1.93435805,   -9.76677559,      0.04467017,   20.28978955,   66.20245388,   26.31172194,     -0.36968002], [  -73.50730808,   13.86511653,    5.81100595,   28.80317292,      9.24973063,   -9.35508413,  -11.08036058,   -8.10068533,    -11.97409517,   -2.77821503,   26.31172194,   76.48334117,     25.78828765], [   23.4866689 ,  -17.39638793,  -12.93786474,   11.39468594,      6.77540789,    1.32833274,   -6.26641072,  -10.12062244,     -8.25093981,  -11.25982736,   -0.36968002,   25.78828765,     62.36623035]]
/root/sim/music/out/FIRE_BOMBER/LET'S_FIRE_!!/10_MY_FRIENDS.mp3; [-570.4761   , 125.084656 , -18.873793 ,  34.03791  ,  10.506263 ,   -0.22516  ,   4.0506687,  -3.6098864,  -1.6633208,   3.3234901,   -3.766873 ,  -3.4692762,  -2.9076395]; [[15194.01894145,  515.23904988,   71.8201954 ,  167.76799854,    -33.61083479,    2.55982656,  -94.19777112,  -32.11414695,    -59.11111998,    2.93435413,  -73.14204807,  -10.099338  ,      5.80974559], [  515.23904988,  955.76604201, -351.7729533 ,  239.6392394 ,     13.99068582,  -39.09071899,   74.94168168,  -47.44781158,     35.35063149,  -16.4485533 ,   -5.71307503,   11.69507711,    -13.44909678], [   71.8201954 , -351.7729533 ,  782.4380989 , -240.25233074,     54.39689114,  -53.04063225, -101.29473261,    0.06280992,    -27.46474084,  -10.35769002,  -16.81408222,  -13.79348135,     17.89523899], [  167.76799854,  239.6392394 , -240.25233074,  254.02108395,     10.52242893,   54.99846231,   31.00462449,   20.17023353,      1.52005624,   -2.01624403,    1.42852865,    4.30302316,     -6.9794842 ], [  -33.61083479,   13.99068582,   54.39689114,   10.52242893,    133.28211624,    2.64617596,   32.2474568 ,   -7.07169254,     -3.93036088,    6.66428418,   -3.34747546,   13.63231067,    -10.08966195], [    2.55982656,  -39.09071899,  -53.04063225,   54.99846231,      2.64617596,  164.08232875,    3.08132231,   40.65247125,     -4.93171711,   19.73162062,    8.19338728,  -34.48701294,     -9.67785251], [  -94.19777112,   74.94168168, -101.29473261,   31.00462449,     32.2474568 ,    3.08132231,  123.11318788,    6.5376175 ,     16.80122208,   -9.10285909,  -14.72564893,   18.66902092,      3.85487156], [  -32.11414695,  -47.44781158,    0.06280992,   20.17023353,     -7.07169254,   40.65247125,    6.5376175 ,   91.21183109,     10.72999941,   -0.91936203,   -3.45592384,  -17.90992011,     -0.75097765], [  -59.11111998,   35.35063149,  -27.46474084,    1.52005624,     -3.93036088,   -4.93171711,   16.80122208,   10.72999941,     72.89100633,   14.2493466 ,   -7.17409033,   -7.0738813 ,      1.36637053], [    2.93435413,  -16.4485533 ,  -10.35769002,   -2.01624403,      6.66428418,   19.73162062,   -9.10285909,   -0.91936203,     14.2493466 ,   70.12025444,   27.47922993,   -8.90896856,    -17.09731964], [  -73.14204807,   -5.71307503,  -16.81408222,    1.42852865,     -3.34747546,    8.19338728,  -14.72564893,   -3.45592384,     -7.17409033,   27.47922993,   68.7731258 ,   10.92346099,    -12.92811131], [  -10.099338  ,   11.69507711,  -13.79348135,    4.30302316,     13.63231067,  -34.48701294,   18.66902092,  -17.90992011,     -7.0738813 ,   -8.90896856,   10.92346099,   78.74880155,     26.66157445], [    5.80974559,  -13.44909678,   17.89523899,   -6.9794842 ,    -10.08966195,   -9.67785251,    3.85487156,   -0.75097765,      1.36637053,  -17.09731964,  -12.92811131,   26.66157445,     70.07002078]]
/root/sim/music/out/FIRE_BOMBER/LET'S_FIRE_!!/11_MY_SOUL_FOR_YOU_(Acoustic_Version.mp3; [-655.85034   , 148.14607   ,  -0.28362593,  20.762787  ,   6.428355  ,    8.319645  ,  -3.844546  ,   0.13239506,  -7.559482  ,  -2.8641243 ,   -1.7090105 ,  -2.603239  ,  -0.04471239]; [[17266.30600575, -861.0144412 , -638.15417195,  186.19507655,    -67.42643389,  432.48705138,  271.05758668,  391.75183801,   -116.77047669,   33.31640838, -144.80735136, -166.80780912,    102.04761092], [ -861.0144412 , 1596.77162872,  -78.95212102,   98.96340241,     79.90043043,  -61.40984615,   22.70506387,  -60.81206999,     25.79898011,   20.58082881,   39.00611807,   55.64970009,      6.36602996], [ -638.15417195,  -78.95212102,  425.52421075,    7.29833321,     -1.56763275,    7.81008432,  -26.87082317,  -11.08929299,     10.83908253,  -44.35860913,   13.91513099,   27.20947236,    -12.87029186], [  186.19507655,   98.96340241,    7.29833321,  314.74424878,    120.99020223,   55.37824048,  -14.01249138,   -3.43580434,     52.8357058 ,  -14.00904653,   11.82763898,   42.40926741,     24.49010944], [  -67.42643389,   79.90043043,   -1.56763275,  120.99020223,    223.81679052,   61.60874   ,   -6.11594092,  -13.031317  ,     49.58153608,   10.59199154,   11.39629328,   30.89515235,     19.05652843], [  432.48705138,  -61.40984615,    7.81008432,   55.37824048,     61.60874   ,  212.12136242,   57.46333924,   10.02528011,     43.44341772,   -7.21572858,  -11.69761943,   21.99835571,    -10.41223444], [  271.05758668,   22.70506387,  -26.87082317,  -14.01249138,     -6.11594092,   57.46333924,  225.43862573,   43.84895275,      1.4646518 ,   39.62832918,   13.21821394,    7.69347398,     -7.03802875], [  391.75183801,  -60.81206999,  -11.08929299,   -3.43580434,    -13.031317  ,   10.02528011,   43.84895275,  135.62931146,     11.53502089,    8.74784636,   -1.86161575,  -20.45296489,      8.0734791 ], [ -116.77047669,   25.79898011,   10.83908253,   52.8357058 ,     49.58153608,   43.44341772,    1.4646518 ,   11.53502089,    143.29795385,   22.13175279,  -10.08840783,   29.65383345,     -7.78671815], [   33.31640838,   20.58082881,  -44.35860913,  -14.00904653,     10.59199154,   -7.21572858,   39.62832918,    8.74784636,     22.13175279,  134.68143462,   38.83258551,  -13.84264185,     -8.37395125], [ -144.80735136,   39.00611807,   13.91513099,   11.82763898,     11.39629328,  -11.69761943,   13.21821394,   -1.86161575,    -10.08840783,   38.83258551,   97.56196933,    9.31013334,      0.54141858], [ -166.80780912,   55.64970009,   27.20947236,   42.40926741,     30.89515235,   21.99835571,    7.69347398,  -20.45296489,     29.65383345,  -13.84264185,    9.31013334,  121.67497551,     22.52681694], [  102.04761092,    6.36602996,  -12.87029186,   24.49010944,     19.05652843,  -10.41223444,   -7.03802875,    8.0734791 ,     -7.78671815,   -8.37395125,    0.54141858,   22.52681694,     98.27373871]]
/root/sim/music/out/FIRE_BOMBER/LET'S_FIRE_!!/01_INTRODUCTION.mp3; [-578.8652    , 108.72343   ,   1.8363087 ,  19.986921  ,  -1.1436938 ,   13.246955  ,   3.7255967 ,   6.347651  ,  -2.222568  ,   1.4379224 ,    1.3662121 ,   3.004406  ,  -0.37248817]; [[20655.41201405,  932.25177221, -268.16071997,  340.68304553,   -336.27468507,  350.49340578,   46.74180363,  144.51605734,    -60.52664871,  179.49663798,   58.4784433 , -123.11191595,     86.35814826], [  932.25177221, 1320.4628415 ,  145.61673094,  137.25592704,    136.659722  ,   38.63895177,   25.76867931,   20.14393896,     -5.12880204,  -66.84460244,   -3.70870703,  108.7699226 ,    -48.33275612], [ -268.16071997,  145.61673094,  102.05024878,    6.29249299,      7.85004903,    4.52878986,    2.66452617,    4.40336917,      1.00646123,  -11.67062249,   -1.85423189,   16.20841113,      1.47534964], [  340.68304553,  137.25592704,    6.29249299,   84.00074177,     42.81695695,   12.06392414,   17.28945962,   17.96179605,      0.45243032,  -10.20158142,    3.87023923,   27.69523381,     -4.51222408], [ -336.27468507,  136.659722  ,    7.85004903,   42.81695695,     88.28073102,    6.66053637,   17.36265062,    7.12646634,      1.71960425,  -14.0505835 ,   -1.9009206 ,   25.40299529,    -10.45600923], [  350.49340578,   38.63895177,    4.52878986,   12.06392414,      6.66053637,   58.05494253,   11.46871218,   -0.15258163,     -6.56356995,    5.56555992,   12.72109515,    6.51226429,      1.83535071], [   46.74180363,   25.76867931,    2.66452617,   17.28945962,     17.36265062,   11.46871218,   45.26547576,   20.21838594,      1.69576049,    0.60552415,    2.85212323,    8.50716573,     -1.83851722], [  144.51605734,   20.14393896,    4.40336917,   17.96179605,      7.12646634,   -0.15258163,   20.21838594,   45.30148511,     14.50653229,   -3.21427886,    2.53511493,    9.61583125,     -0.83426464], [  -60.52664871,   -5.12880204,    1.00646123,    0.45243032,      1.71960425,   -6.56356995,    1.69576049,   14.50653229,     35.90609926,   14.88469002,   -2.86022399,   -3.84521507,      0.59490816], [  179.49663798,  -66.84460244,  -11.67062249,  -10.20158142,    -14.0505835 ,    5.56555992,    0.60552415,   -3.21427886,     14.88469002,   46.27372221,   10.62405083,  -20.12090025,      6.94929679], [   58.4784433 ,   -3.70870703,   -1.85423189,    3.87023923,     -1.9009206 ,   12.72109515,    2.85212323,    2.53511493,     -2.86022399,   10.62405083,   39.61646423,   22.17660886,      1.26530084], [ -123.11191595,  108.7699226 ,   16.20841113,   27.69523381,     25.40299529,    6.51226429,    8.50716573,    9.61583125,     -3.84521507,  -20.12090025,   22.17660886,   70.69763987,      6.79164586], [   86.35814826,  -48.33275612,    1.47534964,   -4.51222408,    -10.45600923,    1.83535071,   -1.83851722,   -0.83426464,      0.59490816,    6.94929679,    1.26530084,    6.79164586,     40.26369732]]
/root/sim/music/out/FIRE_BOMBER/LET'S_FIRE_!!/12_SEVENTH_MOON_(TV_Version).mp3; [-580.2473   ,  94.67029  ,  -5.965309 ,  34.20956  ,  -5.080281 ,   -3.5707438,  -7.1441016,  -0.5465953,  -9.6954565,  -1.3814821,   -1.319235 ,  -3.0716124,  -2.7516437]; [[25412.61230067, 2720.24534662, -143.63540671,  836.63031286,   -188.64905118,  -35.10325333, -161.55400267,  -17.31635368,   -292.54559223,  -93.91210079, -141.32489673, -148.66364926,   -148.93610159], [ 2720.24534662,  989.05487191,   -2.75346515,   72.37095372,    -16.11814221,  -54.57673676,  -42.28492019,   51.4965862 ,    -22.47524299,   73.42076389,   35.78008077,    1.98992596,    -23.15110688], [ -143.63540671,   -2.75346515,  341.66731522,  -64.11857573,    110.12416327,  -11.24704151,  -15.18097317,   -2.2562019 ,     33.36949965,   18.10759502,   54.89623749,   20.59799798,      6.32797322], [  836.63031286,   72.37095372,  -64.11857573,  361.18921126,     45.44636242,   53.02459353,  -19.96345731,   22.94903595,     -7.95149038,  -26.57144058,   -6.43197077,   27.93679951,     38.67420051], [ -188.64905118,  -16.11814221,  110.12416327,   45.44636242,    147.95393388,   28.75673617,   -8.51958164,    7.91213639,     19.2809453 ,   -7.09300343,   11.69219519,    6.82469995,     19.51724068], [  -35.10325333,  -54.57673676,  -11.24704151,   53.02459353,     28.75673617,  115.46860922,   64.13356122,   25.56002872,      2.18488005,   -2.32038833,   -9.25952682,   -1.4796883 ,      3.76663158], [ -161.55400267,  -42.28492019,  -15.18097317,  -19.96345731,     -8.51958164,   64.13356122,  125.49618515,   37.90210299,     16.3861502 ,   16.1496568 ,   -3.65029908,   -3.52965522,     -7.10184162], [  -17.31635368,   51.4965862 ,   -2.2562019 ,   22.94903595,      7.91213639,   25.56002872,   37.90210299,   85.38944505,     35.49763798,   26.81015034,    2.52417798,    2.76982029,      3.92153906], [ -292.54559223,  -22.47524299,   33.36949965,   -7.95149038,     19.2809453 ,    2.18488005,   16.3861502 ,   35.49763798,     75.78363787,   34.99014183,   13.51403646,    1.73410404,      2.48483881], [  -93.91210079,   73.42076389,   18.10759502,  -26.57144058,     -7.09300343,   -2.32038833,   16.1496568 ,   26.81015034,     34.99014183,   90.92176566,   38.97523147,   12.55067224,    -10.44923295], [ -141.32489673,   35.78008077,   54.89623749,   -6.43197077,     11.69219519,   -9.25952682,   -3.65029908,    2.52417798,     13.51403646,   38.97523147,   71.96606836,   30.16517066,      0.39814421], [ -148.66364926,    1.98992596,   20.59799798,   27.93679951,      6.82469995,   -1.4796883 ,   -3.52965522,    2.76982029,      1.73410404,   12.55067224,   30.16517066,   58.14219249,     21.67172445], [ -148.93610159,  -23.15110688,    6.32797322,   38.67420051,     19.51724068,    3.76663158,   -7.10184162,    3.92153906,      2.48483881,  -10.44923295,    0.39814421,   21.67172445,     54.96277477]]
/root/sim/music/out/ゆず/ゆずえん/01-えん.mp3; [-937.42737   , 185.39091   , -77.684875  , -24.057138  , -11.647948  ,  -15.164716  ,  -7.141744  , -33.166515  , -23.457523  ,  -8.475928  ,   -5.0687675 ,   2.1450849 ,   0.30318254]; [[10004.27254542, 3691.14780627,-4366.57390951, -695.12633479,   -437.9754083 , -436.81341626,  -74.49476338,-1092.672832  ,   -522.13241231,  -21.32269894,   51.33394256,  238.48646569,     44.94558811], [ 3691.14780627, 1940.74695212,-1168.22492809, -314.79810802,    -48.35350546, -147.40783102,  -36.15475605, -374.38153184,   -245.47378447,  -41.9263961 ,  -52.59620025,    9.89153251,    -79.46486028], [-4366.57390951,-1168.22492809, 2483.17795725,  414.02769314,    261.79875392,  214.49818701,   -0.90615995,  496.29838915,    194.74918117,  -17.2996545 ,  -77.83776495, -213.66273541,   -113.63249782], [ -695.12633479, -314.79810802,  414.02769314,  300.00119196,     79.12689636,   17.54831369,   13.92954386,   81.20049207,     65.41726311,   17.34026079,   -3.26844036,  -55.8529474 ,    -32.88121623], [ -437.9754083 ,  -48.35350546,  261.79875392,   79.12689636,    204.43917813,  113.94036179,   34.40160384,   98.48385948,     30.24551333,  -15.58125247,  -26.99253311,  -49.45801251,    -72.50914031], [ -436.81341626, -147.40783102,  214.49818701,   17.54831369,    113.94036179,  248.75892859,   85.68338065,   12.91002259,     23.34918108,  -34.56319407,   -8.24518209,    6.81805297,    -70.29752913], [  -74.49476338,  -36.15475605,   -0.90615995,   13.92954386,     34.40160384,   85.68338065,  148.34800277,   29.99443629,    -34.83162952,    1.17214958,    0.14661863,    1.8523589 ,    -61.07698692], [-1092.672832  , -374.38153184,  496.29838915,   81.20049207,     98.48385948,   12.91002259,   29.99443629,  285.03625704,    117.88575006,  -12.88082402,  -12.69214397,  -65.39413778,    -34.84761446], [ -522.13241231, -245.47378447,  194.74918117,   65.41726311,     30.24551333,   23.34918108,  -34.83162952,  117.88575006,    183.33418225,   36.84667008,  -19.6779513 ,  -13.74163491,      0.59987922], [  -21.32269894,  -41.9263961 ,  -17.2996545 ,   17.34026079,    -15.58125247,  -34.56319407,    1.17214958,  -12.88082402,     36.84667008,  113.40028799,   36.58034151,  -21.58526194,     11.71365732], [   51.33394256,  -52.59620025,  -77.83776495,   -3.26844036,    -26.99253311,   -8.24518209,    0.14661863,  -12.69214397,    -19.6779513 ,   36.58034151,  115.86308865,   52.67652921,      4.31038724], [  238.48646569,    9.89153251, -213.66273541,  -55.8529474 ,    -49.45801251,    6.81805297,    1.8523589 ,  -65.39413778,    -13.74163491,  -21.58526194,   52.67652921,  149.93911001,     66.70034816], [   44.94558811,  -79.46486028, -113.63249782,  -32.88121623,    -72.50914031,  -70.29752913,  -61.07698692,  -34.84761446,      0.59987922,   11.71365732,    4.31038724,   66.70034816,    180.29201625]]
/root/sim/music/out/霜康司_刀祢雅彦/システム英単語_[Disc_1]/1-04_D1-04_Realize_Require_Suggest_W.mp3; [-928.0578   ,  79.9282   ,  18.518291 ,   1.4748687,  -1.476106 ,  -10.982079 ,  -7.4050717,  -7.1543145, -12.821634 ,  -6.356121 ,  -11.159326 , -10.309516 ,  -7.5373025]; [[60798.64690361,10753.15529964,-1046.81062327,-1489.3349157 ,  -1554.50343767,-3217.676452  ,-1515.74484065,-1540.49439261,  -2834.95233154,-1333.05839139,-2023.54788257,-1912.34811224,  -1221.52256813], [10753.15529964, 7461.85700489,  437.67738425, -662.16171255,     59.25793189, -623.06270477, -132.2886527 , -297.67826955,   -722.43118355, -344.64468789, -475.81201422, -743.72093882,   -544.38496644], [-1046.81062327,  437.67738425, 1962.47340604,  291.20514231,     93.14859202,  452.86004164,   14.86425715,  104.00066477,     82.99337705,  -42.52986396,   90.98450215,   81.26201267,   -125.23686931], [-1489.3349157 , -662.16171255,  291.20514231, 1296.97088259,    338.04927338,  -54.96011458,  -75.54354036,   64.15868709,    268.29279244, -119.05643083,   -9.21785161,  135.76974008,    -10.17954742], [-1554.50343767,   59.25793189,   93.14859202,  338.04927338,    750.3608497 ,  134.95044414,  -75.0728413 ,   43.35327809,    208.51915887,   80.60150136,   -2.59341387,   16.92955107,    -11.21404138], [-3217.676452  , -623.06270477,  452.86004164,  -54.96011458,    134.95044414,  711.97386112,  136.91220556,  148.28026544,    208.19400838,  176.4566571 ,  200.58845947,   87.52881204,     33.74799244], [-1515.74484065, -132.2886527 ,   14.86425715,  -75.54354036,    -75.0728413 ,  136.91220556,  301.31989707,   83.49394337,      7.23194046,   17.16555802,   98.70890603,   46.64973088,    -19.48486293], [-1540.49439261, -297.67826955,  104.00066477,   64.15868709,     43.35327809,  148.28026544,   83.49394337,  326.58600282,    121.94289177,    0.61741852,   98.48214009,   51.003295  ,     29.76274469], [-2834.95233154, -722.43118355,   82.99337705,  268.29279244,    208.51915887,  208.19400838,    7.23194046,  121.94289177,    430.09374867,   99.36215783,  136.42470847,  142.00257397,     44.25812831], [-1333.05839139, -344.64468789,  -42.52986396, -119.05643083,     80.60150136,  176.4566571 ,   17.16555802,    0.61741852,     99.36215783,  249.38978097,   57.88432555,   44.89197904,     60.46682183], [-2023.54788257, -475.81201422,   90.98450215,   -9.21785161,     -2.59341387,  200.58845947,   98.70890603,   98.48214009,    136.42470847,   57.88432555,  285.11043735,   92.40752932,      5.45078316], [-1912.34811224, -743.72093882,   81.26201267,  135.76974008,     16.92955107,   87.52881204,   46.64973088,   51.003295  ,    142.00257397,   44.89197904,   92.40752932,  227.52285988,     59.79314077], [-1221.52256813, -544.38496644, -125.23686931,  -10.17954742,    -11.21404138,   33.74799244,  -19.48486293,   29.76274469,     44.25812831,   60.46682183,    5.45078316,   59.79314077,    199.06819292]]
/root/sim/music/out/霜康司_刀祢雅彦/システム英単語_[Disc_1]/1-03_D1-03_Remain_Reach_Allow_Force_.mp3; [-930.1094   ,  73.64177  ,  22.612509 ,   7.5598245,  -3.6344874,   -8.814738 ,  -3.690856 ,  -2.851903 ,  -9.875183 ,  -9.1489525,   -5.132652 ,  -8.219435 ,  -9.856925 ]; [[60799.05388382,10256.32414746,  983.0870521 , -283.46518759,  -1729.9558485 ,-2749.75436918,-1118.36870136, -663.68015501,  -2308.66773855,-2089.81703918,-1174.48434819,-1816.979642  ,  -1837.99569423], [10256.32414746, 7813.78727381,  646.32688887, -549.62648854,    -59.98800767, -770.23369563,    0.57960486,  119.97255615,   -605.31901534, -778.34170878, -160.39180869, -655.02946163,   -746.48720396], [  983.0870521 ,  646.32688887, 1395.60863404,  331.92810192,     12.23255731,   35.16372072,  -84.23791642,   52.78183919,     19.065449  , -119.82917678,  -12.33429441,   24.65100669,   -110.94706994], [ -283.46518759, -549.62648854,  331.92810192, 1028.21225588,    269.72350163,   15.14298734, -204.32484115,  -45.5813501 ,    104.08324427,  -16.9125515 ,  -61.54159149,   53.96432783,     49.80123103], [-1729.9558485 ,  -59.98800767,   12.23255731,  269.72350163,    532.49980962,  217.25983761,  -47.16128511,   -6.01230006,    164.35407859,   68.62573903,    4.93635631,   51.07578293,     19.26418794], [-2749.75436918, -770.23369563,   35.16372072,   15.14298734,    217.25983761,  745.9912047 ,  128.90648983,   37.33725576,    225.86755422,  234.3252522 ,   95.8717034 ,  124.66330022,     89.75907668], [-1118.36870136,    0.57960486,  -84.23791642, -204.32484115,    -47.16128511,  128.90648983,  329.91887826,  103.26289037,     40.8954488 ,   67.14012302,  101.89573472,   38.02398925,      2.67283974], [ -663.68015501,  119.97255615,   52.78183919,  -45.5813501 ,     -6.01230006,   37.33725576,  103.26289037,  428.89944825,     99.66372431,   11.31860477,  114.83434434,    7.97098427,     -5.16020635], [-2308.66773855, -605.31901534,   19.065449  ,  104.08324427,    164.35407859,  225.86755422,   40.8954488 ,   99.66372431,    344.45450318,  130.46679413,   98.77721441,  100.35550395,     58.06121905], [-2089.81703918, -778.34170878, -119.82917678,  -16.9125515 ,     68.62573903,  234.3252522 ,   67.14012302,   11.31860477,    130.46679413,  306.48690365,   54.51066076,   98.86025157,    124.75349605], [-1174.48434819, -160.39180869,  -12.33429441,  -61.54159149,      4.93635631,   95.8717034 ,  101.89573472,  114.83434434,     98.77721441,   54.51066076,  213.56996358,   57.40153026,      5.96650694], [-1816.979642  , -655.02946163,   24.65100669,   53.96432783,     51.07578293,  124.66330022,   38.02398925,    7.97098427,    100.35550395,   98.86025157,   57.40153026,  182.91534222,     86.72273426], [-1837.99569423, -746.48720396, -110.94706994,   49.80123103,     19.26418794,   89.75907668,    2.67283974,   -5.16020635,     58.06121905,  124.75349605,    5.96650694,   86.72273426,    199.52481419]]
/root/sim/music/out/霜康司_刀祢雅彦/システム英単語_[Disc_1]/1-02_D1-02_Decide_Develop_Provide_Co.mp3; [-901.25836  ,  69.665276 ,  18.640438 ,   9.069498 ,  -0.3335799,  -11.466239 ,  -9.6720295,  -7.9291735, -14.238562 ,  -9.944322 ,  -10.512162 ,  -9.303002 ,  -8.263788 ]; [[58015.50836251, 7979.43627176, -466.39531564, -368.51552867,  -1316.48024837,-2666.47345991,-1664.28373702,-1433.75233525,  -2616.98925251,-1629.93123189,-1649.53115814,-1652.1461597 ,  -1300.46379742], [ 7979.43627176, 6219.4816269 ,  329.13980587,   49.68059802,    151.32847611, -663.27823405, -174.25256382, -315.71710484,   -656.50854206, -527.3254715 , -302.53639632, -604.09071264,   -459.10663553], [ -466.39531564,  329.13980587, 1851.57213266,  434.93593234,    178.97005469,  328.89256336, -141.84509104,   91.2233451 ,     57.8507676 , -120.0158419 ,   30.91208125,   73.6699929 ,    -99.91738519], [ -368.51552867,   49.68059802,  434.93593234, 1141.76613884,    386.76869894,   -0.98485183, -132.77983448,   76.72443952,    173.45096557,  -58.89768297,  -92.38000885,   41.46993046,    -23.44280947], [-1316.48024837,  151.32847611,  178.97005469,  386.76869894,    725.96265284,  177.80315631, -120.14093085,   43.75724133,    177.28365306,   73.05318116,  -32.52828193,   32.96173999,      2.87478626], [-2666.47345991, -663.27823405,  328.89256336,   -0.98485183,    177.80315631,  719.69159656,   71.19993849,  190.90709412,    192.69719102,  170.48015069,  148.15453387,   98.58347071,     55.95460322], [-1664.28373702, -174.25256382, -141.84509104, -132.77983448,   -120.14093085,   71.19993849,  355.90922417,  102.0583208 ,     60.11702096,   78.91857616,   98.61500015,   60.0361362 ,     31.55363653], [-1433.75233525, -315.71710484,   91.2233451 ,   76.72443952,     43.75724133,  190.90709412,  102.0583208 ,  299.1518172 ,     99.58787124,   62.57915769,   97.18922446,   53.38833487,     39.24708578], [-2616.98925251, -656.50854206,   57.8507676 ,  173.45096557,    177.28365306,  192.69719102,   60.11702096,   99.58787124,    371.80791898,  109.74772967,   95.8602157 ,  122.98736738,     78.49215565], [-1629.93123189, -527.3254715 , -120.0158419 ,  -58.89768297,     73.05318116,  170.48015069,   78.91857616,   62.57915769,    109.74772967,  234.01633425,   69.91983395,   82.27420244,     75.40420516], [-1649.53115814, -302.53639632,   30.91208125,  -92.38000885,    -32.52828193,  148.15453387,   98.61500015,   97.18922446,     95.8602157 ,   69.91983395,  235.02229478,   83.67252739,     35.56681084], [-1652.1461597 , -604.09071264,   73.6699929 ,   41.46993046,     32.96173999,   98.58347071,   60.0361362 ,   53.38833487,    122.98736738,   82.27420244,   83.67252739,  199.78889641,     58.5304546 ], [-1300.46379742, -459.10663553,  -99.91738519,  -23.44280947,      2.87478626,   55.95460322,   31.55363653,   39.24708578,     78.49215565,   75.40420516,   35.56681084,   58.5304546 ,    170.46323501]]
/root/sim/music/out/霜康司_刀祢雅彦/システム英単語_[Disc_1]/1-05_D1-05_Cost_Tend_Depend_Share_De.mp3; [-905.1761   ,  81.728264 ,  13.750221 ,   8.982685 ,   2.6238406,   -8.55057  ,  -6.513711 ,  -7.492637 ,  -8.851307 ,  -9.830427 ,   -7.579595 ,  -8.364126 ,  -9.439249 ]; [[61463.34069347,10678.48616291, -875.44635323, -392.05087338,   -616.09175348,-2588.33856778,-1489.52535257,-1497.52789943,  -1896.46243982,-1774.09494037,-1415.60720483,-1517.57814461,  -1569.92540991], [10678.48616291, 7149.63959065,  582.71293377, -592.64965285,    425.4119123 , -481.07768553, -354.53684563, -353.3585756 ,   -342.67103619, -846.17101205, -297.02785201, -601.50989231,   -650.89335297], [ -875.44635323,  582.71293377, 1606.02163768,  417.36283386,    114.51393933,  335.97902518,   53.02070255,  -11.64062676,     52.55271793,  -90.39933575,   65.73774484,   56.64664474,   -116.56238727], [ -392.05087338, -592.64965285,  417.36283386, 1190.28837406,    320.34840926,  122.80716833,  -68.72404044,  106.84384559,    116.53491953,   16.70380818,  -33.83235722,   99.81493587,     63.33141498], [ -616.09175348,  425.4119123 ,  114.51393933,  320.34840926,    673.87517009,  144.39553054,  -78.3436136 ,   29.50052504,    102.6613008 ,   71.83434549,  -50.74143709,   27.7731415 ,    -42.72584354], [-2588.33856778, -481.07768553,  335.97902518,  122.80716833,    144.39553054,  702.59173896,  122.43010703,  133.46469479,    150.57288886,  166.15446922,  144.73437772,  106.12684001,     45.41920202], [-1489.52535257, -354.53684563,   53.02070255,  -68.72404044,    -78.3436136 ,  122.43010703,  313.42521106,  104.02767125,     43.16928151,   67.24093826,   96.14434521,   73.35850173,     14.11608947], [-1497.52789943, -353.3585756 ,  -11.64062676,  106.84384559,     29.50052504,  133.46469479,  104.02767125,  356.49808039,     95.1144541 ,   23.81305216,   90.3385766 ,   31.61798214,     43.06596148], [-1896.46243982, -342.67103619,   52.55271793,  116.53491953,    102.6613008 ,  150.57288886,   43.16928151,   95.1144541 ,    315.81717752,   65.25390303,   87.06129189,   76.5355337 ,     46.27493552], [-1774.09494037, -846.17101205,  -90.39933575,   16.70380818,     71.83434549,  166.15446922,   67.24093826,   23.81305216,     65.25390303,  323.64648366,   21.93582806,  100.69085173,    102.86423697], [-1415.60720483, -297.02785201,   65.73774484,  -33.83235722,    -50.74143709,  144.73437772,   96.14434521,   90.3385766 ,     87.06129189,   21.93582806,  235.34936141,   76.2478819 ,      9.37690553], [-1517.57814461, -601.50989231,   56.64664474,   99.81493587,     27.7731415 ,  106.12684001,   73.35850173,   31.61798214,     76.5355337 ,  100.69085173,   76.2478819 ,  212.36082853,     60.89703121], [-1569.92540991, -650.89335297, -116.56238727,   63.33141498,    -42.72584354,   45.41920202,   14.11608947,   43.06596148,     46.27493552,  102.86423697,    9.37690553,   60.89703121,    216.07833797]]
/root/sim/music/out/霜康司_刀祢雅彦/システム英単語_[Disc_1]/1-01_D1-01_Follow_Consider_Increase_.mp3; [-844.91974  ,  75.36388  ,   7.8969975,   8.870313 ,  -2.9262438,   -4.745639 ,  -3.6002626,  -4.336652 ,  -8.817024 ,  -2.5048282,   -5.87141  ,  -4.530734 ,  -3.7729566]; [[57112.41996192, 7116.65105256,-1551.34594602,  457.91326648,  -1078.46809797,-1046.63108128, -304.60291791, -586.59730758,  -1306.08746923, -264.99750771, -670.00074811, -662.83730847,   -515.58559581], [ 7116.65105256, 5663.70833784, -249.98384105,  -30.28008272,    179.58770768, -470.3784173 ,  -62.58020078, -157.79651523,   -328.3503804 , -295.68465645,  -82.02120776, -362.02755002,   -215.75728236], [-1551.34594602, -249.98384105, 1463.70557724,  254.90641209,    108.16592767,  241.189318  ,  -38.90269543,   65.93345622,     29.30029621,  -86.84466118,   -3.27488535,   73.4399021 ,   -106.17388655], [  457.91326648,  -30.28008272,  254.90641209,  953.01332998,    312.23166757,  112.06102303,   20.55336994,  129.76252897,    111.22748861,   28.16917474,   46.98327623,   74.64337374,     34.80450136], [-1078.46809797,  179.58770768,  108.16592767,  312.23166757,    576.86312663,  138.83253958,  -54.45747027,   67.15142623,    103.25134556,   55.58435262,   27.08089232,  -15.67613545,      2.78720673], [-1046.63108128, -470.3784173 ,  241.189318  ,  112.06102303,    138.83253958,  518.99688712,   87.75429223,  174.83729341,    150.17694319,  123.28439411,  122.92886256,   91.25968259,     49.37055331], [ -304.60291791,  -62.58020078,  -38.90269543,   20.55336994,    -54.45747027,   87.75429223,  256.28209604,   87.33610915,     18.69931893,   71.89893256,   43.50678543,   43.2171083 ,     31.92411711], [ -586.59730758, -157.79651523,   65.93345622,  129.76252897,     67.15142623,  174.83729341,   87.33610915,  291.74140407,     83.01858723,   55.64018209,   80.0488194 ,   52.27330746,     42.80359039], [-1306.08746923, -328.3503804 ,   29.30029621,  111.22748861,    103.25134556,  150.17694319,   18.69931893,   83.01858723,    259.46578024,   78.33967184,   71.19936428,   87.94796106,     58.22010023], [ -264.99750771, -295.68465645,  -86.84466118,   28.16917474,     55.58435262,  123.28439411,   71.89893256,   55.64018209,     78.33967184,  213.6185    ,   44.11589495,   51.2515002 ,     66.81187324], [ -670.00074811,  -82.02120776,   -3.27488535,   46.98327623,     27.08089232,  122.92886256,   43.50678543,   80.0488194 ,     71.19936428,   44.11589495,  200.24257942,   64.93703119,     27.86449176], [ -662.83730847, -362.02755002,   73.4399021 ,   74.64337374,    -15.67613545,   91.25968259,   43.2171083 ,   52.27330746,     87.94796106,   51.2515002 ,   64.93703119,  184.90965074,     68.83153068], [ -515.58559581, -215.75728236, -106.17388655,   34.80450136,      2.78720673,   49.37055331,   31.92411711,   42.80359039,     58.22010023,   66.81187324,   27.86449176,   68.83153068,    151.57725941]]
/root/sim/music/out/Alphaville/Ａｌｐｈａｖｉｌｌｅ/Alphaville_-_Forever_Young__Official_Video.mp3; [-619.9709   , 140.89093  , -24.015987 ,  20.985739 , -13.133814 ,   12.289419 ,  -9.461149 ,   9.141957 , -12.539538 ,   2.483792 ,   -3.0792832,   2.6871023,  -2.893872 ]; [[ 9395.62858226,-2874.24685366, -824.75085549,  170.87889772,   -163.61963986,  221.51516368,  -71.79548798,   -7.3224538 ,     -7.8095886 ,   56.0248354 ,   -2.50781912,   11.71886944,     30.32335499], [-2874.24685366, 2596.80199968, -166.18787365,   63.02577964,   -133.79469547, -119.21605818, -111.81679843,   94.30665485,   -142.3798273 ,   -0.57786114,  -62.24731775,  -11.90895959,    -44.10856171], [ -824.75085549, -166.18787365,  966.86295702, -186.71572964,    156.81048278,  -93.7822789 ,   70.0816651 ,  -95.70077185,     54.33095973,  -63.06259269,   52.79432153,  -10.00382634,     -2.22346942], [  170.87889772,   63.02577964, -186.71572964,  334.83861456,    -85.97742994,   71.6292841 ,  -81.65358335,   73.25503076,    -32.24115   ,   68.59853796,  -47.93833826,   33.31499589,     -5.55450567], [ -163.61963986, -133.79469547,  156.81048278,  -85.97742994,    239.12017626,  -33.25725813,   72.15554662,  -76.00708146,     71.45420592,  -27.61928501,   26.9131019 ,  -18.60368565,     22.13745618], [  221.51516368, -119.21605818,  -93.7822789 ,   71.6292841 ,    -33.25725813,  187.61082945,  -21.86567631,   39.74428332,    -20.85509691,   53.94695046,  -11.35338945,   25.9252261 ,    -24.62307587], [  -71.79548798, -111.81679843,   70.0816651 ,  -81.65358335,     72.15554662,  -21.86567631,  180.08873227,  -19.86294078,     55.19966269,  -43.73592136,   29.21395363,  -11.87430735,     32.91129283], [   -7.3224538 ,   94.30665485,  -95.70077185,   73.25503076,    -76.00708146,   39.74428332,  -19.86294078,  144.17729804,    -21.56006796,   26.41742224,  -13.86044955,   22.30316998,    -12.81062263], [   -7.8095886 , -142.3798273 ,   54.33095973,  -32.24115   ,     71.45420592,  -20.85509691,   55.19966269,  -21.56006796,    138.59132026,   12.28153826,    8.9136025 ,  -14.69487465,     23.79637136], [   56.0248354 ,   -0.57786114,  -63.06259269,   68.59853796,    -27.61928501,   53.94695046,  -43.73592136,   26.41742224,     12.28153826,  120.07154096,    0.71975275,   15.41719977,    -19.58266087], [   -2.50781912,  -62.24731775,   52.79432153,  -47.93833826,     26.9131019 ,  -11.35338945,   29.21395363,  -13.86044955,      8.9136025 ,    0.71975275,   93.63139217,    9.77221728,      7.45868302], [   11.71886944,  -11.90895959,  -10.00382634,   33.31499589,    -18.60368565,   25.9252261 ,  -11.87430735,   22.30316998,    -14.69487465,   15.41719977,    9.77221728,   88.59488841,     17.84870488], [   30.32335499,  -44.10856171,   -2.22346942,   -5.55450567,     22.13745618,  -24.62307587,   32.91129283,  -12.81062263,     23.79637136,  -19.58266087,    7.45868302,   17.84870488,     85.48138561]]
/root/sim/music/out/RADWIMPS/棒人間.mp3; [-590.29846  , 133.30675  , -41.869446 ,   5.296912 ,  -9.236961 ,  -15.223921 ,  -7.1446557,  -6.1435394,  -9.040206 ,  -0.5434733,   -6.853016 ,  -6.3236794,  -5.4447837]; [[13386.20543881,-1518.19319843,  340.7027805 ,   25.03166803,   -187.06891945, -291.77605474,  -53.98667385,  132.32449291,   -223.16787124,  -17.62987779, -242.42256674,   41.59757691,    175.1832355 ], [-1518.19319843, 2999.77716378,-1076.71516855,  101.10949411,    -69.46307424,    8.56168545,   99.28810338,   45.01283281,     57.20415573,   49.84663833,   87.01513657,  -24.3707491 ,    -38.98219866], [  340.7027805 ,-1076.71516855, 1058.69984993,  -14.33907437,    167.90217792,   61.67223513,   18.16694818,  -26.57757685,    -26.71690303,  -90.42495365,  -58.24168177,   11.80588797,     18.03809724], [   25.03166803,  101.10949411,  -14.33907437,  357.4379206 ,     71.13890956,   46.51818361,  -32.88048498,   36.38470361,     30.46565678,   -3.84048734,  -21.21535697,    4.56163546,     28.85428301], [ -187.06891945,  -69.46307424,  167.90217792,   71.13890956,    290.19926801,   21.35353301,  -29.5895249 ,  -18.13204056,     27.87267386,   -9.38440967,  -12.95473561,   -4.66000679,    -12.30495813], [ -291.77605474,    8.56168545,   61.67223513,   46.51818361,     21.35353301,  306.56343349,   72.82872667,   44.97623069,     71.33533267,   13.97787485,   55.88688603,   24.5702586 ,    -13.70511013], [  -53.98667385,   99.28810338,   18.16694818,  -32.88048498,    -29.5895249 ,   72.82872667,  207.86505686,   62.24497382,    -11.4209074 ,   13.79221327,   33.08953629,   22.45289602,     19.82413959], [  132.32449291,   45.01283281,  -26.57757685,   36.38470361,    -18.13204056,   44.97623069,   62.24497382,  178.65299513,     20.28666111,   -2.18091018,    6.50573417,    4.72366403,     23.58221537], [ -223.16787124,   57.20415573,  -26.71690303,   30.46565678,     27.87267386,   71.33533267,  -11.4209074 ,   20.28666111,    166.50842882,   46.46839486,    9.43670103,    6.83097947,    -16.82494923], [  -17.62987779,   49.84663833,  -90.42495365,   -3.84048734,     -9.38440967,   13.97787485,   13.79221327,   -2.18091018,     46.46839486,  157.0386915 ,   23.91906   ,   17.64455946,      7.06882404], [ -242.42256674,   87.01513657,  -58.24168177,  -21.21535697,    -12.95473561,   55.88688603,   33.08953629,    6.50573417,      9.43670103,   23.91906   ,  113.65860021,   22.29553652,     -4.58411247], [   41.59757691,  -24.3707491 ,   11.80588797,    4.56163546,     -4.66000679,   24.5702586 ,   22.45289602,    4.72366403,      6.83097947,   17.64455946,   22.29553652,  112.90922945,     50.9224274 ], [  175.1832355 ,  -38.98219866,   18.03809724,   28.85428301,    -12.30495813,  -13.70511013,   19.82413959,   23.58221537,    -16.82494923,    7.06882404,   -4.58411247,   50.9224274 ,    132.844468  ]]
