/root/sim/music/out/Elvis_Presley/Elvis_Best_Hit_In_Japan/18-(You're_The)_Devil_In_Disguise.mp3; [-590.0277   , 123.88482  ,   2.342788 ,  19.589836 ,  10.1894   ,   -1.4396344,  -8.843562 ,   2.2712848,  -6.46614  ,  -4.3006115,    0.7581017,   1.6263324,  -3.4768717]; [[13062.17981321, -694.98012222, -400.28116301, -115.05161262,     96.23202971,   51.94052496,  -95.99024221,   58.15661041,    -32.1687555 , -161.0798892 ,  -41.88224544,   73.1621683 ,    -23.78291073], [ -694.98012222, 1423.1228259 ,  -53.05881825,  -59.54541613,   -114.36498523,  -94.70321522,   28.10486654,  117.80520395,     -7.75057914,   37.7148341 ,   77.91730742,    5.6822771 ,    -30.46938986], [ -400.28116301,  -53.05881825,  598.38763106,  163.83969594,     51.97019448,   85.45971329,  117.25065382,  -16.27535805,     79.31969072,   32.69493394,   12.55070867,   55.84512098,     54.52144405], [ -115.05161262,  -59.54541613,  163.83969594,  297.0972003 ,    155.12851408,   46.0701527 ,   35.14090008,  -31.53824811,     49.76718659,   36.30595823,   -2.18805133,   26.25326433,     33.84850596], [   96.23202971, -114.36498523,   51.97019448,  155.12851408,    304.08897254,   95.85407106,   22.0832968 ,  -16.75241713,     51.77341961,   36.59344672,   13.21076238,   33.65734876,     41.63449396], [   51.94052496,  -94.70321522,   85.45971329,   46.0701527 ,     95.85407106,  157.34897189,   92.80378465,   12.59274618,     32.29521154,   32.36441512,   17.6731022 ,   25.08559732,     25.4985299 ], [  -95.99024221,   28.10486654,  117.25065382,   35.14090008,     22.0832968 ,   92.80378465,  217.2853963 ,   82.0433027 ,     61.35356469,   56.16116314,   49.30535189,   46.1341247 ,     29.30375629], [   58.15661041,  117.80520395,  -16.27535805,  -31.53824811,    -16.75241713,   12.59274618,   82.0433027 ,  152.36605607,     48.67763316,   22.23199112,   40.95298911,   24.97216831,      8.14244158], [  -32.1687555 ,   -7.75057914,   79.31969072,   49.76718659,     51.77341961,   32.29521154,   61.35356469,   48.67763316,    124.81265323,   67.59240249,   18.63475382,   17.97122703,     15.4360018 ], [ -161.0798892 ,   37.7148341 ,   32.69493394,   36.30595823,     36.59344672,   32.36441512,   56.16116314,   22.23199112,     67.59240249,  126.52759957,   50.17358811,    4.94010951,      9.23419967], [  -41.88224544,   77.91730742,   12.55070867,   -2.18805133,     13.21076238,   17.6731022 ,   49.30535189,   40.95298911,     18.63475382,   50.17358811,  102.08482956,   47.51159933,      1.5358096 ], [   73.1621683 ,    5.6822771 ,   55.84512098,   26.25326433,     33.65734876,   25.08559732,   46.1341247 ,   24.97216831,     17.97122703,    4.94010951,   47.51159933,   97.6761476 ,     34.90235871], [  -23.78291073,  -30.46938986,   54.52144405,   33.84850596,     41.63449396,   25.4985299 ,   29.30375629,    8.14244158,     15.4360018 ,    9.23419967,    1.5358096 ,   34.90235871,     83.23024587]]
/root/sim/music/out/Elvis_Presley/Elvis_Best_Hit_In_Japan/06-Jailhouse_Rock.mp3; [-608.9578   , 113.19497  ,   6.1385727,  19.320114 ,   1.3470904,    5.4571695,   5.58227  ,   3.1255147,  -3.5993733,   7.6751394,   -2.3053355,   4.013006 ,  -3.120637 ]; [[17787.90595718, -546.89644539,-1138.76065915,  -69.81464128,   -428.73482119, -109.87899086, -109.56030113,  -23.26864355,   -344.83819183,    2.43302528, -115.35421058, -113.42476353,   -205.87027126], [ -546.89644539, 1601.12602532,  283.03524625,   56.18856486,    162.87749313,   53.51854763,  109.47835589,   45.73879098,     81.65758711,  -46.97374879,   62.58602768,   62.86461505,     -3.20265064], [-1138.76065915,  283.03524625,  964.22578476,   96.7365783 ,     81.08073507,   65.55832935,   86.2403983 ,   10.40578914,     82.23272218,   25.95881346,  -19.11727166,   25.92682588,     13.63222143], [  -69.81464128,   56.18856486,   96.7365783 ,  300.01636041,    133.18508777,    6.97000693,   -2.14583189,  -12.03096672,     54.86807441,   25.91991227,  -19.3068781 ,   -8.0674104 ,      4.86233288], [ -428.73482119,  162.87749313,   81.08073507,  133.18508777,    295.16410452,   48.03371406,  -30.9309775 ,   -7.18935139,     72.80856086,   34.90840705,   -0.16306749,    7.62841335,    -24.4725699 ], [ -109.87899086,   53.51854763,   65.55832935,    6.97000693,     48.03371406,  175.98490695,   72.18476452,   12.67709415,     14.06660412,   10.28823253,   18.02005742,   -0.39370965,    -26.21209242], [ -109.56030113,  109.47835589,   86.2403983 ,   -2.14583189,    -30.9309775 ,   72.18476452,  183.79530433,   54.25912923,    -26.51776823,    6.16463816,   22.23436075,    8.55168644,      7.49599428], [  -23.26864355,   45.73879098,   10.40578914,  -12.03096672,     -7.18935139,   12.67709415,   54.25912923,  129.2790149 ,     19.05534143,   -3.73330182,   13.01155539,   13.26298976,      7.00659813], [ -344.83819183,   81.65758711,   82.23272218,   54.86807441,     72.80856086,   14.06660412,  -26.51776823,   19.05534143,    143.40026926,   45.00405637,  -18.64964067,  -10.31672752,     -6.92986787], [    2.43302528,  -46.97374879,   25.95881346,   25.91991227,     34.90840705,   10.28823253,    6.16463816,   -3.73330182,     45.00405637,  128.71877851,    9.14687675,  -27.43913808,     -7.50191872], [ -115.35421058,   62.58602768,  -19.11727166,  -19.3068781 ,     -0.16306749,   18.02005742,   22.23436075,   13.01155539,    -18.64964067,    9.14687675,   90.09078069,   27.65987784,    -16.88777645], [ -113.42476353,   62.86461505,   25.92682588,   -8.0674104 ,      7.62841335,   -0.39370965,    8.55168644,   13.26298976,    -10.31672752,  -27.43913808,   27.65987784,   98.89218988,     22.71729157], [ -205.87027126,   -3.20265064,   13.63222143,    4.86233288,    -24.4725699 ,  -26.21209242,    7.49599428,    7.00659813,     -6.92986787,   -7.50191872,  -16.88777645,   22.71729157,     95.11528776]]
/root/sim/music/out/Elvis_Presley/Elvis_Best_Hit_In_Japan/19-Viva_Las_Vegas.mp3; [-581.8246   , 109.66991  ,   9.638583 ,  20.09042  ,  -0.8374159,   -7.497193 ,  -3.895938 ,  -0.4410067,  -7.353641 ,  -3.888125 ,   -5.9108133,   1.6300554,  -9.142162 ]; [[13607.74354038,  613.67507166, -452.9015898 ,  -79.96740075,   -348.66999303, -180.38849959,   28.89407563,  175.99369818,   -230.70252782,   37.80354845,  226.10015272,  150.29866307,   -186.74412633], [  613.67507166,  717.50796255, -134.08885465,  -48.99700285,      2.41198869,  -54.25593791,  -27.46513698,   35.00247523,    -22.66096276,  -11.20923998,   39.48378286,   43.24305965,    -12.05954994], [ -452.9015898 , -134.08885465,  412.44261518,   78.25202513,    -11.158448  ,   67.49363018,   46.9558318 ,  -22.47706767,     37.59741841,  -12.19992906,  -51.04345882,   -3.47661166,     40.93527955], [  -79.96740075,  -48.99700285,   78.25202513,  239.89288645,    121.80589195,   -3.29338418,  -30.08731448,  -17.89204708,     19.44828561,    4.77055705,  -31.43349424,   -9.2977966 ,     31.14651806], [ -348.66999303,    2.41198869,  -11.158448  ,  121.80589195,    252.74405148,   22.55508061,  -76.03248201,  -17.70661365,     38.12263633,   13.9921836 ,   -4.54736453,  -14.48918613,     21.2664084 ], [ -180.38849959,  -54.25593791,   67.49363018,   -3.29338418,     22.55508061,  123.51907653,   59.07436708,  -10.24216225,     13.54867063,   20.66194707,    5.31710241,   -2.43647641,      0.29481021], [   28.89407563,  -27.46513698,   46.9558318 ,  -30.08731448,    -76.03248201,   59.07436708,  168.08365595,   57.70212168,      2.19802089,   13.94705124,   12.74078239,    5.73216055,     -1.4826056 ], [  175.99369818,   35.00247523,  -22.47706767,  -17.89204708,    -17.70661365,  -10.24216225,   57.70212168,  125.08014202,     27.45974001,    5.96441154,   30.7738163 ,   15.95930095,      1.9158584 ], [ -230.70252782,  -22.66096276,   37.59741841,   19.44828561,     38.12263633,   13.54867063,    2.19802089,   27.45974001,    102.70993306,   39.51956301,   -5.6774045 ,  -14.86999234,     12.08260572], [   37.80354845,  -11.20923998,  -12.19992906,    4.77055705,     13.9921836 ,   20.66194707,   13.94705124,    5.96441154,     39.51956301,   99.01822792,   38.52684   ,   -5.98363372,     -5.83211383], [  226.10015272,   39.48378286,  -51.04345882,  -31.43349424,     -4.54736453,    5.31710241,   12.74078239,   30.7738163 ,     -5.6774045 ,   38.52684   ,  122.30697209,   42.28738139,    -12.93002365], [  150.29866307,   43.24305965,   -3.47661166,   -9.2977966 ,    -14.48918613,   -2.43647641,    5.73216055,   15.95930095,    -14.86999234,   -5.98363372,   42.28738139,   79.79144797,     13.58512209], [ -186.74412633,  -12.05954994,   40.93527955,   31.14651806,     21.2664084 ,    0.29481021,   -1.4826056 ,    1.9158584 ,     12.08260572,   -5.83211383,  -12.93002365,   13.58512209,     72.81292687]]
/root/sim/music/out/Elvis_Presley/Elvis_Best_Hit_In_Japan/24-I_Really_Don't_Want_To_Know.mp3; [-603.3924   , 151.58719  ,   4.9984846,  15.7084055,   2.766049 ,   -6.0933127, -13.185411 ,  -4.818709 ,  -9.6310625,  -5.361223 ,   -5.679036 ,  -4.051238 ,  -6.2999897]; [[10255.33929622, -579.31713951,-1018.99617708, -685.27240902,     -1.20930161, -275.47794451, -232.00752624,  146.92012906,    -84.68617051,   -8.81898567,  139.22416304,   82.41134309,   -243.33083994], [ -579.31713951, 1388.08538391,  106.65313679,  104.01417534,     -4.45907022,   -5.98886205,  -12.37476611,  -16.42227656,      5.28070086,  -40.56470354,  -35.50099279,    1.56615145,     52.83995827], [-1018.99617708,  106.65313679,  820.03427793,  211.99491534,    -55.39701539,   61.13803728,   97.64600216,  -37.52828973,      0.35401513,  -19.3952093 ,  -60.57927306,  -26.9212368 ,     76.57403582], [ -685.27240902,  104.01417534,  211.99491534,  299.19050566,     37.36378852,   35.39580514,   31.50678137,  -38.61829682,     14.29550964,   -2.43951737,  -43.00948518,  -32.57680574,     35.1571478 ], [   -1.20930161,   -4.45907022,  -55.39701539,   37.36378852,    264.35380996,   56.83570272,  -51.45080981,  -53.58102224,     32.48690593,   25.98725349,   -2.22521663,    8.0287201 ,    -21.54199833], [ -275.47794451,   -5.98886205,   61.13803728,   35.39580514,     56.83570272,  131.20427874,   23.31547152,  -36.66979357,      7.84309764,   17.53063829,   -4.49554092,    0.21807677,      6.62443171], [ -232.00752624,  -12.37476611,   97.64600216,   31.50678137,    -51.45080981,   23.31547152,  150.85742039,   31.76468458,     -6.19324958,   -1.18594825,  -10.91803472,   -1.34463966,     20.81153242], [  146.92012906,  -16.42227656,  -37.52828973,  -38.61829682,    -53.58102224,  -36.66979357,   31.76468458,  146.42423698,      9.08076052,  -33.1300957 ,   15.36659184,   19.56757152,     -2.89602802], [  -84.68617051,    5.28070086,    0.35401513,   14.29550964,     32.48690593,    7.84309764,   -6.19324958,    9.08076052,     78.66478307,   22.16022714,   -5.52149488,   -2.22192117,     -2.06957033], [   -8.81898567,  -40.56470354,  -19.3952093 ,   -2.43951737,     25.98725349,   17.53063829,   -1.18594825,  -33.1300957 ,     22.16022714,   91.73367603,   24.41412312,   -5.94495848,    -10.85054925], [  139.22416304,  -35.50099279,  -60.57927306,  -43.00948518,     -2.22521663,   -4.49554092,  -10.91803472,   15.36659184,     -5.52149488,   24.41412312,   91.17242068,   28.45480071,    -14.11454913], [   82.41134309,    1.56615145,  -26.9212368 ,  -32.57680574,      8.0287201 ,    0.21807677,   -1.34463966,   19.56757152,     -2.22192117,   -5.94495848,   28.45480071,   90.09167476,     19.32806574], [ -243.33083994,   52.83995827,   76.57403582,   35.1571478 ,    -21.54199833,    6.62443171,   20.81153242,   -2.89602802,     -2.06957033,  -10.85054925,  -14.11454913,   19.32806574,     87.41376261]]
/root/sim/music/out/Elvis_Presley/Elvis_Best_Hit_In_Japan/28-My_Way.mp3; [-631.19037  , 187.85242  , -31.368607 ,  12.017041 ,   5.0578284,    2.0149171,  -8.91162  ,   5.9557147,  -7.09675  ,  -5.881991 ,    0.6599468,  -1.2029645,  -5.6268744]; [[10200.15181651,-1146.85460798,-2055.5478818 , -114.40062883,   -254.87594921, -130.60419819,  115.91852442,  687.08183612,    128.44864265,   -0.72910405,  204.28380985,  138.63828244,   -113.34529885], [-1146.85460798, 1916.4896268 ,  592.61762685,  -57.43096371,    218.11945836,    7.43602235, -161.60588744, -125.7589538 ,    -44.29408926, -117.40061141,  -76.26502209,   18.61416349,    -65.85312041], [-2055.5478818 ,  592.61762685, 1066.11236359,  199.31360314,     11.43193214,   89.4276076 ,  -64.20781807, -207.31386072,    -73.81800863,  -52.04682701,  -82.02733012,  -33.80935761,     10.93283191], [ -114.40062883,  -57.43096371,  199.31360314,  299.19014513,     28.48226926,   18.66564166,  -23.08763396,  -20.70710913,    -11.82313718,   -4.71472259,    8.54221215,  -12.75533006,     -1.98789828], [ -254.87594921,  218.11945836,   11.43193214,   28.48226926,    261.88213158,   25.55889186,  -74.31473779,  -51.94739169,     -1.66216321,    6.41667275,  -15.53622987,   -6.36726909,    -12.55291016], [ -130.60419819,    7.43602235,   89.4276076 ,   18.66564166,     25.55889186,  149.41372128,   37.00700575,  -37.46782428,     -8.09949654,    3.16126578,  -17.3303737 ,   -7.38167582,     26.55544807], [  115.91852442, -161.60588744,  -64.20781807,  -23.08763396,    -74.31473779,   37.00700575,  221.65305187,   78.47181456,     23.68727479,   36.47806497,   22.69809032,    2.55493583,     32.01854233], [  687.08183612, -125.7589538 , -207.31386072,  -20.70710913,    -51.94739169,  -37.46782428,   78.47181456,  220.11802545,     70.37089098,  -13.17609559,   44.37656836,   37.79714613,    -12.76997528], [  128.44864265,  -44.29408926,  -73.81800863,  -11.82313718,     -1.66216321,   -8.09949654,   23.68727479,   70.37089098,    122.17410522,   32.2999355 ,    3.12089706,    3.15427763,      0.130405  ], [   -0.72910405, -117.40061141,  -52.04682701,   -4.71472259,      6.41667275,    3.16126578,   36.47806497,  -13.17609559,     32.2999355 ,  134.55708347,   32.06227014,  -27.2643307 ,     23.40169428], [  204.28380985,  -76.26502209,  -82.02733012,    8.54221215,    -15.53622987,  -17.3303737 ,   22.69809032,   44.37656836,      3.12089706,   32.06227014,  109.8973951 ,   47.2084315 ,     -7.25957194], [  138.63828244,   18.61416349,  -33.80935761,  -12.75533006,     -6.36726909,   -7.38167582,    2.55493583,   37.79714613,      3.15427763,  -27.2643307 ,   47.2084315 ,  109.13395063,     12.10203515], [ -113.34529885,  -65.85312041,   10.93283191,   -1.98789828,    -12.55291016,   26.55544807,   32.01854233,  -12.76997528,      0.130405  ,   23.40169428,   -7.25957194,   12.10203515,     90.77470089]]
/root/sim/music/out/Elvis_Presley/Elvis_Best_Hit_In_Japan/02-I_Want_You_I_Need_You_I_Love_You.mp3; [-591.28674  , 154.37212  ,  -9.803419 ,   4.9084864, -18.279936 ,   -9.321313 ,  -1.8487211,   5.9851136, -12.847773 ,  -3.6651459,    3.2688026,   0.9574457,  -8.223143 ]; [[9468.62192696,   9.43447035,-484.1038145 ,-250.10227101,-317.20714203,    33.99077059, -10.26661926, 123.25690405, -69.58803057, -77.84312144,    17.77874197,  62.40482353,-163.41468998], [   9.43447035,1339.44454099,-234.05759059,  26.34500713, -87.90763346,  -143.55128803,  42.63782988,  76.62640937,-116.10204773, -20.8766463 ,    44.55559052,   6.05930984,   9.32309644], [-484.1038145 ,-234.05759059, 709.13749417,  12.72969297,  34.01228833,    47.49119758,  57.71955686,  31.37206148,  15.77567042,  16.7204005 ,    -3.64940721,  38.36726602,  76.96111014], [-250.10227101,  26.34500713,  12.72969297, 346.22165491, 172.37613187,   -36.76245568, -72.23508515, -53.32837779,  39.46922397,   7.1919838 ,   -29.72750851,   5.91929695,  23.47510096], [-317.20714203, -87.90763346,  34.01228833, 172.37613187, 461.44755194,    14.21735051,-128.84075323,-115.78672606,  85.26511845,  50.75403145,   -53.20240539, -25.25986752,  -5.3278204 ], [  33.99077059,-143.55128803,  47.49119758, -36.76245568,  14.21735051,   282.19354833,  65.7183279 , -49.3845868 ,  84.57841426,  63.60208998,    25.20501105,  -6.53040648,   5.56746879], [ -10.26661926,  42.63782988,  57.71955686, -72.23508515,-128.84075323,    65.7183279 , 289.44633705,  93.95681727,   5.71134475,  32.55835392,    41.90952691,  20.89647988,  23.78695113], [ 123.25690405,  76.62640937,  31.37206148, -53.32837779,-115.78672606,   -49.3845868 ,  93.95681727, 251.21290667, -30.07275555, -32.52194549,    41.05606852,  46.85002571,  24.79878475], [ -69.58803057,-116.10204773,  15.77567042,  39.46922397,  85.26511845,    84.57841426,   5.71134475, -30.07275555, 174.47634541,  46.68509647,   -24.17744536, -16.98559536,  12.07940675], [ -77.84312144, -20.8766463 ,  16.7204005 ,   7.1919838 ,  50.75403145,    63.60208998,  32.55835392, -32.52194549,  46.68509647, 149.41721318,    23.53107159, -15.2665802 ,  12.84493858], [  17.77874197,  44.55559052,  -3.64940721, -29.72750851, -53.20240539,    25.20501105,  41.90952691,  41.05606852, -24.17744536,  23.53107159,   134.49518255,  37.7779326 ,  -3.77575949], [  62.40482353,   6.05930984,  38.36726602,   5.91929695, -25.25986752,    -6.53040648,  20.89647988,  46.85002571, -16.98559536, -15.2665802 ,    37.7779326 , 110.29212988,  16.66520877], [-163.41468998,   9.32309644,  76.96111014,  23.47510096,  -5.3278204 ,     5.56746879,  23.78695113,  24.79878475,  12.07940675,  12.84493858,    -3.77575949,  16.66520877,  99.72404084]]
/root/sim/music/out/Elvis_Presley/Elvis_Best_Hit_In_Japan/22-Bridge_Over_Troubled_Water.mp3; [-656.3226    , 194.61072   , -15.535219  ,   1.2420632 ,   7.1818557 ,   -9.552369  , -17.760767  ,   0.04076018,  -6.7671165 ,  -8.677982  ,   -1.9412432 ,  -3.1253715 ,  -4.446493  ]; [[16757.8366503 ,-3268.04275349, -960.04278729,  413.97490048,   -130.73681085,  290.13324963,  316.72059448,  510.59708606,   -175.16077012,  212.92093573,  552.63485146,  299.33314359,   -208.21856174], [-3268.04275349, 1921.7888088 ,  104.94173174,  -69.41693766,     77.55690993, -140.24719316, -155.44953157, -149.06692859,     27.53456041,  -96.04903017, -157.44962095,  -84.07394416,     70.35118045], [ -960.04278729,  104.94173174,  760.88765252,   97.65529284,    -11.21455606,   78.24299061,   33.73137224,   -6.71764009,     17.5152349 ,  -22.52861872,  -38.90941391,  -37.61267579,     56.82113941], [  413.97490048,  -69.41693766,   97.65529284,  358.03747333,     52.34129605,   48.40184239,   55.28040178,   -8.35885195,      3.97626979,   58.26315302,  -12.18136642,  -13.76043662,     24.47217692], [ -130.73681085,   77.55690993,  -11.21455606,   52.34129605,    243.03876697,   45.77713517,  -47.32725419,  -39.06782037,     18.64761225,   28.44900469,   -6.73646305,  -10.6646046 ,      6.458644  ], [  290.13324963, -140.24719316,   78.24299061,   48.40184239,     45.77713517,  164.94612878,   65.59277027,   22.2180373 ,     12.48470926,   30.0813625 ,   25.1417713 ,   10.94336332,     13.11694941], [  316.72059448, -155.44953157,   33.73137224,   55.28040178,    -47.32725419,   65.59277027,  239.45547794,   95.37543018,     10.68905947,   61.27685524,   24.8298273 ,   43.73407498,     17.32822858], [  510.59708606, -149.06692859,   -6.71764009,   -8.35885195,    -39.06782037,   22.2180373 ,   95.37543018,  167.31996867,     32.42022054,   13.31328818,   36.2467942 ,   42.13289763,     -3.9050968 ], [ -175.16077012,   27.53456041,   17.5152349 ,    3.97626979,     18.64761225,   12.48470926,   10.68905947,   32.42022054,     96.74516084,   33.89543978,    1.01789503,    4.30572918,      9.61468849], [  212.92093573,  -96.04903017,  -22.52861872,   58.26315302,     28.44900469,   30.0813625 ,   61.27685524,   13.31328818,     33.89543978,  122.33836017,   34.64253506,   16.05446236,      6.41754959], [  552.63485146, -157.44962095,  -38.90941391,  -12.18136642,     -6.73646305,   25.1417713 ,   24.8298273 ,   36.2467942 ,      1.01789503,   34.64253506,  112.28943083,   41.6526851 ,     -8.41468069], [  299.33314359,  -84.07394416,  -37.61267579,  -13.76043662,    -10.6646046 ,   10.94336332,   43.73407498,   42.13289763,      4.30572918,   16.05446236,   41.6526851 ,  100.91146097,     20.7418345 ], [ -208.21856174,   70.35118045,   56.82113941,   24.47217692,      6.458644  ,   13.11694941,   17.32822858,   -3.9050968 ,      9.61468849,    6.41754959,   -8.41468069,   20.7418345 ,     89.14953233]]
/root/sim/music/out/Elvis_Presley/Elvis_Best_Hit_In_Japan/07-Wear_My_Ring_Around_Your_Neck.mp3; [-576.9485    , 150.25366   ,  -0.95689785,   5.72145   ,  -7.778801  ,   -8.9753065 , -12.641579  ,  -0.710081  , -10.723125  ,  -5.4636474 ,   -3.619723  ,   6.460141  ,  -8.827877  ]; [[10401.25610693,  174.05221447, -721.76965787, -363.91316023,   -297.83015836, -344.2797839 , -304.5230411 ,  -16.10830516,   -134.60284979,  -15.24216642,   -0.98147305,   72.62576845,   -204.70162018], [  174.05221447,  798.46589838,  -31.74787849,   58.15689719,     64.39646387,   27.03035564,   16.08889367,   58.02672745,      4.7710864 ,   -8.98153905,   38.86034316,   46.66559335,     42.75278522], [ -721.76965787,  -31.74787849,  567.2941502 ,  108.49712947,    -10.49392397,  128.23694356,   98.90439518,  -51.29149088,     13.46676606,   -0.37581142,  -53.6906043 ,  -13.33679249,     41.78768293], [ -363.91316023,   58.15689719,  108.49712947,  228.73203458,     77.3265161 ,   21.74671502,    7.178786  ,   -7.31629375,     25.74958673,   21.45076631,   -6.35633274,  -23.5955486 ,     21.20082005], [ -297.83015836,   64.39646387,  -10.49392397,   77.3265161 ,    229.79216258,   13.24582953,  -21.66592849,   27.5270902 ,     25.91266218,   25.88291772,   12.03131767,   -6.25058133,     -0.13560693], [ -344.2797839 ,   27.03035564,  128.23694356,   21.74671502,     13.24582953,  150.37834435,   67.60053642,   -4.40959262,     31.27145092,    6.18042179,   -4.7066013 ,    5.64010035,     12.9028406 ], [ -304.5230411 ,   16.08889367,   98.90439518,    7.178786  ,    -21.66592849,   67.60053642,  148.84430186,   36.21489776,     17.4359793 ,   -4.45972077,   -2.45725392,    8.68996415,     11.40747893], [  -16.10830516,   58.02672745,  -51.29149088,   -7.31629375,     27.5270902 ,   -4.40959262,   36.21489776,  134.61710975,     13.00128217,   -2.972182  ,   41.11931497,   24.68369777,      1.40791119], [ -134.60284979,    4.7710864 ,   13.46676606,   25.74958673,     25.91266218,   31.27145092,   17.4359793 ,   13.00128217,     93.42628747,   28.89093683,   -3.15141255,   -6.82475322,      9.77076961], [  -15.24216642,   -8.98153905,   -0.37581142,   21.45076631,     25.88291772,    6.18042179,   -4.45972077,   -2.972182  ,     28.89093683,   86.73455775,   29.50929449,   -0.36172691,      8.41599078], [   -0.98147305,   38.86034316,  -53.6906043 ,   -6.35633274,     12.03131767,   -4.7066013 ,   -2.45725392,   41.11931497,     -3.15141255,   29.50929449,  113.58918904,   49.70038233,      1.10749179], [   72.62576845,   46.66559335,  -13.33679249,  -23.5955486 ,     -6.25058133,    5.64010035,    8.68996415,   24.68369777,     -6.82475322,   -0.36172691,   49.70038233,   87.1598887 ,     18.58559418], [ -204.70162018,   42.75278522,   41.78768293,   21.20082005,     -0.13560693,   12.9028406 ,   11.40747893,    1.40791119,      9.77076961,    8.41599078,    1.10749179,   18.58559418,     82.26146542]]
/root/sim/music/out/Elvis_Presley/Elvis_Best_Hit_In_Japan/01-Heartbreak_Hotel.mp3; [-693.99164   , 134.34502   ,  16.546896  ,  19.062275  ,  -1.1847212 ,   -7.7089553 ,  -0.9420491 ,  -5.757588  , -11.26546   ,  -1.8968259 ,   -0.31439686,   0.67887336,  -8.201875  ]; [[14928.96419677, -643.0477839 ,-2427.93083629, -744.91247444,  -1296.28921706, -803.24199182, -320.33715144, -136.37192972,   -256.8252321 ,  101.08523583,   69.88340848,  113.23773286,   -139.81655606], [ -643.0477839 , 2657.70654626,  317.76450632,  231.10277196,    512.93811641,  220.85332603,   21.5784857 ,  189.04040164,     63.13176559, -164.82394075,   72.86647855,   56.77020791,     50.7176987 ], [-2427.93083629,  317.76450632, 1710.78831686,  535.41229936,    450.80161121,  278.83303   ,  105.59200378,   56.7446072 ,    -15.39331459,  -75.30145313,  -95.22553426,    4.91675475,     33.29335806], [ -744.91247444,  231.10277196,  535.41229936,  827.74452641,    447.13101309,   60.98794524,   -8.89626892,   67.74723022,     75.81725593,    5.54020137,   17.01291191,   20.2861271 ,     12.02373663], [-1296.28921706,  512.93811641,  450.80161121,  447.13101309,    751.98838909,  234.07309616,  -56.92290513,    6.23128665,     65.50906416,   11.9372825 ,    3.56333263,    6.94984046,    -10.65076018], [ -803.24199182,  220.85332603,  278.83303   ,   60.98794524,    234.07309616,  413.75351453,  134.32404188,    2.93506931,     57.2143715 ,   46.3774251 ,   -4.50691357,   -8.87496138,     13.07825966], [ -320.33715144,   21.5784857 ,  105.59200378,   -8.89626892,    -56.92290513,  134.32404188,  293.70956706,  111.16573726,     24.91887265,   29.00730964,   17.8510444 ,    3.43645173,     26.72221866], [ -136.37192972,  189.04040164,   56.7446072 ,   67.74723022,      6.23128665,    2.93506931,  111.16573726,  246.19921484,     80.01422552,  -20.60610848,   26.6423181 ,   32.08480981,     39.29958838], [ -256.8252321 ,   63.13176559,  -15.39331459,   75.81725593,     65.50906416,   57.2143715 ,   24.91887265,   80.01422552,    208.74106449,   78.21137814,   -8.37540872,    4.42420476,     24.87706848], [  101.08523583, -164.82394075,  -75.30145313,    5.54020137,     11.9372825 ,   46.3774251 ,   29.00730964,  -20.60610848,     78.21137814,  229.66796755,   46.88207037,  -30.94491675,    -12.20272817], [   69.88340848,   72.86647855,  -95.22553426,   17.01291191,      3.56333263,   -4.50691357,   17.8510444 ,   26.6423181 ,     -8.37540872,   46.88207037,  166.31274232,   37.44103224,    -18.63148161], [  113.23773286,   56.77020791,    4.91675475,   20.2861271 ,      6.94984046,   -8.87496138,    3.43645173,   32.08480981,      4.42420476,  -30.94491675,   37.44103224,  136.50908996,     26.11356697], [ -139.81655606,   50.7176987 ,   33.29335806,   12.02373663,    -10.65076018,   13.07825966,   26.72221866,   39.29958838,     24.87706848,  -12.20272817,  -18.63148161,   26.11356697,    123.5632515 ]]
/root/sim/music/out/Elvis_Presley/Elvis_Best_Hit_In_Japan/29-Blue_Christmas.mp3; [-634.89435  , 156.79419  ,  26.945822 ,  14.018451 , -13.427245 ,   -9.636782 ,  -7.975494 ,   8.45911  , -17.852774 ,  -7.207772 ,   -0.6217388,   9.155818 , -14.045532 ]; [[9561.21942276,  77.4578203 ,-744.6483888 ,  47.67782316,-160.96614748,  -163.19092449,-167.72158093, 308.65077146,-133.95925734,-233.85435001,    79.02419996, 202.64882868,-287.19783059], [  77.4578203 , 919.47102629,  69.19739509,-108.17643969, -43.27572455,   -55.53203004,  32.92959043,  61.93350574, -65.66250521,   4.2844573 ,    36.83651821,   1.28308478,  29.85389452], [-744.6483888 ,  69.19739509, 589.12361883, 127.79837102,  -9.71617955,    99.8085438 ,  68.09771544,-105.8249892 ,  70.84398147,  95.16180355,   -70.80113736, -22.24177505,  86.88165886], [  47.67782316,-108.17643969, 127.79837102, 220.15608932, 122.40590679,    52.12706684, -56.18921298, -64.1883703 ,  57.31440847,  14.5001448 ,   -26.13172191,   6.23792253,  19.22243222], [-160.96614748, -43.27572455,  -9.71617955, 122.40590679, 367.54815226,   106.27328967,-118.59622416,-105.16477295,  51.67313017,  24.61856308,   -14.47073301,  -6.29387238,   8.87621061], [-163.19092449, -55.53203004,  99.8085438 ,  52.12706684, 106.27328967,   161.49826606,  -8.76156196, -58.59502288,  48.48297337,  19.8066779 ,   -20.55640639,   8.310073  ,  27.11485665], [-167.72158093,  32.92959043,  68.09771544, -56.18921298,-118.59622416,    -8.76156196, 212.99742633,  78.53221471,   1.39460904,  51.0939907 ,    19.87256924,  13.88554788,  21.79453937], [ 308.65077146,  61.93350574,-105.8249892 , -64.1883703 ,-105.16477295,   -58.59502288,  78.53221471, 223.78773571, -22.97752261, -52.67271356,    51.18184301,  39.17396228,   1.82858303], [-133.95925734, -65.66250521,  70.84398147,  57.31440847,  51.67313017,    48.48297337,   1.39460904, -22.97752261, 107.0219755 ,  40.63980169,    -8.88135025,   3.76123194,  17.46488206], [-233.85435001,   4.2844573 ,  95.16180355,  14.5001448 ,  24.61856308,    19.8066779 ,  51.0939907 , -52.67271356,  40.63980169, 155.35630374,    24.76342827, -16.24019762,   8.5833676 ], [  79.02419996,  36.83651821, -70.80113736, -26.13172191, -14.47073301,   -20.55640639,  19.87256924,  51.18184301,  -8.88135025,  24.76342827,   107.53469436,  34.58306714,  -6.80978638], [ 202.64882868,   1.28308478, -22.24177505,   6.23792253,  -6.29387238,     8.310073  ,  13.88554788,  39.17396228,   3.76123194, -16.24019762,    34.58306714,  92.09555172,  29.71020888], [-287.19783059,  29.85389452,  86.88165886,  19.22243222,   8.87621061,    27.11485665,  21.79453937,   1.82858303,  17.46488206,   8.5833676 ,    -6.80978638,  29.71020888,  88.89751212]]
/root/sim/music/out/Elvis_Presley/Elvis_Best_Hit_In_Japan/26-Always_On_My_Mind.mp3; [-620.86505  , 153.47919  ,  -0.5502961,  18.739113 ,  -2.4334784,    3.7592404,  -9.374588 ,  -5.417581 ,  -3.7260966,  -2.1473596,    3.1488779,  -1.4391694,  -1.2220728]; [[12764.25927409, -760.73982697, -173.83829256,  -68.36682556,   -219.1044852 ,   18.41631583,  -55.63641549,   94.26903413,     83.10098272,   74.64658093,  235.95155346,  -51.14919519,    -87.83575891], [ -760.73982697, 1379.27703132, -331.60908187,  -36.10717943,     49.28274437,  -58.59436658,  -15.98441223,   36.68227741,    -57.78562591,   -0.92260503,  -28.40247527,   18.86628696,    -19.61327547], [ -173.83829256, -331.60908187,  565.35175875,   17.9560911 ,     26.54518182,  106.37124879,   34.00746532,    6.57147314,     33.27595945,  -37.74834181,  -35.70088587,    8.09993571,     63.58875868], [  -68.36682556,  -36.10717943,   17.9560911 ,  318.23141763,     67.7513423 ,   20.02735125,   35.41391038,  -36.85367035,     28.04020625,   -1.4973108 ,  -46.43275634,   -3.69419622,     33.10564493], [ -219.1044852 ,   49.28274437,   26.54518182,   67.7513423 ,    244.68473384,   41.08481973,  -24.82934882,  -48.84329609,     29.44130266,   15.86282508,  -27.06889175,  -15.66462978,     19.84484202], [   18.41631583,  -58.59436658,  106.37124879,   20.02735125,     41.08481973,  138.12683574,   16.47763399,  -12.56386325,     12.33795838,    1.87341456,    4.28074003,    7.97026136,      2.79392241], [  -55.63641549,  -15.98441223,   34.00746532,   35.41391038,    -24.82934882,   16.47763399,  137.79737664,   43.07985835,      4.70440957,    3.35390341,    8.53913383,   11.25333399,     11.55623993], [   94.26903413,   36.68227741,    6.57147314,  -36.85367035,    -48.84329609,  -12.56386325,   43.07985835,  133.42466375,      8.73038196,   -3.4273627 ,   23.01610453,    8.55995024,     -9.90873115], [   83.10098272,  -57.78562591,   33.27595945,   28.04020625,     29.44130266,   12.33795838,    4.70440957,    8.73038196,     85.0080215 ,   24.00273832,   -2.55924878,    1.26833279,     10.37603141], [   74.64658093,   -0.92260503,  -37.74834181,   -1.4973108 ,     15.86282508,    1.87341456,    3.35390341,   -3.4273627 ,     24.00273832,   96.3750109 ,   35.21407525,   -1.92072552,    -15.69482889], [  235.95155346,  -28.40247527,  -35.70088587,  -46.43275634,    -27.06889175,    4.28074003,    8.53913383,   23.01610453,     -2.55924878,   35.21407525,  102.6382654 ,   24.2550535 ,    -22.8516761 ], [  -51.14919519,   18.86628696,    8.09993571,   -3.69419622,    -15.66462978,    7.97026136,   11.25333399,    8.55995024,      1.26833279,   -1.92072552,   24.2550535 ,   78.09922346,     19.38435533], [  -87.83575891,  -19.61327547,   63.58875868,   33.10564493,     19.84484202,    2.79392241,   11.55623993,   -9.90873115,     10.37603141,  -15.69482889,  -22.8516761 ,   19.38435533,     97.67389262]]
/root/sim/music/out/Elvis_Presley/Elvis_Best_Hit_In_Japan/04-Don't_Be_Cruel.mp3; [-625.84784  , 153.22893  ,   3.0720003,  13.972869 ,  -9.836258 ,   -2.861339 ,  -0.5629224,  10.635859 ,  -2.804117 ,   1.9433887,    1.473497 ,   3.742038 ,  -2.9032779]; [[12934.4067985 , -968.45011618,-1770.74276987, -203.23344584,   -989.17593077, -519.52716076, -328.48468842,  163.67850382,   -402.0037306 , -245.68136376, -156.46730067,  -23.65426889,   -191.67445345], [ -968.45011618, 2056.77314526,  207.65921992, -275.53846647,    120.48935727,   62.83718154,  154.0035222 ,   78.76850096,     -6.35136021,  -20.04009909,   46.49334487,  -36.15613039,     43.02011901], [-1770.74276987,  207.65921992,  893.92901041,  192.16289556,    176.60269961,  201.34383859,   69.94998589,  -75.82943504,     72.26930785,   48.25004003,  -60.81499773,   12.63596283,     70.46243255], [ -203.23344584, -275.53846647,  192.16289556,  437.72186801,    202.3836746 ,   39.81963388,  -59.74681901,  -49.95534298,     70.70397084,   28.39614952,  -36.62660234,   22.82740644,     28.54059718], [ -989.17593077,  120.48935727,  176.60269961,  202.3836746 ,    461.44384214,   90.70214125,  -91.5666183 ,  -59.5673642 ,     74.32214772,   37.54067314,    5.35874092,   20.96699559,     20.76425399], [ -519.52716076,   62.83718154,  201.34383859,   39.81963388,     90.70214125,  213.9509682 ,   40.84259351,  -49.85672815,     38.20661803,   35.26888053,    8.36895179,   16.77579208,     12.1196114 ], [ -328.48468842,  154.0035222 ,   69.94998589,  -59.74681901,    -91.5666183 ,   40.84259351,  223.61094808,   67.66324931,     16.52158849,   36.63439743,   35.36549251,   10.68311748,     14.2382219 ], [  163.67850382,   78.76850096,  -75.82943504,  -49.95534298,    -59.5673642 ,  -49.85672815,   67.66324931,  214.36151974,     28.57853049,  -11.37609964,   35.64350504,    4.06077419,     24.60530457], [ -402.0037306 ,   -6.35136021,   72.26930785,   70.70397084,     74.32214772,   38.20661803,   16.52158849,   28.57853049,    149.11316376,   55.84998731,   -1.19605772,    9.85265933,     21.82105132], [ -245.68136376,  -20.04009909,   48.25004003,   28.39614952,     37.54067314,   35.26888053,   36.63439743,  -11.37609964,     55.84998731,  132.77541564,   43.3589205 ,    6.5219411 ,      4.25385469], [ -156.46730067,   46.49334487,  -60.81499773,  -36.62660234,      5.35874092,    8.36895179,   35.36549251,   35.64350504,     -1.19605772,   43.3589205 ,  131.21240061,   24.97495564,    -10.87959421], [  -23.65426889,  -36.15613039,   12.63596283,   22.82740644,     20.96699559,   16.77579208,   10.68311748,    4.06077419,      9.85265933,    6.5219411 ,   24.97495564,   88.77853157,     15.9851017 ], [ -191.67445345,   43.02011901,   70.46243255,   28.54059718,     20.76425399,   12.1196114 ,   14.2382219 ,   24.60530457,     21.82105132,    4.25385469,  -10.87959421,   15.9851017 ,     78.83463096]]
/root/sim/music/out/Elvis_Presley/Elvis_Best_Hit_In_Japan/23-You_Don't_Have_To_Say_You_Love_Me.mp3; [-585.1556   , 137.46806  ,  -2.1747692,  19.458433 ,   6.7546263,   -2.4616568, -13.139135 ,  -4.133042 ,  -8.023186 ,  -5.009435 ,   -7.3983207,  -3.035198 ,  -5.4733477]; [[10567.95700922,  118.56185364, -268.30585516,    3.63171344,    194.55903083,  -33.37377281, -186.12514379,  -34.31354206,      0.95004396,   19.68972998,  -85.14372919,  -57.82693928,   -159.41884877], [  118.56185364,  966.66835173, -115.70501119,   -5.1111243 ,    -12.69150708,  -63.77516032,  -29.25264488,   32.17596468,    -19.08594235,  -38.96781625,   -6.8568286 ,   32.39848252,      7.0677854 ], [ -268.30585516, -115.70501119,  467.59628582,   89.07608745,    -90.45811537,   46.06800178,  124.57370714,   10.2105414 ,    -10.97208167,    6.69673634,   -8.0588094 ,  -12.34995909,     46.88526111], [    3.63171344,   -5.1111243 ,   89.07608745,  206.80790435,     52.02219354,   34.04788967,    8.70981317,  -17.43876987,     -5.36519028,    6.92909543,  -29.90743785,  -20.09028865,     25.43658428], [  194.55903083,  -12.69150708,  -90.45811537,   52.02219354,    280.44722022,   48.48447285,  -55.59089888,  -35.96551479,     24.19019497,   25.24443943,  -17.95371691,   -7.67636576,    -11.85559817], [  -33.37377281,  -63.77516032,   46.06800178,   34.04788967,     48.48447285,  113.83521988,   50.60080731,   -9.17851815,     -4.66723331,   17.96908964,   10.05958557,    0.80405493,      6.78385433], [ -186.12514379,  -29.25264488,  124.57370714,    8.70981317,    -55.59089888,   50.60080731,  151.32357518,   37.10971329,     -4.45985571,    8.93592737,   14.78436151,   15.46670484,     19.12387995], [  -34.31354206,   32.17596468,   10.2105414 ,  -17.43876987,    -35.96551479,   -9.17851815,   37.10971329,  104.67261677,     28.39432367,  -14.81674451,    9.82442104,   21.42331316,     -2.35499473], [    0.95004396,  -19.08594235,  -10.97208167,   -5.36519028,     24.19019497,   -4.66723331,   -4.45985571,   28.39432367,     74.92028839,   27.9745607 ,    1.63059386,   -8.07098662,     -0.24123336], [   19.68972998,  -38.96781625,    6.69673634,    6.92909543,     25.24443943,   17.96908964,    8.93592737,  -14.81674451,     27.9745607 ,   80.133747  ,   27.20649026,  -11.13088097,     -0.23962539], [  -85.14372919,   -6.8568286 ,   -8.0588094 ,  -29.90743785,    -17.95371691,   10.05958557,   14.78436151,    9.82442104,      1.63059386,   27.20649026,  101.21773083,   44.82464858,    -10.30045982], [  -57.82693928,   32.39848252,  -12.34995909,  -20.09028865,     -7.67636576,    0.80405493,   15.46670484,   21.42331316,     -8.07098662,  -11.13088097,   44.82464858,   96.3408067 ,     19.94599779], [ -159.41884877,    7.0677854 ,   46.88526111,   25.43658428,    -11.85559817,    6.78385433,   19.12387995,   -2.35499473,     -0.24123336,   -0.23962539,  -10.30045982,   19.94599779,     78.72509978]]
