/root/sim/music/out/仕分け前/Relaxin'_WITH_THE_HIGH-LOWS/14_バカ_(男の怒りをブチまけろ).mp3; [-509.25717   , 128.04364   , -40.180058  ,  35.370686  ,  10.41368   ,    4.9052606 ,   9.678939  ,  17.4807    ,   2.7840219 ,   3.1468632 ,    1.4661013 ,  -3.745676  ,   0.07579232]; [[13403.1056231 ,-1515.63072323, -507.94306912,  657.65879478,    151.15488157,  312.08962478,   -9.415822  ,   58.8442259 ,    -90.4078864 ,  409.31682078,  765.38678132,  433.0879201 ,    208.59080653], [-1515.63072323, 1407.04248082, -122.08145209,   50.27991954,    -11.25389432,   -2.20589697,   80.87090173,   -5.13800917,     62.27576831,  -81.11054318, -169.54403087, -122.54773715,    -74.81841275], [ -507.94306912, -122.08145209,  421.54400305,  -93.74638472,     23.15756726,   22.36683983,  -15.38552633,  -39.83489228,      5.31909241,  -11.62579365,  -25.94809524,    5.42667991,      0.76482974], [  657.65879478,   50.27991954,  -93.74638472,  342.96904803,     73.57124873,   59.02206111,    9.50911768,   13.03013509,     27.93250215,   37.43900057,   64.2902974 ,   47.42679293,     54.28609566], [  151.15488157,  -11.25389432,   23.15756726,   73.57124873,    154.13795987,   30.77390483,   -3.69519774,  -27.50037553,     17.38438978,   10.89948607,    6.7414534 ,   14.72033799,      9.31859364], [  312.08962478,   -2.20589697,   22.36683983,   59.02206111,     30.77390483,  143.46043883,   52.04501169,   -4.42133903,     25.61144666,   20.61439204,   32.34379983,   35.49704579,      0.96758892], [   -9.415822  ,   80.87090173,  -15.38552633,    9.50911768,     -3.69519774,   52.04501169,  127.43822612,   35.01506534,     23.99228199,   -5.87384892,    0.9610316 ,    7.91977104,     -9.46115644], [   58.8442259 ,   -5.13800917,  -39.83489228,   13.03013509,    -27.50037553,   -4.42133903,   35.01506534,  119.10450235,      4.99833848,   22.9320988 ,   10.83273584,   -0.3455264 ,      9.442856  ], [  -90.4078864 ,   62.27576831,    5.31909241,   27.93250215,     17.38438978,   25.61144666,   23.99228199,    4.99833848,     89.18114342,   16.07838701,  -11.78697296,   -2.12819346,     -0.24883088], [  409.31682078,  -81.11054318,  -11.62579365,   37.43900057,     10.89948607,   20.61439204,   -5.87384892,   22.9320988 ,     16.07838701,   85.07529535,   56.56122384,   25.58687076,     14.20454286], [  765.38678132, -169.54403087,  -25.94809524,   64.2902974 ,      6.7414534 ,   32.34379983,    0.9610316 ,   10.83273584,    -11.78697296,   56.56122384,  147.42690975,   59.26765923,     31.36135832], [  433.0879201 , -122.54773715,    5.42667991,   47.42679293,     14.72033799,   35.49704579,    7.91977104,   -0.3455264 ,     -2.12819346,   25.58687076,   59.26765923,   84.04716286,     31.75566129], [  208.59080653,  -74.81841275,    0.76482974,   54.28609566,      9.31859364,    0.96758892,   -9.46115644,    9.442856  ,     -0.24883088,   14.20454286,   31.36135832,   31.75566129,     67.18497815]]
/root/sim/music/out/仕分け前/Relaxin'_WITH_THE_HIGH-LOWS/03_岡本君.mp3; [-597.4365   , 132.82771  , -11.693055 ,  43.61696  ,   7.9810543,    6.247732 ,  -7.2103496,  10.914426 ,  -1.2802902,   3.807488 ,    4.8034325,  -1.8719832,  -2.1933005]; [[23139.62864327, 6782.5655503 ,-2089.63964735,-1131.25066725,   1433.56631466,-1759.44018533,  343.66856128,  -21.68318349,   -505.42547714,  200.00361893,   28.10412068, -616.71405056,     46.66183821], [ 6782.5655503 , 4904.3281473 , -639.16444275, -710.14229509,    744.05157244, -564.5578618 ,   62.55758706, -218.02487107,   -121.62864196,  115.54093494,  -14.26423708, -189.59309115,     11.143393  ], [-2089.63964735, -639.16444275,  988.02412982,  294.3409471 ,     93.2543711 ,  342.50261558,   67.85370852,   24.32332425,    122.90736054,   -6.76812534,  -18.85888917,   53.21422261,      4.611058  ], [-1131.25066725, -710.14229509,  294.3409471 ,  722.21783143,    159.77826374,  186.45979593,   45.05064426,   95.111223  ,    121.84086949,  -17.17393787,  -57.55766194,   63.46236513,     34.28605864], [ 1433.56631466,  744.05157244,   93.2543711 ,  159.77826374,    601.42258083,  -81.26747417,  122.59298965,    1.80335986,     80.73323862,   57.22596311,  -28.68837145,  -17.53979732,     39.71688575], [-1759.44018533, -564.5578618 ,  342.50261558,  186.45979593,    -81.26747417,  391.99140786,   15.73859681,   17.31127022,    107.65775963,   -2.2732421 ,    7.36755216,   67.86509344,    -34.61634614], [  343.66856128,   62.55758706,   67.85370852,   45.05064426,    122.59298965,   15.73859681,  329.41580991,  104.67241339,     10.25172147,   35.27276261,   26.96195238,    2.07765647,     14.01789467], [  -21.68318349, -218.02487107,   24.32332425,   95.111223  ,      1.80335986,   17.31127022,  104.67241339,  211.6787713 ,      3.96012326,   14.43174882,   41.51541746,  -23.31255211,     15.50961456], [ -505.42547714, -121.62864196,  122.90736054,  121.84086949,     80.73323862,  107.65775963,   10.25172147,    3.96012326,    179.61126434,   30.39233649,  -14.33679694,   52.06455106,      6.73452098], [  200.00361893,  115.54093494,   -6.76812534,  -17.17393787,     57.22596311,   -2.2732421 ,   35.27276261,   14.43174882,     30.39233649,   99.6847167 ,   35.15492402,    4.22415326,     12.0908388 ], [   28.10412068,  -14.26423708,  -18.85888917,  -57.55766194,    -28.68837145,    7.36755216,   26.96195238,   41.51541746,    -14.33679694,   35.15492402,  103.62301246,   11.19009038,      7.77699761], [ -616.71405056, -189.59309115,   53.21422261,   63.46236513,    -17.53979732,   67.86509344,    2.07765647,  -23.31255211,     52.06455106,    4.22415326,   11.19009038,  141.1810496 ,     42.80654104], [   46.66183821,   11.143393  ,    4.611058  ,   34.28605864,     39.71688575,  -34.61634614,   14.01789467,   15.50961456,      6.73452098,   12.0908388 ,    7.77699761,   42.80654104,    111.16652088]]
/root/sim/music/out/仕分け前/Relaxin'_WITH_THE_HIGH-LOWS/02_No1.mp3; [-514.0857   , 116.98792  , -12.581353 ,  21.304438 ,  16.642946 ,   10.100257 ,   2.4358552,  15.766801 ,  -2.421984 ,   1.0545647,    0.9011612,  -4.433493 ,  -5.660251 ]; [[13665.10803997,-1098.46410425,-1098.7763936 , -584.71288252,   -231.50267622,  -81.53949768,   -4.26670902,  175.11303112,   -151.6977223 , -177.39073306,   -5.7934561 ,   92.73255168,     50.61508432], [-1098.46410425, 1511.1592647 ,  152.75489656,  192.75910866,    140.53295917,   72.6475959 ,   78.51799937,   13.4035922 ,     47.75143337,   30.22539952,   44.59584424,  -50.07490658,    -47.77069353], [-1098.7763936 ,  152.75489656,  689.48081286,   63.43347287,    -42.54443407,   91.15334121,   10.91248991,  -66.17776439,     40.9081371 ,   32.30644656,  -37.54085595,   10.64558798,      9.16919654], [ -584.71288252,  192.75910866,   63.43347287,  395.13910706,     74.69750215,  -25.3736648 ,  -33.62848838,   -7.89623193,      7.67591652,   42.90207134,    8.45362711,  -29.46220774,     32.79168743], [ -231.50267622,  140.53295917,  -42.54443407,   74.69750215,    185.06575619,   17.97109813,  -50.44930837,    4.34876685,     13.97307502,   12.58555377,    7.66819359,    5.58931117,    -17.06239165], [  -81.53949768,   72.6475959 ,   91.15334121,  -25.3736648 ,     17.97109813,  145.76462118,   27.26373321,  -30.01982949,     24.12851682,   -4.08459798,  -17.53482815,   20.15978969,    -17.50756758], [   -4.26670902,   78.51799937,   10.91248991,  -33.62848838,    -50.44930837,   27.26373321,  144.76181591,   34.03256804,      7.62679593,  -14.82358442,    5.93942494,   -9.25040924,     -2.50237745], [  175.11303112,   13.4035922 ,  -66.17776439,   -7.89623193,      4.34876685,  -30.01982949,   34.03256804,  115.54496063,     -7.09634923,   -0.49679673,   11.9663141 ,  -13.1717029 ,     -6.20607135], [ -151.6977223 ,   47.75143337,   40.9081371 ,    7.67591652,     13.97307502,   24.12851682,    7.62679593,   -7.09634923,     82.80040001,   14.10948723,  -10.47954456,    0.72579435,    -10.81494689], [ -177.39073306,   30.22539952,   32.30644656,   42.90207134,     12.58555377,   -4.08459798,  -14.82358442,   -0.49679673,     14.10948723,   77.14278155,   13.16490124,  -16.48559279,     -0.98816342], [   -5.7934561 ,   44.59584424,  -37.54085595,    8.45362711,      7.66819359,  -17.53482815,    5.93942494,   11.9663141 ,    -10.47954456,   13.16490124,   61.47219885,    4.27121151,     -3.71527388], [   92.73255168,  -50.07490658,   10.64558798,  -29.46220774,      5.58931117,   20.15978969,   -9.25040924,  -13.1717029 ,      0.72579435,  -16.48559279,    4.27121151,   64.1395291 ,     15.57244244], [   50.61508432,  -47.77069353,    9.16919654,   32.79168743,    -17.06239165,  -17.50756758,   -2.50237745,   -6.20607135,    -10.81494689,   -0.98816342,   -3.71527388,   15.57244244,     65.34198417]]
/root/sim/music/out/仕分け前/Relaxin'_WITH_THE_HIGH-LOWS/05_夕凪.mp3; [-629.14465   , 101.31678   , -26.547445  ,  33.265476  ,  22.265802  ,    4.8955307 ,   7.7703843 ,  17.202671  ,   1.9814062 ,   8.158113  ,    7.2003474 ,   5.3583393 ,  -0.60892814]; [[20903.18515342,   -7.61596519,-1831.65637233, -277.6845545 ,   -200.27385146,-1042.6537102 , -537.29494716, -275.21620083,   -821.26358451, -495.84268581, -263.71489621, -305.61525101,   -427.4152404 ], [   -7.61596519, 1506.96115214,   32.39121073,  457.20280779,    437.84740363,  159.10674328,  255.79919287,  147.63312488,     56.45160895,  -29.0027832 ,  -16.66968221,   -7.86306992,    -62.50615076], [-1831.65637233,   32.39121073, 1400.66543391,  437.68847524,    251.36920943,  424.95075775,  157.20835352,   79.49955434,    205.44617121,  -35.53384297,  -48.60948601,   49.17168527,     20.90207416], [ -277.6845545 ,  457.20280779,  437.68847524,  933.48795639,    513.26689812,  254.8980097 ,  194.76770887,   83.79083904,    132.37731087,   -9.43159855,  -60.85787418,   -1.90069679,     32.95061523], [ -200.27385146,  437.84740363,  251.36920943,  513.26689812,    595.08709048,  245.47149326,  189.86029348,   97.40179229,    108.38118782,   12.89595809,  -20.37827486,   16.72082557,     -7.29596032], [-1042.6537102 ,  159.10674328,  424.95075775,  254.8980097 ,    245.47149326,  489.30327444,  272.34270332,   87.26271291,    159.79436657,   28.87041011,   13.9584604 ,   54.4626437 ,      8.39556327], [ -537.29494716,  255.79919287,  157.20835352,  194.76770887,    189.86029348,  272.34270332,  380.06838104,  178.96916279,    128.65799344,   28.68335702,   10.15106475,   41.03850799,     -2.34592395], [ -275.21620083,  147.63312488,   79.49955434,   83.79083904,     97.40179229,   87.26271291,  178.96916279,  291.98872407,    106.80541035,   59.99538869,   52.31053017,   26.66461471,     11.36982814], [ -821.26358451,   56.45160895,  205.44617121,  132.37731087,    108.38118782,  159.79436657,  128.65799344,  106.80541035,    255.57233709,   77.83046065,   -0.56639593,   38.79822564,     18.39165252], [ -495.84268581,  -29.0027832 ,  -35.53384297,   -9.43159855,     12.89595809,   28.87041011,   28.68335702,   59.99538869,     77.83046065,  172.32838587,   64.21782929,   20.27410584,     21.25778423], [ -263.71489621,  -16.66968221,  -48.60948601,  -60.85787418,    -20.37827486,   13.9584604 ,   10.15106475,   52.31053017,     -0.56639593,   64.21782929,  142.27176372,   39.56167648,     21.13751276], [ -305.61525101,   -7.86306992,   49.17168527,   -1.90069679,     16.72082557,   54.4626437 ,   41.03850799,   26.66461471,     38.79822564,   20.27410584,   39.56167648,  122.11247084,     48.58480585], [ -427.4152404 ,  -62.50615076,   20.90207416,   32.95061523,     -7.29596032,    8.39556327,   -2.34592395,   11.36982814,     18.39165252,   21.25778423,   21.13751276,   48.58480585,    124.64340273]]
/root/sim/music/out/仕分け前/Relaxin'_WITH_THE_HIGH-LOWS/11_ヤダ.mp3; [-693.4189   , 141.7252   , -39.95802  ,  48.10265  ,  17.054714 ,   10.919242 ,  13.596672 ,  19.012194 ,  10.618936 ,   3.049076 ,    8.310721 ,   3.4514875,  -3.113928 ]; [[44181.99801374, 3925.81313952,-5921.15471487, 1342.49994894,   -578.15218666, -251.31063145,   45.8550285 ,  676.73229907,   -163.75415091, -281.79839782,  236.61837724, -255.37646845,   -697.08647239], [ 3925.81313952, 3290.10908488,  634.03199103,  495.79497764,    136.07576143,  225.45111385,  254.73897577,  294.14596879,    190.60492912,  -98.04082371,  103.74710168,  -26.23512899,     40.59352172], [-5921.15471487,  634.03199103, 2953.482074  , -200.12477297,    394.71348924,  361.91547488,  173.80311647,   24.30711823,     18.79915173,   25.33570862,    5.86307458,  -32.93948062,    149.31350614], [ 1342.49994894,  495.79497764, -200.12477297,  566.95873186,     65.84576721,    7.54047163,   64.59968128,   45.10800715,     53.98310662,  -20.85635372,   -2.81350579,    4.72358813,     29.14851489], [ -578.15218666,  136.07576143,  394.71348924,   65.84576721,    347.82367006,  134.55555533,   68.08909199,    4.72747826,      0.69940336,   70.53641985,    6.06019867,   21.73841525,     23.96108733], [ -251.31063145,  225.45111385,  361.91547488,    7.54047163,    134.55555533,  245.44195895,  116.40862853,   42.10472792,      9.519216  ,   24.54827741,   10.05248367,    5.1442973 ,     16.66749943], [   45.8550285 ,  254.73897577,  173.80311647,   64.59968128,     68.08909199,  116.40862853,  193.86400742,   84.36780428,      3.51217602,   24.54578541,   11.22322392,   -1.17328361,      5.53709647], [  676.73229907,  294.14596879,   24.30711823,   45.10800715,      4.72747826,   42.10472792,   84.36780428,  154.53545839,     34.5551801 ,    1.71803368,   24.05434743,    0.83317217,    -10.16468719], [ -163.75415091,  190.60492912,   18.79915173,   53.98310662,      0.69940336,    9.519216  ,    3.51217602,   34.5551801 ,    139.08196056,   14.02744352,   10.71900314,   40.40018851,     17.10835091], [ -281.79839782,  -98.04082371,   25.33570862,  -20.85635372,     70.53641985,   24.54827741,   24.54578541,    1.71803368,     14.02744352,  132.58910123,    9.98093907,    7.98105697,     12.97915474], [  236.61837724,  103.74710168,    5.86307458,   -2.81350579,      6.06019867,   10.05248367,   11.22322392,   24.05434743,     10.71900314,    9.98093907,   66.19723216,   14.82154764,     -7.79446848], [ -255.37646845,  -26.23512899,  -32.93948062,    4.72358813,     21.73841525,    5.1442973 ,   -1.17328361,    0.83317217,     40.40018851,    7.98105697,   14.82154764,   76.17894998,     16.31606846], [ -697.08647239,   40.59352172,  149.31350614,   29.14851489,     23.96108733,   16.66749943,    5.53709647,  -10.16468719,     17.10835091,   12.97915474,   -7.79446848,   16.31606846,     77.8293606 ]]
/root/sim/music/out/仕分け前/Relaxin'_WITH_THE_HIGH-LOWS/09_完璧な一日.mp3; [-533.04956  , 139.45793  , -36.64396  ,  34.37407  ,   9.654717 ,    1.0144124,   2.9089198,  13.822522 ,  -4.387434 ,   2.0621688,    1.9116033,  -2.560231 ,   1.5997937]; [[12509.1451585 ,-1811.44030251, -812.7064123 ,  391.95244652,    342.8289186 ,   -4.84137162,  133.31952942,  249.70911312,     76.12329572,  -43.22776251,  110.35112914,  166.15450676,   -106.60955008], [-1811.44030251, 1555.7940422 , -292.74916253, -114.05253137,   -165.54056045,  -51.78425802,  -47.18869587, -113.88293495,    -85.57763319,  -16.28820218,   24.31988325,  -49.65662824,     18.69087081], [ -812.7064123 , -292.74916253,  969.4309426 ,   -2.25319924,    156.44499729,   94.77698993,   98.69180791,   84.48814932,     69.11405874,   41.11031053,   25.23976114,    0.05757104,     65.20068012], [  391.95244652, -114.05253137,   -2.25319924,  377.40567189,    145.45102034,   29.11317771,   49.222284  ,   63.94608393,     53.12693668,   39.0368505 ,  -28.06130636,   31.26106305,     59.47383398], [  342.8289186 , -165.54056045,  156.44499729,  145.45102034,    317.51940622,   67.09896092,  114.96856392,    2.67609844,    105.67212797,   41.17031661,  -45.5544645 ,   63.41000336,     48.39141558], [   -4.84137162,  -51.78425802,   94.77698993,   29.11317771,     67.09896092,  190.72375951,   99.28070932,   15.03026517,     37.08721187,   48.58462901,   -6.22050732,   21.45860012,     22.29164051], [  133.31952942,  -47.18869587,   98.69180791,   49.222284  ,    114.96856392,   99.28070932,  259.38257681,   17.32998921,     94.80828238,   50.23562945,  -13.70441405,   39.72443215,     29.92078144], [  249.70911312, -113.88293495,   84.48814932,   63.94608393,      2.67609844,   15.03026517,   17.32998921,  162.88304076,      3.48331177,    7.97687215,   40.84870454,  -28.66314261,    -12.3657123 ], [   76.12329572,  -85.57763319,   69.11405874,   53.12693668,    105.67212797,   37.08721187,   94.80828238,    3.48331177,    161.96394924,   42.46663503,  -21.00443286,   35.54961979,     -5.94429999], [  -43.22776251,  -16.28820218,   41.11031053,   39.0368505 ,     41.17031661,   48.58462901,   50.23562945,    7.97687215,     42.46663503,  109.24885333,    3.99737192,    4.81692637,     17.43102926], [  110.35112914,   24.31988325,   25.23976114,  -28.06130636,    -45.5544645 ,   -6.22050732,  -13.70441405,   40.84870454,    -21.00443286,    3.99737192,  111.95572693,  -21.1403979 ,    -32.45846618], [  166.15450676,  -49.65662824,    0.05757104,   31.26106305,     63.41000336,   21.45860012,   39.72443215,  -28.66314261,     35.54961979,    4.81692637,  -21.1403979 ,   92.96500248,     28.23350506], [ -106.60955008,   18.69087081,   65.20068012,   59.47383398,     48.39141558,   22.29164051,   29.92078144,  -12.3657123 ,     -5.94429999,   17.43102926,  -32.45846618,   28.23350506,    133.40976304]]
/root/sim/music/out/仕分け前/Relaxin'_WITH_THE_HIGH-LOWS/08_ミーのカー.mp3; [-489.60858   ,  98.030914  , -25.816496  ,  34.561337  ,  18.233763  ,   12.323782  ,   4.3220224 ,  10.525994  ,   3.341498  ,   0.23833747,    2.4643373 ,   0.9944204 ,  -2.692358  ]; [[13473.94145386,  184.82426287,  159.09887456,   14.23167257,   -125.3359541 , -126.40586603, -112.79776871,   24.88562431,     67.09550458,  278.3361824 ,  160.87081265,  -15.48549813,    164.35735812], [  184.82426287, 1142.43661625, -305.1474248 ,  224.87324463,    193.37374257,   60.32444961,   63.38818259,  104.72965546,     17.19733112,  -53.35656827,   -1.75636588,   30.6720301 ,    -24.40613175], [  159.09887456, -305.1474248 ,  460.19428254,  -82.08986606,    -86.98790233,   -1.04894566,   11.72749052,  -44.1913697 ,     18.17796186,   61.83970482,   10.66296047,  -20.66312978,     25.05964462], [   14.23167257,  224.87324463,  -82.08986606,  298.17127001,    123.97768859,   98.83982652,   52.37987468,   90.20718517,     33.37042623,   10.09191109,   22.8472989 ,   51.52243961,      9.18625037], [ -125.3359541 ,  193.37374257,  -86.98790233,  123.97768859,    204.78168695,   54.51977532,   61.55877021,   70.01378446,     35.94170729,   -0.90524565,   11.87444405,   32.0539191 ,      8.33980859], [ -126.40586603,   60.32444961,   -1.04894566,   98.83982652,     54.51977532,  121.35889026,   44.67514399,   41.82412085,     11.72970829,   -0.00178895,    8.20146817,   24.35461801,     -8.02364675], [ -112.79776871,   63.38818259,   11.72749052,   52.37987468,     61.55877021,   44.67514399,  110.29906716,   59.65406237,     31.00340383,   10.04860524,   24.5112186 ,   18.49128224,      3.57914627], [   24.88562431,  104.72965546,  -44.1913697 ,   90.20718517,     70.01378446,   41.82412085,   59.65406237,  103.9452303 ,     37.84334601,   15.50997793,   25.43879285,   29.79814268,      8.37485476], [   67.09550458,   17.19733112,   18.17796186,   33.37042623,     35.94170729,   11.72970829,   31.00340383,   37.84334601,     67.10184928,   24.58235043,   16.68606087,   13.16146643,     13.26056011], [  278.3361824 ,  -53.35656827,   61.83970482,   10.09191109,     -0.90524565,   -0.00178895,   10.04860524,   15.50997793,     24.58235043,   78.91275032,   32.47989398,    2.73088061,     16.03858191], [  160.87081265,   -1.75636588,   10.66296047,   22.8472989 ,     11.87444405,    8.20146817,   24.5112186 ,   25.43879285,     16.68606087,   32.47989398,   65.46103163,   22.12282585,      9.04160637], [  -15.48549813,   30.6720301 ,  -20.66312978,   51.52243961,     32.0539191 ,   24.35461801,   18.49128224,   29.79814268,     13.16146643,    2.73088061,   22.12282585,   55.64080561,     19.38259238], [  164.35735812,  -24.40613175,   25.05964462,    9.18625037,      8.33980859,   -8.02364675,    3.57914627,    8.37485476,     13.26056011,   16.03858191,    9.04160637,   19.38259238,     51.85687853]]
/root/sim/music/out/仕分け前/Relaxin'_WITH_THE_HIGH-LOWS/04_パンチョリーナ.mp3; [-558.9087    , 120.84234   , -14.03642   ,  37.091366  ,  20.560886  ,    9.763831  ,  12.107496  ,  19.124844  ,   3.5142033 ,   6.4883237 ,    4.36744   ,  -3.7571783 ,   0.32497653]; [[18727.61114792, -771.89854396,-1827.35944362, -656.67164577,   -865.94125712, -588.43455424,  -55.05830405,  173.32392802,   -413.57562518,  -55.54578007,   70.43435343, -122.94325466,     -5.6116595 ], [ -771.89854396, 1989.94860412,  -46.25175628,  138.73000656,    175.49188511,  119.55925717,  150.82088692,   14.08941296,    100.07662181,    2.58081585,   -0.23795711,   13.34605003,     -5.64768149], [-1827.35944362,  -46.25175628, 1279.58871108,  123.92538941,    176.77878677,  265.55006054,   44.6992493 ,  -28.38677105,    109.97156958,   14.62690314,  -41.87866956,   19.73536042,     -5.61124772], [ -656.67164577,  138.73000656,  123.92538941,  471.39088885,    191.44304785,   29.05204717,    4.6372491 ,   -5.35554878,     34.84971488,   17.5995385 ,  -46.22178535,    2.55786992,     54.78318373], [ -865.94125712,  175.49188511,  176.77878677,  191.44304785,    306.75354453,   67.66909588,   12.67805445,  -20.62200858,     18.53452738,   21.13033972,  -20.48997785,   -6.04921252,     11.58624102], [ -588.43455424,  119.55925717,  265.55006054,   29.05204717,     67.66909588,  274.38315594,   87.66158639,  -24.82062063,     75.60621197,  -14.69816868,  -14.2200286 ,   20.73423392,    -30.98479387], [  -55.05830405,  150.82088692,   44.6992493 ,    4.6372491 ,     12.67805445,   87.66158639,  181.72637058,   45.58617738,     10.83275318,  -15.3175967 ,    7.03791729,    5.74018398,    -18.91194627], [  173.32392802,   14.08941296,  -28.38677105,   -5.35554878,    -20.62200858,  -24.82062063,   45.58617738,  150.75858847,    -14.10912801,   28.48210423,   30.18522276,  -18.41547013,    -13.38696913], [ -413.57562518,  100.07662181,  109.97156958,   34.84971488,     18.53452738,   75.60621197,   10.83275318,  -14.10912801,    178.02273108,   18.41934635,  -19.36602306,   27.60736563,     -6.11575242], [  -55.54578007,    2.58081585,   14.62690314,   17.5995385 ,     21.13033972,  -14.69816868,  -15.3175967 ,   28.48210423,     18.41934635,  103.51064615,   32.55313475,  -14.31309315,     -3.37771427], [   70.43435343,   -0.23795711,  -41.87866956,  -46.22178535,    -20.48997785,  -14.2200286 ,    7.03791729,   30.18522276,    -19.36602306,   32.55313475,   90.04769663,    6.99193058,    -17.87794143], [ -122.94325466,   13.34605003,   19.73536042,    2.55786992,     -6.04921252,   20.73423392,    5.74018398,  -18.41547013,     27.60736563,  -14.31309315,    6.99193058,   79.41743615,     25.59141667], [   -5.6116595 ,   -5.64768149,   -5.61124772,   54.78318373,     11.58624102,  -30.98479387,  -18.91194627,  -13.38696913,     -6.11575242,   -3.37771427,  -17.87794143,   25.59141667,     86.74651568]]
/root/sim/music/out/仕分け前/Relaxin'_WITH_THE_HIGH-LOWS/07_ボート.mp3; [-543.64856  , 140.41345  ,  -5.7617226,  36.0105   ,  13.839687 ,    4.538751 ,   2.5872831,  14.475056 ,  -3.5399342,   0.6314059,    3.3606071,  -1.7756476,  -3.1383364]; [[15232.06325538, -193.69996069,-1097.01049905, -105.5172583 ,   -714.35830591, -359.5974396 , -112.77773806,  110.07854338,   -372.04558339,  -62.17441157,  240.70035001, -149.41273421,    -79.62157068], [ -193.69996069, 1031.76053491,   61.95280401,  -22.30232012,    113.86445183,   27.83240492,  -13.03532949,   29.58108534,     53.99193191,  -23.24667621,   20.82017968,   86.72076463,    -33.61731527], [-1097.01049905,   61.95280401,  574.62178587,  -51.75777608,     81.36716296,   36.41029322,  -34.53668751,  -95.8419053 ,     57.27955934,  -29.50997084,  -73.28808953,   47.5223346 ,     44.87127695], [ -105.5172583 ,  -22.30232012,  -51.75777608,  319.81918245,     77.52436115,   16.21114533,  -38.27699649,   12.22012714,     16.78009901,   30.72786709,  -13.24131281,    7.48267888,     49.86506942], [ -714.35830591,  113.86445183,   81.36716296,   77.52436115,    270.47970467,   67.89674256,  -22.26315605,  -12.78880308,     74.97765775,   19.57915174,   -2.64823984,   56.78503851,     21.99893588], [ -359.5974396 ,   27.83240492,   36.41029322,   16.21114533,     67.89674256,  174.6200077 ,   32.65251501,  -15.63362221,     63.84958903,   -1.43993817,   14.38756562,   48.71704605,    -18.48708614], [ -112.77773806,  -13.03532949,  -34.53668751,  -38.27699649,    -22.26315605,   32.65251501,  152.5058147 ,   44.12586991,     10.21072271,   13.0271138 ,   29.07920066,  -10.21291505,    -23.83364378], [  110.07854338,   29.58108534,  -95.8419053 ,   12.22012714,    -12.78880308,  -15.63362221,   44.12586991,  152.08203219,      3.84611426,   16.22362069,   40.31588146,  -16.64439502,      2.57311491], [ -372.04558339,   53.99193191,   57.27955934,   16.78009901,     74.97765775,   63.84958903,   10.21072271,    3.84611426,    154.78763176,    0.15013851,   -8.92441139,   41.20165352,      5.67797399], [  -62.17441157,  -23.24667621,  -29.50997084,   30.72786709,     19.57915174,   -1.43993817,   13.0271138 ,   16.22362069,      0.15013851,   85.50750676,   22.64777004,  -13.12346233,      9.24044706], [  240.70035001,   20.82017968,  -73.28808953,  -13.24131281,     -2.64823984,   14.38756562,   29.07920066,   40.31588146,     -8.92441139,   22.64777004,  108.88726447,   11.04133939,    -20.91755747], [ -149.41273421,   86.72076463,   47.5223346 ,    7.48267888,     56.78503851,   48.71704605,  -10.21291505,  -16.64439502,     41.20165352,  -13.12346233,   11.04133939,  105.27871682,     15.44105544], [  -79.62157068,  -33.61731527,   44.87127695,   49.86506942,     21.99893588,  -18.48708614,  -23.83364378,    2.57311491,      5.67797399,    9.24044706,  -20.91755747,   15.44105544,     97.25842539]]
/root/sim/music/out/仕分け前/Relaxin'_WITH_THE_HIGH-LOWS/01_青春.mp3; [-481.1792    , 111.79452   , -28.664434  ,  40.024376  ,  17.709528  ,    5.136568  ,   4.79333   ,  12.109666  ,   2.8577566 ,   0.39107624,    6.113196  ,  -1.2790767 ,  -2.6378992 ]; [[4380.51157062,-261.98932676,-245.53223059, -19.04247897,  -3.30755856,   -21.24815909,  26.82332687,   2.53675815,  49.61152977, -32.41631184,     0.43060775,  11.89830753, -45.34494792], [-261.98932676, 742.21662802,-141.9507558 ,  70.09214593, -18.50780147,   -13.37216386,  16.7779795 ,  37.21551933,  -7.39014672,  12.16509979,    36.97805667, -15.9738411 ,   1.64696008], [-245.53223059,-141.9507558 , 408.86998878, -72.07938008,  39.83975685,    19.4001861 , -13.08623109,  -6.13231905, -18.88135272,  18.61872524,     1.70099369,   8.7421589 ,  21.13495061], [ -19.04247897,  70.09214593, -72.07938008, 246.0097779 ,  45.37231777,   -30.52998149, -36.44669882,   5.61144295, -22.15552488,   2.46286628,    -9.33229147, -18.91215635,  39.74470394], [  -3.30755856, -18.50780147,  39.83975685,  45.37231777, 152.89502165,   -13.47432942, -25.04858694,  -4.61979103, -21.70876923,  13.75526832,     5.24300247, -17.03363072,  12.22616871], [ -21.24815909, -13.37216386,  19.4001861 , -30.52998149, -13.47432942,   138.01908567,  21.11055593, -20.78675553,  35.45743289,  -5.75224794,    -6.05953086,  25.16801722, -15.70548115], [  26.82332687,  16.7779795 , -13.08623109, -36.44669882, -25.04858694,    21.11055593, 101.28710519,  36.32867048,  10.19840133,  -5.74898605,     8.77285122,  11.77015202,  -9.87664832], [   2.53675815,  37.21551933,  -6.13231905,   5.61144295,  -4.61979103,   -20.78675553,  36.32867048, 101.38812484,  -7.80660987,  14.42138946,    15.55003439,  -6.35291942,   2.81116564], [  49.61152977,  -7.39014672, -18.88135272, -22.15552488, -21.70876923,    35.45743289,  10.19840133,  -7.80660987,  96.14065912,   8.42775038,   -13.52685603,  25.00010714, -11.21727107], [ -32.41631184,  12.16509979,  18.61872524,   2.46286628,  13.75526832,    -5.75224794,  -5.74898605,  14.42138946,   8.42775038,  62.61407537,    19.82634437,  -7.1340033 ,   2.32988178], [   0.43060775,  36.97805667,   1.70099369,  -9.33229147,   5.24300247,    -6.05953086,   8.77285122,  15.55003439, -13.52685603,  19.82634437,    58.05432159,   2.83627839,  -2.25410053], [  11.89830753, -15.9738411 ,   8.7421589 , -18.91215635, -17.03363072,    25.16801722,  11.77015202,  -6.35291942,  25.00010714,  -7.1340033 ,     2.83627839,  63.64325036,   6.62357755], [ -45.34494792,   1.64696008,  21.13495061,  39.74470394,  12.22616871,   -15.70548115,  -9.87664832,   2.81116564, -11.21727107,   2.32988178,    -2.25410053,   6.62357755,  54.03216664]]
/root/sim/music/out/仕分け前/Relaxin'_WITH_THE_HIGH-LOWS/13_魔羅_(シンボル)_'77.mp3; [-538.98663   , 111.97598   ,  -7.733517  ,  24.932579  ,  14.639601  ,    8.757519  ,   4.2685757 ,  10.907693  ,   1.5794665 ,   0.49011248,    1.2292682 ,  -2.2487574 ,  -2.3952928 ]; [[15356.08825797, -886.7901559 ,  303.55193104,  282.84473851,    609.91615946,  407.445085  ,  507.46265757,  461.32202121,    555.67289449,  405.11858099,  305.90413061,  339.46097933,    184.42261556], [ -886.7901559 , 1181.32930856,  -72.27346595,    9.16931683,     24.93208853,    0.08248532,  -13.58846348,    9.42089085,    -28.69742931,   -4.51464685,    0.26720486,  -47.70841456,     -8.47135273], [  303.55193104,  -72.27346595,  768.29989337,   30.87807096,     21.44599994,  137.79103997,   89.86778436,   37.84850457,     82.10873551,   56.12454714,   44.89971307,   27.00770125,     46.30540564], [  282.84473851,    9.16931683,   30.87807096,  289.92503343,     97.6537807 ,   48.05426213,   42.32292382,   66.73003089,     50.66062206,   21.27730663,   17.60338277,   18.7995368 ,      7.50766783], [  609.91615946,   24.93208853,   21.44599994,   97.6537807 ,    344.99939587,   91.33050827,  123.53017291,   81.48152695,     84.92595886,   41.22414784,   29.02009633,   46.86779182,      2.10426357], [  407.445085  ,    0.08248532,  137.79103997,   48.05426213,     91.33050827,  198.86678631,   99.93331232,   35.41406532,     55.74944853,   37.7528878 ,   23.85027428,   17.86363537,      9.49831729], [  507.46265757,  -13.58846348,   89.86778436,   42.32292382,    123.53017291,   99.93331232,  188.8602199 ,   84.32290164,     60.60876619,   31.66711127,   31.08329655,   30.93896097,      4.68663028], [  461.32202121,    9.42089085,   37.84850457,   66.73003089,     81.48152695,   35.41406532,   84.32290164,  147.83435295,     61.36898215,   27.08242543,   14.77639275,   22.46156952,     14.19410103], [  555.67289449,  -28.69742931,   82.10873551,   50.66062206,     84.92595886,   55.74944853,   60.60876619,   61.36898215,    131.64991635,   55.04495573,   13.48117866,   19.43767354,     16.3167412 ], [  405.11858099,   -4.51464685,   56.12454714,   21.27730663,     41.22414784,   37.7528878 ,   31.66711127,   27.08242543,     55.04495573,   99.02659013,   39.79266944,   12.3956612 ,      6.14877734], [  305.90413061,    0.26720486,   44.89971307,   17.60338277,     29.02009633,   23.85027428,   31.08329655,   14.77639275,     13.48117866,   39.79266944,   93.31930216,   35.27179951,     -0.06205197], [  339.46097933,  -47.70841456,   27.00770125,   18.7995368 ,     46.86779182,   17.86363537,   30.93896097,   22.46156952,     19.43767354,   12.3956612 ,   35.27179951,   89.99527471,     28.77270478], [  184.42261556,   -8.47135273,   46.30540564,    7.50766783,      2.10426357,    9.49831729,    4.68663028,   14.19410103,     16.3167412 ,    6.14877734,   -0.06205197,   28.77270478,     70.36050098]]
/root/sim/music/out/仕分け前/Relaxin'_WITH_THE_HIGH-LOWS/10_ジャングルジム.mp3; [-509.0189   , 131.73784  , -49.45859  ,  44.92596  ,  22.467949 ,   -0.1253405,  -4.0129347,   4.1483397,  -1.6108186,   6.8632984,    4.903998 ,   4.4102054,   1.3276465]; [[10878.02991275, -780.4568634 ,  585.85041665, -208.06332163,     88.39432244,  327.96190282,  185.2593145 ,  399.38132965,    261.84480124, -118.49719053, -226.66291025, -319.33498613,   -120.82834572], [ -780.4568634 , 1031.7466722 , -445.25479208,  122.89821315,    -35.72809791,  -61.55190307,  -65.14619546,  -95.14136421,    -44.53169266,   48.16469849,    3.34318095,   19.35021626,     -3.59979546], [  585.85041665, -445.25479208,  572.80632157,  -74.88236608,     99.0274656 ,   99.8961353 ,  103.70313935,  134.43125711,     74.26793387,    9.47155668,   35.16266085,  -12.45804702,     13.88121535], [ -208.06332163,  122.89821315,  -74.88236608,  431.87329054,    143.74103473,   30.91427905,   83.99275469,  -74.36002256,     25.92526194,   29.9379067 ,   25.60325115,  136.72070117,     40.94019383], [   88.39432244,  -35.72809791,   99.0274656 ,  143.74103473,    203.71585341,   41.33403862,   83.32390338,  -30.59896089,     54.53048255,   11.72006642,   14.21776728,   80.35342411,     16.73014606], [  327.96190282,  -61.55190307,   99.8961353 ,   30.91427905,     41.33403862,  139.43680192,   38.41487247,   35.50513239,     39.60325043,    1.02688786,    8.84564697,   10.3720873 ,     -8.33807585], [  185.2593145 ,  -65.14619546,  103.70313935,   83.99275469,     83.32390338,   38.41487247,  212.4879633 ,   42.97222712,     67.14722111,   12.08403116,   19.83722348,   67.81295974,      1.07923973], [  399.38132965,  -95.14136421,  134.43125711,  -74.36002256,    -30.59896089,   35.50513239,   42.97222712,  166.21450139,     17.5665095 ,   27.96325531,   14.61647191,  -59.97734086,     -0.97111078], [  261.84480124,  -44.53169266,   74.26793387,   25.92526194,     54.53048255,   39.60325043,   67.14722111,   17.5665095 ,    109.7440346 ,    9.28866712,    0.42092163,   28.11863147,     -9.83299567], [ -118.49719053,   48.16469849,    9.47155668,   29.9379067 ,     11.72006642,    1.02688786,   12.08403116,   27.96325531,      9.28866712,   83.50065921,   31.40311495,   14.28351686,      7.01574237], [ -226.66291025,    3.34318095,   35.16266085,   25.60325115,     14.21776728,    8.84564697,   19.83722348,   14.61647191,      0.42092163,   31.40311495,   87.45073664,   26.51644737,      5.8223832 ], [ -319.33498613,   19.35021626,  -12.45804702,  136.72070117,     80.35342411,   10.3720873 ,   67.81295974,  -59.97734086,     28.11863147,   14.28351686,   26.51644737,  160.12114602,     25.95537281], [ -120.82834572,   -3.59979546,   13.88121535,   40.94019383,     16.73014606,   -8.33807585,    1.07923973,   -0.97111078,     -9.83299567,    7.01574237,    5.8223832 ,   25.95537281,     64.36294316]]
/root/sim/music/out/仕分け前/SINGLES_BEST_[Disc_2]/2-06_青い契り.mp3; [-587.9984    , 112.83152   ,   2.5500107 ,  31.923153  ,   9.657356  ,   -1.6366247 ,   2.0952725 ,   0.13760316,  -6.0313005 ,   2.1650665 ,   -4.8208866 ,  -1.3375522 ,  -1.1076795 ]; [[11652.39207705,  214.66164129,  136.46485471,  -28.80334334,    146.00907571, -300.57203357,   14.94401086,   32.35489067,    -31.1827892 ,   57.51144935, -115.08471395,   14.97333447,   -107.81380643], [  214.66164129,  732.17526335, -103.47124161,  121.63054818,     23.66969594,   66.59120365,   62.10853435,   36.86213813,     18.45553008,   53.00312005,   46.46448071,   16.05683801,     20.81150192], [  136.46485471, -103.47124161,  544.80021406,  131.99425893,    178.77980917,   94.19756563,  100.7277842 ,   77.46610739,     84.51863555,   67.07784847,   57.03405506,   65.31502405,     39.45867252], [  -28.80334334,  121.63054818,  131.99425893,  380.1193581 ,    156.12613827,  135.21339994,   36.52177464,   63.77520303,     82.718788  ,   25.04590933,   47.01640157,   50.96059865,     52.28382475], [  146.00907571,   23.66969594,  178.77980917,  156.12613827,    228.03793101,   44.25857987,   59.71175799,   63.95336038,     71.62928026,   43.30434523,   31.24280812,   54.24464856,     28.71380571], [ -300.57203357,   66.59120365,   94.19756563,  135.21339994,     44.25857987,  246.57195171,   81.35907799,   61.62147185,     59.85528185,   26.57041413,   77.93441479,   13.15501614,     51.74950457], [   14.94401086,   62.10853435,  100.7277842 ,   36.52177464,     59.71175799,   81.35907799,  139.29300753,   69.04911717,     58.54518549,   45.54514422,   50.99034906,   30.66433392,     19.564138  ], [   32.35489067,   36.86213813,   77.46610739,   63.77520303,     63.95336038,   61.62147185,   69.04911717,  117.11693282,     67.18455373,   45.72274596,   43.82371761,   35.15321929,     38.95790856], [  -31.1827892 ,   18.45553008,   84.51863555,   82.718788  ,     71.62928026,   59.85528185,   58.54518549,   67.18455373,    118.96172603,   47.41354668,   47.50356521,   32.67958732,     21.04548334], [   57.51144935,   53.00312005,   67.07784847,   25.04590933,     43.30434523,   26.57041413,   45.54514422,   45.72274596,     47.41354668,   95.58007481,   50.19218648,   31.68422301,     16.61813072], [ -115.08471395,   46.46448071,   57.03405506,   47.01640157,     31.24280812,   77.93441479,   50.99034906,   43.82371761,     47.50356521,   50.19218648,  100.44326306,   43.79752755,     32.13799516], [   14.97333447,   16.05683801,   65.31502405,   50.96059865,     54.24464856,   13.15501614,   30.66433392,   35.15321929,     32.67958732,   31.68422301,   43.79752755,   82.39120381,     40.23781926], [ -107.81380643,   20.81150192,   39.45867252,   52.28382475,     28.71380571,   51.74950457,   19.564138  ,   38.95790856,     21.04548334,   16.61813072,   32.13799516,   40.23781926,     86.26834586]]
