/root/sim/music/out/Godiego/GODIEGO_SINGLE_COLLECTION_[Disc_1]/05_いろはの_い_.mp3; [-648.4767    , 128.1173    , -41.22311   ,  27.508001  ,   5.316635  ,    8.838096  ,  -2.9915242 ,   0.25019333,  -2.9387262 ,   7.503422  ,    2.2090235 ,   2.19315   ,   0.97507185]; [[12886.90460785, 1214.33326491, -676.44489984,  119.63854955,    271.105678  ,   66.14469343,  202.85825835, -244.91289649,   -240.48929069, -119.10890111,  -37.47155786,  -59.21579612,    -13.04533519], [ 1214.33326491, 1341.06231305, -451.99580455,  259.99943554,    -52.28832727,  186.07455079, -103.46075546, -130.31391504,    -33.08241565,  -30.11352987,   98.47130307,   87.19076743,     15.85902153], [ -676.44489984, -451.99580455, 1014.73279739,  -88.88513496,     38.61908672,    9.42909397,   67.34742352,  104.72630175,     60.61964099,  -65.36001603,  -24.16418402,  -18.56271054,     -6.24005055], [  119.63854955,  259.99943554,  -88.88513496,  257.65713198,      5.95374163,   43.41498036,  -20.40495974,   11.41920922,     14.02497367,   25.53214375,   -1.2237064 ,    5.96718602,     13.53497896], [  271.105678  ,  -52.28832727,   38.61908672,    5.95374163,    190.10720113,   27.56834005,   75.19735409,   20.45472542,     21.16125842,    3.99549839,   -3.9245159 ,   -6.50484804,     -6.80852453], [   66.14469343,  186.07455079,    9.42909397,   43.41498036,     27.56834005,  168.71617228,   24.58546365,   -4.20824337,     -1.77940094,  -32.464779  ,   -2.98287687,    3.13418636,     -0.65653618], [  202.85825835, -103.46075546,   67.34742352,  -20.40495974,     75.19735409,   24.58546365,  229.47173473,   83.35678285,     16.55574694,   11.91370259,   -7.46614758,  -35.18601115,    -35.04338225], [ -244.91289649, -130.31391504,  104.72630175,   11.41920922,     20.45472542,   -4.20824337,   83.35678285,  264.51674391,     85.21659445,   78.34899732,  -20.57614663,    0.94858558,    -41.37703189], [ -240.48929069,  -33.08241565,   60.61964099,   14.02497367,     21.16125842,   -1.77940094,   16.55574694,   85.21659445,    133.98417247,   57.45805777,   -1.21948553,  -12.78064512,    -11.05151889], [ -119.10890111,  -30.11352987,  -65.36001603,   25.53214375,      3.99549839,  -32.464779  ,   11.91370259,   78.34899732,     57.45805777,  165.96898789,   35.63190077,   10.03688083,     -2.65376625], [  -37.47155786,   98.47130307,  -24.16418402,   -1.2237064 ,     -3.9245159 ,   -2.98287687,   -7.46614758,  -20.57614663,     -1.21948553,   35.63190077,  118.79184614,   60.2661539 ,     -7.14197686], [  -59.21579612,   87.19076743,  -18.56271054,    5.96718602,     -6.50484804,    3.13418636,  -35.18601115,    0.94858558,    -12.78064512,   10.03688083,   60.2661539 ,  121.85693629,     11.19350193], [  -13.04533519,   15.85902153,   -6.24005055,   13.53497896,     -6.80852453,   -0.65653618,  -35.04338225,  -41.37703189,    -11.05151889,   -2.65376625,   -7.14197686,   11.19350193,    120.12146343]]
/root/sim/music/out/Godiego/GOLDEN☆BEST_[Disc_2]/03_ホーリー_&_ブライト_(2).mp3; [-638.3004   , 134.47902  ,  17.044195 ,  12.86529  ,  -2.5174165,    1.9651569,  -2.6131506,  -5.0493417,  -4.2230115,  -2.578913 ,   -5.7795415,  -4.5567064,  -2.223461 ]; [[12999.90641594,  764.55886436,  215.18488401,   72.84740782,    -45.57241578,  103.66825184,   22.23994541,    5.98441113,     48.52086393,   44.38734051,  -60.4829406 ,  -90.70716011,   -110.27327971], [  764.55886436, 1190.82394338,  -53.05891617,  -10.97986826,     68.5716404 ,   62.99092571,   55.89908766,   68.14381709,     -3.99710064,   17.78623676,   62.52797089,   16.84659566,      9.65193058], [  215.18488401,  -53.05891617,  498.36636124,  179.2540236 ,     72.0470484 ,   30.58453782,   69.14870826,   40.7321411 ,    -12.16435075,  -36.9055078 ,  -20.46818242,   43.81195596,     -1.55067658], [   72.84740782,  -10.97986826,  179.2540236 ,  352.21014935,    203.51638965,   53.37740011,  -10.86412411,    9.43069844,     39.2984174 ,  -13.78132746,  -40.38177692,   31.71701206,     10.50656861], [  -45.57241578,   68.5716404 ,   72.0470484 ,  203.51638965,    324.13558553,  105.01854085,   -4.96659224,  -17.95405715,     58.18272866,    1.8342667 ,  -11.00032368,   48.4362756 ,     19.48527698], [  103.66825184,   62.99092571,   30.58453782,   53.37740011,    105.01854085,  180.61494191,   97.04095588,   25.34844394,      2.80691695,   18.37000588,   35.29768208,   10.72156201,      1.23509595], [   22.23994541,   55.89908766,   69.14870826,  -10.86412411,     -4.96659224,   97.04095588,  175.52113667,   71.88635247,    -23.44309298,   -1.51719485,   33.19127805,    2.15032097,      2.88053258], [    5.98441113,   68.14381709,   40.7321411 ,    9.43069844,    -17.95405715,   25.34844394,   71.88635247,  130.17805473,     21.37850184,    6.72348054,   20.36441032,   -1.14166416,      0.64356249], [   48.52086393,   -3.99710064,  -12.16435075,   39.2984174 ,     58.18272866,    2.80691695,  -23.44309298,   21.37850184,    127.17466922,   57.69047092,    0.52899047,   -0.08640312,     -0.08119919], [   44.38734051,   17.78623676,  -36.9055078 ,  -13.78132746,      1.8342667 ,   18.37000588,   -1.51719485,    6.72348054,     57.69047092,  127.67542773,   66.55343838,   -8.21491597,    -19.12425541], [  -60.4829406 ,   62.52797089,  -20.46818242,  -40.38177692,    -11.00032368,   35.29768208,   33.19127805,   20.36441032,      0.52899047,   66.55343838,  118.75884153,   28.69025136,     -7.20936799], [  -90.70716011,   16.84659566,   43.81195596,   31.71701206,     48.4362756 ,   10.72156201,    2.15032097,   -1.14166416,     -0.08640312,   -8.21491597,   28.69025136,  109.49982354,     54.08626648], [ -110.27327971,    9.65193058,   -1.55067658,   10.50656861,     19.48527698,    1.23509595,    2.88053258,    0.64356249,     -0.08119919,  -19.12425541,   -7.20936799,   54.08626648,    104.79416178]]
/root/sim/music/out/Godiego/GOLDEN☆BEST_[Disc_2]/13_魔法のあかり_(2).mp3; [-632.3782    , 117.36214   ,   4.5714965 ,  18.726362  ,   1.4052684 ,    8.731777  ,   0.79988885,   1.7766986 ,   3.1192791 ,   0.78518844,   -8.044564  ,  -2.7451603 ,  -3.4091294 ]; [[13684.66197694,  141.48019161, -760.95645327,  -42.5509053 ,     95.82654513,   -8.36539347, -180.82921375,  -83.2081297 ,    165.9385543 ,   70.06657481,   66.07855754,   26.02128264,    -63.77103363], [  141.48019161, 1096.63842565,    3.84721982,  -61.07405613,    -53.25155749,   19.44807426,   21.03256826,   46.30868791,    -32.46481246,   15.41580638,  -18.45632518,   -2.21827406,      6.3925933 ], [ -760.95645327,    3.84721982, 1157.49076475,  320.3708626 ,   -240.52691351, -119.00598351,   93.55611053,  -35.69134911,   -224.15012814,  -68.72346273,   25.89637649,   47.86567567,    -68.88661206], [  -42.5509053 ,  -61.07405613,  320.3708626 ,  363.34347255,     60.14107362,    6.46176723,   18.00653832,  -22.26307852,    -53.11078164,  -48.55472456,  -23.90945248,   26.61957768,     -8.85269302], [   95.82654513,  -53.25155749, -240.52691351,   60.14107362,    341.42158749,  115.34928159,  -14.25444027,   -0.57835394,     95.77555663,   -0.99184458,  -27.21428258,    7.69440224,     21.59492079], [   -8.36539347,   19.44807426, -119.00598351,    6.46176723,    115.34928159,  190.23193622,   71.89155911,   20.45790061,     31.66491602,    6.54111679,   -1.81597279,   -7.65201127,     17.49128539], [ -180.82921375,   21.03256826,   93.55611053,   18.00653832,    -14.25444027,   71.89155911,  174.73174625,   68.41738492,    -17.64156825,   -8.47155037,    3.70736392,  -15.43280821,     -4.68240455], [  -83.2081297 ,   46.30868791,  -35.69134911,  -22.26307852,     -0.57835394,   20.45790061,   68.41738492,  137.24509116,     46.03720466,    2.80355924,   -5.05905789,  -15.68920097,     -7.72799889], [  165.9385543 ,  -32.46481246, -224.15012814,  -53.11078164,     95.77555663,   31.66491602,  -17.64156825,   46.03720466,    174.55342282,   57.06137741,   -8.26746892,  -21.37740421,      1.90148646], [   70.06657481,   15.41580638,  -68.72346273,  -48.55472456,     -0.99184458,    6.54111679,   -8.47155037,    2.80355924,     57.06137741,  135.72814102,   52.47654769,  -19.58858003,    -25.5790855 ], [   66.07855754,  -18.45632518,   25.89637649,  -23.90945248,    -27.21428258,   -1.81597279,    3.70736392,   -5.05905789,     -8.26746892,   52.47654769,  118.55117953,   34.22947165,    -27.88239036], [   26.02128264,   -2.21827406,   47.86567567,   26.61957768,      7.69440224,   -7.65201127,  -15.43280821,  -15.68920097,    -21.37740421,  -19.58858003,   34.22947165,  117.48273106,     43.51238415], [  -63.77103363,    6.3925933 ,  -68.88661206,   -8.85269302,     21.59492079,   17.49128539,   -4.68240455,   -7.72799889,      1.90148646,  -25.5790855 ,  -27.88239036,   43.51238415,    158.73304621]]
/root/sim/music/out/Godiego/GOLDEN☆BEST_[Disc_2]/04_リターン・トゥ・アフリカ_(2).mp3; [-616.435     , 110.53347   ,   0.5914238 ,  26.263535  ,  -0.5190001 ,    6.379964  ,   0.28685513,  -1.639651  ,   0.29123828,  -2.4014165 ,   -0.24530758,   0.98014414,   0.19079612]; [[26654.45000226, 1878.08850058,-1198.35664753, -238.38771821,   -602.34064656, -379.62031378, -638.28706102, -454.52437453,     19.07350507, -113.97320122, -118.56259438,  -11.66569449,     38.87164178], [ 1878.08850058, 1364.25843383,  -77.58539059,  -54.30381785,   -104.10630871, -142.65014388, -194.31774797,  -85.97947898,    -22.23040303,  -15.88829483,    3.61002516,  -11.51491791,     -0.57839848], [-1198.35664753,  -77.58539059,  578.19577053,  316.58738212,    118.74819532,   88.17884102,   18.73449383,   14.34896822,    -34.18644822,  -29.61496393,  -23.79444136,   -5.97951152,    -10.05322763], [ -238.38771821,  -54.30381785,  316.58738212,  498.35929348,    225.4240045 ,  110.11496434,  -12.99640869,    2.25606104,    -16.95891394,  -44.06441604,  -64.43008866,  -13.70551698,    -10.239694  ], [ -602.34064656, -104.10630871,  118.74819532,  225.4240045 ,    255.18502146,   92.19805203,   10.76239368,    0.74443796,     20.3329316 ,    2.86177889,  -22.36246588,    0.98191802,     -5.81959203], [ -379.62031378, -142.65014388,   88.17884102,  110.11496434,     92.19805203,  204.20382593,  155.48121719,   85.05528904,      0.02656718,    4.19440658,    5.35953074,  -15.31959435,     -8.89705036], [ -638.28706102, -194.31774797,   18.73449383,  -12.99640869,     10.76239368,  155.48121719,  302.31863748,  164.70859116,      5.16805536,   18.50604857,   29.27944817,   -6.56288993,      8.74660502], [ -454.52437453,  -85.97947898,   14.34896822,    2.25606104,      0.74443796,   85.05528904,  164.70859116,  183.61184891,     38.70964047,    7.91023356,    8.91115712,   -0.98943655,     12.89191307], [   19.07350507,  -22.23040303,  -34.18644822,  -16.95891394,     20.3329316 ,    0.02656718,    5.16805536,   38.70964047,     98.51705951,   49.35557754,   18.57334261,   19.81607136,      7.603294  ], [ -113.97320122,  -15.88829483,  -29.61496393,  -44.06441604,      2.86177889,    4.19440658,   18.50604857,    7.91023356,     49.35557754,  103.98413712,   60.63974029,   20.55371924,      3.95104056], [ -118.56259438,    3.61002516,  -23.79444136,  -64.43008866,    -22.36246588,    5.35953074,   29.27944817,    8.91115712,     18.57334261,   60.63974029,  104.06064145,   43.58058556,     11.44454533], [  -11.66569449,  -11.51491791,   -5.97951152,  -13.70551698,      0.98191802,  -15.31959435,   -6.56288993,   -0.98943655,     19.81607136,   20.55371924,   43.58058556,   88.62641879,     44.32619752], [   38.87164178,   -0.57839848,  -10.05322763,  -10.239694  ,     -5.81959203,   -8.89705036,    8.74660502,   12.89191307,      7.603294  ,    3.95104056,   11.44454533,   44.32619752,     75.49959637]]
/root/sim/music/out/Godiego/GOLDEN☆BEST_[Disc_2]/12_ザ・サンライズ_(2).mp3; [-610.4497    , 127.32631   ,  12.093924  ,  12.418212  ,  -6.1786594 ,    3.7269583 ,   0.44240606,  -0.46283337,  -2.1787276 ,  -3.734256  ,   -6.8008933 ,  -4.144054  ,  -0.2977306 ]; [[19585.99667097,  847.88195348,   30.5116039 ,  -59.12586877,   -368.98456562, -398.53762247, -538.70090752, -250.7116739 ,    170.16805046,  173.07981543,   69.91005219, -328.82971457,   -348.64277962], [  847.88195348, 1724.36392108, -232.56311347,  -28.7346719 ,    -95.93498644,   54.3201048 ,  154.21631121,  140.03809454,    -62.07071001,   31.15422167,   -6.98793027,    7.5314509 ,    -32.5582328 ], [   30.5116039 , -232.56311347,  604.9701263 ,   74.76397328,    -87.33540556,  -62.59055397,  -90.42797037,  -91.1458258 ,    -26.17939031,   19.11705107,   -2.36677951,  -55.38828448,    -41.26672512], [  -59.12586877,  -28.7346719 ,   74.76397328,  199.17760936,     76.19227447,   34.93056524,  -16.5361098 ,    0.19377676,     17.90171227,   -3.74048485,  -20.44066194,    5.99610773,      4.9270571 ], [ -368.98456562,  -95.93498644,  -87.33540556,   76.19227447,    279.7942621 ,   37.3511415 ,  -46.3490334 ,  -19.35335567,     42.67925172,   -1.23233252,  -16.31026284,    6.79437602,      6.46342442], [ -398.53762247,   54.3201048 ,  -62.59055397,   34.93056524,     37.3511415 ,  153.99083175,   89.38376501,   34.81122766,    -10.37828454,   -9.19248108,    4.37771307,   33.57592084,     25.48310237], [ -538.70090752,  154.21631121,  -90.42797037,  -16.5361098 ,    -46.3490334 ,   89.38376501,  215.3372624 ,   96.09716205,    -32.83412643,  -18.05441037,    7.49812838,   41.66375183,     36.39649748], [ -250.7116739 ,  140.03809454,  -91.1458258 ,    0.19377676,    -19.35335567,   34.81122766,   96.09716205,  154.29561345,     11.31154065,  -19.62236988,   -2.84141443,   23.67228937,     14.72771391], [  170.16805046,  -62.07071001,  -26.17939031,   17.90171227,     42.67925172,  -10.37828454,  -32.83412643,   11.31154065,    129.91241748,   34.57605779,    1.22036265,    5.94102478,     -3.52857421], [  173.07981543,   31.15422167,   19.11705107,   -3.74048485,     -1.23233252,   -9.19248108,  -18.05441037,  -19.62236988,     34.57605779,  112.65702823,   41.90275979,  -21.85073467,    -25.87416463], [   69.91005219,   -6.98793027,   -2.36677951,  -20.44066194,    -16.31026284,    4.37771307,    7.49812838,   -2.84141443,      1.22036265,   41.90275979,  106.77587177,   10.18153761,    -21.78198903], [ -328.82971457,    7.5314509 ,  -55.38828448,    5.99610773,      6.79437602,   33.57592084,   41.66375183,   23.67228937,      5.94102478,  -21.85073467,   10.18153761,  115.61812164,     49.81118322], [ -348.64277962,  -32.5582328 ,  -41.26672512,    4.9270571 ,      6.46342442,   25.48310237,   36.39649748,   14.72771391,     -3.52857421,  -25.87416463,  -21.78198903,   49.81118322,    125.40509713]]
/root/sim/music/out/Godiego/GOLDEN☆BEST_[Disc_2]/16_フォロー_(2).mp3; [-634.9621    , 125.450134  ,   4.875401  ,  40.37329   ,  -6.0747504 ,   11.458692  ,   3.1176145 ,   0.98695004,  -4.1531887 ,  -1.979376  ,   -3.0367382 ,  -2.9606452 ,  -5.122319  ]; [[10754.48874611, -173.52650923,-1192.0793298 ,  -30.9293209 ,   -305.37720464,   30.25531861,   80.51416913,   82.99345982,      9.27060116,  -60.91453863,  -21.39045462,  -48.03286263,    -69.51362678], [ -173.52650923, 1423.11517   , -339.79489834, -127.87765461,    -36.79359921,   -4.73630273,    7.09172337,   28.30571754,     12.00123326,    3.92443345,   22.24574431,   48.72802972,     -7.23489878], [-1192.0793298 , -339.79489834, 1386.05730237,  167.76473814,     89.99038765,   37.94273122,   28.67345102,  -28.50871651,    -75.44500384,   10.88054445,   10.02632565,  -44.27057039,     25.2322196 ], [  -30.9293209 , -127.87765461,  167.76473814,  751.01965441,    284.69736556,   58.65533588,  -18.1865606 ,  -47.75273204,     30.51385238,  -41.21175134,  -71.47595292,    2.78256118,     -4.46409744], [ -305.37720464,  -36.79359921,   89.99038765,  284.69736556,    341.65599147,   47.7554349 ,  -44.17967001,  -20.39792985,     49.64298203,   -4.37065213,  -39.83056327,   11.09675438,     -9.2741849 ], [   30.25531861,   -4.73630273,   37.94273122,   58.65533588,     47.7554349 ,  140.76443601,   80.45034311,   26.55022549,     -2.61249397,    5.99245128,    8.53634195,    2.01231628,     -7.5620748 ], [   80.51416913,    7.09172337,   28.67345102,  -18.1865606 ,    -44.17967001,   80.45034311,  199.17934597,   79.28139317,    -22.47325736,   -4.93022663,   33.87343466,    1.57248085,      8.73521922], [   82.99345982,   28.30571754,  -28.50871651,  -47.75273204,    -20.39792985,   26.55022549,   79.28139317,  118.53609315,     25.13653055,    2.95884064,   13.96161015,   10.72927829,     12.44201866], [    9.27060116,   12.00123326,  -75.44500384,   30.51385238,     49.64298203,   -2.61249397,  -22.47325736,   25.13653055,    108.56352718,   32.16362596,   -9.30967756,   12.63642514,      4.1408983 ], [  -60.91453863,    3.92443345,   10.88054445,  -41.21175134,     -4.37065213,    5.99245128,   -4.93022663,    2.95884064,     32.16362596,   86.68325116,   34.18708843,    0.19208716,     -4.62716655], [  -21.39045462,   22.24574431,   10.02632565,  -71.47595292,    -39.83056327,    8.53634195,   33.87343466,   13.96161015,     -9.30967756,   34.18708843,   92.23481381,   24.11499956,     -0.83343138], [  -48.03286263,   48.72802972,  -44.27057039,    2.78256118,     11.09675438,    2.01231628,    1.57248085,   10.72927829,     12.63642514,    0.19208716,   24.11499956,   88.67112129,     40.62382725], [  -69.51362678,   -7.23489878,   25.2322196 ,   -4.46409744,     -9.2741849 ,   -7.5620748 ,    8.73521922,   12.44201866,      4.1408983 ,   -4.62716655,   -0.83343138,   40.62382725,     87.62489113]]
/root/sim/music/out/Godiego/GOLDEN☆BEST_[Disc_2]/02_テイキング・オフ!_(2).mp3; [-644.9617   , 159.22589  , -21.463093 ,  32.67207  ,  -4.548692 ,   18.029165 , -14.840497 ,   2.2488496, -14.34179  ,  -5.2844696,  -14.471605 ,  -4.5992446,  -9.760843 ]; [[17114.66648884, 1966.95092602, -668.27934181,  435.73926988,   -529.87605577,  497.43254369, -538.19522206,   58.46455958,   -125.59129244,  294.87453628,  -32.92105944,  -33.16711964,   -497.39708546], [ 1966.95092602, 1610.58680693, -448.08754347,  210.18895796,   -111.71076536,  199.07104952,  -87.6276617 ,   63.02205252,    -99.83907842,   59.92153557,   -7.39362117,   30.56958289,    -69.48893775], [ -668.27934181, -448.08754347,  638.110073  ,  -17.87251273,    151.81835914,  -86.60265884,  101.03481274,  -64.22141649,     20.43051517,  -28.1523167 ,   39.18301928,    1.69210546,     17.16304467], [  435.73926988,  210.18895796,  -17.87251273,  337.45799082,     10.60286797,   82.08397233,  -84.9123665 ,   64.04021389,    -31.89926681,    2.24379736,  -63.93274706,   44.76911989,    -10.075899  ], [ -529.87605577, -111.71076536,  151.81835914,   10.60286797,    236.40327282,  -24.29278408,   59.62892903,  -31.02148304,     52.78820997,  -44.19541047,    2.8408417 ,  -13.49188776,     36.86591867], [  497.43254369,  199.07104952,  -86.60265884,   82.08397233,    -24.29278408,  204.38425836,   10.56502744,   53.37437707,    -27.1649849 ,   51.64673628,  -12.65308982,    1.62103403,    -30.44635914], [ -538.19522206,  -87.6276617 ,  101.03481274,  -84.9123665 ,     59.62892903,   10.56502744,  222.09618174,   11.31537015,      4.31763536,  -22.79807215,   42.11698129,  -40.64144738,     34.58361563], [   58.46455958,   63.02205252,  -64.22141649,   64.04021389,    -31.02148304,   53.37437707,   11.31537015,  126.27800911,      9.6452306 ,   21.85816338,  -21.75138308,   17.37435309,     -9.31357133], [ -125.59129244,  -99.83907842,   20.43051517,  -31.89926681,     52.78820997,  -27.1649849 ,    4.31763536,    9.6452306 ,    137.38484068,   17.07159858,   15.04111457,   -6.29889604,     15.59436712], [  294.87453628,   59.92153557,  -28.1523167 ,    2.24379736,    -44.19541047,   51.64673628,  -22.79807215,   21.85816338,     17.07159858,  129.2509268 ,   45.02559505,   11.00334755,    -41.26911925], [  -32.92105944,   -7.39362117,   39.18301928,  -63.93274706,      2.8408417 ,  -12.65308982,   42.11698129,  -21.75138308,     15.04111457,   45.02559505,  133.18625495,    7.9760033 ,    -17.71680895], [  -33.16711964,   30.56958289,    1.69210546,   44.76911989,    -13.49188776,    1.62103403,  -40.64144738,   17.37435309,     -6.29889604,   11.00334755,    7.9760033 ,  100.89338495,     15.88506734], [ -497.39708546,  -69.48893775,   17.16304467,  -10.075899  ,     36.86591867,  -30.44635914,   34.58361563,   -9.31357133,     15.59436712,  -41.26911925,  -17.71680895,   15.88506734,    128.41854231]]
/root/sim/music/out/Godiego/GOLDEN☆BEST_[Disc_2]/15_キャリー・ラヴ_(2).mp3; [-613.66473   , 125.67431   ,  11.041619  ,  17.936838  ,   5.1781363 ,    6.719627  ,   3.363745  ,   2.0549474 ,  -1.6269697 ,   2.0173318 ,    3.9292538 ,  -0.3271229 ,  -0.34024853]; [[15317.24810101,  525.76573306, -179.79067124, -283.11521908,   -213.48223009,   50.91233832,   32.96590395,  -67.68331367,    -20.68081412,   16.82850353,  120.2266201 ,  -41.80885357,    -22.84965992], [  525.76573306, 1680.66796482, -110.62227009, -167.59049718,   -142.15374988,  -37.69052965,   77.56893229,    6.44795421,    -33.01117102,   41.81225419,  111.39047737,   45.33341199,     51.45477314], [ -179.79067124, -110.62227009,  679.0588811 ,  153.89552661,     45.43555717,   31.17834289,   41.54709249,   60.89935679,      4.73439328,  -33.53775257,  -66.14344407,  -14.49133718,     22.87754711], [ -283.11521908, -167.59049718,  153.89552661,  572.06994764,    285.12263359,   77.46814739,   22.2557258 ,  101.52595759,     63.7551834 ,   -0.92694556,  -84.18561238,   16.69105356,     -5.54610189], [ -213.48223009, -142.15374988,   45.43555717,  285.12263359,    405.09730616,   51.07639964,   -6.52404553,   52.0035831 ,     68.15258143,    2.1629896 ,  -40.00047287,   -5.90583659,     -8.82498937], [   50.91233832,  -37.69052965,   31.17834289,   77.46814739,     51.07639964,  165.50142103,   57.11967465,   35.9320352 ,     21.94004066,   31.11614546,    6.67227065,    6.80012125,      1.41359125], [   32.96590395,   77.56893229,   41.54709249,   22.2557258 ,     -6.52404553,   57.11967465,  186.04348351,   68.97556952,     11.24779198,   21.84648447,   25.56940842,   15.05867277,     16.90345587], [  -67.68331367,    6.44795421,   60.89935679,  101.52595759,     52.0035831 ,   35.9320352 ,   68.97556952,  151.77870675,     49.45525391,    4.73082866,   -8.26092263,   14.46399166,     22.75834095], [  -20.68081412,  -33.01117102,    4.73439328,   63.7551834 ,     68.15258143,   21.94004066,   11.24779198,   49.45525391,    120.49110624,   39.74561195,    3.79384318,    4.3941344 ,      6.21468748], [   16.82850353,   41.81225419,  -33.53775257,   -0.92694556,      2.1629896 ,   31.11614546,   21.84648447,    4.73082866,     39.74561195,  109.91655922,   52.21766698,   15.54258371,      2.59780091], [  120.2266201 ,  111.39047737,  -66.14344407,  -84.18561238,    -40.00047287,    6.67227065,   25.56940842,   -8.26092263,      3.79384318,   52.21766698,  124.15239771,   36.59438519,     11.28821524], [  -41.80885357,   45.33341199,  -14.49133718,   16.69105356,     -5.90583659,    6.80012125,   15.05867277,   14.46399166,      4.3941344 ,   15.54258371,   36.59438519,   92.17790699,     28.29131917], [  -22.84965992,   51.45477314,   22.87754711,   -5.54610189,     -8.82498937,    1.41359125,   16.90345587,   22.75834095,      6.21468748,    2.59780091,   11.28821524,   28.29131917,     98.95385594]]
/root/sim/music/out/Godiego/GOLDEN☆BEST_[Disc_2]/11_ナッシング_(2).mp3; [-607.9464   , 125.29811  ,   3.0834024,  10.880679 ,  -4.833895 ,    5.4827213,  -9.66931  ,  -1.638683 ,  -1.6737648,   0.9108293,   -1.3640021,  -2.755833 ,  -1.0829376]; [[12477.45528758,  889.31772218, -405.72713393,   74.69283011,    -68.55079322,  271.95133657,   44.9322897 ,  124.60112072,    169.0247961 ,  100.52634013,   86.73377216,  -99.51980716,     22.59887749], [  889.31772218, 1347.15089327, -175.8392875 ,   33.36187474,     64.10257701,   93.47132996,   72.7882973 ,  135.75942288,     38.39214694,  127.35447456,   96.43432687,   28.32446335,     30.61163741], [ -405.72713393, -175.8392875 ,  661.38674078,  161.88447423,     45.57952009,  -35.53181593,   36.77998636,  -24.93194333,      6.66709621,   -0.94422213,  -46.62035708,   14.61689738,     20.8089196 ], [   74.69283011,   33.36187474,  161.88447423,  506.46030704,    177.33518959,   62.68354962,  111.66243122,  138.26571683,     40.53470243,   31.02252838,    2.12876592,   54.89894935,     28.94521101], [  -68.55079322,   64.10257701,   45.57952009,  177.33518959,    284.93779882,  112.01483167,   57.45873023,   65.73572597,     78.17084002,   61.22920314,   27.61655716,   49.43668451,     10.89232796], [  271.95133657,   93.47132996,  -35.53181593,   62.68354962,    112.01483167,  238.63731607,  117.52765436,   77.59979651,     25.74674033,   53.51072418,   69.3068879 ,   20.21746587,     16.15624022], [   44.9322897 ,   72.7882973 ,   36.77998636,  111.66243122,     57.45873023,  117.52765436,  276.88408219,  139.74851651,    -12.53265386,   46.48528968,   56.27899699,   29.03717757,     15.00657916], [  124.60112072,  135.75942288,  -24.93194333,  138.26571683,     65.73572597,   77.59979651,  139.74851651,  235.62199228,     74.23595108,   52.55941697,   42.29079463,   21.2233431 ,     16.74299928], [  169.0247961 ,   38.39214694,    6.66709621,   40.53470243,     78.17084002,   25.74674033,  -12.53265386,   74.23595108,    225.07201772,   92.45883375,   10.54412748,  -21.32244254,     -3.83194835], [  100.52634013,  127.35447456,   -0.94422213,   31.02252838,     61.22920314,   53.51072418,   46.48528968,   52.55941697,     92.45883375,  190.16922185,   63.83529821,  -12.18686251,     -4.53247419], [   86.73377216,   96.43432687,  -46.62035708,    2.12876592,     27.61655716,   69.3068879 ,   56.27899699,   42.29079463,     10.54412748,   63.83529821,  138.2270603 ,   41.40533183,      7.11345883], [  -99.51980716,   28.32446335,   14.61689738,   54.89894935,     49.43668451,   20.21746587,   29.03717757,   21.2233431 ,    -21.32244254,  -12.18686251,   41.40533183,  134.24749784,     51.30648705], [   22.59887749,   30.61163741,   20.8089196 ,   28.94521101,     10.89232796,   16.15624022,   15.00657916,   16.74299928,     -3.83194835,   -4.53247419,    7.11345883,   51.30648705,    127.57644184]]
/root/sim/music/out/Godiego/GOLDEN☆BEST_[Disc_2]/10_愛の3イヤーズ_(2).mp3; [-593.9297    , 116.92006   ,  -5.4791074 ,  22.94472   ,   9.754241  ,    8.714014  ,   0.61821437,   1.9666299 ,   3.4117122 ,   2.8754146 ,   -1.7203174 ,  -2.7815013 ,  -0.9306526 ]; [[14852.73084704,  749.08713876, -604.22863822,  119.54512388,     84.91954112,   27.65654837,   10.46186831,   37.20568051,     87.40133181,   89.34311659,  -17.68465195,  -48.7813911 ,      0.19283841], [  749.08713876, 1217.47860776, -159.89485885,   56.05607308,      5.73514906,  114.20256758,   93.68360153,   66.93304787,     14.89076971,   72.16848054,   80.2137678 ,    2.87865234,     23.59041276], [ -604.22863822, -159.89485885,  617.26294167,  179.2993974 ,     55.09346651,  -21.58434253,   32.45027469,  -10.5486689 ,    -16.12396735,  -30.87568405,  -20.90474665,   27.17156106,      2.79502435], [  119.54512388,   56.05607308,  179.2993974 ,  463.07984121,    181.23390964,   -1.11885971,  -34.45918965,  -10.83170635,     55.47740597,  -20.43865482,  -65.71933765,   26.53120499,     27.60751941], [   84.91954112,    5.73514906,   55.09346651,  181.23390964,    319.06597015,   12.09755703,  -70.61782273,  -36.31761539,     56.09747343,   -0.93029245,  -51.7228403 ,   26.29215385,     38.15789578], [   27.65654837,  114.20256758,  -21.58434253,   -1.11885971,     12.09755703,  181.54201146,   99.60686126,   34.4098289 ,      6.78801992,   45.66527398,   48.72793513,  -23.00590051,    -22.28938287], [   10.46186831,   93.68360153,   32.45027469,  -34.45918965,    -70.61782273,   99.60686126,  218.53873606,   74.28383018,    -18.31057363,   38.43865508,   67.3064188 ,    4.16328516,    -24.45063554], [   37.20568051,   66.93304787,  -10.5486689 ,  -10.83170635,    -36.31761539,   34.4098289 ,   74.28383018,  121.01542238,     29.43953462,   15.20168005,   17.80331715,   -4.13008946,      1.16096306], [   87.40133181,   14.89076971,  -16.12396735,   55.47740597,     56.09747343,    6.78801992,  -18.31057363,   29.43953462,    129.1321013 ,   38.03785247,  -15.69234468,    2.84784547,      2.84271738], [   89.34311659,   72.16848054,  -30.87568405,  -20.43865482,     -0.93029245,   45.66527398,   38.43865508,   15.20168005,     38.03785247,  118.84414217,   56.44609149,  -16.83106108,    -20.28911572], [  -17.68465195,   80.2137678 ,  -20.90474665,  -65.71933765,    -51.7228403 ,   48.72793513,   67.3064188 ,   17.80331715,    -15.69234468,   56.44609149,  120.18621537,   16.51168727,    -25.03178272], [  -48.7813911 ,    2.87865234,   27.17156106,   26.53120499,     26.29215385,  -23.00590051,    4.16328516,   -4.13008946,      2.84784547,  -16.83106108,   16.51168727,  102.43409666,     42.55295933], [    0.19283841,   23.59041276,    2.79502435,   27.60751941,     38.15789578,  -22.28938287,  -24.45063554,    1.16096306,      2.84271738,  -20.28911572,  -25.03178272,   42.55295933,    103.91749833]]
/root/sim/music/out/Godiego/GOLDEN☆BEST_[Disc_2]/08_カトマンズ_(2).mp3; [-604.581    , 140.30894  ,  10.347026 ,  24.446068 ,  -4.1751575,    0.7580901,  -3.9095967,  -2.9581888,  -9.721872 ,  -5.3116765,   -8.544296 ,  -7.7716403,  -5.341368 ]; [[10987.40174937, 1144.08760418, -253.42589458,  102.53262097,   -172.60091983,  -57.58058392, -168.44707103,  -64.71373161,    -58.72312099,  -61.25407585, -115.68809732,  -72.4617679 ,    -74.85584863], [ 1144.08760418, 1266.73199516,   -9.7436938 , -207.25838883,   -173.63988301,  -53.78207422,  -22.76204095,   78.26843406,    -38.51535299,  -49.38850325,    2.52437041,  -30.99106453,    -10.71137401], [ -253.42589458,   -9.7436938 ,  322.9191366 ,   76.80608185,    -20.5672124 ,   -5.82961786,   23.38083855,    4.10455107,    -43.07783701,  -17.54307013,  -25.46698695,    5.04551091,     -6.08784909], [  102.53262097, -207.25838883,   76.80608185,  374.63050182,    217.53612882,   19.8534126 ,  -42.28680381,  -48.26834127,      9.30666056,   -0.96847209,  -48.27954654,    5.77179133,    -11.8813835 ], [ -172.60091983, -173.63988301,  -20.5672124 ,  217.53612882,    335.07376366,   50.89743182,  -66.53999153,  -54.57402766,     43.20578249,    8.26361855,  -39.8888116 ,   21.64443667,    -13.00241949], [  -57.58058392,  -53.78207422,   -5.82961786,   19.8534126 ,     50.89743182,  169.1604707 ,   86.22754465,    9.70685895,      3.95259668,   29.34391042,   28.76921245,   -7.21957732,     -9.1961633 ], [ -168.44707103,  -22.76204095,   23.38083855,  -42.28680381,    -66.53999153,   86.22754465,  202.12649532,   73.53290602,    -23.48160281,   29.27711498,   35.80979461,  -12.48852538,      6.79190941], [  -64.71373161,   78.26843406,    4.10455107,  -48.26834127,    -54.57402766,    9.70685895,   73.53290602,  143.30577588,     20.00227194,   -1.20026794,   20.88234089,   -1.21647489,      5.55066183], [  -58.72312099,  -38.51535299,  -43.07783701,    9.30666056,     43.20578249,    3.95259668,  -23.48160281,   20.00227194,    142.60780548,   21.60073449,   -5.94285639,   17.38885695,     -2.79426557], [  -61.25407585,  -49.38850325,  -17.54307013,   -0.96847209,      8.26361855,   29.34391042,   29.27711498,   -1.20026794,     21.60073449,  152.45585207,   18.32540701,  -37.73484937,     14.41335584], [ -115.68809732,    2.52437041,  -25.46698695,  -48.27954654,    -39.8888116 ,   28.76921245,   35.80979461,   20.88234089,     -5.94285639,   18.32540701,  131.09448856,   13.54158294,    -15.13487955], [  -72.4617679 ,  -30.99106453,    5.04551091,    5.77179133,     21.64443667,   -7.21957732,  -12.48852538,   -1.21647489,     17.38885695,  -37.73484937,   13.54158294,  105.19796629,     17.17525319], [  -74.85584863,  -10.71137401,   -6.08784909,  -11.8813835 ,    -13.00241949,   -9.1961633 ,    6.79190941,    5.55066183,     -2.79426557,   14.41335584,  -15.13487955,   17.17525319,     88.93486594]]
/root/sim/music/out/Godiego/GOLDEN☆BEST_[Disc_2]/07_ア・グッド・デイ_(2).mp3; [-657.4544    , 142.87227   ,  -8.445949  ,  19.059742  ,   2.308808  ,   -0.07865854,  -6.7277465 ,  -2.677039  ,  -4.1969466 ,  -3.2696245 ,   -4.934652  ,  -4.573678  ,  -2.0491774 ]; [[18631.86321902, 1456.00837802,-1379.54674258,  562.74446046,   -107.82650341,  178.42151304,  -99.30146957, -297.09227822,   -129.3095524 ,  109.43903692,   26.2784411 ,   24.04563825,    -14.2618664 ], [ 1456.00837802, 1779.77905611,  -23.92378867, -196.99534465,    -36.22218588,  -71.12216362,   -0.43810415,   72.4699747 ,    -35.41162434,  -35.63175249,   47.4537066 ,   10.2315449 ,     21.42210837], [-1379.54674258,  -23.92378867,  903.26915502,    9.35776712,     78.45857489,   57.40679668,   -8.06976166,   77.12781281,    -17.78608131,  -49.7334977 ,   28.79304969,   -6.15295893,    -20.27165388], [  562.74446046, -196.99534465,    9.35776712,  577.49354655,    147.11971178,   55.55782853,  122.41074245,   -2.36402317,     10.39686342,    7.49505562,  -23.50778012,   25.28820783,     32.40488136], [ -107.82650341,  -36.22218588,   78.45857489,  147.11971178,    287.41166534,   90.90869092,   -2.16542763,    4.56120032,     65.44296534,   39.58949451,   12.81925255,    2.15018425,     -1.51360511], [  178.42151304,  -71.12216362,   57.40679668,   55.55782853,     90.90869092,  223.11198763,   91.59454293,   13.74097485,     18.22257075,   25.59875627,   18.0932058 ,   -4.06135305,    -20.42312785], [  -99.30146957,   -0.43810415,   -8.06976166,  122.41074245,     -2.16542763,   91.59454293,  261.34946219,   85.11813462,    -40.3219071 ,  -10.04975697,    0.8342721 ,   14.58555118,     25.8793308 ], [ -297.09227822,   72.4699747 ,   77.12781281,   -2.36402317,      4.56120032,   13.74097485,   85.11813462,  170.54513257,     41.44380909,  -18.24787488,  -15.17671071,    0.48960142,     16.1402865 ], [ -129.3095524 ,  -35.41162434,  -17.78608131,   10.39686342,     65.44296534,   18.22257075,  -40.3219071 ,   41.44380909,    189.25042512,   76.92713343,   -7.71486   ,  -18.63216599,    -13.66874629], [  109.43903692,  -35.63175249,  -49.7334977 ,    7.49505562,     39.58949451,   25.59875627,  -10.04975697,  -18.24787488,     76.92713343,  141.37574287,   51.13361935,   -9.54327057,    -18.80672513], [   26.2784411 ,   47.4537066 ,   28.79304969,  -23.50778012,     12.81925255,   18.0932058 ,    0.8342721 ,  -15.17671071,     -7.71486   ,   51.13361935,  115.94169009,   45.35068144,      1.66466808], [   24.04563825,   10.2315449 ,   -6.15295893,   25.28820783,      2.15018425,   -4.06135305,   14.58555118,    0.48960142,    -18.63216599,   -9.54327057,   45.35068144,  120.19265871,     56.02413939], [  -14.2618664 ,   21.42210837,  -20.27165388,   32.40488136,     -1.51360511,  -20.42312785,   25.8793308 ,   16.1402865 ,    -13.66874629,  -18.80672513,    1.66466808,   56.02413939,    112.47586758]]
/root/sim/music/out/Godiego/GOLDEN☆BEST_[Disc_2]/06_ポートピア_(2).mp3; [-630.52997  , 145.69893  ,  -8.619795 ,   3.0756338, -16.995157 ,   -7.7564197,  -8.554051 ,  -3.7802074,  -5.180005 ,  -5.4235063,   -8.262363 ,  -5.5141735,  -1.9788674]; [[13032.98298185,  482.92401694, -248.92495559,  368.30149592,      6.38348741,  271.59712618,   -5.43687031,  -21.0215786 ,     75.55212511,   31.05423403,   -8.17007065,   -1.79956912,    -60.56160897], [  482.92401694, 1423.67884708, -168.74714248, -260.31036656,   -100.22206549,  -57.30691214,  -16.9130853 ,   37.0155713 ,    -95.36118935,  -21.74101115,    6.45958352,   -7.16103853,     25.49290143], [ -248.92495559, -168.74714248,  589.17021198,  129.10249892,     26.27983718,  -41.84886695,  -10.70825825,  -35.29124227,     18.6374348 ,  -47.72994691,  -53.30246791,  -45.80636924,    -15.2942818 ], [  368.30149592, -260.31036656,  129.10249892,  442.49740133,    176.47217588,   66.31961625,    8.91473163,   55.9459997 ,     75.72474566,   31.08079746,  -37.82347386,   10.35958977,     -1.77976065], [    6.38348741, -100.22206549,   26.27983718,  176.47217588,    235.45444611,   85.77367256,   18.06642645,   18.9294262 ,     51.41786808,   22.2504741 ,    2.19613578,   23.85943886,      1.36128534], [  271.59712618,  -57.30691214,  -41.84886695,   66.31961625,     85.77367256,  204.02020706,  103.90212752,   42.17440478,     24.10581802,   50.81099029,   54.83412076,   17.95092589,    -17.13315966], [   -5.43687031,  -16.9130853 ,  -10.70825825,    8.91473163,     18.06642645,  103.90212752,  168.77579761,   59.42261243,     -0.38973564,   29.64292919,   48.48790308,   13.69266356,     -4.26545771], [  -21.0215786 ,   37.0155713 ,  -35.29124227,   55.9459997 ,     18.9294262 ,   42.17440478,   59.42261243,  134.67221194,     38.53969432,   21.88752887,    9.60765775,   13.4076699 ,     15.15361396], [   75.55212511,  -95.36118935,   18.6374348 ,   75.72474566,     51.41786808,   24.10581802,   -0.38973564,   38.53969432,    111.34462602,   44.36128291,    5.39325228,    6.93004992,      5.67172084], [   31.05423403,  -21.74101115,  -47.72994691,   31.08079746,     22.2504741 ,   50.81099029,   29.64292919,   21.88752887,     44.36128291,  118.77198241,   59.39415641,    6.76313958,     -1.3155989 ], [   -8.17007065,    6.45958352,  -53.30246791,  -37.82347386,      2.19613578,   54.83412076,   48.48790308,    9.60765775,      5.39325228,   59.39415641,  120.98273778,   37.86064552,      0.54824517], [   -1.79956912,   -7.16103853,  -45.80636924,   10.35958977,     23.85943886,   17.95092589,   13.69266356,   13.4076699 ,      6.93004992,    6.76313958,   37.86064552,   96.26271506,     40.20968072], [  -60.56160897,   25.49290143,  -15.2942818 ,   -1.77976065,      1.36128534,  -17.13315966,   -4.26545771,   15.15361396,      5.67172084,   -1.3155989 ,    0.54824517,   40.20968072,     92.59669675]]
