/root/sim/music/out/レミオロメン/レミオベスト/13-粉雪.mp3; [-534.16956   , 141.96545   , -24.445148  ,  36.12287   ,   3.1704724 ,   -8.583208  ,  -3.4006507 ,  -1.4130675 ,  -0.4101499 ,   0.57917136,   -1.8060104 ,  -4.4963565 ,  -4.710801  ]; [[11832.39518475, -756.28075452,  552.19769899, -571.18708365,    122.61819832,    6.57242971,  -11.02234413,  323.72094198,     21.55955459,  159.10151467,  151.47356419,  -70.22338825,     74.07263087], [ -756.28075452, 1114.37440772, -471.34780798,  391.89202743,    -85.07024176,  -36.10008899,   45.99308405,  -91.98425345,      6.43286397,  -23.73388767,  -17.24417148,   23.50490705,    -43.42935606], [  552.19769899, -471.34780798,  647.2522845 , -209.16492576,    157.75203179,   48.9011234 ,   23.9230047 ,   95.84008572,    -13.00713603,   52.88378559,   24.74812537,   26.39863148,     77.49652447], [ -571.18708365,  391.89202743, -209.16492576,  569.9661555 ,     -2.98135756,    7.90896959,   37.27325486,  -95.87294641,     55.57574663,  -15.31903799,  -32.53029513,   46.61094251,    -18.99434996], [  122.61819832,  -85.07024176,  157.75203179,   -2.98135756,    209.36465103,   21.90766179,   -7.88764643,    0.45120522,     25.79664496,   32.85294903,    2.29177763,   11.93413875,     29.6196884 ], [    6.57242971,  -36.10008899,   48.9011234 ,    7.90896959,     21.90766179,  130.60341812,   51.21562214,   24.91259417,     -1.04575745,    8.51311625,   10.60818458,    2.81981629,      1.97843015], [  -11.02234413,   45.99308405,   23.9230047 ,   37.27325486,     -7.88764643,   51.21562214,  140.34075635,   39.65541115,      9.60595299,   11.89618063,   15.09895654,   17.69426276,      0.07561132], [  323.72094198,  -91.98425345,   95.84008572,  -95.87294641,      0.45120522,   24.91259417,   39.65541115,  117.31753754,     12.10765517,   14.89483238,   19.6161216 ,   -4.47845452,     14.05184972], [   21.55955459,    6.43286397,  -13.00713603,   55.57574663,     25.79664496,   -1.04575745,    9.60595299,   12.10765517,     87.35085547,   23.37117901,   -5.20731014,    0.88289824,      3.13906853], [  159.10151467,  -23.73388767,   52.88378559,  -15.31903799,     32.85294903,    8.51311625,   11.89618063,   14.89483238,     23.37117901,   80.96088272,   32.36521618,    7.05372927,      5.39199389], [  151.47356419,  -17.24417148,   24.74812537,  -32.53029513,      2.29177763,   10.60818458,   15.09895654,   19.6161216 ,     -5.20731014,   32.36521618,   81.38244535,   19.41994862,     -2.72672577], [  -70.22338825,   23.50490705,   26.39863148,   46.61094251,     11.93413875,    2.81981629,   17.69426276,   -4.47845452,      0.88289824,    7.05372927,   19.41994862,   66.88675894,     21.15185332], [   74.07263087,  -43.42935606,   77.49652447,  -18.99434996,     29.6196884 ,    1.97843015,    0.07561132,   14.05184972,      3.13906853,    5.39199389,   -2.72672577,   21.15185332,     72.18916889]]
/root/sim/music/out/レミオロメン/レミオベスト/07-雨上がり.mp3; [-532.4569    ,  99.42872   ,   0.61188424,  25.960192  ,  23.016817  ,   -2.724958  ,  -5.7123666 ,   6.3280306 ,  -0.9087318 ,  -1.4767901 ,    0.49564317,  -1.17631   ,  -2.7784224 ]; [[14546.07053417, -803.54963007, -306.40695042,   78.92301324,    102.94727246,   42.11244082,  -30.69250982,   84.99152645,     79.08104279,   28.12517809,   41.70858537,  -66.14569967,   -176.54473412], [ -803.54963007, 1086.31299437,  -81.12508404,  -27.13466991,      5.42439125,  -45.41224591,   34.00772818,   42.62482404,    -12.91367782,   17.6600515 ,   63.38346441,   12.00061968,     46.6753078 ], [ -306.40695042,  -81.12508404,  397.48803531,   71.90423551,     59.20486186,   59.20529162,    0.65656708,   15.91797827,     26.71314811,    6.24038077,    0.48524675,   23.92638664,     25.2484777 ], [   78.92301324,  -27.13466991,   71.90423551,  323.45255845,    137.76166532,   37.61622436,    5.57633823,    0.7819772 ,     29.68971653,   15.32103795,  -32.60943592,   36.24584918,     33.42477148], [  102.94727246,    5.42439125,   59.20486186,  137.76166532,    185.57883976,   37.4957575 ,   15.24361188,    4.81421672,     30.2265905 ,   12.63454346,   -4.43976364,   16.89239118,     18.13274232], [   42.11244082,  -45.41224591,   59.20529162,   37.61622436,     37.4957575 ,  126.09681645,   53.37938392,   34.64075958,     20.95873352,   11.73348311,   23.45333778,    3.5151256 ,    -11.58149775], [  -30.69250982,   34.00772818,    0.65656708,    5.57633823,     15.24361188,   53.37938392,  139.12648885,   63.1948341 ,     24.24774629,   12.84800895,   21.4651331 ,   20.81230901,     -2.49095724], [   84.99152645,   42.62482404,   15.91797827,    0.7819772 ,      4.81421672,   34.64075958,   63.1948341 ,  101.41574082,     36.64903299,   18.17791428,   19.46846046,    8.00501828,      4.063522  ], [   79.08104279,  -12.91367782,   26.71314811,   29.68971653,     30.2265905 ,   20.95873352,   24.24774629,   36.64903299,     81.78634049,   29.57385148,   17.58334603,    3.55018669,      4.9349618 ], [   28.12517809,   17.6600515 ,    6.24038077,   15.32103795,     12.63454346,   11.73348311,   12.84800895,   18.17791428,     29.57385148,   68.11211071,   29.46822516,   11.1266231 ,      6.88209923], [   41.70858537,   63.38346441,    0.48524675,  -32.60943592,     -4.43976364,   23.45333778,   21.4651331 ,   19.46846046,     17.58334603,   29.46822516,   78.8194    ,   12.69451418,     -1.53851355], [  -66.14569967,   12.00061968,   23.92638664,   36.24584918,     16.89239118,    3.5151256 ,   20.81230901,    8.00501828,      3.55018669,   11.1266231 ,   12.69451418,   74.38844089,     29.1610008 ], [ -176.54473412,   46.6753078 ,   25.2484777 ,   33.42477148,     18.13274232,  -11.58149775,   -2.49095724,    4.063522  ,      4.9349618 ,    6.88209923,   -1.53851355,   29.1610008 ,     67.5255892 ]]
/root/sim/music/out/レミオロメン/レミオベスト/11-Wonderful_&_Be.autiful.mp3; [-541.4898    , 141.58998   ,  -2.811231  ,  23.498377  ,   2.5272896 ,   -4.092231  ,  -3.7413254 ,   5.3516207 ,   1.8512281 ,   4.017442  ,    1.9403075 ,   0.18372369,  -0.14351149]; [[23028.56119545,  372.82391372, -675.0293799 ,  890.87474173,    807.99785802,  421.90932707,   52.88804307,   58.92384456,     65.3489064 ,  326.56282917,  149.46495423,  -59.62731191,   -179.26772439], [  372.82391372, 1441.65595366, -173.77566939,  130.69842125,    -55.77598349,  -40.89862979,   -9.70217359,   56.35858725,    -18.56813993,  -35.2415296 ,   36.36615425,   20.89957559,     53.5112979 ], [ -675.0293799 , -173.77566939,  412.50299871,  -13.3669525 ,     -4.75858552,  -12.24797975,  -25.45381742,  -12.27181905,    -34.78389857,  -10.64817771,  -18.9654729 ,   24.23575782,     31.5385824 ], [  890.87474173,  130.69842125,  -13.3669525 ,  335.22254389,    114.4971148 ,   35.12998459,  -59.89023187,  -14.95672548,     32.91737656,   25.41547529,   -1.75155139,   22.36610337,     39.29459222], [  807.99785802,  -55.77598349,   -4.75858552,  114.4971148 ,    219.73373138,   29.4063375 ,  -40.53987383,   -9.69375123,     19.10300282,   30.2169548 ,   -1.62937967,   -5.33239334,     10.99481477], [  421.90932707,  -40.89862979,  -12.24797975,   35.12998459,     29.4063375 ,  136.30653918,   48.72451252,   13.94408666,     -0.14488073,   11.15275203,   26.5293412 ,    0.99634364,    -13.5694613 ], [   52.88804307,   -9.70217359,  -25.45381742,  -59.89023187,    -40.53987383,   48.72451252,  160.28946079,   21.37593037,     17.12198398,   -1.10808232,    8.90813461,   13.40101689,    -10.21381   ], [   58.92384456,   56.35858725,  -12.27181905,  -14.95672548,     -9.69375123,   13.94408666,   21.37593037,  103.85319632,     -2.31495901,   12.1042701 ,   19.46620491,   -2.75183965,      3.14276159], [   65.3489064 ,  -18.56813993,  -34.78389857,   32.91737656,     19.10300282,   -0.14488073,   17.12198398,   -2.31495901,    115.31035855,   29.15967295,  -13.26493085,    1.63317328,      6.02608576], [  326.56282917,  -35.2415296 ,  -10.64817771,   25.41547529,     30.2169548 ,   11.15275203,   -1.10808232,   12.1042701 ,     29.15967295,   85.215685  ,   29.70196193,    1.12154168,     -6.61260317], [  149.46495423,   36.36615425,  -18.9654729 ,   -1.75155139,     -1.62937967,   26.5293412 ,    8.90813461,   19.46620491,    -13.26493085,   29.70196193,   98.0907435 ,   15.10329993,    -13.61984486], [  -59.62731191,   20.89957559,   24.23575782,   22.36610337,     -5.33239334,    0.99634364,   13.40101689,   -2.75183965,      1.63317328,    1.12154168,   15.10329993,   69.03527861,     30.77131103], [ -179.26772439,   53.5112979 ,   31.5385824 ,   39.29459222,     10.99481477,  -13.5694613 ,  -10.21381   ,    3.14276159,      6.02608576,   -6.61260317,  -13.61984486,   30.77131103,     83.9166166 ]]
/root/sim/music/out/レミオロメン/レミオベスト/06-もっと遠くへ.mp3; [-561.7076   , 132.95795  ,  -1.0505813,  18.012356 ,   6.531843 ,   -6.3124056,  -2.2432587,  11.322655 ,  -2.4036837,  -3.4882286,    2.114183 ,  -0.66125  ,  -4.5753417]; [[20263.39299401, -587.71944051,  311.22652689, -208.16900521,    515.97231356,  380.5013176 ,   38.85589255,  228.51242423,    101.82338137,  -38.05494111,  -90.17255404, -162.53255   ,   -146.16313122], [ -587.71944051, 1389.05213102, -320.66302765,   32.46251568,   -138.35416996, -199.57827465,  -33.71825216,   30.05087594,    -65.78771848,  -15.84074215,   47.46486904,  -16.51263341,    -17.84896918], [  311.22652689, -320.66302765,  539.71767361,   19.58500886,     90.2431831 ,  119.01025798,   29.7783021 ,    8.76956363,     -7.09916964,   19.24570834,    2.45551255,   47.16233959,     30.38924198], [ -208.16900521,   32.46251568,   19.58500886,  209.5733323 ,     23.66053612,   -8.71537061,  -28.32017225,  -39.31665356,     34.79890822,   -3.44481045,  -38.13212359,   30.95181578,     31.16021303], [  515.97231356, -138.35416996,   90.2431831 ,   23.66053612,    205.42530766,   45.69104679,  -36.17290607,   16.9705981 ,     30.65915484,    4.22007869,   11.41429946,   -1.76113928,      5.46660488], [  380.5013176 , -199.57827465,  119.01025798,   -8.71537061,     45.69104679,  157.31406472,   48.1775527 ,   14.19183924,      9.1241718 ,   13.54985475,   14.42378908,    2.8101069 ,     -8.15146554], [   38.85589255,  -33.71825216,   29.7783021 ,  -28.32017225,    -36.17290607,   48.1775527 ,  163.87600251,   18.19348056,     -8.37205847,    6.9021418 ,   -5.28253071,   14.24121128,      1.87103176], [  228.51242423,   30.05087594,    8.76956363,  -39.31665356,     16.9705981 ,   14.19183924,   18.19348056,  128.31827374,     -1.12084237,    2.28411934,   40.77934335,   -8.88029811,    -10.1097276 ], [  101.82338137,  -65.78771848,   -7.09916964,   34.79890822,     30.65915484,    9.1241718 ,   -8.37205847,   -1.12084237,     93.5712833 ,   24.20795084,  -13.58587974,    0.46898224,     -0.47478687], [  -38.05494111,  -15.84074215,   19.24570834,   -3.44481045,      4.22007869,   13.54985475,    6.9021418 ,    2.28411934,     24.20795084,   73.02939611,   24.05374228,   -1.03209518,     -7.4596924 ], [  -90.17255404,   47.46486904,    2.45551255,  -38.13212359,     11.41429946,   14.42378908,   -5.28253071,   40.77934335,    -13.58587974,   24.05374228,  104.5772523 ,    7.04975444,    -17.50676827], [ -162.53255   ,  -16.51263341,   47.16233959,   30.95181578,     -1.76113928,    2.8101069 ,   14.24121128,   -8.88029811,      0.46898224,   -1.03209518,    7.04975444,   70.83397576,     30.49403483], [ -146.16313122,  -17.84896918,   30.38924198,   31.16021303,      5.46660488,   -8.15146554,    1.87103176,  -10.1097276 ,     -0.47478687,   -7.4596924 ,  -17.50676827,   30.49403483,     72.26475926]]
/root/sim/music/out/レミオロメン/レミオベスト/05-ビールとプリン.mp3; [-640.4949    , 129.57607   ,  11.954962  ,  43.87259   ,  21.275333  ,    2.7321641 ,  -9.514026  ,  -0.8287037 ,  -0.00604041,  -0.9499589 ,   -6.931047  ,  -6.4470162 ,  -7.2124786 ]; [[25084.6532014 ,-1812.61868183, -730.69468297,-1540.18463103,   -873.91509114, -607.5562978 , -561.17889573,  416.81473502,     26.61954442,   55.82220233,  109.0126207 , -111.40031139,   -131.07503034], [-1812.61868183, 1774.78307337, -288.46045873,  478.62034264,    179.0362398 ,   32.09432004,   48.08303887,  -80.77724861,     -5.35836635,  -23.27239133,    5.37823625,   -2.58953439,      2.3013169 ], [ -730.69468297, -288.46045873,  904.4331103 ,  -64.01382842,    153.95479196,  110.99010453,   34.77769691,   72.40650771,      5.13442213,   36.92972984,  -56.37693601,    3.22808671,     43.8339883 ], [-1540.18463103,  478.62034264,  -64.01382842,  721.9594986 ,    178.44450768,  156.6889876 ,   60.78042357, -107.39229479,     87.81271032,    4.95540722,  -74.49243628,   42.69012716,     -0.40426939], [ -873.91509114,  179.0362398 ,  153.95479196,  178.44450768,    328.58674775,   72.84808136,  -23.38853878,  -60.23090562,     13.10752842,   16.09966721,  -11.50045308,   13.65919395,     29.87323985], [ -607.5562978 ,   32.09432004,  110.99010453,  156.6889876 ,     72.84808136,  198.505576  ,   81.53803901,   -7.09306284,     27.55648266,   23.45179035,   -4.19248424,   11.94422264,    -15.49264038], [ -561.17889573,   48.08303887,   34.77769691,   60.78042357,    -23.38853878,   81.53803901,  194.43427416,   39.80580129,      9.12426141,    7.96984228,    3.80832101,   27.95158488,    -22.53149676], [  416.81473502,  -80.77724861,   72.40650771, -107.39229479,    -60.23090562,   -7.09306284,   39.80580129,  180.01591636,     33.16755994,    6.75492763,   27.37738073,    4.61302904,     -2.01605298], [   26.61954442,   -5.35836635,    5.13442213,   87.81271032,     13.10752842,   27.55648266,    9.12426141,   33.16755994,    134.91520185,   23.79432798,  -13.03995074,    5.8834469 ,     -5.98843804], [   55.82220233,  -23.27239133,   36.92972984,    4.95540722,     16.09966721,   23.45179035,    7.96984228,    6.75492763,     23.79432798,  101.48067914,   24.39840004,   -9.01132304,     -3.04662973], [  109.0126207 ,    5.37823625,  -56.37693601,  -74.49243628,    -11.50045308,   -4.19248424,    3.80832101,   27.37738073,    -13.03995074,   24.39840004,  109.09284075,    9.36276768,     -2.77410215], [ -111.40031139,   -2.58953439,    3.22808671,   42.69012716,     13.65919395,   11.94422264,   27.95158488,    4.61302904,      5.8834469 ,   -9.01132304,    9.36276768,   85.38267666,     19.90084172], [ -131.07503034,    2.3013169 ,   43.8339883 ,   -0.40426939,     29.87323985,  -15.49264038,  -22.53149676,   -2.01605298,     -5.98843804,   -3.04662973,   -2.77410215,   19.90084172,     83.42520993]]
/root/sim/music/out/レミオロメン/レミオベスト/01-Sakura.mp3; [-549.48486   , 120.60475   ,  -8.501173  ,  19.31659   ,  14.116325  ,    0.02582175,  -2.265055  ,   9.647149  ,   5.7121315 ,   2.818146  ,   -0.38061228,  -0.37553352,   0.5591069 ]; [[24339.99525316,  422.03823687,    3.69680713,  933.44462623,   1141.04692812,  366.46057977,  160.27056117,  324.03364704,     86.50469355,    3.30755151, -123.70736112, -337.93284515,   -262.24451144], [  422.03823687, 1227.46010887, -219.23180381,  167.42903897,    -31.1355932 ,   16.13491865,   -7.04699149,   83.44218909,     32.17015962,   41.37469975,   41.51879827,   44.8723482 ,     55.7530294 ], [    3.69680713, -219.23180381,  487.24909633,  116.3440668 ,     98.254953  ,   54.7057008 ,   31.1205417 ,   -8.8028438 ,    -13.93107011,    0.23633888,    9.91620006,   40.00642855,      1.50326046], [  933.44462623,  167.42903897,  116.3440668 ,  436.62543285,    173.50549569,   50.86274898,   -5.58005331,   28.72536026,     53.10556751,   -7.48112507,  -52.08564178,   20.88165993,     38.68139345], [ 1141.04692812,  -31.1355932 ,   98.254953  ,  173.50549569,    252.19157095,   52.01827395,    2.25957019,   28.84672654,     38.78470491,   -0.6876321 ,  -26.09113458,  -13.19342084,     10.26399518], [  366.46057977,   16.13491865,   54.7057008 ,   50.86274898,     52.01827395,  150.89742906,   62.79871543,   33.74697638,    -11.74411347,   18.82490591,   29.58027468,    0.10270886,     -7.90071472], [  160.27056117,   -7.04699149,   31.1205417 ,   -5.58005331,      2.25957019,   62.79871543,  147.70186804,   34.12201149,      4.93442304,   11.41513791,   13.76160927,   17.34899006,      1.0929671 ], [  324.03364704,   83.44218909,   -8.8028438 ,   28.72536026,     28.84672654,   33.74697638,   34.12201149,  124.34730602,      8.03638981,   12.56287384,   29.13096049,   -1.06045456,      4.17721394], [   86.50469355,   32.17015962,  -13.93107011,   53.10556751,     38.78470491,  -11.74411347,    4.93442304,    8.03638981,    110.98308469,   29.96869049,  -30.35001957,   11.21480701,     27.32687087], [    3.30755151,   41.37469975,    0.23633888,   -7.48112507,     -0.6876321 ,   18.82490591,   11.41513791,   12.56287384,     29.96869049,   87.90602722,   44.02519975,   -2.0744308 ,     -8.68102709], [ -123.70736112,   41.51879827,    9.91620006,  -52.08564178,    -26.09113458,   29.58027468,   13.76160927,   29.13096049,    -30.35001957,   44.02519975,  123.1726111 ,   10.30816352,    -22.60889773], [ -337.93284515,   44.8723482 ,   40.00642855,   20.88165993,    -13.19342084,    0.10270886,   17.34899006,   -1.06045456,     11.21480701,   -2.0744308 ,   10.30816352,   86.08798725,     43.33453708], [ -262.24451144,   55.7530294 ,    1.50326046,   38.68139345,     10.26399518,   -7.90071472,    1.0929671 ,    4.17721394,     27.32687087,   -8.68102709,  -22.60889773,   43.33453708,     95.11528959]]
/root/sim/music/out/レミオロメン/レミオベスト/02-3月9日.mp3; [-600.1963   , 127.60417  ,  11.175011 ,  36.922096 ,  15.224613 ,   -3.4552178,  -9.705512 ,  -2.3596947,  -2.712643 ,   0.9540211,   -1.2985212,  -9.5643635, -10.117508 ]; [[21260.51925518,-1214.57429289,-1283.61452106, -242.4015735 ,    -39.2566382 ,  210.15580396, -105.50151223,  121.88199081,     20.35158668,   94.77741542,  145.79492174,   85.39491503,     10.05122589], [-1214.57429289, 1733.51684058, -121.28895364,  192.15057577,    -41.81565535, -171.00461761,   32.66886401,  -74.63541627,    -31.59006384,   -2.53686551,   -5.74577423,  -70.03949774,    -15.30612596], [-1283.61452106, -121.28895364,  792.73307938,   55.11176964,     62.24995552,   90.07360794,   -7.73134818,   50.07531772,     52.7658386 ,   36.05865269,  -19.21852836,   49.03859061,     23.45531387], [ -242.4015735 ,  192.15057577,   55.11176964,  395.74293768,     60.45797395,   26.54728801,   -0.3150686 ,  -32.45097053,     63.15197907,    6.97706063,  -66.79406255,   40.89456327,     12.88203289], [  -39.2566382 ,  -41.81565535,   62.24995552,   60.45797395,    203.32836359,   33.72000416,  -31.36024326,   18.86501455,     32.64030883,   31.77605266,    3.94740304,    3.90996435,      6.15975127], [  210.15580396, -171.00461761,   90.07360794,   26.54728801,     33.72000416,  167.62298664,   53.42581325,   35.21341173,     40.17221033,   24.33905454,   24.63666946,   25.29404847,     -2.70793951], [ -105.50151223,   32.66886401,   -7.73134818,   -0.3150686 ,    -31.36024326,   53.42581325,  208.02533452,   39.8774195 ,     13.32654397,   16.09151035,   13.66080596,   27.33267321,      1.13454009], [  121.88199081,  -74.63541627,   50.07531772,  -32.45097053,     18.86501455,   35.21341173,   39.8774195 ,  128.50372586,     28.95362005,   14.00797889,   25.38196343,   12.58317568,     -0.15975223], [   20.35158668,  -31.59006384,   52.7658386 ,   63.15197907,     32.64030883,   40.17221033,   13.32654397,   28.95362005,    119.30390381,   35.10839004,    0.11465917,   24.85446713,      8.97903589], [   94.77741542,   -2.53686551,   36.05865269,    6.97706063,     31.77605266,   24.33905454,   16.09151035,   14.00797889,     35.10839004,   96.78751663,   25.90065328,   14.64564828,      6.88837657], [  145.79492174,   -5.74577423,  -19.21852836,  -66.79406255,      3.94740304,   24.63666946,   13.66080596,   25.38196343,      0.11465917,   25.90065328,  114.1721621 ,    5.0940293 ,     -4.43794794], [   85.39491503,  -70.03949774,   49.03859061,   40.89456327,      3.90996435,   25.29404847,   27.33267321,   12.58317568,     24.85446713,   14.64564828,    5.0940293 ,   99.90379543,     31.34339603], [   10.05122589,  -15.30612596,   23.45531387,   12.88203289,      6.15975127,   -2.70793951,    1.13454009,   -0.15975223,      8.97903589,    6.88837657,   -4.43794794,   31.34339603,     88.84130952]]
/root/sim/music/out/レミオロメン/レミオベスト/08-南風.mp3; [-526.30615  , 108.55821  ,  -1.9247098,  30.800138 ,  10.298144 ,    3.8123808,  -7.4219303,   4.9209704,   1.8603783,   2.4528768,   -3.1939025,  -6.701018 ,  -2.372808 ]; [[13475.04455   ,  375.12934639,   24.1329553 ,  388.60008242,   -114.67442082,  181.48586946,  -14.99890722,  -17.44498148,    -51.75989838,    1.39798883,   21.68127263, -173.18255101,    -94.61539123], [  375.12934639,  994.0802415 , -170.39916404,  -18.17226309,    115.06933445,  -26.36949234,   -4.53740112,   66.415902  ,     17.62193348,   12.91991241,   44.79197697,   55.44020626,    -13.37282001], [   24.1329553 , -170.39916404,  303.05745645,   38.82511199,     -8.75852059,   12.39312171,  -11.632852  ,  -15.99739793,     -2.62466369,  -17.48013864,  -13.96865884,    7.41147807,     24.25800495], [  388.60008242,  -18.17226309,   38.82511199,  225.3816525 ,     54.38939605,   26.81135133,   -7.26108997,    2.91063661,     38.05679034,   13.4043772 ,  -22.67620152,    8.11911458,     21.61753669], [ -114.67442082,  115.06933445,   -8.75852059,   54.38939605,    180.53829551,    2.175142  ,  -27.85982491,    3.39291299,     37.55742754,   17.13819033,    2.47258503,   10.37239476,     18.70961143], [  181.48586946,  -26.36949234,   12.39312171,   26.81135133,      2.175142  ,  120.05309186,   66.16961943,   17.98731914,      8.01994753,   19.10140588,   24.51237535,   10.71139127,     -8.96486557], [  -14.99890722,   -4.53740112,  -11.632852  ,   -7.26108997,    -27.85982491,   66.16961943,  146.73640968,   52.45916596,     -1.52440387,    7.09668895,   22.18507882,   15.20564352,     -2.9954789 ], [  -17.44498148,   66.415902  ,  -15.99739793,    2.91063661,      3.39291299,   17.98731914,   52.45916596,   91.43219321,     30.83810568,    2.3355906 ,    3.32597822,   12.53829154,      3.94960863], [  -51.75989838,   17.62193348,   -2.62466369,   38.05679034,     37.55742754,    8.01994753,   -1.52440387,   30.83810568,     90.70992041,   37.24155635,   -3.4376999 ,    4.47466338,      7.90888357], [    1.39798883,   12.91991241,  -17.48013864,   13.4043772 ,     17.13819033,   19.10140588,    7.09668895,    2.3355906 ,     37.24155635,   83.32213038,   33.01116524,    3.3716347 ,     -3.0128156 ], [   21.68127263,   44.79197697,  -13.96865884,  -22.67620152,      2.47258503,   24.51237535,   22.18507882,    3.32597822,     -3.4376999 ,   33.01116524,   83.85335944,   31.49557384,    -12.54844039], [ -173.18255101,   55.44020626,    7.41147807,    8.11911458,     10.37239476,   10.71139127,   15.20564352,   12.53829154,      4.47466338,    3.3716347 ,   31.49557384,   72.84305265,     17.63611491], [  -94.61539123,  -13.37282001,   24.25800495,   21.61753669,     18.70961143,   -8.96486557,   -2.9954789 ,    3.94960863,      7.90888357,   -3.0128156 ,  -12.54844039,   17.63611491,     73.22127685]]
/root/sim/music/out/長渕剛/Tsuyoshi_Nagabuchi_All_Time_Best_2014_傷つき打ちのめされても、長渕剛。[Disc_1]/04-乾杯.mp3; [-599.2356    , 129.25699   ,  -8.053928  ,  20.479801  ,  -0.360439  ,   -3.766896  ,   1.3012044 ,   4.4596667 ,  -5.5178685 ,  -0.02186551,   -4.757651  ,  -2.913986  ,   0.318947  ]; [[15771.92953107,    9.78406702,   91.35084419,  534.59621493,    140.97259459,  115.04388844,  347.56535641,  380.54392421,     38.16178111,  177.80628091,   28.08636846,  -84.82751826,     36.94363257], [    9.78406702, 1230.77269637, -316.86957999,  -66.61480171,    -76.82117205,  -44.85930275,    0.2607526 ,   14.5497811 ,    -42.76213898,   46.92148709,    7.48667559,   22.62534902,     -8.06227343], [   91.35084419, -316.86957999,  707.46211259,  143.88519429,    118.26526731,  143.5724509 ,   88.08937748,   27.88514352,    130.49990422,   35.47036404,   17.87195147,   -3.25336326,     13.85059592], [  534.59621493,  -66.61480171,  143.88519429,  530.34361669,    302.71249201,  173.69752535,   -5.74851558,   45.97527515,    146.70089103,  -49.43624539,   40.09718041,   30.62418024,     43.27026411], [  140.97259459,  -76.82117205,  118.26526731,  302.71249201,    386.61593109,  184.01740776,   -1.95821481,   15.84386918,    143.52163288,  -48.11601881,   45.54927345,   61.89702043,     30.12667613], [  115.04388844,  -44.85930275,  143.5724509 ,  173.69752535,    184.01740776,  324.12287226,   94.18917543,   33.073362  ,    126.26482221,   11.12174452,   59.07103712,   61.1227993 ,      7.65352436], [  347.56535641,    0.2607526 ,   88.08937748,   -5.74851558,     -1.95821481,   94.18917543,  261.24773967,   84.6195094 ,     21.94667584,   75.93260951,   26.92524024,    9.55075731,      2.31798426], [  380.54392421,   14.5497811 ,   27.88514352,   45.97527515,     15.84386918,   33.073362  ,   84.6195094 ,  134.2182302 ,     10.7509689 ,   42.41293782,   18.29385325,   -6.27318933,     15.87763252], [   38.16178111,  -42.76213898,  130.49990422,  146.70089103,    143.52163288,  126.26482221,   21.94667584,   10.7509689 ,    187.4770706 ,   22.76375365,   27.44576788,   35.17568381,     11.30915974], [  177.80628091,   46.92148709,   35.47036404,  -49.43624539,    -48.11601881,   11.12174452,   75.93260951,   42.41293782,     22.76375365,  150.90324016,   27.54019424,   -1.97109491,     -3.08794668], [   28.08636846,    7.48667559,   17.87195147,   40.09718041,     45.54927345,   59.07103712,   26.92524024,   18.29385325,     27.44576788,   27.54019424,   88.08052396,   27.71297906,      3.03283215], [  -84.82751826,   22.62534902,   -3.25336326,   30.62418024,     61.89702043,   61.1227993 ,    9.55075731,   -6.27318933,     35.17568381,   -1.97109491,   27.71297906,  103.80921327,     23.74525918], [   36.94363257,   -8.06227343,   13.85059592,   43.27026411,     30.12667613,    7.65352436,    2.31798426,   15.87763252,     11.30915974,   -3.08794668,    3.03283215,   23.74525918,     89.98122288]]
/root/sim/music/out/長渕剛/Tsuyoshi_Nagabuchi_All_Time_Best_2014_傷つき打ちのめされても、長渕剛。[Disc_1]/08-とんぼ.mp3; [-518.6698    , 123.68789   ,  17.115591  ,  33.02322   ,   4.7422338 ,    4.862345  ,  -2.5982535 ,   6.865256  ,  -7.7545156 ,   2.3679736 ,   -2.6995373 ,   0.10718569,  -3.5007105 ]; [[9980.3057857 , 165.51735654,-108.79854456, -28.56732886,-199.7002987 ,  -230.84646975,-153.74140356, -37.76637346,-248.83661999, -83.37513651,  -108.93169427,-123.57661166,-159.51727409], [ 165.51735654, 861.45664622,-116.67706005, -29.16946983, -65.39453556,   -31.73578656,   5.96945794,  26.84753988, -49.83485407,  -0.95244009,   -25.6101826 ,  -6.65137399,   4.99378938], [-108.79854456,-116.67706005, 288.54463089,  74.44309129,  18.01996057,    35.39081035, -15.44723661, -36.61399662,  18.98400863,  -3.33297749,    -3.30558207,  24.58505719,  38.07238665], [ -28.56732886, -29.16946983,  74.44309129, 228.93573445,  86.14274564,    28.58324114, -30.47817611, -36.14486941,  17.71315605, -25.35645956,   -12.70334435,  15.11492017,  23.60733445], [-199.7002987 , -65.39453556,  18.01996057,  86.14274564, 153.00194513,    36.07659202, -10.54243186,  -5.94835638,  28.12845154,   4.79995948,     0.68930593,  10.89082655,  -7.14868524], [-230.84646975, -31.73578656,  35.39081035,  28.58324114,  36.07659202,    99.13537867,  20.78825822,   3.98657395,  19.16936182,   7.21664978,     3.66803347,  -0.73368702,  -6.17097521], [-153.74140356,   5.96945794, -15.44723661, -30.47817611, -10.54243186,    20.78825822,  98.06351042,  34.37562831,  -0.17212498,  -1.37757094,    -0.6170809 ,  -5.4576017 ,   3.46930109], [ -37.76637346,  26.84753988, -36.61399662, -36.14486941,  -5.94835638,     3.98657395,  34.37562831,  99.03685476,  -3.16951595,  11.05337018,     4.53792397,  -5.48337691,  -9.26546379], [-248.83661999, -49.83485407,  18.98400863,  17.71315605,  28.12845154,    19.16936182,  -0.17212498,  -3.16951595,  83.58873863,  25.88292082,    12.99208468,   3.74951889,  -8.9411392 ], [ -83.37513651,  -0.95244009,  -3.33297749, -25.35645956,   4.79995948,     7.21664978,  -1.37757094,  11.05337018,  25.88292082,  76.18671947,    28.937984  ,   5.1336481 , -15.81683769], [-108.93169427, -25.6101826 ,  -3.30558207, -12.70334435,   0.68930593,     3.66803347,  -0.6170809 ,   4.53792397,  12.99208468,  28.937984  ,    66.10164444,  17.66744215,  -4.44967092], [-123.57661166,  -6.65137399,  24.58505719,  15.11492017,  10.89082655,    -0.73368702,  -5.4576017 ,  -5.48337691,   3.74951889,   5.1336481 ,    17.66744215,  64.28317798,  25.37906236], [-159.51727409,   4.99378938,  38.07238665,  23.60733445,  -7.14868524,    -6.17097521,   3.46930109,  -9.26546379,  -8.9411392 , -15.81683769,    -4.44967092,  25.37906236,  83.91108863]]
/root/sim/music/out/Weezer/Weezer/07_Say_It_Ain't_So.mp3; [-620.0621    , 121.41489   ,  -9.760217  ,  43.388508  ,   8.873645  ,   -3.5634325 ,   4.465009  ,  13.228274  ,   5.141135  ,   6.9992876 ,    1.4133831 ,  -0.23146991,  -3.8514652 ]; [[19317.24657909,-1999.57525486,  278.62733845, -508.89712853,   -750.68416146,  159.92480575,  -92.43660411,  202.30739921,      8.29700783,  103.42875822, -109.54597169,  -12.15694409,    278.47259398], [-1999.57525486, 2219.87739585, -570.76637173,  381.67366839,    146.7030953 , -119.13182654,  102.43265049,   37.39728351,     61.37953009,   32.62374457,   37.27775007,   55.17419115,    -39.7119786 ], [  278.62733845, -570.76637173, 1081.56135183, -109.56126747,    164.47785272,  197.98142868,   23.04429697,   86.02548425,    -28.32256506,   17.95299407,   16.50513255,   10.71959898,     59.26912135], [ -508.89712853,  381.67366839, -109.56126747,  442.26515745,    226.06510307,   81.59770482,   70.92027914,   47.70020295,     52.36910768,   37.52822384,   11.17797333,   12.08989136,     26.09749974], [ -750.68416146,  146.7030953 ,  164.47785272,  226.06510307,    474.71882129,  114.18675878,   97.83087546,   88.13724715,    -17.54629769,   50.63955189,   32.46239756,   11.055522  ,     47.60469677], [  159.92480575, -119.13182654,  197.98142868,   81.59770482,    114.18675878,  204.23438783,   85.63866216,   84.43697542,     26.16667961,   26.42185579,   16.83046005,    1.19873696,     25.27041666], [  -92.43660411,  102.43265049,   23.04429697,   70.92027914,     97.83087546,   85.63866216,  194.46650728,   91.9822733 ,     20.32677614,   28.5904839 ,   25.5989867 ,   19.00935213,     27.63247003], [  202.30739921,   37.39728351,   86.02548425,   47.70020295,     88.13724715,   84.43697542,   91.9822733 ,  178.81491531,     36.49817989,   70.64881983,   26.15393098,   13.5335694 ,     34.98206205], [    8.29700783,   61.37953009,  -28.32256506,   52.36910768,    -17.54629769,   26.16667961,   20.32677614,   36.49817989,    144.21795913,   47.48836924,    7.24467289,   -6.37455691,    -18.40429695], [  103.42875822,   32.62374457,   17.95299407,   37.52822384,     50.63955189,   26.42185579,   28.5904839 ,   70.64881983,     47.48836924,  127.33589591,   41.07847083,    3.42116427,     22.96479353], [ -109.54597169,   37.27775007,   16.50513255,   11.17797333,     32.46239756,   16.83046005,   25.5989867 ,   26.15393098,      7.24467289,   41.07847083,   77.80057425,   33.81723427,     14.04907159], [  -12.15694409,   55.17419115,   10.71959898,   12.08989136,     11.055522  ,    1.19873696,   19.00935213,   13.5335694 ,     -6.37455691,    3.42116427,   33.81723427,   83.8427759 ,     36.12936713], [  278.47259398,  -39.7119786 ,   59.26912135,   26.09749974,     47.60469677,   25.27041666,   27.63247003,   34.98206205,    -18.40429695,   22.96479353,   14.04907159,   36.12936713,     94.23648499]]
/root/sim/music/out/Weezer/Weezer/03_The_World_Has_Turned_And_Left_Me.mp3; [-511.71515   , 118.03013   , -16.878609  ,  32.275127  ,   0.9704507 ,   -5.771748  ,   2.5929255 ,  10.031094  ,   6.0213184 ,   6.867209  ,   -2.2613988 ,   0.97145784,  -0.35334572]; [[6143.07049111,-619.32691125, 257.55923615,-121.21028413, -58.16083521,    49.58423732, -54.70650093,  83.13568332, -87.67406298, -44.62505793,  -131.04769312,-113.68346028,   5.60486903], [-619.32691125, 849.38916462,-298.10493222, 179.52543572, -23.49356509,   -20.39676138,  86.51138519, -17.30697239,  47.11538838,  11.39839473,    23.65959979,  44.40993224,  12.02632791], [ 257.55923615,-298.10493222, 272.61751213, -66.78660966,  48.44334954,    24.23117617, -29.59776329,  11.48308048, -15.13873051,  -2.11905184,   -10.45751348,  -0.39759715,  12.3414696 ], [-121.21028413, 179.52543572, -66.78660966, 162.36007157,  10.46262388,    13.92430343,   0.49606193,  -1.27352399,  29.57851174, -10.7315821 ,    -7.22710718,  10.21529725,  10.95687102], [ -58.16083521, -23.49356509,  48.44334954,  10.46262388,  91.27774488,    17.97940332,   2.03340138,   4.26408954,   9.77382219,  24.91945396,     6.46614263,   9.32188087,  13.28218455], [  49.58423732, -20.39676138,  24.23117617,  13.92430343,  17.97940332,    81.2458507 ,  34.90664828,  21.99695615,   2.94564305,  -5.17234732,     5.36605311,  13.17149339,   8.35151276], [ -54.70650093,  86.51138519, -29.59776329,   0.49606193,   2.03340138,    34.90664828, 107.01154711,  27.69098158,  17.70053618,  -1.00598854,    12.88128447,  20.59199379,  -1.77295966], [  83.13568332, -17.30697239,  11.48308048,  -1.27352399,   4.26408954,    21.99695615,  27.69098158,  69.83890567,  16.50385794,  21.98427854,    13.4072835 ,   5.67209205,   7.98480674], [ -87.67406298,  47.11538838, -15.13873051,  29.57851174,   9.77382219,     2.94564305,  17.70053618,  16.50385794,  82.31010706,  24.49199171,    12.15827143,   6.29504504,   0.00162458], [ -44.62505793,  11.39839473,  -2.11905184, -10.7315821 ,  24.91945396,    -5.17234732,  -1.00598854,  21.98427854,  24.49199171,  82.25186058,    41.68369857,   7.01956855,   7.67293903], [-131.04769312,  23.65959979, -10.45751348,  -7.22710718,   6.46614263,     5.36605311,  12.88128447,  13.4072835 ,  12.15827143,  41.68369857,    73.51203141,  23.91070648,   6.50976957], [-113.68346028,  44.40993224,  -0.39759715,  10.21529725,   9.32188087,    13.17149339,  20.59199379,   5.67209205,   6.29504504,   7.01956855,    23.91070648,  61.08851552,  24.56039089], [   5.60486903,  12.02632791,  12.3414696 ,  10.95687102,  13.28218455,     8.35151276,  -1.77295966,   7.98480674,   0.00162458,   7.67293903,     6.50976957,  24.56039089,  56.9961869 ]]
/root/sim/music/out/Weezer/Weezer/06_Surf_Wax_America.mp3; [-603.1512    , 130.43614   ,   5.001272  ,  37.512596  ,   7.7535334 ,    1.949791  ,   9.41407   ,  14.00779   ,   5.1765227 ,   4.2619543 ,   -1.008515  ,  -0.18721293,  -2.5423164 ]; [[28369.05343856,-4241.74777942,-4034.7793068 ,-1015.52448745,  -1196.32716183, -451.66119919,  -42.71513877,  276.98903702,    179.48847328,  246.58920008, -483.41479378, -427.20513459,   -107.07394151], [-4241.74777942, 1984.99598101,  571.9288333 ,  133.25598259,    144.18452095,   25.73876996,  133.08788506,  -28.28527489,    -63.85189843,  -96.98344925,  117.29236213,   85.23059442,     -6.62744961], [-4034.7793068 ,  571.9288333 , 2041.52896669,  362.76532203,    471.11866801,  299.99349813,   40.16153893,  100.85050987,     -8.9638236 ,   62.24934164,  111.39508889,   81.75766794,     79.62753328], [-1015.52448745,  133.25598259,  362.76532203,  391.54424448,    173.0480599 ,  107.03479985,  -41.4391814 ,  -36.79115936,     37.23930047,   13.3001776 ,    5.64866395,   27.74358465,     25.6239561 ], [-1196.32716183,  144.18452095,  471.11866801,  173.0480599 ,    296.17969297,  131.55461794,  -15.19379711,  -14.67864636,      8.01451397,   39.24366181,   29.07468441,   19.31770356,     15.11838888], [ -451.66119919,   25.73876996,  299.99349813,  107.03479985,    131.55461794,  174.39186845,   33.77696074,   13.00607378,      2.53737001,   10.93239771,   18.06610705,   14.04462572,     12.03667698], [  -42.71513877,  133.08788506,   40.16153893,  -41.4391814 ,    -15.19379711,   33.77696074,  132.34884128,   52.93591441,     -5.68310727,  -12.940733  ,   22.74502378,   14.78223809,     12.04840815], [  276.98903702,  -28.28527489,  100.85050987,  -36.79115936,    -14.67864636,   13.00607378,   52.93591441,  110.11449877,     15.65134282,   13.8188692 ,    8.35681469,    3.24722022,     23.93836505], [  179.48847328,  -63.85189843,   -8.9638236 ,   37.23930047,      8.01451397,    2.53737001,   -5.68310727,   15.65134282,     82.65279727,   23.5700827 ,   -5.84554289,    3.77519818,      1.66249606], [  246.58920008,  -96.98344925,   62.24934164,   13.3001776 ,     39.24366181,   10.93239771,  -12.940733  ,   13.8188692 ,     23.5700827 ,   82.43974107,   21.93761617,   -1.17145283,      7.02021721], [ -483.41479378,  117.29236213,  111.39508889,    5.64866395,     29.07468441,   18.06610705,   22.74502378,    8.35681469,     -5.84554289,   21.93761617,   74.55969848,   28.41671689,      4.13434683], [ -427.20513459,   85.23059442,   81.75766794,   27.74358465,     19.31770356,   14.04462572,   14.78223809,    3.24722022,      3.77519818,   -1.17145283,   28.41671689,   61.0998049 ,     22.7246976 ], [ -107.07394151,   -6.62744961,   79.62753328,   25.6239561 ,     15.11838888,   12.03667698,   12.04840815,   23.93836505,      1.66249606,    7.02021721,    4.13434683,   22.7246976 ,     60.95890128]]
