/root/sim/music/out/尾崎豊/壊れた扉から/08_ドーナツ・ショップ.mp3; [-656.3985    , 134.91399   ,  11.0503235 ,  25.804773  ,   6.0321317 ,   10.531406  ,   5.7474475 ,  10.116473  ,  -2.5678396 ,   7.0816765 ,    2.571988  ,   0.69967526,  -0.20118977]; [[13714.03797991,  564.67868311, -244.55911933, -221.43580825,   -424.66003818, -124.46933299,  -46.97867079,   54.7482599 ,    -26.15216393,   64.43750618,   45.39890768,  -62.05774363,   -103.90787182], [  564.67868311,  880.40779941, -155.52356332,    8.18865796,    -35.65476545,  -59.21353926,    2.39994437,   34.42763234,     -7.16980163,   38.35305682,   -8.36010243,   31.64745818,      7.85201096], [ -244.55911933, -155.52356332,  549.08205507,   82.27437173,     87.31924722,   46.83040956,  -20.16696743,  -13.94463026,     -3.94570063,  -27.05788829,    4.73282813,   46.09903029,     -1.3312386 ], [ -221.43580825,    8.18865796,   82.27437173,  309.47872086,    102.34862306,   56.07187429,   -5.05737176,   22.3418367 ,     31.14021499,  -21.35709814,   -6.46646346,    4.18067065,     20.94709487], [ -424.66003818,  -35.65476545,   87.31924722,  102.34862306,    244.25792533,   65.71960235,   -5.77287883,   13.17000604,     14.70336091,    5.4655207 ,    9.65893899,   11.01977112,      1.40743041], [ -124.46933299,  -59.21353926,   46.83040956,   56.07187429,     65.71960235,  196.81241663,  106.85483766,   23.48961984,     12.70026439,   27.91430932,   29.8741949 ,    3.04056829,    -17.1083362 ], [  -46.97867079,    2.39994437,  -20.16696743,   -5.05737176,     -5.77287883,  106.85483766,  203.90894006,   61.89427396,     20.10434185,   48.60326285,   21.25087684,   -2.25075304,    -24.36905342], [   54.7482599 ,   34.42763234,  -13.94463026,   22.3418367 ,     13.17000604,   23.48961984,   61.89427396,  118.37283295,     42.31865614,   24.29469776,   -5.12530088,  -12.03227588,     -5.43655666], [  -26.15216393,   -7.16980163,   -3.94570063,   31.14021499,     14.70336091,   12.70026439,   20.10434185,   42.31865614,    144.48854799,   41.6876366 ,  -12.14815428,  -15.17899922,    -19.241859  ], [   64.43750618,   38.35305682,  -27.05788829,  -21.35709814,      5.4655207 ,   27.91430932,   48.60326285,   24.29469776,     41.6876366 ,  140.09240603,   40.69932614,   -1.15168543,    -28.3063435 ], [   45.39890768,   -8.36010243,    4.73282813,   -6.46646346,      9.65893899,   29.8741949 ,   21.25087684,   -5.12530088,    -12.14815428,   40.69932614,   95.86550948,   22.26412386,     -9.26415207], [  -62.05774363,   31.64745818,   46.09903029,    4.18067065,     11.01977112,    3.04056829,   -2.25075304,  -12.03227588,    -15.17899922,   -1.15168543,   22.26412386,   99.90535317,     38.96646354], [ -103.90787182,    7.85201096,   -1.3312386 ,   20.94709487,      1.40743041,  -17.1083362 ,  -24.36905342,   -5.43655666,    -19.241859  ,  -28.3063435 ,   -9.26415207,   38.96646354,    106.79182656]]
/root/sim/music/out/尾崎豊/壊れた扉から/06_Freeze_Moon.mp3; [-589.552     , 101.06852   , -10.678089  ,  20.806055  ,   4.3171945 ,   11.056115  ,   7.679996  ,   9.792223  ,  -1.3427155 ,  -0.8944607 ,   -1.4399092 ,  -2.2774346 ,   0.38130388]; [[12881.86817367, -294.25666639, -713.03848318,  -37.61292666,   -104.32891365,  169.5407827 ,  157.50200605,  221.59488238,    -30.99067378,   60.61869974,   76.36099876,   10.09618177,     26.67423075], [ -294.25666639,  889.76306093, -163.37788418,   76.30659422,      1.36715179,   27.15371739,   81.00402748,   81.1716612 ,     33.02217959,   24.32241597,   44.63143936,   38.9040116 ,     14.72690534], [ -713.03848318, -163.37788418,  710.36678903,   75.29599506,     53.44580592,  -12.83951964,   -4.91563011,  -34.97590042,     32.993774  ,  -28.99132202,   -4.55173504,   37.41799658,     12.76999892], [  -37.61292666,   76.30659422,   75.29599506,  488.66311136,    172.79487485,  116.70970871,  -24.02661027,    7.5284403 ,    101.73728101,   21.99079174,   -0.03350478,   24.17104918,     34.20244555], [ -104.32891365,    1.36715179,   53.44580592,  172.79487485,    272.13921266,   79.44654889,    0.98773163,    6.96980471,     76.92442202,   27.44681738,    2.68128957,   22.92993158,     32.52558368], [  169.5407827 ,   27.15371739,  -12.83951964,  116.70970871,     79.44654889,  181.52232802,   93.03354244,   37.80258268,     42.36488005,   12.33657321,   25.35291054,   26.29381343,      6.39661051], [  157.50200605,   81.00402748,   -4.91563011,  -24.02661027,      0.98773163,   93.03354244,  245.42594093,   87.73754199,     17.93067573,   25.45723654,   43.92611068,   36.47116387,    -10.83173884], [  221.59488238,   81.1716612 ,  -34.97590042,    7.5284403 ,      6.96980471,   37.80258268,   87.73754199,  141.83402293,     28.8209157 ,   29.83138633,   29.49247557,   15.79325958,     14.95216975], [  -30.99067378,   33.02217959,   32.993774  ,  101.73728101,     76.92442202,   42.36488005,   17.93067573,   28.8209157 ,    129.83012229,   42.15599346,   18.25287941,   24.14570379,      9.29575625], [   60.61869974,   24.32241597,  -28.99132202,   21.99079174,     27.44681738,   12.33657321,   25.45723654,   29.83138633,     42.15599346,  102.92562655,   41.39165941,   13.43316079,     -5.9816914 ], [   76.36099876,   44.63143936,   -4.55173504,   -0.03350478,      2.68128957,   25.35291054,   43.92611068,   29.49247557,     18.25287941,   41.39165941,   90.0666568 ,   45.0870053 ,      4.88598451], [   10.09618177,   38.9040116 ,   37.41799658,   24.17104918,     22.92993158,   26.29381343,   36.47116387,   15.79325958,     24.14570379,   13.43316079,   45.0870053 ,   98.0345031 ,     36.92463363], [   26.67423075,   14.72690534,   12.76999892,   34.20244555,     32.52558368,    6.39661051,  -10.83173884,   14.95216975,      9.29575625,   -5.9816914 ,    4.88598451,   36.92463363,     79.85389641]]
/root/sim/music/out/尾崎豊/壊れた扉から/02_失くした1_2.mp3; [-601.531     , 111.63138   ,  -9.414385  ,  23.492422  ,  -0.51611084,   11.332765  ,  12.369216  ,  12.126691  ,  -0.819927  ,   3.4877572 ,   -0.7906407 ,   0.790731  ,  -1.4644965 ]; [[10012.30392004,  264.93694017,  -11.73487284,   42.16621491,    -52.11072716,  -44.82496839,  -28.83685597,  -16.79611657,     -4.85457717,   12.77958138,  -65.07883131, -125.71585447,   -125.53760769], [  264.93694017,  866.08877821, -164.29198804,  -78.61651101,     -0.3919208 ,   17.53664373,   91.59770166,   99.10862392,    -13.97875925,   72.19437848,   61.47694408,   37.62704577,     39.81709306], [  -11.73487284, -164.29198804,  564.47560826,  106.26364912,     90.88330303,   31.95956539,   12.22810925,   21.27585294,     30.82643975,  -40.93265471,   -1.06473284,  -24.25868371,      3.03375499], [   42.16621491,  -78.61651101,  106.26364912,  400.54813698,    124.48305936,   62.15849961,  -39.65570568,    5.88271318,     51.0833847 ,  -16.86962831,  -16.60640701,    5.72380028,     17.43629179], [  -52.11072716,   -0.3919208 ,   90.88330303,  124.48305936,    248.26939114,   17.95748748,  -41.11986121,    3.09672152,     38.23937408,    4.49667541,  -14.17859098,  -20.00827337,     20.5855391 ], [  -44.82496839,   17.53664373,   31.95956539,   62.15849961,     17.95748748,  177.27768137,   75.1172181 ,   19.35576515,     34.89395503,   12.70696949,   28.76437993,   18.91812841,    -24.47932295], [  -28.83685597,   91.59770166,   12.22810925,  -39.65570568,    -41.11986121,   75.1172181 ,  218.148547  ,   81.17248221,     -1.01715026,   23.90467729,   34.01711809,   17.16593964,     -4.63724846], [  -16.79611657,   99.10862392,   21.27585294,    5.88271318,      3.09672152,   19.35576515,   81.17248221,  117.36012591,     34.38982613,   22.56756775,   11.57862238,    9.83873686,     11.03304497], [   -4.85457717,  -13.97875925,   30.82643975,   51.0833847 ,     38.23937408,   34.89395503,   -1.01715026,   34.38982613,    128.90407239,   52.73016412,   13.78210715,   12.86600418,     -0.98979399], [   12.77958138,   72.19437848,  -40.93265471,  -16.86962831,      4.49667541,   12.70696949,   23.90467729,   22.56756775,     52.73016412,  119.87524296,   43.82292648,   21.33221637,      6.83766807], [  -65.07883131,   61.47694408,   -1.06473284,  -16.60640701,    -14.17859098,   28.76437993,   34.01711809,   11.57862238,     13.78210715,   43.82292648,   83.89106834,   40.81374234,      2.07265058], [ -125.71585447,   37.62704577,  -24.25868371,    5.72380028,    -20.00827337,   18.91812841,   17.16593964,    9.83873686,     12.86600418,   21.33221637,   40.81374234,   95.18042964,     36.82895657], [ -125.53760769,   39.81709306,    3.03375499,   17.43629179,     20.5855391 ,  -24.47932295,   -4.63724846,   11.03304497,     -0.98979399,    6.83766807,    2.07265058,   36.82895657,     93.29105932]]
/root/sim/music/out/尾崎豊/壊れた扉から/05_米軍キャンプ.mp3; [-732.6704    , 158.37726   ,  -0.96667826,  26.254278  ,   7.236857  ,    0.6136322 ,   3.330181  ,   7.6113434 ,  -6.028817  ,   2.6599667 ,    1.123782  ,  -4.2984176 ,   0.6774184 ]; [[13761.88007131,-1377.78803288,-1047.99743633, -436.70935352,   -642.40785393, -220.71559057,  144.85090456,  133.98563071,   -428.10320128,  171.76261207,   44.5994191 , -278.48843444,    -52.5643371 ], [-1377.78803288, 1976.46942363,   62.53668008,  142.44523301,    179.61922912,   27.36730391,  -29.99653264,   64.26759776,     73.61781031,   31.87671668,  -19.81456781,   33.48443965,     14.05097915], [-1047.99743633,   62.53668008,  725.32419529,  124.56686389,    175.41277787,   35.66016662,   17.35253944,    2.70667358,     52.70235638,  -52.71757086,   23.45799737,   26.05488905,     62.1972662 ], [ -436.70935352,  142.44523301,  124.56686389,  385.66855637,    193.33001229,   90.3521049 ,  -31.32582979,    9.18875254,     74.18712143,  -27.53464281,  -38.98718445,   18.25580195,     27.53322022], [ -642.40785393,  179.61922912,  175.41277787,  193.33001229,    365.3000408 ,   60.18519124,  -50.39355288,   -0.6922531 ,    100.53029695,   -6.85311004,    8.84717416,   -7.18686427,     47.32515123], [ -220.71559057,   27.36730391,   35.66016662,   90.3521049 ,     60.18519124,  190.95989658,   34.23519485,   -7.87581247,     56.76208246,   -3.54207968,    2.18327841,   40.98086135,    -20.31324312], [  144.85090456,  -29.99653264,   17.35253944,  -31.32582979,    -50.39355288,   34.23519485,  220.07979747,   68.88251736,    -21.72491495,   42.51530299,   22.15474113,   32.40153548,    -17.34712275], [  133.98563071,   64.26759776,    2.70667358,    9.18875254,     -0.6922531 ,   -7.87581247,   68.88251736,  151.93302669,     -5.31614089,   41.08342229,   35.87264998,    1.48345573,     24.6201652 ], [ -428.10320128,   73.61781031,   52.70235638,   74.18712143,    100.53029695,   56.76208246,  -21.72491495,   -5.31614089,    146.12525695,   17.29934003,   -1.85063981,   31.28046245,     -0.35409186], [  171.76261207,   31.87671668,  -52.71757086,  -27.53464281,     -6.85311004,   -3.54207968,   42.51530299,   41.08342229,     17.29934003,  139.34287813,   44.69652178,   15.22877303,     -3.32186128], [   44.5994191 ,  -19.81456781,   23.45799737,  -38.98718445,      8.84717416,    2.18327841,   22.15474113,   35.87264998,     -1.85063981,   44.69652178,  109.24700465,   15.49496396,     18.39855404], [ -278.48843444,   33.48443965,   26.05488905,   18.25580195,     -7.18686427,   40.98086135,   32.40153548,    1.48345573,     31.28046245,   15.22877303,   15.49496396,  116.55491093,      5.76305124], [  -52.5643371 ,   14.05097915,   62.1972662 ,   27.53322022,     47.32515123,  -20.31324312,  -17.34712275,   24.6201652 ,     -0.35409186,   -3.32186128,   18.39855404,    5.76305124,     99.50364607]]
/root/sim/music/out/尾崎豊/壊れた扉から/04_彼.mp3; [-621.0244    , 130.30656   , -12.315943  ,  19.70874   ,  -8.165214  ,    6.8094797 ,  -1.7775328 ,   4.4697514 ,  -4.1719375 ,  -0.26149768,   -0.98667586,  -0.43451235,  -2.3786106 ]; [[20803.55291701,  959.66353746, -284.76525848,   70.15763902,     34.90140651,  171.05096202,   61.07910125,  148.83157889,   -235.04695336,  170.68337106,  111.93057968,   87.61455434,    -57.04337762], [  959.66353746, 1342.81218974, -159.25542859,  109.89745867,    -93.87457083,   32.62491446,   39.28904435,    6.42366607,    -45.98810967,   17.14991047,   60.37898402,   58.59821901,     36.86675031], [ -284.76525848, -159.25542859, 1206.65099742,  126.40246597,    240.67065734,   26.09349988,   62.9066263 ,  -55.1708378 ,    -57.24335216,  -42.62240078,   19.13674261,   76.55984761,    142.08598218], [   70.15763902,  109.89745867,  126.40246597,  370.14418076,     70.65917584,   74.81683317,  -66.93949738,    8.63259163,     67.22040964,    1.86651553,  -48.10471272,  -37.33733835,      7.94922892], [   34.90140651,  -93.87457083,  240.67065734,   70.65917584,    285.21203698,   36.73604662,   -0.92571538,   -9.64830436,     40.6963406 ,   13.28477266,    3.24584955,   20.00401859,     50.6120597 ], [  171.05096202,   32.62491446,   26.09349988,   74.81683317,     36.73604662,  161.99705362,   49.01288001,   15.79737046,     36.09289479,   20.44454927,  -13.86582117,  -15.51265451,     -7.245452  ], [   61.07910125,   39.28904435,   62.9066263 ,  -66.93949738,     -0.92571538,   49.01288001,  230.90303449,   50.30556324,    -16.95475817,   14.59923461,   33.42537191,   26.32171596,      3.35233828], [  148.83157889,    6.42366607,  -55.1708378 ,    8.63259163,     -9.64830436,   15.79737046,   50.30556324,  125.23631037,      7.8278686 ,    5.87100965,   -9.00433784,  -10.3729901 ,    -16.15094716], [ -235.04695336,  -45.98810967,  -57.24335216,   67.22040964,     40.6963406 ,   36.09289479,  -16.95475817,    7.8278686 ,    161.06518621,   24.43529871,  -24.88599843,  -38.45888204,    -10.81810389], [  170.68337106,   17.14991047,  -42.62240078,    1.86651553,     13.28477266,   20.44454927,   14.59923461,    5.87100965,     24.43529871,   92.38309581,   32.87913115,    2.1817747 ,    -12.22794035], [  111.93057968,   60.37898402,   19.13674261,  -48.10471272,      3.24584955,  -13.86582117,   33.42537191,   -9.00433784,    -24.88599843,   32.87913115,  113.0730369 ,   58.10202806,      7.94329242], [   87.61455434,   58.59821901,   76.55984761,  -37.33733835,     20.00401859,  -15.51265451,   26.32171596,  -10.3729901 ,    -38.45888204,    2.1817747 ,   58.10202806,  118.52540163,     54.70728705], [  -57.04337762,   36.86675031,  142.08598218,    7.94922892,     50.6120597 ,   -7.245452  ,    3.35233828,  -16.15094716,    -10.81810389,  -12.22794035,    7.94329242,   54.70728705,    111.41930275]]
/root/sim/music/out/尾崎豊/壊れた扉から/01_路上のルール.mp3; [-548.4606   , 103.77855  , -16.209108 ,  32.95689  ,   4.9301643,    6.7798953,   3.1436238,   6.552189 ,  -2.5134075,  -2.1521428,   -2.0925329,  -2.2386565,  -3.3309042]; [[6617.12561439, -39.40718827,-285.06000432,  11.34204167,-109.40753947,    33.96737286,  53.33144909,  77.48631607, -54.33358058, -42.32649039,   -35.69079758, -37.09473772, -87.22826948], [ -39.40718827, 529.83945394, -85.64544901,   9.90017558, -17.4098385 ,   -14.72658156,  28.56413557,  28.17431065,  12.96010068,  37.15518957,    33.05473687,  39.18985609,  40.66842884], [-285.06000432, -85.64544901, 322.71532323,  97.46038315,  61.48304422,   -23.04933029, -37.32590355, -22.94876897,  22.26963172,  -1.59977625,    -2.56006116,  -1.12519555,  12.30751422], [  11.34204167,   9.90017558,  97.46038315, 241.62372128,  70.44060274,    23.27189301, -35.52670741, -11.71700314,  33.76486933,   9.63301109,     0.70049583,   0.46968509,   6.40516268], [-109.40753947, -17.4098385 ,  61.48304422,  70.44060274, 134.94880197,    29.58647945, -18.60736357, -13.55152948,  27.74486779,  13.04824195,     8.50520988,   2.07465038,  11.1184491 ], [  33.96737286, -14.72658156, -23.04933029,  23.27189301,  29.58647945,   114.35778853,  45.35805684,  11.1034068 ,   8.30617724,  -7.13897899,     6.20823326,   7.26045406,  -5.71071122], [  53.33144909,  28.56413557, -37.32590355, -35.52670741, -18.60736357,    45.35805684, 142.96092252,  50.73341087,  -1.41736249,   2.4453347 ,    14.15583957,  14.1072588 ,  -3.55985663], [  77.48631607,  28.17431065, -22.94876897, -11.71700314, -13.55152948,    11.1034068 ,  50.73341087,  83.66565986,  16.46644816,  13.39041446,     9.61047778,   8.50739518,   6.73003399], [ -54.33358058,  12.96010068,  22.26963172,  33.76486933,  27.74486779,     8.30617724,  -1.41736249,  16.46644816,  75.70985518,  30.93322815,     5.65866725,   2.91767737,   2.38007475], [ -42.32649039,  37.15518957,  -1.59977625,   9.63301109,  13.04824195,    -7.13897899,   2.4453347 ,  13.39041446,  30.93322815,  78.04364342,    26.09160589,   6.66906404,   4.00192122], [ -35.69079758,  33.05473687,  -2.56006116,   0.70049583,   8.50520988,     6.20823326,  14.15583957,   9.61047778,   5.65866725,  26.09160589,    65.22310112,  26.15909648,   3.4427173 ], [ -37.09473772,  39.18985609,  -1.12519555,   0.46968509,   2.07465038,     7.26045406,  14.1072588 ,   8.50739518,   2.91767737,   6.66906404,    26.15909648,  60.89204931,  23.50506151], [ -87.22826948,  40.66842884,  12.30751422,   6.40516268,  11.1184491 ,    -5.71071122,  -3.55985663,   6.73003399,   2.38007475,   4.00192122,     3.4427173 ,  23.50506151,  71.75419009]]
/root/sim/music/out/尾崎豊/壊れた扉から/09_誰かのクラクション.mp3; [-624.27856   , 130.02498   ,  -2.230602  ,  28.015936  ,  -1.9952407 ,    4.722562  ,   0.34312034,   4.0486073 ,  -5.382825  ,  -0.2200094 ,   -1.7103657 ,  -0.42066777,   0.61543053]; [[8640.98598743,-552.96404844,-173.49615375, -26.4174026 ,  23.23572201,    85.32420904, 132.22967402,  71.74684008, -55.9948985 ,  52.38615447,     6.06040066,  -5.51504114, -23.25256841], [-552.96404844,1550.14808884,-143.34888888, -52.40281522, -23.76582412,   -22.4526721 ,  71.46271842, 120.62142307, -28.61967193,  93.32526125,    69.54923236,  66.97339612,  86.30199317], [-173.49615375,-143.34888888, 636.06847839,  89.17021773,  92.99491729,    64.26251118,  19.55994959,  26.88648124,  62.63485136, -25.72915954,     0.94972637,  22.09195705,  41.67260608], [ -26.4174026 , -52.40281522,  89.17021773, 470.6322594 , 156.17899354,   119.7671318 , -12.16451826,  24.29329082, 119.40946651, -16.57505543,    -6.95088543,   8.31718645,  12.9374217 ], [  23.23572201, -23.76582412,  92.99491729, 156.17899354, 311.64061001,    91.174668  ,   1.34670422,  25.8851722 ,  92.37414163,  15.34292075,    23.25067074,  25.45374778,  34.49338112], [  85.32420904, -22.4526721 ,  64.26251118, 119.7671318 ,  91.174668  ,   188.86583191,  67.29953668,  25.60607786,  62.22667059,  10.34103523,    17.49508829,  26.48284324,  -0.55527337], [ 132.22967402,  71.46271842,  19.55994959, -12.16451826,   1.34670422,    67.29953668, 224.07251428,  84.18511536,  19.59067956,  45.63177178,    42.94292434,  26.29147855,   4.36801836], [  71.74684008, 120.62142307,  26.88648124,  24.29329082,  25.8851722 ,    25.60607786,  84.18511536, 135.78880926,  28.35969528,  33.41438883,    31.33283043,  16.25908655,  27.48699585], [ -55.9948985 , -28.61967193,  62.63485136, 119.40946651,  92.37414163,    62.22667059,  19.59067956,  28.35969528, 152.57428043,  22.86202554,    13.80947536,  26.05944677,  12.8370186 ], [  52.38615447,  93.32526125, -25.72915954, -16.57505543,  15.34292075,    10.34103523,  45.63177178,  33.41438883,  22.86202554, 115.17237224,    46.883139  ,  12.90769578,   1.14383683], [   6.06040066,  69.54923236,   0.94972637,  -6.95088543,  23.25067074,    17.49508829,  42.94292434,  31.33283043,  13.80947536,  46.883139  ,    90.09634747,  31.22148337,   9.75845566], [  -5.51504114,  66.97339612,  22.09195705,   8.31718645,  25.45374778,    26.48284324,  26.29147855,  16.25908655,  26.05944677,  12.90769578,    31.22148337,  85.35597588,  37.37620347], [ -23.25256841,  86.30199317,  41.67260608,  12.9374217 ,  34.49338112,    -0.55527337,   4.36801836,  27.48699585,  12.8370186 ,   1.14383683,     9.75845566,  37.37620347,  90.00144631]]
/root/sim/music/out/尾崎豊/誕生_[Disc_1]/1-05_RED_SHOES_STORY.mp3; [-570.94635  ,  95.858055 , -17.285238 ,  21.981375 ,   9.766511 ,    5.279625 ,   2.831006 ,   7.5622983,  -3.6650105,  -1.2214637,   -4.025828 ,  -4.6583214,  -3.2037904]; [[8158.87691419, -40.19023006,-182.89083747, -25.36896259,-100.84575972,   -89.50384397, -53.30596617, -27.95437136, -12.16336956,  16.73455876,   -11.40788131,  -0.31387461,   2.48272526], [ -40.19023006, 600.37053881,-152.29561309,  56.3042131 ,  10.03778064,     0.3042821 ,  45.22346775,  51.62214322, -26.86543666,  12.6879877 ,    22.45505229,  14.35689337,  -8.36574265], [-182.89083747,-152.29561309, 568.19295119,  14.05750521,  68.59276017,    30.35393102, -68.16566039, -40.46281415, -26.23701582, -72.7524701 ,    -5.71885798,  -8.6645423 ,  -9.94713333], [ -25.36896259,  56.3042131 ,  14.05750521, 149.62888246,  47.32451279,    17.53331634,  -6.22567206,   5.66892676,  12.80310133,   0.89351671,   -10.63511251,  -1.32635685,  14.51718916], [-100.84575972,  10.03778064,  68.59276017,  47.32451279, 125.91270043,    30.86602971,  -7.03429356,  -5.7228392 ,   7.99853532,  -5.44132014,    -5.22925387, -11.05227874,   4.43296276], [ -89.50384397,   0.3042821 ,  30.35393102,  17.53331634,  30.86602971,    91.17865674,  35.1047676 ,   5.77891616,   5.35340369,  -1.3961483 ,    -5.55284528,   1.44340509,   3.2749841 ], [ -53.30596617,  45.22346775, -68.16566039,  -6.22567206,  -7.03429356,    35.1047676 , 139.9054111 ,  51.2779936 ,   0.30699333,  15.59239441,     8.19104875,  11.54019952,  -4.15127173], [ -27.95437136,  51.62214322, -40.46281415,   5.66892676,  -5.7228392 ,     5.77891616,  51.2779936 ,  90.62133322,  14.87243235,  10.95010963,    10.32042729,   6.80029778,  -4.74775674], [ -12.16336956, -26.86543666, -26.23701582,  12.80310133,   7.99853532,     5.35340369,   0.30699333,  14.87243235,  93.8509875 ,  25.89265159,    -6.1689308 ,  -0.04097868,  -1.77037577], [  16.73455876,  12.6879877 , -72.7524701 ,   0.89351671,  -5.44132014,    -1.3961483 ,  15.59239441,  10.95010963,  25.89265159,  84.90701104,    19.47517941,   7.26842561,   4.07001599], [ -11.40788131,  22.45505229,  -5.71885798, -10.63511251,  -5.22925387,    -5.55284528,   8.19104875,  10.32042729,  -6.1689308 ,  19.47517941,    62.61316578,  20.07295985,  -2.38200805], [  -0.31387461,  14.35689337,  -8.6645423 ,  -1.32635685, -11.05227874,     1.44340509,  11.54019952,   6.80029778,  -0.04097868,   7.26842561,    20.07295985,  62.28573821,  19.09535417], [   2.48272526,  -8.36574265,  -9.94713333,  14.51718916,   4.43296276,     3.2749841 ,  -4.15127173,  -4.74775674,  -1.77037577,   4.07001599,    -2.38200805,  19.09535417,  61.68929097]]
/root/sim/music/out/尾崎豊/誕生_[Disc_1]/1-04_ロザーナ.mp3; [-596.2672    ,  89.179245  ,   3.6007137 ,  23.451044  ,   7.0820475 ,   10.274135  ,   1.1873221 ,   2.0083356 ,  -6.2296867 ,   0.2535769 ,    2.618689  ,   0.23117208,  -1.8330002 ]; [[9796.81326544, 218.12839974,   0.30324503, -13.81915278, -46.65462526,    44.65920995,   9.48433076,   1.34605297, -45.33013436,  44.55115494,    59.3249397 , -25.22466328, -58.60824713], [ 218.12839974, 568.77870803, -92.53692187, 105.69592159,   3.1808805 ,    25.20235813,  57.87118083,  51.89014129,  -3.29826537,  28.27911681,    39.72740102,  28.94628084,  13.71377722], [   0.30324503, -92.53692187, 380.27895731,  62.48376559,  48.47172088,    17.4795164 ,  11.62302538,  24.36631661,  31.84434   , -19.29372232,     0.6070471 ,   1.8965211 ,  16.34800237], [ -13.81915278, 105.69592159,  62.48376559, 213.55463149,  75.59495937,    26.09090121,  -4.09622606,  32.15801236,  31.72295109,   0.35839196,    -3.37140085,  -4.80926671,  23.2916323 ], [ -46.65462526,   3.1808805 ,  48.47172088,  75.59495937, 159.71142214,    46.54547271,   0.62093025,  11.56355591,  40.71581483,   9.73333858,     5.06875066,  -1.72179661,  18.66428762], [  44.65920995,  25.20235813,  17.4795164 ,  26.09090121,  46.54547271,   108.73645206,  46.29045907,  10.06858271,  18.71021744,   6.91614212,     4.62799152,   8.26480577,   1.0791753 ], [   9.48433076,  57.87118083,  11.62302538,  -4.09622606,   0.62093025,    46.29045907, 147.89387309,  40.24668238,  -2.7955092 ,  24.11817306,    23.07611168,  19.07568073,  -2.35725321], [   1.34605297,  51.89014129,  24.36631661,  32.15801236,  11.56355591,    10.06858271,  40.24668238,  92.72085861,  12.51498573,  12.740236  ,    16.34276865,   2.20382907,   9.25355216], [ -45.33013436,  -3.29826537,  31.84434   ,  31.72295109,  40.71581483,    18.71021744,  -2.7955092 ,  12.51498573,  96.06564923,  17.68878897,    -6.52241731,   0.73910445,   6.25029896], [  44.55115494,  28.27911681, -19.29372232,   0.35839196,   9.73333858,     6.91614212,  24.11817306,  12.740236  ,  17.68878897,  90.63901227,    31.30544001,  -0.02066717, -17.32180322], [  59.3249397 ,  39.72740102,   0.6070471 ,  -3.37140085,   5.06875066,     4.62799152,  23.07611168,  16.34276865,  -6.52241731,  31.30544001,    74.09070392,  17.49778253,  -5.18547158], [ -25.22466328,  28.94628084,   1.8965211 ,  -4.80926671,  -1.72179661,     8.26480577,  19.07568073,   2.20382907,   0.73910445,  -0.02066717,    17.49778253,  71.8465942 ,  25.4473815 ], [ -58.60824713,  13.71377722,  16.34800237,  23.2916323 ,  18.66428762,     1.0791753 ,  -2.35725321,   9.25355216,   6.25029896, -17.32180322,    -5.18547158,  25.4473815 ,  71.53847343]]
/root/sim/music/out/尾崎豊/誕生_[Disc_1]/1-09_COOKIE.mp3; [-606.5883    ,  98.89035   ,  -9.190074  ,  14.166737  ,  -0.30380505,    7.141645  ,  -4.204601  ,   6.4202538 ,  -8.001273  ,   0.9725884 ,   -0.12411851,  -3.3203125 ,   0.61500275]; [[9399.2255353 ,  49.82173226, -29.78179316,  79.50110811,  48.2187257 ,    88.76667239,  43.07545419,  98.4604159 ,  62.73782281,  79.28098675,     0.39781241, -56.1951882 , -40.80584873], [  49.82173226, 798.62613168,-236.10388656,  75.60290578,  -9.03138888,    29.95155625,  42.19774102,  87.87329763, -22.4328763 ,  63.38818362,    50.92746313,  12.71722382,  25.08936129], [ -29.78179316,-236.10388656, 497.50972391,  68.82180007,  89.39103261,    84.32134463,  71.20001104, -13.43394445,  39.83812423, -45.09840984,     0.40755399,  32.41621782,  23.73443412], [  79.50110811,  75.60290578,  68.82180007, 221.95401986,  82.61323574,    61.97340445,   6.67916871,  17.27161029,  53.33249229,  -0.45555222,     0.72481565,  39.52788502,  29.97194931], [  48.2187257 ,  -9.03138888,  89.39103261,  82.61323574, 166.46498884,    49.05521938,   4.47167352,   9.22915349,  48.93517663,  -3.46305479,     5.04097232,   2.99867591,  21.9636391 ], [  88.76667239,  29.95155625,  84.32134463,  61.97340445,  49.05521938,   168.67396204,  83.41464219,  14.59145234,  40.90912878,   1.24563076,     5.98356883,  21.87864594,   6.43401748], [  43.07545419,  42.19774102,  71.20001104,   6.67916871,   4.47167352,    83.41464219, 213.97754556,  63.78589251,  13.0101611 ,  32.60537768,    33.06062997,   6.60257791,  -4.68074896], [  98.4604159 ,  87.87329763, -13.43394445,  17.27161029,   9.22915349,    14.59145234,  63.78589251, 122.19478989,  26.39861677,  39.16853686,    23.65242961,  -2.58704665,  11.79752906], [  62.73782281, -22.4328763 ,  39.83812423,  53.33249229,  48.93517663,    40.90912878,  13.0101611 ,  26.39861677, 132.28412645,  37.17005143,     5.6153996 ,  27.36171701,  12.82364106], [  79.28098675,  63.38818362, -45.09840984,  -0.45555222,  -3.46305479,     1.24563076,  32.60537768,  39.16853686,  37.17005143, 110.82550607,    44.57970824,  13.15149897,  -3.86562095], [   0.39781241,  50.92746313,   0.40755399,   0.72481565,   5.04097232,     5.98356883,  33.06062997,  23.65242961,   5.6153996 ,  44.57970824,    72.84221819,  25.75151044,  -0.59458245], [ -56.1951882 ,  12.71722382,  32.41621782,  39.52788502,   2.99867591,    21.87864594,   6.60257791,  -2.58704665,  27.36171701,  13.15149897,    25.75151044,  90.64779631,  28.66507156], [ -40.80584873,  25.08936129,  23.73443412,  29.97194931,  21.9636391 ,     6.43401748,  -4.68074896,  11.79752906,  12.82364106,  -3.86562095,    -0.59458245,  28.66507156,  66.36555826]]
/root/sim/music/out/尾崎豊/誕生_[Disc_1]/1-08_置き去りの愛.mp3; [-680.3245    , 138.25314   ,  -2.8961523 ,  29.759428  ,   7.9257445 ,   -0.40440628,  -3.890308  ,   5.5942893 ,  -5.852955  ,   2.4539769 ,    3.0762506 ,   0.57110864,   0.7589131 ]; [[13999.68878845,  161.47201798, -238.2687107 ,  -61.94104644,   -215.35995429,   63.88664276,   12.82069089,  179.50082313,   -284.85397999, -104.35101329,   10.27777861, -128.73932882,     44.17221396], [  161.47201798, 1312.06956579, -279.11743487,  204.77183492,      4.53457492,  -51.56925348,  -33.63685757,  -17.92156998,    -54.00068254,   20.6527541 ,   -0.6556558 ,   49.98335003,     30.77371604], [ -238.2687107 , -279.11743487,  848.37541398, -159.48609214,    109.70833459,  171.87797511,    1.21841664,   14.1439175 ,    -39.82473291,  -73.50770029,   60.14514025,  -79.18986264,    -15.98870521], [  -61.94104644,  204.77183492, -159.48609214,  339.36707277,     38.6273557 ,  -12.0319499 ,  -28.75846566,  -49.20486302,     55.68557281,  -13.31038241,  -46.86791502,   58.69400307,     21.97534814], [ -215.35995429,    4.53457492,  109.70833459,   38.6273557 ,    193.87760902,   51.47986464,  -14.35338706,  -33.47991068,     37.34873701,  -19.08672649,   -7.82821876,    8.75712861,     -3.5949633 ], [   63.88664276,  -51.56925348,  171.87797511,  -12.0319499 ,     51.47986464,  181.47463604,   29.52176491,  -14.37428788,     -1.32438607,  -50.09185302,   -1.77224845,  -18.5452047 ,    -10.01435805], [   12.82069089,  -33.63685757,    1.21841664,  -28.75846566,    -14.35338706,   29.52176491,  185.71599474,   56.54035705,     -8.85661089,   25.03796568,   -8.33450645,   -1.8184326 ,     -8.53318691], [  179.50082313,  -17.92156998,   14.1439175 ,  -49.20486302,    -33.47991068,  -14.37428788,   56.54035705,  160.75150372,    -11.57913611,   26.34558624,   28.20718728,  -30.82328812,      5.20322243], [ -284.85397999,  -54.00068254,  -39.82473291,   55.68557281,     37.34873701,   -1.32438607,   -8.85661089,  -11.57913611,    162.69282131,   26.23503906,  -40.87605126,   18.38217781,     -7.83983   ], [ -104.35101329,   20.6527541 ,  -73.50770029,  -13.31038241,    -19.08672649,  -50.09185302,   25.03796568,   26.34558624,     26.23503906,  162.71082105,   51.35477121,   15.74838284,    -19.82987801], [   10.27777861,   -0.6556558 ,   60.14514025,  -46.86791502,     -7.82821876,   -1.77224845,   -8.33450645,   28.20718728,    -40.87605126,   51.35477121,  129.49829305,    2.37111621,     -7.50553978], [ -128.73932882,   49.98335003,  -79.18986264,   58.69400307,      8.75712861,  -18.5452047 ,   -1.8184326 ,  -30.82328812,     18.38217781,   15.74838284,    2.37111621,  107.98141027,     25.86966647], [   44.17221396,   30.77371604,  -15.98870521,   21.97534814,     -3.5949633 ,  -10.01435805,   -8.53318691,    5.20322243,     -7.83983   ,  -19.82987801,   -7.50553978,   25.86966647,     82.9019288 ]]
/root/sim/music/out/尾崎豊/誕生_[Disc_1]/1-01_LOVE_WAY.mp3; [-569.6775    ,  97.695114  ,   0.9464252 ,  28.55556   ,  12.428749  ,    0.88440037,   2.7275276 ,   9.9507065 ,  -2.757452  ,  -1.3224149 ,   -0.25539994,  -0.466553  ,  -2.8906653 ]; [[9340.01334407, -51.31362213,  83.57198121,-146.54291602,-120.09931126,    28.71816983, -87.26496273, -44.97532175,-101.35913076,   5.80781707,    19.10704444, -51.9455205 , -57.12618255], [ -51.31362213, 660.22668323,-193.92867147,  71.50091696,  53.3683708 ,   -37.62991476,  45.70081319,  46.48317921, -32.22064706,  15.53456297,    24.2185949 ,  20.86902085,  21.03101575], [  83.57198121,-193.92867147, 413.8163716 ,   7.48581236,  30.82813972,    36.15146863, -48.1239898 , -24.93683252,  12.67427173, -15.34946437,    -4.25701222,  -3.13078927,  -2.99860702], [-146.54291602,  71.50091696,   7.48581236, 219.14530193,  48.94965507,     6.27433969,  -1.52508457,  10.94301054,  42.75538839,   5.77351497,    -2.2185152 ,  14.99481896,  19.71088481], [-120.09931126,  53.3683708 ,  30.82813972,  48.94965507, 143.03043366,     1.27664137, -12.40742579,  -4.02215484,  21.51658692,   6.93573153,    -2.66642086,  -3.70317957,  -4.40051556], [  28.71816983, -37.62991476,  36.15146863,   6.27433969,   1.27664137,    97.80448252,  33.4911101 ,   0.70219294,   4.96362991,   2.76358423,     2.30017442,  -2.52450822,  -3.44606244], [ -87.26496273,  45.70081319, -48.1239898 ,  -1.52508457, -12.40742579,    33.4911101 , 127.0087964 ,  39.31365501,  -1.29091974,   9.15741876,     7.2706185 ,   9.2949915 ,   7.00453767], [ -44.97532175,  46.48317921, -24.93683252,  10.94301054,  -4.02215484,     0.70219294,  39.31365501,  81.5597379 ,  18.99488539,   6.47311822,     3.80347172,   3.62681135,   6.81672914], [-101.35913076, -32.22064706,  12.67427173,  42.75538839,  21.51658692,     4.96362991,  -1.29091974,  18.99488539,  89.01881714,  22.37381831,    -3.15556698,   4.32021856,  -7.32747471], [   5.80781707,  15.53456297, -15.34946437,   5.77351497,   6.93573153,     2.76358423,   9.15741876,   6.47311822,  22.37381831,  77.26289415,    26.40721586,   2.25005426,  -4.82828942], [  19.10704444,  24.2185949 ,  -4.25701222,  -2.2185152 ,  -2.66642086,     2.30017442,   7.2706185 ,   3.80347172,  -3.15556698,  26.40721586,    58.08838218,  19.95571271,   0.16453843], [ -51.9455205 ,  20.86902085,  -3.13078927,  14.99481896,  -3.70317957,    -2.52450822,   9.2949915 ,   3.62681135,   4.32021856,   2.25005426,    19.95571271,  66.86737616,  25.98343206], [ -57.12618255,  21.03101575,  -2.99860702,  19.71088481,  -4.40051556,    -3.44606244,   7.00453767,   6.81672914,  -7.32747471,  -4.82828942,     0.16453843,  25.98343206,  62.3635515 ]]
/root/sim/music/out/尾崎豊/誕生_[Disc_1]/1-03_黄昏ゆく街で.mp3; [-645.8128    , 124.45945   ,   5.010465  ,  18.295238  ,   4.8571243 ,   -2.2937322 ,  -6.548268  ,  -2.5614686 , -12.159368  ,  -0.8792631 ,    0.63731617,  -3.688263  ,  -0.98378754]; [[14208.55891141, -827.39220546,  -84.01412691, -122.77315743,     23.04241932, -144.23103548, -126.12480321,  200.48906488,    -97.04089756,  108.5234536 ,   39.19174869,  -74.79612711,      2.46432422], [ -827.39220546, 1549.06141424, -345.66134857,  219.74961302,     -7.36204786,   70.51596836,   72.05706658,    2.22322964,    -13.67548252,   43.73153647,   32.39209749,   57.24755224,     12.65827571], [  -84.01412691, -345.66134857,  609.92998077,  -33.29484149,     97.55610772,   81.51560595,   30.93819735,   15.83338992,     56.70662355,  -34.48665615,  -24.13256186,    9.7783654 ,     14.82301531], [ -122.77315743,  219.74961302,  -33.29484149,  285.49264706,     38.79077595,   40.17694474,   24.58600605,    1.0150608 ,     42.48702348,    1.80342176,    1.88002652,   14.39679622,     21.58291639], [   23.04241932,   -7.36204786,   97.55610772,   38.79077595,    174.9273828 ,   38.28844724,   11.88964333,   16.08944455,     36.96715692,    2.31632385,    7.87512037,    5.06864849,     19.44138998], [ -144.23103548,   70.51596836,   81.51560595,   40.17694474,     38.28844724,  153.69923478,   56.14232179,   10.66379987,     55.38400098,    8.25785633,   -5.28502315,   32.70646703,      6.90408792], [ -126.12480321,   72.05706658,   30.93819735,   24.58600605,     11.88964333,   56.14232179,  167.93139996,   39.90679722,     12.70347638,   34.23316517,    6.47133232,   19.13040327,     -7.48837982], [  200.48906488,    2.22322964,   15.83338992,    1.0150608 ,     16.08944455,   10.66379987,   39.90679722,  134.35492158,     12.14904315,   32.2103523 ,   22.49648178,    0.44003847,      4.73917705], [  -97.04089756,  -13.67548252,   56.70662355,   42.48702348,     36.96715692,   55.38400098,   12.70347638,   12.14904315,    145.1768427 ,   14.62487872,   -9.1265842 ,   30.75522372,     14.67672821], [  108.5234536 ,   43.73153647,  -34.48665615,    1.80342176,      2.31632385,    8.25785633,   34.23316517,   32.2103523 ,     14.62487872,  124.94010225,   32.88025804,   18.4085358 ,     -4.87451373], [   39.19174869,   32.39209749,  -24.13256186,    1.88002652,      7.87512037,   -5.28502315,    6.47133232,   22.49648178,     -9.1265842 ,   32.88025804,   95.65578663,   16.35051969,      6.84325608], [  -74.79612711,   57.24755224,    9.7783654 ,   14.39679622,      5.06864849,   32.70646703,   19.13040327,    0.44003847,     30.75522372,   18.4085358 ,   16.35051969,   91.62650494,     24.35259161], [    2.46432422,   12.65827571,   14.82301531,   21.58291639,     19.44138998,    6.90408792,   -7.48837982,    4.73917705,     14.67672821,   -4.87451373,    6.84325608,   24.35259161,     80.83166243]]
/root/sim/music/out/尾崎豊/誕生_[Disc_1]/1-10_永遠の胸.mp3; [-584.311     , 101.06052   , -12.941371  ,  25.061275  ,  18.02583   ,   -2.4274814 ,   2.6978865 ,   1.1818308 ,  -4.2633777 ,  -1.0604887 ,   -1.4325956 ,  -0.81518286,  -2.8328533 ]; [[10410.53046117,  -93.12672265,  185.03039053,  -38.73179711,     84.60823954,   36.87930954,   87.72907563,   -3.2090024 ,    -53.28572513,   33.68403822,   -4.56079157,  -21.43318156,      7.52156961], [  -93.12672265,  758.95366303, -326.23053417,   94.48722777,    -25.58870447,  -18.31989598,   16.75675611,   42.665896  ,    -29.44524107,   11.73830363,   -2.4630543 ,    3.64270037,    -23.27892579], [  185.03039053, -326.23053417,  470.26242756,  -51.04024744,     55.01225055,   19.5641457 ,  -29.66740023,  -41.01778244,     22.8827797 ,  -21.86182594,   13.06671121,  -11.71358532,     18.7634317 ], [  -38.73179711,   94.48722777,  -51.04024744,  175.25734865,     41.6874536 ,   12.0154106 ,  -31.72575656,   -7.56884891,     11.21638616,  -10.85520787,   -9.83021654,   -3.75597541,      5.62538999], [   84.60823954,  -25.58870447,   55.01225055,   41.6874536 ,    131.68774199,   19.83115651,  -25.43418836,  -14.66094727,     18.53766737,  -11.06561985,    0.94372822,   -6.36355904,     10.52235984], [   36.87930954,  -18.31989598,   19.5641457 ,   12.0154106 ,     19.83115651,   88.93874253,   22.83143787,   -5.63908932,     -1.8841331 ,   -3.8302475 ,   -3.55876904,    5.80629087,     -2.51296506], [   87.72907563,   16.75675611,  -29.66740023,  -31.72575656,    -25.43418836,   22.83143787,  147.36722738,   25.88840965,    -23.77689319,   22.82583806,   -4.83041324,    9.68496384,     -9.43895878], [   -3.2090024 ,   42.665896  ,  -41.01778244,   -7.56884891,    -14.66094727,   -5.63908932,   25.88840965,   77.87221531,      5.86829782,   10.39184492,    4.83875975,    3.46570594,     -2.51018735], [  -53.28572513,  -29.44524107,   22.8827797 ,   11.21638616,     18.53766737,   -1.8841331 ,  -23.77689319,    5.86829782,     75.6912499 ,    6.03801065,   -0.15744143,    1.62120248,     -1.79979108], [   33.68403822,   11.73830363,  -21.86182594,  -10.85520787,    -11.06561985,   -3.8302475 ,   22.82583806,   10.39184492,      6.03801065,   72.61152871,   14.53022421,    2.4042638 ,    -10.00312664], [   -4.56079157,   -2.4630543 ,   13.06671121,   -9.83021654,      0.94372822,   -3.55876904,   -4.83041324,    4.83875975,     -0.15744143,   14.53022421,   61.05131223,   12.6943974 ,     -4.53369175], [  -21.43318156,    3.64270037,  -11.71358532,   -3.75597541,     -6.36355904,    5.80629087,    9.68496384,    3.46570594,      1.62120248,    2.4042638 ,   12.6943974 ,   65.66678135,     14.08945177], [    7.52156961,  -23.27892579,   18.7634317 ,    5.62538999,     10.52235984,   -2.51296506,   -9.43895878,   -2.51018735,     -1.79979108,  -10.00312664,   -4.53369175,   14.08945177,     56.51062524]]
