/root/sim/music/out/スーパーカー/スリーアウトチェンジ/10_TOP_10.mp3; [-512.7308   , 155.82028  , -44.898468 ,  26.761625 ,   8.956539 ,    6.932093 ,  -6.067311 ,   1.9481075,  -6.390515 ,  -6.41358  ,   -8.23716  ,  -6.4697137,  -3.971894 ]; [[5642.20609048,-714.3479578 , 744.46037838,  60.12789806, -71.41767506,   254.21638583, -52.51872672,   2.78275389,  24.07138381, -42.99081342,  -129.29339585,-102.75168842,-124.49174506], [-714.3479578 , 998.3629818 ,-511.68450933,  15.55264075,  18.60439911,  -112.0436749 , -48.94064005, -20.33464975, -60.62166148, -19.59912023,    35.67651958,   6.91819965,  29.13125584], [ 744.46037838,-511.68450933, 634.10341451, -70.20710083,  29.80078496,    88.20562284,  41.46963095,  26.18043452,  59.83091529,  -4.55804486,    -9.34869763,  -7.65143009, -23.62566337], [  60.12789806,  15.55264075, -70.20710083, 126.19189128,  -8.48187559,    46.49512562,   0.52955941,   6.32952884,   1.87520013,   8.12922826,    -3.08007115,   3.99467827,   0.6775957 ], [ -71.41767506,  18.60439911,  29.80078496,  -8.48187559, 131.56769245,    -1.90624338,  19.15289474,   8.12494763, -10.14811536, -13.37106521,   -16.40287373, -17.49481391,  -0.57051123], [ 254.21638583,-112.0436749 ,  88.20562284,  46.49512562,  -1.90624338,    91.86452935,  24.91575633,  18.59179736,  22.56865216,   2.06056856,    -2.42766308,   5.25425749,  -3.89873452], [ -52.51872672, -48.94064005,  41.46963095,   0.52955941,  19.15289474,    24.91575633,  59.09492492,  19.82521902,  14.66235289,   1.92965038,    -5.87906168,   3.67854628,  -0.83859908], [   2.78275389, -20.33464975,  26.18043452,   6.32952884,   8.12494763,    18.59179736,  19.82521902,  44.80382693,  20.42693276,   6.03418589,     2.04616561,  -0.11910479,  -1.96864334], [  24.07138381, -60.62166148,  59.83091529,   1.87520013, -10.14811536,    22.56865216,  14.66235289,  20.42693276,  54.13472939,  14.59721652,    12.84055845,   7.87335912,  -5.95656019], [ -42.99081342, -19.59912023,  -4.55804486,   8.12922826, -13.37106521,     2.06056856,   1.92965038,   6.03418589,  14.59721652,  41.81787247,    19.04740117,  12.09309598,   3.93938961], [-129.29339585,  35.67651958,  -9.34869763,  -3.08007115, -16.40287373,    -2.42766308,  -5.87906168,   2.04616561,  12.84055845,  19.04740117,    52.98290912,  27.990828  ,  11.5999746 ], [-102.75168842,   6.91819965,  -7.65143009,   3.99467827, -17.49481391,     5.25425749,   3.67854628,  -0.11910479,   7.87335912,  12.09309598,    27.990828  ,  46.6140811 ,  18.87583265], [-124.49174506,  29.13125584, -23.62566337,   0.6775957 ,  -0.57051123,    -3.89873452,  -0.83859908,  -1.96864334,  -5.95656019,   3.93938961,    11.5999746 ,  18.87583265,  38.37733845]]
/root/sim/music/out/スーパーカー/スリーアウトチェンジ/06_u.mp3; [-492.63016  , 129.4335   , -15.468857 ,  35.799385 ,   2.8545623,    2.1875725,  -1.3719246,   2.0075982,  -5.6541576,  -4.792485 ,   -7.129052 ,  -3.6066692,  -2.9611578]; [[ 6103.60602511,-1457.74423155,  665.26412298,   -2.36920125,   -325.09706674,  141.17035954,   20.05632644,  145.32183138,    177.40763024,  123.92832519,   84.15755496,   90.49885045,    -69.21700339], [-1457.74423155, 1208.45720528, -510.99371209,   13.20920701,    103.16642979,  -90.73583424,  -26.41280069,  -34.45720674,    -92.48342834,  -58.47693266,  -63.32271957,  -70.71413113,      9.53639576], [  665.26412298, -510.99371209,  458.50721906,  -64.76510841,    -27.99020374,   58.39293506,   21.4390764 ,   31.32653695,     60.5310984 ,   53.66520629,   47.86080657,   47.85849123,      7.5408317 ], [   -2.36920125,   13.20920701,  -64.76510841,  170.71797391,     15.97634045,    9.13131684,    4.42318583,    7.45054383,      5.53733124,    2.69852865,    6.64741164,   21.9892135 ,     24.21801878], [ -325.09706674,  103.16642979,  -27.99020374,   15.97634045,    103.93737561,   -1.51947541,   19.2685192 ,   -4.40403217,     -8.49954049,    8.23370833,    4.1942749 ,    6.63938584,     17.56095128], [  141.17035954,  -90.73583424,   58.39293506,    9.13131684,     -1.51947541,   67.63871242,   21.56655195,   18.6667341 ,     24.93447351,   11.00444294,   11.64464933,    9.41286486,      0.52037238], [   20.05632644,  -26.41280069,   21.4390764 ,    4.42318583,     19.2685192 ,   21.56655195,   53.71997614,   17.75563554,     15.20980832,   15.8048217 ,   10.54785399,    9.53310671,      8.45593059], [  145.32183138,  -34.45720674,   31.32653695,    7.45054383,     -4.40403217,   18.6667341 ,   17.75563554,   54.70809024,     26.21063544,   18.02206425,   11.5744111 ,   11.58435615,      2.08479801], [  177.40763024,  -92.48342834,   60.5310984 ,    5.53733124,     -8.49954049,   24.93447351,   15.20980832,   26.21063544,     57.08822954,   24.71259821,   18.66300983,   12.47356438,     -0.75005267], [  123.92832519,  -58.47693266,   53.66520629,    2.69852865,      8.23370833,   11.00444294,   15.8048217 ,   18.02206425,     24.71259821,   57.94881272,   28.6631259 ,   18.44751884,      9.02545331], [   84.15755496,  -63.32271957,   47.86080657,    6.64741164,      4.1942749 ,   11.64464933,   10.54785399,   11.5744111 ,     18.66300983,   28.6631259 ,   43.61815254,   24.15150495,      9.31850017], [   90.49885045,  -70.71413113,   47.85849123,   21.9892135 ,      6.63938584,    9.41286486,    9.53310671,   11.58435615,     12.47356438,   18.44751884,   24.15150495,   48.86552351,     24.86679453], [  -69.21700339,    9.53639576,    7.5408317 ,   24.21801878,     17.56095128,    0.52037238,    8.45593059,    2.08479801,     -0.75005267,    9.02545331,    9.31850017,   24.86679453,     47.38519317]]
/root/sim/music/out/スーパーカー/スリーアウトチェンジ/04_DRIVE.mp3; [-553.9932   ,  82.01122  ,  -9.62922  ,  22.674046 ,  14.538437 ,  -10.688772 ,   0.2057283,  -2.3593245,  -5.3927035, -13.1882715,   -9.375061 ,  -9.751959 ,  -8.095411 ]; [[10994.42889112,-2366.88841378, -221.65734789,   34.93433834,   -227.75963945, -310.83699457,  258.13068875,  -23.56686468,     57.31540297,  -86.37898825,    2.9422806 , -119.89607319,    -37.25315156], [-2366.88841378, 1257.32155181, -158.56456522,  -85.03138836,    -32.1542707 ,   -5.89904939,  -90.60848471,  -18.26545148,    -37.66193251,    5.84336292,  -28.27554135,   17.61076244,      7.05365819], [ -221.65734789, -158.56456522,  429.79704611,   33.07316998,     85.354835  ,  -27.00009501,   26.95534701,  -34.76284739,     11.01494029,    9.51954392,   13.62073605,   43.67871395,     39.30124512], [   34.93433834,  -85.03138836,   33.07316998,  359.67831623,     28.37120177,  103.86439198,  -27.0932628 ,   27.56892241,    -27.42615907,   42.25255306,   46.3106163 ,   21.49162776,     -1.59087244], [ -227.75963945,  -32.1542707 ,   85.354835  ,   28.37120177,    175.56418944,   19.58148193,   19.17473829,  -24.34919713,      1.2684164 ,   -0.43574494,   19.00060766,   18.13357995,     24.50666926], [ -310.83699457,   -5.89904939,  -27.00009501,  103.86439198,     19.58148193,  197.97740557,    6.92317044,   46.25838564,    -11.94909092,   22.20002742,   35.60257226,    5.56064821,      4.52663154], [  258.13068875,  -90.60848471,   26.95534701,  -27.0932628 ,     19.17473829,    6.92317044,  126.28727175,   28.60533664,     30.99968608,    4.03232854,    2.34404529,    2.19067439,     -0.06655943], [  -23.56686468,  -18.26545148,  -34.76284739,   27.56892241,    -24.34919713,   46.25838564,   28.60533664,  104.35183484,     23.27567217,   10.85412416,    9.32134978,   -1.10333133,    -11.53453229], [   57.31540297,  -37.66193251,   11.01494029,  -27.42615907,      1.2684164 ,  -11.94909092,   30.99968608,   23.27567217,     76.22752195,   17.31701483,   -1.27473156,   -6.6981678 ,     -2.22128326], [  -86.37898825,    5.84336292,    9.51954392,   42.25255306,     -0.43574494,   22.20002742,    4.03232854,   10.85412416,     17.31701483,   77.76798994,   21.74485414,    7.07296213,      2.99744861], [    2.9422806 ,  -28.27554135,   13.62073605,   46.3106163 ,     19.00060766,   35.60257226,    2.34404529,    9.32134978,     -1.27473156,   21.74485414,   77.65859389,   20.67366118,      6.73460809], [ -119.89607319,   17.61076244,   43.67871395,   21.49162776,     18.13357995,    5.56064821,    2.19067439,   -1.10333133,     -6.6981678 ,    7.07296213,   20.67366118,   70.41614328,     23.90894176], [  -37.25315156,    7.05365819,   39.30124512,   -1.59087244,     24.50666926,    4.52663154,   -0.06655943,  -11.53453229,     -2.22128326,    2.99744861,    6.73460809,   23.90894176,     88.2703201 ]]
/root/sim/music/out/スーパーカー/スリーアウトチェンジ/14_Trash_&_Lemon.mp3; [-510.73886  , 133.70168  , -30.361917 ,  35.76758  ,  13.161469 ,    5.642224 ,  -5.9254932,   6.462654 ,  -8.599475 ,  -4.116899 ,   -3.9519408,  -3.876757 ,  -1.3931956]; [[ 8185.41222668,-2168.77867528, 1082.93747383, -231.30484065,     14.98439968,  269.00206746,  113.57061402,  163.11084378,    274.14206538,   84.29800886,   77.28359681,  -14.91600132,   -118.380748  ], [-2168.77867528, 1484.02848205, -644.84838249,  215.08989657,     69.66878628, -147.4194697 ,  -41.82185596,  -60.31001247,   -122.96903093,  -11.92214183,  -20.509681  ,   -6.01342145,     61.94143269], [ 1082.93747383, -644.84838249,  777.12942465, -185.50459739,    110.23576657,   -1.72479901,   63.68316345,  -26.20447255,    116.37562013,   11.88154209,   38.85071153,   24.46198196,    -34.23119685], [ -231.30484065,  215.08989657, -185.50459739,  192.2962253 ,     10.88847082,   42.06707196,  -25.26955007,   -1.23524249,    -18.6329661 ,  -15.47477725,    1.89893474,   -0.16497942,     24.96991568], [   14.98439968,   69.66878628,  110.23576657,   10.88847082,    167.33468233,  -19.90347537,   42.00428359,  -12.9270809 ,     12.25454569,   -3.80105288,    8.01158236,    1.66748082,     -2.70543408], [  269.00206746, -147.4194697 ,   -1.72479901,   42.06707196,    -19.90347537,   89.68821366,   -1.29451586,   16.7256463 ,     10.07857912,   -8.67580775,    2.85351769,   -1.96144172,      3.19676877], [  113.57061402,  -41.82185596,   63.68316345,  -25.26955007,     42.00428359,   -1.29451586,   68.02869641,   19.29321682,     19.15303298,    4.67956899,    1.33185512,    1.76053751,     -8.70974318], [  163.11084378,  -60.31001247,  -26.20447255,   -1.23524249,    -12.9270809 ,   16.7256463 ,   19.29321682,   63.16352556,     14.13920991,    7.36327058,   -4.86941977,   -6.55057914,     -3.13220387], [  274.14206538, -122.96903093,  116.37562013,  -18.6329661 ,     12.25454569,   10.07857912,   19.15303298,   14.13920991,     71.27516209,   14.13974018,   13.95998491,   -1.27804456,     -7.95450842], [   84.29800886,  -11.92214183,   11.88154209,  -15.47477725,     -3.80105288,   -8.67580775,    4.67956899,    7.36327058,     14.13974018,   51.09859186,   12.22644908,    2.23242132,     -8.22253543], [   77.28359681,  -20.509681  ,   38.85071153,    1.89893474,      8.01158236,    2.85351769,    1.33185512,   -4.86941977,     13.95998491,   12.22644908,   46.7352201 ,   14.83139602,      2.09840672], [  -14.91600132,   -6.01342145,   24.46198196,   -0.16497942,      1.66748082,   -1.96144172,    1.76053751,   -6.55057914,     -1.27804456,    2.23242132,   14.83139602,   38.89884335,     14.75565007], [ -118.380748  ,   61.94143269,  -34.23119685,   24.96991568,     -2.70543408,    3.19676877,   -8.70974318,   -3.13220387,     -7.95450842,   -8.22253543,    2.09840672,   14.75565007,     45.44672191]]
/root/sim/music/out/スーパーカー/スリーアウトチェンジ/09_333.mp3; [-536.7785   , 116.5842   , -14.583302 ,  32.153484 ,  28.768536 ,   11.238331 ,   4.2636585,  11.154345 ,   7.0978837,   0.8824728,   -4.5564013,  -3.7756164,  -1.8311844]; [[12542.54507416,-1275.56331821, -979.42495224, -460.05465561,    165.79783223,  235.36848802,  134.48426184,  351.01304186,    267.88589847,  108.73752366,  196.75033114,   95.48830832,     83.83152163], [-1275.56331821, 1079.10176566, -215.96796588,  142.64417845,    -31.01794529,  -56.75166709,  -80.25993064,   10.59930952,    -44.36956257,   15.61418313,  -74.43281448,  -41.24815706,     -5.79187518], [ -979.42495224, -215.96796588,  579.19205758,   24.0189028 ,     44.71245827,   44.18830118,   42.86709257,  -58.62363835,     17.13531803,  -32.99201029,   36.17588339,   10.27901534,     -6.01700024], [ -460.05465561,  142.64417845,   24.0189028 ,  138.45529386,     26.45039397,    6.43982173,  -11.44426361,    9.60149471,    -16.29864042,    0.85655769,   -3.14034814,    5.34665206,     13.80604865], [  165.79783223,  -31.01794529,   44.71245827,   26.45039397,    141.21097336,   59.732212  ,   23.67665948,   51.27245355,     29.03388844,   10.55452405,   29.48211238,   10.18265338,     13.49512484], [  235.36848802,  -56.75166709,   44.18830118,    6.43982173,     59.732212  ,  140.88611147,   26.85778383,   75.16354004,     22.53136977,   23.94417043,   30.78713516,    8.41788193,     20.91976469], [  134.48426184,  -80.25993064,   42.86709257,  -11.44426361,     23.67665948,   26.85778383,  109.94746465,   13.98273569,     37.30423553,   -0.25557495,   26.27352385,   20.69065919,     14.15128498], [  351.01304186,   10.59930952,  -58.62363835,    9.60149471,     51.27245355,   75.16354004,   13.98273569,  137.86510396,     26.20778017,   31.63921082,   23.58169244,    8.13525982,     17.10720649], [  267.88589847,  -44.36956257,   17.13531803,  -16.29864042,     29.03388844,   22.53136977,   37.30423553,   26.20778017,     75.86518164,   21.33903367,   18.79677398,    6.94128927,     11.07764301], [  108.73752366,   15.61418313,  -32.99201029,    0.85655769,     10.55452405,   23.94417043,   -0.25557495,   31.63921082,     21.33903367,   49.82718903,   13.88954469,    1.5096092 ,      5.42122823], [  196.75033114,  -74.43281448,   36.17588339,   -3.14034814,     29.48211238,   30.78713516,   26.27352385,   23.58169244,     18.79677398,   13.88954469,   58.80693234,   21.62373287,     14.1123588 ], [   95.48830832,  -41.24815706,   10.27901534,    5.34665206,     10.18265338,    8.41788193,   20.69065919,    8.13525982,      6.94128927,    1.5096092 ,   21.62373287,   44.53267651,     20.2848918 ], [   83.83152163,   -5.79187518,   -6.01700024,   13.80604865,     13.49512484,   20.91976469,   14.15128498,   17.10720649,     11.07764301,    5.42122823,   14.1123588 ,   20.2848918 ,     49.01588588]]
/root/sim/music/out/スーパーカー/スリーアウトチェンジ/18_Hello.mp3; [-496.31625  , 101.9048   ,  -6.9879513,  32.07526  ,  19.417028 ,   12.669073 ,   2.992224 ,   4.8463693,  -1.2701551,  -2.5361555,   -2.6682587,  -5.426122 ,  -4.4444704]; [[ 9840.51849801,-1681.13197505, -295.63537093, -454.50724871,   -392.05046891,  -57.45062832,   52.97934514,  165.58299846,    239.67308585,   11.21454591,   75.79984297,    5.3998774 ,     51.1209766 ], [-1681.13197505, 1337.47479147, -135.46657507,  240.34060194,    124.75425092,  -17.82642029,  -25.24307379,    6.35997386,   -120.90878894,   17.60453098,  -20.92485416,   -5.04139567,    -24.97931673], [ -295.63537093, -135.46657507,  444.45553104,  -78.36169363,     16.00876725,    2.61308425,  -65.26696725,  -87.5172016 ,    -12.20950087,  -31.35995222,   -2.20292784,  -15.28238659,     14.76004811], [ -454.50724871,  240.34060194,  -78.36169363,  251.02481741,     88.96130967,   49.85122612,    1.92339127,   -3.52015879,    -41.16036182,   -8.20867647,   -5.23447884,   26.53944288,     -6.17397818], [ -392.05046891,  124.75425092,   16.00876725,   88.96130967,    148.27715853,   39.83068069,   11.89267792,  -17.31826559,    -11.68484297,    0.04328596,    1.85589995,    9.63123876,      4.89369681], [  -57.45062832,  -17.82642029,    2.61308425,   49.85122612,     39.83068069,  103.51291737,   16.78223552,    0.5617397 ,     -9.00729042,   -7.22623066,    3.53179453,    7.33287171,      1.29766689], [   52.97934514,  -25.24307379,  -65.26696725,    1.92339127,     11.89267792,   16.78223552,  103.96465312,   42.18279376,     30.28733571,    7.82288351,    0.3742466 ,    9.97313304,      2.80482814], [  165.58299846,    6.35997386,  -87.5172016 ,   -3.52015879,    -17.31826559,    0.5617397 ,   42.18279376,   89.05360997,     33.34823647,   18.69155961,    8.15782056,    3.72242489,      7.76941509], [  239.67308585, -120.90878894,  -12.20950087,  -41.16036182,    -11.68484297,   -9.00729042,   30.28733571,   33.34823647,     77.03150769,   27.39308353,    8.38030567,   -0.67285825,      4.57214655], [   11.21454591,   17.60453098,  -31.35995222,   -8.20867647,      0.04328596,   -7.22623066,    7.82288351,   18.69155961,     27.39308353,   61.65799281,   16.71163417,    5.97098705,      2.40950425], [   75.79984297,  -20.92485416,   -2.20292784,   -5.23447884,      1.85589995,    3.53179453,    0.3742466 ,    8.15782056,      8.38030567,   16.71163417,   52.25288742,   21.83066138,      8.95220997], [    5.3998774 ,   -5.04139567,  -15.28238659,   26.53944288,      9.63123876,    7.33287171,    9.97313304,    3.72242489,     -0.67285825,    5.97098705,   21.83066138,   48.125407  ,     16.24940102], [   51.1209766 ,  -24.97931673,   14.76004811,   -6.17397818,      4.89369681,    1.29766689,    2.80482814,    7.76941509,      4.57214655,    2.40950425,    8.95220997,   16.24940102,     43.42294775]]
/root/sim/music/out/スーパーカー/スリーアウトチェンジ/19_TRIP_SKY.mp3; [-520.0223    , 157.20442   , -46.904366  ,  36.186718  ,   1.1765356 ,   -0.68432844,  -7.450173  ,   2.7556956 , -10.393915  ,  -4.7369647 ,  -10.764482  ,  -6.2172174 ,  -6.490237  ]; [[ 3833.08426158,-1286.77338863,  992.06890319,  150.31861366,   -418.59845936,  -20.25014264, -170.40228944,  127.8123417 ,    162.63726225,  139.4008061 ,   61.63580546,   76.81687688,    -23.76295594], [-1286.77338863,  806.00484907, -470.42021637,  -15.44607596,    172.09921542,    6.44414768,   64.31423191,  -26.53260461,    -69.52050274,  -47.52997196,  -15.54601294,  -29.98069192,      9.32626128], [  992.06890319, -470.42021637,  577.99230317,   41.01542803,    -65.5379734 ,   78.98734905,  -17.40288142,   61.31330546,     70.71019747,   55.52576118,   30.2715264 ,   41.73177845,     -8.80526187], [  150.31861366,  -15.44607596,   41.01542803,  145.60693292,    -35.70913124,   55.95740524,   -7.33016199,   20.21038838,     18.45868579,   12.86614631,    7.32893101,   21.05113048,      2.00143029], [ -418.59845936,  172.09921542,  -65.5379734 ,  -35.70913124,    157.57889787,   25.1794869 ,   43.2320949 ,   -2.00024629,    -14.68742426,  -14.64794818,   -3.16022281,  -12.42461161,      6.40240349], [  -20.25014264,    6.44414768,   78.98734905,   55.95740524,     25.1794869 ,  127.13625315,   25.38115772,   25.11283935,     19.0307131 ,   10.42481489,    7.05766612,   17.32864297,     -4.09902435], [ -170.40228944,   64.31423191,  -17.40288142,   -7.33016199,     43.2320949 ,   25.38115772,   59.27318702,   10.70297644,      2.19612376,   -6.2925705 ,   -0.9224286 ,   -0.30201428,      1.38710269], [  127.8123417 ,  -26.53260461,   61.31330546,   20.21038838,     -2.00024629,   25.11283935,   10.70297644,   58.72056252,     22.58976032,   15.27660776,    5.8381274 ,    6.37160023,     -0.21307515], [  162.63726225,  -69.52050274,   70.71019747,   18.45868579,    -14.68742426,   19.0307131 ,    2.19612376,   22.58976032,     52.38433913,   21.50406089,    9.12105422,    6.99011143,     -3.306927  ], [  139.4008061 ,  -47.52997196,   55.52576118,   12.86614631,    -14.64794818,   10.42481489,   -6.2925705 ,   15.27660776,     21.50406089,   49.78412232,   18.21657106,    9.02103222,     -0.68945223], [   61.63580546,  -15.54601294,   30.2715264 ,    7.32893101,     -3.16022281,    7.05766612,   -0.9224286 ,    5.8381274 ,      9.12105422,   18.21657106,   38.57766611,   15.03396739,      0.94075923], [   76.81687688,  -29.98069192,   41.73177845,   21.05113048,    -12.42461161,   17.32864297,   -0.30201428,    6.37160023,      6.99011143,    9.02103222,   15.03396739,   39.42975829,      8.94539946], [  -23.76295594,    9.32626128,   -8.80526187,    2.00143029,      6.40240349,   -4.09902435,    1.38710269,   -0.21307515,     -3.306927  ,   -0.68945223,    0.94075923,    8.94539946,     33.03396733]]
/root/sim/music/out/スーパーカー/スリーアウトチェンジ/13_Happy_talking.mp3; [-547.61914  , 120.222725 , -22.761333 ,  35.310608 ,  26.416756 ,   10.694602 ,  10.899767 ,  13.313551 ,   3.5383527,  -2.3861911,   -1.941881 ,  -2.5521543,  -1.2347804]; [[11210.33366025,-1343.53987189,  255.9151643 ,  557.13804107,    -83.37075947,   96.31004463,  195.88736721,  199.36079434,    118.69998796,  -14.8607515 ,    4.21787435, -133.73979015,   -187.60654751], [-1343.53987189, 1369.48270837, -397.25234153, -257.96631313,     18.59369714, -200.16675736,  -70.7015817 ,  -95.45190403,    -46.78246686,  -44.02018899,  -44.86884303,   -9.27821707,     40.17449396], [  255.9151643 , -397.25234153,  904.67623978,  258.44163968,    150.42183328,   48.97113175,   67.00885222,   10.11796194,     74.67912142,   43.98817855,   82.55686191,   76.50840897,     29.70585088], [  557.13804107, -257.96631313,  258.44163968,  332.64697172,     98.94701015,   73.28560207,   42.96757099,   51.96180023,     28.86340876,   35.38351847,   41.82057427,   14.35106318,      4.9169356 ], [  -83.37075947,   18.59369714,  150.42183328,   98.94701015,    187.52474257,   31.30978032,   58.98141797,   23.75636908,     16.23740069,   10.23739557,   16.57487225,    7.71767009,      8.80364603], [   96.31004463, -200.16675736,   48.97113175,   73.28560207,     31.30978032,  170.09358452,   18.42135159,   62.02548601,     -9.73161393,    7.76947192,    5.85204344,    3.76266453,      8.09814942], [  195.88736721,  -70.7015817 ,   67.00885222,   42.96757099,     58.98141797,   18.42135159,  112.10564332,   43.01725035,     36.47893003,   11.43688433,    5.88018121,   -2.49227016,      2.22111606], [  199.36079434,  -95.45190403,   10.11796194,   51.96180023,     23.75636908,   62.02548601,   43.01725035,  108.32032219,     31.44452438,   16.02469841,    2.18917614,   -4.93538297,     -3.36226909], [  118.69998796,  -46.78246686,   74.67912142,   28.86340876,     16.23740069,   -9.73161393,   36.47893003,   31.44452438,     84.39354672,   34.10434023,   12.47109905,    3.07802432,      6.93200766], [  -14.8607515 ,  -44.02018899,   43.98817855,   35.38351847,     10.23739557,    7.76947192,   11.43688433,   16.02469841,     34.10434023,   68.8198555 ,   26.22337515,    4.71923548,      3.78964806], [    4.21787435,  -44.86884303,   82.55686191,   41.82057427,     16.57487225,    5.85204344,    5.88018121,    2.18917614,     12.47109905,   26.22337515,   66.451734  ,   26.3044157 ,      4.87954164], [ -133.73979015,   -9.27821707,   76.50840897,   14.35106318,      7.71767009,    3.76266453,   -2.49227016,   -4.93538297,      3.07802432,    4.71923548,   26.3044157 ,   55.74469393,     25.61864907], [ -187.60654751,   40.17449396,   29.70585088,    4.9169356 ,      8.80364603,    8.09814942,    2.22111606,   -3.36226909,      6.93200766,    3.78964806,    4.87954164,   25.61864907,     61.25394956]]
/root/sim/music/out/スーパーカー/スリーアウトチェンジ/07_Automatic_wing.mp3; [-525.2229   , 152.34239  , -22.070492 ,  27.402052 ,  -3.1271489,    9.369901 ,  -7.3161025,   2.938401 ,  -8.628094 ,  -2.7707658,   -5.4002247,  -4.063358 ,  -2.184195 ]; [[ 7894.09807553,-2681.60611614,  569.13567678,  277.81709519,   -894.81542157,  -41.59448415, -149.64601998,  172.54409536,    182.67803683,  204.73060538,  104.55379105,  133.40957486,    -22.81149653], [-2681.60611614, 2017.39601143, -770.84021398, -310.98916361,    429.47769041,   31.41070714,   76.23565541,   -3.68089928,    -78.7446227 ,  -50.57318275,  -37.78172427,  -84.10764217,      4.00374004], [  569.13567678, -770.84021398,  687.60206646,  119.33934025,    -91.81621528,   25.37247236,  -24.97537286,  -27.7305991 ,     29.52771319,    9.44325508,   22.82752434,   34.02960581,      4.92756568], [  277.81709519, -310.98916361,  119.33934025,  326.24368936,   -117.97018948,  -11.88874552,  -25.3195219 ,   11.97908655,      2.98015799,   -0.70830225,   -1.66173715,   22.10254681,      4.09340034], [ -894.81542157,  429.47769041,  -91.81621528, -117.97018948,    251.92194411,    6.50169654,   30.23016001,  -25.63731063,    -16.65521911,  -20.43567141,   -8.68323739,  -30.52728642,      1.02670372], [  -41.59448415,   31.41070714,   25.37247236,  -11.88874552,      6.50169654,  117.83365736,   30.49162168,   19.06158401,     20.65210033,    8.44533476,    2.61149393,    1.07977299,     -4.33385723], [ -149.64601998,   76.23565541,  -24.97537286,  -25.3195219 ,     30.23016001,   30.49162168,   75.62582481,   17.22376871,      9.98177321,    3.08618226,   -3.55180386,   -2.86744861,      1.35253925], [  172.54409536,   -3.68089928,  -27.7305991 ,   11.97908655,    -25.63731063,   19.06158401,   17.22376871,   78.02437818,     17.61389692,   19.88197958,    2.01115655,    1.62691296,      3.26785461], [  182.67803683,  -78.7446227 ,   29.52771319,    2.98015799,    -16.65521911,   20.65210033,    9.98177321,   17.61389692,     63.44033164,   15.88776716,    6.97500849,    6.15152312,     -2.94195374], [  204.73060538,  -50.57318275,    9.44325508,   -0.70830225,    -20.43567141,    8.44533476,    3.08618226,   19.88197958,     15.88776716,   62.54469047,   16.77472686,    3.55552921,      1.78510486], [  104.55379105,  -37.78172427,   22.82752434,   -1.66173715,     -8.68323739,    2.61149393,   -3.55180386,    2.01115655,      6.97500849,   16.77472686,   45.31202338,   16.86707937,      2.07634246], [  133.40957486,  -84.10764217,   34.02960581,   22.10254681,    -30.52728642,    1.07977299,   -2.86744861,    1.62691296,      6.15152312,    3.55552921,   16.86707937,   45.3453776 ,     14.95032663], [  -22.81149653,    4.00374004,    4.92756568,    4.09340034,      1.02670372,   -4.33385723,    1.35253925,    3.26785461,     -2.94195374,    1.78510486,    2.07634246,   14.95032663,     41.11984406]]
/root/sim/music/out/スーパーカー/スリーアウトチェンジ/03_smart.mp3; [-484.49396  , 126.5751   , -16.188211 ,  26.158924 ,  -0.3080811,    2.6360106, -11.535954 ,   2.053911 ,  -9.715516 ,  -6.8350863,   -5.2146654,  -5.085504 ,  -2.5953224]; [[ 3500.71543871,-1128.72071242,  419.29602408, -121.03440928,      8.92273522,   43.83368377,   21.41279076, -112.0991769 ,     60.21891565,   -9.34986764,  -20.22248545,   -8.54989034,    -44.8787842 ], [-1128.72071242,  948.13365867, -408.13905804,  122.61306759,    -23.01336841,  -75.39755088,  -36.89129041,   64.64961451,    -51.91039067,   22.27651794,   18.78698948,   10.04338972,     32.39911431], [  419.29602408, -408.13905804,  391.74112752,  -65.8536255 ,    101.09539934,   18.51474886,   70.89394808,  -35.93065083,     57.27026853,    8.17321049,    6.76084532,    4.36743109,     -4.54822276], [ -121.03440928,  122.61306759,  -65.8536255 ,  146.87811572,    -26.84547122,   38.18053296,    3.7001026 ,   10.75683303,     -7.28028612,   12.94721563,    0.46343503,    7.41875349,     23.16395406], [    8.92273522,  -23.01336841,  101.09539934,  -26.84547122,    142.15940618,   -5.71146685,   56.49548383,   -3.33155563,     25.09967959,    1.19168872,    9.11945513,    2.84389154,      5.40174063], [   43.83368377,  -75.39755088,   18.51474886,   38.18053296,     -5.71146685,   73.64661518,   16.6907684 ,    9.76081296,      8.89094663,   -2.10784503,   -3.28581555,    1.69758327,      2.49589196], [   21.41279076,  -36.89129041,   70.89394808,    3.7001026 ,     56.49548383,   16.6907684 ,   74.67443952,    4.60061461,     27.91526228,    8.96542093,    4.52908372,    4.3753286 ,      7.80201166], [ -112.0991769 ,   64.64961451,  -35.93065083,   10.75683303,     -3.33155563,    9.76081296,    4.60061461,   50.3616517 ,      4.2630092 ,    7.60711915,    1.18447201,   -4.07769243,     -0.88065251], [   60.21891565,  -51.91039067,   57.27026853,   -7.28028612,     25.09967959,    8.89094663,   27.91526228,    4.2630092 ,     48.1701072 ,   14.68304967,    7.26233191,    2.79434804,     -1.22661578], [   -9.34986764,   22.27651794,    8.17321049,   12.94721563,      1.19168872,   -2.10784503,    8.96542093,    7.60711915,     14.68304967,   42.31573966,   11.59286436,    5.95965411,      2.90632399], [  -20.22248545,   18.78698948,    6.76084532,    0.46343503,      9.11945513,   -3.28581555,    4.52908372,    1.18447201,      7.26233191,   11.59286436,   30.62697758,   12.85924226,      7.39738157], [   -8.54989034,   10.04338972,    4.36743109,    7.41875349,      2.84389154,    1.69758327,    4.3753286 ,   -4.07769243,      2.79434804,    5.95965411,   12.85924226,   30.73065363,     15.31474441], [  -44.8787842 ,   32.39911431,   -4.54822276,   23.16395406,      5.40174063,    2.49589196,    7.80201166,   -0.88065251,     -1.22661578,    2.90632399,    7.39738157,   15.31474441,     37.05296952]]
/root/sim/music/out/スーパーカー/スリーアウトチェンジ/01_cream_soda.mp3; [-506.6575    , 131.58832   , -19.479227  ,  35.233562  ,   4.3984756 ,    0.02271715,  -7.7001405 ,   4.6871943 ,  -7.735437  ,  -5.2592254 ,   -4.6416025 ,  -7.4592514 ,  -5.0462976 ]; [[ 7158.14554865,-1294.32838183,  450.9623409 , -407.90519624,   -154.27413078,  161.25010246,   64.88548589,  161.35717013,    217.50354518,   28.69067395,  151.66527062,    1.86564855,      1.26364422], [-1294.32838183, 1050.30438114, -281.9908494 ,  247.03481042,     73.69808607,  -60.67166155,    4.01869881,   -3.5948601 ,    -78.31414556,   37.21400782,  -27.72686852,    5.33905876,     13.31842888], [  450.9623409 , -281.9908494 ,  721.35532508, -116.12520549,    -18.29764765,   81.54173659,   58.53319736,   34.30877247,     83.83991676,   33.80792513,   88.05726567,   18.26018414,      9.46308558], [ -407.90519624,  247.03481042, -116.12520549,  192.58973308,     51.99716897,   10.03185988,    2.13935344,   -0.26231599,    -19.1203568 ,   -2.66271982,  -23.62695175,   -1.12392134,     10.77162029], [ -154.27413078,   73.69808607,  -18.29764765,   51.99716897,    130.83232141,   19.25985786,   14.26294293,    6.0384386 ,      5.51931378,   -6.80500237,   -2.12784985,    2.42912886,      5.28160573], [  161.25010246,  -60.67166155,   81.54173659,   10.03185988,     19.25985786,   75.52503694,   26.40293197,   16.35154385,     22.449313  ,    6.84700773,   11.6960814 ,    8.86273627,      3.88914902], [   64.88548589,    4.01869881,   58.53319736,    2.13935344,     14.26294293,   26.40293197,   59.89754624,   28.59354819,     18.61857856,   12.81208636,   13.70989738,    6.03331054,      3.70244529], [  161.35717013,   -3.5948601 ,   34.30877247,   -0.26231599,      6.0384386 ,   16.35154385,   28.59354819,   52.43908116,     26.59613714,   14.64067607,   14.36132951,    6.01369912,      6.27422872], [  217.50354518,  -78.31414556,   83.83991676,  -19.1203568 ,      5.51931378,   22.449313  ,   18.61857856,   26.59613714,     56.46060499,   20.40253697,   19.64401908,    5.53688055,      2.16101701], [   28.69067395,   37.21400782,   33.80792513,   -2.66271982,     -6.80500237,    6.84700773,   12.81208636,   14.64067607,     20.40253697,   51.08491181,   25.50771073,    9.48315398,      1.70842989], [  151.66527062,  -27.72686852,   88.05726567,  -23.62695175,     -2.12784985,   11.6960814 ,   13.70989738,   14.36132951,     19.64401908,   25.50771073,   52.06786036,   18.27060208,      6.25636678], [    1.86564855,    5.33905876,   18.26018414,   -1.12392134,      2.42912886,    8.86273627,    6.03331054,    6.01369912,      5.53688055,    9.48315398,   18.27060208,   37.3655456 ,     15.96961607], [    1.26364422,   13.31842888,    9.46308558,   10.77162029,      5.28160573,    3.88914902,    3.70244529,    6.27422872,      2.16101701,    1.70842989,    6.25636678,   15.96961607,     36.29490864]]
/root/sim/music/out/スーパーカー/HIGHVISION/09_NIJIIRO_DARKNESS.mp3; [-597.48175   , 146.74402   ,  12.241644  ,  19.551493  ,   2.588801  ,    2.9618397 ,   1.2418166 ,   3.8495283 ,   2.9037304 ,   7.13205   ,    0.05894899,   2.139939  ,   4.337602  ]; [[20465.03979507,-1651.39851773, 1357.42237861, 2143.2477587 ,   1799.74758102, 1321.97931891,  499.30470938,  304.12413488,    214.87942907,  597.1041143 ,  525.93599523,   48.40566662,    100.25318036], [-1651.39851773, 2065.72202353, -213.3883286 , -136.77366856,   -127.89184438, -110.44933293,  -25.13544406,  -70.45012189,    -27.46561057,   -0.14503989,  -22.88256274,  -58.68777396,    -26.18112736], [ 1357.42237861, -213.3883286 ,  812.07673461,  276.26113762,    379.68107015,  263.24552349,  151.23402748,   51.56674951,     76.95705716,  106.34753913,  140.28245426,  -57.43408638,      4.19993439], [ 2143.2477587 , -136.77366856,  276.26113762,  665.75233115,    503.37226811,  322.31203542,   89.46272132,   27.06479421,     28.1982929 ,  120.01549443,   76.28692592,   14.82936549,     14.02132228], [ 1799.74758102, -127.89184438,  379.68107015,  503.37226811,    607.89780888,  343.41356827,  131.46153487,   43.34274472,     53.74037316,  142.56673847,  110.69549408,   -8.73745323,     12.00565858], [ 1321.97931891, -110.44933293,  263.24552349,  322.31203542,    343.41356827,  339.11739868,  157.4901361 ,   56.68427729,     61.310519  ,   95.15770247,  106.17999664,    8.71944769,      4.83841964], [  499.30470938,  -25.13544406,  151.23402748,   89.46272132,    131.46153487,  157.4901361 ,  197.5109477 ,   74.85906795,     68.94955999,   53.46339503,   75.57285862,    0.83932424,      1.33576904], [  304.12413488,  -70.45012189,   51.56674951,   27.06479421,     43.34274472,   56.68427729,   74.85906795,  185.83805979,     43.08570669,   62.70646559,   53.43324513,   -5.896363  ,     31.17643996], [  214.87942907,  -27.46561057,   76.95705716,   28.1982929 ,     53.74037316,   61.310519  ,   68.94955999,   43.08570669,    159.89027204,   55.13052792,   20.54720078,   24.16279514,     -3.3820392 ], [  597.1041143 ,   -0.14503989,  106.34753913,  120.01549443,    142.56673847,   95.15770247,   53.46339503,   62.70646559,     55.13052792,  137.80617809,   82.01404475,   -0.37700451,     14.15071659], [  525.93599523,  -22.88256274,  140.28245426,   76.28692592,    110.69549408,  106.17999664,   75.57285862,   53.43324513,     20.54720078,   82.01404475,  136.91922261,    3.83627127,     11.10325138], [   48.40566662,  -58.68777396,  -57.43408638,   14.82936549,     -8.73745323,    8.71944769,    0.83932424,   -5.896363  ,     24.16279514,   -0.37700451,    3.83627127,   92.37806045,     25.48390913], [  100.25318036,  -26.18112736,    4.19993439,   14.02132228,     12.00565858,    4.83841964,    1.33576904,   31.17643996,     -3.3820392 ,   14.15071659,   11.10325138,   25.48390913,     85.41997995]]
/root/sim/music/out/スーパーカー/HIGHVISION/10_SILENT_YARITORI.mp3; [-591.39984  , 157.77324  ,   3.058558 ,  14.221292 ,  -7.8746486,   -8.934076 ,   3.256962 ,  -4.891328 ,   1.1393484,   1.4657602,    1.1051642,  -3.130161 ,  -3.8959777]; [[23049.96417429,-2952.20640654, 2596.36402803,  387.64048348,    264.40656389, 1345.2707076 ,  429.83351447,  -91.02521382,    735.32211642,   52.88540577,   39.89395654,  -74.87631556,   -175.5885957 ], [-2952.20640654, 3663.38121923,-1553.67304659,  -32.92341533,   -146.63717435, -763.13783487,  -29.91331697, -129.71325244,   -262.46338286,  -29.1405725 ,  -39.60201112,  -55.27099922,     -7.30071111], [ 2596.36402803,-1553.67304659, 1269.14346395,   21.7768821 ,    226.46574516,  482.11350037,  153.01712424,   96.24798029,    248.04700686,   76.94905656,   47.28186964,   52.79205258,     57.62560171], [  387.64048348,  -32.92341533,   21.7768821 ,  363.15249663,     35.37469649,  102.52854226,   16.85153895,   87.27858789,     34.89568079,   35.25653051,   54.25302253,   63.38868395,     32.79243888], [  264.40656389, -146.63717435,  226.46574516,   35.37469649,    313.63170325,   91.75290255,   84.61775732,   52.68996274,     99.55175795,   56.69330021,   24.60920339,   34.57287834,     41.61881978], [ 1345.2707076 , -763.13783487,  482.11350037,  102.52854226,     91.75290255,  480.8264663 ,   77.26518926,   77.12931071,    144.42098359,   50.88904087,   63.17457879,   54.74109359,     37.19002247], [  429.83351447,  -29.91331697,  153.01712424,   16.85153895,     84.61775732,   77.26518926,  288.12261621,  -18.11431841,    117.88504605,   34.02894867,   36.20996366,   25.03457901,     17.7755567 ], [  -91.02521382, -129.71325244,   96.24798029,   87.27858789,     52.68996274,   77.12931071,  -18.11431841,  242.55185012,     12.79876147,   39.09746078,   29.10832227,   42.14570444,     39.78529131], [  735.32211642, -262.46338286,  248.04700686,   34.89568079,     99.55175795,  144.42098359,  117.88504605,   12.79876147,    223.18637037,   49.07494141,   12.77475463,   18.16883664,     30.53094482], [   52.88540577,  -29.1405725 ,   76.94905656,   35.25653051,     56.69330021,   50.88904087,   34.02894867,   39.09746078,     49.07494141,  132.10742505,   58.29275879,   23.41118629,     11.24439989], [   39.89395654,  -39.60201112,   47.28186964,   54.25302253,     24.60920339,   63.17457879,   36.20996366,   29.10832227,     12.77475463,   58.29275879,  134.87544074,   47.10147604,     -6.13115386], [  -74.87631556,  -55.27099922,   52.79205258,   63.38868395,     34.57287834,   54.74109359,   25.03457901,   42.14570444,     18.16883664,   23.41118629,   47.10147604,  109.84669191,     43.50739941], [ -175.5885957 ,   -7.30071111,   57.62560171,   32.79243888,     41.61881978,   37.19002247,   17.7755567 ,   39.78529131,     30.53094482,   11.24439989,   -6.13115386,   43.50739941,     97.81210184]]
