/root/sim/music/out/Oasis/Definitely_Maybe/07_Bring_It_On_Down.mp3; [-498.15945   , 132.71794   , -34.244003  ,  48.090424  ,   6.0845523 ,   12.398844  ,   1.8762226 ,   5.5205116 ,   5.454278  ,  -0.35302457,   -8.964827  ,   1.7853495 ,  -0.86070293]; [[9141.91782839,-905.15580559,-426.08209664,  54.55788149,  23.97834384,   220.01581492,  -7.61227588,   6.24085768, -68.30144331,  94.41590628,    83.82347632,  88.5742976 ,  52.62172516], [-905.15580559,1116.46197223,-221.83843287, 211.2541019 , -25.57922121,   -65.5634344 ,  38.86335813, -18.62455551,  80.45254456, -16.43269376,   -63.34640526,  10.93638328, -28.802267  ], [-426.08209664,-221.83843287, 388.37426085, -72.48502736, -21.68408337,    27.7077209 , -65.4671684 ,  26.95695376, -38.79106878, -15.49100224,    23.25575534, -30.6807583 ,  -7.55291147], [  54.55788149, 211.2541019 , -72.48502736, 156.81595316,   2.74163492,     8.71497976,  -1.77969848,  -1.02702288,  11.84003074,  -5.40071958,    -1.79117097,  15.5348719 , -10.55956271], [  23.97834384, -25.57922121, -21.68408337,   2.74163492,  78.37723184,     6.55150404,  20.04215929,  -6.92570963,   3.20347809,  11.39056689,     4.27997456,  10.32469729,  11.38583244], [ 220.01581492, -65.5634344 ,  27.7077209 ,   8.71497976,   6.55150404,    76.16113467,   6.70266275,  16.61492656, -15.97348849,  -1.27474309,     6.10143319,  -0.33808453,   2.18281368], [  -7.61227588,  38.86335813, -65.4671684 ,  -1.77969848,  20.04215929,     6.70266275,  75.0258368 ,  12.87264101,  18.15198406,   3.638443  ,    -5.56820447,   8.33517698,   6.31535885], [   6.24085768, -18.62455551,  26.95695376,  -1.02702288,  -6.92570963,    16.61492656,  12.87264101,  51.40982543,  11.80780406,   0.26149689,    -1.42718112,  -1.74546414,   1.53802676], [ -68.30144331,  80.45254456, -38.79106878,  11.84003074,   3.20347809,   -15.97348849,  18.15198406,  11.80780406,  58.96312715,  15.86156306,    -8.27978163,   3.23207065,  -0.8019187 ], [  94.41590628, -16.43269376, -15.49100224,  -5.40071958,  11.39056689,    -1.27474309,   3.638443  ,   0.26149689,  15.86156306,  46.11771015,    18.34192211,   8.68360991,   7.60443951], [  83.82347632, -63.34640526,  23.25575534,  -1.79117097,   4.27997456,     6.10143319,  -5.56820447,  -1.42718112,  -8.27978163,  18.34192211,    51.91635632,  19.50606448,   4.63740048], [  88.5742976 ,  10.93638328, -30.6807583 ,  15.5348719 ,  10.32469729,    -0.33808453,   8.33517698,  -1.74546414,   3.23207065,   8.68360991,    19.50606448,  42.44236506,  16.32277417], [  52.62172516, -28.802267  ,  -7.55291147, -10.55956271,  11.38583244,     2.18281368,   6.31535885,   1.53802676,  -0.8019187 ,   7.60443951,     4.63740048,  16.32277417,  40.17131204]]
/root/sim/music/out/Oasis/Interviews_2/01_Interviews.mp3; [-700.62103   , 117.42991   ,   0.17672566,  30.621202  ,  16.191214  ,    4.191869  ,  -3.2284896 ,   3.9258304 ,  -6.5911603 ,   1.9092338 ,   -0.18288676,   0.90575194,  -2.3284485 ]; [[16267.59314713,-1255.26452952,-1658.11373879, -354.05361876,   -919.19644664, -383.06736123, -279.42903708,   71.26379851,   -143.08729804,   94.45155019,  -68.5364683 , -130.97885657,   -123.3628323 ], [-1255.26452952, 4018.98714991, -275.51369646, -762.75497824,   -295.27300568, -626.09241188, -274.64833986, -247.86070684,   -359.70805396, -317.58044548, -108.40106625,  -99.26122956,     23.44216395], [-1658.11373879, -275.51369646, 1472.02829566,  433.11264736,    184.21955188,  224.91356814,  161.62882654,   13.1410516 ,    -15.23910003,  -15.03299897,  -87.71680827,   16.02344491,     15.46791822], [ -354.05361876, -762.75497824,  433.11264736,  751.42873863,    292.72023281,  200.36823629,   55.72130386,  -28.3125575 ,     77.12204555,   63.34132101,  -38.30339269,    0.17487707,     18.96910591], [ -919.19644664, -295.27300568,  184.21955188,  292.72023281,    664.25468487,  168.21102826,  -51.7047111 ,   34.18656322,     56.43019005,   75.23729099,   38.7330173 ,   13.32910673,     27.29227873], [ -383.06736123, -626.09241188,  224.91356814,  200.36823629,    168.21102826,  404.08710002,  154.98824676,   48.8500238 ,    124.2853509 ,   60.48873462,   33.44864205,   39.29036077,     -6.25268583], [ -279.42903708, -274.64833986,  161.62882654,   55.72130386,    -51.7047111 ,  154.98824676,  335.36378907,  122.93896174,     72.36762072,   33.3314344 ,   30.63128255,   40.08403386,      6.38620025], [   71.26379851, -247.86070684,   13.1410516 ,  -28.3125575 ,     34.18656322,   48.8500238 ,  122.93896174,  299.24202968,     84.60012198,   34.65142189,   54.31547208,   24.11045868,     16.38061315], [ -143.08729804, -359.70805396,  -15.23910003,   77.12204555,     56.43019005,  124.2853509 ,   72.36762072,   84.60012198,    231.07349711,   74.17574667,   28.80940462,   32.62914035,      4.55856609], [   94.45155019, -317.58044548,  -15.03299897,   63.34132101,     75.23729099,   60.48873462,   33.3314344 ,   34.65142189,     74.17574667,  174.25929751,   55.00967132,   14.87164117,     -0.67138999], [  -68.5364683 , -108.40106625,  -87.71680827,  -38.30339269,     38.7330173 ,   33.44864205,   30.63128255,   54.31547208,     28.80940462,   55.00967132,  150.36261078,   45.64933864,     -5.13846638], [ -130.97885657,  -99.26122956,   16.02344491,    0.17487707,     13.32910673,   39.29036077,   40.08403386,   24.11045868,     32.62914035,   14.87164117,   45.64933864,  116.91280706,     30.86318066], [ -123.3628323 ,   23.44216395,   15.46791822,   18.96910591,     27.29227873,   -6.25268583,    6.38620025,   16.38061315,      4.55856609,   -0.67138999,   -5.13846638,   30.86318066,    108.440588  ]]
/root/sim/music/out/Oasis/The_Masterplan/08-Listen_Up.mp3; [-454.18094   , 101.47881   , -26.969152  ,  29.500376  ,  -0.89280283,   -0.8861408 ,   4.68579   ,  11.467538  ,   0.49570772,   6.2930393 ,    0.9971863 ,   3.4675493 ,   1.1795987 ]; [[3200.94407562, 155.03006899,  49.53770997,-112.05523509,  24.86073734,    81.3039302 ,  -1.19507453,  17.83674119,   9.1005515 ,  -9.04131217,   -27.56268769, -83.89986259, -24.28996566], [ 155.03006899, 551.32785945,-247.96535047,  37.39886813,   1.59269319,     1.46168299,  53.4090078 ,  11.18538254,  16.79279406,  30.85614105,   -15.53293066,  16.28419274,   3.38752176], [  49.53770997,-247.96535047, 310.06682918,  -9.62057049,  27.69175476,    17.43106916, -26.90200655,   6.43984306,  -0.7345708 , -24.91367988,    -0.25492508, -21.45238819,  -6.23194468], [-112.05523509,  37.39886813,  -9.62057049, 151.01095748,  10.78658651,   -34.838627  , -16.21330999, -11.57645424,  -9.64146033,   6.87053964,    15.87282916,  29.15267792,   3.14954155], [  24.86073734,   1.59269319,  27.69175476,  10.78658651,  80.8902015 ,    24.83215928,   0.21771874,   0.89639329,  10.79636837,   3.95697272,     2.77949516,   4.24095636,  11.17202736], [  81.3039302 ,   1.46168299,  17.43106916, -34.838627  ,  24.83215928,    85.77042751,  28.24105917,  13.28507049,   6.01893128,  -3.87230666,    -7.92365441,  -8.06175839,   3.5713633 ], [  -1.19507453,  53.4090078 , -26.90200655, -16.21330999,   0.21771874,    28.24105917,  80.02848643,  30.80711303,  10.06666649,   4.45677653,    -4.30818177,  -1.16908877,  -5.3751169 ], [  17.83674119,  11.18538254,   6.43984306, -11.57645424,   0.89639329,    13.28507049,  30.80711303,  53.87846255,  27.22641502,   6.94899166,    -5.14679352,  -7.53573791,  -3.10201491], [   9.1005515 ,  16.79279406,  -0.7345708 ,  -9.64146033,  10.79636837,     6.01893128,  10.06666649,  27.22641502,  59.94357106,  25.54741281,    -5.52524988, -14.15424541,  -7.99535856], [  -9.04131217,  30.85614105, -24.91367988,   6.87053964,   3.95697272,    -3.87230666,   4.45677653,   6.94899166,  25.54741281,  52.18118651,    21.47405437,   2.93753038,  -4.05762856], [ -27.56268769, -15.53293066,  -0.25492508,  15.87282916,   2.77949516,    -7.92365441,  -4.30818177,  -5.14679352,  -5.52524988,  21.47405437,    54.11944137,  33.43468166,  14.51254286], [ -83.89986259,  16.28419274, -21.45238819,  29.15267792,   4.24095636,    -8.06175839,  -1.16908877,  -7.53573791, -14.15424541,   2.93753038,    33.43468166,  67.81552364,  34.56549162], [ -24.28996566,   3.38752176,  -6.23194468,   3.14954155,  11.17202736,     3.5713633 ,  -5.3751169 ,  -3.10201491,  -7.99535856,  -4.05762856,    14.51254286,  34.56549162,  50.52080447]]
/root/sim/music/out/Oasis/The_Masterplan/12-Stay_Young.mp3; [-466.0656    ,  90.75028   , -27.580729  ,  31.609638  ,   5.6804395 ,   16.403473  ,   1.8550185 ,   2.6509187 ,  -6.1295233 ,   1.0103209 ,   -0.6290646 ,  -0.04888937,  -5.390156  ]; [[9503.14059798,-200.91684801, 411.9946725 ,-391.14884483,  42.80309604,   141.63103778,  -1.65154628,  75.27270429,-105.36443689, 153.16027893,   110.09405403, 109.8984713 , -14.09233093], [-200.91684801, 315.8285547 ,-157.15500327,  85.78343021, -85.00862943,     7.48583182,  -3.51281269,  -4.84259145,  10.05075974,  -8.47647003,     4.81496751, -11.80789649,   0.38654151], [ 411.9946725 ,-157.15500327, 334.56473615,-132.60317018,  81.88508568,   -27.14678438, -30.15138365,   9.70568054, -24.1769459 ,  23.12058228,     7.56606783,  22.45650989,   2.93888752], [-391.14884483,  85.78343021,-132.60317018, 224.73378443,  19.35873148,    18.94300452,  -8.25086333, -25.00306286,   6.161219  , -26.40054283,    -2.84819062,  -4.42172588,  16.18825631], [  42.80309604, -85.00862943,  81.88508568,  19.35873148, 103.38138573,    14.01057555,  -8.27878537, -11.35086614,  -6.82410304,  -0.68761357,     5.39063446,  12.37245776,   9.74016361], [ 141.63103778,   7.48583182, -27.14678438,  18.94300452,  14.01057555,    89.88202804,  32.04323574,  13.77964534,  -5.9311861 ,   6.56830259,     8.05090892,   5.53403303,   0.91679924], [  -1.65154628,  -3.51281269, -30.15138365,  -8.25086333,  -8.27878537,    32.04323574,  85.10543707,  20.38574939,  15.34573814,  -4.17043893,     0.22642337,  -3.92889219,  -2.98194527], [  75.27270429,  -4.84259145,   9.70568054, -25.00306286, -11.35086614,    13.77964534,  20.38574939,  55.45197279,  16.83672181,  14.51146297,    -1.51971335,   1.79851065,  -3.91556418], [-105.36443689,  10.05075974, -24.1769459 ,   6.161219  ,  -6.82410304,    -5.9311861 ,  15.34573814,  16.83672181,  59.33757258,  15.2057754 ,     5.00974205,  -7.25062685,  -0.9095678 ], [ 153.16027893,  -8.47647003,  23.12058228, -26.40054283,  -0.68761357,     6.56830259,  -4.17043893,  14.51146297,  15.2057754 ,  58.66645759,    21.00315535,   8.47599548,  -2.6970603 ], [ 110.09405403,   4.81496751,   7.56606783,  -2.84819062,   5.39063446,     8.05090892,   0.22642337,  -1.51971335,   5.00974205,  21.00315535,    46.74112864,  18.46396469,   4.87553769], [ 109.8984713 , -11.80789649,  22.45650989,  -4.42172588,  12.37245776,     5.53403303,  -3.92889219,   1.79851065,  -7.25062685,   8.47599548,    18.46396469,  40.15713126,  13.59330636], [ -14.09233093,   0.38654151,   2.93888752,  16.18825631,   9.74016361,     0.91679924,  -2.98194527,  -3.91556418,  -0.9095678 ,  -2.6970603 ,     4.87553769,  13.59330636,  35.12138083]]
/root/sim/music/out/Oasis/The_Masterplan/14-The_Masterplan.mp3; [-592.26843   , 136.45782   ,   4.657613  ,  34.953102  ,  14.369834  ,    0.7139498 ,  -1.6192039 ,  -0.31850675,   0.23045565,  -0.64168   ,   -1.3938787 ,   0.27445048,  -0.99005663]; [[26730.38896519,-2230.26312087,-1593.23024812, -279.25550911,  -1165.91496815,   24.67880921,   40.48168341, -277.32355093,    108.45084407,  -39.07894265,   67.81444221,   72.74216408,    -51.95327813], [-2230.26312087, 1631.69356182, -234.53824628,  133.67006568,    215.20427027,  -89.82409659,  -47.77207975,   53.11692606,    -28.10854076,  -48.04641987,  -52.58280727,   -7.86119704,      9.10208304], [-1593.23024812, -234.53824628,  682.17719869,  -46.03180843,     86.43224868,  113.6715302 ,   51.34945764,   51.50002863,     41.2492473 ,   37.27415067,   17.14281534,   -1.31700958,    -10.84379004], [ -279.25550911,  133.67006568,  -46.03180843,  260.2651155 ,     93.47481649,   42.26975432,   27.12322385,   25.30615332,      5.27707099,   27.51698837,   -9.7590684 ,    7.08132592,     39.87099807], [-1165.91496815,  215.20427027,   86.43224868,   93.47481649,    234.22907861,   30.30851662,   -2.17934292,   26.43348218,      2.77652218,   21.35247883,  -10.65544752,   -0.69197066,     14.80145744], [   24.67880921,  -89.82409659,  113.6715302 ,   42.26975432,     30.30851662,  174.59344575,   84.99279963,   37.14961923,     37.92440158,   38.56931689,   26.43533387,    5.42011222,     -4.08483511], [   40.48168341,  -47.77207975,   51.34945764,   27.12322385,     -2.17934292,   84.99279963,  140.25210768,   43.37030871,     26.99569397,   24.37485953,   19.8624406 ,    9.04796265,      3.46721004], [ -277.32355093,   53.11692606,   51.50002863,   25.30615332,     26.43348218,   37.14961923,   43.37030871,   92.21267475,     33.47315793,   15.61086457,    7.43292588,    5.34556795,      7.37618983], [  108.45084407,  -28.10854076,   41.2492473 ,    5.27707099,      2.77652218,   37.92440158,   26.99569397,   33.47315793,     87.40113019,   29.51445776,   10.35803306,    2.1629693 ,     -2.56125526], [  -39.07894265,  -48.04641987,   37.27415067,   27.51698837,     21.35247883,   38.56931689,   24.37485953,   15.61086457,     29.51445776,   90.66472005,   33.3131913 ,   -3.84326114,      1.4576118 ], [   67.81444221,  -52.58280727,   17.14281534,   -9.7590684 ,    -10.65544752,   26.43533387,   19.8624406 ,    7.43292588,     10.35803306,   33.3131913 ,   71.06476632,   17.65552093,     -3.19028961], [   72.74216408,   -7.86119704,   -1.31700958,    7.08132592,     -0.69197066,    5.42011222,    9.04796265,    5.34556795,      2.1629693 ,   -3.84326114,   17.65552093,   58.88330753,     20.92287513], [  -51.95327813,    9.10208304,  -10.84379004,   39.87099807,     14.80145744,   -4.08483511,    3.46721004,    7.37618983,     -2.56125526,    1.4576118 ,   -3.19028961,   20.92287513,     68.42439138]]
/root/sim/music/out/Oasis/The_Masterplan/11-(It's_Good)_To_Be_Free.mp3; [-491.2712    ,  96.17603   , -27.101091  ,  28.387003  ,  -3.565247  ,    2.5384846 ,   0.29236218,   5.5547304 ,  -2.0401356 ,   5.321431  ,   -0.85369426,   3.2325234 ,  -5.209258  ]; [[12070.451454  ,  323.27280261, 1158.21328807,  687.81175778,   1216.89414904,   85.80772643,  841.38792096,  412.29515514,   -114.38675616, -454.93964344, -259.46415712,  -77.22573788,     79.42137741], [  323.27280261,  568.94891028, -103.67224822,  149.94000641,     33.48210015,  -10.33325127,   82.19322009,   20.08363189,    -14.26355036,  -23.49319611,  -26.5535692 ,   29.25892252,      4.90359447], [ 1158.21328807, -103.67224822,  585.82459272,   40.86571387,    304.23164423,   13.77154555,   55.35175269,   95.97537588,    -29.24983366,  -50.62009241,    7.86327209,  -17.38757765,     38.10556904], [  687.81175778,  149.94000641,   40.86571387,  223.95738827,    140.17113259,   19.69261126,   63.74097761,   17.50973149,      2.24527413,  -24.99452199,  -20.36635352,   15.37008913,     -3.02623961], [ 1216.89414904,   33.48210015,  304.23164423,  140.17113259,    341.72132323,   59.30551397,  129.6789971 ,   54.973033  ,    -19.59444558,  -59.32937709,  -10.07159268,  -11.83208798,     -0.82496266], [   85.80772643,  -10.33325127,   13.77154555,   19.69261126,     59.30551397,   97.16176106,   48.59037817,    1.61680486,    -20.80400055,  -13.51213897,    0.34669388,    0.82883597,    -17.60313841], [  841.38792096,   82.19322009,   55.35175269,   63.74097761,    129.6789971 ,   48.59037817,  185.77844426,   44.87167035,     -1.26931818,  -63.17302678,  -30.86948447,  -16.48010789,     -3.17707854], [  412.29515514,   20.08363189,   95.97537588,   17.50973149,     54.973033  ,    1.61680486,   44.87167035,  103.97678176,      8.72041335,  -14.43241897,  -22.25839247,   -1.70432689,     23.33399256], [ -114.38675616,  -14.26355036,  -29.24983366,    2.24527413,    -19.59444558,  -20.80400055,   -1.26931818,    8.72041335,     90.41697494,   36.25609043,    1.35004295,  -19.96810302,    -11.97724564], [ -454.93964344,  -23.49319611,  -50.62009241,  -24.99452199,    -59.32937709,  -13.51213897,  -63.17302678,  -14.43241897,     36.25609043,   96.14323702,   34.63097222,    4.35532583,    -16.42710609], [ -259.46415712,  -26.5535692 ,    7.86327209,  -20.36635352,    -10.07159268,    0.34669388,  -30.86948447,  -22.25839247,      1.35004295,   34.63097222,   78.1570501 ,   19.74758542,      0.30799641], [  -77.22573788,   29.25892252,  -17.38757765,   15.37008913,    -11.83208798,    0.82883597,  -16.48010789,   -1.70432689,    -19.96810302,    4.35532583,   19.74758542,   73.33252933,     27.17552972], [   79.42137741,    4.90359447,   38.10556904,   -3.02623961,     -0.82496266,  -17.60313841,   -3.17707854,   23.33399256,    -11.97724564,  -16.42710609,    0.30799641,   27.17552972,     72.21593832]]
/root/sim/music/out/Oasis/The_Masterplan/07-I_Am_The_Walrus_[Live].mp3; [-467.42825   , 101.53384   , -21.287504  ,  29.72869   ,  14.061564  ,    4.001144  ,   2.654744  ,   1.7110683 ,   5.433134  ,   0.21978152,   -3.2414203 ,   0.0589337 ,   0.49926135]; [[8293.50729789,  34.46489571,  56.48168188,  30.39402112, 176.91695592,   189.73946488, 102.91104953,   5.422106  , -34.85410357, -44.49177311,   -57.1336677 ,  51.19214949, -22.02141017], [  34.46489571, 555.49804313,-192.39955882, 123.6087549 , -18.67646899,   -44.32617709,  44.70840805, -20.34526584,  10.35094695,   8.97682736,    -4.29662807,   6.76735888,   8.60334111], [  56.48168188,-192.39955882, 255.35998543, -24.38460155,  16.43449278,    19.952644  , -29.00736218,  21.53748236,  -2.30530771,   0.13874329,     0.1598406 ,  -6.00207642, -11.85451294], [  30.39402112, 123.6087549 , -24.38460155, 155.46433995,  34.90600867,    33.68625257,  22.73014857,  14.61496434,  24.05192023,  14.18032384,    10.08096203,  -1.55079646,   9.77996539], [ 176.91695592, -18.67646899,  16.43449278,  34.90600867, 104.10230299,    51.31587774,  47.36126584,  20.15136102,  28.21377978,  16.34372547,    -0.65671089,  11.91653604,  -2.57127526], [ 189.73946488, -44.32617709,  19.952644  ,  33.68625257,  51.31587774,   108.02176982,  44.82007288,  33.66908993,  17.73577678,   7.10736998,     4.98728088,   3.44871706,  -0.9377443 ], [ 102.91104953,  44.70840805, -29.00736218,  22.73014857,  47.36126584,    44.82007288, 113.63440288,  41.18170522,  18.91302239,  17.95385876,     7.94284532,   9.59725248,  -1.98107205], [   5.422106  , -20.34526584,  21.53748236,  14.61496434,  20.15136102,    33.66908993,  41.18170522,  68.8214875 ,  32.28142746,  17.94184445,     2.55271484,   1.19239723,  -2.31321682], [ -34.85410357,  10.35094695,  -2.30530771,  24.05192023,  28.21377978,    17.73577678,  18.91302239,  32.28142746,  71.07872027,  32.60860944,     8.48318859,   6.8555499 ,   2.1525734 ], [ -44.49177311,   8.97682736,   0.13874329,  14.18032384,  16.34372547,     7.10736998,  17.95385876,  17.94184445,  32.60860944,  59.47838643,    23.42773562,   9.73938842,  -2.3209325 ], [ -57.1336677 ,  -4.29662807,   0.1598406 ,  10.08096203,  -0.65671089,     4.98728088,   7.94284532,   2.55271484,   8.48318859,  23.42773562,    51.59947543,  18.06458547,  10.31124757], [  51.19214949,   6.76735888,  -6.00207642,  -1.55079646,  11.91653604,     3.44871706,   9.59725248,   1.19239723,   6.8555499 ,   9.73938842,    18.06458547,  48.11725228,  15.48055666], [ -22.02141017,   8.60334111, -11.85451294,   9.77996539,  -2.57127526,    -0.9377443 ,  -1.98107205,  -2.31321682,   2.1525734 ,  -2.3209325 ,    10.31124757,  15.48055666,  43.74737115]]
/root/sim/music/out/Oasis/The_Masterplan/13-Headshrinker.mp3; [-452.09256   , 113.440506  , -27.26032   ,  23.50365   ,  -1.9152387 ,    2.4804523 ,   8.299994  ,   4.545293  ,  -1.6879207 ,   0.73872703,    2.2584138 ,   2.510354  ,  -3.703468  ]; [[5122.1627093 ,-960.08438465, 130.45905042,-332.6985495 , -78.59950908,   179.68221513, -33.08862046, -26.81031428, -30.69819854,  56.64339186,    62.44062521, -44.87562677,  42.73502252], [-960.08438465, 558.78593332,-130.89321668, 144.78388548, -25.71154801,   -31.63584016,  13.55768595,  26.32723852,  17.32005999,  -9.88432381,    -4.39864946,  13.81354437, -18.13517178], [ 130.45905042,-130.89321668, 348.14174425, -49.02677417,  82.5095576 ,   -21.79398124, -36.10102458,  17.67500924,   7.44797821,  20.7135724 ,     9.99089031, -16.05541549,  38.57156604], [-332.6985495 , 144.78388548, -49.02677417, 231.60164039,  35.49795768,   -41.6547848 , -25.36278403,   3.87808855,  24.0542243 ,  -7.59941272,    -8.05965675,  21.8164799 ,  -7.20401094], [ -78.59950908, -25.71154801,  82.5095576 ,  35.49795768,  91.02872967,     6.4054629 , -11.53022519,   1.92398479,  13.47647724,   5.93246269,     3.42261385,  -1.51030229,  13.85063889], [ 179.68221513, -31.63584016, -21.79398124, -41.6547848 ,   6.4054629 ,   100.45150196,  37.65312256,  -2.57379794, -11.19052653,   1.42336151,     4.14216294,  -6.16795419,   8.52515852], [ -33.08862046,  13.55768595, -36.10102458, -25.36278403, -11.53022519,    37.65312256,  83.95954591,   2.16276192,  -9.26988199, -10.08509494,    -5.12549197,  12.26559446,   0.66101514], [ -26.81031428,  26.32723852,  17.67500924,   3.87808855,   1.92398479,    -2.57379794,   2.16276192,  70.24895316,  19.62235492,   0.08848612,     3.02068999,  -4.3940519 ,   3.59479773], [ -30.69819854,  17.32005999,   7.44797821,  24.0542243 ,  13.47647724,   -11.19052653,  -9.26988199,  19.62235492,  47.61399023,  21.5063308 ,     4.24468662,  -5.55939016,  -0.89213221], [  56.64339186,  -9.88432381,  20.7135724 ,  -7.59941272,   5.93246269,     1.42336151, -10.08509494,   0.08848612,  21.5063308 ,  48.2924918 ,    18.42763793,  -4.89080866,  -4.2773152 ], [  62.44062521,  -4.39864946,   9.99089031,  -8.05965675,   3.42261385,     4.14216294,  -5.12549197,   3.02068999,   4.24468662,  18.42763793,    41.70137746,  11.49121598,   4.05664358], [ -44.87562677,  13.81354437, -16.05541549,  21.8164799 ,  -1.51030229,    -6.16795419,  12.26559446,  -4.3940519 ,  -5.55939016,  -4.89080866,    11.49121598,  43.80119091,  14.97905704], [  42.73502252, -18.13517178,  38.57156604,  -7.20401094,  13.85063889,     8.52515852,   0.66101514,   3.59479773,  -0.89213221,  -4.2773152 ,     4.05664358,  14.97905704,  44.94882573]]
/root/sim/music/out/Oasis/The_Masterplan/10-Half_The_World_Away.mp3; [-615.1285    , 146.71658   ,   2.9095545 ,   9.945665  ,   6.384295  ,   -0.21543775,  -2.928197  ,   2.963248  ,  -1.6801498 ,  -2.7928512 ,   -1.8005996 ,  -5.6604633 ,  -8.04146   ]; [[16911.19321151,-3044.97028379,-1643.42901592,    3.30048801,    -51.37317345,   74.18529303,    8.3771657 ,  286.93427841,    139.12505678,  -58.31773111,  259.24408989,   58.43054547,    -64.38015593], [-3044.97028379, 2322.67894642,  114.65484218, -156.21557996,    -93.62474959,  -85.47333055,  -37.4662481 ,  -50.92337373,    -10.81899663,   -3.87372675,  -16.86624153,    4.80954734,     -0.45871028], [-1643.42901592,  114.65484218,  613.27777338,  -20.4052963 ,      8.37465551,   34.61967045,   12.7024431 ,  -45.46350538,    -10.8811778 ,   16.46581253,  -30.86308622,   19.2761564 ,     37.86094405], [    3.30048801, -156.21557996,  -20.4052963 ,  344.10205353,    166.57557506,  -35.08973588,   31.83621213,   14.89709203,     -3.40138677,   44.87328687,  -44.39463887,  -16.16647506,     48.17336917], [  -51.37317345,  -93.62474959,    8.37465551,  166.57557506,    250.48957587,    0.93456623,  -28.98239712,  -10.00151722,     31.51262239,   39.72084551,  -39.83044264,   -4.53422946,     27.29915762], [   74.18529303,  -85.47333055,   34.61967045,  -35.08973588,      0.93456623,  184.60220064,   43.41014962,    4.34971554,     44.79927733,    4.75199448,   40.11081363,   27.26291396,    -17.89915638], [    8.3771657 ,  -37.4662481 ,   12.7024431 ,   31.83621213,    -28.98239712,   43.41014962,  150.06757303,   35.06338433,    -27.42484578,   12.61110932,   25.81130126,   17.41205219,      4.93459877], [  286.93427841,  -50.92337373,  -45.46350538,   14.89709203,    -10.00151722,    4.34971554,   35.06338433,   90.98579108,     20.22018231,  -15.60004582,   16.13576392,   18.41914959,     -0.14626003], [  139.12505678,  -10.81899663,  -10.8811778 ,   -3.40138677,     31.51262239,   44.79927733,  -27.42484578,   20.22018231,    117.89653846,    9.12539235,    7.32196693,   14.76388449,     -1.74354337], [  -58.31773111,   -3.87372675,   16.46581253,   44.87328687,     39.72084551,    4.75199448,   12.61110932,  -15.60004582,      9.12539235,   90.6241959 ,   10.19960388,  -11.77116847,     18.20684907], [  259.24408989,  -16.86624153,  -30.86308622,  -44.39463887,    -39.83044264,   40.11081363,   25.81130126,   16.13576392,      7.32196693,   10.19960388,   96.5090479 ,   31.48928922,     -4.34413327], [   58.43054547,    4.80954734,   19.2761564 ,  -16.16647506,     -4.53422946,   27.26291396,   17.41205219,   18.41914959,     14.76388449,  -11.77116847,   31.48928922,   87.6878762 ,      6.59945723], [  -64.38015593,   -0.45871028,   37.86094405,   48.17336917,     27.29915762,  -17.89915638,    4.93459877,   -0.14626003,     -1.74354337,   18.20684907,   -4.34413327,    6.59945723,     79.80866997]]
/root/sim/music/out/Oasis/The_Masterplan/04-Going_Nowhere.mp3; [-510.35187   , 125.209915  ,   1.2647002 ,  18.849678  ,  -1.7503301 ,    3.1230571 ,  -4.2712884 ,  -0.42397976,   0.36663303,  -1.1905162 ,   -1.3951534 ,   0.15024213,  -3.93876   ]; [[ 7461.46284051,-1106.80172577, -762.61134299, -135.10566402,   -235.79773579,   -9.49793129,  -47.77206007,  -57.62071863,    183.40568423,   43.28043481,    9.50291657,   16.31653484,      5.23757082], [-1106.80172577,  762.11950193,  -61.59564468,   21.34848646,      9.40667241,  -14.8105237 ,   38.51291664,    9.70622532,    -23.85930112,   -5.11294544,   14.18793842,   23.29610605,      1.21055759], [ -762.61134299,  -61.59564468,  549.48997475,  -36.6525442 ,     93.08301008,   51.14634955,   10.64796098,   34.6745814 ,    -37.36244584,  -10.36031086,   -0.36857994,  -46.27061078,    -12.90790698], [ -135.10566402,   21.34848646,  -36.6525442 ,  206.57066015,     35.32812734,   -2.45275056,    2.45583798,    9.35556698,     -9.0396609 ,  -11.12072995,  -17.16386642,   22.34881626,     12.790471  ], [ -235.79773579,    9.40667241,   93.08301008,   35.32812734,    167.42207199,   -5.33098047,  -25.81180832,    5.27892916,     -5.69381763,    2.21915707,  -12.46020484,   -7.41609311,     12.82374926], [   -9.49793129,  -14.8105237 ,   51.14634955,   -2.45275056,     -5.33098047,  111.93201271,   37.41676338,   11.51931574,      4.74865659,   10.76484443,    1.00028314,  -14.08619273,     -6.25454593], [  -47.77206007,   38.51291664,   10.64796098,    2.45583798,    -25.81180832,   37.41676338,  109.91172869,   26.2882485 ,     -5.12578871,   -6.61990263,    4.46506598,   11.02958081,     -7.76296141], [  -57.62071863,    9.70622532,   34.6745814 ,    9.35556698,      5.27892916,   11.51931574,   26.2882485 ,   71.29983604,      2.8581015 ,   -3.25570099,   -6.07422682,    3.03298302,     -0.33822153], [  183.40568423,  -23.85930112,  -37.36244584,   -9.0396609 ,     -5.69381763,    4.74865659,   -5.12578871,    2.8581015 ,     75.37312016,   25.62026075,   12.52933562,   -0.52943299,     -2.3349297 ], [   43.28043481,   -5.11294544,  -10.36031086,  -11.12072995,      2.21915707,   10.76484443,   -6.61990263,   -3.25570099,     25.62026075,   72.1396907 ,   22.89750138,    1.65808184,      1.58415695], [    9.50291657,   14.18793842,   -0.36857994,  -17.16386642,    -12.46020484,    1.00028314,    4.46506598,   -6.07422682,     12.52933562,   22.89750138,   69.83605214,   27.36372106,     -6.29565697], [   16.31653484,   23.29610605,  -46.27061078,   22.34881626,     -7.41609311,  -14.08619273,   11.02958081,    3.03298302,     -0.52943299,    1.65808184,   27.36372106,   78.49854979,     20.54185795], [    5.23757082,    1.21055759,  -12.90790698,   12.790471  ,     12.82374926,   -6.25454593,   -7.76296141,   -0.33822153,     -2.3349297 ,    1.58415695,   -6.29565697,   20.54185795,     62.90494297]]
/root/sim/music/out/Oasis/The_Masterplan/03-Talk_Tonight.mp3; [-614.8056    , 150.94333   ,   6.398129  ,   8.572447  ,  -4.757742  ,    0.39934903,   5.1903977 ,  -7.92147   ,  -2.7408242 ,  -6.7444153 ,   -7.98501   ,  -1.6447412 , -12.741793  ]; [[19433.88728903, -465.46074582,-2248.37112803,-1406.02066316,  -1180.32113598, -697.41918171, -238.97454094, -457.49216625,     36.44265375, -158.47125598, -108.02161764,   71.29041173,   -297.57186726], [ -465.46074582, 1164.62764065, -151.78914571,   -7.7637533 ,    -78.53428106,   -7.70094394,  -45.05019979,   35.48750117,    -40.07574567,  -54.22147819,   36.99792573,   34.84054506,     -2.92114631], [-2248.37112803, -151.78914571,  660.42202184,  203.85561964,    179.12756894,  103.84210654,   72.05338621,   46.93783584,    -23.94069357,   20.79810526,    3.44464074,   -4.85892995,     42.51808431], [-1406.02066316,   -7.7637533 ,  203.85561964,  317.98508244,    204.96730007,   17.38665154,  -22.61253376,   16.87356239,    -30.5008034 ,   34.70989023,  -17.54632517,  -16.02515212,     62.05214943], [-1180.32113598,  -78.53428106,  179.12756894,  204.96730007,    277.36193933,   45.80438883,  -22.84020117,    9.28608907,    -11.44265154,   38.37075098,   -9.4886122 ,  -23.93288106,     40.82696096], [ -697.41918171,   -7.70094394,  103.84210654,   17.38665154,     45.80438883,  165.56036681,   79.698562  ,   35.89008856,     20.37672689,    1.57235791,   17.30553547,    9.08657911,    -11.96714713], [ -238.97454094,  -45.05019979,   72.05338621,  -22.61253376,    -22.84020117,   79.698562  ,  148.05798172,   39.21862987,     12.66402963,   -2.94038603,   10.21506024,   17.93560695,     -8.65641361], [ -457.49216625,   35.48750117,   46.93783584,   16.87356239,      9.28608907,   35.89008856,   39.21862987,   96.25552807,     21.41239717,   -0.09177005,   24.95787521,    0.50000354,      2.65113693], [   36.44265375,  -40.07574567,  -23.94069357,  -30.5008034 ,    -11.44265154,   20.37672689,   12.66402963,   21.41239717,     98.79154179,   14.16505036,    6.85363016,    4.25963249,    -17.65557652], [ -158.47125598,  -54.22147819,   20.79810526,   34.70989023,     38.37075098,    1.57235791,   -2.94038603,   -0.09177005,     14.16505036,   86.19060041,   16.06588768,   -0.59825597,     10.31250272], [ -108.02161764,   36.99792573,    3.44464074,  -17.54632517,     -9.4886122 ,   17.30553547,   10.21506024,   24.95787521,      6.85363016,   16.06588768,   94.41638508,   14.91147372,     -5.90008345], [   71.29041173,   34.84054506,   -4.85892995,  -16.02515212,    -23.93288106,    9.08657911,   17.93560695,    0.50000354,      4.25963249,   -0.59825597,   14.91147372,   66.88478086,     14.63245257], [ -297.57186726,   -2.92114631,   42.51808431,   62.05214943,     40.82696096,  -11.96714713,   -8.65641361,    2.65113693,    -17.65557652,   10.31250272,   -5.90008345,   14.63245257,     89.55371069]]
/root/sim/music/out/Oasis/The_Masterplan/01-Acquiesce.mp3; [-461.68912   , 109.062744  , -28.28541   ,  30.799587  ,  -0.06803186,    3.302017  ,   6.5442886 ,   3.14622   ,   0.15999871,   3.3219461 ,    0.46206832,   2.600146  ,  -3.2555993 ]; [[ 6163.68984396,-1006.9514861 ,  591.50458761,  256.60403103,    280.97360764,  218.81409283,   94.0881414 ,  113.76942841,     17.23849857,   17.59080646,  -54.88312195,  -55.66776232,    114.72592346], [-1006.9514861 ,  768.52271421, -296.72505149,   66.53392038,   -117.34044499,  -61.51183571,   17.06991539,   -6.63909663,      0.82185152,   24.2036041 ,   21.1095487 ,   27.4410175 ,    -66.7941588 ], [  591.50458761, -296.72505149,  361.80810789,  -27.49825164,     84.31718878,   20.95564121,   10.52757223,   33.94775881,    -18.09972123,    5.13330057,   -0.64549854,  -20.0739406 ,     30.40356288], [  256.60403103,   66.53392038,  -27.49825164,  164.00425224,     33.51050467,   15.31217582,    3.47496596,   11.77711297,     11.91196171,    4.93063598,  -17.5834119 ,   10.56408458,     11.01429915], [  280.97360764, -117.34044499,   84.31718878,   33.51050467,    133.39194292,   25.75595476,    0.01082444,    2.43441762,     17.30057324,    6.23818944,  -12.35015662,   -5.25265239,     22.21381509], [  218.81409283,  -61.51183571,   20.95564121,   15.31217582,     25.75595476,   91.79563205,   24.74379879,   19.45985436,     10.73258321,    7.53342006,   12.96630577,   -2.8823608 ,     11.37679915], [   94.0881414 ,   17.06991539,   10.52757223,    3.47496596,      0.01082444,   24.74379879,   93.07824351,   37.35964931,      2.45332372,    4.88337247,   12.32950197,   11.86586257,     -5.89761378], [  113.76942841,   -6.63909663,   33.94775881,   11.77711297,      2.43441762,   19.45985436,   37.35964931,   85.54008008,     25.77449667,   25.47058694,    8.593053  ,   11.05699526,     -0.10101588], [   17.23849857,    0.82185152,  -18.09972123,   11.91196171,     17.30057324,   10.73258321,    2.45332372,   25.77449667,     77.66449231,   26.14056533,   12.66288566,   -0.61342021,      6.88468464], [   17.59080646,   24.2036041 ,    5.13330057,    4.93063598,      6.23818944,    7.53342006,    4.88337247,   25.47058694,     26.14056533,   65.89877843,   25.1897184 ,    7.57561932,     -7.54943307], [  -54.88312195,   21.1095487 ,   -0.64549854,  -17.5834119 ,    -12.35015662,   12.96630577,   12.32950197,    8.593053  ,     12.66288566,   25.1897184 ,   60.98704142,   16.32407334,      0.63972702], [  -55.66776232,   27.4410175 ,  -20.0739406 ,   10.56408458,     -5.25265239,   -2.8823608 ,   11.86586257,   11.05699526,     -0.61342021,    7.57561932,   16.32407334,   47.7734127 ,     11.29645108], [  114.72592346,  -66.7941588 ,   30.40356288,   11.01429915,     22.21381509,   11.37679915,   -5.89761378,   -0.10101588,      6.88468464,   -7.54943307,    0.63972702,   11.29645108,     57.75136723]]
/root/sim/music/out/Oasis/The_Masterplan/05-Fade_Away.mp3; [-464.27783  , 103.707375 , -31.508196 ,  33.789196 ,   2.8106852,   11.276674 ,   7.842884 ,  10.375033 ,   8.445839 ,   7.5201235,    1.1300702,   4.5000973,   1.6657262]; [[ 4030.78641928,-1515.78673082,  403.92051507, -131.14997757,    147.93222733,  158.868642  , -142.88552493,  246.08628148,     24.26265077,  195.20089818,  109.17192147,  -99.51260225,     27.03204187], [-1515.78673082, 1297.12597836, -343.84948375,   86.79496074,   -108.54053392, -154.35433174,   48.78346096, -176.46603595,     12.65636392,  -64.34557996,  -41.85580894,   75.83917497,    -42.38697326], [  403.92051507, -343.84948375,  474.50999065,  -53.05877263,     84.64392929,   52.79275833,  -68.92804188,   78.50733148,    -30.5388466 ,   14.82957421,    6.73591317,  -52.42548253,     18.55964589], [ -131.14997757,   86.79496074,  -53.05877263,  103.45430929,     17.26483149,   -5.81841046,    3.58058324,  -12.19979794,     18.42907906,    4.30991282,    9.00920911,   21.73320844,      0.96388542], [  147.93222733, -108.54053392,   84.64392929,   17.26483149,    101.02935457,   37.77798379,    0.263898  ,   35.47368698,     -0.14890596,   11.90035988,    6.84397456,   -5.98648927,     13.82603553], [  158.868642  , -154.35433174,   52.79275833,   -5.81841046,     37.77798379,   86.94256631,   37.99724774,   35.09299401,     -5.26589349,    5.28565793,    3.52683509,  -10.37761207,      9.55742876], [ -142.88552493,   48.78346096,  -68.92804188,    3.58058324,      0.263898  ,   37.99724774,  102.13555533,   24.25200283,      3.71228199,  -14.77700063,  -12.16146433,    4.64987965,      5.46946525], [  246.08628148, -176.46603595,   78.50733148,  -12.19979794,     35.47368698,   35.09299401,   24.25200283,   91.24634198,     20.89241522,   16.83470216,    4.25237397,  -15.15822213,     11.47657609], [   24.26265077,   12.65636392,  -30.5388466 ,   18.42907906,     -0.14890596,   -5.26589349,    3.71228199,   20.89241522,     57.67960633,   33.28716748,   12.98064347,    3.96845494,     -5.88462553], [  195.20089818,  -64.34557996,   14.82957421,    4.30991282,     11.90035988,    5.28565793,  -14.77700063,   16.83470216,     33.28716748,   66.42898914,   33.33504866,    0.60762058,     -6.93747393], [  109.17192147,  -41.85580894,    6.73591317,    9.00920911,      6.84397456,    3.52683509,  -12.16146433,    4.25237397,     12.98064347,   33.33504866,   52.2911978 ,   18.57959815,      1.36989316], [  -99.51260225,   75.83917497,  -52.42548253,   21.73320844,     -5.98648927,  -10.37761207,    4.64987965,  -15.15822213,      3.96845494,    0.60762058,   18.57959815,   48.71942043,     15.02218358], [   27.03204187,  -42.38697326,   18.55964589,    0.96388542,     13.82603553,    9.55742876,    5.46946525,   11.47657609,     -5.88462553,   -6.93747393,    1.36989316,   15.02218358,     42.32881691]]
/root/sim/music/out/Oasis/The_Masterplan/09-Rockin'_Chair.mp3; [-514.6882    , 112.06678   ,  -4.0579433 ,  19.985382  ,  11.635536  ,   22.131481  ,   4.550872  ,   7.343486  ,  -3.3447318 ,   4.7429137 ,    2.5862794 ,   0.48033443,  -1.0580368 ]; [[18427.79533006,  335.53678542, -312.01331134,   24.19340809,    -37.2287155 ,  -23.53366791,  -59.28459225,  196.01568485,     28.42506396,  298.71463975,   80.66121028, -140.93427619,    -42.08144916], [  335.53678542,  512.63911642, -216.53024342,   29.40642466,    -16.6552514 ,   26.37142084,   22.34240807,    9.91659102,    -16.08319678,    1.05682302,   -1.82182004,    3.19242311,     -7.6860831 ], [ -312.01331134, -216.53024342,  284.83158036,   12.03575157,     20.31926116,   -5.56718594,   -3.48879678,  -37.47482164,     -5.93874386,  -36.58240028,   -0.28822717,   34.73268055,      1.8964642 ], [   24.19340809,   29.40642466,   12.03575157,  151.36697227,     42.15495444,   -5.33649177,  -39.58184255,   -8.33346886,      3.91934617,  -18.89507432,  -13.35307083,   17.05179841,     16.15752934], [  -37.2287155 ,  -16.6552514 ,   20.31926116,   42.15495444,    109.43348878,    9.52115781,  -18.18680802,   -3.34201082,     16.40868604,    3.48921311,   -6.18929945,   -2.89092207,      3.79409244], [  -23.53366791,   26.37142084,   -5.56718594,   -5.33649177,      9.52115781,  104.22334995,   41.1771423 ,   -7.63303368,    -19.86730506,  -14.42336358,   -2.43280385,    1.20338094,     -4.4875058 ], [  -59.28459225,   22.34240807,   -3.48879678,  -39.58184255,    -18.18680802,   41.1771423 ,  102.54788729,   14.24844645,    -18.66286536,   -7.79139632,    3.64362545,   12.39650458,    -12.3717112 ], [  196.01568485,    9.91659102,  -37.47482164,   -8.33346886,     -3.34201082,   -7.63303368,   14.24844645,   75.32405331,     17.43349105,   13.20101482,    0.88068497,  -13.90961573,     -0.24776527], [   28.42506396,  -16.08319678,   -5.93874386,    3.91934617,     16.40868604,  -19.86730506,  -18.66286536,   17.43349105,     70.41336797,   29.01667858,   -0.49636571,  -17.03410014,     -4.00624026], [  298.71463975,    1.05682302,  -36.58240028,  -18.89507432,      3.48921311,  -14.42336358,   -7.79139632,   13.20101482,     29.01667858,   82.13381224,   16.48036508,  -23.62793694,     -8.46586704], [   80.66121028,   -1.82182004,   -0.28822717,  -13.35307083,     -6.18929945,   -2.43280385,    3.64362545,    0.88068497,     -0.49636571,   16.48036508,   47.24224666,   10.2940435 ,     -2.05406741], [ -140.93427619,    3.19242311,   34.73268055,   17.05179841,     -2.89092207,    1.20338094,   12.39650458,  -13.90961573,    -17.03410014,  -23.62793694,   10.2940435 ,   66.46864027,     16.66945627], [  -42.08144916,   -7.6860831 ,    1.8964642 ,   16.15752934,      3.79409244,   -4.4875058 ,  -12.3717112 ,   -0.24776527,     -4.00624026,   -8.46586704,   -2.05406741,   16.66945627,     46.44466281]]
