/root/sim/music/out/AC_DC/Iron_Man_2/02_Rock_'n'_Roll_Damnation.mp3; [-498.89465   ,  90.32236   , -21.406149  ,  23.57802   ,  -1.420712  ,    4.756757  ,   0.34030762,   2.8503027 ,   3.1332037 ,   2.5123663 ,   -2.1106114 ,   2.7539098 ,  -0.8943669 ]; [[10718.56733642,   49.10527088, -307.55760692,   82.01112331,     43.16591822,   80.76577096,  -23.52556667,  116.86853278,     30.03490941,   19.74588555,  -93.45490273, -104.45457477,    -39.51974758], [   49.10527088,  784.96814364,  -99.67965148,  100.80119699,    -36.85870234,  -35.61811398,   21.61087699,  -86.70031477,    -10.32405229,  -19.60346846,   19.20731537,   52.22227578,     12.32917827], [ -307.55760692,  -99.67965148,  360.16351195,   44.75491986,      7.2835792 ,   16.95587577,  -16.19135566,   25.17161942,     -1.88738898,   10.90707275,   20.48661595,    8.6283879 ,     14.51390122], [   82.01112331,  100.80119699,   44.75491986,  127.6212531 ,     23.20285661,   11.80521926,    6.50182455,   -3.68021775,      9.32806421,    3.19008899,    6.97347537,   23.28505737,      6.65950837], [   43.16591822,  -36.85870234,    7.2835792 ,   23.20285661,    127.83502504,   55.89045539,   24.06152065,   26.26645524,     18.04624537,    3.71993101,   10.88934892,   -0.17769255,      5.71125491], [   80.76577096,  -35.61811398,   16.95587577,   11.80521926,     55.89045539,  107.39008166,   52.5451948 ,   18.56163436,      0.3800783 ,    8.10395394,   10.75382595,    4.53432505,     -3.22950333], [  -23.52556667,   21.61087699,  -16.19135566,    6.50182455,     24.06152065,   52.5451948 ,   98.25383439,   39.86570101,     13.45772461,    7.96585733,   13.13955332,    9.26538331,      5.92713677], [  116.86853278,  -86.70031477,   25.17161942,   -3.68021775,     26.26645524,   18.56163436,   39.86570101,  104.39031165,     47.80536901,   13.62353119,   -0.28454334,   -0.42488492,      9.70194443], [   30.03490941,  -10.32405229,   -1.88738898,    9.32806421,     18.04624537,    0.3800783 ,   13.45772461,   47.80536901,     79.44242074,   27.87292607,    0.75783263,    5.90347453,     12.25620159], [   19.74588555,  -19.60346846,   10.90707275,    3.19008899,      3.71993101,    8.10395394,    7.96585733,   13.62353119,     27.87292607,   59.10893393,   27.03269076,    4.97261199,      0.3014533 ], [  -93.45490273,   19.20731537,   20.48661595,    6.97347537,     10.88934892,   10.75382595,   13.13955332,   -0.28454334,      0.75783263,   27.03269076,   55.89710567,   25.8915762 ,     -0.11148627], [ -104.45457477,   52.22227578,    8.6283879 ,   23.28505737,     -0.17769255,    4.53432505,    9.26538331,   -0.42488492,      5.90347453,    4.97261199,   25.8915762 ,   56.91120083,     19.65747018], [  -39.51974758,   12.32917827,   14.51390122,    6.65950837,      5.71125491,   -3.22950333,    5.92713677,    9.70194443,     12.25620159,    0.3014533 ,   -0.11148627,   19.65747018,     45.94092608]]
/root/sim/music/out/AC_DC/Iron_Man_2/08_Evil_Walks.mp3; [-519.2509    , 100.17509   , -25.65983   ,  36.09295   ,  23.19228   ,   10.701183  ,   1.427113  ,   9.511298  ,   6.898251  ,   3.0547626 ,   -0.93609166,   1.9360435 ,  -1.1422254 ]; [[ 7731.0679702 ,-1066.74501926,   34.08059437,  104.42718954,    -13.83094315,  206.43915687,   39.20228581,  100.57286971,     19.11133214,  -28.79366432,   50.24865997,    4.11469465,    -36.47048053], [-1066.74501926, 1710.31282778, -365.45986439,  139.62820794,    189.85998433, -132.76592761,    7.37216696,   -3.14415374,     -3.68583962,   41.7541408 ,  -42.4383232 ,    5.99135104,     27.51695507], [   34.08059437, -365.45986439,  664.87134716,   -7.3585657 ,    -14.9571984 ,   70.85997719,  -34.12730747,  -39.57573462,      9.93555538,  -36.57119207,    2.10694516,  -18.0878682 ,    -13.61296339], [  104.42718954,  139.62820794,   -7.3585657 ,  179.77299082,     42.40934199,  -17.10441712,    5.53435558,    2.53150272,     -0.5850835 ,   20.05144899,   -3.42856774,    1.50329896,      3.58784348], [  -13.83094315,  189.85998433,  -14.9571984 ,   42.40934199,    202.72121892,   17.50257273,   25.91890372,   12.46168468,     11.70882115,   12.84213891,  -10.59669699,   -2.29869438,     15.22803445], [  206.43915687, -132.76592761,   70.85997719,  -17.10441712,     17.50257273,  154.84597513,   33.37948157,    9.22177337,     10.68690818,  -15.14599413,   -4.34436471,    3.09671503,      0.0923554 ], [   39.20228581,    7.37216696,  -34.12730747,    5.53435558,     25.91890372,   33.37948157,   97.06634584,   27.09533927,      2.30220525,    3.23197339,    4.71147772,    4.92296472,      6.77977206], [  100.57286971,   -3.14415374,  -39.57573462,    2.53150272,     12.46168468,    9.22177337,   27.09533927,   70.85287114,     23.67170687,    6.50483112,    5.82205203,   -1.42330024,      4.93010409], [   19.11133214,   -3.68583962,    9.93555538,   -0.5850835 ,     11.70882115,   10.68690818,    2.30220525,   23.67170687,     67.07966916,   25.88984621,    4.47292651,    2.85500685,     -0.29902983], [  -28.79366432,   41.7541408 ,  -36.57119207,   20.05144899,     12.84213891,  -15.14599413,    3.23197339,    6.50483112,     25.88984621,   66.27142739,   20.37707312,    8.87557316,      2.68850217], [   50.24865997,  -42.4383232 ,    2.10694516,   -3.42856774,    -10.59669699,   -4.34436471,    4.71147772,    5.82205203,      4.47292651,   20.37707312,   61.73424873,   19.56510101,      5.04801891], [    4.11469465,    5.99135104,  -18.0878682 ,    1.50329896,     -2.29869438,    3.09671503,    4.92296472,   -1.42330024,      2.85500685,    8.87557316,   19.56510101,   48.42577411,     17.01932385], [  -36.47048053,   27.51695507,  -13.61296339,    3.58784348,     15.22803445,    0.0923554 ,    6.77977206,    4.93010409,     -0.29902983,    2.68850217,    5.04801891,   17.01932385,     47.28263151]]
/root/sim/music/out/AC_DC/Iron_Man_2/05_Back_In_Black.mp3; [-562.91595   ,  91.04556   , -27.003046  ,  14.137416  ,  13.641294  ,    0.12925632,  -3.3732786 ,   6.7912636 ,   1.9116257 ,   1.221007  ,   -0.6971849 ,   2.3995667 ,  -3.6841598 ]; [[23906.49116463, 2148.77674173, -449.65339439,  -57.60509125,    116.68899059,  170.97148213, -162.67575305,   42.23884282,     -7.85451426,  -73.71171991, -144.88284836,  -56.03942315,    -71.69842061], [ 2148.77674173, 1190.20198759, -240.02099218,  146.71721913,     45.872849  ,  -58.90745044,   52.52209434,   18.85404303,     39.1839777 ,   14.15087456,   -6.45194103,   22.66376893,     -2.29041272], [ -449.65339439, -240.02099218,  756.13688988,  132.14488793,     16.45172995,  116.85502554,   36.63508086,   50.23497339,     40.20313944,   13.59329285,   12.95462137,  -19.62039574,     -1.69356484], [  -57.60509125,  146.71721913,  132.14488793,  231.04862608,     56.13616449,    5.36246656,   20.11180801,   22.1774379 ,     27.7262512 ,   28.3351078 ,   11.85243704,    0.05052087,    -14.85485323], [  116.68899059,   45.872849  ,   16.45172995,   56.13616449,    147.18587989,   46.19911188,   42.52693354,   14.92754657,     29.00787159,    8.01383761,    8.23895794,    4.5907895 ,      1.53713057], [  170.97148213,  -58.90745044,  116.85502554,    5.36246656,     46.19911188,  203.7528695 ,   83.98927604,   35.37384096,     17.99483829,    2.28265588,    4.70543823,    0.91943329,     26.91160493], [ -162.67575305,   52.52209434,   36.63508086,   20.11180801,     42.52693354,   83.98927604,  137.50307915,   46.18635454,     19.98523567,   -1.98483178,   11.78298008,   10.63273084,     16.56591058], [   42.23884282,   18.85404303,   50.23497339,   22.1774379 ,     14.92754657,   35.37384096,   46.18635454,  106.03565669,     55.31395189,   12.7936304 ,    3.18568522,    6.98288714,     23.03450295], [   -7.85451426,   39.1839777 ,   40.20313944,   27.7262512 ,     29.00787159,   17.99483829,   19.98523567,   55.31395189,     97.64550696,   39.25320623,   11.92958243,    2.61541912,     11.95313178], [  -73.71171991,   14.15087456,   13.59329285,   28.3351078 ,      8.01383761,    2.28265588,   -1.98483178,   12.7936304 ,     39.25320623,   85.50764498,   46.09744272,   17.15936951,     -2.65262603], [ -144.88284836,   -6.45194103,   12.95462137,   11.85243704,      8.23895794,    4.70543823,   11.78298008,    3.18568522,     11.92958243,   46.09744272,   85.98762397,   42.23891046,      6.25000256], [  -56.03942315,   22.66376893,  -19.62039574,    0.05052087,      4.5907895 ,    0.91943329,   10.63273084,    6.98288714,      2.61541912,   17.15936951,   42.23891046,   72.39760942,     32.15105656], [  -71.69842061,   -2.29041272,   -1.69356484,  -14.85485323,      1.53713057,   26.91160493,   16.56591058,   23.03450295,     11.95313178,   -2.65262603,    6.25000256,   32.15105656,     72.99962024]]
/root/sim/music/out/AC_DC/Iron_Man_2/12_The_Razor's_Edge.mp3; [-520.20764  , 107.30238  , -23.369968 ,  38.97736  ,  16.329943 ,    1.8087732,  -9.945731 ,   2.2200387,   2.5198665,  -1.4294287,    3.9781642,   4.012816 ,  -4.571639 ]; [[13386.08949145,-1579.40970568,  888.80063652, -273.34123879,    274.05738289,  141.22813043,    0.81529454,  225.26201309,    186.09477656,  298.71983422,  -51.94270797,  137.74346424,    -28.70487529], [-1579.40970568, 2169.22652237, -713.33366538,  441.61586824,    -22.19043905, -165.13191129,  -68.76861771, -148.53538631,    -81.9267035 , -186.78757683,   57.74694344,  -58.79580931,    -38.62957347], [  888.80063652, -713.33366538,  853.3177375 , -161.43185959,    126.7244396 ,   87.78306675,   42.95987537,   74.46910291,    -14.88875259,   96.41868329,  -61.97622002,   34.6423011 ,      8.98091718], [ -273.34123879,  441.61586824, -161.43185959,  265.90626503,     17.29919709,   -6.10235486,  -23.35013299,  -31.39631983,    -22.72552634,  -42.56271223,   34.22876033,   -6.0043061 ,     -7.56994118], [  274.05738289,  -22.19043905,  126.7244396 ,   17.29919709,    173.98053811,   38.71919458,   27.13814021,   34.0271604 ,     -3.86425768,   38.38851464,   10.03822467,   35.22600542,      1.4341401 ], [  141.22813043, -165.13191129,   87.78306675,   -6.10235486,     38.71919458,  130.46328016,   49.75282068,   17.98320866,     -3.35019606,   11.55999753,    6.75368593,    9.11743908,     -1.85254579], [    0.81529454,  -68.76861771,   42.95987537,  -23.35013299,     27.13814021,   49.75282068,   93.82225576,   40.44360668,     -2.76084283,   14.66595022,    6.8280843 ,   14.62616855,      2.15414997], [  225.26201309, -148.53538631,   74.46910291,  -31.39631983,     34.0271604 ,   17.98320866,   40.44360668,   92.50303027,     34.14776293,   32.29325449,   -2.60140863,   18.1622472 ,      6.9471298 ], [  186.09477656,  -81.9267035 ,  -14.88875259,  -22.72552634,     -3.86425768,   -3.35019606,   -2.76084283,   34.14776293,     76.37557917,   33.75987971,   -6.85447591,    3.58276533,      5.13480086], [  298.71983422, -186.78757683,   96.41868329,  -42.56271223,     38.38851464,   11.55999753,   14.66595022,   32.29325449,     33.75987971,   96.63523548,   22.06778239,   24.51673199,      6.0260476 ], [  -51.94270797,   57.74694344,  -61.97622002,   34.22876033,     10.03822467,    6.75368593,    6.8280843 ,   -2.60140863,     -6.85447591,   22.06778239,   77.47253882,   29.65463579,     -6.65891501], [  137.74346424,  -58.79580931,   34.6423011 ,   -6.0043061 ,     35.22600542,    9.11743908,   14.62616855,   18.1622472 ,      3.58276533,   24.51673199,   29.65463579,   65.14800509,     18.29765389], [  -28.70487529,  -38.62957347,    8.98091718,   -7.56994118,      1.4341401 ,   -1.85254579,    2.15414997,    6.9471298 ,      5.13480086,    6.0260476 ,   -6.65891501,   18.29765389,     53.11560894]]
/root/sim/music/out/AC_DC/Iron_Man_2/09_TNT_.mp3; [-581.1664   , 111.95396  , -22.091427 ,  44.153473 ,   5.349371 ,    6.7305703,  -2.8775122,   3.33747  ,   5.866936 ,   7.7031875,    0.5410213,   2.4068232,   1.158174 ]; [[18506.57595519, -983.71575152,-1861.19644884, -470.87135564,   -514.91142416, -352.43946176, -165.53659637,  125.70036301,    -82.03776567,  -40.38526932,  -60.22215489,   16.15245393,    129.93677343], [ -983.71575152, 2335.01346932, -292.48418352,  128.22235726,   -170.35217444,  -51.50017535, -138.5595957 , -175.16971259,     44.96872267,   -0.98070769,  -50.28204691,   52.11766322,    -24.48914671], [-1861.19644884, -292.48418352, 1814.20146531,  204.93840951,    159.36268493,  210.70170463,   20.1682386 ,   70.59523596,    -27.1833348 ,  -47.15844969,  -29.20357006,   -9.8056312 ,    -55.04745354], [ -470.87135564,  128.22235726,  204.93840951,  410.04825233,    145.0272806 ,   67.2461205 ,   -2.54367946,    4.50438682,     29.82234726,    9.05539159,  -14.33991598,    9.46952194,     -7.34097486], [ -514.91142416, -170.35217444,  159.36268493,  145.0272806 ,    336.39137441,  106.43166538,   59.01316471,   62.65016863,     14.20170243,    4.43223455,   -4.45081609,   -0.02279929,    -11.72010583], [ -352.43946176,  -51.50017535,  210.70170463,   67.2461205 ,    106.43166538,  221.18375378,   79.55771279,   44.71914616,      9.96870774,   -7.57640008,   -3.99957692,    8.49432739,    -19.19758034], [ -165.53659637, -138.5595957 ,   20.1682386 ,   -2.54367946,     59.01316471,   79.55771279,  244.59344983,   90.55435733,    -27.30994148,   19.93136907,   35.07339616,  -40.04178048,    -10.52752343], [  125.70036301, -175.16971259,   70.59523596,    4.50438682,     62.65016863,   44.71914616,   90.55435733,  158.70163672,     30.91760592,   10.94680546,   10.04733445,  -15.63054979,     -4.23703625], [  -82.03776567,   44.96872267,  -27.1833348 ,   29.82234726,     14.20170243,    9.96870774,  -27.30994148,   30.91760592,    121.07325854,   39.48610978,   -1.98407546,   16.25038534,      5.87878398], [  -40.38526932,   -0.98070769,  -47.15844969,    9.05539159,      4.43223455,   -7.57640008,   19.93136907,   10.94680546,     39.48610978,  100.16469018,   43.40987197,    1.50197946,      5.9460781 ], [  -60.22215489,  -50.28204691,  -29.20357006,  -14.33991598,     -4.45081609,   -3.99957692,   35.07339616,   10.04733445,     -1.98407546,   43.40987197,  101.90320789,   24.23681937,      2.34980305], [   16.15245393,   52.11766322,   -9.8056312 ,    9.46952194,     -0.02279929,    8.49432739,  -40.04178048,  -15.63054979,     16.25038534,    1.50197946,   24.23681937,  111.11513991,     27.83435601], [  129.93677343,  -24.48914671,  -55.04745354,   -7.34097486,    -11.72010583,  -19.19758034,  -10.52752343,   -4.23703625,      5.87878398,    5.9460781 ,    2.34980305,   27.83435601,     76.40795051]]
/root/sim/music/out/AC_DC/Iron_Man_2/06_Thunderstruck.mp3; [-536.8202    ,  87.896614  , -13.72275   ,  29.936684  ,  17.372925  ,    9.952718  ,  -1.8949537 ,   6.403118  ,   5.62857   ,  -0.49366096,    2.7909913 ,   3.4705117 ,  -0.8327986 ]; [[11050.28035418,  448.44280294,  840.0486839 ,  171.48437982,    399.10542072,  197.30352549,  253.74626816,  222.24396426,    211.53511812,  190.34755088,  203.98752826,  167.02033681,    -26.11875609], [  448.44280294,  903.60807524,  -45.16052245,  316.39449995,    103.474198  ,   86.54157715,   44.87158828,   16.28177587,     70.48863156,  -16.57448493,   55.49298749,   16.35696449,     26.50261777], [  840.0486839 ,  -45.16052245,  699.79507531,  175.19344196,    180.99344755,   87.99353243,   47.77749217,   38.17331504,     24.54897953,   71.57981498,   37.91014712,   60.4404802 ,     29.73332998], [  171.48437982,  316.39449995,  175.19344196,  520.89503026,    111.69057568,   62.25442776,  -33.6023393 ,   -1.63850093,     34.9253262 ,    2.69481698,   59.73811676,   38.76692246,     29.09338151], [  399.10542072,  103.474198  ,  180.99344755,  111.69057568,    183.38269358,   65.61447173,   33.38352287,   27.77898724,     29.70270415,   25.01852573,   16.73815417,   24.90565539,     13.25166484], [  197.30352549,   86.54157715,   87.99353243,   62.25442776,     65.61447173,  163.6742874 ,   87.89655552,   35.09560883,     19.27749399,   13.94062073,   16.96351936,    2.36458286,     12.38638073], [  253.74626816,   44.87158828,   47.77749217,  -33.6023393 ,     33.38352287,   87.89655552,  167.92159519,   81.47132617,     21.43366195,   32.24986491,   16.60825469,    7.87701504,     13.34441586], [  222.24396426,   16.28177587,   38.17331504,   -1.63850093,     27.77898724,   35.09560883,   81.47132617,  115.08138884,     33.46845429,   23.83247467,   10.32631234,   11.46258872,      0.51458004], [  211.53511812,   70.48863156,   24.54897953,   34.9253262 ,     29.70270415,   19.27749399,   21.43366195,   33.46845429,     97.27658764,   31.28584895,   32.71329857,   24.16320363,      9.50886203], [  190.34755088,  -16.57448493,   71.57981498,    2.69481698,     25.01852573,   13.94062073,   32.24986491,   23.83247467,     31.28584895,   83.27565125,   29.93998655,   12.74977201,      5.30339373], [  203.98752826,   55.49298749,   37.91014712,   59.73811676,     16.73815417,   16.96351936,   16.60825469,   10.32631234,     32.71329857,   29.93998655,   90.93489994,   40.11782848,      8.76853014], [  167.02033681,   16.35696449,   60.4404802 ,   38.76692246,     24.90565539,    2.36458286,    7.87701504,   11.46258872,     24.16320363,   12.74977201,   40.11782848,   73.82758204,     28.89567453], [  -26.11875609,   26.50261777,   29.73332998,   29.09338151,     13.25166484,   12.38638073,   13.34441586,    0.51458004,      9.50886203,    5.30339373,    8.76853014,   28.89567453,     61.70738495]]
/root/sim/music/out/AC_DC/The_Razor's_Edge/01_Thunderstruck.mp3; [-600.7803   , 100.346664 , -16.236002 ,  26.869991 ,  15.581076 ,    9.062855 ,  -1.7450073,   7.013787 ,   6.408044 ,  -1.0240457,    1.8963414,   2.658916 ,  -1.1805379]; [[8308.4949426 ,  47.13248327, 957.06761534,  34.24788335, 332.44450733,   145.84863956, 253.41203447, 186.2928685 , 189.29281025, 198.19748899,   187.70067456, 145.86741431, -44.06310772], [  47.13248327, 920.79104931, -57.76028572, 313.32985696,  98.2069136 ,    79.092148  ,  46.01716439,  11.12571314,  69.10648463, -14.02918202,    51.22834885,  10.02619467,  23.83885745], [ 957.06761534, -57.76028572, 731.89155125, 168.98444667, 188.45818601,    85.34523991,  46.63270237,  39.25365149,  21.5320805 ,  72.18367563,    36.06066203,  61.31067266,  30.27038767], [  34.24788335, 313.32985696, 168.98444667, 538.2243951 , 101.35120318,    62.36940838, -38.62863385,  -3.88322977,  28.77823408,   3.30415929,    57.78103225,  35.29161371,  29.02045251], [ 332.44450733,  98.2069136 , 188.45818601, 101.35120318, 190.75940792,    59.42774975,  34.94657341,  28.83973357,  29.96277414,  26.72028963,    14.86356243,  24.19909072,  13.13573909], [ 145.84863956,  79.092148  ,  85.34523991,  62.36940838,  59.42774975,   165.85419246,  85.74641   ,  31.77577416,  15.88934529,  12.21611711,    15.64449339,  -0.55973031,  11.59534156], [ 253.41203447,  46.01716439,  46.63270237, -38.62863385,  34.94657341,    85.74641   , 176.22027788,  82.90754861,  20.58191233,  34.13735259,    16.34757465,   8.89512224,  15.22596223], [ 186.2928685 ,  11.12571314,  39.25365149,  -3.88322977,  28.83973357,    31.77577416,  82.90754861, 118.7613351 ,  30.91873645,  24.55987346,     9.58730604,  10.78045023,   0.75497334], [ 189.29281025,  69.10648463,  21.5320805 ,  28.77823408,  29.96277414,    15.88934529,  20.58191233,  30.91873645, 100.81111732,  30.72826593,    32.32166025,  24.22840796,   9.17282905], [ 198.19748899, -14.02918202,  72.18367563,   3.30415929,  26.72028963,    12.21611711,  34.13735259,  24.55987346,  30.72826593,  87.87529403,    29.05907301,  12.11826319,   5.61428723], [ 187.70067456,  51.22834885,  36.06066203,  57.78103225,  14.86356243,    15.64449339,  16.34757465,   9.58730604,  32.32166025,  29.05907301,    93.33012728,  38.94686458,   8.24538317], [ 145.86741431,  10.02619467,  61.31067266,  35.29161371,  24.19909072,    -0.55973031,   8.89512224,  10.78045023,  24.22840796,  12.11826319,    38.94686458,  76.53802556,  29.69832581], [ -44.06310772,  23.83885745,  30.27038767,  29.02045251,  13.13573909,    11.59534156,  15.22596223,   0.75497334,   9.17282905,   5.61428723,     8.24538317,  29.69832581,  65.70374475]]
/root/sim/music/out/AC_DC/The_Razor's_Edge/12_If_You_Dare.mp3; [-573.1924    , 102.06998   , -25.352058  ,  29.506207  ,   8.610584  ,    5.8625145 ,  -4.594541  ,   7.7804213 ,   4.7622123 ,  -0.63744265,    2.56774   ,   1.7075732 ,  -1.3980674 ]; [[16558.33095139, -404.27157297,  346.99817543,  -85.57198992,   -110.21557751,  153.88559037, -115.84028797,  211.83392614,    -16.14611252,   69.30347964,  129.85555128,   72.10842866,    -57.96825895], [ -404.27157297, 1241.36120128, -321.75741907,  292.17062973,     79.53417874,   97.34407351,   52.78614019,  -19.75056638,     44.1300337 ,  -15.36562292,   28.88154897,  -35.03705322,    -23.58179711], [  346.99817543, -321.75741907,  490.30472016,  -27.37630295,     31.62336322,   15.15483465,   10.91445463,   32.94717167,    -24.27372775,   15.38023265,  -15.31818745,   16.7733033 ,     14.45477198], [  -85.57198992,  292.17062973,  -27.37630295,  267.78931165,     41.36538935,   41.33153465,    6.20229419,    8.97983953,     20.30540975,   -1.29580512,   20.8666608 ,   -9.38495736,    -14.10303978], [ -110.21557751,   79.53417874,   31.62336322,   41.36538935,    155.41583777,   45.48531466,   55.41482387,   21.7125463 ,     22.75757557,   13.54120878,   -2.04253155,   -2.76288441,      4.87863339], [  153.88559037,   97.34407351,   15.15483465,   41.33153465,     45.48531466,  140.9913918 ,   55.43816719,   24.88012288,      5.07804846,   -0.27893793,    2.65168579,  -17.89593443,      9.91351042], [ -115.84028797,   52.78614019,   10.91445463,    6.20229419,     55.41482387,   55.43816719,  117.00187298,   40.6999332 ,     16.52896376,    7.95056566,    1.09236012,   -3.08588813,     14.68506352], [  211.83392614,  -19.75056638,   32.94717167,    8.97983953,     21.7125463 ,   24.88012288,   40.6999332 ,   91.46209515,     28.93358082,    9.27291536,    3.36521481,    0.59853448,      6.80335165], [  -16.14611252,   44.1300337 ,  -24.27372775,   20.30540975,     22.75757557,    5.07804846,   16.52896376,   28.93358082,     93.24857747,   31.20095259,   18.53493581,    7.27966805,      4.47187114], [   69.30347964,  -15.36562292,   15.38023265,   -1.29580512,     13.54120878,   -0.27893793,    7.95056566,    9.27291536,     31.20095259,   63.25671082,   26.60266737,   10.24809758,      5.31814158], [  129.85555128,   28.88154897,  -15.31818745,   20.8666608 ,     -2.04253155,    2.65168579,    1.09236012,    3.36521481,     18.53493581,   26.60266737,   64.40962335,   22.86293106,      9.28735395], [   72.10842866,  -35.03705322,   16.7733033 ,   -9.38495736,     -2.76288441,  -17.89593443,   -3.08588813,    0.59853448,      7.27966805,   10.24809758,   22.86293106,   62.94371189,     25.82292497], [  -57.96825895,  -23.58179711,   14.45477198,  -14.10303978,      4.87863339,    9.91351042,   14.68506352,    6.80335165,      4.47187114,    5.31814158,    9.28735395,   25.82292497,     60.73941629]]
/root/sim/music/out/AC_DC/The_Razor's_Edge/05_Mistress_For_Christmas.mp3; [-586.898    ,  98.45635  , -15.8941555,  25.391054 ,  12.840575 ,    3.0623028,  -5.471902 ,   5.9145265,   8.556247 ,   0.8719116,    3.1783535,   5.1102433,  -0.609836 ]; [[7816.2839678 ,-748.22018355,-592.56675596,  35.34254123, -36.95694806,   -68.45732456,-265.0030765 , -87.03610374, -76.38970894,  48.06844545,   -25.94193646, -22.49966321, -58.3349189 ], [-748.22018355, 854.80166726, -92.24424534, -42.84926184, -25.35350929,   -60.72604077,  -6.532993  , -41.00629059,  19.17727048, -43.44846564,    26.65845178,  13.52466189,   1.3211551 ], [-592.56675596, -92.24424534, 639.15906408,-130.87181625, -12.92906864,    10.10791283,   0.85470239,  26.67997852, -11.90286501,   6.21749759,   -12.71319547,   5.40984731,  10.55398   ], [  35.34254123, -42.84926184,-130.87181625, 294.5722972 ,   3.01111754,     6.30532163,  -7.54043668,   9.47439157,  -9.59891833,   1.5582389 ,    14.30172037, -14.26023322,  -4.5331676 ], [ -36.95694806, -25.35350929, -12.92906864,   3.01111754, 135.41334414,     6.90182316,   6.82408255,   6.0582949 ,   0.16489765,   4.0773506 ,    -8.33060134,  -3.54286691,  -0.24470662], [ -68.45732456, -60.72604077,  10.10791283,   6.30532163,   6.90182316,   133.48409311,  39.84464897,   0.71693208,  -5.9999524 ,   5.73532809,    -1.6517388 ,  -1.0279406 ,   1.84526602], [-265.0030765 ,  -6.532993  ,   0.85470239,  -7.54043668,   6.82408255,    39.84464897, 108.00913129,  32.74923977,  -2.64427586,   1.83228278,     5.69335986,  -3.73001564,   2.8050775 ], [ -87.03610374, -41.00629059,  26.67997852,   9.47439157,   6.0582949 ,     0.71693208,  32.74923977,  92.24951438,  19.67198449,  11.13166418,    -6.22348904,   3.18000221,   0.39975172], [ -76.38970894,  19.17727048, -11.90286501,  -9.59891833,   0.16489765,    -5.9999524 ,  -2.64427586,  19.67198449,  84.52974376,  14.73930498,     1.1632851 ,   9.12869285,   2.24888846], [  48.06844545, -43.44846564,   6.21749759,   1.5582389 ,   4.0773506 ,     5.73532809,   1.83228278,  11.13166418,  14.73930498,  75.53927843,    11.94788771,   1.87588323,   1.31238497], [ -25.94193646,  26.65845178, -12.71319547,  14.30172037,  -8.33060134,    -1.6517388 ,   5.69335986,  -6.22348904,   1.1632851 ,  11.94788771,    65.93771195,  14.2142445 ,   0.56398721], [ -22.49966321,  13.52466189,   5.40984731, -14.26023322,  -3.54286691,    -1.0279406 ,  -3.73001564,   3.18000221,   9.12869285,   1.87588323,    14.2142445 ,  63.89277082,  18.25595082], [ -58.3349189 ,   1.3211551 ,  10.55398   ,  -4.5331676 ,  -0.24470662,     1.84526602,   2.8050775 ,   0.39975172,   2.24888846,   1.31238497,     0.56398721,  18.25595082,  51.17082141]]
/root/sim/music/out/AC_DC/The_Razor's_Edge/06_Rock_Your_Heart_Out.mp3; [-563.2871    ,  86.96936   ,  -6.816963  ,  31.953362  ,  14.135657  ,   11.64324   ,  -0.62929827,   6.8782883 ,   5.0175858 ,  -1.019576  ,   -0.06285225,   2.1392977 ,  -1.08143   ]; [[10819.1061    , -351.20191702, -822.25657124, -636.73443133,   -155.09947111, -165.08320806, -345.05905784, -138.93471104,    -55.5504979 , -151.53115994,  -36.04130355,    5.5681202 ,   -147.74919963], [ -351.20191702,  928.13152901, -278.49275751,   -1.49335063,     20.21142483,   -1.31598652,   53.89377551,   36.18301748,     33.22016473,  -29.01471451,   16.22262008,   14.94655831,     20.2420569 ], [ -822.25657124, -278.49275751, 1112.48857622,  242.64556779,     37.29857943,   87.40194665,   49.93648388,   22.56439089,    -84.65959582,   29.23329399,  -44.12614809,  -55.02289503,    -20.06984891], [ -636.73443133,   -1.49335063,  242.64556779,  534.56035055,     90.19821359,   -0.85542062,  -13.79190183,   35.78358902,    -23.59236713,    7.10640497,   -2.7742221 ,  -24.99295363,    -20.72784987], [ -155.09947111,   20.21142483,   37.29857943,   90.19821359,    170.43232094,   58.62861622,   29.10849973,   26.42786934,     10.2910545 ,   -2.11552293,  -11.70656111,  -15.07852422,    -18.17123388], [ -165.08320806,   -1.31598652,   87.40194665,   -0.85542062,     58.62861622,  169.85818305,   86.10063489,   10.85771563,     -3.69785478,    0.48245519,   -2.59802273,  -23.67231685,     -2.85023911], [ -345.05905784,   53.89377551,   49.93648388,  -13.79190183,     29.10849973,   86.10063489,  140.98692758,   50.9748585 ,     -1.48164292,    0.90648385,    0.16423067,  -13.62330466,      2.09289712], [ -138.93471104,   36.18301748,   22.56439089,   35.78358902,     26.42786934,   10.85771563,   50.9748585 ,   96.53547782,     27.88971477,    3.32793596,   -5.9035004 ,   -3.27947696,     -4.25654363], [  -55.5504979 ,   33.22016473,  -84.65959582,  -23.59236713,     10.2910545 ,   -3.69785478,   -1.48164292,   27.88971477,     83.84686234,   26.30872258,    5.80101921,    8.4510314 ,      3.21075191], [ -151.53115994,  -29.01471451,   29.23329399,    7.10640497,     -2.11552293,    0.48245519,    0.90648385,    3.32793596,     26.30872258,   66.0233251 ,   19.92902117,    8.76585012,      4.48219706], [  -36.04130355,   16.22262008,  -44.12614809,   -2.7742221 ,    -11.70656111,   -2.59802273,    0.16423067,   -5.9035004 ,      5.80101921,   19.92902117,   66.83544767,   26.86784378,      5.49280166], [    5.5681202 ,   14.94655831,  -55.02289503,  -24.99295363,    -15.07852422,  -23.67231685,  -13.62330466,   -3.27947696,      8.4510314 ,    8.76585012,   26.86784378,   62.20870541,     26.08730887], [ -147.74919963,   20.2420569 ,  -20.06984891,  -20.72784987,    -18.17123388,   -2.85023911,    2.09289712,   -4.25654363,      3.21075191,    4.48219706,    5.49280166,   26.08730887,     58.1946605 ]]
/root/sim/music/out/AC_DC/The_Razor's_Edge/04_The_Razor's_Edge.mp3; [-580.09155  , 109.90609  , -20.546814 ,  38.156666 ,  16.132154 ,    1.375195 , -10.64762  ,   3.1613846,   2.6721618,  -2.1481757,    2.8560114,   3.2321746,  -5.3880315]; [[ 9100.93060101,-2125.44936902, 1000.47494038, -492.82999342,    167.35417102,   95.26676396,   29.9208269 ,  186.9050351 ,    159.29525171,  287.53292119,  -96.54954703,   92.08846371,    -16.70879711], [-2125.44936902, 2049.5169162 , -685.85054855,  401.29942802,    -30.4372857 , -161.8204612 ,  -63.22717328, -151.33673074,    -85.55232932, -183.03842467,   53.25409187,  -59.23629329,    -42.2461545 ], [ 1000.47494038, -685.85054855,  869.89188859, -159.93906694,    134.20702206,   80.66957075,   41.10228739,   75.40512115,    -19.22749593,   95.95607583,  -64.51178459,   32.46941602,     12.54072198], [ -492.82999342,  401.29942802, -159.93906694,  261.7870031 ,      8.71878248,   -2.44890535,  -23.00848332,  -32.57232987,    -24.40875222,  -42.33061315,   33.49792188,   -7.32504338,     -7.63341504], [  167.35417102,  -30.4372857 ,  134.20702206,    8.71878248,    176.82263885,   36.29241678,   28.12772396,   33.52324662,     -5.8153131 ,   38.58932881,    7.80016873,   33.64994296,      1.18788631], [   95.26676396, -161.8204612 ,   80.66957075,   -2.44890535,     36.29241678,  133.15355043,   50.24356856,   18.16596262,     -3.51654319,   10.81694248,    8.66265073,    8.78140858,     -0.51960732], [   29.9208269 ,  -63.22717328,   41.10228739,  -23.00848332,     28.12772396,   50.24356856,   97.96422537,   41.31211118,     -2.2612427 ,   14.44242189,    6.83209063,   15.1272311 ,      2.20697456], [  186.9050351 , -151.33673074,   75.40512115,  -32.57232987,     33.52324662,   18.16596262,   41.31211118,   96.07504294,     34.02571816,   32.36124991,   -3.32823509,   17.42347834,      8.55208954], [  159.29525171,  -85.55232932,  -19.22749593,  -24.40875222,     -5.8153131 ,   -3.51654319,   -2.2612427 ,   34.02571816,     79.28540061,   33.34340499,   -7.03666231,    3.86000265,      5.50818709], [  287.53292119, -183.03842467,   95.95607583,  -42.33061315,     38.58932881,   10.81694248,   14.44242189,   32.36124991,     33.34340499,   98.15131247,   21.37657647,   23.43374432,      6.37801929], [  -96.54954703,   53.25409187,  -64.51178459,   33.49792188,      7.80016873,    8.66265073,    6.83209063,   -3.32823509,     -7.03666231,   21.37657647,   79.62170502,   29.49339128,     -7.60398142], [   92.08846371,  -59.23629329,   32.46941602,   -7.32504338,     33.64994296,    8.78140858,   15.1272311 ,   17.42347834,      3.86000265,   23.43374432,   29.49339128,   66.2879062 ,     18.26448114], [  -16.70879711,  -42.2461545 ,   12.54072198,   -7.63341504,      1.18788631,   -0.51960732,    2.20697456,    8.55208954,      5.50818709,    6.37801929,   -7.60398142,   18.26448114,     55.46928035]]
/root/sim/music/out/AC_DC/The_Razor's_Edge/03_Money_Talks.mp3; [-576.145     , 112.70584   ,  -9.117808  ,  28.41485   ,   8.122795  ,    6.7401433 ,  -8.652441  ,   5.08512   ,   5.8305616 ,  -1.0711085 ,    1.5759684 ,   3.1837134 ,   0.28268138]; [[8167.57204193,-849.3893223 ,  34.38416676,-236.11146875,  11.04901846,    61.9321676 ,  23.82476437,   3.56039418, -61.08177662,  35.14198733,   -92.19282943, -83.51850743,-104.18688219], [-849.3893223 ,1240.43796344,-534.18851402, 137.02722116, -94.09223811,   -80.08007793,-113.16691449, -70.47069027,  28.73038826, -45.90281703,    67.54745148,  29.17495944,  37.46079755], [  34.38416676,-534.18851402, 950.06334789, -40.80348356, 108.8021373 ,    62.51198806,  88.00836529,  73.6378359 , -54.81818302,  30.86647746,   -68.7115534 , -21.54999878, -43.19379337], [-236.11146875, 137.02722116, -40.80348356, 291.53609154,   4.69081764,   -27.59112619, -72.1219221 ,   5.62925107,  15.34709998, -24.7152995 ,    38.04367712,  11.59485601,   1.53458501], [  11.04901846, -94.09223811, 108.8021373 ,   4.69081764, 186.41163209,    21.89169329,  10.38673513,  17.53224442,  20.64679871,  24.40457119,    -9.13154688,   9.37041825, -13.79080043], [  61.9321676 , -80.08007793,  62.51198806, -27.59112619,  21.89169329,   128.35153043,  58.0333123 ,  12.75098072,  -3.93122967,   2.29173163,    -8.12353791, -16.31278937,  -2.19779619], [  23.82476437,-113.16691449,  88.00836529, -72.1219221 ,  10.38673513,    58.0333123 , 131.85339596,  46.22255879, -11.02130467,  13.71368156,   -12.16201697, -12.74903848,  -2.1157174 ], [   3.56039418, -70.47069027,  73.6378359 ,   5.62925107,  17.53224442,    12.75098072,  46.22255879,  92.6948815 ,  21.29075827,   9.00348966,    -8.75927799,   1.75459547,   0.81077287], [ -61.08177662,  28.73038826, -54.81818302,  15.34709998,  20.64679871,    -3.93122967, -11.02130467,  21.29075827,  80.22232633,  20.40867873,     1.37885693,   6.69791931,   4.02224613], [  35.14198733, -45.90281703,  30.86647746, -24.7152995 ,  24.40457119,     2.29173163,  13.71368156,   9.00348966,  20.40867873,  70.31622599,    12.69470541,   4.52550298,   0.78971033], [ -92.19282943,  67.54745148, -68.7115534 ,  38.04367712,  -9.13154688,    -8.12353791, -12.16201697,  -8.75927799,   1.37885693,  12.69470541,    72.60103424,  26.08410421,   7.66615522], [ -83.51850743,  29.17495944, -21.54999878,  11.59485601,   9.37041825,   -16.31278937, -12.74903848,   1.75459547,   6.69791931,   4.52550298,    26.08410421,  63.25576105,  19.86023157], [-104.18688219,  37.46079755, -43.19379337,   1.53458501, -13.79080043,    -2.19779619,  -2.1157174 ,   0.81077287,   4.02224613,   0.78971033,     7.66615522,  19.86023157,  49.20361396]]
/root/sim/music/out/AC_DC/The_Razor's_Edge/11_Goodbye_&_Good_Riddance_To_Bad_Luck.mp3; [-593.8817   , 101.22208  , -13.500285 ,  27.597906 ,  10.430696 ,    8.942261 ,  -4.6342688,   7.016737 ,   8.820722 ,   4.843808 ,    7.1489973,   8.636588 ,   1.3806441]; [[10930.14937902, -576.74993062, -879.52131446, -331.07705145,     27.91543699,   99.60504208,  -59.30803466,   69.12290426,     -5.64286115,  -56.55577623,  -62.77852248,   -9.97613929,   -108.97958835], [ -576.74993062, 1111.44188766, -176.55054681,   53.66100452,    -76.84109952,  -99.04811734,  -83.66122552,  -57.77123178,     -3.24332741,  -13.58439307,   34.96370406,   33.69507789,     17.34273617], [ -879.52131446, -176.55054681,  890.15218809,   84.54831967,     13.88145467,   71.56541101,   37.74197684,  -36.10289444,    -77.8536167 ,  -17.25535228,  -67.63353422,  -56.54407319,     -6.94503342], [ -331.07705145,   53.66100452,   84.54831967,  299.34386794,     33.56309715,   -0.20607443,  -22.59779114,   -2.80852347,      4.26675428,   -0.45654124,   19.4944769 ,   -1.07891251,      6.66321309], [   27.91543699,  -76.84109952,   13.88145467,   33.56309715,    154.79758503,   41.26767156,   19.31158147,   22.14992773,     16.06501026,   10.47833556,  -14.84859013,   -2.79757935,     -7.24376615], [   99.60504208,  -99.04811734,   71.56541101,   -0.20607443,     41.26767156,  166.33117118,   72.00888186,    3.16033022,     -8.19384025,   -3.23865552,  -15.74469243,  -27.15338882,     -7.07666059], [  -59.30803466,  -83.66122552,   37.74197684,  -22.59779114,     19.31158147,   72.00888186,  124.34193903,   43.17865292,     -3.28578552,   -0.88018934,  -11.11889674,   -9.59517931,     -0.04706956], [   69.12290426,  -57.77123178,  -36.10289444,   -2.80852347,     22.14992773,    3.16033022,   43.17865292,  111.48166225,     38.16197184,    6.0742034 ,   -3.54221732,    8.87172644,      0.70894991], [   -5.64286115,   -3.24332741,  -77.8536167 ,    4.26675428,     16.06501026,   -8.19384025,   -3.28578552,   38.16197184,    100.26678432,   30.53927219,    8.59196183,   12.04491899,     -0.28083491], [  -56.55577623,  -13.58439307,  -17.25535228,   -0.45654124,     10.47833556,   -3.23865552,   -0.88018934,    6.0742034 ,     30.53927219,   76.15312111,   29.44298446,   12.8180666 ,      6.45129118], [  -62.77852248,   34.96370406,  -67.63353422,   19.4944769 ,    -14.84859013,  -15.74469243,  -11.11889674,   -3.54221732,      8.59196183,   29.44298446,   85.94741792,   33.06787843,      6.07870305], [   -9.97613929,   33.69507789,  -56.54407319,   -1.07891251,     -2.79757935,  -27.15338882,   -9.59517931,    8.87172644,     12.04491899,   12.8180666 ,   33.06787843,   72.13679986,     28.61108596], [ -108.97958835,   17.34273617,   -6.94503342,    6.66321309,     -7.24376615,   -7.07666059,   -0.04706956,    0.70894991,     -0.28083491,    6.45129118,    6.07870305,   28.61108596,     63.23193362]]
/root/sim/music/out/AC_DC/The_Razor's_Edge/09_Shot_Of_Love.mp3; [-566.47656  ,  88.295876 ,  -2.8538525,  41.524624 ,  17.539934 ,    7.5047836,  -4.7639275,   4.5051527,   3.4085996,  -1.1874077,    2.4340172,   4.3673677,  -1.878725 ]; [[7130.48948788,-475.3973277 ,-377.96538584,-445.75361689,-110.75875733,   -33.26747783, -46.94891319,   2.23823177,  -8.65640961,   9.20958702,   -46.11911096, -75.11106139, -53.30309715], [-475.3973277 , 852.89316429,-331.93492529, 107.56226826,  -8.2264256 ,   -30.98496528, -17.58687914, -20.87545927,  12.88225241, -28.44270296,    34.63026768,  10.30980027,  19.95313944], [-377.96538584,-331.93492529, 871.37250086, -16.03497415,  20.65261078,     7.26603832, -10.37198988, -40.9175913 , -99.54973069, -15.06527489,   -97.67116939, -39.83413544, -29.54557299], [-445.75361689, 107.56226826, -16.03497415, 382.42285259,  32.65975156,   -15.07692464, -68.84416637,  -5.76206216,  -0.36967339, -12.3936413 ,    31.10887093, -15.74379975,   3.92759762], [-110.75875733,  -8.2264256 ,  20.65261078,  32.65975156, 124.08294606,     9.97999728,  -2.87429327,  -7.31271236,  -7.81751792,  -1.04699476,   -10.69227416,   3.76974778, -10.52745383], [ -33.26747783, -30.98496528,   7.26603832, -15.07692464,   9.97999728,   104.12988365,  34.67030952,  -2.54622258, -10.48151543, -11.51276129,     1.80525312,  -1.76542253,   3.06970112], [ -46.94891319, -17.58687914, -10.37198988, -68.84416637,  -2.87429327,    34.67030952,  92.30277623,  23.4618222 ,   3.46547561,  -8.87083423,    -5.58817369,   5.19167062,  -2.16995178], [   2.23823177, -20.87545927, -40.9175913 ,  -5.76206216,  -7.31271236,    -2.54622258,  23.4618222 ,  75.51464362,  27.55647617,   4.54345643,    -1.0010601 ,   0.76180745,   4.23609819], [  -8.65640961,  12.88225241, -99.54973069,  -0.36967339,  -7.81751792,   -10.48151543,   3.46547561,  27.55647617,  73.59798564,  21.58881699,    12.29756068,   5.72804774,   2.07111751], [   9.20958702, -28.44270296, -15.06527489, -12.3936413 ,  -1.04699476,   -11.51276129,  -8.87083423,   4.54345643,  21.58881699,  59.46741047,    19.17571082,   8.5219426 ,  -5.06568102], [ -46.11911096,  34.63026768, -97.67116939,  31.10887093, -10.69227416,     1.80525312,  -5.58817369,  -1.0010601 ,  12.29756068,  19.17571082,    70.08110859,  23.90545706,   7.09850002], [ -75.11106139,  10.30980027, -39.83413544, -15.74379975,   3.76974778,    -1.76542253,   5.19167062,   0.76180745,   5.72804774,   8.5219426 ,    23.90545706,  57.17504091,  18.67352183], [ -53.30309715,  19.95313944, -29.54557299,   3.92759762, -10.52745383,     3.06970112,  -2.16995178,   4.23609819,   2.07111751,  -5.06568102,     7.09850002,  18.67352183,  52.75780177]]
