/root/sim/music/out/斉藤和義/歌うたい25_SINGLES_BEST_2008～2017_[Disc_3]/3-13_幸せハッピー.mp3; [-581.33124   , 121.64823   ,  16.880613  ,  11.24042   ,  -5.004551  ,    3.1772792 ,   0.76955736,  12.046878  ,   2.4257278 ,   8.267565  ,   -0.05625176,   5.0732493 ,  -0.90684754]; [[16769.99492889, -313.94489551, -295.95991761, -687.1021257 ,   -472.38907824, -165.39691586, -123.81045907,  136.37335617,   -197.57944439,   45.10448865, -197.60132318,  -86.03299535,   -123.0140114 ], [ -313.94489551, 2002.21780289,  -19.71788827,  134.78921701,     68.86765816,  135.42333764,   73.60725416,   80.54700392,    125.8992863 ,   29.88152903,   89.26118509,   54.83459672,     11.10938626], [ -295.95991761,  -19.71788827,  626.79930119,  126.78800507,    145.70451142,   29.46288736,   54.17299717,   44.02057494,     23.50174339,   30.98973041,   19.88828784,   44.05681498,     34.69447798], [ -687.1021257 ,  134.78921701,  126.78800507,  457.41842217,    200.78681102,   16.60011574,    1.25635084,   37.01702044,     69.98140295,   11.09476615,   12.41928226,   28.38642733,     54.74924843], [ -472.38907824,   68.86765816,  145.70451142,  200.78681102,    278.8904907 ,   60.48350474,   23.47986586,   34.01587006,     56.09894931,   42.51562592,   27.13861391,   25.94789073,     17.68803226], [ -165.39691586,  135.42333764,   29.46288736,   16.60011574,     60.48350474,  214.91181473,  112.20808495,   57.40175283,     56.69534147,   59.77861765,   55.41889613,   19.36025984,     -7.06197691], [ -123.81045907,   73.60725416,   54.17299717,    1.25635084,     23.47986586,  112.20808495,  174.41306437,   78.76815452,     45.85449551,   22.30240739,   41.81369658,   22.44046375,      1.83647735], [  136.37335617,   80.54700392,   44.02057494,   37.01702044,     34.01587006,   57.40175283,   78.76815452,  135.0133208 ,     49.30065372,   13.38949199,   13.06615179,   29.66909929,     26.02769802], [ -197.57944439,  125.8992863 ,   23.50174339,   69.98140295,     56.09894931,   56.69534147,   45.85449551,   49.30065372,    120.32670892,   41.88456537,   19.72816715,   10.1077911 ,     15.66718528], [   45.10448865,   29.88152903,   30.98973041,   11.09476615,     42.51562592,   59.77861765,   22.30240739,   13.38949199,     41.88456537,  125.07626804,   53.52440686,   11.00366685,     -8.50309388], [ -197.60132318,   89.26118509,   19.88828784,   12.41928226,     27.13861391,   55.41889613,   41.81369658,   13.06615179,     19.72816715,   53.52440686,  102.36961867,   33.60150493,     -6.13877634], [  -86.03299535,   54.83459672,   44.05681498,   28.38642733,     25.94789073,   19.36025984,   22.44046375,   29.66909929,     10.1077911 ,   11.00366685,   33.60150493,   91.92950029,     44.66826233], [ -123.0140114 ,   11.10938626,   34.69447798,   54.74924843,     17.68803226,   -7.06197691,    1.83647735,   26.02769802,     15.66718528,   -8.50309388,   -6.13877634,   44.66826233,    106.10335516]]
/root/sim/music/out/斉藤和義/歌うたい25_SINGLES_BEST_2008～2017_[Disc_3]/3-16_ダイアモンドリング.mp3; [-618.6922   , 165.32115  ,  26.306646 ,   9.67334  ,   2.962351 ,    8.193238 ,  -4.7053533,  -0.1280924,  -6.5976624,   3.3302512,   -5.9729195,  -1.9505495,  -3.4412332]; [[12969.89165364,  500.28088356,  267.10951598, -250.71879171,   -405.27102268, -127.09120595, -195.15138263,  130.74804054,   -120.68650288,  145.53043836,  -23.59788208,   21.65584305,   -121.73497577], [  500.28088356, 1478.62715103, -111.16637708,  110.28082093,    105.8887688 ,  117.83269114,   70.53591075,   16.82349905,     14.11599949,   28.11758123,   20.55624914,   24.51559851,     44.62152742], [  267.10951598, -111.16637708,  437.87688232,  -35.5816749 ,     39.05719484,   27.96512304,  -30.84859602,   46.79368212,    -13.47021504,   42.34003137,    2.26035206,   24.48249572,      3.94851259], [ -250.71879171,  110.28082093,  -35.5816749 ,  275.45698657,     82.87710839,   21.70865078,    9.87823527,  -28.32487619,     30.44071021,  -30.55122722,  -23.40988193,    3.1489264 ,     38.21052383], [ -405.27102268,  105.8887688 ,   39.05719484,   82.87710839,    180.97188325,   52.9436562 ,   13.73797302,   -7.39902316,     14.98940811,    4.65506381,    4.63899525,   17.47065306,     10.1645457 ], [ -127.09120595,  117.83269114,   27.96512304,   21.70865078,     52.9436562 ,  128.14223726,   54.88902448,    7.58993978,      3.38176107,    4.36117134,   17.68566398,   11.73083951,     11.29875987], [ -195.15138263,   70.53591075,  -30.84859602,    9.87823527,     13.73797302,   54.88902448,  148.81798173,   20.05166197,     19.71170244,   -9.0856224 ,   11.65885176,    8.99328155,     13.18621609], [  130.74804054,   16.82349905,   46.79368212,  -28.32487619,     -7.39902316,    7.58993978,   20.05166197,  108.85588503,     13.15605969,   22.87354147,   12.68237616,    6.83334651,      1.13709796], [ -120.68650288,   14.11599949,  -13.47021504,   30.44071021,     14.98940811,    3.38176107,   19.71170244,   13.15605969,     91.12176994,   15.75570016,    6.96706888,   -5.0586733 ,      0.87594448], [  145.53043836,   28.11758123,   42.34003137,  -30.55122722,      4.65506381,    4.36117134,   -9.0856224 ,   22.87354147,     15.75570016,  127.39784519,   32.73765192,    7.88358111,    -17.31477657], [  -23.59788208,   20.55624914,    2.26035206,  -23.40988193,      4.63899525,   17.68566398,   11.65885176,   12.68237616,      6.96706888,   32.73765192,   93.33472567,   22.72277452,     -9.84119679], [   21.65584305,   24.51559851,   24.48249572,    3.1489264 ,     17.47065306,   11.73083951,    8.99328155,    6.83334651,     -5.0586733 ,    7.88358111,   22.72277452,   82.18675318,     27.48839586], [ -121.73497577,   44.62152742,    3.94851259,   38.21052383,     10.1645457 ,   11.29875987,   13.18621609,    1.13709796,      0.87594448,  -17.31477657,   -9.84119679,   27.48839586,     81.00264752]]
/root/sim/music/out/斉藤和義/歌うたい25_SINGLES_BEST_2008～2017_[Disc_3]/3-07_雪どけ.mp3; [-830.1467   , 188.24477  ,  -5.3893747,  15.053043 ,   7.815516 ,  -28.037498 , -18.76986  ,  -3.6966963, -21.814663 ,  -4.603589 ,  -13.568115 , -15.547212 ,  -8.249998 ]; [[29832.68684735, -960.63776454,-2938.06963955,-2905.47413939,  -2621.27326275, -683.62834787, -775.60961652,  -92.92278297,  -1218.05363021,   19.86577391, -315.6249307 ,  177.4644472 ,   -353.5334609 ], [ -960.63776454, 3797.2245832 , -399.10174045,  211.46626068,    368.95173483, -352.16118006, -198.06464927,  -61.0361136 ,     68.81477404,  -68.53042741,  -81.94435606, -170.58509629,     -1.09912675], [-2938.06963955, -399.10174045, 1483.68503215,   55.28862021,      6.34558229,  130.98348568,   10.6361373 ,   11.80849082,    126.44073754,   -7.17931839,  -32.3434079 ,   80.65913184,     37.6380505 ], [-2905.47413939,  211.46626068,   55.28862021, 1066.31911097,    649.2575307 , -127.15582314, -205.64282293,  -62.43688055,    149.10955099,  -82.52739964,  -25.79140996,  -70.65844925,     49.03310544], [-2621.27326275,  368.95173483,    6.34558229,  649.2575307 ,    856.71690613,  135.85148637, -131.04026476, -127.79775376,    104.8795898 ,  -99.39654379,  -76.82419247, -105.26675627,     -5.288583  ], [ -683.62834787, -352.16118006,  130.98348568, -127.15582314,    135.85148637,  579.15463457,  274.87334082,  -40.10389587,     -4.44732738,   32.74781652,  -34.83650081,  -67.12850324,    -52.22304739], [ -775.60961652, -198.06464927,   10.6361373 , -205.64282293,   -131.04026476,  274.87334082,  544.11412691,  136.95531025,    -11.30736127,   73.70564974,   76.85431256,  -39.01850554,    -33.04146943], [  -92.92278297,  -61.0361136 ,   11.80849082,  -62.43688055,   -127.79775376,  -40.10389587,  136.95531025,  235.16671988,     66.577189  ,   12.45655303,   36.10942255,   18.65275675,    -12.03955677], [-1218.05363021,   68.81477404,  126.44073754,  149.10955099,    104.8795898 ,   -4.44732738,  -11.30736127,   66.577189  ,    252.48030042,   69.15778198,   15.06280331,   -0.19663356,     11.58600699], [   19.86577391,  -68.53042741,   -7.17931839,  -82.52739964,    -99.39654379,   32.74781652,   73.70564974,   12.45655303,     69.15778198,  219.87492057,   69.28472916,    2.50562268,     -4.93087528], [ -315.6249307 ,  -81.94435606,  -32.3434079 ,  -25.79140996,    -76.82419247,  -34.83650081,   76.85431256,   36.10942255,     15.06280331,   69.28472916,  181.40594504,   51.4561845 ,     -6.51549402], [  177.4644472 , -170.58509629,   80.65913184,  -70.65844925,   -105.26675627,  -67.12850324,  -39.01850554,   18.65275675,     -0.19663356,    2.50562268,   51.4561845 ,  149.03031873,     40.0107794 ], [ -353.5334609 ,   -1.09912675,   37.6380505 ,   49.03310544,     -5.288583  ,  -52.22304739,  -33.04146943,  -12.03955677,     11.58600699,   -4.93087528,   -6.51549402,   40.0107794 ,    142.79460078]]
/root/sim/music/out/斉藤和義/歌うたい25_SINGLES_BEST_2008～2017_[Disc_3]/3-10_メトロに乗って.mp3; [-511.98      , 112.321236  ,  17.618464  ,  20.149122  ,   1.6752933 ,    1.4491116 ,   5.1706357 ,   4.1013536 ,  -4.1649203 ,   0.0941046 ,   -0.63480335,  -4.2496934 ,  -1.1714098 ]; [[13761.77807841, -501.43786615,    9.32134279, -468.47360547,   -491.69553638, -104.68862912,   81.17030988,   -5.12403799,   -128.72153854,  104.35584884,  115.46746322,  -15.37558629,    -32.79122877], [ -501.43786615,  843.37143611, -108.53428035,   97.49850975,     47.33790851,  -20.2516366 ,  -10.74639686,   20.57572632,     14.92609872,  -14.58643855,    8.73755791,    8.85832535,     17.38986751], [    9.32134279, -108.53428035,  260.15599512,   -9.86132954,     38.31863569,   23.9036007 ,    3.29772266,    9.23111467,     -0.94253997,    7.12249572,    4.4131762 ,   27.90114605,     23.45012164], [ -468.47360547,   97.49850975,   -9.86132954,  212.52403576,     63.54045473,   12.99575409,  -22.83216536,    3.45664971,      8.55177088,  -21.22243165,  -24.671558  ,   -3.69961553,     18.01022497], [ -491.69553638,   47.33790851,   38.31863569,   63.54045473,    139.6620997 ,   30.77242015,   -4.57626158,   -3.07119064,      7.96885959,    2.86660859,   -1.50432711,    0.70176524,      8.00863482], [ -104.68862912,  -20.2516366 ,   23.9036007 ,   12.99575409,     30.77242015,   88.96968434,   31.59747404,    6.450581  ,     -1.31970774,   -0.57355504,   11.92697761,    2.6574361 ,      1.08898884], [   81.17030988,  -10.74639686,    3.29772266,  -22.83216536,     -4.57626158,   31.59747404,   97.48378725,   27.10389113,      7.02229098,   -4.93241752,   17.30517189,    3.15367609,     -1.17618858], [   -5.12403799,   20.57572632,    9.23111467,    3.45664971,     -3.07119064,    6.450581  ,   27.10389113,   71.23906356,     27.16767463,    3.67250497,    0.51418298,    3.78367017,     -2.28288352], [ -128.72153854,   14.92609872,   -0.94253997,    8.55177088,      7.96885959,   -1.31970774,    7.02229098,   27.16767463,     79.86259106,   11.77919832,   -1.79785714,   -8.86108687,     -7.1958294 ], [  104.35584884,  -14.58643855,    7.12249572,  -21.22243165,      2.86660859,   -0.57355504,   -4.93241752,    3.67250497,     11.77919832,   88.9165566 ,   25.57415894,   -2.95367684,     -9.37209563], [  115.46746322,    8.73755791,    4.4131762 ,  -24.671558  ,     -1.50432711,   11.92697761,   17.30517189,    0.51418298,     -1.79785714,   25.57415894,   70.91734707,   24.40292038,     -3.6091543 ], [  -15.37558629,    8.85832535,   27.90114605,   -3.69961553,      0.70176524,    2.6574361 ,    3.15367609,    3.78367017,     -8.86108687,   -2.95367684,   24.40292038,   63.06105096,     24.53522245], [  -32.79122877,   17.38986751,   23.45012164,   18.01022497,      8.00863482,    1.08898884,   -1.17618858,   -2.28288352,     -7.1958294 ,   -9.37209563,   -3.6091543 ,   24.53522245,     65.93877562]]
/root/sim/music/out/斉藤和義/歌うたい25_SINGLES_BEST_2008～2017_[Disc_3]/3-15_キミの涙.mp3; [-554.0928    , 133.54005   , -16.955618  ,  32.81941   ,  12.301139  ,    1.067608  ,   0.66923326,  10.78676   ,   0.7940614 ,   7.013437  ,   -3.349079  ,  -3.2893791 ,   0.4046249 ]; [[18370.16091529, 1899.00732265, -364.59481332,  341.03994399,    178.38557307,  -93.62499289,  -96.91020542,  146.57563548,    -77.36611354,  211.76725515,   -9.70500583,   11.76438722,     92.8098838 ], [ 1899.00732265,  968.15215893, -216.61569504,  151.2927335 ,      3.23500988,   10.66868112,   44.86448938,   58.99490354,     27.31330053,   49.60180094,   31.44100266,    3.30666243,     20.45894865], [ -364.59481332, -216.61569504,  344.60733363,  -82.98619581,      0.71009786,  -17.66411789,  -37.9329589 ,  -16.97638953,    -40.97706682,  -14.14358567,  -18.28207071,   24.36856353,     16.37686312], [  341.03994399,  151.2927335 ,  -82.98619581,  353.47765901,    177.40759231,   62.93206267,    5.62647466,   18.63684564,     25.67086217,  -10.88217989,  -22.77240094,  -26.47585373,     24.76791763], [  178.38557307,    3.23500988,    0.71009786,  177.40759231,    270.22514919,   77.54088005,    8.21153358,   -3.03355945,      0.88641056,  -15.83613636,  -20.44092942,  -19.38343543,     12.7314565 ], [  -93.62499289,   10.66868112,  -17.66411789,   62.93206267,     77.54088005,  135.76165317,   66.01762849,   35.23641668,     21.29819103,    0.28935303,   11.6684759 ,  -17.31965893,    -11.13364506], [  -96.91020542,   44.86448938,  -37.9329589 ,    5.62647466,      8.21153358,   66.01762849,  134.66573356,   65.10161605,     35.38930235,   16.41819126,   21.28185211,  -15.57952378,    -22.46649372], [  146.57563548,   58.99490354,  -16.97638953,   18.63684564,     -3.03355945,   35.23641668,   65.10161605,  104.02138447,     51.59345834,   17.33165548,    9.32015756,   -7.37315437,     -6.22365864], [  -77.36611354,   27.31330053,  -40.97706682,   25.67086217,      0.88641056,   21.29819103,   35.38930235,   51.59345834,    107.23411851,   46.7580478 ,   15.01757445,  -11.01953469,    -21.40162607], [  211.76725515,   49.60180094,  -14.14358567,  -10.88217989,    -15.83613636,    0.28935303,   16.41819126,   17.33165548,     46.7580478 ,  109.26388611,   45.79334177,    5.89753456,    -23.76249283], [   -9.70500583,   31.44100266,  -18.28207071,  -22.77240094,    -20.44092942,   11.6684759 ,   21.28185211,    9.32015756,     15.01757445,   45.79334177,   75.29991425,   20.96791143,    -11.24060276], [   11.76438722,    3.30666243,   24.36856353,  -26.47585373,    -19.38343543,  -17.31965893,  -15.57952378,   -7.37315437,    -11.01953469,    5.89753456,   20.96791143,   70.64655485,     31.50781685], [   92.8098838 ,   20.45894865,   16.37686312,   24.76791763,     12.7314565 ,  -11.13364506,  -22.46649372,   -6.22365864,    -21.40162607,  -23.76249283,  -11.24060276,   31.50781685,     81.07560092]]
/root/sim/music/out/斉藤和義/歌うたい25_SINGLES_BEST_2008～2017_[Disc_1]/1-07_Small_Stone.mp3; [-491.0725   ,  97.03605  ,  13.201555 ,  20.940031 ,  16.129286 ,   21.391684 ,  11.272134 ,  10.593465 ,   6.2211404,   9.714466 ,    2.3745651,   4.7378488,   3.1891665]; [[11873.72542711, -106.1682303 , -310.32288976, -435.66912557,   -310.65610203,    5.02316381,  -77.92379185,  -17.08499406,     -1.38635062,  -15.47367856,  -21.2789757 ,    0.59352547,    -36.22512212], [ -106.1682303 ,  416.2050479 ,   35.22571286,   82.86125853,     33.16855262,  -12.86342801,   -0.1477296 ,   11.57013407,      3.78796467,   26.32012274,   12.00872181,   10.44240062,     10.27639553], [ -310.32288976,   35.22571286,  153.60500901,   33.11891771,      0.13993896,    3.58144019,   12.72280454,    1.67492573,     -0.43183597,   -5.41527223,   -5.55451291,    6.97275281,     12.25930783], [ -435.66912557,   82.86125853,   33.11891771,  184.06847742,     67.41233588,   11.78254961,   -8.24804612,    8.55510962,      2.72936729,    2.36093626,  -10.82408072,   -6.45320354,      5.75999492], [ -310.65610203,   33.16855262,    0.13993896,   67.41233588,    112.15567638,   32.81929274,   -7.40023949,   -9.19222083,      9.324754  ,   -3.27426221,  -13.37328604,   -0.60576212,      4.3907779 ], [    5.02316381,  -12.86342801,    3.58144019,   11.78254961,     32.81929274,   74.87189364,   32.25377367,   -7.8813278 ,      4.16090847,   -4.82681652,   -4.16931384,   -3.37923989,      3.66319379], [  -77.92379185,   -0.1477296 ,   12.72280454,   -8.24804612,     -7.40023949,   32.25377367,   72.59241248,   20.93695162,     -4.75347401,   -3.17287023,    4.25655723,   -2.530779  ,     -0.53460271], [  -17.08499406,   11.57013407,    1.67492573,    8.55510962,     -9.19222083,   -7.8813278 ,   20.93695162,   56.60062766,      9.36447313,    1.23288281,   -1.20526793,   -4.44001754,     -2.96339335], [   -1.38635062,    3.78796467,   -0.43183597,    2.72936729,      9.324754  ,    4.16090847,   -4.75347401,    9.36447313,     55.87134694,   12.75466533,   -8.98583971,   -4.49506119,      0.40134065], [  -15.47367856,   26.32012274,   -5.41527223,    2.36093626,     -3.27426221,   -4.82681652,   -3.17287023,    1.23288281,     12.75466533,   57.06005   ,   21.76862207,   -3.81674758,    -12.30133973], [  -21.2789757 ,   12.00872181,   -5.55451291,  -10.82408072,    -13.37328604,   -4.16931384,    4.25655723,   -1.20526793,     -8.98583971,   21.76862207,   44.69702247,   11.93949298,     -5.7194777 ], [    0.59352547,   10.44240062,    6.97275281,   -6.45320354,     -0.60576212,   -3.37923989,   -2.530779  ,   -4.44001754,     -4.49506119,   -3.81674758,   11.93949298,   45.40203241,     16.70311962], [  -36.22512212,   10.27639553,   12.25930783,    5.75999492,      4.3907779 ,    3.66319379,   -0.53460271,   -2.96339335,      0.40134065,  -12.30133973,   -5.7194777 ,   16.70311962,     45.17619817]]
/root/sim/music/out/斉藤和義/歌うたい25_SINGLES_BEST_2008～2017_[Disc_1]/1-01_やぁ_無情.mp3; [-510.42175  , 108.4526   ,  -5.347185 ,  17.344206 ,  -3.9911323,    2.9561481,  -9.408823 ,   5.7572737,  -2.4051332,   3.8173199,   -5.4663415,  -2.4396403,  -1.8970261]; [[14711.2814048 ,-1291.88878304,  259.82010712, -264.68766339,   -144.2240238 ,   51.02304652, -204.76009363,  111.0617192 ,    -71.74397142,  186.80464611,  -78.69378774, -102.16076696,    -54.19676753], [-1291.88878304, 1476.39506618, -602.61861333,   73.3926044 ,   -119.1473162 ,  -99.2450898 ,   -1.46941504,  -57.65885544,     10.87053084,  -75.03082112,   -6.84228211,  -10.81878449,    -19.44278921], [  259.82010712, -602.61861333,  884.60501845,  -32.41138299,    177.54483858,  141.22732481,   60.77933539,   86.89686968,    -10.82090023,   86.16949367,   50.49195852,   83.2653738 ,     76.61848828], [ -264.68766339,   73.3926044 ,  -32.41138299,  333.1252011 ,    109.06886159,    4.71592991,  -19.18868505,   12.33124466,     74.38474612,  -23.18081203,  -24.70366843,  -14.79480179,     27.9701094 ], [ -144.2240238 , -119.1473162 ,  177.54483858,  109.06886159,    201.38374037,   50.00674025,   15.89168423,   15.17763021,     47.27294665,   12.95313664,    5.95893494,   13.21143046,     25.6460778 ], [   51.02304652,  -99.2450898 ,  141.22732481,    4.71592991,     50.00674025,  152.42090314,   73.2128517 ,   26.54605248,      8.56753475,   31.199426  ,   32.80221844,   16.04338823,     18.76555504], [ -204.76009363,   -1.46941504,   60.77933539,  -19.18868505,     15.89168423,   73.2128517 ,  156.96752869,   31.72738043,     15.46121963,    5.27346423,   37.15895679,   12.83255092,     21.70483987], [  111.0617192 ,  -57.65885544,   86.89686968,   12.33124466,     15.17763021,   26.54605248,   31.72738043,   95.05213325,     14.80057598,   22.76216943,    0.30985644,   16.84752282,     20.33696014], [  -71.74397142,   10.87053084,  -10.82090023,   74.38474612,     47.27294665,    8.56753475,   15.46121963,   14.80057598,    118.62278837,   15.57851527,    6.62396138,  -17.30604726,      8.808319  ], [  186.80464611,  -75.03082112,   86.16949367,  -23.18081203,     12.95313664,   31.199426  ,    5.27346423,   22.76216943,     15.57851527,  116.82008434,   33.26023607,   19.3440326 ,     -3.48362148], [  -78.69378774,   -6.84228211,   50.49195852,  -24.70366843,      5.95893494,   32.80221844,   37.15895679,    0.30985644,      6.62396138,   33.26023607,   86.3465333 ,   24.22590723,      6.35328252], [ -102.16076696,  -10.81878449,   83.2653738 ,  -14.79480179,     13.21143046,   16.04338823,   12.83255092,   16.84752282,    -17.30604726,   19.3440326 ,   24.22590723,   88.62729577,     34.46365405], [  -54.19676753,  -19.44278921,   76.61848828,   27.9701094 ,     25.6460778 ,   18.76555504,   21.70483987,   20.33696014,      8.808319  ,   -3.48362148,    6.35328252,   34.46365405,     90.53233775]]
/root/sim/music/out/斉藤和義/歌うたい25_SINGLES_BEST_2008～2017_[Disc_1]/1-04_COME_ON!.mp3; [-468.03653  ,  67.02129  , -31.415169 ,  10.140721 ,  17.38399  ,   23.424534 ,   8.505413 ,  16.845749 ,   8.024207 ,   8.238489 ,    3.4048042,   2.5225778,   2.7288773]; [[11601.74340194,  387.11790974,   -7.2322155 ,  163.55600111,    101.49899159,   96.28313918,  -31.77920842,   -8.80623928,    -10.77932666,   91.25521245,   35.48018088,   37.02305686,    -25.81672927], [  387.11790974,  294.848344  ,  -33.20265636,   29.73043776,     -3.22672626,    6.89836292,    1.85046685,    9.07555253,     -1.86191465,    4.38710166,   20.59317708,   -6.33709296,      5.52856887], [   -7.2322155 ,  -33.20265636,  358.43523946,   62.15027175,     23.09859775,   -0.1043886 ,  -39.9914174 ,  -29.81563708,      8.39724277,    4.08003063,    0.38292584,   19.15710808,    -12.15873281], [  163.55600111,   29.73043776,   62.15027175,  125.3086065 ,     30.48033181,   10.34520431,    0.45581412,   -7.24811604,     15.16681006,    7.72040623,   -4.40006599,   -2.05894411,      3.6272003 ], [  101.49899159,   -3.22672626,   23.09859775,   30.48033181,    113.43009916,   61.62250741,   27.87426594,   24.19938149,     20.60273197,   -0.52743849,   -2.68132521,   -0.6254356 ,     15.31164656], [   96.28313918,    6.89836292,   -0.1043886 ,   10.34520431,     61.62250741,   99.78399273,   43.89507237,   29.61100747,     15.66832405,   -0.83389008,    4.79729905,   -0.28016802,     11.19251916], [  -31.77920842,    1.85046685,  -39.9914174 ,    0.45581412,     27.87426594,   43.89507237,   95.8261659 ,   40.73789081,      5.28174271,    6.93994867,   11.66347159,   -7.91268003,      8.94800783], [   -8.80623928,    9.07555253,  -29.81563708,   -7.24811604,     24.19938149,   29.61100747,   40.73789081,   70.97788287,     23.53134375,    3.53172546,    4.67966336,   -1.3952643 ,      5.64216255], [  -10.77932666,   -1.86191465,    8.39724277,   15.16681006,     20.60273197,   15.66832405,    5.28174271,   23.53134375,     66.3133092 ,   21.8491324 ,   -4.24760574,   -5.44082974,      1.31728791], [   91.25521245,    4.38710166,    4.08003063,    7.72040623,     -0.52743849,   -0.83389008,    6.93994867,    3.53172546,     21.8491324 ,   54.32435375,   16.70235008,    1.36458153,     -4.30964498], [   35.48018088,   20.59317708,    0.38292584,   -4.40006599,     -2.68132521,    4.79729905,   11.66347159,    4.67966336,     -4.24760574,   16.70235008,   52.84269363,   16.63045804,     -1.75423587], [   37.02305686,   -6.33709296,   19.15710808,   -2.05894411,     -0.6254356 ,   -0.28016802,   -7.91268003,   -1.3952643 ,     -5.44082974,    1.36458153,   16.63045804,   51.92343149,     11.6286203 ], [  -25.81672927,    5.52856887,  -12.15873281,    3.6272003 ,     15.31164656,   11.19251916,    8.94800783,    5.64216255,      1.31728791,   -4.30964498,   -1.75423587,   11.6286203 ,     48.88562007]]
/root/sim/music/out/斉藤和義/歌うたい25_SINGLES_BEST_2008～2017_[Disc_1]/1-05_ずっと好きだった.mp3; [-514.44995   , 111.30903   ,   2.680619  ,  26.74911   ,   0.20449047,    4.2303023 ,  -1.4275953 ,   2.320533  ,  -4.310796  ,  -0.84192127,   -5.769797  ,   0.192502  ,  -2.2005978 ]; [[14952.98622438, -951.67947843, -277.67606632, -467.53778702,   -212.98873607, -251.05964362, -219.47877603,   39.65030165,   -222.54573453,  165.94521936,  -99.68251127,   82.69796644,    -50.48927483], [ -951.67947843, 1451.80655663, -108.42969169,  245.55894198,     29.56531979,   45.17699294,   59.28779366,  -31.00241738,     55.18395214,  -49.57821692,   -9.63521417,  -16.66599073,      9.49445365], [ -277.67606632, -108.42969169,  640.80259106,  -10.25716515,    123.91795579,   38.02902376,    3.59255657,   31.01256952,    -40.19018412,   45.17487491,   14.62062566,   20.39504018,    -22.0930472 ], [ -467.53778702,  245.55894198,  -10.25716515,  320.32056991,     24.47531549,   47.23533132,   30.46045714,    5.50992585,     77.05515299,  -47.15957057,   -3.46642666,  -32.46081638,     35.29490463], [ -212.98873607,   29.56531979,  123.91795579,   24.47531549,    138.8727692 ,   25.01130862,   28.46377944,    9.92259466,      5.53995207,   18.99134468,   -0.201223  ,   12.42182314,     -4.23302574], [ -251.05964362,   45.17699294,   38.02902376,   47.23533132,     25.01130862,  100.93910949,   40.55490081,   16.98595374,     11.80858252,    1.80994666,   17.00962233,   -3.61927373,     -2.05942948], [ -219.47877603,   59.28779366,    3.59255657,   30.46045714,     28.46377944,   40.55490081,  104.31014357,   23.11407981,     23.60375723,   -3.4145493 ,   11.94763344,    6.26708905,      6.57177567], [   39.65030165,  -31.00241738,   31.01256952,    5.50992585,      9.92259466,   16.98595374,   23.11407981,   66.39930749,     19.90219615,   10.50761892,   -2.32045719,    7.18001632,      8.40614771], [ -222.54573453,   55.18395214,  -40.19018412,   77.05515299,      5.53995207,   11.80858252,   23.60375723,   19.90219615,     94.73578926,    6.17538935,    5.48913698,  -11.93056316,     15.63331942], [  165.94521936,  -49.57821692,   45.17487491,  -47.15957057,     18.99134468,    1.80994666,   -3.4145493 ,   10.50761892,      6.17538935,   93.18373433,   20.86378485,   15.34869893,    -22.14715313], [  -99.68251127,   -9.63521417,   14.62062566,   -3.46642666,     -0.201223  ,   17.00962233,   11.94763344,   -2.32045719,      5.48913698,   20.86378485,   62.06756311,   14.74439432,      0.54229789], [   82.69796644,  -16.66599073,   20.39504018,  -32.46081638,     12.42182314,   -3.61927373,    6.26708905,    7.18001632,    -11.93056316,   15.34869893,   14.74439432,   60.98310654,     15.82809383], [  -50.48927483,    9.49445365,  -22.0930472 ,   35.29490463,     -4.23302574,   -2.05942948,    6.57177567,    8.40614771,     15.63331942,  -22.14715313,    0.54229789,   15.82809383,     63.23793427]]
/root/sim/music/out/斉藤和義/歌うたい25_SINGLES_BEST_2008～2017_[Disc_1]/1-15_かげろう.mp3; [-551.91077   , 155.82408   ,  -0.76947606,  10.874746  ,   2.6773694 ,    4.0537763 , -10.753396  ,   4.897217  ,  -3.6978734 ,   2.8734858 ,   -4.7956295 ,  -0.2680843 ,  -1.8623115 ]; [[9208.31898956, -49.71179339, 140.31273346,-216.07352553,-107.96131835,   112.88415033,-104.43976554, 101.16211411, -10.44408784, 176.38164855,     8.65288731,  41.41201395, -10.78167363], [ -49.71179339,1188.4150093 ,-461.31279058, 113.88152753,  50.44581771,    33.97446503,  65.48424111,   6.49380179,  39.47402878,  -4.58494524,    16.31629322,  -4.86963891,  45.49562462], [ 140.31273346,-461.31279058, 779.45867242, -64.2434991 ,   1.43866496,    13.30000098, -70.73799938,  54.47531655, -78.63722008,  18.34576503,    -9.30268868,  36.98649655,  -8.85741394], [-216.07352553, 113.88152753, -64.2434991 , 182.80134279,  42.98367941,    -3.19935064,  16.40031536,   0.40905454,  32.30908928, -21.51252251,     2.03712211,  -1.97131976,  14.85227082], [-107.96131835,  50.44581771,   1.43866496,  42.98367941, 144.20900674,    30.93136129,  11.29961083,   2.95043232,  25.16453042,  11.0783042 ,    -1.51527521,   3.64600684,   7.13632117], [ 112.88415033,  33.97446503,  13.30000098,  -3.19935064,  30.93136129,   124.66994318,  29.53211486,   5.34619351,  -1.80861109,  33.93763785,    20.51166927,   6.41434297,   7.42785672], [-104.43976554,  65.48424111, -70.73799938,  16.40031536,  11.29961083,    29.53211486, 132.94194197,   8.06599434,  27.58043822, -10.96401339,    28.38362643,   2.70160871,   8.33753974], [ 101.16211411,   6.49380179,  54.47531655,   0.40905454,   2.95043232,     5.34619351,   8.06599434, 102.74108545,   2.88565592,  10.20418194,    -5.71305232,  12.48541587,   6.32675358], [ -10.44408784,  39.47402878, -78.63722008,  32.30908928,  25.16453042,    -1.80861109,  27.58043822,   2.88565592, 108.40042611,  13.92400433,     8.50267813, -13.14814841,   2.90721927], [ 176.38164855,  -4.58494524,  18.34576503, -21.51252251,  11.0783042 ,    33.93763785, -10.96401339,  10.20418194,  13.92400433, 114.41845094,    31.34878729,   9.45800707,  -7.01909924], [   8.65288731,  16.31629322,  -9.30268868,   2.03712211,  -1.51527521,    20.51166927,  28.38362643,  -5.71305232,   8.50267813,  31.34878729,    78.21630064,  19.33444599,   1.14615628], [  41.41201395,  -4.86963891,  36.98649655,  -1.97131976,   3.64600684,     6.41434297,   2.70160871,  12.48541587, -13.14814841,   9.45800707,    19.33444599,  63.68890741,  17.32221676], [ -10.78167363,  45.49562462,  -8.85741394,  14.85227082,   7.13632117,     7.42785672,   8.33753974,   6.32675358,   2.90721927,  -7.01909924,     1.14615628,  17.32221676,  70.58418811]]
/root/sim/music/out/斉藤和義/歌うたい25_SINGLES_BEST_2008～2017_[Disc_1]/1-02_おつかれさまの国.mp3; [-498.57977  , 120.84633  , -12.638277 ,  14.578906 ,  10.40825  ,    2.705184 ,  -5.114391 ,   6.4563556,  -3.3362079,   1.1289073,   -6.468252 ,  -0.5166821,  -1.6857393]; [[9418.73709582, 209.22587742, 165.70745717,-143.07624787,  32.89209162,    36.04662428, -34.44433968,   8.6296339 , -39.51772201, 190.2725513 ,    -9.14803   , -91.03953592,-234.58177121], [ 209.22587742, 939.70779262,-180.45316541,  60.24322444,   1.13860747,   -36.55629418,   0.7517087 , -21.19557883, -32.13696754,  12.48250953,    41.19062084,  40.64214404, -24.55987973], [ 165.70745717,-180.45316541, 391.70003582, -69.14100934,  43.53826939,    13.37488956, -22.96901293, -15.00239365, -23.86696954,  21.46248075,     5.82370339,  14.73090806,  -8.53593956], [-143.07624787,  60.24322444, -69.14100934, 276.98714246,  89.02069585,    15.06962431,  -8.2586737 , -11.60768688,  26.01521534, -38.83351378,    -6.79603459,   9.18331911,  47.70222034], [  32.89209162,   1.13860747,  43.53826939,  89.02069585, 169.58082245,    32.74240473,   3.85006099,  -8.6204351 ,  20.56874273,   6.38306768,    -2.37306185,   9.6480691 ,  -0.10916395], [  36.04662428, -36.55629418,  13.37488956,  15.06962431,  32.74240473,   111.82990526,  45.91261654,  16.00762652,  17.1719292 ,   4.73701977,     7.84121744,   0.15313252,  -0.44768789], [ -34.44433968,   0.7517087 , -22.96901293,  -8.2586737 ,   3.85006099,    45.91261654, 119.68665087,  38.1081463 ,  20.7958004 ,   3.24503601,     9.22618366,   2.99017687,   7.42257033], [   8.6296339 , -21.19557883, -15.00239365, -11.60768688,  -8.6204351 ,    16.00762652,  38.1081463 ,  87.46939258,  26.29078927,   9.86466286,    -2.29058069,   8.56286832,  20.23853334], [ -39.51772201, -32.13696754, -23.86696954,  26.01521534,  20.56874273,    17.1719292 ,  20.7958004 ,  26.29078927,  81.92462296,  24.01671364,     2.91537046,   1.10528224,   7.84398765], [ 190.2725513 ,  12.48250953,  21.46248075, -38.83351378,   6.38306768,     4.73701977,   3.24503601,   9.86466286,  24.01671364, 112.70094334,    30.8617725 ,   4.62859506, -30.1448466 ], [  -9.14803   ,  41.19062084,   5.82370339,  -6.79603459,  -2.37306185,     7.84121744,   9.22618366,  -2.29058069,   2.91537046,  30.8617725 ,    69.22486328,  21.60415651,  -5.1499866 ], [ -91.03953592,  40.64214404,  14.73090806,   9.18331911,   9.6480691 ,     0.15313252,   2.99017687,   8.56286832,   1.10528224,   4.62859506,    21.60415651,  73.98552263,  39.24066687], [-234.58177121, -24.55987973,  -8.53593956,  47.70222034,  -0.10916395,    -0.44768789,   7.42257033,  20.23853334,   7.84398765, -30.1448466 ,    -5.1499866 ,  39.24066687, 109.65330684]]
/root/sim/music/out/斉藤和義/歌うたい25_SINGLES_BEST_2008～2017_[Disc_1]/1-13_ワンモアタイム.mp3; [-499.08545   , 126.20006   , -10.607659  ,  10.085729  ,   0.01298808,    3.2167096 ,  -2.9760787 ,  10.723992  ,  -2.1341422 ,   4.9637733 ,    0.60309404,   1.4531946 ,   1.150197  ]; [[12345.75391744, -810.20598056, -531.07710004, -123.96835724,    351.69036847,  337.64964214,  314.79808171,  429.26560948,    181.7915226 ,  350.27404918,  246.80668101,  282.72873535,    253.42991915], [ -810.20598056, 1075.25246681,  -84.39118242,  109.41954361,   -104.21017271,  -32.09419787,  -51.1387182 ,  -41.88275792,    -26.55447101,  -68.8762014 ,  -31.6803018 ,  -31.28046858,    -30.91796719], [ -531.07710004,  -84.39118242,  413.18803359,  -52.12521752,     25.03656047,  -19.09141626,    2.13355063,   -5.41965118,    -34.24402311,   -3.73474989,  -18.24052653,   -4.99779699,     -3.27598164], [ -123.96835724,  109.41954361,  -52.12521752,  194.12974149,     35.91214803,   17.88889909,  -15.51828297,  -16.32493816,     12.50129866,  -22.61565009,  -15.53946593,   -5.20546503,     21.04629059], [  351.69036847, -104.21017271,   25.03656047,   35.91214803,    157.30362732,   43.97109304,   35.95063718,   26.41874924,     23.79466571,   22.94121835,    9.50392576,   25.31377259,     25.48537809], [  337.64964214,  -32.09419787,  -19.09141626,   17.88889909,     43.97109304,  121.95910391,   61.83381529,   39.2655339 ,     10.83223421,   26.84309872,   23.41350754,   16.33540893,      8.72170069], [  314.79808171,  -51.1387182 ,    2.13355063,  -15.51828297,     35.95063718,   61.83381529,  125.17907636,   54.44147069,     26.32882159,   21.08627982,   27.1075155 ,   17.53902018,     12.18162005], [  429.26560948,  -41.88275792,   -5.41965118,  -16.32493816,     26.41874924,   39.2655339 ,   54.44147069,   95.73795007,     30.4184022 ,   32.02431162,   14.82159962,   21.08661368,     15.05939198], [  181.7915226 ,  -26.55447101,  -34.24402311,   12.50129866,     23.79466571,   10.83223421,   26.32882159,   30.4184022 ,     75.3071152 ,   28.77546228,    9.72298604,    2.02723943,      7.563404  ], [  350.27404918,  -68.8762014 ,   -3.73474989,  -22.61565009,     22.94121835,   26.84309872,   21.08627982,   32.02431162,     28.77546228,   84.13766292,   32.40636645,   16.33917182,      0.03782362], [  246.80668101,  -31.6803018 ,  -18.24052653,  -15.53946593,      9.50392576,   23.41350754,   27.1075155 ,   14.82159962,      9.72298604,   32.40636645,   64.41693962,   30.28940518,      9.46617328], [  282.72873535,  -31.28046858,   -4.99779699,   -5.20546503,     25.31377259,   16.33540893,   17.53902018,   21.08661368,      2.02723943,   16.33917182,   30.28940518,   68.64354163,     31.51606332], [  253.42991915,  -30.91796719,   -3.27598164,   21.04629059,     25.48537809,    8.72170069,   12.18162005,   15.05939198,      7.563404  ,    0.03782362,    9.46617328,   31.51606332,     69.78494015]]
/root/sim/music/out/斉藤和義/歌うたい25_SINGLES_BEST_2008～2017_[Disc_1]/1-06_Stick_to_fun!_Tonight!.mp3; [-524.9944   ,  90.544136 ,   4.800008 ,  18.199884 ,  12.066575 ,    5.234313 ,  -3.8906875,   0.6848341,   1.4337353,   5.7212887,   -3.0162709,  -1.0497727,  -2.0548477]; [[16887.87777629, -138.17616717,  567.68111409,  -30.66834545,    -73.3591201 ,   66.74794608, -131.10949193,  108.58764494,   -309.03074599,  -62.15090919,  -14.98428395,  -43.78762851,    -16.34578295], [ -138.17616717, 1156.12682109, -593.61534963,   60.91191654,    -48.86934816,  -95.69242604,  -49.24547439, -127.81462222,     53.00366055,  -17.852625  ,  -67.77797548,  -25.23138462,    -27.15880667], [  567.68111409, -593.61534963, 1279.1822163 ,   26.32490238,    320.0198132 ,  138.95025369,   32.98092962,  239.53737337,    -14.20212531,   80.92225633,  115.39927306,   65.08028693,    133.1152535 ], [  -30.66834545,   60.91191654,   26.32490238,  249.55047779,     77.61704602,   31.54240881,   -1.87651923,  -11.39626755,     28.49193764,  -18.66417418,  -11.51071261,   -2.51973071,    -12.18353097], [  -73.3591201 ,  -48.86934816,  320.0198132 ,   77.61704602,    265.36332667,   88.37285251,   18.05092842,   64.13214879,     40.35171535,   46.94658548,   16.68503912,   14.91828379,     40.23006197], [   66.74794608,  -95.69242604,  138.95025369,   31.54240881,     88.37285251,  155.56237049,   93.62690462,   35.73064831,     26.10303746,   11.03365668,   25.78383986,    8.89634104,     -3.34509745], [ -131.10949193,  -49.24547439,   32.98092962,   -1.87651923,     18.05092842,   93.62690462,  163.95922726,   53.70589127,      7.4258214 ,   17.28571032,   43.51523116,   10.18439377,     -7.46203854], [  108.58764494, -127.81462222,  239.53737337,  -11.39626755,     64.13214879,   35.73064831,   53.70589127,  139.29229795,     25.46006802,   41.9116978 ,   25.88236857,    9.64674747,     32.97864634], [ -309.03074599,   53.00366055,  -14.20212531,   28.49193764,     40.35171535,   26.10303746,    7.4258214 ,   25.46006802,    160.1157578 ,   44.82788594,  -19.4668092 ,   -9.03704176,      3.59554165], [  -62.15090919,  -17.852625  ,   80.92225633,  -18.66417418,     46.94658548,   11.03365668,   17.28571032,   41.9116978 ,     44.82788594,  111.94194074,   37.27833999,    7.78677368,     10.67522539], [  -14.98428395,  -67.77797548,  115.39927306,  -11.51071261,     16.68503912,   25.78383986,   43.51523116,   25.88236857,    -19.4668092 ,   37.27833999,   93.34400912,   34.45341635,     10.48154513], [  -43.78762851,  -25.23138462,   65.08028693,   -2.51973071,     14.91828379,    8.89634104,   10.18439377,    9.64674747,     -9.03704176,    7.78677368,   34.45341635,   71.91491706,     38.0437696 ], [  -16.34578295,  -27.15880667,  133.1152535 ,  -12.18353097,     40.23006197,   -3.34509745,   -7.46203854,   32.97864634,      3.59554165,   10.67522539,   10.48154513,   38.0437696 ,     85.48682382]]
