/root/sim/music/out/Sex_Pistols/Jubilee/09_Silly_Thing.mp3; [-534.84296  , 118.1344   , -20.391666 ,  16.142235 ,  -3.0502605,   11.191782 ,  10.553994 ,   3.4093091,   1.9827708,   3.8887362,  -11.174688 ,   0.9921275,  -3.836537 ]; [[9325.2216297 , 966.88460729,-362.68511215,  90.94823133, -64.95495565,   171.44170508,  62.6512477 ,   3.71005437,  18.16556635,  75.24604393,   -87.87418815,  15.39399989, -68.03237494], [ 966.88460729, 440.98895756,-102.03485651,  72.01915476, -15.34341844,     9.63529872,  62.93522078,   1.870798  ,  33.01686892,  24.48234471,   -18.32506961,  28.20261948,   5.07658024], [-362.68511215,-102.03485651, 258.52901006, -11.86922096,  40.4558493 ,   -19.84104436, -14.66177928,  12.56281312,  -8.76733255, -16.86159354,    19.70527727, -13.29165158,  20.84959753], [  90.94823133,  72.01915476, -11.86922096,  95.81449217,  24.61975784,    25.43509267,   4.19411733,   7.75374314,   9.99938123,   6.92495682,   -12.62693415,  12.39949833,  14.49879675], [ -64.95495565, -15.34341844,  40.4558493 ,  24.61975784,  85.67738009,    15.9478513 ,  -8.59881556,  -9.7251003 ,  14.4348018 ,   5.10293838,     4.88778071,  -3.53498775,  11.99465892], [ 171.44170508,   9.63529872, -19.84104436,  25.43509267,  15.9478513 ,    80.76427625,  30.3118921 ,  21.09810277,   2.27266556,   8.05504657,    -4.22305563,   9.8065314 ,  -3.11779533], [  62.6512477 ,  62.93522078, -14.66177928,   4.19411733,  -8.59881556,    30.3118921 , 101.51848186,  34.79533692,  10.83451803,   1.86453315,    -0.95654528,  11.86873938,  -3.93900909], [   3.71005437,   1.870798  ,  12.56281312,   7.75374314,  -9.7251003 ,    21.09810277,  34.79533692,  63.52157403,  14.8022987 ,  11.14379886,     4.28214967,   5.83798099,  -2.74594904], [  18.16556635,  33.01686892,  -8.76733255,   9.99938123,  14.4348018 ,     2.27266556,  10.83451803,  14.8022987 ,  58.08961118,  27.85565986,     9.34561626,   8.44531851,   5.18106572], [  75.24604393,  24.48234471, -16.86159354,   6.92495682,   5.10293838,     8.05504657,   1.86453315,  11.14379886,  27.85565986,  60.99191398,    26.42453546,   8.84958307,  -3.06503845], [ -87.87418815, -18.32506961,  19.70527727, -12.62693415,   4.88778071,    -4.22305563,  -0.95654528,   4.28214967,   9.34561626,  26.42453546,    66.44546022,  12.16253063,  -3.47816505], [  15.39399989,  28.20261948, -13.29165158,  12.39949833,  -3.53498775,     9.8065314 ,  11.86873938,   5.83798099,   8.44531851,   8.84958307,    12.16253063,  50.25367444,  20.31694197], [ -68.03237494,   5.07658024,  20.84959753,  14.49879675,  11.99465892,    -3.11779533,  -3.93900909,  -2.74594904,   5.18106572,  -3.06503845,    -3.47816505,  20.31694197,  47.43690777]]
/root/sim/music/out/Sex_Pistols/Jubilee/14_EMI_(Unlimited_Edition).mp3; [-505.7994    , 123.781784  , -23.62899   ,  14.906699  ,  14.849439  ,   12.0433445 ,   6.120523  ,   1.7645432 ,  -2.5655422 ,   2.6156845 ,   -6.8830266 ,  -0.31966087,  -2.7835314 ]; [[4187.12888782, -13.51370299,-219.20643957, -64.75980791, -38.70661431,    31.73648407, -24.90005653, -18.0226511 , -17.19582808,  50.63728255,   -76.76902578,  -3.91374379,  -9.09869495], [ -13.51370299, 585.32811809, -86.99435649,  43.95208095, -16.76711252,    -8.20344081,  41.29719993,   1.12573564,   7.59758107,  18.12972736,    14.02125317,  -0.38967837,  -5.24560512], [-219.20643957, -86.99435649, 384.83230891, -19.64548087,  27.77669521,   -19.54030192, -38.99425406,  10.59771515,  -9.58387398, -22.53886292,    35.22929695,   3.90060978,  -8.73505978], [ -64.75980791,  43.95208095, -19.64548087, 203.64346981,  32.86959071,    -9.4757333 ,  -1.34264767, -26.72733624,   2.68883131,  11.40039738,    -9.56192387,  24.36906913,  20.65048484], [ -38.70661431, -16.76711252,  27.77669521,  32.86959071, 116.6352895 ,     9.91851427,  -2.97046561,  -3.20176013,  12.04458279,  10.8378285 ,     1.51080353,  14.04522336,  10.70347653], [  31.73648407,  -8.20344081, -19.54030192,  -9.4757333 ,   9.91851427,   140.54401854,  63.6011804 , -16.28055767,  -4.55830055,   8.90122465,     7.13434006,  -3.43762639,  12.37752577], [ -24.90005653,  41.29719993, -38.99425406,  -1.34264767,  -2.97046561,    63.6011804 , 121.79953326,   3.41911154,   4.38748128,   0.84155906,     0.25287681,  11.81715508,  13.59118006], [ -18.0226511 ,   1.12573564,  10.59771515, -26.72733624,  -3.20176013,   -16.28055767,   3.41911154,  94.01811305,  24.10723981,   2.7605199 ,     5.77038909,  -4.92406982,  -5.15784768], [ -17.19582808,   7.59758107,  -9.58387398,   2.68883131,  12.04458279,    -4.55830055,   4.38748128,  24.10723981,  71.61185391,  31.16178805,     5.07153148,  -3.30582538,   3.14047652], [  50.63728255,  18.12972736, -22.53886292,  11.40039738,  10.8378285 ,     8.90122465,   0.84155906,   2.7605199 ,  31.16178805,  70.87413913,    17.53862544,   6.26012377,   0.07646708], [ -76.76902578,  14.02125317,  35.22929695,  -9.56192387,   1.51080353,     7.13434006,   0.25287681,   5.77038909,   5.07153148,  17.53862544,    63.84146783,  13.38042675,  -5.18038295], [  -3.91374379,  -0.38967837,   3.90060978,  24.36906913,  14.04522336,    -3.43762639,  11.81715508,  -4.92406982,  -3.30582538,   6.26012377,    13.38042675,  56.45760428,  22.39368664], [  -9.09869495,  -5.24560512,  -8.73505978,  20.65048484,  10.70347653,    12.37752577,  13.59118006,  -5.15784768,   3.14047652,   0.07646708,    -5.18038295,  22.39368664,  52.20177114]]
/root/sim/music/out/Sex_Pistols/Jubilee/02_Anarchy_In_The_UK.mp3; [-521.87384   , 128.708     , -35.21955   ,  12.995474  ,   9.791098  ,    0.26997197,  -4.3227043 ,  10.006175  ,   3.4023404 ,   2.7188683 ,   -4.2466617 ,  -1.3087895 ,   1.2703409 ]; [[5563.91916361, 311.01573611, -66.20089786, -36.33805132,  23.80617952,    34.24707147,-107.74648457,  -6.47029243,  13.18834079,  26.35464608,   -19.00584141, -41.56384138, -70.8256488 ], [ 311.01573611, 611.35628877,-185.81500857,  92.77851031,  20.96660095,   -51.47416959,  22.7480061 ,  -0.96317993, -11.96820972,  19.69633306,    -0.75933634,  17.57978112,  22.02092851], [ -66.20089786,-185.81500857, 349.66894977,  28.92033064,   6.09930607,    12.68198266, -35.38791939,  -7.13306387,  -1.21099889, -19.23731286,    20.52071762,  -8.20612293, -25.38448171], [ -36.33805132,  92.77851031,  28.92033064, 254.41514805,  66.99476679,   -65.50366693, -25.57953678, -21.46107654,   8.93714701, -10.06214215,    -7.0723768 ,  40.14095879,  27.29496821], [  23.80617952,  20.96660095,   6.09930607,  66.99476679, 110.41566531,   -22.76743201,  11.12130852, -11.14217196,   9.61990431,   4.43140601,    -1.96476661,  17.17877403,  14.14433221], [  34.24707147, -51.47416959,  12.68198266, -65.50366693, -22.76743201,   156.26339638,  37.98218186,   5.67493553, -35.82976564, -13.55656884,    18.02480639, -18.04903857,  -3.69721055], [-107.74648457,  22.7480061 , -35.38791939, -25.57953678,  11.12130852,    37.98218186, 112.90826668,   7.70743279, -14.10627622, -11.60796449,     0.70950267,   3.34189397,   0.75245109], [  -6.47029243,  -0.96317993,  -7.13306387, -21.46107654, -11.14217196,     5.67493553,   7.70743279,  72.42429206,  26.51179967,  10.46271242,    -3.28455645,  -6.33542955,   3.15810952], [  13.18834079, -11.96820972,  -1.21099889,   8.93714701,   9.61990431,   -35.82976564, -14.10627622,  26.51179967,  95.89730359,  29.67837604,   -11.80404665,  -4.22489114,  -3.23749287], [  26.35464608,  19.69633306, -19.23731286, -10.06214215,   4.43140601,   -13.55656884, -11.60796449,  10.46271242,  29.67837604,  64.28500037,    13.12423174,  -5.44179135,  -8.32592219], [ -19.00584141,  -0.75933634,  20.52071762,  -7.0723768 ,  -1.96476661,    18.02480639,   0.70950267,  -3.28455645, -11.80404665,  13.12423174,    59.51219782,  17.54448829,   2.60113436], [ -41.56384138,  17.57978112,  -8.20612293,  40.14095879,  17.17877403,   -18.04903857,   3.34189397,  -6.33542955,  -4.22489114,  -5.44179135,    17.54448829,  62.3317349 ,  26.17565675], [ -70.8256488 ,  22.02092851, -25.38448171,  27.29496821,  14.14433221,    -3.69721055,   0.75245109,   3.15810952,  -3.23749287,  -8.32592219,     2.60113436,  26.17565675,  55.35055632]]
/root/sim/music/out/Sex_Pistols/Jubilee/08_Friggin'_In_The_Riggin'.mp3; [-574.55206   , 154.44443   , -22.385607  ,   0.603534  ,  -1.2355093 ,    1.4528271 ,  -0.75914377,   2.7721577 ,  -0.661004  ,   0.16118275,   -1.1017295 ,   0.12186954,  -7.189099  ]; [[14421.93088027,  721.66234221, -817.38428995, -106.69843986,    -25.0356904 ,   61.53631935,   90.68429754,  261.58264863,     65.36529189,  273.96888917,  177.71363071,   64.65408115,    -50.98372859], [  721.66234221,  982.97592694,  -24.34927258,  -10.14378082,     31.89340482,  -17.35538056,   89.94878735,   63.83303395,    -28.21090784,  -34.17715022,    4.33363172,   11.2552744 ,     17.05786246], [ -817.38428995,  -24.34927258,  455.26132961,   85.52257863,     45.49487322,   42.51736893,   12.54541039,   18.41112511,     14.81711342,    1.44158963,  -10.81241262,   -5.38168115,     27.62692438], [ -106.69843986,  -10.14378082,   85.52257863,  175.98994195,     72.19197809,   37.25748801,   -5.67862866,   -4.70858399,     27.90500823,   28.46743694,   -6.76999675,    4.37363848,     21.19320441], [  -25.0356904 ,   31.89340482,   45.49487322,   72.19197809,    181.88480593,   38.63923293,    3.39597176,   29.33527366,     23.24629174,   49.09299086,    0.71845837,    0.00968457,     36.92117482], [   61.53631935,  -17.35538056,   42.51736893,   37.25748801,     38.63923293,  101.18056271,   36.85517912,   22.14372929,     16.06035036,   11.12941401,    7.03788546,   14.53759047,     13.14479635], [   90.68429754,   89.94878735,   12.54541039,   -5.67862866,      3.39597176,   36.85517912,  173.9801226 ,   98.59114572,    -14.86947188,  -23.02155257,    8.57776703,   20.90881468,     18.69852245], [  261.58264863,   63.83303395,   18.41112511,   -4.70858399,     29.33527366,   22.14372929,   98.59114572,  160.70068202,     12.47713022,    1.25882918,   12.07212434,   13.15396442,     36.39347224], [   65.36529189,  -28.21090784,   14.81711342,   27.90500823,     23.24629174,   16.06035036,  -14.86947188,   12.47713022,    100.70755454,   45.36500916,    5.88956235,   -8.20412279,     -3.65352075], [  273.96888917,  -34.17715022,    1.44158963,   28.46743694,     49.09299086,   11.12941401,  -23.02155257,    1.25882918,     45.36500916,  128.1898479 ,   36.60008061,    1.35671933,     13.80612202], [  177.71363071,    4.33363172,  -10.81241262,   -6.76999675,      0.71845837,    7.03788546,    8.57776703,   12.07212434,      5.88956235,   36.60008061,   78.24253893,   32.33051162,     -2.96064884], [   64.65408115,   11.2552744 ,   -5.38168115,    4.37363848,      0.00968457,   14.53759047,   20.90881468,   13.15396442,     -8.20412279,    1.35671933,   32.33051162,   79.42543791,     20.78108666], [  -50.98372859,   17.05786246,   27.62692438,   21.19320441,     36.92117482,   13.14479635,   18.69852245,   36.39347224,     -3.65352075,   13.80612202,   -2.96064884,   20.78108666,     89.80055063]]
/root/sim/music/out/Sex_Pistols/Jubilee/13_Pretty_Vacant_[Live].mp3; [-548.3766    , 122.20281   , -19.032305  ,  29.593414  ,  -2.6346364 ,    0.96575093,   2.854284  ,  10.930815  ,   5.9319987 ,  -0.32066455,    5.423962  ,   0.07515957,  -6.2326465 ]; [[10001.34350819,  941.18770175,  835.13272741,  603.00333556,    266.06884163,  220.23799338,   63.84481656, -154.5032827 ,     39.63916158, -154.08594297,  -73.92264857,  155.66536286,    155.00296973], [  941.18770175,  546.99878687,  -72.40593941,  181.20322317,     -2.20506306,   -0.77809301,   27.64007986,  -29.06407148,     14.71511213,  -41.07335401,   -9.51039051,   15.57471802,    -28.88277122], [  835.13272741,  -72.40593941,  397.58058595,   87.53136666,    103.25373818,   41.77970597,  -17.22499644,  -30.1566422 ,     -5.99128396,  -27.55551387,  -19.48494768,   38.5191767 ,     64.18572527], [  603.00333556,  181.20322317,   87.53136666,  330.94406133,     94.8153213 ,   45.7952523 ,   31.67355141,   -3.29477793,     50.66332864,  -28.2054143 ,  -38.82813914,   35.1951646 ,     19.10834055], [  266.06884163,   -2.20506306,  103.25373818,   94.8153213 ,    115.25814425,   37.39295875,   14.51088122,  -10.26349958,     17.29988073,  -10.43835557,  -12.24359858,   17.55419682,     17.82589285], [  220.23799338,   -0.77809301,   41.77970597,   45.7952523 ,     37.39295875,   76.97826926,   37.6954255 ,   13.52198687,     11.13177118,  -11.60611894,   -7.47122717,    5.01957034,      5.49724666], [   63.84481656,   27.64007986,  -17.22499644,   31.67355141,     14.51088122,   37.6954255 ,  101.19805037,   39.05177515,     20.48811608,  -10.79789318,   -1.32567833,    7.1981624 ,      7.37498186], [ -154.5032827 ,  -29.06407148,  -30.1566422 ,   -3.29477793,    -10.26349958,   13.52198687,   39.05177515,   89.99760474,     31.16653693,   11.31434613,    6.20834956,   -7.55882328,     -0.81790576], [   39.63916158,   14.71511213,   -5.99128396,   50.66332864,     17.29988073,   11.13177118,   20.48811608,   31.16653693,     89.25419   ,   31.32379938,   -3.39895997,   -4.44598878,     -8.05793373], [ -154.08594297,  -41.07335401,  -27.55551387,  -28.2054143 ,    -10.43835557,  -11.60611894,  -10.79789318,   11.31434613,     31.32379938,   81.5968967 ,   21.25680958,  -12.89532109,     -6.74631035], [  -73.92264857,   -9.51039051,  -19.48494768,  -38.82813914,    -12.24359858,   -7.47122717,   -1.32567833,    6.20834956,     -3.39895997,   21.25680958,   62.67002895,   17.04450817,     11.40386825], [  155.66536286,   15.57471802,   38.5191767 ,   35.1951646 ,     17.55419682,    5.01957034,    7.1981624 ,   -7.55882328,     -4.44598878,  -12.89532109,   17.04450817,   64.45035822,     35.24533022], [  155.00296973,  -28.88277122,   64.18572527,   19.10834055,     17.82589285,    5.49724666,    7.37498186,   -0.81790576,     -8.05793373,   -6.74631035,   11.40386825,   35.24533022,     66.08390302]]
/root/sim/music/out/Sex_Pistols/Jubilee/05_No_One_Is_Innocent.mp3; [-536.2173   , 135.06815  , -23.244883 ,  10.153626 ,   2.1065736,    5.8322396,   1.0434813,   8.274226 ,   0.9134473,  -1.176085 ,   -2.9838214,  -0.5382393,  -6.338168 ]; [[11142.3505306 ,  -89.67890228, -375.85433004,  103.05669395,     21.57060511,  339.17532965,  -95.88614789,  -37.82404576,   -290.35088516, -204.29696705,   87.91066219,   62.36346067,     24.42788557], [  -89.67890228, 1020.95018637, -181.17163797,   13.36380104,     76.47685971, -137.73172815,   18.98095777,   -3.49176403,      8.7158462 ,   21.67477347,  -19.8082028 ,   48.998321  ,     21.98551794], [ -375.85433004, -181.17163797,  362.67235878,   17.46210668,     -1.19176135,   36.57002784,  -15.92000826,    2.43986466,     -4.0963099 ,  -28.08605743,   -7.7544183 ,  -20.20691307,     13.6589066 ], [  103.05669395,   13.36380104,   17.46210668,  153.01571806,     86.07649347,   -5.38090665,  -29.19620583,  -21.75819327,    -22.09265081,    2.48041802,   -0.48322348,  -11.80119996,      3.19896719], [   21.57060511,   76.47685971,   -1.19176135,   86.07649347,    233.00783734,  -13.20046586,  -29.01128583,   20.90666045,    -23.75240281,    0.73395783,   23.04952019,    5.02245219,      4.12017117], [  339.17532965, -137.73172815,   36.57002784,   -5.38090665,    -13.20046586,  136.23354872,   23.18160223,   -8.75152401,     -2.95237996,  -20.22537455,   -4.55884192,    4.77904227,     13.11702114], [  -95.88614789,   18.98095777,  -15.92000826,  -29.19620583,    -29.01128583,   23.18160223,  108.71258738,   42.17692957,      8.67925936,  -12.36876389,   -2.1827241 ,    1.22562819,     -5.89450113], [  -37.82404576,   -3.49176403,    2.43986466,  -21.75819327,     20.90666045,   -8.75152401,   42.17692957,   97.40405632,     18.61799632,   -5.98115582,    8.2113411 ,   -5.42776102,    -13.13394758], [ -290.35088516,    8.7158462 ,   -4.0963099 ,  -22.09265081,    -23.75240281,   -2.95237996,    8.67925936,   18.61799632,     91.72660218,   41.13841329,   -8.24534192,  -14.28302657,    -13.9288085 ], [ -204.29696705,   21.67477347,  -28.08605743,    2.48041802,      0.73395783,  -20.22537455,  -12.36876389,   -5.98115582,     41.13841329,   83.37658935,   11.81675451,   -4.95302975,     -8.92991749], [   87.91066219,  -19.8082028 ,   -7.7544183 ,   -0.48322348,     23.04952019,   -4.55884192,   -2.1827241 ,    8.2113411 ,     -8.24534192,   11.81675451,   72.74522161,   19.51262586,     -7.71597634], [   62.36346067,   48.998321  ,  -20.20691307,  -11.80119996,      5.02245219,    4.77904227,    1.22562819,   -5.42776102,    -14.28302657,   -4.95302975,   19.51262586,   63.52481811,     28.85997349], [   24.42788557,   21.98551794,   13.6589066 ,    3.19896719,      4.12017117,   13.11702114,   -5.89450113,  -13.13394758,    -13.9288085 ,   -8.92991749,   -7.71597634,   28.85997349,     61.91797299]]
/root/sim/music/out/Sex_Pistols/Jubilee/10_C'mon_Everybody.mp3; [-560.8191   , 138.06747  , -12.2665205,  -5.3337345,  -0.948098 ,   -1.7165558,   3.9458039,   1.9089057,   0.5066294,  -1.1608398,   -8.768874 ,  -7.1233606,  -6.137281 ]; [[18109.07357838,  197.64300238, -705.21663307, -177.81634045,   -195.33281855, -270.10441044,  176.28998086,  165.69117243,      3.28745019,  -45.43485398, -222.80883868, -169.53754792,   -114.11680415], [  197.64300238, 1444.31548536,   37.54880009,   47.16227258,     35.85774157,   47.33751932,   10.98225326,  -50.18287144,     42.51895166,   23.38468323,  -12.08942705,   24.92705517,      2.8105734 ], [ -705.21663307,   37.54880009,  732.99562967,   58.08238849,    104.37422879,   63.13272288,   -4.76613761,  -57.14060886,     59.00275947,   15.13731287,   -9.71677003,   32.09346327,     11.40379773], [ -177.81634045,   47.16227258,   58.08238849,  134.50336619,     22.98689143,   13.17127782,  -12.28231983,    2.01534453,      6.88129246,   19.25557191,    4.06867208,    0.52063569,     -1.68899841], [ -195.33281855,   35.85774157,  104.37422879,   22.98689143,    110.3176977 ,    4.0080185 ,   -5.9454311 ,  -19.75395695,     10.37561264,   11.98353798,    2.69040498,   -3.27418036,     -2.62403921], [ -270.10441044,   47.33751932,   63.13272288,   13.17127782,      4.0080185 ,   94.79701381,   46.2324975 ,   -3.23273627,     25.89886992,   14.99546542,  -18.08542472,   13.74857751,      8.00856889], [  176.28998086,   10.98225326,   -4.76613761,  -12.28231983,     -5.9454311 ,   46.2324975 ,  135.91392233,   22.99336589,     51.48900049,   20.81007344,  -35.85929504,   10.36104235,     16.66345404], [  165.69117243,  -50.18287144,  -57.14060886,    2.01534453,    -19.75395695,   -3.23273627,   22.99336589,   62.65036702,      9.44986752,   -0.65925333,    3.55029276,   -2.75788833,      1.50585114], [    3.28745019,   42.51895166,   59.00275947,    6.88129246,     10.37561264,   25.89886992,   51.48900049,    9.44986752,     94.68036637,   39.44566896,  -31.21563343,   16.3737402 ,     16.47047592], [  -45.43485398,   23.38468323,   15.13731287,   19.25557191,     11.98353798,   14.99546542,   20.81007344,   -0.65925333,     39.44566896,   70.15753195,    6.52358599,    8.27163265,      3.32224519], [ -222.80883868,  -12.08942705,   -9.71677003,    4.06867208,      2.69040498,  -18.08542472,  -35.85929504,    3.55029276,    -31.21563343,    6.52358599,   83.00991068,   13.84196115,     -6.55935277], [ -169.53754792,   24.92705517,   32.09346327,    0.52063569,     -3.27418036,   13.74857751,   10.36104235,   -2.75788833,     16.3737402 ,    8.27163265,   13.84196115,   46.85872509,     19.57659535], [ -114.11680415,    2.8105734 ,   11.40379773,   -1.68899841,     -2.62403921,    8.00856889,   16.66345404,    1.50585114,     16.47047592,    3.32224519,   -6.55935277,   19.57659535,     39.66879296]]
/root/sim/music/out/Sex_Pistols/Jubilee/06_My_Way.mp3; [-595.9904    , 170.47177   , -30.462154  ,   3.009626  ,  11.475802  ,   -1.0376741 , -11.366192  ,   0.26787016, -12.021904  ,  -6.8269386 ,   -7.9954715 ,  -1.9176795 ,  -5.177525  ]; [[13983.33029021,   40.95239424, -249.04916177, -477.83242015,    333.98703622,  472.09253953,   73.75446773,   73.41610741,    -30.64011969,   76.70295785, -196.75477008, -107.22273056,   -259.79564979], [   40.95239424, 1276.06422258, -125.55113411,  104.3535716 ,     -9.46475835, -153.76942862, -103.49416616,   -0.76913522,    -58.55108766,  -63.51831972,  -43.23612631,   25.77058116,     -8.64782074], [ -249.04916177, -125.55113411,  577.55242442,  -22.80995904,     22.08846316,   88.69040917,   28.31709574,  -13.46816316,     27.45146409,   -0.56358729,   -4.55505332,   10.62316151,      4.15333364], [ -477.83242015,  104.3535716 ,  -22.80995904,  193.28387538,     14.07143946,  -66.5710741 ,  -29.33293997,   13.09226537,    -10.00816027,   -5.5022573 ,   18.50067449,  -23.79510086,      7.74756721], [  333.98703622,   -9.46475835,   22.08846316,   14.07143946,    163.6682901 ,   72.75354753,    9.71503985,   -4.99273256,     20.4502998 ,   35.18714455,    6.78124902,   17.29937837,     -0.00529249], [  472.09253953, -153.76942862,   88.69040917,  -66.5710741 ,     72.75354753,  202.22028933,   85.25001404,  -48.94841126,     59.3245997 ,   24.50237068,  -11.15961054,   30.85170569,      1.40338036], [   73.75446773, -103.49416616,   28.31709574,  -29.33293997,      9.71503985,   85.25001404,  174.34276294,   -3.53399955,     50.93064981,   44.39129289,    8.19720331,   11.57916344,     16.59075254], [   73.41610741,   -0.76913522,  -13.46816316,   13.09226537,     -4.99273256,  -48.94841126,   -3.53399955,  137.74840842,    -12.99529928,   -2.11256225,   19.92618448,   -8.33731187,      7.05191362], [  -30.64011969,  -58.55108766,   27.45146409,  -10.00816027,     20.4502998 ,   59.3245997 ,   50.93064981,  -12.99529928,    101.82553016,   34.11029952,   -6.75307988,   13.68857954,      5.14611532], [   76.70295785,  -63.51831972,   -0.56358729,   -5.5022573 ,     35.18714455,   24.50237068,   44.39129289,   -2.11256225,     34.11029952,  100.14287722,   30.39536243,    4.47206762,     10.15505699], [ -196.75477008,  -43.23612631,   -4.55505332,   18.50067449,      6.78124902,  -11.15961054,    8.19720331,   19.92618448,     -6.75307988,   30.39536243,   83.54029555,   14.99104359,      8.86399058], [ -107.22273056,   25.77058116,   10.62316151,  -23.79510086,     17.29937837,   30.85170569,   11.57916344,   -8.33731187,     13.68857954,    4.47206762,   14.99104359,   85.69933901,     28.0760929 ], [ -259.79564979,   -8.64782074,    4.15333364,    7.74756721,     -0.00529249,    1.40338036,   16.59075254,    7.05191362,      5.14611532,   10.15505699,    8.86399058,   28.0760929 ,     65.66863686]]
/root/sim/music/out/Sex_Pistols/Jubilee/11_The_Great_Rock_'n'_Roll_Swindle.mp3; [-519.9948    , 145.36266   , -24.265026  ,  -2.456299  ,  -3.2809794 ,   -2.511018  ,   5.364004  ,   3.893654  ,  -1.6728331 ,   0.34161088,    1.6352161 ,   0.7662707 ,  -8.034276  ]; [[7030.73045705, 572.91189086,-397.03960726, -50.45412267, -73.41371081,   -36.0987848 , -13.86193703,   0.72839673, -53.83387863,  46.36928851,     7.51711967, -30.19951276, -78.57570409], [ 572.91189086, 592.96722663, -88.63916137,  36.62135532,   9.12464648,   -15.83612849,  35.81419917,  19.0655791 ,  28.85304138,   0.87631997,    29.99972388,  26.70987239,   7.43360361], [-397.03960726, -88.63916137, 450.66226023,  27.40683308,  74.83547995,    64.96664983,  12.88527175,  13.00246388,  33.92391968, -17.39739062,   -11.11079431,  25.03596873,   8.82030865], [ -50.45412267,  36.62135532,  27.40683308, 141.62384373,  52.00557955,    13.71917178,   9.32780715,   8.95943671,  19.1643025 ,  14.66270724,     0.73519836,   2.66844367,   5.1183858 ], [ -73.41371081,   9.12464648,  74.83547995,  52.00557955, 136.22623617,    35.68227705,   4.77131801,  18.08774068,  39.23496382,   3.76084846,     4.95705324,   5.82889561,   2.62243254], [ -36.0987848 , -15.83612849,  64.96664983,  13.71917178,  35.68227705,   105.5327024 ,  46.74749597,  21.85610183,  17.59114534,   5.98137644,     3.29283547,   4.54825189,  -4.71289054], [ -13.86193703,  35.81419917,  12.88527175,   9.32780715,   4.77131801,    46.74749597, 120.90350534,  41.38226966,   6.93788807,   7.61693943,    12.45828816,  -0.04016191,  -2.73570468], [   0.72839673,  19.0655791 ,  13.00246388,   8.95943671,  18.08774068,    21.85610183,  41.38226966,  73.54105585,  22.55800736,   3.0289478 ,     9.29692714,   5.04046659,   2.29243241], [ -53.83387863,  28.85304138,  33.92391968,  19.1643025 ,  39.23496382,    17.59114534,   6.93788807,  22.55800736,  78.72336794,  23.92266381,     4.90323038,   8.10276225,   2.06383965], [  46.36928851,   0.87631997, -17.39739062,  14.66270724,   3.76084846,     5.98137644,   7.61693943,   3.0289478 ,  23.92266381,  71.17729865,    21.01834982,   0.72085432,   3.09009394], [   7.51711967,  29.99972388, -11.11079431,   0.73519836,   4.95705324,     3.29283547,  12.45828816,   9.29692714,   4.90323038,  21.01834982,    57.01419243,  22.73075452,   5.16972388], [ -30.19951276,  26.70987239,  25.03596873,   2.66844367,   5.82889561,     4.54825189,  -0.04016191,   5.04046659,   8.10276225,   0.72085432,    22.73075452,  55.54853992,  23.61092542], [ -78.57570409,   7.43360361,   8.82030865,   5.1183858 ,   2.62243254,    -4.71289054,  -2.73570468,   2.29243241,   2.06383965,   3.09009394,     5.16972388,  23.61092542,  49.34315475]]
/root/sim/music/out/いとうかなこ/Reactor/08-花ノ輪舞曲.mp3; [-573.7463    ,  95.780014  ,  -4.3188868 ,  25.5146    ,   6.2016115 ,    3.0077922 ,  10.004115  ,   7.010091  ,   2.985831  ,   2.0870554 ,   -1.9409946 ,  -0.26153693,   0.5607034 ]; [[19405.31444655, -110.99125251,  193.53376127, 1733.65440761,    711.00198644,  443.74906475,  648.68068522,  655.6550028 ,    357.96273569,  509.43845152,  133.84326752,   42.89804042,     20.06037334], [ -110.99125251, 1371.68032264, -309.95574722, -105.56202491,    -80.68308908, -104.04547614,    0.52384593,  -39.93362706,    -12.23010692,  -57.90271023,    2.53917553,   51.81436204,     18.64542352], [  193.53376127, -309.95574722,  713.16989891,  111.97401654,     95.71490169,  132.05284803,  -11.65166926,   22.040217  ,      8.708483  ,   27.22695056,   31.64196917,    5.33266634,     11.32712814], [ 1733.65440761, -105.56202491,  111.97401654,  579.35296208,    213.16435325,   49.07373208,  131.52007796,  143.27729718,    102.10050732,   96.03182817,   53.47123792,   46.68956964,     15.68658191], [  711.00198644,  -80.68308908,   95.71490169,  213.16435325,    219.11733505,   76.39147466,   68.61129173,   82.05860268,     60.75242891,   56.49856664,   26.15507505,   23.9580256 ,     29.7117947 ], [  443.74906475, -104.04547614,  132.05284803,   49.07373208,     76.39147466,  307.8620025 ,  115.62391176,   46.57078829,     35.73788305,   77.80679586,   45.99406717,   11.15358674,     42.44545849], [  648.68068522,    0.52384593,  -11.65166926,  131.52007796,     68.61129173,  115.62391176,  199.21391855,   91.13527823,     46.76505313,   61.85545558,   35.84523392,   26.89828351,     22.61374286], [  655.6550028 ,  -39.93362706,   22.040217  ,  143.27729718,     82.05860268,   46.57078829,   91.13527823,  179.52963223,     93.62539603,   47.56470933,   18.53016839,   15.42579627,     34.57949529], [  357.96273569,  -12.23010692,    8.708483  ,  102.10050732,     60.75242891,   35.73788305,   46.76505313,   93.62539603,    154.64625127,   74.49395887,    9.82368429,   11.59687166,     28.6759531 ], [  509.43845152,  -57.90271023,   27.22695056,   96.03182817,     56.49856664,   77.80679586,   61.85545558,   47.56470933,     74.49395887,  143.66818734,   53.85003741,   11.44383433,     22.69371671], [  133.84326752,    2.53917553,   31.64196917,   53.47123792,     26.15507505,   45.99406717,   35.84523392,   18.53016839,      9.82368429,   53.85003741,  114.7440306 ,   52.75944622,     14.9359081 ], [   42.89804042,   51.81436204,    5.33266634,   46.68956964,     23.9580256 ,   11.15358674,   26.89828351,   15.42579627,     11.59687166,   11.44383433,   52.75944622,  109.08430596,     43.52080444], [   20.06037334,   18.64542352,   11.32712814,   15.68658191,     29.7117947 ,   42.44545849,   22.61374286,   34.57949529,     28.6759531 ,   22.69371671,   14.9359081 ,   43.52080444,    105.57874523]]
/root/sim/music/out/いとうかなこ/Reactor/12-Lullaby_Blue.mp3; [-611.83636   , 143.59508   , -12.449253  ,  29.614769  ,  10.3261795 ,    5.7478123 ,  10.320086  ,  -0.4937196 ,  -3.6148763 ,   0.30299607,   -7.272817  ,   1.5061506 ,  -1.9056017 ]; [[21983.0213119 ,-1719.27070193,-1463.57280619, 2069.97698869,    457.23743057,  372.33347757,  363.04642901, -111.12062149,     41.11607856,  550.14910945,  309.697322  ,  573.7763038 ,    160.96486232], [-1719.27070193, 1835.54313741,  166.16290376, -309.82171122,     12.23353746,  -12.63463966,    9.13458419,   59.42503162,    -23.51957301,  -65.44152994,  -65.7489916 , -125.66902429,    -59.93970387], [-1463.57280619,  166.16290376, 1050.57370999,  -26.75070981,    125.78227313,  100.0782893 , -198.94298615,  144.46211659,     57.99630711,  -54.02294837,  -33.75386243,  -55.83510852,     19.3448567 ], [ 2069.97698869, -309.82171122,  -26.75070981,  502.89862883,    141.85108145,   50.85735571,   -2.69602708,    7.49167462,     47.12861697,   57.73674156,   27.45519906,  107.63509395,     56.91756715], [  457.23743057,   12.23353746,  125.78227313,  141.85108145,    210.70314038,   90.04763399,  -31.00187458,   56.2068201 ,     26.06653089,   24.65424346,   20.98453348,   35.67652859,     33.63498444], [  372.33347757,  -12.63463966,  100.0782893 ,   50.85735571,     90.04763399,  244.81381223,   81.0767607 ,   64.71563335,     -4.86274117,   32.64158   ,   51.52025894,   10.42100748,     27.98071197], [  363.04642901,    9.13458419, -198.94298615,   -2.69602708,    -31.00187458,   81.0767607 ,  240.98248782,   11.15087384,    -27.19543769,   20.62015978,   31.03293476,   22.11340467,     13.57914246], [ -111.12062149,   59.42503162,  144.46211659,    7.49167462,     56.2068201 ,   64.71563335,   11.15087384,  136.83360032,     42.57505591,   10.0283835 ,    7.26231963,    0.39923758,     21.47280056], [   41.11607856,  -23.51957301,   57.99630711,   47.12861697,     26.06653089,   -4.86274117,  -27.19543769,   42.57505591,    117.03332092,   34.04597756,   -4.88037221,    2.75633086,     10.51372253], [  550.14910945,  -65.44152994,  -54.02294837,   57.73674156,     24.65424346,   32.64158   ,   20.62015978,   10.0283835 ,     34.04597756,  104.8195787 ,   32.78472844,   15.05385468,      1.64989858], [  309.697322  ,  -65.7489916 ,  -33.75386243,   27.45519906,     20.98453348,   51.52025894,   31.03293476,    7.26231963,     -4.88037221,   32.78472844,   99.04278512,   35.3059522 ,      6.29383156], [  573.7763038 , -125.66902429,  -55.83510852,  107.63509395,     35.67652859,   10.42100748,   22.11340467,    0.39923758,      2.75633086,   15.05385468,   35.3059522 ,  112.88324202,     40.04096063], [  160.96486232,  -59.93970387,   19.3448567 ,   56.91756715,     33.63498444,   27.98071197,   13.57914246,   21.47280056,     10.51372253,    1.64989858,    6.29383156,   40.04096063,     81.05351392]]
/root/sim/music/out/いとうかなこ/Reactor/10-Fantastisk_udsigt.mp3; [-649.80786  , 160.61287  ,  -3.0511215,  23.092348 ,   0.8898131,    1.1586866,   3.7313046,  -4.443291 ,  -1.4628023,  -2.5274816,   -5.612145 ,   0.6762355,  -0.9362345]; [[14426.42031245, -641.06855476,  230.04702072,  898.26931231,     26.12158616,  -44.22818921,  476.87935888,   66.33134926,    226.85146664,  -49.06134408,  -94.86145307,  267.30164634,     92.87122986], [ -641.06855476, 2274.02556776, -186.5355827 ,  219.44796466,    122.48400998,  223.37641953,  -56.15848702,   60.97559487,      2.96717477,  171.32897727,  120.15095061,  -43.60886104,     26.9580002 ], [  230.04702072, -186.5355827 ,  751.41960471, -104.75853603,    125.9113712 ,  -21.62880771,  -14.49531468,   10.14227427,     -3.28862483,    3.25577406,   -7.18942196,   -6.27375243,     -0.52098034], [  898.26931231,  219.44796466, -104.75853603,  616.3148057 ,     50.36844176,  122.48229357,   56.73800544,  100.90037007,     83.57700574,   81.82738828,   52.47487677,   54.54829812,     20.24145104], [   26.12158616,  122.48400998,  125.9113712 ,   50.36844176,    223.99354124,   17.14195407,   23.74983037,   49.3851672 ,     30.09713103,   31.98462128,   16.54600962,   17.10614929,     18.79823183], [  -44.22818921,  223.37641953,  -21.62880771,  122.48229357,     17.14195407,  337.51475302,   58.19688128,   68.71053746,     65.22417217,   80.47234285,   74.08377077,    7.46180248,     32.80087946], [  476.87935888,  -56.15848702,  -14.49531468,   56.73800544,     23.74983037,   58.19688128,  227.37606992,   47.01882   ,     46.55913788,   16.83708355,   18.90257695,   33.1745436 ,     -0.04848822], [   66.33134926,   60.97559487,   10.14227427,  100.90037007,     49.3851672 ,   68.71053746,   47.01882   ,  171.01839674,     70.79534953,   58.32200807,   19.26581381,   14.38354176,     16.35957181], [  226.85146664,    2.96717477,   -3.28862483,   83.57700574,     30.09713103,   65.22417217,   46.55913788,   70.79534953,    160.96737895,   58.03752172,   37.29897892,   20.55805343,      1.8025919 ], [  -49.06134408,  171.32897727,    3.25577406,   81.82738828,     31.98462128,   80.47234285,   16.83708355,   58.32200807,     58.03752172,  144.77960845,   65.08311914,   21.57465668,      0.8619542 ], [  -94.86145307,  120.15095061,   -7.18942196,   52.47487677,     16.54600962,   74.08377077,   18.90257695,   19.26581381,     37.29897892,   65.08311914,  116.75856241,   38.53197421,      9.11876123], [  267.30164634,  -43.60886104,   -6.27375243,   54.54829812,     17.10614929,    7.46180248,   33.1745436 ,   14.38354176,     20.55805343,   21.57465668,   38.53197421,  113.67400237,     19.74020888], [   92.87122986,   26.9580002 ,   -0.52098034,   20.24145104,     18.79823183,   32.80087946,   -0.04848822,   16.35957181,      1.8025919 ,    0.8619542 ,    9.11876123,   19.74020888,    108.59909396]]
/root/sim/music/out/いとうかなこ/Reactor/06-君の名前の風が吹く.mp3; [-595.4006    , 134.40549   , -14.1318865 ,  23.044132  ,   6.151438  ,   -1.3218942 ,  11.194106  ,   1.6376576 ,   2.4534192 ,   2.0800824 ,   -4.6326585 ,   0.207294  ,   0.86062753]; [[14318.59896906, -569.90496098, -423.52419257,  643.35858673,   -144.6301117 ,  428.96905123,  232.22472257,  130.98189258,    266.84039778,   82.55160148,  296.89718262,   91.33045328,      6.0816074 ], [ -569.90496098, 1368.07303416, -275.04251159,  -73.99591223,     43.38389769,  -23.58488917,   64.08611728,   28.41230542,     -3.10324047,   38.6302624 ,  -68.5553317 ,  -16.55501154,     52.31709105], [ -423.52419257, -275.04251159,  545.15475955,  -43.32715734,     59.15183513,  -62.34813363,  -58.99438822,  -17.93133045,    -52.9154693 ,  -28.41523129,    1.6310829 ,    0.5290175 ,    -14.28171343], [  643.35858673,  -73.99591223,  -43.32715734,  337.07365663,     21.31167012,   76.14515266,  -39.45195761,   19.32233633,     59.5882438 ,  -22.19667507,   64.21398033,   19.6427469 ,      3.92247867], [ -144.6301117 ,   43.38389769,   59.15183513,   21.31167012,    164.85728285,  -28.49011134,  -20.18111747,   10.69838484,      8.33544466,    4.77227853,  -18.74485113,    4.67359866,     -5.95341598], [  428.96905123,  -23.58488917,  -62.34813363,   76.14515266,    -28.49011134,  285.8402903 ,   26.34884856,   30.29183114,     40.36178104,    9.66513873,   80.4698692 ,  -14.01534322,     17.86296789], [  232.22472257,   64.08611728,  -58.99438822,  -39.45195761,    -20.18111747,   26.34884856,  185.03427543,   24.22284157,     -8.38403329,   25.98725412,    0.3358013 ,   29.4259204 ,     16.87566473], [  130.98189258,   28.41230542,  -17.93133045,   19.32233633,     10.69838484,   30.29183114,   24.22284157,  111.53257772,     26.15185388,   12.84884327,   10.49597794,   -0.11583546,     20.86196536], [  266.84039778,   -3.10324047,  -52.9154693 ,   59.5882438 ,      8.33544466,   40.36178104,   -8.38403329,   26.15185388,    122.75428469,   24.68687425,   24.66137196,    9.42843571,     -1.77627906], [   82.55160148,   38.6302624 ,  -28.41523129,  -22.19667507,      4.77227853,    9.66513873,   25.98725412,   12.84884327,     24.68687425,   92.08309696,   16.91296084,    4.92150227,      3.21438526], [  296.89718262,  -68.5553317 ,    1.6310829 ,   64.21398033,    -18.74485113,   80.4698692 ,    0.3358013 ,   10.49597794,     24.66137196,   16.91296084,  122.82539603,   26.72846508,     13.58331611], [   91.33045328,  -16.55501154,    0.5290175 ,   19.6427469 ,      4.67359866,  -14.01534322,   29.4259204 ,   -0.11583546,      9.42843571,    4.92150227,   26.72846508,  102.2382318 ,     28.69080894], [    6.0816074 ,   52.31709105,  -14.28171343,    3.92247867,     -5.95341598,   17.86296789,   16.87566473,   20.86196536,     -1.77627906,    3.21438526,   13.58331611,   28.69080894,     84.13908541]]
/root/sim/music/out/いとうかなこ/Reactor/11-BY_MY_SIDE.mp3; [-656.92395  , 151.97525  , -17.91406  ,  24.280546 ,   2.6425705,   -4.184691 ,   0.8713503,  -6.4050198,  -8.772826 ,  -2.8089445,   -7.60221  ,   1.5677775,   2.5775094]; [[36217.0576665 ,-4032.35999782, -645.45116353, 2025.93665209,   -281.47605947,  774.39681203, 1016.42834881, 1049.94757093,    619.41341861,   43.04906662, -267.62060785,  -84.75936495,   -446.6285242 ], [-4032.35999782, 3353.9520315 , -396.72686388, -299.70682245,    100.06655011, -280.33153978, -213.37061508, -355.49877949,   -276.11695278,  -33.15620596,  -53.43254164,  -49.23769465,     65.05601903], [ -645.45116353, -396.72686388,  760.83661973,   14.63474784,     73.40105951,   92.00879734,  -80.74831311,   31.24132801,      5.21030945,  -10.31466774,   66.53326085,    3.00925108,    -24.34096439], [ 2025.93665209, -299.70682245,   14.63474784,  521.63317631,     62.96503748,   84.86980082,   78.63654189,   60.60804484,     57.37689463,    9.46043029,  -37.88478152,   40.60692519,      0.58939602], [ -281.47605947,  100.06655011,   73.40105951,   62.96503748,    178.16420925,   23.68916165,  -17.27129998,   -8.5981632 ,     -4.45350745,    1.90300342,    9.72165944,   12.27910157,     10.21397606], [  774.39681203, -280.33153978,   92.00879734,   84.86980082,     23.68916165,  207.76769558,   78.24804621,   49.29034765,     25.25291667,   20.62969337,   25.8941525 ,   11.03290705,     -0.54980124], [ 1016.42834881, -213.37061508,  -80.74831311,   78.63654189,    -17.27129998,   78.24804621,  175.1698809 ,   76.61062322,     33.57462797,   11.32136539,  -16.60912703,    4.73120995,      4.3818387 ], [ 1049.94757093, -355.49877949,   31.24132801,   60.60804484,     -8.5981632 ,   49.29034765,   76.61062322,  162.63970081,     87.42781919,    7.68698258,   -6.7545559 ,   -9.09189682,    -15.9629222 ], [  619.41341861, -276.11695278,    5.21030945,   57.37689463,     -4.45350745,   25.25291667,   33.57462797,   87.42781919,    136.36084781,   26.28922939,  -12.22167132,   -7.86049073,    -20.59594792], [   43.04906662,  -33.15620596,  -10.31466774,    9.46043029,      1.90300342,   20.62969337,   11.32136539,    7.68698258,     26.28922939,   80.40341832,   37.2409928 ,   12.03074434,     10.92610641], [ -267.62060785,  -53.43254164,   66.53326085,  -37.88478152,      9.72165944,   25.8941525 ,  -16.60912703,   -6.7545559 ,    -12.22167132,   37.2409928 ,  108.63649279,   45.06554128,     16.88746503], [  -84.75936495,  -49.23769465,    3.00925108,   40.60692519,     12.27910157,   11.03290705,    4.73120995,   -9.09189682,     -7.86049073,   12.03074434,   45.06554128,   93.63908143,     51.81653951], [ -446.6285242 ,   65.05601903,  -24.34096439,    0.58939602,     10.21397606,   -0.54980124,    4.3818387 ,  -15.9629222 ,    -20.59594792,   10.92610641,   16.88746503,   51.81653951,    105.4268017 ]]
