/root/sim/music/out/クリスタルキング/クリスタルキング_ベストコレクション/07_Moon_Light.mp3; [-635.9253   , 126.89692  ,  -2.6638753,  33.631382 ,  -4.873571 ,    3.1461515,   0.2887767,   5.5846357,  -7.379837 ,  -6.0648065,   -6.444434 ,  -6.9452605,  -5.622786 ]; [[17444.80292445, -867.07958087,  238.1753864 ,  363.45789287,   -544.12134827, -247.41880356,  141.97994364,  145.38463309,    -82.55119136,  347.07003711,  305.95278794,  131.58570495,      3.59228893], [ -867.07958087, 2320.71325426,  -34.83546499,   49.72631628,    221.29137224,  168.53668578,  117.65375818,  116.74936745,    156.92858195,   -1.96980463,  -24.12090667,  -77.57194843,    -59.14838724], [  238.1753864 ,  -34.83546499,  779.97962509,  197.48410646,    201.39476773,  162.90804789,  138.78145597,   76.915993  ,    125.18500447,   33.1391506 ,   -8.19002812,   36.0591176 ,     32.99858052], [  363.45789287,   49.72631628,  197.48410646,  388.48271777,    180.69294121,   78.94942275,   62.80023187,   62.98994539,    123.77149694,   52.21820601,  -11.79516632,    8.24383276,     -2.39724338], [ -544.12134827,  221.29137224,  201.39476773,  180.69294121,    348.18660777,  162.9186893 ,   42.51783647,   49.67323323,    150.58118274,   45.61259032,   -9.69499344,    3.7632566 ,    -14.36731511], [ -247.41880356,  168.53668578,  162.90804789,   78.94942275,    162.9186893 ,  252.18756402,  142.15405618,   53.92196979,    120.98344289,   59.25151126,   19.44912579,   -6.8671421 ,    -10.33367735], [  141.97994364,  117.65375818,  138.78145597,   62.80023187,     42.51783647,  142.15405618,  295.93223124,  104.77121765,    123.14260716,  105.6913917 ,   64.56701939,    8.46571707,     13.99389621], [  145.38463309,  116.74936745,   76.915993  ,   62.98994539,     49.67323323,   53.92196979,  104.77121765,  138.02527703,     90.0011325 ,   37.92330977,   19.63722586,   11.05051553,     13.94116882], [  -82.55119136,  156.92858195,  125.18500447,  123.77149694,    150.58118274,  120.98344289,  123.14260716,   90.0011325 ,    240.44043697,  131.07430876,   33.33004692,   11.38894685,     -4.91603908], [  347.07003711,   -1.96980463,   33.1391506 ,   52.21820601,     45.61259032,   59.25151126,  105.6913917 ,   37.92330977,    131.07430876,  210.98183618,   91.69087487,   16.72441854,      2.57009397], [  305.95278794,  -24.12090667,   -8.19002812,  -11.79516632,     -9.69499344,   19.44912579,   64.56701939,   19.63722586,     33.33004692,   91.69087487,  117.12115477,   32.7304745 ,      1.66294744], [  131.58570495,  -77.57194843,   36.0591176 ,    8.24383276,      3.7632566 ,   -6.8671421 ,    8.46571707,   11.05051553,     11.38894685,   16.72441854,   32.7304745 ,   78.00907871,     28.40442608], [    3.59228893,  -59.14838724,   32.99858052,   -2.39724338,    -14.36731511,  -10.33367735,   13.99389621,   13.94116882,     -4.91603908,    2.57009397,    1.66294744,   28.40442608,     79.78937909]]
/root/sim/music/out/クリスタルキング/クリスタルキング_ベストコレクション/06_サマーシェイド.mp3; [-758.43427  , 158.43369  ,  -8.59315  ,  14.029311 ,  -8.218327 ,   -9.919377 , -19.513315 ,  -5.555098 , -20.629217 ,  -5.1745977,   -8.70763  , -11.310422 , -11.006796 ]; [[16720.17607623, 1062.29126936,-1033.07252379, -730.67290367,   -740.87700609, -222.99757323, -347.59956415,  500.03127577,   -823.32068439,  336.87868529,  170.02809204, -330.21662939,   -314.17128886], [ 1062.29126936, 1893.2392473 , -258.50143631,  -45.70961953,    -64.90559064, -179.98120621,  -77.01954673,  -53.01832649,    -56.35542072,  -62.05715163,  -63.52514837,  -56.29111974,    -80.81678774], [-1033.07252379, -258.50143631,  920.14326864,   88.83003708,    146.88126807,   45.98546128,  -31.81652223,  -64.29007183,     -5.14115039,  -79.50829173,  -72.11609128,   24.31105598,     41.21716295], [ -730.67290367,  -45.70961953,   88.83003708,  417.03736911,    138.89351971,   45.96665362,   -3.97956837,  -74.90461523,     62.71441486,  -90.29459596,  -65.45081144,    4.60364724,     41.94320284], [ -740.87700609,  -64.90559064,  146.88126807,  138.89351971,    279.74276945,   83.32489979,  -23.37983133,  -14.77618296,     42.61934624,  -38.14738955,  -20.22402786,  -12.91239927,     18.75614224], [ -222.99757323, -179.98120621,   45.98546128,   45.96665362,     83.32489979,  234.76639228,   66.05199071,    2.34097969,     60.91196372,    3.4225989 ,   34.04452372,   10.85782075,    -17.40839538], [ -347.59956415,  -77.01954673,  -31.81652223,   -3.97956837,    -23.37983133,   66.05199071,  257.58890978,   45.70919471,     46.37135435,   30.38166797,   39.36467766,   38.06422599,     10.13516597], [  500.03127577,  -53.01832649,  -64.29007183,  -74.90461523,    -14.77618296,    2.34097969,   45.70919471,  208.34232154,    -34.0529107 ,   27.33067011,   52.78613568,  -14.58081286,      2.74782746], [ -823.32068439,  -56.35542072,   -5.14115039,   62.71441486,     42.61934624,   60.91196372,   46.37135435,  -34.0529107 ,    209.4643312 ,    4.07112639,  -13.92002242,   46.94694664,     -1.75086118], [  336.87868529,  -62.05715163,  -79.50829173,  -90.29459596,    -38.14738955,    3.4225989 ,   30.38166797,   27.33067011,      4.07112639,  198.78629   ,   52.26326614,   14.39968845,      6.2353328 ], [  170.02809204,  -63.52514837,  -72.11609128,  -65.45081144,    -20.22402786,   34.04452372,   39.36467766,   52.78613568,    -13.92002242,   52.26326614,  158.93013595,   10.75578286,    -10.29863705], [ -330.21662939,  -56.29111974,   24.31105598,    4.60364724,    -12.91239927,   10.85782075,   38.06422599,  -14.58081286,     46.94694664,   14.39968845,   10.75578286,  128.95871137,     25.51008811], [ -314.17128886,  -80.81678774,   41.21716295,   41.94320284,     18.75614224,  -17.40839538,   10.13516597,    2.74782746,     -1.75086118,    6.2353328 ,  -10.29863705,   25.51008811,    124.4155414 ]]
/root/sim/music/out/T_Rex/Great_Hits/05_Thunderwing.mp3; [-581.97217   , 119.26997   , -11.4872    ,  35.96497   ,   4.9630914 ,    8.435226  ,  -1.9817704 ,   1.0227243 ,  -0.17812477,   8.421116  ,   -0.53937656,   1.8774962 ,  -3.1322386 ]; [[12375.15363776,  -54.73711004, -682.08991401,   13.83741612,   -220.67991128, -141.37271004, -168.75108898,  -75.51439689,   -125.48195247,   13.51331498, -197.17853612, -115.37721548,   -147.85716585], [  -54.73711004, 1270.65136595, -282.16472148,   99.47360233,     77.80251606,  110.26388091,   61.67051195,  -11.27818602,     66.71342561,   11.32556801,   15.02224576,   -2.76721326,      2.75150753], [ -682.08991401, -282.16472148,  749.60037631,   64.09734621,    109.48154683,  -33.16685375,   -3.48023588,  -16.56425309,    -67.78865337,  -19.91493281,    5.3570101 ,  -26.41275156,    -15.85166631], [   13.83741612,   99.47360233,   64.09734621,  324.30277251,     47.7503789 ,  -14.78704699,   16.19765772,  -23.53003912,     13.81212498,   -7.02457949,   -9.98385908,   -0.96483247,      1.35135154], [ -220.67991128,   77.80251606,  109.48154683,   47.7503789 ,    226.79660597,   59.11567444,  -19.4924673 ,    5.74060767,     19.91300948,    0.2358606 ,    8.12110035,   10.84778979,      9.30370564], [ -141.37271004,  110.26388091,  -33.16685375,  -14.78704699,     59.11567444,  161.40126964,   47.67346753,   24.44240093,     25.4039185 ,   32.64346554,   19.55414036,   14.67812455,     16.43755126], [ -168.75108898,   61.67051195,   -3.48023588,   16.19765772,    -19.4924673 ,   47.67346753,  159.36713296,   27.88218662,     20.09288897,    5.34078044,   -1.16651698,  -14.38958939,     -5.31923287], [  -75.51439689,  -11.27818602,  -16.56425309,  -23.53003912,      5.74060767,   24.44240093,   27.88218662,  114.34742164,     35.68763   ,   18.64649831,   11.55910473,    7.84851388,     -0.47449065], [ -125.48195247,   66.71342561,  -67.78865337,   13.81212498,     19.91300948,   25.4039185 ,   20.09288897,   35.68763   ,     94.76334395,   33.18668506,    6.87946919,   12.06272546,      7.05193799], [   13.51331498,   11.32556801,  -19.91493281,   -7.02457949,      0.2358606 ,   32.64346554,    5.34078044,   18.64649831,     33.18668506,   96.82402564,   38.02419447,   18.68671804,      6.48489822], [ -197.17853612,   15.02224576,    5.3570101 ,   -9.98385908,      8.12110035,   19.55414036,   -1.16651698,   11.55910473,      6.87946919,   38.02419447,   82.4534878 ,   36.01259264,      8.38983993], [ -115.37721548,   -2.76721326,  -26.41275156,   -0.96483247,     10.84778979,   14.67812455,  -14.38958939,    7.84851388,     12.06272546,   18.68671804,   36.01259264,   88.52940677,     39.63592218], [ -147.85716585,    2.75150753,  -15.85166631,    1.35135154,      9.30370564,   16.43755126,   -5.31923287,   -0.47449065,      7.05193799,    6.48489822,    8.38983993,   39.63592218,     68.43772382]]
/root/sim/music/out/T_Rex/Great_Hits/11_Born_To_Boogie.mp3; [-560.60803  ,  95.39516  ,   5.18826  ,  16.069242 ,   8.63842  ,    5.124031 ,   5.281332 ,   1.8534696,  -0.9212074,   4.0207086,   -2.359544 ,  -6.905099 ,  -5.1845737]; [[15539.41874527,  171.50143396, -739.90121994, -469.01238591,     31.62125305,  106.1803909 ,   57.03781957, -188.51994026,   -320.76014942, -198.2659997 , -205.24196224, -160.49361929,   -117.36384119], [  171.50143396,  840.40260274, -208.47356967,  113.17798548,     30.98791779,   23.46750804,  100.15088376,   48.62993742,     86.13437005,  100.58458585,   14.59906746,   -8.20835482,    -17.36444656], [ -739.90121994, -208.47356967,  783.13742237,  129.37476654,     72.96361211,  -21.30812856, -112.6692465 ,   13.66637733,      2.06259443,  -49.07081581,  -17.38357641,   -8.88747293,     41.58729861], [ -469.01238591,  113.17798548,  129.37476654,  299.60347651,     19.65227986,  -30.86637043,  -37.47402614,   33.1796553 ,     68.44159534,   27.49464577,    6.18366538,   19.3335604 ,     13.06665117], [   31.62125305,   30.98791779,   72.96361211,   19.65227986,    177.47126239,   48.6329541 ,   17.59121366,   24.95770955,     24.38293714,   -2.20197156,   -5.20336826,    2.89333418,      8.95484436], [  106.1803909 ,   23.46750804,  -21.30812856,  -30.86637043,     48.6329541 ,  143.79598232,   96.73618848,   20.89124381,     10.31237584,   17.30002356,   13.28376616,    5.4870877 ,      2.88479031], [   57.03781957,  100.15088376, -112.6692465 ,  -37.47402614,     17.59121366,   96.73618848,  180.20946844,   49.55173785,      7.81074644,   27.78246103,   21.68927219,    7.99887835,     10.84967539], [ -188.51994026,   48.62993742,   13.66637733,   33.1796553 ,     24.95770955,   20.89124381,   49.55173785,   87.72118843,     46.26686799,   22.19935495,    9.37281558,    6.75332134,     10.99687025], [ -320.76014942,   86.13437005,    2.06259443,   68.44159534,     24.38293714,   10.31237584,    7.81074644,   46.26686799,    119.6457035 ,   57.40170403,    1.59674436,    2.89680938,     -1.2348329 ], [ -198.2659997 ,  100.58458585,  -49.07081581,   27.49464577,     -2.20197156,   17.30002356,   27.78246103,   22.19935495,     57.40170403,   95.76559601,   31.75119204,    8.37757029,     -4.82446169], [ -205.24196224,   14.59906746,  -17.38357641,    6.18366538,     -5.20336826,   13.28376616,   21.68927219,    9.37281558,      1.59674436,   31.75119204,   76.9426648 ,   33.38924598,     10.30780552], [ -160.49361929,   -8.20835482,   -8.88747293,   19.3335604 ,      2.89333418,    5.4870877 ,    7.99887835,    6.75332134,      2.89680938,    8.37757029,   33.38924598,   66.62822865,     27.35481675], [ -117.36384119,  -17.36444656,   41.58729861,   13.06665117,      8.95484436,    2.88479031,   10.84967539,   10.99687025,     -1.2348329 ,   -4.82446169,   10.30780552,   27.35481675,     62.9155994 ]]
/root/sim/music/out/T_Rex/Great_Hits/01_Telegram_Sam.mp3; [-540.0694    , 101.810684  ,  -0.62109274,  32.726456  ,   2.29656   ,    6.727964  , -11.820126  ,   1.1943786 ,  -0.91138697,   1.1859102 ,    1.0522943 ,   1.660721  ,  -2.7828212 ]; [[16970.10183892,  950.63726844, -169.32401215,  327.8464259 ,    -25.95731688,    6.03935778, -288.20298482,   14.48109668,      5.87916029,   21.24350612, -105.96666354,  -72.63056615,   -123.00009594], [  950.63726844,  945.47906795, -232.68281575,  175.43994354,     53.51784378,   94.29610209,   38.73237909,   63.11154526,     -6.40837985,  -17.89359027,   46.79372774,    2.43586896,     -7.63584906], [ -169.32401215, -232.68281575,  539.21053313,   -0.8848422 ,     54.52089172,   -5.46813175,   20.03905191,   -5.16168735,     33.29208518,   43.28322356,  -17.21578491,   14.26709652,     29.90389445], [  327.8464259 ,  175.43994354,   -0.8848422 ,  238.0441381 ,     25.90833853,   35.56511301,    5.01310761,   23.48717303,     14.50854086,    2.44179234,    2.99817416,   16.01661306,      9.78883739], [  -25.95731688,   53.51784378,   54.52089172,   25.90833853,    138.00596466,   33.96707587,   15.73058586,   25.41625532,     23.72467166,    4.91728844,    9.48482285,    2.88346997,      6.96464129], [    6.03935778,   94.29610209,   -5.46813175,   35.56511301,     33.96707587,  117.46836568,   64.14657393,   30.36899366,     12.72614605,   11.93847442,   18.64317372,    0.04491345,     -5.33985447], [ -288.20298482,   38.73237909,   20.03905191,    5.01310761,     15.73058586,   64.14657393,  126.89696827,   37.65850659,      3.7632516 ,    3.81807583,   15.29416017,   -1.24977433,     -2.19720095], [   14.48109668,   63.11154526,   -5.16168735,   23.48717303,     25.41625532,   30.36899366,   37.65850659,   93.98691094,     32.47244634,    7.42699015,    7.09362008,    1.59611982,     -2.27342475], [    5.87916029,   -6.40837985,   33.29208518,   14.50854086,     23.72467166,   12.72614605,    3.7632516 ,   32.47244634,     83.24606271,   38.65415689,    0.3058065 ,    1.63599694,      3.25413725], [   21.24350612,  -17.89359027,   43.28322356,    2.44179234,      4.91728844,   11.93847442,    3.81807583,    7.42699015,     38.65415689,   79.20672152,   15.61253415,    7.57760968,      8.38473719], [ -105.96666354,   46.79372774,  -17.21578491,    2.99817416,      9.48482285,   18.64317372,   15.29416017,    7.09362008,      0.3058065 ,   15.61253415,   63.89420867,   25.83366354,      8.2880081 ], [  -72.63056615,    2.43586896,   14.26709652,   16.01661306,      2.88346997,    0.04491345,   -1.24977433,    1.59611982,      1.63599694,    7.57760968,   25.83366354,   61.92426385,     25.96608977], [ -123.00009594,   -7.63584906,   29.90389445,    9.78883739,      6.96464129,   -5.33985447,   -2.19720095,   -2.27342475,      3.25413725,    8.38473719,    8.2880081 ,   25.96608977,     57.98041824]]
/root/sim/music/out/T_Rex/Great_Hits/10_The_Slider.mp3; [-615.95544   , 109.193184  ,  25.858276  ,  30.859653  ,  11.670116  ,   -2.9917467 ,  -3.3943987 ,   6.6926622 ,   0.44782266,   7.383148  ,   -2.7795131 ,  -5.412389  ,  -3.3424854 ]; [[17427.06462453, -175.25297731, -242.21928501, -349.23702359,   -113.00479309, -194.28279674, -130.76623752,   18.40598621,   -143.13651312,    7.02367493, -112.84548708, -166.09890583,    -45.20455824], [ -175.25297731, 1551.38581206, -242.14081598,  198.08262373,      5.30934264,  -85.58218997,   19.73779005,   -5.84008913,     26.5194677 ,   63.52879206,   -6.28664776,    6.68974685,    -22.51575779], [ -242.21928501, -242.14081598,  978.8674963 ,  128.11811774,    172.76010987,  131.58367187,   51.35516486,   48.30475903,     13.90902076,  -46.53331724,   48.88748439,   30.3872705 ,     -4.39856724], [ -349.23702359,  198.08262373,  128.11811774,  467.27837589,    110.61979224,   45.7640485 ,  -15.47953876,   32.92387167,     31.63923946,   27.93177329,  -12.05251477,    2.73243202,     24.48976177], [ -113.00479309,    5.30934264,  172.76010987,  110.61979224,    215.80403511,   54.60620858,   14.33410032,   28.00495043,     25.47352966,   20.35368008,   13.00636985,    9.96709154,      5.87177075], [ -194.28279674,  -85.58218997,  131.58367187,   45.7640485 ,     54.60620858,  188.22534495,   54.4342801 ,   20.17703998,     12.84450172,   21.07108539,   21.52898022,   12.73902355,      5.93274105], [ -130.76623752,   19.73779005,   51.35516486,  -15.47953876,     14.33410032,   54.4342801 ,  126.01947629,   47.86754589,     11.51697035,    3.51611083,   29.89211114,   20.71881529,     11.17313723], [   18.40598621,   -5.84008913,   48.30475903,   32.92387167,     28.00495043,   20.17703998,   47.86754589,  118.28169687,     30.61134699,   29.76431125,   20.2180542 ,   16.74566442,     14.3647412 ], [ -143.13651312,   26.5194677 ,   13.90902076,   31.63923946,     25.47352966,   12.84450172,   11.51697035,   30.61134699,    112.23884174,   43.24184595,   15.05145873,    2.73944372,     10.41461553], [    7.02367493,   63.52879206,  -46.53331724,   27.93177329,     20.35368008,   21.07108539,    3.51611083,   29.76431125,     43.24184595,   96.47057645,   30.54323449,    8.40420388,      7.0893127 ], [ -112.84548708,   -6.28664776,   48.88748439,  -12.05251477,     13.00636985,   21.52898022,   29.89211114,   20.2180542 ,     15.05145873,   30.54323449,   80.56992066,   30.83345687,     10.06232399], [ -166.09890583,    6.68974685,   30.3872705 ,    2.73243202,      9.96709154,   12.73902355,   20.71881529,   16.74566442,      2.73944372,    8.40420388,   30.83345687,   67.90959694,     30.94249267], [  -45.20455824,  -22.51575779,   -4.39856724,   24.48976177,      5.87177075,    5.93274105,   11.17313723,   14.3647412 ,     10.41461553,    7.0893127 ,   10.06232399,   30.94249267,     69.57920308]]
/root/sim/music/out/T_Rex/Great_Hits/12_Children_Of_The_Revolution.mp3; [-556.52814   ,  88.62383   ,  12.382723  ,  34.276432  ,  11.286838  ,    1.071357  ,   0.93466604,   1.8313334 ,  -4.846767  ,   2.2686384 ,   -2.9510956 ,  -4.3267527 ,  -2.40774   ]; [[18794.8973925 , -286.22620733,-1317.62506375, -292.06215025,   -625.46775678, -433.10725243, -281.82380114, -264.62356463,   -414.70409999, -125.27170689,  -15.51741737,   -4.8004622 ,    -40.04611072], [ -286.22620733, 1082.42491946,  -70.38164173,  214.44390274,    177.95091578,   -3.26873237,   70.74527944,   50.07830561,     41.94072532,   33.09742496,   12.93244357,    5.52246026,     31.91834414], [-1317.62506375,  -70.38164173,  851.69869093,  166.72766337,    107.24978584,   39.33742049,   -7.16437389,   40.96816258,     39.69154545,   18.22649871,  -51.78644911,  -32.79283923,     -0.63377706], [ -292.06215025,  214.44390274,  166.72766337,  292.7977307 ,     99.37265803,    4.21536041,   -1.84057709,   11.89832392,     40.7848663 ,   26.75064582,  -10.54225128,   -2.93753718,      3.11539594], [ -625.46775678,  177.95091578,  107.24978584,   99.37265803,    206.2056593 ,   42.24069128,   11.88480735,   40.09759836,     51.85510629,   35.26356132,    0.63548348,  -15.96270072,      2.68379559], [ -433.10725243,   -3.26873237,   39.33742049,    4.21536041,     42.24069128,  129.39826744,   60.57851561,   18.54130678,     22.43374009,    6.84404717,   12.59282808,   12.44861415,     -3.63560431], [ -281.82380114,   70.74527944,   -7.16437389,   -1.84057709,     11.88480735,   60.57851561,  123.14610935,   50.26869588,     10.71038339,    2.0714879 ,   14.77252362,   17.98662349,     15.66538428], [ -264.62356463,   50.07830561,   40.96816258,   11.89832392,     40.09759836,   18.54130678,   50.26869588,   92.34057771,     44.71591508,   14.41431792,    3.76264332,    1.30632561,      9.78811392], [ -414.70409999,   41.94072532,   39.69154545,   40.7848663 ,     51.85510629,   22.43374009,   10.71038339,   44.71591508,     99.92671522,   43.10108184,    2.93448185,   -5.60519336,     -4.91579347], [ -125.27170689,   33.09742496,   18.22649871,   26.75064582,     35.26356132,    6.84404717,    2.0714879 ,   14.41431792,     43.10108184,   78.70712564,   34.13267428,    1.64839136,     -0.89016329], [  -15.51741737,   12.93244357,  -51.78644911,  -10.54225128,      0.63548348,   12.59282808,   14.77252362,    3.76264332,      2.93448185,   34.13267428,   80.33942107,   42.36254981,      3.36256692], [   -4.8004622 ,    5.52246026,  -32.79283923,   -2.93753718,    -15.96270072,   12.44861415,   17.98662349,    1.30632561,     -5.60519336,    1.64839136,   42.36254981,   74.14757211,     24.59890407], [  -40.04611072,   31.91834414,   -0.63377706,    3.11539594,      2.68379559,   -3.63560431,   15.66538428,    9.78811392,     -4.91579347,   -0.89016329,    3.36256692,   24.59890407,     65.05735979]]
/root/sim/music/out/T_Rex/Great_Hits/07_Solid_Gold_Easy_Action.mp3; [-575.0093    ,  93.36056   , -15.475481  ,  26.194712  ,   7.918289  ,    3.139781  ,   0.26783502,   6.542359  ,   2.4534898 ,   5.6422896 ,   -3.7339227 ,  -6.4449863 ,  -7.4153357 ]; [[30398.65020245, 1056.57098277, -476.87371062,  126.88442765,   -156.05115511, -372.17559287, -412.62689696,   33.36161902,   -219.02809471,   -1.66190116, -215.39899756, -354.01726908,   -143.14849552], [ 1056.57098277,  874.32489118, -148.41781047,  220.56306634,    -12.38171168,   82.0367758 ,   90.43510562,    5.13584565,     29.35531146,   45.56705064,  -10.25620206,   12.72323681,    -40.92682901], [ -476.87371062, -148.41781047,  685.67301337,  -17.83969596,     98.70961543,  -58.42597887,  -82.90593342,   36.52183808,     -3.34105507,   -7.64899054,   20.9297154 ,   14.70817031,     34.95364541], [  126.88442765,  220.56306634,  -17.83969596,  276.32981027,     52.05368646,   15.00323623,  -25.08567715,   29.53475519,     54.36813826,   16.70274349,    0.79465407,   19.6730664 ,    -15.34936128], [ -156.05115511,  -12.38171168,   98.70961543,   52.05368646,    132.92644235,   10.46300155,  -11.32403854,   31.83142134,     32.04335167,   12.72295201,   11.1789426 ,    8.59169996,     15.33397344], [ -372.17559287,   82.0367758 ,  -58.42597887,   15.00323623,     10.46300155,  140.34146638,  102.666737  ,    7.60881282,     11.97378521,   18.45600854,   11.41839593,   19.0155165 ,      5.74991392], [ -412.62689696,   90.43510562,  -82.90593342,  -25.08567715,    -11.32403854,  102.666737  ,  196.03057626,   19.63695793,      8.41462963,   28.39636768,   12.42210185,   19.75552664,     18.79425589], [   33.36161902,    5.13584565,   36.52183808,   29.53475519,     31.83142134,    7.60881282,   19.63695793,  106.45408893,     39.07846285,    7.70610504,   18.25749395,    6.08266572,     13.82508254], [ -219.02809471,   29.35531146,   -3.34105507,   54.36813826,     32.04335167,   11.97378521,    8.41462963,   39.07846285,     95.89547064,   38.47247955,    9.57717479,    8.22151761,      0.99153809], [   -1.66190116,   45.56705064,   -7.64899054,   16.70274349,     12.72295201,   18.45600854,   28.39636768,    7.70610504,     38.47247955,   82.24947721,   27.03531178,    9.05364148,      0.61879555], [ -215.39899756,  -10.25620206,   20.9297154 ,    0.79465407,     11.1789426 ,   11.41839593,   12.42210185,   18.25749395,      9.57717479,   27.03531178,   68.72888429,   25.24588927,      7.52851853], [ -354.01726908,   12.72323681,   14.70817031,   19.6730664 ,      8.59169996,   19.0155165 ,   19.75552664,    6.08266572,      8.22151761,    9.05364148,   25.24588927,   62.73778594,     25.84672229], [ -143.14849552,  -40.92682901,   34.95364541,  -15.34936128,     15.33397344,    5.74991392,   18.79425589,   13.82508254,      0.99153809,    0.61879555,    7.52851853,   25.84672229,     68.28689446]]
/root/sim/music/out/T_Rex/Great_Hits/04_Metal_Guru.mp3; [-535.10754   ,  95.55384   , -18.478775  ,  23.33401   ,   9.212053  ,    1.5076865 ,  -1.9662169 ,   3.7386127 ,  -0.42964286,   0.53881747,   -3.6609697 ,   1.1154684 ,  -3.4262035 ]; [[22789.65149716, 1891.30312033, -458.40034201,  312.84191509,     33.94901324,  -29.2670199 , -132.14227696,  -53.2982319 ,   -193.96583091, -147.47775403, -219.52662649, -110.20284752,   -265.53208948], [ 1891.30312033,  762.86666429, -145.71339279,   39.77674036,     21.14909143,   51.20509107,   33.64546135,   -7.81748472,     18.74895837,   12.7766344 ,   21.12603858,    8.45869676,    -12.32035509], [ -458.40034201, -145.71339279,  382.83981936,  -23.82976494,     97.07935889,    2.58546094,   -8.30836378,   26.00514946,     21.67184541,   10.66413145,   10.68629365,   19.93707272,     15.25374411], [  312.84191509,   39.77674036,  -23.82976494,  231.29101934,     61.13978239,  -31.49598954,  -50.89224361,   32.78003855,     27.6701006 ,    3.09934102,   -4.64481624,   14.63014395,     22.37290368], [   33.94901324,   21.14909143,   97.07935889,   61.13978239,    141.74962943,   -4.58098663,  -23.31929044,   19.39564559,     28.4070547 ,   20.42162839,   15.86533531,   20.66226563,     20.07246906], [  -29.2670199 ,   51.20509107,    2.58546094,  -31.49598954,     -4.58098663,  140.09330024,  102.47324754,   19.84291138,     13.79880734,   12.76185175,   20.18213578,    0.59961425,     -4.12874133], [ -132.14227696,   33.64546135,   -8.30836378,  -50.89224361,    -23.31929044,  102.47324754,  168.32604115,   33.47486202,     14.3478726 ,   16.73428806,   27.09285796,   12.78972668,     -0.99946949], [  -53.2982319 ,   -7.81748472,   26.00514946,   32.78003855,     19.39564559,   19.84291138,   33.47486202,   84.20837096,     33.46068658,   11.09297372,   12.40374486,   16.43655895,     14.5469619 ], [ -193.96583091,   18.74895837,   21.67184541,   27.6701006 ,     28.4070547 ,   13.79880734,   14.3478726 ,   33.46068658,     76.28965911,   30.57874089,   12.48224825,   10.13389318,     13.51064869], [ -147.47775403,   12.7766344 ,   10.66413145,    3.09934102,     20.42162839,   12.76185175,   16.73428806,   11.09297372,     30.57874089,   70.993478  ,   31.28393514,   13.29560024,     10.37012431], [ -219.52662649,   21.12603858,   10.68629365,   -4.64481624,     15.86533531,   20.18213578,   27.09285796,   12.40374486,     12.48224825,   31.28393514,   69.06027276,   36.7956718 ,     13.09020062], [ -110.20284752,    8.45869676,   19.93707272,   14.63014395,     20.66226563,    0.59961425,   12.78972668,   16.43655895,     10.13389318,   13.29560024,   36.7956718 ,   64.83361161,     27.02558527], [ -265.53208948,  -12.32035509,   15.25374411,   22.37290368,     20.07246906,   -4.12874133,   -0.99946949,   14.5469619 ,     13.51064869,   10.37012431,   13.09020062,   27.02558527,     58.64605977]]
/root/sim/music/out/T_Rex/Great_Hits/13_Shock_Rock.mp3; [-568.6246   , 116.026634 ,  -9.7892   ,   9.1094055,  -4.362867 ,   -1.6104999,  -7.866445 ,   3.936524 ,  -3.4270751,  -0.7079729,   -1.6351792,  -5.4629736,  -5.875343 ]; [[23978.194046  ,  -34.76455013, -502.11730547,  222.00757225,   -628.13823838, -197.7963725 , -123.35409429,   98.81614602,   -218.5031343 ,   -0.83394617,   41.1053212 , -275.65436886,   -360.34632378], [  -34.76455013, 1751.69268406, -270.18706245,   32.29207124,    136.07205284,   62.42853215,  -51.79273039,    7.00466674,     12.55837884,  -47.06040842,  -22.69922272,   30.64510969,     43.2024923 ], [ -502.11730547, -270.18706245,  758.7192802 ,  143.23465677,    168.53525623,  -16.80224123,   -9.42315483,   66.58837649,     42.28791201,   55.72442472,   -3.45557115,   52.082416  ,     33.95095003], [  222.00757225,   32.29207124,  143.23465677,  367.56495651,    109.59178748,    7.05130155,  -54.85919411,   46.78298831,     75.23777595,   45.80114889,   -1.86538472,   -7.23624874,     13.19606679], [ -628.13823838,  136.07205284,  168.53525623,  109.59178748,    304.95975801,   15.10397771,  -43.57243125,   47.1925696 ,     55.9903716 ,   46.99660689,  -10.00693779,    7.65695064,     40.80512   ], [ -197.7963725 ,   62.42853215,  -16.80224123,    7.05130155,     15.10397771,  178.27143529,  111.84315862,   20.67709295,     39.65098718,    8.91917008,   28.11559223,   23.15029339,     19.7053669 ], [ -123.35409429,  -51.79273039,   -9.42315483,  -54.85919411,    -43.57243125,  111.84315862,  209.24100567,   51.74155414,     16.23327029,    7.74195957,   42.33589236,   33.97919115,     10.06309155], [   98.81614602,    7.00466674,   66.58837649,   46.78298831,     47.1925696 ,   20.67709295,   51.74155414,  121.93357334,     39.59830565,   26.66188945,   15.46651797,   15.53236212,     16.16724121], [ -218.5031343 ,   12.55837884,   42.28791201,   75.23777595,     55.9903716 ,   39.65098718,   16.23327029,   39.59830565,    105.04604229,   41.5622588 ,   11.33764064,    3.91321997,      4.50109416], [   -0.83394617,  -47.06040842,   55.72442472,   45.80114889,     46.99660689,    8.91917008,    7.74195957,   26.66188945,     41.5622588 ,   85.20305344,   35.09857445,   -2.16297156,     -5.99324742], [   41.1053212 ,  -22.69922272,   -3.45557115,   -1.86538472,    -10.00693779,   28.11559223,   42.33589236,   15.46651797,     11.33764064,   35.09857445,   77.71294614,   21.21139776,     -5.1694923 ], [ -275.65436886,   30.64510969,   52.082416  ,   -7.23624874,      7.65695064,   23.15029339,   33.97919115,   15.53236212,      3.91321997,   -2.16297156,   21.21139776,   81.26449521,     35.22464585], [ -360.34632378,   43.2024923 ,   33.95095003,   13.19606679,     40.80512   ,   19.7053669 ,   10.06309155,   16.16724121,      4.50109416,   -5.99324742,   -5.1694923 ,   35.22464585,     70.41845227]]
/root/sim/music/out/T_Rex/Great_Hits/06_Sunken_Rags.mp3; [-568.10406   , 114.300735  ,  -0.99306417,  31.351263  ,   8.12242   ,   -5.854204  ,  -1.7442437 ,   6.1352725 ,  -2.3655636 ,   5.579628  ,   -3.788215  ,  -2.0910985 ,  -3.122542  ]; [[17988.68534251, 1256.65933565, -195.10412596,  180.25620103,    -93.1067566 , -278.04082646, -167.7003097 ,   99.20062247,   -155.40672951,  -56.25067776, -172.53275531, -159.43752609,   -167.56925719], [ 1256.65933565, 1031.4813528 , -205.71003268,  209.20524797,     26.05424348,   -9.59955416,   60.47692261,   11.11100558,      5.99784233,   66.05299198,    0.48946304,   34.66758503,     52.51748929], [ -195.10412596, -205.71003268,  603.53145473,   43.98970998,     92.80028628,   31.05788711,  -44.11828124,    5.71098222,     -2.06409441,  -33.02355952,   16.50143124,   26.16605397,     -0.88668797], [  180.25620103,  209.20524797,   43.98970998,  298.74863973,     60.80120395,  -30.94749694,  -34.39125577,    9.38035661,     33.58059437,   38.23281246,   -1.24786495,   27.32905535,      9.02250112], [  -93.1067566 ,   26.05424348,   92.80028628,   60.80120395,    171.10457333,   43.11730215,   12.27248167,   19.32360112,     36.99589561,   14.64219952,   25.53386253,   22.01725273,     -4.60529486], [ -278.04082646,   -9.59955416,   31.05788711,  -30.94749694,     43.11730215,  177.45266181,   78.17390178,    4.84553632,      7.51385753,    2.33645914,   31.97419413,    3.7870177 ,      4.74253125], [ -167.7003097 ,   60.47692261,  -44.11828124,  -34.39125577,     12.27248167,   78.17390178,  148.74823276,   49.48813314,     24.28715531,   21.62699312,   29.4779479 ,   22.14133515,     33.3421221 ], [   99.20062247,   11.11100558,    5.71098222,    9.38035661,     19.32360112,    4.84553632,   49.48813314,  106.14354532,     45.2304469 ,   20.31339707,    7.6755956 ,   19.25448065,     19.4859263 ], [ -155.40672951,    5.99784233,   -2.06409441,   33.58059437,     36.99589561,    7.51385753,   24.28715531,   45.2304469 ,     97.94239402,   49.80212172,   10.3874716 ,    6.39781399,     10.35707119], [  -56.25067776,   66.05299198,  -33.02355952,   38.23281246,     14.64219952,    2.33645914,   21.62699312,   20.31339707,     49.80212172,   96.86583609,   33.56899139,   12.99588955,     23.84187626], [ -172.53275531,    0.48946304,   16.50143124,   -1.24786495,     25.53386253,   31.97419413,   29.4779479 ,    7.6755956 ,     10.3874716 ,   33.56899139,   79.91752198,   44.19159734,     21.08378017], [ -159.43752609,   34.66758503,   26.16605397,   27.32905535,     22.01725273,    3.7870177 ,   22.14133515,   19.25448065,      6.39781399,   12.99588955,   44.19159734,   84.65043975,     43.80309995], [ -167.56925719,   52.51748929,   -0.88668797,    9.02250112,     -4.60529486,    4.74253125,   33.3421221 ,   19.4859263 ,     10.35707119,   23.84187626,   21.08378017,   43.80309995,     80.32668124]]
/root/sim/music/out/T_Rex/Great_Hits/09_Midnight.mp3; [-541.10657   ,  84.370735  , -14.373904  ,  45.135715  ,   5.287048  ,   -2.8910525 ,  -9.437666  ,  -1.5716178 ,   0.23719616,   1.5594122 ,   -5.9374886 ,   0.8405511 ,  -5.8571453 ]; [[12749.40483268, -266.40763658, -176.3423141 ,  -26.17887698,   -372.84376882, -142.72870823, -189.30798681, -182.47092976,   -206.81235788,   -2.32632453, -227.66153131, -203.81675887,   -107.93287166], [ -266.40763658, 1008.45608378,  -99.20968759,  344.06666428,    121.49700999,   54.62493797,    8.58941175,   51.77086354,     51.07675806,  -58.78441782,   29.95456887,   49.81473149,    -20.33301224], [ -176.3423141 ,  -99.20968759,  599.7270793 ,   41.27086445,     65.02203437,   -5.97731758,   65.68441317,   57.77401035,    -34.86014803,  -37.8768189 ,  -12.45639231,   -4.71132238,     50.06343769], [  -26.17887698,  344.06666428,   41.27086445,  486.16207582,     25.10302491,   13.30077403,  -13.52797661,    3.27281132,     51.56664773,  -18.19825487,   -5.63122594,   54.60862719,      0.25375541], [ -372.84376882,  121.49700999,   65.02203437,   25.10302491,    253.41778669,   53.89608682,  -17.51148418,   25.20192075,     38.96945   ,   19.49851786,   30.27129473,   20.95427624,     -5.83245969], [ -142.72870823,   54.62493797,   -5.97731758,   13.30077403,     53.89608682,  136.12337223,   71.29554145,    1.65775631,      7.34112479,   23.63834479,   12.75848552,   -3.55105471,    -16.39557596], [ -189.30798681,    8.58941175,   65.68441317,  -13.52797661,    -17.51148418,   71.29554145,  151.44080369,   47.9360185 ,      5.07647147,    8.26645037,    2.18851856,   -8.89499638,      0.37855844], [ -182.47092976,   51.77086354,   57.77401035,    3.27281132,     25.20192075,    1.65775631,   47.9360185 ,  107.61341781,     37.47534615,   -7.88318826,   -2.91279529,   -6.90886527,      5.48467261], [ -206.81235788,   51.07675806,  -34.86014803,   51.56664773,     38.96945   ,    7.34112479,    5.07647147,   37.47534615,     97.99918525,   42.14040737,    2.82824843,    1.18417956,     -8.08206675], [   -2.32632453,  -58.78441782,  -37.8768189 ,  -18.19825487,     19.49851786,   23.63834479,    8.26645037,   -7.88318826,     42.14040737,   98.76035056,   33.96383413,    1.22809291,    -12.98624235], [ -227.66153131,   29.95456887,  -12.45639231,   -5.63122594,     30.27129473,   12.75848552,    2.18851856,   -2.91279529,      2.82824843,   33.96383413,   79.72247211,   46.86349127,      2.49983926], [ -203.81675887,   49.81473149,   -4.71132238,   54.60862719,     20.95427624,   -3.55105471,   -8.89499638,   -6.90886527,      1.18417956,    1.22809291,   46.86349127,   98.11754279,     33.51449311], [ -107.93287166,  -20.33301224,   50.06343769,    0.25375541,     -5.83245969,  -16.39557596,    0.37855844,    5.48467261,     -8.08206675,  -12.98624235,    2.49983926,   33.51449311,     75.55345346]]
/root/sim/music/out/T_Rex/Great_Hits/14_The_Groover.mp3; [-539.7677    ,  92.18855   , -11.688782  ,  24.696634  ,   2.1790295 ,   -0.7376643 , -11.66779   ,  -0.23363261,  -6.6996136 ,   0.9618171 ,   -6.1882772 ,  -1.2672042 ,  -3.9638107 ]; [[18778.87094795, 1104.52541523,   88.93340412,  225.99236775,    -20.47344412,  238.49340766, -157.88610225,   59.98437361,   -243.1976326 , -140.79343432,  -87.21875747,  -21.1748519 ,   -118.83399011], [ 1104.52541523,  632.93748062,    7.96149035,  108.5724362 ,     30.16801285,    8.85070802,   35.98601377,   47.85092774,     -7.88328964,  -51.78185978,  -10.35603132,  -21.34763936,     -5.42908292], [   88.93340412,    7.96149035,  488.54958106,   13.42026337,    120.16382887,   21.08101523,  -10.21159928,   80.83559524,    -23.53853781,  -68.46074739,    1.15160257,   -0.21822064,      1.04767926], [  225.99236775,  108.5724362 ,   13.42026337,  244.03675747,     72.74490748,  -28.30219151,  -61.91321182,    0.37128394,     35.55220761,   17.41107128,   -1.10129544,    7.05595334,      4.40334073], [  -20.47344412,   30.16801285,  120.16382887,   72.74490748,    174.48935748,   21.76927211,  -22.77930557,   20.75694728,     16.92266439,    6.61527333,   15.59677655,   -1.34293087,     -8.7526105 ], [  238.49340766,    8.85070802,   21.08101523,  -28.30219151,     21.76927211,  148.27947019,   77.12530979,   15.12731356,    -17.93312672,    5.48868951,    6.83548794,    1.03598417,    -13.19913886], [ -157.88610225,   35.98601377,  -10.21159928,  -61.91321182,    -22.77930557,   77.12530979,  172.73464439,   36.85022363,      2.90342385,    2.95331472,    2.34735076,   -1.23976595,     10.35465963], [   59.98437361,   47.85092774,   80.83559524,    0.37128394,     20.75694728,   15.12731356,   36.85022363,  117.26304034,     21.40406745,  -13.72961106,   -0.48337664,    4.76877389,      9.32986105], [ -243.1976326 ,   -7.88328964,  -23.53853781,   35.55220761,     16.92266439,  -17.93312672,    2.90342385,   21.40406745,     94.07954764,   37.50470924,    8.70227621,    1.97299491,      6.93981029], [ -140.79343432,  -51.78185978,  -68.46074739,   17.41107128,      6.61527333,    5.48868951,    2.95331472,  -13.72961106,     37.50470924,  103.12113702,   36.68400214,   13.74889616,      3.76231745], [  -87.21875747,  -10.35603132,    1.15160257,   -1.10129544,     15.59677655,    6.83548794,    2.34735076,   -0.48337664,      8.70227621,   36.68400214,   79.78101516,   28.95800074,      1.16337909], [  -21.1748519 ,  -21.34763936,   -0.21822064,    7.05595334,     -1.34293087,    1.03598417,   -1.23976595,    4.76877389,      1.97299491,   13.74889616,   28.95800074,   77.18190537,     31.34390404], [ -118.83399011,   -5.42908292,    1.04767926,    4.40334073,     -8.7526105 ,  -13.19913886,   10.35465963,    9.32986105,      6.93981029,    3.76231745,    1.16337909,   31.34390404,     75.69750857]]
