/root/sim/music/out/尾崎豊/LIVE_CORE_LIMITED_VERSION_YUTAKA_OZAKI_I/2-02_・ISM_[Live].mp3; [-480.94635   , 127.77669   , -24.87617   ,  21.077126  ,  -0.5008473 ,    0.6685022 ,  -9.390051  ,   0.70345587,  -0.6460386 ,  -0.6337074 ,   -7.4998226 ,  -7.034394  ,  -3.9182262 ]; [[1649.62566639,-429.0953796 , 443.53896927, -41.6934505 ,  60.79097874,   102.5670021 ,  40.38247002,  34.10105809,  -7.05041049,  37.72431835,    91.38202364,   6.79977517,  -8.27010685], [-429.0953796 , 727.68211996,-152.53702569,  69.41824951,  45.02996681,   -54.14868654, -11.99576659,  14.00624348,   1.32116373,  19.48300261,     1.92646309,  31.34734095,   8.80556842], [ 443.53896927,-152.53702569, 636.06504754,  39.60430121, 125.48760164,    40.75922013, -37.77663722,  -1.75580108,   4.74164805,  10.29612187,    26.93578698,   0.81894163,  15.73848873], [ -41.6934505 ,  69.41824951,  39.60430121, 212.38066734,  81.81665678,    23.07189384,   5.87408514, -11.45778541,  20.7101678 ,  -5.01726473,    -6.7681929 ,  -9.74320333,  18.00152195], [  60.79097874,  45.02996681, 125.48760164,  81.81665678, 149.90965005,    37.60203355,   8.84031343,   2.97581372,  17.22551989,   9.26699174,    17.7207424 ,  -5.76942156,  13.49812195], [ 102.5670021 , -54.14868654,  40.75922013,  23.07189384,  37.60203355,    96.67563745,  40.42400954,  23.69137872,  11.13142585,   9.66769965,    11.0134579 ,  -1.83777387,  -0.18704394], [  40.38247002, -11.99576659, -37.77663722,   5.87408514,   8.84031343,    40.42400954, 101.63335381,  44.71775424,  19.64593029,   9.13503024,     9.44860558,   4.46017703,  -6.00949207], [  34.10105809,  14.00624348,  -1.75580108, -11.45778541,   2.97581372,    23.69137872,  44.71775424,  78.43556696,  25.1286861 ,  15.80191955,    14.26266384,   5.29638257,  -8.09118425], [  -7.05041049,   1.32116373,   4.74164805,  20.7101678 ,  17.22551989,    11.13142585,  19.64593029,  25.1286861 ,  61.34178487,  20.5148074 ,     7.79555178,  -2.40096637,   1.43323866], [  37.72431835,  19.48300261,  10.29612187,  -5.01726473,   9.26699174,     9.66769965,   9.13503024,  15.80191955,  20.5148074 ,  70.60824885,    28.25397585,   4.28982801,  -2.14932483], [  91.38202364,   1.92646309,  26.93578698,  -6.7681929 ,  17.7207424 ,    11.0134579 ,   9.44860558,  14.26266384,   7.79555178,  28.25397585,    70.23808099,  18.06196972,  -2.06683425], [   6.79977517,  31.34734095,   0.81894163,  -9.74320333,  -5.76942156,    -1.83777387,   4.46017703,   5.29638257,  -2.40096637,   4.28982801,    18.06196972,  56.3696321 ,  14.9945396 ], [  -8.27010685,   8.80556842,  15.73848873,  18.00152195,  13.49812195,    -0.18704394,  -6.00949207,  -8.09118425,   1.43323866,  -2.14932483,    -2.06683425,  14.9945396 ,  54.6726404 ]]
/root/sim/music/out/尾崎豊/LIVE_CORE_LIMITED_VERSION_YUTAKA_OZAKI_I/2-04_彼_[Live].mp3; [-521.27405  , 127.886086 , -18.413498 ,  23.958439 ,  -4.887996 ,   -1.080217 , -11.739552 ,  -4.193482 ,  -4.6225758,  -2.944495 ,   -3.812693 ,  -6.5337396,  -4.8037934]; [[5245.18354503, -14.08133832,1012.01147252, 173.70871278, 290.18111647,   177.63671906,  -3.15050073, -33.71609356,  45.72437377,  83.59660258,    81.95229319,  35.00537303, -10.34161704], [ -14.08133832,1001.04100523,  95.36044213,   4.90809071,  10.00079223,    -1.21086939, -17.28356688,  15.22951795, -23.24749714,  -4.30102431,   -38.42149474,  44.2009336 , -18.56772449], [1012.01147252,  95.36044213, 926.08085746, 139.47762172,  42.53416309,    45.87186044,  -4.6161873 ,  -7.99845196, -27.55344072,  29.44283819,   -31.61311456,   9.50935209,   4.94751487], [ 173.70871278,   4.90809071, 139.47762172, 294.79591061,  81.08086764,    18.33951773, -27.77052012, -45.58815515,   0.99939359, -39.48853552,   -29.63928519, -24.71927449,  13.24735569], [ 290.18111647,  10.00079223,  42.53416309,  81.08086764, 179.47670321,    45.19355319,  -8.68979651, -13.98990609,  18.21663156, -12.76899961,     1.37352793, -20.74767116,  -4.09684913], [ 177.63671906,  -1.21086939,  45.87186044,  18.33951773,  45.19355319,   119.03619313,  44.54541773,  27.4513146 ,  31.53406604,  19.26363474,    -5.98587137,   5.2310486 , -14.91346345], [  -3.15050073, -17.28356688,  -4.6161873 , -27.77052012,  -8.68979651,    44.54541773, 146.46852661,  68.64512691,  31.13008072,  27.89156606,    16.80096381,  20.94015529, -13.36388429], [ -33.71609356,  15.22951795,  -7.99845196, -45.58815515, -13.98990609,    27.4513146 ,  68.64512691, 117.60213105,  38.30515163,  31.96956171,    13.69764042,  17.22312473, -14.43576289], [  45.72437377, -23.24749714, -27.55344072,   0.99939359,  18.21663156,    31.53406604,  31.13008072,  38.30515163, 110.65097586,  36.12848489,    -0.27277359,   3.48600385,   0.50919142], [  83.59660258,  -4.30102431,  29.44283819, -39.48853552, -12.76899961,    19.26363474,  27.89156606,  31.96956171,  36.12848489, 111.05438421,    26.71437939,   3.26945311,  -9.20368029], [  81.95229319, -38.42149474, -31.61311456, -29.63928519,   1.37352793,    -5.98587137,  16.80096381,  13.69764042,  -0.27277359,  26.71437939,   108.57325984,  27.47413523,  -6.31059707], [  35.00537303,  44.2009336 ,   9.50935209, -24.71927449, -20.74767116,     5.2310486 ,  20.94015529,  17.22312473,   3.48600385,   3.26945311,    27.47413523, 106.62460158,  25.86707034], [ -10.34161704, -18.56772449,   4.94751487,  13.24735569,  -4.09684913,   -14.91346345, -13.36388429, -14.43576289,   0.50919142,  -9.20368029,    -6.31059707,  25.86707034,  86.73685395]]
/root/sim/music/out/尾崎豊/LIVE_CORE_LIMITED_VERSION_YUTAKA_OZAKI_I/2-06_LIFE_[Live].mp3; [-592.7151   , 140.77509  ,   2.078083 ,  28.529123 ,   1.3960468,    0.4384616,  -6.2009773,   2.9074745,  -3.3162417,  -1.1296527,   -5.6209764,  -4.8760962,  -4.0876837]; [[ 7399.14228706,-1704.39234715,  295.05505551,  -23.68774934,    -23.69761226, -309.82585801,  -74.65972126,   33.65248656,   -154.26155714,  -10.42994129,  135.57184407,  -25.74906637,    -72.29424772], [-1704.39234715, 1317.25769724,  -65.00670825,  -57.28904751,    -69.09826764,   38.42905566,    0.94784024,    4.89808303,     26.40542385,   20.83571606,  -16.93756539,    7.81846331,     -1.83764945], [  295.05505551,  -65.00670825,  836.10953184,  -25.60903872,    -35.0121071 ,   24.44277411,  -45.00854544,  -21.58808419,    -32.21941162,   -9.89346729,  -21.90379333,   14.92749728,    -29.75494904], [  -23.68774934,  -57.28904751,  -25.60903872,  309.982194  ,    131.32720925,   37.37963678,  -10.63612496,    0.3689459 ,     32.21651059,  -32.27558781,  -15.86894673,  -16.41384233,     37.90362232], [  -23.69761226,  -69.09826764,  -35.0121071 ,  131.32720925,    246.37231304,   45.91160599,  -17.24208611,    6.1048649 ,     31.61198842,  -16.19934702,   -9.23538968,  -16.55498537,     25.92346634], [ -309.82585801,   38.42905566,   24.44277411,   37.37963678,     45.91160599,  182.6944674 ,   42.25955398,  -10.16123342,     61.2726749 ,   -3.27313361,  -19.37134335,    7.10357565,     -0.02513412], [  -74.65972126,    0.94784024,  -45.00854544,  -10.63612496,    -17.24208611,   42.25955398,  143.95732635,   50.63975233,      6.05706954,   21.00159186,   11.7449267 ,    9.25190964,    -10.44456614], [   33.65248656,    4.89808303,  -21.58808419,    0.3689459 ,      6.1048649 ,  -10.16123342,   50.63975233,  108.36078845,      7.13315538,   18.82458645,   18.06487241,    1.60111483,     -0.32893178], [ -154.26155714,   26.40542385,  -32.21941162,   32.21651059,     31.61198842,   61.2726749 ,    6.05706954,    7.13315538,    124.74654149,   13.00235065,  -10.86402054,   -0.79267855,      0.55354835], [  -10.42994129,   20.83571606,   -9.89346729,  -32.27558781,    -16.19934702,   -3.27313361,   21.00159186,   18.82458645,     13.00235065,   97.67091668,   39.59879024,    4.66380861,    -19.68791142], [  135.57184407,  -16.93756539,  -21.90379333,  -15.86894673,     -9.23538968,  -19.37134335,   11.7449267 ,   18.06487241,    -10.86402054,   39.59879024,   94.11999163,   32.01969598,     -2.47524384], [  -25.74906637,    7.81846331,   14.92749728,  -16.41384233,    -16.55498537,    7.10357565,    9.25190964,    1.60111483,     -0.79267855,    4.66380861,   32.01969598,   82.73494629,     19.88188204], [  -72.29424772,   -1.83764945,  -29.75494904,   37.90362232,     25.92346634,   -0.02513412,  -10.44456614,   -0.32893178,      0.55354835,  -19.68791142,   -2.47524384,   19.88188204,     82.61847711]]
/root/sim/music/out/尾崎豊/LIVE_CORE_LIMITED_VERSION_YUTAKA_OZAKI_I/1-09_愛の消えた街_[Live].mp3; [-570.8263    , 110.4695    ,   0.3618876 ,  39.46138   ,   2.5666583 ,    6.2842374 ,  -5.7106943 ,   1.2582502 ,  -0.7298628 ,   0.24469265,   -7.887821  ,  -5.108023  ,  -5.734895  ]; [[9170.33107237,  11.45794807, 122.06369154,-797.11154732,-214.51600418,  -526.45730286,-211.50908992,  38.91944817,-195.19719155,-169.05062926,  -151.30184801, -33.04102762,   9.71825578], [  11.45794807,1256.08002219,-142.61622535,  21.37622469,  24.33047713,   -67.57037837, -62.01582818,  70.29296491, -54.62201781, -35.70119516,   -47.73361046, -12.25072618,  -0.99847786], [ 122.06369154,-142.61622535, 673.80118102, 285.57232445, 168.01869941,    85.40401117, -29.32663341, -93.18343078, -21.050993  , -14.25765581,     9.46713573,  -4.27674801,   4.48926883], [-797.11154732,  21.37622469, 285.57232445, 392.77341346, 155.08794376,   130.07151975,   3.87169474, -51.61852225,  10.60872095,  13.94568997,    12.73532919,  -3.85310735,   8.9063968 ], [-214.51600418,  24.33047713, 168.01869941, 155.08794376, 168.29411755,    78.66515985,  10.89041109,  -6.68725512,  34.12829706,  10.04046564,     5.0001002 ,  -5.37026307,   6.98678027], [-526.45730286, -67.57037837,  85.40401117, 130.07151975,  78.66515985,   145.9147058 ,  57.00683453,  14.01236859,  40.99552723,  28.74896119,    24.72822947,   5.49034178,  -2.76198396], [-211.50908992, -62.01582818, -29.32663341,   3.87169474,  10.89041109,    57.00683453, 137.2727224 ,  66.15266893,  41.52856371,  35.41344889,    25.42675319,  18.47831897,   5.69028196], [  38.91944817,  70.29296491, -93.18343078, -51.61852225,  -6.68725512,    14.01236859,  66.15266893, 122.10912967,  48.03882741,  23.17405963,     8.33890864,   8.32677725,  10.44016156], [-195.19719155, -54.62201781, -21.050993  ,  10.60872095,  34.12829706,    40.99552723,  41.52856371,  48.03882741,  97.21009979,  33.35174662,    13.70504716,   7.4355609 ,   8.54335483], [-169.05062926, -35.70119516, -14.25765581,  13.94568997,  10.04046564,    28.74896119,  35.41344889,  23.17405963,  33.35174662,  68.8346171 ,    36.26006051,  19.02115996,   3.30502966], [-151.30184801, -47.73361046,   9.46713573,  12.73532919,   5.0001002 ,    24.72822947,  25.42675319,   8.33890864,  13.70504716,  36.26006051,    71.8329993 ,  33.2496586 ,   7.16232697], [ -33.04102762, -12.25072618,  -4.27674801,  -3.85310735,  -5.37026307,     5.49034178,  18.47831897,   8.32677725,   7.4355609 ,  19.02115996,    33.2496586 ,  56.79136868,  21.96781114], [   9.71825578,  -0.99847786,   4.48926883,   8.9063968 ,   6.98678027,    -2.76198396,   5.69028196,  10.44016156,   8.54335483,   3.30502966,     7.16232697,  21.96781114,  52.44306743]]
/root/sim/music/out/尾崎豊/LIVE_CORE_LIMITED_VERSION_YUTAKA_OZAKI_I/2-01_COLD_WIND_[Live].mp3; [-478.27637   , 118.933334  , -17.551817  ,  22.565409  ,   1.9848654 ,    1.5204458 ,  -9.44074   ,   0.62611896,  -0.28670505,  -0.48548445,   -6.32474   ,  -6.6768317 ,  -1.9035745 ]; [[2777.50207953, -50.83722936, 117.33017417,  91.46488139,  35.91178504,    29.77684909, -19.09952457,   3.32871437,  -1.93270895,  -2.53505559,     7.96552527, -10.91673949,   6.02903793], [ -50.83722936, 556.6234062 , -65.1033435 , -14.71276829, -12.91076139,   -31.81353597,  -7.66012714,  -0.77494743, -11.05684306,   3.89773884,     2.76564539,  10.16342184, -13.18457784], [ 117.33017417, -65.1033435 , 375.42361749,  29.80608294,  26.92148999,    -0.487295  , -33.64769797, -20.12048905, -10.72561916,  -6.60041968,     9.83549723,   6.77205139,  15.76756578], [  91.46488139, -14.71276829,  29.80608294, 177.90773133,  72.91811766,    14.37816858,  -9.02060758, -16.06568299,   0.22188272, -14.63726121,    -9.17815618, -11.60787719,  16.65031945], [  35.91178504, -12.91076139,  26.92148999,  72.91811766, 110.68349745,    21.61638193,  -8.77064874, -14.86513839,  -0.54791719,  -9.19195947,    -0.97896738, -11.89515812,   5.57927978], [  29.77684909, -31.81353597,  -0.487295  ,  14.37816858,  21.61638193,    73.84151562,  21.55213868,   7.67477583,   7.02268763,   3.03844669,     4.72815284,  -1.17861074,  -0.41767637], [ -19.09952457,  -7.66012714, -33.64769797,  -9.02060758,  -8.77064874,    21.55213868,  88.44275585,  37.78450444,  10.94291227,   9.96154349,    -0.69378237,   3.73431293,  -4.33214427], [   3.32871437,  -0.77494743, -20.12048905, -16.06568299, -14.86513839,     7.67477583,  37.78450444,  70.32456382,  26.11819373,   9.08237849,     2.60730737,   2.79036485,  -5.61157639], [  -1.93270895, -11.05684306, -10.72561916,   0.22188272,  -0.54791719,     7.02268763,  10.94291227,  26.11819373,  62.61254439,  21.30909473,     2.50671017,   2.56314246,  -3.22304474], [  -2.53505559,   3.89773884,  -6.60041968, -14.63726121,  -9.19195947,     3.03844669,   9.96154349,   9.08237849,  21.30909473,  63.51375838,    21.06196904,  -2.34898584,  -6.6971642 ], [   7.96552527,   2.76564539,   9.83549723,  -9.17815618,  -0.97896738,     4.72815284,  -0.69378237,   2.60730737,   2.50671017,  21.06196904,    58.67122237,   9.9016814 ,  -6.23994045], [ -10.91673949,  10.16342184,   6.77205139, -11.60787719, -11.89515812,    -1.17861074,   3.73431293,   2.79036485,   2.56314246,  -2.34898584,     9.9016814 ,  56.87439082,  14.1910267 ], [   6.02903793, -13.18457784,  15.76756578,  16.65031945,   5.57927978,    -0.41767637,  -4.33214427,  -5.61157639,  -3.22304474,  -6.6971642 ,    -6.23994045,  14.1910267 ,  55.44489227]]
/root/sim/music/out/尾崎豊/LIVE_CORE_LIMITED_VERSION_YUTAKA_OZAKI_I/2-09_理由_[Live].mp3; [-707.2563   , 118.1528   , -28.8781   ,   4.6330185, -17.093065 ,  -18.694002 , -22.918745 ,  -9.367741 , -15.883872 ,  -7.370196 ,   -9.694557 , -12.465256 , -11.83985  ]; [[18155.45242121,-4118.72445425, -166.3641563 , -104.07391452,   -512.17157326,  176.61341734, -407.96526188,  116.55466288,   -160.31265256,  129.4231738 ,   50.98240413,  -36.12253756,    -91.30477817], [-4118.72445425, 2170.89698572,   40.82854335,  101.3856503 ,    178.85759414,  -75.32003762,   26.60463099,  -31.75463624,      6.05764573,    6.74234119,    6.18416721,  -52.41705537,      0.2806459 ], [ -166.3641563 ,   40.82854335,  846.09608746,  132.17632853,    189.73438992,   26.63422216,  -72.12142452,  -33.64366763,    -33.43335023,  -45.58788663,  -15.13277893,  -34.73729223,    -22.82535452], [ -104.07391452,  101.3856503 ,  132.17632853,  325.02605451,    129.49745732,   72.18603335,  -33.31024134,  -55.67071174,     50.04452321,  -15.2588583 ,  -33.77556526,  -71.87569828,    -16.4990026 ], [ -512.17157326,  178.85759414,  189.73438992,  129.49745732,    227.50189411,   54.7798333 ,  -25.50298029,  -36.07069541,     42.67584663,   -5.15167345,  -19.99325501,  -37.81768985,      3.18504526], [  176.61341734,  -75.32003762,   26.63422216,   72.18603335,     54.7798333 ,  141.67609106,   15.88554641,   -9.08746093,     59.76767032,   15.34221973,   -2.79987102,   -1.20215495,     -2.39765391], [ -407.96526188,   26.60463099,  -72.12142452,  -33.31024134,    -25.50298029,   15.88554641,  151.18258656,   54.1920072 ,     16.77333885,   25.43796064,   26.12954646,   47.67968922,      6.64322235], [  116.55466288,  -31.75463624,  -33.64366763,  -55.67071174,    -36.07069541,   -9.08746093,   54.1920072 ,  124.71830781,     -3.97525646,   10.53846346,   35.70144066,   34.36197071,      9.16486877], [ -160.31265256,    6.05764573,  -33.43335023,   50.04452321,     42.67584663,   59.76767032,   16.77333885,   -3.97525646,    152.29748363,   33.60413823,    0.7877694 ,    8.23241884,      0.79864405], [  129.4231738 ,    6.74234119,  -45.58788663,  -15.2588583 ,     -5.15167345,   15.34221973,   25.43796064,   10.53846346,     33.60413823,  106.84176698,   34.36566259,   19.44565194,      4.21454125], [   50.98240413,    6.18416721,  -15.13277893,  -33.77556526,    -19.99325501,   -2.79987102,   26.12954646,   35.70144066,      0.7877694 ,   34.36566259,   97.74244743,   37.49565506,      2.98885943], [  -36.12253756,  -52.41705537,  -34.73729223,  -71.87569828,    -37.81768985,   -1.20215495,   47.67968922,   34.36197071,      8.23241884,   19.44565194,   37.49565506,  121.43971674,     23.79429257], [  -91.30477817,    0.2806459 ,  -22.82535452,  -16.4990026 ,      3.18504526,   -2.39765391,    6.64322235,    9.16486877,      0.79864405,    4.21454125,    2.98885943,   23.79429257,     64.70431475]]
/root/sim/music/out/尾崎豊/LIVE_CORE_LIMITED_VERSION_YUTAKA_OZAKI_I/2-10_僕が僕であるために_[Live].mp3; [-641.7826   ,  92.29126  , -36.468334 ,   4.6520815, -17.51156  ,  -14.520064 , -20.223341 ,  -6.8806024, -12.184144 ,  -4.5038724,  -10.130846 , -12.979936 , -11.195799 ]; [[9103.60721034,-642.17004114, 837.07638749,  96.43125009,  98.51825771,    20.5396913 ,   2.64920002, -60.04939055,-135.22464252,  40.42227876,    35.73988434, -38.38121733, -63.48753187], [-642.17004114,1521.14570134, 737.37523334, 351.9311632 , 201.78675195,   -66.78480808,-126.49404464, -78.07486253,-189.04033044, -58.64753514,   -30.09923945,-132.39269142, -84.91506374], [ 837.07638749, 737.37523334,1926.4242097 , 640.83900801, 420.42751555,    22.38004552,-221.10122226,-168.99106737,-197.28326342,-105.84466125,   -29.80821805,-150.68595575,-123.50266923], [  96.43125009, 351.9311632 , 640.83900801, 438.09429713, 226.11534096,    37.95159288,-111.86261042, -85.52611291, -35.00541708, -46.88371962,   -19.37065728, -79.41545155, -45.75091923], [  98.51825771, 201.78675195, 420.42751555, 226.11534096, 235.58719049,    29.96516043, -89.73998582, -65.77220057, -21.35598461, -21.087337  ,   -12.67942155, -53.65382766, -24.1188939 ], [  20.5396913 , -66.78480808,  22.38004552,  37.95159288,  29.96516043,   105.83116928,  30.37897016,   2.93511833,  30.18406968,  -5.87115498,     1.91732214,   9.15585206,  -5.46779001], [   2.64920002,-126.49404464,-221.10122226,-111.86261042, -89.73998582,    30.37897016, 164.30831751,  68.16644448,  18.03771036,  26.95187076,    12.6982679 ,  32.86185895,   5.50705652], [ -60.04939055, -78.07486253,-168.99106737, -85.52611291, -65.77220057,     2.93511833,  68.16644448,  95.44413641,  23.39812105,  20.77069366,    11.63256901,  20.52850908,  10.86863872], [-135.22464252,-189.04033044,-197.28326342, -35.00541708, -21.35598461,    30.18406968,  18.03771036,  23.39812105, 132.79521822,  29.89361745,    17.7796802 ,  34.12149027,  16.92919054], [  40.42227876, -58.64753514,-105.84466125, -46.88371962, -21.087337  ,    -5.87115498,  26.95187076,  20.77069366,  29.89361745,  85.08043005,    24.2139207 ,  15.80644631,   7.83521271], [  35.73988434, -30.09923945, -29.80821805, -19.37065728, -12.67942155,     1.91732214,  12.6982679 ,  11.63256901,  17.7796802 ,  24.2139207 ,    63.67266195,  26.08378782,   6.47190132], [ -38.38121733,-132.39269142,-150.68595575, -79.41545155, -53.65382766,     9.15585206,  32.86185895,  20.52850908,  34.12149027,  15.80644631,    26.08378782,  87.77516637,  28.68309445], [ -63.48753187, -84.91506374,-123.50266923, -45.75091923, -24.1188939 ,    -5.46779001,   5.50705652,  10.86863872,  16.92919054,   7.83521271,     6.47190132,  28.68309445,  70.08514545]]
/root/sim/music/out/尾崎豊/LIVE_CORE_LIMITED_VERSION_YUTAKA_OZAKI_I/1-04_Scrambling_Rock'n'Roll_[Live].mp3; [-522.44086   , 120.86669   , -18.002172  ,  23.759892  ,   4.3734355 ,    4.814098  ,  -4.796302  ,   5.0648885 ,   0.937235  ,   0.11492895,   -7.668621  ,  -4.3424134 ,  -5.483019  ]; [[6713.64367807,-578.21566411,  75.16279542,-450.554314  ,-503.88095957,  -493.57381538,-541.91218424,-314.52793936,-313.78292706,-308.75348913,  -196.4579751 ,-225.68253262,-181.52003138], [-578.21566411, 691.37617351,-133.62620815,  10.01096566,  -7.32383046,   -51.31701366,  -8.74163281,   1.06966926, -31.29972275,  15.82684817,    -7.18095219,  -6.45433061,  -9.13807611], [  75.16279542,-133.62620815, 486.89273628,  42.93627947,  41.41591517,   -31.98680676, -71.11622862, -49.58434321, -36.81632797, -26.20134596,     2.73554371,  -3.24744848,   5.91624899], [-450.554314  ,  10.01096566,  42.93627947, 170.745463  ,  81.94781387,    54.23293179,  20.3665028 ,  14.12553915,  29.55889099,   1.2171421 ,     2.26948751,  13.0340141 ,  25.48874727], [-503.88095957,  -7.32383046,  41.41591517,  81.94781387, 151.87524052,    80.07627926,  57.70259282,  33.44055475,  47.3253887 ,  21.35153993,    15.27112597,  15.81217726,  21.81136056], [-493.57381538, -51.31701366, -31.98680676,  54.23293179,  80.07627926,   149.86300998, 103.132929  ,  69.31334672,  59.2890189 ,  33.53242064,    30.09635823,  24.3283236 ,  19.54779297], [-541.91218424,  -8.74163281, -71.11622862,  20.3665028 ,  57.70259282,   103.132929  , 177.23791986,  84.2187958 ,  65.97540284,  50.84210969,    35.60135837,  30.89525222,  19.40622273], [-314.52793936,   1.06966926, -49.58434321,  14.12553915,  33.44055475,    69.31334672,  84.2187958 , 112.14284308,  53.28660906,  32.38369288,    24.71357834,  15.28748484,   8.45997163], [-313.78292706, -31.29972275, -36.81632797,  29.55889099,  47.3253887 ,    59.2890189 ,  65.97540284,  53.28660906, 102.76049579,  34.23621483,    19.73573965,  13.4730296 ,  12.92955164], [-308.75348913,  15.82684817, -26.20134596,   1.2171421 ,  21.35153993,    33.53242064,  50.84210969,  32.38369288,  34.23621483,  86.35722331,    40.05616659,  19.57139566,   3.99762012], [-196.4579751 ,  -7.18095219,   2.73554371,   2.26948751,  15.27112597,    30.09635823,  35.60135837,  24.71357834,  19.73573965,  40.05616659,    74.44738719,  32.36415584,   7.31908261], [-225.68253262,  -6.45433061,  -3.24744848,  13.0340141 ,  15.81217726,    24.3283236 ,  30.89525222,  15.28748484,  13.4730296 ,  19.57139566,    32.36415584,  69.83250653,  24.43733345], [-181.52003138,  -9.13807611,   5.91624899,  25.48874727,  21.81136056,    19.54779297,  19.40622273,   8.45997163,  12.92955164,   3.99762012,     7.31908261,  24.43733345,  56.96397402]]
/root/sim/music/out/尾崎豊/LIVE_CORE_LIMITED_VERSION_YUTAKA_OZAKI_I/1-08_路上のルール_[Live].mp3; [-479.26123   , 117.44391   , -11.584946  ,  24.233223  ,   0.8418192 ,   -0.24029668,  -7.4238863 ,   3.388215  ,  -2.2814994 ,  -2.9845636 ,  -10.931116  ,  -5.448182  ,  -4.995542  ]; [[1659.90949036,-645.2223506 ,  26.70901255,-151.97280111, -44.87232242,    47.63363298,   2.01982661,  36.90461049,  22.15569551,   4.84453029,    55.74432215,  24.38519085,   4.41716643], [-645.2223506 , 719.4215424 ,-163.15786744,  39.06121811,  -8.65580768,   -57.00680128,  -7.58714128,  -7.98204138, -47.25217911,  20.26320325,     3.28210016,   5.9534185 ,   0.29507778], [  26.70901255,-163.15786744, 381.01207216,  30.43350859,  -7.75450867,   -21.14999393, -36.38841424, -51.51280877, -28.33786116,   3.35966295,     8.71115084,  -1.06826342,  -4.72622972], [-151.97280111,  39.06121811,  30.43350859, 143.33947655,  53.32684987,    11.66631819, -16.81255112,  -6.66800472,   8.20763078, -14.57659335,   -16.34712257, -10.04189322,  14.78446482], [ -44.87232242,  -8.65580768,  -7.75450867,  53.32684987, 110.80945601,    32.30913188,  -3.57648698,   3.57797354,  24.56978771, -10.78283446,   -12.4293048 ,  -3.60310774,   9.96351194], [  47.63363298, -57.00680128, -21.14999393,  11.66631819,  32.30913188,    79.9475393 ,  25.74986323,  23.85499333,  19.34674539,  -8.86226016,    -2.82532508,  -2.89327553,   6.54576079], [   2.01982661,  -7.58714128, -36.38841424, -16.81255112,  -3.57648698,    25.74986323, 105.26403531,  38.24690718,  21.38568379,   3.40257087,    -1.59760383,   4.64393281,   0.13785034], [  36.90461049,  -7.98204138, -51.51280877,  -6.66800472,   3.57797354,    23.85499333,  38.24690718,  95.7503958 ,  31.98045491,  -4.89324012,    -1.05892246,   7.55516678,  12.34381917], [  22.15569551, -47.25217911, -28.33786116,   8.20763078,  24.56978771,    19.34674539,  21.38568379,  31.98045491,  88.86774925,   7.14338457,    -5.03828551,  -5.26608271,   4.83047461], [   4.84453029,  20.26320325,   3.35966295, -14.57659335, -10.78283446,    -8.86226016,   3.40257087,  -4.89324012,   7.14338457,  69.50715988,    24.56086164,   4.14130767, -14.62711841], [  55.74432215,   3.28210016,   8.71115084, -16.34712257, -12.4293048 ,    -2.82532508,  -1.59760383,  -1.05892246,  -5.03828551,  24.56086164,    66.11643017,  21.11850183,  -5.47605091], [  24.38519085,   5.9534185 ,  -1.06826342, -10.04189322,  -3.60310774,    -2.89327553,   4.64393281,   7.55516678,  -5.26608271,   4.14130767,    21.11850183,  57.0842863 ,  20.26813712], [   4.41716643,   0.29507778,  -4.72622972,  14.78446482,   9.96351194,     6.54576079,   0.13785034,  12.34381917,   4.83047461, -14.62711841,    -5.47605091,  20.26813712,  61.99767158]]
/root/sim/music/out/尾崎豊/LIVE_CORE_LIMITED_VERSION_YUTAKA_OZAKI_I/1-02_遠い空_[Live].mp3; [-505.39078  , 118.88193  , -10.775422 ,  24.183414 ,   1.4777597,    3.92129  , -11.085065 ,  -1.3281885,  -5.39188  ,  -3.4958396,   -8.113342 ,  -4.5669246,  -5.612703 ]; [[2624.09602915,-514.53082172, 307.67578055,  29.84715797,  66.79057193,    66.64374312, -18.3730197 , -25.09128129,   4.59686279, -43.92163169,   -29.3845587 ,  -3.2838374 , -25.39507698], [-514.53082172, 694.59251101, -91.32126183, -13.28051515, -32.59115972,   -45.82321627,  26.76527213,   8.99212867, -30.02679904,  26.11019921,    17.69908575,   0.04024742, -18.62102639], [ 307.67578055, -91.32126183, 363.71656714,  69.84112281,  47.84697142,   -24.00038494, -37.87229401, -45.3920263 , -17.94330666,   5.6777024 ,    -4.63888727, -19.17606224,   0.87761495], [  29.84715797, -13.28051515,  69.84112281, 242.38319499,  63.34320421,     5.8798231 , -34.07031814,   5.26612186,  36.85588918, -14.61773462,   -40.30633737, -18.50559073,  11.07325488], [  66.79057193, -32.59115972,  47.84697142,  63.34320421, 158.15873353,    49.62469275, -26.13287288, -30.24603403,  17.72676379, -16.86330394,   -14.82623231, -13.37522411,  12.86003514], [  66.64374312, -45.82321627, -24.00038494,   5.8798231 ,  49.62469275,   128.83928013,  37.35719671,  -1.01994483,  16.97652892, -17.94712424,     3.87892094,  12.24764113,   9.07353309], [ -18.3730197 ,  26.76527213, -37.87229401, -34.07031814, -26.13287288,    37.35719671, 128.78649532,  54.17308295,  -6.86495623,   2.66714862,    14.16520537,  18.40150778,  -7.884204  ], [ -25.09128129,   8.99212867, -45.3920263 ,   5.26612186, -30.24603403,    -1.01994483,  54.17308295, 114.34288165,  24.43663159,  -0.49482333,    -6.88357047,  12.79286586,  -3.3206644 ], [   4.59686279, -30.02679904, -17.94330666,  36.85588918,  17.72676379,    16.97652892,  -6.86495623,  24.43663159,  93.01930492,   8.30100333,   -16.64398349,  -4.88134231,   5.01262087], [ -43.92163169,  26.11019921,   5.6777024 , -14.61773462, -16.86330394,   -17.94712424,   2.66714862,  -0.49482333,   8.30100333,  77.64454453,    31.6932341 ,  -3.4616616 , -15.28737735], [ -29.3845587 ,  17.69908575,  -4.63888727, -40.30633737, -14.82623231,     3.87892094,  14.16520537,  -6.88357047, -16.64398349,  31.6932341 ,    83.38093632,  26.82928871,  -9.93377078], [  -3.2838374 ,   0.04024742, -19.17606224, -18.50559073, -13.37522411,    12.24764113,  18.40150778,  12.79286586,  -4.88134231,  -3.4616616 ,    26.82928871,  75.09718773,  20.69129624], [ -25.39507698, -18.62102639,   0.87761495,  11.07325488,  12.86003514,     9.07353309,  -7.884204  ,  -3.3206644 ,   5.01262087, -15.28737735,    -9.93377078,  20.69129624,  73.87196329]]
/root/sim/music/out/尾崎豊/LIVE_CORE_LIMITED_VERSION_YUTAKA_OZAKI_I/1-01_卒業_[Live].mp3; [-549.8966    , 135.44833   ,  -6.332397  ,  21.564342  ,  -0.11688891,    0.19778602,  -8.817433  ,  -2.172246  ,  -6.3981853 ,  -0.5352466 ,   -8.134263  ,  -6.3798447 , -10.712893  ]; [[5531.97679302,-688.87024692, 656.2957876 ,-109.33476791,-111.36791356,    51.97089641, 137.39175174, 149.81016148,  82.40931444,  98.62284329,   118.59964791,  59.70698261,-122.08773025], [-688.87024692,1153.35021258,-200.89249747,  75.22887384,  74.68388117,   -56.74571123, -33.8477263 , -21.55403607, -82.92858117, -24.49001154,   -12.65237376, -14.81807146,   8.40330302], [ 656.2957876 ,-200.89249747, 757.70448308,  69.07742626, 140.25818841,    47.27339092,   1.21811291,  34.67961944, -16.3995747 ,  11.47464638,    17.23958064,  10.87978462,   1.46753244], [-109.33476791,  75.22887384,  69.07742626, 254.4393908 ,  85.22817585,    51.0521162 , -18.68523489, -16.53364422,  34.96600238, -19.42899524,   -19.61165204,  -8.93650282,  20.66917385], [-111.36791356,  74.68388117, 140.25818841,  85.22817585, 190.1119804 ,    25.25628881, -30.79401029,  -7.2405644 ,  -3.23899543,  -4.45144243,   -10.62754097, -20.3329809 ,  11.5655244 ], [  51.97089641, -56.74571123,  47.27339092,  51.0521162 ,  25.25628881,   127.79840183,  43.50019791,  25.8243171 ,  39.27305752,   3.57514962,     6.93076649,  -0.63075689,  -9.64261891], [ 137.39175174, -33.8477263 ,   1.21811291, -18.68523489, -30.79401029,    43.50019791, 165.40102583,  77.56703226,  32.04333211,  30.29123955,    28.69822798,  16.63366625, -14.39457287], [ 149.81016148, -21.55403607,  34.67961944, -16.53364422,  -7.2405644 ,    25.8243171 ,  77.56703226, 115.93188573,  30.66379047,  34.37161356,    27.78742334,  12.1622096 ,  -5.34363786], [  82.40931444, -82.92858117, -16.3995747 ,  34.96600238,  -3.23899543,    39.27305752,  32.04333211,  30.66379047, 133.82556641,  19.88474362,    15.08406971,  16.09635616,  -9.8338496 ], [  98.62284329, -24.49001154,  11.47464638, -19.42899524,  -4.45144243,     3.57514962,  30.29123955,  34.37161356,  19.88474362,  88.23751373,    37.11617316,   9.27843773,  -8.39991383], [ 118.59964791, -12.65237376,  17.23958064, -19.61165204, -10.62754097,     6.93076649,  28.69822798,  27.78742334,  15.08406971,  37.11617316,    79.58709031,  27.06909127,  -6.5509881 ], [  59.70698261, -14.81807146,  10.87978462,  -8.93650282, -20.3329809 ,    -0.63075689,  16.63366625,  12.1622096 ,  16.09635616,   9.27843773,    27.06909127,  72.37996968,  15.02518754], [-122.08773025,   8.40330302,   1.46753244,  20.66917385,  11.5655244 ,    -9.64261891, -14.39457287,  -5.34363786,  -9.8338496 ,  -8.39991383,    -6.5509881 ,  15.02518754,  79.9618486 ]]
/root/sim/music/out/尾崎豊/LIVE_CORE_LIMITED_VERSION_YUTAKA_OZAKI_I/2-08_I_LOVE_YOU_[Live].mp3; [-690.84753  , 148.56728  , -18.671955 ,   7.933963 , -15.812003 ,  -17.52124  , -16.95114  , -13.00677  , -20.483248 ,  -7.8947463,  -12.862668 ,  -9.531285 ,  -7.838892 ]; [[ 8953.13344065,-2761.38913536, -814.46571958, -218.9762559 ,   -182.94143989,  -80.12205187, -127.8518534 , -159.23784119,   -325.07442155,   97.41765591,   82.02494708,  -39.19187124,      5.41055555], [-2761.38913536, 2824.76732701,  898.20654141,   49.67729651,    230.65480123,  -73.32390936,    0.75560217,   -7.71564996,    -50.11123716,  -37.72682446,  -40.97773274,   45.95602541,     14.4599326 ], [ -814.46571958,  898.20654141, 1722.36591219,  154.88136161,    177.48608998,  -26.52594478,  -62.19590837,  -20.02556289,   -174.43148161,   -3.27372478,   10.9369925 ,  -44.87073137,     -8.33869173], [ -218.9762559 ,   49.67729651,  154.88136161,  425.04740768,    112.14339536,   50.70776464,  -59.26514244, -114.13321029,    119.27074465,  -70.61028338,  -58.88869785,  -25.24130849,    -10.36861282], [ -182.94143989,  230.65480123,  177.48608998,  112.14339536,    238.52754897,   12.66757244,  -83.28772596,  -56.25141553,     39.02770213,  -27.0879118 ,  -14.87070816,  -18.23566848,     14.09805169], [  -80.12205187,  -73.32390936,  -26.52594478,   50.70776464,     12.66757244,  147.30997094,    3.62253899,  -28.12522645,     66.58518883,  -17.55894908,   -9.80315979,   21.42450448,     -1.60762204], [ -127.8518534 ,    0.75560217,  -62.19590837,  -59.26514244,    -83.28772596,    3.62253899,  203.44747708,   57.66417364,    -56.28487867,   44.27476726,   13.05629201,   14.0587224 ,    -16.77576522], [ -159.23784119,   -7.71564996,  -20.02556289, -114.13321029,    -56.25141553,  -28.12522645,   57.66417364,  169.98273171,    -48.59443269,   40.3592102 ,   39.0214806 ,   -9.27322738,      0.45571489], [ -325.07442155,  -50.11123716, -174.43148161,  119.27074465,     39.02770213,   66.58518883,  -56.28487867,  -48.59443269,    224.04729474,  -41.53691875,  -36.1469377 ,   15.54991495,     -7.79629153], [   97.41765591,  -37.72682446,   -3.27372478,  -70.61028338,    -27.0879118 ,  -17.55894908,   44.27476726,   40.3592102 ,    -41.53691875,  138.77915723,   42.02883317,    6.16642343,     -0.3784528 ], [   82.02494708,  -40.97773274,   10.9369925 ,  -58.88869785,    -14.87070816,   -9.80315979,   13.05629201,   39.0214806 ,    -36.1469377 ,   42.02883317,  109.74471031,   11.23046773,      6.67357285], [  -39.19187124,   45.95602541,  -44.87073137,  -25.24130849,    -18.23566848,   21.42450448,   14.0587224 ,   -9.27322738,     15.54991495,    6.16642343,   11.23046773,  120.89020907,     21.16785035], [    5.41055555,   14.4599326 ,   -8.33869173,  -10.36861282,     14.09805169,   -1.60762204,  -16.77576522,    0.45571489,     -7.79629153,   -0.3784528 ,    6.67357285,   21.16785035,    101.78464441]]
/root/sim/music/out/尾崎豊/LIVE_CORE_LIMITED_VERSION_YUTAKA_OZAKI_I/2-07_シェリー_[Live].mp3; [-684.6979   , 113.99206  , -32.516678 ,  29.342407 ,   6.0780807,    4.7925243,  -5.5903974,   1.0684224,  -8.678056 ,  -1.955376 ,   -8.765386 ,  -7.351266 , -10.665298 ]; [[16763.4650751 ,-2191.47988571,  190.82115052, -265.05557661,   -415.39439872,  115.78216356, -423.02302416,   57.69505312,   -199.27581455,  220.15419023,  -53.45446823,   20.08105595,   -199.13786592], [-2191.47988571, 1833.37948727,  260.25068591,  155.4618772 ,    212.28575359,  -66.73775885,   79.15453976,   29.15042867,    -24.83127231,   51.70138081,   69.25961663,   16.73732921,     21.13382966], [  190.82115052,  260.25068591, 1361.05456307,  291.73442039,    353.41738352,   -1.85424515, -126.63945558, -132.60760085,   -119.61435156,   -3.89049062,   31.49443703,   37.29976336,     37.1369588 ], [ -265.05557661,  155.4618772 ,  291.73442039,  621.17033499,    375.19348361,  223.46442404,    6.03892364,  -68.98701446,     28.2193179 ,  -91.14050615,  -26.20138619,  -35.12278082,     -5.17290711], [ -415.39439872,  212.28575359,  353.41738352,  375.19348361,    459.79658273,  165.63677777,  -11.33762782,  -69.69452254,     16.99470393,  -57.51031503,  -15.31045357,  -22.07419385,      2.56666408], [  115.78216356,  -66.73775885,   -1.85424515,  223.46442404,    165.63677777,  276.41885208,   91.41237464,   27.07047704,     81.33033054,  -48.72904761,  -13.2921412 ,   -5.24439876,    -36.26226478], [ -423.02302416,   79.15453976, -126.63945558,    6.03892364,    -11.33762782,   91.41237464,  240.04650608,  102.56682248,     57.74158938,   12.52168362,   -1.28375472,   12.26395875,    -31.58145553], [   57.69505312,   29.15042867, -132.60760085,  -68.98701446,    -69.69452254,   27.07047704,  102.56682248,  154.15727642,     44.84061398,   27.12476183,   17.54005905,    8.03164837,    -13.75238991], [ -199.27581455,  -24.83127231, -119.61435156,   28.2193179 ,     16.99470393,   81.33033054,   57.74158938,   44.84061398,    160.95504582,   19.62803093,    5.93476753,    5.47491568,    -28.6474368 ], [  220.15419023,   51.70138081,   -3.89049062,  -91.14050615,    -57.51031503,  -48.72904761,   12.52168362,   27.12476183,     19.62803093,  132.11616948,   35.90934391,   21.19223491,     -6.98536375], [  -53.45446823,   69.25961663,   31.49443703,  -26.20138619,    -15.31045357,  -13.2921412 ,   -1.28375472,   17.54005905,      5.93476753,   35.90934391,   88.79473386,   24.80572671,      3.61944403], [   20.08105595,   16.73732921,   37.29976336,  -35.12278082,    -22.07419385,   -5.24439876,   12.26395875,    8.03164837,      5.47491568,   21.19223491,   24.80572671,   86.55725674,     15.24971643], [ -199.13786592,   21.13382966,   37.1369588 ,   -5.17290711,      2.56666408,  -36.26226478,  -31.58145553,  -13.75238991,    -28.6474368 ,   -6.98536375,    3.61944403,   15.24971643,     91.06788664]]
/root/sim/music/out/尾崎豊/LIVE_CORE_LIMITED_VERSION_YUTAKA_OZAKI_I/2-03_Driving_All_Night_[Live].mp3; [-473.32098   , 127.59762   , -15.143138  ,  18.775103  ,   0.7337437 ,    0.51119065,  -9.120456  ,  -0.6006082 ,  -1.0825262 ,  -0.9868792 ,   -7.2699566 ,  -5.2745504 ,  -3.1991503 ]; [[1287.45364587,-418.09416145,  87.96301361, -95.26573583,  -7.93057658,    48.7142664 ,  36.80882261,  13.68818834,  20.54124658,   3.96982163,    56.77161936,  16.62793165, -10.59652479], [-418.09416145, 669.58932074,-124.79485035,  52.33224167,  32.98885078,   -43.23626752, -18.28823053,   5.78273498, -29.04747391,   2.62918011,    -3.10706026,   7.90947704,   6.33949367], [  87.96301361,-124.79485035, 452.62536508,  98.14458199,  46.8840562 ,   -12.02357295, -53.66872765, -40.98901179, -30.18154664, -40.16673963,   -22.39501607, -17.06999587,   6.65296553], [ -95.26573583,  52.33224167,  98.14458199, 230.01709405,  87.35980646,    16.62976871, -26.67290366, -30.95054538,   4.03479185, -18.42493812,   -40.93870805, -18.18002256,  20.09845267], [  -7.93057658,  32.98885078,  46.8840562 ,  87.35980646, 127.60350152,    19.98020391, -14.42101271, -25.56505373,   3.79093135,  -9.56613338,   -21.71199113, -13.82316844,   5.95880792], [  48.7142664 , -43.23626752, -12.02357295,  16.62976871,  19.98020391,    76.64412103,  26.61054393,  11.41727563,  14.69874347,   0.38193269,    -4.67595257,  -0.62284265,   0.25519069], [  36.80882261, -18.28823053, -53.66872765, -26.67290366, -14.42101271,    26.61054393,  96.72449543,  43.93517901,  18.06264211,  12.95403092,     9.06389788,   9.22921987,  -5.78811882], [  13.68818834,   5.78273498, -40.98901179, -30.95054538, -25.56505373,    11.41727563,  43.93517901,  77.49359939,  24.67823432,  15.64773446,    13.63224343,   7.24730924,  -3.65943384], [  20.54124658, -29.04747391, -30.18154664,   4.03479185,   3.79093135,    14.69874347,  18.06264211,  24.67823432,  69.31295349,  24.68672501,    -1.99776048,   5.71023736,   4.09724842], [   3.96982163,   2.62918011, -40.16673963, -18.42493812,  -9.56613338,     0.38193269,  12.95403092,  15.64773446,  24.68672501,  63.90186391,    27.09582626,   7.03147716,  -5.18456417], [  56.77161936,  -3.10706026, -22.39501607, -40.93870805, -21.71199113,    -4.67595257,   9.06389788,  13.63224343,  -1.99776048,  27.09582626,    74.01233238,  19.56283342, -10.60587621], [  16.62793165,   7.90947704, -17.06999587, -18.18002256, -13.82316844,    -0.62284265,   9.22921987,   7.24730924,   5.71023736,   7.03147716,    19.56283342,  55.18156058,  17.1955862 ], [ -10.59652479,   6.33949367,   6.65296553,  20.09845267,   5.95880792,     0.25519069,  -5.78811882,  -3.65943384,   4.09724842,  -5.18456417,   -10.60587621,  17.1955862 ,  53.57701647]]
