/root/sim/music/out/Oasis/oasis-definitely_maybe_remastered_deluxe_edition/2-15_I_Will_Believe_(Live)_(Remastered).mp3; [-506.7189   , 106.657425 , -31.63566  ,  28.549551 ,   8.13711  ,   -4.7269187,  -1.1058166,   3.5055065,   6.327222 ,   7.714723 ,   -6.1610494,  -0.8786239,  -1.7808805]; [[27189.50814296, -484.8198437 , -487.15829513,  219.88040439,    819.79254426,  395.30742449,  -57.93691153,  386.18955826,   -131.56457821,  -62.92419138, -336.52571813, -285.40587812,   -240.22951656], [ -484.8198437 , 1292.01277011, -517.08187808,  245.02176121,   -177.02069703, -144.20336783,   27.72425827,  -84.33446215,     72.79880792,   60.71564089,   14.88494202,   51.08801575,      5.99382404], [ -487.15829513, -517.08187808,  564.20743126, -145.04615629,    138.05526293,   56.2910877 ,   -6.20213547,   35.35675301,    -32.11102557,   -9.27577206,   25.65974112,   -8.65171416,     11.44129568], [  219.88040439,  245.02176121, -145.04615629,  204.77203332,    -12.1728455 ,  -33.80940025,  -30.70352968,   -9.59521347,     36.55033544,   12.3878029 ,  -10.63453159,    7.90982748,      2.06161646], [  819.79254426, -177.02069703,  138.05526293,  -12.1728455 ,    176.194844  ,   47.14074451,   31.62789289,   24.88958786,     -6.01703249,    0.90418161,   -8.09453836,   -9.13828829,     -7.5680157 ], [  395.30742449, -144.20336783,   56.2910877 ,  -33.80940025,     47.14074451,  107.59821241,   44.70895695,   32.72815578,    -11.11288913,    0.39625283,    8.95933679,    1.85165013,      1.63862574], [  -57.93691153,   27.72425827,   -6.20213547,  -30.70352968,     31.62789289,   44.70895695,  111.04852654,   25.88563938,      8.65590733,    4.18490799,    8.81686433,   14.17711525,      6.06230132], [  386.18955826,  -84.33446215,   35.35675301,   -9.59521347,     24.88958786,   32.72815578,   25.88563938,   66.443591  ,     14.12720705,    7.84844595,   -0.79618486,    2.47156596,      7.55759641], [ -131.56457821,   72.79880792,  -32.11102557,   36.55033544,     -6.01703249,  -11.11288913,    8.65590733,   14.12720705,     57.67618508,   24.98623929,    5.89143228,    9.83993419,      8.14416702], [  -62.92419138,   60.71564089,   -9.27577206,   12.3878029 ,      0.90418161,    0.39625283,    4.18490799,    7.84844595,     24.98623929,   49.31614146,   23.06346752,   11.62156174,      4.78462931], [ -336.52571813,   14.88494202,   25.65974112,  -10.63453159,     -8.09453836,    8.95933679,    8.81686433,   -0.79618486,      5.89143228,   23.06346752,   50.55575774,   21.53771949,      9.35840292], [ -285.40587812,   51.08801575,   -8.65171416,    7.90982748,     -9.13828829,    1.85165013,   14.17711525,    2.47156596,      9.83993419,   11.62156174,   21.53771949,   45.21975507,     19.29544881], [ -240.22951656,    5.99382404,   11.44129568,    2.06161646,     -7.5680157 ,    1.63862574,    6.06230132,    7.55759641,      8.14416702,    4.78462931,    9.35840292,   19.29544881,     37.66749633]]
/root/sim/music/out/Oasis/oasis-definitely_maybe_remastered_deluxe_edition/1-01_Rock_n_Roll_Star_(Remastered).mp3; [-477.0922   , 108.86787  , -41.925102 ,  31.082039 ,  10.564518 ,    9.512876 ,   2.2010016,   0.7442046,   1.8386719,   4.836196 ,   -1.7293594,  -4.3554997,  -2.8051414]; [[8866.22856444,-247.89618578, 310.19419963,-237.6340007 ,  85.07183531,    23.40687744, 139.26662542, 126.96116624,  51.78810028,  33.77656573,    20.40427605,  10.49324507,  36.93943126], [-247.89618578, 522.94713402,-282.81498279, 133.00491133, -44.90783639,   -38.62067751,  36.9432659 , -21.97425829,  23.16859689,  -7.13663808,    -5.59688759,  -2.50670626, -16.97686563], [ 310.19419963,-282.81498279, 296.62665912, -67.65741888,  43.98754331,     0.02970884, -17.26072554,  29.30617148,  -3.81556743,   6.69702657,     5.54949096,   9.1978553 ,  19.19740997], [-237.6340007 , 133.00491133, -67.65741888, 188.40051835,  33.58122233,   -30.79650449, -38.1263065 , -28.24002861,  12.85526788,  -0.12860699,   -10.15826419, -19.00999875, -18.26259751], [  85.07183531, -44.90783639,  43.98754331,  33.58122233, 108.43048962,     4.78357407,  16.90816579,  -2.98473266,  20.04909768,   9.94335744,     1.52198296,  -3.90755351,   5.03487405], [  23.40687744, -38.62067751,   0.02970884, -30.79650449,   4.78357407,    90.26253961,  33.90262769,   8.15942725, -10.78944225,   0.21814616,     8.2384901 ,   8.6114841 ,  10.40806206], [ 139.26662542,  36.9432659 , -17.26072554, -38.1263065 ,  16.90816579,    33.90262769, 105.99590276,  35.29566046,  15.0873349 ,  -8.14393364,     5.60265119,  14.00241821,  11.98505733], [ 126.96116624, -21.97425829,  29.30617148, -28.24002861,  -2.98473266,     8.15942725,  35.29566046,  57.51323965,  22.19296365,   2.63720248,    -2.04798337,   6.3434397 ,   7.93791455], [  51.78810028,  23.16859689,  -3.81556743,  12.85526788,  20.04909768,   -10.78944225,  15.0873349 ,  22.19296365,  61.03999621,  28.57907989,     5.23545663,  -2.99892286,   3.28812764], [  33.77656573,  -7.13663808,   6.69702657,  -0.12860699,   9.94335744,     0.21814616,  -8.14393364,   2.63720248,  28.57907989,  52.84158092,    25.35879209,   5.32148619,   1.02912498], [  20.40427605,  -5.59688759,   5.54949096, -10.15826419,   1.52198296,     8.2384901 ,   5.60265119,  -2.04798337,   5.23545663,  25.35879209,    48.61538081,  25.22867632,   9.36991171], [  10.49324507,  -2.50670626,   9.1978553 , -19.00999875,  -3.90755351,     8.6114841 ,  14.00241821,   6.3434397 ,  -2.99892286,   5.32148619,    25.22867632,  46.40778339,  24.31489806], [  36.93943126, -16.97686563,  19.19740997, -18.26259751,   5.03487405,    10.40806206,  11.98505733,   7.93791455,   3.28812764,   1.02912498,     9.36991171,  24.31489806,  45.35210801]]
/root/sim/music/out/Oasis/oasis-definitely_maybe_remastered_deluxe_edition/2-19_Supersonic_(Live)_(Remastered).mp3; [-486.51404  , 106.04617  , -24.071808 ,  24.19879  ,  10.640488 ,    0.2741339,   2.8352144,   2.5139804,   3.6963956,   1.3346386,    2.0202725,   1.4903182,   1.6631578]; [[17802.37226815,  828.1497559 , -387.62726392,  242.03175909,    236.03314912,  128.13136109,  245.66692567,   24.12047694,    -17.60239438,  -39.72021701, -188.50284108,   -3.45114029,    229.99153818], [  828.1497559 ,  890.76126277,  -58.97806413,  228.80779068,    122.72275095,   39.28906872,   95.66257153,   35.34432624,    -22.58169799,  -23.33010727,  -89.13052758,  -53.14855033,    -15.7958288 ], [ -387.62726392,  -58.97806413,  594.24655509,   39.57327097,    132.89398159,  119.24797529,  -11.97293104,   12.09706833,    -45.29222365,  -75.46756145, -110.37553913,  -78.96574015,     11.46455614], [  242.03175909,  228.80779068,   39.57327097,  211.38856064,     65.60522507,   38.12524088,   13.94474825,   -6.98914661,     -8.65599592,   -4.64548763,  -10.99875647,   -7.1359093 ,     -0.55593273], [  236.03314912,  122.72275095,  132.89398159,   65.60522507,    147.55325897,   73.0556003 ,   51.07708671,   14.16549844,    -10.61509681,  -33.00075959,  -69.25651487,  -35.20222247,     10.49974134], [  128.13136109,   39.28906872,  119.24797529,   38.12524088,     73.0556003 ,  107.71604215,   43.36390299,   24.22144243,    -10.21579312,  -32.59217429,  -48.24925613,  -28.481073  ,      1.98819624], [  245.66692567,   95.66257153,  -11.97293104,   13.94474825,     51.07708671,   43.36390299,  113.66825963,   38.56955949,     -3.54181765,  -11.94035653,  -37.94911928,  -16.94651386,      8.31686145], [   24.12047694,   35.34432624,   12.09706833,   -6.98914661,     14.16549844,   24.22144243,   38.56955949,   68.94920776,     20.10032486,    0.39732503,  -13.68002788,   -9.75126629,     -5.41131906], [  -17.60239438,  -22.58169799,  -45.29222365,   -8.65599592,    -10.61509681,  -10.21579312,   -3.54181765,   20.10032486,     68.76239178,   30.32238435,   27.5025106 ,   16.47022894,     -1.45596063], [  -39.72021701,  -23.33010727,  -75.46756145,   -4.64548763,    -33.00075959,  -32.59217429,  -11.94035653,    0.39732503,     30.32238435,   74.98969015,   57.60066727,   27.19369159,     -8.88111744], [ -188.50284108,  -89.13052758, -110.37553913,  -10.99875647,    -69.25651487,  -48.24925613,  -37.94911928,  -13.68002788,     27.5025106 ,   57.60066727,  133.33910134,   61.05085483,    -15.28885248], [   -3.45114029,  -53.14855033,  -78.96574015,   -7.1359093 ,    -35.20222247,  -28.481073  ,  -16.94651386,   -9.75126629,     16.47022894,   27.19369159,   61.05085483,   74.16566494,     13.51675744], [  229.99153818,  -15.7958288 ,   11.46455614,   -0.55593273,     10.49974134,    1.98819624,    8.31686145,   -5.41131906,     -1.45596063,   -8.88111744,  -15.28885248,   13.51675744,     77.7569501 ]]
/root/sim/music/out/Oasis/oasis-definitely_maybe_remastered_deluxe_edition/3-34_Live_Forever_(Live_Paris_Instore).mp3; [-514.8003   , 105.79445  ,  -1.6618047,  24.009514 ,  -3.5656576,    5.7572236,  -7.985507 ,   3.0037956,  -8.5836525,   0.7968071,   -5.4335217,  -1.6757377,  -6.8206196]; [[12257.21931778, 1643.36477248,  134.02732651,  306.62115729,    -63.24274554, -102.07893852, -112.67769406,  -20.62140838,   -152.99750314,   51.08315073,  -72.13824766, -139.76055555,   -134.32096756], [ 1643.36477248,  623.80278313,  -44.53192214,   81.91525092,     -6.16486927,  -59.46769289,   -1.19557288,   10.12926018,    -39.86593828,   10.9848579 ,    6.75539169,  -28.07219881,    -16.72465898], [  134.02732651,  -44.53192214,  435.94675667,  -35.48767387,    -22.67097455,   44.14294974,   -6.76142414,   -0.49674884,     -3.04657826,    1.01035484,   -7.19506056,   40.0438299 ,    -13.12258169], [  306.62115729,   81.91525092,  -35.48767387,  174.73373948,     46.97827776,  -16.6155027 ,  -18.09140697,    1.43456138,     17.94180603,   -1.5500992 ,    0.27982813,   -3.61768351,     14.55560012], [  -63.24274554,   -6.16486927,  -22.67097455,   46.97827776,    128.880194  ,   32.88971421,    5.88515088,  -12.50571107,     37.69797719,    2.20326465,    6.99616895,    9.03763347,      7.16118377], [ -102.07893852,  -59.46769289,   44.14294974,  -16.6155027 ,     32.88971421,  149.87825248,   22.46668854,   -2.65347362,     32.46736505,    6.60494234,   10.62421708,   15.41118226,     -0.56271524], [ -112.67769406,   -1.19557288,   -6.76142414,  -18.09140697,      5.88515088,   22.46668854,   99.39528613,   13.93862349,      6.3351228 ,    1.29183388,    1.76646056,    6.75520951,      1.71548766], [  -20.62140838,   10.12926018,   -0.49674884,    1.43456138,    -12.50571107,   -2.65347362,   13.93862349,   74.2976579 ,     11.78587255,    1.51141059,    6.1908492 ,    1.77675024,      6.64260298], [ -152.99750314,  -39.86593828,   -3.04657826,   17.94180603,     37.69797719,   32.46736505,    6.3351228 ,   11.78587255,     91.16002218,   15.01926388,    9.62377606,    4.72209873,      1.46664189], [   51.08315073,   10.9848579 ,    1.01035484,   -1.5500992 ,      2.20326465,    6.60494234,    1.29183388,    1.51141059,     15.01926388,   64.9732292 ,   12.22101373,   -1.13740356,     -1.27210836], [  -72.13824766,    6.75539169,   -7.19506056,    0.27982813,      6.99616895,   10.62421708,    1.76646056,    6.1908492 ,      9.62377606,   12.22101373,   54.70352857,   12.31919555,      4.2780328 ], [ -139.76055555,  -28.07219881,   40.0438299 ,   -3.61768351,      9.03763347,   15.41118226,    6.75520951,    1.77675024,      4.72209873,   -1.13740356,   12.31919555,   63.5738589 ,     11.38500113], [ -134.32096756,  -16.72465898,  -13.12258169,   14.55560012,      7.16118377,   -0.56271524,    1.71548766,    6.64260298,      1.46664189,   -1.27210836,    4.2780328 ,   11.38500113,     54.59071519]]
/root/sim/music/out/Oasis/oasis-definitely_maybe_remastered_deluxe_edition/2-14_Sad_Song_(Remastered).mp3; [-570.6765   , 135.85931  ,  24.644981 ,   9.15243  ,  -4.497698 ,    1.4701086,   1.2557404,   7.14847  ,  -4.8118987,  -9.020707 ,  -10.874683 , -11.275801 ,  -7.7863345]; [[13233.63317746,  -31.38144722, -370.28100157, -232.24396021,     27.72896746,   82.75955201,  -83.93498456,  128.28571725,    122.37785319,  129.92057136,  106.01380527, -197.21096268,   -163.31598708], [  -31.38144722, 1099.80467474, -192.31270521,  -26.31444411,    -88.1833409 ,   38.67436421,   19.48233878,   43.55014966,    -29.85416908,  -22.21981157,   33.55612079,   24.30009413,    -26.96876104], [ -370.28100157, -192.31270521,  527.83541745,  105.55056939,     -5.48096533,   13.21918324,   93.66334981,    4.68481561,    -15.85804593,  -24.30063953,  -54.15522784,   47.32532257,     61.22780881], [ -232.24396021,  -26.31444411,  105.55056939,  284.27432213,    108.95135933,  -34.79388254,  -42.69404608,   21.43615943,     10.21524804,   12.41334528,  -35.91544767,    6.91628864,     71.039808  ], [   27.72896746,  -88.1833409 ,   -5.48096533,  108.95135933,    214.40643167,    0.92063563,  -64.43486971,  -22.46026964,     36.46989937,   58.90804555,   13.07509635,  -10.66865537,     29.04114807], [   82.75955201,   38.67436421,   13.21918324,  -34.79388254,      0.92063563,  147.7291229 ,   62.37198938,   -0.28812403,     11.48342262,   15.9120208 ,   34.80866142,   15.71422273,    -19.18907475], [  -83.93498456,   19.48233878,   93.66334981,  -42.69404608,    -64.43486971,   62.37198938,  156.91088428,   40.17406528,    -23.12561481,  -21.42376303,    0.77919131,   33.59956043,      4.56972862], [  128.28571725,   43.55014966,    4.68481561,   21.43615943,    -22.46026964,   -0.28812403,   40.17406528,   97.92189374,     11.36910317,  -15.20083472,   -4.66716903,   15.10039994,     19.51237907], [  122.37785319,  -29.85416908,  -15.85804593,   10.21524804,     36.46989937,   11.48342262,  -23.12561481,   11.36910317,     94.542901  ,   23.69070348,   19.20118129,   -2.12214027,     -2.2918964 ], [  129.92057136,  -22.21981157,  -24.30063953,   12.41334528,     58.90804555,   15.9120208 ,  -21.42376303,  -15.20083472,     23.69070348,  107.55151652,   38.37250404,   -2.06556238,      4.48269661], [  106.01380527,   33.55612079,  -54.15522784,  -35.91544767,     13.07509635,   34.80866142,    0.77919131,   -4.66716903,     19.20118129,   38.37250404,  115.60969445,   22.81381659,    -10.07193018], [ -197.21096268,   24.30009413,   47.32532257,    6.91628864,    -10.66865537,   15.71422273,   33.59956043,   15.10039994,     -2.12214027,   -2.06556238,   22.81381659,   74.02596309,     30.88174147], [ -163.31598708,  -26.96876104,   61.22780881,   71.039808  ,     29.04114807,  -19.18907475,    4.56972862,   19.51237907,     -2.2918964 ,    4.48269661,  -10.07193018,   30.88174147,     91.87553862]]
/root/sim/music/out/Oasis/oasis-definitely_maybe_remastered_deluxe_edition/2-22_Fade_Away_(Remastered).mp3; [-477.4116    , 113.06464   , -28.345467  ,  29.699137  ,   4.3494363 ,    7.6747437 ,   7.382052  ,   7.8021283 ,   7.2595677 ,   5.6303964 ,    0.25197268,   3.5371594 ,   0.6896933 ]; [[13541.00250189,   -1.60437346,   41.25893572,  214.50985246,    220.8049171 ,  209.20635349,  -25.16437257,  307.36183895,    124.40186213,  253.04403907,   96.16884363,  -48.64687527,     19.9744624 ], [   -1.60437346, 1499.48594815, -429.92833731,  171.05564501,   -132.9403869 , -114.41682723,   44.54129618, -147.78360251,     16.77535476,  -53.17968668,  -42.24046947,   77.97678045,    -35.80174646], [   41.25893572, -429.92833731,  513.11055135,  -89.22210325,    101.21668653,   39.35832278,  -64.76737913,   69.78180484,    -29.8746729 ,   12.64711475,    7.42928338,  -54.04749945,     16.20343989], [  214.50985246,  171.05564501,  -89.22210325,  121.71023825,     10.5117107 ,   -1.47777845,    8.42660039,   -9.33018368,     20.38446698,    5.97285554,    6.87605945,   24.30468643,      0.50397722], [  220.8049171 , -132.9403869 ,  101.21668653,   10.5117107 ,    104.12013795,   39.24565066,   -0.51781131,   36.69623438,     -1.77232122,   11.70824737,    6.59332931,   -8.7522526 ,     13.26333037], [  209.20635349, -114.41682723,   39.35832278,   -1.47777845,     39.24565066,   80.86980756,   41.7062236 ,   31.37343177,     -3.862903  ,    4.34081797,    2.44433717,   -7.71952389,      8.73175273], [  -25.16437257,   44.54129618,  -64.76737913,    8.42660039,     -0.51781131,   41.7062236 ,   97.49901042,   25.499136  ,      2.45935919,  -14.65532796,  -11.35413519,    3.87341419,      6.73617936], [  307.36183895, -147.78360251,   69.78180484,   -9.33018368,     36.69623438,   31.37343177,   25.499136  ,   87.08631716,     21.34004168,   17.10461471,    3.26290676,  -13.50256689,     10.24477005], [  124.40186213,   16.77535476,  -29.8746729 ,   20.38446698,     -1.77232122,   -3.862903  ,    2.45935919,   21.34004168,     56.91759556,   33.5891525 ,   12.79226778,    2.89062986,     -6.60896533], [  253.04403907,  -53.17968668,   12.64711475,    5.97285554,     11.70824737,    4.34081797,  -14.65532796,   17.10461471,     33.5891525 ,   66.38860657,   32.02736036,    0.4500279 ,     -8.18166932], [   96.16884363,  -42.24046947,    7.42928338,    6.87605945,      6.59332931,    2.44433717,  -11.35413519,    3.26290676,     12.79226778,   32.02736036,   50.51125072,   18.03804132,      0.76325871], [  -48.64687527,   77.97678045,  -54.04749945,   24.30468643,     -8.7522526 ,   -7.71952389,    3.87341419,  -13.50256689,      2.89062986,    0.4500279 ,   18.03804132,   47.18101857,     14.90241363], [   19.9744624 ,  -35.80174646,   16.20343989,    0.50397722,     13.26333037,    8.73175273,    6.73617936,   10.24477005,     -6.60896533,   -8.18166932,    0.76325871,   14.90241363,     41.63913282]]
/root/sim/music/out/Oasis/oasis-definitely_maybe_remastered_deluxe_edition/1-02_Shakermaker_(Remastered).mp3; [-463.95215   , 112.17172   , -48.772602  ,  21.70136   ,   4.6414785 ,   -3.0762396 ,   0.36686298,   1.3123894 ,  -0.77891237,   4.8146205 ,   -6.493872  ,   5.934469  ,  -1.752881  ]; [[2890.90743383,-656.05061902, 382.08858065, 102.87009735, 100.16694237,   224.87950254,  50.62549126, 219.98110209,  34.20779546, 122.56354343,    31.63238194,  18.64812018, 141.54443911], [-656.05061902, 709.85324244,-321.24920415, 116.80561248,  -9.49448056,   -27.9421512 , 101.00156666, -80.42994505,  53.53874859, -21.89984075,    -3.3107003 ,  26.66606486, -15.12437034], [ 382.08858065,-321.24920415, 596.78753647, -37.00092923, 139.7732847 ,   108.03884496, -31.56516172, 147.28509145,  -4.76573956,  64.83343051,     7.25467082,  -9.00611444,  61.07040669], [ 102.87009735, 116.80561248, -37.00092923, 268.80768582,  81.25019223,    87.53031712,  58.2607779 ,  12.86639657, 103.72617659,  22.26145055,    45.28339692,  14.12449566,  39.01986437], [ 100.16694237,  -9.49448056, 139.7732847 ,  81.25019223, 155.4672882 ,    86.21188027,  41.52280206,  59.81434349,  56.53769656,  45.21311058,    19.38545365,  16.63214488,  41.76827816], [ 224.87950254, -27.9421512 , 108.03884496,  87.53031712,  86.21188027,   182.12946322,  86.66661376,  77.68027582,  83.21653657,  35.60072605,    31.15160722,   1.83840075,  53.50548482], [  50.62549126, 101.00156666, -31.56516172,  58.2607779 ,  41.52280206,    86.66661376, 131.72725387,  44.68492842,  63.08092331,  17.23009009,    16.1253991 ,  17.59649425,  28.8454902 ], [ 219.98110209, -80.42994505, 147.28509145,  12.86639657,  59.81434349,    77.68027582,  44.68492842, 121.13092699,  36.18972594,  41.65384026,     6.19431188,  12.79276394,  36.83768208], [  34.20779546,  53.53874859,  -4.76573956, 103.72617659,  56.53769656,    83.21653657,  63.08092331,  36.18972594, 136.20220783,  28.0896006 ,    36.97379583,   8.02414051,  34.49616939], [ 122.56354343, -21.89984075,  64.83343051,  22.26145055,  45.21311058,    35.60072605,  17.23009009,  41.65384026,  28.0896006 ,  83.4089397 ,    17.64797313,  10.44843212,  24.23236672], [  31.63238194,  -3.3107003 ,   7.25467082,  45.28339692,  19.38545365,    31.15160722,  16.1253991 ,   6.19431188,  36.97379583,  17.64797313,    61.53060712,  16.09168716,  14.97214605], [  18.64812018,  26.66606486,  -9.00611444,  14.12449566,  16.63214488,     1.83840075,  17.59649425,  12.79276394,   8.02414051,  10.44843212,    16.09168716,  53.07138198,  16.1007073 ], [ 141.54443911, -15.12437034,  61.07040669,  39.01986437,  41.76827816,    53.50548482,  28.8454902 ,  36.83768208,  34.49616939,  24.23236672,    14.97214605,  16.1007073 ,  70.58120791]]
/root/sim/music/out/Oasis/oasis-definitely_maybe_remastered_deluxe_edition/1-05_Columbia_(Remastered).mp3; [-524.9288   , 110.1399   , -33.43331  ,  44.784275 ,  22.668686 ,    7.311317 ,   7.291712 ,  12.971367 ,   3.7372055,   9.819182 ,    2.8868058,   3.511093 ,   0.9380541]; [[19294.54453417, -596.81472045,  291.43901986,  119.35970488,   -118.83323623,  105.13525102,  295.71072199,  169.85565926,   -178.02803592,  107.92642474,  -12.76742786, -270.36857362,   -226.01971963], [ -596.81472045,  375.55127031, -127.37258766,   52.61587439,    -22.01468332,  -44.05743447,   -7.34896112,  -20.21377389,      2.43143765,    9.97164504,    6.17842766,   20.65471896,     18.11437223], [  291.43901986, -127.37258766,  281.96165299,  -58.6151007 ,     10.73843026,    5.28100477,  -57.14612644,  -18.1282026 ,      8.91585581,   -3.20052222,   21.14667891,   -8.97121008,    -11.46199283], [  119.35970488,   52.61587439,  -58.6151007 ,  135.60354794,     30.855749  ,   10.6455044 ,   16.02840314,   -3.26008093,    -14.51297535,   -2.23285438,   -6.04476707,   -0.91155115,      4.36922029], [ -118.83323623,  -22.01468332,   10.73843026,   30.855749  ,     78.91116816,   23.10447225,   19.88397028,   -2.69367427,     -7.12098984,   -8.18434425,   -0.49629892,    2.58935185,      3.70597214], [  105.13525102,  -44.05743447,    5.28100477,   10.6455044 ,     23.10447225,  100.45261088,   42.386444  ,   21.58861677,     -2.92631151,   -3.19912869,    3.758917  ,    3.80358946,     -5.66829996], [  295.71072199,   -7.34896112,  -57.14612644,   16.02840314,     19.88397028,   42.386444  ,  110.0396358 ,   41.14912695,    -12.19606211,  -12.73961372,   -9.8081327 ,  -14.80077752,     -2.1669051 ], [  169.85565926,  -20.21377389,  -18.1282026 ,   -3.26008093,     -2.69367427,   21.58861677,   41.14912695,   64.76927615,     17.11665461,    9.42738423,   -1.73209262,   -2.17967498,      3.20617504], [ -178.02803592,    2.43143765,    8.91585581,  -14.51297535,     -7.12098984,   -2.92631151,  -12.19606211,   17.11665461,     70.57322221,   37.59753716,   11.29246959,    2.92130489,     -2.96811971], [  107.92642474,    9.97164504,   -3.20052222,   -2.23285438,     -8.18434425,   -3.19912869,  -12.73961372,    9.42738423,     37.59753716,   70.18906195,   31.41461589,    8.68040747,     -7.25805853], [  -12.76742786,    6.17842766,   21.14667891,   -6.04476707,     -0.49629892,    3.758917  ,   -9.8081327 ,   -1.73209262,     11.29246959,   31.41461589,   59.98749559,   28.21766597,      8.29341091], [ -270.36857362,   20.65471896,   -8.97121008,   -0.91155115,      2.58935185,    3.80358946,  -14.80077752,   -2.17967498,      2.92130489,    8.68040747,   28.21766597,   64.47348326,     31.59285045], [ -226.01971963,   18.11437223,  -11.46199283,    4.36922029,      3.70597214,   -5.66829996,   -2.1669051 ,    3.20617504,     -2.96811971,   -7.25805853,    8.29341091,   31.59285045,     62.40774505]]
/root/sim/music/out/Oasis/oasis-definitely_maybe_remastered_deluxe_edition/1-04_Up_In_The_Sky_(Remastered).mp3; [-489.63733   , 118.09632   , -37.29137   ,  41.903255  ,  16.667944  ,    8.166052  ,   2.7729068 ,   4.3886204 ,   0.43899763,   6.957976  ,    1.0570285 ,   2.1237535 ,   1.2485758 ]; [[10615.33984979,-1288.58725382,  731.50483998, -113.93453487,    -45.31287754,  352.83030455,  272.89624451,  319.22950228,    456.03381889,  120.67484473,  154.18177337,  -37.82085732,    -90.13826512], [-1288.58725382,  917.11345326, -561.78334945,  179.17620732,    -71.70441527, -127.87222316,  -72.03344256,  -93.62278407,   -182.60656672,  -16.10327903,  -81.48581677,   30.16342572,     31.5671021 ], [  731.50483998, -561.78334945,  536.63268216, -128.22601755,     50.1714152 ,   75.99072299,   50.22096152,   70.69969445,    150.86100655,   13.30424062,   65.02654614,  -16.62834115,    -14.27241181], [ -113.93453487,  179.17620732, -128.22601755,  176.80486869,      8.22380101,  -20.31256699,  -45.79267899,  -14.95258863,    -36.41668878,    8.68782145,  -24.82208513,    6.38466418,      1.67504221], [  -45.31287754,  -71.70441527,   50.1714152 ,    8.22380101,    109.81034482,   12.66080999,   36.30706962,   -3.36285899,     26.34068607,    4.97214847,   16.83031725,    6.86276833,      5.46255543], [  352.83030455, -127.87222316,   75.99072299,  -20.31256699,     12.66080999,  104.09196114,   45.11484893,   28.02754872,     31.82708798,   -0.19930404,   14.66402496,   -8.45599497,    -13.12906509], [  272.89624451,  -72.03344256,   50.22096152,  -45.79267899,     36.30706962,   45.11484893,  117.09253373,   46.8725859 ,     53.58637077,    1.16714862,   17.10558202,    2.26340648,     -2.54854819], [  319.22950228,  -93.62278407,   70.69969445,  -14.95258863,     -3.36285899,   28.02754872,   46.8725859 ,   79.09442567,     54.63271842,    7.31307472,    3.1094174 ,   -5.95433151,     -7.10659159], [  456.03381889, -182.60656672,  150.86100655,  -36.41668878,     26.34068607,   31.82708798,   53.58637077,   54.63271842,    120.65867711,   32.12987667,   32.52155748,   -7.76804301,     -7.19935298], [  120.67484473,  -16.10327903,   13.30424062,    8.68782145,      4.97214847,   -0.19930404,    1.16714862,    7.31307472,     32.12987667,   53.27608279,   23.57227412,    4.13512865,     -3.97079374], [  154.18177337,  -81.48581677,   65.02654614,  -24.82208513,     16.83031725,   14.66402496,   17.10558202,    3.1094174 ,     32.52155748,   23.57227412,   61.30736579,   20.58711327,      9.28686266], [  -37.82085732,   30.16342572,  -16.62834115,    6.38466418,      6.86276833,   -8.45599497,    2.26340648,   -5.95433151,     -7.76804301,    4.13512865,   20.58711327,   49.69391496,     28.04467773], [  -90.13826512,   31.5671021 ,  -14.27241181,    1.67504221,      5.46255543,  -13.12906509,   -2.54854819,   -7.10659159,     -7.19935298,   -3.97079374,    9.28686266,   28.04467773,     49.20825639]]
/root/sim/music/out/Oasis/oasis-definitely_maybe_remastered_deluxe_edition/2-17_Alive_(Demo)_(Remastered).mp3; [-492.3129    ,  75.92692   ,  -7.199247  ,  42.219368  ,  16.513605  ,   20.418888  ,  -2.9047194 ,   6.9765725 ,  -5.1243505 ,  -4.18288   ,    0.70486724,   0.8862531 ,  -4.5159082 ]; [[14566.54417109,  790.82217067, -543.55434208,  353.5472322 ,    110.77622984,  311.72863287,  107.05930499,  203.78711631,    -40.97241608, -104.81820143,   43.27284333,   50.93477096,    -47.3624509 ], [  790.82217067,  399.38229355, -106.27269134,   35.00061294,    -48.8054628 ,   34.2367146 ,   16.39565317,   23.92167795,    -32.88649527,  -30.37252732,   20.72576681,   43.11255525,     25.68198597], [ -543.55434208, -106.27269134,  316.4862805 ,   65.1681457 ,     83.39507833,  -31.26517726,  -23.55050476,   -8.85381615,     48.88704306,   68.6378196 ,    3.241358  ,  -31.91022972,     -8.40813238], [  353.5472322 ,   35.00061294,   65.1681457 ,  209.34995765,     74.55737225,   64.9152231 ,  -31.0947991 ,    9.01444967,     -0.96432651,   14.29139537,   -1.21046247,    9.89673292,      8.72692654], [  110.77622984,  -48.8054628 ,   83.39507833,   74.55737225,    134.44653661,   27.15868293,   12.98318535,   -6.20699548,     15.82491214,    2.83826655,   -0.78544484,   -4.52498227,      4.68555068], [  311.72863287,   34.2367146 ,  -31.26517726,   64.9152231 ,     27.15868293,  106.66996762,   37.71276373,   28.86436056,    -16.99423697,  -23.00577452,    0.61267716,   18.3166532 ,      4.12710877], [  107.05930499,   16.39565317,  -23.55050476,  -31.0947991 ,     12.98318535,   37.71276373,   92.82703488,   34.53179148,      3.28074524,  -32.17223029,    0.02320216,   12.30107388,      8.87360294], [  203.78711631,   23.92167795,   -8.85381615,    9.01444967,     -6.20699548,   28.86436056,   34.53179148,   62.68984896,     19.5319183 ,    0.91416368,   -4.17844507,    3.20850324,      0.10216925], [  -40.97241608,  -32.88649527,   48.88704306,   -0.96432651,     15.82491214,  -16.99423697,    3.28074524,   19.5319183 ,     72.93114626,   46.82571642,    7.0971362 ,  -22.59937543,     -8.54452521], [ -104.81820143,  -30.37252732,   68.6378196 ,   14.29139537,      2.83826655,  -23.00577452,  -32.17223029,    0.91416368,     46.82571642,   91.96724503,   20.84042399,  -19.83803535,     -8.98405329], [   43.27284333,   20.72576681,    3.241358  ,   -1.21046247,     -0.78544484,    0.61267716,    0.02320216,   -4.17844507,      7.0971362 ,   20.84042399,   42.82511046,   15.02910906,      8.07087602], [   50.93477096,   43.11255525,  -31.91022972,    9.89673292,     -4.52498227,   18.3166532 ,   12.30107388,    3.20850324,    -22.59937543,  -19.83803535,   15.02910906,   51.87607884,     24.49255119], [  -47.3624509 ,   25.68198597,   -8.40813238,    8.72692654,      4.68555068,    4.12710877,    8.87360294,    0.10216925,     -8.54452521,   -8.98405329,    8.07087602,   24.49255119,     42.89375924]]
/root/sim/music/out/Oasis/oasis-definitely_maybe_remastered_deluxe_edition/2-24_I_Am_The_Walrus_(Live_Glasgow_Cathouse_June_94)_(Remastered).mp3; [-466.1405   ,  97.7857   , -18.86932  ,  32.64032  ,  16.165863 ,    5.863976 ,   4.2897115,   2.0864244,   7.293397 ,   1.1450865,   -2.5557506,   0.4829128,   1.0518181]; [[8433.2462352 , 175.58284388,  52.49780893, 293.81069821, 231.66131507,   154.12971495,  27.60813925, -22.04685544,  60.26264367, -19.27284717,   -72.6766362 ,  28.45475997,   4.46883786], [ 175.58284388, 604.29311754,-191.49136727, 116.82963753, -22.03094249,   -43.7164093 ,  34.23735978, -13.89587738,  12.32641913,   5.85404974,    -6.37407146,   6.22781144,   6.25940645], [  52.49780893,-191.49136727, 257.23960796,  -9.16340418,  22.47140578,    28.04531035, -25.68912813,  14.33094009,  -2.98065516,  -2.08698613,     2.00060442,  -7.1659212 ,  -7.55333601], [ 293.81069821, 116.82963753,  -9.16340418, 155.93356158,  37.68078742,    32.73549245,  14.28475912,   6.3865779 ,  20.81102403,   9.66818479,     6.66158929,  -0.85226863,  10.89615107], [ 231.66131507, -22.03094249,  22.47140578,  37.68078742,  97.4249095 ,    47.41742466,  41.82184346,  17.224599  ,  25.59827429,  14.15391559,     0.77921881,  10.71983261,  -0.14670524], [ 154.12971495, -43.7164093 ,  28.04531035,  32.73549245,  47.41742466,   101.64482033,  41.42739285,  30.80609965,  14.8622933 ,   5.50904448,     5.19310173,   2.32414715,   0.23097502], [  27.60813925,  34.23735978, -25.68912813,  14.28475912,  41.82184346,    41.42739285, 103.44769228,  40.95708339,  20.50498694,  17.96196551,     8.56213807,   9.70486986,  -1.24205625], [ -22.04685544, -13.89587738,  14.33094009,   6.3865779 ,  17.224599  ,    30.80609965,  40.95708339,  68.3738891 ,  34.81986713,  20.43586682,     4.3092303 ,  -0.05463001,  -2.43150101], [  60.26264367,  12.32641913,  -2.98065516,  20.81102403,  25.59827429,    14.8622933 ,  20.50498694,  34.81986713,  72.08517668,  35.9104989 ,    10.0192102 ,   5.10869232,   1.17390644], [ -19.27284717,   5.85404974,  -2.08698613,   9.66818479,  14.15391559,     5.50904448,  17.96196551,  20.43586682,  35.9104989 ,  59.32483066,    23.97998247,   9.3371312 ,  -2.17440582], [ -72.6766362 ,  -6.37407146,   2.00060442,   6.66158929,   0.77921881,     5.19310173,   8.56213807,   4.3092303 ,  10.0192102 ,  23.97998247,    48.92851351,  17.95686458,   9.23104377], [  28.45475997,   6.22781144,  -7.1659212 ,  -0.85226863,  10.71983261,     2.32414715,   9.70486986,  -0.05463001,   5.10869232,   9.3371312 ,    17.95686458,  46.35314176,  15.64900804], [   4.46883786,   6.25940645,  -7.55333601,  10.89615107,  -0.14670524,     0.23097502,  -1.24205625,  -2.43150101,   1.17390644,  -2.17440582,     9.23104377,  15.64900804,  41.04673763]]
/root/sim/music/out/Oasis/oasis-definitely_maybe_remastered_deluxe_edition/2-16_Take_Me_Away_(Remastered).mp3; [-673.1692   , 136.97595  ,   5.6212807,  15.640174 ,   9.2113495,    5.530391 ,  -9.253638 ,  -4.1571307,  -5.63525  ,  -2.8100317,  -13.988442 , -11.149725 , -11.027843 ]; [[16590.07542065, -206.44153515, -171.64177039, -150.54538886,     -1.97669104,  168.00907347, -131.9014668 , -128.32266336,   -155.21255419,  136.03328984,  254.66589772,  215.73658878,   -156.0426011 ], [ -206.44153515, 1366.59131005, -269.71141645,   28.14207523,    -63.18432512,   -2.50193795,  -14.07893076,   18.80218078,    -21.96184359,  -30.61084424,  -13.99168847,  -40.12695806,      0.34407307], [ -171.64177039, -269.71141645,  534.32477673,  -10.19709078,     20.59689083,  -29.36955661,   10.42165842,  -13.7920028 ,    -17.4384269 ,    8.50500129,    7.00364342,   27.30126798,     24.82367343], [ -150.54538886,   28.14207523,  -10.19709078,  378.26730676,    162.20601627,   35.43548094,    9.56222478,  -11.48973916,      4.84881019,    2.56918564,  -54.98482964,   21.30570982,     81.81947175], [   -1.97669104,  -63.18432512,   20.59689083,  162.20601627,    253.27827798,   29.47805419,   16.66957393,  -24.38239317,      7.20424077,    4.48201856,  -28.81261938,   17.97995641,     38.5953829 ], [  168.00907347,   -2.50193795,  -29.36955661,   35.43548094,     29.47805419,  217.42426937,  103.47116926,    8.44553987,      5.00953064,   -1.0381392 ,   18.71003107,   36.43973225,     -9.6534289 ], [ -131.9014668 ,  -14.07893076,   10.42165842,    9.56222478,     16.66957393,  103.47116926,  156.43615075,   33.3171543 ,     15.33127914,    1.52379817,   29.42171802,   25.17312354,     -2.72564001], [ -128.32266336,   18.80218078,  -13.7920028 ,  -11.48973916,    -24.38239317,    8.44553987,   33.3171543 ,   93.50117924,     29.58289402,    5.92748643,    7.66969367,   -7.89563543,     -7.00430239], [ -155.21255419,  -21.96184359,  -17.4384269 ,    4.84881019,      7.20424077,    5.00953064,   15.33127914,   29.58289402,    104.6447573 ,   29.70470832,    3.79727449,   -8.46172855,    -14.82794593], [  136.03328984,  -30.61084424,    8.50500129,    2.56918564,      4.48201856,   -1.0381392 ,    1.52379817,    5.92748643,     29.70470832,  106.26496062,   43.83625476,   19.27786626,      2.08473763], [  254.66589772,  -13.99168847,    7.00364342,  -54.98482964,    -28.81261938,   18.71003107,   29.42171802,    7.66969367,      3.79727449,   43.83625476,  130.76548603,   47.25548315,     -6.45598216], [  215.73658878,  -40.12695806,   27.30126798,   21.30570982,     17.97995641,   36.43973225,   25.17312354,   -7.89563543,     -8.46172855,   19.27786626,   47.25548315,  104.87455524,     40.00099217], [ -156.0426011 ,    0.34407307,   24.82367343,   81.81947175,     38.5953829 ,   -9.6534289 ,   -2.72564001,   -7.00430239,    -14.82794593,    2.08473763,   -6.45598216,   40.00099217,    115.96946403]]
/root/sim/music/out/Oasis/oasis-definitely_maybe_remastered_deluxe_edition/3-36_DYer_Wanna_Be_A_Spaceman__(Live_At_Manchester_Academy).mp3; [-569.3523    , 111.84999   ,  -1.0381593 ,  11.269208  ,  -6.975159  ,   -0.04158062,  -2.1871178 ,  -2.9954782 ,  -4.5084844 ,  -3.3101928 ,   -1.3739413 ,  -4.668291  ,  -6.581172  ]; [[19691.38170453, 2584.06162755,  967.33457378,  444.56068019,    -87.55183127,  192.72465195,  -69.24142255, -163.08855823,   -126.8728943 , -132.75914777,    3.72398367,  -54.04999679,   -203.46346472], [ 2584.06162755, 1393.08731637,  301.23606475,  274.18124521,     29.77472077,   46.75335327,   59.12338032,  -50.41064671,    -54.77457598,  -40.77184626,   42.72962319,  -27.2333767 ,    -33.24345313], [  967.33457378,  301.23606475,  687.28089077,  201.96402152,    106.24644311,   87.40819014,   16.59520967,  -33.9237647 ,    -41.21026086,  -10.1393563 ,   32.52863821,   34.57296063,    -19.49573702], [  444.56068019,  274.18124521,  201.96402152,  214.46558679,     99.00583426,   11.19531804,   -7.25168974,  -18.69301405,    -32.75934942,    9.85233197,    4.93158309,    3.42166282,     15.14517233], [  -87.55183127,   29.77472077,  106.24644311,   99.00583426,    144.22221726,    0.92808311,  -20.49470666,  -10.43587627,    -17.12024277,   23.32844414,   -3.70156227,    5.40759269,     21.73650833], [  192.72465195,   46.75335327,   87.40819014,   11.19531804,      0.92808311,   95.52780338,   35.64263139,    4.86450055,     12.11840474,  -14.76365396,    9.79020731,   10.80632187,    -12.86904654], [  -69.24142255,   59.12338032,   16.59520967,   -7.25168974,    -20.49470666,   35.64263139,   93.24369225,   24.17741384,     12.76508239,   -4.16819002,   10.90348404,   11.9673095 ,      5.17562106], [ -163.08855823,  -50.41064671,  -33.9237647 ,  -18.69301405,    -10.43587627,    4.86450055,   24.17741384,   68.74838338,     21.65500539,    6.47821611,    3.45156504,    4.76690632,      5.54435367], [ -126.8728943 ,  -54.77457598,  -41.21026086,  -32.75934942,    -17.12024277,   12.11840474,   12.76508239,   21.65500539,     66.66848264,   10.50943488,    2.007106  ,    6.0631796 ,     -3.50210215], [ -132.75914777,  -40.77184626,  -10.1393563 ,    9.85233197,     23.32844414,  -14.76365396,   -4.16819002,    6.47821611,     10.50943488,   68.38118844,   11.83425247,    8.56371346,     17.9778924 ], [    3.72398367,   42.72962319,   32.52863821,    4.93158309,     -3.70156227,    9.79020731,   10.90348404,    3.45156504,      2.007106  ,   11.83425247,   55.92280368,   14.58727106,     -1.13339011], [  -54.04999679,  -27.2333767 ,   34.57296063,    3.42166282,      5.40759269,   10.80632187,   11.9673095 ,    4.76690632,      6.0631796 ,    8.56371346,   14.58727106,   56.49541633,     22.34737039], [ -203.46346472,  -33.24345313,  -19.49573702,   15.14517233,     21.73650833,  -12.86904654,    5.17562106,    5.54435367,     -3.50210215,   17.9778924 ,   -1.13339011,   22.34737039,     63.66829754]]
