/root/sim/music/out/globe/THE_GREATEST_HITS_-小室哲哉作品集_a-_[Disc_1]/08-FACES_PLACES(1).mp3; [-571.59607   ,  92.814865  ,  12.0079975 ,  24.032593  ,   5.589627  ,    2.8936946 ,  -0.51852864,  -1.6273911 ,   1.7623876 ,  -1.400693  ,   -4.9762826 ,  -2.698176  ,  -7.803004  ]; [[22291.00659542,  456.75677899, -871.97169804,  706.103863  ,    264.91229727,  399.83441729,   71.91936901,  298.7479572 ,    330.3586681 ,  478.83708402,   41.64862626,  357.12893513,    172.79815541], [  456.75677899,  669.67090822,  -62.80946979,   68.30687071,    -25.66177364,  -39.21280982,   -2.8686634 ,  -35.10039536,     17.91558711,   -4.36799552,  -11.22302216,    0.19690831,     -4.66902736], [ -871.97169804,  -62.80946979,  503.32963751,  -67.64489426,     66.55430321,  -66.55719329,  -24.06035777,  -13.27783614,    -27.9077532 ,  -52.27518783,    0.88356802,   -5.43460556,      9.13870085], [  706.103863  ,   68.30687071,  -67.64489426,  318.34416192,    104.00291546,  107.20590305,   21.90084929,   43.30247222,     40.75628662,   25.63592322,   37.83337293,   48.56554331,     38.45375827], [  264.91229727,  -25.66177364,   66.55430321,  104.00291546,    192.40441429,   68.14982045,   47.43488946,   32.10066177,     29.05584248,   16.66669493,   20.22627925,   35.45516257,     26.5648595 ], [  399.83441729,  -39.21280982,  -66.55719329,  107.20590305,     68.14982045,  219.46523292,   84.24589231,   63.18499773,     22.78034033,   30.09421059,   47.21544933,   36.25036478,     42.23790266], [   71.91936901,   -2.8686634 ,  -24.06035777,   21.90084929,     47.43488946,   84.24589231,  132.84253834,   54.10551455,     25.53942891,   10.97331803,   21.46361265,   21.24829184,     20.91186616], [  298.7479572 ,  -35.10039536,  -13.27783614,   43.30247222,     32.10066177,   63.18499773,   54.10551455,  127.90830122,     55.19995974,   36.4553243 ,   15.43525112,   24.84344309,     28.16043056], [  330.3586681 ,   17.91558711,  -27.9077532 ,   40.75628662,     29.05584248,   22.78034033,   25.53942891,   55.19995974,    119.76215668,   44.89888048,   15.88611366,    4.47510291,      7.25460115], [  478.83708402,   -4.36799552,  -52.27518783,   25.63592322,     16.66669493,   30.09421059,   10.97331803,   36.4553243 ,     44.89888048,  109.01776686,   31.80557779,   24.74714707,      6.75087316], [   41.64862626,  -11.22302216,    0.88356802,   37.83337293,     20.22627925,   47.21544933,   21.46361265,   15.43525112,     15.88611366,   31.80557779,   93.21623024,   42.01991533,     20.93696594], [  357.12893513,    0.19690831,   -5.43460556,   48.56554331,     35.45516257,   36.25036478,   21.24829184,   24.84344309,      4.47510291,   24.74714707,   42.01991533,  103.75909086,     44.17692421], [  172.79815541,   -4.66902736,    9.13870085,   38.45375827,     26.5648595 ,   42.23790266,   20.91186616,   28.16043056,      7.25460115,    6.75087316,   20.93696594,   44.17692421,     90.26097054]]
/root/sim/music/out/山崎まさよし/BLUE_PERIOD_[Disc_1]/05_アドレナリン.mp3; [-557.2426   , 139.7947   ,  -2.0167112,  22.964617 ,  11.288396 ,    6.199307 ,  -1.8726434,   4.4158516,  -0.9087985,  -2.9989645,   -1.978961 ,  -3.771878 ,  -2.2837138]; [[16070.14571916,  843.15888532, -672.91194563,  -27.06673807,     54.97057588,  131.47435422,  -51.17798101,   58.18098731,    -45.25313184,  -21.43540085,  -25.18170838,  -10.07096114,    -91.74774408], [  843.15888532, 1458.31124661, -212.08875466,   67.14915705,     34.29991869,  -37.66041986,   62.63680557,   89.19293098,     18.93185431,  -38.9514391 ,   49.73230747,  -29.79453443,     20.08407748], [ -672.91194563, -212.08875466,  692.05641733,  121.97644574,    -42.14964414,   28.66055711,  -27.08198738,   -1.25380234,     26.94315053,   29.05160399,  -34.35308326,   15.93210465,     29.4738887 ], [  -27.06673807,   67.14915705,  121.97644574,  334.78902724,    107.54645081,  -47.95372036,  -67.27113125,   -8.23439793,     28.43640209,   20.2373366 ,  -41.16246778,   13.80001881,     44.98585599], [   54.97057588,   34.29991869,  -42.14964414,  107.54645081,    201.09843309,    0.02189159,  -49.65503239,  -18.35105774,     22.19054161,   -3.18056659,   -8.75760184,   15.74189193,     18.0249534 ], [  131.47435422,  -37.66041986,   28.66055711,  -47.95372036,      0.02189159,  175.50319503,   31.60244191,  -12.95175226,    -10.42533597,  -19.64202183,    9.73602077,   17.06779608,    -17.01900016], [  -51.17798101,   62.63680557,  -27.08198738,  -67.27113125,    -49.65503239,   31.60244191,  145.13094039,   39.54540147,    -24.20636485,    4.31092365,   27.98606588,   -1.86691662,     -5.15305503], [   58.18098731,   89.19293098,   -1.25380234,   -8.23439793,    -18.35105774,  -12.95175226,   39.54540147,  110.49173699,     21.08915828,  -15.53187675,    9.49815392,    0.42978835,     14.57671803], [  -45.25313184,   18.93185431,   26.94315053,   28.43640209,     22.19054161,  -10.42533597,  -24.20636485,   21.08915828,     99.20153249,   11.84780771,  -12.95021998,    0.19093371,      8.89645151], [  -21.43540085,  -38.9514391 ,   29.05160399,   20.2373366 ,     -3.18056659,  -19.64202183,    4.31092365,  -15.53187675,     11.84780771,   99.22898506,   11.80776056,  -12.419034  ,    -10.15595639], [  -25.18170838,   49.73230747,  -34.35308326,  -41.16246778,     -8.75760184,    9.73602077,   27.98606588,    9.49815392,    -12.95021998,   11.80776056,   95.03496573,   14.84397975,    -14.45684057], [  -10.07096114,  -29.79453443,   15.93210465,   13.80001881,     15.74189193,   17.06779608,   -1.86691662,    0.42978835,      0.19093371,  -12.419034  ,   14.84397975,   72.8083738 ,     15.91098926], [  -91.74774408,   20.08407748,   29.4738887 ,   44.98585599,     18.0249534 ,  -17.01900016,   -5.15305503,   14.57671803,      8.89645151,  -10.15595639,  -14.45684057,   15.91098926,     74.53171788]]
/root/sim/music/out/山崎まさよし/BLUE_PERIOD_[Disc_1]/06_振り向かない.mp3; [-613.7708   , 132.98026  ,  12.14971  ,  21.316029 ,   7.851982 ,    3.1126413,   2.3328476,   2.7335851,  -4.377792 ,  -4.7259746,   -3.1750977,  -8.832619 ,  -6.7714305]; [[16736.32477844, -725.51990194, -930.38697661,  271.88269045,    312.85489245,   83.76512781,  186.31252022,   90.0106106 ,    -15.67473526,  152.750337  ,  334.06577649,  161.51403247,    226.10948342], [ -725.51990194, 2505.91993631,  -41.84954757, -322.82122366,   -130.05863051, -153.18692956,  -87.58473957,  118.09106496,    -29.3306697 , -100.36701175,  -61.68833477,  -91.86290351,     -1.47955791], [ -930.38697661,  -41.84954757,  911.34942101,  226.55266198,    -63.40808585,   61.6516209 ,   29.26729423,  -47.27055623,     44.52890052,    1.19125467,  -72.25979407,   45.84219204,     16.07189098], [  271.88269045, -322.82122366,  226.55266198,  594.62474278,    249.39478615,   69.48940555,  -25.5338332 ,  -24.46431713,     90.20508418,   61.80463075,  -26.21270367,   85.226578  ,     77.8854262 ], [  312.85489245, -130.05863051,  -63.40808585,  249.39478615,    374.9602512 ,   75.93105238,  -35.12782988,  -13.81040587,     43.11289965,   45.97730614,    8.24925291,   45.73092316,     43.09670513], [   83.76512781, -153.18692956,   61.6516209 ,   69.48940555,     75.93105238,  294.80955766,  133.68294883,    7.7312593 ,     -4.40975365,   39.8764364 ,   57.35980717,   45.78593873,     -3.98339354], [  186.31252022,  -87.58473957,   29.26729423,  -25.5338332 ,    -35.12782988,  133.68294883,  276.92218605,   59.76006397,    -19.83260623,   40.17206874,   79.69860494,   13.37680444,     -8.14457252], [   90.0106106 ,  118.09106496,  -47.27055623,  -24.46431713,    -13.81040587,    7.7312593 ,   59.76006397,  194.63833541,     52.45707938,   10.98013252,    7.94027505,   -5.23994183,     36.11937927], [  -15.67473526,  -29.3306697 ,   44.52890052,   90.20508418,     43.11289965,   -4.40975365,  -19.83260623,   52.45707938,    193.32571573,   41.81827206,  -14.31957203,   17.72399266,     23.25988603], [  152.750337  , -100.36701175,    1.19125467,   61.80463075,     45.97730614,   39.8764364 ,   40.17206874,   10.98013252,     41.81827206,  154.65568449,   53.48482536,   23.17853451,     12.7193176 ], [  334.06577649,  -61.68833477,  -72.25979407,  -26.21270367,      8.24925291,   57.35980717,   79.69860494,    7.94027505,    -14.31957203,   53.48482536,  177.44899443,   32.18961104,    -10.06004397], [  161.51403247,  -91.86290351,   45.84219204,   85.226578  ,     45.73092316,   45.78593873,   13.37680444,   -5.23994183,     17.72399266,   23.17853451,   32.18961104,  124.98767964,     50.99235213], [  226.10948342,   -1.47955791,   16.07189098,   77.8854262 ,     43.09670513,   -3.98339354,   -8.14457252,   36.11937927,     23.25988603,   12.7193176 ,  -10.06004397,   50.99235213,    154.77556375]]
/root/sim/music/out/山崎まさよし/BLUE_PERIOD_[Disc_1]/08_水のない水槽.mp3; [-600.57855  , 144.05109  ,  -4.9607034,  29.625885 ,  15.533982 ,    4.825764 ,   1.899584 ,   1.8302008,  -3.0796878,  -4.331868 ,   -6.009086 ,  -3.9393878,  -6.3571143]; [[17057.41025548,  -59.19339078,  -19.5319897 ,   35.39350153,     82.27047474,  -71.26177836,   49.88703642,  216.0580495 ,    165.71333752,  -48.32984306,  212.2586839 ,   96.20988235,    -72.54081884], [  -59.19339078, 1545.35174611, -389.61866759,   16.13557592,     33.37225088,  -29.97184676,   95.461648  ,  -42.1466082 ,      0.77742778,  -17.25578611,  -21.56144526,  -49.49723482,    -37.90177053], [  -19.5319897 , -389.61866759, 1199.34625026,  108.71913472,    -70.30292693,  202.40962616,   98.23917947,   33.46203998,     63.45991363,  125.81622948,   18.53316225,   16.22395214,     20.12030101], [   35.39350153,   16.13557592,  108.71913472,  414.32361475,     82.04491892,   24.64827699,    1.60532113,   38.32655906,     58.49639797,   54.65052917,  -70.60030945,   -7.62443845,     44.0546931 ], [   82.27047474,   33.37225088,  -70.30292693,   82.04491892,    235.81765351,  -39.72203461,  -36.35843142,   -1.49573637,     26.01302065,  -15.6214101 ,  -23.51282824,    6.37036005,     11.6525381 ], [  -71.26177836,  -29.97184676,  202.40962616,   24.64827699,    -39.72203461,  297.84421341,  129.93646253,   27.79941622,    -24.72393136,   39.35282355,   37.46479308,   30.6852098 ,     12.56165949], [   49.88703642,   95.461648  ,   98.23917947,    1.60532113,    -36.35843142,  129.93646253,  243.57856011,   47.68705974,     -7.65502066,   18.95016372,   39.33852371,   23.3369343 ,      4.5294144 ], [  216.0580495 ,  -42.1466082 ,   33.46203998,   38.32655906,     -1.49573637,   27.79941622,   47.68705974,  106.3421512 ,     25.29581053,   11.06762693,    6.47850004,    7.07470544,      3.91795922], [  165.71333752,    0.77742778,   63.45991363,   58.49639797,     26.01302065,  -24.72393136,   -7.65502066,   25.29581053,    109.63428169,   38.41484116,   -3.00284142,   -6.99271473,     16.65472943], [  -48.32984306,  -17.25578611,  125.81622948,   54.65052917,    -15.6214101 ,   39.35282355,   18.95016372,   11.06762693,     38.41484116,  108.11487891,   20.70405759,    3.3483037 ,      3.1264361 ], [  212.2586839 ,  -21.56144526,   18.53316225,  -70.60030945,    -23.51282824,   37.46479308,   39.33852371,    6.47850004,     -3.00284142,   20.70405759,  114.44974172,   33.18160315,    -14.86480844], [   96.20988235,  -49.49723482,   16.22395214,   -7.62443845,      6.37036005,   30.6852098 ,   23.3369343 ,    7.07470544,     -6.99271473,    3.3483037 ,   33.18160315,   77.31579186,     26.52229799], [  -72.54081884,  -37.90177053,   20.12030101,   44.0546931 ,     11.6525381 ,   12.56165949,    4.5294144 ,    3.91795922,     16.65472943,    3.1264361 ,  -14.86480844,   26.52229799,     84.9664679 ]]
/root/sim/music/out/山崎まさよし/BLUE_PERIOD_[Disc_1]/07_ガムシャラ_バタフライ.mp3; [-542.62964  , 128.77396  , -15.115884 ,  26.295696 ,   8.827725 ,    1.7918276,   4.190779 ,   1.5526294, -11.051245 ,  -6.0315666,   -5.426948 ,  -3.6696084,  -6.1411805]; [[17511.81841103,  469.97026331, -147.98130803,  546.00770439,    148.01922583,  227.68564857,   91.85959145,   84.66225686,   -266.55267604,   47.80015812,  -70.08797183,   97.67311992,    -65.26314636], [  469.97026331, 1291.61552161, -224.8227867 ,  142.16153848,    127.5173019 ,   17.06031051,  191.8166926 ,   86.90619773,     94.9542869 ,    8.01987214,   64.10501464,   10.92404764,     35.7454355 ], [ -147.98130803, -224.8227867 ,  576.82636641,  -12.51570095,    -81.07877619,   44.80888916,  -20.94770692,   -6.45677872,    -48.08408706,   -3.18116042,  -42.40865175,   13.48726994,    -11.72690248], [  546.00770439,  142.16153848,  -12.51570095,  359.04924295,    140.03885098,   73.95735622,   41.76017465,    5.58978466,     25.05595293,   45.10131687,  -14.86687748,   33.86697414,     45.70652123], [  148.01922583,  127.5173019 ,  -81.07877619,  140.03885098,    265.40142863,   59.63835896,   52.1509342 ,   12.29994811,     35.26303599,   27.5194145 ,   21.41612582,   18.32946297,     27.33910436], [  227.68564857,   17.06031051,   44.80888916,   73.95735622,     59.63835896,  208.84398172,   82.92416982,    6.62409249,    -22.25884794,   32.8386988 ,   16.07746527,   24.90996501,     13.29107708], [   91.85959145,  191.8166926 ,  -20.94770692,   41.76017465,     52.1509342 ,   82.92416982,  224.82198389,   52.79529094,      4.83910791,   30.30942612,   28.90490664,   25.56733804,     32.518195  ], [   84.66225686,   86.90619773,   -6.45677872,    5.58978466,     12.29994811,    6.62409249,   52.79529094,  117.60467585,     36.11670199,   -0.48176604,   10.6453348 ,    7.28055458,     12.08922613], [ -266.55267604,   94.9542869 ,  -48.08408706,   25.05595293,     35.26303599,  -22.25884794,    4.83910791,   36.11670199,    142.7074597 ,   41.97168284,   11.09067702,    9.54152635,     21.08782744], [   47.80015812,    8.01987214,   -3.18116042,   45.10131687,     27.5194145 ,   32.8386988 ,   30.30942612,   -0.48176604,     41.97168284,  101.41831408,   30.96299646,   10.80121216,     12.93947   ], [  -70.08797183,   64.10501464,  -42.40865175,  -14.86687748,     21.41612582,   16.07746527,   28.90490664,   10.6453348 ,     11.09067702,   30.96299646,   92.93766551,   19.24226959,     -5.47595035], [   97.67311992,   10.92404764,   13.48726994,   33.86697414,     18.32946297,   24.90996501,   25.56733804,    7.28055458,      9.54152635,   10.80121216,   19.24226959,   76.94541247,     34.02801019], [  -65.26314636,   35.7454355 ,  -11.72690248,   45.70652123,     27.33910436,   13.29107708,   32.518195  ,   12.08922613,     21.08782744,   12.93947   ,   -5.47595035,   34.02801019,     80.99444198]]
/root/sim/music/out/山崎まさよし/BLUE_PERIOD_[Disc_1]/01_月明かりに照らされて.mp3; [-526.3566   , 110.886375 ,  10.165575 ,  17.952465 ,  12.433462 ,    6.220162 ,   8.543484 ,   0.7562796,  -2.5276165,  -0.6253821,   -0.5764509,  -1.4037364,  -3.0738885]; [[12489.63612209,   68.33902587, -240.76232966,  -11.51821804,     66.40132519,  -93.95405002,  113.56905874,    1.62060249,    -38.18287689,   49.28638824,  -21.61800672,  -71.25690729,   -144.84184427], [   68.33902587,  953.22590749,  -63.7217165 ,  -38.74675538,    -34.6078614 ,  -31.34982786,   27.44558032,   21.98621152,    -22.88275203,  -36.75197823,   28.06670117,   15.06928352,     16.83762988], [ -240.76232966,  -63.7217165 ,  533.62260445,   44.14808037,    -54.73378119,   30.46474934,  -33.3528473 ,   21.39804754,     43.96752848,   -8.62473575,  -25.43166245,   -5.73161933,      1.02665802], [  -11.51821804,  -38.74675538,   44.14808037,  273.90664828,     85.05106492,    7.51958311,  -48.392615  ,    7.36092466,     46.17481649,   30.19972423,  -29.88708423,    6.00057744,     37.16546644], [   66.40132519,  -34.6078614 ,  -54.73378119,   85.05106492,    215.06338617,   37.28188746,  -17.47513155,    2.57700678,     37.78383504,   15.56944634,   11.02606349,   17.11817623,     12.84637391], [  -93.95405002,  -31.34982786,   30.46474934,    7.51958311,     37.28188746,  222.5615514 ,   72.85619836,    1.22892095,     -2.44183697,   34.41365929,   56.06380421,   38.54101106,      5.70380324], [  113.56905874,   27.44558032,  -33.3528473 ,  -48.392615  ,    -17.47513155,   72.85619836,  162.80216586,   49.79349482,    -21.19564001,   13.58612409,   45.51999179,   27.50639307,     -7.39359875], [    1.62060249,   21.98621152,   21.39804754,    7.36092466,      2.57700678,    1.22892095,   49.79349482,  108.36934036,     34.95924804,    3.37115929,    2.76987331,    6.6797532 ,      3.38806558], [  -38.18287689,  -22.88275203,   43.96752848,   46.17481649,     37.78383504,   -2.44183697,  -21.19564001,   34.95924804,    108.1979715 ,   32.62777701,  -13.85968796,  -16.62156962,     -0.50875522], [   49.28638824,  -36.75197823,   -8.62473575,   30.19972423,     15.56944634,   34.41365929,   13.58612409,    3.37115929,     32.62777701,   90.35400632,   30.62535787,   -9.52855934,     -9.4313585 ], [  -21.61800672,   28.06670117,  -25.43166245,  -29.88708423,     11.02606349,   56.06380421,   45.51999179,    2.76987331,    -13.85968796,   30.62535787,   94.83397149,   35.21272068,     -4.91669562], [  -71.25690729,   15.06928352,   -5.73161933,    6.00057744,     17.11817623,   38.54101106,   27.50639307,    6.6797532 ,    -16.62156962,   -9.52855934,   35.21272068,   92.72058554,     38.02517725], [ -144.84184427,   16.83762988,    1.02665802,   37.16546644,     12.84637391,    5.70380324,   -7.39359875,    3.38806558,     -0.50875522,   -9.4313585 ,   -4.91669562,   38.02517725,     86.2920657 ]]
/root/sim/music/out/山崎まさよし/BLUE_PERIOD_[Disc_1]/03_セロリ.mp3; [-601.4992   , 134.40486  ,  12.069141 ,  24.874641 ,  23.99566  ,    5.562608 ,   9.434402 ,   8.470008 ,   8.178607 ,   1.0901185,    2.2730463,   3.309269 ,  -0.7576697]; [[20825.5024726 , 2002.16373978,  250.21191488,  328.31647791,    523.43065214, -189.80122061,  286.57407376,  302.22501448,    287.36193002,   69.78861845,  123.38208849,  -17.71566263,   -104.58824335], [ 2002.16373978, 1414.01825228, -101.76034021,  129.60814058,     24.17084356,   10.69276171,   36.71413069,   51.21762897,     55.93507074,  -29.9819176 ,   36.69536619,   20.45207113,    -27.70544479], [  250.21191488, -101.76034021,  785.71250807,  148.40680912,     12.84915414,   -7.06295477,  -39.26750925,   56.81309884,     46.42158573,    5.026228  ,  -81.13359035,   -6.81550499,     33.07871458], [  328.31647791,  129.60814058,  148.40680912,  460.45299893,    120.03200978,  -22.00083865,  -51.69317901,   10.48261198,     37.29221813,   22.57602505,  -49.42846932,   36.14148358,     57.21184017], [  523.43065214,   24.17084356,   12.84915414,  120.03200978,    332.67512195,  -21.14210555,   -5.69649627,   16.56483418,     36.94555909,   -9.33116407,  -26.23593627,  -17.28426159,      9.89961929], [ -189.80122061,   10.69276171,   -7.06295477,  -22.00083865,    -21.14210555,  295.13439476,   63.95209808,  -23.14207868,    -29.43982275,   12.906004  ,   28.11220017,   22.62404901,    -25.95125292], [  286.57407376,   36.71413069,  -39.26750925,  -51.69317901,     -5.69649627,   63.95209808,  164.20624697,   35.96759477,    -25.0031113 ,   -9.08118346,   25.3496674 ,    7.88503498,     -7.55252044], [  302.22501448,   51.21762897,   56.81309884,   10.48261198,     16.56483418,  -23.14207868,   35.96759477,  123.78248007,     45.08806137,   -8.2050215 ,  -13.88034953,  -18.78069625,      0.77261545], [  287.36193002,   55.93507074,   46.42158573,   37.29221813,     36.94555909,  -29.43982275,  -25.0031113 ,   45.08806137,    126.84722688,   32.58470226,  -11.29190106,  -12.29245447,     -2.36997819], [   69.78861845,  -29.9819176 ,    5.026228  ,   22.57602505,     -9.33116407,   12.906004  ,   -9.08118346,   -8.2050215 ,     32.58470226,  100.21995945,   33.7664066 ,   -0.55946566,      0.90750711], [  123.38208849,   36.69536619,  -81.13359035,  -49.42846932,    -26.23593627,   28.11220017,   25.3496674 ,  -13.88034953,    -11.29190106,   33.7664066 ,  106.41918002,   23.96297622,    -17.46425266], [  -17.71566263,   20.45207113,   -6.81550499,   36.14148358,    -17.28426159,   22.62404901,    7.88503498,  -18.78069625,    -12.29245447,   -0.55946566,   23.96297622,   99.6704921 ,     30.89426805], [ -104.58824335,  -27.70544479,   33.07871458,   57.21184017,      9.89961929,  -25.95125292,   -7.55252044,    0.77261545,     -2.36997819,    0.90750711,  -17.46425266,   30.89426805,     88.59592015]]
/root/sim/music/out/山崎まさよし/BLUE_PERIOD_[Disc_1]/02_中華料理.mp3; [-577.9108    , 126.40591   ,  -0.5854905 ,  21.85329   ,  17.157337  ,    8.491247  ,  10.213747  ,   7.9432874 ,   0.6779477 ,   0.38744873,   -1.3900049 ,  -3.8351443 ,   0.05785763]; [[18990.87367305,  423.68431162, -886.78410175, -112.22079392,     75.29763457,  -48.0577067 ,  253.60774237,   79.0198567 ,     40.61314379,  152.65048466,  111.09373142,   67.63488692,     63.50438973], [  423.68431162, 1384.82972819, -123.98690549,   51.26619675,     44.79879622,   17.09134271,   10.49563634,  124.05856841,    -10.00361403,  -17.10246769,   24.91054886,  -24.08860993,     23.03468066], [ -886.78410175, -123.98690549,  547.85412532,  107.82853133,    -30.13685691,   66.3545069 ,  -66.37482238,  -43.68843193,     11.4725932 ,   -9.15737307,  -56.97575533,    6.03979751,     11.87112974], [ -112.22079392,   51.26619675,  107.82853133,  343.02132715,    143.21678705,  -34.06230511,  -63.47227912,  -14.3289176 ,     23.56821589,    3.82745618,  -39.26529706,   17.22371053,     60.05026821], [   75.29763457,   44.79879622,  -30.13685691,  143.21678705,    215.3329251 ,  -21.73174165,  -18.42721161,   -4.44834864,     25.91175791,    7.28512144,   -8.82506253,   14.34382046,     30.42852647], [  -48.0577067 ,   17.09134271,   66.3545069 ,  -34.06230511,    -21.73174165,  217.53591984,   52.12645964,  -10.66322225,      0.03604732,   11.65446659,   14.65555355,   17.8631095 ,    -18.82208534], [  253.60774237,   10.49563634,  -66.37482238,  -63.47227912,    -18.42721161,   52.12645964,  208.59719602,   44.31975347,      9.72081381,   12.02842429,   45.05079085,    3.68670226,    -24.1920588 ], [   79.0198567 ,  124.05856841,  -43.68843193,  -14.3289176 ,     -4.44834864,  -10.66322225,   44.31975347,  178.62674833,     26.35602225,   11.6801576 ,   21.19562125,  -13.68085725,     13.78742149], [   40.61314379,  -10.00361403,   11.4725932 ,   23.56821589,     25.91175791,    0.03604732,    9.72081381,   26.35602225,    121.04441093,   38.89593136,    5.63389328,   13.64573471,      0.16751018], [  152.65048466,  -17.10246769,   -9.15737307,    3.82745618,      7.28512144,   11.65446659,   12.02842429,   11.6801576 ,     38.89593136,  103.84421698,   21.0879497 ,   -2.58440154,      2.28273803], [  111.09373142,   24.91054886,  -56.97575533,  -39.26529706,     -8.82506253,   14.65555355,   45.05079085,   21.19562125,      5.63389328,   21.0879497 ,  116.65329986,   16.1768618 ,    -11.67511952], [   67.63488692,  -24.08860993,    6.03979751,   17.22371053,     14.34382046,   17.8631095 ,    3.68670226,  -13.68085725,     13.64573471,   -2.58440154,   16.1768618 ,   86.06193215,     20.05210229], [   63.50438973,   23.03468066,   11.87112974,   60.05026821,     30.42852647,  -18.82208534,  -24.1920588 ,   13.78742149,      0.16751018,    2.28273803,  -11.67511952,   20.05210229,     90.75517455]]
/root/sim/music/out/山崎まさよし/BLUE_PERIOD_[Disc_1]/04_One_more_time_One_more_chance.mp3; [-641.1885    , 142.83052   ,  21.074894  ,  26.513086  ,  14.192788  ,   -3.2333705 ,  -8.211804  ,   0.9523066 ,  -4.7533555 ,  -9.260078  ,   -9.186973  ,  -0.71425027,  -6.8104615 ]; [[21410.70725538, -988.08404665,-1991.18946117, -176.59415686,   -232.7856564 , -825.47270037, -494.47634105,  348.3276635 ,    393.54524254,  100.7068141 ,  -44.89880357,  477.26022708,     31.2739935 ], [ -988.08404665, 1937.39640574,  140.94623724,   21.1591151 ,     48.96255644,  142.61121552,  109.29305809,  -50.39508791,    -96.97575854,  -61.80982154,   32.14891059, -123.49743777,     -4.47781963], [-1991.18946117,  140.94623724,  993.28382127,   36.02785199,     -3.45653114,  240.10353786,  133.26140044,  -60.70812108,   -111.85319947,  -16.55010925,   15.77845341, -106.90598777,    -53.36816923], [ -176.59415686,   21.1591151 ,   36.02785199,  417.96931628,    194.40167797,   29.08774427,  -21.35465894,    0.23601412,      3.27565718,   -4.39366711,  -57.61877873,   23.57128768,     62.70742882], [ -232.7856564 ,   48.96255644,   -3.45653114,  194.40167797,    370.14521833,    4.60887429,  -49.59569399,    2.98435424,     15.92936707,  -38.44321588,  -70.96797074,   37.17657366,     23.41524427], [ -825.47270037,  142.61121552,  240.10353786,   29.08774427,      4.60887429,  334.27905068,  145.53307251,  -64.32538006,    -52.71153507,   18.73895307,   16.46054585,  -51.72722935,     -8.51415448], [ -494.47634105,  109.29305809,  133.26140044,  -21.35465894,    -49.59569399,  145.53307251,  229.25574463,    5.6088187 ,    -23.86819545,   20.9787174 ,   36.02470661,  -28.74444031,     -9.48793883], [  348.3276635 ,  -50.39508791,  -60.70812108,    0.23601412,      2.98435424,  -64.32538006,    5.6088187 ,  145.27301458,     41.10688545,    4.90006992,   15.43700156,   16.19319957,      9.61795351], [  393.54524254,  -96.97575854, -111.85319947,    3.27565718,     15.92936707,  -52.71153507,  -23.86819545,   41.10688545,    150.75214227,   37.96674629,   17.79223019,   30.04612713,     -2.70986495], [  100.7068141 ,  -61.80982154,  -16.55010925,   -4.39366711,    -38.44321588,   18.73895307,   20.9787174 ,    4.90006992,     37.96674629,  141.74762524,   39.84514156,    7.54003243,     12.24715294], [  -44.89880357,   32.14891059,   15.77845341,  -57.61877873,    -70.96797074,   16.46054585,   36.02470661,   15.43700156,     17.79223019,   39.84514156,  140.86764679,   11.18973648,    -21.35119763], [  477.26022708, -123.49743777, -106.90598777,   23.57128768,     37.17657366,  -51.72722935,  -28.74444031,   16.19319957,     30.04612713,    7.54003243,   11.18973648,  109.65979026,     24.36781487], [   31.2739935 ,   -4.47781963,  -53.36816923,   62.70742882,     23.41524427,   -8.51415448,   -9.48793883,    9.61795351,     -2.70986495,   12.24715294,  -21.35119763,   24.36781487,    124.10816612]]
/root/sim/music/out/山崎まさよし/BLUE_PERIOD_[Disc_1]/09_僕はここにいる.mp3; [-589.0464    , 144.26619   ,  -0.07429987,  25.134092  ,   8.949753  ,   -3.203513  ,  -0.18261676,   2.493902  ,  -4.4961724 ,  -2.514693  ,   -3.826751  ,  -6.402306  ,  -3.430909  ]; [[21672.94194868, -367.10274408, -786.06066331,  151.1738721 ,    -67.55046261,  415.73691885,  116.26604729,  228.65413033,    -11.38712379,  115.33764296,   83.6929749 ,  103.20460745,    -28.41742945], [ -367.10274408, 1806.12967524,  -52.2811591 ,   27.55556289,     17.14891308, -294.84624217,  -34.04208226,  -82.67894147,    -56.01259897,  -83.55277957,  -34.55894164, -101.41466638,    -40.67619374], [ -786.06066331,  -52.2811591 ,  532.45376248,  -29.85844755,     -0.00897627,   -3.41049422,   -5.53097813,  -17.19302747,      2.56262437,  -14.50059243,  -15.30346769,  -18.09748072,     -5.31409911], [  151.1738721 ,   27.55556289,  -29.85844755,  250.63292565,     84.67602298,   -2.55605634,  -48.16748478,    2.76395866,      5.00513856,   15.9810819 ,  -40.48313717,   13.26378679,     29.79050159], [  -67.55046261,   17.14891308,   -0.00897627,   84.67602298,    191.5171726 ,  -44.47592982,  -20.4296067 ,  -19.27737111,      6.31940624,    2.8358998 ,  -27.19889451,    2.11617285,     15.41883673], [  415.73691885, -294.84624217,   -3.41049422,   -2.55605634,    -44.47592982,  301.99076311,   46.79300527,   42.46843806,      7.64428985,   39.71250094,   47.94225107,   54.89876445,     -6.89841897], [  116.26604729,  -34.04208226,   -5.53097813,  -48.16748478,    -20.4296067 ,   46.79300527,  120.43795405,   25.7537474 ,     -4.67787315,    3.15539067,   21.67086019,   21.01942663,     -3.77365102], [  228.65413033,  -82.67894147,  -17.19302747,    2.76395866,    -19.27737111,   42.46843806,   25.7537474 ,   95.74973379,     20.07730673,   12.87663679,    0.92170897,   16.63256891,     11.19583013], [  -11.38712379,  -56.01259897,    2.56262437,    5.00513856,      6.31940624,    7.64428985,   -4.67787315,   20.07730673,     86.33368541,   21.02452221,    2.36380031,   -1.14738407,      8.63963038], [  115.33764296,  -83.55277957,  -14.50059243,   15.9810819 ,      2.8358998 ,   39.71250094,    3.15539067,   12.87663679,     21.02452221,   82.4642729 ,   16.54203025,    8.51025999,     -6.20513913], [   83.6929749 ,  -34.55894164,  -15.30346769,  -40.48313717,    -27.19889451,   47.94225107,   21.67086019,    0.92170897,      2.36380031,   16.54203025,   93.34281897,   13.65774332,    -18.57406203], [  103.20460745, -101.41466638,  -18.09748072,   13.26378679,      2.11617285,   54.89876445,   21.01942663,   16.63256891,     -1.14738407,    8.51025999,   13.65774332,   84.54389677,     18.92758097], [  -28.41742945,  -40.67619374,   -5.31409911,   29.79050159,     15.41883673,   -6.89841897,   -3.77365102,   11.19583013,      8.63963038,   -6.20513913,  -18.57406203,   18.92758097,     72.18682006]]
/root/sim/music/out/山崎まさよし/BLUE_PERIOD_[Disc_2]/09_8月のクリスマス.mp3; [-723.88464  , 180.7495   ,  -0.2906754,   5.5350575,   3.148286 ,  -19.70765  , -20.396578 ,  -5.1935644, -16.1911   , -11.059273 ,   -7.3747134,  -9.604758 ,  -5.6348968]; [[25340.4675097 ,-2460.03517949, -963.20192056,  673.73343498,    527.20238068, -418.29661527, -592.99049246,  412.96281789,   -468.04681102, -358.39635079, -433.30274465, -923.77452125,   -906.47143334], [-2460.03517949, 3023.83311529, -628.47921735, -289.97305578,   -125.9854076 , -116.21763242,   -5.86527749, -288.2237595 ,      3.49062397,  -13.39877147,   61.60648873,  156.76022932,    170.93691439], [ -963.20192056, -628.47921735,  985.33651853,   -9.37183536,    -68.71687179,  172.89219187,   69.16812244,   82.00220326,      7.29336094,  -17.9512265 ,   10.4303443 ,   26.07652065,    -13.83135422], [  673.73343498, -289.97305578,   -9.37183536,  420.9259165 ,    106.16272751,   22.38613332,  -16.53157831,   27.56667693,     14.45331513,   13.1636679 , -101.48637592,  -38.04494649,     -5.22029803], [  527.20238068, -125.9854076 ,  -68.71687179,  106.16272751,    301.70620235,  -55.99318014,  -61.06837801,   35.27492234,    -15.62577114,   -3.84176345,  -53.53800299,  -10.23970268,    -10.52265558], [ -418.29661527, -116.21763242,  172.89219187,   22.38613332,    -55.99318014,  252.41713806,   91.7749591 ,  -10.38847723,     17.54467445,   25.24404946,    8.9304587 ,   16.74686938,     -2.97122796], [ -592.99049246,   -5.86527749,   69.16812244,  -16.53157831,    -61.06837801,   91.7749591 ,  174.85487637,    3.17092854,     28.60076984,   24.58097402,   14.40801613,   25.64992661,      5.89267436], [  412.96281789, -288.2237595 ,   82.00220326,   27.56667693,     35.27492234,  -10.38847723,    3.17092854,  158.20010985,     -9.83798355,  -23.91750811,    7.97670539,  -32.93932634,    -29.70686865], [ -468.04681102,    3.49062397,    7.29336094,   14.45331513,    -15.62577114,   17.54467445,   28.60076984,   -9.83798355,    128.62122751,   18.58357273,    2.30477989,    7.30527739,     17.33132126], [ -358.39635079,  -13.39877147,  -17.9512265 ,   13.1636679 ,     -3.84176345,   25.24404946,   24.58097402,  -23.91750811,     18.58357273,  111.98603438,    9.22152969,   21.41213717,     12.63246035], [ -433.30274465,   61.60648873,   10.4303443 , -101.48637592,    -53.53800299,    8.9304587 ,   14.40801613,    7.97670539,      2.30477989,    9.22152969,  143.87574104,   34.76540388,     -5.62067432], [ -923.77452125,  156.76022932,   26.07652065,  -38.04494649,    -10.23970268,   16.74686938,   25.64992661,  -32.93932634,      7.30527739,   21.41213717,   34.76540388,  130.16464773,     50.42569289], [ -906.47143334,  170.93691439,  -13.83135422,   -5.22029803,    -10.52265558,   -2.97122796,    5.89267436,  -29.70686865,     17.33132126,   12.63246035,   -5.62067432,   50.42569289,    126.93842125]]
/root/sim/music/out/山崎まさよし/BLUE_PERIOD_[Disc_2]/05_心拍数.mp3; [-696.8163    , 118.22314   ,  35.53366   ,  26.679998  ,  18.018759  ,    6.753726  ,  -2.0148044 ,  11.8302765 ,   0.72128206,  -3.9612908 ,   -1.7782925 ,  -1.3168713 ,  -9.60669   ]; [[25381.41232145,-1509.09046459,-1068.71389813, -275.19153025,   -176.68280981,  186.73167008, -239.52969723, -233.35730297,   -143.18603306, -223.96083246,  -31.50525772, -160.35965727,   -582.15523506], [-1509.09046459, 2814.73055328,  124.10381471, -146.59851557,    -93.21980418,  -64.64013014,  -64.4278463 ,    3.42671361,    -31.96175167, -164.35845905,  -94.46902439,  -66.66368634,     85.03958779], [-1068.71389813,  124.10381471,  846.84831637,  146.84087584,    -60.61409766,   -2.72908608,   80.54748114,   64.63490177,    -26.40629161,   35.79237976,  -26.34736502,   44.57694594,     54.79035214], [ -275.19153025, -146.59851557,  146.84087584,  492.04640072,    174.29191516,  -38.26447239,  -72.39243507,   -3.23533969,     60.78523412,   31.60678609,  -61.03335519,   38.59437304,     42.53929541], [ -176.68280981,  -93.21980418,  -60.61409766,  174.29191516,    374.76245395,  -24.21164877,  -91.28683373,   -7.82911986,     38.92631406,   24.55181478,  -10.78355574,   16.62845806,     -2.09734302], [  186.73167008,  -64.64013014,   -2.72908608,  -38.26447239,    -24.21164877,  241.22170867,   83.69425143,  -34.45194714,      8.77492262,   55.4729201 ,   32.66550634,   32.03893764,      1.70016278], [ -239.52969723,  -64.4278463 ,   80.54748114,  -72.39243507,    -91.28683373,   83.69425143,  278.75350264,   61.13265794,    -44.79477162,   70.39126176,   77.62736325,   24.31211125,     29.3352388 ], [ -233.35730297,    3.42671361,   64.63490177,   -3.23533969,     -7.82911986,  -34.45194714,   61.13265794,  177.09911345,      8.64951378,    1.05895844,   26.11114892,   -2.32712112,      8.40922319], [ -143.18603306,  -31.96175167,  -26.40629161,   60.78523412,     38.92631406,    8.77492262,  -44.79477162,    8.64951378,    165.29738531,   34.88439434,   -8.89051889,   10.48684668,     -6.88996391], [ -223.96083246, -164.35845905,   35.79237976,   31.60678609,     24.55181478,   55.4729201 ,   70.39126176,    1.05895844,     34.88439434,  185.51202826,   40.19654908,   18.89127476,     10.78117157], [  -31.50525772,  -94.46902439,  -26.34736502,  -61.03335519,    -10.78355574,   32.66550634,   77.62736325,   26.11114892,     -8.89051889,   40.19654908,  167.99501912,   20.27828161,    -15.27648992], [ -160.35965727,  -66.66368634,   44.57694594,   38.59437304,     16.62845806,   32.03893764,   24.31211125,   -2.32712112,     10.48684668,   18.89127476,   20.27828161,  121.27894336,     32.39287601], [ -582.15523506,   85.03958779,   54.79035214,   42.53929541,     -2.09734302,    1.70016278,   29.3352388 ,    8.40922319,     -6.88996391,   10.78117157,  -15.27648992,   32.39287601,    150.40163821]]
/root/sim/music/out/山崎まさよし/BLUE_PERIOD_[Disc_2]/01_Passage.mp3; [-638.9187   , 159.0216   ,   5.3935046,  25.910435 ,   6.59866  ,    5.7843537,  -9.865958 ,  -5.321293 ,  -5.98079  ,  -6.481962 ,   -1.8110429,  -2.4256737,  -5.5532265]; [[16316.51626934,   47.16033361, -421.60620108,   51.60733055,   -199.57734232, -251.46325755, -200.60352517,  -99.24844668,    -91.92529645, -371.01332145, -136.29818686, -110.51305327,    -99.22651068], [   47.16033361, 2184.57323254, -146.8873084 ,   51.55682449,    -65.0434238 ,   22.23433767,    9.44529405,   91.69311725,     42.11595607,   34.59266925,   47.76363616,   36.21230256,    -13.62615686], [ -421.60620108, -146.8873084 ,  876.35823121,   39.68107384,     -1.90044019,  -11.03523867,   77.21108448,   10.17286222,    -10.02619095,   21.26368614,  -28.89325812,   45.62584121,     46.45465814], [   51.60733055,   51.55682449,   39.68107384,  425.84865219,     84.93641024,  -29.63560473,  -59.73986055,   16.00442774,     32.38183157,    8.5704462 ,  -39.50006452,   61.31878793,     58.41764891], [ -199.57734232,  -65.0434238 ,   -1.90044019,   84.93641024,    336.88728482,   39.72371172,  -35.36062265,    4.862368  ,     32.10562313,   47.55840633,   19.32570811,   -4.32716198,     29.97371024], [ -251.46325755,   22.23433767,  -11.03523867,  -29.63560473,     39.72371172,  261.72369769,   54.51086492,  -28.67017825,     -2.82115409,   65.31646149,   63.76885958,   20.12175094,    -18.1369892 ], [ -200.60352517,    9.44529405,   77.21108448,  -59.73986055,    -35.36062265,   54.51086492,  207.65214997,   44.44613719,    -13.30650528,    0.28579249,   23.11323058,   26.74025449,      0.12237101], [  -99.24844668,   91.69311725,   10.17286222,   16.00442774,      4.862368  ,  -28.67017825,   44.44613719,  173.45095657,     23.25936192,  -10.10208935,   16.92696826,    8.51169539,     46.86663548], [  -91.92529645,   42.11595607,  -10.02619095,   32.38183157,     32.10562313,   -2.82115409,  -13.30650528,   23.25936192,    146.60234765,   19.08222016,    3.16605185,    6.26926742,      8.88719352], [ -371.01332145,   34.59266925,   21.26368614,    8.5704462 ,     47.55840633,   65.31646149,    0.28579249,  -10.10208935,     19.08222016,  174.37900323,   54.58542861,  -12.29172379,     -0.10723798], [ -136.29818686,   47.76363616,  -28.89325812,  -39.50006452,     19.32570811,   63.76885958,   23.11323058,   16.92696826,      3.16605185,   54.58542861,  128.11871666,    5.39113131,    -15.92002483], [ -110.51305327,   36.21230256,   45.62584121,   61.31878793,     -4.32716198,   20.12175094,   26.74025449,    8.51169539,      6.26926742,  -12.29172379,    5.39113131,  115.53377921,     21.95655708], [  -99.22651068,  -13.62615686,   46.45465814,   58.41764891,     29.97371024,  -18.1369892 ,    0.12237101,   46.86663548,      8.88719352,   -0.10723798,  -15.92002483,   21.95655708,    130.15251842]]
