/root/sim/music/out/いとうかなこ/RASTER/10_楽園のホログラム.mp3; [-581.4407   , 148.4284   ,  -9.043169 ,  15.476558 ,   2.1020358,   -7.473438 ,   1.7423968,  -3.6067817,  -9.0050535,  -3.8827236,  -10.463407 ,  -2.6135724,  -5.9376054]; [[15668.12317852, -245.33696832, -668.85299777,  877.21353369,    126.61540217,  461.29489226,  618.70407597,   92.83871363,    113.4533071 ,  224.00156154,   96.65478844,  159.26830945,     19.69272789], [ -245.33696832, 1674.86249913, -125.34980929,  -68.65451586,     60.97350187,  -92.89533299,   16.64706426,   24.61531975,    -39.39053324,   28.24525286,  -55.64948076,  -20.00031307,    -47.9386544 ], [ -668.85299777, -125.34980929, 1049.5986018 ,  -22.70002492,    121.60425185,   -9.00456102, -129.98892513,   71.54019067,     -0.25479663,   23.29408431,   82.70690369,    5.75554715,     13.51942276], [  877.21353369,  -68.65451586,  -22.70002492,  467.44868802,     58.14882075,    3.57047828,   44.87876267,   46.55832064,     70.96678287,   28.23088091,   40.36000054,   58.16015491,      0.08741905], [  126.61540217,   60.97350187,  121.60425185,   58.14882075,    205.3490812 ,   -6.70533879,  -17.57289917,   61.64421762,     33.83853927,   18.42879788,   14.79484891,   13.87466752,     10.87760262], [  461.29489226,  -92.89533299,   -9.00456102,    3.57047828,     -6.70533879,  314.67537794,  107.42728345,    5.51108396,     30.09431596,   53.98569353,   48.72995409,    7.97208455,     38.32506873], [  618.70407597,   16.64706426, -129.98892513,   44.87876267,    -17.57289917,  107.42728345,  224.42073242,   25.57267831,    -11.15697074,   41.81336382,   23.32937506,   30.29625648,     17.2185783 ], [   92.83871363,   24.61531975,   71.54019067,   46.55832064,     61.64421762,    5.51108396,   25.57267831,  142.76940644,     39.86840383,   14.32343488,   23.09798661,    7.97711987,     25.32969282], [  113.4533071 ,  -39.39053324,   -0.25479663,   70.96678287,     33.83853927,   30.09431596,  -11.15697074,   39.86840383,    143.74474045,   28.94478432,   13.47762992,   17.43631273,     14.35803119], [  224.00156154,   28.24525286,   23.29408431,   28.23088091,     18.42879788,   53.98569353,   41.81336382,   14.32343488,     28.94478432,  103.06053018,   36.55208809,   16.40190548,     13.99623525], [   96.65478844,  -55.64948076,   82.70690369,   40.36000054,     14.79484891,   48.72995409,   23.32937506,   23.09798661,     13.47762992,   36.55208809,  112.66071176,   29.14136358,     19.12176785], [  159.26830945,  -20.00031307,    5.75554715,   58.16015491,     13.87466752,    7.97208455,   30.29625648,    7.97711987,     17.43631273,   16.40190548,   29.14136358,   93.50764372,     17.793682  ], [   19.69272789,  -47.9386544 ,   13.51942276,    0.08741905,     10.87760262,   38.32506873,   17.2185783 ,   25.32969282,     14.35803119,   13.99623525,   19.12176785,   17.793682  ,     86.39371047]]
/root/sim/music/out/いとうかなこ/RASTER/08_非線形ジェニアック.mp3; [-512.6331   ,  99.09956  ,  -1.9658355,  16.938736 ,  12.400253 ,    5.046365 ,   7.9242926,   7.816653 ,   6.561499 ,   1.0083394,    0.5248643,   3.7208264,   1.6396562]; [[14614.09869517,  593.53474177, -340.50193579,   78.40101958,     22.15389281,  -16.22187248,   98.14942521,  105.3140231 ,    100.83445479,  -15.80572503,   49.67456846,   99.81939353,     77.99281938], [  593.53474177,  802.35836333,  -85.43957216,   53.9099369 ,     28.00184173,   58.86486925,   29.63803069,   17.72710821,     14.7548735 ,   25.32032103,   -4.66711162,  -27.78579445,    -17.94217177], [ -340.50193579,  -85.43957216,  431.89923466,   47.15400532,     23.33884023,   -4.46808372,   -6.19111227,   -6.61748785,    -11.38133306,   -2.01130199,   -9.38571258,   -3.89999838,     -8.71535592], [   78.40101958,   53.9099369 ,   47.15400532,  244.67662072,     50.64312792,  -28.4158184 ,  -37.42139276,   31.67588693,     17.47558101,   -6.2898852 ,   10.16048513,   25.50372242,      7.591268  ], [   22.15389281,   28.00184173,   23.33884023,   50.64312792,    145.53077223,   22.11341995,    4.77373872,   10.97323654,     14.14788904,   -1.11001265,   -1.41957748,    3.0347419 ,     -2.93381373], [  -16.22187248,   58.86486925,   -4.46808372,  -28.4158184 ,     22.11341995,  207.44048583,   58.94684208,    4.39096204,     12.78570754,   37.82914529,   19.26362978,  -10.08187253,      1.97049648], [   98.14942521,   29.63803069,   -6.19111227,  -37.42139276,      4.77373872,   58.94684208,  113.57260494,   30.11788123,      3.6062311 ,   14.41417798,   14.79210324,    6.51408765,      7.40210277], [  105.3140231 ,   17.72710821,   -6.61748785,   31.67588693,     10.97323654,    4.39096204,   30.11788123,  106.42517557,     50.25969824,    5.50516542,    6.48878424,   12.26581285,      9.75360769], [  100.83445479,   14.7548735 ,  -11.38133306,   17.47558101,     14.14788904,   12.78570754,    3.6062311 ,   50.25969824,     89.36206787,   31.39982503,    7.34659773,    0.49365202,      5.57100423], [  -15.80572503,   25.32032103,   -2.01130199,   -6.2898852 ,     -1.11001265,   37.82914529,   14.41417798,    5.50516542,     31.39982503,   88.22157561,   33.76046653,    1.42460317,     -1.36322571], [   49.67456846,   -4.66711162,   -9.38571258,   10.16048513,     -1.41957748,   19.26362978,   14.79210324,    6.48878424,      7.34659773,   33.76046653,   70.64195093,   36.91365055,      9.23854127], [   99.81939353,  -27.78579445,   -3.89999838,   25.50372242,      3.0347419 ,  -10.08187253,    6.51408765,   12.26581285,      0.49365202,    1.42460317,   36.91365055,   80.42295353,     33.37458156], [   77.99281938,  -17.94217177,   -8.71535592,    7.591268  ,     -2.93381373,    1.97049648,    7.40210277,    9.75360769,      5.57100423,   -1.36322571,    9.23854127,   33.37458156,     62.43445319]]
/root/sim/music/out/いとうかなこ/RASTER/11_Geometric_space.mp3; [-579.0125   , 110.388695 ,   6.789867 ,  23.818192 ,   1.3628099,   -3.3402643,   2.3619778,   3.5830927,  -4.3403387,   1.7545707,   -5.271018 ,   0.4250784,  -5.7295976]; [[34333.4789947 ,-1399.69231125, -986.55966094, 2499.08534717,   1304.47819947,  739.26778335,  589.95407689,  566.85339247,    291.69492189,  480.61132212,  148.32848345,  437.17209252,     13.46321259], [-1399.69231125, 1869.88558203,  311.95215685, -176.84910817,   -124.13676858,  -13.91171891,   46.86794035,   -5.28903564,    -65.07166743,  -61.89184875,  -22.17299569,  -58.07450839,    -61.7370653 ], [ -986.55966094,  311.95215685,  777.55539317, -166.35665073,   -118.93193104,   -8.80122463,  -21.5349502 ,  -23.38700575,    -45.56564796,  -80.16686769,   -3.78795106,  -35.16141772,     10.32264617], [ 2499.08534717, -176.84910817, -166.35665073,  562.92608523,    221.24795474,   98.82193523,   81.90988268,  112.49130283,     94.91434279,   81.86720288,   56.02005507,   75.69520028,      5.40577156], [ 1304.47819947, -124.13676858, -118.93193104,  221.24795474,    250.75249589,   54.76184951,   54.25458603,   52.25073872,     56.19337824,   53.87953835,   28.77763533,   44.42756143,     20.02989033], [  739.26778335,  -13.91171891,   -8.80122463,   98.82193523,     54.76184951,  224.67385132,   77.78964844,   43.03533278,     26.50835696,   26.77737479,   29.72191183,    1.87251899,     12.86947731], [  589.95407689,   46.86794035,  -21.5349502 ,   81.90988268,     54.25458603,   77.78964844,  164.49777432,   76.04238896,     16.45406834,   14.74080011,   19.0663062 ,   31.59843183,     14.16292494], [  566.85339247,   -5.28903564,  -23.38700575,  112.49130283,     52.25073872,   43.03533278,   76.04238896,  138.22685334,     75.52334243,   22.09922533,   19.30481475,   22.64176425,     25.21827177], [  291.69492189,  -65.07166743,  -45.56564796,   94.91434279,     56.19337824,   26.50835696,   16.45406834,   75.52334243,    148.50161877,   67.6539501 ,   23.80003788,   18.57306859,     22.32094963], [  480.61132212,  -61.89184875,  -80.16686769,   81.86720288,     53.87953835,   26.77737479,   14.74080011,   22.09922533,     67.6539501 ,  123.75414469,   64.15802411,   17.96555688,     -2.85960677], [  148.32848345,  -22.17299569,   -3.78795106,   56.02005507,     28.77763533,   29.72191183,   19.0663062 ,   19.30481475,     23.80003788,   64.15802411,  121.2387586 ,   48.22765907,      9.63226526], [  437.17209252,  -58.07450839,  -35.16141772,   75.69520028,     44.42756143,    1.87251899,   31.59843183,   22.64176425,     18.57306859,   17.96555688,   48.22765907,  100.0467552 ,     36.20481403], [   13.46321259,  -61.7370653 ,   10.32264617,    5.40577156,     20.02989033,   12.86947731,   14.16292494,   25.21827177,     22.32094963,   -2.85960677,    9.63226526,   36.20481403,     81.22520429]]
/root/sim/music/out/いとうかなこ/RASTER/12_空の下の相関図.mp3; [-569.62775   , 129.12698   ,   0.39892536,   8.094327  ,   4.8023562 ,   -3.6241047 ,   1.8716313 ,  -0.8670771 ,  -2.2180586 ,  -3.189048  ,   -4.769161  ,  -0.7054638 ,   0.22431731]; [[18898.20938428, -380.08879776,  203.87700248,  852.59657632,    583.91323673,  336.42482398,  192.15899019,  489.34960048,    366.32225904,  350.68106812,   44.60480588,  293.55862635,    208.68689026], [ -380.08879776, 1255.42414619, -161.40006595, -215.24212215,    -64.91610648,  -45.35951122,   88.48734484,  -83.15452747,    -63.5584218 ,  -50.49374721,   -9.58812828,  -70.70486361,    -41.93037689], [  203.87700248, -161.40006595,  576.14173599,   78.36696358,     63.72425165,   22.42316732,  -50.30871354,   13.31527121,     16.73063518,   -4.81190507,   28.70457674,   13.88925751,      6.21596277], [  852.59657632, -215.24212215,   78.36696358,  373.56560085,    107.34961254,   22.68877624,  -56.13743725,   76.8537111 ,     61.12778193,   18.06548135,   15.38923464,   64.99138312,     18.62339596], [  583.91323673,  -64.91610648,   63.72425165,  107.34961254,    192.74570036,   -1.57254908,    0.42302185,   36.59657021,     40.98515167,   26.19566429,    8.99339352,   38.40586753,     18.11682555], [  336.42482398,  -45.35951122,   22.42316732,   22.68877624,     -1.57254908,  269.89362493,   31.09107631,   50.88646809,     31.75243411,   52.91552297,   40.34931201,    5.1273371 ,     20.1826149 ], [  192.15899019,   88.48734484,  -50.30871354,  -56.13743725,      0.42302185,   31.09107631,  176.48072006,   17.61963579,     -8.15863344,   25.54459883,    2.05031777,    4.69627336,     17.27628235], [  489.34960048,  -83.15452747,   13.31527121,   76.8537111 ,     36.59657021,   50.88646809,   17.61963579,  133.94384534,     56.5204807 ,   33.23347931,   17.15460414,   27.13640968,     21.27539945], [  366.32225904,  -63.5584218 ,   16.73063518,   61.12778193,     40.98515167,   31.75243411,   -8.15863344,   56.5204807 ,    119.21357097,   37.65443861,   13.29796831,   14.73315822,     10.83450415], [  350.68106812,  -50.49374721,   -4.81190507,   18.06548135,     26.19566429,   52.91552297,   25.54459883,   33.23347931,     37.65443861,  107.0512373 ,   32.06590206,   15.15200527,     13.20584534], [   44.60480588,   -9.58812828,   28.70457674,   15.38923464,      8.99339352,   40.34931201,    2.05031777,   17.15460414,     13.29796831,   32.06590206,   93.63554287,   25.62867523,     17.40911798], [  293.55862635,  -70.70486361,   13.88925751,   64.99138312,     38.40586753,    5.1273371 ,    4.69627336,   27.13640968,     14.73315822,   15.15200527,   25.62867523,   95.84003405,     36.55926675], [  208.68689026,  -41.93037689,    6.21596277,   18.62339596,     18.11682555,   20.1826149 ,   17.27628235,   21.27539945,     10.83450415,   13.20584534,   17.40911798,   36.55926675,     93.89514228]]
/root/sim/music/out/いとうかなこ/RASTER/04_掟つしらつゆ.mp3; [-548.87115   , 116.1271    ,  -8.475392  ,  17.417887  ,   3.0951848 ,   -4.2351513 ,  -2.4819694 ,   0.36503425,  -0.9801373 ,   0.7290606 ,   -4.935476  ,  -1.5453326 ,  -3.3403306 ]; [[21243.0060734 ,-1088.93334698, -567.90887763, 1896.30451118,    669.19893515,  727.20304233,  733.43542612,  500.99662085,    479.84210814,  333.30210068,  252.92899479,  358.94119276,    153.5858577 ], [-1088.93334698, 1473.25919472, -194.71964495,   47.81148017,      6.27761628,    5.14195637,  -61.75576295,  -25.42262946,    -50.29124876,   -1.30032449,  -20.17426342,  -59.25063896,      2.28182038], [ -567.90887763, -194.71964495,  673.62010613, -201.9312183 ,     60.65151747,  -23.24774998,  -78.07594178,  -52.32209779,    -19.85576681,  -21.59625518,    2.26869967,  -23.36356944,     -7.81600955], [ 1896.30451118,   47.81148017, -201.9312183 ,  668.34341156,    167.60992036,  147.46946432,  128.16627399,  106.38308601,    110.52252423,   67.34567438,   84.86813505,   67.32472637,     49.34165907], [  669.19893515,    6.27761628,   60.65151747,  167.60992036,    228.50238125,   92.11086501,   47.8097621 ,   33.71675531,     37.24980094,   28.80072227,   37.85125118,   18.78770426,     20.31562423], [  727.20304233,    5.14195637,  -23.24774998,  147.46946432,     92.11086501,  250.86250457,   93.65801749,   55.02125374,     50.62910117,   36.93120357,   50.43504478,   18.1898647 ,     23.98353546], [  733.43542612,  -61.75576295,  -78.07594178,  128.16627399,     47.8097621 ,   93.65801749,  159.52723939,   66.2080631 ,     44.54602331,   34.6872621 ,   25.85618898,   22.9784454 ,     15.07843717], [  500.99662085,  -25.42262946,  -52.32209779,  106.38308601,     33.71675531,   55.02125374,   66.2080631 ,  115.07044072,     49.84703052,   29.32739022,   13.66020186,    7.6241535 ,     15.12702271], [  479.84210814,  -50.29124876,  -19.85576681,  110.52252423,     37.24980094,   50.62910117,   44.54602331,   49.84703052,    102.37724342,   42.3750435 ,   27.62320664,   20.13327245,      9.72104535], [  333.30210068,   -1.30032449,  -21.59625518,   67.34567438,     28.80072227,   36.93120357,   34.6872621 ,   29.32739022,     42.3750435 ,   84.56985185,   29.98494158,   16.23075262,      5.29346244], [  252.92899479,  -20.17426342,    2.26869967,   84.86813505,     37.85125118,   50.43504478,   25.85618898,   13.66020186,     27.62320664,   29.98494158,   89.0644503 ,   30.05109334,     17.83450406], [  358.94119276,  -59.25063896,  -23.36356944,   67.32472637,     18.78770426,   18.1898647 ,   22.9784454 ,    7.6241535 ,     20.13327245,   16.23075262,   30.05109334,   83.13376465,     24.70215651], [  153.5858577 ,    2.28182038,   -7.81600955,   49.34165907,     20.31562423,   23.98353546,   15.07843717,   15.12702271,      9.72104535,    5.29346244,   17.83450406,   24.70215651,     58.8477295 ]]
/root/sim/music/out/いとうかなこ/RASTER/03_resolution.mp3; [-553.14453   , 116.16029   ,   0.52195704,  18.274231  ,   0.82219154,   -0.9501087 ,   4.1439657 ,  -5.007959  ,  -6.167344  ,  -1.9034997 ,   -6.187014  ,  -1.0827074 ,  -7.372368  ]; [[22658.37880571,-1794.29134013,-1285.51663684,  855.42378603,    565.15200462,  321.29028298,  585.62315268,  362.3107949 ,    526.52528344,  741.75655866,  393.66224045,  130.47040961,    -14.2512989 ], [-1794.29134013, 1496.33668706,   89.41041331, -119.37973179,    -64.55594519,   62.23393006,  -26.41174032,  -35.86076079,    -72.58723305,  -95.47385591,  -37.29271324,  -58.39864898,    -31.17472674], [-1285.51663684,   89.41041331,  819.02352609,   65.3493756 ,     47.72359466,  -39.81084843,  -38.70846309,   97.95434836,     -1.73490328,  -73.30090643,   33.22251814,   21.72841348,     59.22508263], [  855.42378603, -119.37973179,   65.3493756 ,  378.19315727,    130.38460204,  -20.21105538,   19.91351583,   65.33191574,     64.22477359,   39.34381587,   54.27009734,   35.62985053,     14.70092321], [  565.15200462,  -64.55594519,   47.72359466,  130.38460204,    233.50345409,   56.16332591,   17.49415393,   81.45455839,     63.4033293 ,   47.37852887,   64.38891376,    6.65827608,     23.24986961], [  321.29028298,   62.23393006,  -39.81084843,  -20.21105538,     56.16332591,  247.82625125,   91.41298901,    9.2843128 ,     45.36267957,   60.961977  ,   48.0880739 ,  -20.42506925,     11.38228925], [  585.62315268,  -26.41174032,  -38.70846309,   19.91351583,     17.49415393,   91.41298901,  184.50922404,   48.68613677,     26.9064284 ,   63.89927019,   26.59224169,   13.91888946,     18.43034736], [  362.3107949 ,  -35.86076079,   97.95434836,   65.33191574,     81.45455839,    9.2843128 ,   48.68613677,  163.53804906,     69.08592666,   28.8061088 ,   47.08078987,   16.72958943,     40.33375645], [  526.52528344,  -72.58723305,   -1.73490328,   64.22477359,     63.4033293 ,   45.36267957,   26.9064284 ,   69.08592666,    142.58220811,   72.58234497,   48.22505941,    7.86640722,     23.65857131], [  741.75655866,  -95.47385591,  -73.30090643,   39.34381587,     47.37852887,   60.961977  ,   63.89927019,   28.8061088 ,     72.58234497,  143.48360127,   59.6181468 ,    9.32117894,     11.49685488], [  393.66224045,  -37.29271324,   33.22251814,   54.27009734,     64.38891376,   48.0880739 ,   26.59224169,   47.08078987,     48.22505941,   59.6181468 ,  126.98744948,   24.94885382,     20.22973952], [  130.47040961,  -58.39864898,   21.72841348,   35.62985053,      6.65827608,  -20.42506925,   13.91888946,   16.72958943,      7.86640722,    9.32117894,   24.94885382,   95.23239515,     36.18091634], [  -14.2512989 ,  -31.17472674,   59.22508263,   14.70092321,     23.24986961,   11.38228925,   18.43034736,   40.33375645,     23.65857131,   11.49685488,   20.22973952,   36.18091634,     87.71202258]]
/root/sim/music/out/いとうかなこ/RASTER/07_キズナの結晶.mp3; [-493.7521    , 102.80709   ,  -6.0146494 ,  23.742624  ,  11.834957  ,    3.180061  ,   7.625125  ,   6.9628263 ,   5.909972  ,   6.703674  ,   -1.7387938 ,  -0.34104374,  -3.6010535 ]; [[11690.15021611,  791.90575153, -300.53747341,  423.60408474,    211.24007851,  213.39578713,  176.26671831,  137.70415838,    202.32138496,  191.48579504,   65.73853125,  109.48818082,     48.66696267], [  791.90575153,  809.75383761, -104.72475352,   82.82425271,     42.53490398,   14.92376127,   90.14539033,   31.06189092,     14.17629678,    9.53896685,   -8.7909148 ,  -11.20525633,    -11.04856763], [ -300.53747341, -104.72475352,  442.09731526,   28.21446334,     30.41139116,  -40.40074448,  -45.34095733,   16.12150744,    -22.19839523,  -10.75347337,   22.43761535,   -6.18384233,    -15.12929705], [  423.60408474,   82.82425271,   28.21446334,  264.76776716,     47.24067799,   -7.53578351,  -11.403001  ,   31.97868067,     57.84464175,   24.00223313,   22.20393774,   30.34315785,      5.39014222], [  211.24007851,   42.53490398,   30.41139116,   47.24067799,    114.68780141,   25.33834149,    9.90407498,    7.19590813,     15.74541693,   21.6116369 ,    8.74363304,    9.29628662,     11.39726543], [  213.39578713,   14.92376127,  -40.40074448,   -7.53578351,     25.33834149,  163.69556196,   58.61462527,    8.48868345,     11.58910486,   24.95719211,   19.39363228,    1.59284968,     13.35416109], [  176.26671831,   90.14539033,  -45.34095733,  -11.403001  ,      9.90407498,   58.61462527,  107.80521074,   29.03467542,      4.88459977,   12.93883369,   12.4066148 ,   13.87235025,      9.12399384], [  137.70415838,   31.06189092,   16.12150744,   31.97868067,      7.19590813,    8.48868345,   29.03467542,   95.14709738,     35.69067978,    4.33598668,    1.19953049,    4.37634969,     12.22431366], [  202.32138496,   14.17629678,  -22.19839523,   57.84464175,     15.74541693,   11.58910486,    4.88459977,   35.69067978,     85.73588084,   33.2944132 ,    0.15187814,    7.92882163,      8.16248169], [  191.48579504,    9.53896685,  -10.75347337,   24.00223313,     21.6116369 ,   24.95719211,   12.93883369,    4.33598668,     33.2944132 ,   72.64191515,   25.80001255,   11.49465085,      5.92372294], [   65.73853125,   -8.7909148 ,   22.43761535,   22.20393774,      8.74363304,   19.39363228,   12.4066148 ,    1.19953049,      0.15187814,   25.80001255,   59.81284548,   29.15659319,      7.70522275], [  109.48818082,  -11.20525633,   -6.18384233,   30.34315785,      9.29628662,    1.59284968,   13.87235025,    4.37634969,      7.92882163,   11.49465085,   29.15659319,   63.04360145,     24.21266897], [   48.66696267,  -11.04856763,  -15.12929705,    5.39014222,     11.39726543,   13.35416109,    9.12399384,   12.22431366,      8.16248169,    5.92372294,    7.70522275,   24.21266897,     51.51043803]]
/root/sim/music/out/いとうかなこ/RASTER/01_あなたの選んだこの時を.mp3; [-496.468    , 100.6853   ,  -4.397608 ,  11.55207  ,   8.062123 ,    3.4495692,   5.3284817,   7.382725 ,  10.327259 ,   7.2430906,    4.949046 ,   3.6363862,   1.97773  ]; [[13568.16607408,  419.07369939,  402.82407366,  288.17656121,    411.57943461,  259.53700055,  237.74234084,  186.30678623,    340.34893205,  225.5766375 ,  138.39716947,   23.9688356 ,     88.20386571], [  419.07369939,  827.61722731, -170.26492826,  -29.72598298,    -21.48788299,  -30.36338009,   42.62682225,   32.20748517,     24.08304622,   -0.39408464,  -28.68603539,    4.1351988 ,      5.62265141], [  402.82407366, -170.26492826,  477.04230589,   74.83511075,     85.53498547,   -5.65603021,  -21.09351836,   -7.66312789,     -4.25178165,   -0.98563897,   10.56177948,   -2.86452742,     -8.06638234], [  288.17656121,  -29.72598298,   74.83511075,  211.80001987,     88.84383124,    4.38658351,   -5.4394316 ,   15.61045111,     24.44076489,   17.99438951,   19.18209105,   11.68475205,      2.78242421], [  411.57943461,  -21.48788299,   85.53498547,   88.84383124,    186.17272847,   43.9215577 ,   25.5678439 ,   18.56192758,     33.82856387,   25.69681543,   17.14825906,    6.89981618,      7.69824903], [  259.53700055,  -30.36338009,   -5.65603021,    4.38658351,     43.9215577 ,  177.23824981,   62.25006607,   28.88942676,     23.64853967,   31.92726641,   25.16923181,    1.19222526,     13.65969144], [  237.74234084,   42.62682225,  -21.09351836,   -5.4394316 ,     25.5678439 ,   62.25006607,  117.34258659,   48.88151155,     29.35128677,   13.81179562,   11.42681882,    7.32796467,     16.95907067], [  186.30678623,   32.20748517,   -7.66312789,   15.61045111,     18.56192758,   28.88942676,   48.88151155,   92.94535092,     51.41631254,   21.73969628,    8.51846888,    7.69226819,     12.10467631], [  340.34893205,   24.08304622,   -4.25178165,   24.44076489,     33.82856387,   23.64853967,   29.35128677,   51.41631254,    102.03669541,   46.12484488,   17.92474793,    4.27951857,     10.35198856], [  225.5766375 ,   -0.39408464,   -0.98563897,   17.99438951,     25.69681543,   31.92726641,   13.81179562,   21.73969628,     46.12484488,   84.29779742,   40.26653788,   10.56295133,      4.31137187], [  138.39716947,  -28.68603539,   10.56177948,   19.18209105,     17.14825906,   25.16923181,   11.42681882,    8.51846888,     17.92474793,   40.26653788,   76.34769552,   29.06176247,      7.83693136], [   23.9688356 ,    4.1351988 ,   -2.86452742,   11.68475205,      6.89981618,    1.19222526,    7.32796467,    7.69226819,      4.27951857,   10.56295133,   29.06176247,   65.38857615,     29.6668326 ], [   88.20386571,    5.62265141,   -8.06638234,    2.78242421,      7.69824903,   13.65969144,   16.95907067,   12.10467631,     10.35198856,    4.31137187,    7.83693136,   29.6668326 ,     61.96008482]]
/root/sim/music/out/クリスタルキング/クリスタルキング_ベストコレクション/04_PASSION-LADY.mp3; [-576.86383  , 105.23947  , -21.470589 ,  33.073048 ,   9.200561 ,   -3.9068046,   1.4990368,   2.342161 ,  -2.5251253,   1.5665976,   -4.0787454,  -4.8850384,  -3.7039547]; [[17076.65153045, 1263.58341501, -503.82445282,  580.76597173,    155.69461048,  -85.20957006,   82.13267757,   44.76107843,     14.12704927,   59.92136521, -113.85016436, -164.17550604,   -138.77093086], [ 1263.58341501, 1478.35986773, -247.68517061,  138.80547373,    124.89643641,  -37.96759053,   37.78713908,   30.7886593 ,    -85.40108815,   42.29321741,    7.79402092,    9.20894766,     -4.38416993], [ -503.82445282, -247.68517061,  868.91156801,  176.48282213,    104.75315119,  171.15276893,  -13.97754571,  -20.06565069,     48.04183193,  -40.99272117,   55.81291366,   25.71414396,      0.95026386], [  580.76597173,  138.80547373,  176.48282213,  415.91087841,    170.31362447,   29.69740109,  -36.11810055,   -9.96795436,     39.40945281,   11.50020137,  -27.61955614,   14.32407439,     10.00893399], [  155.69461048,  124.89643641,  104.75315119,  170.31362447,    248.87627185,   -3.63770788,  -30.36162643,   -4.25121321,     24.15137319,   45.30084806,   -6.22053524,   14.95488553,     23.21980231], [  -85.20957006,  -37.96759053,  171.15276893,   29.69740109,     -3.63770788,  243.10987183,   79.22841141,   -4.92808294,      5.0536399 ,  -37.17158639,   43.6961432 ,   -1.79241969,     -5.62079627], [   82.13267757,   37.78713908,  -13.97754571,  -36.11810055,    -30.36162643,   79.22841141,  170.28252113,   31.06602076,     -9.05750876,   -3.47755653,   19.37446206,    8.77944382,      1.60496885], [   44.76107843,   30.7886593 ,  -20.06565069,   -9.96795436,     -4.25121321,   -4.92808294,   31.06602076,  106.25324549,     18.12620802,    7.70443325,    8.02397251,    5.04696159,      7.4922571 ], [   14.12704927,  -85.40108815,   48.04183193,   39.40945281,     24.15137319,    5.0536399 ,   -9.05750876,   18.12620802,    158.4321334 ,   40.19606795,   -3.24471285,   -7.28084459,    -13.39097992], [   59.92136521,   42.29321741,  -40.99272117,   11.50020137,     45.30084806,  -37.17158639,   -3.47755653,    7.70443325,     40.19606795,  120.39861247,   15.14288952,    4.17412995,     -2.11759701], [ -113.85016436,    7.79402092,   55.81291366,  -27.61955614,     -6.22053524,   43.6961432 ,   19.37446206,    8.02397251,     -3.24471285,   15.14288952,   99.01937   ,   30.16169221,     11.44415234], [ -164.17550604,    9.20894766,   25.71414396,   14.32407439,     14.95488553,   -1.79241969,    8.77944382,    5.04696159,     -7.28084459,    4.17412995,   30.16169221,   86.38800001,     31.03332682], [ -138.77093086,   -4.38416993,    0.95026386,   10.00893399,     23.21980231,   -5.62079627,    1.60496885,    7.4922571 ,    -13.39097992,   -2.11759701,   11.44415234,   31.03332682,     85.86469657]]
/root/sim/music/out/クリスタルキング/クリスタルキング_ベストコレクション/09_何処へ.mp3; [-576.59515   , 106.94467   , -26.13392   ,  33.494366  ,  -0.93329704,    6.7420835 ,   7.9483027 ,  12.22933   ,   2.4295166 ,   1.5312037 ,    1.0663186 ,   1.4349176 ,  -1.0575585 ]; [[21492.4955419 , 1277.32210205, -997.83959233,  262.49310569,   -349.79314164,   76.33994611,  228.96343445,  181.57512925,     79.93360901,   -6.9783021 ,  -59.11645785, -142.56123434,    -70.0407258 ], [ 1277.32210205, 1108.69330763, -120.43804861,  -39.42858951,   -116.24246187,  -46.08041723,    6.87600569,   57.91091803,    -29.26243435,  -10.66592468,    8.65415516,   28.25714737,      7.16525462], [ -997.83959233, -120.43804861,  744.83188875,   71.29306408,     69.97916217,   15.23710689,  -72.36670992,  -62.52047851,    -16.15040269,  -58.84204669,  -26.66804421,    9.20469508,    -10.95864055], [  262.49310569,  -39.42858951,   71.29306408,  482.75841336,    170.66394862,   74.48450959,  -80.63649773,   42.34391975,      3.46803687,    0.7083835 ,  -39.10662384,   10.05421101,     22.53571745], [ -349.79314164, -116.24246187,   69.97916217,  170.66394862,    243.15625195,   45.17614894,  -61.03738534,   -3.32412354,      2.69233392,    5.39199763,   -8.18363424,   15.92398515,      7.47603271], [   76.33994611,  -46.08041723,   15.23710689,   74.48450959,     45.17614894,  198.87290112,   75.92350109,   23.46023397,     -9.55727078,  -15.84351957,   -9.57832661,   -6.47913369,     -5.61452298], [  228.96343445,    6.87600569,  -72.36670992,  -80.63649773,    -61.03738534,   75.92350109,  225.00083317,   41.24216706,     -9.67023814,   -2.57897142,   16.8977842 ,  -19.14516066,     -0.91059732], [  181.57512925,   57.91091803,  -62.52047851,   42.34391975,     -3.32412354,   23.46023397,   41.24216706,  120.26462981,     26.56859195,    3.89347222,    7.10045497,    1.54152178,     -3.58311352], [   79.93360901,  -29.26243435,  -16.15040269,    3.46803687,      2.69233392,   -9.55727078,   -9.67023814,   26.56859195,     99.30061015,   40.14787839,    3.1420381 ,  -13.20541066,    -14.34818571], [   -6.9783021 ,  -10.66592468,  -58.84204669,    0.7083835 ,      5.39199763,  -15.84351957,   -2.57897142,    3.89347222,     40.14787839,  109.3665361 ,   41.19741787,   -7.91971124,    -22.44514072], [  -59.11645785,    8.65415516,  -26.66804421,  -39.10662384,     -8.18363424,   -9.57832661,   16.8977842 ,    7.10045497,      3.1420381 ,   41.19741787,  107.6017727 ,   35.6609672 ,     -8.53211683], [ -142.56123434,   28.25714737,    9.20469508,   10.05421101,     15.92398515,   -6.47913369,  -19.14516066,    1.54152178,    -13.20541066,   -7.91971124,   35.6609672 ,   86.80838544,     35.14326602], [  -70.0407258 ,    7.16525462,  -10.95864055,   22.53571745,      7.47603271,   -5.61452298,   -0.91059732,   -3.58311352,    -14.34818571,  -22.44514072,   -8.53211683,   35.14326602,     98.18595617]]
/root/sim/music/out/クリスタルキング/クリスタルキング_ベストコレクション/10_Love_Boxer.mp3; [-614.66956   , 105.4224    ,  -6.0235763 ,  28.257301  ,  -4.236922  ,    1.6654695 ,  -0.5599621 ,   1.7198077 ,  -3.6263154 ,  -0.01207788,   -5.0971847 ,   0.03267343,  -3.1560493 ]; [[15723.24224753,  -93.18140563, -259.78679137,  262.38204057,    138.99386845,  -75.08145652,   71.40023221,  222.457559  ,    105.6325713 ,  276.45277546,  162.15426742,  120.9298929 ,    148.85134619], [  -93.18140563, 1468.45592244, -402.71423395,  -44.10487686,   -182.54082546,  -52.67369346,   26.11973913,   11.10188062,    -15.0834716 ,  -62.10583841,  -32.63490849,  -29.19172732,    -26.43184622], [ -259.78679137, -402.71423395,  809.23087939,  159.92619749,     79.61901412,  127.07020101,   92.70201791,   97.79157689,     60.60971486,   20.36323285,   27.6530711 ,   58.93803917,     29.23614627], [  262.38204057,  -44.10487686,  159.92619749,  568.5301649 ,    140.336552  ,  116.13897473,   11.59841821,   11.17959927,     35.25076299,   43.06412365,  -50.89923145,   20.23575269,      1.09635044], [  138.99386845, -182.54082546,   79.61901412,  140.336552  ,    341.74620422,    2.47959881,  -19.91938824,   26.10377708,     49.76754023,   63.56455161,   20.29152865,   24.32003536,     43.75014782], [  -75.08145652,  -52.67369346,  127.07020101,  116.13897473,      2.47959881,  293.12233013,  114.27554541,   20.47496495,     18.47065053,   30.59007164,   37.9973103 ,   31.16886149,    -30.58241723], [   71.40023221,   26.11973913,   92.70201791,   11.59841821,    -19.91938824,  114.27554541,  184.39380797,   76.43712761,     17.7280386 ,   12.82202391,   40.36881405,   19.36857928,      8.35614469], [  222.457559  ,   11.10188062,   97.79157689,   11.17959927,     26.10377708,   20.47496495,   76.43712761,  152.35509455,     72.37120395,   17.76392823,   29.45119148,   26.12412617,     15.29892425], [  105.6325713 ,  -15.0834716 ,   60.60971486,   35.25076299,     49.76754023,   18.47065053,   17.7280386 ,   72.37120395,    130.30869735,   53.7878685 ,   26.91499445,   25.99560873,      8.18973329], [  276.45277546,  -62.10583841,   20.36323285,   43.06412365,     63.56455161,   30.59007164,   12.82202391,   17.76392823,     53.7878685 ,  124.83318937,   63.5930023 ,   18.94176483,     14.40436009], [  162.15426742,  -32.63490849,   27.6530711 ,  -50.89923145,     20.29152865,   37.9973103 ,   40.36881405,   29.45119148,     26.91499445,   63.5930023 ,  124.15105511,   43.37302026,      9.97493898], [  120.9298929 ,  -29.19172732,   58.93803917,   20.23575269,     24.32003536,   31.16886149,   19.36857928,   26.12412617,     25.99560873,   18.94176483,   43.37302026,   87.1262746 ,     30.9231116 ], [  148.85134619,  -26.43184622,   29.23614627,    1.09635044,     43.75014782,  -30.58241723,    8.35614469,   15.29892425,      8.18973329,   14.40436009,    9.97493898,   30.9231116 ,     94.97688412]]
/root/sim/music/out/クリスタルキング/クリスタルキング_ベストコレクション/03_海南風_(kai-Nam-Poo).mp3; [-601.37366   , 102.828064  ,  12.977382  ,  22.312746  ,   8.620736  ,    3.8458667 ,  -0.79214454,   2.902543  ,  -6.2691813 ,   0.06438952,   -6.931364  ,  -1.5455122 ,  -1.5525844 ]; [[18566.32298415, -177.98533301, -892.35620393,  353.396299  ,     47.62712677, -148.32942614,  -51.87439364,   66.39044525,     52.64786464,  151.24461733, -218.98809182,   14.89545843,    -36.1675181 ], [ -177.98533301, 1509.83743807,  226.69818341,  -37.38111101,    -19.59727924,   73.97558398,   60.49293225,   43.97941638,   -118.89573068,  -21.33522126,   54.58382354,  -29.04758116,    -21.70415822], [ -892.35620393,  226.69818341,  781.06755854,   -7.85523477,     43.53056809,  142.46740346,   36.00295985,  -17.18421404,    -41.57078304,  -82.82426031,   22.14555631,  -21.53157949,     -4.90789742], [  353.396299  ,  -37.38111101,   -7.85523477,  478.0730911 ,    196.09438141,   -7.3025401 ,  -66.79881377,   21.69120223,     85.24058352,   -1.04683523,  -76.51342097,  -48.16969154,      5.1622281 ], [   47.62712677,  -19.59727924,   43.53056809,  196.09438141,    284.64564461,   28.98630836,  -34.45230044,   14.48194231,     71.17283272,   12.18845351,  -51.63031238,  -46.22218937,    -15.45810887], [ -148.32942614,   73.97558398,  142.46740346,   -7.3025401 ,     28.98630836,  228.35076394,  112.01799341,    7.36009545,      6.49234174,  -10.45426096,   33.84327839,  -45.49244306,    -46.77922419], [  -51.87439364,   60.49293225,   36.00295985,  -66.79881377,    -34.45230044,  112.01799341,  226.07077786,   59.1030752 ,     15.50732913,    8.27285228,   36.59107954,  -19.34464634,    -33.18043741], [   66.39044525,   43.97941638,  -17.18421404,   21.69120223,     14.48194231,    7.36009545,   59.1030752 ,  123.07751274,     49.63150132,   23.83579993,    5.88552518,  -14.36995688,     -9.92058091], [   52.64786464, -118.89573068,  -41.57078304,   85.24058352,     71.17283272,    6.49234174,   15.50732913,   49.63150132,    167.54435502,   44.11356561,  -13.55392538,  -13.79821401,    -14.85154541], [  151.24461733,  -21.33522126,  -82.82426031,   -1.04683523,     12.18845351,  -10.45426096,    8.27285228,   23.83579993,     44.11356561,  141.6342686 ,   24.03849154,   -1.25820623,    -13.84531426], [ -218.98809182,   54.58382354,   22.14555631,  -76.51342097,    -51.63031238,   33.84327839,   36.59107954,    5.88552518,    -13.55392538,   24.03849154,  117.20804892,   39.46594763,     -6.94723081], [   14.89545843,  -29.04758116,  -21.53157949,  -48.16969154,    -46.22218937,  -45.49244306,  -19.34464634,  -14.36995688,    -13.79821401,   -1.25820623,   39.46594763,  144.22863949,     63.81648753], [  -36.1675181 ,  -21.70415822,   -4.90789742,    5.1622281 ,    -15.45810887,  -46.77922419,  -33.18043741,   -9.92058091,    -14.85154541,  -13.84531426,   -6.94723081,   63.81648753,    120.3857337 ]]
/root/sim/music/out/クリスタルキング/クリスタルキング_ベストコレクション/13_愛情AGAIN.mp3; [-641.2       , 136.14336   ,  -6.9610248 ,  20.372286  ,  -7.4935327 ,   -2.457651  ,   3.3052442 ,   1.9717041 ,  -3.1705296 ,  -4.2314043 ,   -1.6481689 ,  -1.4377667 ,   0.78069115]; [[24933.9458064 ,-1833.70627934,-2051.05253121,  298.60664063,   -339.8164566 , -125.30548171,  303.99261798,  363.52244102,     16.43263984,   -5.61517391,   41.17952974,   15.5142562 ,    263.766325  ], [-1833.70627934, 2026.12425789,   72.05882589, -116.30062603,   -140.81062467,   44.58551334,  -33.14392283,  -91.63777224,    -33.33084612,    5.76961368,   -5.26776664,  -29.62208505,    -63.86082642], [-2051.05253121,   72.05882589,  918.94771602,  108.31760531,    125.80707398,  131.89543152,    3.99576671,  -13.7400296 ,      8.39985026,   -0.0922395 ,   19.82754529,   38.81413249,    -15.90333773], [  298.60664063, -116.30062603,  108.31760531,  513.79703812,    215.64356248,    2.78630604,  -15.77566802,  107.43218874,     26.79124767,  -13.01509866,    3.09977451,   77.94752255,     59.9810749 ], [ -339.8164566 , -140.81062467,  125.80707398,  215.64356248,    317.76581771,   10.17475569,    0.78204725,   66.93596632,     39.1694064 ,    7.08199324,   11.39302308,   57.61935765,     37.23709662], [ -125.30548171,   44.58551334,  131.89543152,    2.78630604,     10.17475569,  300.8838002 ,  131.957316  ,    2.51023522,     10.98617202,   51.59577887,   31.56183004,  -11.74389105,     -0.41119408], [  303.99261798,  -33.14392283,    3.99576671,  -15.77566802,      0.78204725,  131.957316  ,  214.34340794,   37.02829308,      6.85324923,   18.03272809,   24.94317775,   -1.68550691,     12.75421937], [  363.52244102,  -91.63777224,  -13.7400296 ,  107.43218874,     66.93596632,    2.51023522,   37.02829308,  138.18061537,     40.85847272,    2.37342006,   15.0305227 ,   27.8099803 ,     27.10490512], [   16.43263984,  -33.33084612,    8.39985026,   26.79124767,     39.1694064 ,   10.98617202,    6.85324923,   40.85847272,    120.36019466,   37.21526081,   10.21508364,   -1.4190879 ,     -9.48752141], [   -5.61517391,    5.76961368,   -0.0922395 ,  -13.01509866,      7.08199324,   51.59577887,   18.03272809,    2.37342006,     37.21526081,  120.02466731,   28.28699335,   -5.1987193 ,     -2.34945291], [   41.17952974,   -5.26776664,   19.82754529,    3.09977451,     11.39302308,   31.56183004,   24.94317775,   15.0305227 ,     10.21508364,   28.28699335,   99.50773263,   29.39025611,      7.44840307], [   15.5142562 ,  -29.62208505,   38.81413249,   77.94752255,     57.61935765,  -11.74389105,   -1.68550691,   27.8099803 ,     -1.4190879 ,   -5.1987193 ,   29.39025611,  100.23994047,     37.26634614], [  263.766325  ,  -63.86082642,  -15.90333773,   59.9810749 ,     37.23709662,   -0.41119408,   12.75421937,   27.10490512,     -9.48752141,   -2.34945291,    7.44840307,   37.26634614,     99.22886641]]
