/root/sim/music/out/オフコース/i_(ai)_[Disc_1]/15_私の願い.mp3; [-765.2008   , 182.4821   ,  -8.98211  ,   9.00732  ,   6.76609  ,  -16.232376 ,  -7.916962 ,  -7.7043877, -22.685293 ,  -1.1554925,   -4.9951835, -14.365737 ,   2.0194404]; [[31261.00774113,-3596.1360298 ,-5923.66344412, -119.05818099,   -489.80946048,-1276.73389993,  755.52466127,  615.5753421 ,  -1069.73624659, 1163.46077214,  706.64286646, -455.47245214,    797.55244428], [-3596.1360298 , 3602.84351196,  146.09310288,  -94.3502307 ,    129.43122727,  401.5193018 , -255.80618963, -128.58558583,    216.23399859, -141.44051019,  -45.19677469,  219.26854383,   -113.96995384], [-5923.66344412,  146.09310288, 2268.34227151,   21.6401212 ,     29.65834946,  239.86760575,  -72.68587537, -129.2990013 ,    171.06528819, -247.685572  , -169.21573654,    1.37804298,   -172.07592703], [ -119.05818099,  -94.3502307 ,   21.6401212 ,  418.66413982,     52.01991671,   -7.75916312,  -73.56898508,   66.73750344,     45.85298055,  -32.78573241,   -5.80251308,   64.52656989,     -2.35312424], [ -489.80946048,  129.43122727,   29.65834946,   52.01991671,    316.80695862,   -7.99845193,  -78.4217519 ,  -12.50790994,     24.81564931,  -61.65012625,  -37.37003842,   19.50950385,    -23.2662533 ], [-1276.73389993,  401.5193018 ,  239.86760575,   -7.75916312,     -7.99845193,  335.61329761,  -22.20015929,  -50.0067741 ,    157.52345139,  -24.01249412,   13.73015037,  121.12352907,    -55.45341086], [  755.52466127, -255.80618963,  -72.68587537,  -73.56898508,    -78.4217519 ,  -22.20015929,  281.45728612,   45.71872607,    -67.4267108 ,  101.63031472,   33.44858221,  -64.73464728,     46.23395201], [  615.5753421 , -128.58558583, -129.2990013 ,   66.73750344,    -12.50790994,  -50.0067741 ,   45.71872607,  166.69337832,    -43.46174884,   25.27341394,   34.15219973,  -15.27092711,     47.09505859], [-1069.73624659,  216.23399859,  171.06528819,   45.85298055,     24.81564931,  157.52345139,  -67.4267108 ,  -43.46174884,    249.91664339,  -14.43145708,   -5.95331924,  114.44539748,    -56.10391414], [ 1163.46077214, -141.44051019, -247.685572  ,  -32.78573241,    -61.65012625,  -24.01249412,  101.63031472,   25.27341394,    -14.43145708,  202.09999235,   50.90419692,  -33.12910346,     45.38620089], [  706.64286646,  -45.19677469, -169.21573654,   -5.80251308,    -37.37003842,   13.73015037,   33.44858221,   34.15219973,     -5.95331924,   50.90419692,  122.7887521 ,   29.89767552,     30.70014431], [ -455.47245214,  219.26854383,    1.37804298,   64.52656989,     19.50950385,  121.12352907,  -64.73464728,  -15.27092711,    114.44539748,  -33.12910346,   29.89767552,  202.88538184,     -7.16467428], [  797.55244428, -113.96995384, -172.07592703,   -2.35312424,    -23.2662533 ,  -55.45341086,   46.23395201,   47.09505859,    -56.10391414,   45.38620089,   30.70014431,   -7.16467428,    125.66268908]]
/root/sim/music/out/オフコース/i_(ai)_[Disc_1]/01_愛を止めないで.mp3; [-619.85815   , 144.71585   , -42.706326  ,  30.029995  ,  11.371884  ,  -15.13984   , -15.132269  ,   0.7606535 ,  -8.34477   ,  -0.54965997,   -8.921635  ,  -4.8179    ,   2.8401272 ]; [[22428.92770824, -221.30794463,-3278.69387136,  787.75448793,     34.45704069, -661.73201079, -470.74097706,  493.10183865,    116.40782093,  214.98431573, -415.69902865,  -54.06984153,     75.80294332], [ -221.30794463, 1464.52001154, -217.31252072,  -31.20531249,     76.99887986,   13.81267034,  -36.68927344,  -16.84404057,    -10.44338139,  -83.42085604,   11.4333122 ,   59.86037369,    -31.133851  ], [-3278.69387136, -217.31252072, 1428.63922245,    7.37362766,     93.0070355 ,  278.59581381,  155.00505804,  -23.2965263 ,      6.59433095,  -45.44372938,  119.29870033,   52.22120726,    -38.18884085], [  787.75448793,  -31.20531249,    7.37362766,  386.3488    ,    127.22263157,   18.62754174,   -4.87025282,  108.82332983,     51.44521111,   10.30503245,    2.82402689,   31.26247105,      4.42882861], [   34.45704069,   76.99887986,   93.0070355 ,  127.22263157,    243.29061253,   72.94169613,    0.70426498,   46.59226637,     80.55839274,  -15.41626261,   12.50323408,   51.42431949,    -10.60911294], [ -661.73201079,   13.81267034,  278.59581381,   18.62754174,     72.94169613,  257.80382521,   70.62651809,   19.71325241,     72.9294848 ,  -13.68142116,   40.07384929,   36.36307709,    -27.59159905], [ -470.74097706,  -36.68927344,  155.00505804,   -4.87025282,      0.70426498,   70.62651809,  216.43493544,   27.61032041,    -20.38613505,   61.7858631 ,   26.75694317,  -20.14904986,     20.74501329], [  493.10183865,  -16.84404057,  -23.2965263 ,  108.82332983,     46.59226637,   19.71325241,   27.61032041,  154.44131935,     54.77445977,   16.81787643,   -1.80133184,   12.28381794,     21.18914601], [  116.40782093,  -10.44338139,    6.59433095,   51.44521111,     80.55839274,   72.9294848 ,  -20.38613505,   54.77445977,    193.85295419,    4.03969627,   -7.93447923,   42.11815754,    -20.76396173], [  214.98431573,  -83.42085604,  -45.44372938,   10.30503245,    -15.41626261,  -13.68142116,   61.7858631 ,   16.81787643,      4.03969627,  144.30056826,    6.45360839,  -36.71330887,     21.08119629], [ -415.69902865,   11.4333122 ,  119.29870033,    2.82402689,     12.50323408,   40.07384929,   26.75694317,   -1.80133184,     -7.93447923,    6.45360839,   95.68245594,   29.83141053,      6.19896758], [  -54.06984153,   59.86037369,   52.22120726,   31.26247105,     51.42431949,   36.36307709,  -20.14904986,   12.28381794,     42.11815754,  -36.71330887,   29.83141053,  127.08762991,      9.70538451], [   75.80294332,  -31.133851  ,  -38.18884085,    4.42882861,    -10.60911294,  -27.59159905,   20.74501329,   21.18914601,    -20.76396173,   21.08119629,    6.19896758,    9.70538451,    116.32308027]]
/root/sim/music/out/オフコース/i_(ai)_[Disc_1]/03_言葉にできない.mp3; [-669.17096   , 170.09862   ,  -5.227996  ,  27.093397  ,   5.174432  ,   -9.4484005 ,   0.20251638,   1.9361191 ,  -8.381548  ,   3.5334997 ,   -2.7479045 ,  -3.5698411 ,   3.0244615 ]; [[16638.44897381,-1015.73343705,-1424.26400434,   10.64733425,     91.36019305,  197.57185046,  122.45279173,  -51.34971991,   -191.81348696,  169.1021726 ,  -22.96657972,   54.9492105 ,    232.05639701], [-1015.73343705, 1801.56162225,   17.59206875,  132.93624851,     -5.79530208,  -29.85980907,   18.06789718,   83.151524  ,     11.71933546,   -4.88063586,   50.94975944,   16.78862015,    -54.96836764], [-1424.26400434,   17.59206875,  817.05784739,  -54.83392392,     -4.27002982,   18.64283439,   34.49737064,   37.69869435,     97.88646767,  -37.88725367,   60.83314454,   45.77796452,      6.36438344], [   10.64733425,  132.93624851,  -54.83392392,  318.85283269,     67.34735098,    6.00353558,  -57.0296373 ,   50.90537921,     71.10512985,    9.82928049,    1.66731455,   61.32254789,     18.96188736], [   91.36019305,   -5.79530208,   -4.27002982,   67.34735098,    227.48694277,   65.64985477,    8.17793846,   31.75839167,     77.95992151,   18.56014999,   28.20528362,   49.25986634,     36.86108729], [  197.57185046,  -29.85980907,   18.64283439,    6.00353558,     65.64985477,  285.84229239,   57.30667423,  -22.03111947,     90.8711511 ,   19.68145636,   44.8140986 ,   81.23963856,     18.8072634 ], [  122.45279173,   18.06789718,   34.49737064,  -57.0296373 ,      8.17793846,   57.30667423,  236.36191487,   41.07241385,    -19.06216032,   52.71440357,   43.49981877,   -9.5121575 ,     28.97869259], [  -51.34971991,   83.151524  ,   37.69869435,   50.90537921,     31.75839167,  -22.03111947,   41.07241385,  167.58574626,     -5.90799488,   13.30343458,   27.42610546,   12.93685405,     33.28685142], [ -191.81348696,   11.71933546,   97.88646767,   71.10512985,     77.95992151,   90.8711511 ,  -19.06216032,   -5.90799488,    248.66096389,   12.33132266,   12.48719046,   91.73819723,     25.21587489], [  169.1021726 ,   -4.88063586,  -37.88725367,    9.82928049,     18.56014999,   19.68145636,   52.71440357,   13.30343458,     12.33132266,  142.64670093,   29.23972238,  -14.31763072,     17.93627391], [  -22.96657972,   50.94975944,   60.83314454,    1.66731455,     28.20528362,   44.8140986 ,   43.49981877,   27.42610546,     12.48719046,   29.23972238,  113.43284132,   34.70560303,     20.88116556], [   54.9492105 ,   16.78862015,   45.77796452,   61.32254789,     49.25986634,   81.23963856,   -9.5121575 ,   12.93685405,     91.73819723,  -14.31763072,   34.70560303,  160.7966944 ,     37.74674509], [  232.05639701,  -54.96836764,    6.36438344,   18.96188736,     36.86108729,   18.8072634 ,   28.97869259,   33.28685142,     25.21587489,   17.93627391,   20.88116556,   37.74674509,    113.52820042]]
/root/sim/music/out/オフコース/i_(ai)_[Disc_1]/06_めぐる季節.mp3; [-641.99786   , 134.262     ,  -0.70484716,  10.561535  ,   3.2330484 ,    0.13572857,  -1.6586642 ,  -4.2160983 , -10.480477  ,   0.936593  ,    3.2257192 ,   1.1644698 ,   2.290736  ]; [[18942.2651913 , -695.83583212,-1705.01654245, -358.02528195,    -65.01071757, -203.72032737,  -80.43965671, -365.00966136,   -560.58893299,  236.05069395,   64.85406587, -256.33852932,    -64.27744233], [ -695.83583212, 1813.54448758,  -95.65125505,  -99.86007957,     18.24043037,   11.94136377,   80.23051587,   -5.16513275,    -33.45818249,   -0.58190408,  -10.51513298,  -39.7722394 ,      7.53797347], [-1705.01654245,  -95.65125505, 1127.50904923,  207.95166813,   -113.47795879,   66.95548355,   42.06625904,   93.00661908,     37.8583745 ,  -43.7111848 ,   20.53676337,   74.4877476 ,     17.6407715 ], [ -358.02528195,  -99.86007957,  207.95166813,  436.07407424,    128.00161344,  -24.64647892,  -74.44859219,   69.18219885,     39.91199588,  -29.7390029 ,  -12.24875463,   45.21978366,     34.82951644], [  -65.01071757,   18.24043037, -113.47795879,  128.00161344,    329.2014753 ,   68.75788537,  -68.01521711,    4.49166674,     64.25311518,   -6.51440634,   11.96449689,   37.38740739,     13.18446652], [ -203.72032737,   11.94136377,   66.95548355,  -24.64647892,     68.75788537,  261.31569287,   93.17659195,  -13.750535  ,     38.97294983,   16.08388008,   45.45101771,   32.8429348 ,      9.83348231], [  -80.43965671,   80.23051587,   42.06625904,  -74.44859219,    -68.01521711,   93.17659195,  251.30858657,   37.27413771,    -26.06362243,   42.46442198,   31.71927362,   21.06972798,      5.73012218], [ -365.00966136,   -5.16513275,   93.00661908,   69.18219885,      4.49166674,  -13.750535  ,   37.27413771,  164.91640585,     45.92895226,   -8.82754111,   -4.52796553,   23.06844109,     25.73413974], [ -560.58893299,  -33.45818249,   37.8583745 ,   39.91199588,     64.25311518,   38.97294983,  -26.06362243,   45.92895226,    175.11592746,   24.45042527,  -11.70015535,   11.95009608,      2.230796  ], [  236.05069395,   -0.58190408,  -43.7111848 ,  -29.7390029 ,     -6.51440634,   16.08388008,   42.46442198,   -8.82754111,     24.45042527,  180.80011469,   47.63418168,  -18.0519941 ,      8.26320992], [   64.85406587,  -10.51513298,   20.53676337,  -12.24875463,     11.96449689,   45.45101771,   31.71927362,   -4.52796553,    -11.70015535,   47.63418168,  110.45264794,   33.29337435,      3.62176598], [ -256.33852932,  -39.7722394 ,   74.4877476 ,   45.21978366,     37.38740739,   32.8429348 ,   21.06972798,   23.06844109,     11.95009608,  -18.0519941 ,   33.29337435,  114.22667885,     36.45645802], [  -64.27744233,    7.53797347,   17.6407715 ,   34.82951644,     13.18446652,    9.83348231,    5.73012218,   25.73413974,      2.230796  ,    8.26320992,    3.62176598,   36.45645802,     96.53308741]]
/root/sim/music/out/オフコース/i_(ai)_[Disc_1]/14_思いのままに.mp3; [-585.3428    ,  96.63177   ,  -4.6577425 ,  24.510683  ,   6.4448314 ,    4.5585866 ,  -1.7259411 ,   0.6096058 ,  -8.239831  ,   3.4450097 ,   -0.8739097 ,  -2.7029088 ,  -0.88903135]; [[16548.05440469,-1179.79066947,  183.91433823,  292.32049857,   -412.89541912,   23.63657077,   98.3986075 ,  533.37328697,    424.84412008,  242.32180927,   61.35343118,   35.87122035,     65.44664866], [-1179.79066947, 2179.33192716, -421.91957641, -120.96258556,    187.06693548, -222.70433392,   30.95925296,   25.20083455,   -174.35394439,   75.94771861,  -14.82785575, -144.70892347,     49.72792132], [  183.91433823, -421.91957641,  898.07892115,  387.99313453,    194.07011056,  331.00905341,   88.6659844 ,  160.93485318,    202.46454697,  -23.7654705 ,   33.42064197,  101.7626766 ,     10.77812875], [  292.32049857, -120.96258556,  387.99313453,  599.72932387,    319.20633907,  194.32333039,   10.7270548 ,  120.42524301,    107.01362676,    1.0385319 ,   28.56698621,   78.30861674,     20.82842068], [ -412.89541912,  187.06693548,  194.07011056,  319.20633907,    462.88769203,  200.15017692,   24.31945805,   73.54289544,     86.37749703,   -5.53696334,    1.59357661,   61.07738966,     39.92604392], [   23.63657077, -222.70433392,  331.00905341,  194.32333039,    200.15017692,  402.23492616,  140.14101077,   94.98180107,    150.49583236,   -6.74929966,   27.54979855,   92.30482584,     -5.4465035 ], [   98.3986075 ,   30.95925296,   88.6659844 ,   10.7270548 ,     24.31945805,  140.14101077,  227.63314844,  119.63611545,     43.18288335,   53.87448366,   34.12522959,   -0.30958898,     27.71788734], [  533.37328697,   25.20083455,  160.93485318,  120.42524301,     73.54289544,   94.98180107,  119.63611545,  250.20004356,    137.72033862,   42.41808885,   12.32181963,   -2.41752241,     39.90194075], [  424.84412008, -174.35394439,  202.46454697,  107.01362676,     86.37749703,  150.49583236,   43.18288335,  137.72033862,    260.95400523,   46.18208548,    4.3956269 ,   48.09839098,     -6.70620038], [  242.32180927,   75.94771861,  -23.7654705 ,    1.0385319 ,     -5.53696334,   -6.74929966,   53.87448366,   42.41808885,     46.18208548,  159.95132375,   55.28969601,  -22.60459231,      7.40911601], [   61.35343118,  -14.82785575,   33.42064197,   28.56698621,      1.59357661,   27.54979855,   34.12522959,   12.32181963,      4.3956269 ,   55.28969601,  100.20267738,   43.96364656,      6.68593612], [   35.87122035, -144.70892347,  101.7626766 ,   78.30861674,     61.07738966,   92.30482584,   -0.30958898,   -2.41752241,     48.09839098,  -22.60459231,   43.96364656,  150.03675807,     40.83520049], [   65.44664866,   49.72792132,   10.77812875,   20.82842068,     39.92604392,   -5.4465035 ,   27.71788734,   39.90194075,     -6.70620038,    7.40911601,    6.68593612,   40.83520049,    129.60546923]]
/root/sim/music/out/オフコース/i_(ai)_[Disc_1]/08_僕の贈りもの.mp3; [-611.3788   , 129.36809  ,  -5.5626936,  10.684381 ,  -9.677354 ,  -13.936967 ,   1.4199584,  -4.2088346, -14.223784 ,   5.6993465,   -0.8672673,  -7.489257 ,   1.4674292]; [[16545.1244566 ,  617.90507125, -518.33044354, -407.88482753,   -229.88366481, -313.03878051,  228.85938019,  -62.78226179,   -546.4542011 ,  200.184405  ,  -72.12708992, -312.02870099,   -207.59810735], [  617.90507125, 1456.25371858,   34.00253793,  -34.12565941,     33.73610154,   80.06009349,   83.65088452,   62.04073082,      8.84705335,   74.44524164,   56.59366767,  -18.69357254,     16.74246051], [ -518.33044354,   34.00253793, 1026.88524589,  275.01787631,    126.80401743,  271.26476228,   -4.01156531,  158.35481913,    173.49074543,  -31.7510075 ,   71.32158556,   72.88736157,     28.18088158], [ -407.88482753,  -34.12565941,  275.01787631,  509.66171922,    189.0452346 ,   32.3386029 ,  -98.65758699,   86.64891494,    101.25972945,  -54.95240899,   21.81691775,   81.13603111,     70.74733893], [ -229.88366481,   33.73610154,  126.80401743,  189.0452346 ,    291.71620331,   55.60965537,  -44.69611755,   31.58492653,     53.87046402,   -6.08197442,    4.78238416,   33.63800457,     11.90225948], [ -313.03878051,   80.06009349,  271.26476228,   32.3386029 ,     55.60965537,  307.91398727,   71.32549145,   35.38913315,     71.48911631,   45.77981204,   62.77805034,   31.83372488,    -18.22317431], [  228.85938019,   83.65088452,   -4.01156531,  -98.65758699,    -44.69611755,   71.32549145,  207.01789964,   42.60286455,    -25.72913856,   71.73969469,   19.45522655,  -35.96832719,    -21.02284039], [  -62.78226179,   62.04073082,  158.35481913,   86.64891494,     31.58492653,   35.38913315,   42.60286455,  178.55365899,     58.23614804,   11.25746949,   12.27371423,    2.08218512,     21.32287246], [ -546.4542011 ,    8.84705335,  173.49074543,  101.25972945,     53.87046402,   71.48911631,  -25.72913856,   58.23614804,    190.82124685,   18.06321168,    7.19730572,   40.33895871,      6.78853878], [  200.184405  ,   74.44524164,  -31.7510075 ,  -54.95240899,     -6.08197442,   45.77981204,   71.73969469,   11.25746949,     18.06321168,  142.64417864,   37.87122535,  -13.44576306,    -19.77978757], [  -72.12708992,   56.59366767,   71.32158556,   21.81691775,      4.78238416,   62.77805034,   19.45522655,   12.27371423,      7.19730572,   37.87122535,  118.46565653,   38.60260979,      1.28595667], [ -312.02870099,  -18.69357254,   72.88736157,   81.13603111,     33.63800457,   31.83372488,  -35.96832719,    2.08218512,     40.33895871,  -13.44576306,   38.60260979,  133.08787995,     51.04255051], [ -207.59810735,   16.74246051,   28.18088158,   70.74733893,     11.90225948,  -18.22317431,  -21.02284039,   21.32287246,      6.78853878,  -19.77978757,    1.28595667,   51.04255051,    122.92749796]]
/root/sim/music/out/オフコース/i_(ai)_[Disc_1]/10_愛の唄.mp3; [-603.2466    , 124.32219   , -22.843607  ,  32.536118  ,   3.8901718 ,    0.9548938 ,   4.0724635 ,   5.1977634 , -11.810947  ,   6.4119773 ,   -2.7970092 ,  -1.5513251 ,  -0.44455782]; [[15879.58128715,  177.96436698, -589.66432792,  938.84783521,   -243.9107667 , -149.81536448,   86.11440486,  -12.18997625,   -511.71150815,  -94.05638385,  -94.31608048, -231.1935063 ,   -223.86893644], [  177.96436698, 1583.38369143,  -38.71088111,    0.65417163,    162.76971158,  -95.75502785,  171.67646272,   99.60234173,   -163.47087381,  120.73299532,   10.83391944,  -55.23155809,     31.29247761], [ -589.66432792,  -38.71088111,  745.64638446,  319.77091548,     46.06475311,  212.92601488,   81.24026431,  116.87203733,     79.0987581 ,  -65.64912727,   10.06662851,   45.86819259,     20.22599598], [  938.84783521,    0.65417163,  319.77091548,  848.03379244,    262.194003  ,   58.30941964,   71.24471081,  190.29601767,      0.56600359,  -73.94839243,   -4.26946403,   20.6784831 ,     19.97922124], [ -243.9107667 ,  162.76971158,   46.06475311,  262.194003  ,    484.60442852,   14.06387609,   24.62416122,   98.26185564,     40.79063241,   53.33551028,   39.22514332,    2.21006066,     12.04698262], [ -149.81536448,  -95.75502785,  212.92601488,   58.30941964,     14.06387609,  339.34101923,  100.67435622,   24.71546155,     95.15847759,   44.1913764 ,   57.18552789,   25.40902999,    -34.65751381], [   86.11440486,  171.67646272,   81.24026431,   71.24471081,     24.62416122,  100.67435622,  268.59410481,   87.12676894,    -45.01606518,   75.27121763,   71.37031029,  -11.82505345,     18.58812805], [  -12.18997625,   99.60234173,  116.87203733,  190.29601767,     98.26185564,   24.71546155,   87.12676894,  197.7270179 ,      5.6670771 ,   15.46865338,   26.42731548,   27.70526414,     40.48487689], [ -511.71150815, -163.47087381,   79.0987581 ,    0.56600359,     40.79063241,   95.15847759,  -45.01606518,    5.6670771 ,    237.04949567,   35.06471906,   -2.37376342,   41.29364604,      0.65382801], [  -94.05638385,  120.73299532,  -65.64912727,  -73.94839243,     53.33551028,   44.1913764 ,   75.27121763,   15.46865338,     35.06471906,  202.12295038,   56.62610478,    2.33197128,     13.90790713], [  -94.31608048,   10.83391944,   10.06662851,   -4.26946403,     39.22514332,   57.18552789,   71.37031029,   26.42731548,     -2.37376342,   56.62610478,  154.14659648,   30.55177712,      1.64938221], [ -231.1935063 ,  -55.23155809,   45.86819259,   20.6784831 ,      2.21006066,   25.40902999,  -11.82505345,   27.70526414,     41.29364604,    2.33197128,   30.55177712,  131.22364966,     38.334953  ], [ -223.86893644,   31.29247761,   20.22599598,   19.97922124,     12.04698262,  -34.65751381,   18.58812805,   40.48487689,      0.65382801,   13.90790713,    1.64938221,   38.334953  ,    124.48307332]]
/root/sim/music/out/オフコース/i_(ai)_[Disc_1]/11_眠れぬ夜.mp3; [-584.8959    , 113.23085   , -32.753975  ,  16.047195  ,  -5.6538954 ,   -2.7284267 ,  -8.377042  ,  -3.6646216 , -12.263469  ,   3.858154  ,   -2.5519226 ,  -2.3733628 ,   0.94310933]; [[24576.64091893,  982.33532878, -484.50066307,  183.17058231,   -298.65847436, -135.1095867 ,    1.81870726,  -32.45356266,   -174.21463309,  289.1733468 ,  -78.94625008, -194.35532733,    -94.26987934], [  982.33532878,  957.75289793, -192.60501908,  -12.77997873,    -54.9643085 ,  -36.18006326,    3.37741106,  -28.81462144,    -72.10374211,   40.38851282,    1.89484762,  -31.20320375,     -3.71351733], [ -484.50066307, -192.60501908,  436.23637746,   66.92500778,     91.69103105,   93.7346671 ,   56.04636753,   45.54008783,     43.45716494,  -10.05654923,   59.75394423,   37.24206248,     25.26111583], [  183.17058231,  -12.77997873,   66.92500778,  365.87147928,    121.17484678,   50.67173863,  -37.61338863,   94.18234054,     67.28510398,  -55.66648959,    9.29270769,   59.78850295,     25.52510179], [ -298.65847436,  -54.9643085 ,   91.69103105,  121.17484678,    215.98600114,   70.1201456 ,   42.32317937,   52.70542256,     49.57287877,   11.40042865,    9.18524354,   14.87901297,      9.54493434], [ -135.1095867 ,  -36.18006326,   93.7346671 ,   50.67173863,     70.1201456 ,  199.97591444,   57.71607129,   37.94913696,     56.87486211,    1.97587091,   20.20520221,   14.15081899,     -9.03676709], [    1.81870726,    3.37741106,   56.04636753,  -37.61338863,     42.32317937,   57.71607129,  183.99091348,   42.93803783,      4.07669153,   65.5812717 ,   18.92161177,  -32.55209852,     -4.75630782], [  -32.45356266,  -28.81462144,   45.54008783,   94.18234054,     52.70542256,   37.94913696,   42.93803783,  134.2456419 ,     57.05777398,    6.10197317,    6.95905896,   14.89477432,     17.85977636], [ -174.21463309,  -72.10374211,   43.45716494,   67.28510398,     49.57287877,   56.87486211,    4.07669153,   57.05777398,    159.92988258,   17.96162127,    9.39392804,   36.77602977,      3.43243683], [  289.1733468 ,   40.38851282,  -10.05654923,  -55.66648959,     11.40042865,    1.97587091,   65.5812717 ,    6.10197317,     17.96162127,  152.74595994,   30.99505444,  -21.5724098 ,     -3.01745037], [  -78.94625008,    1.89484762,   59.75394423,    9.29270769,      9.18524354,   20.20520221,   18.92161177,    6.95905896,      9.39392804,   30.99505444,  105.6762468 ,   27.9200321 ,     18.02271961], [ -194.35532733,  -31.20320375,   37.24206248,   59.78850295,     14.87901297,   14.15081899,  -32.55209852,   14.89477432,     36.77602977,  -21.5724098 ,   27.9200321 ,  119.00427324,     44.83551458], [  -94.26987934,   -3.71351733,   25.26111583,   25.52510179,      9.54493434,   -9.03676709,   -4.75630782,   17.85977636,      3.43243683,   -3.01745037,   18.02271961,   44.83551458,    105.33601491]]
/root/sim/music/out/オフコース/i_(ai)_[Disc_1]/13_風に吹かれて.mp3; [-565.8333    , 112.4352    ,  -8.505931  ,  34.790874  ,   6.504952  ,    3.1562212 ,  -7.9081154 ,   2.3882697 ,   1.9398799 ,   3.0162532 ,   -1.2085143 ,  -0.24078831,   4.494507  ]; [[15037.37413537,  175.80659895,-1157.80240002, -140.67095195,   -107.23513372,  -54.64322107,   48.67800387,   10.62068948,      7.74002373,  263.2738706 ,  -20.42211867, -128.33394315,    -54.14628977], [  175.80659895, 1019.57756247, -197.31082438,  -44.88963373,     28.32454195,  -87.65795208,   27.44228468,    8.38946052,    -70.16649799,   45.44753817,   -6.94063535,  -12.87329475,     39.87757792], [-1157.80240002, -197.31082438,  925.24135387,  321.70347374,      1.06407024,  222.33831951,    2.58293162,   55.59358691,     21.45755189, -155.90396178,   25.40299966,   48.8069805 ,     25.09975049], [ -140.67095195,  -44.88963373,  321.70347374,  429.8786606 ,    137.40564624,   88.83595195,  -90.83646295,   46.74453297,     74.63985568,  -70.66044754,    8.7213056 ,   40.25342835,     -8.43140873], [ -107.23513372,   28.32454195,    1.06407024,  137.40564624,    224.19108434,   12.52670873,  -66.43874796,   12.16587294,     47.20550128,   -8.64399828,    6.52701472,   17.53420786,     -9.1262322 ], [  -54.64322107,  -87.65795208,  222.33831951,   88.83595195,     12.52670873,  234.56924819,   61.39094444,    9.38724166,     25.82591549,  -42.49801701,   20.75044387,    9.30185339,    -16.31205227], [   48.67800387,   27.44228468,    2.58293162,  -90.83646295,    -66.43874796,   61.39094444,  212.34248024,   34.62070012,    -62.02518762,   29.71434441,    0.48243124,  -28.07792135,     10.39310842], [   10.62068948,    8.38946052,   55.59358691,   46.74453297,     12.16587294,    9.38724166,   34.62070012,  103.14622651,     32.95104423,  -11.56716348,   -0.84164819,    1.42258533,      6.29588627], [    7.74002373,  -70.16649799,   21.45755189,   74.63985568,     47.20550128,   25.82591549,  -62.02518762,   32.95104423,    168.31284015,   30.7135178 ,    6.32706773,    5.17834036,    -25.61240819], [  263.2738706 ,   45.44753817, -155.90396178,  -70.66044754,     -8.64399828,  -42.49801701,   29.71434441,  -11.56716348,     30.7135178 ,  155.01664108,   27.10279676,  -38.97554343,    -16.10514397], [  -20.42211867,   -6.94063535,   25.40299966,    8.7213056 ,      6.52701472,   20.75044387,    0.48243124,   -0.84164819,      6.32706773,   27.10279676,   91.38195294,   30.68111676,    -15.80055213], [ -128.33394315,  -12.87329475,   48.8069805 ,   40.25342835,     17.53420786,    9.30185339,  -28.07792135,    1.42258533,      5.17834036,  -38.97554343,   30.68111676,   90.70257776,     25.66151626], [  -54.14628977,   39.87757792,   25.09975049,   -8.43140873,     -9.1262322 ,  -16.31205227,   10.39310842,    6.29588627,    -25.61240819,  -16.10514397,  -15.80055213,   25.66151626,     86.46259313]]
/root/sim/music/out/オフコース/i_(ai)_[Disc_1]/09_別れの情景(2)－もう歌は作れない.mp3; [-603.7353   , 149.67747  , -16.611626 ,  13.071589 ,   9.417672 ,   -5.828039 ,  -4.9293633,  -1.7051128, -11.627037 ,   2.1176548,   -5.099143 ,  -5.512139 ,   1.2398639]; [[12454.03878221,  629.58830401, -732.02120679,   14.51286193,    218.05902959,  164.87455192,  110.25477605,  -33.18027838,     87.80211851,  270.9311364 ,   78.86088449,    2.03159833,   -152.6464895 ], [  629.58830401, 1344.11013863, -200.31007658,   81.96386891,     58.15442227,    0.71212802,   72.25450531,   69.77077298,    -47.72227183,   53.48432574,  -19.2446374 ,  -17.63630463,     71.3500098 ], [ -732.02120679, -200.31007658, 1001.60409392,  122.15541363,    -46.03925667,   97.6817915 ,   78.21818999,   55.49862829,    -65.93216623,  -85.13535404,   28.38031401,  -13.02240578,     33.6521253 ], [   14.51286193,   81.96386891,  122.15541363,  447.87622814,    101.46073943,   80.13076759,   28.85028258,  122.82852859,     98.53412432,  -18.5933753 ,   38.82424514,   97.87027837,     53.57214274], [  218.05902959,   58.15442227,  -46.03925667,  101.46073943,    334.57218758,   89.52593571,    4.84435718,   31.19971494,    107.59088182,   61.80521537,   19.60051989,   35.34877811,    -20.17272596], [  164.87455192,    0.71212802,   97.6817915 ,   80.13076759,     89.52593571,  278.58734847,   99.29811558,   56.16583686,    127.28572815,   54.77442203,   72.84776553,   64.5048356 ,     -3.09699814], [  110.25477605,   72.25450531,   78.21818999,   28.85028258,      4.84435718,   99.29811558,  195.9002681 ,   52.79367243,     19.76414961,   60.01563381,   45.1587469 ,    5.13989876,      7.82109373], [  -33.18027838,   69.77077298,   55.49862829,  122.82852859,     31.19971494,   56.16583686,   52.79367243,  147.23474488,     52.57358589,    9.31852516,   29.39344377,   33.0939185 ,     36.8483648 ], [   87.80211851,  -47.72227183,  -65.93216623,   98.53412432,    107.59088182,  127.28572815,   19.76414961,   52.57358589,    229.42956383,   63.10653541,   51.20214488,   79.30420592,     -1.91488951], [  270.9311364 ,   53.48432574,  -85.13535404,  -18.5933753 ,     61.80521537,   54.77442203,   60.01563381,    9.31852516,     63.10653541,  140.40464237,   41.07559356,    4.71761927,    -10.35624398], [   78.86088449,  -19.2446374 ,   28.38031401,   38.82424514,     19.60051989,   72.84776553,   45.1587469 ,   29.39344377,     51.20214488,   41.07559356,  100.50628148,   54.1404174 ,      4.36496379], [    2.03159833,  -17.63630463,  -13.02240578,   97.87027837,     35.34877811,   64.5048356 ,    5.13989876,   33.0939185 ,     79.30420592,    4.71761927,   54.1404174 ,  137.3784353 ,     49.08740213], [ -152.6464895 ,   71.3500098 ,   33.6521253 ,   53.57214274,    -20.17272596,   -3.09699814,    7.82109373,   36.8483648 ,     -1.91488951,  -10.35624398,    4.36496379,   49.08740213,    114.67546216]]
/root/sim/music/out/オフコース/i_(ai)_[Disc_1]/02_Yes-No.mp3; [-596.17993  , 110.35533  ,   8.40488  ,  31.841362 ,  -1.8764704,   -3.8035347,   2.6044195,   3.876838 ,  -8.312061 ,   1.694898 ,    1.3646039,  -1.6272682,   3.6514504]; [[17305.40953651,  -38.66777173, -230.1108248 ,  527.3710049 ,     83.23631418,  -44.09171353,  -23.20749662,   26.40888872,   -146.61919706,  166.99765659,   41.69910642,  -60.24987032,    102.71552511], [  -38.66777173, 1316.8884718 , -195.50535066,   -8.5012598 ,    -25.41441548, -126.64428178,  104.04302128,   12.3975915 ,    -71.39094556,   36.68931152,   24.31611512,   17.43913548,      8.2127557 ], [ -230.1108248 , -195.50535066,  863.87400748,  296.17089944,    -39.56885769,  152.6829998 ,  -73.33078751,   63.59023003,     97.01897765, -130.97800754,    1.9671836 ,   45.23373887,    -21.5422577 ], [  527.3710049 ,   -8.5012598 ,  296.17089944,  458.70627164,     73.68454476,   -9.52996131,  -73.12102162,   64.03276837,     46.7080602 ,  -75.09860177,  -23.4679872 ,   50.73678306,     21.08376348], [   83.23631418,  -25.41441548,  -39.56885769,   73.68454476,    204.47663788,  -14.06616678,  -18.01301295,   -5.49882356,     23.29101482,   34.42293598,   -1.18235835,   -8.97570126,     14.647226  ], [  -44.09171353, -126.64428178,  152.6829998 ,   -9.52996131,    -14.06616678,  318.36555543,   36.27856311,   -1.48406839,     94.31944709,    9.28334713,   12.4867552 ,   22.30227389,    -42.38469755], [  -23.20749662,  104.04302128,  -73.33078751,  -73.12102162,    -18.01301295,   36.27856311,  173.69296052,   19.99810564,    -37.60573731,   44.43241346,   23.6481679 ,  -16.69290473,     -2.21592116], [   26.40888872,   12.3975915 ,   63.59023003,   64.03276837,     -5.49882356,   -1.48406839,   19.99810564,  112.47105675,     26.25776449,  -28.175397  ,    5.24083223,   26.3265478 ,     16.75963582], [ -146.61919706,  -71.39094556,   97.01897765,   46.7080602 ,     23.29101482,   94.31944709,  -37.60573731,   26.25776449,    153.35082749,   21.75585953,   -9.90086731,   20.47586312,    -17.67795154], [  166.99765659,   36.68931152, -130.97800754,  -75.09860177,     34.42293598,    9.28334713,   44.43241346,  -28.175397  ,     21.75585953,  158.85123879,   36.1043928 ,  -41.65548181,    -13.14057872], [   41.69910642,   24.31611512,    1.9671836 ,  -23.4679872 ,     -1.18235835,   12.4867552 ,   23.6481679 ,    5.24083223,     -9.90086731,   36.1043928 ,   95.05088362,   30.26333577,     -1.51223062], [  -60.24987032,   17.43913548,   45.23373887,   50.73678306,     -8.97570126,   22.30227389,  -16.69290473,   26.3265478 ,     20.47586312,  -41.65548181,   30.26333577,  121.30502825,     40.20750043], [  102.71552511,    8.2127557 ,  -21.5422577 ,   21.08376348,     14.647226  ,  -42.38469755,   -2.21592116,   16.75963582,    -17.67795154,  -13.14057872,   -1.51223062,   40.20750043,     99.2516215 ]]
/root/sim/music/out/オフコース/i_(ai)_[Disc_1]/04_秋の気配.mp3; [-671.34485   , 150.07173   ,   5.3887997 ,  14.369626  ,   7.8499327 ,   -7.459882  ,  -3.7476695 ,  -4.8343053 , -12.334306  ,  -0.05382482,   -4.5118003 ,  -4.74269   ,   5.0452094 ]; [[24401.38974524,  115.9351723 ,-2171.72484147, -239.23859952,   -491.99637204, -267.4282862 ,  469.98968443,  219.61985072,    -35.00125457,  497.56161737,  172.18214738, -231.19203554,    -39.70807875], [  115.9351723 , 1411.03750382,   26.37992253,  -17.2818117 ,     92.30140304,   -0.04037814,   14.98433947,   -7.02922398,   -115.98825782,    5.58028227,  -19.6961146 ,  -33.75784994,     27.95127708], [-2171.72484147,   26.37992253,  840.15747613,  132.75337743,     74.64924184,  122.07880994, -131.24847431,   -3.36864707,     48.34167862, -132.59269485,    0.74861232,   86.80589577,     22.28820773], [ -239.23859952,  -17.2818117 ,  132.75337743,  317.98691877,    107.03697032,   -4.56454851,  -77.52980058,   35.06719674,     39.03886523,  -50.12997338,  -13.06423377,   47.85861877,     22.87357884], [ -491.99637204,   92.30140304,   74.64924184,  107.03697032,    243.61921928,   24.35092314,  -77.91586586,    3.18977169,     40.47924443,  -17.0839981 ,   -7.34987902,   37.3895314 ,      6.72808523], [ -267.4282862 ,   -0.04037814,  122.07880994,   -4.56454851,     24.35092314,  210.10161769,   46.39767687,  -13.05257269,     38.21568668,    9.48948109,   28.78777587,   19.75223354,     -5.3866371 ], [  469.98968443,   14.98433947, -131.24847431,  -77.52980058,    -77.91586586,   46.39767687,  251.4949926 ,   30.37388543,    -22.38968402,   97.58563928,   27.48095442,  -31.61844489,     -6.20464555], [  219.61985072,   -7.02922398,   -3.36864707,   35.06719674,      3.18977169,  -13.05257269,   30.37388543,  145.77025249,     38.53948875,    2.91608122,    8.43117705,   14.13056318,     20.03666902], [  -35.00125457, -115.98825782,   48.34167862,   39.03886523,     40.47924443,   38.21568668,  -22.38968402,   38.53948875,    180.80997493,   21.06053097,    0.2966279 ,   29.09355768,     -5.97458081], [  497.56161737,    5.58028227, -132.59269485,  -50.12997338,    -17.0839981 ,    9.48948109,   97.58563928,    2.91608122,     21.06053097,  176.41779697,   29.40027522,  -35.03249408,     -6.30289232], [  172.18214738,  -19.6961146 ,    0.74861232,  -13.06423377,     -7.34987902,   28.78777587,   27.48095442,    8.43117705,      0.2966279 ,   29.40027522,  102.10676242,   24.2586616 ,      1.7867508 ], [ -231.19203554,  -33.75784994,   86.80589577,   47.85861877,     37.3895314 ,   19.75223354,  -31.61844489,   14.13056318,     29.09355768,  -35.03249408,   24.2586616 ,  118.74564896,     32.13885806], [  -39.70807875,   27.95127708,   22.28820773,   22.87357884,      6.72808523,   -5.3866371 ,   -6.20464555,   20.03666902,     -5.97458081,   -6.30289232,    1.7867508 ,   32.13885806,     96.19871126]]
/root/sim/music/out/オフコース/i_(ai)_[Disc_2]/15_君住む街へ.mp3; [-571.69855  , 111.862785 ,   4.868562 ,  20.570513 ,   1.3586029,  -11.196998 ,  -4.904126 ,   0.487698 ,  -5.9989924,   2.9398248,   -1.5461463,  -1.6389278,   2.362306 ]; [[14003.87993481,-1089.26372263, -597.14030781,  306.77185769,    332.16059055,  181.23116506,  -33.13327918,  173.57733889,    121.08966982,   40.71621583,  161.00997782,    7.20963316,    107.56282305], [-1089.26372263, 1342.43578425,   49.35559504,  -55.03002204,   -101.57078642,  -85.54794592,   99.9177954 ,   34.21075304,    -68.62608773,   54.53502861,   26.72634475,  -25.06368159,     38.57002487], [ -597.14030781,   49.35559504,  567.11202197,   34.88454842,     -2.27926917,   96.79870566,   28.28180412,   24.6942761 ,     51.8126367 ,  -22.93898092,   39.99128417,   52.61402464,     17.24417928], [  306.77185769,  -55.03002204,   34.88454842,  295.81408706,    121.76989853,   18.32142331,   -4.52737676,   42.13203839,     47.33326682,   18.97947895,  -12.32326308,   41.32856293,     27.89948447], [  332.16059055, -101.57078642,   -2.27926917,  121.76989853,    235.66060357,   57.98403299,  -32.62854349,   13.73611421,     72.32377853,   20.8961478 ,    3.1860005 ,   22.7518569 ,     13.78691149], [  181.23116506,  -85.54794592,   96.79870566,   18.32142331,     57.98403299,  206.58305295,   62.52952287,   22.91592931,     58.69708858,   19.11991385,   43.08756308,   52.33401523,     12.61226573], [  -33.13327918,   99.9177954 ,   28.28180412,   -4.52737676,    -32.62854349,   62.52952287,  219.97755693,   65.5415863 ,     -6.07338872,   46.28651798,   29.41047795,   20.49240725,     25.62611632], [  173.57733889,   34.21075304,   24.6942761 ,   42.13203839,     13.73611421,   22.91592931,   65.5415863 ,  135.4441295 ,     33.95382671,   23.0672532 ,   26.20170275,   12.14114467,     31.2785232 ], [  121.08966982,  -68.62608773,   51.8126367 ,   47.33326682,     72.32377853,   58.69708858,   -6.07338872,   33.95382671,    153.01909216,   31.61782419,    7.67791214,   37.40239428,      4.21049491], [   40.71621583,   54.53502861,  -22.93898092,   18.97947895,     20.8961478 ,   19.11991385,   46.28651798,   23.0672532 ,     31.61782419,  148.8947934 ,   24.77844742,    3.77460306,     11.31305212], [  161.00997782,   26.72634475,   39.99128417,  -12.32326308,      3.1860005 ,   43.08756308,   29.41047795,   26.20170275,      7.67791214,   24.77844742,  121.43601978,   16.1287948 ,     10.44221566], [    7.20963316,  -25.06368159,   52.61402464,   41.32856293,     22.7518569 ,   52.33401523,   20.49240725,   12.14114467,     37.40239428,    3.77460306,   16.1287948 ,  108.77694607,     26.82650054], [  107.56282305,   38.57002487,   17.24417928,   27.89948447,     13.78691149,   12.61226573,   25.62611632,   31.2785232 ,      4.21049491,   11.31305212,   10.44221566,   26.82650054,     92.66902568]]
