/root/sim/music/out/Liam_Gallagher/As_You_Were/01-Wall_Of_Glass.mp3; [-489.1473    ,  82.94607   ,   9.258508  ,  21.540174  ,   6.937125  ,   21.14014   ,  -0.7990733 ,   8.227821  ,   0.7888948 ,  -1.0404835 ,   -0.56606704,  -0.41979462,   1.2525474 ]; [[8291.53915344,-370.55108299,1050.63750255, 432.65863374, 456.39883207,   585.76986776, 196.60327995, 192.94690311, 121.44268686, 169.06855776,   165.96352805,  53.36969234,  59.58259422], [-370.55108299, 645.48577674,-233.37066654,  21.61033889, -66.38655448,   -21.69616778,  41.31552104,   8.12190299,  -3.72061673, -11.67989234,     8.14240045,  14.22166451,  25.7826162 ], [1050.63750255,-233.37066654, 971.15794894,  17.40072984, 273.26516412,   167.0158705 ,  79.61991689, 151.62076435, 138.03622135,  90.80547523,    84.97077891,  42.69033053,  63.27791959], [ 432.65863374,  21.61033889,  17.40072984, 274.79637047, 118.30060043,    59.20286294,  75.23529876,  54.78343953,  55.44612323,  37.22847142,    20.35825399,  37.32679238,   5.71837226], [ 456.39883207, -66.38655448, 273.26516412, 118.30060043, 289.14514603,   130.21772791, 127.5415478 ,  74.59910082,  95.66528388,  74.46680475,    59.36338532,  52.74094735,  13.86553825], [ 585.76986776, -21.69616778, 167.0158705 ,  59.20286294, 130.21772791,   213.20610105, 124.68195405,  53.0123435 ,  39.53094384,  66.94619598,    69.97871864,  30.19611694,  20.42057725], [ 196.60327995,  41.31552104,  79.61991689,  75.23529876, 127.5415478 ,   124.68195405, 233.27570391,  76.38080836,  56.30847353,  56.85348185,    61.90236478,  60.80072487,   7.33742954], [ 192.94690311,   8.12190299, 151.62076435,  54.78343953,  74.59910082,    53.0123435 ,  76.38080836, 167.56375004,  68.36254107,  28.67344088,    25.54954602,  19.3254913 ,   8.20668226], [ 121.44268686,  -3.72061673, 138.03622135,  55.44612323,  95.66528388,    39.53094384,  56.30847353,  68.36254107, 122.33691633,  51.43337638,    19.48781641,  25.82011324,  15.88390804], [ 169.06855776, -11.67989234,  90.80547523,  37.22847142,  74.46680475,    66.94619598,  56.85348185,  28.67344088,  51.43337638,  92.84068556,    52.74089294,  18.48396614,  11.18625445], [ 165.96352805,   8.14240045,  84.97077891,  20.35825399,  59.36338532,    69.97871864,  61.90236478,  25.54954602,  19.48781641,  52.74089294,    88.45181317,  37.91480553,  17.70652122], [  53.36969234,  14.22166451,  42.69033053,  37.32679238,  52.74094735,    30.19611694,  60.80072487,  19.3254913 ,  25.82011324,  18.48396614,    37.91480553,  81.23856119,  34.55154523], [  59.58259422,  25.7826162 ,  63.27791959,   5.71837226,  13.86553825,    20.42057725,   7.33742954,   8.20668226,  15.88390804,  11.18625445,    17.70652122,  34.55154523,  75.99618457]]
/root/sim/music/out/Liam_Gallagher/As_You_Were/04-Paper_Crown.mp3; [-543.2305   , 120.068825 ,  18.354942 ,  17.570978 ,   8.193652 ,    3.059473 ,  -6.441531 ,   4.0096507,   0.5878236,   4.845787 ,    3.2837057,   3.421484 ,   0.7519948]; [[10404.38522527,-1747.51838503,  236.44564688, -244.3888176 ,     -3.87194151,   79.13638323,  -42.13630357,  170.76005332,    144.43257907,  171.29034575,  -18.27929917,  -79.35752094,    171.10459721], [-1747.51838503, 1651.01112885, -381.17554548,  114.38590343,     47.5756356 ,   13.76650335,  112.69215716,   57.75379134,    -17.27615669,   28.90167816,   25.20072119,   12.59843903,      4.15583742], [  236.44564688, -381.17554548,  454.79051017,  -42.9292957 ,     20.71338979,   14.38202123,   -9.83319395,    2.41170685,     -1.58889048,  -15.99691561,    8.24024144,   32.68209423,      4.40860608], [ -244.3888176 ,  114.38590343,  -42.9292957 ,  387.09762567,    116.58177794,    4.50432433,  -45.95082246,  -53.54773905,     47.17802188,  -40.3463597 ,  -17.63253911,   53.9944456 ,     23.94539191], [   -3.87194151,   47.5756356 ,   20.71338979,  116.58177794,    233.81450854,   27.23116962,  -21.530022  ,  -17.66971062,     38.17487122,    1.65933911,   -4.16941697,   20.6246452 ,     16.75652787], [   79.13638323,   13.76650335,   14.38202123,    4.50432433,     27.23116962,  159.47903792,   38.75927398,   10.39368192,      7.46508711,   23.87848324,   16.49347468,    2.01730346,      0.30667974], [  -42.13630357,  112.69215716,   -9.83319395,  -45.95082246,    -21.530022  ,   38.75927398,  178.88852452,   40.73226016,    -12.16173801,   12.67771124,   19.01699629,   -1.17185509,     -5.16853392], [  170.76005332,   57.75379134,    2.41170685,  -53.54773905,    -17.66971062,   10.39368192,   40.73226016,  128.13746774,     11.55605281,   23.52542014,   12.01377328,    0.02567619,     16.93617318], [  144.43257907,  -17.27615669,   -1.58889048,   47.17802188,     38.17487122,    7.46508711,  -12.16173801,   11.55605281,    117.87856945,   21.54334825,   -1.6137689 ,    3.03393109,     12.43357709], [  171.29034575,   28.90167816,  -15.99691561,  -40.3463597 ,      1.65933911,   23.87848324,   12.67771124,   23.52542014,     21.54334825,  106.00940166,   27.54131832,  -19.97001636,      5.99680211], [  -18.27929917,   25.20072119,    8.24024144,  -17.63253911,     -4.16941697,   16.49347468,   19.01699629,   12.01377328,     -1.6137689 ,   27.54131832,   78.39475593,   22.13622621,     -1.81798763], [  -79.35752094,   12.59843903,   32.68209423,   53.9944456 ,     20.6246452 ,    2.01730346,   -1.17185509,    0.02567619,      3.03393109,  -19.97001636,   22.13622621,   97.48300281,     11.25441988], [  171.10459721,    4.15583742,    4.40860608,   23.94539191,     16.75652787,    0.30667974,   -5.16853392,   16.93617318,     12.43357709,    5.99680211,   -1.81798763,   11.25441988,     80.7385286 ]]
/root/sim/music/out/Liam_Gallagher/As_You_Were/07-You_Better_Run.mp3; [-491.80954  , 110.74006  ,   3.4472659,  32.51643  ,   6.540574 ,   16.639593 ,   2.1628897,  11.022882 ,   1.5102223,   4.401902 ,    0.8681169,  -0.6023458,  -0.1724911]; [[12987.16075464,-1519.31698323,-1271.68503955, -504.06415298,   -207.30445475,  315.05138017,  137.10594993,  368.47139089,    107.77712926,   97.69149896,   25.9335087 , -112.24321696,   -209.80626424], [-1519.31698323, 1097.05374859,  -16.67614374,  159.48558508,     35.75405132,  -20.30897243,   39.73329856,   -1.55752675,      2.53149071,   27.06047044,   27.52996589,   48.01805348,     63.93481523], [-1271.68503955,  -16.67614374,  454.38481714,   59.84052553,     34.29837532,  -49.87952811,  -48.74299733,  -68.79972039,    -16.4667537 ,  -32.83919111,  -18.55489537,   -0.05650723,     11.06368717], [ -504.06415298,  159.48558508,   59.84052553,  208.23537112,     51.19087617,  -19.89797233,  -19.25447687,  -23.57924608,     25.3444986 ,    5.96847811,   -5.38676417,   24.2556037 ,     21.14633756], [ -207.30445475,   35.75405132,   34.29837532,   51.19087617,    104.60899552,    4.26363651,  -10.42079737,  -10.28553653,     19.903975  ,    4.37127525,    2.02122067,    9.98957923,      8.89829707], [  315.05138017,  -20.30897243,  -49.87952811,  -19.89797233,      4.26363651,   94.23297463,   40.37072778,   32.87633828,      0.91197664,   16.859789  ,   17.15628293,    1.97945921,      2.44388718], [  137.10594993,   39.73329856,  -48.74299733,  -19.25447687,    -10.42079737,   40.37072778,   97.61749713,   36.07245933,     -4.70187873,   11.2885657 ,   12.41522203,    8.71215284,      0.3508436 ], [  368.47139089,   -1.55752675,  -68.79972039,  -23.57924608,    -10.28553653,   32.87633828,   36.07245933,   89.7826782 ,     24.318817  ,   16.64188128,   10.81010491,    5.70840673,      5.07365949], [  107.77712926,    2.53149071,  -16.4667537 ,   25.3444986 ,     19.903975  ,    0.91197664,   -4.70187873,   24.318817  ,     73.9992147 ,   22.4050315 ,   -0.61691593,    0.55181868,      2.68367824], [   97.69149896,   27.06047044,  -32.83919111,    5.96847811,      4.37127525,   16.859789  ,   11.2885657 ,   16.64188128,     22.4050315 ,   62.62891283,   25.96834008,    0.76473621,     -1.44316229], [   25.9335087 ,   27.52996589,  -18.55489537,   -5.38676417,      2.02122067,   17.15628293,   12.41522203,   10.81010491,     -0.61691593,   25.96834008,   55.59995032,   17.45794908,      1.71078697], [ -112.24321696,   48.01805348,   -0.05650723,   24.2556037 ,      9.98957923,    1.97945921,    8.71215284,    5.70840673,      0.55181868,    0.76473621,   17.45794908,   51.26317315,     25.23938211], [ -209.80626424,   63.93481523,   11.06368717,   21.14633756,      8.89829707,    2.44388718,    0.3508436 ,    5.07365949,      2.68367824,   -1.44316229,    1.71078697,   25.23938211,     54.67285845]]
/root/sim/music/out/Liam_Gallagher/As_You_Were/16-For_What_It's_Worth_[Live].mp3; [-541.6563    , 119.58567   ,  12.142345  ,  24.620579  ,  11.166225  ,   16.183619  ,  -0.52365947,  10.187118  ,   0.82855827,   8.801434  ,    3.4551156 ,  -2.2913    ,  -1.2779583 ]; [[12944.68054043, -747.50303741,  164.10135649, -143.95779523,   -137.359827  ,  107.19891698, -243.5058737 ,  149.15583526,   -185.88031273,   46.08973375,  -67.4012301 , -232.07049864,   -107.59308379], [ -747.50303741, 1539.80586619, -502.0956449 ,  228.39727099,    102.10411539,  -18.04657841,  114.25294398,   18.65366351,     49.1614715 ,   28.48253731,   34.33026644,   52.08012751,     24.96002112], [  164.10135649, -502.0956449 ,  652.56153372,  -96.24284368,     11.83171562,   54.33355559,  -60.62466958,   12.06786273,      1.91739495,    5.22968375,   22.54656023,   12.48096313,    -15.55138477], [ -143.95779523,  228.39727099,  -96.24284368,  236.86300352,     48.43542402,   20.21915955,   20.6795248 ,  -16.5408652 ,     44.35985487,  -15.29295831,   -9.73452429,   12.78586878,     24.5213138 ], [ -137.359827  ,  102.10411539,   11.83171562,   48.43542402,    171.59960169,   17.23816126,   39.76736615,    2.04724607,     37.74103129,  -14.71357783,   -2.25520937,   16.15599133,      0.93372934], [  107.19891698,  -18.04657841,   54.33355559,   20.21915955,     17.23816126,  117.55195175,   27.78330943,   20.82375279,      4.90211745,   17.11420072,    5.73256975,   -0.54190301,      1.13634006], [ -243.5058737 ,  114.25294398,  -60.62466958,   20.6795248 ,     39.76736615,   27.78330943,  147.49184281,    9.11354983,     12.41608516,    9.58496629,    4.94759213,    9.858577  ,      6.39498766], [  149.15583526,   18.65366351,   12.06786273,  -16.5408652 ,      2.04724607,   20.82375279,    9.11354983,  100.88022508,      8.43018848,   22.1983741 ,   19.00228882,    2.55323857,     -0.36736066], [ -185.88031273,   49.1614715 ,    1.91739495,   44.35985487,     37.74103129,    4.90211745,   12.41608516,    8.43018848,     92.2834494 ,    2.00304689,    6.0670623 ,   16.03154716,      9.07183207], [   46.08973375,   28.48253731,    5.22968375,  -15.29295831,    -14.71357783,   17.11420072,    9.58496629,   22.1983741 ,      2.00304689,   89.47824427,   31.38614151,    4.60049436,      9.78021001], [  -67.4012301 ,   34.33026644,   22.54656023,   -9.73452429,     -2.25520937,    5.73256975,    4.94759213,   19.00228882,      6.0670623 ,   31.38614151,   71.64034303,   16.74425195,      9.01066041], [ -232.07049864,   52.08012751,   12.48096313,   12.78586878,     16.15599133,   -0.54190301,    9.858577  ,    2.55323857,     16.03154716,    4.60049436,   16.74425195,   62.8869865 ,     19.18006676], [ -107.59308379,   24.96002112,  -15.55138477,   24.5213138 ,      0.93372934,    1.13634006,    6.39498766,   -0.36736066,      9.07183207,    9.78021001,    9.01066041,   19.18006676,     63.58625015]]
/root/sim/music/out/Liam_Gallagher/As_You_Were/03-Greedy_Soul.mp3; [-503.07803   , 105.911125  ,   3.411845  ,  26.2883    ,   7.065569  ,   23.031519  ,  11.325759  ,  12.947146  ,   1.635917  ,   8.1310835 ,    3.982119  ,  -1.2554241 ,  -0.59504354]; [[12859.06867313,-1401.81360244,-1130.70734844, -494.49107028,    -18.92338708,  547.80582704,  345.06048722,  241.01516134,      8.89451291,  154.42752628,   42.17978431,  -16.48818724,    134.51059698], [-1401.81360244, 1000.01030851,  -66.92607476,  138.57680607,    -50.48395541,  -88.57954903,   32.49961255,    5.3440778 ,      7.7589145 ,   21.86251631,   54.21206207,   19.91107386,      0.99425407], [-1130.70734844,  -66.92607476,  416.84724056,   37.61518166,     12.68488774,  -74.89112819, -108.60131448,  -28.89375623,     -7.42248412,  -33.14435582,  -33.3417803 ,  -16.011111  ,    -38.90167431], [ -494.49107028,  138.57680607,   37.61518166,  190.54094343,     48.68152508,  -12.67137555,   -0.08292649,   12.59390037,     27.26919143,  -11.22287131,    5.54013833,   23.41858815,     19.89643733], [  -18.92338708,  -50.48395541,   12.68488774,   48.68152508,     98.18780399,   28.49900181,    9.74490986,    0.78703545,     13.37332941,    0.25984675,   -2.33013093,   14.00453364,      8.23987927], [  547.80582704,  -88.57954903,  -74.89112819,  -12.67137555,     28.49900181,  131.26190333,   73.98047642,   28.28467773,     -4.15327757,   19.80150725,   18.56158222,    6.5603211 ,     18.38546532], [  345.06048722,   32.49961255, -108.60131448,   -0.08292649,      9.74490986,   73.98047642,  135.50656751,   44.16091164,      6.23489743,   20.12050433,   27.01009137,   12.74494263,     15.13421181], [  241.01516134,    5.3440778 ,  -28.89375623,   12.59390037,      0.78703545,   28.28467773,   44.16091164,   84.57050775,     26.39703867,   13.80398877,   11.99390976,    6.69989611,     16.13024277], [    8.89451291,    7.7589145 ,   -7.42248412,   27.26919143,     13.37332941,   -4.15327757,    6.23489743,   26.39703867,     63.6948374 ,   19.32186184,    1.38413833,    4.20913146,      6.65398474], [  154.42752628,   21.86251631,  -33.14435582,  -11.22287131,      0.25984675,   19.80150725,   20.12050433,   13.80398877,     19.32186184,   56.31313018,   26.93883556,    0.56251799,      5.56184597], [   42.17978431,   54.21206207,  -33.3417803 ,    5.54013833,     -2.33013093,   18.56158222,   27.01009137,   11.99390976,      1.38413833,   26.93883556,   60.159345  ,   19.01645231,      7.16118107], [  -16.48818724,   19.91107386,  -16.011111  ,   23.41858815,     14.00453364,    6.5603211 ,   12.74494263,    6.69989611,      4.20913146,    0.56251799,   19.01645231,   55.01419488,     24.73217423], [  134.51059698,    0.99425407,  -38.90167431,   19.89643733,      8.23987927,   18.38546532,   15.13421181,   16.13024277,      6.65398474,    5.56184597,    7.16118107,   24.73217423,     58.32396613]]
/root/sim/music/out/Liam_Gallagher/As_You_Were/11-Universal_Gleam.mp3; [-544.10034   , 123.32092   , -10.09141   ,  11.628743  ,  -1.5372958 ,    3.3300366 ,  -8.731593  ,   2.7677917 ,  -4.746734  ,   0.6698004 ,   -2.380143  ,  -5.9595127 ,  -0.58134985]; [[9334.40588039,-368.52772872,-721.2229732 ,-122.96425109, 165.09188557,   181.43356749, -59.43553954, -40.30725416,-237.44073252, -16.77873741,  -156.41642941,-162.32003899,  32.70820254], [-368.52772872,1397.44464643,-208.7097848 ,   3.55857004, -30.10302339,  -127.24712576,  70.16527383,  45.0061788 ,  43.3540593 ,  60.92802839,    34.48889512,  16.61554005,   1.21821777], [-721.2229732 ,-208.7097848 , 443.83382991,  27.47931465,  22.89093044,    15.45172572,  -0.04590607,  41.92167352,  28.44510752, -24.67840966,    36.88562364,  32.59759068, -12.22525316], [-122.96425109,   3.55857004,  27.47931465, 321.50748689, 103.78912854,    17.53580339,  11.03311533, -26.1982931 ,  40.65492211, -18.95201148,    16.12890283,  37.03578979,  17.72380362], [ 165.09188557, -30.10302339,  22.89093044, 103.78912854, 212.80341847,    60.40027423,  34.89902827,   5.31777542,  25.8699359 ,   8.04997963,    17.52500344,  28.11822812,  18.04313402], [ 181.43356749,-127.24712576,  15.45172572,  17.53580339,  60.40027423,   155.61426882,  39.44685425,  22.79636306,  -2.70844469,   9.54256172,    14.96223085,  -4.32696428,   4.1355953 ], [ -59.43553954,  70.16527383,  -0.04590607,  11.03311533,  34.89902827,    39.44685425, 151.50450162,  52.13599064,  35.49942502,  29.87918335,    30.76974119,  30.36944922,   5.9194056 ], [ -40.30725416,  45.0061788 ,  41.92167352, -26.1982931 ,   5.31777542,    22.79636306,  52.13599064, 117.10743833,  36.02866236,  28.95991645,    22.38344145,  13.52768518,  11.18513638], [-237.44073252,  43.3540593 ,  28.44510752,  40.65492211,  25.8699359 ,    -2.70844469,  35.49942502,  36.02866236, 111.25892028,  49.94134221,    23.90562576,  20.93209262,  18.94572739], [ -16.77873741,  60.92802839, -24.67840966, -18.95201148,   8.04997963,     9.54256172,  29.87918335,  28.95991645,  49.94134221, 107.86898562,    40.37121203,   4.29373044,  10.5187707 ], [-156.41642941,  34.48889512,  36.88562364,  16.12890283,  17.52500344,    14.96223085,  30.76974119,  22.38344145,  23.90562576,  40.37121203,    80.25739339,  29.32954684,  -2.36384562], [-162.32003899,  16.61554005,  32.59759068,  37.03578979,  28.11822812,    -4.32696428,  30.36944922,  13.52768518,  20.93209262,   4.29373044,    29.32954684,  72.6445139 ,  16.16513319], [  32.70820254,   1.21821777, -12.22525316,  17.72380362,  18.04313402,     4.1355953 ,   5.9194056 ,  11.18513638,  18.94572739,  10.5187707 ,    -2.36384562,  16.16513319,  67.4170513 ]]
/root/sim/music/out/Liam_Gallagher/As_You_Were/12-I've_All_I_Need.mp3; [-554.2014    , 127.56357   ,  -6.214861  ,  27.808304  ,   8.732     ,   15.706448  ,   5.9559407 ,   8.590002  ,  -0.01741296,   1.1524686 ,   -0.24316911,  -1.855369  ,  -0.15810533]; [[14313.73162156,-1459.83570896,-1353.9724107 , -507.73493623,   -320.74945949,  240.56569513,  124.17912747,  143.57655702,    112.70051937,  149.97906993,  -57.39421299, -168.77778273,     -6.00610449], [-1459.83570896, 1239.29565491,  -74.22843218,   86.94494013,      7.72553695, -106.30642597,   16.87709241,   51.4827096 ,    -19.69534192,    8.23136835,   16.77096926,   47.27961294,     14.21132996], [-1353.9724107 ,  -74.22843218,  548.80345525,   75.21171259,     70.86992567,   22.3470338 ,  -20.20657959,  -22.21302241,     -9.46915997,  -26.50804655,    6.57141587,   20.81544091,     -2.82100802], [ -507.73493623,   86.94494013,   75.21171259,  298.50621609,    105.42360724,   -1.72621808,   -5.02290415,  -30.37784859,     31.18940057,    2.05502279,    5.24969041,   26.61938343,      8.67546572], [ -320.74945949,    7.72553695,   70.86992567,  105.42360724,    144.6033325 ,   22.53715346,   12.41118778,  -15.60445638,     23.62752265,   18.54112487,   14.02092752,   19.66077479,     11.84293837], [  240.56569513, -106.30642597,   22.3470338 ,   -1.72621808,     22.53715346,  107.08260882,   43.65415606,   19.41272761,     13.5191593 ,   25.3259017 ,    8.19717977,    0.75422641,      8.45263691], [  124.17912747,   16.87709241,  -20.20657959,   -5.02290415,     12.41118778,   43.65415606,  118.54635873,   56.22176691,     25.06699205,   27.94885745,    7.91889816,   18.64546449,     13.15851937], [  143.57655702,   51.4827096 ,  -22.21302241,  -30.37784859,    -15.60445638,   19.41272761,   56.22176691,  106.68640021,     30.38780016,   24.13870018,    6.99656731,   12.81573552,      9.95784903], [  112.70051937,  -19.69534192,   -9.46915997,   31.18940057,     23.62752265,   13.5191593 ,   25.06699205,   30.38780016,     79.38578413,   38.08275053,   11.73205639,    6.34267014,     10.1626157 ], [  149.97906993,    8.23136835,  -26.50804655,    2.05502279,     18.54112487,   25.3259017 ,   27.94885745,   24.13870018,     38.08275053,   81.5736632 ,   25.23326809,    6.25736546,     12.82262333], [  -57.39421299,   16.77096926,    6.57141587,    5.24969041,     14.02092752,    8.19717977,    7.91889816,    6.99656731,     11.73205639,   25.23326809,   54.77365967,   26.76680881,      9.51936631], [ -168.77778273,   47.27961294,   20.81544091,   26.61938343,     19.66077479,    0.75422641,   18.64546449,   12.81573552,      6.34267014,    6.25736546,   26.76680881,   60.1094833 ,     22.6554545 ], [   -6.00610449,   14.21132996,   -2.82100802,    8.67546572,     11.84293837,    8.45263691,   13.15851937,    9.95784903,     10.1626157 ,   12.82262333,    9.51936631,   22.6554545 ,     48.97761066]]
/root/sim/music/out/Liam_Gallagher/As_You_Were/06-When_I'm_In_Need.mp3; [-542.7133    , 116.87512   , -17.02525   ,  23.362076  ,  -8.396476  ,    1.0804396 ,  -4.177176  ,   3.253453  ,  -5.1330986 ,   2.4943972 ,   -0.64343005,  -4.2707915 ,  -3.2959635 ]; [[17311.59274596,-1526.51935596, 2581.7647747 , 1086.95966093,   1918.41634914, 1968.05470827,  881.52844392,  662.41577891,     92.63601717,  304.51176634,  330.26617913,  639.44866418,    551.37185129], [-1526.51935596, 1241.31521906, -554.77259924, -122.24520713,   -291.14715821, -281.51414221,  -67.03225214,  -66.74988561,    -86.49957014,  -58.66359685,  -74.90716317, -120.59831057,    -63.58010055], [ 2581.7647747 , -554.77259924, 1273.86120548,  149.21596361,    750.40279897,  581.64725073,  230.25542166,  223.19274503,    116.91399022,  214.37338877,  212.77555864,  262.95270777,    180.50062088], [ 1086.95966093, -122.24520713,  149.21596361,  441.48032296,    173.26705998,  108.40331596,   39.1453541 ,   -4.85908725,      3.51968735,  -59.57616121,  -17.7112281 ,   52.00179336,     43.21780949], [ 1918.41634914, -291.14715821,  750.40279897,  173.26705998,    713.50066961,  435.08315783,  204.57484792,  160.35044278,    137.61696946,  198.95304717,  172.94024247,  206.94691465,    142.81380831], [ 1968.05470827, -281.51414221,  581.64725073,  108.40331596,    435.08315783,  487.45032308,  194.85067856,  158.32169048,     58.64991343,  154.40406073,  134.38332914,  140.78336017,    119.88289577], [  881.52844392,  -67.03225214,  230.25542166,   39.1453541 ,    204.57484792,  194.85067856,  185.23408714,   81.73226541,     32.35842546,   58.53260364,   58.80055856,   72.24054786,     51.35601171], [  662.41577891,  -66.74988561,  223.19274503,   -4.85908725,    160.35044278,  158.32169048,   81.73226541,  140.22554836,     54.35087382,   82.46305856,   61.32510061,   64.6282719 ,     52.77681865], [   92.63601717,  -86.49957014,  116.91399022,    3.51968735,    137.61696946,   58.64991343,   32.35842546,   54.35087382,    145.0081481 ,   87.47090823,   55.16214821,   52.34838536,     27.97134398], [  304.51176634,  -58.66359685,  214.37338877,  -59.57616121,    198.95304717,  154.40406073,   58.53260364,   82.46305856,     87.47090823,  201.77291409,  115.25854771,   63.75882592,     54.84575499], [  330.26617913,  -74.90716317,  212.77555864,  -17.7112281 ,    172.94024247,  134.38332914,   58.80055856,   61.32510061,     55.16214821,  115.25854771,  129.36222902,   80.07884075,     45.04996299], [  639.44866418, -120.59831057,  262.95270777,   52.00179336,    206.94691465,  140.78336017,   72.24054786,   64.6282719 ,     52.34838536,   63.75882592,   80.07884075,  131.8083409 ,     66.39130515], [  551.37185129,  -63.58010055,  180.50062088,   43.21780949,    142.81380831,  119.88289577,   51.35601171,   52.77681865,     27.97134398,   54.84575499,   45.04996299,   66.39130515,     95.42916755]]
/root/sim/music/out/Liam_Gallagher/As_You_Were/08-I_Get_By.mp3; [-472.59988   , 101.79696   ,   0.7897346 ,  34.25189   ,   8.1368    ,   17.64419   ,   1.8795087 ,   8.518333  ,   1.3086267 ,   1.5624709 ,   -0.64421463,   0.50145495,  -0.45399714]; [[ 7763.82556475,-1091.2838151 , -519.54372165, -325.60730811,     66.14151643,  247.58632248,   92.96207835,  219.5678595 ,    -30.89211099,   70.77807025,  -79.59621086,  -66.0761521 ,    -61.82210277], [-1091.2838151 ,  835.75804601,   -1.34415961,  156.03159677,    -54.59278579,  -77.73622896,  -19.57474137,  -60.69638703,     13.90785916,    9.14611175,   37.15316683,   47.94073774,     36.94653102], [ -519.54372165,   -1.34415961,  251.79600893,    3.35629898,      3.68997137,  -25.98028412,  -44.35931728,  -19.33608414,     -0.38615225,  -17.83603363,   23.30806617,   -3.4244798 ,     11.49176006], [ -325.60730811,  156.03159677,    3.35629898,  170.00992122,     29.96419865,  -20.90942451,  -16.47140981,  -23.54355457,     24.21634552,   -9.48485821,   -5.28017326,   24.60714119,     16.17682132], [   66.14151643,  -54.59278579,    3.68997137,   29.96419865,     80.53307493,   23.11742637,   16.34797993,   10.32345892,      9.87840126,    7.33046586,   -3.51305689,    4.86921773,      3.91641996], [  247.58632248,  -77.73622896,  -25.98028412,  -20.90942451,     23.11742637,   90.22878447,   49.38075709,   32.40802793,     -0.79333917,   10.99447439,    5.60787139,   -6.89719526,     -3.51521468], [   92.96207835,  -19.57474137,  -44.35931728,  -16.47140981,     16.34797993,   49.38075709,  102.93890485,   47.97119189,      6.2075433 ,    5.96992771,    2.91581841,    9.25146224,     -7.51254689], [  219.5678595 ,  -60.69638703,  -19.33608414,  -23.54355457,     10.32345892,   32.40802793,   47.97119189,   91.12282025,     28.90053058,   16.54430092,    1.12879981,    3.08449692,      0.48925352], [  -30.89211099,   13.90785916,   -0.38615225,   24.21634552,      9.87840126,   -0.79333917,    6.2075433 ,   28.90053058,     61.23486241,   26.4681687 ,    8.84736427,    5.75723555,      3.4436452 ], [   70.77807025,    9.14611175,  -17.83603363,   -9.48485821,      7.33046586,   10.99447439,    5.96992771,   16.54430092,     26.4681687 ,   61.4773891 ,   26.03846762,    4.93782273,     -2.36258977], [  -79.59621086,   37.15316683,   23.30806617,   -5.28017326,     -3.51305689,    5.60787139,    2.91581841,    1.12879981,      8.84736427,   26.03846762,   57.73413685,   19.05904354,      6.91989416], [  -66.0761521 ,   47.94073774,   -3.4244798 ,   24.60714119,      4.86921773,   -6.89719526,    9.25146224,    3.08449692,      5.75723555,    4.93782273,   19.05904354,   52.6124455 ,     22.25691342], [  -61.82210277,   36.94653102,   11.49176006,   16.17682132,      3.91641996,   -3.51521468,   -7.51254689,    0.48925352,      3.4436452 ,   -2.36258977,    6.91989416,   22.25691342,     47.60620407]]
/root/sim/music/out/Liam_Gallagher/As_You_Were/13-Doesn't_Have_To_Be_That_Way.mp3; [-492.22803   ,  83.60013   ,  18.524931  ,  28.114483  ,   6.989345  ,   19.212086  ,  -3.1122665 ,   7.6980696 ,   5.3015633 ,   4.801688  ,   -0.7739816 ,  -3.9182603 ,   0.00387693]; [[14388.53946985, -580.98485023, 1933.27897681, 1050.79440718,    582.09246823, 1161.96859652,  504.73208384,  729.58162773,    334.64568045,   11.69373913, -128.8481686 , -265.43218598,    -82.36981503], [ -580.98485023,  678.74552462, -385.35328089,   -5.5774624 ,    -45.42711249, -152.66896001,    0.35766587,  -74.86908188,     -4.89316318,   36.28427518,    7.03113384,   55.5111901 ,     37.37761201], [ 1933.27897681, -385.35328089,  795.5373117 ,  160.17591863,    120.15247417,  266.34754743,  103.49038633,  218.92857183,     71.70393391,  -23.7204327 ,    7.55476136,  -66.87418525,    -15.28891717], [ 1050.79440718,   -5.5774624 ,  160.17591863,  210.82847737,     82.15353703,  105.70199108,   61.27252687,   63.66184414,     50.63200513,    6.4372017 ,    1.00473549,    2.41520265,     16.73967747], [  582.09246823,  -45.42711249,  120.15247417,   82.15353703,    166.33892263,   98.65225647,   71.60281782,   24.52118158,     30.55753098,   11.60448187,  -15.26590119,   -4.29353814,     -7.65643319], [ 1161.96859652, -152.66896001,  266.34754743,  105.70199108,     98.65225647,  218.56728793,   88.3640285 ,   97.81745378,     40.91120916,    3.83511014,   -3.72620845,  -37.07239888,    -11.97517353], [  504.73208384,    0.35766587,  103.49038633,   61.27252687,     71.60281782,   88.3640285 ,  132.21317363,   61.03676875,     43.68574627,   12.2906376 ,  -13.25833745,  -10.23813774,    -11.83873145], [  729.58162773,  -74.86908188,  218.92857183,   63.66184414,     24.52118158,   97.81745378,   61.03676875,  146.29935693,     49.6860229 ,    0.94584518,   -3.88439284,  -27.43439104,      9.70479925], [  334.64568045,   -4.89316318,   71.70393391,   50.63200513,     30.55753098,   40.91120916,   43.68574627,   49.6860229 ,     83.35250443,   20.13247342,  -11.10527079,   -9.10290901,      2.5388865 ], [   11.69373913,   36.28427518,  -23.7204327 ,    6.4372017 ,     11.60448187,    3.83511014,   12.2906376 ,    0.94584518,     20.13247342,   57.21849459,   17.23060853,    4.66503766,     -3.26897944], [ -128.8481686 ,    7.03113384,    7.55476136,    1.00473549,    -15.26590119,   -3.72620845,  -13.25833745,   -3.88439284,    -11.10527079,   17.23060853,   68.78786639,   26.53793821,      5.62843071], [ -265.43218598,   55.5111901 ,  -66.87418525,    2.41520265,     -4.29353814,  -37.07239888,  -10.23813774,  -27.43439104,     -9.10290901,    4.66503766,   26.53793821,   68.75462103,     22.6779984 ], [  -82.36981503,   37.37761201,  -15.28891717,   16.73967747,     -7.65643319,  -11.97517353,  -11.83873145,    9.70479925,      2.5388865 ,   -3.26897944,    5.62843071,   22.6779984 ,     58.15217082]]
/root/sim/music/out/Liam_Gallagher/As_You_Were/05-For_What_It's_Worth.mp3; [-520.1036    , 132.73897   ,   6.7133007 ,  21.806845  ,   4.6713543 ,    9.712159  ,  -1.6852683 ,   5.68963   ,  -2.7408276 ,   1.6165464 ,    0.32391205,  -4.522683  ,  -1.0384549 ]; [[11617.76868381,-2121.67199749, -527.87165452,  219.71569555,    232.34461112,  412.85912546,  -37.57885401,  318.03219498,     86.20229322,   93.76652845,   70.80851244,   13.88980725,    123.39687235], [-2121.67199749, 1500.20040699, -342.30201478,  137.88062431,      5.5199937 ,  -86.94496907,   86.20432624,  -32.4607547 ,      7.84137795,   25.75627176,    8.48389708,   17.9542035 ,      1.44731609], [ -527.87165452, -342.30201478,  568.16135501, -167.2909863 ,      7.60428834,   19.12366332,  -39.58735353,   -6.31096775,     -7.29698753,  -13.10504859,   18.47600862,   -3.25955056,     -7.59267681], [  219.71569555,  137.88062431, -167.2909863 ,  262.22456674,     50.22685648,   14.60261791,   15.60650888,   -5.9247836 ,     51.99052259,    0.91066251,   -8.91271213,   33.32976034,     29.15851175], [  232.34461112,    5.5199937 ,    7.60428834,   50.22685648,    166.65769351,    9.3016338 ,   15.48814011,   -1.5337988 ,     34.98768339,   -3.86467508,    0.61178495,   26.35117601,     10.99335743], [  412.85912546,  -86.94496907,   19.12366332,   14.60261791,      9.3016338 ,  147.4765799 ,   21.72328739,   40.70522946,      6.99228301,   31.04043942,   24.31596672,    5.25715193,     13.865409  ], [  -37.57885401,   86.20432624,  -39.58735353,   15.60650888,     15.48814011,   21.72328739,  119.32157428,   21.10052796,     10.84898534,    9.53389251,    6.43424472,   21.66610622,      5.96842707], [  318.03219498,  -32.4607547 ,   -6.31096775,   -5.9247836 ,     -1.5337988 ,   40.70522946,   21.10052796,  109.31316826,     19.33968127,   24.07895228,   21.9266891 ,    6.25309112,     19.72592179], [   86.20229322,    7.84137795,   -7.29698753,   51.99052259,     34.98768339,    6.99228301,   10.84898534,   19.33968127,     98.79300114,   17.40130241,    1.18763818,   16.82684093,      8.66149858], [   93.76652845,   25.75627176,  -13.10504859,    0.91066251,     -3.86467508,   31.04043942,    9.53389251,   24.07895228,     17.40130241,   93.08304312,   31.38787742,    0.61505671,     11.20976344], [   70.80851244,    8.48389708,   18.47600862,   -8.91271213,      0.61178495,   24.31596672,    6.43424472,   21.9266891 ,      1.18763818,   31.38787742,   63.4203472 ,   10.82637111,     11.37827564], [   13.88980725,   17.9542035 ,   -3.25955056,   33.32976034,     26.35117601,    5.25715193,   21.66610622,    6.25309112,     16.82684093,    0.61505671,   10.82637111,   62.3462725 ,     16.43337148], [  123.39687235,    1.44731609,   -7.59267681,   29.15851175,     10.99335743,   13.865409  ,    5.96842707,   19.72592179,      8.66149858,   11.20976344,   11.37827564,   16.43337148,     61.61317289]]
/root/sim/music/out/Liam_Gallagher/As_You_Were/18-People_Crown_[Live].mp3; [-592.5395    , 124.000725  ,  18.812456  ,  22.995514  ,   8.761953  ,   13.067693  ,  -0.17209823,   5.890534  ,  -5.573171  ,   3.0183003 ,   -1.6130508 ,  -8.2636385 ,  -7.3896646 ]; [[19876.7260275 ,-2507.08727904, -519.46350312, -393.42530988,    -11.38183123,  815.40943925,   82.10773615,  539.56862526,    -23.69686883,  225.81819119,  -85.8908017 ,  110.37989245,    393.33830508], [-2507.08727904, 2303.26774695, -104.90884199,  151.93357674,    206.39318523,  -60.78630475,  215.34035114,   89.59302109,     98.60523451,   89.10363616,  157.6173126 ,  112.79011954,      5.67319737], [ -519.46350312, -104.90884199,  839.99777746,   36.43779677,     78.02760399,   82.72501613,   26.06621193,  108.87438685,    102.81756905,   61.23133123,   90.00734273,  139.10059875,    102.63427015], [ -393.42530988,  151.93357674,   36.43779677,  399.95785687,    169.88808996,   24.54341731,   -2.27831623,  -23.04922276,    111.8653507 ,   -6.77945776,   25.15523435,   46.18826839,     47.74047273], [  -11.38183123,  206.39318523,   78.02760399,  169.88808996,    344.55817922,   82.95924732,   80.03984858,   45.09895535,    128.91373823,   30.96890177,   47.0130228 ,   95.3160551 ,     67.69734741], [  815.40943925,  -60.78630475,   82.72501613,   24.54341731,     82.95924732,  230.68975199,   92.4497291 ,   92.22434625,     48.9265565 ,   59.67645432,   36.37710633,   61.21194406,     69.46585142], [   82.10773615,  215.34035114,   26.06621193,   -2.27831623,     80.03984858,   92.4497291 ,  251.34849573,   91.40722618,     44.45972312,   49.7813268 ,   60.0722026 ,   50.37189967,     32.30440463], [  539.56862526,   89.59302109,  108.87438685,  -23.04922276,     45.09895535,   92.22434625,   91.40722618,  197.77932404,     57.01891061,   72.82192209,   53.12707677,   84.40299664,     80.7652365 ], [  -23.69686883,   98.60523451,  102.81756905,  111.8653507 ,    128.91373823,   48.9265565 ,   44.45972312,   57.01891061,    180.63458165,   44.67983011,   38.30298653,   76.14407089,     67.60672859], [  225.81819119,   89.10363616,   61.23133123,   -6.77945776,     30.96890177,   59.67645432,   49.7813268 ,   72.82192209,     44.67983011,  125.27243077,   46.13992389,   49.75776051,     49.61630193], [  -85.8908017 ,  157.6173126 ,   90.00734273,   25.15523435,     47.0130228 ,   36.37710633,   60.0722026 ,   53.12707677,     38.30298653,   46.13992389,  113.40859563,   63.93779527,     47.39007529], [  110.37989245,  112.79011954,  139.10059875,   46.18826839,     95.3160551 ,   61.21194406,   50.37189967,   84.40299664,     76.14407089,   49.75776051,   63.93779527,  149.66810617,     95.52361582], [  393.33830508,    5.67319737,  102.63427015,   47.74047273,     67.69734741,   69.46585142,   32.30440463,   80.7652365 ,     67.60672859,   49.61630193,   47.39007529,   95.52361582,    150.72250135]]
/root/sim/music/out/Blur/The_Best_Of/18_Music_Is_My_Radar.mp3; [-595.112     , 111.806526  ,  29.678064  ,  27.263807  ,   1.8394375 ,    8.814563  ,   5.282899  ,   5.1485376 ,   3.91603   ,   5.7551074 ,    0.79565096,  -1.7325557 ,   1.0290772 ]; [[15921.12130064, -342.59725579,   -1.88869037,  274.06413663,    105.03702928,  152.44345056,  186.18086879,  306.95001148,    -62.17550493,  -13.2979669 ,   36.658192  ,  -30.84258523,   -162.10559862], [ -342.59725579, 1566.85587324,  -56.21543015,  -67.69501475,    -11.27338018,    7.73605356,  -32.00372989,  -29.33425594,     53.53767873,    9.67275566,   59.76055586,   33.24297262,     64.2149798 ], [   -1.88869037,  -56.21543015,  423.90200056,  122.21164021,     20.31670241,   -4.10784944,   17.01535175,   17.03485136,     -0.84961147,   -6.21877187,   12.90958334,   44.25918488,     26.47993917], [  274.06413663,  -67.69501475,  122.21164021,  269.4134969 ,     65.87312041,  -20.3866321 ,  -28.33666172,    2.93712039,      3.48199883,   -0.05561045,    1.1649797 ,   26.47393923,     27.58540279], [  105.03702928,  -11.27338018,   20.31670241,   65.87312041,    177.47373783,   55.4941943 ,   18.39918646,   27.59414184,     23.49937297,   18.34267291,   16.8997712 ,   12.62837685,     15.59352301], [  152.44345056,    7.73605356,   -4.10784944,  -20.3866321 ,     55.4941943 ,  151.72632308,   96.61590351,   53.79775264,     19.7024088 ,   12.20314675,   27.53109531,   16.69231531,      5.33292076], [  186.18086879,  -32.00372989,   17.01535175,  -28.33666172,     18.39918646,   96.61590351,  183.96638009,   92.99316535,     21.35696508,   25.75679568,   12.92933769,   -0.33521497,     -3.92562958], [  306.95001148,  -29.33425594,   17.03485136,    2.93712039,     27.59414184,   53.79775264,   92.99316535,  143.02024195,     53.02817047,   28.47962535,   17.32186962,   -9.95675426,      2.98866627], [  -62.17550493,   53.53767873,   -0.84961147,    3.48199883,     23.49937297,   19.7024088 ,   21.35696508,   53.02817047,    123.6759553 ,   45.84476002,   10.6665223 ,   -2.4761312 ,      0.35428331], [  -13.2979669 ,    9.67275566,   -6.21877187,   -0.05561045,     18.34267291,   12.20314675,   25.75679568,   28.47962535,     45.84476002,  123.13955004,   39.29813809,  -14.74440455,      4.69917331], [   36.658192  ,   59.76055586,   12.90958334,    1.1649797 ,     16.8997712 ,   27.53109531,   12.92933769,   17.32186962,     10.6665223 ,   39.29813809,   98.66173263,   29.61059102,      5.41939816], [  -30.84258523,   33.24297262,   44.25918488,   26.47393923,     12.62837685,   16.69231531,   -0.33521497,   -9.95675426,     -2.4761312 ,  -14.74440455,   29.61059102,  104.36560499,     37.70063886], [ -162.10559862,   64.2149798 ,   26.47993917,   27.58540279,     15.59352301,    5.33292076,   -3.92562958,    2.98866627,      0.35428331,    4.69917331,    5.41939816,   37.70063886,     91.52094628]]
