/root/sim/music/out/Bon_Jovi/Greatest_Hits__The_Ultimate_Collection_[Disc_2]/10_These_Days.mp3; [-585.97314   , 116.82584   ,  -6.455392  ,  27.160315  ,   7.7747374 ,    5.0471053 ,   0.65697837,  -1.9610289 ,  -3.9841468 ,  -2.0597022 ,   -3.9986386 ,  -3.6954584 ,  -3.0601819 ]; [[26724.79177764,-4517.53782404, -905.61268975, 1339.57888842,   -429.84698738,  326.3752635 ,  162.12792054,  497.80066385,    276.73082497,  132.62293753,  207.6226354 ,  163.84721911,    262.66806732], [-4517.53782404, 2242.64607221, -386.97386622, -235.82365511,     46.41958051, -168.42294535,  -27.45367541, -187.5130763 ,    -81.45565803,  -58.05333905,  -65.9324766 ,  -48.56947042,    -92.11759645], [ -905.61268975, -386.97386622,  930.48353502,  -87.75397444,     99.1352524 ,  129.49863321,   14.05669439,   65.98596401,      8.65010219,   59.02144605,   58.69976718,   26.02624526,     13.09010676], [ 1339.57888842, -235.82365511,  -87.75397444,  594.74423292,    115.91064512,  134.94110035,   37.99167744,   36.32136824,    119.62236581,   14.71264665,   41.85958716,  107.66006776,     65.35694509], [ -429.84698738,   46.41958051,   99.1352524 ,  115.91064512,    229.40237244,   47.84298324,    6.71787705,    0.33388355,     34.45034196,    6.93741067,   14.21873127,   46.47157843,      0.20890566], [  326.3752635 , -168.42294535,  129.49863321,  134.94110035,     47.84298324,  249.02927757,   88.80608219,   59.50695427,     67.66558294,   30.38577405,   48.29971678,   41.55718112,     50.34386165], [  162.12792054,  -27.45367541,   14.05669439,   37.99167744,      6.71787705,   88.80608219,  196.60757865,   64.34835405,     17.42565411,   30.64754439,   26.99150726,  -11.90124229,      9.28163858], [  497.80066385, -187.5130763 ,   65.98596401,   36.32136824,      0.33388355,   59.50695427,   64.34835405,  152.79262307,     48.3362244 ,   29.01132835,   27.40293248,   -1.53510295,     18.86322895], [  276.73082497,  -81.45565803,    8.65010219,  119.62236581,     34.45034196,   67.66558294,   17.42565411,   48.3362244 ,    155.19923418,   43.42091453,   17.39794671,   40.95515159,     23.51180948], [  132.62293753,  -58.05333905,   59.02144605,   14.71264665,      6.93741067,   30.38577405,   30.64754439,   29.01132835,     43.42091453,  119.80552569,   38.59346784,   -5.40358594,     -2.34645812], [  207.6226354 ,  -65.9324766 ,   58.69976718,   41.85958716,     14.21873127,   48.29971678,   26.99150726,   27.40293248,     17.39794671,   38.59346784,   99.35002123,   30.04518471,      8.85559253], [  163.84721911,  -48.56947042,   26.02624526,  107.66006776,     46.47157843,   41.55718112,  -11.90124229,   -1.53510295,     40.95515159,   -5.40358594,   30.04518471,  113.96546828,     45.32691835], [  262.66806732,  -92.11759645,   13.09010676,   65.35694509,      0.20890566,   50.34386165,    9.28163858,   18.86322895,     23.51180948,   -2.34645812,    8.85559253,   45.32691835,     85.73827943]]
/root/sim/music/out/Bon_Jovi/Greatest_Hits__The_Ultimate_Collection_[Disc_2]/14_The_More_Things_Change.mp3; [-510.91498   ,  93.70878   ,   8.879138  ,  30.737843  ,   3.542507  ,    3.2035193 ,   0.4301781 ,   6.640534  ,   1.1645592 ,   1.1119232 ,    0.93868756,   0.74521637,   2.7057889 ]; [[10985.28445162,-1270.46331202, -616.90247872,  -19.01856063,      9.56780242,  197.93420486,  -37.02984295,  -41.11636159,   -132.12811439,   49.74382133,  186.15660532,  113.00902882,    188.42229699], [-1270.46331202, 1136.45296129,  -29.97558149,   23.99410669,    -29.61480193, -124.73854016,   32.99603932,   59.01589136,     47.35610877,   10.92900517,  -28.99457126,   -2.48780002,    -26.53393702], [ -616.90247872,  -29.97558149,  383.48310182,   24.24695182,     -3.35907012,   21.18521813,  -13.78292558,   10.94205395,     19.14216304,   -4.28050515,  -11.19386117,  -12.4327594 ,    -16.89268007], [  -19.01856063,   23.99410669,   24.24695182,  219.6309225 ,     91.44212446,    8.76118802,  -23.4565185 ,  -11.65065163,     27.62201149,   -8.92415448,  -21.71011552,   17.68873286,     12.90502334], [    9.56780242,  -29.61480193,   -3.35907012,   91.44212446,    187.01274004,   36.53226306,  -19.78651815,  -10.68074347,     12.96780177,    1.35985147,  -15.63066366,   19.42880519,     15.4617467 ], [  197.93420486, -124.73854016,   21.18521813,    8.76118802,     36.53226306,  138.52463908,   56.24502716,   -7.12766567,    -16.5839023 ,    1.3251072 ,   15.12917094,   -6.46145644,     -0.29267581], [  -37.02984295,   32.99603932,  -13.78292558,  -23.4565185 ,    -19.78651815,   56.24502716,  125.86110614,   33.91012577,     -5.26521521,    0.5990656 ,   11.49614555,   -4.89608646,     -4.96417778], [  -41.11636159,   59.01589136,   10.94205395,  -11.65065163,    -10.68074347,   -7.12766567,   33.91012577,   90.38577667,     34.35751437,    8.78105205,    2.45277976,    5.54964987,      5.96502003], [ -132.12811439,   47.35610877,   19.14216304,   27.62201149,     12.96780177,  -16.5839023 ,   -5.26521521,   34.35751437,     83.76907118,   35.42214959,   -1.17589548,    6.12237371,      4.80095884], [   49.74382133,   10.92900517,   -4.28050515,   -8.92415448,      1.35985147,    1.3251072 ,    0.5990656 ,    8.78105205,     35.42214959,   80.74874553,   39.08714422,    7.67826606,      3.48114475], [  186.15660532,  -28.99457126,  -11.19386117,  -21.71011552,    -15.63066366,   15.12917094,   11.49614555,    2.45277976,     -1.17589548,   39.08714422,   76.11526593,   23.8151281 ,      6.0186867 ], [  113.00902882,   -2.48780002,  -12.4327594 ,   17.68873286,     19.42880519,   -6.46145644,   -4.89608646,    5.54964987,      6.12237371,    7.67826606,   23.8151281 ,   71.50630587,     35.76230901], [  188.42229699,  -26.53393702,  -16.89268007,   12.90502334,     15.4617467 ,   -0.29267581,   -4.96417778,    5.96502003,      4.80095884,    3.48114475,    6.0186867 ,   35.76230901,     62.12968754]]
/root/sim/music/out/Bon_Jovi/Bon_Jovi_Greatest_Hits_-_The_Ultimate_Collection/08_I'll_Be_There_For_You.mp3; [-532.4259   , 107.12322  , -20.844429 ,  19.93041  ,   3.834253 ,    9.938945 ,   0.5400537,  11.548306 ,   1.140345 ,   3.2189043,    3.014586 ,  -0.6236391,  -2.4770513]; [[16748.09811097,-1240.23377224,  730.26405702,  472.07744634,    187.57463   ,  156.17314442,  213.62296869,  195.40012574,   -132.62645462,  194.05395096,  230.18810312, -112.02975075,   -219.49912541], [-1240.23377224, 1075.70266834, -307.60738495,   98.15798287,     -4.19575255,    5.13780198,  -19.00696633,    9.27310612,     37.23925851,  -53.38772189,  -28.03444862,    8.92506074,     12.48774275], [  730.26405702, -307.60738495,  760.37751638,   22.10102105,    103.60038125,  -15.46535368,   34.78632979,    1.27445892,    -15.24921567,   43.4061651 ,   60.81394591,    1.99505565,    -27.85873792], [  472.07744634,   98.15798287,   22.10102105,  395.30707541,     91.82366781,  -23.09737193,  -38.7071666 ,  -34.43033981,     14.79371612,  -17.19108005,  -29.26021773,   36.69747085,     17.58955575], [  187.57463   ,   -4.19575255,  103.60038125,   91.82366781,    201.46023781,   21.14990604,   13.61978623,  -16.18049939,     18.36189025,    8.79522262,    6.75273579,   17.02678041,      7.59926338], [  156.17314442,    5.13780198,  -15.46535368,  -23.09737193,     21.14990604,  131.58187478,   72.6314327 ,   21.18770232,    -11.62389139,    5.60448416,    5.90520533,   -9.75873333,     -8.28221183], [  213.62296869,  -19.00696633,   34.78632979,  -38.7071666 ,     13.61978623,   72.6314327 ,  199.63630846,   52.05340076,     -2.07004816,   12.80123264,   24.34771694,   -6.52923147,    -31.80064152], [  195.40012574,    9.27310612,    1.27445892,  -34.43033981,    -16.18049939,   21.18770232,   52.05340076,  106.88373213,     35.44620466,   20.64595382,    9.50614706,  -17.95817825,    -16.39684745], [ -132.62645462,   37.23925851,  -15.24921567,   14.79371612,     18.36189025,  -11.62389139,   -2.07004816,   35.44620466,    117.25143822,   38.20759667,   -9.16807492,   -9.90634393,     -4.54525194], [  194.05395096,  -53.38772189,   43.4061651 ,  -17.19108005,      8.79522262,    5.60448416,   12.80123264,   20.64595382,     38.20759667,  100.95775257,   46.23244935,  -11.98727833,    -22.9263676 ], [  230.18810312,  -28.03444862,   60.81394591,  -29.26021773,      6.75273579,    5.90520533,   24.34771694,    9.50614706,     -9.16807492,   46.23244935,   98.02904365,   17.48406974,    -18.55287976], [ -112.02975075,    8.92506074,    1.99505565,   36.69747085,     17.02678041,   -9.75873333,   -6.52923147,  -17.95817825,     -9.90634393,  -11.98727833,   17.48406974,   88.7266171 ,     35.92518168], [ -219.49912541,   12.48774275,  -27.85873792,   17.58955575,      7.59926338,   -8.28221183,  -31.80064152,  -16.39684745,     -4.54525194,  -22.9263676 ,  -18.55287976,   35.92518168,     94.5273046 ]]
/root/sim/music/out/Bon_Jovi/Bon_Jovi_Greatest_Hits_-_The_Ultimate_Collection/12_Lay_Your_Hands_On_Me_(Edit).mp3; [-495.73642  ,  75.321236 ,  -8.37889  ,  25.552414 ,  -5.82093  ,   -1.1678537,  -6.0924487,   4.287591 ,  -1.3096368,   0.9049482,   -1.5802975,   1.1488527,  -3.7740014]; [[10400.41486898,  287.73665431,   81.02011174,  201.84513863,    -25.38092119,   40.02959035,  -20.59597876,   74.79695946,     -1.19583998,   38.20604309,   37.70228747,   -7.22713454,    -35.43656239], [  287.73665431,  373.24150643,   21.47045515,    7.22797352,     -1.92463515,   43.86831293,   45.69949848,    4.88064342,      3.40716422,    7.09238013,    9.35670203,    8.10027536,     -0.14900091], [   81.02011174,   21.47045515,  398.36971329,   15.15266999,     65.33215529,   22.25360287,  -19.61650704,  -25.6064485 ,      6.52445065,   28.51515492,   26.13360802,   -2.37740905,     30.46472394], [  201.84513863,    7.22797352,   15.15266999,  240.84536685,     81.37088471,   -9.61054472,  -21.17151526,    1.92603132,     37.32158258,   -6.65937846,   -1.56136763,   38.49121171,      0.09643076], [  -25.38092119,   -1.92463515,   65.33215529,   81.37088471,    142.31998176,   31.5649212 ,    7.29053667,  -16.35217384,     19.47142034,   14.40989856,    9.083277  ,   16.90396263,      9.53589948], [   40.02959035,   43.86831293,   22.25360287,   -9.61054472,     31.5649212 ,  134.45390698,   74.09235084,   24.42820967,     -0.22708377,    9.29614028,   14.20550799,   -1.98588772,     -2.00692661], [  -20.59597876,   45.69949848,  -19.61650704,  -21.17151526,      7.29053667,   74.09235084,  148.90065967,   44.26502631,      5.64679198,   -2.42981415,   12.04317152,    8.97740553,     -9.17911647], [   74.79695946,    4.88064342,  -25.6064485 ,    1.92603132,    -16.35217384,   24.42820967,   44.26502631,  110.35393484,     46.80593356,   13.94032579,   -3.86973063,  -10.84047199,     -3.72385968], [   -1.19583998,    3.40716422,    6.52445065,   37.32158258,     19.47142034,   -0.22708377,    5.64679198,   46.80593356,    110.31328094,   49.36242438,   -0.71010478,   -7.79224096,     -9.27776766], [   38.20604309,    7.09238013,   28.51515492,   -6.65937846,     14.40989856,    9.29614028,   -2.42981415,   13.94032579,     49.36242438,   93.9924605 ,   30.66519003,   -7.23553504,     -1.73583894], [   37.70228747,    9.35670203,   26.13360802,   -1.56136763,      9.083277  ,   14.20550799,   12.04317152,   -3.86973063,     -0.71010478,   30.66519003,   69.92023508,   28.09861164,      4.35486835], [   -7.22713454,    8.10027536,   -2.37740905,   38.49121171,     16.90396263,   -1.98588772,    8.97740553,  -10.84047199,     -7.79224096,   -7.23553504,   28.09861164,   77.78282481,     22.6796743 ], [  -35.43656239,   -0.14900091,   30.46472394,    0.09643076,      9.53589948,   -2.00692661,   -9.17911647,   -3.72385968,     -9.27776766,   -1.73583894,    4.35486835,   22.6796743 ,     65.12397836]]
/root/sim/music/out/Bon_Jovi/Bon_Jovi_Greatest_Hits_-_The_Ultimate_Collection/11_Who_Says_You_Can't_Go_Home.mp3; [-516.68304   , 102.941925  ,  -0.83450115,  29.618814  ,   5.005477  ,    4.379798  ,   1.0477049 ,   8.445212  ,  -1.5800966 ,  -1.6899186 ,   -0.9625811 ,  -0.98244315,  -1.7210699 ]; [[ 9131.94819983,-1080.41952599, -522.52623507,  -82.24346176,   -135.37257888,   10.80403432, -131.93587192,   47.81142463,     -1.58382848,  -36.70971183,   34.92400376,  -75.07316049,    -95.7743871 ], [-1080.41952599, 1099.07309449,  -30.97831411,   80.65425619,      2.40565444,  -10.92791283,  101.84926221,   33.74551474,     30.5751684 ,   33.34793346,   29.06252786,   38.41754477,     44.25300219], [ -522.52623507,  -30.97831411,  403.61940242,   39.84916965,      5.49767739,   18.20364253,   -2.9985039 ,    6.22789854,      3.67417911,   -3.19277649,   -1.41577149,   16.91645695,     20.15253265], [  -82.24346176,   80.65425619,   39.84916965,  200.24191594,     66.91172172,   18.12402907,  -10.41121329,   -3.82758962,     34.11318178,    0.00937472,   -6.52387668,   23.33474367,     27.81570989], [ -135.37257888,    2.40565444,    5.49767739,   66.91172172,    136.88314916,   36.18150628,    5.0276309 ,   -9.43474646,     16.57338642,   13.44452529,    1.61048907,   15.67185   ,     -2.80480056], [   10.80403432,  -10.92791283,   18.20364253,   18.12402907,     36.18150628,  143.60783371,   63.34305231,   10.19712979,      3.06399945,   11.48395676,   18.75621415,   -4.88767364,    -13.03427968], [ -131.93587192,  101.84926221,   -2.9985039 ,  -10.41121329,      5.0276309 ,   63.34305231,  142.57002857,   44.48213005,     10.88106172,    1.14794177,   18.84157168,   -2.82598528,     -0.59961581], [   47.81142463,   33.74551474,    6.22789854,   -3.82758962,     -9.43474646,   10.19712979,   44.48213005,   91.49165743,     31.81982872,   12.2212562 ,   11.22651904,    3.42076105,      7.51102929], [   -1.58382848,   30.5751684 ,    3.67417911,   34.11318178,     16.57338642,    3.06399945,   10.88106172,   31.81982872,     89.5707706 ,   27.76328863,   10.00752529,    0.01243422,      2.29129903], [  -36.70971183,   33.34793346,   -3.19277649,    0.00937472,     13.44452529,   11.48395676,    1.14794177,   12.2212562 ,     27.76328863,   74.75675822,   30.88670446,    6.14761883,     -4.96094218], [   34.92400376,   29.06252786,   -1.41577149,   -6.52387668,      1.61048907,   18.75621415,   18.84157168,   11.22651904,     10.00752529,   30.88670446,   71.61217785,   25.01750243,      2.87207464], [  -75.07316049,   38.41754477,   16.91645695,   23.33474367,     15.67185   ,   -4.88767364,   -2.82598528,    3.42076105,      0.01243422,    6.14761883,   25.01750243,   69.41196989,     33.80143264], [  -95.7743871 ,   44.25300219,   20.15253265,   27.81570989,     -2.80480056,  -13.03427968,   -0.59961581,    7.51102929,      2.29129903,   -4.96094218,    2.87207464,   33.80143264,     66.30962167]]
/root/sim/music/out/Bon_Jovi/Bon_Jovi_Greatest_Hits_-_The_Ultimate_Collection/01_Livin'_On_A_Prayer.mp3; [-534.9718    ,  96.57007   ,  -3.278878  ,  34.48841   ,  -0.7226599 ,   10.950282  ,   3.6259258 ,   7.2366295 ,  -1.9430801 ,   0.93559   ,    0.21645974,  -1.4976001 ,  -2.3230226 ]; [[25651.20091758, -655.67935298,  358.74631407,  534.68719756,   -252.44220583,  308.9592306 ,   39.18257948,  388.63414786,    -63.78602214,   59.27517463,   46.57413721, -115.64842799,   -166.73660099], [ -655.67935298, 1061.12108017, -203.5280132 ,  121.36383882,     21.10245321,   -2.24281254,   29.41179793,  -44.24751853,     23.14921015,    3.19684583,   18.29313206,   41.52479959,     14.27271159], [  358.74631407, -203.5280132 ,  509.91601612,   13.98051382,     80.15458065,   38.13644935,  -17.6061895 ,  -11.90614733,     -6.71642996,  -17.65646439,   14.04771373,   44.96203344,     16.62803555], [  534.68719756,  121.36383882,   13.98051382,  214.1655238 ,     44.10189843,    2.7234582 ,  -12.35304347,   12.60730508,     22.44833879,    5.6959772 ,    7.06133513,   20.88111949,     -0.50848455], [ -252.44220583,   21.10245321,   80.15458065,   44.10189843,    145.25774705,   23.81367567,  -10.78763971,  -18.19589437,     15.54988419,    3.68689139,    6.62026755,   20.91604664,      5.78204675], [  308.9592306 ,   -2.24281254,   38.13644935,    2.7234582 ,     23.81367567,  112.05340635,   41.59776522,    3.51721854,    -15.67814201,   -1.13503377,    3.11953977,    5.43585777,      8.80272772], [   39.18257948,   29.41179793,  -17.6061895 ,  -12.35304347,    -10.78763971,   41.59776522,  130.80362403,   33.16549293,    -16.40605873,    2.99139634,   10.0769837 ,    3.91038707,     -4.14091627], [  388.63414786,  -44.24751853,  -11.90614733,   12.60730508,    -18.19589437,    3.51721854,   33.16549293,   93.77163825,     30.57269014,    9.9872663 ,   -5.50019713,  -16.77822385,     -9.28946824], [  -63.78602214,   23.14921015,   -6.71642996,   22.44833879,     15.54988419,  -15.67814201,  -16.40605873,   30.57269014,     91.09714269,   26.04756786,   -8.41884505,  -12.11427708,    -10.10339353], [   59.27517463,    3.19684583,  -17.65646439,    5.6959772 ,      3.68689139,   -1.13503377,    2.99139634,    9.9872663 ,     26.04756786,   80.48267364,   33.67297066,   -9.47165885,    -21.37226385], [   46.57413721,   18.29313206,   14.04771373,    7.06133513,      6.62026755,    3.11953977,   10.0769837 ,   -5.50019713,     -8.41884505,   33.67297066,   89.45880899,   29.75798661,     -7.85012919], [ -115.64842799,   41.52479959,   44.96203344,   20.88111949,     20.91604664,    5.43585777,    3.91038707,  -16.77822385,    -12.11427708,   -9.47165885,   29.75798661,   96.02017852,     33.51036087], [ -166.73660099,   14.27271159,   16.62803555,   -0.50848455,      5.78204675,    8.80272772,   -4.14091627,   -9.28946824,    -10.10339353,  -21.37226385,   -7.85012919,   33.51036087,     76.96670532]]
/root/sim/music/out/Bon_Jovi/Bon_Jovi_Greatest_Hits_-_The_Ultimate_Collection/04_Have_A_Nice_Day.mp3; [-488.15793  ,  82.51224  , -10.917732 ,  37.277916 ,   9.865023 ,   10.717563 ,   3.5279517,  11.394065 ,   3.5625546,   4.379068 ,    1.3547802,  -4.152695 ,  -4.799049 ]; [[6703.62844178, 229.22978567, 145.87241395, -21.46700647,  25.40511546,    86.1252464 ,  46.7245226 , 126.41051802, 173.9590859 , 157.06123288,    43.67544348, -44.71426059, -77.35360723], [ 229.22978567, 480.98726683,-136.37606642,  39.23776223, -16.10971004,   -50.48855536,  31.20904197,   8.01083894,   4.53920268,   0.3246063 ,    14.92427614,  -8.58840141,  -3.17573557], [ 145.87241395,-136.37606642, 426.53185575,  67.76633845,  77.12885066,    12.8935977 , -13.78131291,  10.44877936,  17.8793771 ,  22.24487355,     4.92489946,  43.12167532,  21.4919671 ], [ -21.46700647,  39.23776223,  67.76633845, 187.60243573,  69.43845077,     9.01307578, -21.98715906, -11.48932806,   0.29581592,  -8.88427771,     3.07361766,  49.0492623 ,  34.51180188], [  25.40511546, -16.10971004,  77.12885066,  69.43845077, 155.10836935,    17.46869934,  12.22900781, -16.58098819,   8.19438507,   2.5519167 ,    -7.0813719 ,  39.58222654,  20.26003924], [  86.1252464 , -50.48855536,  12.8935977 ,   9.01307578,  17.46869934,   134.94197125,  58.60490588,  23.51150581,  -5.87486476,   8.3347737 ,    21.14477862,   1.93537824,   5.30115594], [  46.7245226 ,  31.20904197, -13.78131291, -21.98715906,  12.22900781,    58.60490588, 136.05903576,  34.95217847,   2.23911404,   1.12410513,    10.41008482,  -1.88364873,  -3.69010194], [ 126.41051802,   8.01083894,  10.44877936, -11.48932806, -16.58098819,    23.51150581,  34.95217847,  98.63327694,  47.06188608,  29.29180021,    18.27726749, -10.20221884,  -0.43915602], [ 173.9590859 ,   4.53920268,  17.8793771 ,   0.29581592,   8.19438507,    -5.87486476,   2.23911404,  47.06188608, 113.1027448 ,  58.06688028,    13.01148523,   0.92778059,  -3.68008779], [ 157.06123288,   0.3246063 ,  22.24487355,  -8.88427771,   2.5519167 ,     8.3347737 ,   1.12410513,  29.29180021,  58.06688028,  89.71631058,    31.84386093,   2.77576668,  -6.8706502 ], [  43.67544348,  14.92427614,   4.92489946,   3.07361766,  -7.0813719 ,    21.14477862,  10.41008482,  18.27726749,  13.01148523,  31.84386093,    62.90532683,  17.89725755,   4.18530087], [ -44.71426059,  -8.58840141,  43.12167532,  49.0492623 ,  39.58222654,     1.93537824,  -1.88364873, -10.20221884,   0.92778059,   2.77576668,    17.89725755,  86.50546712,  36.56658358], [ -77.35360723,  -3.17573557,  21.4919671 ,  34.51180188,  20.26003924,     5.30115594,  -3.69010194,  -0.43915602,  -3.68008779,  -6.8706502 ,     4.18530087,  36.56658358,  59.41502763]]
/root/sim/music/out/Bon_Jovi/Bon_Jovi_Greatest_Hits_-_The_Ultimate_Collection/09_Born_To_Be_My_Baby.mp3; [-488.5168    ,  81.12668   ,  -8.11564   ,  27.004736  ,   4.9189625 ,   12.6245365 ,   0.16983618,  11.662986  ,   1.2879497 ,   3.1019957 ,    2.1943183 ,  -0.9880213 ,  -2.3289032 ]; [[13308.33705486,  501.69275291,  149.45370948,  187.59199469,    -83.41982176,   76.30008472,  -84.20529974,  156.9521543 ,    -17.07437988,    1.64211895,   77.29745171,  -21.70640792,    -25.64072964], [  501.69275291,  423.07985944,  -65.28989685,   41.35307944,     -9.39641267,   40.20927272,   55.04156974,   25.49722322,      7.41776616,    2.18267374,   17.49817118,   -3.09025971,      0.27188957], [  149.45370948,  -65.28989685,  399.01518327,   58.85355579,     14.62044035,  -44.48258246,  -33.8018681 ,  -14.18831145,     -9.9286532 ,  -31.04226982,   -5.544826  ,   -0.92810189,      8.52748868], [  187.59199469,   41.35307944,   58.85355579,  230.32969159,     86.65736898,   28.17489436,  -25.29337201,    6.42791347,     47.93515029,   -0.26765116,  -15.00699611,   26.85990005,     19.27816163], [  -83.41982176,   -9.39641267,   14.62044035,   86.65736898,    163.61933598,   28.79219131,  -23.28204017,    3.198844  ,     38.08156601,    4.19027957,  -17.54198465,   -4.16435507,     11.05101841], [   76.30008472,   40.20927272,  -44.48258246,   28.17489436,     28.79219131,  147.59763778,   83.43859103,   19.29645229,      4.60564162,   15.23612295,    7.80109601,   -2.16942714,     -2.8082328 ], [  -84.20529974,   55.04156974,  -33.8018681 ,  -25.29337201,    -23.28204017,   83.43859103,  188.30431889,   37.84457936,     -6.03874439,    2.11784854,   10.20951272,   -0.60134689,     -6.69091002], [  156.9521543 ,   25.49722322,  -14.18831145,    6.42791347,      3.198844  ,   19.29645229,   37.84457936,   98.88626229,     23.21701054,    4.11735347,    1.02300666,  -11.19204506,      9.77594353], [  -17.07437988,    7.41776616,   -9.9286532 ,   47.93515029,     38.08156601,    4.60564162,   -6.03874439,   23.21701054,     88.0931583 ,   35.60889   ,   -7.80707696,   -1.2894144 ,      2.0973756 ], [    1.64211895,    2.18267374,  -31.04226982,   -0.26765116,      4.19027957,   15.23612295,    2.11784854,    4.11735347,     35.60889   ,   87.35851726,   32.52977792,   -8.931824  ,    -18.61956074], [   77.29745171,   17.49817118,   -5.544826  ,  -15.00699611,    -17.54198465,    7.80109601,   10.20951272,    1.02300666,     -7.80707696,   32.52977792,   69.84021505,   20.10480632,     -6.93762959], [  -21.70640792,   -3.09025971,   -0.92810189,   26.85990005,     -4.16435507,   -2.16942714,   -0.60134689,  -11.19204506,     -1.2894144 ,   -8.931824  ,   20.10480632,   75.83762006,     27.80384102], [  -25.64072964,    0.27188957,    8.52748868,   19.27816163,     11.05101841,   -2.8082328 ,   -6.69091002,    9.77594353,      2.0973756 ,  -18.61956074,   -6.93762959,   27.80384102,     57.18608491]]
/root/sim/music/out/Bon_Jovi/Bon_Jovi_Greatest_Hits_-_The_Ultimate_Collection/06_Bad_Medicine.mp3; [-490.92084   ,  83.03579   , -11.635738  ,  27.71198   ,   4.567267  ,    5.648176  ,  -3.7468069 ,   9.905285  ,   0.11644945,   5.0746546 ,    0.92614615,  -3.9689534 ,  -5.1037874 ]; [[13796.33905431,  263.05889834, -124.25675331,   -1.38958882,    -25.27698865,   70.65145564,  -46.9084773 ,  124.91632848,    -28.67733221,  135.25854295,   49.80621596,  -91.38906907,    -25.32254851], [  263.05889834,  545.43033265, -102.91238785,  105.61909229,     22.99962704,   29.44333442,   54.95991637,   17.86806506,     17.26487382,   -3.72463523,    5.48511712,   11.98892942,     -9.79592965], [ -124.25675331, -102.91238785,  394.52946687,   19.21538596,     38.15831787,   -0.66313448,  -10.42917064,   -7.84416771,    -10.60263825,   -4.69221295,    1.70864845,    2.15749732,      6.92874661], [   -1.38958882,  105.61909229,   19.21538596,  243.4262101 ,     83.74100352,  -18.56132908,  -27.77066796,   -8.79834616,     35.89607366,   -0.77006897,   -7.92652292,   43.99661489,     11.15464963], [  -25.27698865,   22.99962704,   38.15831787,   83.74100352,    161.24357391,   29.18408574,   11.37255497,    0.66568585,     23.60153706,   18.17230993,   -4.26622766,   13.99570343,      7.64435128], [   70.65145564,   29.44333442,   -0.66313448,  -18.56132908,     29.18408574,  113.73864383,   61.81078846,   15.75491486,    -21.84938753,    0.96482903,   12.57263242,  -12.34411027,     -1.64535399], [  -46.9084773 ,   54.95991637,  -10.42917064,  -27.77066796,     11.37255497,   61.81078846,  143.13499115,   45.29747851,    -16.68331779,   -3.7486424 ,   11.46019076,   -0.19880797,     -5.29085109], [  124.91632848,   17.86806506,   -7.84416771,   -8.79834616,      0.66568585,   15.75491486,   45.29747851,  112.19900351,     39.69325191,   33.16132975,    5.1578734 ,  -16.41618172,     -4.66523603], [  -28.67733221,   17.26487382,  -10.60263825,   35.89607366,     23.60153706,  -21.84938753,  -16.68331779,   39.69325191,    112.34742394,   47.15661647,   -2.59242118,   -3.4576975 ,     -2.18197947], [  135.25854295,   -3.72463523,   -4.69221295,   -0.77006897,     18.17230993,    0.96482903,   -3.7486424 ,   33.16132975,     47.15661647,   96.25950686,   29.43525829,  -10.97195876,    -14.24072216], [   49.80621596,    5.48511712,    1.70864845,   -7.92652292,     -4.26622766,   12.57263242,   11.46019076,    5.1578734 ,     -2.59242118,   29.43525829,   63.27968615,   20.44724417,     -2.43710056], [  -91.38906907,   11.98892942,    2.15749732,   43.99661489,     13.99570343,  -12.34411027,   -0.19880797,  -16.41618172,     -3.4576975 ,  -10.97195876,   20.44724417,   82.50803092,     27.89477679], [  -25.32254851,   -9.79592965,    6.92874661,   11.15464963,      7.64435128,   -1.64535399,   -5.29085109,   -4.66523603,     -2.18197947,  -14.24072216,   -2.43710056,   27.89477679,     56.99428367]]
/root/sim/music/out/Bon_Jovi/Bon_Jovi_Greatest_Hits_-_The_Ultimate_Collection/17_No_Apologies.mp3; [-524.4417    , 108.29392   ,  -5.583391  ,  17.152916  ,   3.4734151 ,    2.3756647 ,   1.6654844 ,   7.54032   ,  -0.02707956,  -0.11399893,    0.5986672 ,  -0.20826277,   0.08879018]; [[9669.22637924,-754.96610912, -87.65219538, 489.19522547,  36.09015311,   225.42148155,  91.37835687, 105.40857167,  43.54220119,  16.11951647,    46.25891654,  49.32122092, 144.79402031], [-754.96610912, 965.69693069, -89.88435574, -81.94749094,  80.93174941,   -52.24531444,   6.21487429, -19.34015261, -16.73244147,  50.44467225,    49.3311952 , -16.85893958, -44.80795589], [ -87.65219538, -89.88435574, 419.97207625,  -6.09696043,  29.06456459,    22.3240973 , -54.62927894, -43.83722327,  -1.03796208,  -3.52754725,   -13.935877  , -10.42878083, -18.84859563], [ 489.19522547, -81.94749094,  -6.09696043, 266.41261915,  58.04998445,    31.52768956, -17.80649611,  -3.27633685,  24.62098812, -25.881594  ,   -13.14295156,  38.84683785,  45.94297281], [  36.09015311,  80.93174941,  29.06456459,  58.04998445, 183.68791503,     5.85256161, -40.18378538, -15.19263622,  10.07555321, -18.02548748,   -19.6730783 ,  16.40018862,  20.60359725], [ 225.42148155, -52.24531444,  22.3240973 ,  31.52768956,   5.85256161,   154.76113419,  68.0081721 ,  27.43868234,  11.11408182,  18.43388891,    14.33102272,  -3.14962179,  14.33403636], [  91.37835687,   6.21487429, -54.62927894, -17.80649611, -40.18378538,    68.0081721 , 157.28578532,  45.57001219,   0.00955598,  25.59611282,    23.74715927,  -1.63596119,   7.29363706], [ 105.40857167, -19.34015261, -43.83722327,  -3.27633685, -15.19263622,    27.43868234,  45.57001219, 102.42017545,  29.91650363,  18.60824479,    17.01915383,   1.21222578,   7.57256906], [  43.54220119, -16.73244147,  -1.03796208,  24.62098812,  10.07555321,    11.11408182,   0.00955598,  29.91650363,  83.89079371,  31.21200142,     2.41534452,   5.62277251,   9.20710868], [  16.11951647,  50.44467225,  -3.52754725, -25.881594  , -18.02548748,    18.43388891,  25.59611282,  18.60824479,  31.21200142, 107.95590697,    44.20669262,  -6.89395566, -12.71487513], [  46.25891654,  49.3311952 , -13.935877  , -13.14295156, -19.6730783 ,    14.33102272,  23.74715927,  17.01915383,   2.41534452,  44.20669262,    81.91907123,   7.83332499, -11.26513903], [  49.32122092, -16.85893958, -10.42878083,  38.84683785,  16.40018862,    -3.14962179,  -1.63596119,   1.21222578,   5.62277251,  -6.89395566,     7.83332499,  71.95131551,  35.8705239 ], [ 144.79402031, -44.80795589, -18.84859563,  45.94297281,  20.60359725,    14.33403636,   7.29363706,   7.57256906,   9.20710868, -12.71487513,   -11.26513903,  35.8705239 ,  81.85468499]]
/root/sim/music/out/Bon_Jovi/Bon_Jovi_Greatest_Hits_-_The_Ultimate_Collection/16_What_Do_You_Got_.mp3; [-546.2364    , 107.32845   ,   5.6425505 ,  18.786774  ,  -1.4029366 ,   -2.125383  ,  -4.2345314 ,   1.39228   ,  -2.1425333 ,   0.10089748,   -2.2875998 ,  -2.3657525 ,  -0.0721157 ]; [[16471.65035127,-2986.42024105,  308.34139256, -365.43316518,   -308.41552896,  466.26618131,  296.8981839 ,  594.35714125,    168.9294677 ,  573.72992802,  821.4649368 ,  440.43189763,     14.92532157], [-2986.42024105, 1937.75422725, -374.06776082,  265.06023815,     63.17205821, -201.95850026,  -45.60986807, -209.44134631,    -37.58662546, -169.57545762, -221.93841   , -123.10094546,      6.80198745], [  308.34139256, -374.06776082,  503.22458728,  -65.67815185,     22.01181503,   59.22157001,  -39.39283865,   42.51572759,    -17.50827744,   -6.67870466,    1.07726556,    2.49088917,     14.24150982], [ -365.43316518,  265.06023815,  -65.67815185,  376.85949827,    101.39528522,    8.88066265,  -29.9084214 ,  -38.73197407,     62.71394431,  -55.86270927,  -47.71888458,   30.3692246 ,     24.3852295 ], [ -308.41552896,   63.17205821,   22.01181503,  101.39528522,    255.03634002,   23.61227618,  -28.71291755,   -6.08273784,     41.59536261,  -20.89774046,  -39.248784  ,   25.3721149 ,     14.95650244], [  466.26618131, -201.95850026,   59.22157001,    8.88066265,     23.61227618,  171.97897048,   62.30583167,   39.73560519,     20.48520243,   42.71348321,   65.64672362,   27.40257235,      5.26331531], [  296.8981839 ,  -45.60986807,  -39.39283865,  -29.9084214 ,    -28.71291755,   62.30583167,  154.78885901,   54.5205391 ,     11.94742688,   41.44119686,   62.15126764,   26.98337592,     -0.00974188], [  594.35714125, -209.44134631,   42.51572759,  -38.73197407,     -6.08273784,   39.73560519,   54.5205391 ,  151.43206476,     49.62077699,   39.60651375,   50.89060176,   36.79487987,     16.19629609], [  168.9294677 ,  -37.58662546,  -17.50827744,   62.71394431,     41.59536261,   20.48520243,   11.94742688,   49.62077699,    118.71302672,   37.22685533,   28.81462571,   42.38701898,     16.7507894 ], [  573.72992802, -169.57545762,   -6.67870466,  -55.86270927,    -20.89774046,   42.71348321,   41.44119686,   39.60651375,     37.22685533,  139.500007  ,   94.9786355 ,   42.58512145,      3.57517137], [  821.4649368 , -221.93841   ,    1.07726556,  -47.71888458,    -39.248784  ,   65.64672362,   62.15126764,   50.89060176,     28.81462571,   94.9786355 ,  169.25544532,   68.78226519,     12.12862338], [  440.43189763, -123.10094546,    2.49088917,   30.3692246 ,     25.3721149 ,   27.40257235,   26.98337592,   36.79487987,     42.38701898,   42.58512145,   68.78226519,  124.94317064,     31.47265818], [   14.92532157,    6.80198745,   14.24150982,   24.3852295 ,     14.95650244,    5.26331531,   -0.00974188,   16.19629609,     16.7507894 ,    3.57517137,   12.12862338,   31.47265818,     75.0709092 ]]
/root/sim/music/out/Bon_Jovi/Bon_Jovi_Greatest_Hits_-_The_Ultimate_Collection/15_Tokyo_Road.mp3; [-574.58685  ,  83.63247  , -15.205925 ,  27.20898  ,   6.48091  ,   17.008541 ,   6.0823326,   6.9438925,   3.2191238,   1.6153002,    0.5555775,  -5.2313995,  -6.861239 ]; [[26965.15003777, 2320.83266604, 1494.93914687, 2066.66993595,   -801.43389374, -738.50368057, -229.47527796,  597.92152906,    125.97955484,  211.66803181,   71.53562803, -477.7260708 ,   -370.47501715], [ 2320.83266604, 1230.54033748,  183.83172346,  420.06517398,    -96.62612525, -149.72694755,   25.50649467,   81.49864918,     79.28438872,   67.34936003,   49.94216487,  -70.64837356,    -54.45103498], [ 1494.93914687,  183.83172346, 1132.26002998,  326.03584776,     22.73935179, -109.62167263,  -26.0037781 ,   74.885881  ,    -24.8028419 ,   25.28418331,    5.39276779,  -36.26335668,    -31.81894036], [ 2066.66993595,  420.06517398,  326.03584776,  554.37894601,     -5.91201194, -117.87091878,  -51.39923677,   86.05206608,     58.25687919,  -27.18619095,   12.2914661 ,  -13.66948759,    -26.09699493], [ -801.43389374,  -96.62612525,   22.73935179,   -5.91201194,    257.48718605,  109.73300621,   17.35731661,   -0.14402237,    -11.64137835,    7.6313441 ,    2.52219685,   50.45543704,     30.75472204], [ -738.50368057, -149.72694755, -109.62167263, -117.87091878,    109.73300621,  257.02277954,   84.72375921,  -12.88550075,    -49.27494923,   34.8693531 ,   26.88629196,   24.00827074,     26.40214862], [ -229.47527796,   25.50649467,  -26.0037781 ,  -51.39923677,     17.35731661,   84.72375921,  180.05785689,   38.50365534,    -17.95071674,   21.94991203,   21.46595618,   -8.54398022,     -8.69774356], [  597.92152906,   81.49864918,   74.885881  ,   86.05206608,     -0.14402237,  -12.88550075,   38.50365534,  243.33624532,     86.3943643 ,   29.07607057,    3.19231814,   15.40336878,      3.7651677 ], [  125.97955484,   79.28438872,  -24.8028419 ,   58.25687919,    -11.64137835,  -49.27494923,  -17.95071674,   86.3943643 ,    166.36589723,   27.76710345,  -26.50132231,  -19.35395662,     -2.40196626], [  211.66803181,   67.34936003,   25.28418331,  -27.18619095,      7.6313441 ,   34.8693531 ,   21.94991203,   29.07607057,     27.76710345,  167.51463356,   60.56321215,  -51.25591038,    -34.05916754], [   71.53562803,   49.94216487,    5.39276779,   12.2914661 ,      2.52219685,   26.88629196,   21.46595618,    3.19231814,    -26.50132231,   60.56321215,  123.71166566,   20.31732207,    -27.00167893], [ -477.7260708 ,  -70.64837356,  -36.26335668,  -13.66948759,     50.45543704,   24.00827074,   -8.54398022,   15.40336878,    -19.35395662,  -51.25591038,   20.31732207,  147.54947515,     59.09435498], [ -370.47501715,  -54.45103498,  -31.81894036,  -26.09699493,     30.75472204,   26.40214862,   -8.69774356,    3.7651677 ,     -2.40196626,  -34.05916754,  -27.00167893,   59.09435498,    104.29346499]]
/root/sim/music/out/Bon_Jovi/Bon_Jovi_Greatest_Hits_-_The_Ultimate_Collection/13_Always.mp3; [-558.6253   , 115.86104  , -18.346231 ,  10.3987875,   2.6842957,   10.483684 ,  -3.5747454,   1.0574025,  -2.5751774,   2.1104903,   -1.3362973,  -4.3953295,  -2.7994087]; [[14203.07448959,  -57.29115363, -277.58392559,  258.44017634,     83.06434749,  237.12325263,  144.96187357,  239.14921359,    158.38040651,  182.30908745,   88.39253704,   15.38081377,     72.28756886], [  -57.29115363, 1015.64752416, -173.27592478,  -49.56052013,     30.01067994,  -40.50882795,  -26.41382865,  -14.56335162,    -26.92497285,    7.10840242,   -2.86527825,  -11.17910365,    -24.33720562], [ -277.58392559, -173.27592478,  475.5410682 ,   14.10469013,      7.01206583,   24.39649677,   18.28562834,   -2.11069096,     -0.84559021,  -28.18293548,    7.34523803,    6.84351486,      0.76161052], [  258.44017634,  -49.56052013,   14.10469013,  300.43454561,     79.37256078,   72.29321459,   44.63853374,   35.49529375,     60.96378268,   31.10025039,   -8.30335757,   72.26263046,     52.58322675], [   83.06434749,   30.01067994,    7.01206583,   79.37256078,    194.95788747,   28.98617869,   28.48285422,   23.76290959,     43.62471196,   18.29103964,    8.89481117,   37.51279885,     35.82792599], [  237.12325263,  -40.50882795,   24.39649677,   72.29321459,     28.98617869,  196.67540001,   88.83553879,   31.13266936,     24.00367819,   45.79464269,   23.3355914 ,   38.73069791,     28.16066902], [  144.96187357,  -26.41382865,   18.28562834,   44.63853374,     28.48285422,   88.83553879,  186.26431995,   53.65727332,     29.77287979,   37.79890712,   13.25562036,   29.77948699,     22.05491339], [  239.14921359,  -14.56335162,   -2.11069096,   35.49529375,     23.76290959,   31.13266936,   53.65727332,  135.55634926,     47.64191176,   28.10262028,   14.86993908,    5.95435217,     27.72373193], [  158.38040651,  -26.92497285,   -0.84559021,   60.96378268,     43.62471196,   24.00367819,   29.77287979,   47.64191176,    128.22807414,   49.8969064 ,    1.82103   ,   20.138126  ,     22.25347917], [  182.30908745,    7.10840242,  -28.18293548,   31.10025039,     18.29103964,   45.79464269,   37.79890712,   28.10262028,     49.8969064 ,  111.01391711,   36.72413072,   19.87321482,      9.06038849], [   88.39253704,   -2.86527825,    7.34523803,   -8.30335757,      8.89481117,   23.3355914 ,   13.25562036,   14.86993908,      1.82103   ,   36.72413072,   88.4682321 ,   23.00905609,      8.3765603 ], [   15.38081377,  -11.17910365,    6.84351486,   72.26263046,     37.51279885,   38.73069791,   29.77948699,    5.95435217,     20.138126  ,   19.87321482,   23.00905609,  104.62672684,     42.51533612], [   72.28756886,  -24.33720562,    0.76161052,   52.58322675,     35.82792599,   28.16066902,   22.05491339,   27.72373193,     22.25347917,    9.06038849,    8.3765603 ,   42.51533612,     86.85091806]]
