/root/sim/music/out/The_Jesus_And_Mary_Chain/Honey's_Dead/11_Sundown.mp3; [-586.0779   ,  93.29507  ,   1.8577703,  39.091576 ,  23.289888 ,    9.428675 ,   3.7729535,   8.049524 ,   1.9189159,   7.315313 ,   -4.037655 ,   1.2528827,   2.1929011]; [[7355.42708959,-438.62630843,-725.60674901,-121.29243662,-726.31618143,   182.49901533, 211.3587509 ,-204.44169968,-358.47236653, 158.11743196,  -183.43909283,-124.71944721,-124.04398781], [-438.62630843, 595.46209119,  38.34695032,  70.74340045, 156.76585175,   -54.65628287,   1.68178347,  77.11124566,  55.40579399, -22.34497442,    35.42511246,  14.83746651,  11.03105732], [-725.60674901,  38.34695032, 457.4703873 ,  -8.95386819, 202.98550418,   -49.82375293, -88.07730149,  61.75937582,  77.39761069, -50.15447265,    72.24468845,  31.80951048,  26.10397886], [-121.29243662,  70.74340045,  -8.95386819, 142.36224576,  86.21651087,    -8.22536772,  -8.49696724,  21.14284479,  40.63542848,  -0.31478976,     6.13415406,  30.24333772,  23.50293342], [-726.31618143, 156.76585175, 202.98550418,  86.21651087, 321.45559849,   -68.40881873, -63.30869614,  72.24759215, 111.69439572, -29.71244205,    72.7484681 ,  56.63538974,  39.88427342], [ 182.49901533, -54.65628287, -49.82375293,  -8.22536772, -68.40881873,   100.81554033,  42.73074061, -20.29054496, -33.75121168,  13.41089465,   -27.84658188, -20.59294152,  -6.73799159], [ 211.3587509 ,   1.68178347, -88.07730149,  -8.49696724, -63.30869614,    42.73074061,  87.21076008,  -5.39338971, -29.12034717,  16.57591676,   -22.12182727, -17.64705639, -12.66260069], [-204.44169968,  77.11124566,  61.75937582,  21.14284479,  72.24759215,   -20.29054496,  -5.39338971,  88.50090369,  55.2207672 , -11.78813335,    28.85079483,  11.29772719,   3.84636486], [-358.47236653,  55.40579399,  77.39761069,  40.63542848, 111.69439572,   -33.75121168, -29.12034717,  55.2207672 , 106.94730502,  -1.73385681,    39.98259826,  21.88602849,  15.84743104], [ 158.11743196, -22.34497442, -50.15447265,  -0.31478976, -29.71244205,    13.41089465,  16.57591676, -11.78813335,  -1.73385681,  58.24148175,     2.30657644,  -2.42669049,  -3.62436285], [-183.43909283,  35.42511246,  72.24468845,   6.13415406,  72.7484681 ,   -27.84658188, -22.12182727,  28.85079483,  39.98259826,   2.30657644,    75.49641749,  30.30506381,   9.41855793], [-124.71944721,  14.83746651,  31.80951048,  30.24333772,  56.63538974,   -20.59294152, -17.64705639,  11.29772719,  21.88602849,  -2.42669049,    30.30506381,  58.80860002,  29.98540913], [-124.04398781,  11.03105732,  26.10397886,  23.50293342,  39.88427342,    -6.73799159, -12.66260069,   3.84636486,  15.84743104,  -3.62436285,     9.41855793,  29.98540913,  48.98942134]]
/root/sim/music/out/The_Jesus_And_Mary_Chain/Darklands/06_April_Skies.mp3; [-620.6951   , 109.78197  , -18.470943 ,  58.212017 ,  19.070366 ,   -4.4066668,  -8.922797 ,   2.0178604,  -3.1366403,  -5.3860273,   -1.010813 ,   1.8060653,  -6.5742207]; [[10645.02407071, -908.36391174,-1450.56222542,   -9.5987543 ,   -195.32976346, -234.32528015, -400.56635577, -177.51650807,   -101.69480502,  -25.19029705,   30.4490009 ,   23.1853671 ,   -111.06802913], [ -908.36391174, 1153.62329981, -238.42711291,  193.25857129,     -1.99638527,  -59.69756982,   54.6949043 ,   25.57334535,      6.48151104,  -43.12079402,   -9.39603943,   16.07079923,      2.06143899], [-1450.56222542, -238.42711291, 1018.67475477, -106.65147725,    145.91680529,  122.59269078,   84.78804569,   38.30721665,     -7.12061021,   36.03572563,  -17.44484884,  -35.06166033,     40.33121013], [   -9.5987543 ,  193.25857129, -106.65147725,  236.05242877,     20.72608199,   19.98099587,  -11.26270249,    0.5426072 ,     10.48713247,  -23.85718832,  -11.00708922,    7.62290152,     -2.07267292], [ -195.32976346,   -1.99638527,  145.91680529,   20.72608199,    124.57739937,   18.60546116,   14.3869143 ,    0.33253208,      9.05777064,   11.06051403,   -7.4871263 ,   -3.70351482,      1.53205997], [ -234.32528015,  -59.69756982,  122.59269078,   19.98099587,     18.60546116,  112.86678551,   32.700363  ,    7.82299172,     -3.12382603,    6.52401315,   -1.30347209,   -7.51789115,      4.97292902], [ -400.56635577,   54.6949043 ,   84.78804569,  -11.26270249,     14.3869143 ,   32.700363  ,   94.94507451,   32.75323944,      6.726038  ,    0.38212379,    2.69735236,    1.75757931,      1.69318712], [ -177.51650807,   25.57334535,   38.30721665,    0.5426072 ,      0.33253208,    7.82299172,   32.75323944,   80.39579957,     28.85542823,   -5.5593457 ,    0.71487548,    1.94558978,     -2.27522331], [ -101.69480502,    6.48151104,   -7.12061021,   10.48713247,      9.05777064,   -3.12382603,    6.726038  ,   28.85542823,     68.87357959,   17.43288848,    3.24050256,    4.51442066,     -6.88616041], [  -25.19029705,  -43.12079402,   36.03572563,  -23.85718832,     11.06051403,    6.52401315,    0.38212379,   -5.5593457 ,     17.43288848,   67.56014125,   22.31693262,   -5.68388875,      5.28129325], [   30.4490009 ,   -9.39603943,  -17.44484884,  -11.00708922,     -7.4871263 ,   -1.30347209,    2.69735236,    0.71487548,      3.24050256,   22.31693262,   50.27967078,   19.57799173,     -2.93873732], [   23.1853671 ,   16.07079923,  -35.06166033,    7.62290152,     -3.70351482,   -7.51789115,    1.75757931,    1.94558978,      4.51442066,   -5.68388875,   19.57799173,   52.46260699,     12.85096952], [ -111.06802913,    2.06143899,   40.33121013,   -2.07267292,      1.53205997,    4.97292902,    1.69318712,   -2.27522331,     -6.88616041,    5.28129325,   -2.93873732,   12.85096952,     57.82633067]]
/root/sim/music/out/The_Jesus_And_Mary_Chain/Darklands/09_On_The_Wall.mp3; [-651.9709    , 117.37104   ,  -0.9656498 ,  40.115818  ,  16.728651  ,    5.375192  ,  -0.7039264 ,   6.2937393 ,  -6.3611917 ,  -2.6392152 ,   -1.2535963 ,  -0.25696507,  -7.0426226 ]; [[12550.10032501, 1043.01453568, -594.3974928 ,  216.72867242,   -129.31190647, -192.52628308, -237.83185804,   47.30993351,   -102.17607442,  -98.16761855,  -71.54078044,  -46.40996504,   -151.26876613], [ 1043.01453568,  897.53402303, -380.94926064,   43.2077281 ,     38.12911081,  -90.57283664,  -46.95245595,   55.35799069,    -44.03160497,  -56.92567216,   20.18967841,   48.24443948,     13.20904222], [ -594.3974928 , -380.94926064,  531.80721641,   12.92637981,     15.99166858,   99.06329358,   53.37230722,  -38.48404001,     45.03430853,   63.46163058,  -14.16552164,  -48.035335  ,    -14.48597007], [  216.72867242,   43.2077281 ,   12.92637981,  143.25397946,     48.27829503,   14.32370987,    7.47625692,   -1.18533834,     -4.68228958,    1.51289698,  -10.403319  ,   -5.79483259,      2.19548132], [ -129.31190647,   38.12911081,   15.99166858,   48.27829503,    142.18505536,   11.03906436,    9.4993228 ,   16.45921319,      8.88298902,   10.24835004,  -10.78023912,   -0.62951484,      0.93559531], [ -192.52628308,  -90.57283664,   99.06329358,   14.32370987,     11.03906436,  123.09758251,   55.09657952,   -2.61634639,     27.32432646,   16.03397772,   -9.27859307,  -10.83149289,      0.78449861], [ -237.83185804,  -46.95245595,   53.37230722,    7.47625692,      9.4993228 ,   55.09657952,   93.64526398,   22.36641158,     25.39426278,   12.44938212,   -6.42190595,   -4.5024637 ,      5.34357653], [   47.30993351,   55.35799069,  -38.48404001,   -1.18533834,     16.45921319,   -2.61634639,   22.36641158,   76.48940432,     20.84531969,   -3.36344757,    3.59688895,    3.05832266,     -4.00399356], [ -102.17607442,  -44.03160497,   45.03430853,   -4.68228958,      8.88298902,   27.32432646,   25.39426278,   20.84531969,     73.83695566,   27.47911166,   -5.37492454,   -4.81411976,      2.23410117], [  -98.16761855,  -56.92567216,   63.46163058,    1.51289698,     10.24835004,   16.03397772,   12.44938212,   -3.36344757,     27.47911166,   72.0170753 ,   13.88834784,  -12.81919183,     -7.0975153 ], [  -71.54078044,   20.18967841,  -14.16552164,  -10.403319  ,    -10.78023912,   -9.27859307,   -6.42190595,    3.59688895,     -5.37492454,   13.88834784,   60.85222598,   22.06609545,      0.34902119], [  -46.40996504,   48.24443948,  -48.035335  ,   -5.79483259,     -0.62951484,  -10.83149289,   -4.5024637 ,    3.05832266,     -4.81411976,  -12.81919183,   22.06609545,   59.26355394,     31.29892113], [ -151.26876613,   13.20904222,  -14.48597007,    2.19548132,      0.93559531,    0.78449861,    5.34357653,   -4.00399356,      2.23410117,   -7.0975153 ,    0.34902119,   31.29892113,     58.39228103]]
/root/sim/music/out/The_Jesus_And_Mary_Chain/Darklands/03_Happy_When_It_Rains.mp3; [-607.3924    ,  98.599945  , -30.866781  ,  51.254738  ,  18.26867   ,   -1.591716  ,  -7.9155254 ,   1.4361471 ,  -6.927249  ,  -3.309937  ,   -4.6592927 ,  -0.88185006,  -5.784496  ]; [[11169.26574136, -447.26309051,-1046.49231303,  140.43803422,    -23.82918948, -124.94666807, -258.97420154,   82.30172485,    -97.69820873,   23.90195227,   24.55157234,   32.57435744,    -22.10191228], [ -447.26309051, 1095.14034172, -513.12939297,  228.67529374,    -44.54096676, -108.85671529,   50.39779774,  -69.21046706,    -12.01489771,   -4.11534605,  -32.82983703,   30.37969116,    -38.31654898], [-1046.49231303, -513.12939297, 1045.14685592, -237.12480119,     86.07547978,  135.55547146,  -49.49992058,   34.25096461,    -14.39611155,  -20.47661336,   22.62867061,  -56.38002047,     51.61884976], [  140.43803422,  228.67529374, -237.12480119,  261.27451412,     24.40489492,  -11.8337516 ,   25.59716998,  -21.47464047,     14.30844262,  -10.37555856,  -16.61304929,   13.0365005 ,    -15.19974253], [  -23.82918948,  -44.54096676,   86.07547978,   24.40489492,    139.18426285,   25.41390529,   27.05234785,    0.47744912,     10.88279438,   -8.39319495,    2.71410769,   -0.90361374,      9.05614234], [ -124.94666807, -108.85671529,  135.55547146,  -11.8337516 ,     25.41390529,   95.02349562,   12.91443988,   16.65598763,      5.45228107,   -5.95125362,    5.97270032,   -3.45141368,      5.82499971], [ -258.97420154,   50.39779774,  -49.49992058,   25.59716998,     27.05234785,   12.91443988,   94.74329598,   12.79338215,     27.17179666,    2.67001493,    0.34565089,   12.94013218,     -9.37262021], [   82.30172485,  -69.21046706,   34.25096461,  -21.47464047,      0.47744912,   16.65598763,   12.79338215,   66.98733743,     19.87417698,   11.56762752,    8.60400949,   -1.75459426,      2.69429501], [  -97.69820873,  -12.01489771,  -14.39611155,   14.30844262,     10.88279438,    5.45228107,   27.17179666,   19.87417698,     68.89460293,   23.32137494,    8.6622055 ,    9.40002671,    -11.48714151], [   23.90195227,   -4.11534605,  -20.47661336,  -10.37555856,     -8.39319495,   -5.95125362,    2.67001493,   11.56762752,     23.32137494,   60.56461893,   21.40499376,    8.39404558,      0.23931729], [   24.55157234,  -32.82983703,   22.62867061,  -16.61304929,      2.71410769,    5.97270032,    0.34565089,    8.60400949,      8.6622055 ,   21.40499376,   58.34390478,   19.13924764,      7.23227772], [   32.57435744,   30.37969116,  -56.38002047,   13.0365005 ,     -0.90361374,   -3.45141368,   12.94013218,   -1.75459426,      9.40002671,    8.39404558,   19.13924764,   51.68358139,     14.55930167], [  -22.10191228,  -38.31654898,   51.61884976,  -15.19974253,      9.05614234,    5.82499971,   -9.37262021,    2.69429501,    -11.48714151,    0.23931729,    7.23227772,   14.55930167,     58.14316965]]
/root/sim/music/out/The_Jesus_And_Mary_Chain/Darklands/05_Nine_Million_Rainy_Days.mp3; [-655.5715    , 124.169266  ,   6.134203  ,  39.800613  ,  13.390339  ,    6.9371758 ,   4.532472  ,   9.451551  ,  -6.4321995 ,   0.40231964,   -2.1388502 ,  -1.1312636 ,  -5.441094  ]; [[11811.85010143,-1280.06111845, -265.05427898,  522.00509227,    -95.43508081,  -97.17152762, -381.51147098, -155.36104403,   -128.72286573,   26.13462473,   24.65625967,   81.5381439 ,    -69.75705453], [-1280.06111845, 1522.97260565, -124.34282734,  -39.82805283,    132.41077776,   50.35286339,  139.71685055,  140.09611564,     27.39322422,   22.7753508 ,    9.0198733 ,  -22.64482945,    -18.81714642], [ -265.05427898, -124.34282734,  504.43979991,   -9.47565038,    -49.97873376,  143.25405432,  111.08183688,   36.89771488,     38.85769721,  -15.45636642,  -22.19598956,  -27.25079339,     -4.15193346], [  522.00509227,  -39.82805283,   -9.47565038,  218.06850927,     42.89379047,   -2.99608802,   -2.12852115,   12.37158362,     -4.78512129,   14.20588274,  -20.29940278,   -7.51089072,      0.45115355], [  -95.43508081,  132.41077776,  -49.97873376,   42.89379047,    186.06140911,  -23.29854966,   18.5372667 ,   38.26297838,     -6.38986453,   26.92183433,  -14.56647818,  -16.88200998,     -7.42831295], [  -97.17152762,   50.35286339,  143.25405432,   -2.99608802,    -23.29854966,  177.18977081,   78.95522081,   16.92591084,     29.65994276,  -14.20799535,   -2.68956244,  -21.52698549,    -18.60083995], [ -381.51147098,  139.71685055,  111.08183688,   -2.12852115,     18.5372667 ,   78.95522081,  155.98648721,   65.73787981,     15.18091817,    0.32722287,  -18.01545086,  -23.77211743,     -8.74885789], [ -155.36104403,  140.09611564,   36.89771488,   12.37158362,     38.26297838,   16.92591084,   65.73787981,  104.11652598,     14.32335657,   13.89619094,  -10.55536387,  -21.27945252,    -11.1960901 ], [ -128.72286573,   27.39322422,   38.85769721,   -4.78512129,     -6.38986453,   29.65994276,   15.18091817,   14.32335657,     84.36632627,   13.54282497,   -3.07900523,   -7.86908895,     -3.7139739 ], [   26.13462473,   22.7753508 ,  -15.45636642,   14.20588274,     26.92183433,  -14.20799535,    0.32722287,   13.89619094,     13.54282497,   62.54626005,   15.71737574,   -4.02475196,     -8.6887584 ], [   24.65625967,    9.0198733 ,  -22.19598956,  -20.29940278,    -14.56647818,   -2.68956244,  -18.01545086,  -10.55536387,     -3.07900523,   15.71737574,   60.41379307,   18.17235809,     -5.48925061], [   81.5381439 ,  -22.64482945,  -27.25079339,   -7.51089072,    -16.88200998,  -21.52698549,  -23.77211743,  -21.27945252,     -7.86908895,   -4.02475196,   18.17235809,   53.29752547,     18.78316335], [  -69.75705453,  -18.81714642,   -4.15193346,    0.45115355,     -7.42831295,  -18.60083995,   -8.74885789,  -11.1960901 ,     -3.7139739 ,   -8.6887584 ,   -5.48925061,   18.78316335,     50.11183642]]
/root/sim/music/out/The_Jesus_And_Mary_Chain/Darklands/01_Darklands.mp3; [-653.69073   , 109.78036   ,  -9.925308  ,  38.042053  ,  24.62369   ,   -3.4391065 , -14.253459  ,   5.4942927 , -11.312368  ,  -7.5577707 ,   -5.0744185 ,  -0.30496392, -10.210798  ]; [[16491.94628776,  -96.545284  ,  200.88771381,  159.4657706 ,     21.32228034,  168.31467017, -222.89094386,  137.66301879,   -159.05980625,  -74.63866591,  -82.04370593,   16.29246752,    -79.80635709], [  -96.545284  , 1603.962868  , -584.72273632,  226.19932508,    133.02630422, -153.78976544,   74.01245485,   45.84192197,    -28.17495599,   19.65606235,   31.41207072,    6.50207728,    -47.8461315 ], [  200.88771381, -584.72273632,  649.63371338, -143.51484204,    -59.96026606,  102.5025961 ,  -54.68825389,  -10.5756153 ,     -5.2423468 ,    2.91130397,   16.43254888,   -4.84444333,     36.46879792], [  159.4657706 ,  226.19932508, -143.51484204,  218.15179606,     90.58068841,  -11.14811287,   10.68087525,  -15.01647003,      1.25046923,  -12.67818805,  -17.47143471,   17.13352472,     -7.15854262], [   21.32228034,  133.02630422,  -59.96026606,   90.58068841,    189.83813954,    3.07240592,   23.34526527,   -3.89838668,      4.46956931,    6.99227562,   -6.91891172,   20.72013476,      1.05439603], [  168.31467017, -153.78976544,  102.5025961 ,  -11.14811287,      3.07240592,  125.46498979,   16.75098904,   -0.6325383 ,     15.48006067,   -8.29746857,   -2.5058847 ,   -9.48261265,     -4.07453959], [ -222.89094386,   74.01245485,  -54.68825389,   10.68087525,     23.34526527,   16.75098904,  117.76655385,   35.84382056,     16.96999771,   -0.63608824,    6.38361151,    1.52669132,     -3.67448989], [  137.66301879,   45.84192197,  -10.5756153 ,  -15.01647003,     -3.89838668,   -0.6325383 ,   35.84382056,  103.51592781,     24.31218757,   -4.61787559,    7.00269673,   -5.51309947,     -8.60520286], [ -159.05980625,  -28.17495599,   -5.2423468 ,    1.25046923,      4.46956931,   15.48006067,   16.96999771,   24.31218757,     89.74343388,   14.31139675,   -4.46915442,    5.48067302,      2.03574563], [  -74.63866591,   19.65606235,    2.91130397,  -12.67818805,      6.99227562,   -8.29746857,   -0.63608824,   -4.61787559,     14.31139675,   85.76305361,   28.33322761,    1.8110144 ,      9.54620849], [  -82.04370593,   31.41207072,   16.43254888,  -17.47143471,     -6.91891172,   -2.5058847 ,    6.38361151,    7.00269673,     -4.46915442,   28.33322761,   71.51723105,   14.12554466,     -1.4604849 ], [   16.29246752,    6.50207728,   -4.84444333,   17.13352472,     20.72013476,   -9.48261265,    1.52669132,   -5.51309947,      5.48067302,    1.8110144 ,   14.12554466,   61.40881313,     27.0290323 ], [  -79.80635709,  -47.8461315 ,   36.46879792,   -7.15854262,      1.05439603,   -4.07453959,   -3.67448989,   -8.60520286,      2.03574563,    9.54620849,   -1.4604849 ,   27.0290323 ,     63.57121175]]
/root/sim/music/out/The_Jesus_And_Mary_Chain/Darklands/02_Deep_One_Perfect_Morning.mp3; [-697.08356  , 122.305534 ,   3.7826385,  39.802925 ,  29.24493  ,    1.2720156,  -6.6901417,   4.6355057, -14.169582 , -12.036415 ,  -10.558154 ,  -3.286909 ,  -9.16557  ]; [[16434.84659502, -775.56600954,-2319.75034863, -399.10558825,   -438.01923253, -763.66662775, -622.36945381,   -3.32794302,   -380.04086053, -236.04105806, -241.36174225,  -20.39307286,   -222.52409525], [ -775.56600954, 1586.02432081, -294.82161015,  140.51839395,     99.88770433, -104.51629427,   -3.54764586,   53.66560632,    -71.16019825,  -10.01630306,   14.9176888 ,    7.13239317,     26.35217189], [-2319.75034863, -294.82161015, 1302.4198562 ,   27.55782641,     52.31323045,  239.46096071,   63.38788818, -103.57924578,     70.09032523,   11.92911222,   37.58500447,  -24.57268112,     33.11442563], [ -399.10558825,  140.51839395,   27.55782641,  239.36938304,     65.09202035,   37.06609004,   41.01895313,   -7.88216831,     -3.77178822,  -16.35955118,  -22.91482996,  -10.2817687 ,     17.73113419], [ -438.01923253,   99.88770433,   52.31323045,   65.09202035,    168.51625598,   35.32666123,   13.52147274,    1.12263146,      0.38867626,   -5.23828727,   -6.83244749,    4.36522289,      3.20072368], [ -763.66662775, -104.51629427,  239.46096071,   37.06609004,     35.32666123,  180.89705081,   59.46825881,  -18.71552914,     24.69728285,    1.99834845,  -12.7022822 ,   -2.98623422,     -5.52309657], [ -622.36945381,   -3.54764586,   63.38788818,   41.01895313,     13.52147274,   59.46825881,  144.63917738,   15.73305303,     20.00448018,    6.74681661,   11.25763021,    0.2512652 ,      5.71385595], [   -3.32794302,   53.66560632, -103.57924578,   -7.88216831,      1.12263146,  -18.71552914,   15.73305303,  131.01980756,     11.74805134,   -3.60197485,   -5.82816519,   13.27525745,     -3.41352181], [ -380.04086053,  -71.16019825,   70.09032523,   -3.77178822,      0.38867626,   24.69728285,   20.00448018,   11.74805134,     96.95554328,   18.5871822 ,    0.35399081,    2.43730188,      6.60277931], [ -236.04105806,  -10.01630306,   11.92911222,  -16.35955118,     -5.23828727,    1.99834845,    6.74681661,   -3.60197485,     18.5871822 ,   91.82151003,   30.81173053,   -2.71075412,     -2.64685321], [ -241.36174225,   14.9176888 ,   37.58500447,  -22.91482996,     -6.83244749,  -12.7022822 ,   11.25763021,   -5.82816519,      0.35399081,   30.81173053,   83.99931568,   17.25383939,      1.98966522], [  -20.39307286,    7.13239317,  -24.57268112,  -10.2817687 ,      4.36522289,   -2.98623422,    0.2512652 ,   13.27525745,      2.43730188,   -2.71075412,   17.25383939,   58.23362988,      9.1746283 ], [ -222.52409525,   26.35217189,   33.11442563,   17.73113419,      3.20072368,   -5.52309657,    5.71385595,   -3.41352181,      6.60277931,   -2.64685321,    1.98966522,    9.1746283 ,     68.38990188]]
/root/sim/music/out/The_Jesus_And_Mary_Chain/Darklands/10_About_You.mp3; [-690.92896  , 132.09094  ,  10.406388 ,  33.493195 ,   6.1778517,    9.033634 ,  -7.598652 , -12.59357  , -10.515866 ,  -3.3709147,   -4.7166886,  -5.132044 ,  -6.931485 ]; [[ 8849.05787736,-1015.31783062, -768.60419588, -306.00553693,   -262.12767096,   -9.13989286, -123.02125247, -299.05674855,   -186.81461277,  -17.51211116,    1.77884009,   93.48461145,    -20.89080811], [-1015.31783062, 1147.79482548,  -94.10858077,  105.08104149,     10.91942787,  -20.52822032,  -19.44846468,   58.84243898,    -35.09828891,   -1.51174734,   30.8839763 ,  -62.87090938,     21.63744235], [ -768.60419588,  -94.10858077,  400.25799758,   27.73156223,     46.14245378,   13.05986505,   21.03680589,   16.05519792,     66.21482755,    4.24721515,  -33.21744339,    3.58376415,    -21.89260898], [ -306.00553693,  105.08104149,   27.73156223,  170.52815732,     53.47511831,  -10.68201768,   -8.33230016,   25.59058327,     10.51884515,    6.67777822,  -11.86420911,  -17.16870135,      0.61987757], [ -262.12767096,   10.91942787,   46.14245378,   53.47511831,    100.78413548,    9.30499565,   -8.13233046,   11.15421929,     12.33142648,   18.44365536,   -2.84768777,   -8.85865494,     -6.98970949], [   -9.13989286,  -20.52822032,   13.05986505,  -10.68201768,      9.30499565,   77.35576348,   28.63412794,   -9.74040763,    -13.38513071,   -1.73839899,    5.35509124,   14.59616325,     -9.28085002], [ -123.02125247,  -19.44846468,   21.03680589,   -8.33230016,     -8.13233046,   28.63412794,   82.06215158,   17.69830028,     -9.633884  ,  -17.06619921,   -5.12191099,   16.24844045,      3.78634013], [ -299.05674855,   58.84243898,   16.05519792,   25.59058327,     11.15421929,   -9.74040763,   17.69830028,   81.93154296,     16.28410943,  -21.52364387,   -2.63504923,   -6.18157065,     10.34485151], [ -186.81461277,  -35.09828891,   66.21482755,   10.51884515,     12.33142648,  -13.38513071,   -9.633884  ,   16.28410943,     77.61433427,   20.40151571,   -6.4572463 ,  -13.23000323,     -7.83112144], [  -17.51211116,   -1.51174734,    4.24721515,    6.67777822,     18.44365536,   -1.73839899,  -17.06619921,  -21.52364387,     20.40151571,   90.91671597,    9.68334814,  -16.61666158,    -15.32174575], [    1.77884009,   30.8839763 ,  -33.21744339,  -11.86420911,     -2.84768777,    5.35509124,   -5.12191099,   -2.63504923,     -6.4572463 ,    9.68334814,   74.06174604,    8.67517155,     -4.1724067 ], [   93.48461145,  -62.87090938,    3.58376415,  -17.16870135,     -8.85865494,   14.59616325,   16.24844045,   -6.18157065,    -13.23000323,  -16.61666158,    8.67517155,   67.98788599,     14.82271192], [  -20.89080811,   21.63744235,  -21.89260898,    0.61987757,     -6.98970949,   -9.28085002,    3.78634013,   10.34485151,     -7.83112144,  -15.32174575,   -4.1724067 ,   14.82271192,     58.53858235]]
/root/sim/music/out/The_Jesus_And_Mary_Chain/Darklands/04_Down_On_Me.mp3; [-617.78094  , 110.32955  , -42.730705 ,  46.70874  ,  12.899357 ,   -3.842862 ,  -4.335858 ,   6.261099 ,  -5.548855 ,  -0.6405151,   -2.9854887,   1.2417085,  -4.2836127]; [[17958.4678537 ,  206.24273193, -812.3798325 ,  874.02200055,    291.04114375,   42.21839904, -138.46274158,  178.30711137,    -88.55888927,   86.65404753,  -71.36899214,   22.21907815,      9.13667436], [  206.24273193, 1447.08787111, -666.80214329,  233.56337846,    -39.67657383,  -83.55675411,   26.80828721,   -6.28842363,    -22.11696892,  -36.78851339,   -7.10154202,   26.15471661,    -43.98157451], [ -812.3798325 , -666.80214329,  825.5883274 , -255.82280217,     91.48352721,   53.17047372,   -2.86631136,    9.69654015,      5.91085972,   -6.31815449,   28.45899517,  -32.71853171,     23.46425463], [  874.02200055,  233.56337846, -255.82280217,  251.99820102,     -6.82000665,   11.98926967,  -13.49009126,  -11.62578119,     -8.15443411,    9.38630179,  -10.45109894,    8.26339962,     -1.29220566], [  291.04114375,  -39.67657383,   91.48352721,   -6.82000665,    105.62480279,   17.6512392 ,    8.78020928,   -0.25102929,     -8.70255305,    1.1528834 ,    4.76953347,    4.98709926,      1.01258145], [   42.21839904,  -83.55675411,   53.17047372,   11.98926967,     17.6512392 ,   93.80627528,   15.99058904,   15.60115624,    -17.64821805,   -4.9578436 ,   -5.01971218,   -7.45391312,      0.04493858], [ -138.46274158,   26.80828721,   -2.86631136,  -13.49009126,      8.78020928,   15.99058904,   65.92293855,   11.63714828,     14.11591988,   -6.88340484,   -6.0939311 ,   -3.29889989,     -5.39121016], [  178.30711137,   -6.28842363,    9.69654015,  -11.62578119,     -0.25102929,   15.60115624,   11.63714828,   65.71234013,     11.04518471,    7.55259915,   -4.01655215,    0.25948336,     -2.32135152], [  -88.55888927,  -22.11696892,    5.91085972,   -8.15443411,     -8.70255305,  -17.64821805,   14.11591988,   11.04518471,     59.2830671 ,   15.64804653,    6.25519485,   -0.94348601,     -3.82568508], [   86.65404753,  -36.78851339,   -6.31815449,    9.38630179,      1.1528834 ,   -4.9578436 ,   -6.88340484,    7.55259915,     15.64804653,   64.12732965,   18.12290254,   13.01009353,     -0.68660227], [  -71.36899214,   -7.10154202,   28.45899517,  -10.45109894,      4.76953347,   -5.01971218,   -6.0939311 ,   -4.01655215,      6.25519485,   18.12290254,   53.533148  ,   10.4993183 ,     11.7889454 ], [   22.21907815,   26.15471661,  -32.71853171,    8.26339962,      4.98709926,   -7.45391312,   -3.29889989,    0.25948336,     -0.94348601,   13.01009353,   10.4993183 ,   52.43457253,      9.47568143], [    9.13667436,  -43.98157451,   23.46425463,   -1.29220566,      1.01258145,    0.04493858,   -5.39121016,   -2.32135152,     -3.82568508,   -0.68660227,   11.7889454 ,    9.47568143,     51.18325556]]
/root/sim/music/out/The_Jesus_And_Mary_Chain/Darklands/08_Cherry_Came_Too.mp3; [-655.5778   , 114.74599  , -11.357034 ,  48.29807  ,  16.951113 ,   -5.6362424,  -9.915635 ,   1.4520358, -10.511221 ,  -5.1447496,   -0.7382816,  -3.1696572,  -9.407848 ]; [[12890.55952361, -417.71295928, -425.52958859,  409.82426089,     73.28989248,   96.7789636 , -271.78784107,   34.69691652,     37.16228732,  151.0820957 ,  171.17125385,   77.2885187 ,    -34.25278978], [ -417.71295928, 1577.43830256, -633.28438241,  232.93998645,     69.28295306, -163.65575428,   63.28205415,  -12.95766969,    -64.47310615,  -19.5193963 ,   -3.22415228,  -18.11823342,    -24.90438719], [ -425.52958859, -633.28438241,  853.33340884, -197.6112641 ,    -17.30874065,  108.31799139,  -18.88951032,   35.62569325,     32.77767181,  -11.2081116 ,  -20.47224936,    1.11746456,     16.03181966], [  409.82426089,  232.93998645, -197.6112641 ,  239.52649371,     58.83716845,   -8.56941409,   15.95593667,   -1.66799675,     -2.67678869,  -10.05538726,    4.61785816,    1.23205588,    -10.23093577], [   73.28989248,   69.28295306,  -17.30874065,   58.83716845,    169.75449261,   13.17337746,   22.44069443,    0.626318  ,     13.1339021 ,    0.25769654,    8.79991104,    3.72297631,     -3.76176997], [   96.7789636 , -163.65575428,  108.31799139,   -8.56941409,     13.17337746,  125.20274573,    3.86824561,  -10.91927706,     23.40790664,    9.23251773,    1.16153565,    3.63014547,     -2.30787829], [ -271.78784107,   63.28205415,  -18.88951032,   15.95593667,     22.44069443,    3.86824561,  116.70284799,   28.53124998,     10.25836256,    9.46975179,    6.23827779,    3.62192951,     -0.76809238], [   34.69691652,  -12.95766969,   35.62569325,   -1.66799675,      0.626318  ,  -10.91927706,   28.53124998,   96.8914501 ,     21.11256703,   -0.2136365 ,    5.85407351,    7.07711026,     -4.59404193], [   37.16228732,  -64.47310615,   32.77767181,   -2.67678869,     13.1339021 ,   23.40790664,   10.25836256,   21.11256703,     80.48066641,   29.05233369,    6.72324665,   11.48905446,     -1.34843397], [  151.0820957 ,  -19.5193963 ,  -11.2081116 ,  -10.05538726,      0.25769654,    9.23251773,    9.46975179,   -0.2136365 ,     29.05233369,   81.2334861 ,   25.09701744,    1.64791927,     15.25892117], [  171.17125385,   -3.22415228,  -20.47224936,    4.61785816,      8.79991104,    1.16153565,    6.23827779,    5.85407351,      6.72324665,   25.09701744,   60.87156882,   20.47095671,      4.41687586], [   77.2885187 ,  -18.11823342,    1.11746456,    1.23205588,      3.72297631,    3.63014547,    3.62192951,    7.07711026,     11.48905446,    1.64791927,   20.47095671,   51.76940702,     13.79724246], [  -34.25278978,  -24.90438719,   16.03181966,  -10.23093577,     -3.76176997,   -2.30787829,   -0.76809238,   -4.59404193,     -1.34843397,   15.25892117,    4.41687586,   13.79724246,     69.50354659]]
/root/sim/music/out/The_Jesus_And_Mary_Chain/Darklands/07_Fall.mp3; [-591.78326   ,  73.03425   , -32.181953  ,  43.89812   ,  -2.3109903 ,    1.4370497 ,  -3.5644867 ,  -1.5538995 ,   0.20378786,  -2.0455487 ,   -8.263707  ,  -2.1918485 ,  -4.272591  ]; [[12906.07272744,  423.80397429, -544.38881633,  232.51555361,    -45.8648412 ,   18.19413142, -306.50936411, -158.65401441,   -160.3572006 ,  -46.82619418,  -27.31244266,  134.53776132,     36.04588333], [  423.80397429,  459.72666239, -224.56164817,  151.68721065,    -74.6998523 ,   -9.58014743,   19.76749047,  -19.16104725,     24.35127585,    5.48258139,   -9.74144531,   -5.18688638,      8.68959184], [ -544.38881633, -224.56164817,  361.28536489,  -99.70177285,    106.43458467,    4.52180599,   -0.33253012,   16.46577515,    -22.49857119,   -8.40377846,   24.81443084,    8.85873585,     -3.30943323], [  232.51555361,  151.68721065,  -99.70177285,  204.36196901,     -9.40979507,    9.10914532,   -5.05561699,   -2.64380323,      7.56431613,  -20.51332723,  -22.30761054,  -11.95676225,      9.49241573], [  -45.8648412 ,  -74.6998523 ,  106.43458467,   -9.40979507,    114.36615549,   18.64185696,   -2.8430561 ,    4.82763089,      0.03716819,   -0.73237425,    9.79268143,    8.76520061,      2.0727801 ], [   18.19413142,   -9.58014743,    4.52180599,    9.10914532,     18.64185696,   69.74212833,   24.82332746,   14.84032188,      4.76221553,   -2.80051012,    3.38555743,   -4.52359539,     -6.10064966], [ -306.50936411,   19.76749047,   -0.33253012,   -5.05561699,     -2.8430561 ,   24.82332746,  113.66005098,   45.23809874,     13.63526625,    9.89665929,  -12.83703379,  -14.51333725,    -10.69111347], [ -158.65401441,  -19.16104725,   16.46577515,   -2.64380323,      4.82763089,   14.84032188,   45.23809874,   61.84716275,     28.59842199,    7.35863066,   -8.45116342,   -9.7971122 ,     -5.09601532], [ -160.3572006 ,   24.35127585,  -22.49857119,    7.56431613,      0.03716819,    4.76221553,   13.63526625,   28.59842199,     67.32397565,   33.87163495,    4.2687177 ,   -4.30178827,     -4.25748712], [  -46.82619418,    5.48258139,   -8.40377846,  -20.51332723,     -0.73237425,   -2.80051012,    9.89665929,    7.35863066,     33.87163495,   60.1463803 ,   20.31140076,    5.5283964 ,     -2.2668361 ], [  -27.31244266,   -9.74144531,   24.81443084,  -22.30761054,      9.79268143,    3.38555743,  -12.83703379,   -8.45116342,      4.2687177 ,   20.31140076,   50.99298807,   28.10368396,     10.45185914], [  134.53776132,   -5.18688638,    8.85873585,  -11.95676225,      8.76520061,   -4.52359539,  -14.51333725,   -9.7971122 ,     -4.30178827,    5.5283964 ,   28.10368396,   51.65702327,     28.01331029], [   36.04588333,    8.68959184,   -3.30943323,    9.49241573,      2.0727801 ,   -6.10064966,  -10.69111347,   -5.09601532,     -4.25748712,   -2.2668361 ,   10.45185914,   28.01331029,     46.90194426]]
/root/sim/music/out/The_Jesus_And_Mary_Chain/Psychocandy/13_You_Trip_Me_Up.mp3; [-614.23773  ,  50.848236 , -39.94219  ,  26.445326 ,  24.494137 ,   21.313639 ,  -6.5147195,  -5.6243787,  -1.7174734,  -1.5410022,   11.812827 ,   3.9540102, -14.943266 ]; [[18087.6590433 ,-1701.53283972,-1034.45946109,  523.17099548,   -344.87906463,   44.15473754, -196.07393248, -184.76623256,   -431.33780945, -252.6070472 ,  214.12155428,  178.92013563,   -104.44246032], [-1701.53283972,  993.12471728,  234.65211611, -153.55495036,     -2.13061741,   24.18297737,   10.37548692,  -43.72806492,     22.10356391,   53.90670655,   -6.93511673,  -55.72281544,    -30.90583078], [-1034.45946109,  234.65211611,  542.98914516,   -8.21526728,     22.89226545,   14.21046983,   56.78586282,   15.56322207,     -5.39144835,  -13.25926093,  -33.50782967,  -28.15302326,     14.08453673], [  523.17099548, -153.55495036,   -8.21526728,  143.24793723,      8.07013535,   28.6939569 ,   21.50082093,    3.61197347,    -26.11296472,  -28.48060679,   -9.56645629,    7.80369275,     18.55830126], [ -344.87906463,   -2.13061741,   22.89226545,    8.07013535,    116.89629487,   50.54558134,    7.52508076,    7.04149207,     12.36735488,   -7.00685793,   -0.81658961,   -3.97148012,     -6.4151107 ], [   44.15473754,   24.18297737,   14.21046983,   28.6939569 ,     50.54558134,  103.18398398,   32.88400387,    2.10350266,      1.1001293 ,   -4.22497372,    3.33005027,   -4.71206734,     -6.3047835 ], [ -196.07393248,   10.37548692,   56.78586282,   21.50082093,      7.52508076,   32.88400387,   82.9206248 ,   32.78035812,      6.62446505,    5.95224202,   -7.0726858 ,  -12.01719821,     -1.89011714], [ -184.76623256,  -43.72806492,   15.56322207,    3.61197347,      7.04149207,    2.10350266,   32.78035812,   73.04404888,     38.28945176,    5.01525528,    0.14714349,    4.38542751,     -5.98038992], [ -431.33780945,   22.10356391,   -5.39144835,  -26.11296472,     12.36735488,    1.1001293 ,    6.62446505,   38.28945176,     74.6524023 ,   31.17135953,   -0.80504669,    4.38187843,     -4.70909357], [ -252.6070472 ,   53.90670655,  -13.25926093,  -28.48060679,     -7.00685793,   -4.22497372,    5.95224202,    5.01525528,     31.17135953,   58.31819724,   14.55241564,   -4.66241582,      3.87958929], [  214.12155428,   -6.93511673,  -33.50782967,   -9.56645629,     -0.81658961,    3.33005027,   -7.0726858 ,    0.14714349,     -0.80504669,   14.55241564,   54.93542374,   21.43819673,     -6.63405942], [  178.92013563,  -55.72281544,  -28.15302326,    7.80369275,     -3.97148012,   -4.71206734,  -12.01719821,    4.38542751,      4.38187843,   -4.66241582,   21.43819673,   54.99401437,     16.6919747 ], [ -104.44246032,  -30.90583078,   14.08453673,   18.55830126,     -6.4151107 ,   -6.3047835 ,   -1.89011714,   -5.98038992,     -4.70909357,    3.87958929,   -6.63405942,   16.6919747 ,     58.10104679]]
/root/sim/music/out/The_Jesus_And_Mary_Chain/Psychocandy/11_Sowing_Seeds.mp3; [-648.95306   ,  92.43211   ,   0.07340863,  33.632523  ,  17.094524  ,    5.9668255 ,  -1.1826798 ,   7.8697906 ,   0.08898466,   3.2202837 ,   -0.5508221 ,   0.36957768,  -1.2302297 ]; [[14977.57127232,-2440.12027441,-1969.7800566 ,  119.65561088,    -76.63119512,  -10.08711176,   10.56412724,  227.20599236,     30.56664853,  -90.22470809,  -23.48953095,  103.57139963,    -59.04034099], [-2440.12027441, 1274.47468393,  340.06423142,   -3.7412288 ,     76.2842222 ,   -9.9084765 ,   19.63570525,  -13.65522615,    -37.23496323,   51.69575938,   14.3170423 ,  -23.3886302 ,     55.69097517], [-1969.7800566 ,  340.06423142,  801.16734584, -132.21330361,    -11.97947361,   55.58015999,    0.10689114,  -76.71063814,    -67.31344053,   42.54309748,  -12.45621887,   29.1456932 ,     31.7271791 ], [  119.65561088,   -3.7412288 , -132.21330361,  298.38147084,     19.6436466 ,   60.94136391,  -15.12570562,    9.96724019,     37.36200205,  -42.2300069 ,   10.33172292,  -20.93195117,     12.5071263 ], [  -76.63119512,   76.2842222 ,  -11.97947361,   19.6436466 ,    146.86889989,    8.65666779,   10.58934742,   28.48346938,     15.28226597,    5.13211234,    5.91342428,    0.51949945,      1.72783225], [  -10.08711176,   -9.9084765 ,   55.58015999,   60.94136391,      8.65666779,  115.53613562,   40.45507168,   -0.88927439,      3.05617589,    9.28044185,    2.55622508,    5.46465272,      9.42366059], [   10.56412724,   19.63570525,    0.10689114,  -15.12570562,     10.58934742,   40.45507168,  112.49551684,   23.39816329,      6.34743291,   22.23090726,    7.10124668,   11.39247855,     -2.48213501], [  227.20599236,  -13.65522615,  -76.71063814,    9.96724019,     28.48346938,   -0.88927439,   23.39816329,   84.66040011,     25.04706325,   -2.36698104,    3.62567565,    1.84637643,      0.84280826], [   30.56664853,  -37.23496323,  -67.31344053,   37.36200205,     15.28226597,    3.05617589,    6.34743291,   25.04706325,     77.51544424,    8.18920689,    9.70825839,   -2.70407037,    -12.90668078], [  -90.22470809,   51.69575938,   42.54309748,  -42.2300069 ,      5.13211234,    9.28044185,   22.23090726,   -2.36698104,      8.18920689,   79.43497859,   10.95202966,    7.20114618,     -2.97221239], [  -23.48953095,   14.3170423 ,  -12.45621887,   10.33172292,      5.91342428,    2.55622508,    7.10124668,    3.62567565,      9.70825839,   10.95202966,   50.42031921,   10.17081776,      3.67226782], [  103.57139963,  -23.3886302 ,   29.1456932 ,  -20.93195117,      0.51949945,    5.46465272,   11.39247855,    1.84637643,     -2.70407037,    7.20114618,   10.17081776,   43.96283025,     10.30265837], [  -59.04034099,   55.69097517,   31.7271791 ,   12.5071263 ,      1.72783225,    9.42366059,   -2.48213501,    0.84280826,    -12.90668078,   -2.97221239,    3.67226782,   10.30265837,     51.22952031]]
