/root/sim/music/out/Bob_Dylan/The_Very_Best_Of_[Disc_2]/15_Not_Dark_Yet.mp3; [-668.3342   , 160.06525  ,  23.301502 ,  25.633951 ,  -2.7938828,   -4.0947876,  -3.5209055,   1.1471382,  -0.218215 ,   5.837881 ,    0.2387842,  -2.7279027,  -4.980122 ]; [[8244.86115003,-283.32472558,-140.89448281, -36.67357527,-306.72670143,    79.60935799,  92.60290172,  17.79884733, -23.43913872, 108.50576069,   103.62933478,  72.23153209,-160.09590831], [-283.32472558,1426.2028375 ,-167.80721628,   1.49145632,  76.29575024,   -98.48842931, -23.45773741,  12.08755694,  -8.96300165,  -2.08061239,   -10.63744931, -45.07956129,  48.071562  ], [-140.89448281,-167.80721628, 477.53347702, -17.51736621,  51.88961973,    55.751732  , -21.14251247,  26.18079436,  27.37733625, -10.75158876,    -9.97896914,  20.16265126,  14.34123962], [ -36.67357527,   1.49145632, -17.51736621, 261.48403721,  43.72829135,   -19.89658476, -14.25775861, -11.55412048,  16.63647601, -12.95415484,   -17.41641322,  -5.29270888,  19.68795789], [-306.72670143,  76.29575024,  51.88961973,  43.72829135, 168.620779  ,    -7.80674   ,  -0.92448187,  10.20353095,  14.03048767,  -0.63685788,   -11.65488914,  -0.10324178,  20.41756535], [  79.60935799, -98.48842931,  55.751732  , -19.89658476,  -7.80674   ,   147.09577687,  23.88650715,  13.5857449 ,   8.03631777,   0.5871462 ,    18.07714275,  10.7975635 ,  -8.99609468], [  92.60290172, -23.45773741, -21.14251247, -14.25775861,  -0.92448187,    23.88650715, 133.26349872,   8.4963334 ,   5.45488571,  18.7458029 ,    12.6099446 ,   0.7384024 ,  -8.4764535 ], [  17.79884733,  12.08755694,  26.18079436, -11.55412048,  10.20353095,    13.5857449 ,   8.4963334 ,  81.46741537,  19.19162824,   3.64031632,     7.72194892,   4.63482539,   2.81417876], [ -23.43913872,  -8.96300165,  27.37733625,  16.63647601,  14.03048767,     8.03631777,   5.45488571,  19.19162824,  88.08981403,  19.85936401,     3.04748328,   3.71428844,   9.36180588], [ 108.50576069,  -2.08061239, -10.75158876, -12.95415484,  -0.63685788,     0.5871462 ,  18.7458029 ,   3.64031632,  19.85936401,  81.83647097,    16.86043271,  -2.12112612,  -1.99285666], [ 103.62933478, -10.63744931,  -9.97896914, -17.41641322, -11.65488914,    18.07714275,  12.6099446 ,   7.72194892,   3.04748328,  16.86043271,    73.75377305,  24.92659736,  -4.86305236], [  72.23153209, -45.07956129,  20.16265126,  -5.29270888,  -0.10324178,    10.7975635 ,   0.7384024 ,   4.63482539,   3.71428844,  -2.12112612,    24.92659736,  71.26154755,  16.96267275], [-160.09590831,  48.071562  ,  14.34123962,  19.68795789,  20.41756535,    -8.99609468,  -8.4764535 ,   2.81417876,   9.36180588,  -1.99285666,    -4.86305236,  16.96267275,  73.11003019]]
/root/sim/music/out/Bob_Dylan/The_Very_Best_Of_[Disc_2]/10_It's_All_Over_Now_Baby_Blue.mp3; [-634.3781    , 100.21725   , -13.174923  ,  19.057774  ,  -1.4988129 ,   -9.971327  ,  -0.74728477,   3.9478247 , -13.030197  ,  -4.5916514 ,  -11.5568075 , -11.364201  ,  -9.615539  ]; [[14526.46484069,-1556.15029917,-1565.99292359, -122.46402915,   -251.02164247, -299.22447419,   52.96818849, -102.71891355,   -140.27921868,  301.90634192,  -20.42871409,  -84.23381022,   -254.03160124], [-1556.15029917, 2541.38439375,  159.51783845, -185.26751563,    -92.98127043,  -23.24541392, -185.82070004,   56.07262947,     -4.11191309,  -83.89253879,  -78.0572937 ,   14.4917722 ,     88.27458892], [-1565.99292359,  159.51783845,  836.27826479,   77.29353461,     47.96962292,   38.3828216 ,    0.45918225,   87.75550222,    -46.4572456 ,  -69.01092043,   -8.86631525,   14.11814152,     41.74413129], [ -122.46402915, -185.26751563,   77.29353461,  499.58772013,    149.20478947, -106.7131662 ,   46.91322521,   11.0736494 ,     15.5016347 ,  -49.71806341,  -47.26464364,    2.29638319,     22.21927311], [ -251.02164247,  -92.98127043,   47.96962292,  149.20478947,    282.60647097,   -2.15310943,  -44.46570372,  -12.3459525 ,     26.21488686,  -30.41974116,  -23.5906518 ,    7.40045917,     -8.61887842], [ -299.22447419,  -23.24541392,   38.3828216 , -106.7131662 ,     -2.15310943,  343.24060381,   96.88829128,   11.30138759,     22.75852918,   -3.15216424,   49.41425663,  -43.24453731,    -49.49762675], [   52.96818849, -185.82070004,    0.45918225,   46.91322521,    -44.46570372,   96.88829128,  269.76742904,   11.60212126,    -18.18660812,   20.38875463,   27.40485997,  -26.75229053,    -24.38119325], [ -102.71891355,   56.07262947,   87.75550222,   11.0736494 ,    -12.3459525 ,   11.30138759,   11.60212126,  127.28432833,      1.32491409,  -22.9084318 ,   -4.14814678,   -0.83669442,      7.81259204], [ -140.27921868,   -4.11191309,  -46.4572456 ,   15.5016347 ,     26.21488686,   22.75852918,  -18.18660812,    1.32491409,    154.67918327,    4.92364296,  -11.38852248,   -5.74811489,    -13.05139216], [  301.90634192,  -83.89253879,  -69.01092043,  -49.71806341,    -30.41974116,   -3.15216424,   20.38875463,  -22.9084318 ,      4.92364296,  150.12321585,   24.25411121,   -7.5891787 ,     -1.2766458 ], [  -20.42871409,  -78.0572937 ,   -8.86631525,  -47.26464364,    -23.5906518 ,   49.41425663,   27.40485997,   -4.14814678,    -11.38852248,   24.25411121,  111.38127504,    7.3196802 ,    -23.13587793], [  -84.23381022,   14.4917722 ,   14.11814152,    2.29638319,      7.40045917,  -43.24453731,  -26.75229053,   -0.83669442,     -5.74811489,   -7.5891787 ,    7.3196802 ,  108.60408307,     18.77250885], [ -254.03160124,   88.27458892,   41.74413129,   22.21927311,     -8.61887842,  -49.49762675,  -24.38119325,    7.81259204,    -13.05139216,   -1.2766458 ,  -23.13587793,   18.77250885,    111.51613318]]
/root/sim/music/out/Bob_Dylan/The_Very_Best_Of_[Disc_2]/13_Things_Have_Changed.mp3; [-596.7759    , 127.20764   ,   9.17311   ,  17.26065   ,   6.686827  ,   11.396797  ,   0.80377567,  -2.6107612 ,  -4.7272406 ,  -1.4381534 ,   -0.43686223,  -4.425209  ,  -4.8165035 ]; [[11006.92433973, -257.86918886,  152.69973715,  143.89387862,   -236.06166695,  -22.82522627,  -58.55506633,  -76.44384244,   -102.73221175,    8.05023489,   53.77478606,  -48.06743774,    -83.18663781], [ -257.86918886, 1370.13848187, -198.44111991,   37.32404563,     77.52272766,   51.09382514,   76.5017112 ,   24.18894346,     15.27092111,   11.7618269 ,    1.88163387,   14.67586837,     13.74358092], [  152.69973715, -198.44111991,  500.15365024,  -45.78433821,    165.5774403 ,   77.02063403,   22.45045804,   21.12680514,     40.55274396,   13.38108999,    6.17152151,   33.65923599,     29.3804848 ], [  143.89387862,   37.32404563,  -45.78433821,  265.01761374,     72.7355535 ,   15.24519258,  -39.19313542,  -20.5015538 ,     15.16268175,   -7.44232186,  -13.80428576,   14.57687335,     26.35439263], [ -236.06166695,   77.52272766,  165.5774403 ,   72.7355535 ,    290.46782656,   63.96846345,   29.94771479,    5.02935013,     32.63455455,    0.79449317,  -25.80347239,   22.26623178,     16.149735  ], [  -22.82522627,   51.09382514,   77.02063403,   15.24519258,     63.96846345,  128.78090118,   50.51363871,   37.60583837,     22.72586337,   11.7041641 ,   14.98055734,    7.03757007,      4.66580261], [  -58.55506633,   76.5017112 ,   22.45045804,  -39.19313542,     29.94771479,   50.51363871,  143.9717032 ,   61.52769936,     26.37416211,   27.94607812,   16.50540315,    0.97344565,     -5.63242709], [  -76.44384244,   24.18894346,   21.12680514,  -20.5015538 ,      5.02935013,   37.60583837,   61.52769936,  103.95216683,     34.62627915,   23.00210544,   18.30123012,   -5.30962319,     -2.48523089], [ -102.73221175,   15.27092111,   40.55274396,   15.16268175,     32.63455455,   22.72586337,   26.37416211,   34.62627915,     78.36755775,   29.00738452,    9.99555422,    4.85208939,      4.20890289], [    8.05023489,   11.7618269 ,   13.38108999,   -7.44232186,      0.79449317,   11.7041641 ,   27.94607812,   23.00210544,     29.00738452,   90.63228413,   40.10806662,    3.38778115,      0.19050731], [   53.77478606,    1.88163387,    6.17152151,  -13.80428576,    -25.80347239,   14.98055734,   16.50540315,   18.30123012,      9.99555422,   40.10806662,   84.8100593 ,   19.1846547 ,     -0.29682088], [  -48.06743774,   14.67586837,   33.65923599,   14.57687335,     22.26623178,    7.03757007,    0.97344565,   -5.30962319,      4.85208939,    3.38778115,   19.1846547 ,   68.2195273 ,     23.98854836], [  -83.18663781,   13.74358092,   29.3804848 ,   26.35439263,     16.149735  ,    4.66580261,   -5.63242709,   -2.48523089,      4.20890289,    0.19050731,   -0.29682088,   23.98854836,     58.99461797]]
/root/sim/music/out/Bob_Dylan/The_Very_Best_Of_[Disc_2]/17_Beyond_Here_Lies_Nothin'.mp3; [-596.0304    , 145.3646    ,  -2.1848996 ,  33.814632  ,   6.5930924 ,   15.433413  ,   0.16144955,  -1.922809  ,   0.67631894,   3.9734976 ,   -1.8768464 ,   0.36586463,  -4.3754225 ]; [[9983.00329798, 170.90249384,-281.46326712,  43.31545927,-151.33602717,   198.14987377, -56.53618367, -12.79861437,  26.52459392,  95.89581972,    65.91224785,  98.23860299, -10.67199227], [ 170.90249384,1071.56502085,-259.32179058,  36.38562146,  49.71111791,    55.58648257,  54.05030994,  38.08436785,  38.32602373,  20.91363451,    12.20669926,  18.1672154 ,  -0.8183549 ], [-281.46326712,-259.32179058, 516.80588452,  52.08423324,  29.94583379,    -0.05353888,  10.06372502,  23.3799851 ,  10.90696094,  -3.6238024 ,    30.94833205,  24.20209155,  34.43257461], [  43.31545927,  36.38562146,  52.08423324, 239.10738465,  85.45382506,    41.46932754,  22.30997643,  10.37404734,  25.60505082,   6.4747838 ,    -6.31377842,  21.67288698,  43.22749652], [-151.33602717,  49.71111791,  29.94583379,  85.45382506, 183.70004477,    45.0756079 ,  55.44224955,  14.18236576,  34.53544736,  18.50716548,    -5.72617192,   5.66560133,  27.17871519], [ 198.14987377,  55.58648257,  -0.05353888,  41.46932754,  45.0756079 ,   138.68067414,  71.72640516,  43.50978751,  26.6357277 ,  22.0055664 ,    14.1315367 ,  11.97418001,   8.42032104], [ -56.53618367,  54.05030994,  10.06372502,  22.30997643,  55.44224955,    71.72640516, 144.37218278,  53.61983214,  27.75041233,  19.01768894,    10.39287889,  -0.80460196,   9.70257489], [ -12.79861437,  38.08436785,  23.3799851 ,  10.37404734,  14.18236576,    43.50978751,  53.61983214,  93.95751317,  35.74642449,  17.43799321,    11.55447599,   3.30966744,   5.88023262], [  26.52459392,  38.32602373,  10.90696094,  25.60505082,  34.53544736,    26.6357277 ,  27.75041233,  35.74642449,  86.59722019,  40.3892908 ,    14.64640934,   2.10923439,   1.88083037], [  95.89581972,  20.91363451,  -3.6238024 ,   6.4747838 ,  18.50716548,    22.0055664 ,  19.01768894,  17.43799321,  40.3892908 ,  87.04309008,    30.2485954 ,  -2.09665968,  -2.98367275], [  65.91224785,  12.20669926,  30.94833205,  -6.31377842,  -5.72617192,    14.1315367 ,  10.39287889,  11.55447599,  14.64640934,  30.2485954 ,    83.54126568,  29.43121863,   1.46490093], [  98.23860299,  18.1672154 ,  24.20209155,  21.67288698,   5.66560133,    11.97418001,  -0.80460196,   3.30966744,   2.10923439,  -2.09665968,    29.43121863,  74.12685649,  28.10347124], [ -10.67199227,  -0.8183549 ,  34.43257461,  43.22749652,  27.17871519,     8.42032104,   9.70257489,   5.88023262,   1.88083037,  -2.98367275,     1.46490093,  28.10347124,  70.72741827]]
/root/sim/music/out/Bob_Dylan/The_Very_Best_Of_[Disc_2]/07_Mississippi.mp3; [-606.27515   , 137.76126   ,  18.700304  ,  29.346033  ,  10.343126  ,    2.4173448 ,   0.16365454,   2.9120095 ,  -3.4431453 ,  -0.05877943,   -5.295059  ,  -2.377013  ,   0.49719444]; [[11181.46778199,  -48.19516412,  206.60408374,  -50.09266113,   -222.65747121,  111.99494882,   89.75982916,  163.24270418,     32.11343467,  101.3802701 ,  -29.74294968, -145.75318112,   -133.61218298], [  -48.19516412, 1574.88826719, -410.18143533,   44.22621343,     73.8309979 ,  -82.54135727,   51.89343687,   23.20090099,      6.50388791,  -27.81147277,  -20.90319646,    5.50145368,      7.45830557], [  206.60408374, -410.18143533,  510.01466681,   47.3524711 ,     20.21933699,   58.42234168,  -67.43988484,  -39.68874388,     -2.98613776,  -10.78004571,    2.9759821 ,   16.88993253,     19.15445351], [  -50.09266113,   44.22621343,   47.3524711 ,  241.84472626,    128.23561833,   -2.45625743,  -27.26286126,  -41.51076035,    -15.93066288,  -13.2009933 ,  -33.42147383,   16.89116503,     33.39981396], [ -222.65747121,   73.8309979 ,   20.21933699,  128.23561833,    260.08357169,   31.77409914,  -22.75140374,  -24.38476886,      9.59432684,  -51.13680147,  -32.88651113,   16.92608379,     38.2937652 ], [  111.99494882,  -82.54135727,   58.42234168,   -2.45625743,     31.77409914,  105.03651678,   34.60910648,   18.20573843,      4.78613086,   -9.23873319,   -1.2069445 ,   -2.65491179,     -3.00967788], [   89.75982916,   51.89343687,  -67.43988484,  -27.26286126,    -22.75140374,   34.60910648,  134.2058941 ,   57.69266778,      7.93770516,    6.05531877,    9.30341159,  -13.76969431,    -17.4342462 ], [  163.24270418,   23.20090099,  -39.68874388,  -41.51076035,    -24.38476886,   18.20573843,   57.69266778,  116.59723916,     41.03926677,    9.75695011,    6.31964545,  -12.80365086,     -9.43474861], [   32.11343467,    6.50388791,   -2.98613776,  -15.93066288,      9.59432684,    4.78613086,    7.93770516,   41.03926677,     90.68537158,   28.23291142,   12.24110957,   -2.49229997,      1.25332289], [  101.3802701 ,  -27.81147277,  -10.78004571,  -13.2009933 ,    -51.13680147,   -9.23873319,    6.05531877,    9.75695011,     28.23291142,  100.14747621,   40.02080522,   -2.6847552 ,    -10.87792134], [  -29.74294968,  -20.90319646,    2.9759821 ,  -33.42147383,    -32.88651113,   -1.2069445 ,    9.30341159,    6.31964545,     12.24110957,   40.02080522,   84.90843593,   19.6023483 ,     -7.51915727], [ -145.75318112,    5.50145368,   16.88993253,   16.89116503,     16.92608379,   -2.65491179,  -13.76969431,  -12.80365086,     -2.49229997,   -2.6847552 ,   19.6023483 ,   77.79439745,     37.31701503], [ -133.61218298,    7.45830557,   19.15445351,   33.39981396,     38.2937652 ,   -3.00967788,  -17.4342462 ,   -9.43474861,      1.25332289,  -10.87792134,   -7.51915727,   37.31701503,     74.58008727]]
/root/sim/music/out/Bob_Dylan/The_Very_Best_Of_[Disc_2]/02_Rainy_Day_Women_#12_&_35.mp3; [-581.82184   ,  98.44151   , -24.796368  ,   2.5887954 , -16.416992  ,    2.888273  ,  -6.463434  ,   5.7794676 ,   2.047447  ,   0.7275635 ,    1.3374442 ,  -4.285695  ,  -0.84415156]; [[14738.22686985,  195.39225276, -829.54968646,  -54.95427203,   -116.82398681,   66.98870804,  116.28340968,    6.25628105,     -3.11478706,  -29.70401948,   16.09073194,  -10.83127736,      8.51746162], [  195.39225276, 1199.09939895,   25.7839189 ,   52.93285287,    -28.34508112,   48.44926698,  -35.09526465,   88.28467478,     16.79063596,   36.25267019,   16.76406499,  -54.83650525,    -35.5410009 ], [ -829.54968646,   25.7839189 ,  855.04114549,  119.85400904,      5.26652816,  146.15999275,  -13.30719641,  106.19442664,     51.45339979,    6.4579986 ,   55.55742865,   -0.0963315 ,     12.83208034], [  -54.95427203,   52.93285287,  119.85400904,  345.75447455,    134.13905005,   50.19609211,  -23.30435616,   13.65561766,     53.39423259,   20.99586732,  -12.98244185,   19.80025444,     24.10452441], [ -116.82398681,  -28.34508112,    5.26652816,  134.13905005,    265.83911166,   18.80833789,   -8.99254009,   -5.76255169,     33.83207163,   32.38385626,   -4.03220775,   29.51790329,      9.76470024], [   66.98870804,   48.44926698,  146.15999275,   50.19609211,     18.80833789,  233.70098151,   71.88657848,   51.46179742,     32.12586736,   23.07994501,   53.69402315,    9.93642767,      6.19783049], [  116.28340968,  -35.09526465,  -13.30719641,  -23.30435616,     -8.99254009,   71.88657848,  203.19298681,   43.59342538,     -3.70293186,   16.55304272,   19.85445714,   22.31519628,     14.58307025], [    6.25628105,   88.28467478,  106.19442664,   13.65561766,     -5.76255169,   51.46179742,   43.59342538,  155.37479428,     59.29053472,   27.41377688,   15.31420936,  -12.21818834,     13.20126677], [   -3.11478706,   16.79063596,   51.45339979,   53.39423259,     33.83207163,   32.12586736,   -3.70293186,   59.29053472,    140.45546094,   54.40629055,    4.48102351,  -12.36243661,      3.47775066], [  -29.70401948,   36.25267019,    6.4579986 ,   20.99586732,     32.38385626,   23.07994501,   16.55304272,   27.41377688,     54.40629055,  121.67845507,   33.05427723,   -1.64396956,     -9.10938454], [   16.09073194,   16.76406499,   55.55742865,  -12.98244185,     -4.03220775,   53.69402315,   19.85445714,   15.31420936,      4.48102351,   33.05427723,  115.00222057,   33.73494876,      2.78662584], [  -10.83127736,  -54.83650525,   -0.0963315 ,   19.80025444,     29.51790329,    9.93642767,   22.31519628,  -12.21818834,    -12.36243661,   -1.64396956,   33.73494876,  100.41493656,     31.50857057], [    8.51746162,  -35.5410009 ,   12.83208034,   24.10452441,      9.76470024,    6.19783049,   14.58307025,   13.20126677,      3.47775066,   -9.10938454,    2.78662584,   31.50857057,     88.93592171]]
/root/sim/music/out/Air/不明なアルバム/_AIR___________.mp3; [-543.43634   ,  90.33889   ,   5.1113853 ,  27.230799  ,  -1.1891341 ,    5.2469187 ,   3.4619355 ,   2.2665265 ,  -1.551402  ,   1.6233604 ,   -2.5014865 ,   0.84521955,  -0.43080232]; [[14091.06965609,-1192.08535845,  443.92532697,  515.41789424,    346.10949778,  334.25585019,  232.60236214,  116.42493905,     58.16129884,  233.26339894,  120.30674081,  -14.12498128,     98.27025275], [-1192.08535845,  948.78000923, -222.16656609,  -30.4864537 ,    -84.19264009,  -77.14677083,   -2.39177671,  -38.36953802,     -7.00672768,  -16.63191072,  -54.45235039,    9.42971857,    -21.87240782], [  443.92532697, -222.16656609,  353.67656493,   38.2986737 ,     63.28183999,   56.39803573,  -19.43049856,   17.71710659,     18.07820395,   -0.91191183,   37.67909769,    9.71375399,     -0.2055962 ], [  515.41789424,  -30.4864537 ,   38.2986737 ,  192.96661977,     73.96847148,  -13.09732165,   11.91231069,   25.67516446,     17.58036132,    8.22158902,   20.19688499,   31.46785281,      1.60280776], [  346.10949778,  -84.19264009,   63.28183999,   73.96847148,    163.98262335,   35.37906398,    1.97157376,   19.39327416,     23.20150645,    8.54014123,   23.11087213,   18.73721404,      0.97651124], [  334.25585019,  -77.14677083,   56.39803573,  -13.09732165,     35.37906398,  172.15394715,   30.55108036,   20.59191958,     16.21951976,   20.48416358,   28.09204257,   -9.7318661 ,      9.21015297], [  232.60236214,   -2.39177671,  -19.43049856,   11.91231069,      1.97157376,   30.55108036,  150.88360335,   21.59856473,     12.03658829,   54.1319974 ,   -3.25551504,   -0.82271606,     30.67720214], [  116.42493905,  -38.36953802,   17.71710659,   25.67516446,     19.39327416,   20.59191958,   21.59856473,   87.66973863,     36.29922123,    3.27210919,    6.78277472,    5.86799081,      5.95989564], [   58.16129884,   -7.00672768,   18.07820395,   17.58036132,     23.20150645,   16.21951976,   12.03658829,   36.29922123,     75.40380104,   26.48979756,    8.62918511,    3.38956199,      4.02561141], [  233.26339894,  -16.63191072,   -0.91191183,    8.22158902,      8.54014123,   20.48416358,   54.1319974 ,    3.27210919,     26.48979756,   93.61326127,   21.13952441,   -7.45917066,     16.6592183 ], [  120.30674081,  -54.45235039,   37.67909769,   20.19688499,     23.11087213,   28.09204257,   -3.25551504,    6.78277472,      8.62918511,   21.13952441,   79.18184649,   28.6605059 ,     -0.24242754], [  -14.12498128,    9.42971857,    9.71375399,   31.46785281,     18.73721404,   -9.7318661 ,   -0.82271606,    5.86799081,      3.38956199,   -7.45917066,   28.6605059 ,   70.61996869,     15.09113649], [   98.27025275,  -21.87240782,   -0.2055962 ,    1.60280776,      0.97651124,    9.21015297,   30.67720214,    5.95989564,      4.02561141,   16.6592183 ,   -0.24242754,   15.09113649,     63.15297208]]
/root/sim/music/out/Air/不明なアルバム/Air_____(______UP_.mp3; [-629.3933    , 137.75612   , -12.146722  ,   6.268412  ,  -6.04144   ,  -16.770838  ,   8.446904  ,  -4.75212   ,  -7.751245  ,   3.328064  ,  -15.72726   ,   4.13395   ,   0.14502718]; [[16621.80362348, 1393.61475284,  666.04539851, 1017.42117648,    246.4956774 ,  484.30370733,  404.94179793,  371.98239228,    -23.5176051 ,   11.74127585, -170.05881354, -380.87535159,   -280.81840743], [ 1393.61475284, 1811.80513144,  -67.20768771,  169.52697032,    113.18359434,  138.73698034,   48.14266842,  -64.35583753,   -129.97359264,  -51.92654827,  -92.9092754 , -164.68234134,   -163.36107534], [  666.04539851,  -67.20768771,  775.07608353,  174.40445842,    193.03270176,  263.78582862,  -36.43655643,   98.14011804,     46.81268339,  -94.94096722,  101.85753407, -129.41781165,   -123.88872412], [ 1017.42117648,  169.52697032,  174.40445842,  513.78685228,    181.77278789,  141.10391606,   -6.36115287,  175.78516299,     57.46059447,  -64.95455849,   68.88081354,  -53.23345987,    -69.71190444], [  246.4956774 ,  113.18359434,  193.03270176,  181.77278789,    300.38171848,    7.89061621,  -45.74153853,   74.57830609,     43.83075468,  -57.65707518,   26.99192584,  -10.30174721,    -93.46288326], [  484.30370733,  138.73698034,  263.78582862,  141.10391606,      7.89061621,  564.117303  ,  104.31585471,  103.38551989,     55.25394828,   38.36244412,   82.96700949, -191.44466991,    -25.9860442 ], [  404.94179793,   48.14266842,  -36.43655643,   -6.36115287,    -45.74153853,  104.31585471,  323.09623991,   24.43044854,     -1.20166401,  144.47617584,  -35.55487725,   23.45899654,     83.38345773], [  371.98239228,  -64.35583753,   98.14011804,  175.78516299,     74.57830609,  103.38551989,   24.43044854,  193.0428147 ,     89.63031082,    2.67977905,   41.83332474,  -22.29271802,     10.49392761], [  -23.5176051 , -129.97359264,   46.81268339,   57.46059447,     43.83075468,   55.25394828,   -1.20166401,   89.63031082,    162.2854805 ,   21.10975822,   48.4587145 ,  -13.15936695,     31.27065392], [   11.74127585,  -51.92654827,  -94.94096722,  -64.95455849,    -57.65707518,   38.36244412,  144.47617584,    2.67977905,     21.10975822,  199.64876965,    5.21965956,   64.59791369,     84.44661952], [ -170.05881354,  -92.9092754 ,  101.85753407,   68.88081354,     26.99192584,   82.96700949,  -35.55487725,   41.83332474,     48.4587145 ,    5.21965956,  216.79696722,   61.69672314,     32.3672415 ], [ -380.87535159, -164.68234134, -129.41781165,  -53.23345987,    -10.30174721, -191.44466991,   23.45899654,  -22.29271802,    -13.15936695,   64.59791369,   61.69672314,  318.45185367,    146.35356289], [ -280.81840743, -163.36107534, -123.88872412,  -69.71190444,    -93.46288326,  -25.9860442 ,   83.38345773,   10.49392761,     31.27065392,   84.44661952,   32.3672415 ,  146.35356289,    248.72642361]]
/root/sim/music/out/Air/不明なアルバム/_______AIR___.mp3; [-654.00446  , 156.74744  ,   3.240662 ,  15.071947 ,   3.0911434,  -10.367058 ,   7.988652 , -10.213393 ,  -6.2827992,   4.283199 ,  -14.365074 ,  -3.9075062,   1.0330627]; [[19760.38402862,  -45.04145477,-1493.01903496, -122.84568896,   -402.43200393, -305.31475903,  942.83257566,  194.89354361,    141.58058716,  676.20820386, -154.04513995,  313.28226294,    165.28633917], [  -45.04145477, 1275.65518566,  -76.22924033,  -27.21844565,     10.29347437,   57.45837341,   30.39137708,  -84.44710496,     27.99704504,   -3.21478576,  -66.31036973,  -55.64777716,     -2.67612489], [-1493.01903496,  -76.22924033,  746.50739398,  176.85813334,    197.29655449,  141.82751479, -170.50630882,  -32.25872948,   -105.70375997, -164.76943003,   58.39138629,  -15.06963319,    -10.23189126], [ -122.84568896,  -27.21844565,  176.85813334,  404.35356497,    217.56630825,  -14.59137471, -111.3233168 ,   41.76594166,    -12.26469999,  -71.67362227,   -4.69601419,   13.04980077,    -29.69348425], [ -402.43200393,   10.29347437,  197.29655449,  217.56630825,    383.28784874,   23.29279939, -199.07769232,   -0.69078648,     -2.20885649,  -77.61127244,   10.73888667,   12.56433284,    -31.55813358], [ -305.31475903,   57.45837341,  141.82751479,  -14.59137471,     23.29279939,  345.55399235,    8.06219697,    1.93924309,     26.78294427,  -17.23564328,   48.85445822,  -47.79776395,      1.20033563], [  942.83257566,   30.39137708, -170.50630882, -111.3233168 ,   -199.07769232,    8.06219697,  447.76191466,  -20.87989947,     24.7141782 ,  121.17600159,  -71.71004213,   15.62714617,     27.95333094], [  194.89354361,  -84.44710496,  -32.25872948,   41.76594166,     -0.69078648,    1.93924309,  -20.87989947,  195.82104903,     42.50727821,    0.18312719,   56.16216692,   -0.31609549,      5.23562213], [  141.58058716,   27.99704504, -105.70375997,  -12.26469999,     -2.20885649,   26.78294427,   24.7141782 ,   42.50727821,    214.39367081,   11.06443819,    4.7345614 ,   -3.63835521,    -11.85887571], [  676.20820386,   -3.21478576, -164.76943003,  -71.67362227,    -77.61127244,  -17.23564328,  121.17600159,    0.18312719,     11.06443819,  204.12442544,   -7.56660554,   -1.8564527 ,     34.1386179 ], [ -154.04513995,  -66.31036973,   58.39138629,   -4.69601419,     10.73888667,   48.85445822,  -71.71004213,   56.16216692,      4.7345614 ,   -7.56660554,  185.70580463,   33.63283279,      9.29080221], [  313.28226294,  -55.64777716,  -15.06963319,   13.04980077,     12.56433284,  -47.79776395,   15.62714617,   -0.31609549,     -3.63835521,   -1.8564527 ,   33.63283279,  132.34832619,     37.36069341], [  165.28633917,   -2.67612489,  -10.23189126,  -29.69348425,    -31.55813358,    1.20033563,   27.95333094,    5.23562213,    -11.85887571,   34.1386179 ,    9.29080221,   37.36069341,    127.8123294 ]]
/root/sim/music/out/Bon_Jovi/Greatest_Hits__The_Ultimate_Collection_[Disc_2]/03_Lost_Highway.mp3; [-517.4487    , 105.6774    ,   0.92734015,  31.324083  ,  13.065185  ,    6.809074  ,   2.4514358 ,   6.7744555 ,   2.3912814 ,   2.0324924 ,   -2.818133  ,  -3.2448943 ,   1.0397167 ]; [[13301.40653117,-1345.86127762,-1157.43867992,  -49.94981515,   -240.42813102, -208.87867554,  -94.92917285,  166.81601963,      6.36641784,   36.78855049,   -5.04214068,  -31.83696528,     75.89707107], [-1345.86127762, 1095.22364359,   97.77722145,   51.01134976,     78.83338268,   -1.61908742,   30.81985735,  -48.44081716,      0.76350949,   -1.55837313,    3.39342224,   -1.35113479,     -8.68554139], [-1157.43867992,   97.77722145,  478.49222503,   13.7952841 ,     27.98517822,   63.32965209,  -18.64924138,  -30.35707594,    -20.3545854 ,  -13.76885524,   -1.28190042,    7.43382055,     -7.73914011], [  -49.94981515,   51.01134976,   13.7952841 ,  185.32184712,     65.93580753,  -18.46227453,  -20.22058926,   -7.88033866,     20.62222523,   -1.75042548,  -18.09947587,   27.1112993 ,     20.10015734], [ -240.42813102,   78.83338268,   27.98517822,   65.93580753,    150.42174686,   -5.88835389,    0.15060704,  -22.28119149,     13.28023937,    3.56370517,  -17.62699357,   17.50473324,      9.98918579], [ -208.87867554,   -1.61908742,   63.32965209,  -18.46227453,     -5.88835389,  143.04834168,   44.41319549,    8.61153359,    -13.46916606,   -3.9783482 ,   19.61257183,  -12.01983836,    -19.30374589], [  -94.92917285,   30.81985735,  -18.64924138,  -20.22058926,      0.15060704,   44.41319549,  136.56088887,   27.68429372,     -5.92395236,   -3.05674016,   11.48338623,   -1.06589528,    -11.65033205], [  166.81601963,  -48.44081716,  -30.35707594,   -7.88033866,    -22.28119149,    8.61153359,   27.68429372,   97.50132068,     25.0068886 ,    4.70373492,    8.11525038,  -10.0288982 ,     -0.71462871], [    6.36641784,    0.76350949,  -20.3545854 ,   20.62222523,     13.28023937,  -13.46916606,   -5.92395236,   25.0068886 ,     86.91983954,   25.87289598,   -6.34719897,   -1.3309963 ,      5.00652782], [   36.78855049,   -1.55837313,  -13.76885524,   -1.75042548,      3.56370517,   -3.9783482 ,   -3.05674016,    4.70373492,     25.87289598,   70.02178132,   23.40210481,   -0.24843379,      2.35533578], [   -5.04214068,    3.39342224,   -1.28190042,  -18.09947587,    -17.62699357,   19.61257183,   11.48338623,    8.11525038,     -6.34719897,   23.40210481,   67.15033651,   14.71816244,     -4.44476374], [  -31.83696528,   -1.35113479,    7.43382055,   27.1112993 ,     17.50473324,  -12.01983836,   -1.06589528,  -10.0288982 ,     -1.3309963 ,   -0.24843379,   14.71816244,   71.79306036,     32.84143981], [   75.89707107,   -8.68554139,   -7.73914011,   20.10015734,      9.98918579,  -19.30374589,  -11.65033205,   -0.71462871,      5.00652782,    2.35533578,   -4.44476374,   32.84143981,     73.97811729]]
/root/sim/music/out/Bon_Jovi/Greatest_Hits__The_Ultimate_Collection_[Disc_2]/09_This_Ain't_A_Love_Song.mp3; [-626.9293   , 137.18204  ,  -4.336084 ,  17.659405 ,  -0.6707297,   -1.0570252,  -4.16139  ,  -3.8195932,  -5.4953814,  -1.9826293,   -5.0589614,  -5.557826 ,  -4.596955 ]; [[31697.15781594,-4056.33859237, -860.40751221, 1283.48831968,    699.63628103, 1628.23749424, 1008.43425534, 1399.55977115,   1079.78360884, 1316.693108  , 1010.00479485,  520.30194489,    492.72532466], [-4056.33859237, 2335.9916912 , -110.24468263,  -18.23382266,      5.9158745 , -281.98519055, -116.42857856, -267.49164342,   -131.66384335, -261.14638842, -210.43307075,  -90.19975017,   -133.79496459], [ -860.40751221, -110.24468263,  628.25245631, -148.51922757,     33.59511103,  -31.80599043,  -56.74130354,  -34.11158855,    -56.22019576,  -18.59722893,   -0.48406622,  -26.97878846,     12.37872412], [ 1283.48831968,  -18.23382266, -148.51922757,  525.69643868,    219.85456242,  126.32803067,   60.11327229,   65.62158781,    162.2997664 ,   53.68652117,   33.05872638,  108.73797506,     20.91314627], [  699.63628103,    5.9158745 ,   33.59511103,  219.85456242,    342.08906806,  101.14665719,   44.94579854,   34.26476107,     99.99827896,   36.67794267,   35.11881004,   70.21967462,     26.29373453], [ 1628.23749424, -281.98519055,  -31.80599043,  126.32803067,    101.14665719,  296.72731147,  137.16974451,  127.12964847,     80.84966955,   96.95155681,   92.89454072,   52.31589747,     44.02555729], [ 1008.43425534, -116.42857856,  -56.74130354,   60.11327229,     44.94579854,  137.16974451,  210.882523  ,  110.96256975,     57.90256202,   70.7593731 ,   63.73811818,   27.20571425,     32.41318848], [ 1399.55977115, -267.49164342,  -34.11158855,   65.62158781,     34.26476107,  127.12964847,  110.96256975,  204.80526168,     96.42462506,   98.99885186,   72.21492163,   28.46751513,     43.83166517], [ 1079.78360884, -131.66384335,  -56.22019576,  162.2997664 ,     99.99827896,   80.84966955,   57.90256202,   96.42462506,    190.86449001,   93.60772609,   42.36329001,   44.95067209,     17.34013215], [ 1316.693108  , -261.14638842,  -18.59722893,   53.68652117,     36.67794267,   96.95155681,   70.7593731 ,   98.99885186,     93.60772609,  170.23142116,   90.76933613,   27.79219215,     28.73241332], [ 1010.00479485, -210.43307075,   -0.48406622,   33.05872638,     35.11881004,   92.89454072,   63.73811818,   72.21492163,     42.36329001,   90.76933613,  137.86195607,   43.51521957,     27.55266239], [  520.30194489,  -90.19975017,  -26.97878846,  108.73797506,     70.21967462,   52.31589747,   27.20571425,   28.46751513,     44.95067209,   27.79219215,   43.51521957,  106.81963639,     35.81033528], [  492.72532466, -133.79496459,   12.37872412,   20.91314627,     26.29373453,   44.02555729,   32.41318848,   43.83166517,     17.34013215,   28.73241332,   27.55266239,   35.81033528,     91.68081399]]
/root/sim/music/out/Bon_Jovi/Greatest_Hits__The_Ultimate_Collection_[Disc_2]/01_In_These_Arms.mp3; [-515.56757   ,  89.91452   ,  -6.4763765 ,  22.841957  ,   7.371761  ,   12.757088  ,   1.4244595 ,   6.052046  ,  -2.7058504 ,   2.6333525 ,    0.42136562,  -2.711185  ,  -1.0950521 ]; [[14399.48102032, -831.95095241,  133.88167526, -186.95756025,     84.21002087,  145.75059469,  243.52943934,  173.60177664,     65.26721451,  118.69951448,   39.31943398,  -26.24705457,     22.99933842], [ -831.95095241, 1084.25742297, -166.51071529,  222.44538339,    -32.08648553,  -47.96390131, -101.49067893,  -81.81478919,    -28.31784015,  -26.06498929,  -23.92573786,  -15.51976161,    -25.09878256], [  133.88167526, -166.51071529,  464.03090552,   15.84371429,     96.03573953,   28.07010359,   -1.61771614,    7.28572224,     16.42555376,   12.47606923,   19.17958248,   21.08603462,      5.13686303], [ -186.95756025,  222.44538339,   15.84371429,  228.85177755,     68.53095839,    4.332602  ,  -63.42776638,  -34.63824562,     18.92505828,   -8.33213057,   -5.28392872,   14.68990432,      9.90775931], [   84.21002087,  -32.08648553,   96.03573953,   68.53095839,    240.898568  ,   33.6657814 ,    8.94532436,    6.84112518,     27.75950414,   14.64859306,   17.99788051,   26.7754998 ,      6.51158364], [  145.75059469,  -47.96390131,   28.07010359,    4.332602  ,     33.6657814 ,  133.5747517 ,   71.73237058,   23.95132285,     -2.49824802,   11.02383952,   13.95651621,    0.65426858,      1.27865169], [  243.52943934, -101.49067893,   -1.61771614,  -63.42776638,      8.94532436,   71.73237058,  191.32411772,   64.16147585,    -12.94652063,   18.5601174 ,   25.81789872,  -10.73252083,     -0.00499929], [  173.60177664,  -81.81478919,    7.28572224,  -34.63824562,      6.84112518,   23.95132285,   64.16147585,  102.28165949,     22.2074428 ,   11.91618073,    3.73996208,   -3.91431154,      5.99899396], [   65.26721451,  -28.31784015,   16.42555376,   18.92505828,     27.75950414,   -2.49824802,  -12.94652063,   22.2074428 ,     93.57253653,   21.21018694,   -4.51629965,    1.33672592,     -1.38393718], [  118.69951448,  -26.06498929,   12.47606923,   -8.33213057,     14.64859306,   11.02383952,   18.5601174 ,   11.91618073,     21.21018694,   74.46678326,   26.05378356,   -5.31159729,     -8.56823605], [   39.31943398,  -23.92573786,   19.17958248,   -5.28392872,     17.99788051,   13.95651621,   25.81789872,    3.73996208,     -4.51629965,   26.05378356,   69.00570935,   15.19677597,     -3.74755035], [  -26.24705457,  -15.51976161,   21.08603462,   14.68990432,     26.7754998 ,    0.65426858,  -10.73252083,   -3.91431154,      1.33672592,   -5.31159729,   15.19677597,   71.16094961,     27.88806446], [   22.99933842,  -25.09878256,    5.13686303,    9.90775931,      6.51158364,    1.27865169,   -0.00499929,    5.99899396,     -1.38393718,   -8.56823605,   -3.74755035,   27.88806446,     68.44630601]]
/root/sim/music/out/Bon_Jovi/Greatest_Hits__The_Ultimate_Collection_[Disc_2]/11_(You_Want_To)_Make_A_Memory.mp3; [-606.60986   , 135.97145   ,  22.795418  ,  24.146233  ,   9.580128  ,    4.2566314 ,  -0.40684006,   5.724007  ,   0.83542794,   1.9931052 ,   -1.103637  ,   0.60720253,   2.072187  ]; [[28942.16367294,-1680.34577108,-3728.81922347, -845.61401406,   -433.77366877,  -42.35563232,   71.56874648,  533.16561562,    370.60017228,  271.85469388,   69.73807245,  272.18160426,    567.36995802], [-1680.34577108, 2216.98458913,  142.75779928,  -80.05254765,     29.557888  ,   -9.3244113 ,   88.37106418,  -31.75814858,     10.81121131,   -5.31955294,   68.78999159,   11.39955434,     20.78419402], [-3728.81922347,  142.75779928, 1593.24088329,  372.57450436,    164.06787078,  114.62384234,    8.85227667,  -33.24870943,    -82.53586643,  -55.65246779,  -53.63147067,  -81.70535222,   -155.30578832], [ -845.61401406,  -80.05254765,  372.57450436,  380.0448393 ,    131.14955983,   -0.23671553,  -43.01990029,  -17.34453446,      2.7315494 ,  -33.96435056,  -54.8929252 ,   -9.9589221 ,    -29.77324688], [ -433.77366877,   29.557888  ,  164.06787078,  131.14955983,    266.42246231,    6.14083124,   -1.7466811 ,   23.06542012,     38.14946238,  -22.35416848,  -40.29853035,    6.19170449,     -5.18440153], [  -42.35563232,   -9.3244113 ,  114.62384234,   -0.23671553,      6.14083124,  197.56966946,   67.70324153,   17.78199523,      6.8104631 ,   13.46620238,   16.21425236,   -8.68021152,     -6.31322609], [   71.56874648,   88.37106418,    8.85227667,  -43.01990029,     -1.7466811 ,   67.70324153,  158.54854496,   41.32422703,      8.06281057,   19.20323598,   19.88321003,    3.83662087,     11.56812914], [  533.16561562,  -31.75814858,  -33.24870943,  -17.34453446,     23.06542012,   17.78199523,   41.32422703,  138.50573308,     37.38087796,   -6.20780962,   -2.41426331,   12.65488523,     22.04816792], [  370.60017228,   10.81121131,  -82.53586643,    2.7315494 ,     38.14946238,    6.8104631 ,    8.06281057,   37.38087796,    124.61245902,   16.52477698,   -5.89251415,   23.93648243,     30.51723501], [  271.85469388,   -5.31955294,  -55.65246779,  -33.96435056,    -22.35416848,   13.46620238,   19.20323598,   -6.20780962,     16.52477698,  100.52636816,   38.32285441,   -9.82919866,     -3.35586815], [   69.73807245,   68.78999159,  -53.63147067,  -54.8929252 ,    -40.29853035,   16.21425236,   19.88321003,   -2.41426331,     -5.89251415,   38.32285441,   93.67794748,    7.52126919,     -2.02548339], [  272.18160426,   11.39955434,  -81.70535222,   -9.9589221 ,      6.19170449,   -8.68021152,    3.83662087,   12.65488523,     23.93648243,   -9.82919866,    7.52126919,   93.59106903,     43.91431682], [  567.36995802,   20.78419402, -155.30578832,  -29.77324688,     -5.18440153,   -6.31322609,   11.56812914,   22.04816792,     30.51723501,   -3.35586815,   -2.02548339,   43.91431682,     96.42614513]]
