/root/sim/music/out/FUNKY_MONKEY_BABYS/ファンキーモンキーベイビーズ_LAST_BEST__ファンBEST_[Disc_1]/11_この世界に生まれたわけ.mp3; [-520.8831    , 117.32985   ,  -2.787294  ,  13.295287  ,   4.0452476 ,    0.3097286 ,   1.7590203 ,   7.0239167 ,   1.45046   ,  -2.3707514 ,   -2.0764887 ,  -2.875492  ,  -0.49391794]; [[12781.80156765,  -58.34418789,  169.18451374,   90.02584943,     86.84629294,  256.89398481,  267.36763445,  302.71927533,    206.59922878,   74.02234652,  139.46300164,   66.51523399,     31.43373872], [  -58.34418789, 1082.34362245, -247.92407817,   37.41020094,    -14.97259873,  -45.99365193,    7.3443696 ,    4.1429689 ,     17.44171361,   26.7998585 ,   -3.96458911,  -18.98505884,     19.77084996], [  169.18451374, -247.92407817,  578.19521134,   47.49790297,     49.96365413,   42.17573344,   -1.83721131,   32.40095872,    -13.17198339,   27.7112903 ,    4.14010774,   35.93182916,     30.19081923], [   90.02584943,   37.41020094,   47.49790297,  406.13239481,    145.28552134,   31.46675316,  -96.71453995,   15.8265629 ,     72.00941553,   19.70719699,  -41.11945643,   43.2002817 ,     39.43838856], [   86.84629294,  -14.97259873,   49.96365413,  145.28552134,    252.90196949,   60.38541435,  -46.60912378,    1.83256255,     64.47870455,    7.1207666 ,   -3.79836246,   21.36154616,     12.2693384 ], [  256.89398481,  -45.99365193,   42.17573344,   31.46675316,     60.38541435,  187.34472069,   83.87073308,   19.23249433,     14.83974749,   26.61696636,   29.95990176,    6.11198415,     -2.48707591], [  267.36763445,    7.3443696 ,   -1.83721131,  -96.71453995,    -46.60912378,   83.87073308,  273.03109664,   73.67032024,     -4.24107624,   19.5350563 ,   55.46289688,    0.67384967,      3.63690165], [  302.71927533,    4.1429689 ,   32.40095872,   15.8265629 ,      1.83256255,   19.23249433,   73.67032024,  140.73656771,     48.06717369,   22.46309828,   19.36210679,   12.71482434,     18.17249185], [  206.59922878,   17.44171361,  -13.17198339,   72.00941553,     64.47870455,   14.83974749,   -4.24107624,   48.06717369,    150.60992037,   41.07398215,    3.89832719,   22.8781167 ,     20.62290763], [   74.02234652,   26.7998585 ,   27.7112903 ,   19.70719699,      7.1207666 ,   26.61696636,   19.5350563 ,   22.46309828,     41.07398215,  106.54485556,   34.0942743 ,    8.09673835,      2.06704843], [  139.46300164,   -3.96458911,    4.14010774,  -41.11945643,     -3.79836246,   29.95990176,   55.46289688,   19.36210679,      3.89832719,   34.0942743 ,   98.82144172,   13.18379172,     -3.08813112], [   66.51523399,  -18.98505884,   35.93182916,   43.2002817 ,     21.36154616,    6.11198415,    0.67384967,   12.71482434,     22.8781167 ,    8.09673835,   13.18379172,   80.26103381,     34.70516498], [   31.43373872,   19.77084996,   30.19081923,   39.43838856,     12.2693384 ,   -2.48707591,    3.63690165,   18.17249185,     20.62290763,    2.06704843,   -3.08813112,   34.70516498,     79.05534428]]
/root/sim/music/out/FUNKY_MONKEY_BABYS/ファンキーモンキーベイビーズ_LAST_BEST__ファンBEST_[Disc_1]/01_サヨナラじゃない.mp3; [-510.9945    ,  93.8958    ,   2.9297931 ,  16.105055  ,   1.478079  ,    6.8995233 ,   6.6593194 ,  11.549529  ,   0.03174645,   2.6456242 ,    0.7760946 ,  -1.6285504 ,  -1.5796695 ]; [[12813.33683715,  608.57015994,  281.11274545,  259.91830869,    210.99785702,  366.9033994 ,  273.41519473,  303.58304773,    154.0847639 ,  108.59140656,    5.12935104,  -47.48215108,    -74.86667376], [  608.57015994,  756.7727187 ,   97.16314309,  123.97220893,     63.57012525,   42.70343933,  121.48540376,  105.53782407,     49.60065695,   64.92031749,   24.4446455 ,    0.70517338,     22.03550861], [  281.11274545,   97.16314309,  521.17994129,  175.9028296 ,    209.85259483,   75.62941537,   15.57971036,   42.11997647,     84.80657723,   56.24912181,  -14.76685503,   78.7057364 ,     66.41986611], [  259.91830869,  123.97220893,  175.9028296 ,  349.17168983,    217.12670539,   56.09947312,   -5.38090739,   39.24137834,     59.34287416,   38.17375442,    2.89895298,   61.23852054,     50.80805229], [  210.99785702,   63.57012525,  209.85259483,  217.12670539,    341.04271372,  116.09590585,    0.61018019,   37.346195  ,     84.1193789 ,   61.73114059,   15.59038642,   61.44547918,     45.38682646], [  366.9033994 ,   42.70343933,   75.62941537,   56.09947312,    116.09590585,  209.51754981,  115.83124373,   49.08813586,     49.47870557,   41.25227592,   36.94692253,   33.68616769,     12.46155205], [  273.41519473,  121.48540376,   15.57971036,   -5.38090739,      0.61018019,  115.83124373,  251.17945618,  103.04934344,     33.94837262,   49.3303828 ,   41.85695553,   14.44969984,     17.88104416], [  303.58304773,  105.53782407,   42.11997647,   39.24137834,     37.346195  ,   49.08813586,  103.04934344,  131.56065823,     67.36325479,   45.89824187,   26.67100712,   18.53033274,     20.63659653], [  154.0847639 ,   49.60065695,   84.80657723,   59.34287416,     84.1193789 ,   49.47870557,   33.94837262,   67.36325479,    133.93377911,   72.22804923,   27.3443713 ,   40.39056134,     29.47933791], [  108.59140656,   64.92031749,   56.24912181,   38.17375442,     61.73114059,   41.25227592,   49.3303828 ,   45.89824187,     72.22804923,  119.49080712,   51.66805945,   31.01546531,     25.8541213 ], [    5.12935104,   24.4446455 ,  -14.76685503,    2.89895298,     15.59038642,   36.94692253,   41.85695553,   26.67100712,     27.3443713 ,   51.66805945,   92.84900163,   34.58674475,     13.79456246], [  -47.48215108,    0.70517338,   78.7057364 ,   61.23852054,     61.44547918,   33.68616769,   14.44969984,   18.53033274,     40.39056134,   31.01546531,   34.58674475,   99.58581396,     55.08619023], [  -74.86667376,   22.03550861,   66.41986611,   50.80805229,     45.38682646,   12.46155205,   17.88104416,   20.63659653,     29.47933791,   25.8541213 ,   13.79456246,   55.08619023,     86.53475365]]
/root/sim/music/out/FUNKY_MONKEY_BABYS/ファンキーモンキーベイビーズ_LAST_BEST__ファンBEST_[Disc_1]/10_ALWAYS.mp3; [-489.36304   ,  96.49384   ,   3.3532023 ,  25.480715  ,  13.814219  ,    0.7066721 ,   0.54542273,  10.565405  ,   6.819592  ,   2.5920167 ,    0.20115057,  -1.0713636 ,  -2.0408092 ]; [[16766.24314752,  462.02727577,   83.42702735,  -55.43613108,    -48.04862574,   90.45419463,   54.87976954,  148.1891163 ,     98.00715548,   85.00492138,   23.22521389,   14.38233718,    -25.07766846], [  462.02727577, 1057.8812672 , -234.08623164,  132.48000728,     69.70164305,  -16.2102593 ,   73.39321776,   41.56217868,     11.63623659,   24.85941697,   22.37917567,  -10.3374853 ,     10.10224287], [   83.42702735, -234.08623164,  548.37108976,   16.87452835,     54.3396925 ,   20.34197605,  -30.93131683,   16.88066971,      6.49171937,    0.4777734 ,    5.27920288,   20.21798037,      1.13398231], [  -55.43613108,  132.48000728,   16.87452835,  306.59576854,    107.85573757,  -32.70821957,  -79.65478504,   -3.58822761,     18.20969883,  -20.18882903,  -26.41653789,   14.78407666,    -10.25968375], [  -48.04862574,   69.70164305,   54.3396925 ,  107.85573757,    226.19017808,   13.50466267,  -31.16831077,   -1.46577341,     15.93655404,   -2.79741222,   -1.26447057,   -2.56443005,    -10.7771041 ], [   90.45419463,  -16.2102593 ,   20.34197605,  -32.70821957,     13.50466267,  142.78188421,   66.28250372,   -1.11588733,    -17.25476737,    9.5156753 ,   25.59921624,    0.54253258,      4.32964417], [   54.87976954,   73.39321776,  -30.93131683,  -79.65478504,    -31.16831077,   66.28250372,  201.71275129,   39.81823787,    -15.65248577,   23.97291082,   24.43762703,   -0.74890159,     18.32261163], [  148.1891163 ,   41.56217868,   16.88066971,   -3.58822761,     -1.46577341,   -1.11588733,   39.81823787,   91.15353302,     33.16527624,   12.0758196 ,    8.78755692,    5.79067802,     11.82726711], [   98.00715548,   11.63623659,    6.49171937,   18.20969883,     15.93655404,  -17.25476737,  -15.65248577,   33.16527624,     91.38509256,   27.81344168,    2.66544535,   -2.18219536,      0.69515986], [   85.00492138,   24.85941697,    0.4777734 ,  -20.18882903,     -2.79741222,    9.5156753 ,   23.97291082,   12.0758196 ,     27.81344168,   77.5953197 ,   27.6740413 ,    3.64373366,      7.17627773], [   23.22521389,   22.37917567,    5.27920288,  -26.41653789,     -1.26447057,   25.59921624,   24.43762703,    8.78755692,      2.66544535,   27.6740413 ,   65.20787692,   16.41798444,      6.77786236], [   14.38233718,  -10.3374853 ,   20.21798037,   14.78407666,     -2.56443005,    0.54253258,   -0.74890159,    5.79067802,     -2.18219536,    3.64373366,   16.41798444,   63.19439946,     18.8833329 ], [  -25.07766846,   10.10224287,    1.13398231,  -10.25968375,    -10.7771041 ,    4.32964417,   18.32261163,   11.82726711,      0.69515986,    7.17627773,    6.77786236,   18.8833329 ,     52.76448229]]
/root/sim/music/out/FUNKY_MONKEY_BABYS/ファンキーモンキーベイビーズ_LAST_BEST__ファンBEST_[Disc_1]/08_ヒーロー.mp3; [-516.35834   , 114.65348   ,  -5.868717  ,  11.8565235 ,   9.72302   ,   -1.1348844 ,   3.6428883 ,   7.7540803 ,   3.612098  ,  -1.1058981 ,    0.00440426,  -1.7813483 ,  -2.2968712 ]; [[12964.57555762,  -19.08046968,  499.58625436, -208.21961261,    499.98579029,  235.86327228,  236.79971482,  285.57909823,    331.54089909,  141.49006964,  177.37881487,   88.92331033,    159.31798301], [  -19.08046968, 1122.76484425, -451.78340028,  151.63708651,   -169.88829209,  -33.38001891,   33.33998475,   11.44123034,    -40.35821089,   18.86912439,    3.29828299,  -26.91496663,    -42.843982  ], [  499.58625436, -451.78340028,  648.01663622,  -21.83776268,    145.47073222,   53.69652621,   60.67344715,   56.05449   ,     37.5631219 ,   21.80582291,   33.05547628,   79.09132754,     88.68468295], [ -208.21961261,  151.63708651,  -21.83776268,  291.04582689,     63.37332911,    4.7981043 ,  -71.40447859,    6.56285894,      0.28622707,  -17.94499081,  -29.68990543,   36.38228688,     16.36877113], [  499.98579029, -169.88829209,  145.47073222,   63.37332911,    284.25032485,   48.75747205,  -19.83965739,   19.67921528,     69.02342133,   22.20607529,   13.9324666 ,   34.19142891,     35.53825952], [  235.86327228,  -33.38001891,   53.69652621,    4.7981043 ,     48.75747205,  171.95095213,   61.03781983,   33.21470083,     27.71416691,   24.28115783,   36.85181042,   13.04906465,     16.62573077], [  236.79971482,   33.33998475,   60.67344715,  -71.40447859,    -19.83965739,   61.03781983,  239.20119856,   71.26947401,      7.46819822,   22.56148344,   37.37290445,   17.53240505,     26.43792867], [  285.57909823,   11.44123034,   56.05449   ,    6.56285894,     19.67921528,   33.21470083,   71.26947401,  126.37912637,     68.12632485,   34.03357458,   27.62494642,   20.17732525,     34.7689222 ], [  331.54089909,  -40.35821089,   37.5631219 ,    0.28622707,     69.02342133,   27.71416691,    7.46819822,   68.12632485,    150.55672476,   76.65945506,   41.78066833,   14.06578296,     30.65732963], [  141.49006964,   18.86912439,   21.80582291,  -17.94499081,     22.20607529,   24.28115783,   22.56148344,   34.03357458,     76.65945506,  117.38217704,   63.02486409,   10.5057698 ,     16.59602752], [  177.37881487,    3.29828299,   33.05547628,  -29.68990543,     13.9324666 ,   36.85181042,   37.37290445,   27.62494642,     41.78066833,   63.02486409,  101.37622374,   38.04644594,     22.58977705], [   88.92331033,  -26.91496663,   79.09132754,   36.38228688,     34.19142891,   13.04906465,   17.53240505,   20.17732525,     14.06578296,   10.5057698 ,   38.04644594,   99.29460699,     56.45584615], [  159.31798301,  -42.843982  ,   88.68468295,   16.36877113,     35.53825952,   16.62573077,   26.43792867,   34.7689222 ,     30.65732963,   16.59602752,   22.58977705,   56.45584615,    101.07907398]]
/root/sim/music/out/FUNKY_MONKEY_BABYS/ファンキーモンキーベイビーズ_LAST_BEST__ファンBEST_[Disc_1]/04_告白.mp3; [-528.54486   ,  92.20916   ,   1.981229  ,  20.106369  ,   1.9041172 ,   -1.6837592 ,   0.27030247,   6.2587514 ,   1.4748828 ,  -0.53675693,   -6.489884  ,  -1.7039605 ,  -1.7591144 ]; [[18161.95703634,-1004.2763607 ,   25.50626432,   72.54647518,    421.73596614,  275.3946352 ,  520.84241544,  401.63878563,    275.17948634,  313.716058  ,  247.64550386,  227.59425532,     -3.2144409 ], [-1004.2763607 , 1297.29180271, -213.51561559,   90.67123095,    -67.15143301,   46.79677929,   58.07931225,   10.61594468,    -23.07669003,   41.17457842,   23.37378594,  -44.24318519,     58.19232278], [   25.50626432, -213.51561559,  755.17365378,   45.25072805,    111.25836282,   54.34313525,   46.14316265,   30.05302324,      0.09532809,   -9.80883875,   20.25770352,   53.27733795,     33.06461981], [   72.54647518,   90.67123095,   45.25072805,  406.30908389,    164.35326549,   61.07825812,  -52.8178892 ,   28.28491676,     49.71126275,   -7.51471052,   -8.69659249,   47.15492012,     51.21391235], [  421.73596614,  -67.15143301,  111.25836282,  164.35326549,    334.2986311 ,  118.57052474,  -10.07730657,   17.43857633,     56.43877095,   13.70431961,   36.60213547,   40.79759182,     25.43534603], [  275.3946352 ,   46.79677929,   54.34313525,   61.07825812,    118.57052474,  252.75705204,  122.50915166,   31.83243646,     15.87057809,   41.09159838,   63.83285758,   19.62369109,     14.7020868 ], [  520.84241544,   58.07931225,   46.14316265,  -52.8178892 ,    -10.07730657,  122.50915166,  351.22913202,   97.7603099 ,     10.93749819,   70.14235554,   65.00078934,   27.60262322,     25.24497984], [  401.63878563,   10.61594468,   30.05302324,   28.28491676,     17.43857633,   31.83243646,   97.7603099 ,  132.81649597,     58.8170064 ,   46.63594605,   31.00497757,   25.02100264,     32.21577809], [  275.17948634,  -23.07669003,    0.09532809,   49.71126275,     56.43877095,   15.87057809,   10.93749819,   58.8170064 ,    143.30160126,   58.6935231 ,   21.34315327,   29.13268931,     25.20771939], [  313.716058  ,   41.17457842,   -9.80883875,   -7.51471052,     13.70431961,   41.09159838,   70.14235554,   46.63594605,     58.6935231 ,  135.67830626,   62.09910963,   16.69233283,     17.66872068], [  247.64550386,   23.37378594,   20.25770352,   -8.69659249,     36.60213547,   63.83285758,   65.00078934,   31.00497757,     21.34315327,   62.09910963,  114.16105557,   29.5382322 ,     14.77360412], [  227.59425532,  -44.24318519,   53.27733795,   47.15492012,     40.79759182,   19.62369109,   27.60262322,   25.02100264,     29.13268931,   16.69233283,   29.5382322 ,   93.73468307,     34.9026288 ], [   -3.2144409 ,   58.19232278,   33.06461981,   51.21391235,     25.43534603,   14.7020868 ,   25.24497984,   32.21577809,     25.20771939,   17.66872068,   14.77360412,   34.9026288 ,     88.99573969]]
/root/sim/music/out/FUNKY_MONKEY_BABYS/ファンキーモンキーベイビーズ_LAST_BEST__ファンBEST_[Disc_1]/06_大切.mp3; [-556.6277    , 117.39812   ,  -0.89398336,   9.294699  ,   6.4537005 ,   -1.512402  ,   2.1209445 ,   3.372562  ,   0.3923011 ,  -0.21408463,   -2.2003553 ,  -2.8378885 ,  -4.703679  ]; [[25687.25394574,-2417.21404287,  586.11671763,  259.82290267,    550.70415919,  429.23517809,  521.96969724,  876.89416944,    456.99718757,  123.24910311,  257.3641841 ,  363.46001906,    304.08921927], [-2417.21404287, 1659.81733804, -450.99893758,  -45.83929001,   -165.99328848,  -76.57864833,    0.68242819, -130.23613051,    -59.53009417,   20.06740569,  -34.21296511, -116.32069724,    -64.73859088], [  586.11671763, -450.99893758,  600.02794695,  106.88129931,    133.94217478,   39.74186725,   -1.04408076,   52.19056907,    -14.54669908,  -23.02315529,   13.42225481,   45.49758486,     56.44696584], [  259.82290267,  -45.83929001,  106.88129931,  408.98169588,    152.03939006,   23.40726418,  -61.35072148,   22.12162975,     50.94193429,   -4.76228796,   -0.98419294,   61.63146614,     53.75603407], [  550.70415919, -165.99328848,  133.94217478,  152.03939006,    247.37999039,   60.41272493,  -11.92853755,   35.82217224,     53.32561247,    5.71252167,    6.3780912 ,   33.90686973,     32.28394891], [  429.23517809,  -76.57864833,   39.74186725,   23.40726418,     60.41272493,  201.42922558,   80.67302781,   25.62087841,     12.49520533,   17.8352929 ,   27.53215153,    1.18470247,     20.12091052], [  521.96969724,    0.68242819,   -1.04408076,  -61.35072148,    -11.92853755,   80.67302781,  246.70800247,   79.8251727 ,      9.22248789,   16.39960803,   33.26064076,    7.17174033,     29.64266081], [  876.89416944, -130.23613051,   52.19056907,   22.12162975,     35.82217224,   25.62087841,   79.8251727 ,  172.58116848,     64.32403164,   24.31954967,   21.01789163,   23.3615427 ,     39.06524852], [  456.99718757,  -59.53009417,  -14.54669908,   50.94193429,     53.32561247,   12.49520533,    9.22248789,   64.32403164,    153.01019699,   55.40258263,   22.53100755,   20.03742082,     13.24444483], [  123.24910311,   20.06740569,  -23.02315529,   -4.76228796,      5.71252167,   17.8352929 ,   16.39960803,   24.31954967,     55.40258263,  122.79064382,   45.34609341,   12.77598346,      3.52341361], [  257.3641841 ,  -34.21296511,   13.42225481,   -0.98419294,      6.3780912 ,   27.53215153,   33.26064076,   21.01789163,     22.53100755,   45.34609341,  101.51238737,   36.13014023,     13.7074631 ], [  363.46001906, -116.32069724,   45.49758486,   61.63146614,     33.90686973,    1.18470247,    7.17174033,   23.3615427 ,     20.03742082,   12.77598346,   36.13014023,  125.26956193,     38.78044712], [  304.08921927,  -64.73859088,   56.44696584,   53.75603407,     32.28394891,   20.12091052,   29.64266081,   39.06524852,     13.24444483,    3.52341361,   13.7074631 ,   38.78044712,     97.73392134]]
/root/sim/music/out/FUNKY_MONKEY_BABYS/ファンキーモンキーベイビーズ_LAST_BEST__ファンBEST_[Disc_1]/12_ナツミ.mp3; [-492.92313   ,  77.62267   ,   8.287004  ,  15.034353  ,   8.695485  ,    2.8683543 ,  -1.7820935 ,   4.539579  ,   2.8052573 ,   6.206652  ,    0.04119157,   1.5776747 ,   1.0856428 ]; [[14584.6430553 ,  953.91224209,   78.88557547,  146.65825189,    167.47268817,   87.52041429,   77.44005087,  172.20033203,     85.44237931,  117.7975707 ,  -63.44571986,  -21.19532219,    -48.27121631], [  953.91224209,  652.38751491,   54.90609582,   89.55986763,     75.26626917,  126.72023796,  128.13279476,  133.14670829,     70.34576397,   71.12831238,   63.96460752,   43.1323603 ,     48.19446894], [   78.88557547,   54.90609582,  368.85108357,  115.19373341,    130.11640201,   78.13159559,   46.46635092,   27.84254131,     43.58841411,   31.01045612,   35.59241669,   37.51800771,     19.3134601 ], [  146.65825189,   89.55986763,  115.19373341,  349.8762695 ,    187.61527529,   62.51586612,   -4.10687488,   20.3724106 ,     71.69606031,   51.54696865,   43.19925885,   72.42422165,     58.25599372], [  167.47268817,   75.26626917,  130.11640201,  187.61527529,    229.31382501,   99.08137369,   20.98468428,   41.12402122,     61.79888396,   51.83580002,   50.22033592,   58.6692769 ,     39.00064745], [   87.52041429,  126.72023796,   78.13159559,   62.51586612,     99.08137369,  213.49149538,  151.22033887,   88.59319514,     54.828074  ,   43.36277254,   54.38045667,   40.86150894,     34.65664013], [   77.44005087,  128.13279476,   46.46635092,   -4.10687488,     20.98468428,  151.22033887,  248.17175415,  122.18621775,     40.55590353,   42.73675426,   46.73213218,   35.39998017,     37.98760871], [  172.20033203,  133.14670829,   27.84254131,   20.3724106 ,     41.12402122,   88.59319514,  122.18621775,  153.08705567,     81.24776779,   45.68206227,   35.48781358,   32.05681199,     31.0682555 ], [   85.44237931,   70.34576397,   43.58841411,   71.69606031,     61.79888396,   54.828074  ,   40.55590353,   81.24776779,    119.63206332,   70.5712669 ,   37.61157631,   35.47603846,     33.22819336], [  117.7975707 ,   71.12831238,   31.01045612,   51.54696865,     51.83580002,   43.36277254,   42.73675426,   45.68206227,     70.5712669 ,  102.08402212,   62.28322554,   35.27166069,     32.94940942], [  -63.44571986,   63.96460752,   35.59241669,   43.19925885,     50.22033592,   54.38045667,   46.73213218,   35.48781358,     37.61157631,   62.28322554,   92.65600694,   53.05822416,     34.41878499], [  -21.19532219,   43.1323603 ,   37.51800771,   72.42422165,     58.6692769 ,   40.86150894,   35.39998017,   32.05681199,     35.47603846,   35.27166069,   53.05822416,   81.15926531,     51.40044166], [  -48.27121631,   48.19446894,   19.3134601 ,   58.25599372,     39.00064745,   34.65664013,   37.98760871,   31.0682555 ,     33.22819336,   32.94940942,   34.41878499,   51.40044166,     79.14140934]]
/root/sim/music/out/Deep_Purple/The_Very_Best_Of/13_Burn.mp3; [-535.09705  ,  95.720825 , -18.638962 ,  22.46335  ,  -6.196219 ,    8.130185 ,  -1.1514724,  -1.7340815,  -1.9569014,   0.2185578,   -1.3701414,  -5.6128736,  -2.7992358]; [[6635.49048359, -19.86104484, 173.48295033,  51.53654469,  -5.37224933,   152.51312146,  28.84080994, -14.04228929,  17.2167251 ,-126.57603681,   -45.98876808,  23.35912003,   1.58036885], [ -19.86104484, 803.92309773,-232.28863689,-118.06433993,-119.12009423,   -74.11973333, -33.25963274, -22.14013576, -36.89044448,  71.14982962,    -8.22532123, -48.42718515, -20.31972301], [ 173.48295033,-232.28863689, 450.37261895,  97.63976075,  76.02675402,    39.66025573,  44.89432252,  27.27334783,  44.923938  ,  -4.14477105,    28.9316475 ,  22.6139053 ,  -8.67596418], [  51.53654469,-118.06433993,  97.63976075, 284.94855435, 128.35510235,    42.15234448, -10.73291498,  19.82316942,  20.29766426, -28.59643211,     8.55025993,  57.65644998,  13.73191643], [  -5.37224933,-119.12009423,  76.02675402, 128.35510235, 190.8177781 ,    80.11910601,   8.85928505,  13.33717927,  36.62244788, -25.99321828,    23.78137348,  61.56467401,  19.13127522], [ 152.51312146, -74.11973333,  39.66025573,  42.15234448,  80.11910601,   146.40043229,  69.30287273,  29.90416316,  28.02084485,  -8.63102901,    19.39213142,  29.01278507,  10.22511263], [  28.84080994, -33.25963274,  44.89432252, -10.73291498,   8.85928505,    69.30287273, 132.69280725,  59.39447967,  21.2722501 ,   5.58218347,    14.76320476, -10.2370572 ,   2.61447784], [ -14.04228929, -22.14013576,  27.27334783,  19.82316942,  13.33717927,    29.90416316,  59.39447967,  90.52473422,  49.26115065,   3.69656806,     8.58328473,   2.73651344,   2.37805319], [  17.2167251 , -36.89044448,  44.923938  ,  20.29766426,  36.62244788,    28.02084485,  21.2722501 ,  49.26115065,  95.71210655,  27.59494566,     9.66904959,   8.40680513,   4.25427891], [-126.57603681,  71.14982962,  -4.14477105, -28.59643211, -25.99321828,    -8.63102901,   5.58218347,   3.69656806,  27.59494566,  87.06676445,    26.02943845, -27.86807441, -16.00054961], [ -45.98876808,  -8.22532123,  28.9316475 ,   8.55025993,  23.78137348,    19.39213142,  14.76320476,   8.58328473,   9.66904959,  26.02943845,    77.12795408,  36.20978832,  -8.44734254], [  23.35912003, -48.42718515,  22.6139053 ,  57.65644998,  61.56467401,    29.01278507, -10.2370572 ,   2.73651344,   8.40680513, -27.86807441,    36.20978832, 103.27125859,  34.96155936], [   1.58036885, -20.31972301,  -8.67596418,  13.73191643,  19.13127522,    10.22511263,   2.61447784,   2.37805319,   4.25427891, -16.00054961,    -8.44734254,  34.96155936,  71.57874955]]
/root/sim/music/out/Deep_Purple/The_Very_Best_Of/12_Woman_From_Tokyo.mp3; [-598.82477   ,  91.901184  ,  17.433334  ,  23.650135  ,   0.6032511 ,    6.4808226 ,  -0.7896253 ,  -5.7958417 ,  -1.0990657 ,  -1.4557401 ,   -0.07787526,  -6.02873   ,  -7.6750436 ]; [[13143.06089143,  578.16619445, -558.80897774,   11.30620772,   -187.40062764,  -65.76420249,  -29.67908398,  116.49969638,     38.80116221,  -76.38902757,  -51.40943106,  -76.82511248,   -151.55674674], [  578.16619445, 1295.13712761, -324.48150039, -146.63317073,    -33.80162739,  -34.04692101,  -28.12532159,  -14.21457908,    -37.85676871,   50.75179542,   38.28564047,  -16.66287653,    -29.75116714], [ -558.80897774, -324.48150039,  693.12810428,   96.71710909,    -47.13347372,   41.78319012,   -0.57105249,  -54.08497237,      0.41774032,  -49.53202632,  -30.13866214,  -17.50056856,     12.39378722], [   11.30620772, -146.63317073,   96.71710909,  322.62170984,     79.89022596,   15.06679011,   33.81356222,   65.83618245,     45.44006109,    3.90558171,  -26.44886584,    9.03332304,      5.10194731], [ -187.40062764,  -33.80162739,  -47.13347372,   79.89022596,    204.97042668,   48.50370802,   17.30433127,   21.87710148,     52.6711343 ,   11.20897586,   11.54678716,   21.34719427,     13.61279225], [  -65.76420249,  -34.04692101,   41.78319012,   15.06679011,     48.50370802,  159.61764399,   40.97244011,    5.82309689,     -4.4319569 ,   -5.37252085,    5.91419197,   23.46022148,      7.38189156], [  -29.67908398,  -28.12532159,   -0.57105249,   33.81356222,     17.30433127,   40.97244011,  156.17715683,   68.47481006,     16.57369715,   10.32030953,   20.65378698,   12.47765087,      8.58669426], [  116.49969638,  -14.21457908,  -54.08497237,   65.83618245,     21.87710148,    5.82309689,   68.47481006,  121.12736201,     45.80601701,   11.31754979,    5.76127775,    7.97987228,     -3.62680441], [   38.80116221,  -37.85676871,    0.41774032,   45.44006109,     52.6711343 ,   -4.4319569 ,   16.57369715,   45.80601701,    120.00225121,   42.79896881,   10.56053002,    8.85369899,      2.85129557], [  -76.38902757,   50.75179542,  -49.53202632,    3.90558171,     11.20897586,   -5.37252085,   10.32030953,   11.31754979,     42.79896881,   92.76610634,   40.8515877 ,    4.49672452,      5.83285854], [  -51.40943106,   38.28564047,  -30.13866214,  -26.44886584,     11.54678716,    5.91419197,   20.65378698,    5.76127775,     10.56053002,   40.8515877 ,   87.91164739,   37.99713373,      3.79583216], [  -76.82511248,  -16.66287653,  -17.50056856,    9.03332304,     21.34719427,   23.46022148,   12.47765087,    7.97987228,      8.85369899,    4.49672452,   37.99713373,   76.14757475,     32.22548738], [ -151.55674674,  -29.75116714,   12.39378722,    5.10194731,     13.61279225,    7.38189156,    8.58669426,   -3.62680441,      2.85129557,    5.83285854,    3.79583216,   32.22548738,     82.74536093]]
/root/sim/music/out/Deep_Purple/The_Very_Best_Of/10_Smoke_On_The_Water.mp3; [-570.97003   , 118.15576   ,  33.785927  ,  13.838281  ,   7.7974453 ,    6.9867945 ,   3.968822  ,   3.9646254 ,  -3.3280547 ,  -0.02599289,   -0.8647022 ,  -0.15882252,  -4.6795382 ]; [[13127.33308005,   81.24729775,   -2.75292462, -333.96733611,   -243.79251379,  187.56495766,   21.67281383,  101.34924025,    -24.24483756,   70.44889941,   32.25621035,   59.28215266,   -157.11861181], [   81.24729775, 1139.29783891, -362.58059393,  -19.86938814,     49.74570893,  -72.54420921,   10.90852339,   38.24739474,    -39.69746957,  -24.37174947,  -37.10709594,  -41.10702739,    -19.31185566], [   -2.75292462, -362.58059393,  692.98336828,   10.77493883,     14.47245597,  136.99002435,   57.47817072,   19.32444795,     41.54122154,  -24.57888039,   26.0324209 ,   49.47514951,     11.28326364], [ -333.96733611,  -19.86938814,   10.77493883,  203.03895536,     26.3180839 ,  -36.63560146,  -41.29314429,  -25.65728038,      7.33161679,    4.67059957,  -27.45982621,   -3.63629952,     21.37897495], [ -243.79251379,   49.74570893,   14.47245597,   26.3180839 ,    134.91220348,   29.12891954,    7.65785025,   -8.48613227,      9.10266262,   -7.98293135,   -0.46039304,    5.61175156,      5.48852   ], [  187.56495766,  -72.54420921,  136.99002435,  -36.63560146,     29.12891954,  132.96935112,   59.02077925,   18.28445499,     -1.10380062,   -5.76509437,   14.93320958,   20.40061281,     -5.75284992], [   21.67281383,   10.90852339,   57.47817072,  -41.29314429,      7.65785025,   59.02077925,  108.45136544,   42.34527954,     -3.53578296,  -10.16766945,    8.48962858,    1.97516329,     -3.68690812], [  101.34924025,   38.24739474,   19.32444795,  -25.65728038,     -8.48613227,   18.28445499,   42.34527954,   92.37589314,     24.84830909,   -7.1463961 ,   -1.38187503,    1.69055185,    -10.50207161], [  -24.24483756,  -39.69746957,   41.54122154,    7.33161679,      9.10266262,   -1.10380062,   -3.53578296,   24.84830909,     62.42964348,   21.18226064,   -0.56479522,   -0.87155323,     -5.24001963], [   70.44889941,  -24.37174947,  -24.57888039,    4.67059957,     -7.98293135,   -5.76509437,  -10.16766945,   -7.1463961 ,     21.18226064,   65.14809774,   24.80603239,   -0.0520878 ,     -5.82077613], [   32.25621035,  -37.10709594,   26.0324209 ,  -27.45982621,     -0.46039304,   14.93320958,    8.48962858,   -1.38187503,     -0.56479522,   24.80603239,   63.05805504,   24.09695658,     -2.94400698], [   59.28215266,  -41.10702739,   49.47514951,   -3.63629952,      5.61175156,   20.40061281,    1.97516329,    1.69055185,     -0.87155323,   -0.0520878 ,   24.09695658,   53.642733  ,     16.78500093], [ -157.11861181,  -19.31185566,   11.28326364,   21.37897495,      5.48852   ,   -5.75284992,   -3.68690812,  -10.50207161,     -5.24001963,   -5.82077613,   -2.94400698,   16.78500093,     52.05903112]]
/root/sim/music/out/Deep_Purple/The_Very_Best_Of/07_Fireball.mp3; [-582.334     , 113.42579   ,   0.6383594 ,  31.869251  ,   9.738524  ,   11.955722  ,  -1.982627  ,   5.675321  ,   0.00342258,   1.5913467 ,   -4.25229   ,  -2.0551918 ,  -3.1003098 ]; [[16962.90677762, 1495.22395876, -447.11021864,  308.13182536,     37.5784286 ,   55.08849405, -146.94628197,  132.04394054,    -45.53391862,  -73.52797724,  -94.00579301,   76.4510321 ,    -77.71647297], [ 1495.22395876, 1006.40355228, -241.99895393,  -21.45163274,    -64.04053225,   -7.0420828 ,  -34.97565094,   23.15873671,     -3.21406893,  -19.59402688,   28.71785734,   27.30494562,    -52.09925357], [ -447.11021864, -241.99895393,  442.54943029,   72.49379096,     -3.42129284,   25.22566324,   44.99180577,    0.40995224,     13.51142032,   12.50038322,  -17.78750582,  -13.54205125,     40.3488509 ], [  308.13182536,  -21.45163274,   72.49379096,  260.8988423 ,     30.90011416,    2.50495311,   23.51485777,   -9.20991698,     -2.48205664,    7.93772664,  -25.89698355,    0.47535811,     -7.68450922], [   37.5784286 ,  -64.04053225,   -3.42129284,   30.90011416,    150.93344326,   29.00207421,   -7.63441071,    4.46469561,      9.07848953,   -2.82575476,  -22.62068805,  -21.56507895,     14.4243611 ], [   55.08849405,   -7.0420828 ,   25.22566324,    2.50495311,     29.00207421,   97.12850551,   35.30264748,    2.28850227,      0.25423047,   11.80358846,    8.4322382 ,   -2.45274064,     -3.57872876], [ -146.94628197,  -34.97565094,   44.99180577,   23.51485777,     -7.63441071,   35.30264748,  100.10572489,   25.24112629,      0.3867741 ,    3.85523713,   10.39867046,    1.71989516,     -9.3856141 ], [  132.04394054,   23.15873671,    0.40995224,   -9.20991698,      4.46469561,    2.28850227,   25.24112629,   85.4598933 ,     25.31307581,   -0.94114903,    0.04413292,    3.13705381,     -0.75084438], [  -45.53391862,   -3.21406893,   13.51142032,   -2.48205664,      9.07848953,    0.25423047,    0.3867741 ,   25.31307581,     69.26951587,   21.2940724 ,   -3.16801488,    3.41635031,     12.63126483], [  -73.52797724,  -19.59402688,   12.50038322,    7.93772664,     -2.82575476,   11.80358846,    3.85523713,   -0.94114903,     21.2940724 ,   61.9642818 ,   21.70711434,    5.93410237,      0.13469469], [  -94.00579301,   28.71785734,  -17.78750582,  -25.89698355,    -22.62068805,    8.4322382 ,   10.39867046,    0.04413292,     -3.16801488,   21.70711434,   78.45394328,   28.98134108,     -9.15229412], [   76.4510321 ,   27.30494562,  -13.54205125,    0.47535811,    -21.56507895,   -2.45274064,    1.71989516,    3.13705381,      3.41635031,    5.93410237,   28.98134108,   69.45845021,     13.58355676], [  -77.71647297,  -52.09925357,   40.3488509 ,   -7.68450922,     14.4243611 ,   -3.57872876,   -9.3856141 ,   -0.75084438,     12.63126483,    0.13469469,   -9.15229412,   13.58355676,     66.26925286]]
/root/sim/music/out/Deep_Purple/The_Very_Best_Of/06_Strange_Kind_Of_Woman.mp3; [-577.1548    , 114.31448   ,  -7.9237466 ,  47.09406   ,  -9.5523815 ,    7.5778236 ,  -3.3819144 ,   0.05200644,   0.6711533 ,   5.7142463 ,   -1.3256565 ,   1.1899142 ,  -5.7102747 ]; [[12502.16589045, 1175.2279883 , -392.44645072,  357.00438903,   -259.6889017 ,   34.53060294, -101.11475407,  -10.31423198,    -42.85019977,   50.46113163,  -52.55562246,   -5.30038607,   -112.62335027], [ 1175.2279883 , 1008.31981761, -264.91367877,    7.38537107,     14.47288303,  -10.65740144,   19.99241773,  -10.26319775,      3.14173729,    7.66093517,  -13.30280386,   25.62844722,    -10.57204145], [ -392.44645072, -264.91367877,  350.8060121 ,    2.01466154,    -36.96602739,   26.13737538,    6.53507523,   -1.41520051,    -27.70688925,  -32.70172761,   17.22395699,    4.57837929,     17.4881133 ], [  357.00438903,    7.38537107,    2.01466154,  165.82115099,     52.95241481,   -4.07616437,  -16.96772035,    4.66747944,     13.42879469,   11.64492274,  -15.11160582,   -1.38264501,      4.94953845], [ -259.6889017 ,   14.47288303,  -36.96602739,   52.95241481,    130.81095177,    2.92386457,  -15.49251139,    2.40978927,     25.57402146,    2.96901791,  -11.71934989,   -1.81061314,     11.16324296], [   34.53060294,  -10.65740144,   26.13737538,   -4.07616437,      2.92386457,   77.59771258,   35.07940904,    7.87916083,     -7.70935881,    2.97032128,    6.95624129,   -1.90093283,     -5.5626437 ], [ -101.11475407,   19.99241773,    6.53507523,  -16.96772035,    -15.49251139,   35.07940904,   86.62159733,   25.87467862,     -6.43206739,    6.51114907,   14.3099886 ,   -0.35823219,     -7.0112578 ], [  -10.31423198,  -10.26319775,   -1.41520051,    4.66747944,      2.40978927,    7.87916083,   25.87467862,   76.90116257,     30.25430586,    9.23537168,    0.97368714,   -4.22130263,     -5.372058  ], [  -42.85019977,    3.14173729,  -27.70688925,   13.42879469,     25.57402146,   -7.70935881,   -6.43206739,   30.25430586,     74.51662425,   28.09847671,   -7.02074333,   -9.53298365,     -0.89530124], [   50.46113163,    7.66093517,  -32.70172761,   11.64492274,      2.96901791,    2.97032128,    6.51114907,    9.23537168,     28.09847671,   70.94046228,   21.90145237,   -1.24860895,     -6.1697093 ], [  -52.55562246,  -13.30280386,   17.22395699,  -15.11160582,    -11.71934989,    6.95624129,   14.3099886 ,    0.97368714,     -7.02074333,   21.90145237,   61.78862574,   24.74092103,      0.95913873], [   -5.30038607,   25.62844722,    4.57837929,   -1.38264501,     -1.81061314,   -1.90093283,   -0.35823219,   -4.22130263,     -9.53298365,   -1.24860895,   24.74092103,   58.57475797,     27.66491102], [ -112.62335027,  -10.57204145,   17.4881133 ,    4.94953845,     11.16324296,   -5.5626437 ,   -7.0112578 ,   -5.372058  ,     -0.89530124,   -6.1697093 ,    0.95913873,   27.66491102,     56.28605333]]
/root/sim/music/out/Deep_Purple/The_Very_Best_Of/11_Space_Truckin'.mp3; [-569.71436   , 112.273926  ,  13.672332  ,  23.454187  ,   8.137014  ,   15.065673  ,   3.996186  ,   0.6178594 ,   2.2483926 ,  -5.657769  ,   -3.0402174 ,  -0.24351078,  -6.7328463 ]; [[15047.08661918,  655.11823926, -592.14222404, -128.99557497,   -325.18524474,  -25.69031544, -248.56252035, -125.82989117,    -39.1321929 , -140.98712837, -110.87611869,  -71.97123708,   -158.6937644 ], [  655.11823926,  904.12640611, -124.0129693 ,    8.46076311,     63.53326336,   14.36966886,   21.74765886,   13.89238442,    -12.12312038,   34.29278582,   18.19563009,   -3.39600823,      4.94861229], [ -592.14222404, -124.0129693 ,  430.24894633,   92.99549826,     -4.08980458,   12.88944751,   -3.00122748,   -6.48560408,     37.28779839,   -9.63387467,    7.98967338,   14.46301977,      0.32663391], [ -128.99557497,    8.46076311,   92.99549826,  181.96211047,     24.64181144,   26.31029607,  -13.54069184,   -3.59447766,      7.03709123,   -4.00886796,   -1.77434311,   10.88243307,      4.16332373], [ -325.18524474,   63.53326336,   -4.08980458,   24.64181144,    149.95509068,   32.52388115,   36.22741244,   15.40618549,      2.66321537,   34.30474935,   19.3287368 ,   10.91566983,     23.76873061], [  -25.69031544,   14.36966886,   12.88944751,   26.31029607,     32.52388115,   98.99182691,   42.81846487,   10.34551911,      0.06081288,   13.89142678,   11.58181915,   12.28717745,      5.92863393], [ -248.56252035,   21.74765886,   -3.00122748,  -13.54069184,     36.22741244,   42.81846487,   94.88153291,   42.92779151,      1.59203729,   14.54373105,   16.35552803,   12.37770377,     13.50447767], [ -125.82989117,   13.89238442,   -6.48560408,   -3.59447766,     15.40618549,   10.34551911,   42.92779151,   72.8219278 ,     20.19580827,   18.67357625,   11.51156652,   11.3996521 ,      8.3181218 ], [  -39.1321929 ,  -12.12312038,   37.28779839,    7.03709123,      2.66321537,    0.06081288,    1.59203729,   20.19580827,     59.74059552,   24.26684392,    7.81098997,    1.53559005,     -0.10220671], [ -140.98712837,   34.29278582,   -9.63387467,   -4.00886796,     34.30474935,   13.89142678,   14.54373105,   18.67357625,     24.26684392,   74.12908364,   31.78182357,   10.61218778,      9.15466265], [ -110.87611869,   18.19563009,    7.98967338,   -1.77434311,     19.3287368 ,   11.58181915,   16.35552803,   11.51156652,      7.81098997,   31.78182357,   52.69149027,   25.26554213,     10.47430431], [  -71.97123708,   -3.39600823,   14.46301977,   10.88243307,     10.91566983,   12.28717745,   12.37770377,   11.3996521 ,      1.53559005,   10.61218778,   25.26554213,   47.42361347,     20.81450632], [ -158.6937644 ,    4.94861229,    0.32663391,    4.16332373,     23.76873061,    5.92863393,   13.50447767,    8.3181218 ,     -0.10220671,    9.15466265,   10.47430431,   20.81450632,     45.24862624]]
