/root/sim/music/out/Various_Artists/THE_GREATEST_HITS_-小室哲哉作品集_S-_[Disc_2]/12_Night_of_The_Knife.mp3; [-516.39886  ,  92.219475 ,  18.316526 ,   7.9815335,   0.560293 ,   -6.146513 ,  -4.2049656,  -1.6080841,  -7.9001174,  -5.769071 ,   -4.33405  ,  -0.9883137,  -3.5507262]; [[11833.36844595,  342.09389711,  173.35560761,   15.75539517,    258.83434395,   24.73089055,  341.74816943,  313.50170774,    286.16965876,  147.95686551,   88.13549847,  131.63900745,     68.271771  ], [  342.09389711,  852.51892703,   31.86243752,   21.81708745,     26.3465306 ,   52.76428092,   75.5504431 ,  109.98467958,     52.49778408,   26.35611872,   36.21140105,  -11.89827808,     -6.29147306], [  173.35560761,   31.86243752,  666.28902005,  148.48714872,     74.80746513,  127.39812937,   76.19975994,   52.11801116,     35.67608488,   19.69549436,    7.04918098,   37.86899943,     15.98378889], [   15.75539517,   21.81708745,  148.48714872,  401.85676249,    257.66012615,   65.66149926,   33.92914421,   45.22985557,     53.76599864,   26.78972226,   12.81352474,   55.51097076,     52.31454882], [  258.83434395,   26.3465306 ,   74.80746513,  257.66012615,    342.04819321,   81.06470122,   42.54409222,   50.73198428,     81.08376064,   32.66031408,   21.34601413,   57.69921326,     44.00561373], [   24.73089055,   52.76428092,  127.39812937,   65.66149926,     81.06470122,  211.53587463,  126.6329392 ,   55.3905893 ,     34.02301741,   53.46533105,   46.07062007,   23.04183321,     19.10555107], [  341.74816943,   75.5504431 ,   76.19975994,   33.92914421,     42.54409222,  126.6329392 ,  229.38748904,  115.98788586,     60.55820773,   45.6975803 ,   56.22136039,   39.51026481,     27.1631317 ], [  313.50170774,  109.98467958,   52.11801116,   45.22985557,     50.73198428,   55.3905893 ,  115.98788586,  159.87207717,     87.1095147 ,   36.30139436,   31.84154265,   25.76256151,     31.99947582], [  286.16965876,   52.49778408,   35.67608488,   53.76599864,     81.08376064,   34.02301741,   60.55820773,   87.1095147 ,    155.45341934,   65.84231438,   37.27523231,   33.21088805,     23.1666137 ], [  147.95686551,   26.35611872,   19.69549436,   26.78972226,     32.66031408,   53.46533105,   45.6975803 ,   36.30139436,     65.84231438,  120.0160888 ,   65.2801474 ,   21.43353241,     16.46506376], [   88.13549847,   36.21140105,    7.04918098,   12.81352474,     21.34601413,   46.07062007,   56.22136039,   31.84154265,     37.27523231,   65.2801474 ,  121.14411203,   47.98234135,     12.53002665], [  131.63900745,  -11.89827808,   37.86899943,   55.51097076,     57.69921326,   23.04183321,   39.51026481,   25.76256151,     33.21088805,   21.43353241,   47.98234135,  108.14732041,     56.89279014], [   68.271771  ,   -6.29147306,   15.98378889,   52.31454882,     44.00561373,   19.10555107,   27.1631317 ,   31.99947582,     23.1666137 ,   16.46506376,   12.53002665,   56.89279014,    104.46253813]]
/root/sim/music/out/Various_Artists/THE_GREATEST_HITS_-小室哲哉作品集_S-_[Disc_2]/06_WOW_WAR_TONIGHT～時には起こせよムーヴメント～.mp3; [-507.4022   ,  97.75003  ,  17.876186 ,  22.763346 ,  -5.4922385,    6.1053658,   3.1226757,   9.556427 ,   1.6040332,   4.4797173,    1.8265084,   1.3537314,   0.8973058]; [[12605.42340506,  504.46143247, -502.6750408 ,  -41.59158445,   -107.98897945,  174.05440589,  120.0859876 ,  162.30129957,    119.97013892,   68.91592221,   -0.62989976,  -70.49112759,   -108.51937178], [  504.46143247, 1008.07590488,  -86.2291878 , -197.89645186,    -46.92623773,  -92.69805815,  122.03981565,  111.42669409,    -82.74645591,   12.47955487,    2.0999905 ,  -16.72386587,     28.91404881], [ -502.6750408 ,  -86.2291878 ,  429.7309794 ,  158.49186125,     14.4674223 ,   26.67381233,  -30.50723565,  -40.69389379,      7.38163803,  -36.8138493 ,    7.9181073 ,   35.91429449,     41.89633545], [  -41.59158445, -197.89645186,  158.49186125,  317.84545179,    107.09241952,   53.30048669,  -64.59030769,  -46.35338498,     58.08985822,  -24.11403368,   -0.92433957,   23.84080483,     25.67434381], [ -107.98897945,  -46.92623773,   14.4674223 ,  107.09241952,    270.14972429,   71.54334242,  -16.46809422,   12.69546838,     43.73576365,   52.32527149,   11.03491463,    0.07129033,      5.29470486], [  174.05440589,  -92.69805815,   26.67381233,   53.30048669,     71.54334242,  202.84394359,   77.44981105,    4.09172012,     59.67889242,    4.17398926,   19.35513324,   15.86594333,    -15.2364233 ], [  120.0859876 ,  122.03981565,  -30.50723565,  -64.59030769,    -16.46809422,   77.44981105,  190.3775135 ,   89.16105057,      9.50516727,   13.77108219,   33.17049925,   16.27109428,      7.19182525], [  162.30129957,  111.42669409,  -40.69389379,  -46.35338498,     12.69546838,    4.09172012,   89.16105057,  144.5344259 ,     21.60992371,   30.29137241,   24.94284845,    6.39804538,     12.55558531], [  119.97013892,  -82.74645591,    7.38163803,   58.08985822,     43.73576365,   59.67889242,    9.50516727,   21.60992371,    128.13091395,   36.6030357 ,   15.60763758,   12.00016708,     -2.63338136], [   68.91592221,   12.47955487,  -36.8138493 ,  -24.11403368,     52.32527149,    4.17398926,   13.77108219,   30.29137241,     36.6030357 ,  120.72541557,   39.02946733,    1.92234907,      1.98707976], [   -0.62989976,    2.0999905 ,    7.9181073 ,   -0.92433957,     11.03491463,   19.35513324,   33.17049925,   24.94284845,     15.60763758,   39.02946733,   75.07781048,   31.78820009,     10.22669828], [  -70.49112759,  -16.72386587,   35.91429449,   23.84080483,      0.07129033,   15.86594333,   16.27109428,    6.39804538,     12.00016708,    1.92234907,   31.78820009,   72.70404847,     30.68454139], [ -108.51937178,   28.91404881,   41.89633545,   25.67434381,      5.29470486,  -15.2364233 ,    7.19182525,   12.55558531,     -2.63338136,    1.98707976,   10.22669828,   30.68454139,     74.88964415]]
/root/sim/music/out/Various_Artists/THE_GREATEST_HITS_-小室哲哉作品集_S-_[Disc_2]/02_My_Revolution.mp3; [-547.4092   , 115.48501  , -20.611877 ,  35.946327 ,  -7.59364  ,   -2.0579612,   4.9121923,  -3.4086237,  -6.0087953,   0.4069044,   -7.9376974,  -6.434919 ,  -4.7446404]; [[12947.44371182,-1178.37177459, -469.25209476,  390.60290044,     41.53399626,  217.17016053,   73.74302639,  -98.56469765,     42.78507973,  185.56741193,  -84.4185042 ,  -89.17080972,     60.67606844], [-1178.37177459, 1538.72491134, -100.16955408, -114.11851862,    -67.62150698,  -85.55478972,   73.62744801,   63.90071201,     -6.36142198,  -15.78144637,   45.64199842,   10.48798812,    -98.33903429], [ -469.25209476, -100.16955408,  484.06873835,  130.81072247,     84.16081749,   44.46111374,  -14.33866308,   78.61413968,     20.65925992,  -41.34002749,   44.22691812,   10.87627146,     -9.46916351], [  390.60290044, -114.11851862,  130.81072247,  471.30477855,     66.5613153 ,  104.04217171,  -38.98784702,   77.1349971 ,     41.06737898,  -26.48652266,    4.1486844 ,   25.42151207,     40.33318092], [   41.53399626,  -67.62150698,   84.16081749,   66.5613153 ,    206.51721655,    2.78625194,   11.8026973 ,    9.16326825,     25.10182844,    3.99989711,   -8.20204409,   11.30418026,     10.93386023], [  217.17016053,  -85.55478972,   44.46111374,  104.04217171,      2.78625194,  273.63491205,   38.28246575,   61.67133678,     37.15762776,   25.60372313,   30.10979237,  -18.41642948,     -5.07410103], [   73.74302639,   73.62744801,  -14.33866308,  -38.98784702,     11.8026973 ,   38.28246575,  132.41218092,   28.56654298,      2.31826757,   33.50425359,    5.83575366,   -7.13373502,     -9.88572776], [  -98.56469765,   63.90071201,   78.61413968,   77.1349971 ,      9.16326825,   61.67133678,   28.56654298,  161.88189471,     64.48612921,   -2.76988319,   39.58664163,   15.04289346,    -13.4373046 ], [   42.78507973,   -6.36142198,   20.65925992,   41.06737898,     25.10182844,   37.15762776,    2.31826757,   64.48612921,    120.76484791,   29.26050073,   14.29232596,   19.1808724 ,     10.65532703], [  185.56741193,  -15.78144637,  -41.34002749,  -26.48652266,      3.99989711,   25.60372313,   33.50425359,   -2.76988319,     29.26050073,  102.3745221 ,   16.96450994,  -19.82986929,     -6.02696731], [  -84.4185042 ,   45.64199842,   44.22691812,    4.1486844 ,     -8.20204409,   30.10979237,    5.83575366,   39.58664163,     14.29232596,   16.96450994,  108.41155234,   31.66882377,    -12.70712008], [  -89.17080972,   10.48798812,   10.87627146,   25.42151207,     11.30418026,  -18.41642948,   -7.13373502,   15.04289346,     19.1808724 ,  -19.82986929,   31.66882377,  103.89211602,     42.52233351], [   60.67606844,  -98.33903429,   -9.46916351,   40.33318092,     10.93386023,   -5.07410103,   -9.88572776,  -13.4373046 ,     10.65532703,   -6.02696731,  -12.70712008,   42.52233351,    103.02508306]]
/root/sim/music/out/Various_Artists/THE_GREATEST_HITS_-小室哲哉作品集_S-_[Disc_2]/05_CRAZY_GONNA_CRAZY.mp3; [-514.5498    ,  85.43312   ,  23.531172  ,  13.251329  ,   8.623744  ,    8.296245  ,   0.41966268,   5.07594   ,   4.1322503 ,   8.017813  ,    1.5362066 ,   5.578292  ,   2.8694677 ]; [[12342.07916246,  310.832336  ,  -38.85822497,   96.34606931,     23.44473058,  -24.20757311,   52.1956042 ,   87.23447493,    180.41629831,  129.75837321,   38.17314214,  111.28145991,      4.77120083], [  310.832336  ,  490.50152553,  -30.59202729,  -18.13283292,     26.2656501 ,   50.19107336,   39.83905503,   17.25195626,     12.46358973,   48.92241594,   27.25445366,    4.52179972,      6.83824703], [  -38.85822497,  -30.59202729,  585.75179763,  109.12038692,     70.78714955,  109.00385186,   47.54432435,   73.60214414,    -51.86656741,  -16.35387372,   53.95470433,   -2.94276931,    -12.26713636], [   96.34606931,  -18.13283292,  109.12038692,  281.64008685,     92.9077651 ,  -31.24480907,    1.34272014,   31.8073218 ,     14.0963215 ,   -9.14931302,   16.1903971 ,   44.73116022,     -4.21506007], [   23.44473058,   26.2656501 ,   70.78714955,   92.9077651 ,    157.59525147,   61.09046562,    6.58280071,   32.92060925,     40.34906808,   30.60042526,    8.22419613,    5.79662395,     18.18628924], [  -24.20757311,   50.19107336,  109.00385186,  -31.24480907,     61.09046562,  197.440076  ,   79.33670409,   26.6213297 ,     10.78579918,   48.72456119,   10.47234861,   -2.60858844,     18.72799866], [   52.1956042 ,   39.83905503,   47.54432435,    1.34272014,      6.58280071,   79.33670409,  155.34458441,   30.83418383,      2.08903732,   15.76586134,   22.93279315,   16.40911955,      9.93924341], [   87.23447493,   17.25195626,   73.60214414,   31.8073218 ,     32.92060925,   26.6213297 ,   30.83418383,  130.18660421,     32.18181776,    8.36535021,   14.92037399,    7.41296864,      3.77988961], [  180.41629831,   12.46358973,  -51.86656741,   14.0963215 ,     40.34906808,   10.78579918,    2.08903732,   32.18181776,    129.26872281,   52.05973694,  -10.25274453,   15.5826199 ,     26.05607893], [  129.75837321,   48.92241594,  -16.35387372,   -9.14931302,     30.60042526,   48.72456119,   15.76586134,    8.36535021,     52.05973694,  105.35204244,   26.36703089,   -0.93935889,     11.88229927], [   38.17314214,   27.25445366,   53.95470433,   16.1903971 ,      8.22419613,   10.47234861,   22.93279315,   14.92037399,    -10.25274453,   26.36703089,   82.28146896,   22.18303226,    -15.48117929], [  111.28145991,    4.52179972,   -2.94276931,   44.73116022,      5.79662395,   -2.60858844,   16.40911955,    7.41296864,     15.5826199 ,   -0.93935889,   22.18303226,   90.24731896,     21.93840916], [    4.77120083,    6.83824703,  -12.26713636,   -4.21506007,     18.18628924,   18.72799866,    9.93924341,    3.77988961,     26.05607893,   11.88229927,  -15.48117929,   21.93840916,     66.02039514]]
/root/sim/music/out/Various_Artists/THE_GREATEST_HITS_-小室哲哉作品集_S-_[Disc_2]/10_Kimono_Beat.mp3; [-525.9841    ,  84.74674   , -10.359175  ,  19.31493   ,  -0.7921155 ,    2.1888716 ,   4.966905  ,   2.8710399 ,   2.854059  ,   0.9342525 ,   -2.9509373 ,   0.69265586,  -2.177764  ]; [[15592.50670348,  -92.73428366,  124.30832881,  251.70807466,   -102.83508228,   15.57658979,  138.38250714,   21.71482879,     45.00665364,  -68.81217685,  -72.17191686,   -6.33072557,      0.70324269], [  -92.73428366, 1266.16568241, -118.08746571,  -76.79719138,     61.48898279,   51.77099286,   72.04108371,   21.42544971,     23.70124232,   10.78278201,  -20.76824547,   22.52964643,     -8.97915078], [  124.30832881, -118.08746571,  484.16558247,   92.30549049,     93.73848812,    2.71046494,   -4.08645351,   24.05325437,    -10.69694199,  -27.77408235,   18.95032992,  -19.92630761,    -21.01748657], [  251.70807466,  -76.79719138,   92.30549049,  337.35394116,     46.74829167,   -9.61522691,  -40.07988273,   14.95435268,    -38.23919054,  -32.05993923,   15.56766911,   -0.15592504,    -27.00513814], [ -102.83508228,   61.48898279,   93.73848812,   46.74829167,    164.20245863,   46.06373095,   31.89405965,    9.64379136,     20.34148306,   -6.75965568,  -19.84233375,  -10.85804137,      2.97154168], [   15.57658979,   51.77099286,    2.71046494,   -9.61522691,     46.06373095,  237.81636514,   35.08250718,   29.30607361,      5.25255498,    9.93904248,   -2.99312474,  -34.26793148,    -15.68602176], [  138.38250714,   72.04108371,   -4.08645351,  -40.07988273,     31.89405965,   35.08250718,  146.075692  ,   24.26735584,     27.28551052,    7.34945384,  -20.76497228,   -0.00581273,      5.12189579], [   21.71482879,   21.42544971,   24.05325437,   14.95435268,      9.64379136,   29.30607361,   24.26735584,  110.79984229,     42.64057158,    7.44923172,    9.75709829,   -3.40182483,     -3.97730372], [   45.00665364,   23.70124232,  -10.69694199,  -38.23919054,     20.34148306,    5.25255498,   27.28551052,   42.64057158,    109.63504347,   36.87162157,  -10.7090445 ,    3.0255024 ,     13.8351178 ], [  -68.81217685,   10.78278201,  -27.77408235,  -32.05993923,     -6.75965568,    9.93904248,    7.34945384,    7.44923172,     36.87162157,   81.21966397,   26.93753062,    4.32086819,      0.19056725], [  -72.17191686,  -20.76824547,   18.95032992,   15.56766911,    -19.84233375,   -2.99312474,  -20.76497228,    9.75709829,    -10.7090445 ,   26.93753062,   80.60127129,   27.3555435 ,     -6.21806818], [   -6.33072557,   22.52964643,  -19.92630761,   -0.15592504,    -10.85804137,  -34.26793148,   -0.00581273,   -3.40182483,      3.0255024 ,    4.32086819,   27.3555435 ,   77.53128392,     28.59804827], [    0.70324269,   -8.97915078,  -21.01748657,  -27.00513814,      2.97154168,  -15.68602176,    5.12189579,   -3.97730372,     13.8351178 ,    0.19056725,   -6.21806818,   28.59804827,     71.26140461]]
/root/sim/music/out/Various_Artists/THE_GREATEST_HITS_-小室哲哉作品集_S-_[Disc_2]/11_50_50_フィフティー・フィフティー.mp3; [-522.0032   , 117.50835  ,   3.0658143,  25.243483 ,   5.3215175,   -1.4181052,   9.127806 ,  -2.5523267,  -2.8497207,   4.0930696,   -5.103844 ,   3.8225536,   3.1212544]; [[13091.85471697,  -30.64950758,  -74.63341811,  506.57756257,    -46.77242078, -288.87265777,  167.5171318 ,  -72.54909431,    -89.03106831,   74.53091457, -117.02229142,   80.49968714,     68.24784743], [  -30.64950758, 1394.09089399,  -95.41843458, -173.42161626,     29.92616724,  125.79608767,    1.4172644 ,   -8.81351307,     38.8252217 ,   -7.0877059 ,   -7.02282371,  -43.04900863,    -30.20276786], [  -74.63341811,  -95.41843458,  331.94519855,   12.14549936,     58.59662571,   -2.14569158,   -7.03702197,   -4.01799396,    -12.73288693,  -18.0924097 ,    6.8765956 ,   -6.77785314,     -7.54652838], [  506.57756257, -173.42161626,   12.14549936,  468.93804555,     56.89744575,    2.94762034,  -40.83644728,   58.50860682,    -17.39963937,  -12.9463917 ,   27.11160016,   -0.72753652,     -4.90645869], [  -46.77242078,   29.92616724,   58.59662571,   56.89744575,    153.54410226,   28.80772582,    6.33631095,    4.68733   ,     17.5161456 ,   -1.7239785 ,   -0.72801325,  -10.32265617,     -5.22428418], [ -288.87265777,  125.79608767,   -2.14569158,    2.94762034,     28.80772582,  295.77467786,  -15.1731096 ,   53.32279632,     31.3606123 ,  -32.62907921,   36.95234208,  -29.93403774,    -23.27491832], [  167.5171318 ,    1.4172644 ,   -7.03702197,  -40.83644728,      6.33631095,  -15.1731096 ,  178.36278868,   -1.874161  ,     12.95590793,   37.0146814 ,  -42.34290632,   12.28252418,     22.26603115], [  -72.54909431,   -8.81351307,   -4.01799396,   58.50860682,      4.68733   ,   53.32279632,   -1.874161  ,  112.91754993,     29.67048522,   -7.49870855,   13.60902377,  -10.32424309,     -4.65185876], [  -89.03106831,   38.8252217 ,  -12.73288693,  -17.39963937,     17.5161456 ,   31.3606123 ,   12.95590793,   29.67048522,    119.8557531 ,   30.95538207,    1.014008  ,  -21.40029597,     -5.25619363], [   74.53091457,   -7.0877059 ,  -18.0924097 ,  -12.9463917 ,     -1.7239785 ,  -32.62907921,   37.0146814 ,   -7.49870855,     30.95538207,  109.21699351,   -0.49312991,   10.73292752,      9.70510658], [ -117.02229142,   -7.02282371,    6.8765956 ,   27.11160016,     -0.72801325,   36.95234208,  -42.34290632,   13.60902377,      1.014008  ,   -0.49312991,   97.47063441,   20.9857082 ,     -7.49727622], [   80.49968714,  -43.04900863,   -6.77785314,   -0.72753652,    -10.32265617,  -29.93403774,   12.28252418,  -10.32424309,    -21.40029597,   10.73292752,   20.9857082 ,   82.40728975,     38.00905466], [   68.24784743,  -30.20276786,   -7.54652838,   -4.90645869,     -5.22428418,  -23.27491832,   22.26603115,   -4.65185876,     -5.25619363,    9.70510658,   -7.49727622,   38.00905466,     76.88545145]]
/root/sim/music/out/Various_Artists/THE_GREATEST_HITS_-小室哲哉作品集_S-_[Disc_2]/03_FACE.mp3; [-560.40753   , 111.73754   ,   8.207927  ,  22.418749  ,   2.8964407 ,   -0.46918523,  -0.8470157 ,   1.2026783 ,   0.9552942 ,   0.9013933 ,   -3.2817917 ,   4.9627485 ,  -0.93545204]; [[17743.51594241,-1614.1560686 , -429.57193177,  753.63567501,    568.53077566, 1006.31524631,  553.11574281,  596.4036808 ,    421.0193456 ,  385.14498746,  159.45456867,  199.56771041,    249.22343972], [-1614.1560686 , 2061.16436796,   -2.82922837,  -16.94278853,    -26.89105613, -150.83603535,   15.88818182,  -99.40853541,    -15.77299668,   -1.35180854,  -35.59555603,  -59.25035442,    -69.77541406], [ -429.57193177,   -2.82922837,  712.94935015,   49.62911399,    147.30567628,   68.10310171,   15.80263779,   59.30943221,    -30.24454609,   21.19674769,   28.77044099,    3.00479588,    -17.94144402], [  753.63567501,  -16.94278853,   49.62911399,  570.03576591,    249.63439922,  168.86672606,  156.27523166,  194.37323656,    103.06605232,   25.97350303,   93.23685687,   27.16484023,     29.56551855], [  568.53077566,  -26.89105613,  147.30567628,  249.63439922,    382.01219093,  248.63481012,  161.51886431,  157.39050078,    104.79599031,   86.80480585,   52.45802247,    5.30953766,     29.36252122], [ 1006.31524631, -150.83603535,   68.10310171,  168.86672606,    248.63481012,  452.79411105,  223.26917861,  129.66954737,    111.96684254,  119.33382558,   57.38029831,  -29.24889896,     45.2166843 ], [  553.11574281,   15.88818182,   15.80263779,  156.27523166,    161.51886431,  223.26917861,  247.02530409,  115.17696556,     93.3829829 ,   79.29661172,   48.34639296,   10.76439911,     28.29810832], [  596.4036808 ,  -99.40853541,   59.30943221,  194.37323656,    157.39050078,  129.66954737,  115.17696556,  222.13075601,     75.71845272,   54.31263656,   64.19642965,   16.88957855,     33.03671768], [  421.0193456 ,  -15.77299668,  -30.24454609,  103.06605232,    104.79599031,  111.96684254,   93.3829829 ,   75.71845272,    167.9291454 ,   79.40976895,   23.70185803,   -3.38811236,     30.5494268 ], [  385.14498746,   -1.35180854,   21.19674769,   25.97350303,     86.80480585,  119.33382558,   79.29661172,   54.31263656,     79.40976895,  145.7976833 ,   43.16510173,    0.7076068 ,     25.07081992], [  159.45456867,  -35.59555603,   28.77044099,   93.23685687,     52.45802247,   57.38029831,   48.34639296,   64.19642965,     23.70185803,   43.16510173,  120.44394945,   26.63062788,     15.27997303], [  199.56771041,  -59.25035442,    3.00479588,   27.16484023,      5.30953766,  -29.24889896,   10.76439911,   16.88957855,     -3.38811236,    0.7076068 ,   26.63062788,  117.92448052,     36.10847563], [  249.22343972,  -69.77541406,  -17.94144402,   29.56551855,     29.36252122,   45.2166843 ,   28.29810832,   33.03671768,     30.5494268 ,   25.07081992,   15.27997303,   36.10847563,     93.38583938]]
/root/sim/music/out/Various_Artists/THE_GREATEST_HITS_-小室哲哉作品集_S-_[Disc_2]/07_Love_the_island.mp3; [-518.076     ,  92.15399   ,  -7.055211  ,  25.227745  ,   6.7045436 ,   -0.75167066,  -0.12637697,   2.1704547 ,  -4.204715  ,   1.889152  ,   -6.7959094 ,  -2.427088  ,  -2.4376013 ]; [[15032.9011703 , -285.37908758, -112.44502494,  356.78339865,     64.86206948,  -11.6478501 ,  262.23727366,  424.92613342,    357.19823044,  490.24517177,  -27.90161891, -117.70068981,    251.49915057], [ -285.37908758,  751.8791383 ,  -78.48585749,   48.14191887,     81.13001288,   64.4483597 ,   64.38314307,  -19.1422242 ,     44.67080257,   16.32154683,    2.91801896,   39.14306237,    -10.25604447], [ -112.44502494,  -78.48585749,  404.64627242,   22.3815137 ,     82.49666427,   71.18886562,   -0.80537801,   -6.11440427,    -10.82363564,  -40.15291342,   73.76681889,   26.95839865,     16.93980676], [  356.78339865,   48.14191887,   22.3815137 ,  306.45574701,     79.0032368 ,  -12.932638  ,   24.19622981,   88.51686046,     28.95010169,    0.64413698,   56.32027276,   40.05685784,     15.30037605], [   64.86206948,   81.13001288,   82.49666427,   79.0032368 ,    162.43225725,   31.14270618,   31.27009056,   36.99159931,     34.09360192,   21.0827272 ,   38.79199529,   22.5381283 ,     21.98829763], [  -11.6478501 ,   64.4483597 ,   71.18886562,  -12.932638  ,     31.14270618,  201.07264578,   65.17208276,   10.08218164,     44.1745546 ,   48.61926546,   14.1593322 ,   -0.02127185,     21.84703586], [  262.23727366,   64.38314307,   -0.80537801,   24.19622981,     31.27009056,   65.17208276,  147.36927607,   58.73616861,     56.86525705,   54.34489819,   15.92710931,   13.02155496,     17.8106181 ], [  424.92613342,  -19.1422242 ,   -6.11440427,   88.51686046,     36.99159931,   10.08218164,   58.73616861,  165.1431353 ,     68.31426725,   56.18249977,   20.41929697,   10.49862462,     23.57685652], [  357.19823044,   44.67080257,  -10.82363564,   28.95010169,     34.09360192,   44.1745546 ,   56.86525705,   68.31426725,    152.05953783,   84.11043337,    5.2217587 ,   -7.34953761,     27.40589024], [  490.24517177,   16.32154683,  -40.15291342,    0.64413698,     21.0827272 ,   48.61926546,   54.34489819,   56.18249977,     84.11043337,  157.34151515,   11.45467022,  -10.46761209,     26.88933615], [  -27.90161891,    2.91801896,   73.76681889,   56.32027276,     38.79199529,   14.1593322 ,   15.92710931,   20.41929697,      5.2217587 ,   11.45467022,  105.69695996,   37.61173979,      9.22948918], [ -117.70068981,   39.14306237,   26.95839865,   40.05685784,     22.5381283 ,   -0.02127185,   13.02155496,   10.49862462,     -7.34953761,  -10.46761209,   37.61173979,   81.07870147,     19.23755833], [  251.49915057,  -10.25604447,   16.93980676,   15.30037605,     21.98829763,   21.84703586,   17.8106181 ,   23.57685652,     27.40589024,   26.88933615,    9.22948918,   19.23755833,     79.54800925]]
/root/sim/music/out/Various_Artists/THE_GREATEST_HITS_-小室哲哉作品集_S-_[Disc_2]/09_RHYTHM_RED_BEAT_BLACK_[VERSION_300000000000].mp3; [-536.9801    ,  70.24915   ,  -7.9701524 ,  23.78181   ,  -1.221395  ,   11.883022  ,  -5.5793304 ,   8.013662  ,  -5.3868346 ,   0.8569621 ,   -0.96183044,  -2.4053144 ,  -4.0390477 ]; [[11656.28080452,  266.33286843, -325.58695942,  114.43185751,    123.19407968,  252.50598541, -141.21680117,  162.81727925,     71.22053036,   24.92390685,  -19.93319572,  -13.77597992,    -18.97223894], [  266.33286843, 1571.9718462 ,   87.49642035,  107.90227473,    238.54519745,  185.42333483,  221.15346096,  133.11837892,    148.06709022,   92.30698492,  100.86971485,   45.96478666,     41.05971405], [ -325.58695942,   87.49642035, 1151.21922393,  420.47872363,    225.32778984,  189.56208785,   -4.22145531,  -29.12400842,    -26.62644216,   39.90795741,   80.14653022,   35.44480849,     -0.46246264], [  114.43185751,  107.90227473,  420.47872363,  533.35440091,    244.96032901,   69.41778387,  -32.44627479,   25.7294182 ,      8.22346319,   34.84802865,   31.50158674,   39.94491351,     42.63434887], [  123.19407968,  238.54519745,  225.32778984,  244.96032901,    451.79111311,  121.67751497,    9.92599699,   28.20650721,     70.8749522 ,   47.03620919,   33.19921489,   51.10798913,     61.18034457], [  252.50598541,  185.42333483,  189.56208785,   69.41778387,    121.67751497,  351.76949791,   89.51111942,   51.92144369,     57.5183631 ,   39.7707904 ,   58.82940586,   26.57292237,     -8.91129614], [ -141.21680117,  221.15346096,   -4.22145531,  -32.44627479,      9.92599699,   89.51111942,  256.18500132,   94.63941535,     24.50540926,   56.98068138,   38.61869237,    1.42306032,    -10.81332151], [  162.81727925,  133.11837892,  -29.12400842,   25.7294182 ,     28.20650721,   51.92144369,   94.63941535,  180.83048671,     81.56567876,   38.08139729,   16.82482881,   15.69695615,      8.7957189 ], [   71.22053036,  148.06709022,  -26.62644216,    8.22346319,     70.8749522 ,   57.5183631 ,   24.50540926,   81.56567876,    163.81949519,   58.11695406,    4.99110133,   19.99241408,     17.50174129], [   24.92390685,   92.30698492,   39.90795741,   34.84802865,     47.03620919,   39.7707904 ,   56.98068138,   38.08139729,     58.11695406,  148.45129336,   47.77169951,   17.73733633,      3.40548819], [  -19.93319572,  100.86971485,   80.14653022,   31.50158674,     33.19921489,   58.82940586,   38.61869237,   16.82482881,      4.99110133,   47.77169951,  100.96255168,   32.09051197,      0.76439206], [  -13.77597992,   45.96478666,   35.44480849,   39.94491351,     51.10798913,   26.57292237,    1.42306032,   15.69695615,     19.99241408,   17.73733633,   32.09051197,   91.7079461 ,     41.36241496], [  -18.97223894,   41.05971405,   -0.46246264,   42.63434887,     61.18034457,   -8.91129614,  -10.81332151,    8.7957189 ,     17.50174129,    3.40548819,    0.76439206,   41.36241496,     97.63851198]]
/root/sim/music/out/Various_Artists/THE_GREATEST_HITS_-小室哲哉作品集_S-_[Disc_2]/13_SWEET_19_BLUES.mp3; [-560.55383   , 106.14195   ,   8.691389  ,  20.528854  ,  -2.4375138 ,   -4.293857  ,  -4.4277496 ,  -0.00597612,  -2.336226  ,   0.66454095,   -6.9388995 ,  -3.967492  ,  -1.6757895 ]; [[20729.57010405, 1197.62262523, -361.44725595,  505.8680532 ,    254.96181438,   89.28964326,  253.64835138,  -33.04852355,      8.56176477,  191.25595052,   -6.97260462,  138.05674617,    106.18341347], [ 1197.62262523, 1766.51342574, -269.961434  ,  169.54945074,     30.24694345,    1.89732192,  152.60879457,    2.77744951,     44.12837535,  100.68532144,  -10.09569346,   18.25478546,     20.23749783], [ -361.44725595, -269.961434  ,  685.69781192,   28.9912028 ,     64.40418805,  100.79807854,  -17.21731583,   62.3001584 ,     22.5145044 ,  -16.57643114,   91.62336735,   14.88737084,     20.65772652], [  505.8680532 ,  169.54945074,   28.9912028 ,  412.0551448 ,    193.60358581,   54.26123636,   -7.23558043,   46.3931989 ,     46.22412067,   31.60888104,   32.91875483,   52.68209499,     13.55073155], [  254.96181438,   30.24694345,   64.40418805,  193.60358581,    305.64682737,   48.37406475,   36.71660272,   43.2821723 ,     61.80091498,   49.45423259,   47.48125832,   31.16821046,     14.37052356], [   89.28964326,    1.89732192,  100.79807854,   54.26123636,     48.37406475,  241.28162277,   92.69566456,   54.41865112,     34.22147096,   41.74314889,   37.39518087,   16.84586189,     32.75280341], [  253.64835138,  152.60879457,  -17.21731583,   -7.23558043,     36.71660272,   92.69566456,  204.01074176,   47.10556847,     35.22289042,   44.37247059,   15.52037006,   21.16050642,     26.26398063], [  -33.04852355,    2.77744951,   62.3001584 ,   46.3931989 ,     43.2821723 ,   54.41865112,   47.10556847,  153.47691382,     53.10532447,    7.27532246,   28.66401174,   31.37681505,     31.8275713 ], [    8.56176477,   44.12837535,   22.5145044 ,   46.22412067,     61.80091498,   34.22147096,   35.22289042,   53.10532447,    134.98192895,   62.72390377,   22.85248577,    5.76665645,     12.5673171 ], [  191.25595052,  100.68532144,  -16.57643114,   31.60888104,     49.45423259,   41.74314889,   44.37247059,    7.27532246,     62.72390377,  117.70211718,   34.12624256,    5.51358582,      8.22376256], [   -6.97260462,  -10.09569346,   91.62336735,   32.91875483,     47.48125832,   37.39518087,   15.52037006,   28.66401174,     22.85248577,   34.12624256,   97.90146225,   35.56001195,     15.26806572], [  138.05674617,   18.25478546,   14.88737084,   52.68209499,     31.16821046,   16.84586189,   21.16050642,   31.37681505,      5.76665645,    5.51358582,   35.56001195,   93.63015789,     32.0810172 ], [  106.18341347,   20.23749783,   20.65772652,   13.55073155,     14.37052356,   32.75280341,   26.26398063,   31.8275713 ,     12.5673171 ,    8.22376256,   15.26806572,   32.0810172 ,     88.91171418]]
/root/sim/music/out/Various_Artists/STEINSGATE_VOCAL_BEST_[Disc_1]/09_宇宙エンジニア.mp3; [-506.20486   ,  95.94917   ,  -5.5136666 ,  21.802858  ,   8.005579  ,    5.665155  ,   9.418524  ,   9.084528  ,   5.836626  ,   5.8076844 ,    1.7789383 ,   3.138482  ,   0.46852478]; [[19967.17729752, -706.46118854,  198.63670884,  517.02833137,    533.52195618,  287.74909167,  368.48174278,  322.05404288,    178.55768549,  157.00134367,   98.60557008,   97.54234716,     93.36005682], [ -706.46118854, 1529.0283773 , -332.48035319,   -0.02010978,   -100.41425617,  -65.3845778 ,  -37.19996025,  -45.88707548,     -4.10043538,  -27.06005176,  -14.32811901,  -10.17629893,    -19.73825816], [  198.63670884, -332.48035319,  576.03836836,   20.48494572,    121.63113936,   83.3301396 ,    5.07475643,   38.50392084,     -3.38949638,    7.8562581 ,   12.96863305,   -7.89669514,     -9.46898763], [  517.02833137,   -0.02010978,   20.48494572,  261.52648253,    119.70988235,    7.59523911,    8.67417075,   40.06420463,     37.60049289,   -1.70354447,    9.61282417,    8.76661097,      8.04650855], [  533.52195618, -100.41425617,  121.63113936,  119.70988235,    240.19213657,   82.28560853,   43.07675925,   62.50634798,     34.68348965,    4.30753097,   14.77619768,   -9.16738788,      3.16906954], [  287.74909167,  -65.3845778 ,   83.3301396 ,    7.59523911,     82.28560853,  246.08418445,   45.17332448,   48.0385674 ,      1.23122205,   14.45643997,   33.72605969,  -38.77495104,     -2.31828514], [  368.48174278,  -37.19996025,    5.07475643,    8.67417075,     43.07675925,   45.17332448,  131.3959424 ,   34.57877773,      9.13498636,    9.02418672,   19.06557137,   14.49103144,      4.79588921], [  322.05404288,  -45.88707548,   38.50392084,   40.06420463,     62.50634798,   48.0385674 ,   34.57877773,  103.3418744 ,     35.03583597,    8.01470628,   10.81044251,   -8.74111031,      7.38141475], [  178.55768549,   -4.10043538,   -3.38949638,   37.60049289,     34.68348965,    1.23122205,    9.13498636,   35.03583597,     77.6337327 ,   18.37483602,    1.75087695,   -1.7378605 ,      7.67328354], [  157.00134367,  -27.06005176,    7.8562581 ,   -1.70354447,      4.30753097,   14.45643997,    9.02418672,    8.01470628,     18.37483602,   61.02614588,   23.49315321,    6.85185195,      2.13302768], [   98.60557008,  -14.32811901,   12.96863305,    9.61282417,     14.77619768,   33.72605969,   19.06557137,   10.81044251,      1.75087695,   23.49315321,   66.06409914,   23.39811275,      3.59173432], [   97.54234716,  -10.17629893,   -7.89669514,    8.76661097,     -9.16738788,  -38.77495104,   14.49103144,   -8.74111031,     -1.7378605 ,    6.85185195,   23.39811275,   72.10631494,     22.62371969], [   93.36005682,  -19.73825816,   -9.46898763,    8.04650855,      3.16906954,   -2.31828514,    4.79588921,    7.38141475,      7.67328354,    2.13302768,    3.59173432,   22.62371969,     50.17446974]]
/root/sim/music/out/Various_Artists/STEINSGATE_VOCAL_BEST_[Disc_1]/01_スカイクラッドの観測者.mp3; [-498.8336    , 101.9509    ,   0.32988155,  15.858992  ,   4.3508854 ,    0.8079241 ,   3.3719187 ,   5.912321  ,   0.944276  ,   3.8530564 ,   -0.68133116,   2.2710803 ,   1.8592297 ]; [[12751.02079761, -233.52414127,  305.47021895,  453.39299719,    350.8614972 ,  162.41862177,  266.23225193,  241.68174926,    144.81864932,  263.2495398 ,  -11.7090618 ,  107.04917105,     80.95814812], [ -233.52414127, 1409.47615105, -244.57131519,   84.32758288,     23.12386236,   -6.45216074,    1.5042163 ,   -1.41766195,     10.4065272 ,  -41.72305711,   -1.4098427 ,  -24.43167841,    -17.25313138], [  305.47021895, -244.57131519,  507.91727085,   29.04532725,     52.19051251,   64.52376045,    6.96642636,   34.48580589,     29.17146157,   32.534875  ,   26.1936854 ,   39.40610586,     23.22104854], [  453.39299719,   84.32758288,   29.04532725,  302.94739188,    142.7886809 ,   33.46891255,   58.8912062 ,   78.73322697,     68.50682184,   23.30454965,   17.71158031,   35.86169281,     24.0855608 ], [  350.8614972 ,   23.12386236,   52.19051251,  142.7886809 ,    230.09847454,   68.16937362,   58.41730075,   70.70350011,     65.00844259,   43.3581001 ,   21.71140601,   37.31113401,     29.34651982], [  162.41862177,   -6.45216074,   64.52376045,   33.46891255,     68.16937362,  175.51407007,   79.78866826,   40.42237026,     21.83946786,   33.17793669,   32.98087948,   17.35368702,     23.34592683], [  266.23225193,    1.5042163 ,    6.96642636,   58.8912062 ,     58.41730075,   79.78866826,  142.75276743,   62.67994804,     24.33583434,   25.24517608,   22.278273  ,   25.63828222,     18.32958843], [  241.68174926,   -1.41766195,   34.48580589,   78.73322697,     70.70350011,   40.42237026,   62.67994804,  126.62767432,     58.24375438,   14.02260517,   14.76404901,   25.67606893,     22.56930251], [  144.81864932,   10.4065272 ,   29.17146157,   68.50682184,     65.00844259,   21.83946786,   24.33583434,   58.24375438,    104.87865324,   46.36515189,   11.46724255,   14.90088742,      8.01611263], [  263.2495398 ,  -41.72305711,   32.534875  ,   23.30454965,     43.3581001 ,   33.17793669,   25.24517608,   14.02260517,     46.36515189,   96.26008745,   28.38510027,    3.72432026,     -0.47168338], [  -11.7090618 ,   -1.4098427 ,   26.1936854 ,   17.71158031,     21.71140601,   32.98087948,   22.278273  ,   14.76404901,     11.46724255,   28.38510027,   74.08615001,   34.94417479,     11.54107196], [  107.04917105,  -24.43167841,   39.40610586,   35.86169281,     37.31113401,   17.35368702,   25.63828222,   25.67606893,     14.90088742,    3.72432026,   34.94417479,   79.49186453,     40.40391641], [   80.95814812,  -17.25313138,   23.22104854,   24.0855608 ,     29.34651982,   23.34592683,   18.32958843,   22.56930251,      8.01611263,   -0.47168338,   11.54107196,   40.40391641,     74.7678541 ]]
/root/sim/music/out/Various_Artists/STEINSGATE_VOCAL_BEST_[Disc_1]/08_刻司ル十二ノ盟約.mp3; [-536.6113    , 111.82432   ,   3.6357899 ,  28.691977  ,   1.2607057 ,   -1.628763  ,  -1.4427161 ,   7.1154222 ,   0.79551053,   2.253634  ,   -2.4927216 ,   1.0006527 ,  -0.41464627]; [[22803.31809427,-2542.18802906, -497.86761223,  133.82050064,   -419.49777897,  -27.5296665 , -100.8451936 ,  -89.65481288,   -422.58262442, -119.65188138, -183.97610415, -432.13325501,   -359.40829378], [-2542.18802906, 1944.45632899,   60.78384557,  172.35720427,    150.94251546,    7.45608261,    9.19886374,   13.1712482 ,    113.51029495,   45.92208127,   36.20529817,  127.57832483,     79.51098074], [ -497.86761223,   60.78384557,  426.76547309,   33.6768609 ,     92.67967903,   33.28505503,    9.02068482,   11.43901164,     14.83378612,    2.93822372,   -0.34840979,   13.96287466,     -0.55227967], [  133.82050064,  172.35720427,   33.6768609 ,  250.49240889,     63.93906198,   -9.35005159,  -15.23628806,   30.22073752,     15.3649085 ,  -14.62428345,   11.58514216,    4.37707431,      6.86819032], [ -419.49777897,  150.94251546,   92.67967903,   63.93906198,    130.33373559,   26.34352883,    6.22783408,    6.14657251,     19.51196798,    5.84896187,    9.08243582,   14.95119016,      8.19765617], [  -27.5296665 ,    7.45608261,   33.28505503,   -9.35005159,     26.34352883,  141.43170807,   38.21130375,  -11.40262222,      8.89997296,   21.03178105,    5.76539619,   -0.49513589,     -1.49400353], [ -100.8451936 ,    9.19886374,    9.02068482,  -15.23628806,      6.22783408,   38.21130375,   81.98625086,   24.58487284,     13.31480701,   13.48002784,    8.20579729,    5.69190592,      6.63729765], [  -89.65481288,   13.1712482 ,   11.43901164,   30.22073752,      6.14657251,  -11.40262222,   24.58487284,   89.85611033,     43.3524076 ,   14.25316974,   14.64374688,   16.23582518,     15.92763771], [ -422.58262442,  113.51029495,   14.83378612,   15.3649085 ,     19.51196798,    8.89997296,   13.31480701,   43.3524076 ,    104.91824049,   48.56953661,   16.67616885,   24.26618175,     25.04418038], [ -119.65188138,   45.92208127,    2.93822372,  -14.62428345,      5.84896187,   21.03178105,   13.48002784,   14.25316974,     48.56953661,   85.88817823,   28.31965718,   20.41344112,     15.27039489], [ -183.97610415,   36.20529817,   -0.34840979,   11.58514216,      9.08243582,    5.76539619,    8.20579729,   14.64374688,     16.67616885,   28.31965718,   72.76261308,   32.72342132,     13.09251974], [ -432.13325501,  127.57832483,   13.96287466,    4.37707431,     14.95119016,   -0.49513589,    5.69190592,   16.23582518,     24.26618175,   20.41344112,   32.72342132,   79.84458747,     38.79137034], [ -359.40829378,   79.51098074,   -0.55227967,    6.86819032,      8.19765617,   -1.49400353,    6.63729765,   15.92763771,     25.04418038,   15.27039489,   13.09251974,   38.79137034,     70.81895998]]
