/root/sim/music/out/FUNKY_MONKEY_BABYS/ファンキーモンキーベイビーズ_LAST_BEST__メンバーBEST_[Disc_2]/12_天使と悪魔.mp3; [-539.55914  ,  89.10973  ,  23.013002 ,  13.787588 ,  11.711027 ,   12.115622 ,   9.44414  ,  10.8468485,   5.2654204,   2.830966 ,    0.5939034,   2.564369 ,  -2.2190342]; [[19573.08096768,  743.14955356,  -63.44219657,  320.4957207 ,    295.13768724,  239.56050116,  179.69711136,  337.67127269,    294.15990446,  105.60988662,   98.6325047 ,   -9.70159885,   -105.85737087], [  743.14955356, 1232.86361478,  -63.08947766,   10.32514188,    -38.89410803,   52.24078478,   93.26308704,   42.09220322,     13.70811629,   -7.16256575,   29.06151236,  -17.97020278,    -18.24807963], [  -63.44219657,  -63.08947766,  654.35507679,  200.94175041,    154.12383453,   57.16011892,  -22.06888211,   22.90224722,      2.04856276,  -14.76513624,  -19.14688278,   15.40087639,     14.21782082], [  320.4957207 ,   10.32514188,  200.94175041,  619.71899851,    252.96211686,  143.43258299,  -27.98256518,   43.69820876,     68.81620616,   26.23894027,   11.74260061,   38.65229421,     42.28407181], [  295.13768724,  -38.89410803,  154.12383453,  252.96211686,    383.57659189,  137.24981848,  -19.09099034,   30.78266561,     49.80136673,    5.60420286,    7.50477145,   17.90381708,     12.02113116], [  239.56050116,   52.24078478,   57.16011892,  143.43258299,    137.24981848,  295.42358205,  131.6066946 ,   69.33108789,     34.59334075,   17.78843774,   47.31337476,   12.91307848,     17.49584223], [  179.69711136,   93.26308704,  -22.06888211,  -27.98256518,    -19.09099034,  131.6066946 ,  259.33956762,  103.1447704 ,     18.47843222,   28.26191929,   37.13223862,   -7.91596234,     13.9942258 ], [  337.67127269,   42.09220322,   22.90224722,   43.69820876,     30.78266561,   69.33108789,  103.1447704 ,  171.03728504,     83.15795568,   36.97647802,   35.8916715 ,    7.81641098,     14.23092527], [  294.15990446,   13.70811629,    2.04856276,   68.81620616,     49.80136673,   34.59334075,   18.47843222,   83.15795568,    157.28902468,   73.59357538,   37.66130866,   18.49743972,      9.82440256], [  105.60988662,   -7.16256575,  -14.76513624,   26.23894027,      5.60420286,   17.78843774,   28.26191929,   36.97647802,     73.59357538,  127.795824  ,   53.07713059,   14.18110909,     12.04228282], [   98.6325047 ,   29.06151236,  -19.14688278,   11.74260061,      7.50477145,   47.31337476,   37.13223862,   35.8916715 ,     37.66130866,   53.07713059,  121.93135485,   43.39075118,      7.46633407], [   -9.70159885,  -17.97020278,   15.40087639,   38.65229421,     17.90381708,   12.91307848,   -7.91596234,    7.81641098,     18.49743972,   14.18110909,   43.39075118,   95.69511273,     36.36256804], [ -105.85737087,  -18.24807963,   14.21782082,   42.28407181,     12.02113116,   17.49584223,   13.9942258 ,   14.23092527,      9.82440256,   12.04228282,    7.46633407,   36.36256804,     82.74065349]]
/root/sim/music/out/FUNKY_MONKEY_BABYS/ファンキーモンキーベイビーズ_LAST_BEST__メンバーBEST_[Disc_2]/13_八王子純愛物語.mp3; [-547.61035   ,  97.92553   ,  -3.8444602 ,  21.355213  ,   1.557387  ,    1.3699925 ,   2.2383654 ,   8.283744  ,  -2.8618548 ,   0.33730832,   -3.1591866 ,   1.4060011 ,  -1.0989767 ]; [[12289.62071489,  447.43166084,   38.24334675,  345.00795087,    158.5597274 ,  280.8164093 ,  199.98353198,  222.05856249,    145.72079426,  181.89212587,  145.49625462,   63.60721262,    -75.20758442], [  447.43166084, 1355.63477225,  -97.44384383,  162.23207514,    133.73473856,  187.43096271,  242.0699115 ,  157.40619558,     68.86556749,  112.15584878,  104.60229708,   37.61258912,     67.32577234], [   38.24334675,  -97.44384383,  770.95121665,  221.16471274,    204.2227152 ,  139.85670029,   76.02728776,   88.31490096,     60.09433158,   50.50737252,   27.31931233,   61.33209065,     40.67073813], [  345.00795087,  162.23207514,  221.16471274,  547.23051573,    306.61269305,  171.44493317,  -17.51709294,   93.40512017,    111.71322806,   27.00525483,   14.45120763,   84.53702627,     51.82885674], [  158.5597274 ,  133.73473856,  204.2227152 ,  306.61269305,    458.87650449,  185.21413966,    0.38136206,   66.50581291,    112.27095569,   43.91224111,   37.88326294,   76.29973009,     21.82060212], [  280.8164093 ,  187.43096271,  139.85670029,  171.44493317,    185.21413966,  353.98584852,  139.8234191 ,   84.47129141,     69.1978929 ,   65.56478162,   85.82660294,   50.35338883,     45.25883861], [  199.98353198,  242.0699115 ,   76.02728776,  -17.51709294,      0.38136206,  139.8234191 ,  350.11016985,  127.45989679,     35.40767716,   66.12634763,   88.04076317,   24.73385856,     40.40215928], [  222.05856249,  157.40619558,   88.31490096,   93.40512017,     66.50581291,   84.47129141,  127.45989679,  183.88515178,     80.98638363,   58.08968485,   53.68465004,   31.9218417 ,     42.34089724], [  145.72079426,   68.86556749,   60.09433158,  111.71322806,    112.27095569,   69.1978929 ,   35.40767716,   80.98638363,    176.50074047,   77.07286736,   44.78480638,   34.03678338,     30.98073734], [  181.89212587,  112.15584878,   50.50737252,   27.00525483,     43.91224111,   65.56478162,   66.12634763,   58.08968485,     77.07286736,  140.68962029,   64.22630353,   20.8390851 ,     19.89265361], [  145.49625462,  104.60229708,   27.31931233,   14.45120763,     37.88326294,   85.82660294,   88.04076317,   53.68465004,     44.78480638,   64.22630353,  116.94227835,   40.70987608,     26.8152525 ], [   63.60721262,   37.61258912,   61.33209065,   84.53702627,     76.29973009,   50.35338883,   24.73385856,   31.9218417 ,     34.03678338,   20.8390851 ,   40.70987608,  108.11185733,     41.25317529], [  -75.20758442,   67.32577234,   40.67073813,   51.82885674,     21.82060212,   45.25883861,   40.40215928,   42.34089724,     30.98073734,   19.89265361,   26.8152525 ,   41.25317529,     98.45076836]]
/root/sim/music/out/FUNKY_MONKEY_BABYS/ファンキーモンキーベイビーズ_LAST_BEST__シングルBEST_[Disc_3]/06_明日へ.mp3; [-565.5074   , 110.71298  ,  -7.1189747,   7.9242373,   2.6181576,   -5.4112406,  -1.3789047,   0.7373304,  -5.3421593,  -2.3284986,   -4.483751 ,  -1.7791314,  -2.3445916]; [[23947.62855377,-3213.72450749, 1415.34018283,  881.34961776,    711.07046119,  754.88072288, 1227.77248342,  988.6153947 ,    485.86427121,  327.68321932,  -77.56627545,   17.95430985,     14.00309828], [-3213.72450749, 2128.95398635, -755.0071211 , -107.41144509,    -99.18129722, -123.80003214, -119.82544025, -151.24300853,    -58.69767086,  -10.53067145,   33.00544506,  -21.24160458,     25.21823856], [ 1415.34018283, -755.0071211 ,  820.33748984,   77.93299268,    111.22138256,  102.89258331,  135.15808257,  109.65055598,     34.79993985,   55.86638419,    8.93210031,   52.38571702,     10.48181421], [  881.34961776, -107.41144509,   77.93299268,  443.62001884,    171.32284319,  123.90179753,   32.74923952,   58.89304512,     50.23380281,   -1.29433332,  -17.08412851,   49.65186097,     62.26014146], [  711.07046119,  -99.18129722,  111.22138256,  171.32284319,    295.85076914,   93.4711148 ,   39.96858422,   46.06767644,     43.55546381,   10.48633446,   -5.95063254,   29.93489414,     24.08925652], [  754.88072288, -123.80003214,  102.89258331,  123.90179753,     93.4711148 ,  238.3393267 ,  139.8792916 ,   54.69716767,     28.03583678,   37.04337963,   22.91358611,   27.59664639,     17.58414182], [ 1227.77248342, -119.82544025,  135.15808257,   32.74923952,     39.96858422,  139.8792916 ,  375.67608979,  128.97611138,     49.74366681,   72.86007704,   22.6377756 ,    7.03103351,     16.17650336], [  988.6153947 , -151.24300853,  109.65055598,   58.89304512,     46.06767644,   54.69716767,  128.97611138,  163.38837061,     75.15553626,   57.28869588,   10.04503529,    9.40313897,     12.03566724], [  485.86427121,  -58.69767086,   34.79993985,   50.23380281,     43.55546381,   28.03583678,   49.74366681,   75.15553626,    147.79881389,   67.14482981,   22.84024912,   16.61407491,     25.99977288], [  327.68321932,  -10.53067145,   55.86638419,   -1.29433332,     10.48633446,   37.04337963,   72.86007704,   57.28869588,     67.14482981,  141.74653038,   48.61988966,   18.5917553 ,     17.6925504 ], [  -77.56627545,   33.00544506,    8.93210031,  -17.08412851,     -5.95063254,   22.91358611,   22.6377756 ,   10.04503529,     22.84024912,   48.61988966,   89.85945747,   29.12734267,     11.11798613], [   17.95430985,  -21.24160458,   52.38571702,   49.65186097,     29.93489414,   27.59664639,    7.03103351,    9.40313897,     16.61407491,   18.5917553 ,   29.12734267,   96.11570029,     45.11353771], [   14.00309828,   25.21823856,   10.48181421,   62.26014146,     24.08925652,   17.58414182,   16.17650336,   12.03566724,     25.99977288,   17.6925504 ,   11.11798613,   45.11353771,     97.78325532]]
/root/sim/music/out/FUNKY_MONKEY_BABYS/ファンキーモンキーベイビーズ_LAST_BEST__シングルBEST_[Disc_3]/07_旅立ち.mp3; [-508.06018   ,  90.71477   ,  -0.44100714,  17.465567  ,   6.5430727 ,    7.1205597 ,   1.5168805 ,   7.1365204 ,   1.2955966 ,   0.04538781,    0.17088702,   2.0526268 ,  -0.22325124]; [[14882.38840051, -668.32030916,  734.74002924,  -28.96465892,    327.38004429,  427.29974548,  223.84968818,  492.18659043,    318.46737529,  133.55320119,   63.02426067,  214.7458298 ,     12.68028028], [ -668.32030916, 1123.4621785 , -266.80714011,   64.63310573,    -34.9350818 ,  -13.06838922,   73.8708194 ,  -17.10604787,    -20.30606582,   67.77802045,   60.22007451,  -44.93455889,     53.10443942], [  734.74002924, -266.80714011,  475.69678561,   64.28929296,     87.16589686,   49.34122984,   -0.13698232,   73.28803338,     62.10824535,   28.18465487,   15.63629321,   87.59523028,     35.70841769], [  -28.96465892,   64.63310573,   64.28929296,  352.23791601,    170.77720568,    2.09177263,  -61.77159863,   -6.51468651,     31.61866379,  -23.58712974,  -15.39087325,   63.80194593,     44.44182925], [  327.38004429,  -34.9350818 ,   87.16589686,  170.77720568,    277.67709544,   70.0364501 ,    1.36032327,   46.00108003,     54.21678852,    7.45673895,   17.9776325 ,   54.67423727,     37.83499188], [  427.29974548,  -13.06838922,   49.34122984,    2.09177263,     70.0364501 ,  181.35507657,   86.42470963,   43.91503123,     39.45809546,   34.5415091 ,   34.31033434,   15.95722479,     10.4566293 ], [  223.84968818,   73.8708194 ,   -0.13698232,  -61.77159863,      1.36032327,   86.42470963,  221.29448767,   94.21465279,     16.88530337,   58.60649614,   50.70148867,    1.13236312,     17.21463914], [  492.18659043,  -17.10604787,   73.28803338,   -6.51468651,     46.00108003,   43.91503123,   94.21465279,  157.82755351,     66.49775455,   47.91949101,   45.27877384,   28.89084806,     24.87737431], [  318.46737529,  -20.30606582,   62.10824535,   31.61866379,     54.21678852,   39.45809546,   16.88530337,   66.49775455,    127.32739586,   57.5580744 ,   29.45570143,   35.65064366,     20.40327881], [  133.55320119,   67.77802045,   28.18465487,  -23.58712974,      7.45673895,   34.5415091 ,   58.60649614,   47.91949101,     57.5580744 ,  125.04753241,   58.20816189,    6.98903233,     18.34205989], [   63.02426067,   60.22007451,   15.63629321,  -15.39087325,     17.9776325 ,   34.31033434,   50.70148867,   45.27877384,     29.45570143,   58.20816189,   93.74694845,   21.28448048,     14.53191957], [  214.7458298 ,  -44.93455889,   87.59523028,   63.80194593,     54.67423727,   15.95722479,    1.13236312,   28.89084806,     35.65064366,    6.98903233,   21.28448048,   98.29282158,     35.56085265], [   12.68028028,   53.10443942,   35.70841769,   44.44182925,     37.83499188,   10.4566293 ,   17.21463914,   24.87737431,     20.40327881,   18.34205989,   14.53191957,   35.56085265,     75.40795113]]
/root/sim/music/out/FUNKY_MONKEY_BABYS/ファンキーモンキーベイビーズ_LAST_BEST__シングルBEST_[Disc_3]/04_もう君がいない.mp3; [-538.79706  , 102.118065 ,   6.6628118,  21.295162 ,   2.3411148,    1.173241 ,  -1.5981681,   2.8793151,  -3.5830212,  -1.4821995,   -2.9255989,  -2.7534976,  -1.897923 ]; [[20379.59357179,-1725.26520441,  -88.25713869,  360.31265459,    202.4180813 ,  551.56773154,  349.38731887,  702.93227049,    549.18040059,  311.20623912,  177.47778092,   90.19952018,    229.92570375], [-1725.26520441, 1474.6392343 , -283.27517921,  -91.64719303,   -117.46767308, -128.56396011,   -6.96607816, -124.28713527,   -141.03709287,  -21.01993296,  -32.44754777,  -70.67666749,    -97.8283627 ], [  -88.25713869, -283.27517921,  574.01754853,   79.28599064,     49.5840865 ,   20.73876787,   44.57124979,   60.8382107 ,     33.1034541 ,   24.6017099 ,   27.10787348,   56.17979154,     81.86394325], [  360.31265459,  -91.64719303,   79.28599064,  356.63623692,    171.16684264,   14.14037381,  -54.40689731,   26.32540559,     38.67788985,  -15.13162598,  -15.42452123,   62.12889792,     48.87156519], [  202.4180813 , -117.46767308,   49.5840865 ,  171.16684264,    277.10489452,   58.73582103,  -37.15734486,    7.67244061,     57.97693436,    5.24340641,    2.50881455,   43.47122148,     35.24025939], [  551.56773154, -128.56396011,   20.73876787,   14.14037381,     58.73582103,  211.34113142,  108.91218548,   45.50675953,     32.07423174,   38.8590887 ,   44.93162108,    9.09077259,     19.94230723], [  349.38731887,   -6.96607816,   44.57124979,  -54.40689731,    -37.15734486,  108.91218548,  243.10457048,   89.18550533,     25.25991176,   52.22201657,   46.34880055,    0.50297178,     25.06476756], [  702.93227049, -124.28713527,   60.8382107 ,   26.32540559,      7.67244061,   45.50675953,   89.18550533,  168.00727506,     82.20508223,   44.61274975,   35.19693855,   23.18740394,     41.75777818], [  549.18040059, -141.03709287,   33.1034541 ,   38.67788985,     57.97693436,   32.07423174,   25.25991176,   82.20508223,    147.24818516,   58.87662345,   21.89557034,   14.57941436,     29.07620968], [  311.20623912,  -21.01993296,   24.6017099 ,  -15.13162598,      5.24340641,   38.8590887 ,   52.22201657,   44.61274975,     58.87662345,  129.55935364,   47.21550356,   -3.34220329,     14.87443129], [  177.47778092,  -32.44754777,   27.10787348,  -15.42452123,      2.50881455,   44.93162108,   46.34880055,   35.19693855,     21.89557034,   47.21550356,   86.07479352,   22.58130118,     11.75878305], [   90.19952018,  -70.67666749,   56.17979154,   62.12889792,     43.47122148,    9.09077259,    0.50297178,   23.18740394,     14.57941436,   -3.34220329,   22.58130118,   91.54201821,     35.6965204 ], [  229.92570375,  -97.8283627 ,   81.86394325,   48.87156519,     35.24025939,   19.94230723,   25.06476756,   41.75777818,     29.07620968,   14.87443129,   11.75878305,   35.6965204 ,    102.6511483 ]]
/root/sim/music/out/FUNKY_MONKEY_BABYS/ファンキーモンキーベイビーズ_LAST_BEST__シングルBEST_[Disc_3]/10_涙.mp3; [-524.35236   ,  99.022156  ,   3.6811166 ,  20.00227   ,   6.0098295 ,    1.9576174 ,   2.034075  ,   6.0325828 ,  -2.11289   ,  -2.1163943 ,   -2.3410976 ,   0.58860254,  -0.34551802]; [[21746.08286434, -902.45955078, -240.20963045,  205.99544798,    355.73391364,  395.38178553,  420.47502217,  515.06628516,    531.64421684,  308.85524088,  165.86941244,  142.67237108,     58.09461468], [ -902.45955078, 1234.52122752, -233.92794083,   -4.5377343 ,    -84.13823104,  -30.51761851,   40.9773673 ,   -2.1222166 ,    -84.42766534,    0.09350037,   22.56316241,  -29.27705893,      1.36796225], [ -240.20963045, -233.92794083,  675.72236727,  142.25069184,     83.33146864,   71.18393483,   55.1866421 ,   55.16648341,     19.87156498,    2.0472357 ,   -7.39588729,   50.41188869,     45.53087173], [  205.99544798,   -4.5377343 ,  142.25069184,  438.42623785,    183.06765188,   55.50192818,  -68.50443486,  -12.24036182,     40.73554832,  -20.1626008 ,  -21.95949489,   58.60409522,     62.95692766], [  355.73391364,  -84.13823104,   83.33146864,  183.06765188,    290.50321682,  103.75235022,  -22.3104205 ,   -1.94300272,     61.45903384,   16.1493327 ,    9.55592247,   26.82264367,     21.99774992], [  395.38178553,  -30.51761851,   71.18393483,   55.50192818,    103.75235022,  215.09440712,  101.49321403,   20.45183219,     33.43231089,   37.48252235,   40.18602837,   11.12358493,      0.0082743 ], [  420.47502217,   40.9773673 ,   55.1866421 ,  -68.50443486,    -22.3104205 ,  101.49321403,  256.11287229,   86.55574051,     11.80017133,   39.30018756,   37.26640413,    4.1130172 ,      6.29978505], [  515.06628516,   -2.1222166 ,   55.16648341,  -12.24036182,     -1.94300272,   20.45183219,   86.55574051,  140.52718762,     58.56841011,   35.38012129,   20.25292607,   14.32735217,     21.53750456], [  531.64421684,  -84.42766534,   19.87156498,   40.73554832,     61.45903384,   33.43231089,   11.80017133,   58.56841011,    145.91991904,   62.6334358 ,   19.3546465 ,   10.72802718,      8.91968327], [  308.85524088,    0.09350037,    2.0472357 ,  -20.1626008 ,     16.1493327 ,   37.48252235,   39.30018756,   35.38012129,     62.6334358 ,  107.19999694,   47.30148726,    2.67279375,      2.36455404], [  165.86941244,   22.56316241,   -7.39588729,  -21.95949489,      9.55592247,   40.18602837,   37.26640413,   20.25292607,     19.3546465 ,   47.30148726,   89.45761378,   25.65116618,      1.60039396], [  142.67237108,  -29.27705893,   50.41188869,   58.60409522,     26.82264367,   11.12358493,    4.1130172 ,   14.32735217,     10.72802718,    2.67279375,   25.65116618,   92.36497134,     40.45650884], [   58.09461468,    1.36796225,   45.53087173,   62.95692766,     21.99774992,    0.0082743 ,    6.29978505,   21.53750456,      8.91968327,    2.36455404,    1.60039396,   40.45650884,     83.20800604]]
/root/sim/music/out/FUNKY_MONKEY_BABYS/ファンキーモンキーベイビーズ_LAST_BEST__シングルBEST_[Disc_3]/11_ランウェイ☆ビート.mp3; [-509.42966   , 104.554276  , -12.512765  ,  10.832684  ,   6.1386375 ,   -2.241538  ,  -3.727029  ,   3.846407  ,   0.15047911,   1.5146098 ,   -2.901777  ,   1.28642   ,   0.46900323]; [[16950.08881101, -491.02699609,  921.6406158 , -240.06525615,    335.67528021,  384.35924553,  287.17203438,  316.26202394,    139.25905255,  149.68267813,  230.55891174,  233.10678325,    180.17551398], [ -491.02699609, 1022.48163696, -457.77261082,   96.26428783,   -120.06825371,  -85.99454084,   -0.10781369,  -15.20951931,     -9.59572864,   15.48214636,  -28.70753971,  -38.39241655,    -19.63092746], [  921.6406158 , -457.77261082,  588.19404279,   31.16285917,    174.72265635,  111.87557766,   67.55735219,   65.48158615,     47.85470954,   29.08113768,   29.85496177,   45.20686569,     52.11441216], [ -240.06525615,   96.26428783,   31.16285917,  285.27427586,     88.97927068,  -14.69292459,  -87.33620236,  -34.71890812,      7.52781204,   -9.8535692 ,  -26.58408155,   23.71141417,     20.36211987], [  335.67528021, -120.06825371,  174.72265635,   88.97927068,    205.13233233,   56.60332098,   -2.84727146,    8.76196761,     24.17024761,    4.46125779,    8.39748451,   16.39264793,     15.23123184], [  384.35924553,  -85.99454084,  111.87557766,  -14.69292459,     56.60332098,  144.25908968,   91.44559216,   40.66071201,     11.74385501,   25.54859788,   32.37643351,    9.52437097,      6.94933727], [  287.17203438,   -0.10781369,   67.55735219,  -87.33620236,     -2.84727146,   91.44559216,  198.54639122,   85.65779369,     24.30560237,   39.81855592,   36.02089534,    7.23250054,     12.48621562], [  316.26202394,  -15.20951931,   65.48158615,  -34.71890812,      8.76196761,   40.66071201,   85.65779369,  106.74692598,     51.35643512,   30.3981872 ,   19.43311645,    9.87183475,     14.71366973], [  139.25905255,   -9.59572864,   47.85470954,    7.52781204,     24.17024761,   11.74385501,   24.30560237,   51.35643512,     91.01828073,   44.58630928,   17.25958641,    8.29964391,     14.21209568], [  149.68267813,   15.48214636,   29.08113768,   -9.8535692 ,      4.46125779,   25.54859788,   39.81855592,   30.3981872 ,     44.58630928,   97.21623205,   42.53383382,   13.9149647 ,     14.76750698], [  230.55891174,  -28.70753971,   29.85496177,  -26.58408155,      8.39748451,   32.37643351,   36.02089534,   19.43311645,     17.25958641,   42.53383382,   71.52452936,   28.62567141,     13.86762993], [  233.10678325,  -38.39241655,   45.20686569,   23.71141417,     16.39264793,    9.52437097,    7.23250054,    9.87183475,      8.29964391,   13.9149647 ,   28.62567141,   72.53177397,     40.23076442], [  180.17551398,  -19.63092746,   52.11441216,   20.36211987,     15.23123184,    6.94933727,   12.48621562,   14.71366973,     14.21209568,   14.76750698,   13.86762993,   40.23076442,     73.63834593]]
/root/sim/music/out/FUNKY_MONKEY_BABYS/ファンキーモンキーベイビーズ_LAST_BEST__シングルBEST_[Disc_3]/09_桜.mp3; [-567.8932    , 114.6406    ,  -0.26977232,   4.0444784 ,   1.217493  ,   -4.9700403 ,  -4.96539   ,   3.0178838 ,  -5.230976  ,  -3.2116601 ,   -4.713099  ,  -4.4515047 ,  -2.2724278 ]; [[28836.63605819,-1918.6335109 , -333.70688352,  826.00557558,    458.08809792,  691.14448854, 1108.70099341, 1196.41660888,    905.52148756,  410.0912584 ,   88.01657585,  222.03309762,    185.10569424], [-1918.6335109 , 1567.35181687, -379.39060173, -256.43575736,   -112.98662607,  -69.02918142,    7.73622227,  -46.13696908,    -66.00901882,   30.86244154,   27.02441129,  -60.28128412,     20.45788194], [ -333.70688352, -379.39060173,  682.45472819,  155.66427427,     35.34760847,  -19.30109771,  -10.64302931,  -23.16699731,    -24.28012272,  -15.17468087,  -18.21699495,   42.06212421,     33.1974363 ], [  826.00557558, -256.43575736,  155.66427427,  528.35319183,    212.13604428,   83.74553407,  -29.29159868,   36.38370788,     95.20920868,    6.60700918,  -28.5579629 ,   57.9011206 ,     52.94387701], [  458.08809792, -112.98662607,   35.34760847,  212.13604428,    317.99886161,  101.78911333,  -38.02997434,    1.2024426 ,     65.86985111,   12.48166022,   21.06983895,   38.3317973 ,      1.73261273], [  691.14448854,  -69.02918142,  -19.30109771,   83.74553407,    101.78911333,  272.87878286,  115.05180054,   35.4942164 ,     38.98900667,   28.01112762,   58.17119497,   29.64057844,    -13.494778  ], [ 1108.70099341,    7.73622227,  -10.64302931,  -29.29159868,    -38.02997434,  115.05180054,  382.95683327,  134.76354604,     52.86476266,   66.78432548,   35.49832428,   13.27768751,     31.07429623], [ 1196.41660888,  -46.13696908,  -23.16699731,   36.38370788,      1.2024426 ,   35.4942164 ,  134.76354604,  211.25895283,     86.13396928,   49.47589584,   17.402211  ,   13.16682937,     26.96960705], [  905.52148756,  -66.00901882,  -24.28012272,   95.20920868,     65.86985111,   38.98900667,   52.86476266,   86.13396928,    184.12979236,   63.48556344,    6.88347809,   11.4420777 ,     29.92599361], [  410.0912584 ,   30.86244154,  -15.17468087,    6.60700918,     12.48166022,   28.01112762,   66.78432548,   49.47589584,     63.48556344,  144.35012406,   38.92272234,   -7.59147835,     16.19886746], [   88.01657585,   27.02441129,  -18.21699495,  -28.5579629 ,     21.06983895,   58.17119497,   35.49832428,   17.402211  ,      6.88347809,   38.92272234,  125.94319404,   19.96949247,    -23.47778317], [  222.03309762,  -60.28128412,   42.06212421,   57.9011206 ,     38.3317973 ,   29.64057844,   13.27768751,   13.16682937,     11.4420777 ,   -7.59147835,   19.96949247,  115.01799313,     26.97547012], [  185.10569424,   20.45788194,   33.1974363 ,   52.94387701,      1.73261273,  -13.494778  ,   31.07429623,   26.96960705,     29.92599361,   16.19886746,  -23.47778317,   26.97547012,    131.94811101]]
/root/sim/music/out/FUNKY_MONKEY_BABYS/ファンキーモンキーベイビーズ_LAST_BEST__シングルBEST_[Disc_3]/12_LOVE_SONG.mp3; [-568.7904    , 119.49296   ,   6.2764974 ,  16.334946  ,   0.00330548,   -6.772785  ,  -8.014728  ,   3.591522  ,  -8.4263115 ,  -6.382224  ,   -8.094416  ,  -6.820862  ,  -5.566579  ]; [[25379.80812998, -907.34645744, -687.8474835 , 1061.80394458,    593.67929179,  898.81470844,  375.72200563,  343.42292588,    585.91359712,  503.78311109,   51.77964613,  115.48953578,   -530.07378079], [ -907.34645744, 1160.37996819, -112.15508451,  -79.53987994,    -88.95252812,  -81.72138154,   27.48123765,   36.75423435,    -58.4444032 ,   -4.1585022 ,   43.79928951,  -66.73225477,     51.31475606], [ -687.8474835 , -112.15508451,  579.28833025,   67.83229983,     50.6456564 ,  -41.97905409,  -62.88787965,   21.96996884,    -10.9628174 ,  -16.22157923,  -45.97827603,    8.3199438 ,     -1.0099835 ], [ 1061.80394458,  -79.53987994,   67.83229983,  615.89427408,    286.55472859,  128.17630077,  -23.76442414,   44.26803144,     99.07890261,   52.48655569,    6.25516368,   85.54678838,     24.63592   ], [  593.67929179,  -88.95252812,   50.6456564 ,  286.55472859,    411.96786389,  124.26864258,   -8.4784042 ,    0.95245836,     87.25571168,   10.50836073,    2.3970164 ,   67.12843247,      4.69866845], [  898.81470844,  -81.72138154,  -41.97905409,  128.17630077,    124.26864258,  315.91132804,  132.443449  ,   49.17128803,     70.67177365,   91.69706174,   32.92430543,   19.3306504 ,    -31.69655666], [  375.72200563,   27.48123765,  -62.88787965,  -23.76442414,     -8.4784042 ,  132.443449  ,  314.17006355,   48.25916584,     43.04568506,   55.87535524,   40.03500487,   34.7292535 ,     28.21607412], [  343.42292588,   36.75423435,   21.96996884,   44.26803144,      0.95245836,   49.17128803,   48.25916584,  168.42593943,     56.41454492,   59.00604182,  -15.87661871,  -21.31937988,    -14.92591023], [  585.91359712,  -58.4444032 ,  -10.9628174 ,   99.07890261,     87.25571168,   70.67177365,   43.04568506,   56.41454492,    182.11896702,   72.8213833 ,   17.31919422,   24.16593984,      0.92943387], [  503.78311109,   -4.1585022 ,  -16.22157923,   52.48655569,     10.50836073,   91.69706174,   55.87535524,   59.00604182,     72.8213833 ,  181.60929849,   38.1611958 ,   -2.98662325,     -5.03864755], [   51.77964613,   43.79928951,  -45.97827603,    6.25516368,      2.3970164 ,   32.92430543,   40.03500487,  -15.87661871,     17.31919422,   38.1611958 ,  129.63522028,   42.1167906 ,     34.68449907], [  115.48953578,  -66.73225477,    8.3199438 ,   85.54678838,     67.12843247,   19.3306504 ,   34.7292535 ,  -21.31937988,     24.16593984,   -2.98662325,   42.1167906 ,  156.39990567,     77.71133955], [ -530.07378079,   51.31475606,   -1.0099835 ,   24.63592   ,      4.69866845,  -31.69655666,   28.21607412,  -14.92591023,      0.92943387,   -5.03864755,   34.68449907,   77.71133955,    164.39273754]]
/root/sim/music/out/FUNKY_MONKEY_BABYS/ファンキーモンキーベイビーズ_LAST_BEST__シングルBEST_[Disc_3]/08_夢.mp3; [-502.016     ,  90.99087   ,  -9.317481  ,  14.659856  ,   8.280739  ,   -3.0727563 ,   0.7557588 ,   5.809116  ,   4.240765  ,   1.1721145 ,   -1.0016721 ,  -0.10655829,   0.0261531 ]; [[17313.17833361,  -74.07004044, 1154.79470926, -104.62908557,    358.74886659,  511.92814844,   49.61870947,  235.38932168,    502.48369643,  521.72705895,  335.96381731,   57.0330606 ,    -92.94065586], [  -74.07004044,  979.43011206, -353.68313256,  131.70264923,    -26.53894255,  -50.73658675,   91.47184674,    4.25913416,      0.88567022,   21.09962586,    5.21753375,    5.17569133,     29.6220182 ], [ 1154.79470926, -353.68313256,  727.53180076,   91.19462196,    195.34336146,  174.84304886,   46.31354685,  107.20213302,    105.93615607,   81.73888126,   71.79704764,   62.87031213,     61.76951369], [ -104.62908557,  131.70264923,   91.19462196,  394.30942016,    125.10568911,   55.58775128,  -25.34207434,   20.44268213,     48.71533361,   20.35914135,   -4.1905905 ,   36.30933583,     50.30438234], [  358.74886659,  -26.53894255,  195.34336146,  125.10568911,    223.99022249,   84.78074354,   23.99986397,   36.18259933,     69.95722292,   42.97028895,   28.76059863,   33.20372353,     34.5363009 ], [  511.92814844,  -50.73658675,  174.84304886,   55.58775128,     84.78074354,  260.03412942,  127.34886031,   73.10666628,     51.8010362 ,   63.67122372,   77.62843374,   26.05363775,     20.77838075], [   49.61870947,   91.47184674,   46.31354685,  -25.34207434,     23.99986397,  127.34886031,  244.4171338 ,   87.42998449,     17.18667174,   31.55873922,   61.42487132,   32.30496079,     35.2074081 ], [  235.38932168,    4.25913416,  107.20213302,   20.44268213,     36.18259933,   73.10666628,   87.42998449,  125.12990433,     71.02609001,   49.933174  ,   42.39301085,   32.15773852,     37.35137027], [  502.48369643,    0.88567022,  105.93615607,   48.71533361,     69.95722292,   51.8010362 ,   17.18667174,   71.02609001,    147.40811828,   89.30631964,   54.04723853,   24.74735171,     25.41676709], [  521.72705895,   21.09962586,   81.73888126,   20.35914135,     42.97028895,   63.67122372,   31.55873922,   49.933174  ,     89.30631964,  128.61393012,   65.06001034,   17.84222135,     10.63301931], [  335.96381731,    5.21753375,   71.79704764,   -4.1905905 ,     28.76059863,   77.62843374,   61.42487132,   42.39301085,     54.04723853,   65.06001034,  101.16002901,   41.44133823,     22.77867551], [   57.0330606 ,    5.17569133,   62.87031213,   36.30933583,     33.20372353,   26.05363775,   32.30496079,   32.15773852,     24.74735171,   17.84222135,   41.44133823,   83.06446558,     48.85522253], [  -92.94065586,   29.6220182 ,   61.76951369,   50.30438234,     34.5363009 ,   20.77838075,   35.2074081 ,   37.35137027,     25.41676709,   10.63301931,   22.77867551,   48.85522253,     93.88531758]]
/root/sim/music/out/FUNKY_MONKEY_BABYS/ファンキーモンキーベイビーズ_LAST_BEST__シングルBEST_[Disc_3]/03_恋の片道切符.mp3; [-531.4277   , 102.06387  ,   9.043509 ,  14.904737 ,  -1.4557269,   -2.9542415,  -5.1762834,  -0.605699 ,  -3.8561192,  -5.2976727,   -5.694824 ,  -3.9483788,  -4.672148 ]; [[12484.56154525,  223.65726715,  424.84681121,  -17.11918097,     88.94321863,  305.40969641,  281.55310334,  311.98495485,    273.78029329,  161.77921399,  147.69372134,  161.17397983,     74.02396769], [  223.65726715, 1413.62150365, -237.2570042 ,   60.81216579,     40.92911389,  -18.8734964 ,   73.99611292,   41.10550257,     -9.46557909,   17.66346366,   30.0640745 ,   -3.76038023,     15.92954769], [  424.84681121, -237.2570042 ,  663.62228978,  197.9620182 ,    188.6322451 ,   86.58211291,   64.8796399 ,   88.00821932,     86.57661893,   43.04045828,   67.4272298 ,  120.67311456,     73.89104386], [  -17.11918097,   60.81216579,  197.9620182 ,  458.21033444,    225.96293857,   45.06565405,  -38.14106032,   40.58309568,     49.41294646,  -18.11799651,    3.65031496,  102.07096568,     42.81286862], [   88.94321863,   40.92911389,  188.6322451 ,  225.96293857,    393.15695925,  152.98992385,   52.38656297,   56.16676116,     78.19239989,   34.05643337,   59.76728819,   85.57854618,     47.79639808], [  305.40969641,  -18.8734964 ,   86.58211291,   45.06565405,    152.98992385,  307.66768049,  210.84145443,  107.50817921,     73.54301459,   74.57288605,   84.63008727,   55.20033189,     47.23003318], [  281.55310334,   73.99611292,   64.8796399 ,  -38.14106032,     52.38656297,  210.84145443,  338.67143858,  150.22689331,     75.08104881,   83.87787453,   85.58369827,   49.13364192,     60.68573027], [  311.98495485,   41.10550257,   88.00821932,   40.58309568,     56.16676116,  107.50817921,  150.22689331,  184.64204219,    105.58582136,   69.12725318,   70.66648845,   66.69989955,     50.09351601], [  273.78029329,   -9.46557909,   86.57661893,   49.41294646,     78.19239989,   73.54301459,   75.08104881,  105.58582136,    167.32205825,   89.21766937,   68.09208025,   65.35529788,     41.65682418], [  161.77921399,   17.66346366,   43.04045828,  -18.11799651,     34.05643337,   74.57288605,   83.87787453,   69.12725318,     89.21766937,  144.12077529,   82.31085901,   35.17813671,     31.56433621], [  147.69372134,   30.0640745 ,   67.4272298 ,    3.65031496,     59.76728819,   84.63008727,   85.58369827,   70.66648845,     68.09208025,   82.31085901,  128.42113646,   68.1417264 ,     38.37267809], [  161.17397983,   -3.76038023,  120.67311456,  102.07096568,     85.57854618,   55.20033189,   49.13364192,   66.69989955,     65.35529788,   35.17813671,   68.1417264 ,  131.35040744,     59.55809333], [   74.02396769,   15.92954769,   73.89104386,   42.81286862,     47.79639808,   47.23003318,   60.68573027,   50.09351601,     41.65682418,   31.56433621,   38.37267809,   59.55809333,     94.21022007]]
/root/sim/music/out/FUNKY_MONKEY_BABYS/ファンキーモンキーベイビーズ_LAST_BEST__シングルBEST_[Disc_3]/13_それでも信じてる.mp3; [-483.6459    ,  92.34862   ,  -0.29410446,  11.592454  ,  -2.520411  ,    3.379143  ,   0.35098368,   7.016182  ,   1.7078953 ,  -0.25176948,   -1.1040287 ,  -3.1595054 ,  -3.096673  ]; [[11544.13419821,  176.52130581, -175.36423956, -222.31930562,    -88.94177001,   16.66702068,  -30.7691559 ,  245.84853079,    122.33574773,  -43.0115225 ,  -42.48537528,  -79.36324813,   -109.34345004], [  176.52130581,  736.950133  ,  -66.38644185,   26.94470695,    -45.22800286,   67.04560981,  114.02604846,   39.45432031,     19.63916986,   60.11373558,   42.32808026,   -9.1970907 ,     42.99799559], [ -175.36423956,  -66.38644185,  411.04187618,  117.58335014,     93.76181451,   38.13949013,   24.42196607,   25.60147618,     13.06271087,   13.59146986,   -2.04982439,   47.91027082,     30.49236138], [ -222.31930562,   26.94470695,  117.58335014,  339.94487251,    163.97284797,   22.28601557,  -67.09978574,   -6.83767829,     17.47369947,   -2.14070309,   -7.95414269,   25.73336448,     10.18806301], [  -88.94177001,  -45.22800286,   93.76181451,  163.97284797,    255.96987077,   36.39606923,  -69.51464682,   -7.04911107,     48.73614391,    5.21736661,   -1.40174645,   10.92616508,     -2.07954066], [   16.66702068,   67.04560981,   38.13949013,   22.28601557,     36.39606923,  156.82099066,   97.09834933,   10.43977647,      9.1486434 ,   28.16273228,   36.03818872,    3.00896438,      7.91953652], [  -30.7691559 ,  114.02604846,   24.42196607,  -67.09978574,    -69.51464682,   97.09834933,  242.12056774,   68.57389587,     -2.85302954,   35.12187101,   39.89771669,   18.47426126,     28.35682029], [  245.84853079,   39.45432031,   25.60147618,   -6.83767829,     -7.04911107,   10.43977647,   68.57389587,  121.99496783,     52.4186026 ,   21.14563739,   15.0470609 ,   18.98051254,     18.76252496], [  122.33574773,   19.63916986,   13.06271087,   17.47369947,     48.73614391,    9.1486434 ,   -2.85302954,   52.4186026 ,    105.86640651,   43.10618706,   12.90806498,    4.76694235,      7.97562265], [  -43.0115225 ,   60.11373558,   13.59146986,   -2.14070309,      5.21736661,   28.16273228,   35.12187101,   21.14563739,     43.10618706,   97.32000258,   41.74070306,    4.48276416,     11.41390299], [  -42.48537528,   42.32808026,   -2.04982439,   -7.95414269,     -1.40174645,   36.03818872,   39.89771669,   15.0470609 ,     12.90806498,   41.74070306,   73.56121575,   17.85938006,      8.56763617], [  -79.36324813,   -9.1970907 ,   47.91027082,   25.73336448,     10.92616508,    3.00896438,   18.47426126,   18.98051254,      4.76694235,    4.48276416,   17.85938006,   72.47825112,     27.73535976], [ -109.34345004,   42.99799559,   30.49236138,   10.18806301,     -2.07954066,    7.91953652,   28.35682029,   18.76252496,      7.97562265,   11.41390299,    8.56763617,   27.73535976,     68.33457413]]
/root/sim/music/out/FUNKY_MONKEY_BABYS/ファンキーモンキーベイビーズ_LAST_BEST__シングルBEST_[Disc_3]/01_LIFE_IS_A_PARTY.mp3; [-491.84094  ,  89.12792  ,  -2.197886 ,  17.192308 ,   8.725662 ,    2.5510895,   8.621276 ,  11.777952 ,   4.8061843,   3.4746635,    1.4777622,  -1.0841411,  -0.8223211]; [[9319.08243077,  -0.88251421, 436.80600762,-694.67165834,-106.32734126,   539.0854233 , 292.73158178, 189.4024513 , 183.53306127, 160.67034321,    86.65965504, -91.53627952, -23.16376744], [  -0.88251421, 713.17893192, -22.57363307,  97.33269619,  72.32308994,    78.64151797, 128.86085145,  62.88660395,  52.07550152,  59.95394297,    55.38022812,  33.29340966,  26.86002669], [ 436.80600762, -22.57363307, 989.90913059, 306.56202139, 279.73076817,   208.02509931,  61.71549461, 123.75443744, 105.60430278,  40.15427511,    36.43961187,  44.84164857,  44.37468283], [-694.67165834,  97.33269619, 306.56202139, 580.38207789, 304.4413828 ,     6.15088819, -11.69022662,  89.40061111,  62.79858024,  -0.85129837,     4.37375828,  78.94555667,  51.17836838], [-106.32734126,  72.32308994, 279.73076817, 304.4413828 , 349.73810805,   128.3574509 ,  76.06535454, 112.14816604,  89.51913154,  38.06098099,    50.00809334,  63.25932093,  54.49287052], [ 539.0854233 ,  78.64151797, 208.02509931,   6.15088819, 128.3574509 ,   301.77207238, 196.2045793 ,  89.50367593,  63.69204778,  64.85240258,    68.0820634 ,  29.67408465,  33.68334459], [ 292.73158178, 128.86085145,  61.71549461, -11.69022662,  76.06535454,   196.2045793 , 254.75455341, 118.85799023,  46.3566072 ,  56.55452055,    69.7232446 ,  26.75432943,  30.33678037], [ 189.4024513 ,  62.88660395, 123.75443744,  89.40061111, 112.14816604,    89.50367593, 118.85799023, 149.28029388,  84.68634217,  51.88981369,    48.46901554,  34.85412499,  35.30617842], [ 183.53306127,  52.07550152, 105.60430278,  62.79858024,  89.51913154,    63.69204778,  46.3566072 ,  84.68634217, 130.14849056,  87.39837824,    43.58663676,  32.42391144,  39.07331898], [ 160.67034321,  59.95394297,  40.15427511,  -0.85129837,  38.06098099,    64.85240258,  56.55452055,  51.88981369,  87.39837824, 132.04480381,    74.35079987,  39.11476922,  40.78394778], [  86.65965504,  55.38022812,  36.43961187,   4.37375828,  50.00809334,    68.0820634 ,  69.7232446 ,  48.46901554,  43.58663676,  74.35079987,   109.10913957,  60.2672871 ,  34.11819115], [ -91.53627952,  33.29340966,  44.84164857,  78.94555667,  63.25932093,    29.67408465,  26.75432943,  34.85412499,  32.42391144,  39.11476922,    60.2672871 ,  97.56371382,  63.70176958], [ -23.16376744,  26.86002669,  44.37468283,  51.17836838,  54.49287052,    33.68334459,  30.33678037,  35.30617842,  39.07331898,  40.78394778,    34.11819115,  63.70176958,  92.77644901]]
