/root/sim/music/out/尾崎豊/回帰線/06_存在.mp3; [-597.1812   ,  96.23332  ,  -2.7759137,  30.341211 ,   3.7370975,    4.673845 ,   8.621249 ,  11.555638 ,  -5.278598 ,   2.433977 ,   -1.4761171,  -5.845704 ,  -1.8321667]; [[11313.0676059 ,  204.91025173, -497.69097024,   50.44680615,   -193.86328885,   38.93165126,  150.27665958,  152.28288628,      4.36489324,  122.40953938,   23.86090032,  -69.98665644,    -51.81427203], [  204.91025173,  911.7671155 ,   86.23541908,  -76.23488553,    -24.85982716,  -89.10536295,   84.61064388,   16.98918455,   -104.10353226,   30.84566301,   12.08315372,   31.43684729,     28.45172004], [ -497.69097024,   86.23541908,  674.35486977,  347.21527747,    158.21463627,   51.0131754 ,  -88.95571524,  -16.87002275,     14.99862537,  -78.300404  ,   18.67932147,   32.43961854,     43.10329677], [   50.44680615,  -76.23488553,  347.21527747,  625.91819401,    246.62577064,   96.39912353, -129.11113078,  -44.43345038,     54.02661361,  -72.80365547,  -23.9478718 ,    0.00482024,     19.63397649], [ -193.86328885,  -24.85982716,  158.21463627,  246.62577064,    331.23053292,  102.16600477, -121.45399511,  -35.47518009,     53.81363962,  -35.38597119,   -0.05526829,    3.93619101,     18.98069236], [   38.93165126,  -89.10536295,   51.0131754 ,   96.39912353,    102.16600477,  295.0856954 ,  108.91154875,   24.75050977,     78.25640276,   -1.02242645,   27.40460092,    4.60058037,    -35.27947776], [  150.27665958,   84.61064388,  -88.95571524, -129.11113078,   -121.45399511,  108.91154875,  375.28387321,   98.83615495,     -1.73891762,   65.10821756,   30.44330052,   11.86932825,    -27.58930747], [  152.28288628,   16.98918455,  -16.87002275,  -44.43345038,    -35.47518009,   24.75050977,   98.83615495,  149.66089986,     46.77665762,   36.31016786,   12.48535775,    8.52368084,      5.41238117], [    4.36489324, -104.10353226,   14.99862537,   54.02661361,     53.81363962,   78.25640276,   -1.73891762,   46.77665762,    171.16674321,   43.00463737,   21.8159136 ,   16.37258385,     -9.00354487], [  122.40953938,   30.84566301,  -78.300404  ,  -72.80365547,    -35.38597119,   -1.02242645,   65.10821756,   36.31016786,     43.00463737,  136.65462176,   44.05951812,   13.91163685,     -5.50221753], [   23.86090032,   12.08315372,   18.67932147,  -23.9478718 ,     -0.05526829,   27.40460092,   30.44330052,   12.48535775,     21.8159136 ,   44.05951812,   96.46627284,   34.61433388,     -1.69572147], [  -69.98665644,   31.43684729,   32.43961854,    0.00482024,      3.93619101,    4.60058037,   11.86932825,    8.52368084,     16.37258385,   13.91163685,   34.61433388,   94.19109511,     33.20287976], [  -51.81427203,   28.45172004,   43.10329677,   19.63397649,     18.98069236,  -35.27947776,  -27.58930747,    5.41238117,     -9.00354487,   -5.50221753,   -1.69572147,   33.20287976,     99.0913793 ]]
/root/sim/music/out/尾崎豊/回帰線/05_卒業.mp3; [-619.8683   , 107.14663  ,   4.537184 ,  28.837688 ,   6.894886 ,   11.77098  ,  11.869571 ,  10.269499 ,  -1.3851647,   3.0814729,   -1.4650462,  -5.239302 ,  -1.7897645]; [[9462.09050247,-462.78993866,-570.09659967, -25.50759563,-162.16166164,  -101.28696821, 196.01147276,  91.253913  ,  10.72988169, 156.61474074,    80.24959676, -88.63338096,-134.99890787], [-462.78993866, 917.7744702 ,   6.17350053,   4.11238653,  25.42044213,    21.23267646,  55.17045949,  62.45848471,   8.87221259,  22.51979924,    10.81236048,  22.87425063,  39.03340954], [-570.09659967,   6.17350053, 437.99466277, 104.58921575,  87.75662495,    62.07971353,  11.44187336,  -8.63948404,  27.95444268, -15.56515618,    -0.65104571,  22.49082348,  33.1605046 ], [ -25.50759563,   4.11238653, 104.58921575, 365.74977561, 151.94880663,    75.11324806,  -5.33502713,  21.31081965,  52.30045987, -12.63785182,   -12.7252843 ,  12.71925657,  14.40798488], [-162.16166164,  25.42044213,  87.75662495, 151.94880663, 260.09062025,    70.25529909, -16.8455791 ,   6.31106794,  59.25511279,   1.29147663,    14.71465316,  -2.1375115 ,  21.93816196], [-101.28696821,  21.23267646,  62.07971353,  75.11324806,  70.25529909,   182.88489751,  81.46283235,  28.11985254,  32.62562938,  23.81122424,    19.48615445,  -2.25570063, -18.41667989], [ 196.01147276,  55.17045949,  11.44187336,  -5.33502713, -16.8455791 ,    81.46283235, 221.1070073 ,  63.83447644,  33.819439  ,  44.45066376,    31.50461112,   9.53008706, -15.99027055], [  91.253913  ,  62.45848471,  -8.63948404,  21.31081965,   6.31106794,    28.11985254,  63.83447644, 119.25806906,  36.15901391,  23.39902177,     7.38683072,   3.78563009,   0.28725827], [  10.72988169,   8.87221259,  27.95444268,  52.30045987,  59.25511279,    32.62562938,  33.819439  ,  36.15901391, 118.67060438,  35.15454153,    21.31788991,  11.84456604,   1.6529191 ], [ 156.61474074,  22.51979924, -15.56515618, -12.63785182,   1.29147663,    23.81122424,  44.45066376,  23.39902177,  35.15454153, 125.13002743,    50.11455618,  -4.94612636, -15.32363408], [  80.24959676,  10.81236048,  -0.65104571, -12.7252843 ,  14.71465316,    19.48615445,  31.50461112,   7.38683072,  21.31788991,  50.11455618,    97.62264165,  13.93451779,  -1.1719368 ], [ -88.63338096,  22.87425063,  22.49082348,  12.71925657,  -2.1375115 ,    -2.25570063,   9.53008706,   3.78563009,  11.84456604,  -4.94612636,    13.93451779,  83.30741559,  23.01893322], [-134.99890787,  39.03340954,  33.1605046 ,  14.40798488,  21.93816196,   -18.41667989, -15.99027055,   0.28725827,   1.6529191 , -15.32363408,    -1.1719368 ,  23.01893322,  77.74579279]]
/root/sim/music/out/尾崎豊/回帰線/01_Scrambling_Rock'n'Roll.mp3; [-532.4674   ,  78.46992  , -16.134054 ,  24.670534 ,   1.1274303,   13.008522 ,   2.9342148,   9.627421 ,  -2.1488128,   1.8198133,   -2.949557 ,  -2.5928144,  -3.6099439]; [[10865.74715733,  522.23842085, -150.04605214,  357.15688593,    -42.165148  ,  120.60160842,   27.05750116,   86.84779645,    -44.49365064,  -22.18591228,  -50.55370603,  -32.6669209 ,    -43.71305715], [  522.23842085,  499.53026077,  -78.52985521,  -66.59233198,    -31.17527665,   -8.99595674,   50.47527998,   51.63314368,     -6.80078713,   25.19294374,   27.42625029,   27.03107127,     10.63677495], [ -150.04605214,  -78.52985521,  395.15406257,  105.45633578,     33.24035764,   19.11476082,   34.03626878,  -12.75342038,     -1.06335804,  -21.58049135,   -2.88015402,    0.68834424,     25.11331903], [  357.15688593,  -66.59233198,  105.45633578,  294.08701695,    102.78612438,   77.51232088,  -14.66459396,    5.3298703 ,     43.99235416,   -1.48749686,  -13.24255093,  -13.25790175,     16.83371682], [  -42.165148  ,  -31.17527665,   33.24035764,  102.78612438,    228.06637635,   61.28349746,  -17.30146463,   -4.45937663,     50.09361093,   13.16847814,    1.98364346,   -0.90843874,     22.45160307], [  120.60160842,   -8.99595674,   19.11476082,   77.51232088,     61.28349746,  157.29030539,   74.65642922,   38.46954159,     37.7082106 ,   17.20662313,   13.95172864,   10.70423682,     -8.20526716], [   27.05750116,   50.47527998,   34.03626878,  -14.66459396,    -17.30146463,   74.65642922,  218.50874701,   91.54861871,     15.33298454,   39.50653095,   36.48799618,   25.83947664,    -16.15372615], [   86.84779645,   51.63314368,  -12.75342038,    5.3298703 ,     -4.45937663,   38.46954159,   91.54861871,  131.6116609 ,     46.9640333 ,   34.65772989,   21.29784128,   15.5141575 ,     -6.4199441 ], [  -44.49365064,   -6.80078713,   -1.06335804,   43.99235416,     50.09361093,   37.7082106 ,   15.33298454,   46.9640333 ,    112.20575107,   45.47983348,   18.37453061,   11.89851302,     -3.94725611], [  -22.18591228,   25.19294374,  -21.58049135,   -1.48749686,     13.16847814,   17.20662313,   39.50653095,   34.65772989,     45.47983348,   97.09398645,   43.64246063,   11.49526464,    -13.98643166], [  -50.55370603,   27.42625029,   -2.88015402,  -13.24255093,      1.98364346,   13.95172864,   36.48799618,   21.29784128,     18.37453061,   43.64246063,   78.00492928,   36.00557828,     -4.31901587], [  -32.6669209 ,   27.03107127,    0.68834424,  -13.25790175,     -0.90843874,   10.70423682,   25.83947664,   15.5141575 ,     11.89851302,   11.49526464,   36.00557828,   80.23577182,     27.14199587], [  -43.71305715,   10.63677495,   25.11331903,   16.83371682,     22.45160307,   -8.20526716,  -16.15372615,   -6.4199441 ,     -3.94725611,  -13.98643166,   -4.31901587,   27.14199587,     74.75360412]]
/root/sim/music/out/尾崎豊/回帰線/04_ダンスホール.mp3; [-624.5977    , 119.041595  ,  32.301685  ,  32.547596  ,   0.06830745,    7.7264247 ,   9.863253  ,  12.483037  ,  -4.625121  ,   8.52367   ,    4.4687934 ,  -5.204229  ,  -1.473396  ]; [[12463.31776379,  113.25873804, -152.44037087,  120.52680744,    -65.19935791,  -31.46199142,    8.64607387,  160.72115939,    -36.73276937,   -1.48564858,   17.99835396,  -20.27837069,    -85.00211869], [  113.25873804, 1052.60020821,   14.48910356,  -47.15407011,    -93.16493376,   56.88644329,  118.65397151,   59.34983297,    -45.76293869,   56.19510031,    2.88667025,  -43.17189906,     20.84125099], [ -152.44037087,   14.48910356,  515.64043404,  150.60971271,    -26.25938119,    0.90263609,   11.07776409,   -2.42939178,    -23.46309384,    7.55658129,   18.22902268,   -7.40126715,     19.6315119 ], [  120.52680744,  -47.15407011,  150.60971271,  559.47186368,     71.42560746,  -34.01526021,  -66.22429376,   61.52231089,     -1.42225973,   -9.15219262,   -2.19318568,  -21.96603742,     10.84937237], [  -65.19935791,  -93.16493376,  -26.25938119,   71.42560746,    223.14407617,    5.42317776,  -70.42997005,   12.50793925,     31.32772013,  -30.09394603,   -3.01094958,    4.9739837 ,      6.69972775], [  -31.46199142,   56.88644329,    0.90263609,  -34.01526021,      5.42317776,  219.64460722,   44.57496275,  -30.46678123,     51.35856858,  -30.9455575 ,   -8.97389668,    1.41327594,     -7.91295652], [    8.64607387,  118.65397151,   11.07776409,  -66.22429376,    -70.42997005,   44.57496275,  212.64762316,   24.21364722,    -16.3746525 ,   11.88332582,   -5.91159029,   -2.64869345,    -16.84827295], [  160.72115939,   59.34983297,   -2.42939178,   61.52231089,     12.50793925,  -30.46678123,   24.21364722,  161.6447512 ,     -6.34421701,  -18.13007427,   -9.39826952,  -27.39204637,     11.14608885], [  -36.73276937,  -45.76293869,  -23.46309384,   -1.42225973,     31.32772013,   51.35856858,  -16.3746525 ,   -6.34421701,    160.83949152,  -10.08247522,  -31.78580823,   12.93010458,     -8.15581195], [   -1.48564858,   56.19510031,    7.55658129,   -9.15219262,    -30.09394603,  -30.9455575 ,   11.88332582,  -18.13007427,    -10.08247522,  186.38464909,   25.34513253,  -23.57885996,    -30.95931418], [   17.99835396,    2.88667025,   18.22902268,   -2.19318568,     -3.01094958,   -8.97389668,   -5.91159029,   -9.39826952,    -31.78580823,   25.34513253,   96.22190912,   15.33365421,    -10.04949022], [  -20.27837069,  -43.17189906,   -7.40126715,  -21.96603742,      4.9739837 ,    1.41327594,   -2.64869345,  -27.39204637,     12.93010458,  -23.57885996,   15.33365421,   93.29777177,     17.85304936], [  -85.00211869,   20.84125099,   19.6315119 ,   10.84937237,      6.69972775,   -7.91295652,  -16.84827295,   11.14608885,     -8.15581195,  -30.95931418,  -10.04949022,   17.85304936,     86.96484945]]
/root/sim/music/out/尾崎豊/回帰線/02_Bow!.mp3; [-586.5157   , 108.83694  , -14.663749 ,  25.994915 ,   8.805138 ,   11.816523 ,   9.604733 ,   5.9534316,  -3.0914607,   1.9558655,   -1.6735694,  -0.851062 ,  -3.8581145]; [[11425.24415525,  372.44899055,  -30.38009552,  286.37457321,     22.31878498,   87.87949764,  131.51814408,  161.98893208,     28.76060256,   73.90825164,  -46.1454184 ,  -90.71157432,   -108.25388815], [  372.44899055,  972.18814572,  -87.72219184,  -65.46458659,    -46.99027924,  -18.35370528,  107.89392071,   79.13851764,     -8.05652999,   65.91391678,   54.8392487 ,   33.64595456,     23.15766565], [  -30.38009552,  -87.72219184,  515.27952121,  152.0723124 ,     85.87270196,   33.21748658,   36.39000832,   58.79884038,     41.55569824,   -4.57752058,    4.16498306,   20.03108245,     32.51806198], [  286.37457321,  -65.46458659,  152.0723124 ,  414.98807754,    154.20793239,  120.14629685,  -23.47517322,    7.81286839,     72.81877573,   -7.66962747,    0.07728913,    1.34293959,      8.20789624], [   22.31878498,  -46.99027924,   85.87270196,  154.20793239,    313.5170562 ,  100.88525237,  -61.06626374,  -40.22632887,     80.13634717,   -0.36384527,    3.24717048,    3.40656555,     32.47429849], [   87.87949764,  -18.35370528,   33.21748658,  120.14629685,    100.88525237,  190.17697335,   67.86486284,    4.2915736 ,     36.83741783,    7.08301785,   15.83661427,   19.27965332,     -8.68260398], [  131.51814408,  107.89392071,   36.39000832,  -23.47517322,    -61.06626374,   67.86486284,  299.28327956,  115.68553517,    -27.99039657,   59.54623212,   43.92465235,   37.47646668,    -12.36323952], [  161.98893208,   79.13851764,   58.79884038,    7.81286839,    -40.22632887,    4.2915736 ,  115.68553517,  165.30394741,     24.0607733 ,   37.47812383,   23.04570403,   11.62125744,     -0.85203123], [   28.76060256,   -8.05652999,   41.55569824,   72.81877573,     80.13634717,   36.83741783,  -27.99039657,   24.0607733 ,    130.15420219,   30.92196531,    6.17305348,   -2.11471998,     -0.77261902], [   73.90825164,   65.91391678,   -4.57752058,   -7.66962747,     -0.36384527,    7.08301785,   59.54623212,   37.47812383,     30.92196531,  117.81290842,   40.51707492,   10.78013748,     -5.18041809], [  -46.1454184 ,   54.8392487 ,    4.16498306,    0.07728913,      3.24717048,   15.83661427,   43.92465235,   23.04570403,      6.17305348,   40.51707492,   94.53737173,   34.17069772,     -1.45811628], [  -90.71157432,   33.64595456,   20.03108245,    1.34293959,      3.40656555,   19.27965332,   37.47646668,   11.62125744,     -2.11471998,   10.78013748,   34.17069772,   92.02268977,     29.20061511], [ -108.25388815,   23.15766565,   32.51806198,    8.20789624,     32.47429849,   -8.68260398,  -12.36323952,   -0.85203123,     -0.77261902,   -5.18041809,   -1.45811628,   29.20061511,     84.73688762]]
/root/sim/music/out/尾崎豊/街路樹/09_街路樹.mp3; [-745.43933   , 121.48123   ,   8.947614  ,   4.7605433 ,  -6.8932533 ,    6.0721927 ,   2.1445198 ,   9.216108  , -10.967241  ,  -0.65614456,    2.1261873 ,  -2.3495665 ,   0.24522333]; [[22741.54195039,-1907.76730057,  -36.44830845,  809.40122934,   -193.96487468,  117.44498015,  253.74283912,  545.11093204,    188.61917901,  521.3296892 ,  477.50382255,  430.15355871,    -79.55902567], [-1907.76730057, 1440.76575265, -175.48507872,  -60.70716688,     40.55170943,   12.91939104,  -35.61467323,  -54.89297292,    -53.23303412,  -46.16792305,  -65.00094285,  -36.40951884,     52.66357905], [  -36.44830845, -175.48507872,  523.31820927,   -0.85628298,     99.43287873,   42.08851963,  -65.57870612,  -36.69977759,     28.29463578,  -43.97705572,  -48.05579408,  -47.81896133,     38.62509926], [  809.40122934,  -60.70716688,   -0.85628298,  289.75845853,     41.03365542,   53.59908961,   -1.04460836,    3.61147971,     75.49692344,   27.23660727,   15.90971775,   46.64904588,     12.24856256], [ -193.96487468,   40.55170943,   99.43287873,   41.03365542,    172.58384761,   32.90778956,  -38.91971426,  -34.50943904,     46.42321617,  -21.54829289,  -16.77847473,   -8.15922823,     27.2136912 ], [  117.44498015,   12.91939104,   42.08851963,   53.59908961,     32.90778956,  137.00206267,   22.94243819,  -16.57854417,     47.64515646,   -7.10774333,  -14.10842511,   25.10115953,      3.39502801], [  253.74283912,  -35.61467323,  -65.57870612,   -1.04460836,    -38.91971426,   22.94243819,  176.43460396,   53.48657431,      3.15096015,   54.28339725,   30.46192792,   46.5752143 ,    -34.06880498], [  545.11093204,  -54.89297292,  -36.69977759,    3.61147971,    -34.50943904,  -16.57854417,   53.48657431,  128.32502038,     -1.30562986,   50.08964194,   45.8033383 ,   14.10314522,    -12.71137929], [  188.61917901,  -53.23303412,   28.29463578,   75.49692344,     46.42321617,   47.64515646,    3.15096015,   -1.30562986,    135.8918212 ,   27.95660918,    5.86155396,   39.13279343,      3.75019706], [  521.3296892 ,  -46.16792305,  -43.97705572,   27.23660727,    -21.54829289,   -7.10774333,   54.28339725,   50.08964194,     27.95660918,  148.567479  ,   48.58993949,   44.36471628,    -12.84170481], [  477.50382255,  -65.00094285,  -48.05579408,   15.90971775,    -16.77847473,  -14.10842511,   30.46192792,   45.8033383 ,      5.86155396,   48.58993949,  106.95564721,   34.76810346,    -16.07110761], [  430.15355871,  -36.40951884,  -47.81896133,   46.64904588,     -8.15922823,   25.10115953,   46.5752143 ,   14.10314522,     39.13279343,   44.36471628,   34.76810346,  111.50772993,     -0.86899467], [  -79.55902567,   52.66357905,   38.62509926,   12.24856256,     27.2136912 ,    3.39502801,  -34.06880498,  -12.71137929,      3.75019706,  -12.84170481,  -16.07110761,   -0.86899467,     95.08895285]]
/root/sim/music/out/尾崎豊/街路樹/08_理由.mp3; [-790.56067   , 140.98398   ,   5.2111397 ,  22.845036  ,  -8.842345  ,   -4.3813963 ,  -6.0765266 ,   5.5320616 ,  -7.2206054 ,  -1.0529646 ,   -0.23410444,  -6.247115  ,   2.9626086 ]; [[21950.94761156, 1056.47886048, -863.30386364,  -89.32190481,   -526.88258851, -324.25177039, -230.02288706,  383.08789499,   -610.83107619, -138.33543209,   62.98510354, -414.44453888,     54.79821215], [ 1056.47886048, 2271.27013602, -331.37909093,  264.63911973,   -122.00144578,   -3.66624848,  -43.82929344,  -11.05386393,      9.16370103,   28.41093651,  -26.16375742,   49.18305257,     41.94620126], [ -863.30386364, -331.37909093,  720.56640674, -153.28388978,     95.68179334,  -17.67444422,   35.80613758,  -14.00805755,     23.40388092,  -32.99054098,   32.67788378,   -4.75282695,     16.10440978], [  -89.32190481,  264.63911973, -153.28388978,  432.46972572,     72.15344211,   89.58081855,  -47.92064831,  -53.28437911,     51.40349811,  -31.7040357 ,  -44.75384098,   -3.92724012,    -13.06786312], [ -526.88258851, -122.00144578,   95.68179334,   72.15344211,    226.61623321,   50.80783879,   -4.48994642,  -46.87421246,     54.21215475,  -22.57732457,    3.85188081,  -17.14683643,     -5.34635128], [ -324.25177039,   -3.66624848,  -17.67444422,   89.58081855,     50.80783879,  147.80897688,   24.57566038,  -19.4042786 ,     38.59992404,   -1.64119527,  -16.42435002,   18.30306708,    -19.32658253], [ -230.02288706,  -43.82929344,   35.80613758,  -47.92064831,     -4.48994642,   24.57566038,  153.91974931,   55.52275729,    -12.06327918,   36.61264672,    4.52714204,   24.72389296,     -7.1344015 ], [  383.08789499,  -11.05386393,  -14.00805755,  -53.28437911,    -46.87421246,  -19.4042786 ,   55.52275729,  139.4477585 ,    -31.01916773,   32.71179813,   32.90034524,   -3.11799236,     11.27114951], [ -610.83107619,    9.16370103,   23.40388092,   51.40349811,     54.21215475,   38.59992404,  -12.06327918,  -31.01916773,    131.73853794,   17.81547148,  -16.09039252,   19.82710857,     -7.36878983], [ -138.33543209,   28.41093651,  -32.99054098,  -31.7040357 ,    -22.57732457,   -1.64119527,   36.61264672,   32.71179813,     17.81547148,  130.03534863,   25.8868104 ,   22.08563202,     -5.57190841], [   62.98510354,  -26.16375742,   32.67788378,  -44.75384098,      3.85188081,  -16.42435002,    4.52714204,   32.90034524,    -16.09039252,   25.8868104 ,  104.19070763,    0.72463513,     12.06344627], [ -414.44453888,   49.18305257,   -4.75282695,   -3.92724012,    -17.14683643,   18.30306708,   24.72389296,   -3.11799236,     19.82710857,   22.08563202,    0.72463513,  109.57774821,     17.32277322], [   54.79821215,   41.94620126,   16.10440978,  -13.06786312,     -5.34635128,  -19.32658253,   -7.1344015 ,   11.27114951,     -7.36878983,   -5.57190841,   12.06344627,   17.32277322,     82.82935561]]
/root/sim/music/out/尾崎豊/街路樹/05_COLD_WIND.mp3; [-666.1232    ,  80.13792   ,  12.2289505 ,  25.496506  ,   0.39236185,   11.170689  ,   4.512026  ,   9.588076  ,  -0.71089625,   4.6048474 ,   -2.427703  ,  -3.7690277 ,  -4.254432  ]; [[15086.99277423, -258.27073258, -243.10180185, -142.80932047,    212.96840162,  406.82940356,  123.46240472,  434.15314009,     67.98353145,  284.82287991,  144.71761454,  189.60437224,    218.9743792 ], [ -258.27073258,  859.57274013,  -38.06484888,  250.53846196,    -32.50594729,    3.61261074,   55.42884366,   13.58399861,     37.01468707,   25.76179248,   19.28663636,  -45.66585217,    -85.42750089], [ -243.10180185,  -38.06484888,  590.30245235,   80.55879482,    185.21349383,  108.61982783,   26.4042552 ,   50.49833378,     33.51643093,  -15.31353616,    6.18570307,   12.74243655,      9.96711837], [ -142.80932047,  250.53846196,   80.55879482,  348.37636916,     75.95691693,   29.82870608,   -5.43266328,   -8.33329672,     60.36239968,   15.13129987,   -8.94064476,  -21.63440258,      4.32226087], [  212.96840162,  -32.50594729,  185.21349383,   75.95691693,    276.94125982,   96.3483614 ,   20.69723425,   33.05274154,     21.13184288,   26.71868644,    2.03120868,    5.69743832,     26.33223921], [  406.82940356,    3.61261074,  108.61982783,   29.82870608,     96.3483614 ,  151.86543057,   58.81469045,   51.09263786,     23.49828425,    2.29275446,   17.10457537,   19.6889909 ,      9.81424606], [  123.46240472,   55.42884366,   26.4042552 ,   -5.43266328,     20.69723425,   58.81469045,  173.37531107,   51.63724324,     16.21464184,   14.59774146,   32.62634444,   -1.5613255 ,    -26.38576347], [  434.15314009,   13.58399861,   50.49833378,   -8.33329672,     33.05274154,   51.09263786,   51.63724324,  113.65690238,     19.669942  ,   22.96002946,   24.55475289,    8.03795808,     -2.22711029], [   67.98353145,   37.01468707,   33.51643093,   60.36239968,     21.13184288,   23.49828425,   16.21464184,   19.669942  ,    128.12115617,   35.64554553,    9.80616802,   -5.88408648,     -8.12823652], [  284.82287991,   25.76179248,  -15.31353616,   15.13129987,     26.71868644,    2.29275446,   14.59774146,   22.96002946,     35.64554553,   88.26576371,   26.7322442 ,   -2.7366471 ,    -11.27214923], [  144.71761454,   19.28663636,    6.18570307,   -8.94064476,      2.03120868,   17.10457537,   32.62634444,   24.55475289,      9.80616802,   26.7322442 ,   76.47008996,   22.54172945,     -6.57161194], [  189.60437224,  -45.66585217,   12.74243655,  -21.63440258,      5.69743832,   19.6889909 ,   -1.5613255 ,    8.03795808,     -5.88408648,   -2.7366471 ,   22.54172945,   72.59363444,     34.85161828], [  218.9743792 ,  -85.42750089,    9.96711837,    4.32226087,     26.33223921,    9.81424606,  -26.38576347,   -2.22711029,     -8.12823652,  -11.27214923,   -6.57161194,   34.85161828,     87.53572479]]
/root/sim/music/out/尾崎豊/街路樹/02_・ISM.mp3; [-641.4477    ,  75.112144  ,   1.852305  ,  24.891611  ,  -0.17852806,    9.776778  ,   0.16890119,   1.6046118 ,  -4.648888  ,  -1.3920567 ,   -3.5899336 ,  -2.6658063 ,  -2.4768417 ]; [[12023.27732223,  324.79221755,  -11.50781065,  -31.39341725,   -115.32974735,  101.56812557,   69.43085106,   60.81899025,   -157.67332585,   -5.51366794,  -89.60055427,  -96.38574073,    -85.7077833 ], [  324.79221755,  794.13681433,   87.3315064 ,  242.92971258,     93.82198545,  119.75235919,   86.98310921,   58.77454568,     27.07068484,   24.68680658,   15.08434845,    1.45848422,    -27.47193589], [  -11.50781065,   87.3315064 ,  499.60001112,   63.62389162,    145.03920957,   62.44216384,   58.87860646,   39.99994954,     26.53930453,  -18.31946371,   23.02797595,  -11.81810201,     12.11670479], [  -31.39341725,  242.92971258,   63.62389162,  343.42531635,    135.47180212,  106.76387071,   33.24594436,   12.92869137,     58.7378995 ,    0.41871111,   -4.46395902,   12.30168513,     27.14720615], [ -115.32974735,   93.82198545,  145.03920957,  135.47180212,    213.20449361,   94.57468622,   45.63615168,   18.09315197,     50.80046686,   19.25948019,   11.85161736,   -3.70025876,     15.98786498], [  101.56812557,  119.75235919,   62.44216384,  106.76387071,     94.57468622,  143.18363543,   87.46460942,   46.70280586,     26.99446248,   20.54842061,    0.6114779 ,    1.63593808,     -3.25602771], [   69.43085106,   86.98310921,   58.87860646,   33.24594436,     45.63615168,   87.46460942,  172.41790712,   70.85686924,     12.71071054,   33.58178686,    8.29310547,    5.8699169 ,     -7.16168779], [   60.81899025,   58.77454568,   39.99994954,   12.92869137,     18.09315197,   46.70280586,   70.85686924,   97.51326842,     30.88450481,   31.51443888,   13.53286397,    5.97255217,     -7.01763193], [ -157.67332585,   27.07068484,   26.53930453,   58.7378995 ,     50.80046686,   26.99446248,   12.71071054,   30.88450481,     89.7764889 ,   38.30594479,   18.72399418,    7.44860691,      7.17558445], [   -5.51366794,   24.68680658,  -18.31946371,    0.41871111,     19.25948019,   20.54842061,   33.58178686,   31.51443888,     38.30594479,   92.99044308,   41.91614513,   14.0517788 ,    -10.2255823 ], [  -89.60055427,   15.08434845,   23.02797595,   -4.46395902,     11.85161736,    0.6114779 ,    8.29310547,   13.53286397,     18.72399418,   41.91614513,   81.40951863,   37.95988755,      9.78783218], [  -96.38574073,    1.45848422,  -11.81810201,   12.30168513,     -3.70025876,    1.63593808,    5.8699169 ,    5.97255217,      7.44860691,   14.0517788 ,   37.95988755,   70.46017029,     32.76075854], [  -85.7077833 ,  -27.47193589,   12.11670479,   27.14720615,     15.98786498,   -3.25602771,   -7.16168779,   -7.01763193,      7.17558445,  -10.2255823 ,    9.78783218,   32.76075854,     76.18695106]]
/root/sim/music/out/尾崎豊/街路樹/07_遠い空.mp3; [-678.5925   ,  78.199554 ,  -3.7948701,  26.83941  ,   5.878216 ,   17.42457  ,   6.838832 ,   9.632698 ,  -1.1592827,   5.374757 ,    3.856807 ,  -0.4215768,   2.4847438]; [[17153.75538383,  471.71129455,  208.67983704,  335.21068809,    -64.61534452,  204.15495334, -104.43479064,   82.14851391,   -147.97894342,    1.72413996,   77.18782294,   -9.6833774 ,      9.34631089], [  471.71129455,  747.0026586 ,  -48.92929743,  113.72110015,     44.60233798,   54.95735633,  117.5451019 ,   73.4629959 ,     33.03038438,  105.19817811,   39.36796292,   34.52135791,     18.50260801], [  208.67983704,  -48.92929743,  425.94328733,   80.27078211,     78.24103872,   33.8307352 ,   13.81256762,   49.73465574,     13.83469842,    4.58751381,   -1.89237978,  -10.42347463,     12.09321895], [  335.21068809,  113.72110015,   80.27078211,  242.50850228,     85.32784347,   57.20840743,    9.39442417,   54.31164028,     58.33816297,   11.52880498,   -2.59056793,    6.83652305,     20.72494224], [  -64.61534452,   44.60233798,   78.24103872,   85.32784347,    182.4327694 ,   67.3344228 ,   16.57842481,   29.27124014,     59.58318725,   13.47415239,    1.49001627,    4.41524816,     16.19102606], [  204.15495334,   54.95735633,   33.8307352 ,   57.20840743,     67.3344228 ,  202.80103772,  109.51290746,   34.08746407,     50.22241981,   -5.31836025,   25.225649  ,   25.86176268,      6.82754366], [ -104.43479064,  117.5451019 ,   13.81256762,    9.39442417,     16.57842481,  109.51290746,  247.05190355,   72.72415617,     15.06096812,   37.36656278,   52.88241504,   35.49578894,      3.64197615], [   82.14851391,   73.4629959 ,   49.73465574,   54.31164028,     29.27124014,   34.08746407,   72.72415617,  118.93525884,     33.95623175,   41.388617  ,   19.57465238,   11.17591415,     10.84288504], [ -147.97894342,   33.03038438,   13.83469842,   58.33816297,     59.58318725,   50.22241981,   15.06096812,   33.95623175,    136.67073651,   30.68092252,   -7.24816863,    9.70530528,      2.99685847], [    1.72413996,  105.19817811,    4.58751381,   11.52880498,     13.47415239,   -5.31836025,   37.36656278,   41.388617  ,     30.68092252,  128.1740092 ,   33.03476986,    4.33263502,    -10.74828529], [   77.18782294,   39.36796292,   -1.89237978,   -2.59056793,      1.49001627,   25.225649  ,   52.88241504,   19.57465238,     -7.24816863,   33.03476986,   89.70369087,   28.32320463,      0.23500126], [   -9.6833774 ,   34.52135791,  -10.42347463,    6.83652305,      4.41524816,   25.86176268,   35.49578894,   11.17591415,      9.70530528,    4.33263502,   28.32320463,   77.53971502,     28.54394456], [    9.34631089,   18.50260801,   12.09321895,   20.72494224,     16.19102606,    6.82754366,    3.64197615,   10.84288504,      2.99685847,  -10.74828529,    0.23500126,   28.54394456,     73.18512383]]
/root/sim/music/out/尾崎豊/街路樹/04_時.mp3; [-727.5587    , 110.71092   ,  15.308089  ,  25.253855  ,  -8.895797  ,    5.3552566 ,   5.5273137 ,   8.176116  ,  -1.1192886 ,   4.5369287 ,    3.676464  ,  -0.58989483,   0.20249821]; [[17786.38333716,  -99.32945185, -469.02909326,   74.32384221,   -299.68295939,    3.19990195,   47.86586165,  -65.55735419,   -233.20972667,   55.76109314,   17.58305813,   84.51867878,    -60.58438773], [  -99.32945185, 1166.01016053, -151.37826061,   -3.52669119,    -46.74950937,  -32.39778999,   57.80653837,   83.65205515,      8.42242277,   84.01734676,   69.28677724,   32.25613683,     30.24057925], [ -469.02909326, -151.37826061,  511.79342378,  107.67459825,    135.73416942,   60.20619374,    6.40390455,   32.99420827,     21.58658147,  -71.35853808,   -5.35033269,  -15.66809211,     37.15382125], [   74.32384221,   -3.52669119,  107.67459825,  332.9019415 ,    135.5126775 ,   70.35885677,  -64.69743467,   16.72281748,     41.74976912,  -58.61528701,  -23.20258339,   -7.89529378,     20.08670775], [ -299.68295939,  -46.74950937,  135.73416942,  135.5126775 ,    258.6382552 ,   74.25096645,  -29.1844365 ,    4.04523195,     40.96417358,  -42.76344556,   -3.3382293 ,  -10.08304017,     30.61062469], [    3.19990195,  -32.39778999,   60.20619374,   70.35885677,     74.25096645,  176.36240565,   49.73800214,   -2.06487267,     47.03110663,   -1.75410829,  -16.40015932,   10.48442481,     -3.72771468], [   47.86586165,   57.80653837,    6.40390455,  -64.69743467,    -29.1844365 ,   49.73800214,  215.46151014,   48.57754082,     -4.7764719 ,   60.14458094,   20.5925716 ,    9.62080658,    -27.33357473], [  -65.55735419,   83.65205515,   32.99420827,   16.72281748,      4.04523195,   -2.06487267,   48.57754082,  127.73565611,     12.26246469,   11.34606156,   21.82887262,   -1.17151332,     15.95289605], [ -233.20972667,    8.42242277,   21.58658147,   41.74976912,     40.96417358,   47.03110663,   -4.7764719 ,   12.26246469,    124.26154343,   25.93138181,   -9.63434487,    9.80385064,      1.47477023], [   55.76109314,   84.01734676,  -71.35853808,  -58.61528701,    -42.76344556,   -1.75410829,   60.14458094,   11.34606156,     25.93138181,  156.39394573,   56.58514956,   16.6078149 ,    -21.39514514], [   17.58305813,   69.28677724,   -5.35033269,  -23.20258339,     -3.3382293 ,  -16.40015932,   20.5925716 ,   21.82887262,     -9.63434487,   56.58514956,   99.18330164,   24.19835161,      5.39056496], [   84.51867878,   32.25613683,  -15.66809211,   -7.89529378,    -10.08304017,   10.48442481,    9.62080658,   -1.17151332,      9.80385064,   16.6078149 ,   24.19835161,   85.63660553,     33.99412347], [  -60.58438773,   30.24057925,   37.15382125,   20.08670775,     30.61062469,   -3.72771468,  -27.33357473,   15.95289605,      1.47477023,  -21.39514514,    5.39056496,   33.99412347,     98.05370612]]
/root/sim/music/out/尾崎豊/街路樹/01_核_(CORE).mp3; [-689.5659    , 108.23886   ,   8.29948   ,  26.122488  ,   3.852664  ,    8.883279  ,  -0.8229452 ,   7.516696  ,  -2.7492115 ,   1.5411403 ,    0.39205736,  -3.9756474 ,  -3.3701525 ]; [[15999.25703132,-2053.94424818, -484.93605749,  140.62878276,    -50.10239988,  -64.17436854,  -22.34645786,  192.43323112,    -74.64919226,  138.29055463,  -93.17152394,  194.31303644,     67.02889608], [-2053.94424818, 1543.46872535,  -47.70482697,   73.29120381,      4.78261428,   46.14357317,    8.6753652 ,   18.57274963,    -13.56590637,  -12.01474282,   56.19349579,  -59.8321399 ,    -65.83498739], [ -484.93605749,  -47.70482697,  536.30474088,   -3.91656757,     43.01304944,   -9.49545852,  -14.00432832,    6.45497599,     -6.82634072,  -18.30837879,    1.47259466,   -9.96517127,     32.08272209], [  140.62878276,   73.29120381,   -3.91656757,  376.36799572,    105.11350204,   51.35983992,  -73.17738653,   -2.53177618,     21.52793649,   -3.30099039,   12.55102481,   24.33926023,     -6.22343649], [  -50.10239988,    4.78261428,   43.01304944,  105.11350204,    203.19456752,   36.77742149,  -36.56244988,  -22.89095246,     44.50662933,   -3.62743661,   -6.7731962 ,   13.32835798,      6.59157094], [  -64.17436854,   46.14357317,   -9.49545852,   51.35983992,     36.77742149,  150.37124511,   46.21045055,   -6.64988178,     45.94115643,   -1.23707269,    1.30922456,   29.56867257,      3.34002475], [  -22.34645786,    8.6753652 ,  -14.00432832,  -73.17738653,    -36.56244988,   46.21045055,  196.22414297,   20.47583994,     16.06431914,   17.9248968 ,   12.70681419,   14.68184961,     -0.95354058], [  192.43323112,   18.57274963,    6.45497599,   -2.53177618,    -22.89095246,   -6.64988178,   20.47583994,  146.89684882,     -4.300375  ,   21.45710663,   -0.53145635,  -18.25654466,    -15.12062509], [  -74.64919226,  -13.56590637,   -6.82634072,   21.52793649,     44.50662933,   45.94115643,   16.06431914,   -4.300375  ,    143.06113675,   16.21591685,  -12.46898136,   15.38550075,    -10.13228534], [  138.29055463,  -12.01474282,  -18.30837879,   -3.30099039,     -3.62743661,   -1.23707269,   17.9248968 ,   21.45710663,     16.21591685,  108.17755366,   16.59858749,   -1.85710987,    -22.18401169], [  -93.17152394,   56.19349579,    1.47259466,   12.55102481,     -6.7731962 ,    1.30922456,   12.70681419,   -0.53145635,    -12.46898136,   16.59858749,   91.23830902,   23.15464989,     -1.89189468], [  194.31303644,  -59.8321399 ,   -9.96517127,   24.33926023,     13.32835798,   29.56867257,   14.68184961,  -18.25654466,     15.38550075,   -1.85710987,   23.15464989,  102.65072113,     28.83318503], [   67.02889608,  -65.83498739,   32.08272209,   -6.22343649,      6.59157094,    3.34002475,   -0.95354058,  -15.12062509,    -10.13228534,  -22.18401169,   -1.89189468,   28.83318503,     98.5314667 ]]
/root/sim/music/out/尾崎豊/街路樹/03_LIFE.mp3; [-774.16174   , 121.5813    ,  13.698626  ,  16.168995  ,  -0.9116919 ,    5.751546  ,   1.2777107 ,   6.305496  ,  -2.8499105 ,  -0.04759531,   -4.4215426 ,  -6.6243873 ,  -1.2372242 ]; [[25821.92706968,  526.97276186, -760.46512149,  -82.19706003,   -826.71064388, -588.46000157, -215.08123056,   25.12247076,   -461.88143173, -116.21951894,  -27.65036692, -116.92611795,   -136.50821084], [  526.97276186, 2070.75805154, -355.39405169,   51.89317204,   -122.26428931,   15.0294619 ,   93.31713474,   89.22027952,     59.32482546,  106.44832397,  -78.65756376,    1.10540171,     26.33058851], [ -760.46512149, -355.39405169,  839.23246274,    3.87562846,    205.26839205,   52.23741483,    5.9314513 ,   13.94544709,     25.1984493 ,  -32.22287667,    4.59784416,  -55.86077361,     41.73343308], [  -82.19706003,   51.89317204,    3.87562846,  511.29659611,    158.03493773,  145.10845248,  -23.64140475,  -27.39022753,     85.17701364,    5.862229  ,   -1.23874787,   -1.65823896,     42.69711722], [ -826.71064388, -122.26428931,  205.26839205,  158.03493773,    278.19981939,  119.52491852,  -11.85762739,  -24.72332791,     60.02066528,    5.74693304,   -4.70464044,  -11.1017198 ,     34.67409382], [ -588.46000157,   15.0294619 ,   52.23741483,  145.10845248,    119.52491852,  231.67518732,   34.66388474,   -7.55482028,     75.70495867,   10.74221733,    3.78678026,   19.39581662,     22.28763321], [ -215.08123056,   93.31713474,    5.9314513 ,  -23.64140475,    -11.85762739,   34.66388474,  198.63002831,   56.3540606 ,      7.57959019,   46.08960146,   20.50821198,   25.23332675,     -4.89950335], [   25.12247076,   89.22027952,   13.94544709,  -27.39022753,    -24.72332791,   -7.55482028,   56.3540606 ,  137.50171592,      5.67393948,   24.99102008,    7.22797712,   10.23566802,      2.34736771], [ -461.88143173,   59.32482546,   25.1984493 ,   85.17701364,     60.02066528,   75.70495867,    7.57959019,    5.67393948,    157.9136118 ,   16.03939345,    4.0651598 ,    8.47333969,     24.05714482], [ -116.21951894,  106.44832397,  -32.22287667,    5.862229  ,      5.74693304,   10.74221733,   46.08960146,   24.99102008,     16.03939345,  160.5947789 ,    9.31743981,   32.23540052,      5.52265331], [  -27.65036692,  -78.65756376,    4.59784416,   -1.23874787,     -4.70464044,    3.78678026,   20.50821198,    7.22797712,      4.0651598 ,    9.31743981,  108.2380063 ,   21.03824397,      2.79318238], [ -116.92611795,    1.10540171,  -55.86077361,   -1.65823896,    -11.1017198 ,   19.39581662,   25.23332675,   10.23566802,      8.47333969,   32.23540052,   21.03824397,  105.53398459,     22.18785324], [ -136.50821084,   26.33058851,   41.73343308,   42.69711722,     34.67409382,   22.28763321,   -4.89950335,    2.34736771,     24.05714482,    5.52265331,    2.79318238,   22.18785324,     88.58973765]]
