/root/sim/music/out/井上陽水/GOLDEN_BEST_[Disc_2]/04_娘がねじれる時.mp3; [-615.6879    , 115.29318   , -29.239616  ,  32.35105   ,   9.050849  ,    6.6864347 ,  -6.9493084 ,   0.38818705,  -7.8034906 ,   0.27809557,    0.24375367,  -1.9130496 ,  -3.6862085 ]; [[18540.21604185,  648.22281939,-1020.31363845,  320.48252393,    250.62331644,  107.54965272, -121.77509922,  356.99446097,    -69.84438922,  -10.88303367,    0.87347986, -112.00440688,   -190.8720286 ], [  648.22281939, 1949.74943301, -488.3950161 ,   27.54214989,    166.99049528, -160.91078382,  -16.11205937,  102.82437166,     -5.1868    ,   68.89464222,  -18.28965915,    6.48103029,      4.52462874], [-1020.31363845, -488.3950161 ,  981.91184508,  112.24450869,    -66.44272837,  189.22392645,  115.44917866,  -95.60283298,     68.69039624,  -10.5803132 ,    5.38546633,   13.70682673,     10.32322048], [  320.48252393,   27.54214989,  112.24450869,  462.31469149,    102.14283786,  111.29393044,    2.43336118,   24.60631383,     58.32895839,    2.6785666 ,  -54.96399192,   -0.67718862,     24.5121616 ], [  250.62331644,  166.99049528,  -66.44272837,  102.14283786,    350.02728992,   11.54685756,  -14.8035878 ,   97.25529941,     56.23544017,   26.69768085,  -15.71503938,  -21.3603445 ,    -15.85811993], [  107.54965272, -160.91078382,  189.22392645,  111.29393044,     11.54685756,  341.86198928,  127.82446806,  -46.51876873,     36.77208383,   29.23621337,  -14.86358066,   -1.87543903,     18.27892934], [ -121.77509922,  -16.11205937,  115.44917866,    2.43336118,    -14.8035878 ,  127.82446806,  207.57843588,   36.43937865,     18.44612997,   25.54701098,   25.54365593,   11.66512106,      0.98044969], [  356.99446097,  102.82437166,  -95.60283298,   24.60631383,     97.25529941,  -46.51876873,   36.43937865,  212.08205693,     52.28081864,    3.37244244,    8.79684444,   -7.1370993 ,    -10.32710198], [  -69.84438922,   -5.1868    ,   68.69039624,   58.32895839,     56.23544017,   36.77208383,   18.44612997,   52.28081864,    127.95711505,   42.15181213,  -11.45484441,   -8.91161125,      4.97556571], [  -10.88303367,   68.89464222,  -10.5803132 ,    2.6785666 ,     26.69768085,   29.23621337,   25.54701098,    3.37244244,     42.15181213,  110.3414783 ,   36.52897311,   -2.4350715 ,      1.12761263], [    0.87347986,  -18.28965915,    5.38546633,  -54.96399192,    -15.71503938,  -14.86358066,   25.54365593,    8.79684444,    -11.45484441,   36.52897311,  121.34855132,   33.39789451,     -8.5987046 ], [ -112.00440688,    6.48103029,   13.70682673,   -0.67718862,    -21.3603445 ,   -1.87543903,   11.66512106,   -7.1370993 ,     -8.91161125,   -2.4350715 ,   33.39789451,   91.90577326,     25.86854489], [ -190.8720286 ,    4.52462874,   10.32322048,   24.5121616 ,    -15.85811993,   18.27892934,    0.98044969,  -10.32710198,      4.97556571,    1.12761263,   -8.5987046 ,   25.86854489,     87.80603285]]
/root/sim/music/out/井上陽水/GOLDEN_BEST_[Disc_2]/14_Just_Fit.mp3; [-554.74756   , 110.07183   , -21.144527  ,  28.012106  ,  11.920121  ,   12.993619  ,   1.1121589 ,   9.836711  ,   5.951028  ,   2.2283852 ,   -0.41329417,  -1.2710221 ,  -4.47243   ]; [[12396.15331237,  125.83902323, -208.10173382,  306.25129138,    249.34812019,  480.65482985,  218.45568511,   82.32245588,     15.01173906,  -53.70351624, -158.50807623, -163.44122109,   -144.21778191], [  125.83902323,  861.90638511, -312.55583201,  -14.83043234,     46.76223589,  -37.58485169,    1.10725705,   57.63275738,      4.99963115,  -23.62569493,   40.58345932,   22.4006279 ,      3.18788006], [ -208.10173382, -312.55583201,  818.47697662,   44.87952401,     55.6515073 ,   38.48494148,   45.34150434,  -41.1291889 ,     18.04974931,   10.5128805 ,   11.886725  ,   27.74034864,     12.5014751 ], [  306.25129138,  -14.83043234,   44.87952401,  330.28413684,    123.61782338,    5.1274681 ,  -39.39104034,    2.72821281,     18.51023033,    0.81087769,  -29.11060871,   -8.93463806,     26.55242197], [  249.34812019,   46.76223589,   55.6515073 ,  123.61782338,    301.13243676,   43.87372966,    8.032689  ,   62.43782356,     11.21240533,  -28.09093674,   23.83123996,   31.05741485,      5.6615042 ], [  480.65482985,  -37.58485169,   38.48494148,    5.1274681 ,     43.87372966,  149.02859308,   83.63067709,   17.21399091,     -9.06316937,   -4.20981157,   -4.40861797,   -9.19811919,     -4.90389789], [  218.45568511,    1.10725705,   45.34150434,  -39.39104034,      8.032689  ,   83.63067709,  156.86639361,   44.72777582,      4.32707935,   -0.00237518,  -11.11629653,   -3.58492859,      1.6612152 ], [   82.32245588,   57.63275738,  -41.1291889 ,    2.72821281,     62.43782356,   17.21399091,   44.72777582,  114.69708116,     20.48519726,  -20.17159398,    8.35408737,   17.79997118,      2.1348879 ], [   15.01173906,    4.99963115,   18.04974931,   18.51023033,     11.21240533,   -9.06316937,    4.32707935,   20.48519726,     93.42293801,   40.4883398 ,  -10.60227042,  -13.56590191,      3.75422626], [  -53.70351624,  -23.62569493,   10.5128805 ,    0.81087769,    -28.09093674,   -4.20981157,   -0.00237518,  -20.17159398,     40.4883398 ,  103.57128658,   28.37525228,  -17.02739525,     -6.0979437 ], [ -158.50807623,   40.58345932,   11.886725  ,  -29.11060871,     23.83123996,   -4.40861797,  -11.11629653,    8.35408737,    -10.60227042,   28.37525228,  121.96810391,   41.83773959,    -14.60986169], [ -163.44122109,   22.4006279 ,   27.74034864,   -8.93463806,     31.05741485,   -9.19811919,   -3.58492859,   17.79997118,    -13.56590191,  -17.02739525,   41.83773959,   83.38692949,     25.55691422], [ -144.21778191,    3.18788006,   12.5014751 ,   26.55242197,      5.6615042 ,   -4.90389789,    1.6612152 ,    2.1348879 ,      3.75422626,   -6.0979437 ,  -14.60986169,   25.55691422,     69.2052918 ]]
/root/sim/music/out/井上陽水/GOLDEN_BEST_[Disc_2]/09_夏の終わりのハーモニー.mp3; [-629.6109    , 127.38242   ,  -3.9339619 ,  20.468168  ,   0.15861751,    5.5638123 ,  -0.56041354,   7.8374057 ,  -0.44867924,   0.5829927 ,    4.813954  ,  -0.00079243,   1.3107115 ]; [[19068.99163551,  627.55894977, -280.30795732, -356.84991104,   -225.57267848, -259.2459375 , -192.62254663,  119.98430845,    -18.72045237,  -52.64981225,  287.15684332,  192.66120638,   -339.77774012], [  627.55894977, 1682.08902893,  -50.08657015,  100.70565995,    166.23275493,   26.24312929,   17.90521666,  -39.7824567 ,    -73.32278891,  -15.83243143,   59.65791008,  -75.50172625,    -86.84309283], [ -280.30795732,  -50.08657015,  465.45488638,   52.46022311,     87.69302915,   68.86319485,   53.5615827 ,  -34.23295225,     -8.18525833,   21.57846189,  -32.95383735,  -33.9748077 ,     -6.60562383], [ -356.84991104,  100.70565995,   52.46022311,  407.00844874,    191.46551205,   52.52214365,  -61.25209042,  -64.78432026,     63.67356232,   23.14390686,  -93.92917482,   -0.69198736,     50.54812484], [ -225.57267848,  166.23275493,   87.69302915,  191.46551205,    329.30036019,   41.98236079,  -57.13264845,  -53.61610091,     26.73796753,   -4.49495126,  -61.43788216,  -74.37678404,    -28.11556477], [ -259.2459375 ,   26.24312929,   68.86319485,   52.52214365,     41.98236079,  129.5661224 ,   58.23954144,    5.21390128,      4.04426537,   21.25380101,   -8.30496022,  -11.18081483,      0.9468531 ], [ -192.62254663,   17.90521666,   53.5615827 ,  -61.25209042,    -57.13264845,   58.23954144,  200.5591666 ,   83.33349946,     -6.97917529,   17.34234841,   15.61541021,   -6.25090694,     -7.21227271], [  119.98430845,  -39.7824567 ,  -34.23295225,  -64.78432026,    -53.61610091,    5.21390128,   83.33349946,  146.0652187 ,     32.60333634,    5.38689875,   23.86617025,   -2.30742872,      5.83025307], [  -18.72045237,  -73.32278891,   -8.18525833,   63.67356232,     26.73796753,    4.04426537,   -6.97917529,   32.60333634,    115.85057933,   29.97407494,  -23.59360096,   10.9514944 ,     35.43831261], [  -52.64981225,  -15.83243143,   21.57846189,   23.14390686,     -4.49495126,   21.25380101,   17.34234841,    5.38689875,     29.97407494,   87.60070232,   21.97335254,   19.75799392,     14.03243665], [  287.15684332,   59.65791008,  -32.95383735,  -93.92917482,    -61.43788216,   -8.30496022,   15.61541021,   23.86617025,    -23.59360096,   21.97335254,  143.84117673,   57.74348194,     -8.143132  ], [  192.66120638,  -75.50172625,  -33.9748077 ,   -0.69198736,    -74.37678404,  -11.18081483,   -6.25090694,   -2.30742872,     10.9514944 ,   19.75799392,   57.74348194,  143.79623076,     60.97818676], [ -339.77774012,  -86.84309283,   -6.60562383,   50.54812484,    -28.11556477,    0.9468531 ,   -7.21227271,    5.83025307,     35.43831261,   14.03243665,   -8.143132  ,   60.97818676,    126.19416771]]
/root/sim/music/out/井上陽水/GOLDEN_BEST_[Disc_2]/01_とまどうペリカン.mp3; [-642.3821    , 140.99962   , -11.149395  ,  18.091204  ,   7.2732425 ,    5.760629  ,  -3.2153423 ,   2.7689042 ,  -2.8076591 ,   1.7416756 ,    8.516872  ,   0.07400557,   1.016476  ]; [[18747.20006745, -200.12810522, -688.46946437,    4.92566099,   -362.91049333,  -79.18945803, -223.41847979,  329.12015211,   -133.82218905,  -50.61815368,  374.43494989, -172.11864494,   -157.28112768], [ -200.12810522, 1800.21455833, -165.74372986,  103.68801469,    218.21247669,   11.83093773,   67.3567562 ,  -27.15252248,    -17.81345506,    5.29431915,   -2.74343716,   19.364891  ,     38.17245208], [ -688.46946437, -165.74372986,  745.78651962,   13.7337945 ,     89.74126164,  132.27335988,   45.60300408,  -39.66314121,      4.52161847,  -12.53319998,  -22.65864767,  -21.56324358,     22.41075269], [    4.92566099,  103.68801469,   13.7337945 ,  251.68127634,     74.93922791,   44.17084384,   -4.66900465,  -20.8288672 ,     32.64988172,    8.12895619,  -68.38633996,   27.49330866,     22.57582406], [ -362.91049333,  218.21247669,   89.74126164,   74.93922791,    220.97531145,   51.13766595,   19.12832091,   -7.1963441 ,     19.25927971,   -7.32773368,  -16.54890214,    4.86559895,     20.06726842], [  -79.18945803,   11.83093773,  132.27335988,   44.17084384,     51.13766595,  161.80142097,   56.75910878,   -6.89440672,      9.52050841,    7.37279724,  -30.92334539,   -8.86493854,      3.08601667], [ -223.41847979,   67.3567562 ,   45.60300408,   -4.66900465,     19.12832091,   56.75910878,  147.04026899,   30.19192547,      2.18223916,    9.14733456,    0.69635635,    4.28836339,      5.42823941], [  329.12015211,  -27.15252248,  -39.66314121,  -20.8288672 ,     -7.1963441 ,   -6.89440672,   30.19192547,  114.68940476,     22.72204224,    6.72625738,   51.77369587,   -9.59794243,    -19.85629777], [ -133.82218905,  -17.81345506,    4.52161847,   32.64988172,     19.25927971,    9.52050841,    2.18223916,   22.72204224,     96.65544931,   37.14249507,  -15.1895444 ,   11.19065473,      0.67005812], [  -50.61815368,    5.29431915,  -12.53319998,    8.12895619,     -7.32773368,    7.37279724,    9.14733456,    6.72625738,     37.14249507,   83.42080136,   16.96846214,    8.7084659 ,     -4.3694024 ], [  374.43494989,   -2.74343716,  -22.65864767,  -68.38633996,    -16.54890214,  -30.92334539,    0.69635635,   51.77369587,    -15.1895444 ,   16.96846214,  146.92962724,    1.43423576,    -26.34590744], [ -172.11864494,   19.364891  ,  -21.56324358,   27.49330866,      4.86559895,   -8.86493854,    4.28836339,   -9.59794243,     11.19065473,    8.7084659 ,    1.43423576,   90.97643795,     34.17112692], [ -157.28112768,   38.17245208,   22.41075269,   22.57582406,     20.06726842,    3.08601667,    5.42823941,  -19.85629777,      0.67005812,   -4.3694024 ,  -26.34590744,   34.17112692,     88.92606878]]
/root/sim/music/out/井上陽水/GOLDEN_BEST_[Disc_2]/08_ワインレッドの心.mp3; [-674.97644  , 161.83862  ,  17.858398 ,  26.405811 ,   2.186066 ,    9.176221 ,  -3.3174021,   1.3616415,   0.5170747,  -0.572423 ,    1.5502568,  -3.9884953,  -5.099071 ]; [[19760.33913939,  347.72658038,-1776.31696584,  -75.00012196,   -432.9196054 ,  203.22973733, -172.79895276,   83.41155464,     57.43217769,  -20.77457726,  272.95296509,  107.92328232,    117.36361618], [  347.72658038, 1361.29438942,  175.26357023,  -26.52767113,     86.41697955,  -49.58340723,    6.36576167,   33.83542819,    -13.56041392,  -32.58549751,  -29.81832421,   -8.89877412,     -5.27852085], [-1776.31696584,  175.26357023,  852.45558289,  168.63721302,     36.37688951,  -29.97593907,   41.45047189,  -27.07013151,     -6.73315489,   -3.97200347,  -12.80486204,  -53.50970482,    -36.39621849], [  -75.00012196,  -26.52767113,  168.63721302,  396.1357746 ,    119.66018747,   60.22449928,   22.30158189,   -1.14543379,     15.45036453,   18.92071402,  -54.70358926,   26.350737  ,     28.17541901], [ -432.9196054 ,   86.41697955,   36.37688951,  119.66018747,    178.89592755,   39.96769149,   14.07728857,   12.17347134,     17.00180015,   17.30731939,  -10.3909181 ,   18.66382083,      5.55217484], [  203.22973733,  -49.58340723,  -29.97593907,   60.22449928,     39.96769149,  137.53558847,   54.62843853,   17.46559529,     12.81277126,   28.22214247,    6.80836105,   14.78127396,     13.70976262], [ -172.79895276,    6.36576167,   41.45047189,   22.30158189,     14.07728857,   54.62843853,  115.03217206,   44.89102311,      0.76102238,   13.290276  ,    5.98293461,    8.98060077,     13.71596349], [   83.41155464,   33.83542819,  -27.07013151,   -1.14543379,     12.17347134,   17.46559529,   44.89102311,  104.5304487 ,     36.60357607,    2.90362345,    5.66165693,    4.55872829,      8.84732463], [   57.43217769,  -13.56041392,   -6.73315489,   15.45036453,     17.00180015,   12.81277126,    0.76102238,   36.60357607,     82.44625664,   28.15905296,    0.17123422,    1.45700708,     -0.69118471], [  -20.77457726,  -32.58549751,   -3.97200347,   18.92071402,     17.30731939,   28.22214247,   13.290276  ,    2.90362345,     28.15905296,   74.24607454,   26.70986372,    5.60045882,     -6.99369046], [  272.95296509,  -29.81832421,  -12.80486204,  -54.70358926,    -10.3909181 ,    6.80836105,    5.98293461,    5.66165693,      0.17123422,   26.70986372,  100.20224707,    8.58484849,    -12.23799733], [  107.92328232,   -8.89877412,  -53.50970482,   26.350737  ,     18.66382083,   14.78127396,    8.98060077,    4.55872829,      1.45700708,    5.60045882,    8.58484849,   77.09299384,     38.02073725], [  117.36361618,   -5.27852085,  -36.39621849,   28.17541901,      5.55217484,   13.70976262,   13.71596349,    8.84732463,     -0.69118471,   -6.99369046,  -12.23799733,   38.02073725,     74.61828328]]
/root/sim/music/out/井上陽水/GOLDEN_BEST_[Disc_2]/13_帰れない二人.mp3; [-624.88275  , 139.65457  ,  -3.088416 ,  19.523174 ,  -1.0268133,   -6.842575 ,   0.1432925,   4.204121 ,  -1.7551684,  -2.1154609,   -1.4938147,  -7.101422 ,  -5.9223337]; [[13881.46889435, -375.14761101, -205.55624433,   -2.03039434,   -114.03401577, -119.29948717,  140.07256276,   43.90015468,   -100.36354042,  -37.4803625 ,  145.76072371,   20.55839393,    -76.06669233], [ -375.14761101, 1725.91459453, -236.86145814,   35.01176119,    -28.60263383, -119.22890269, -106.78709289,   25.73517599,    -19.12456141,   -9.71145253,    9.17954089,  -22.8055175 ,      6.36183415], [ -205.55624433, -236.86145814,  647.15103917,   31.31215581,     73.44504699,  139.15021812,   69.1783335 ,  -21.64631449,      5.14483974,  -27.79211734,  -12.08129186,  -12.36378558,    -19.44256956], [   -2.03039434,   35.01176119,   31.31215581,  340.85085755,    148.09847235,   58.08600455,  -51.20667187,   -2.35153712,     46.79660856,   29.01777107,  -43.55650227,   22.20130094,     21.23191224], [ -114.03401577,  -28.60263383,   73.44504699,  148.09847235,    289.11194411,   90.04446376,  -35.16270606,  -24.11481863,     18.3633265 ,   -4.52224048,  -20.48726939,   -4.54317756,     -5.68524083], [ -119.29948717, -119.22890269,  139.15021812,   58.08600455,     90.04446376,  204.40458194,   83.19312957,   -3.90854376,     18.64276571,    3.04095233,  -29.61981952,    9.48945588,    -15.32435678], [  140.07256276, -106.78709289,   69.1783335 ,  -51.20667187,    -35.16270606,   83.19312957,  203.98699487,   79.54226873,     -0.76342125,   -3.70832438,   15.22214645,  -27.45728539,    -26.98390295], [   43.90015468,   25.73517599,  -21.64631449,   -2.35153712,    -24.11481863,   -3.90854376,   79.54226873,  142.94278878,     41.27429543,    9.19446916,    6.86508442,  -30.22175855,    -18.03190177], [ -100.36354042,  -19.12456141,    5.14483974,   46.79660856,     18.3633265 ,   18.64276571,   -0.76342125,   41.27429543,    141.04357099,   61.97659066,  -27.58054545,    2.13346679,    -19.25923921], [  -37.4803625 ,   -9.71145253,  -27.79211734,   29.01777107,     -4.52224048,    3.04095233,   -3.70832438,    9.19446916,     61.97659066,  119.47128139,   25.16862788,   10.55174474,     -9.42207099], [  145.76072371,    9.17954089,  -12.08129186,  -43.55650227,    -20.48726939,  -29.61981952,   15.22214645,    6.86508442,    -27.58054545,   25.16862788,  119.2479103 ,   27.0841761 ,      2.70517632], [   20.55839393,  -22.8055175 ,  -12.36378558,   22.20130094,     -4.54317756,    9.48945588,  -27.45728539,  -30.22175855,      2.13346679,   10.55174474,   27.0841761 ,  108.09360279,     41.6048719 ], [  -76.06669233,    6.36183415,  -19.44256956,   21.23191224,     -5.68524083,  -15.32435678,  -26.98390295,  -18.03190177,    -19.25923921,   -9.42207099,    2.70517632,   41.6048719 ,     97.36518268]]
/root/sim/music/out/井上陽水/GOLDEN_BEST_[Disc_2]/07_ワカンナイ.mp3; [-625.49713  , 111.63258  , -23.913002 ,  31.442001 ,  18.990673 ,   16.946203 ,   1.7352011,   7.21428  ,  -3.3857975,   1.7084701,    7.53273  ,   2.0169148,  -0.3454772]; [[16557.96906129, -128.66128093, -291.21813893,  465.68527698,     72.27037021,   -4.1406991 ,   97.84573331,  348.62061901,     22.83597515,   41.8810045 ,  107.94790048, -218.63319852,    -96.22774995], [ -128.66128093, 1589.23017213, -459.62155215,   77.31999032,     73.80387834,  -22.98254998,   63.4195541 ,   63.87301379,    -56.51273534,  -22.52743651,    3.31815236,   21.20897141,    -22.45189275], [ -291.21813893, -459.62155215,  807.87248077,  120.90726809,     41.99706742,  199.10511919,   71.14684495,   31.28358918,    104.29215113,  -10.12612632,  -15.64687244,   65.14214129,     84.75805309], [  465.68527698,   77.31999032,  120.90726809,  444.88837784,    145.65910655,   49.6167201 ,  -19.30503988,   48.78304929,     51.35812585,   22.87937322,  -31.21045591,   18.78951512,     61.56228238], [   72.27037021,   73.80387834,   41.99706742,  145.65910655,    225.53793147,   34.87672723,    3.89936732,   28.77659074,     53.91782829,   41.30909245,   25.04303585,    8.05277183,     15.8728679 ], [   -4.1406991 ,  -22.98254998,  199.10511919,   49.6167201 ,     34.87672723,  309.5326921 ,  110.57535331,    1.43345661,     55.56784975,   58.41600397,   -5.0981822 ,   36.15542191,     14.69315892], [   97.84573331,   63.4195541 ,   71.14684495,  -19.30503988,      3.89936732,  110.57535331,  222.49651697,   96.38591305,     28.88441962,   29.89662427,   27.84964812,   -0.14879195,    -11.45696948], [  348.62061901,   63.87301379,   31.28358918,   48.78304929,     28.77659074,    1.43345661,   96.38591305,  182.44438162,     60.61549825,   -4.22033604,   33.51920998,   -6.48232129,     -2.79589883], [   22.83597515,  -56.51273534,  104.29215113,   51.35812585,     53.91782829,   55.56784975,   28.88441962,   60.61549825,    135.11052067,   58.95134197,   13.81086449,    1.78787696,     11.48504615], [   41.8810045 ,  -22.52743651,  -10.12612632,   22.87937322,     41.30909245,   58.41600397,   29.89662427,   -4.22033604,     58.95134197,  137.78347144,   35.23472217,   -5.64398401,     -7.40252763], [  107.94790048,    3.31815236,  -15.64687244,  -31.21045591,     25.04303585,   -5.0981822 ,   27.84964812,   33.51920998,     13.81086449,   35.23472217,  130.39709849,   32.53603892,     -0.96471148], [ -218.63319852,   21.20897141,   65.14214129,   18.78951512,      8.05277183,   36.15542191,   -0.14879195,   -6.48232129,      1.78787696,   -5.64398401,   32.53603892,  128.01790696,     59.45262061], [  -96.22774995,  -22.45189275,   84.75805309,   61.56228238,     15.8728679 ,   14.69315892,  -11.45696948,   -2.79589883,     11.48504615,   -7.40252763,   -0.96471148,   59.45262061,    100.23949299]]
/root/sim/music/out/井上陽水/GOLDEN_BEST_[Disc_2]/06_英雄.mp3; [-624.85846   , 136.81026   ,  10.479088  ,  21.503052  ,  11.804634  ,   11.385915  ,  -0.45522985,   4.634266  ,  -3.4738646 ,   0.4454032 ,    1.6851809 ,  -3.9513896 ,  -8.436673  ]; [[13759.94113724, 1350.11889969, -161.76825789,   56.34248575,    176.943307  ,  106.59967805,  -38.34085937,  123.37714837,    -53.70720438,  -25.89321472,  289.18104173,   79.64399191,   -181.02442912], [ 1350.11889969,  750.23625239,  -13.55093326,   25.20493237,     28.32411183,  -22.04489977,   23.84314262,   56.66284613,    -19.49117602,  -16.87050616,   50.71767814,   19.40588509,    -33.68705207], [ -161.76825789,  -13.55093326,  290.01783412,   57.3062025 ,    -36.44035077,   40.23733784,   41.5419044 ,  -22.56504726,     19.47966206,   39.48898377,  -50.51802034,  -19.54980464,     13.50358567], [   56.34248575,   25.20493237,   57.3062025 ,  146.51811913,     35.96251887,   -1.46126032,  -11.67278493,   -3.23752605,     31.12726925,   14.38919295,  -29.9403007 ,  -12.14278388,      9.3666413 ], [  176.943307  ,   28.32411183,  -36.44035077,   35.96251887,     99.62116075,    4.58434166,  -17.29525546,    5.72946823,     10.57021598,   -7.90913776,   14.49451347,    3.94254071,     -8.1655235 ], [  106.59967805,  -22.04489977,   40.23733784,   -1.46126032,      4.58434166,  103.20858157,   37.02873343,   -2.93553042,     -0.9194025 ,   13.44177504,   -0.38900032,   -7.05366709,     -3.17090557], [  -38.34085937,   23.84314262,   41.5419044 ,  -11.67278493,    -17.29525546,   37.02873343,   92.78820313,   18.49327224,     -8.07174654,    4.27323824,   -3.38582483,    0.72261975,      0.36879415], [  123.37714837,   56.66284613,  -22.56504726,   -3.23752605,      5.72946823,   -2.93553042,   18.49327224,   80.60558525,     21.36146146,   -7.92121716,   18.42791641,    3.55315616,     -7.36661596], [  -53.70720438,  -19.49117602,   19.47966206,   31.12726925,     10.57021598,   -0.9194025 ,   -8.07174654,   21.36146146,     73.60429526,   26.28499353,   -6.87260963,   -3.72492613,      0.25083135], [  -25.89321472,  -16.87050616,   39.48898377,   14.38919295,     -7.90913776,   13.44177504,    4.27323824,   -7.92121716,     26.28499353,   72.78921456,    0.74785786,  -14.66291911,     -2.28082946], [  289.18104173,   50.71767814,  -50.51802034,  -29.9403007 ,     14.49451347,   -0.38900032,   -3.38582483,   18.42791641,     -6.87260963,    0.74785786,  106.64991296,   40.6759281 ,    -16.72352596], [   79.64399191,   19.40588509,  -19.54980464,  -12.14278388,      3.94254071,   -7.05366709,    0.72261975,    3.55315616,     -3.72492613,  -14.66291911,   40.6759281 ,   74.281947  ,     14.89679997], [ -181.02442912,  -33.68705207,   13.50358567,    9.3666413 ,     -8.1655235 ,   -3.17090557,    0.36879415,   -7.36661596,      0.25083135,   -2.28082946,  -16.72352596,   14.89679997,     54.73953368]]
/root/sim/music/out/井上陽水/GOLDEN_BEST_[Disc_2]/03_ダンスはうまく踊れない.mp3; [-659.29694  , 135.36327  , -15.031752 ,  15.727779 ,   7.244396 ,    6.9386125,  -3.4146   ,   6.6669564,  -2.070407 ,  -3.097545 ,    3.2762046,  -3.562956 ,  -3.0753808]; [[29556.35595856, 1497.56523611, -874.69882074, 1180.06256969,   -861.30096638, -494.05063074, -252.61757727,   10.2185924 ,   -603.9608342 ,   81.40867098,  859.20309668, -440.83869928,   -922.4550393 ], [ 1497.56523611, 1757.81393767,  126.37470301, -135.75983908,    169.65296711,  -13.48068643,   -1.31592896,   95.52326075,     16.76252706,  -53.58249558,   55.98004287,  -12.90405968,     15.28793034], [ -874.69882074,  126.37470301,  689.26836531,  221.52125312,      9.43701934,   93.37762758,   50.81158189,  -31.88305295,     20.51625417,   60.64111175,   -2.66925517,   57.44341401,     19.95595223], [ 1180.06256969, -135.75983908,  221.52125312,  706.10875969,     54.4711095 ,   63.7705229 ,  -47.48695312,  -46.25858076,      4.06160186,   68.06133263,  -41.30105669,   61.67893635,    -31.83426158], [ -861.30096638,  169.65296711,    9.43701934,   54.4711095 ,    290.19754104,   84.0270879 ,   -1.12379317,   33.6289898 ,     84.15139185,    3.6255419 ,  -45.26028767,   40.00874613,     72.89296583], [ -494.05063074,  -13.48068643,   93.37762758,   63.7705229 ,     84.0270879 ,  266.56102997,  109.10667576,   35.06471561,     54.79222482,   35.07650705,  -57.1212306 ,   56.3081057 ,     71.67386101], [ -252.61757727,   -1.31592896,   50.81158189,  -47.48695312,     -1.12379317,  109.10667576,  223.61065717,   91.30208874,     25.2558723 ,   32.4674576 ,   43.45432522,   17.56712633,     25.17824347], [   10.2185924 ,   95.52326075,  -31.88305295,  -46.25858076,     33.6289898 ,   35.06471561,   91.30208874,  158.83304867,     54.5694617 ,    9.08992658,   36.85935753,   18.81090016,     37.55121288], [ -603.9608342 ,   16.76252706,   20.51625417,    4.06160186,     84.15139185,   54.79222482,   25.2558723 ,   54.5694617 ,    153.08388153,   54.89897167,  -30.37047106,   31.84597755,     49.51753021], [   81.40867098,  -53.58249558,   60.64111175,   68.06133263,      3.6255419 ,   35.07650705,   32.4674576 ,    9.08992658,     54.89897167,  147.47013115,   64.30880139,    8.79994735,    -25.19566787], [  859.20309668,   55.98004287,   -2.66925517,  -41.30105669,    -45.26028767,  -57.1212306 ,   43.45432522,   36.85935753,    -30.37047106,   64.30880139,  260.45641704,  -23.00822775,    -77.81164447], [ -440.83869928,  -12.90405968,   57.44341401,   61.67893635,     40.00874613,   56.3081057 ,   17.56712633,   18.81090016,     31.84597755,    8.79994735,  -23.00822775,  137.34060784,     91.99921705], [ -922.4550393 ,   15.28793034,   19.95595223,  -31.83426158,     72.89296583,   71.67386101,   25.17824347,   37.55121288,     49.51753021,  -25.19566787,  -77.81164447,   91.99921705,    174.19419811]]
/root/sim/music/out/井上陽水/GOLDEN_BEST_[Disc_2]/16_結詞.mp3; [-751.3699    , 180.60956   ,  11.780799  ,  17.475954  ,  -4.7866654 ,    0.56578535,  -1.0804962 ,   0.02044581,  -6.1392226 ,  -4.7407966 ,    3.1027021 ,  -1.5861127 ,  -1.7403388 ]; [[13662.71419922, 1980.03667441, -408.58022759,  -73.97413476,   -344.13795151, -226.96337941, -105.5859024 ,  252.63620853,   -354.25267981, -496.75195219,  276.19989996, -196.32192278,   -154.57250576], [ 1980.03667441, 1631.56965131,   92.95439518,   64.77074486,     13.83555595,   14.6255471 ,   69.88974178,   47.42794579,    -21.16862034,   17.44700666,   41.36397031,   11.27405972,     38.71304261], [ -408.58022759,   92.95439518,  417.83110961,  113.4657221 ,     42.80183955,   54.25349317,   44.78945368,  -37.21163925,     18.90298449,   40.39149881,  -42.40339585,    3.08610661,     25.78556469], [  -73.97413476,   64.77074486,  113.4657221 ,  310.74311259,    113.10478675,   37.07431716,  -19.39176406,  -12.01733651,     74.98835454,   29.226818  ,  -65.36274583,   11.60271689,     16.60758095], [ -344.13795151,   13.83555595,   42.80183955,  113.10478675,    215.04887464,   62.48184399,  -18.42287474,    4.74391336,     67.85956648,   41.16571194,  -13.42334098,   25.46437572,      4.9013786 ], [ -226.96337941,   14.6255471 ,   54.25349317,   37.07431716,     62.48184399,  140.36129614,   64.8267701 ,   23.20874331,     28.37805773,   44.42777631,   30.14379018,   21.16005468,     11.45280415], [ -105.5859024 ,   69.88974178,   44.78945368,  -19.39176406,    -18.42287474,   64.8267701 ,  184.96706385,   89.76975438,     -4.37210348,   32.70494725,   70.37861688,   15.52199588,     36.16851515], [  252.63620853,   47.42794579,  -37.21163925,  -12.01733651,      4.74391336,   23.20874331,   89.76975438,  155.55840702,     20.0150763 ,    4.76756059,   89.07563019,   10.28994854,     19.56791639], [ -354.25267981,  -21.16862034,   18.90298449,   74.98835454,     67.85956648,   28.37805773,   -4.37210348,   20.0150763 ,    119.25682252,   58.90790628,  -16.65127909,   27.86806744,     14.78850789], [ -496.75195219,   17.44700666,   40.39149881,   29.226818  ,     41.16571194,   44.42777631,   32.70494725,    4.76756059,     58.90790628,  137.84237869,   26.50444211,   19.49249877,     23.05880142], [  276.19989996,   41.36397031,  -42.40339585,  -65.36274583,    -13.42334098,   30.14379018,   70.37861688,   89.07563019,    -16.65127909,   26.50444211,  242.22934861,   33.82734078,      6.80931647], [ -196.32192278,   11.27405972,    3.08610661,   11.60271689,     25.46437572,   21.16005468,   15.52199588,   10.28994854,     27.86806744,   19.49249877,   33.82734078,   96.95226275,     42.84121496], [ -154.57250576,   38.71304261,   25.78556469,   16.60758095,      4.9013786 ,   11.45280415,   36.16851515,   19.56791639,     14.78850789,   23.05880142,    6.80931647,   42.84121496,     96.90800873]]
/root/sim/music/out/井上陽水/GOLDEN_BEST_[Disc_2]/02_カナリア.mp3; [-734.6865   , 138.87852  ,  -2.6830838,   3.9463913,  -1.8246462,   -2.515559 ,  -1.9101032,  -2.171525 ,  -8.999948 ,   2.488853 ,   -2.1685345,  -3.8501186,  -8.866433 ]; [[12990.38412184,  723.0861847 , -903.01138058, -349.9546346 ,   -358.89519092, -117.34130167, -116.05256019,  220.53453312,   -305.95170473,  -55.72598661,   78.7894287 , -138.30533008,   -267.12652983], [  723.0861847 , 1407.59132404, -145.70426704, -119.28241478,    -16.14135072,  -65.41390509,   17.62390549,   19.77087915,     20.63748657,  -17.18299503,   -0.11838039,  -22.9179238 ,    -15.81045601], [ -903.01138058, -145.70426704,  598.34132328,   22.53761732,    106.88630495,   32.4812604 ,   10.94309261,    4.07598105,     30.98071531,   41.45046841,    4.07635391,   42.40385735,     35.8033349 ], [ -349.9546346 , -119.28241478,   22.53761732,  475.58275798,    139.77702742,   31.79383432,  -10.25685886, -110.92330892,     12.74176703,   24.60551381,  -21.19268842,   28.3905849 ,     31.1246328 ], [ -358.89519092,  -16.14135072,  106.88630495,  139.77702742,    242.0733121 ,   35.63741766,    2.54049907,  -40.16311146,     34.91253708,   41.26618637,   -3.73630026,   22.34715265,     22.5196863 ], [ -117.34130167,  -65.41390509,   32.4812604 ,   31.79383432,     35.63741766,  127.43286076,   48.8523314 ,  -24.46287759,     12.95203762,   27.31145235,   -1.48066307,   13.66490563,     11.27354725], [ -116.05256019,   17.62390549,   10.94309261,  -10.25685886,      2.54049907,   48.8523314 ,  207.77668721,   24.35556047,     36.68903304,   83.84010746,  -16.09282581,   16.60805106,     30.54705845], [  220.53453312,   19.77087915,    4.07598105, -110.92330892,    -40.16311146,  -24.46287759,   24.35556047,  154.01998336,     27.59613453,  -15.49799551,   21.70589044,  -11.70396608,    -10.6849628 ], [ -305.95170473,   20.63748657,   30.98071531,   12.74176703,     34.91253708,   12.95203762,   36.68903304,   27.59613453,    139.96610264,   51.90226392,  -23.33108795,   16.84454393,     16.75158705], [  -55.72598661,  -17.18299503,   41.45046841,   24.60551381,     41.26618637,   27.31145235,   83.84010746,  -15.49799551,     51.90226392,  164.39897657,    7.26172687,    9.57985867,     30.54453362], [   78.7894287 ,   -0.11838039,    4.07635391,  -21.19268842,     -3.73630026,   -1.48066307,  -16.09282581,   21.70589044,    -23.33108795,    7.26172687,  124.05545544,   28.22294512,     -9.10136549], [ -138.30533008,  -22.9179238 ,   42.40385735,   28.3905849 ,     22.34715265,   13.66490563,   16.60805106,  -11.70396608,     16.84454393,    9.57985867,   28.22294512,   99.94283547,     27.50257296], [ -267.12652983,  -15.81045601,   35.8033349 ,   31.1246328 ,     22.5196863 ,   11.27354725,   30.54705845,  -10.6849628 ,     16.75158705,   30.54453362,   -9.10136549,   27.50257296,     94.80141767]]
/root/sim/music/out/井上陽水/GOLDEN_BEST_[Disc_2]/12_タイランド_ファンタジア.mp3; [-660.2268    , 162.99117   ,   7.5057106 ,  19.908564  ,  -2.5066392 ,   -1.4090991 , -12.704779  ,  -0.85430294,  -3.609426  ,  -5.2678037 ,    4.2643967 ,  -4.4165473 ,  -4.478695  ]; [[15085.99571986, -837.37586396,  -61.51406696, -117.8123595 ,    366.74074577,  354.56146169, -234.61685468,  579.43631289,    208.71053683, -175.75263452,  691.22334126,  150.98452044,    121.76118744], [ -837.37586396, 2257.86517278, -448.86304253, -103.78764347,   -171.62073513, -211.45761448,   99.91707228, -142.77694345,    -11.76712548,  113.99880817, -308.60487751,   15.70908464,     81.75689194], [  -61.51406696, -448.86304253,  662.03579898,   50.2533668 ,    119.21909475,  118.53757417,   48.28982461,   68.66099304,     14.5304751 ,  -26.56099531,   77.38703057,    6.9129074 ,    -40.81494565], [ -117.8123595 , -103.78764347,   50.2533668 ,  381.02273177,     93.51503612,   69.63435765,   35.98032799,   39.51008299,     95.68784795,   58.93597835,  -27.64106542,   39.51177032,     -1.31624861], [  366.74074577, -171.62073513,  119.21909475,   93.51503612,    291.7779402 ,   64.5236305 ,   28.86197659,   78.43842886,     79.0477225 ,   19.16230104,   46.05023407,   40.81705524,     -3.03254789], [  354.56146169, -211.45761448,  118.53757417,   69.63435765,     64.5236305 ,  194.77073332,   79.92680832,   84.77524472,     45.11609622,   36.03506733,   70.63855292,   20.28757614,     17.91020046], [ -234.61685468,   99.91707228,   48.28982461,   35.98032799,     28.86197659,   79.92680832,  216.06584308,   75.86578094,     45.58206018,   73.75798498,  -15.20787231,   25.7910114 ,     45.50754348], [  579.43631289, -142.77694345,   68.66099304,   39.51008299,     78.43842886,   84.77524472,   75.86578094,  175.49959521,     60.36094251,   12.3547078 ,   78.08702024,   22.95968067,     23.37827591], [  208.71053683,  -11.76712548,   14.5304751 ,   95.68784795,     79.0477225 ,   45.11609622,   45.58206018,   60.36094251,    152.08257759,   68.10967502,  -22.3692614 ,   36.3663376 ,     22.21470789], [ -175.75263452,  113.99880817,  -26.56099531,   58.93597835,     19.16230104,   36.03506733,   73.75798498,   12.3547078 ,     68.10967502,  153.13537706,  -22.44652083,   15.51461628,     23.84187118], [  691.22334126, -308.60487751,   77.38703057,  -27.64106542,     46.05023407,   70.63855292,  -15.20787231,   78.08702024,    -22.3692614 ,  -22.44652083,  232.16506818,    1.46884992,    -14.87678193], [  150.98452044,   15.70908464,    6.9129074 ,   39.51177032,     40.81705524,   20.28757614,   25.7910114 ,   22.95968067,     36.3663376 ,   15.51461628,    1.46884992,  102.81355094,     39.26205755], [  121.76118744,   81.75689194,  -40.81494565,   -1.31624861,     -3.03254789,   17.91020046,   45.50754348,   23.37827591,     22.21470789,   23.84187118,  -14.87678193,   39.26205755,    104.99761662]]
/root/sim/music/out/井上陽水/GOLDEN_BEST_[Disc_2]/15_人生が二度あれば.mp3; [-698.1719    , 121.045265  ,  -3.2816663 ,  19.61454   ,   4.995031  ,   -1.5073075 ,   2.0756986 ,   4.164019  ,  -5.692642  ,   0.44193357,    2.2389119 ,   0.5949345 ,  -1.993566  ]; [[24122.95508115,-1268.19724435,-1318.05711364,   25.18134147,    127.51899313, -507.49887535,  218.68279806, 1045.85763686,     99.26893648,    5.00047567,  303.62342897, -144.02776906,   -126.87152649], [-1268.19724435, 2046.93641329, -440.95063674, -239.80483817,     -8.73687508,  -20.35727439,  -37.9853248 , -117.4249696 ,   -103.60533802,  -47.88907084,   85.61037079,   39.37802349,      6.58164637], [-1318.05711364, -440.95063674, 1144.92546072,  301.71137807,     -7.71095309,   86.61392425,   76.68467785,    3.75826958,     29.95083506,   17.72287175,  -74.38190047,    0.68875059,     57.24153024], [   25.18134147, -239.80483817,  301.71137807,  574.60264412,    191.69373006,   28.649336  ,  -11.66396291,   86.24968486,     77.29640029,   27.70809432,  -79.28200735,   -1.68020768,     63.45129075], [  127.51899313,   -8.73687508,   -7.71095309,  191.69373006,    365.42760238,   44.98948526,  -91.65026898,    3.44122   ,     70.47818115,   10.93362123,  -62.49887447,    2.38105288,     31.07363337], [ -507.49887535,  -20.35727439,   86.61392425,   28.649336  ,     44.98948526,  208.02324023,   74.6325952 ,  -19.07941529,     31.49546521,   45.05028118,  -13.54462221,   33.51130207,      3.6229905 ], [  218.68279806,  -37.9853248 ,   76.68467785,  -11.66396291,    -91.65026898,   74.6325952 ,  266.72538496,  118.23654012,     -0.3684415 ,   51.97517338,   73.56439046,   -0.26866669,      8.01758225], [ 1045.85763686, -117.4249696 ,    3.75826958,   86.24968486,      3.44122   ,  -19.07941529,  118.23654012,  268.96441572,     80.19438638,   42.42267042,   61.38150088,   -9.50036521,     26.30556332], [   99.26893648, -103.60533802,   29.95083506,   77.29640029,     70.47818115,   31.49546521,   -0.3684415 ,   80.19438638,    176.9699747 ,   78.65518296,  -16.68459038,   29.04528745,     32.61202112], [    5.00047567,  -47.88907084,   17.72287175,   27.70809432,     10.93362123,   45.05028118,   51.97517338,   42.42267042,     78.65518296,  148.45037083,   34.50197565,   16.42017838,     21.53992023], [  303.62342897,   85.61037079,  -74.38190047,  -79.28200735,    -62.49887447,  -13.54462221,   73.56439046,   61.38150088,    -16.68459038,   34.50197565,  140.81451312,    5.41174821,     -4.57450199], [ -144.02776906,   39.37802349,    0.68875059,   -1.68020768,      2.38105288,   33.51130207,   -0.26866669,   -9.50036521,     29.04528745,   16.42017838,    5.41174821,  109.45172902,     29.41663878], [ -126.87152649,    6.58164637,   57.24153024,   63.45129075,     31.07363337,    3.6229905 ,    8.01758225,   26.30556332,     32.61202112,   21.53992023,   -4.57450199,   29.41663878,    108.8952082 ]]
