/root/sim/music/out/The_Police/The_Police_[Disc_2]/2-04_Every_Little_Thing_She_Does_Is.mp3; [-637.47845   , 143.62552   ,  13.636743  ,  14.837694  ,   9.494643  ,   12.655408  ,   4.3065014 ,   5.1144695 ,   0.89774936,   3.5697732 ,    2.5967414 ,   3.0732877 ,   1.808591  ]; [[15634.75292233,-1030.26128063, -695.90732179, -171.76895838,   -609.23929214,    7.597675  , -250.08389221, -111.30247648,   -132.20586105,   17.32346188, -100.18051806,  -85.46796559,   -190.35845614], [-1030.26128063, 1469.35337071, -166.08020893,   77.36517123,    154.46741837,  -21.53545154,   30.35859742,    5.64194872,     21.54336279,   20.31102746,   35.8165529 ,   40.18780075,     21.41154408], [ -695.90732179, -166.08020893,  505.52174875,   50.75963652,    109.26818927,   34.32845928,   59.53664958,    0.24679356,     -2.91176384,  -16.3078961 ,   24.83490456,   32.01768297,     49.60762501], [ -171.76895838,   77.36517123,   50.75963652,  295.85515168,    105.60584119,  -10.55597638,  -20.53719632,  -19.94017285,      6.22407719,    9.88092174,  -16.75742459,    8.23282279,     10.19837875], [ -609.23929214,  154.46741837,  109.26818927,  105.60584119,    261.4829685 ,   35.34900327,   -0.89414403,  -29.47745446,     16.77600517,   13.54815467,   10.68011103,   20.34407575,     41.40981585], [    7.597675  ,  -21.53545154,   34.32845928,  -10.55597638,     35.34900327,  114.27340513,   47.23082024,   11.49511788,      5.10980554,   -2.98278001,    4.53129543,    8.82164878,     15.07753841], [ -250.08389221,   30.35859742,   59.53664958,  -20.53719632,     -0.89414403,   47.23082024,  137.07208905,   36.47591633,      0.91351087,  -19.00690529,   22.20253673,   16.89679169,     27.89620671], [ -111.30247648,    5.64194872,    0.24679356,  -19.94017285,    -29.47745446,   11.49511788,   36.47591633,   83.74318457,     29.85334255,    7.00533923,    5.15162891,    4.00440898,     -1.04834029], [ -132.20586105,   21.54336279,   -2.91176384,    6.22407719,     16.77600517,    5.10980554,    0.91351087,   29.85334255,     89.06170065,   34.93592257,    5.03557596,   -5.57153172,     -7.25578581], [   17.32346188,   20.31102746,  -16.3078961 ,    9.88092174,     13.54815467,   -2.98278001,  -19.00690529,    7.00533923,     34.93592257,   83.00893375,   22.30738169,   -3.92610566,    -18.17264874], [ -100.18051806,   35.8165529 ,   24.83490456,  -16.75742459,     10.68011103,    4.53129543,   22.20253673,    5.15162891,      5.03557596,   22.30738169,   74.1453514 ,   24.74399532,      8.24404913], [  -85.46796559,   40.18780075,   32.01768297,    8.23282279,     20.34407575,    8.82164878,   16.89679169,    4.00440898,     -5.57153172,   -3.92610566,   24.74399532,   73.91966971,     35.54530383], [ -190.35845614,   21.41154408,   49.60762501,   10.19837875,     41.40981585,   15.07753841,   27.89620671,   -1.04834029,     -7.25578581,  -18.17264874,    8.24404913,   35.54530383,     81.30787898]]
/root/sim/music/out/The_Police/The_Police_[Disc_2]/2-14_Tea_In_The_Sahara.mp3; [-784.4125    , 131.06029   ,  35.77263   ,  30.295097  ,  17.75047   ,    8.948352  ,   0.7733795 ,   5.4207807 ,  -5.45129   ,   3.7736838 ,    1.5683916 ,   0.45735988,  -1.1616198 ]; [[26353.42698111, -610.77257153, -773.57611022, -289.93445061,    163.225029  ,  284.09837384, -259.80332508,  121.91222322,    -34.52203758,   41.04508249, -112.4412559 ,  103.23794455,   -202.67451813], [ -610.77257153, 3015.30948814, -107.53926161,  294.77041801,    156.12898969,  -43.52012938,  143.13212728,  163.40407816,    -68.16864187,   40.81845834,   30.83095458,  -44.13563089,     54.74806794], [ -773.57611022, -107.53926161, 1656.36843459,  288.25547383,    -70.31726543,  148.81646269,  135.20225902,   45.13112222,     96.44969223,  -27.7892936 ,  -14.12236418,   42.5182455 ,     26.97146612], [ -289.93445061,  294.77041801,  288.25547383,  597.15614839,    222.77174891,  120.34686295,   74.96390228,   61.20397351,     24.93147712,   49.41221684,   -4.84275053,  -40.72305874,      1.98471088], [  163.225029  ,  156.12898969,  -70.31726543,  222.77174891,    419.7749306 ,  141.69417524,   60.9012032 ,  104.32020609,     79.93842621,   52.36762704,   12.61475143,  -27.16074295,    -12.6108477 ], [  284.09837384,  -43.52012938,  148.81646269,  120.34686295,    141.69417524,  268.0014634 ,  155.11522247,   88.05769331,     72.31482063,   35.65333682,   17.40661357,   -3.71937394,    -32.63897579], [ -259.80332508,  143.13212728,  135.20225902,   74.96390228,     60.9012032 ,  155.11522247,  262.40067907,  117.42363199,     59.88288617,   26.02139721,   31.79508944,  -10.11750648,    -19.08153654], [  121.91222322,  163.40407816,   45.13112222,   61.20397351,    104.32020609,   88.05769331,  117.42363199,  192.83703753,     96.39041263,   21.71250251,    6.27219659,   -7.25173034,    -14.88197785], [  -34.52203758,  -68.16864187,   96.44969223,   24.93147712,     79.93842621,   72.31482063,   59.88288617,   96.39041263,    170.77855036,   46.04790418,    1.82535353,    5.56869004,    -19.26923032], [   41.04508249,   40.81845834,  -27.7892936 ,   49.41221684,     52.36762704,   35.65333682,   26.02139721,   21.71250251,     46.04790418,  127.12705735,   60.15676227,   -4.86390919,    -22.19854585], [ -112.4412559 ,   30.83095458,  -14.12236418,   -4.84275053,     12.61475143,   17.40661357,   31.79508944,    6.27219659,      1.82535353,   60.15676227,  112.17276671,   18.00112067,    -15.47356939], [  103.23794455,  -44.13563089,   42.5182455 ,  -40.72305874,    -27.16074295,   -3.71937394,  -10.11750648,   -7.25173034,      5.56869004,   -4.86390919,   18.00112067,   97.99595809,     44.62260125], [ -202.67451813,   54.74806794,   26.97146612,    1.98471088,    -12.6108477 ,  -32.63897579,  -19.08153654,  -14.88197785,    -19.26923032,  -22.19854585,  -15.47356939,   44.62260125,    102.93955454]]
/root/sim/music/out/The_Police/The_Police_[Disc_2]/2-11_Synchronicity_II.mp3; [-575.6567    , 133.68681   , -15.622615  ,  18.210567  ,   4.966048  ,    7.8352757 ,  -5.13711   ,   0.5164156 ,  -3.594893  ,   0.08077247,   -4.595299  ,  -3.7875767 ,  -5.700211  ]; [[14308.93863356,  291.72932638,  555.48562839,   25.03210141,    406.40900872,  610.20983435,  178.26544556,   65.932498  ,   -214.35810671, -305.33523041, -254.68306925, -157.65373722,    -15.13597393], [  291.72932638, 1063.92169015, -382.47702044,  121.76943572,     29.05796101,  -20.65606519,   69.18118142,   35.7306948 ,      4.41975521,   -0.77106178,   -2.42269863,    7.31786323,     -6.50883874], [  555.48562839, -382.47702044,  642.84004562,  -15.39866066,     69.68779047,  103.93289226,    9.44976278,   29.51482421,    -32.75553902,  -53.46666824,  -27.38823813,  -19.67211011,      4.72049964], [   25.03210141,  121.76943572,  -15.39866066,  218.06415074,     48.10759682,  -17.08525861,   -0.3908943 ,    9.08759607,     20.95614281,   23.5957626 ,    8.4046823 ,    0.70782252,     -0.71221609], [  406.40900872,   29.05796101,   69.68779047,   48.10759682,    215.90275603,  109.29853221,   36.36608052,   14.72920754,    -10.96650237,  -15.5855837 ,  -24.81622546,   -9.81353257,     10.38074018], [  610.20983435,  -20.65606519,  103.93289226,  -17.08525861,    109.29853221,  197.91126173,   80.05959901,   21.01032705,    -22.26576425,  -45.25397584,  -32.29412614,  -12.20866079,      7.63734492], [  178.26544556,   69.18118142,    9.44976278,   -0.3908943 ,     36.36608052,   80.05959901,  163.83674241,   48.0478756 ,    -14.89898203,  -42.37397374,  -21.68666014,   -4.7507295 ,      7.97311659], [   65.932498  ,   35.7306948 ,   29.51482421,    9.08759607,     14.72920754,   21.01032705,   48.0478756 ,   87.70736152,     25.89581637,  -10.63053201,  -15.94033845,   -3.59932829,      0.8173101 ], [ -214.35810671,    4.41975521,  -32.75553902,   20.95614281,    -10.96650237,  -22.26576425,  -14.89898203,   25.89581637,     99.79289978,   54.73035093,   15.04626267,   -0.57817108,     -9.63266811], [ -305.33523041,   -0.77106178,  -53.46666824,   23.5957626 ,    -15.5855837 ,  -45.25397584,  -42.37397374,  -10.63053201,     54.73035093,  113.35682998,   51.81851668,    9.27227972,    -12.71450024], [ -254.68306925,   -2.42269863,  -27.38823813,    8.4046823 ,    -24.81622546,  -32.29412614,  -21.68666014,  -15.94033845,     15.04626267,   51.81851668,   82.96032419,   30.88629553,     -4.49846043], [ -157.65373722,    7.31786323,  -19.67211011,    0.70782252,     -9.81353257,  -12.20866079,   -4.7507295 ,   -3.59932829,     -0.57817108,    9.27227972,   30.88629553,   55.85340925,     16.80019135], [  -15.13597393,   -6.50883874,    4.72049964,   -0.71221609,     10.38074018,    7.63734492,    7.97311659,    0.8173101 ,     -9.63266811,  -12.71450024,   -4.49846043,   16.80019135,     51.77064271]]
/root/sim/music/out/The_Police/The_Police_[Disc_2]/2-01_De_Do_Do_Do_De_Da_Da_Da.mp3; [-662.04285   , 147.53549   ,   8.3860235 ,  27.763048  ,  11.83265   ,    1.6614466 ,   2.3958533 ,   4.0093813 ,   2.164981  ,   5.31225   ,    2.9023461 ,   0.48758078,  -1.820434  ]; [[20523.26643113, -160.43783708,-1489.9920335 , -665.88057121,   -459.32901133, -464.73867903,  -38.59331501, -192.64818599,   -190.21242527, -293.23725418, -109.83047731, -139.0587572 ,    -23.06885402], [ -160.43783708, 1748.98631189, -414.2134763 ,  131.51948145,    -87.21312421,  -35.23920075,  -33.11916966,  -16.75572673,    -37.21003334,   35.05075074,   35.27938306,   29.22160196,     -5.553812  ], [-1489.9920335 , -414.2134763 , 1266.63364314,   71.47683301,    243.23635912,  162.77592745,   24.82260324,   51.57947197,     28.35761481,  -16.66736046,   39.15339923,   46.93568649,     29.05135642], [ -665.88057121,  131.51948145,   71.47683301,  470.25018678,    132.46550322,   14.56697553,    0.36425828,    3.21724864,      8.02820853,   49.30486547,   -1.58108711,   12.51363723,      1.39791985], [ -459.32901133,  -87.21312421,  243.23635912,  132.46550322,    244.36414258,   59.35084657,   19.89539852,   21.09646674,     30.68935364,   38.49262001,   22.64676703,   11.98513877,     -3.66986725], [ -464.73867903,  -35.23920075,  162.77592745,   14.56697553,     59.35084657,  186.99537412,   63.63407255,   26.58229639,      8.91102271,   -8.55476968,    2.1168453 ,   -3.79587801,     -5.91156852], [  -38.59331501,  -33.11916966,   24.82260324,    0.36425828,     19.89539852,   63.63407255,  150.5743702 ,   48.71984415,     20.77788089,   -6.89693197,    8.65914621,    2.60666367,     -2.59816713], [ -192.64818599,  -16.75572673,   51.57947197,    3.21724864,     21.09646674,   26.58229639,   48.71984415,  100.51609483,     42.94123808,    7.19712242,    1.62949162,    0.2329943 ,      9.15398057], [ -190.21242527,  -37.21003334,   28.35761481,    8.02820853,     30.68935364,    8.91102271,   20.77788089,   42.94123808,    106.60769228,   50.19938788,    8.98710424,    0.97086589,     -3.03893547], [ -293.23725418,   35.05075074,  -16.66736046,   49.30486547,     38.49262001,   -8.55476968,   -6.89693197,    7.19712242,     50.19938788,  122.89844747,   43.97826793,   11.26023748,     -6.06895118], [ -109.83047731,   35.27938306,   39.15339923,   -1.58108711,     22.64676703,    2.1168453 ,    8.65914621,    1.62949162,      8.98710424,   43.97826793,   88.19697577,   36.18723507,      4.41275073], [ -139.0587572 ,   29.22160196,   46.93568649,   12.51363723,     11.98513877,   -3.79587801,    2.60666367,    0.2329943 ,      0.97086589,   11.26023748,   36.18723507,   76.38955837,     35.39497701], [  -23.06885402,   -5.553812  ,   29.05135642,    1.39791985,     -3.66986725,   -5.91156852,   -2.59816713,    9.15398057,     -3.03893547,   -6.06895118,    4.41275073,   35.39497701,     64.91437324]]
/root/sim/music/out/The_Police/The_Police_[Disc_1]/1-13_Driven_To_Tears.mp3; [-648.1663   , 118.54681  ,  20.931097 ,  47.177162 ,  16.544037 ,    5.975497 ,   6.0828676,   7.430006 ,  -0.5602717,   1.1606339,    5.1525526,   1.6132551,  -3.2545977]; [[12756.56199683,-1160.56690125,-1202.84973369, -623.65516408,     47.77162492,  -74.37445235, -107.67722758,  178.35175164,     57.27904649,   37.41200587,   60.89383943,  -23.04153944,    -14.39660856], [-1160.56690125, 2064.3238903 , -360.28042554,  249.48934102,    -51.96388193,  -90.26404532,   16.14868189,   74.03934762,     47.62332484,   45.43424892,    0.87371818,   22.26354848,     10.37863137], [-1202.84973369, -360.28042554, 1214.9545822 ,  203.07654295,     58.99577351,  177.53022119,   94.67383385,  -96.20715552,    -10.24132144,  -38.51225841,   -3.7364814 ,   18.03780836,     15.13766565], [ -623.65516408,  249.48934102,  203.07654295,  460.94382986,     73.64661956,   34.10152156,   78.66943072,   33.07111157,    -19.83463591,   -3.35453619,    6.1540532 ,   21.57601143,     -1.80438596], [   47.77162492,  -51.96388193,   58.99577351,   73.64661956,    230.9032653 ,   42.58800234,   14.35368206,    8.26016607,     33.70638919,   15.23229115,    6.23774262,   -4.47633386,      6.80385957], [  -74.37445235,  -90.26404532,  177.53022119,   34.10152156,     42.58800234,  185.34134431,   76.08171074,   -2.60426143,     -0.14574753,  -16.02581302,   -8.96639766,   13.20859252,      4.19444676], [ -107.67722758,   16.14868189,   94.67383385,   78.66943072,     14.35368206,   76.08171074,  163.99223584,   58.17311498,     -9.68556423,   -9.59261764,    9.65979259,   20.19011179,      2.30207386], [  178.35175164,   74.03934762,  -96.20715552,   33.07111157,      8.26016607,   -2.60426143,   58.17311498,  140.96574849,     48.30612695,   19.97932399,   13.29784523,   16.24393444,     -8.29270678], [   57.27904649,   47.62332484,  -10.24132144,  -19.83463591,     33.70638919,   -0.14574753,   -9.68556423,   48.30612695,    123.22668443,   46.14354655,    4.4855474 ,   -5.5866115 ,     -6.47438313], [   37.41200587,   45.43424892,  -38.51225841,   -3.35453619,     15.23229115,  -16.02581302,   -9.59261764,   19.97932399,     46.14354655,   98.88789909,   44.27141321,    3.48888249,     -5.2119253 ], [   60.89383943,    0.87371818,   -3.7364814 ,    6.1540532 ,      6.23774262,   -8.96639766,    9.65979259,   13.29784523,      4.4855474 ,   44.27141321,   83.60184936,   29.58558388,     -2.10257119], [  -23.04153944,   22.26354848,   18.03780836,   21.57601143,     -4.47633386,   13.20859252,   20.19011179,   16.24393444,     -5.5866115 ,    3.48888249,   29.58558388,   79.62444702,     31.94323193], [  -14.39660856,   10.37863137,   15.13766565,   -1.80438596,      6.80385957,    4.19444676,    2.30207386,   -8.29270678,     -6.47438313,   -5.2119253 ,   -2.10257119,   31.94323193,     71.7127847 ]]
/root/sim/music/out/The_Police/The_Police_[Disc_1]/1-12_Don't_Stand_So_Close_To_Me.mp3; [-687.0507    , 117.42893   ,  19.733976  ,  34.031776  ,   8.858324  ,    6.0465093 ,  -1.6447951 ,   6.469102  ,   1.0637833 ,   0.8061486 ,    0.15865889,   2.270854  ,   0.380772  ]; [[24882.30148756,-3139.84425603,-2450.37408999, -367.95391143,   -232.8576675 ,  -65.55334262, -160.77409089,  274.24238147,    -93.21443473,   21.82456968,   -8.19577367,  -77.89569833,   -110.77542352], [-3139.84425603, 2383.95911632,   19.05841271,  -14.24254601,    -23.67465259,   16.41287711,   61.78729181,  -27.7621941 ,     31.60133046,   -9.03977168,  -34.40712076,   19.85506611,     38.7140472 ], [-2450.37408999,   19.05841271, 1329.78062899,  231.15266147,    122.67772978,   44.83228512,   67.75015647,  -11.87217904,     27.45973195,   -7.32051091,   29.39514445,   39.08906654,     21.25932831], [ -367.95391143,  -14.24254601,  231.15266147,  428.33853028,    100.97713409,    7.57036487,   -0.91249645,    8.89592315,     29.61466972,    2.17102543,  -19.27999425,   16.34425367,      5.50018657], [ -232.8576675 ,  -23.67465259,  122.67772978,  100.97713409,    190.20530742,   42.68783194,   25.18907438,    6.57582863,     29.41348005,   12.74473471,   -1.12073096,    0.53047037,      1.13130874], [  -65.55334262,   16.41287711,   44.83228512,    7.57036487,     42.68783194,  144.54335366,   69.34185481,   18.98401263,      8.41688494,    9.44339326,   15.19446866,   -8.31576035,     -3.0988298 ], [ -160.77409089,   61.78729181,   67.75015647,   -0.91249645,     25.18907438,   69.34185481,  154.64751313,   48.34800925,      9.1889954 ,   -6.82854828,   21.01531913,    3.90838976,      2.45821934], [  274.24238147,  -27.7621941 ,  -11.87217904,    8.89592315,      6.57582863,   18.98401263,   48.34800925,   91.6394645 ,     26.13342686,   -0.48340442,    1.83831693,    9.16383323,      5.944432  ], [  -93.21443473,   31.60133046,   27.45973195,   29.61466972,     29.41348005,    8.41688494,    9.1889954 ,   26.13342686,     83.89938469,   31.77809488,    2.95836985,    5.58845614,      5.60241453], [   21.82456968,   -9.03977168,   -7.32051091,    2.17102543,     12.74473471,    9.44339326,   -6.82854828,   -0.48340442,     31.77809488,   83.32380829,   17.70924699,    1.34445742,     -2.903543  ], [   -8.19577367,  -34.40712076,   29.39514445,  -19.27999425,     -1.12073096,   15.19446866,   21.01531913,    1.83831693,      2.95836985,   17.70924699,   75.49478836,   17.42513873,     -0.3254651 ], [  -77.89569833,   19.85506611,   39.08906654,   16.34425367,      0.53047037,   -8.31576035,    3.90838976,    9.16383323,      5.58845614,    1.34445742,   17.42513873,   74.61333   ,     31.87449478], [ -110.77542352,   38.7140472 ,   21.25932831,    5.50018657,      1.13130874,   -3.0988298 ,    2.45821934,    5.944432  ,      5.60241453,   -2.903543  ,   -0.3254651 ,   31.87449478,     64.27026888]]
/root/sim/music/out/The_Police/The_Police_[Disc_1]/1-05_Truth_Hits_Everybody.mp3; [-541.48865  , 115.5245   ,  -2.007502 ,   2.5494409,   6.604636 ,   13.55752  ,   2.7240798,  -1.4508063,  -1.2519449,   1.7351552,   -3.916696 ,  -7.5562067,  -6.904496 ]; [[11930.87858891,  785.20787912, -538.17238139, -371.51832872,    -53.10448981,  134.73149576,  -66.91510743,  -77.2977089 ,     19.9070026 ,   70.75948293,   18.03899249,  -68.20416042,    -72.93759001], [  785.20787912,  789.58541463, -165.44701725,   -2.94879342,    -52.9906984 ,    3.1608322 ,   23.82514162,   35.52965242,     12.21773556,   -2.42869773,  -12.22500709,  -28.5377763 ,    -27.69450901], [ -538.17238139, -165.44701725,  555.29958796,   51.53043739,     29.59220693,  -16.8385771 ,   -2.39723809,   16.23850427,    -26.31052815,  -28.22045411,   17.20936558,   10.96902113,      5.84754389], [ -371.51832872,   -2.94879342,   51.53043739,  207.94025805,     70.85870015,   -1.22318331,  -32.20554996,   -8.24233881,     -3.2671326 ,    4.34379843,   -0.9688795 ,   25.14366958,     12.90511065], [  -53.10448981,  -52.9906984 ,   29.59220693,   70.85870015,    217.53533533,   73.63084011,  -38.94438507,  -41.36263954,     -3.05628935,   36.28860147,   41.11072126,   40.64053338,     28.63037192], [  134.73149576,    3.1608322 ,  -16.8385771 ,   -1.22318331,     73.63084011,  110.30330382,   37.99829057,   -5.29738774,      9.09819355,   19.22460672,   24.79966211,   13.52827617,     14.18009843], [  -66.91510743,   23.82514162,   -2.39723809,  -32.20554996,    -38.94438507,   37.99829057,  117.25106361,   55.2956434 ,     20.79258581,   -4.09275335,   -8.58759646,  -12.05954432,      1.9689483 ], [  -77.2977089 ,   35.52965242,   16.23850427,   -8.24233881,    -41.36263954,   -5.29738774,   55.2956434 ,   94.49644497,     39.33141146,   -4.11098273,  -11.57914931,  -17.62213595,    -10.14332562], [   19.9070026 ,   12.21773556,  -26.31052815,   -3.2671326 ,     -3.05628935,    9.09819355,   20.79258581,   39.33141146,     72.15705431,   35.23799651,    3.24635043,   -7.91909367,     -6.15623251], [   70.75948293,   -2.42869773,  -28.22045411,    4.34379843,     36.28860147,   19.22460672,   -4.09275335,   -4.11098273,     35.23799651,   71.28248821,   29.90586588,   14.1572714 ,      3.64008628], [   18.03899249,  -12.22500709,   17.20936558,   -0.9688795 ,     41.11072126,   24.79966211,   -8.58759646,  -11.57914931,      3.24635043,   29.90586588,   64.78518242,   31.75962682,      6.70304115], [  -68.20416042,  -28.5377763 ,   10.96902113,   25.14366958,     40.64053338,   13.52827617,  -12.05954432,  -17.62213595,     -7.91909367,   14.1572714 ,   31.75962682,   67.18529527,     28.69967661], [  -72.93759001,  -27.69450901,    5.84754389,   12.90511065,     28.63037192,   14.18009843,    1.9689483 ,  -10.14332562,     -6.15623251,    3.64008628,    6.70304115,   28.69967661,     56.77854519]]
/root/sim/music/out/The_Police/The_Police_[Disc_1]/1-08_Message_In_A_Bottle.mp3; [-592.08405  , 123.81023  ,  -9.038158 ,  17.988062 ,   8.267066 ,    4.8755207,   1.59366  ,   7.9721737,   0.6911189,   2.2794225,   -0.1076055,  -1.2186946,  -4.8442197]; [[11427.8711801 ,-1526.24140823,  463.79336021, -374.72791078,   -291.89328239,   91.89503115,  100.14177902,   36.43278988,     -8.43961509,   15.50793663,  -38.75848801,    1.41142933,     15.15488528], [-1526.24140823, 1727.02580679, -598.40752675,  146.83521961,     93.33643692, -100.70058039,   66.04467084,   35.60832426,     10.29232982,  -12.77788507,   24.1887938 ,  -16.87572105,     -6.21312172], [  463.79336021, -598.40752675,  862.076991  ,  -37.98769236,     17.08297136,   82.8089914 ,   46.05311268,   51.15392883,     13.1153319 ,   27.65227292,   24.8049573 ,   30.041474  ,     37.25433668], [ -374.72791078,  146.83521961,  -37.98769236,  311.92251839,    126.97690229,   32.18357783,  -28.25706112,  -14.26809153,      7.69122169,   18.87319889,   -2.03335588,    4.86003215,     13.84326762], [ -291.89328239,   93.33643692,   17.08297136,  126.97690229,    299.20770799,   56.05683148,    1.92614208,   11.01534558,     37.00655566,   30.88780004,    5.92040435,   -1.09919074,     20.03972558], [   91.89503115, -100.70058039,   82.8089914 ,   32.18357783,     56.05683148,  157.80947207,   64.9704953 ,   17.73651556,     24.13853503,   14.04171229,    3.82387629,    2.44974536,     11.26471547], [  100.14177902,   66.04467084,   46.05311268,  -28.25706112,      1.92614208,   64.9704953 ,  171.40559257,   61.52571772,     22.80738925,   -9.31827012,   19.28381412,    3.89493328,     13.20545829], [   36.43278988,   35.60832426,   51.15392883,  -14.26809153,     11.01534558,   17.73651556,   61.52571772,  115.3151904 ,     34.47771259,    7.28353979,   14.97360136,    5.62030573,     12.0827923 ], [   -8.43961509,   10.29232982,   13.1153319 ,    7.69122169,     37.00655566,   24.13853503,   22.80738925,   34.47771259,     96.84747034,   34.14525242,    3.70036213,    1.58553825,      9.66744559], [   15.50793663,  -12.77788507,   27.65227292,   18.87319889,     30.88780004,   14.04171229,   -9.31827012,    7.28353979,     34.14525242,   82.81139919,   25.12978424,    1.57382468,      1.32558751], [  -38.75848801,   24.1887938 ,   24.8049573 ,   -2.03335588,      5.92040435,    3.82387629,   19.28381412,   14.97360136,      3.70036213,   25.12978424,   76.68983065,   26.54520396,      0.73279034], [    1.41142933,  -16.87572105,   30.041474  ,    4.86003215,     -1.09919074,    2.44974536,    3.89493328,    5.62030573,      1.58553825,    1.57382468,   26.54520396,   66.47912849,     23.24702944], [   15.15488528,   -6.21312172,   37.25433668,   13.84326762,     20.03972558,   11.26471547,   13.20545829,   12.0827923 ,      9.66744559,    1.32558751,    0.73279034,   23.24702944,     61.24753373]]
/root/sim/music/out/The_Police/The_Police_[Disc_1]/1-03_Next_To_You.mp3; [-557.3605   , 101.05845  , -13.140221 ,   7.7933273,   6.3975058,   11.156099 ,  -2.0491068,  -1.906878 ,  -4.014349 ,   0.4719625,   -3.520413 ,  -0.6187138,  -6.0310545]; [[16592.03208753,  936.39087994, -665.94452765,  186.94797126,    -36.64918081,  111.25290782,  -55.13649391,  -49.03790417,    -94.52973908,  -20.20717566,  -46.71065024,  -62.13632584,   -152.60059906], [  936.39087994, 1027.38847374,   43.72119713,  164.6837992 ,     79.57255766,   64.43021126,   85.5702811 ,   30.56395121,    -16.92962571,  -13.55947525,   -1.02584273,  -22.75922993,    -24.8577382 ], [ -665.94452765,   43.72119713,  760.2242754 ,  152.96010762,     13.94115375,   45.10904909,   54.69535877,   22.52594061,     16.45490283,  -22.44725239,  -14.881884  ,  -62.38576621,    -23.43481129], [  186.94797126,  164.6837992 ,  152.96010762,  291.6504856 ,     89.03451958,   29.92043806,    3.99536504,  -18.50124589,      8.52402318,   19.03689192,    4.4138847 ,  -27.00640703,    -18.607338  ], [  -36.64918081,   79.57255766,   13.94115375,   89.03451958,    250.70978916,   62.08582498,    4.70390782,    0.66871791,     32.99452244,   41.95723888,   27.55252502,    0.55204795,     13.25795317], [  111.25290782,   64.43021126,   45.10904909,   29.92043806,     62.08582498,  114.73424466,   50.49161876,   21.76082124,     23.02184704,   16.5935889 ,    7.39342615,   -2.59463124,     -0.79069473], [  -55.13649391,   85.5702811 ,   54.69535877,    3.99536504,      4.70390782,   50.49161876,  145.48295234,   57.53600659,      0.42693571,   -5.26188176,   18.41414046,   -4.20706095,     -4.26667864], [  -49.03790417,   30.56395121,   22.52594061,  -18.50124589,      0.66871791,   21.76082124,   57.53600659,  108.17446991,     42.94346968,    8.73576785,    4.64507236,    5.77243908,      8.21720592], [  -94.52973908,  -16.92962571,   16.45490283,    8.52402318,     32.99452244,   23.02184704,    0.42693571,   42.94346968,    109.61550821,   51.05633534,   -1.41423329,    0.26178778,     -2.52846239], [  -20.20717566,  -13.55947525,  -22.44725239,   19.03689192,     41.95723888,   16.5935889 ,   -5.26188176,    8.73576785,     51.05633534,   86.69417373,   29.41096473,   15.10220014,      3.39894255], [  -46.71065024,   -1.02584273,  -14.881884  ,    4.4138847 ,     27.55252502,    7.39342615,   18.41414046,    4.64507236,     -1.41423329,   29.41096473,   84.89114134,   39.31825382,      8.10716675], [  -62.13632584,  -22.75922993,  -62.38576621,  -27.00640703,      0.55204795,   -2.59463124,   -4.20706095,    5.77243908,      0.26178778,   15.10220014,   39.31825382,  102.21754117,     46.17157847], [ -152.60059906,  -24.8577382 ,  -23.43481129,  -18.607338  ,     13.25795317,   -0.79069473,   -4.26667864,    8.21720592,     -2.52846239,    3.39894255,    8.10716675,   46.17157847,     78.72666862]]
/root/sim/music/out/The_Police/The_Police_[Disc_1]/1-07_So_Lonely.mp3; [-622.80597   , 108.7794    ,  -5.881216  ,  -0.33693534,  14.808251  ,   14.160422  ,   3.318882  ,   7.8516026 ,   3.6020503 ,   2.7009275 ,   -0.14079276,  -0.03317374,  -0.13572064]; [[18777.28426239, -131.12648101, -312.08194393, -289.34145334,   -139.74099388,   64.54860197,   21.99165498,   24.40843579,    166.32744876,   63.68163426, -153.29454276,  -95.25281232,   -136.19471242], [ -131.12648101, 1568.82747335, -259.87911876,  114.51790496,    118.89510116,   71.93485998,   80.60384451,  139.10597179,     46.71667177,   35.80086549,    3.1879274 ,  -16.86523125,    -25.96485823], [ -312.08194393, -259.87911876, 1242.0603177 ,  230.1514337 ,    131.87791733,  148.0132023 ,  150.02136994,    9.54222343,     31.26729102,   22.17170272,    9.13196158,   20.1976332 ,     -9.57884648], [ -289.34145334,  114.51790496,  230.1514337 ,  478.07667455,    233.79088122,  100.32209035,   20.56918259,   22.04295505,     50.26746296,   40.5317065 ,   -7.0589287 ,   -3.08654983,     -2.8412749 ], [ -139.74099388,  118.89510116,  131.87791733,  233.79088122,    440.52428865,  147.78781639,   48.5624683 ,   47.86299273,     83.93239529,   11.59334122,    6.53513842,   -8.85629542,     -0.1094276 ], [   64.54860197,   71.93485998,  148.0132023 ,  100.32209035,    147.78781639,  247.68379138,  132.04690868,   71.58755334,     42.13672064,   13.53006115,   25.62546084,   11.50566475,     15.4999881 ], [   21.99165498,   80.60384451,  150.02136994,   20.56918259,     48.5624683 ,  132.04690868,  257.04468919,  111.7940344 ,      6.70283436,    3.75065373,   33.02491217,   12.93361567,     15.24455444], [   24.40843579,  139.10597179,    9.54222343,   22.04295505,     47.86299273,   71.58755334,  111.7940344 ,  166.89949344,     69.40095747,   23.63598162,   16.51432772,    3.68037667,      1.79410547], [  166.32744876,   46.71667177,   31.26729102,   50.26746296,     83.93239529,   42.13672064,    6.70283436,   69.40095747,    184.21842292,   74.63970814,  -10.71048382,  -14.56039548,    -29.56419731], [   63.68163426,   35.80086549,   22.17170272,   40.5317065 ,     11.59334122,   13.53006115,    3.75065373,   23.63598162,     74.63970814,  125.56574124,   28.39174624,    5.7746672 ,    -10.92519306], [ -153.29454276,    3.1879274 ,    9.13196158,   -7.0589287 ,      6.53513842,   25.62546084,   33.02491217,   16.51432772,    -10.71048382,   28.39174624,   96.97904076,   41.88218342,     16.43472603], [  -95.25281232,  -16.86523125,   20.1976332 ,   -3.08654983,     -8.85629542,   11.50566475,   12.93361567,    3.68037667,    -14.56039548,    5.7746672 ,   41.88218342,   96.92382975,     48.66135129], [ -136.19471242,  -25.96485823,   -9.57884648,   -2.8412749 ,     -0.1094276 ,   15.4999881 ,   15.24455444,    1.79410547,    -29.56419731,  -10.92519306,   16.43472603,   48.66135129,    100.57853808]]
/root/sim/music/out/The_Police/The_Police_[Disc_1]/1-02_Can't_Stand_Losing_You.mp3; [-595.55945   , 111.03097   , -10.7349    ,  28.772802  ,  16.915768  ,   18.033365  ,   2.876166  ,   3.392064  ,  -2.7702994 ,   0.54164916,   -5.8727508 ,  -1.2168794 ,  -1.0212069 ]; [[22099.67175669, -430.32741899,-2547.15112905, -694.19270561,  -1021.16169894, -116.29315213, -131.40093719, -102.64733143,      0.71679658,  190.71567405,  -47.15278371, -128.1039723 ,    -44.78828442], [ -430.32741899, 1682.62120668, -118.7698689 ,  -20.33145716,     68.28048593,  -21.88318523,   27.00893486,  -55.91931406,     -2.96299831,  -32.68974994,   -0.31994463,    7.79370859,    -19.88670608], [-2547.15112905, -118.7698689 , 1421.26913034,  204.72523821,    139.05975658,  121.31045958,  -10.21559806,   38.68772145,    -62.58136141,  -54.86306535,   36.09800543,   44.21255003,     -0.75058041], [ -694.19270561,  -20.33145716,  204.72523821,  433.63650128,    206.88156939,   59.70310654,    7.88677873,    8.61032363,      9.56564929,   -6.06817965,  -26.50870083,    8.93854079,      4.45918995], [-1021.16169894,   68.28048593,  139.05975658,  206.88156939,    345.03732066,   84.35772565,   19.80130195,   37.21191555,     30.86152534,    1.23965927,  -10.0820386 ,   -2.44654677,     -1.93814236], [ -116.29315213,  -21.88318523,  121.31045958,   59.70310654,     84.35772565,  204.94673422,  126.32944912,   40.10755698,     18.94173279,    1.83084496,   14.370568  ,  -10.845043  ,    -14.634854  ], [ -131.40093719,   27.00893486,  -10.21559806,    7.88677873,     19.80130195,  126.32944912,  205.015194  ,   68.7349069 ,     19.02368585,   -9.25173125,   16.2948691 ,   -4.121302  ,     -8.48493577], [ -102.64733143,  -55.91931406,   38.68772145,    8.61032363,     37.21191555,   40.10755698,   68.7349069 ,  108.62706832,     39.30564653,    4.17975944,    6.05841723,    2.58162412,      6.44558314], [    0.71679658,   -2.96299831,  -62.58136141,    9.56564929,     30.86152534,   18.94173279,   19.02368585,   39.30564653,    106.29771432,   56.00425449,    5.80453967,   -8.71546609,     -0.03784656], [  190.71567405,  -32.68974994,  -54.86306535,   -6.06817965,      1.23965927,    1.83084496,   -9.25173125,    4.17975944,     56.00425449,  113.23321832,   31.99935724,   -3.66295991,      1.62304028], [  -47.15278371,   -0.31994463,   36.09800543,  -26.50870083,    -10.0820386 ,   14.370568  ,   16.2948691 ,    6.05841723,      5.80453967,   31.99935724,   77.49535742,   21.84845085,     -3.76038456], [ -128.1039723 ,    7.79370859,   44.21255003,    8.93854079,     -2.44654677,  -10.845043  ,   -4.121302  ,    2.58162412,     -8.71546609,   -3.66295991,   21.84845085,   74.35419983,     32.19351933], [  -44.78828442,  -19.88670608,   -0.75058041,    4.45918995,     -1.93814236,  -14.634854  ,   -8.48493577,    6.44558314,     -0.03784656,    1.62304028,   -3.76038456,   32.19351933,     72.42803244]]
/root/sim/music/out/The_Police/The_Police_[Disc_1]/1-06_Hole_In_My_Life.mp3; [-627.0335    , 134.11212   , -12.067698  ,  12.956489  ,  13.914643  ,   17.167479  ,   4.5749474 ,   0.09465214,  -4.3595195 ,  -2.1443076 ,   -6.082397  ,  -2.1439755 ,  -2.3851476 ]; [[13775.28201922,-2417.38014336,   49.59251703, -333.81666621,   -824.96174126,  -32.47498028,   39.95763799,    2.60264427,    149.00793739,   80.07467743, -118.4051353 , -251.15645947,    -60.851965  ], [-2417.38014336, 2395.03864558, -465.8824284 ,  205.0048875 ,    480.19018575,  -23.92638116,    4.32086204,  -28.78943918,   -116.69009046,  -41.32820044,    4.38208582,   47.05970431,     10.34611157], [   49.59251703, -465.8824284 ,  794.63735381,   80.0254475 ,      2.3456301 ,   84.37553614,  -27.98151548,   -6.04221075,     -2.90768025,   25.56673465,    9.59997866,   29.54152629,     -2.07718719], [ -333.81666621,  205.0048875 ,   80.0254475 ,  271.48090617,    120.10760554,    6.93841682,  -44.80086793,  -26.01584397,    -24.22235765,   20.48201402,    1.50830143,   35.0057846 ,     28.96487054], [ -824.96174126,  480.19018575,    2.3456301 ,  120.10760554,    351.26487283,   44.28396925,  -25.50808712,  -24.52077407,    -45.9309266 ,  -10.42629339,   -3.11437156,   27.36154247,     14.46345468], [  -32.47498028,  -23.92638116,   84.37553614,    6.93841682,     44.28396925,  168.49072687,   76.12565291,   12.55779406,      6.17614164,   -4.5500053 ,    0.56240234,   -9.39479811,     -8.92968872], [   39.95763799,    4.32086204,  -27.98151548,  -44.80086793,    -25.50808712,   76.12565291,  198.78768512,   73.92573505,     18.41710522,   10.16126636,   24.79985717,  -24.03880967,    -13.82181123], [    2.60264427,  -28.78943918,   -6.04221075,  -26.01584397,    -24.52077407,   12.55779406,   73.92573505,  124.63906559,     53.95786147,    9.02737447,   16.30072279,   -7.48903405,    -18.27297152], [  149.00793739, -116.69009046,   -2.90768025,  -24.22235765,    -45.9309266 ,    6.17614164,   18.41710522,   53.95786147,    120.27889684,   38.50772875,   -7.95840383,  -15.44160158,    -10.65550707], [   80.07467743,  -41.32820044,   25.56673465,   20.48201402,    -10.42629339,   -4.5500053 ,   10.16126636,    9.02737447,     38.50772875,  107.51513797,   22.37283709,    5.6010556 ,     14.10068125], [ -118.4051353 ,    4.38208582,    9.59997866,    1.50830143,     -3.11437156,    0.56240234,   24.79985717,   16.30072279,     -7.95840383,   22.37283709,   94.35089912,   36.67479178,     -2.23491632], [ -251.15645947,   47.05970431,   29.54152629,   35.0057846 ,     27.36154247,   -9.39479811,  -24.03880967,   -7.48903405,    -15.44160158,    5.6010556 ,   36.67479178,   96.8929832 ,     35.44928713], [  -60.851965  ,   10.34611157,   -2.07718719,   28.96487054,     14.46345468,   -8.92968872,  -13.82181123,  -18.27297152,    -10.65550707,   14.10068125,   -2.23491632,   35.44928713,     76.60531614]]
/root/sim/music/out/The_Police/The_Police_[Disc_1]/1-01_Fall_Out.mp3; [-524.1601    ,  96.45758   , -21.661348  ,  20.928476  ,  17.01959   ,   38.759563  ,   9.725046  ,   0.97983044,   1.7061331 ,  -1.7455579 ,   -6.705198  ,   0.8693978 ,  -2.3949416 ]; [[20199.95912437, 1141.19644089, -710.01410939,  692.4382036 ,    122.03258657,  851.30951275,   98.4253956 ,  -33.96866501,     31.57046464,   53.9588135 , -133.98233159,  -27.60340045,   -180.34314523], [ 1141.19644089,  770.88227117, -108.66628715,   37.44645568,    126.77287326,   41.54779518,   10.52517551,    1.69869148,     27.25913398,  -25.34160783,  -31.41436265,   -2.53579193,    -12.65245193], [ -710.01410939, -108.66628715,  376.25950278,   38.37642229,     15.74133906,  -67.46370927,  -44.63229244,  -12.82436827,     -4.69053946,   26.76509322,   -1.20649332,  -28.4938537 ,     11.91159411], [  692.4382036 ,   37.44645568,   38.37642229,  176.1364545 ,     57.76316477,   17.45201344,  -44.95041441,  -26.86480976,     20.43517138,   31.06604542,  -16.66556971,  -12.00674849,     -1.82449846], [  122.03258657,  126.77287326,   15.74133906,   57.76316477,    158.57532823,   26.31555538,  -36.77158577,  -22.03661398,     26.79001058,   19.65247877,  -13.96540012,   -2.04146366,      7.2060394 ], [  851.30951275,   41.54779518,  -67.46370927,   17.45201344,     26.31555538,  135.97410789,   56.31142992,    3.9428603 ,     12.06036356,   -9.64021127,    0.21767865,   12.22092484,     -3.02312917], [   98.4253956 ,   10.52517551,  -44.63229244,  -44.95041441,    -36.77158577,   56.31142992,  141.54773037,   51.54118511,      1.22990698,  -30.99423865,    8.88108923,   21.92523222,      7.03007383], [  -33.96866501,    1.69869148,  -12.82436827,  -26.86480976,    -22.03661398,    3.9428603 ,   51.54118511,   71.10071633,     10.62004139,  -11.29250119,    3.4952304 ,    4.70522956,      3.30266668], [   31.57046464,   27.25913398,   -4.69053946,   20.43517138,     26.79001058,   12.06036356,    1.22990698,   10.62004139,     68.77905274,   11.84917003,  -13.51455692,   -3.03838698,      0.61553512], [   53.9588135 ,  -25.34160783,   26.76509322,   31.06604542,     19.65247877,   -9.64021127,  -30.99423865,  -11.29250119,     11.84917003,   72.9472508 ,    9.00336146,   -8.14584629,      1.70017549], [ -133.98233159,  -31.41436265,   -1.20649332,  -16.66556971,    -13.96540012,    0.21767865,    8.88108923,    3.4952304 ,    -13.51455692,    9.00336146,   50.98454309,   13.01255562,     -2.57492725], [  -27.60340045,   -2.53579193,  -28.4938537 ,  -12.00674849,     -2.04146366,   12.22092484,   21.92523222,    4.70522956,     -3.03838698,   -8.14584629,   13.01255562,   50.72869943,     14.20859109], [ -180.34314523,  -12.65245193,   11.91159411,   -1.82449846,      7.2060394 ,   -3.02312917,    7.03007383,    3.30266668,      0.61553512,    1.70017549,   -2.57492725,   14.20859109,     47.76390272]]
