/root/sim/music/out/Various_Artists/Dazed_And_Confused/05_Tush.mp3; [-586.079    , 133.91635  ,  -1.184235 ,  29.676086 ,  -2.933262 ,   -4.819083 ,  -1.7113409,   3.6850574,   2.8651998,   6.8125067,   -7.1753306,  -3.677702 ,  -6.1762137]; [[19133.24831995,  605.18033081,    4.72930304,  284.74462859,    114.4081978 ,   14.30245081,  -71.57724414,  184.8450881 ,   -203.4766233 ,   52.87400323,  -96.94634196,  -73.34402983,   -273.46624257], [  605.18033081, 1823.89805467, -476.33464874,  285.92406927,    -96.06654174,  -73.62686171,   71.43103728,  -59.73120805,    122.2306019 ,   60.76265259,  -60.69421097,  -21.18906672,     34.51361093], [    4.72930304, -476.33464874, 1042.02944909, -111.24313662,    151.09560302,   16.8574458 ,  -30.43568486,   89.6740737 ,      0.67096459,   -8.93734236,   17.01456916,    1.19548943,     12.80278936], [  284.74462859,  285.92406927, -111.24313662,  226.70771578,     -8.6762988 ,  -14.91619278,   11.24457531,  -17.76219121,     58.19609769,   19.69938139,  -19.43112354,  -10.73841157,      2.19308085], [  114.4081978 ,  -96.06654174,  151.09560302,   -8.6762988 ,    210.93845905,   33.45057126,   -9.72293093,   29.30311316,     -3.06296615,   16.37785469,   13.74113345,   -7.50248863,     -7.07678744], [   14.30245081,  -73.62686171,   16.8574458 ,  -14.91619278,     33.45057126,  109.13926906,   37.4625325 ,    5.83855668,    -16.89809713,    2.99509302,   19.22200471,   -1.2747692 ,     -1.13548469], [  -71.57724414,   71.43103728,  -30.43568486,   11.24457531,     -9.72293093,   37.4625325 ,  123.07316357,   30.32116126,      1.6211213 ,   -4.53085093,   13.09857644,    7.49907464,      8.00616797], [  184.8450881 ,  -59.73120805,   89.6740737 ,  -17.76219121,     29.30311316,    5.83855668,   30.32116126,  111.159761  ,      0.55381856,   -4.23794342,   16.49240045,    8.22827596,      6.24659721], [ -203.4766233 ,  122.2306019 ,    0.67096459,   58.19609769,     -3.06296615,  -16.89809713,    1.6211213 ,    0.55381856,    122.9154701 ,   38.49237777,  -15.94519741,  -16.18057189,     15.66305719], [   52.87400323,   60.76265259,   -8.93734236,   19.69938139,     16.37785469,    2.99509302,   -4.53085093,   -4.23794342,     38.49237777,   84.5082978 ,   15.71667378,  -12.56394343,     -4.60487861], [  -96.94634196,  -60.69421097,   17.01456916,  -19.43112354,     13.74113345,   19.22200471,   13.09857644,   16.49240045,    -15.94519741,   15.71667378,   68.97156792,   21.50657842,      2.51208966], [  -73.34402983,  -21.18906672,    1.19548943,  -10.73841157,     -7.50248863,   -1.2747692 ,    7.49907464,    8.22827596,    -16.18057189,  -12.56394343,   21.50657842,   56.90977457,     19.241316  ], [ -273.46624257,   34.51361093,   12.80278936,    2.19308085,     -7.07678744,   -1.13548469,    8.00616797,    6.24659721,     15.66305719,   -4.60487861,    2.51208966,   19.241316  ,     66.17919519]]
/root/sim/music/out/Various_Artists/Dazed_And_Confused/08_Cherry_Bomb.mp3; [-569.711    ,  96.75589  ,   6.9670815,  28.981596 ,  10.652688 ,   12.04371  ,   6.2240095,   3.5326593,  -1.9232427,   2.2576632,   -3.3889732,  -2.8211825,  -4.8692036]; [[16727.15790589, 1204.96950574, -447.00679387,  369.48573888,    197.29998114,   91.83313972,  -96.83035444, -119.99339942,   -279.90410078, -118.90533658, -155.97442445,   24.04161409,    110.07483098], [ 1204.96950574, 1043.31308828,  -74.21565464,    7.6781728 ,      5.13069892,  -78.9972809 ,   57.95269671,  -16.61658092,      3.27775483,   -3.48621825,   -3.55087374,  -22.18081908,    -33.12947736], [ -447.00679387,  -74.21565464,  666.12812319,   32.88308397,    -58.74101492,   26.36943665,  -66.15465708,  -25.86360029,     19.24413741,   -5.78165323,    7.14104468,   41.47636205,    -11.59909075], [  369.48573888,    7.6781728 ,   32.88308397,  331.56748801,    100.59575997,  -97.47293716,  -38.14334846,  -56.27563964,     39.48932793,    8.10583457,  -28.22711902,   34.32450857,     25.85045232], [  197.29998114,    5.13069892,  -58.74101492,  100.59575997,    196.44978548,  -41.43040242,  -34.99899976,  -28.09089237,     22.6626874 ,   12.5614351 ,  -34.49043943,   33.0734497 ,     30.58395334], [   91.83313972,  -78.9972809 ,   26.36943665,  -97.47293716,    -41.43040242,  228.43737865,   60.42079445,   64.84240652,    -28.08094326,  -17.50513566,   41.09341301,  -48.0143594 ,    -29.48173991], [  -96.83035444,   57.95269671,  -66.15465708,  -38.14334846,    -34.99899976,   60.42079445,  139.30619639,   49.69245783,    -10.7279501 ,    1.33094779,   23.82257314,  -26.54968781,    -24.4179403 ], [ -119.99339942,  -16.61658092,  -25.86360029,  -56.27563964,    -28.09089237,   64.84240652,   49.69245783,  108.22177679,      7.56662557,   11.82125588,   23.68556907,  -26.17381644,    -21.61335018], [ -279.90410078,    3.27775483,   19.24413741,   39.48932793,     22.6626874 ,  -28.08094326,  -10.7279501 ,    7.56662557,     88.56646426,   33.24513503,   -2.77566909,    1.93609797,     -8.12072519], [ -118.90533658,   -3.48621825,   -5.78165323,    8.10583457,     12.5614351 ,  -17.50513566,    1.33094779,   11.82125588,     33.24513503,   91.35497137,    5.75699616,    5.23283338,     -7.48068454], [ -155.97442445,   -3.55087374,    7.14104468,  -28.22711902,    -34.49043943,   41.09341301,   23.82257314,   23.68556907,     -2.77566909,    5.75699616,   70.4799545 ,   -7.01673669,    -13.88752704], [   24.04161409,  -22.18081908,   41.47636205,   34.32450857,     33.0734497 ,  -48.0143594 ,  -26.54968781,  -26.17381644,      1.93609797,    5.23283338,   -7.01673669,   83.44879396,     36.60854604], [  110.07483098,  -33.12947736,  -11.59909075,   25.85045232,     30.58395334,  -29.48173991,  -24.4179403 ,  -21.61335018,     -8.12072519,   -7.48068454,  -13.88752704,   36.60854604,     71.42322779]]
/root/sim/music/out/Various_Artists/Dazed_And_Confused/02_Slow_Ride.mp3; [-565.26294   ,  91.44395   ,  -3.9389877 ,  21.35171   ,  -8.520484  ,    6.937906  ,   0.99785054,   3.8714168 ,   1.0679953 ,  -2.971452  ,   -6.160267  ,  -5.989027  ,  -6.564398  ]; [[16358.96289846,  272.32173816, -133.63969924, -157.27740892,   -228.44131343,  -79.40406416, -174.12562679,   14.26811311,   -119.93394259,  -14.76848323,  -98.654064  ,  -73.38353569,   -135.76111526], [  272.32173816, 1055.05394134, -152.0593081 ,  176.99813547,     21.43001762,   31.38224941,    1.35586259,  -33.17802532,     31.95414724,  -22.56982432,   29.93205131,    2.47316135,     -7.86537033], [ -133.63969924, -152.0593081 ,  680.96351604,   68.14774952,    155.73058083,   43.6030636 ,    8.41880812,   31.40662736,    -16.61666887,    7.19346866,   16.83158146,   28.62166285,     24.76170127], [ -157.27740892,  176.99813547,   68.14774952,  256.32150696,     54.39396813,   73.29815998,   26.0008959 ,    5.12793931,     27.94613965,   -9.7430861 ,   -1.70021627,    2.74899626,      1.76277225], [ -228.44131343,   21.43001762,  155.73058083,   54.39396813,    191.95708117,   74.36680219,   39.39284104,   36.52153101,     29.34122184,   13.49053752,   10.62450611,   13.00272072,     11.14143339], [  -79.40406416,   31.38224941,   43.6030636 ,   73.29815998,     74.36680219,  150.38186266,   83.38171802,   37.52608106,     28.75941793,    4.23541758,    8.10459199,    2.55414855,     -4.48087694], [ -174.12562679,    1.35586259,    8.41880812,   26.0008959 ,     39.39284104,   83.38171802,  156.6107346 ,   76.11238078,     32.28753276,   10.82987138,    9.76661155,   -0.00461928,     -7.41748649], [   14.26811311,  -33.17802532,   31.40662736,    5.12793931,     36.52153101,   37.52608106,   76.11238078,  127.24007764,     65.99386281,   29.14624061,   -0.91586416,   -3.87151064,     -8.14916919], [ -119.93394259,   31.95414724,  -16.61666887,   27.94613965,     29.34122184,   28.75941793,   32.28753276,   65.99386281,    130.42832235,   49.15919869,    7.01275517,   -8.40720388,     -9.31355292], [  -14.76848323,  -22.56982432,    7.19346866,   -9.7430861 ,     13.49053752,    4.23541758,   10.82987138,   29.14624061,     49.15919869,   85.10788864,   29.56082178,    6.51528272,     -2.13502342], [  -98.654064  ,   29.93205131,   16.83158146,   -1.70021627,     10.62450611,    8.10459199,    9.76661155,   -0.91586416,      7.01275517,   29.56082178,   74.50531274,   41.51386029,     14.36200355], [  -73.38353569,    2.47316135,   28.62166285,    2.74899626,     13.00272072,    2.55414855,   -0.00461928,   -3.87151064,     -8.40720388,    6.51528272,   41.51386029,   85.82970234,     41.23381144], [ -135.76111526,   -7.86537033,   24.76170127,    1.76277225,     11.14143339,   -4.48087694,   -7.41748649,   -8.14916919,     -9.31355292,   -2.13502342,   14.36200355,   41.23381144,     74.39304779]]
/root/sim/music/out/Various_Artists/Dazed_And_Confused/07_Stranglehold.mp3; [-615.372     , 126.67331   ,   6.3388987 ,  35.20316   ,   4.972713  ,    8.984966  ,  -1.2300583 ,   5.8317075 ,   1.8280187 ,   4.0269837 ,   -6.626393  ,   0.60001796,  -3.8945937 ]; [[8602.89306605,-888.80119263,-882.33092221,-146.82227608,-217.81678476,   121.27905097,-126.01780567,  28.63932838, 141.70691697,  38.07513717,   -94.49770545, -34.86879889,   2.00484834], [-888.80119263,1381.14427661,-255.04662129, 164.90781361,  75.10574207,   -30.76425479,  55.68176181, -18.73835462, -24.00019844,   8.87155523,   -25.34550753,  19.22940475,   3.57224399], [-882.33092221,-255.04662129,1372.79654421, -88.80869227, 161.1559287 ,    86.38474155, -51.62118173,  54.47923215, -56.26966557, -39.78298855,    72.52255777, -40.88318392,  30.08277326], [-146.82227608, 164.90781361, -88.80869227, 340.58507861,  50.69046316,   -11.4022278 ,  28.45839979, -10.85368213,  20.77342973,  31.52195337,   -11.24983061,  13.4646082 , -25.91068308], [-217.81678476,  75.10574207, 161.1559287 ,  50.69046316, 200.71731578,    65.96225808,  15.77055754,  -4.63614719, -10.31017775,  12.38434275,    -4.02212992,  -3.60287143,   7.33163307], [ 121.27905097, -30.76425479,  86.38474155, -11.4022278 ,  65.96225808,   196.16510483,  44.27927755,  23.24040063,  -2.83084019, -10.25907348,    -6.99602973, -20.40535025,   0.31703589], [-126.01780567,  55.68176181, -51.62118173,  28.45839979,  15.77055754,    44.27927755, 186.55765557,  70.15184977,  23.81357225,  -1.29003959,   -14.66955215, -11.22780989, -36.89910194], [  28.63932838, -18.73835462,  54.47923215, -10.85368213,  -4.63614719,    23.24040063,  70.15184977, 138.71949081,  54.08971451,  10.54598832,   -10.64120835, -21.5204128 ,   0.50778948], [ 141.70691697, -24.00019844, -56.26966557,  20.77342973, -10.31017775,    -2.83084019,  23.81357225,  54.08971451, 113.37099308,  49.43820493,    -9.37880176,  -6.37795841,  -4.87723674], [  38.07513717,   8.87155523, -39.78298855,  31.52195337,  12.38434275,   -10.25907348,  -1.29003959,  10.54598832,  49.43820493,  97.48462252,    24.91676235,   6.44472294,   1.83688867], [ -94.49770545, -25.34550753,  72.52255777, -11.24983061,  -4.02212992,    -6.99602973, -14.66955215, -10.64120835,  -9.37880176,  24.91676235,    92.29999007,  38.62481245,   8.96872949], [ -34.86879889,  19.22940475, -40.88318392,  13.4646082 ,  -3.60287143,   -20.40535025, -11.22780989, -21.5204128 ,  -6.37795841,   6.44472294,    38.62481245,  84.25088698,  28.45820537], [   2.00484834,   3.57224399,  30.08277326, -25.91068308,   7.33163307,     0.31703589, -36.89910194,   0.50778948,  -4.87723674,   1.83688867,     8.96872949,  28.45820537,  81.20521652]]
/root/sim/music/out/Various_Artists/Dazed_And_Confused/10_Low_Rider.mp3; [-677.41504   , 113.110985  ,  13.430866  ,  27.21409   ,   7.5478435 ,   13.468492  ,   0.82746375,   5.9776053 ,  -4.1147847 ,  -2.21122   ,   -0.96046305,   1.9010917 ,  -2.2545867 ]; [[26024.17245592,  528.77094558,  407.05456502,   86.51644229,   -452.4056263 ,  109.72773247, -320.90119995, -219.05385798,   -497.31856917, -237.98118113, -330.99186743, -104.733225  ,    -16.47689595], [  528.77094558, 3271.51715305, -113.40121029,  -43.77276938,     70.52453856,    7.26598054,  145.80265032,    5.58404721,   -126.39748068, -157.99152613,   28.40932018,  127.45502749,    101.04619817], [  407.05456502, -113.40121029,  746.38852816,  142.36782599,     33.35724903,   29.08192668,   58.08507485,   69.99214889,    -62.67718127,  -55.04327769,   -5.87629885,   36.5903198 ,     17.1820819 ], [   86.51644229,  -43.77276938,  142.36782599,  317.04542171,     75.66195668,   19.443217  ,   16.26726394,   21.79462376,      4.90938404,   -1.55572907,   -2.24694121,    1.50420324,     -3.63399846], [ -452.4056263 ,   70.52453856,   33.35724903,   75.66195668,    206.67367555,   74.46635747,   21.5021532 ,    9.89127293,      3.07163211,    8.25083364,    8.2181323 ,    2.93338609,      9.62510351], [  109.72773247,    7.26598054,   29.08192668,   19.443217  ,     74.46635747,  140.70217249,   46.42453919,    5.33390371,      0.56696267,    7.74350059,    1.95954782,   -2.26340346,     18.08539308], [ -320.90119995,  145.80265032,   58.08507485,   16.26726394,     21.5021532 ,   46.42453919,  131.48527867,   62.14546819,     -0.36460621,   -5.46605858,   15.75958419,   20.86389538,     16.77732871], [ -219.05385798,    5.58404721,   69.99214889,   21.79462376,      9.89127293,    5.33390371,   62.14546819,  127.39646146,     42.27225064,    8.74756478,   17.68919536,   12.21781147,     -1.12428155], [ -497.31856917, -126.39748068,  -62.67718127,    4.90938404,      3.07163211,    0.56696267,   -0.36460621,   42.27225064,    148.08398841,   80.01796632,   19.3758538 ,   -6.12339376,    -10.10080849], [ -237.98118113, -157.99152613,  -55.04327769,   -1.55572907,      8.25083364,    7.74350059,   -5.46605858,    8.74756478,     80.01796632,  118.85450821,   35.33790593,  -13.0864135 ,     -6.00880645], [ -330.99186743,   28.40932018,   -5.87629885,   -2.24694121,      8.2181323 ,    1.95954782,   15.75958419,   17.68919536,     19.3758538 ,   35.33790593,   84.6835223 ,   35.77614374,     -6.00112795], [ -104.733225  ,  127.45502749,   36.5903198 ,    1.50420324,      2.93338609,   -2.26340346,   20.86389538,   12.21781147,     -6.12339376,  -13.0864135 ,   35.77614374,   92.24487772,     34.00817105], [  -16.47689595,  101.04619817,   17.1820819 ,   -3.63399846,      9.62510351,   18.08539308,   16.77732871,   -1.12428155,    -10.10080849,   -6.00880645,   -6.00112795,   34.00817105,     86.83375419]]
/root/sim/music/out/Various_Artists/Dazed_And_Confused/03_School's_Out.mp3; [-544.0967    , 101.32588   , -20.810894  ,  27.558851  ,   2.0451841 ,    9.004154  ,   2.2800555 ,   5.1739473 ,  -4.9031415 ,   2.6537468 ,   -1.5775415 ,   0.96457136,  -4.12134   ]; [[9289.67171628, 176.3674457 ,   7.72445573, 186.80537312, 106.09820098,   102.31579964, -55.9705506 ,  58.47131283, -93.55773057,  -0.23775366,   -34.68979838,  -1.58557116, -49.78199852], [ 176.3674457 ,1301.19811368,-142.00927508, 300.37311639,  37.10967144,    14.93273163, 110.97541794,  27.1460037 ,  13.60383797,  16.17115146,    41.77810137,   9.75658624, -71.78415822], [   7.72445573,-142.00927508, 765.06361589, -80.22755676, 193.97313169,   146.02812533,   5.02783616,  49.49443248,  -6.69759408,  55.60073252,    10.7901397 ,  -8.74690962,  12.77666986], [ 186.80537312, 300.37311639, -80.22755676, 424.85851031,  69.51639009,    -2.92686481,  58.17626077,  27.8967455 ,  19.31612487,   7.82803226,    38.34116271,  -8.55611463, -67.89704455], [ 106.09820098,  37.10967144, 193.97313169,  69.51639009, 251.36505245,    66.40780562,   9.72307863,  40.20707965,  16.91700125,  35.8627654 ,    15.92599802,  -6.29596637, -16.9937269 ], [ 102.31579964,  14.93273163, 146.02812533,  -2.92686481,  66.40780562,   163.26981188,  61.05751992,  10.19534204,  13.27714325,  23.4203227 ,     3.17716255,   0.69419661, -11.24781962], [ -55.9705506 , 110.97541794,   5.02783616,  58.17626077,   9.72307863,    61.05751992, 155.16098422,  43.46780649,  12.65432798,  11.16847807,    11.85860097,   0.13984323, -17.09914305], [  58.47131283,  27.1460037 ,  49.49443248,  27.8967455 ,  40.20707965,    10.19534204,  43.46780649, 105.84341405,  20.46934966,  -3.3920801 ,     5.53674903,  -3.61744736, -13.01359006], [ -93.55773057,  13.60383797,  -6.69759408,  19.31612487,  16.91700125,    13.27714325,  12.65432798,  20.46934966,  88.33197289,  31.13077279,     0.14723092,  -5.41964405, -11.23230079], [  -0.23775366,  16.17115146,  55.60073252,   7.82803226,  35.8627654 ,    23.4203227 ,  11.16847807,  -3.3920801 ,  31.13077279,  89.97231635,    33.6777891 ,   0.64985788,  -6.94685116], [ -34.68979838,  41.77810137,  10.7901397 ,  38.34116271,  15.92599802,     3.17716255,  11.85860097,   5.53674903,   0.14723092,  33.6777891 ,    85.10596859,  25.44653627, -14.29597804], [  -1.58557116,   9.75658624,  -8.74690962,  -8.55611463,  -6.29596637,     0.69419661,   0.13984323,  -3.61744736,  -5.41964405,   0.64985788,    25.44653627,  71.02244868,  30.05344485], [ -49.78199852, -71.78415822,  12.77666986, -67.89704455, -16.9937269 ,   -11.24781962, -17.09914305, -13.01359006, -11.23230079,  -6.94685116,   -14.29597804,  30.05344485,  97.86331492]]
/root/sim/music/out/Various_Artists/Dazed_And_Confused/12_Highway_Star.mp3; [-548.70557   , 129.10666   ,  -3.000313  ,   1.9863434 ,   9.103071  ,    6.083791  ,  -0.33921278,  -0.4431066 ,  -4.4588256 ,  -3.8175306 ,   -2.0483935 ,  -2.532346  , -10.150809  ]; [[6182.88363527, 242.67874032, -38.48584761,-146.57820114, -50.71822034,    29.8188606 , -64.67289686,  19.98504938,   9.60991279, -34.87813737,   -42.0280577 , -52.64524342, -93.14077305], [ 242.67874032, 940.51010115,-218.5167377 ,   5.02505409, 105.22628473,   -28.59679833,  48.1171964 , -10.68162028,  11.75129637,  12.43151388,     8.63436532, -10.70453084,  -4.27657328], [ -38.48584761,-218.5167377 , 480.46189819,  63.18194266, -77.80782853,    -0.57731787, -29.94961702,  -2.37377816, -10.9300441 , -49.94860211,   -16.27986097,   8.6113003 , -13.20482814], [-146.57820114,   5.02505409,  63.18194266, 175.00153427,   8.89039076,   -18.97899054, -10.95182072,   5.3620436 ,  -9.16728377,  -3.05489881,    -6.3649733 ,   1.11308298,   1.84636782], [ -50.71822034, 105.22628473, -77.80782853,   8.89039076, 165.33922599,     1.54985874, -15.24896505,   1.06691034,  22.87921654,   8.44819132,    10.93054443,  11.1099119 ,  12.68245446], [  29.8188606 , -28.59679833,  -0.57731787, -18.97899054,   1.54985874,   118.22347562,  47.31136028,  -7.71857417, -26.65745746,  -6.35011267,     8.11564016,  14.17542407,   5.63672461], [ -64.67289686,  48.1171964 , -29.94961702, -10.95182072, -15.24896505,    47.31136028, 110.76892052,  30.59611119, -15.60195143,  13.14840662,    13.16457262,   4.5955254 ,  13.99353519], [  19.98504938, -10.68162028,  -2.37377816,   5.3620436 ,   1.06691034,    -7.71857417,  30.59611119,  93.32201834,  31.79169199,  16.49560212,     4.29548362,   1.66259931,  10.70089383], [   9.60991279,  11.75129637, -10.9300441 ,  -9.16728377,  22.87921654,   -26.65745746, -15.60195143,  31.79169199,  90.95441495,  40.902675  ,    -0.44283933, -10.94059971,  -7.74151069], [ -34.87813737,  12.43151388, -49.94860211,  -3.05489881,   8.44819132,    -6.35011267,  13.14840662,  16.49560212,  40.902675  ,  94.06711034,    27.87546119,  -5.50114238,   4.97796413], [ -42.0280577 ,   8.63436532, -16.27986097,  -6.3649733 ,  10.93054443,     8.11564016,  13.16457262,   4.29548362,  -0.44283933,  27.87546119,    62.54962038,  26.20793232,   3.1804276 ], [ -52.64524342, -10.70453084,   8.6113003 ,   1.11308298,  11.1099119 ,    14.17542407,   4.5955254 ,   1.66259931, -10.94059971,  -5.50114238,    26.20793232,  63.04929261,  28.0231329 ], [ -93.14077305,  -4.27657328, -13.20482814,   1.84636782,  12.68245446,     5.63672461,  13.99353519,  10.70089383,  -7.74151069,   4.97796413,     3.1804276 ,  28.0231329 ,  68.02466176]]
/root/sim/music/out/Various_Artists/Dazed_And_Confused/11_Tuesday's_Gone.mp3; [-589.7502   , 124.95166  , -10.7825575,  32.382786 ,  11.168777 ,    1.8635728,  -3.7575195,   3.9257858,   0.9396595,   2.7179923,   -4.7910647,  -3.8548927,  -4.6035843]; [[10741.19332807, -380.8205641 , -115.39978724,   87.68443959,      9.59495467,  -51.39892573,  -60.69578408,    1.71368108,    -31.19050116,   42.29494741,  -40.68779351,  -19.42682958,    -93.07104298], [ -380.8205641 , 1460.80248437, -209.07161123,   61.70912397,    -27.65013031,   23.70638615,   16.48995699,   25.03100636,     44.15463741,   -6.14189206,   -2.55794926,  -17.31264396,     32.44338713], [ -115.39978724, -209.07161123,  462.074563  ,  -20.53495338,     40.96671729,   22.94479251,   28.83443324,   40.6475443 ,     25.84799461,   18.88750285,    0.46613737,    9.4591452 ,     19.24045536], [   87.68443959,   61.70912397,  -20.53495338,  205.47385131,     55.74084324,  -24.88690232,  -22.62706203,   10.6948011 ,      4.72004297,    3.49423151,   -6.93908471,    0.73621253,      6.33327415], [    9.59495467,  -27.65013031,   40.96671729,   55.74084324,    148.87813301,   29.42583528,  -25.40417967,  -16.86403883,      9.09673228,   10.45994462,    2.45648761,    7.81140956,      3.22923659], [  -51.39892573,   23.70638615,   22.94479251,  -24.88690232,     29.42583528,  116.70759983,   43.21964238,   -6.68199022,    -13.61439353,    1.09081124,   13.09293228,    6.63013744,      2.07279393], [  -60.69578408,   16.48995699,   28.83443324,  -22.62706203,    -25.40417967,   43.21964238,  118.08316668,   48.40103089,     -2.48554343,   -5.39478031,    4.81437477,    0.12866224,     11.27475268], [    1.71368108,   25.03100636,   40.6475443 ,   10.6948011 ,    -16.86403883,   -6.68199022,   48.40103089,  114.87661653,     38.26174804,   -7.75516202,   -7.50252817,   -3.10947577,     17.82217935], [  -31.19050116,   44.15463741,   25.84799461,    4.72004297,      9.09673228,  -13.61439353,   -2.48554343,   38.26174804,    100.28018479,   41.98928529,   -8.57984482,   -4.50459695,      2.79935683], [   42.29494741,   -6.14189206,   18.88750285,    3.49423151,     10.45994462,    1.09081124,   -5.39478031,   -7.75516202,     41.98928529,   91.27963378,   23.28310272,    1.75692132,     -8.91704484], [  -40.68779351,   -2.55794926,    0.46613737,   -6.93908471,      2.45648761,   13.09293228,    4.81437477,   -7.50252817,     -8.57984482,   23.28310272,   73.62413715,   30.09150686,      1.4357359 ], [  -19.42682958,  -17.31264396,    9.4591452 ,    0.73621253,      7.81140956,    6.63013744,    0.12866224,   -3.10947577,     -4.50459695,    1.75692132,   30.09150686,   73.37224215,     26.00468807], [  -93.07104298,   32.44338713,   19.24045536,    6.33327415,      3.22923659,    2.07279393,   11.27475268,   17.82217935,      2.79935683,   -8.91704484,    1.4357359 ,   26.00468807,     81.76994061]]
/root/sim/music/out/Various_Artists/Dazed_And_Confused/06_Love_Hurts.mp3; [-617.381     , 133.96452   , -13.235411  ,  31.878073  ,  19.374235  ,   22.44611   ,   3.2727585 ,  12.253931  ,  -4.1755204 ,   3.2035556 ,    5.075119  ,  -0.21672972,  -5.241438  ]; [[14404.6953817 ,-1798.80539274,  -10.40315985,  -37.6868301 ,   -791.18952344,  366.7406055 , -171.32264437,  123.74938732,   -109.84032223, -144.79787687, -231.77104091,  -48.09348455,    -40.49716011], [-1798.80539274, 2069.13701481, -566.67051335,   50.23165937,    417.41685549, -183.16864494,   99.75980324,   65.19416814,     34.98372494,   88.25320089,   83.90333267,  -61.05053097,    -18.40607799], [  -10.40315985, -566.67051335,  923.34874817,   70.92521658,   -158.10772335,  157.81296683,  -55.61399273,  -19.19364396,    -52.07198433,  -35.31194406,   37.12786906,   79.55679105,    -13.43613758], [  -37.6868301 ,   50.23165937,   70.92521658,  450.59760159,     22.7570676 ,  -15.77348774,  -76.60805074,   11.0305847 ,      5.30185159,   -1.07135508,  -19.57904751,   27.24760218,      4.22364025], [ -791.18952344,  417.41685549, -158.10772335,   22.7570676 ,    373.64331313,  -43.78163628,   40.78238673,  -59.63809357,     38.15052178,   21.80935488,   13.26079194,    7.11570448,      7.44471548], [  366.7406055 , -183.16864494,  157.81296683,  -15.77348774,    -43.78163628,  262.87793679,   19.89671872,   -5.24913274,    -22.49706247,  -36.38080151,   17.97658835,   -8.7753071 ,    -10.45205127], [ -171.32264437,   99.75980324,  -55.61399273,  -76.60805074,     40.78238673,   19.89671872,  184.60245385,   15.06011122,     -5.36688137,  -10.67034428,    0.56890427,  -19.84688852,      7.80129092], [  123.74938732,   65.19416814,  -19.19364396,   11.0305847 ,    -59.63809357,   -5.24913274,   15.06011122,  158.22564454,     25.28576377,   -5.26410529,  -18.57215093,  -30.40790824,     -5.54154377], [ -109.84032223,   34.98372494,  -52.07198433,    5.30185159,     38.15052178,  -22.49706247,   -5.36688137,   25.28576377,    185.15894244,   11.56281088,  -30.576361  ,  -42.43722433,    -25.63751831], [ -144.79787687,   88.25320089,  -35.31194406,   -1.07135508,     21.80935488,  -36.38080151,  -10.67034428,   -5.26410529,     11.56281088,  112.00555626,   33.20576727,    0.32244506,     -9.6726476 ], [ -231.77104091,   83.90333267,   37.12786906,  -19.57904751,     13.26079194,   17.97658835,    0.56890427,  -18.57215093,    -30.576361  ,   33.20576727,  122.06544252,   30.64935962,    -14.60734424], [  -48.09348455,  -61.05053097,   79.55679105,   27.24760218,      7.11570448,   -8.7753071 ,  -19.84688852,  -30.40790824,    -42.43722433,    0.32244506,   30.64935962,  113.563563  ,     29.00930046], [  -40.49716011,  -18.40607799,  -13.43613758,    4.22364025,      7.44471548,  -10.45205127,    7.80129092,   -5.54154377,    -25.63751831,   -9.6726476 ,  -14.60734424,   29.00930046,     81.78895091]]
/root/sim/music/out/Various_Artists/Dazed_And_Confused/13_Rock_And_Roll_All_Nite.mp3; [-601.7198   , 103.67684  , -12.623817 ,  31.073973 ,  -4.1344414,   10.463679 ,   3.3633037,  10.67373  ,   1.0113102,   6.1867504,    1.8731494,  -1.5523719,  -2.9569545]; [[18805.91128622, 1132.98907317, -511.81465103,  288.90098387,   -321.80145626,   78.56397942,  -28.31018586,  186.08894002,   -109.40790236,  -15.24686005,  -25.9320794 ,  -57.33535171,    -76.44840382], [ 1132.98907317,  956.40833945, -279.49895382,  122.24538461,     -7.52943842,   98.38064989,  132.24484815,  105.52140522,     22.37369285,   57.79578272,   39.86484466,   41.99250412,    -20.79726829], [ -511.81465103, -279.49895382,  568.95089487,  152.96408091,    119.21282938,  -31.32688376,  -78.50149482,  -41.37708816,     18.03149544,  -41.47386613,   -4.5243385 ,   31.76083236,     60.02680648], [  288.90098387,  122.24538461,  152.96408091,  360.99132934,    132.82024327,  -14.78898713,  -68.28041765,  -11.65984101,     70.83286567,   10.47572553,  -12.57345965,   32.42939296,     32.03734293], [ -321.80145626,   -7.52943842,  119.21282938,  132.82024327,    185.56673412,   29.24962602,  -40.2053041 ,  -15.71605188,     63.31096812,   30.54114458,    4.70618326,   14.72422426,     18.09853627], [   78.56397942,   98.38064989,  -31.32688376,  -14.78898713,     29.24962602,  152.86028306,  108.63427968,   47.56150819,    -18.46022054,   12.68982591,   26.06655556,    4.88951621,     -8.81539629], [  -28.31018586,  132.24484815,  -78.50149482,  -68.28041765,    -40.2053041 ,  108.63427968,  227.53073301,  100.85754465,    -32.55765839,  -16.06940501,   31.62376595,   11.05725864,    -14.5353071 ], [  186.08894002,  105.52140522,  -41.37708816,  -11.65984101,    -15.71605188,   47.56150819,  100.85754465,  112.94974549,     12.97614553,   10.68420284,   17.37707924,   15.69787021,     -4.30046663], [ -109.40790236,   22.37369285,   18.03149544,   70.83286567,     63.31096812,  -18.46022054,  -32.55765839,   12.97614553,    119.58698452,   52.28181519,    6.64869925,    4.23974508,      4.44971247], [  -15.24686005,   57.79578272,  -41.47386613,   10.47572553,     30.54114458,   12.68982591,  -16.06940501,   10.68420284,     52.28181519,   94.47240381,   31.54866529,   -2.65378807,     -3.42141694], [  -25.9320794 ,   39.86484466,   -4.5243385 ,  -12.57345965,      4.70618326,   26.06655556,   31.62376595,   17.37707924,      6.64869925,   31.54866529,   63.40508127,   19.50809365,      1.69640607], [  -57.33535171,   41.99250412,   31.76083236,   32.42939296,     14.72422426,    4.88951621,   11.05725864,   15.69787021,      4.23974508,   -2.65378807,   19.50809365,   59.52553836,     21.01064541], [  -76.44840382,  -20.79726829,   60.02680648,   32.03734293,     18.09853627,   -8.81539629,  -14.5353071 ,   -4.30046663,      4.44971247,   -3.42141694,    1.69640607,   21.01064541,     49.71319123]]
/root/sim/music/out/Various_Artists/Dazed_And_Confused/09_Fox_On_The_Run.mp3; [-576.47766   , 116.21573   , -14.442743  ,  16.342278  ,  12.010964  ,    1.0455468 ,   4.3141418 ,   4.6998634 ,   2.119309  ,   0.88604623,   -5.0216866 ,  -1.1565481 ,  -4.292017  ]; [[19013.28025178,  643.09677279,-1233.19048082,  119.15532878,    371.3562362 ,  141.72301068,  177.10352792,  285.06831388,     69.3991835 ,  155.92999774,  -30.91202892,  -26.80803812,    -62.16799823], [  643.09677279,  963.53733385,  -25.74259262,  -15.43979141,    -57.38136765,  -80.85112882,    0.84816841,  -43.94309699,    -41.6937555 ,   -5.02639573,  -17.56225866,  -15.34418586,    -34.55647332], [-1233.19048082,  -25.74259262,  676.30064601,   34.13364059,     22.51447145,   23.43145657,  -38.27906865,  -35.36234952,     29.12016291,  -68.3753634 ,  -10.7819227 ,  -10.58884184,     28.84460685], [  119.15532878,  -15.43979141,   34.13364059,  254.03239155,    105.09019187,  -27.0057691 ,  -98.37861117,    5.46208984,     52.42558145,   24.88929385,  -30.5684128 ,    7.15901316,     20.43728546], [  371.3562362 ,  -57.38136765,   22.51447145,  105.09019187,    237.43417989,   15.54734719,  -46.86157779,   10.37025284,     68.94562932,   21.86114107,  -15.583908  ,   -0.65828503,      6.26973455], [  141.72301068,  -80.85112882,   23.43145657,  -27.0057691 ,     15.54734719,  191.44969206,   99.16836292,   -7.30458877,    -10.77565655,  -11.84959394,   20.14554803,    6.67426993,     -5.13550066], [  177.10352792,    0.84816841,  -38.27906865,  -98.37861117,    -46.86157779,   99.16836292,  249.14173452,   35.79987484,    -49.0670426 ,   -9.93943388,   37.60735797,    5.70366996,    -14.95216367], [  285.06831388,  -43.94309699,  -35.36234952,    5.46208984,     10.37025284,   -7.30458877,   35.79987484,  102.84158214,     14.9720684 ,   18.12677106,    6.74223391,   -2.01416   ,      4.23910116], [   69.3991835 ,  -41.6937555 ,   29.12016291,   52.42558145,     68.94562932,  -10.77565655,  -49.0670426 ,   14.9720684 ,    123.06382323,   33.62633814,  -16.14547804,    9.0977173 ,     11.1335023 ], [  155.92999774,   -5.02639573,  -68.3753634 ,   24.88929385,     21.86114107,  -11.84959394,   -9.93943388,   18.12677106,     33.62633814,   99.44062342,    8.94114681,   10.44841685,     -4.14525373], [  -30.91202892,  -17.56225866,  -10.7819227 ,  -30.5684128 ,    -15.583908  ,   20.14554803,   37.60735797,    6.74223391,    -16.14547804,    8.94114681,   79.56599629,   10.91276937,     -8.98668562], [  -26.80803812,  -15.34418586,  -10.58884184,    7.15901316,     -0.65828503,    6.67426993,    5.70366996,   -2.01416   ,      9.0977173 ,   10.44841685,   10.91276937,   66.31616184,     16.93034461], [  -62.16799823,  -34.55647332,   28.84460685,   20.43728546,      6.26973455,   -5.13550066,  -14.95216367,    4.23910116,     11.1335023 ,   -4.14525373,   -8.98668562,   16.93034461,     56.51060244]]
/root/sim/music/out/Various_Artists/Dazed_And_Confused/04_Jim_Dandy.mp3; [-557.7194   , 111.15995  ,  -8.841    ,  22.12706  ,   6.4134297,    4.3899593,   4.014556 ,   3.7044196,   3.9323037,  -1.2775505,   -6.120708 ,   3.114081 ,   3.2064095]; [[15995.56083192, 1501.51838473,  -93.76504294,  256.45815451,    146.36679104,   44.85776508,  106.88567388,   22.51379026,     69.11567688,  -12.09663343, -129.9760423 ,   -7.02033004,      2.51460816], [ 1501.51838473, 1147.52623607,  -80.61540814,   16.81129697,    143.558488  ,   46.03835897,   60.29053468,   45.47796336,     16.3078694 ,  -36.85246388,  -38.95438406,    0.99247209,      8.15706242], [  -93.76504294,  -80.61540814,  600.63302874,   40.39005983,     92.47870263,   23.38002635,    2.58559648,   27.06961407,    -41.92904688,  -20.65717986,   -6.49343599,   -2.72782304,    -15.81001453], [  256.45815451,   16.81129697,   40.39005983,  274.88154838,     35.10288466,  -25.07613483,  -29.76303782,    2.31714347,     24.98890744,    3.17003409,  -22.23940328,   11.62087946,     19.4179865 ], [  146.36679104,  143.558488  ,   92.47870263,   35.10288466,    227.22705206,   18.9310449 ,   11.6319395 ,   10.40463284,      6.86353886,    6.33409958,  -15.024751  ,    2.18519261,      1.4950727 ], [   44.85776508,   46.03835897,   23.38002635,  -25.07613483,     18.9310449 ,  132.85869899,   44.79140479,    1.3561682 ,    -19.32536991,  -14.38140294,    3.19901319,   -1.92070324,     -6.85815263], [  106.88567388,   60.29053468,    2.58559648,  -29.76303782,     11.6319395 ,   44.79140479,  158.82803327,   50.91782503,     -5.96999999,  -20.66345082,  -12.18149081,    4.49448477,     -3.43270563], [   22.51379026,   45.47796336,   27.06961407,    2.31714347,     10.40463284,    1.3561682 ,   50.91782503,  100.30401346,     25.39386043,  -13.55778454,   -5.06078927,    2.15598078,      2.95893602], [   69.11567688,   16.3078694 ,  -41.92904688,   24.98890744,      6.86353886,  -19.32536991,   -5.96999999,   25.39386043,     98.04704288,   34.35207394,    2.57394444,    3.21303398,      1.59595693], [  -12.09663343,  -36.85246388,  -20.65717986,    3.17003409,      6.33409958,  -14.38140294,  -20.66345082,  -13.55778454,     34.35207394,  103.86836031,   41.71233084,   -7.04406813,     -5.87120897], [ -129.9760423 ,  -38.95438406,   -6.49343599,  -22.23940328,    -15.024751  ,    3.19901319,  -12.18149081,   -5.06078927,      2.57394444,   41.71233084,   84.79529082,   15.7108016 ,     -8.69238689], [   -7.02033004,    0.99247209,   -2.72782304,   11.62087946,      2.18519261,   -1.92070324,    4.49448477,    2.15598078,      3.21303398,   -7.04406813,   15.7108016 ,   67.67672865,     24.2942877 ], [    2.51460816,    8.15706242,  -15.81001453,   19.4179865 ,      1.4950727 ,   -6.85815263,   -3.43270563,    2.95893602,      1.59595693,   -5.87120897,   -8.69238689,   24.2942877 ,     63.22314984]]
/root/sim/music/out/Various_Artists/Dazed_And_Confused/14_Paranoid.mp3; [-577.2407   , 110.800964 ,  10.9180355,  53.944214 ,  12.482437 ,    1.7129154,   1.3835143,   3.1608076,   2.0464919,   5.7273955,   -0.8847314,   0.6588484,  -3.3183892]; [[7990.28989912,  50.71456785,-187.93598231, -82.95002127,-208.40241733,   172.22038808,  64.78850313,  37.13979279,  86.25274511,  25.30138184,   -17.46497126,  62.16571615, -47.34446415], [  50.71456785, 881.71433074,-172.88989747,  93.76701735,  82.32548238,   -10.80684743,  76.87179289,  30.5876396 ,  23.05832154,  33.05418756,     7.60000325,  -8.43460082,  10.28950994], [-187.93598231,-172.88989747, 556.20897487, 101.17556409, 107.98030765,    31.80335396,  -6.66148605,  40.44946148,  21.78116112, -20.80141592,    41.37842054,  34.96697393,   8.58166422], [ -82.95002127,  93.76701735, 101.17556409, 239.31109675, 102.47071397,     8.26332164, -24.18509421,  -1.02268905,  13.81379277,   4.962101  ,   -18.81807834,  13.77397491,  10.37456772], [-208.40241733,  82.32548238, 107.98030765, 102.47071397, 155.13738994,    39.41094854,   9.7371998 ,  -1.12339108,  30.80508772,   9.06881661,    -7.90622511,  18.68176122,   3.53618551], [ 172.22038808, -10.80684743,  31.80335396,   8.26332164,  39.41094854,   128.8285686 ,  68.42609944,  -4.0724697 ,  14.30747767,   2.26098946,    -1.76938937,  15.28311852,  -8.30519589], [  64.78850313,  76.87179289,  -6.66148605, -24.18509421,   9.7371998 ,    68.42609944, 120.11818141,  24.48507003,  12.71189856,   3.573291  ,     7.61348122,  13.04461702,  -2.55117554], [  37.13979279,  30.5876396 ,  40.44946148,  -1.02268905,  -1.12339108,    -4.0724697 ,  24.48507003,  76.36763416,  19.38632819,   3.97475928,    14.83166928,  -2.43821475,   9.06696149], [  86.25274511,  23.05832154,  21.78116112,  13.81379277,  30.80508772,    14.30747767,  12.71189856,  19.38632819,  83.03267372,  27.14441408,    -4.93770652,  12.44958706,  -3.94181902], [  25.30138184,  33.05418756, -20.80141592,   4.962101  ,   9.06881661,     2.26098946,   3.573291  ,   3.97475928,  27.14441408,  53.86572283,    15.45394462,   0.10420944,  -0.16708618], [ -17.46497126,   7.60000325,  41.37842054, -18.81807834,  -7.90622511,    -1.76938937,   7.61348122,  14.83166928,  -4.93770652,  15.45394462,    66.84914239,  10.83551405,   6.92668063], [  62.16571615,  -8.43460082,  34.96697393,  13.77397491,  18.68176122,    15.28311852,  13.04461702,  -2.43821475,  12.44958706,   0.10420944,    10.83551405,  63.12175362,  17.33272938], [ -47.34446415,  10.28950994,   8.58166422,  10.37456772,   3.53618551,    -8.30519589,  -2.55117554,   9.06696149,  -3.94181902,  -0.16708618,     6.92668063,  17.33272938,  49.11336817]]
/root/sim/music/out/Various_Artists/Dazed_And_Confused/01_Rock_And_Roll_Hoochie_Koo.mp3; [-552.3235    , 105.97611   , -14.2530155 ,  37.9908    ,  14.336411  ,   -2.7842836 ,   0.27063286,   1.94097   ,  -7.7522755 ,   3.9416926 ,    0.3911785 ,  -0.4713002 ,  -0.81327623]; [[12206.14835523,  642.68947395, -433.51301841,  374.736982  ,    192.04544577,  -26.01527624,   53.72631234,   64.65714207,    -52.66162312,   95.34093524,    1.08722288,   -0.99879249,     15.67635593], [  642.68947395,  733.63730471,  -77.5654833 ,   95.57872114,     32.19064135,  -26.87944192,   18.2748038 ,   14.76844157,    -12.85256762,   14.46411552,   22.39676127,    6.93821905,     20.23693373], [ -433.51301841,  -77.5654833 ,  585.18828267,  -10.50716203,     19.79070446,   35.80777268,  -16.1459283 ,   14.17254591,     33.23520911,  -12.20202824,   17.44065311,    8.14936859,      8.53567257], [  374.736982  ,   95.57872114,  -10.50716203,  273.40247878,     62.67078669,  -24.87483862,    3.21945211,  -14.23087698,     33.84375116,   22.92431241,    1.33829513,    3.28467167,      6.303179  ], [  192.04544577,   32.19064135,   19.79070446,   62.67078669,    134.72786941,   23.78253813,    9.49684818,    6.34786651,      8.18172554,   21.4969935 ,   13.76552406,    7.39047221,      9.72727742], [  -26.01527624,  -26.87944192,   35.80777268,  -24.87483862,     23.78253813,  127.83374331,   38.4027315 ,   17.21612891,      1.56690619,   -5.72875217,   14.8397346 ,    1.61420985,     -2.74070795], [   53.72631234,   18.2748038 ,  -16.1459283 ,    3.21945211,      9.49684818,   38.4027315 ,   99.73625444,   32.64555759,     10.78436152,    8.3407077 ,   17.53046071,   15.33845168,     11.23512084], [   64.65714207,   14.76844157,   14.17254591,  -14.23087698,      6.34786651,   17.21612891,   32.64555759,   90.49796185,     30.5434896 ,    7.81200523,   -0.34773286,    0.67012839,     13.13279158], [  -52.66162312,  -12.85256762,   33.23520911,   33.84375116,      8.18172554,    1.56690619,   10.78436152,   30.5434896 ,     97.51609909,   30.20328491,    4.00863301,   -4.69110842,      3.37486053], [   95.34093524,   14.46411552,  -12.20202824,   22.92431241,     21.4969935 ,   -5.72875217,    8.3407077 ,    7.81200523,     30.20328491,   87.79137547,   33.22672287,   14.89732842,      4.63298533], [    1.08722288,   22.39676127,   17.44065311,    1.33829513,     13.76552406,   14.8397346 ,   17.53046071,   -0.34773286,      4.00863301,   33.22672287,   73.5705027 ,   33.47234102,      7.09156739], [   -0.99879249,    6.93821905,    8.14936859,    3.28467167,      7.39047221,    1.61420985,   15.33845168,    0.67012839,     -4.69110842,   14.89732842,   33.47234102,   72.38242671,     28.47224285], [   15.67635593,   20.23693373,    8.53567257,    6.303179  ,      9.72727742,   -2.74070795,   11.23512084,   13.13279158,      3.37486053,    4.63298533,    7.09156739,   28.47224285,     59.32938832]]
