/root/sim/music/out/Deep_Purple/The_Very_Best_Of/02_Kentucky_Woman.mp3; [-588.14435   , 131.70638   , -16.56489   ,  52.926556  ,   5.1402783 ,   18.824095  ,   0.71180606,   5.2390285 ,  -1.6129897 ,   2.872789  ,   -1.3475043 ,  -1.0044514 ,  -0.5429487 ]; [[10911.31230294,  -27.34484378, -591.66525715,  211.78014289,   -117.1815475 ,   77.9452694 , -109.13109955,  208.97715791,   -102.78437414,   46.17456666,  -51.02889254,  -15.28528406,    -54.02400983], [  -27.34484378, 1308.18913373,  -55.91244279,  184.16394467,      9.80086115,   84.62390666,   93.30813935, -130.59067387,     35.61701741,    2.21801391,   34.98156012,   18.29782518,     -2.75800464], [ -591.66525715,  -55.91244279,  536.28391159,  -72.46714014,    -10.89086039,   54.56026936,  -23.57211361,   20.73801707,    -13.49847741,   -5.65453817,   36.81778763,    4.2717556 ,     18.32054672], [  211.78014289,  184.16394467,  -72.46714014,  339.87766426,     82.04912394,   13.66893086,    8.59472516,  -55.27711557,     30.65601705,   -9.98383516,  -22.72680283,    6.14949914,      2.67612465], [ -117.1815475 ,    9.80086115,  -10.89086039,   82.04912394,    169.99032958,   13.00633774,  -17.43760196,    6.83844442,      0.37150563,    8.02444466,   -5.03765231,  -14.63581952,      4.49113879], [   77.9452694 ,   84.62390666,   54.56026936,   13.66893086,     13.00633774,  126.00809118,   43.74636788,  -14.25569541,     18.72646098,   18.02435991,    7.59227637,    6.50274621,     -5.90555578], [ -109.13109955,   93.30813935,  -23.57211361,    8.59472516,    -17.43760196,   43.74636788,  107.40989637,   12.47336981,     14.43894086,   16.74237607,    9.03096574,   10.80723551,     -5.3559669 ], [  208.97715791, -130.59067387,   20.73801707,  -55.27711557,      6.83844442,  -14.25569541,   12.47336981,  129.67544122,      2.27239462,   -2.2999751 ,    5.20667568,   -7.61224719,     -0.21265725], [ -102.78437414,   35.61701741,  -13.49847741,   30.65601705,      0.37150563,   18.72646098,   14.43894086,    2.27239462,     96.84450459,   18.92423328,  -20.63789412,   16.00692016,     12.54216103], [   46.17456666,    2.21801391,   -5.65453817,   -9.98383516,      8.02444466,   18.02435991,   16.74237607,   -2.2999751 ,     18.92423328,   95.6146906 ,   23.10085898,   -4.44299033,      9.31003785], [  -51.02889254,   34.98156012,   36.81778763,  -22.72680283,     -5.03765231,    7.59227637,    9.03096574,    5.20667568,    -20.63789412,   23.10085898,   86.88600318,   14.67252454,    -12.90159783], [  -15.28528406,   18.29782518,    4.2717556 ,    6.14949914,    -14.63581952,    6.50274621,   10.80723551,   -7.61224719,     16.00692016,   -4.44299033,   14.67252454,   72.66684397,     17.55756733], [  -54.02400983,   -2.75800464,   18.32054672,    2.67612465,      4.49113879,   -5.90555578,   -5.3559669 ,   -0.21265725,     12.54216103,    9.31003785,  -12.90159783,   17.55756733,     78.71567753]]
/root/sim/music/out/TRF/TRF_20TH_Anniversary_COMPLETE_SINGLE_BEST_[Disc_2]/07-Frame.mp3; [-512.4335    ,  85.00363   ,  11.401268  ,  21.01192   ,   1.8205462 ,    6.373733  ,   0.21467584,   3.4569058 ,   1.4388893 ,   3.8773608 ,   -2.1263564 ,   0.7508394 ,  -0.6835425 ]; [[13699.32099547,  656.13598519,  187.04151059,  253.53963691,     48.9470972 ,  206.71446818,   37.70779293,   63.16331687,     65.97729971,   68.65213068,  -33.04428128,    6.99320158,     21.22826694], [  656.13598519,  475.02758693,   -3.52383842,   71.4248886 ,     13.64146888,   17.37811831,    9.81662644,   10.84209207,      4.77654747,   18.0867575 ,   -8.59804952,    1.3536359 ,      0.02582289], [  187.04151059,   -3.52383842,  352.2756553 ,  105.87509247,     95.82002785,   27.55349242,   34.48766013,   34.94119314,      6.36015624,   18.96587999,   21.80045928,   12.94537825,    -14.46535642], [  253.53963691,   71.4248886 ,  105.87509247,  208.51813917,     75.85947296,   33.87086665,   22.84725655,   43.48910505,      2.83013905,    1.34059813,   12.15593529,   28.33072685,      7.78699291], [   48.9470972 ,   13.64146888,   95.82002785,   75.85947296,    134.05324879,   45.45954782,   48.53513754,   32.03807121,     17.74706123,   10.04392938,    5.00060238,   18.503273  ,      5.79622939], [  206.71446818,   17.37811831,   27.55349242,   33.87086665,     45.45954782,  126.04103443,   58.63018992,   19.47243915,     20.46299358,   18.37226642,    1.24225724,    4.69876406,     11.06561364], [   37.70779293,    9.81662644,   34.48766013,   22.84725655,     48.53513754,   58.63018992,  104.30944443,   34.69555593,     25.38803596,   19.5871745 ,   13.01832964,   13.88063665,     -0.55870299], [   63.16331687,   10.84209207,   34.94119314,   43.48910505,     32.03807121,   19.47243915,   34.69555593,   79.05604302,     29.86098435,   12.3147705 ,   12.84478518,    9.83825626,      1.672761  ], [   65.97729971,    4.77654747,    6.36015624,    2.83013905,     17.74706123,   20.46299358,   25.38803596,   29.86098435,     84.18026173,   30.30324104,    3.57155218,    5.43951221,      2.37484291], [   68.65213068,   18.0867575 ,   18.96587999,    1.34059813,     10.04392938,   18.37226642,   19.5871745 ,   12.3147705 ,     30.30324104,   59.80280528,   22.14306617,    4.60194322,     -1.95910609], [  -33.04428128,   -8.59804952,   21.80045928,   12.15593529,      5.00060238,    1.24225724,   13.01832964,   12.84478518,      3.57155218,   22.14306617,   61.09388641,   24.18186405,      2.88073258], [    6.99320158,    1.3536359 ,   12.94537825,   28.33072685,     18.503273  ,    4.69876406,   13.88063665,    9.83825626,      5.43951221,    4.60194322,   24.18186405,   70.3030836 ,     25.31034321], [   21.22826694,    0.02582289,  -14.46535642,    7.78699291,      5.79622939,   11.06561364,   -0.55870299,    1.672761  ,      2.37484291,   -1.95910609,    2.88073258,   25.31034321,     62.96803277]]
/root/sim/music/out/TRF/TRF_20TH_Anniversary_COMPLETE_SINGLE_BEST_[Disc_2]/11-JOY.mp3; [-568.9676    , 127.82084   ,   5.8230925 ,  13.872619  ,   4.7072186 ,   11.617487  ,  -3.7834563 ,   0.7973755 ,  -0.43788636,   0.11970086,   -2.039359  ,  -3.1437957 ,   1.0064527 ]; [[15410.6232688 ,   20.1797301 , -529.6210125 , -209.57072304,     62.76195698,  172.27861535,  297.39897637,  291.44785057,    190.44530765,  438.67551421,   69.05229317,   37.53395844,    -14.38462972], [   20.1797301 , 1152.74792689, -230.34715981,  116.2479026 ,     44.36494788,   -5.92058581,  -28.03390138,  -14.84200721,    -28.18527933,  -14.29328757,   -7.3691525 ,   -2.469344  ,     18.22443045], [ -529.6210125 , -230.34715981,  558.73087744,   39.57448852,     -6.73325126,    7.71018297,  -44.26249388,  -71.78437517,     10.07844234,  -79.03203716,   12.30908014,    9.89213899,     -1.2400015 ], [ -209.57072304,  116.2479026 ,   39.57448852,  364.35168566,    131.94560103,   71.36070867,    6.49619875,   11.3812398 ,      6.65909214,    8.84195999,    1.64302757,   33.67761035,     12.02071352], [   62.76195698,   44.36494788,   -6.73325126,  131.94560103,    250.54453451,   51.04943695,   30.69837072,    7.04952081,     16.0979126 ,   26.74396751,    0.45306459,   17.89679344,     -5.55497464], [  172.27861535,   -5.92058581,    7.71018297,   71.36070867,     51.04943695,  193.26331566,   44.85105942,   19.26211396,     26.3963422 ,   28.57204321,    0.96100967,  -18.29673951,     -7.43049586], [  297.39897637,  -28.03390138,  -44.26249388,    6.49619875,     30.69837072,   44.85105942,  185.09924348,   62.23301017,     24.90831637,   47.5133384 ,    9.5922329 ,   24.03543666,     -5.64394866], [  291.44785057,  -14.84200721,  -71.78437517,   11.3812398 ,      7.04952081,   19.26211396,   62.23301017,  129.49860242,     18.26722896,   60.16354886,    4.81276746,    1.75222544,      1.039674  ], [  190.44530765,  -28.18527933,   10.07844234,    6.65909214,     16.0979126 ,   26.3963422 ,   24.90831637,   18.26722896,    120.33985465,   33.87219772,   16.83226157,   -6.39641603,     -1.16462349], [  438.67551421,  -14.29328757,  -79.03203716,    8.84195999,     26.74396751,   28.57204321,   47.5133384 ,   60.16354886,     33.87219772,  141.59254034,   22.41868564,   17.86965953,     -1.75516823], [   69.05229317,   -7.3691525 ,   12.30908014,    1.64302757,      0.45306459,    0.96100967,    9.5922329 ,    4.81276746,     16.83226157,   22.41868564,   87.01392026,   17.88763146,      8.56508674], [   37.53395844,   -2.469344  ,    9.89213899,   33.67761035,     17.89679344,  -18.29673951,   24.03543666,    1.75222544,     -6.39641603,   17.86965953,   17.88763146,  119.65680805,     35.81011561], [  -14.38462972,   18.22443045,   -1.2400015 ,   12.02071352,     -5.55497464,   -7.43049586,   -5.64394866,    1.039674  ,     -1.16462349,   -1.75516823,    8.56508674,   35.81011561,    101.97331531]]
/root/sim/music/out/TRF/TRF_20TH_Anniversary_COMPLETE_SINGLE_BEST_[Disc_2]/13-He_Lives_in_You.mp3; [-572.6303    , 114.70335   ,   5.498593  ,  27.36232   ,   6.1942453 ,    5.5244536 ,   2.7561471 ,   3.6090422 ,   4.748958  ,   5.7631273 ,    0.24209037,   4.1608233 ,   1.9674606 ]; [[24207.55873271, 2830.03037268,  659.84756764, -269.0833083 ,     67.32550086,  566.79455822,  521.78764234,  344.42371218,    -81.07283277,   23.797613  ,   83.65462712,  -38.86791026,   -260.21569447], [ 2830.03037268, 1648.67009075,  177.52344383,   78.85850672,    141.30825128,  184.26281159,  244.10301817,  129.323777  ,    -41.93557569,   77.63606415,  115.24190752,  -13.15088099,    -67.42449527], [  659.84756764,  177.52344383,  506.04318941,   29.63088371,     39.09931336,   72.99915256,   33.31715924,  -26.50050649,      7.80647393,    1.7949355 ,    8.39263975,    8.83340787,     -7.12644274], [ -269.0833083 ,   78.85850672,   29.63088371,  208.28878323,     42.98494243,   -3.47543635,   10.21566984,  -15.04940002,     16.47728246,   11.54816321,    4.49266853,   27.47052464,     20.38425033], [   67.32550086,  141.30825128,   39.09931336,   42.98494243,    153.23039652,   23.82843376,   17.03037816,   32.90073902,      0.46342163,   14.93454349,   32.75652964,    2.92925847,      8.43064781], [  566.79455822,  184.26281159,   72.99915256,   -3.47543635,     23.82843376,  167.13019336,   90.43605749,   33.23081041,     10.56483257,   23.07714164,   18.76689787,   -2.98587326,    -13.74916278], [  521.78764234,  244.10301817,   33.31715924,   10.21566984,     17.03037816,   90.43605749,  164.36191017,   45.66458447,      1.31195581,   19.92344927,   29.13368802,    5.06735065,    -17.20646078], [  344.42371218,  129.323777  ,  -26.50050649,  -15.04940002,     32.90073902,   33.23081041,   45.66458447,  119.33316957,     18.19313178,   24.06477434,   27.56210024,    0.30640621,     -1.42232291], [  -81.07283277,  -41.93557569,    7.80647393,   16.47728246,      0.46342163,   10.56483257,    1.31195581,   18.19313178,     94.82209217,   24.85398316,   -0.06533631,   14.19024329,     15.19162875], [   23.797613  ,   77.63606415,    1.7949355 ,   11.54816321,     14.93454349,   23.07714164,   19.92344927,   24.06477434,     24.85398316,   73.87507128,   30.18491154,    3.43507879,      6.32711421], [   83.65462712,  115.24190752,    8.39263975,    4.49266853,     32.75652964,   18.76689787,   29.13368802,   27.56210024,     -0.06533631,   30.18491154,   76.15583922,   19.8420489 ,      4.30755036], [  -38.86791026,  -13.15088099,    8.83340787,   27.47052464,      2.92925847,   -2.98587326,    5.06735065,    0.30640621,     14.19024329,    3.43507879,   19.8420489 ,   72.12091239,     27.36113646], [ -260.21569447,  -67.42449527,   -7.12644274,   20.38425033,      8.43064781,  -13.74916278,  -17.20646078,   -1.42232291,     15.19162875,    6.32711421,    4.30755036,   27.36113646,     65.57247984]]
/root/sim/music/out/TRF/TRF_20TH_Anniversary_COMPLETE_SINGLE_BEST_[Disc_2]/06-Unite!_The_Night!.mp3; [-539.16187   ,  92.563034  ,  10.042388  ,  22.716583  ,   6.701358  ,   11.048814  ,   3.4971924 ,   4.433829  ,   3.591261  ,   4.6433067 ,   -0.75753844,   0.73989093,  -1.1727167 ]; [[12968.43444135,  879.7619582 , -135.053435  ,    7.21440272,    -99.59136269,   47.53831844,   82.84258   ,  -98.14637661,     -9.292567  ,    5.99404947, -110.43505538,  -65.75459415,    -50.81386606], [  879.7619582 ,  716.1455401 ,  -55.77661309,    2.7106702 ,     18.51322215,   15.09326179,   42.79269484,  -18.48260803,     -7.46894315,   36.37838303,   -1.11501332,  -24.26160443,    -11.17330103], [ -135.053435  ,  -55.77661309,  586.58038124,  200.48640689,     60.13875816,   31.42670422,  -28.89171239,   14.5261097 ,    -35.61797026,  -49.86049229,    8.65361835,   22.02050035,     -3.70567654], [    7.21440272,    2.7106702 ,  200.48640689,  295.75214864,    121.4043193 ,  -23.67250239,  -35.52274865,   54.16612479,      2.77738226,  -30.54002001,    5.97539023,   46.35096426,      0.38116028], [  -99.59136269,   18.51322215,   60.13875816,  121.4043193 ,    202.71694392,   45.40273092,   -3.0796006 ,   63.79919256,     35.5861235 ,   10.62353158,   22.02489815,   29.53312553,     22.31827727], [   47.53831844,   15.09326179,   31.42670422,  -23.67250239,     45.40273092,  211.30608481,  108.24856328,   19.03226051,     29.45734044,   63.35466078,    5.80811806,  -27.48964586,      5.64815257], [   82.84258   ,   42.79269484,  -28.89171239,  -35.52274865,     -3.0796006 ,  108.24856328,  181.8831081 ,   43.056282  ,     30.8842825 ,   59.51565562,   20.0851916 ,  -13.56444333,     -3.1937953 ], [  -98.14637661,  -18.48260803,   14.5261097 ,   54.16612479,     63.79919256,   19.03226051,   43.056282  ,  141.09852575,     55.52628944,   10.61153643,   26.60152655,   28.24552737,      9.48683222], [   -9.292567  ,   -7.46894315,  -35.61797026,    2.77738226,     35.5861235 ,   29.45734044,   30.8842825 ,   55.52628944,    135.52554853,   56.43858646,   10.19160815,   16.41192109,     17.98815356], [    5.99404947,   36.37838303,  -49.86049229,  -30.54002001,     10.62353158,   63.35466078,   59.51565562,   10.61153643,     56.43858646,  133.91637325,   57.42400748,   -7.38065424,     12.90282103], [ -110.43505538,   -1.11501332,    8.65361835,    5.97539023,     22.02489815,    5.80811806,   20.0851916 ,   26.60152655,     10.19160815,   57.42400748,   99.3598409 ,   42.59925258,     13.06069631], [  -65.75459415,  -24.26160443,   22.02050035,   46.35096426,     29.53312553,  -27.48964586,  -13.56444333,   28.24552737,     16.41192109,   -7.38065424,   42.59925258,  109.22341949,     43.11647808], [  -50.81386606,  -11.17330103,   -3.70567654,    0.38116028,     22.31827727,    5.64815257,   -3.1937953 ,    9.48683222,     17.98815356,   12.90282103,   13.06069631,   43.11647808,     83.89868785]]
/root/sim/music/out/TRF/TRF_20TH_Anniversary_COMPLETE_SINGLE_BEST_[Disc_2]/04-SILENT_NIGHT.mp3; [-573.0766   ,  86.090195 ,  43.274208 ,  17.086386 ,  -6.275215 ,   18.845636 ,  -4.960177 ,  16.644346 ,   4.9569798,  10.114395 ,    5.1754375,  10.65325  ,   3.0913436]; [[22481.85076625,  812.51360829, -454.15823509,  -84.31196295,   -534.87317118, -274.22010021, -235.59236008,   18.37314673,     41.80912336,   76.63922145,  -19.25800794,    5.96666073,   -118.13464112], [  812.51360829,  927.05460849,  -84.4277652 ,   44.85384783,     48.8991221 ,    9.59413541,   25.26287652,   18.80279259,     41.1314982 ,   69.10529254,   23.8133293 ,   -0.32275179,    -16.02411042], [ -454.15823509,  -84.4277652 ,  551.07204479,   12.36638458,      1.20197393,  111.89626905,   -4.14056756,   56.89839785,    -40.0588663 ,   -5.6867384 ,   14.10074325,   22.29603696,     -1.66469769], [  -84.31196295,   44.85384783,   12.36638458,  255.19436847,     98.55896599,    6.17693279,  -15.58031347,   -1.90013126,      1.20433873,  -23.2728717 ,    1.34352864,   23.54219997,     11.07343043], [ -534.87317118,   48.8991221 ,    1.20197393,   98.55896599,    164.58839997,   40.07341809,    1.39457546,    7.34456937,     30.71495362,   -3.18908666,    0.68026398,   13.11303931,     28.71953117], [ -274.22010021,    9.59413541,  111.89626905,    6.17693279,     40.07341809,  182.57288886,   51.44954884,   48.40070253,      2.13987481,   24.31619339,    2.81106582,    8.99134852,     -0.25403029], [ -235.59236008,   25.26287652,   -4.14056756,  -15.58031347,      1.39457546,   51.44954884,  123.36692858,   27.87628683,      7.23852109,   17.62042125,   26.6663006 ,   -2.72582954,      1.79564802], [   18.37314673,   18.80279259,   56.89839785,   -1.90013126,      7.34456937,   48.40070253,   27.87628683,  126.45612089,     39.00653569,   14.28538593,    3.05373904,   27.67415721,      5.39284518], [   41.80912336,   41.1314982 ,  -40.0588663 ,    1.20433873,     30.71495362,    2.13987481,    7.23852109,   39.00653569,    109.53404442,   32.7311886 ,   -5.85133135,    4.83472593,     23.22007818], [   76.63922145,   69.10529254,   -5.6867384 ,  -23.2728717 ,     -3.18908666,   24.31619339,   17.62042125,   14.28538593,     32.7311886 ,   95.55044566,   33.12708403,   -1.64873411,      3.13172539], [  -19.25800794,   23.8133293 ,   14.10074325,    1.34352864,      0.68026398,    2.81106582,   26.6663006 ,    3.05373904,     -5.85133135,   33.12708403,   76.95842362,   31.77145025,      5.04462005], [    5.96666073,   -0.32275179,   22.29603696,   23.54219997,     13.11303931,    8.99134852,   -2.72582954,   27.67415721,      4.83472593,   -1.64873411,   31.77145025,   83.0178514 ,     38.17329285], [ -118.13464112,  -16.02411042,   -1.66469769,   11.07343043,     28.71953117,   -0.25403029,    1.79564802,    5.39284518,     23.22007818,    3.13172539,    5.04462005,   38.17329285,     75.95603782]]
/root/sim/music/out/TRF/TRF_20TH_Anniversary_COMPLETE_SINGLE_BEST_[Disc_2]/10-embrace.mp3; [-549.96497   ,  89.57779   ,   9.164356  ,  14.564069  ,   4.8494825 ,    2.4574788 ,  -4.1807957 ,  -2.1852455 ,  -2.836716  ,  -1.303097  ,   -2.4864457 ,   1.9088918 ,  -0.18512757]; [[16054.35621396, -334.16051218,  -25.84056774,  229.87402689,    -70.20945484,   42.49284806,  280.09522473,   80.95715291,    449.44796013,  142.63756528,  107.88586663,  131.87313201,    144.25409741], [ -334.16051218,  932.07398068,  -63.56725299,   42.16685706,     43.64524562,   11.16198249,  -53.26901198,   -7.20749038,    -82.10762951,   -5.68332742,  -24.84349674,  -21.64530225,    -21.04056139], [  -25.84056774,  -63.56725299,  367.39543499,   29.52742076,     56.07788706,   43.02666237,   16.93508254,   48.58732824,     -5.08711548,   -1.15791015,   37.22438144,   -6.98061965,     -0.08069144], [  229.87402689,   42.16685706,   29.52742076,  227.30992468,     46.42385748,   30.02344143,    6.24459345,   43.92531734,     18.62113693,    6.16237517,   11.90516836,   43.17384611,     -6.35371168], [  -70.20945484,   43.64524562,   56.07788706,   46.42385748,    141.89854023,   33.67819927,   20.89524572,   24.24192132,     14.96050203,    9.46138109,   -2.57693215,   13.13756462,      1.8087128 ], [   42.49284806,   11.16198249,   43.02666237,   30.02344143,     33.67819927,  175.26162139,   49.10217379,   39.34477549,     15.55970652,   39.84507196,    5.8053194 ,  -11.02844232,     15.9983891 ], [  280.09522473,  -53.26901198,   16.93508254,    6.24459345,     20.89524572,   49.10217379,  134.05217832,   27.67618011,     54.78527823,   18.54255751,   17.1325585 ,   13.55683586,     11.24653341], [   80.95715291,   -7.20749038,   48.58732824,   43.92531734,     24.24192132,   39.34477549,   27.67618011,  114.46984604,     27.36048564,   26.23121292,   10.20848288,    7.75632392,      5.55393946], [  449.44796013,  -82.10762951,   -5.08711548,   18.62113693,     14.96050203,   15.55970652,   54.78527823,   27.36048564,    150.41875429,   35.15779804,   18.0121176 ,   15.59014622,     16.53493943], [  142.63756528,   -5.68332742,   -1.15791015,    6.16237517,      9.46138109,   39.84507196,   18.54255751,   26.23121292,     35.15779804,  102.54841159,    3.58581412,    4.41711777,      4.5193354 ], [  107.88586663,  -24.84349674,   37.22438144,   11.90516836,     -2.57693215,    5.8053194 ,   17.1325585 ,   10.20848288,     18.0121176 ,    3.58581412,   78.67543482,   13.07615607,     12.10744347], [  131.87313201,  -21.64530225,   -6.98061965,   43.17384611,     13.13756462,  -11.02844232,   13.55683586,    7.75632392,     15.59014622,    4.41711777,   13.07615607,   86.48294317,      9.56877467], [  144.25409741,  -21.04056139,   -0.08069144,   -6.35371168,      1.8087128 ,   15.9983891 ,   11.24653341,    5.55393946,     16.53493943,    4.5193354 ,   12.10744347,    9.56877467,     66.14656779]]
/root/sim/music/out/TRF/TRF_20TH_Anniversary_COMPLETE_SINGLE_BEST_[Disc_2]/09-BE_FREE.mp3; [-531.3631    ,  98.81975   ,   5.0061626 ,  23.499685  ,   2.3188944 ,    4.114689  ,  -3.4038153 ,   3.1838338 ,  -1.5295106 ,   2.1228664 ,   -0.8929382 ,   2.2651107 ,   0.39064303]; [[14580.53126904,  374.14418876,   24.21184646,   -0.57876716,    -86.94411142,   32.16487068, -156.6121127 ,    5.13025984,    -55.48276712,   25.20641137, -104.18406532,  -27.6890639 ,    -11.1162309 ], [  374.14418876,  910.00082438,  -18.34645266,  202.29993387,     39.71719176,   28.45104731,   97.31250646,   35.57719707,     21.81582316,   11.06965597,   27.99917456,   19.26341308,     11.35214212], [   24.21184646,  -18.34645266,  539.11903829,   95.64615358,    112.23121945,   87.43834922,   38.02323733,   62.18766267,     54.844754  ,    8.60331746,   31.38146986,   44.28657498,      2.15951366], [   -0.57876716,  202.29993387,   95.64615358,  288.96496927,    112.51600595,   56.42868046,   65.44065034,   48.52481051,     30.9344645 ,   12.20401757,   29.55518912,   46.6847147 ,      2.43890595], [  -86.94411142,   39.71719176,  112.23121945,  112.51600595,    164.84726179,   86.62473273,   64.89685738,   45.61340035,     38.78373199,   28.88287638,   24.05938992,   26.77606001,     18.92795639], [   32.16487068,   28.45104731,   87.43834922,   56.42868046,     86.62473273,  173.48452205,   78.804329  ,   49.89348516,     36.55248429,   40.31226461,   24.95134421,    8.47623775,     19.81519446], [ -156.6121127 ,   97.31250646,   38.02323733,   65.44065034,     64.89685738,   78.804329  ,  135.94164678,   60.50767658,     40.27585579,   41.36148758,   44.06064747,   28.12847277,     23.79731031], [    5.13025984,   35.57719707,   62.18766267,   48.52481051,     45.61340035,   49.89348516,   60.50767658,  104.70870027,     58.07464908,   43.38280064,   34.26072034,   28.73043417,     21.69848648], [  -55.48276712,   21.81582316,   54.844754  ,   30.9344645 ,     38.78373199,   36.55248429,   40.27585579,   58.07464908,    107.71330858,   52.87807065,   42.8920161 ,   29.37816198,     33.47668686], [   25.20641137,   11.06965597,    8.60331746,   12.20401757,     28.88287638,   40.31226461,   41.36148758,   43.38280064,     52.87807065,  111.32174404,   57.10823043,   44.73868359,     40.82984714], [ -104.18406532,   27.99917456,   31.38146986,   29.55518912,     24.05938992,   24.95134421,   44.06064747,   34.26072034,     42.8920161 ,   57.10823043,  104.24168366,   64.15546695,     44.44225363], [  -27.6890639 ,   19.26341308,   44.28657498,   46.6847147 ,     26.77606001,    8.47623775,   28.12847277,   28.73043417,     29.37816198,   44.73868359,   64.15546695,  114.03621966,     54.77886637], [  -11.1162309 ,   11.35214212,    2.15951366,    2.43890595,     18.92795639,   19.81519446,   23.79731031,   21.69848648,     33.47668686,   40.82984714,   44.44225363,   54.77886637,     96.05352642]]
/root/sim/music/out/TRF/TRF_20TH_Anniversary_COMPLETE_SINGLE_BEST_[Disc_2]/12-WIRED.mp3; [-527.3791    , 116.094055  ,  -2.2199292 ,  30.91161   ,  13.9208    ,   10.143915  ,   6.5126796 ,  10.111001  ,   7.0816393 ,   5.41551   ,   -0.42209136,   4.524701  ,   4.1131034 ]; [[13783.12921033, -338.26995348, -200.22247688,   44.90013393,    142.68096364,   65.02551927,  -13.63779465,  117.50158862,    130.69358795,  195.95829178,   29.58922224,  149.36993843,     54.68285789], [ -338.26995348, 1199.88070462, -153.69749305,  171.34980419,    -12.32990408,   -4.9599803 ,   42.53061191,    0.55719016,    -28.92605023,  -29.43067233,    1.35900251,  -33.46537082,     11.86071519], [ -200.22247688, -153.69749305,  389.07754909,  -46.15886248,     40.20967829,    1.60559105,  -20.04829956,    1.84059136,    -19.47370383,   -9.84975265,    4.41776565,  -21.38421231,    -20.12079097], [   44.90013393,  171.34980419,  -46.15886248,  216.59705425,     20.96219946,   -2.62050801,   17.9782624 ,    3.96984826,     15.58745135,   -7.61591322,   -4.28313589,    8.6764458 ,      7.88617926], [  142.68096364,  -12.32990408,   40.20967829,   20.96219946,    146.36068698,   -5.81246389,   13.90956007,    6.56539187,      2.29570228,   10.79720279,   -3.50171162,    7.42545634,      4.64714137], [   65.02551927,   -4.9599803 ,    1.60559105,   -2.62050801,     -5.81246389,  141.76202909,   40.17735229,   12.14888276,     24.72798565,   13.32097789,    1.57025732,   -7.45016801,     -5.02877448], [  -13.63779465,   42.53061191,  -20.04829956,   17.9782624 ,     13.90956007,   40.17735229,  103.45336054,   28.48138623,     12.27292407,    9.77400961,    6.50227651,   -0.91983862,     -1.41105538], [  117.50158862,    0.55719016,    1.84059136,    3.96984826,      6.56539187,   12.14888276,   28.48138623,   80.13030981,     28.51671332,    9.5390137 ,    3.00719836,   -0.05360492,      0.83203284], [  130.69358795,  -28.92605023,  -19.47370383,   15.58745135,      2.29570228,   24.72798565,   12.27292407,   28.51671332,     95.69518719,   29.2840171 ,    0.48237291,    1.91409914,     -2.29834591], [  195.95829178,  -29.43067233,   -9.84975265,   -7.61591322,     10.79720279,   13.32097789,    9.77400961,    9.5390137 ,     29.2840171 ,   74.34639842,   19.35337082,    5.33991271,      1.79751124], [   29.58922224,    1.35900251,    4.41776565,   -4.28313589,     -3.50171162,    1.57025732,    6.50227651,    3.00719836,      0.48237291,   19.35337082,   64.43812184,   19.17925558,      4.3443783 ], [  149.36993843,  -33.46537082,  -21.38421231,    8.6764458 ,      7.42545634,   -7.45016801,   -0.91983862,   -0.05360492,      1.91409914,    5.33991271,   19.17925558,   80.48385948,     26.76408326], [   54.68285789,   11.86071519,  -20.12079097,    7.88617926,      4.64714137,   -5.02877448,   -1.41105538,    0.83203284,     -2.29834591,    1.79751124,    4.3443783 ,   26.76408326,     58.97416827]]
/root/sim/music/out/TRF/TRF_20TH_Anniversary_COMPLETE_SINGLE_BEST_[Disc_2]/08-TRY_OR_CRY.mp3; [-548.85376   ,  83.87862   ,  14.357756  ,  15.460539  ,   7.376331  ,    5.164464  ,   4.932019  ,   0.9051092 ,   4.1481442 ,   2.95072   ,   -1.3502897 ,  -2.3858275 ,  -0.21072388]; [[16950.37289181,  -84.40174247,  -92.09629894,  705.4038347 ,    110.08806347,  480.11300954,  576.06656019,  181.22790749,    148.14469848,  314.20183125,  127.91159431,  264.81204639,   -205.08978534], [  -84.40174247,  707.24534021,   44.93238561,  -42.80996237,     34.38497879,  -18.84071832,    2.15231283,   -8.18572117,    -23.31273404,  -33.11780655,   -3.836796  ,  -20.39768217,      5.6547115 ], [  -92.09629894,   44.93238561,  390.04129661,   36.01818062,     68.42041989,  -41.44020528,  -11.00054573,    8.59928433,     -5.49068101,   -5.62966875,  -10.40260495,   30.95602945,    -35.37773091], [  705.4038347 ,  -42.80996237,   36.01818062,  314.40857956,     77.70219376,   28.37253306,   36.61603993,   49.17183045,      2.17020162,   -0.51410524,    1.45798402,   38.47473165,     -8.59076891], [  110.08806347,   34.38497879,   68.42041989,   77.70219376,    140.99333697,    4.87668725,    1.73674725,   16.52279234,      6.4541685 ,  -14.25152243,   -1.5029318 ,   12.12132234,      9.77233167], [  480.11300954,  -18.84071832,  -41.44020528,   28.37253306,      4.87668725,  174.51481756,   75.36223269,   12.16041005,     11.42878369,   35.82856653,   22.47037774,   -2.04050597,      5.62994537], [  576.06656019,    2.15231283,  -11.00054573,   36.61603993,      1.73674725,   75.36223269,  161.98384255,   28.58351291,     -2.01691619,   29.14542367,   19.66745064,   48.6901494 ,    -20.84107333], [  181.22790749,   -8.18572117,    8.59928433,   49.17183045,     16.52279234,   12.16041005,   28.58351291,  113.05951642,     27.22827474,   18.76925718,   12.43788887,   21.74900335,    -10.35199059], [  148.14469848,  -23.31273404,   -5.49068101,    2.17020162,      6.4541685 ,   11.42878369,   -2.01691619,   27.22827474,    130.09319855,   50.49081717,    9.11545267,  -27.18890482,      7.90797969], [  314.20183125,  -33.11780655,   -5.62966875,   -0.51410524,    -14.25152243,   35.82856653,   29.14542367,   18.76925718,     50.49081717,  124.97052464,   30.12438137,   11.70856901,    -25.07071712], [  127.91159431,   -3.836796  ,  -10.40260495,    1.45798402,     -1.5029318 ,   22.47037774,   19.66745064,   12.43788887,      9.11545267,   30.12438137,   86.49696515,   26.61418231,     11.29762823], [  264.81204639,  -20.39768217,   30.95602945,   38.47473165,     12.12132234,   -2.04050597,   48.6901494 ,   21.74900335,    -27.18890482,   11.70856901,   26.61418231,  121.03480418,     -4.82390804], [ -205.08978534,    5.6547115 ,  -35.37773091,   -8.59076891,      9.77233167,    5.62994537,  -20.84107333,  -10.35199059,      7.90797969,  -25.07071712,   11.29762823,   -4.82390804,    109.40305981]]
/root/sim/music/out/TRF/TRF_20TH_Anniversary_COMPLETE_SINGLE_BEST_[Disc_2]/02-Hey!_Ladies_&_Gentlemen.mp3; [-578.80444   , 123.526855  ,  30.387745  ,  25.402752  ,   6.019266  ,   10.333755  ,   7.5862026 ,   0.70781636,   6.528988  ,   1.6910437 ,    0.0786248 ,   3.8929923 ,  -0.398794  ]; [[23704.53899268,  395.79988384, -748.65948159,  199.17423822,   -563.09429482,   91.35027599,   76.33452492, -127.58356112,    140.55316167,   53.95625588, -164.17339761,   76.80209662,   -206.8248524 ], [  395.79988384, 1321.37389184,  294.24082003,    6.9781178 ,    176.69447079,  127.08767868,   77.17760489,   47.27902825,     16.1805291 ,   34.61482712,   58.01257806,  -46.79186006,     12.9379579 ], [ -748.65948159,  294.24082003,  571.43075737,   96.02341416,    195.06887258,   16.82073826,   60.70908348,   50.660022  ,      6.67250813,   -1.79686806,   33.21030155,   -2.47546349,     17.98906131], [  199.17423822,    6.9781178 ,   96.02341416,  293.41326578,     74.14300757,   -6.41636646,    5.15276959,   53.65079155,     40.21888585,   -9.90963517,   -3.06886873,   43.1628701 ,     10.42894012], [ -563.09429482,  176.69447079,  195.06887258,   74.14300757,    221.60349713,   37.78055338,   24.50027022,   43.0904223 ,      9.47444398,    8.54604616,    7.43420384,  -18.87297983,     25.46090401], [   91.35027599,  127.08767868,   16.82073826,   -6.41636646,     37.78055338,  179.89593088,   67.01402912,  -12.52666391,     13.73296153,   39.18469637,    1.78175585,  -16.25980317,     -5.28258584], [   76.33452492,   77.17760489,   60.70908348,    5.15276959,     24.50027022,   67.01402912,  116.08955553,   12.03894801,      2.41845506,   19.98095251,   16.55313091,   -6.82128223,     -4.91011253], [ -127.58356112,   47.27902825,   50.660022  ,   53.65079155,     43.0904223 ,  -12.52666391,   12.03894801,  129.67699159,     40.13411645,   -4.6861352 ,    3.11429007,   -2.131323  ,     -2.21054822], [  140.55316167,   16.1805291 ,    6.67250813,   40.21888585,      9.47444398,   13.73296153,    2.41845506,   40.13411645,    104.9530176 ,    9.97555531,  -16.39237218,    9.7545808 ,      0.22078925], [   53.95625588,   34.61482712,   -1.79686806,   -9.90963517,      8.54604616,   39.18469637,   19.98095251,   -4.6861352 ,      9.97555531,   77.49898895,   15.34585232,  -12.94616735,      0.55294587], [ -164.17339761,   58.01257806,   33.21030155,   -3.06886873,      7.43420384,    1.78175585,   16.55313091,    3.11429007,    -16.39237218,   15.34585232,   71.99117123,   14.6439781 ,     -3.96141825], [   76.80209662,  -46.79186006,   -2.47546349,   43.1628701 ,    -18.87297983,  -16.25980317,   -6.82128223,   -2.131323  ,      9.7545808 ,  -12.94616735,   14.6439781 ,   82.8316851 ,      8.2849889 ], [ -206.8248524 ,   12.9379579 ,   17.98906131,   10.42894012,     25.46090401,   -5.28258584,   -4.91011253,   -2.21054822,      0.22078925,    0.55294587,   -3.96141825,    8.2849889 ,     63.57243181]]
/root/sim/music/out/TRF/TRF_20TH_Anniversary_COMPLETE_SINGLE_BEST_[Disc_2]/05-LEGEND_OF_WIND.mp3; [-577.67975   , 124.74616   ,  32.135475  ,  20.571316  ,   3.8353496 ,    1.7185001 ,   0.10208701,   3.7838953 ,  -6.3463902 ,  -1.1626216 ,   -3.646689  ,  -3.6292918 ,  -1.3596908 ]; [[20914.57491426, -751.26501887, -969.3122276 ,  431.46449417,    -81.73216293,   33.33549042, -117.19885952,  133.13666205,     82.1965152 ,  153.94357955,  101.0681808 ,  -39.57576446,    218.67914178], [ -751.26501887, 1343.23693745,  187.43710965, -162.29458327,    -58.80495424,  -25.4221944 ,   26.77796904,  -36.91818833,    -81.96824528,  -15.7408618 ,  -53.4256259 ,   -5.81071269,    -14.7014148 ], [ -969.3122276 ,  187.43710965,  723.51525867,   97.63871924,    196.42443515,   84.99168313,   92.41067188,   82.22225674,     14.59842103,    0.46016317,   41.66180661,   -8.01285361,    -50.61761124], [  431.46449417, -162.29458327,   97.63871924,  354.60849392,    160.88168607,   49.43811204,   38.66581112,   98.01803028,     59.40616629,  -14.24848441,   30.40977146,   20.06190371,     -8.9428973 ], [  -81.73216293,  -58.80495424,  196.42443515,  160.88168607,    259.46504363,   79.39055023,   63.76679749,   68.75625237,     67.88453454,   20.80266428,   24.55260373,   -1.26259602,    -13.21241397], [   33.33549042,  -25.4221944 ,   84.99168313,   49.43811204,     79.39055023,  188.40053468,   79.60400443,   36.57230285,     44.15742174,   50.40446   ,   27.21822359,  -19.75775178,     -4.15570593], [ -117.19885952,   26.77796904,   92.41067188,   38.66581112,     63.76679749,   79.60400443,  152.88074118,   39.49507336,     17.91753786,   22.54512451,   29.85542544,    7.39193718,     -8.25960363], [  133.13666205,  -36.91818833,   82.22225674,   98.01803028,     68.75625237,   36.57230285,   39.49507336,  128.07631178,     36.78237296,   15.31080897,   21.03935732,    6.95593808,     -8.34937164], [   82.1965152 ,  -81.96824528,   14.59842103,   59.40616629,     67.88453454,   44.15742174,   17.91753786,   36.78237296,    132.0235781 ,   35.86150164,    9.64644316,  -15.04554887,      9.45547034], [  153.94357955,  -15.7408618 ,    0.46016317,  -14.24848441,     20.80266428,   50.40446   ,   22.54512451,   15.31080897,     35.86150164,  116.82538451,   21.61270741,  -16.72981948,     -7.03258156], [  101.0681808 ,  -53.4256259 ,   41.66180661,   30.40977146,     24.55260373,   27.21822359,   29.85542544,   21.03935732,      9.64644316,   21.61270741,   90.43806741,   18.96668235,     -4.13712795], [  -39.57576446,   -5.81071269,   -8.01285361,   20.06190371,     -1.26259602,  -19.75775178,    7.39193718,    6.95593808,    -15.04554887,  -16.72981948,   18.96668235,   91.72493136,     22.7534123 ], [  218.67914178,  -14.7014148 ,  -50.61761124,   -8.9428973 ,    -13.21241397,   -4.15570593,   -8.25960363,   -8.34937164,      9.45547034,   -7.03258156,   -4.13712795,   22.7534123 ,     93.6761704 ]]
/root/sim/music/out/TRF/TRF_20TH_Anniversary_COMPLETE_SINGLE_BEST_[Disc_2]/01-Love_&_Peace_Forever.mp3; [-536.89703   ,  82.08616   ,  28.178776  ,  20.615503  ,   4.2468057 ,    6.9272747 ,   8.756249  ,   0.29948443,   9.6214905 ,  -0.51653814,    1.0632081 ,   2.1942499 ,   0.48043728]; [[14686.86125239,  938.48643495, -128.44101648,  -15.23308911,   -196.93138522,  -25.49775508,  196.69444733,  -61.49745071,    144.66962349,   51.34475042,   90.91661253,  105.39936434,     22.73772192], [  938.48643495,  528.51226833,  -97.83126434,  -17.04759711,    -42.00141105,   36.12600674,   40.2064413 ,   17.34625969,     10.87689501,   41.35965234,    8.0614015 ,  -12.52420544,     22.65903989], [ -128.44101648,  -97.83126434,  573.95298932,  149.87689909,    118.07397385,    1.05451336,  -44.04767228,   11.18900797,     -6.45407305,  -48.21855408,   -0.09139681,   20.09885876,    -11.15849237], [  -15.23308911,  -17.04759711,  149.87689909,  299.06282226,     97.5620954 ,  -27.01633778,  -42.70191488,   28.26882084,      0.34576168,  -27.32265506,    1.15452631,   22.66999789,     -3.09148095], [ -196.93138522,  -42.00141105,  118.07397385,   97.5620954 ,    183.88183615,   55.26167334,  -18.43523413,   27.53992768,     18.56016272,   -9.28131929,   -8.42709899,    2.05492392,      9.53070327], [  -25.49775508,   36.12600674,    1.05451336,  -27.01633778,     55.26167334,  167.21829901,   88.82943335,   -0.7422142 ,      5.05118635,   21.3365218 ,   -6.02036741,  -23.67685714,      5.77245683], [  196.69444733,   40.2064413 ,  -44.04767228,  -42.70191488,    -18.43523413,   88.82943335,  140.93989914,   33.09455015,      0.4266391 ,   15.6713604 ,   -2.03156754,  -15.08982959,     -1.57259652], [  -61.49745071,   17.34625969,   11.18900797,   28.26882084,     27.53992768,   -0.7422142 ,   33.09455015,  103.24887656,     45.63041014,   -7.98933836,  -13.11695459,   -3.15627941,      0.83081969], [  144.66962349,   10.87689501,   -6.45407305,    0.34576168,     18.56016272,    5.05118635,    0.4266391 ,   45.63041014,     95.11889272,   34.74560763,  -10.6959528 ,   -8.14715755,      4.85461356], [   51.34475042,   41.35965234,  -48.21855408,  -27.32265506,     -9.28131929,   21.3365218 ,   15.6713604 ,   -7.98933836,     34.74560763,   87.99660373,   31.46418492,  -10.40704513,      2.2382276 ], [   90.91661253,    8.0614015 ,   -0.09139681,    1.15452631,     -8.42709899,   -6.02036741,   -2.03156754,  -13.11695459,    -10.6959528 ,   31.46418492,   81.69978129,   42.72118857,     -9.22399349], [  105.39936434,  -12.52420544,   20.09885876,   22.66999789,      2.05492392,  -23.67685714,  -15.08982959,   -3.15627941,     -8.14715755,  -10.40704513,   42.72118857,   86.81317119,     24.12242469], [   22.73772192,   22.65903989,  -11.15849237,   -3.09148095,      9.53070327,    5.77245683,   -1.57259652,    0.83081969,      4.85461356,    2.2382276 ,   -9.22399349,   24.12242469,     74.46178921]]
