/root/sim/music/out/Bonnie_Raitt/Luck_Of_The_Draw/04_Tangled_And_Dark.mp3; [-670.6864   , 114.46499  ,  14.8155775,  34.156734 ,   7.2508664,   -1.252495 ,   2.6367526,   2.6402743,  -7.185544 ,  -1.0907915,   -3.4653885,  -2.103744 ,  -2.3756528]; [[17082.34944814, -512.30665853, -731.43866113, -380.5539462 ,   -347.07969502, -226.49156871,  -92.57563493, -102.9175815 ,    -89.68005584,   55.53465283, -131.40435416,  -77.3953625 ,   -207.59653003], [ -512.30665853, 1360.00500604, -353.27558363,   66.36323124,      0.14663199,   20.84363597,   80.01927346,  -46.26203887,      9.80989314,   -2.03155324,  -21.21715334,   37.23227978,      7.92892357], [ -731.43866113, -353.27558363,  884.59072896,  114.05852663,    137.86278014,   53.20031041,  -34.0794231 ,   65.92868688,    -18.76053656,  -29.18596838,   43.50775608,  -21.13323611,     31.30969602], [ -380.5539462 ,   66.36323124,  114.05852663,  519.93115389,     54.79764821,   52.99326392,  -15.75114635,   37.046836  ,     16.91691562,  -48.38412876,   51.04290736,   -2.32391941,     64.77034148], [ -347.07969502,    0.14663199,  137.86278014,   54.79764821,    234.86625921,   17.41635374,   17.49992873,   39.11181835,     22.55568219,   38.52537784,   -0.3733676 ,   10.34860529,     -5.31405393], [ -226.49156871,   20.84363597,   53.20031041,   52.99326392,     17.41635374,  166.27375998,   53.89928938,   22.3492057 ,     11.79526673,    6.40276536,   23.68410007,   -6.75142296,     12.80846677], [  -92.57563493,   80.01927346,  -34.0794231 ,  -15.75114635,     17.49992873,   53.89928938,  140.90938289,   40.65981774,     13.41889592,   20.58694807,    1.20502811,   10.83424679,     -1.36364804], [ -102.9175815 ,  -46.26203887,   65.92868688,   37.046836  ,     39.11181835,   22.3492057 ,   40.65981774,  115.15646368,     18.36415157,    5.11953751,    9.23253808,   -2.03555331,     16.9700673 ], [  -89.68005584,    9.80989314,  -18.76053656,   16.91691562,     22.55568219,   11.79526673,   13.41889592,   18.36415157,    107.0096888 ,   28.29863782,  -10.04631017,    1.55149812,     -2.78986632], [   55.53465283,   -2.03155324,  -29.18596838,  -48.38412876,     38.52537784,    6.40276536,   20.58694807,    5.11953751,     28.29863782,   92.4219206 ,    6.8676336 ,    5.42886987,    -20.7185602 ], [ -131.40435416,  -21.21715334,   43.50775608,   51.04290736,     -0.3733676 ,   23.68410007,    1.20502811,    9.23253808,    -10.04631017,    6.8676336 ,   94.3459018 ,   18.27363609,     12.98612674], [  -77.3953625 ,   37.23227978,  -21.13323611,   -2.32391941,     10.34860529,   -6.75142296,   10.83424679,   -2.03555331,      1.55149812,    5.42886987,   18.27363609,   69.45295358,      9.52387227], [ -207.59653003,    7.92892357,   31.30969602,   64.77034148,     -5.31405393,   12.80846677,   -1.36364804,   16.9700673 ,     -2.78986632,  -20.7185602 ,   12.98612674,    9.52387227,     78.89399117]]
/root/sim/music/out/Bonnie_Raitt/Luck_Of_The_Draw/08_Not_The_Only_One.mp3; [-670.0115    , 135.66954   ,   7.055764  ,  13.248873  ,  -7.0921597 ,   -3.3227358 ,   7.583812  ,   1.5946566 ,  -6.9541664 ,  -0.93009365,   -6.772247  ,  -3.6552982 ,  -2.3376606 ]; [[15809.48986047,-1248.86181996,-1255.04068591,  740.45624161,    569.05619829,   91.39002882,  299.12503989,  -77.17509316,    230.58938279,  702.67161936,   34.97804213,    8.12498973,   -490.15892397], [-1248.86181996, 1316.00450574,   54.52403936,  -36.99347689,   -127.4751058 ,  -23.52816025,   79.62921457,   56.65303989,      6.09759554,  -17.74710662,   29.50918388,   -4.46032376,     77.12170951], [-1255.04068591,   54.52403936, 1051.65989697,  123.63521156,     97.06713372,   61.10226022,  -31.98181163,   71.17582521,    -14.72097036,  -98.79830537,  -19.17780734,   17.44646235,     63.00877815], [  740.45624161,  -36.99347689,  123.63521156,  445.38032912,    165.07253315,   32.57664082,   25.86797515,   39.27850435,     94.64116953,   53.5703196 ,    4.2981255 ,   15.17742881,     -3.90732702], [  569.05619829, -127.4751058 ,   97.06713372,  165.07253315,    346.32466799,   62.63596893,   49.5428133 ,   30.307541  ,     45.57204406,   65.56484101,  -31.31454344,   22.22177343,    -44.12088402], [   91.39002882,  -23.52816025,   61.10226022,   32.57664082,     62.63596893,  219.3665938 ,   78.86643729,   28.62903613,     17.52825924,   19.61760842,   41.32673183,   13.14169964,     -6.1955553 ], [  299.12503989,   79.62921457,  -31.98181163,   25.86797515,     49.5428133 ,   78.86643729,  230.77304849,   55.472202  ,     13.77623553,   63.78030219,   10.22286315,   29.81050453,    -17.97436267], [  -77.17509316,   56.65303989,   71.17582521,   39.27850435,     30.307541  ,   28.62903613,   55.472202  ,  135.3836785 ,     48.52421772,    2.18217408,    4.43692263,   -4.3963548 ,     16.11188921], [  230.58938279,    6.09759554,  -14.72097036,   94.64116953,     45.57204406,   17.52825924,   13.77623553,   48.52421772,    155.72965707,   59.76776391,    4.8679737 ,   -7.01019468,     -6.37352857], [  702.67161936,  -17.74710662,  -98.79830537,   53.5703196 ,     65.56484101,   19.61760842,   63.78030219,    2.18217408,     59.76776391,  169.94028357,   41.71052455,   14.26443025,    -44.4906673 ], [   34.97804213,   29.50918388,  -19.17780734,    4.2981255 ,    -31.31454344,   41.32673183,   10.22286315,    4.43692263,      4.8679737 ,   41.71052455,  127.56268936,   33.58267836,      6.56793353], [    8.12498973,   -4.46032376,   17.44646235,   15.17742881,     22.22177343,   13.14169964,   29.81050453,   -4.3963548 ,     -7.01019468,   14.26443025,   33.58267836,  119.75494257,     24.94062727], [ -490.15892397,   77.12170951,   63.00877815,   -3.90732702,    -44.12088402,   -6.1955553 ,  -17.97436267,   16.11188921,     -6.37352857,  -44.4906673 ,    6.56793353,   24.94062727,    117.80664895]]
/root/sim/music/out/Bonnie_Raitt/Luck_Of_The_Draw/01_Something_To_Talk_About.mp3; [-677.55365  , 118.942055 ,  10.5741415,  20.718397 ,  11.769509 ,    0.7431056,   2.1517034,   2.7664235,  -3.8099716,   1.8352762,   -5.216258 ,  -0.0242321,  -6.0895305]; [[13774.5174015 , -332.51690985, -272.14019378, -227.40372641,     10.14856801,  -21.89204173,  172.58498399,    4.3801116 ,    137.48196487,  180.42061038,  -20.91387461,  -24.15573885,   -146.95813444], [ -332.51690985, 1137.4683842 , -324.97406824,   70.72250753,    -46.80930291,  -50.68228033,   63.29655663,   16.08404362,    -21.65378828,   11.74161248,  -10.59443699,   46.87343256,      9.92340302], [ -272.14019378, -324.97406824,  890.62384375,   34.66256717,     62.74793571,   84.3640881 ,  -47.32869728,   11.70602678,     49.04869405,   10.98463561,   65.39372755,   -4.89267902,     48.97479315], [ -227.40372641,   70.72250753,   34.66256717,  422.73590526,    112.96160782,   18.482683  ,  -74.76214723,   41.06567519,     64.14441633,  -41.14782938,   34.46039677,   16.97389083,     75.58799362], [   10.14856801,  -46.80930291,   62.74793571,  112.96160782,    210.79476937,   30.39554066,   28.36058429,   43.90504411,     54.73731975,   33.12143726,   17.44823966,   15.90244442,     19.55676166], [  -21.89204173,  -50.68228033,   84.3640881 ,   18.482683  ,     30.39554066,  196.04935647,   83.7570591 ,   30.27229174,     11.36740363,   30.08884456,   38.03074105,   -2.86980266,      9.5712116 ], [  172.58498399,   63.29655663,  -47.32869728,  -74.76214723,     28.36058429,   83.7570591 ,  234.7475248 ,   53.30772066,     18.8038096 ,   71.40420245,   18.27597393,   29.97332855,    -27.51725843], [    4.3801116 ,   16.08404362,   11.70602678,   41.06567519,     43.90504411,   30.27229174,   53.30772066,  121.93064553,     55.74832521,   22.273936  ,   13.875948  ,   12.91220543,     15.9595513 ], [  137.48196487,  -21.65378828,   49.04869405,   64.14441633,     54.73731975,   11.36740363,   18.8038096 ,   55.74832521,    135.95629988,   48.46084937,   25.729624  ,    3.94995454,     22.28353636], [  180.42061038,   11.74161248,   10.98463561,  -41.14782938,     33.12143726,   30.08884456,   71.40420245,   22.273936  ,     48.46084937,  131.38204179,   29.25562624,   13.52972013,    -25.59953825], [  -20.91387461,  -10.59443699,   65.39372755,   34.46039677,     17.44823966,   38.03074105,   18.27597393,   13.875948  ,     25.729624  ,   29.25562624,   95.60903612,   24.92412968,     14.13114824], [  -24.15573885,   46.87343256,   -4.89267902,   16.97389083,     15.90244442,   -2.86980266,   29.97332855,   12.91220543,      3.94995454,   13.52972013,   24.92412968,   86.96333908,     19.2832442 ], [ -146.95813444,    9.92340302,   48.97479315,   75.58799362,     19.55676166,    9.5712116 ,  -27.51725843,   15.9595513 ,     22.28353636,  -25.59953825,   14.13114824,   19.2832442 ,     97.69124158]]
/root/sim/music/out/Bonnie_Raitt/Luck_Of_The_Draw/03_I_Can't_Make_You_Love_Me.mp3; [-760.29663   , 187.50288   ,  40.70422   ,  12.595152  ,  11.577005  ,   -4.3943877 ,   0.9850657 ,   4.744625  , -12.347386  ,   6.5231156 ,   -7.9452515 ,   0.68710905,  -5.450603  ]; [[16705.06827911,-1388.36944231,-2070.2008445 , -738.87769215,   -123.42034484, -796.48252544,  241.29555369,  181.10055334,   -671.73802907,  502.42798309, -421.68239184,  286.47660985,   -162.73100561], [-1388.36944231, 2594.42619789,  -21.7797151 ,  -56.63497613,    -81.12650056,  172.97159982,   17.53777253, -120.21253217,     77.84964389,  -78.33784308,  101.69721613,  -94.00773142,     67.67091038], [-2070.2008445 ,  -21.7797151 , 1239.24530578,  120.82949394,    -30.00203607,   65.43999663, -116.49918885,   48.88655392,     35.09992428, -103.45786872,   17.48867573,  -43.21787328,    -18.52309731], [ -738.87769215,  -56.63497613,  120.82949394,  381.73223993,     52.8924279 ,   17.41777893, -116.20603215,   -6.10741747,    113.78665229,  -74.62441323,   41.24293611,  -24.0123165 ,     12.09837734], [ -123.42034484,  -81.12650056,  -30.00203607,   52.8924279 ,    237.06554187,   25.58891394,  -22.23682332,    9.87600239,     19.45583751,   19.57560768,   -6.61873743,   16.98197334,    -15.91479251], [ -796.48252544,  172.97159982,   65.43999663,   17.41777893,     25.58891394,  229.15915233,   25.43085069,  -35.01105691,     58.9243176 ,  -24.77139869,   61.95761553,  -33.82431052,     19.67371444], [  241.29555369,   17.53777253, -116.49918885, -116.20603215,    -22.23682332,   25.43085069,  248.52705058,    9.65560413,    -57.59659204,   71.15920145,  -21.30299022,   25.76112443,      9.13214673], [  181.10055334, -120.21253217,   48.88655392,   -6.10741747,      9.87600239,  -35.01105691,    9.65560413,  130.12690321,    -30.73075756,   11.21609176,  -20.1066069 ,   15.86622287,     -7.56972046], [ -671.73802907,   77.84964389,   35.09992428,  113.78665229,     19.45583751,   58.9243176 ,  -57.59659204,  -30.73075756,    206.48372981,  -37.10045605,   46.99010255,  -30.82869341,     18.43037306], [  502.42798309,  -78.33784308, -103.45786872,  -74.62441323,     19.57560768,  -24.77139869,   71.15920145,   11.21609176,    -37.10045605,  146.28887985,  -15.09270645,   25.66997601,    -13.55144554], [ -421.68239184,  101.69721613,   17.48867573,   41.24293611,     -6.61873743,   61.95761553,  -21.30299022,  -20.1066069 ,     46.99010255,  -15.09270645,  112.88389968,   -3.95531205,     13.57777023], [  286.47660985,  -94.00773142,  -43.21787328,  -24.0123165 ,     16.98197334,  -33.82431052,   25.76112443,   15.86622287,    -30.82869341,   25.66997601,   -3.95531205,   86.55284865,      9.35835799], [ -162.73100561,   67.67091038,  -18.52309731,   12.09837734,    -15.91479251,   19.67371444,    9.13214673,   -7.56972046,     18.43037306,  -13.55144554,   13.57777023,    9.35835799,     96.30747464]]
/root/sim/music/out/Bonnie_Raitt/Luck_Of_The_Draw/11_Luck_Of_The_Draw.mp3; [-680.40485   , 150.66858   ,  15.29738   ,  14.413383  ,   7.1840987 ,   -7.416743  ,  -0.20258927,   1.2922513 ,  -3.8353732 ,   6.671625  ,   -6.346745  ,  -4.041493  ,  -4.278034  ]; [[10742.37245558, -830.04578274, -997.77024956, -352.51008553,     10.98534062, -199.88366314,  184.73250724, -256.76665086,    -30.12635444,  288.43534216,  -74.111588  ,  217.76445796,    -22.9899727 ], [ -830.04578274, 1297.71656053, -100.54464033,   68.30032996,    -63.77791715,  -29.27995607,   34.31482512,   41.75179983,    -46.54750376,  -33.90360331,   26.0287288 ,  -40.58696998,      5.16232621], [ -997.77024956, -100.54464033,  889.80772399,  150.29395631,     42.52161286,  111.3717113 ,  -70.85356962,   89.67867598,     17.71692057,  -82.73899375,   62.0516909 ,  -16.26046079,     39.98126629], [ -352.51008553,   68.30032996,  150.29395631,  338.09238753,     83.08675917,   18.27597214,  -70.96671426,   59.42617635,     90.40841389,  -28.1952223 ,    9.17292483,  -34.26057308,     58.41704019], [   10.98534062,  -63.77791715,   42.52161286,   83.08675917,    233.88688087,   32.05229726,  -25.19994812,   35.07969134,     69.86170561,   60.15334514,   -0.06009206,   18.43107772,     12.35904827], [ -199.88366314,  -29.27995607,  111.3717113 ,   18.27597214,     32.05229726,  195.22154445,   59.82478375,   27.40473022,     47.78279482,   12.25158507,   38.27175137,   -8.23243805,     15.24978734], [  184.73250724,   34.31482512,  -70.85356962,  -70.96671426,    -25.19994812,   59.82478375,  242.2528274 ,   45.04495644,    -31.17958192,   38.38755614,   22.24068731,   46.2641954 ,    -15.22625893], [ -256.76665086,   41.75179983,   89.67867598,   59.42617635,     35.07969134,   27.40473022,   45.04495644,  143.03533251,     41.5822313 ,   -7.48469719,   12.56387927,    2.08713297,     14.89032242], [  -30.12635444,  -46.54750376,   17.71692057,   90.40841389,     69.86170561,   47.78279482,  -31.17958192,   41.5822313 ,    187.33392006,   32.09544967,    4.76655971,  -24.4291691 ,     47.76288502], [  288.43534216,  -33.90360331,  -82.73899375,  -28.1952223 ,     60.15334514,   12.25158507,   38.38755614,   -7.48469719,     32.09544967,  128.89441879,   11.56627827,   27.80599939,     -4.93649874], [  -74.111588  ,   26.0287288 ,   62.0516909 ,    9.17292483,     -0.06009206,   38.27175137,   22.24068731,   12.56387927,      4.76655971,   11.56627827,  103.35683966,   13.31217134,      1.41539506], [  217.76445796,  -40.58696998,  -16.26046079,  -34.26057308,     18.43107772,   -8.23243805,   46.2641954 ,    2.08713297,    -24.4291691 ,   27.80599939,   13.31217134,  104.72894231,      3.19489074], [  -22.9899727 ,    5.16232621,   39.98126629,   58.41704019,     12.35904827,   15.24978734,  -15.22625893,   14.89032242,     47.76288502,   -4.93649874,    1.41539506,    3.19489074,    111.86205655]]
/root/sim/music/out/Bonnie_Raitt/Luck_Of_The_Draw/10_Slow_Ride.mp3; [-686.08246   , 129.87994   ,  -0.5037654 ,  16.480057  ,   5.900809  ,   -5.9368315 ,  -5.31905   ,  -1.6926137 ,  -5.4117746 ,  -4.132052  ,   -6.2083936 ,   0.93692046,  -9.655674  ]; [[17724.66609902,   32.72004462, -259.30066941,   -5.77492295,    -62.19187427, -243.31630167, -137.52950099, -239.42821059,   -145.99114884,  119.72330793, -236.68428661,   13.15297538,   -287.61571567], [   32.72004462, 1643.49860789, -528.82650103,  191.91539872,      3.57566217,  -84.8757561 ,   69.98026086,  -29.11619333,     24.01530366,  -41.30865254,   35.57419719,  -10.23431247,      5.00183485], [ -259.30066941, -528.82650103, 1093.70534234,  -79.49662248,    217.01941193,  176.70052847,   37.8695654 ,  110.20765593,     -6.81387034,   12.33431136,  -50.73371473,    0.51819655,     66.35629038], [   -5.77492295,  191.91539872,  -79.49662248,  464.73409388,     28.64930181,  101.57406418,  -13.92384481,   13.69515242,    102.29455313,  -53.86295002,   66.65291525,  -20.8458233 ,     26.31152005], [  -62.19187427,    3.57566217,  217.01941193,   28.64930181,    299.18913438,   58.29707213,   77.09087062,   56.24347677,      4.62495024,   23.629328  ,  -26.74734581,   24.73027686,     16.82854058], [ -243.31630167,  -84.8757561 ,  176.70052847,  101.57406418,     58.29707213,  318.55059097,  101.74647164,   52.31074035,     43.36948136,  -38.50070446,   36.65986145,  -23.16665734,     37.6389026 ], [ -137.52950099,   69.98026086,   37.8695654 ,  -13.92384481,     77.09087062,  101.74647164,  222.19801606,   54.12315829,      4.41726714,   32.80171554,   11.63487838,   23.46084055,     16.63772296], [ -239.42821059,  -29.11619333,  110.20765593,   13.69515242,     56.24347677,   52.31074035,   54.12315829,  105.80688005,     22.12436153,   -3.40396673,   13.72337392,    6.50453276,     18.09322907], [ -145.99114884,   24.01530366,   -6.81387034,  102.29455313,      4.62495024,   43.36948136,    4.41726714,   22.12436153,    141.57705711,    9.4854148 ,   22.41631691,   -4.35991649,     24.22126186], [  119.72330793,  -41.30865254,   12.33431136,  -53.86295002,     23.629328  ,  -38.50070446,   32.80171554,   -3.40396673,      9.4854148 ,  125.28788552,   -3.99955512,    9.20139063,    -12.51742324], [ -236.68428661,   35.57419719,  -50.73371473,   66.65291525,    -26.74734581,   36.65986145,   11.63487838,   13.72337392,     22.41631691,   -3.99955512,  128.05842821,   14.40031021,      6.81573044], [   13.15297538,  -10.23431247,    0.51819655,  -20.8458233 ,     24.73027686,  -23.16665734,   23.46084055,    6.50453276,     -4.35991649,    9.20139063,   14.40031021,   92.44006371,     17.74066573], [ -287.61571567,    5.00183485,   66.35629038,   26.31152005,     16.82854058,   37.6389026 ,   16.63772296,   18.09322907,     24.22126186,  -12.51742324,    6.81573044,   17.74066573,    101.85773334]]
/root/sim/music/out/Bonnie_Raitt/Luck_Of_The_Draw/12_All_At_Once.mp3; [-810.74835  , 174.70374  ,  37.13208  ,  17.931105 ,  16.194714 ,   -6.21372  ,  -0.6217759,   4.3983355,  -7.7203884,   4.227095 ,   -7.0501733,   1.5098907,  -8.032944 ]; [[17167.55582863,  754.15988007,-2706.14215259,-1452.18150802,     84.16341185,-1114.4408861 , -129.10573093,  -88.28436534,   -502.4092407 ,  465.87645497, -558.40035106,  126.07023077,   -133.37792739], [  754.15988007, 3053.31019085,  314.67333182, -134.60983735,   -215.50222096,  100.46077036,  169.36559645,  -94.16736718,    -12.0806888 ,    7.56468773,   16.80517812,  -90.55565596,     85.72616003], [-2706.14215259,  314.67333182, 1955.25353955,  503.5497585 ,     41.36721176,  247.26682572, -101.52200191,   55.92690758,     49.30486948,  -80.0190006 ,   91.62086606,  -53.81142499,     30.10654355], [-1452.18150802, -134.60983735,  503.5497585 ,  567.7405813 ,    119.3889609 ,   77.93694212,  -88.6597728 ,   24.86915047,     68.55783983,  -83.03365609,   33.59012213,  -10.14374645,     20.0783912 ], [   84.16341185, -215.50222096,   41.36721176,  119.3889609 ,    305.46844203,  -59.99530469,  -23.82070553,   32.02619861,     -7.14440194,   35.84692446,  -51.81303277,   29.66425073,    -40.02432145], [-1114.4408861 ,  100.46077036,  247.26682572,   77.93694212,    -59.99530469,  330.14533352,   45.98505136,  -23.09109886,     62.59035584,  -53.7094303 ,   90.55871016,  -52.18528384,     23.70825075], [ -129.10573093,  169.36559645, -101.52200191,  -88.6597728 ,    -23.82070553,   45.98505136,  297.87938547,   -2.50337464,    -23.46477919,   55.76812935,    4.63280117,   16.70094154,    -15.7771438 ], [  -88.28436534,  -94.16736718,   55.92690758,   24.86915047,     32.02619861,  -23.09109886,   -2.50337464,  134.65809495,      3.47514749,  -15.84777507,  -11.16490504,    0.14495617,     -4.93541657], [ -502.4092407 ,  -12.0806888 ,   49.30486948,   68.55783983,     -7.14440194,   62.59035584,  -23.46477919,    3.47514749,    176.39161185,    8.49665611,   33.33808171,  -15.83508913,     16.8752882 ], [  465.87645497,    7.56468773,  -80.0190006 ,  -83.03365609,     35.84692446,  -53.7094303 ,   55.76812935,  -15.84777507,      8.49665611,  184.96104249,   -5.02431151,   20.56325609,    -20.43477663], [ -558.40035106,   16.80517812,   91.62086606,   33.59012213,    -51.81303277,   90.55871016,    4.63280117,  -11.16490504,     33.33808171,   -5.02431151,  138.85135167,    0.86952004,     17.41907918], [  126.07023077,  -90.55565596,  -53.81142499,  -10.14374645,     29.66425073,  -52.18528384,   16.70094154,    0.14495617,    -15.83508913,   20.56325609,    0.86952004,  123.07071723,     15.33368887], [ -133.37792739,   85.72616003,   30.10654355,   20.0783912 ,    -40.02432145,   23.70825075,  -15.7771438 ,   -4.93541657,     16.8752882 ,  -20.43477663,   17.41907918,   15.33368887,    122.4665135 ]]
/root/sim/music/out/Bonnie_Raitt/Luck_Of_The_Draw/07_One_Part_Be_My_Lover.mp3; [-796.17346  , 214.41286  ,  30.229502 ,  -2.2182033,   5.773061 ,   -9.785601 ,   5.21174  ,   8.470955 ,  -5.504012 ,  10.8721285,   -5.4200006,   1.726336 ,  -7.707826 ]; [[10208.51892088,-1532.91824673,-2388.26775643, -200.10510091,    517.32818697, -381.01839405,  243.65029205,  -98.6573996 ,   -660.30595558,  254.00884752, -312.02834902,  247.5836392 ,   -242.02109496], [-1532.91824673, 2674.80757704,   65.77311441, -185.40695145,   -251.43505722,  237.04210325,   88.77500955,   56.18991603,    235.96516109, -162.21730939,  162.6863595 ,  -85.51511965,    202.16201279], [-2388.26775643,   65.77311441, 1792.89538457,  109.6496781 ,   -253.54769438,   87.94861573, -240.04791427,   47.7295147 ,    142.88261434,  -47.94574828,   89.61685233,  -67.08562291,     15.34080405], [ -200.10510091, -185.40695145,  109.6496781 ,  377.69344719,     47.53598401,  -78.01703248, -132.96222963,   33.95387574,     56.51885845,    9.0395544 ,  -12.75007416,  -24.35453051,      2.28178194], [  517.32818697, -251.43505722, -253.54769438,   47.53598401,    262.94494379,  -87.47493998,  -41.45626936,  -22.24915754,    -38.07265009,   60.53013144,  -42.60718785,   13.6707302 ,    -46.72949273], [ -381.01839405,  237.04210325,   87.94861573,  -78.01703248,    -87.47493998,  328.67097557,   49.02684047,    9.93972053,     44.21579333,  -61.26459724,  107.86555137,    3.94206652,     51.81637047], [  243.65029205,   88.77500955, -240.04791427, -132.96222963,    -41.45626936,   49.02684047,  320.16538162,   -5.91487477,    -69.4237684 ,   -4.00345466,   17.87360669,   52.32408123,      9.98340423], [  -98.6573996 ,   56.18991603,   47.7295147 ,   33.95387574,    -22.24915754,    9.93972053,   -5.91487477,  177.44689046,     41.86134556,  -42.26470921,  -12.87600304,  -10.39185819,     44.1904774 ], [ -660.30595558,  235.96516109,  142.88261434,   56.51885845,    -38.07265009,   44.21579333,  -69.4237684 ,   41.86134556,    254.72021925,  -43.51628885,   18.93719326,  -61.52664212,     52.98650982], [  254.00884752, -162.21730939,  -47.94574828,    9.0395544 ,     60.53013144,  -61.26459724,   -4.00345466,  -42.26470921,    -43.51628885,  168.5269213 ,  -13.69076185,    9.62618194,    -60.29092229], [ -312.02834902,  162.6863595 ,   89.61685233,  -12.75007416,    -42.60718785,  107.86555137,   17.87360669,  -12.87600304,     18.93719326,  -13.69076185,  165.04722953,   15.00214674,     17.18244832], [  247.5836392 ,  -85.51511965,  -67.08562291,  -24.35453051,     13.6707302 ,    3.94206652,   52.32408123,  -10.39185819,    -61.52664212,    9.62618194,   15.00214674,  136.94923527,     -4.22653012], [ -242.02109496,  202.16201279,   15.34080405,    2.28178194,    -46.72949273,   51.81637047,    9.98340423,   44.1904774 ,     52.98650982,  -60.29092229,   17.18244832,   -4.22653012,    154.85386602]]
/root/sim/music/out/Bonnie_Raitt/Luck_Of_The_Draw/09_Papa_Come_Quick_(Jody_And_Chico).mp3; [-716.71045   , 109.75896   ,   5.9683685 ,  17.796986  ,   2.3287458 ,   -0.03993344,  -0.9149806 ,  -5.4138913 ,  -5.2750597 ,   2.547421  ,   -5.3865547 ,   0.03964617,  -5.118756  ]; [[11350.06571181, -429.62822278,-1261.78221298, -588.04174286,   -182.52582684, -235.56164765,   93.27264501,   47.67729469,     39.30512022,  244.31147832,   19.11132681,   21.76713104,   -109.87995062], [ -429.62822278, 1139.92474949, -156.60310532,  -19.96839626,    -13.10945893,   65.70849697,   82.43047783,  -14.52932602,      6.04685164,   17.1951836 ,   32.56454087,   58.64520279,    -61.69978378], [-1261.78221298, -156.60310532, 1133.91024316,  404.79140531,     68.5542282 ,  104.10947763,  -38.9934465 ,   50.06567527,     86.95194626,  -48.6965686 ,   87.3366398 ,  -18.74643912,    143.40138086], [ -588.04174286,  -19.96839626,  404.79140531,  549.56855549,    129.32943318,   68.68515962,  -28.6537579 ,   61.31657344,    112.93681384,   13.48983118,   23.7138081 ,   21.43127026,    107.77476429], [ -182.52582684,  -13.10945893,   68.5542282 ,  129.32943318,    253.58766406,   60.13802572,   22.65799348,   32.18246419,     50.50768892,   37.88711249,    7.46625032,   26.68994888,     14.5363006 ], [ -235.56164765,   65.70849697,  104.10947763,   68.68515962,     60.13802572,  280.4102242 ,   96.60622976,   20.86552221,     30.27376321,   14.87190696,   47.81800963,   10.41692568,     37.76084407], [   93.27264501,   82.43047783,  -38.9934465 ,  -28.6537579 ,     22.65799348,   96.60622976,  211.06030882,   87.19525691,     21.60914317,   40.8345546 ,   40.66589743,   40.98242737,      7.89436642], [   47.67729469,  -14.52932602,   50.06567527,   61.31657344,     32.18246419,   20.86552221,   87.19525691,  169.84145075,     63.61205841,   42.28970424,   32.03408377,   41.11358635,     32.68105879], [   39.30512022,    6.04685164,   86.95194626,  112.93681384,     50.50768892,   30.27376321,   21.60914317,   63.61205841,    158.66396545,   45.43215726,   41.61286915,   20.08961195,     33.8661019 ], [  244.31147832,   17.1951836 ,  -48.6965686 ,   13.48983118,     37.88711249,   14.87190696,   40.8345546 ,   42.28970424,     45.43215726,  136.95002701,   46.72520568,   34.30671769,      2.01097858], [   19.11132681,   32.56454087,   87.3366398 ,   23.7138081 ,      7.46625032,   47.81800963,   40.66589743,   32.03408377,     41.61286915,   46.72520568,  117.63313985,   45.16256275,     25.76736383], [   21.76713104,   58.64520279,  -18.74643912,   21.43127026,     26.68994888,   10.41692568,   40.98242737,   41.11358635,     20.08961195,   34.30671769,   45.16256275,  123.26290796,     30.25233928], [ -109.87995062,  -61.69978378,  143.40138086,  107.77476429,     14.5363006 ,   37.76084407,    7.89436642,   32.68105879,     33.8661019 ,    2.01097858,   25.76736383,   30.25233928,    124.60318815]]
/root/sim/music/out/Bonnie_Raitt/Luck_Of_The_Draw/05_Come_To_Me.mp3; [-667.4645   , 105.36243  ,   5.9430056,  25.02454  ,  10.076153 ,   -1.1111363,   2.5742054,   2.6564562,  -3.3725271,   2.4699357,   -9.470121 ,  -6.6949577,  -7.3295107]; [[14920.93891198, -367.98982723,-1495.80635921, -226.57864995,   -233.83927395, -220.94307322,  107.64207532,    9.21901019,    -20.50485256,  197.9699224 ,  -18.72564714,   35.85333738,    -93.46430015], [ -367.98982723,  919.69052268,   29.54822522,   71.60520607,    102.44544007,   67.89065399,   96.67403753,   41.99638916,     43.97671591,   32.63261524,    4.72114976,  -19.86593742,     18.29248616], [-1495.80635921,   29.54822522, 1251.49642394,  268.79832857,    122.13437533,  276.50537973,   -7.405509  ,   91.11956673,     56.70590114,  -74.92566114,  130.8798737 ,   54.93813335,     52.14380646], [ -226.57864995,   71.60520607,  268.79832857,  387.28636426,    151.12325712,  120.03854925,   55.90587692,   55.40160954,     98.1095155 ,   -5.09781565,   40.09071553,   28.37652195,     37.94135544], [ -233.83927395,  102.44544007,  122.13437533,  151.12325712,    291.9343342 ,   78.2892146 ,   60.25257227,   64.49444508,     56.9952149 ,   36.64824059,   18.75957928,   25.49720778,      4.4657534 ], [ -220.94307322,   67.89065399,  276.50537973,  120.03854925,     78.2892146 ,  334.08583438,  120.17788745,   58.3162215 ,     42.7400181 ,    2.6174545 ,   83.81259241,   17.66729932,     42.44761733], [  107.64207532,   96.67403753,   -7.405509  ,   55.90587692,     60.25257227,  120.17788745,  248.54039692,   47.30852233,     19.27168624,   37.23257894,   31.70735436,   39.94673429,     24.15587656], [    9.21901019,   41.99638916,   91.11956673,   55.40160954,     64.49444508,   58.3162215 ,   47.30852233,  142.36533673,     52.14891039,   19.55264986,   23.58016256,   16.7325785 ,     13.82186173], [  -20.50485256,   43.97671591,   56.70590114,   98.1095155 ,     56.9952149 ,   42.7400181 ,   19.27168624,   52.14891039,    155.24071558,   50.12940591,   28.39618747,    3.49975025,     14.46933846], [  197.9699224 ,   32.63261524,  -74.92566114,   -5.09781565,     36.64824059,    2.6174545 ,   37.23257894,   19.55264986,     50.12940591,  135.17532876,   29.23409902,   10.33725231,    -10.70491534], [  -18.72564714,    4.72114976,  130.8798737 ,   40.09071553,     18.75957928,   83.81259241,   31.70735436,   23.58016256,     28.39618747,   29.23409902,  129.99896796,   38.88576519,     15.68981033], [   35.85333738,  -19.86593742,   54.93813335,   28.37652195,     25.49720778,   17.66729932,   39.94673429,   16.7325785 ,      3.49975025,   10.33725231,   38.88576519,   91.7909147 ,     18.39701303], [  -93.46430015,   18.29248616,   52.14380646,   37.94135544,      4.4657534 ,   42.44761733,   24.15587656,   13.82186173,     14.46933846,  -10.70491534,   15.68981033,   18.39701303,     87.59864353]]
/root/sim/music/out/FUNKY_MONKEY_BABYS/ファンキーモンキーベイビーズ_LAST_BEST__メンバーBEST_[Disc_2]/01_太陽おどり_～新八王子音頭～.mp3; [-521.8409    ,  62.691513  , -18.15373   ,   6.8945727 ,  10.311059  ,    4.467354  ,  -2.5023086 ,   9.675365  ,   0.12317546,  -0.12254634,    0.7628931 ,   3.9836807 ,   1.6822525 ]; [[19614.20029714,-1036.32722199, 2161.52135416,  816.34061472,   1536.3809175 ,  919.73221022,  261.4664669 ,  511.74066205,    945.55146365,  484.07766971,  423.18921632,  296.30439841,     56.40536781], [-1036.32722199, 1396.00719069,   98.3701201 ,  162.57642898,     73.83965365,   12.52594453,  116.9718345 ,   32.16280252,     63.70345355,    7.2319739 ,   33.52632898,    5.73099422,     -6.19700015], [ 2161.52135416,   98.3701201 , 1235.32848556,  429.24578899,    596.09128933,  331.40568101,  207.45562717,  163.55449239,    336.25049063,  141.2464951 ,  140.79461064,   68.99021254,     25.08246837], [  816.34061472,  162.57642898,  429.24578899,  591.02116456,    417.64223763,  116.31882715,   36.58698814,   76.7511076 ,    197.99209188,   67.03916264,   51.39363741,   63.94778052,     48.8873947 ], [ 1536.3809175 ,   73.83965365,  596.09128933,  417.64223763,    749.96165667,  327.67332527,  161.76711725,  174.70990584,    272.54754195,  146.27995539,  134.6817659 ,   92.12664164,     58.69160949], [  919.73221022,   12.52594453,  331.40568101,  116.31882715,    327.67332527,  389.84461154,  221.70689181,  156.30880433,    166.92926111,  117.00488852,  119.74919253,   74.38534523,     41.12885767], [  261.4664669 ,  116.9718345 ,  207.45562717,   36.58698814,    161.76711725,  221.70689181,  343.57817347,  187.78363835,     91.73268623,  112.89857677,  101.07691688,   53.19759116,     38.00861899], [  511.74066205,   32.16280252,  163.55449239,   76.7511076 ,    174.70990584,  156.30880433,  187.78363835,  245.86962525,    104.5485331 ,  108.65276622,   81.81999575,   59.60134904,     58.1220784 ], [  945.55146365,   63.70345355,  336.25049063,  197.99209188,    272.54754195,  166.92926111,   91.73268623,  104.5485331 ,    272.69159236,   92.46714339,   98.82868425,   72.05015281,     40.65339491], [  484.07766971,    7.2319739 ,  141.2464951 ,   67.03916264,    146.27995539,  117.00488852,  112.89857677,  108.65276622,     92.46714339,  191.35316662,   87.07723313,   39.05648148,     36.97480581], [  423.18921632,   33.52632898,  140.79461064,   51.39363741,    134.6817659 ,  119.74919253,  101.07691688,   81.81999575,     98.82868425,   87.07723313,  153.34577768,   72.60055238,     37.54118277], [  296.30439841,    5.73099422,   68.99021254,   63.94778052,     92.12664164,   74.38534523,   53.19759116,   59.60134904,     72.05015281,   39.05648148,   72.60055238,  123.75844324,     63.89931663], [   56.40536781,   -6.19700015,   25.08246837,   48.8873947 ,     58.69160949,   41.12885767,   38.00861899,   58.1220784 ,     40.65339491,   36.97480581,   37.54118277,   63.89931663,    106.7348426 ]]
/root/sim/music/out/FUNKY_MONKEY_BABYS/ファンキーモンキーベイビーズ_LAST_BEST__メンバーBEST_[Disc_2]/06_メロディーライン.mp3; [-508.61774  ,  72.202354 ,   7.687264 ,  23.559034 ,   3.291897 ,    7.4281993,   3.3263512,   9.608115 ,   6.9261384,   3.6875389,    5.120412 ,   6.2582164,   2.2130883]; [[15751.50527117,   74.32473265,  745.03696016, 1009.93129759,    822.26409463,  966.09232474,  753.78515217,  594.1018972 ,    365.03471716,  218.20530681,  216.04699649,   85.07361331,     65.812898  ], [   74.32473265,  722.13225065,  -85.48465212,  -90.78054329,    -64.34617571,   37.31248604,   71.48126683,   42.06637461,     34.71142608,   41.20557558,   51.03715692,   21.31561669,     25.15174811], [  745.03696016,  -85.48465212,  618.35097298,  336.32692028,    179.53765034,  168.18655299,  137.69494685,  104.63493734,     82.69664198,   68.58927118,   44.30673288,   54.72652705,     54.48891351], [ 1009.93129759,  -90.78054329,  336.32692028,  536.41142339,    286.30394889,  158.88085943,   60.64394281,   83.76897654,     85.23287622,   27.13716679,   18.20809482,   67.52514088,     50.94104462], [  822.26409463,  -64.34617571,  179.53765034,  286.30394889,    363.06312023,  169.72254781,   64.16788507,   75.53204587,     98.65210236,   36.51589281,   31.73173567,   35.58024862,     29.74450285], [  966.09232474,   37.31248604,  168.18655299,  158.88085943,    169.72254781,  310.13033541,  207.20666976,  103.91705962,     69.67402942,   89.20903347,   80.32079438,   27.54871915,     26.62781604], [  753.78515217,   71.48126683,  137.69494685,   60.64394281,     64.16788507,  207.20666976,  294.0785282 ,  157.18190791,     53.25240338,   68.33600155,   76.47976259,   26.59944823,     34.66965004], [  594.1018972 ,   42.06637461,  104.63493734,   83.76897654,     75.53204587,  103.91705962,  157.18190791,  193.9185736 ,    107.84361215,   55.27021072,   45.67042078,   33.54926083,     41.99570136], [  365.03471716,   34.71142608,   82.69664198,   85.23287622,     98.65210236,   69.67402942,   53.25240338,  107.84361215,    166.73426923,   89.87745992,   41.97059967,   26.40948874,     31.45134104], [  218.20530681,   41.20557558,   68.58927118,   27.13716679,     36.51589281,   89.20903347,   68.33600155,   55.27021072,     89.87745992,  158.41567676,   83.40771608,   20.80286282,     28.48427188], [  216.04699649,   51.03715692,   44.30673288,   18.20809482,     31.73173567,   80.32079438,   76.47976259,   45.67042078,     41.97059967,   83.40771608,  114.16253896,   50.67378154,     21.38360664], [   85.07361331,   21.31561669,   54.72652705,   67.52514088,     35.58024862,   27.54871915,   26.59944823,   33.54926083,     26.40948874,   20.80286282,   50.67378154,   99.73645887,     57.78198388], [   65.812898  ,   25.15174811,   54.48891351,   50.94104462,     29.74450285,   26.62781604,   34.66965004,   41.99570136,     31.45134104,   28.48427188,   21.38360664,   57.78198388,     98.71900853]]
/root/sim/music/out/FUNKY_MONKEY_BABYS/ファンキーモンキーベイビーズ_LAST_BEST__メンバーBEST_[Disc_2]/11_Oh_my_lady.mp3; [-492.54272   ,  96.39978   ,  -5.6688995 ,  22.299965  ,   9.508893  ,    3.8631854 ,   0.68686175,  10.0286455 ,   5.718387  ,   5.33397   ,    4.3214893 ,   4.243666  ,   2.7113657 ]; [[11303.50798524,  254.9219    , -394.87638049,  179.37419936,     95.03158928,   88.82003277,   17.95776741,  204.72033102,    194.25862193,  102.19216066,   22.26217987,  -19.36801972,     24.6985144 ], [  254.9219    ,  657.98438976,   -9.47275253,  -16.62192807,     26.54481451,   23.04800436,   54.00855746,   35.43118889,     33.14345691,   30.63947388,   34.04948701,   13.80304045,     20.35296807], [ -394.87638049,   -9.47275253,  700.59609645,   97.91814029,     78.88819097,   50.41129198,   50.6789224 ,   -2.94686745,      8.40611532,   -5.89130607,   17.13689897,   49.45887369,     18.48752312], [  179.37419936,  -16.62192807,   97.91814029,  327.45796192,    124.69697718,  -30.70268839,  -50.28213586,   23.40574369,     38.99413647,    2.69691452,   -0.51095621,   45.07909681,     31.7505091 ], [   95.03158928,   26.54481451,   78.88819097,  124.69697718,    247.16718997,   34.06587561,   -1.21447267,   23.55368181,     64.25284246,   26.59491293,   20.13289616,   19.21827072,     18.98787173], [   88.82003277,   23.04800436,   50.41129198,  -30.70268839,     34.06587561,  164.88179622,   94.71140519,    4.43879538,     -7.81674533,   18.08448425,   38.67545431,   10.95601426,      0.43920158], [   17.95776741,   54.00855746,   50.6789224 ,  -50.28213586,     -1.21447267,   94.71140519,  207.77948663,   50.58227299,    -17.04402503,   17.77954833,   35.41870232,   10.98721247,     18.80203528], [  204.72033102,   35.43118889,   -2.94686745,   23.40574369,     23.55368181,    4.43879538,   50.58227299,  105.33822535,     59.23236899,   22.23106535,   12.9370127 ,    7.88571503,     18.42692875], [  194.25862193,   33.14345691,    8.40611532,   38.99413647,     64.25284246,   -7.81674533,  -17.04402503,   59.23236899,    136.3240447 ,   55.44134231,    4.19589219,   -3.43967918,      7.58317653], [  102.19216066,   30.63947388,   -5.89130607,    2.69691452,     26.59491293,   18.08448425,   17.77954833,   22.23106535,     55.44134231,   96.2193492 ,   38.34189642,   -4.39381639,      1.76962219], [   22.26217987,   34.04948701,   17.13689897,   -0.51095621,     20.13289616,   38.67545431,   35.41870232,   12.9370127 ,      4.19589219,   38.34189642,   80.85056704,   31.89922048,      6.08605253], [  -19.36801972,   13.80304045,   49.45887369,   45.07909681,     19.21827072,   10.95601426,   10.98721247,    7.88571503,     -3.43967918,   -4.39381639,   31.89922048,   78.82258205,     34.41612991], [   24.6985144 ,   20.35296807,   18.48752312,   31.7505091 ,     18.98787173,    0.43920158,   18.80203528,   18.42692875,      7.58317653,    1.76962219,    6.08605253,   34.41612991,     73.58831059]]
