/root/sim/music/out/TRF/TRF_20TH_Anniversary_COMPLETE_SINGLE_BEST_[Disc_1]/05-寒い夜だから….mp3; [-504.76407   ,  87.06801   ,  12.199947  ,  13.543507  ,   4.048912  ,   13.116799  ,   4.2118826 ,  10.332212  ,   9.265235  ,   6.013946  ,    0.572093  ,   0.23748729,   2.5164979 ]; [[12845.82590378,  376.69538965,   59.69269381,   96.14080664,     12.93073441,  172.179108  ,   21.80498473,  105.9926944 ,    151.55182228,  141.55250692,   19.00236842,   73.8533087 ,     77.93839169], [  376.69538965,  882.92396594, -100.4875856 ,   17.32119656,    -12.28100684,  -23.85524711,   40.48538827,    9.68372703,     25.6930007 ,   19.90047113,   14.26887136,  -13.97253241,      8.72429197], [   59.69269381, -100.4875856 ,  400.86752961,   93.87527736,     39.79149783,   27.20588333,  -25.20065372,    5.96772466,    -16.63166962,  -25.38735913,    7.46463848,   -4.06088717,    -10.81543487], [   96.14080664,   17.32119656,   93.87527736,  180.60454731,     82.97686347,   11.65336309,   -3.74414114,   23.48017373,      6.14013846,  -15.87534382,    5.23209436,   22.45273774,     -4.70551485], [   12.93073441,  -12.28100684,   39.79149783,   82.97686347,    155.15696269,   66.78054707,   28.63819362,   31.70550165,     24.64301525,   11.6579084 ,    8.80857401,   17.32080277,     19.47880378], [  172.179108  ,  -23.85524711,   27.20588333,   11.65336309,     66.78054707,  147.38595966,   74.69822191,   23.36293547,     15.83933394,   23.03422877,   12.91202939,    3.14789761,     19.04989596], [   21.80498473,   40.48538827,  -25.20065372,   -3.74414114,     28.63819362,   74.69822191,  124.26142731,   57.38052143,     13.67608502,   13.67527163,   13.87893226,   17.47022325,     18.30225745], [  105.9926944 ,    9.68372703,    5.96772466,   23.48017373,     31.70550165,   23.36293547,   57.38052143,  110.84934351,     49.27834558,    6.45037518,    3.43263458,   21.42871219,     16.09005901], [  151.55182228,   25.6930007 ,  -16.63166962,    6.14013846,     24.64301525,   15.83933394,   13.67608502,   49.27834558,    110.77310437,   50.07109107,    2.52792376,    3.76711654,     15.37552784], [  141.55250692,   19.90047113,  -25.38735913,  -15.87534382,     11.6579084 ,   23.03422877,   13.67527163,    6.45037518,     50.07109107,   97.69845037,   30.33463326,   -0.0786408 ,      6.46037169], [   19.00236842,   14.26887136,    7.46463848,    5.23209436,      8.80857401,   12.91202939,   13.87893226,    3.43263458,      2.52792376,   30.33463326,   74.0140434 ,   32.44438914,      4.98005663], [   73.8533087 ,  -13.97253241,   -4.06088717,   22.45273774,     17.32080277,    3.14789761,   17.47022325,   21.42871219,      3.76711654,   -0.0786408 ,   32.44438914,   86.67153366,     30.1651325 ], [   77.93839169,    8.72429197,  -10.81543487,   -4.70551485,     19.47880378,   19.04989596,   18.30225745,   16.09005901,     15.37552784,    6.46037169,    4.98005663,   30.1651325 ,     72.22003122]]
/root/sim/music/out/TRF/TRF_20TH_Anniversary_COMPLETE_SINGLE_BEST_[Disc_1]/02-EZ_DO_DANCE.mp3; [-512.25336   ,  69.81291   ,  27.002995  ,  16.731985  ,  11.433299  ,   16.870117  ,   2.6499364 ,  11.744661  ,   4.5327907 ,   4.568588  ,   -0.98422414,   0.3180731 ,   2.085852  ]; [[16559.80647516,  782.57754592,  216.89023639,  215.2915191 ,    125.71114706,  202.09577478,   47.31966329,  124.50636248,     59.97425656,   48.62137608,  -21.82809843,  -26.94970185,    -25.66348242], [  782.57754592,  535.07506979, -119.22660631,   14.91833915,     -8.03378438,   24.42114985,   37.25324517,    9.83866491,     -9.16483199,   16.17726723,   12.77209013,  -25.29174012,      3.27095234], [  216.89023639, -119.22660631,  524.84860636,   66.37958226,     22.61363776,  113.40633075,    9.17367798,   -9.33502487,      4.22216004,  -22.84162444,   26.14888895,   -3.12259263,    -16.19484315], [  215.2915191 ,   14.91833915,   66.37958226,  267.38928839,     77.87819727,  -22.10054941,  -39.1511273 ,   20.19754844,     31.76733466,  -26.46099754,    3.36472233,   16.48258591,     15.73778188], [  125.71114706,   -8.03378438,   22.61363776,   77.87819727,    129.18144653,   14.68432555,  -21.92274218,   19.01076063,     26.94133511,    2.3864741 ,   -2.43888979,    3.23895492,     12.0719843 ], [  202.09577478,   24.42114985,  113.40633075,  -22.10054941,     14.68432555,  191.7685598 ,   57.48268751,    1.58929392,     17.71612642,   15.40929189,   26.85929084,  -17.37376546,      5.13718906], [   47.31966329,   37.25324517,    9.17367798,  -39.1511273 ,    -21.92274218,   57.48268751,  120.36301295,   23.06736949,     -4.50879643,   12.77484335,   16.79730238,   -6.50720123,     -5.7394479 ], [  124.50636248,    9.83866491,   -9.33502487,   20.19754844,     19.01076063,    1.58929392,   23.06736949,  112.03589225,     50.05224233,    6.50675185,    8.24957229,    8.92948565,      8.82897478], [   59.97425656,   -9.16483199,    4.22216004,   31.76733466,     26.94133511,   17.71612642,   -4.50879643,   50.05224233,    108.97487568,   34.63774654,   -3.82808324,   -2.34683691,     11.71974698], [   48.62137608,   16.17726723,  -22.84162444,  -26.46099754,      2.3864741 ,   15.40929189,   12.77484335,    6.50675185,     34.63774654,   85.90656679,   22.89814395,  -12.88885795,      7.37435896], [  -21.82809843,   12.77209013,   26.14888895,    3.36472233,     -2.43888979,   26.85929084,   16.79730238,    8.24957229,     -3.82808324,   22.89814395,   78.76152358,   25.67479296,      2.65093825], [  -26.94970185,  -25.29174012,   -3.12259263,   16.48258591,      3.23895492,  -17.37376546,   -6.50720123,    8.92948565,     -2.34683691,  -12.88885795,   25.67479296,   72.70753989,     20.33397499], [  -25.66348242,    3.27095234,  -16.19484315,   15.73778188,     12.0719843 ,    5.13718906,   -5.7394479 ,    8.82897478,     11.71974698,    7.37435896,    2.65093825,   20.33397499,     61.51399041]]
/root/sim/music/out/TRF/TRF_20TH_Anniversary_COMPLETE_SINGLE_BEST_[Disc_1]/12-Happening_Here.mp3; [-549.49493  ,  93.1302   ,  16.75218  ,  22.14511  ,   6.25213  ,   10.83925  ,   3.2466817,   2.4216473,   1.8234028,   3.3850217,   -0.6262088,   1.1113098,   1.5646262]; [[15887.00493285,-1021.14580655, -784.13087835, -601.90778225,   -504.64022227, -280.01234285, -123.87607456,  -34.50364994,     -0.01391458,  105.53380535,   16.50950356,   33.90720133,     53.45684836], [-1021.14580655, 1619.01673899,  -35.52137933,   83.1613051 ,     67.06260212,   85.55272304,   63.03187654,  -36.40636293,      4.56046381,  -27.44860768,  -57.9147255 ,  -14.65559822,    -11.34745158], [ -784.13087835,  -35.52137933,  866.11035387,   76.15500607,    176.65291442,   97.97646712,   45.87330043,   74.96519307,      7.30642848,  -12.73818765,    5.28557472,  -18.37183375,    -34.30949761], [ -601.90778225,   83.1613051 ,   76.15500607,  417.16662878,    130.11921927,   84.70396255,   75.83308012,   78.17475801,     69.5761636 ,   -8.60203051,   28.6427904 ,   36.418252  ,     14.81418053], [ -504.64022227,   67.06260212,  176.65291442,  130.11921927,    211.85728347,   79.27578812,   57.55628697,   75.83754767,     39.35386822,   16.28194789,    4.17172309,    9.59909047,     12.05995907], [ -280.01234285,   85.55272304,   97.97646712,   84.70396255,     79.27578812,  247.69056134,  126.88227285,   35.67075767,     42.85202052,   38.55947673,    7.93785168,    3.92707725,     13.09535622], [ -123.87607456,   63.03187654,   45.87330043,   75.83308012,     57.55628697,  126.88227285,  171.97473608,   51.58055636,     15.54325662,   32.90097792,   22.62882007,   16.71114651,     21.49359739], [  -34.50364994,  -36.40636293,   74.96519307,   78.17475801,     75.83754767,   35.67075767,   51.58055636,  133.35953297,     53.19426792,   11.05116559,   17.13890051,   23.00836883,     14.3263848 ], [   -0.01391458,    4.56046381,    7.30642848,   69.5761636 ,     39.35386822,   42.85202052,   15.54325662,   53.19426792,    110.80005427,   32.00396663,    8.32460917,   14.01120737,      8.91939086], [  105.53380535,  -27.44860768,  -12.73818765,   -8.60203051,     16.28194789,   38.55947673,   32.90097792,   11.05116559,     32.00396663,   97.03678885,   35.67203568,    7.85007671,     17.06883913], [   16.50950356,  -57.9147255 ,    5.28557472,   28.6427904 ,      4.17172309,    7.93785168,   22.62882007,   17.13890051,      8.32460917,   35.67203568,   96.05324092,   41.19033889,     11.26680766], [   33.90720133,  -14.65559822,  -18.37183375,   36.418252  ,      9.59909047,    3.92707725,   16.71114651,   23.00836883,     14.01120737,    7.85007671,   41.19033889,   90.88411034,     33.25988843], [   53.45684836,  -11.34745158,  -34.30949761,   14.81418053,     12.05995907,   13.09535622,   21.49359739,   14.3263848 ,      8.91939086,   17.06883913,   11.26680766,   33.25988843,     75.95527086]]
/root/sim/music/out/TRF/TRF_20TH_Anniversary_COMPLETE_SINGLE_BEST_[Disc_1]/11-BRAND_NEW_TOMORROW.mp3; [-520.208     ,  86.24183   ,  13.40134   ,   8.022083  ,   5.896371  ,   13.894701  ,   2.1348572 ,  -0.32754612,   2.189375  ,   5.425077  ,   -2.1836827 ,   2.3942814 ,   2.0418487 ]; [[17988.96055338, 1144.08791231, -129.75224199,  145.47370638,    143.16166042,  305.78430808,  -57.53492959,    1.8114226 ,    255.1059812 ,  334.42431324,   -5.86692527,   78.98971447,    227.73041542], [ 1144.08791231, 1200.1857795 , -209.82847363,  -68.24375838,     21.65381725,   77.0619305 ,   14.79273413,  -58.87548266,    -80.87979522,   71.99684744,   39.16687427,  -60.77735892,     30.7171166 ], [ -129.75224199, -209.82847363,  465.67733322,   87.2374919 ,     25.50936049,   55.56824117,   10.63567442,   33.80465531,    -43.47235272,    2.25293979,   32.50054905,    0.99338602,    -37.75511916], [  145.47370638,  -68.24375838,   87.2374919 ,  291.89514626,     99.34403033,   35.31770323,   13.35909935,   68.25438617,     45.90426829,    4.37419265,   16.53128104,   68.82693169,      6.41588303], [  143.16166042,   21.65381725,   25.50936049,   99.34403033,    204.64805411,   77.05345977,   35.49506595,   29.5275735 ,     59.98657005,   36.96641053,   29.51416463,   31.38261955,     19.88992216], [  305.78430808,   77.0619305 ,   55.56824117,   35.31770323,     77.05345977,  218.11523982,   78.90702755,   17.55332273,     29.3449095 ,   66.49066763,   31.61311399,    2.10295486,     13.67713819], [  -57.53492959,   14.79273413,   10.63567442,   13.35909935,     35.49506595,   78.90702755,  182.78994202,   30.99570014,     44.01178137,   52.97849019,   37.02130426,   20.44885566,      9.64971487], [    1.8114226 ,  -58.87548266,   33.80465531,   68.25438617,     29.5275735 ,   17.55332273,   30.99570014,  151.602217  ,     52.48342128,    6.68584647,    6.47659904,   25.93988068,     11.95477895], [  255.1059812 ,  -80.87979522,  -43.47235272,   45.90426829,     59.98657005,   29.3449095 ,   44.01178137,   52.48342128,    186.25550709,   53.40654108,    4.85179591,   41.73194567,     26.08118851], [  334.42431324,   71.99684744,    2.25293979,    4.37419265,     36.96641053,   66.49066763,   52.97849019,    6.68584647,     53.40654108,  146.22370155,   64.4492177 ,   10.29870237,     21.88718409], [   -5.86692527,   39.16687427,   32.50054905,   16.53128104,     29.51416463,   31.61311399,   37.02130426,    6.47659904,      4.85179591,   64.4492177 ,  107.32055471,   32.86027508,      7.20137444], [   78.98971447,  -60.77735892,    0.99338602,   68.82693169,     31.38261955,    2.10295486,   20.44885566,   25.93988068,     41.73194567,   10.29870237,   32.86027508,  115.95546892,     30.14581885], [  227.73041542,   30.7171166 ,  -37.75511916,    6.41588303,     19.88992216,   13.67713819,    9.64971487,   11.95477895,     26.08118851,   21.88718409,    7.20137444,   30.14581885,    101.49326549]]
/root/sim/music/out/TRF/TRF_20TH_Anniversary_COMPLETE_SINGLE_BEST_[Disc_3]/04-iNNOVATiON.mp3; [-490.17514   , 101.06687   ,   4.662537  ,  29.940876  ,   7.69563   ,   12.43711   ,   3.5557168 ,   4.3713036 ,  -0.36226472,   0.79252434,   -2.4324615 ,  -0.51798   ,  -2.756972  ]; [[15485.78593808,  107.9525226 , -333.65388473,  -41.14635021,   -248.12512348,  -51.49061176,  -20.86850776,  -43.36305195,     -0.30062978,   64.49536347,  -26.24866297,  -15.92928036,    -58.13406237], [  107.9525226 , 1174.92133114, -150.10679531,   78.59648266,     80.55762179,   51.2036067 ,   48.02032174,   48.45935328,     18.96887739,   -8.97748129,    4.44612154,    0.22082334,     -6.01028926], [ -333.65388473, -150.10679531,  422.04325409,  129.49713342,     70.5667764 ,   51.97349127,   11.39944109,   24.9448177 ,    -25.23899591,   -5.15058418,    2.7314186 ,    0.17731461,    -23.29934946], [  -41.14635021,   78.59648266,  129.49713342,  297.63960324,    105.81730705,   37.21854095,   -3.70541386,   30.0506864 ,      5.53557051,  -14.67904761,   -9.58600283,   11.16322832,    -13.11497684], [ -248.12512348,   80.55762179,   70.5667764 ,  105.81730705,    168.31699872,   51.7525458 ,   -2.27065347,   22.79071115,      8.80283429,  -10.82339156,   -3.44374098,   12.12557475,     12.44540393], [  -51.49061176,   51.2036067 ,   51.97349127,   37.21854095,     51.7525458 ,  125.87261287,   48.80887669,   11.51829326,     -5.35514777,   15.16409656,   -0.05036025,   -5.74745735,     -2.89534001], [  -20.86850776,   48.02032174,   11.39944109,   -3.70541386,     -2.27065347,   48.80887669,   90.69964927,   25.86043381,      0.392679  ,   11.80041525,    9.36126394,   -0.76050855,     -2.07648653], [  -43.36305195,   48.45935328,   24.9448177 ,   30.0506864 ,     22.79071115,   11.51829326,   25.86043381,   80.66937595,     29.2228732 ,    4.40792166,    3.92428646,    5.60281676,     -1.60752558], [   -0.30062978,   18.96887739,  -25.23899591,    5.53557051,      8.80283429,   -5.35514777,    0.392679  ,   29.2228732 ,     72.99891382,   23.34313806,    0.5703164 ,    3.63338922,      9.53084279], [   64.49536347,   -8.97748129,   -5.15058418,  -14.67904761,    -10.82339156,   15.16409656,   11.80041525,    4.40792166,     23.34313806,   65.16154872,   21.88693403,   -4.63960516,      2.41124488], [  -26.24866297,    4.44612154,    2.7314186 ,   -9.58600283,     -3.44374098,   -0.05036025,    9.36126394,    3.92428646,      0.5703164 ,   21.88693403,   49.0730709 ,   19.67978328,      1.63615431], [  -15.92928036,    0.22082334,    0.17731461,   11.16322832,     12.12557475,   -5.74745735,   -0.76050855,    5.60281676,      3.63338922,   -4.63960516,   19.67978328,   58.67459598,     21.08752976], [  -58.13406237,   -6.01028926,  -23.29934946,  -13.11497684,     12.44540393,   -2.89534001,   -2.07648653,   -1.60752558,      9.53084279,    2.41124488,    1.63615431,   21.08752976,     53.18088644]]
/root/sim/music/out/TRF/TRF_20TH_Anniversary_COMPLETE_SINGLE_BEST_[Disc_3]/01-Where_to_begin.mp3; [-511.70084   ,  80.06778   ,  23.854448  ,  22.887167  ,   5.1814656 ,    8.838018  ,   7.4564466 ,   6.3013754 ,   0.913003  ,   5.6301713 ,    0.8846406 ,   1.4544132 ,  -0.32334858]; [[10702.87503562,  488.4638985 ,  592.42330587,  127.54824165,     32.13067203,   91.64107695,  156.03834077,   43.94717141,     71.19938791,  186.68863928,    6.55768685,   70.5178728 ,      6.1343234 ], [  488.4638985 ,  805.46285567,   -1.05284754,  -84.00562692,    -19.71237022,   11.2804173 ,  107.75457318,   45.15345177,     -4.55028545,   15.68157132,   24.26783059,   14.61284695,     22.68181557], [  592.42330587,   -1.05284754,  601.75143774,  127.59475425,    177.58114033,   51.04488472,   70.40008073,   32.16425922,     13.21139751,   41.6506042 ,   56.33158493,   70.61568788,     15.84374679], [  127.54824165,  -84.00562692,  127.59475425,  316.75106824,    138.76295106,   30.8415363 ,  -23.89384558,   37.07145677,     35.48389704,  -10.58529503,    6.79470564,   30.1550891 ,      7.80080776], [   32.13067203,  -19.71237022,  177.58114033,  138.76295106,    217.82482941,   43.57337682,    2.98142237,   27.12343589,     37.50078905,   10.84807865,   17.66224249,   24.35447403,     10.2889189 ], [   91.64107695,   11.2804173 ,   51.04488472,   30.8415363 ,     43.57337682,  163.06143491,   79.79917121,   38.23795324,     24.89326046,   44.07107906,   25.00318481,    5.4662083 ,     13.85744015], [  156.03834077,  107.75457318,   70.40008073,  -23.89384558,      2.98142237,   79.79917121,  167.57835959,   45.83078795,     15.43073778,   45.40291198,   38.83897857,   24.80376347,     13.40685084], [   43.94717141,   45.15345177,   32.16425922,   37.07145677,     27.12343589,   38.23795324,   45.83078795,  102.11082821,     33.28275701,   11.41165286,   15.76436406,   10.92177966,     17.29245757], [   71.19938791,   -4.55028545,   13.21139751,   35.48389704,     37.50078905,   24.89326046,   15.43073778,   33.28275701,     95.99977311,   39.5400828 ,    0.89365448,    7.95553166,      9.92081022], [  186.68863928,   15.68157132,   41.6506042 ,  -10.58529503,     10.84807865,   44.07107906,   45.40291198,   11.41165286,     39.5400828 ,   89.28065485,   29.67732643,    4.92281554,      8.94288746], [    6.55768685,   24.26783059,   56.33158493,    6.79470564,     17.66224249,   25.00318481,   38.83897857,   15.76436406,      0.89365448,   29.67732643,   75.2355203 ,   27.90494583,      8.11091414], [   70.5178728 ,   14.61284695,   70.61568788,   30.1550891 ,     24.35447403,    5.4662083 ,   24.80376347,   10.92177966,      7.95553166,    4.92281554,   27.90494583,   77.76372435,     20.10419856], [    6.1343234 ,   22.68181557,   15.84374679,    7.80080776,     10.2889189 ,   13.85744015,   13.40685084,   17.29245757,      9.92081022,    8.94288746,    8.11091414,   20.10419856,     63.42942243]]
/root/sim/music/out/TRF/TRF_20TH_Anniversary_COMPLETE_SINGLE_BEST_[Disc_3]/07-EVERYDAY(1).mp3; [-516.4478    ,  82.84313   ,   4.8985834 ,  17.503515  ,   7.2100797 ,    5.198033  ,   0.13693634,   2.4642045 ,   2.8446863 ,   2.9441004 ,   -0.72640806,   1.3902769 ,   2.0429943 ]; [[11549.51506121,  541.13176464,  193.46106304,  307.06519664,    105.28594115,  142.6216774 ,   51.14165541,   25.09544106,     50.77034067,   89.14106458,  -33.8302424 ,  -47.60440536,    -68.73143748], [  541.13176464,  657.10102967,  -26.62486212,   30.79210694,     53.78249701,   39.18939333,   60.89460072,   43.90400538,     49.00845235,   43.81911624,   43.40386694,   28.15656674,     38.38845344], [  193.46106304,  -26.62486212,  498.98595602,  220.7255617 ,    113.19484582,  125.96334201,  119.1438624 ,  105.19678298,     30.87474289,   28.84454841,   41.54244123,   51.16149146,     10.84395381], [  307.06519664,   30.79210694,  220.7255617 ,  404.43421407,    154.02720686,  112.75312631,   80.92427167,  128.66107121,     43.92463529,   26.35248476,   36.82460142,   67.94775329,      7.45494399], [  105.28594115,   53.78249701,  113.19484582,  154.02720686,    212.06969645,   96.61224063,   65.5893286 ,   79.41708794,     51.46379853,   42.17865578,   41.78813792,   48.77800883,     19.23551406], [  142.6216774 ,   39.18939333,  125.96334201,  112.75312631,     96.61224063,  264.31905972,  134.24251298,   98.21276359,     50.00084269,  107.81860633,   48.50395912,   27.27700208,     27.25525315], [   51.14165541,   60.89460072,  119.1438624 ,   80.92427167,     65.5893286 ,  134.24251298,  169.81619237,   82.06693239,     36.79983327,   59.71621481,   42.75353825,   29.47686438,     17.29200122], [   25.09544106,   43.90400538,  105.19678298,  128.66107121,     79.41708794,   98.21276359,   82.06693239,  185.42444081,     77.20267382,   68.51749144,   42.4238956 ,   51.37940418,     33.75924339], [   50.77034067,   49.00845235,   30.87474289,   43.92463529,     51.46379853,   50.00084269,   36.79983327,   77.20267382,    124.36980021,   75.28645675,   29.79449073,   16.41281931,     22.81733352], [   89.14106458,   43.81911624,   28.84454841,   26.35248476,     42.17865578,  107.81860633,   59.71621481,   68.51749144,     75.28645675,  149.85321027,   52.41556286,   19.61908567,     27.06266496], [  -33.8302424 ,   43.40386694,   41.54244123,   36.82460142,     41.78813792,   48.50395912,   42.75353825,   42.4238956 ,     29.79449073,   52.41556286,   91.17602395,   50.30748575,     23.67633798], [  -47.60440536,   28.15656674,   51.16149146,   67.94775329,     48.77800883,   27.27700208,   29.47686438,   51.37940418,     16.41281931,   19.61908567,   50.30748575,  102.85242448,     40.60516554], [  -68.73143748,   38.38845344,   10.84395381,    7.45494399,     19.23551406,   27.25525315,   17.29200122,   33.75924339,     22.81733352,   27.06266496,   23.67633798,   40.60516554,     79.01549712]]
/root/sim/music/out/TRF/TRF_20TH_Anniversary_COMPLETE_SINGLE_BEST_[Disc_3]/02-Silence_whispers.mp3; [-468.6481    ,  68.6291    ,   5.4034925 ,  31.502302  ,   8.004919  ,    9.067591  ,   8.109558  ,   6.822455  ,   4.2745905 ,   3.6656876 ,   -0.78895843,   0.52738214,  -0.77868056]; [[10019.88171307, 1021.14036561,  264.71398913,  477.01773344,    173.4824932 ,  147.8193593 ,  171.01328476,  126.23539326,    108.99292637,   53.85319283,   -7.50230697,    1.1873908 ,    -47.36209146], [ 1021.14036561,  884.25659797,    1.53180218,  260.58315204,     99.43203111,   56.66598335,  139.83253399,   69.43558711,     74.30340893,   38.32400869,   36.27905529,   -3.91314745,     -4.34591153], [  264.71398913,    1.53180218,  437.9146876 ,   59.35335705,     83.84832424,   12.02663214,   25.57603904,   34.34585879,      4.91523616,    6.39866466,   19.97183436,    5.84746348,    -12.74717981], [  477.01773344,  260.58315204,   59.35335705,  366.79273768,     92.30779069,   42.93247778,   76.86045107,   66.56942044,     49.98687909,   -4.51262824,   11.44861628,   12.9079444 ,     -5.13633029], [  173.4824932 ,   99.43203111,   83.84832424,   92.30779069,    137.59968615,   32.54848895,   37.15502559,   29.35313984,     19.99405819,    8.23501642,    7.29688165,    3.09281318,     -4.22347478], [  147.8193593 ,   56.66598335,   12.02663214,   42.93247778,     32.54848895,  119.16726398,   54.63483536,   20.19831783,     20.34373948,   25.57404832,    7.87171171,   -5.19840781,     -1.00922976], [  171.01328476,  139.83253399,   25.57603904,   76.86045107,     37.15502559,   54.63483536,  119.42389945,   51.34586435,     29.73678582,   19.16360184,   10.60456741,    7.86114256,      1.3256507 ], [  126.23539326,   69.43558711,   34.34585879,   66.56942044,     29.35313984,   20.19831783,   51.34586435,  105.54705237,     37.1408619 ,    7.14619924,    5.17622272,   -1.56532995,      5.92179265], [  108.99292637,   74.30340893,    4.91523616,   49.98687909,     19.99405819,   20.34373948,   29.73678582,   37.1408619 ,     82.66641817,   33.16503418,    3.65804198,   -0.18306179,      0.76380561], [   53.85319283,   38.32400869,    6.39866466,   -4.51262824,      8.23501642,   25.57404832,   19.16360184,    7.14619924,     33.16503418,   69.16233741,   23.1388809 ,   -0.01872869,      2.31157754], [   -7.50230697,   36.27905529,   19.97183436,   11.44861628,      7.29688165,    7.87171171,   10.60456741,    5.17622272,      3.65804198,   23.1388809 ,   66.49192452,   28.61534232,      7.01671773], [    1.1873908 ,   -3.91314745,    5.84746348,   12.9079444 ,      3.09281318,   -5.19840781,    7.86114256,   -1.56532995,     -0.18306179,   -0.01872869,   28.61534232,   70.75736936,     26.85056501], [  -47.36209146,   -4.34591153,  -12.74717981,   -5.13633029,     -4.22347478,   -1.00922976,    1.3256507 ,    5.92179265,      0.76380561,    2.31157754,    7.01671773,   26.85056501,     56.53240465]]
/root/sim/music/out/TRF/TRF_20TH_Anniversary_COMPLETE_SINGLE_BEST_[Disc_3]/05-Live_Your_Days.mp3; [-484.03033  ,  70.78497  ,  20.091984 ,  17.004135 ,   2.975223 ,    1.2242949,  -1.0520982,  -0.1724575,   3.8722398,   9.262347 ,    8.138393 ,   9.651207 ,   9.223918 ]; [[11766.32269256,  238.72480625,   -3.61229483,   88.39686665,    -84.68313115,  -31.54908742,   -3.55299712, -122.86327793,     -7.9460177 ,   83.50343952,   23.49784253,  103.14813549,     47.17067654], [  238.72480625,  574.67887377,  -72.71473946,   33.62074937,      5.69926358,   28.87571165,   34.12951003,   11.05738395,     22.2170237 ,   35.86753386,   34.30158568,   18.68117621,     25.8438901 ], [   -3.61229483,  -72.71473946,  465.8655369 ,   84.10424772,     90.13810211,   77.85626095,   30.67785709,   82.36657951,      9.91962223,   27.05918504,   40.51988367,   18.17498777,     18.09255095], [   88.39686665,   33.62074937,   84.10424772,  197.80197581,     51.81410026,  -15.07127924,   -3.79274037,   16.18280381,     17.29940182,  -12.61032192,    6.80861298,   26.1092067 ,      9.66301399], [  -84.68313115,    5.69926358,   90.13810211,   51.81410026,    157.35247353,   56.62921087,   25.80839541,   47.78642571,     36.83969718,   10.49691551,   12.50776473,   11.39937315,     21.83447661], [  -31.54908742,   28.87571165,   77.85626095,  -15.07127924,     56.62921087,  164.36216805,   81.65373719,   39.25423003,      9.76194896,   57.96070532,   29.76863026,    3.85987942,     14.70029026], [   -3.55299712,   34.12951003,   30.67785709,   -3.79274037,     25.80839541,   81.65373719,  119.01280504,   39.08595506,     14.22869871,   43.96079736,   34.88189464,   17.86523251,     15.44728139], [ -122.86327793,   11.05738395,   82.36657951,   16.18280381,     47.78642571,   39.25423003,   39.08595506,  123.00246589,     40.60912099,   19.48015599,   20.94537813,   18.46002388,     15.94987873], [   -7.9460177 ,   22.2170237 ,    9.91962223,   17.29940182,     36.83969718,    9.76194896,   14.22869871,   40.60912099,     93.44553379,   37.17797193,   12.4348496 ,   20.16360628,     21.89218566], [   83.50343952,   35.86753386,   27.05918504,  -12.61032192,     10.49691551,   57.96070532,   43.96079736,   19.48015599,     37.17797193,  108.62680098,   44.00428892,   12.63699894,     24.71661632], [   23.49784253,   34.30158568,   40.51988367,    6.80861298,     12.50776473,   29.76863026,   34.88189464,   20.94537813,     12.4348496 ,   44.00428892,   80.25634723,   43.18651341,     13.70820994], [  103.14813549,   18.68117621,   18.17498777,   26.1092067 ,     11.39937315,    3.85987942,   17.86523251,   18.46002388,     20.16360628,   12.63699894,   43.18651341,   83.00207525,     31.92714725], [   47.17067654,   25.8438901 ,   18.09255095,    9.66301399,     21.83447661,   14.70029026,   15.44728139,   15.94987873,     21.89218566,   24.71661632,   13.70820994,   31.92714725,     64.46761118]]
/root/sim/music/out/TRF/TRF_20TH_Anniversary_COMPLETE_SINGLE_BEST_[Disc_3]/03-We_are_all_BLOOMIN'.mp3; [-488.66412  ,  76.10286  ,  13.068738 ,  23.213676 ,   9.326956 ,   12.38363  ,   5.0201573,   1.8383377,   5.34226  ,   2.4633825,    1.256026 ,   5.5486593,   6.2086024]; [[11028.99702044,  804.55347624,  240.25943873,  264.29956437,    183.15013051,  160.74869844,  100.29886401,   -9.58661886,     94.49054779,   -0.53410939,  -35.38735834,   42.64369755,     16.63033595], [  804.55347624,  656.21958426,  -22.44051701,   59.61874511,     75.65436752,   99.14191174,   20.62444752,   88.76195763,      3.10754012,   41.41771387,   25.26163211,  -11.3986506 ,     20.13238201], [  240.25943873,  -22.44051701,  478.15615788,  127.64683792,     94.61732784,   24.53300652,   27.61826452,   29.79844694,     19.3795615 ,   -3.7307531 ,   -3.57814953,   -9.10817724,    -45.97827351], [  264.29956437,   59.61874511,  127.64683792,  304.7831974 ,     98.66626972,   52.94569711,   44.08769953,   37.05362201,     58.86516086,    9.66263406,    9.13620981,   16.58220767,    -16.48340884], [  183.15013051,   75.65436752,   94.61732784,   98.66626972,    195.61090657,   72.65739601,   59.85651944,   44.31239335,     40.79804076,   21.40011859,    7.50270224,    6.48877229,      0.83464496], [  160.74869844,   99.14191174,   24.53300652,   52.94569711,     72.65739601,  202.44302975,   92.21983426,   37.77732015,     26.65696391,   62.20839632,   10.06397988,    2.67410925,      8.29361112], [  100.29886401,   20.62444752,   27.61826452,   44.08769953,     59.85651944,   92.21983426,  161.25656617,   40.59565609,     38.58382021,   33.53426741,   16.39349413,   17.36706259,      7.94011253], [   -9.58661886,   88.76195763,   29.79844694,   37.05362201,     44.31239335,   37.77732015,   40.59565609,  142.50052865,     40.81252872,   12.12486896,   14.86820668,   12.72113768,     10.04465546], [   94.49054779,    3.10754012,   19.3795615 ,   58.86516086,     40.79804076,   26.65696391,   38.58382021,   40.81252872,    120.93673882,   39.56279117,    6.65185264,   17.69758992,      7.93176062], [   -0.53410939,   41.41771387,   -3.7307531 ,    9.66263406,     21.40011859,   62.20839632,   33.53426741,   12.12486896,     39.56279117,  115.55026307,   39.93533144,    0.96938058,     13.28316231], [  -35.38735834,   25.26163211,   -3.57814953,    9.13620981,      7.50270224,   10.06397988,   16.39349413,   14.86820668,      6.65185264,   39.93533144,   99.84921145,   44.7626459 ,     22.28618999], [   42.64369755,  -11.3986506 ,   -9.10817724,   16.58220767,      6.48877229,    2.67410925,   17.36706259,   12.72113768,     17.69758992,    0.96938058,   44.7626459 ,  103.74697078,     47.11189266], [   16.63033595,   20.13238201,  -45.97827351,  -16.48340884,      0.83464496,    8.29361112,    7.94011253,   10.04465546,      7.93176062,   13.28316231,   22.28618999,   47.11189266,     89.40888871]]
/root/sim/music/out/TRF/TRF_20TH_Anniversary_COMPLETE_SINGLE_BEST_[Disc_3]/06-Memorial_Snow.mp3; [-529.4935    ,  77.09125   ,  24.013573  ,  39.070942  ,  19.790302  ,    3.6180875 ,  -4.238927  ,  -0.8876618 ,   2.8749194 ,   4.4191065 ,    0.2773483 ,  -0.09163108,   5.244335  ]; [[13566.17773445,  116.92129241,  289.01839304,  347.43731139,    270.64425257,  129.81837848,  -36.75281878,   20.8221658 ,     83.15708598,  109.4146199 ,    3.97269778,   11.34610365,     96.04372645], [  116.92129241, 1085.64807552,   51.70282449,   72.45143375,    120.05924919,  -43.18409823,   30.91363586,  -22.84262517,     14.40056459,  -38.30382369,    8.23658416,   -6.21764428,      9.97674641], [  289.01839304,   51.70282449,  553.56647855,  167.50269364,     88.83918018,  132.49757605,   70.89968103,   70.55012592,      7.81018385,   37.93594496,   32.37733788,   56.30308759,      2.73751082], [  347.43731139,   72.45143375,  167.50269364,  346.85356107,    100.77079898,   73.42777531,   -6.72440983,   76.27544927,     38.17369561,   22.42759748,   18.410531  ,   38.88012756,      8.573729  ], [  270.64425257,  120.05924919,   88.83918018,  100.77079898,    193.67466929,   36.14613161,   20.40567282,   30.25567138,     48.80263044,   23.91538936,   16.05684421,   22.71796715,     27.99100372], [  129.81837848,  -43.18409823,  132.49757605,   73.42777531,     36.14613161,  239.06984654,   87.23949901,   69.21372273,     23.02070759,   95.75556521,   43.10863354,   21.65047045,      8.34209549], [  -36.75281878,   30.91363586,   70.89968103,   -6.72440983,     20.40567282,   87.23949901,  131.43813038,   36.48074425,     13.48602666,   38.21702993,   34.62141316,   24.56013895,     15.07970526], [   20.8221658 ,  -22.84262517,   70.55012592,   76.27544927,     30.25567138,   69.21372273,   36.48074425,  123.40949847,     46.44035275,   38.77354262,   21.17250793,   31.34163411,     11.91403858], [   83.15708598,   14.40056459,    7.81018385,   38.17369561,     48.80263044,   23.02070759,   13.48602666,   46.44035275,    102.94991894,   48.22306529,    6.67862595,   14.59691158,     24.33155792], [  109.4146199 ,  -38.30382369,   37.93594496,   22.42759748,     23.91538936,   95.75556521,   38.21702993,   38.77354262,     48.22306529,  125.22276995,   40.46684014,    7.74854526,     13.15021478], [    3.97269778,    8.23658416,   32.37733788,   18.410531  ,     16.05684421,   43.10863354,   34.62141316,   21.17250793,      6.67862595,   40.46684014,   82.87190734,   35.94385466,      8.06767859], [   11.34610365,   -6.21764428,   56.30308759,   38.88012756,     22.71796715,   21.65047045,   24.56013895,   31.34163411,     14.59691158,    7.74854526,   35.94385466,   91.5069419 ,     35.22057271], [   96.04372645,    9.97674641,    2.73751082,    8.573729  ,     27.99100372,    8.34209549,   15.07970526,   11.91403858,     24.33155792,   13.15021478,    8.06767859,   35.22057271,     70.2613632 ]]
/root/sim/music/out/The_Police/The_Police_[Disc_2]/2-09_Wrapped_Around_Your_Finger.mp3; [-698.41      , 136.22308   ,   8.813962  ,  26.897533  ,   8.247084  ,   10.602288  ,  -3.1310697 ,   0.07073182,  -2.5079193 ,   2.4936278 ,    0.40123644,   4.817648  ,   3.393819  ]; [[20853.52779174, -908.15272519, -828.64335282, -285.11020816,   -615.3301728 , -113.29361149,  208.77625558,  241.38449307,    -18.08699891,    3.17256518,  106.81320101,   49.422197  ,   -178.87608112], [ -908.15272519, 2358.47428926, -200.83988002,  186.49480826,     29.92438836,  -19.9179646 ,   66.95269843,    0.61565552,     -6.12068627,   62.62137866,   -8.8672888 ,   89.95648312,     99.15659213], [ -828.64335282, -200.83988002, 1023.57005035,   44.78009998,     45.32243913,  108.06499417,   64.30341854,   50.2623    ,     34.97927791,   -2.07854734,   33.66708919,   51.52967579,     17.32856547], [ -285.11020816,  186.49480826,   44.78009998,  536.07337766,    159.9775266 ,   33.33754839,   31.93628416,   86.62855124,     38.99440885,   50.51283792,  -24.36606328,   47.78926907,     66.5280747 ], [ -615.3301728 ,   29.92438836,   45.32243913,  159.9775266 ,    364.05195897,  119.50367379,    6.05438673,   42.60748713,     58.20632349,   51.05347048,   37.42881235,   12.42054119,     44.13822937], [ -113.29361149,  -19.9179646 ,  108.06499417,   33.33754839,    119.50367379,  247.12479021,   64.86396825,   26.89300337,     41.07232318,   18.50341543,   43.59040747,   -7.71487479,      9.37919683], [  208.77625558,   66.95269843,   64.30341854,   31.93628416,      6.05438673,   64.86396825,  235.9147241 ,   60.26596885,     40.81414857,   23.10705035,   32.85913059,   21.2642428 ,      6.70158218], [  241.38449307,    0.61565552,   50.2623    ,   86.62855124,     42.60748713,   26.89300337,   60.26596885,  163.43441775,     45.69791186,   25.45975591,    0.40015147,   33.89511424,     21.91906297], [  -18.08699891,   -6.12068627,   34.97927791,   38.99440885,     58.20632349,   41.07232318,   40.81414857,   45.69791186,    149.3142779 ,   38.51072751,   27.08049039,    9.54191497,     23.93768596], [    3.17256518,   62.62137866,   -2.07854734,   50.51283792,     51.05347048,   18.50341543,   23.10705035,   25.45975591,     38.51072751,  114.17490017,   30.64587428,   27.8345258 ,      7.45128775], [  106.81320101,   -8.8672888 ,   33.66708919,  -24.36606328,     37.42881235,   43.59040747,   32.85913059,    0.40015147,     27.08049039,   30.64587428,  128.39030593,   15.49526767,      9.51560693], [   49.422197  ,   89.95648312,   51.52967579,   47.78926907,     12.42054119,   -7.71487479,   21.2642428 ,   33.89511424,      9.54191497,   27.8345258 ,   15.49526767,  166.14644115,     22.18667674], [ -178.87608112,   99.15659213,   17.32856547,   66.5280747 ,     44.13822937,    9.37919683,    6.70158218,   21.91906297,     23.93768596,    7.45128775,    9.51560693,   22.18667674,    129.00283791]]
/root/sim/music/out/The_Police/The_Police_[Disc_2]/2-05_Spirits_In_The_Material_World.mp3; [-643.5322    , 137.85716   ,   0.35082763,  22.454094  ,   3.0134275 ,    3.4787378 ,   1.8925424 ,   2.1565387 ,  -1.8245796 ,   2.467945  ,    1.5502349 ,  -1.1345196 ,   1.691088  ]; [[15143.80410327, -123.85354366, -531.70835712, -300.6567391 ,   -151.40699403,  -92.03195602, -116.97672774,  -40.55709535,     43.37256504,  -20.57656379,   21.83005866,  -62.2428235 ,     51.28687563], [ -123.85354366, 1777.41911026,  -67.32989978,  464.6867696 ,    186.50955652,  135.22926621,  214.99676563,  160.98093411,     90.7667498 ,  157.90981045,   71.30609206,   73.16222849,     58.17216925], [ -531.70835712,  -67.32989978,  526.81012482,  132.63585858,    167.1410908 ,   98.71164831,   73.01119557,   86.21320695,     73.14546952,   36.57243584,   41.95679474,   27.3333791 ,     20.42951928], [ -300.6567391 ,  464.6867696 ,  132.63585858,  455.34576519,    196.55300104,   88.05443711,  107.86317598,   97.86414622,     73.1550785 ,   86.03221319,   26.75942707,   35.50372594,     39.01563196], [ -151.40699403,  186.50955652,  167.1410908 ,  196.55300104,    254.31574868,   81.20918298,   73.22313368,   66.14419922,     74.98447689,   79.06420086,   41.13170168,   33.88769007,     36.68875224], [  -92.03195602,  135.22926621,   98.71164831,   88.05443711,     81.20918298,  157.89324367,   89.68910187,   57.37092238,     36.56339353,   21.05260264,   34.72998465,   28.30483352,     14.77212655], [ -116.97672774,  214.99676563,   73.01119557,  107.86317598,     73.22313368,   89.68910187,  154.20382688,   82.51928037,     38.15072815,   35.66117018,   40.16443117,   25.54775122,     22.9067442 ], [  -40.55709535,  160.98093411,   86.21320695,   97.86414622,     66.14419922,   57.37092238,   82.51928037,  102.09105415,     55.81806455,   33.07783568,   27.42185207,   19.23434198,     23.17199715], [   43.37256504,   90.7667498 ,   73.14546952,   73.1550785 ,     74.98447689,   36.56339353,   38.15072815,   55.81806455,     88.66781982,   50.60327165,   23.85579821,   14.51776604,     19.72778899], [  -20.57656379,  157.90981045,   36.57243584,   86.03221319,     79.06420086,   21.05260264,   35.66117018,   33.07783568,     50.60327165,  103.79955888,   42.13604567,   21.10945841,     20.24203436], [   21.83005866,   71.30609206,   41.95679474,   26.75942707,     41.13170168,   34.72998465,   40.16443117,   27.42185207,     23.85579821,   42.13604567,   77.06515235,   27.73209623,     15.01137271], [  -62.2428235 ,   73.16222849,   27.3333791 ,   35.50372594,     33.88769007,   28.30483352,   25.54775122,   19.23434198,     14.51776604,   21.10945841,   27.73209623,   61.73787809,     26.28210077], [   51.28687563,   58.17216925,   20.42951928,   39.01563196,     36.68875224,   14.77212655,   22.9067442 ,   23.17199715,     19.72778899,   20.24203436,   15.01137271,   26.28210077,     56.0748459 ]]
