/root/sim/music/out/Various_Artists/TETSUYA_KOMURO_ARCHIVES__T__[Disc_2]/09-LOVE_BRACE.mp3; [-598.0429   , 129.8604   , -14.793315 ,  28.492897 ,  -4.75227  ,  -14.249532 ,  -3.3460763,  -5.339256 ,  -6.2791915,  -1.1418672,   -3.52184  ,   0.4880263,  -1.2030923]; [[25559.13112539,-3550.49682003, 1232.1165489 ,  506.34658247,     27.78658253,  451.12783406,  808.25073587,  456.46074454,    624.22649667,  361.6375154 ,  348.91309845,  826.60627157,     53.96447364], [-3550.49682003, 2020.4068772 , -549.32269154,   61.32897077,     -6.56979695, -140.32840553, -160.81190777, -125.47811743,   -143.75593768,  -78.41485704,  -82.85827907, -221.83884399,     13.26512505], [ 1232.1165489 , -549.32269154,  505.02538654,   -9.02631853,     96.5327725 ,   71.76966282,   63.54390464,   67.96745599,     47.6508613 ,   54.530305  ,   52.97167057,  107.60295181,     15.07534074], [  506.34658247,   61.32897077,   -9.02631853,  207.13811383,     29.98949258,   13.21037597,    1.29919661,   26.50039158,     20.18048224,   -5.01587191,   -2.04570916,   29.06505799,     -0.24249592], [   27.78658253,   -6.56979695,   96.5327725 ,   29.98949258,    140.16369562,   11.18775056,    6.46316624,   25.48841828,     26.78327277,   17.76753705,   14.1733061 ,   21.89204467,      8.06083187], [  451.12783406, -140.32840553,   71.76966282,   13.21037597,     11.18775056,  150.08570427,   63.47326558,   39.21079886,     17.88375619,   15.4339208 ,   26.83890444,   19.1394006 ,     20.61166635], [  808.25073587, -160.81190777,   63.54390464,    1.29919661,      6.46316624,   63.47326558,  184.27983785,   19.09802903,     67.77676105,   20.26549556,   30.01639911,   55.59382316,     10.8504051 ], [  456.46074454, -125.47811743,   67.96745599,   26.50039158,     25.48841828,   39.21079886,   19.09802903,  118.05502752,     28.57172951,   18.69545738,   15.74528012,   26.94182084,      5.54687522], [  624.22649667, -143.75593768,   47.6508613 ,   20.18048224,     26.78327277,   17.88375619,   67.77676105,   28.57172951,    141.70357293,   30.96118952,   29.31585404,   47.78231245,      7.37734019], [  361.6375154 ,  -78.41485704,   54.530305  ,   -5.01587191,     17.76753705,   15.4339208 ,   20.26549556,   18.69545738,     30.96118952,  100.94563577,   28.3964    ,   33.33446719,      6.34635261], [  348.91309845,  -82.85827907,   52.97167057,   -2.04570916,     14.1733061 ,   26.83890444,   30.01639911,   15.74528012,     29.31585404,   28.3964    ,   99.36595382,   33.95770096,     14.79692125], [  826.60627157, -221.83884399,  107.60295181,   29.06505799,     21.89204467,   19.1394006 ,   55.59382316,   26.94182084,     47.78231245,   33.33446719,   33.95770096,  152.9829907 ,     19.52767302], [   53.96447364,   13.26512505,   15.07534074,   -0.24249592,      8.06083187,   20.61166635,   10.8504051 ,    5.54687522,      7.37734019,    6.34635261,   14.79692125,   19.52767302,     89.37466832]]
/root/sim/music/out/Various_Artists/TETSUYA_KOMURO_ARCHIVES__T__[Disc_2]/11-Close_to_the_night.mp3; [-558.2836    ,  96.6188    ,  17.716839  ,  23.303696  ,   5.8067527 ,   -0.05923684,   6.5594687 ,  -0.42876014,  -0.3991626 ,   4.63369   ,   -5.7183876 ,   1.0752884 ,  -0.6204884 ]; [[17708.59994264,  510.83832602, -318.0557988 ,    8.22292039,    223.64553957, -239.43060481,  223.53806369, -126.56279791,    148.49532309,  185.39508965, -184.94214467,  -25.89436177,      5.3674013 ], [  510.83832602,  878.26382025,  -61.94457438,   52.27907806,     -5.23201643,  -12.7607503 ,  -18.3228368 ,  -50.65073851,    -29.73087917,   17.42775374,   -0.20382916,   11.03410539,    -21.17250524], [ -318.0557988 ,  -61.94457438,  525.40491998,   62.35511545,     17.38012747,   96.05941099,    0.11369313,   59.22666118,    -11.3865859 ,  -12.67314265,   63.88793889,   19.9749063 ,     14.98418671], [    8.22292039,   52.27907806,   62.35511545,  274.77253092,     47.41065419,   16.19315464,  -22.37759811,   73.19859553,     -7.71475741,  -28.19154685,   28.2631068 ,   39.46561537,      2.81459025], [  223.64553957,   -5.23201643,   17.38012747,   47.41065419,    172.52077976,  -15.71710954,   15.80091859,    8.43329799,     28.28430977,    3.88541726,    1.45568126,   16.98335256,      9.5611446 ], [ -239.43060481,  -12.7607503 ,   96.05941099,   16.19315464,    -15.71710954,  248.72268945,   -0.77524299,   40.13780597,    -17.54281172,  -13.57451155,   20.8973461 ,  -15.68848881,      1.69264367], [  223.53806369,  -18.3228368 ,    0.11369313,  -22.37759811,     15.80091859,   -0.77524299,  235.16065244,   12.37567507,     49.93861295,   52.53855592,  -10.36457037,    5.12074032,     26.66225689], [ -126.56279791,  -50.65073851,   59.22666118,   73.19859553,      8.43329799,   40.13780597,   12.37567507,  143.71486583,     20.36700974,  -19.25445225,   25.16512877,   20.97726362,     10.55969417], [  148.49532309,  -29.73087917,  -11.3865859 ,   -7.71475741,     28.28430977,  -17.54281172,   49.93861295,   20.36700974,    114.09565072,   44.29764963,   -5.0766825 ,   -3.90408539,     12.45116152], [  185.39508965,   17.42775374,  -12.67314265,  -28.19154685,      3.88541726,  -13.57451155,   52.53855592,  -19.25445225,     44.29764963,   98.76560112,   11.91234573,   -1.89726494,      9.97554464], [ -184.94214467,   -0.20382916,   63.88793889,   28.2631068 ,      1.45568126,   20.8973461 ,  -10.36457037,   25.16512877,     -5.0766825 ,   11.91234573,   90.00813265,   30.6622097 ,      5.01468481], [  -25.89436177,   11.03410539,   19.9749063 ,   39.46561537,     16.98335256,  -15.68848881,    5.12074032,   20.97726362,     -3.90408539,   -1.89726494,   30.6622097 ,   85.49358037,     23.57373561], [    5.3674013 ,  -21.17250524,   14.98418671,    2.81459025,      9.5611446 ,    1.69264367,   26.66225689,   10.55969417,     12.45116152,    9.97554464,    5.01468481,   23.57373561,     66.47245888]]
/root/sim/music/out/Various_Artists/TETSUYA_KOMURO_ARCHIVES__T__[Disc_4]/02-Charge_&_Go!.mp3; [-578.58014   , 101.066444  ,  -1.8572923 ,  19.859259  ,   8.299926  ,   -0.9660922 ,   1.3697606 ,   4.1178536 ,   0.7201053 ,   2.6097312 ,   -0.09436224,   0.6503872 ,   1.0659355 ]; [[17237.11846669,  -78.02060867, -434.9703224 ,  595.33686073,    209.93290351,  280.29878213,  389.66676714,  551.11954192,    565.94637211,  470.61932227,  315.12407745,   22.38936833,     77.61299249], [  -78.02060867, 1171.24843183, -105.2850869 , -123.71080137,    -66.30007258,  -33.06780702,   28.16885369,   -6.44073416,    -50.42076102,   34.59561021,   19.334054  ,  -17.58087556,     14.82155236], [ -434.9703224 , -105.2850869 ,  739.8094109 ,  205.78833519,     93.92605782,  167.28905469,   18.08128682,   47.43850497,     37.78762016,   -7.4006058 ,   49.59150804,   92.32118568,      0.74067513], [  595.33686073, -123.71080137,  205.78833519,  645.7724336 ,    272.17586544,  144.39141686,   13.54571264,  158.22495672,    139.08254519,  -18.70348728,   65.97200505,  118.20174079,     40.45923744], [  209.93290351,  -66.30007258,   93.92605782,  272.17586544,    338.96438809,   67.40725898,   16.31156352,   89.4407745 ,     90.8961362 ,    0.32133548,   19.96389681,   70.26950334,     25.12945015], [  280.29878213,  -33.06780702,  167.28905469,  144.39141686,     67.40725898,  395.20509705,  135.69625723,  119.94429879,     86.03511353,   61.99531375,  116.81356626,   23.53547866,     27.88940053], [  389.66676714,   28.16885369,   18.08128682,   13.54571264,     16.31156352,  135.69625723,  301.57873634,   91.86150983,     86.98844024,  101.52436185,   61.15432748,    3.87164789,     19.29561834], [  551.11954192,   -6.44073416,   47.43850497,  158.22495672,     89.4407745 ,  119.94429879,   91.86150983,  222.23069178,    112.90717618,   53.58396181,   65.71224776,   31.54967587,     33.02196781], [  565.94637211,  -50.42076102,   37.78762016,  139.08254519,     90.8961362 ,   86.03511353,   86.98844024,  112.90717618,    237.63697722,   61.80464514,   47.63276203,   32.65630833,     39.28505887], [  470.61932227,   34.59561021,   -7.4006058 ,  -18.70348728,      0.32133548,   61.99531375,  101.52436185,   53.58396181,     61.80464514,  172.25972391,   53.40710367,  -13.69250902,     12.23227935], [  315.12407745,   19.334054  ,   49.59150804,   65.97200505,     19.96389681,  116.81356626,   61.15432748,   65.71224776,     47.63276203,   53.40710367,  151.98321682,   26.42314002,     25.60529219], [   22.38936833,  -17.58087556,   92.32118568,  118.20174079,     70.26950334,   23.53547866,    3.87164789,   31.54967587,     32.65630833,  -13.69250902,   26.42314002,  138.18438048,     31.21006275], [   77.61299249,   14.82155236,    0.74067513,   40.45923744,     25.12945015,   27.88940053,   19.29561834,   33.02196781,     39.28505887,   12.23227935,   25.60529219,   31.21006275,     99.41656675]]
/root/sim/music/out/Various_Artists/TETSUYA_KOMURO_ARCHIVES__T__[Disc_4]/11-#RUN.mp3; [-553.4136   ,  82.87868  ,  -2.4823298,  12.721104 ,  11.611814 ,   10.216803 ,   8.209261 ,   7.506467 ,   4.70871  ,   9.85698  ,    1.9991813,   4.3651533,   5.3150325]; [[17451.59330768, 1498.27420699,   78.17036487,  341.36295802,    290.33487368,  152.81283141,  199.44816329,  198.55602663,    118.09529169,  210.76415759,   13.12060912,   60.07995798,    149.20548618], [ 1498.27420699,  863.25658092,  -63.11387756,  -32.08331435,     66.09090686,   48.49863034,   81.63615374,   70.66495473,     77.78358464,   71.6349174 ,   48.7991673 ,   21.23224717,     35.35820876], [   78.17036487,  -63.11387756,  491.77998022,  112.14485286,     28.18279933,  124.25689414,  -11.71158993,   21.46765764,    -15.02472112,  -36.91068121,   21.541492  ,  -13.96110511,    -49.88180253], [  341.36295802,  -32.08331435,  112.14485286,  351.00893683,    124.22997368,   -4.78291248,   44.197214  ,   75.78661388,     -1.40241981,   -7.36625082,   43.38481214,   26.75211905,     13.31409955], [  290.33487368,   66.09090686,   28.18279933,  124.22997368,    185.29516983,   58.72980443,   38.09448462,   55.19061996,     42.56356945,   21.302534  ,   15.7680503 ,   12.54268069,     33.22879504], [  152.81283141,   48.49863034,  124.25689414,   -4.78291248,     58.72980443,  213.44497068,   51.77787839,    9.81510922,     50.18546692,   30.3808152 ,   -0.18333222,  -13.03540855,     -0.57110676], [  199.44816329,   81.63615374,  -11.71158993,   44.197214  ,     38.09448462,   51.77787839,  147.43564844,   65.47194821,     36.06713194,   46.54712157,   30.77887653,   22.59200088,     27.6673304 ], [  198.55602663,   70.66495473,   21.46765764,   75.78661388,     55.19061996,    9.81510922,   65.47194821,  123.38062025,     44.75373812,   16.70421913,   38.71738213,   25.82477101,     21.15713196], [  118.09529169,   77.78358464,  -15.02472112,   -1.40241981,     42.56356945,   50.18546692,   36.06713194,   44.75373812,    102.91242059,   52.64794909,    3.71439301,    7.48824545,     27.97902346], [  210.76415759,   71.6349174 ,  -36.91068121,   -7.36625082,     21.302534  ,   30.3808152 ,   46.54712157,   16.70421913,     52.64794909,  110.48566773,   26.71300034,   16.32331262,     31.25315513], [   13.12060912,   48.7991673 ,   21.541492  ,   43.38481214,     15.7680503 ,   -0.18333222,   30.77887653,   38.71738213,      3.71439301,   26.71300034,  100.28157569,   44.67210015,      0.92547555], [   60.07995798,   21.23224717,  -13.96110511,   26.75211905,     12.54268069,  -13.03540855,   22.59200088,   25.82477101,      7.48824545,   16.32331262,   44.67210015,   87.44353475,     39.66785708], [  149.20548618,   35.35820876,  -49.88180253,   13.31409955,     33.22879504,   -0.57110676,   27.6673304 ,   21.15713196,     27.97902346,   31.25315513,    0.92547555,   39.66785708,     89.62611842]]
/root/sim/music/out/Various_Artists/TETSUYA_KOMURO_ARCHIVES__T__[Disc_4]/01-THX_A_LOT_(Album_Version).mp3; [-568.77484   , 124.33842   ,  -3.0323915 ,  16.37922   ,   0.54565924,    3.8209815 ,  -0.3412581 ,   0.19235368,   1.4076098 ,   2.0943816 ,   -6.5607452 ,  -1.0357318 ,  -3.0996363 ]; [[19714.071884  ,-2016.20808267,  203.25910774,  845.26523136,    848.47815312, 1119.42784844,  841.02302039,  281.53588518,    187.50934309,  450.0859356 ,  379.20330946,  670.04416984,    294.53181159], [-2016.20808267, 1745.34429391,  -89.92651113,  -50.10683854,   -155.7146741 , -215.4017289 , -193.06693245,  -35.47748054,     62.65826659,  -36.37129635, -163.24635233, -244.09779693,   -140.28060434], [  203.25910774,  -89.92651113,  549.02328845,   82.26957397,    134.80620056,   99.38151547,   -3.08597258,   19.03223834,     36.92687655,   25.29734224,   16.30482169,   -7.99592349,    -21.4762756 ], [  845.26523136,  -50.10683854,   82.26957397,  409.76431502,    163.78953113,  129.48180235,   12.95039854,   69.5409994 ,     40.27000281,   34.78830491,   48.16248016,   90.11341903,     20.46074634], [  848.47815312, -155.7146741 ,  134.80620056,  163.78953113,    259.17720527,  104.30637908,   42.29498961,   60.51027587,     71.60388594,   56.55735163,   38.66580652,   42.03730614,     21.24692146], [ 1119.42784844, -215.4017289 ,   99.38151547,  129.48180235,    104.30637908,  347.78196378,  139.85036112,   34.94275266,     46.39723841,  123.69289418,   64.44775552,   65.5091507 ,     35.12652824], [  841.02302039, -193.06693245,   -3.08597258,   12.95039854,     42.29498961,  139.85036112,  227.86538567,   36.22214957,    -11.07789281,   58.17954272,   64.8337622 ,   72.16863198,     39.33770681], [  281.53588518,  -35.47748054,   19.03223834,   69.5409994 ,     60.51027587,   34.94275266,   36.22214957,  154.09859896,     38.33322575,    6.4434001 ,   10.32213586,   31.71509401,     31.46416987], [  187.50934309,   62.65826659,   36.92687655,   40.27000281,     71.60388594,   46.39723841,  -11.07789281,   38.33322575,    190.25703267,   80.49168654,  -17.45160341,  -33.42919207,    -12.03869583], [  450.0859356 ,  -36.37129635,   25.29734224,   34.78830491,     56.55735163,  123.69289418,   58.17954272,    6.4434001 ,     80.49168654,  201.40950774,   58.776332  ,   -9.38310771,     -5.9066251 ], [  379.20330946, -163.24635233,   16.30482169,   48.16248016,     38.66580652,   64.44775552,   64.8337622 ,   10.32213586,    -17.45160341,   58.776332  ,  144.31175745,   76.73413761,     27.40444832], [  670.04416984, -244.09779693,   -7.99592349,   90.11341903,     42.03730614,   65.5091507 ,   72.16863198,   31.71509401,    -33.42919207,   -9.38310771,   76.73413761,  182.44732601,     77.69847051], [  294.53181159, -140.28060434,  -21.4762756 ,   20.46074634,     21.24692146,   35.12652824,   39.33770681,   31.46416987,    -12.03869583,   -5.9066251 ,   27.40444832,   77.69847051,    117.72349937]]
/root/sim/music/out/Various_Artists/TETSUYA_KOMURO_ARCHIVES__T__[Disc_4]/05-Celebration_～_Music_Ribbon_ver__～.mp3; [-554.8494    , 100.05819   , -18.280293  ,  -0.06464955,   0.7336723 ,    0.11003279,  11.091403  ,  -0.7318707 ,   4.6850495 ,   2.3605533 ,   -6.766162  ,   3.0684593 ,   0.96529037]; [[21334.45499245, -919.28806513, 2480.41138213,  861.69485201,    838.44825411,  579.60825994,  862.69772041,  593.16189463,    418.34852237,  247.3708089 ,  302.94980408,  369.19237373,    229.50541813], [ -919.28806513, 1419.48750303, -667.75873482, -101.20968034,    -93.75474775, -127.60788582,  -54.93494249, -139.0645765 ,    -20.47263944,    6.79649091,  -92.28883004,  -50.80607252,    -61.64253561], [ 2480.41138213, -667.75873482, 1762.07026964,  520.6167296 ,    597.88934206,  317.09211797,  428.40536237,  297.89051044,    218.17059486,  168.91275688,  247.32124711,  169.54505515,     94.15023292], [  861.69485201, -101.20968034,  520.6167296 ,  362.05406306,    231.56714442,  141.28996382,  155.7808426 ,  148.10337637,     81.91813944,   63.77906851,  107.28510104,   72.39105165,     38.97877688], [  838.44825411,  -93.75474775,  597.88934206,  231.56714442,    319.99608933,  123.55311934,  192.01558438,  116.18527453,    107.63235804,   82.30115419,   90.17006236,   77.22164118,     38.79957539], [  579.60825994, -127.60788582,  317.09211797,  141.28996382,    123.55311934,  260.0976906 ,  104.85070649,  107.37590367,     69.94546968,   63.05598683,   65.91697859,   34.25317244,     54.86625976], [  862.69772041,  -54.93494249,  428.40536237,  155.7808426 ,    192.01558438,  104.85070649,  245.08714971,   91.92542019,    116.83083308,   82.18788405,   67.82566104,   80.1926735 ,     38.52031827], [  593.16189463, -139.0645765 ,  297.89051044,  148.10337637,    116.18527453,  107.37590367,   91.92542019,  169.00782459,     68.86084889,   42.59206057,   74.24735487,   48.5786429 ,     45.97097194], [  418.34852237,  -20.47263944,  218.17059486,   81.91813944,    107.63235804,   69.94546968,  116.83083308,   68.86084889,    145.7874855 ,   73.68239858,   39.96387668,   49.46945631,     41.52045362], [  247.3708089 ,    6.79649091,  168.91275688,   63.77906851,     82.30115419,   63.05598683,   82.18788405,   42.59206057,     73.68239858,  104.54647303,   55.55758253,   44.13691681,     28.00945682], [  302.94980408,  -92.28883004,  247.32124711,  107.28510104,     90.17006236,   65.91697859,   67.82566104,   74.24735487,     39.96387668,   55.55758253,  122.98977264,   65.4245234 ,     34.4991806 ], [  369.19237373,  -50.80607252,  169.54505515,   72.39105165,     77.22164118,   34.25317244,   80.1926735 ,   48.5786429 ,     49.46945631,   44.13691681,   65.4245234 ,   98.94005582,     50.52016003], [  229.50541813,  -61.64253561,   94.15023292,   38.97877688,     38.79957539,   54.86625976,   38.52031827,   45.97097194,     41.52045362,   28.00945682,   34.4991806 ,   50.52016003,     83.04782775]]
/root/sim/music/out/Various_Artists/TETSUYA_KOMURO_ARCHIVES__T__[Disc_4]/03-I_am.mp3; [-516.1549    , 103.8288    ,  -8.93873   ,  26.940306  ,   5.4684963 ,    3.033623  ,   1.5856019 ,   6.363306  ,   1.7324754 ,   1.2050502 ,   -0.7579447 ,  -0.47716027,  -1.1314132 ]; [[15810.5018943 ,  401.87970243,   62.59033405,  686.20252582,    504.37098299,  322.46646928,    9.41656697,  165.75089066,    -23.33344739,  152.1377099 ,  213.64492723,   84.66022041,    -70.77395574], [  401.87970243,  930.33937757, -205.0422957 ,  120.8655712 ,    -62.33677577,   -5.56263415,   46.157007  ,    7.27433869,     32.99182977,    0.24368584,   -9.05270973,   -2.84273708,     31.16527056], [   62.59033405, -205.0422957 ,  383.17802657,   -0.26931184,    127.28089725,   56.55104762,   27.7443261 ,   61.95568779,     34.33476192,   51.84845456,   13.02343161,    1.64727701,     15.78074075], [  686.20252582,  120.8655712 ,   -0.26931184,  310.22471609,    128.72469036,   52.70715982,   15.08319294,   27.26988066,     30.12703793,    3.61345883,   29.63640864,   34.75518216,     32.71718823], [  504.37098299,  -62.33677577,  127.28089725,  128.72469036,    233.42735284,   91.2565977 ,   45.31670373,   49.35620814,     40.13918177,   40.95942543,   29.92034923,   23.72431208,      2.94006104], [  322.46646928,   -5.56263415,   56.55104762,   52.70715982,     91.2565977 ,  158.16546417,   80.84611529,   58.55808149,     38.99627392,   53.33929237,   40.99926647,   13.28329872,      3.50343662], [    9.41656697,   46.157007  ,   27.7443261 ,   15.08319294,     45.31670373,   80.84611529,  130.63380598,   67.28159013,     37.98321381,   34.16561385,   17.03243098,   10.18298963,      5.95274423], [  165.75089066,    7.27433869,   61.95568779,   27.26988066,     49.35620814,   58.55808149,   67.28159013,  104.93048566,     49.34248453,   42.57555902,   21.05038493,    7.55571276,      9.98527162], [  -23.33344739,   32.99182977,   34.33476192,   30.12703793,     40.13918177,   38.99627392,   37.98321381,   49.34248453,     89.39842165,   54.00945171,   22.67583589,    3.32120347,      3.12825715], [  152.1377099 ,    0.24368584,   51.84845456,    3.61345883,     40.95942543,   53.33929237,   34.16561385,   42.57555902,     54.00945171,  104.15400142,   47.37791215,    7.79047064,     -2.89059777], [  213.64492723,   -9.05270973,   13.02343161,   29.63640864,     29.92034923,   40.99926647,   17.03243098,   21.05038493,     22.67583589,   47.37791215,   84.09986491,   33.15744398,      3.65613057], [   84.66022041,   -2.84273708,    1.64727701,   34.75518216,     23.72431208,   13.28329872,   10.18298963,    7.55571276,      3.32120347,    7.79047064,   33.15744398,   66.13494615,     24.81477697], [  -70.77395574,   31.16527056,   15.78074075,   32.71718823,      2.94006104,    3.50343662,    5.95274423,    9.98527162,      3.12825715,   -2.89059777,    3.65613057,   24.81477697,     62.29048704]]
/root/sim/music/out/Various_Artists/TETSUYA_KOMURO_ARCHIVES__T__[Disc_4]/09-DISCOVERY.mp3; [-552.9985    ,  88.56792   ,   4.0161786 ,  18.752865  ,   6.31966   ,   -1.15134   ,   5.6725535 ,   0.13836141,  -0.51750267,   3.8926961 ,   -4.748849  ,  -0.84123677,  -0.63895315]; [[16101.29310794, -190.50531349,  610.90292541,  268.26975176,    295.52589236,   54.94931603,  403.99848872,  165.58251457,    151.66463171,  300.85745843,  -65.32111096,  148.32476276,     63.54759463], [ -190.50531349, 1230.56629585, -129.72315546,  159.27815285,     50.83027009,   98.11693074,   22.18100355,   29.34746812,     68.99370261,   28.78588145,   66.82399531,  -26.59168662,     19.88031922], [  610.90292541, -129.72315546,  614.37044738,  169.93207386,    226.65161069,  192.28819522,   64.88068106,  125.05687016,     93.74367501,   74.5835738 ,   95.27284288,   64.00322867,     42.35841312], [  268.26975176,  159.27815285,  169.93207386,  403.44053895,    167.83417013,   66.47602888,    7.22688921,  128.55380349,     55.02009703,   13.04010221,  112.33540623,   57.3137594 ,     19.84590784], [  295.52589236,   50.83027009,  226.65161069,  167.83417013,    231.34770211,  106.23494201,   53.70941395,   90.89415539,     85.59351609,   50.43129257,   69.66038139,   54.05739427,     41.57574233], [   54.94931603,   98.11693074,  192.28819522,   66.47602888,    106.23494201,  320.6178526 ,   86.54810674,   75.47313432,    110.06594017,   68.6206409 ,   50.9505951 ,   13.63222221,     58.14977551], [  403.99848872,   22.18100355,   64.88068106,    7.22688921,     53.70941395,   86.54810674,  205.18710057,   49.78188248,     76.35967602,   86.69891296,   12.57173728,   45.06922186,     46.15070874], [  165.58251457,   29.34746812,  125.05687016,  128.55380349,     90.89415539,   75.47313432,   49.78188248,  162.30341289,     66.89997689,   41.94819484,   69.52435366,   44.44364139,     27.32882653], [  151.66463171,   68.99370261,   93.74367501,   55.02009703,     85.59351609,  110.06594017,   76.35967602,   66.89997689,    155.25584712,   73.55785728,   39.87457186,   29.31987061,     54.44244132], [  300.85745843,   28.78588145,   74.5835738 ,   13.04010221,     50.43129257,   68.6206409 ,   86.69891296,   41.94819484,     73.55785728,  138.52329056,   29.78181219,   33.97895591,     38.17223797], [  -65.32111096,   66.82399531,   95.27284288,  112.33540623,     69.66038139,   50.9505951 ,   12.57173728,   69.52435366,     39.87457186,   29.78181219,  142.59048638,   53.3433462 ,     16.79465975], [  148.32476276,  -26.59168662,   64.00322867,   57.3137594 ,     54.05739427,   13.63222221,   45.06922186,   44.44364139,     29.31987061,   33.97895591,   53.3433462 ,  100.74968802,     37.99461855], [   63.54759463,   19.88031922,   42.35841312,   19.84590784,     41.57574233,   58.14977551,   46.15070874,   27.32882653,     54.44244132,   38.17223797,   16.79465975,   37.99461855,     90.03292642]]
/root/sim/music/out/Various_Artists/TETSUYA_KOMURO_ARCHIVES__T__[Disc_4]/08-EDM_TOKYO_2014.mp3; [-561.92206   , 109.29103   ,   1.2581947 ,  22.908646  ,  11.904164  ,   10.543894  ,   3.0999994 ,   7.420282  ,   0.8639767 ,   2.3804235 ,    0.94995534,   2.0807896 ,   0.11402396]; [[13887.01412222,  919.84132989, -444.00097373,   66.18018577,    165.81050384,  166.57520643,   15.61419988,  153.20794682,    109.29681417,  113.39115584,  116.71249772,  -10.35038433,   -135.18239451], [  919.84132989, 1415.929809  , -630.14694351,   70.02994495,    -74.25517677,    7.70787201,  -18.1558943 ,  112.72450393,     24.08653053,   80.27567575,   37.53369843,   58.75873296,    -30.80183692], [ -444.00097373, -630.14694351, 1047.61130341,  232.33871353,    208.78593275,   97.32644865,  149.50553857,    4.95471696,     19.81009192,   -9.86490539,   -2.31282019,   23.44282649,     62.6694886 ], [   66.18018577,   70.02994495,  232.33871353,  319.22721386,    151.99370431,   91.0961714 ,   80.86226231,   45.86657825,     31.43906506,   31.84625698,   -0.79211741,   22.21511972,     13.09306874], [  165.81050384,  -74.25517677,  208.78593275,  151.99370431,    216.71574436,  110.93161574,   90.57199521,   50.4021215 ,     53.89448897,   29.53254881,   15.18889505,   14.81225935,     21.21290585], [  166.57520643,    7.70787201,   97.32644865,   91.0961714 ,    110.93161574,  176.24320934,  121.851087  ,   78.48851356,     48.58913465,   34.68912712,   24.4138624 ,   16.288102  ,      1.08255299], [   15.61419988,  -18.1558943 ,  149.50553857,   80.86226231,     90.57199521,  121.851087  ,  205.77580232,  104.3694521 ,     44.16149446,   33.36551587,   15.92797701,   23.99328276,      3.90091519], [  153.20794682,  112.72450393,    4.95471696,   45.86657825,     50.4021215 ,   78.48851356,  104.3694521 ,  134.70960601,     69.43869319,   48.39366211,   35.16974113,   24.68982831,      2.53954174], [  109.29681417,   24.08653053,   19.81009192,   31.43906506,     53.89448897,   48.58913465,   44.16149446,   69.43869319,    109.28530485,   63.39841384,   37.66750703,   18.54455785,     13.72859431], [  113.39115584,   80.27567575,   -9.86490539,   31.84625698,     29.53254881,   34.68912712,   33.36551587,   48.39366211,     63.39841384,  101.46129703,   54.90688292,   27.87645412,      3.87867115], [  116.71249772,   37.53369843,   -2.31282019,   -0.79211741,     15.18889505,   24.4138624 ,   15.92797701,   35.16974113,     37.66750703,   54.90688292,   99.89095656,   48.78971754,     20.21833565], [  -10.35038433,   58.75873296,   23.44282649,   22.21511972,     14.81225935,   16.288102  ,   23.99328276,   24.68982831,     18.54455785,   27.87645412,   48.78971754,   87.21491765,     45.84399862], [ -135.18239451,  -30.80183692,   62.6694886 ,   13.09306874,     21.21290585,    1.08255299,    3.90091519,    2.53954174,     13.72859431,    3.87867115,   20.21833565,   45.84399862,     90.80243913]]
/root/sim/music/out/Various_Artists/TETSUYA_KOMURO_ARCHIVES__T__[Disc_4]/12-futuristic.mp3; [-534.24713  ,  93.501724 ,   7.106616 ,   2.5648618,  -1.8895978,    4.6541038,   7.0120797,  -0.866737 ,   1.004341 ,   5.1647043,   -3.234255 ,   1.8612921,   1.9173523]; [[16276.10146122, 1652.55117903,  582.08002339,  525.35038424,    306.34158352,  327.56523519,  383.11150436,  109.12231436,     26.95508246,  106.95395558,  -79.73403639,    4.96666113,     38.0091484 ], [ 1652.55117903, 1052.16037127,  166.00158775,  232.18107783,     87.23425877,   72.98813775,  136.54986748,  -76.93771938,    -14.47708915,   -2.80084453,  -89.527577  ,  -23.65391835,    -36.39571191], [  582.08002339,  166.00158775,  450.64199377,  176.95368448,    136.00848888,  109.52819179,   46.15160451,   55.54169095,    -23.19846724,  -16.86936722,    2.94714662,  -21.07908667,    -31.02462264], [  525.35038424,  232.18107783,  176.95368448,  305.7369655 ,    108.25368488,   58.07730026,   72.5940521 ,   48.10967185,    -10.60956613,   -6.59321374,    5.31492947,   -4.40372839,    -15.40928216], [  306.34158352,   87.23425877,  136.00848888,  108.25368488,    152.42325908,   65.05008334,   49.67664402,   28.39176128,     13.78057275,    7.95525449,   -0.49692125,   -5.55503023,     -4.37610231], [  327.56523519,   72.98813775,  109.52819179,   58.07730026,     65.05008334,  219.63582844,   47.61336853,   49.50821221,     31.61240587,   24.42510503,   18.35686984,   -6.88990224,      8.3970067 ], [  383.11150436,  136.54986748,   46.15160451,   72.5940521 ,     49.67664402,   47.61336853,  148.5336446 ,   19.25189272,     31.89279655,   31.58666676,   -8.7882255 ,    7.41886207,     11.3472418 ], [  109.12231436,  -76.93771938,   55.54169095,   48.10967185,     28.39176128,   49.50821221,   19.25189272,  124.56877761,     33.71515978,   14.80381208,   38.67051401,   14.93488463,     13.13574975], [   26.95508246,  -14.47708915,  -23.19846724,  -10.60956613,     13.78057275,   31.61240587,   31.89279655,   33.71515978,    112.51608892,   48.32342136,    6.70564852,   11.24139639,     25.57242111], [  106.95395558,   -2.80084453,  -16.86936722,   -6.59321374,      7.95525449,   24.42510503,   31.58666676,   14.80381208,     48.32342136,   89.56715932,   20.3090164 ,   14.98694629,     16.95901179], [  -79.73403639,  -89.527577  ,    2.94714662,    5.31492947,     -0.49692125,   18.35686984,   -8.7882255 ,   38.67051401,      6.70564852,   20.3090164 ,   93.53898527,   36.83185123,     17.2607617 ], [    4.96666113,  -23.65391835,  -21.07908667,   -4.40372839,     -5.55503023,   -6.88990224,    7.41886207,   14.93488463,     11.24139639,   14.98694629,   36.83185123,   73.23165395,     31.4138012 ], [   38.0091484 ,  -36.39571191,  -31.02462264,  -15.40928216,     -4.37610231,    8.3970067 ,   11.3472418 ,   13.13574975,     25.57242111,   16.95901179,   17.2607617 ,   31.4138012 ,     65.79165288]]
/root/sim/music/out/Various_Artists/TETSUYA_KOMURO_ARCHIVES__T__[Disc_4]/10-Throw_your_laptop_on_the_fire.mp3; [-557.35266   ,  81.179306  ,  -0.94423795,  17.591892  ,  10.952512  ,   11.664811  ,   7.2958426 ,   7.9323387 ,   3.713392  ,   3.7891455 ,    5.448007  ,   3.9498427 ,   1.4889331 ]; [[13905.36115454,  625.8526047 , -252.65185973, -109.63113326,   -391.15938644, -205.97966858, -104.9877697 , -159.76906955,    -94.59232581, -126.86965032,  -46.09195164,  -77.59309394,   -120.45209536], [  625.8526047 ,  682.19579744,  -37.61202779,   59.94733763,     -2.83751457,  -41.99984234,  -23.43062665,   15.75099793,     -6.0213009 ,  -30.42016692,    1.57489982,    5.34975633,     -5.68779624], [ -252.65185973,  -37.61202779,  700.44083728,  181.03722631,    143.02867858,  157.50200912,   69.6783695 ,   44.32318817,     32.51349223,   51.53289918,   -8.9184991 ,   12.96076721,     34.761021  ], [ -109.63113326,   59.94733763,  181.03722631,  254.30088999,    164.08846589,  111.65395566,   68.92763598,   64.72449656,     40.83632667,   63.18023553,   36.66301911,   31.60579748,     25.93151369], [ -391.15938644,   -2.83751457,  143.02867858,  164.08846589,    346.40885142,  216.87483357,  119.55620386,  113.94203356,     60.59744843,  102.14160066,   97.17789359,   48.43143372,     44.44609002], [ -205.97966858,  -41.99984234,  157.50200912,  111.65395566,    216.87483357,  307.47770264,  178.94557775,  120.31676185,     98.73123453,  108.35139756,   92.11825313,   65.63581382,     48.63119867], [ -104.9877697 ,  -23.43062665,   69.6783695 ,   68.92763598,    119.55620386,  178.94557775,  194.66755529,  118.02197512,     94.98263747,   81.7628899 ,   77.14860261,   53.13960911,     34.39229222], [ -159.76906955,   15.75099793,   44.32318817,   64.72449656,    113.94203356,  120.31676185,  118.02197512,  170.43760658,     89.93932483,   84.02170789,   73.77022967,   46.94456694,     35.13637881], [  -94.59232581,   -6.0213009 ,   32.51349223,   40.83632667,     60.59744843,   98.73123453,   94.98263747,   89.93932483,    154.26966896,   83.60115589,   57.89865768,   44.56336265,     29.26494929], [ -126.86965032,  -30.42016692,   51.53289918,   63.18023553,    102.14160066,  108.35139756,   81.7628899 ,   84.02170789,     83.60115589,  133.70541572,   85.98825307,   42.4755891 ,     34.84383744], [  -46.09195164,    1.57489982,   -8.9184991 ,   36.66301911,     97.17789359,   92.11825313,   77.14860261,   73.77022967,     57.89865768,   85.98825307,  122.02594505,   52.03146557,     33.19122147], [  -77.59309394,    5.34975633,   12.96076721,   31.60579748,     48.43143372,   65.63581382,   53.13960911,   46.94456694,     44.56336265,   42.4755891 ,   52.03146557,   84.52360447,     43.37402606], [ -120.45209536,   -5.68779624,   34.761021  ,   25.93151369,     44.44609002,   48.63119867,   34.39229222,   35.13637881,     29.26494929,   34.84383744,   33.19122147,   43.37402606,     75.49644671]]
/root/sim/music/out/Various_Artists/TETSUYA_KOMURO_ARCHIVES__T__[Disc_4]/07-22世紀への架け橋.mp3; [-530.9377    ,  90.75159   ,  11.233107  ,  19.872715  ,   4.3693843 ,    3.4501204 ,  -1.2300941 ,   5.191848  ,  -6.7120214 ,   0.55204755,   -2.6848185 ,  -4.2681103 ,  -1.5475961 ]; [[18628.77404655,  212.59665445,  193.30905003,  591.00820235,    278.76422439,  284.3500462 ,  211.52902499,  389.4463832 ,    104.6587425 ,  219.56644691,  268.53701497,   65.56305919,     83.25006826], [  212.59665445,  952.5804881 ,   57.25829925,   80.70519217,     46.53057025,    9.21793972,    9.89068096,   30.99379802,    -59.47921224,    9.19329802,  -35.13273772,  -23.03125746,     12.5581177 ], [  193.30905003,   57.25829925,  335.95644282,   86.13256616,    100.52912676,   72.48611681,   37.71895396,   42.82104103,     17.00838219,   -3.68115897,   25.13524826,   24.81842788,     21.01822662], [  591.00820235,   80.70519217,   86.13256616,  242.32631049,    128.20686373,   64.98101516,   35.28607059,   56.84381743,     37.41049028,   23.88663619,   37.33938089,   21.09602137,     30.46934099], [  278.76422439,   46.53057025,  100.52912676,  128.20686373,    194.39899774,   82.85039128,   39.38188791,   43.89003046,     51.33976097,   15.02931014,   33.21834152,   19.28504802,     18.37138078], [  284.3500462 ,    9.21793972,   72.48611681,   64.98101516,     82.85039128,  194.20456666,   94.69360302,   55.41417548,     72.28897422,   30.70709326,   45.0030308 ,   50.8358231 ,     28.8441627 ], [  211.52902499,    9.89068096,   37.71895396,   35.28607059,     39.38188791,   94.69360302,  159.6676548 ,   78.23935249,     74.56486351,   48.81206836,   63.34223736,   47.17234101,     18.50519136], [  389.4463832 ,   30.99379802,   42.82104103,   56.84381743,     43.89003046,   55.41417548,   78.23935249,  127.32479906,     59.87289618,   51.62460215,   48.13447281,   29.56607487,     31.80158295], [  104.6587425 ,  -59.47921224,   17.00838219,   37.41049028,     51.33976097,   72.28897422,   74.56486351,   59.87289618,    161.00468676,   65.03023642,   62.18442631,   53.78123724,     15.90647317], [  219.56644691,    9.19329802,   -3.68115897,   23.88663619,     15.02931014,   30.70709326,   48.81206836,   51.62460215,     65.03023642,  127.94994252,   58.38778068,   27.00604988,     15.31127888], [  268.53701497,  -35.13273772,   25.13524826,   37.33938089,     33.21834152,   45.0030308 ,   63.34223736,   48.13447281,     62.18442631,   58.38778068,  117.42086991,   60.36254941,     21.67169246], [   65.56305919,  -23.03125746,   24.81842788,   21.09602137,     19.28504802,   50.8358231 ,   47.17234101,   29.56607487,     53.78123724,   27.00604988,   60.36254941,  111.25193694,     47.32813915], [   83.25006826,   12.5581177 ,   21.01822662,   30.46934099,     18.37138078,   28.8441627 ,   18.50519136,   31.80158295,     15.90647317,   15.31127888,   21.67169246,   47.32813915,     80.91612052]]
/root/sim/music/out/Various_Artists/TETSUYA_KOMURO_ARCHIVES__T__[Disc_4]/04-You_&_Me.mp3; [-588.22345   ,  84.562675  ,   1.6367904 ,  14.164862  ,   0.8914376 ,    3.6861231 ,   2.8298037 ,  -3.0493853 ,   1.7830548 ,  -0.6672602 ,   -2.1141703 ,  -0.67537844,   0.912303  ]; [[24266.14456136,-3367.67074731,  563.33340882,  840.3820363 ,    890.38679352, 1040.36339535, 1083.16772892,  894.2817797 ,    850.1518874 ,  858.73359781,  489.29470751,  478.5852125 ,    508.9701213 ], [-3367.67074731, 2565.91985411, -359.81922128,  -75.0896394 ,   -226.46099073, -273.82526276, -260.88950155, -277.00176587,   -210.2158052 , -244.65096511, -146.01602128, -162.7923781 ,   -120.4763859 ], [  563.33340882, -359.81922128,  730.33992148,   60.63355928,    180.9847103 ,  142.35067541,  109.14751354,  116.73369993,     60.44869398,   60.75642026,   46.65326763,   36.19067646,     47.55398257], [  840.3820363 ,  -75.0896394 ,   60.63355928,  375.99849875,    182.87748876,  113.4766868 ,   53.24671788,  154.61351939,     84.37710106,   61.73267733,   88.26642407,   72.74330923,     38.66074173], [  890.38679352, -226.46099073,  180.9847103 ,  182.87748876,    324.23370804,  176.40324381,  131.00359634,  171.32887975,    114.31007371,  100.23644832,   91.39186249,   83.42845504,     63.97226655], [ 1040.36339535, -273.82526276,  142.35067541,  113.4766868 ,    176.40324381,  357.90328339,  193.9632293 ,  164.42743387,    106.6929181 ,  156.08748793,   86.9973401 ,   45.48075845,     89.21493604], [ 1083.16772892, -260.88950155,  109.14751354,   53.24671788,    131.00359634,  193.9632293 ,  268.18650235,  119.76179479,    119.81478632,  120.0629658 ,   55.11041604,   53.17610532,     79.83303444], [  894.2817797 , -277.00176587,  116.73369993,  154.61351939,    171.32887975,  164.42743387,  119.76179479,  305.12602077,    122.58778179,  126.5398978 ,  114.81834267,   86.42479613,     68.46836111], [  850.1518874 , -210.2158052 ,   60.44869398,   84.37710106,    114.31007371,  106.6929181 ,  119.81478632,  122.58778179,    164.72900218,  105.31763547,   63.05146549,   52.8828846 ,     51.78519024], [  858.73359781, -244.65096511,   60.75642026,   61.73267733,    100.23644832,  156.08748793,  120.0629658 ,  126.5398978 ,    105.31763547,  191.22733305,   91.53029351,   62.79717814,     70.16029171], [  489.29470751, -146.01602128,   46.65326763,   88.26642407,     91.39186249,   86.9973401 ,   55.11041604,  114.81834267,     63.05146549,   91.53029351,  128.51069808,   76.99813561,     43.31947105], [  478.5852125 , -162.7923781 ,   36.19067646,   72.74330923,     83.42845504,   45.48075845,   53.17610532,   86.42479613,     52.8828846 ,   62.79717814,   76.99813561,  130.20839654,     55.91614696], [  508.9701213 , -120.4763859 ,   47.55398257,   38.66074173,     63.97226655,   89.21493604,   79.83303444,   68.46836111,     51.78519024,   70.16029171,   43.31947105,   55.91614696,    110.5898226 ]]
