/root/sim/music/out/Various_Artists/T2_Trainspotting__Original_Motion_Pictur/12_(White_Man)_In_Hammersmith_Palais.mp3; [-524.9816    ,  99.00365   , -29.60742   ,  24.302805  ,   2.0490167 ,    6.0703273 ,  -3.9979184 ,   9.9231415 ,  -1.1861191 ,   0.44363755,    2.6365113 ,   1.9764996 ,  -3.3953218 ]; [[12616.79999832, -294.78394345,  -79.53839135, -100.3223863 ,   -244.46141156,   76.22913631, -108.97568435,   99.03956027,      0.24030723,  -27.23638259,   43.95831462,  -73.51143273,    -53.61962566], [ -294.78394345, 1862.77166236, -174.72939521,  197.81374632,     79.36364472,  166.27036283,  -50.10957885,  118.40870282,     61.58352438,  126.39465315,  100.47327435,   39.86543482,     23.70694916], [  -79.53839135, -174.72939521,  718.76210466,  147.56737863,    139.09492109,  106.9883331 ,   87.93582725,    2.8120118 ,      4.9237822 ,    9.03642363,    9.62985471,   48.5176139 ,     47.80495799], [ -100.3223863 ,  197.81374632,  147.56737863,  469.30651531,    196.50572503,   60.03316899,   -2.18326345,   44.25998716,     74.49741881,   28.38176458,  -16.97509814,   48.79486189,     62.37510632], [ -244.46141156,   79.36364472,  139.09492109,  196.50572503,    343.92316905,   87.48723117,  -23.56519376,  -44.92134076,     58.51724774,   50.38223215,  -18.51581688,   -6.70864495,     24.12474579], [   76.22913631,  166.27036283,  106.9883331 ,   60.03316899,     87.48723117,  225.56242667,   93.48359037,   45.26850883,     18.89851895,   35.29417649,   29.98269455,   -2.25913036,      4.84081551], [ -108.97568435,  -50.10957885,   87.93582725,   -2.18326345,    -23.56519376,   93.48359037,  286.60766334,   95.14558911,     -0.02769874,   -6.95598072,   16.53925533,   39.21518282,     20.12687097], [   99.03956027,  118.40870282,    2.8120118 ,   44.25998716,    -44.92134076,   45.26850883,   95.14558911,  189.76008021,     57.02766167,   10.55005759,   34.6731157 ,   22.92299588,     10.23550082], [    0.24030723,   61.58352438,    4.9237822 ,   74.49741881,     58.51724774,   18.89851895,   -0.02769874,   57.02766167,    137.44679258,   49.67057691,    7.39159757,    9.9090043 ,      8.43135604], [  -27.23638259,  126.39465315,    9.03642363,   28.38176458,     50.38223215,   35.29417649,   -6.95598072,   10.55005759,     49.67057691,  128.67951261,   52.13912341,   -6.2398503 ,     -2.17735517], [   43.95831462,  100.47327435,    9.62985471,  -16.97509814,    -18.51581688,   29.98269455,   16.53925533,   34.6731157 ,      7.39159757,   52.13912341,  128.38474951,   27.71338815,    -17.62097646], [  -73.51143273,   39.86543482,   48.5176139 ,   48.79486189,     -6.70864495,   -2.25913036,   39.21518282,   22.92299588,      9.9090043 ,   -6.2398503 ,   27.71338815,  106.94455169,     47.19070863], [  -53.61962566,   23.70694916,   47.80495799,   62.37510632,     24.12474579,    4.84081551,   20.12687097,   10.23550082,      8.43135604,   -2.17735517,  -17.62097646,   47.19070863,     97.3811588 ]]
/root/sim/music/out/Various_Artists/T2_Trainspotting__Original_Motion_Pictur/09_Dreaming.mp3; [-514.9133   , 115.28588  , -17.674644 ,  30.601286 ,   9.713644 ,    9.259287 ,   2.0111258,   4.104779 ,  -1.3312371,   2.606308 ,   -4.1494007,  -1.9130101,  -3.7010262]; [[14048.53654839,  450.8341348 ,  100.81016656,  -43.3575624 ,     32.83739941,  -79.91145794,  -36.13314776,   85.45554461,     29.24791334,   50.54610511, -204.22373618, -150.42637624,    -69.49458964], [  450.8341348 ,  706.00213163, -268.18618146,  136.45124873,      7.18111817,    8.37599873,   19.63448034,  -13.56370166,     -1.48505552,   -8.97585119,   29.32933368,   16.04274933,     -4.08821341], [  100.81016656, -268.18618146,  342.09572498,  -30.26434004,     14.76328785,   -0.04578876,    1.55172897,   17.83153353,     10.9853253 ,    9.34992002,   -7.29535641,   -7.03476399,    -13.97216579], [  -43.3575624 ,  136.45124873,  -30.26434004,  244.51280641,      5.84452717,   46.18818473,  -19.49955548,    3.24170395,     11.00105277,  -21.14254271,   14.85369917,   20.2305635 ,     -3.46761953], [   32.83739941,    7.18111817,   14.76328785,    5.84452717,     96.88897806,    0.48072102,    9.07987716,    2.04647614,     10.5205451 ,    9.21380123,    2.00202979,    3.10568428,     10.35068625], [  -79.91145794,    8.37599873,   -0.04578876,   46.18818473,      0.48072102,  139.68349071,   50.88177867,   16.78943714,     -8.8750941 ,    9.77998136,   18.83152669,   -8.64478685,    -13.64523018], [  -36.13314776,   19.63448034,    1.55172897,  -19.49955548,      9.07987716,   50.88177867,  103.14765563,   28.03314774,      1.61116431,   15.41987955,    8.97798209,   -4.7697796 ,     -6.16967348], [   85.45554461,  -13.56370166,   17.83153353,    3.24170395,      2.04647614,   16.78943714,   28.03314774,   74.30048673,     32.92116773,    8.59359473,  -10.39097793,   -5.32345876,      3.54142673], [   29.24791334,   -1.48505552,   10.9853253 ,   11.00105277,     10.5205451 ,   -8.8750941 ,    1.61116431,   32.92116773,     69.50573384,   18.26766898,   -5.15248902,   -0.34946519,      7.13506813], [   50.54610511,   -8.97585119,    9.34992002,  -21.14254271,      9.21380123,    9.77998136,   15.41987955,    8.59359473,     18.26766898,   63.2360052 ,   19.55913048,   -4.60448404,     -2.37086528], [ -204.22373618,   29.32933368,   -7.29535641,   14.85369917,      2.00202979,   18.83152669,    8.97798209,  -10.39097793,     -5.15248902,   19.55913048,   64.81389361,   24.7059392 ,      1.56400607], [ -150.42637624,   16.04274933,   -7.03476399,   20.2305635 ,      3.10568428,   -8.64478685,   -4.7697796 ,   -5.32345876,     -0.34946519,   -4.60448404,   24.7059392 ,   64.03474947,     25.86981193], [  -69.49458964,   -4.08821341,  -13.97216579,   -3.46761953,     10.35068625,  -13.64523018,   -6.16967348,    3.54142673,      7.13506813,   -2.37086528,    1.56400607,   25.86981193,     57.25235904]]
/root/sim/music/out/Various_Artists/T2_Trainspotting__Original_Motion_Pictur/10_Radio_Ga_Ga.mp3; [-574.2592   , 135.45473  ,  -4.9449415,  34.1357   ,   4.911084 ,    9.389972 ,   0.8858031,   7.0173287,  -4.633652 ,   4.2718334,   -0.5044846,   1.4145923,   1.3517193]; [[14892.22038184, -223.04698049, -783.97807874, -373.1761625 ,   -309.58936197, -428.46129938, -254.36419028,   24.16716603,   -269.95118032,   74.52967699, -101.66213355,  -23.64408128,     61.42081516], [ -223.04698049, 2366.86376821,   24.42916086, -172.56828289,   -210.87459508,  -32.90867667,  -54.50972977,   -4.47511574,    -41.80791632,   -9.70314866,    8.81392523,   -5.54981548,     18.40011881], [ -783.97807874,   24.42916086,  600.56858913,   89.4735342 ,     42.2137106 ,   67.46282785,   20.58682301,   13.00522827,     49.37995058,   -9.05687535,   24.26021728,   16.53851231,    -18.93401483], [ -373.1761625 , -172.56828289,   89.4735342 ,  458.32719628,    151.48453107,  120.63456107,   51.13149759,    7.91188744,     84.91957314,   20.81510724,   33.40637118,   18.14637135,     11.47678807], [ -309.58936197, -210.87459508,   42.2137106 ,  151.48453107,    262.24394282,   94.65475361,   50.2002291 ,   32.22207291,     52.793384  ,   37.67197596,   15.44682444,    8.79883984,     10.61811071], [ -428.46129938,  -32.90867667,   67.46282785,  120.63456107,     94.65475361,  258.74549329,  110.44324859,   53.33591654,     66.09304022,   11.48386065,   46.3720296 ,   16.30577091,    -10.89558873], [ -254.36419028,  -54.50972977,   20.58682301,   51.13149759,     50.2002291 ,  110.44324859,  171.04109222,   65.84066006,     45.95645828,    9.70535179,   24.97210151,   19.62971396,    -11.71864018], [   24.16716603,   -4.47511574,   13.00522827,    7.91188744,     32.22207291,   53.33591654,   65.84066006,  138.87312356,     13.09388699,   43.17459198,   22.72972227,   10.48016516,     10.19186186], [ -269.95118032,  -41.80791632,   49.37995058,   84.91957314,     52.793384  ,   66.09304022,   45.95645828,   13.09388699,    132.7757749 ,   24.17428249,   22.5064828 ,   16.27883668,      2.21994183], [   74.52967699,   -9.70314866,   -9.05687535,   20.81510724,     37.67197596,   11.48386065,    9.70535179,   43.17459198,     24.17428249,   96.5628489 ,   33.8991102 ,   14.31063358,     15.59117532], [ -101.66213355,    8.81392523,   24.26021728,   33.40637118,     15.44682444,   46.3720296 ,   24.97210151,   22.72972227,     22.5064828 ,   33.8991102 ,   77.02735991,   32.87383915,      7.98093613], [  -23.64408128,   -5.54981548,   16.53851231,   18.14637135,      8.79883984,   16.30577091,   19.62971396,   10.48016516,     16.27883668,   14.31063358,   32.87383915,   77.27984   ,     24.56993055], [   61.42081516,   18.40011881,  -18.93401483,   11.47678807,     10.61811071,  -10.89558873,  -11.71864018,   10.19186186,      2.21994183,   15.59117532,    7.98093613,   24.56993055,     77.73032599]]
/root/sim/music/out/Various_Artists/CHAOSHEAD_VOCAL_COLLECTION_[Disc_1]/02_Desire_Blue_sky.mp3; [-605.9965    , 155.98187   ,  -1.5338618 ,  15.339583  ,  -3.0372865 ,   -1.7209419 ,   4.7911377 ,  -1.4367387 ,   0.54162014,   0.02969811,   -2.9567957 ,   1.7501389 ,  -0.62694013]; [[27944.0432607 ,-6115.86979639, 1294.13320945, 2235.32148082,    889.68702565, 1345.27328194,  723.6267923 ,  974.76832723,   1015.69266555,  781.64184838,  264.96518195,  555.76194326,    592.86947481], [-6115.86979639, 4361.09033887, -623.32765003, -678.63319186,   -172.0385079 , -274.42594576,  -18.58987904, -173.19418406,   -263.04246938, -200.03373644,  -44.01681996,  -75.8996558 ,   -208.72350974], [ 1294.13320945, -623.32765003,  862.4724524 ,  296.81985268,    198.29354337,  175.32319488,   22.65049844,  133.95972226,     74.68621644,   45.72967382,   43.92854889,   75.32184466,     60.062207  ], [ 2235.32148082, -678.63319186,  296.81985268,  673.69886928,    210.65205907,  213.77260019,   57.95912833,  165.94827056,    137.38103406,   62.14147343,   59.00501218,  106.84202921,     54.0253206 ], [  889.68702565, -172.0385079 ,  198.29354337,  210.65205907,    278.39406304,  157.95145446,   62.68985204,  121.72213225,     67.07500457,   52.28202854,   28.34273092,   71.11147457,     33.23262893], [ 1345.27328194, -274.42594576,  175.32319488,  213.77260019,    157.95145446,  343.4232548 ,   88.39850557,  147.68210841,    109.98825256,   74.57020332,   72.88987793,   68.76799186,     66.91480423], [  723.6267923 ,  -18.58987904,   22.65049844,   57.95912833,     62.68985204,   88.39850557,  177.65716612,   68.43980145,     48.30504783,   69.64495186,   10.25108979,   73.80297884,     26.33187911], [  974.76832723, -173.19418406,  133.95972226,  165.94827056,    121.72213225,  147.68210841,   68.43980145,  218.70727542,     91.57215554,   52.27785976,   55.2476009 ,   43.95455533,     47.08560351], [ 1015.69266555, -263.04246938,   74.68621644,  137.38103406,     67.07500457,  109.98825256,   48.30504783,   91.57215554,    162.30677016,   72.33958819,   30.38787909,   51.07539377,     28.97845182], [  781.64184838, -200.03373644,   45.72967382,   62.14147343,     52.28202854,   74.57020332,   69.64495186,   52.27785976,     72.33958819,  139.80636367,   31.65565099,   38.10415698,     29.26437916], [  264.96518195,  -44.01681996,   43.92854889,   59.00501218,     28.34273092,   72.88987793,   10.25108979,   55.2476009 ,     30.38787909,   31.65565099,  109.04988821,   35.67635064,     21.49444705], [  555.76194326,  -75.8996558 ,   75.32184466,  106.84202921,     71.11147457,   68.76799186,   73.80297884,   43.95455533,     51.07539377,   38.10415698,   35.67635064,  154.25119197,     57.89860461], [  592.86947481, -208.72350974,   60.062207  ,   54.0253206 ,     33.23262893,   66.91480423,   26.33187911,   47.08560351,     28.97845182,   29.26437916,   21.49444705,   57.89860461,    110.06277508]]
/root/sim/music/out/Various_Artists/CHAOSHEAD_VOCAL_COLLECTION_[Disc_1]/08_磔のミサ.mp3; [-472.32513   ,  85.9151    ,   3.5102906 ,  34.91496   ,  10.063382  ,    1.4356678 ,   4.5067544 ,   1.8862133 ,   1.6193467 ,   2.7005353 ,   -4.777106  ,   0.61849654,  -1.1884837 ]; [[17355.94514559, 1179.43284129, -213.35361374,  418.40727021,   -106.72942645, -225.39818008, -113.85295197,  -83.39040006,    -42.96983575,   66.13234863, -140.67284098,  -15.83157335,    -18.58651864], [ 1179.43284129,  636.72166755, -167.32008634,   86.74669463,      8.92844624,  -38.533266  ,   12.52417102,  -18.93892985,      5.56759439,  -14.17925361,  -32.19572445,    4.16024113,     -3.05223221], [ -213.35361374, -167.32008634,  373.28332843,   24.55426073,     96.62060948,   47.64725589,   -1.54038021,  -10.02678253,    -19.02486347,   -9.54431591,   22.68191479,   12.00575355,     -9.18979513], [  418.40727021,   86.74669463,   24.55426073,  202.39527637,     69.38017711,    3.47044829,   10.44686623,   28.84824691,      9.2881773 ,    2.85813077,    7.66357322,   16.05413037,     -7.87767094], [ -106.72942645,    8.92844624,   96.62060948,   69.38017711,    132.16378354,   19.41871895,   30.92029722,   11.1034922 ,     15.43014375,   -1.00563545,   16.5511534 ,   20.87780726,     -5.12129141], [ -225.39818008,  -38.533266  ,   47.64725589,    3.47044829,     19.41871895,  152.69640206,   55.55023274,   38.85312693,     21.83665441,   14.62958232,   20.01471175,   12.91553814,      9.67880449], [ -113.85295197,   12.52417102,   -1.54038021,   10.44686623,     30.92029722,   55.55023274,  107.34909402,   45.07060985,     33.12676813,   22.33097754,   17.80401041,   14.70848279,     11.32914875], [  -83.39040006,  -18.93892985,  -10.02678253,   28.84824691,     11.1034922 ,   38.85312693,   45.07060985,   79.62297304,     39.26362799,   22.7814275 ,   14.65761913,   11.00115466,      5.15056428], [  -42.96983575,    5.56759439,  -19.02486347,    9.2881773 ,     15.43014375,   21.83665441,   33.12676813,   39.26362799,     76.37825872,   33.76068371,   18.97325948,   10.53186641,      5.78417975], [   66.13234863,  -14.17925361,   -9.54431591,    2.85813077,     -1.00563545,   14.62958232,   22.33097754,   22.7814275 ,     33.76068371,   65.23251972,   27.14744813,   11.3137953 ,      5.98517971], [ -140.67284098,  -32.19572445,   22.68191479,    7.66357322,     16.5511534 ,   20.01471175,   17.80401041,   14.65761913,     18.97325948,   27.14744813,   54.3950312 ,   22.03722098,     10.02115036], [  -15.83157335,    4.16024113,   12.00575355,   16.05413037,     20.87780726,   12.91553814,   14.70848279,   11.00115466,     10.53186641,   11.3137953 ,   22.03722098,   49.14632749,     16.76922976], [  -18.58651864,   -3.05223221,   -9.18979513,   -7.87767094,     -5.12129141,    9.67880449,   11.32914875,    5.15056428,      5.78417975,    5.98517971,   10.02115036,   16.76922976,     47.38848028]]
/root/sim/music/out/Various_Artists/CHAOSHEAD_VOCAL_COLLECTION_[Disc_1]/12_アレルイヤの福音.mp3; [-572.46735  , 140.109    ,   7.5724893,  16.923756 ,   5.010973 ,   -4.050336 ,  -0.6487716,  -1.110525 ,  -3.3273807,  -2.9469795,   -7.508568 ,  -2.0779138,  -2.7384775]; [[16924.08263606,-2211.29154796,  232.71608157,  373.70529222,    641.32313383, -362.2792973 ,  287.30182239,  277.96928167,    273.5278418 ,  256.07838146,  293.94369698,  179.24188178,     21.64112587], [-2211.29154796, 1946.5182969 , -286.4389751 ,  -16.82189753,   -173.99413319,  141.12610184,  -85.46348586,  -54.30009441,    -88.02186705,  -79.49313521, -145.87871925,  -62.57169259,      2.18093484], [  232.71608157, -286.4389751 ,  426.41841958,  -46.23948669,    102.89488934,   -2.53087329,   41.29349901,   -4.65427706,    -10.20704289,   -2.2899173 ,   12.43725509,   20.86505455,    -39.17988611], [  373.70529222,  -16.82189753,  -46.23948669,  214.82717284,     26.47807937,   19.71384548,  -21.11563233,   61.11159849,     19.88696505,   -1.81956977,   27.68132699,   18.53439099,      9.25514939], [  641.32313383, -173.99413319,  102.89488934,   26.47807937,    207.83975225,  -36.78614782,   53.15170179,    4.10506777,     19.66174134,    5.22896961,   17.34985683,   21.65508116,    -18.57814699], [ -362.2792973 ,  141.12610184,   -2.53087329,   19.71384548,    -36.78614782,  188.3199731 ,   -8.70754996,   34.53446371,      8.49721879,   10.18960811,  -10.8817669 ,   -6.68987648,      7.09283046], [  287.30182239,  -85.46348586,   41.29349901,  -21.11563233,     53.15170179,   -8.70754996,  124.91260519,   10.97761503,     22.19886759,   17.28136376,    0.66343384,   12.10181475,      0.51765164], [  277.96928167,  -54.30009441,   -4.65427706,   61.11159849,      4.10506777,   34.53446371,   10.97761503,  115.52449361,     35.28291116,   20.3750341 ,   18.28443256,   14.56054097,      3.31349194], [  273.5278418 ,  -88.02186705,  -10.20704289,   19.88696505,     19.66174134,    8.49721879,   22.19886759,   35.28291116,     87.9595173 ,   32.89592895,   23.74544994,    6.3633879 ,      8.63134637], [  256.07838146,  -79.49313521,   -2.2899173 ,   -1.81956977,      5.22896961,   10.18960811,   17.28136376,   20.3750341 ,     32.89592895,   88.55560243,   35.34953098,   11.92548487,      7.62291135], [  293.94369698, -145.87871925,   12.43725509,   27.68132699,     17.34985683,  -10.8817669 ,    0.66343384,   18.28443256,     23.74544994,   35.34953098,   85.57554387,   28.99479887,      7.60415744], [  179.24188178,  -62.57169259,   20.86505455,   18.53439099,     21.65508116,   -6.68987648,   12.10181475,   14.56054097,      6.3633879 ,   11.92548487,   28.99479887,   61.32060457,     14.96503743], [   21.64112587,    2.18093484,  -39.17988611,    9.25514939,    -18.57814699,    7.09283046,    0.51765164,    3.31349194,      8.63134637,    7.62291135,    7.60415744,   14.96503743,     63.33646016]]
/root/sim/music/out/Various_Artists/CHAOSHEAD_VOCAL_COLLECTION_[Disc_1]/09_遙かなるイディヨナ.mp3; [-519.7117    , 100.40281   ,   7.346882  ,  31.152277  ,  17.90752   ,   -4.141642  ,   3.9858737 ,   3.4696918 ,  -0.98079723,  -0.64610034,   -7.04252   ,  -0.4149887 ,  -2.9649377 ]; [[14308.43993852,  218.28017377, -247.96519587,  330.1020342 ,     61.23191804,   21.36577105,  165.96315517,  244.42894073,     86.32309371,  161.66491272, -116.49095695,   58.15396512,    106.73011369], [  218.28017377,  897.32417234,  -35.06548302,  101.62134005,    115.4733425 ,  -48.13046502,   10.32766074,  -64.55258426,    -20.88031929,  -27.22241076,   19.80436954,   10.76918543,    -40.07474468], [ -247.96519587,  -35.06548302,  413.42904504,   23.62313043,     76.12656232,   14.67503638,  -56.11462889,  -18.60335186,    -15.99887333,  -15.05771732,   24.9643903 ,   11.16276094,    -22.56244184], [  330.1020342 ,  101.62134005,   23.62313043,  299.41544089,     59.08112669,    0.26498596,   -0.83490826,   50.28251087,     50.84227692,   -0.57592339,    1.26356564,   21.04380378,     12.72768589], [   61.23191804,  115.4733425 ,   76.12656232,   59.08112669,    147.87260418,   37.02075845,   16.56359179,    8.93673204,     20.01901859,    7.79981722,   18.38685525,    2.29126987,     -8.55262076], [   21.36577105,  -48.13046502,   14.67503638,    0.26498596,     37.02075845,  202.56829263,   74.5645851 ,   25.6194198 ,     23.69292285,   34.06407137,   22.59135886,    5.23294895,     13.44415277], [  165.96315517,   10.32766074,  -56.11462889,   -0.83490826,     16.56359179,   74.5645851 ,  121.43171136,   56.49864818,     29.38504821,   19.3549835 ,    2.68214396,    9.04530369,     17.47238207], [  244.42894073,  -64.55258426,  -18.60335186,   50.28251087,      8.93673204,   25.6194198 ,   56.49864818,  127.2059255 ,     55.6698377 ,   16.10173634,   -9.91769267,   12.51051329,     20.77024492], [   86.32309371,  -20.88031929,  -15.99887333,   50.84227692,     20.01901859,   23.69292285,   29.38504821,   55.6698377 ,     95.7880273 ,   41.11415497,    7.74541697,    6.56422152,     16.37217995], [  161.66491272,  -27.22241076,  -15.05771732,   -0.57592339,      7.79981722,   34.06407137,   19.3549835 ,   16.10173634,     41.11415497,   85.42776231,   28.72611979,   12.67828213,     11.03146997], [ -116.49095695,   19.80436954,   24.9643903 ,    1.26356564,     18.38685525,   22.59135886,    2.68214396,   -9.91769267,      7.74541697,   28.72611979,   76.5965415 ,   30.15230874,      6.95275286], [   58.15396512,   10.76918543,   11.16276094,   21.04380378,      2.29126987,    5.23294895,    9.04530369,   12.51051329,      6.56422152,   12.67828213,   30.15230874,   63.90641655,     25.94153928], [  106.73011369,  -40.07474468,  -22.56244184,   12.72768589,     -8.55262076,   13.44415277,   17.47238207,   20.77024492,     16.37217995,   11.03146997,    6.95275286,   25.94153928,     61.21672533]]
/root/sim/music/out/Various_Artists/CHAOSHEAD_VOCAL_COLLECTION_[Disc_1]/13_密教の首飾り.mp3; [-497.61807   ,  90.1051    ,  17.179996  ,  29.189325  ,  10.401803  ,   -4.1904554 ,   1.1548883 ,   3.3836846 ,   0.0481812 ,   2.4520996 ,   -2.7410421 ,   0.14639367,   1.7727529 ]; [[13017.49494539,  917.03301236,  150.89364401,  436.2079164 ,    121.90211185,  106.68962405,  102.15481291,  249.00307289,    205.36380889,  260.7890256 ,   77.84918596,  129.2639036 ,    210.08031365], [  917.03301236,  517.00956544,  -63.70383006,   96.26358679,     40.76045331,  -35.35550275,   26.050519  ,    9.88138229,      8.01845965,   22.71112566,    2.87492966,   17.31126871,     21.35516109], [  150.89364401,  -63.70383006,  320.52950709,   67.18005049,     69.29816224,   39.82969227,  -14.804091  ,   28.74887637,      8.95193425,  -10.43934622,   16.91078106,   18.0211699 ,    -15.14477429], [  436.2079164 ,   96.26358679,   67.18005049,  310.19669372,    112.36342585,   25.27498995,   43.60303505,   90.47932877,     47.44670903,   20.84149373,   14.99427007,   27.76917698,     -2.88602188], [  121.90211185,   40.76045331,   69.29816224,  112.36342585,    153.96770919,   48.27616394,   36.02378165,   64.17448215,     42.22543141,   32.0672842 ,   13.6231837 ,   16.47830186,      1.18235723], [  106.68962405,  -35.35550275,   39.82969227,   25.27498995,     48.27616394,  184.72676503,   80.85922348,   44.26176843,     54.46804783,   50.29012842,   16.91292637,    8.17812968,     11.74208329], [  102.15481291,   26.050519  ,  -14.804091  ,   43.60303505,     36.02378165,   80.85922348,  128.73822416,   68.17063272,     42.12428318,   43.61767859,   12.20451233,   11.68400005,     13.50102791], [  249.00307289,    9.88138229,   28.74887637,   90.47932877,     64.17448215,   44.26176843,   68.17063272,  143.18876594,     75.92689278,   52.89438334,   31.74182407,   32.53562776,     23.89219706], [  205.36380889,    8.01845965,    8.95193425,   47.44670903,     42.22543141,   54.46804783,   42.12428318,   75.92689278,    112.12611991,   66.02844173,   28.47631605,   23.75332721,     22.44068114], [  260.7890256 ,   22.71112566,  -10.43934622,   20.84149373,     32.0672842 ,   50.29012842,   43.61767859,   52.89438334,     66.02844173,  108.71467695,   37.80017694,   14.73990394,     24.54002216], [   77.84918596,    2.87492966,   16.91078106,   14.99427007,     13.6231837 ,   16.91292637,   12.20451233,   31.74182407,     28.47631605,   37.80017694,   70.71626516,   39.29359663,     17.94511362], [  129.2639036 ,   17.31126871,   18.0211699 ,   27.76917698,     16.47830186,    8.17812968,   11.68400005,   32.53562776,     23.75332721,   14.73990394,   39.29359663,   77.41781647,     33.83808089], [  210.08031365,   21.35516109,  -15.14477429,   -2.88602188,      1.18235723,   11.74208329,   13.50102791,   23.89219706,     22.44068114,   24.54002216,   17.94511362,   33.83808089,     69.78472807]]
/root/sim/music/out/Various_Artists/CHAOSHEAD_VOCAL_COLLECTION_[Disc_1]/04_罪過に契約の血を.mp3; [-496.3446    , 104.11079   ,   7.629735  ,  28.634726  ,  19.360992  ,    5.229433  ,   0.976493  ,   0.6515596 ,  -3.0074637 ,   2.5441196 ,   -0.58260703,  -0.6522402 ,  -4.022347  ]; [[14359.04620778,-1558.52111445,  -19.62876218,  196.48410216,    148.69688452, -113.27924526,  -31.65022722,   80.70077786,   -131.16379703,   40.23058455, -100.68781368,   62.58178037,      3.76227815], [-1558.52111445, 1793.53636931, -301.8470805 ,  -50.86330966,   -111.43141438,   47.03600578,   22.03255729,  -50.63777479,     70.02695782,   24.60160842,   35.28475175, -115.15709998,    -58.39282062], [  -19.62876218, -301.8470805 ,  526.31630343,  -18.37096108,    115.92924692,    5.7086179 ,  -13.02064929,  -12.04125049,    -13.56625928,  -15.6168237 ,    4.26365561,   47.93353645,     -4.86302547], [  196.48410216,  -50.86330966,  -18.37096108,  269.35429799,     56.32086453,  -15.92773875,  -38.8501291 ,    9.44292926,    -30.73795628,  -15.61195154,   18.7215246 ,   45.11893228,     29.63607019], [  148.69688452, -111.43141438,  115.92924692,   56.32086453,    140.17291443,    5.70621523,    3.01535087,   -8.83608139,    -12.75767243,   -8.77646939,    2.52842227,   31.86060721,      9.98202804], [ -113.27924526,   47.03600578,    5.7086179 ,  -15.92773875,      5.70621523,  152.31769811,   32.76630747,    3.79749006,     10.67719641,    5.37713616,    5.05415476,   -6.16433555,     17.44948638], [  -31.65022722,   22.03255729,  -13.02064929,  -38.8501291 ,      3.01535087,   32.76630747,   98.6757158 ,   20.94849112,      7.36537118,    9.51493133,   -8.88616321,   -2.24059258,     16.51092467], [   80.70077786,  -50.63777479,  -12.04125049,    9.44292926,     -8.83608139,    3.79749006,   20.94849112,   76.74606467,     16.95432506,    7.80893147,    0.73596045,    8.22276637,      5.972684  ], [ -131.16379703,   70.02695782,  -13.56625928,  -30.73795628,    -12.75767243,   10.67719641,    7.36537118,   16.95432506,     81.01774552,   30.82970381,    9.04701513,  -14.45071658,     -4.3590701 ], [   40.23058455,   24.60160842,  -15.6168237 ,  -15.61195154,     -8.77646939,    5.37713616,    9.51493133,    7.80893147,     30.82970381,   68.28920388,   15.56406409,    0.82974935,     -0.20867775], [ -100.68781368,   35.28475175,    4.26365561,   18.7215246 ,      2.52842227,    5.05415476,   -8.88616321,    0.73596045,      9.04701513,   15.56406409,   64.41044005,   26.56098787,      3.80685354], [   62.58178037, -115.15709998,   47.93353645,   45.11893228,     31.86060721,   -6.16433555,   -2.24059258,    8.22276637,    -14.45071658,    0.82974935,   26.56098787,   80.56415747,     29.14452493], [    3.76227815,  -58.39282062,   -4.86302547,   29.63607019,      9.98202804,   17.44948638,   16.51092467,    5.972684  ,     -4.3590701 ,   -0.20867775,    3.80685354,   29.14452493,     75.25206277]]
/root/sim/music/out/Various_Artists/CHAOSHEAD_VOCAL_COLLECTION_[Disc_1]/05_グラジオール.mp3; [-525.13806   ,  89.167336  ,  21.377745  ,  32.19731   ,  10.446942  ,   -4.783526  ,   6.426357  ,   1.9771291 ,  -1.2799134 ,  -0.27605674,   -4.058306  ,  -2.0792408 ,  -2.4870455 ]; [[21857.28175526, -266.05644247,  477.15785003, 1798.67417185,   1059.24297487,  188.89135562,  430.32914624,  118.14029889,     54.2067555 ,  139.12636378,  161.58543508,  338.94333911,     11.29881562], [ -266.05644247, 1024.06885917, -307.0010205 , -134.87497554,   -134.26792517,    1.41271152,   44.10277719,   43.6559193 ,     34.19516164,   17.70490627,  -31.79215099,  -33.61290166,     23.01493112], [  477.15785003, -307.0010205 ,  665.34571414,  194.10695371,    251.84785583,   45.70830508,  -38.01780049,  -36.74785218,    -37.22028345,  -35.05649419,   41.47988871,   50.47364755,    -36.98199627], [ 1798.67417185, -134.87497554,  194.10695371,  514.30133544,    261.82552387,   41.42923985,   41.92994431,   17.30973041,      8.16421367,  -12.41732979,   38.56069885,   89.27696991,     -7.43944476], [ 1059.24297487, -134.26792517,  251.84785583,  261.82552387,    332.44411926,   44.03872281,   33.92543089,    8.14513664,      7.74758601,    1.25219177,   31.45505827,   68.39916473,     -7.32591155], [  188.89135562,    1.41271152,   45.70830508,   41.42923985,     44.03872281,  179.29186283,   49.08564651,   27.00490456,     38.73479858,   16.23473279,   24.53883744,   10.72293356,      8.74203547], [  430.32914624,   44.10277719,  -38.01780049,   41.92994431,     33.92543089,   49.08564651,  124.52613772,   54.49450161,     38.71669576,   26.65352893,    9.57754444,   10.1279476 ,     20.77467054], [  118.14029889,   43.6559193 ,  -36.74785218,   17.30973041,      8.14513664,   27.00490456,   54.49450161,  113.42821149,     53.08968184,   17.07682779,   10.92412499,   17.98136321,     14.26462481], [   54.2067555 ,   34.19516164,  -37.22028345,    8.16421367,      7.74758601,   38.73479858,   38.71669576,   53.08968184,    110.52652   ,   52.86480572,   25.17270167,   10.29435636,      6.30348821], [  139.12636378,   17.70490627,  -35.05649419,  -12.41732979,      1.25219177,   16.23473279,   26.65352893,   17.07682779,     52.86480572,  100.44871954,   33.18470445,    3.60183086,      7.82734631], [  161.58543508,  -31.79215099,   41.47988871,   38.56069885,     31.45505827,   24.53883744,    9.57754444,   10.92412499,     25.17270167,   33.18470445,   80.93777148,   45.10298703,      6.82309066], [  338.94333911,  -33.61290166,   50.47364755,   89.27696991,     68.39916473,   10.72293356,   10.1279476 ,   17.98136321,     10.29435636,    3.60183086,   45.10298703,  103.1383835 ,     25.34375507], [   11.29881562,   23.01493112,  -36.98199627,   -7.43944476,     -7.32591155,    8.74203547,   20.77467054,   14.26462481,      6.30348821,    7.82734631,    6.82309066,   25.34375507,     69.82362212]]
/root/sim/music/out/Various_Artists/CHAOSHEAD_VOCAL_COLLECTION_[Disc_1]/14_Fetishism_Ark.mp3; [-539.76135   , 127.599846  , -14.891528  ,  16.941826  ,  13.717013  ,    3.4234421 ,   4.8622375 ,   3.9768138 ,   3.0723133 ,   3.2945564 ,   -1.5157009 ,  -0.04511455,  -1.9177339 ]; [[15436.28065609, -888.94419141,  170.82963283,  909.26445454,    471.695435  ,  528.38988579,  499.01973088,  443.7096679 ,    303.04846463,  210.07410522,  196.57977065,  168.93851537,     27.97565282], [ -888.94419141, 2050.01674397, -265.5321889 , -135.37659441,    -99.12716289, -158.42072233,  -90.26064857, -112.62381673,   -167.83355786,  -35.5698734 , -103.33262804,  -72.7374126 ,    -90.35897532], [  170.82963283, -265.5321889 ,  712.85380174, -123.40303494,     52.54414121,   43.83578458,  -49.76647419,   45.94207418,    -28.34501169,   21.14596141,   13.0312863 ,   24.51007585,     17.68732354], [  909.26445454, -135.37659441, -123.40303494,  430.28574337,     84.68370747,   78.2097867 ,   86.6390506 ,   66.43261312,     79.29853318,   10.32935102,   39.46203687,   42.81444389,     16.55223629], [  471.695435  ,  -99.12716289,   52.54414121,   84.68370747,    194.46300623,   62.15106494,   44.2039432 ,   75.84324748,     42.21869517,   35.68890825,   16.58906591,   19.50719374,     13.91751129], [  528.38988579, -158.42072233,   43.83578458,   78.2097867 ,     62.15106494,  225.24470084,   70.75832072,   68.29115911,     38.54437935,   29.94217453,   49.90380744,   -5.26952572,     30.68154213], [  499.01973088,  -90.26064857,  -49.76647419,   86.6390506 ,     44.2039432 ,   70.75832072,  155.09277354,   52.28298309,     40.37845436,   29.06646207,   28.27782026,   20.87682728,      8.12533751], [  443.7096679 , -112.62381673,   45.94207418,   66.43261312,     75.84324748,   68.29115911,   52.28298309,  158.08183765,     44.51911395,   35.16825746,   18.73577132,   20.91719144,     25.45975827], [  303.04846463, -167.83355786,  -28.34501169,   79.29853318,     42.21869517,   38.54437935,   40.37845436,   44.51911395,    127.78736291,   22.23005939,   14.7615569 ,   -3.61875865,     18.03208959], [  210.07410522,  -35.5698734 ,   21.14596141,   10.32935102,     35.68890825,   29.94217453,   29.06646207,   35.16825746,     22.23005939,   86.21486071,   14.94958394,   11.26046191,      4.53230937], [  196.57977065, -103.33262804,   13.0312863 ,   39.46203687,     16.58906591,   49.90380744,   28.27782026,   18.73577132,     14.7615569 ,   14.94958394,   85.50214639,   21.6068642 ,     10.79714679], [  168.93851537,  -72.7374126 ,   24.51007585,   42.81444389,     19.50719374,   -5.26952572,   20.87682728,   20.91719144,     -3.61875865,   11.26046191,   21.6068642 ,   93.01238841,     17.7965854 ], [   27.97565282,  -90.35897532,   17.68732354,   16.55223629,     13.91751129,   30.68154213,    8.12533751,   25.45975827,     18.03208959,    4.53230937,   10.79714679,   17.7965854 ,     71.04807943]]
/root/sim/music/out/Various_Artists/CHAOSHEAD_VOCAL_COLLECTION_[Disc_1]/01_Find_the_blue.mp3; [-477.91748  , 105.55086  ,  -7.7404275,   8.538861 ,   6.6447296,   -3.3019588,   7.2766967,   2.178899 ,  -0.6722231,  -3.4956505,   -5.1377187,  -0.5652652,  -2.633677 ]; [[13265.18883288,  737.32773081,   31.97423043,   92.44363753,    117.60649919,  116.62776983,  112.41906308,   88.17872479,     -2.64898881,  -73.94239376,  -49.83896215,  -12.16167113,      4.53118025], [  737.32773081,  762.30094191, -111.19167594,   12.24083412,     27.71197282,   -3.48873986,   55.54784961,   20.46391791,      7.46847554,    0.89984632,  -16.15939703,  -16.64014871,     -7.60920117], [   31.97423043, -111.19167594,  441.17656344,   47.57359828,     57.29056318,   67.63891934,    9.64627953,   46.98480511,     50.75624179,    4.31536095,   55.70560434,   15.70726967,     15.97496132], [   92.44363753,   12.24083412,   47.57359828,  233.78439127,     46.45521665,   38.78037538,  -22.91006396,   16.3608432 ,     20.44974709,    1.10865826,   19.88197735,   22.3017789 ,     16.41311012], [  117.60649919,   27.71197282,   57.29056318,   46.45521665,    128.26381473,   26.75774193,   16.61065351,   19.16264595,     20.16444316,   -1.87442145,   17.66162723,   14.31976722,      8.5571593 ], [  116.62776983,   -3.48873986,   67.63891934,   38.78037538,     26.75774193,  186.71099005,   42.26276089,   38.3684307 ,     20.85127177,   13.95844899,   34.62745278,   -9.5632145 ,      9.0744202 ], [  112.41906308,   55.54784961,    9.64627953,  -22.91006396,     16.61065351,   42.26276089,   89.14859036,   31.35133287,     20.67434499,    9.31909013,   12.23700849,    8.94930015,      6.64457434], [   88.17872479,   20.46391791,   46.98480511,   16.3608432 ,     19.16264595,   38.3684307 ,   31.35133287,   81.24762995,     44.01064361,    7.3041081 ,   12.91418021,    0.29269646,      4.14808924], [   -2.64898881,    7.46847554,   50.75624179,   20.44974709,     20.16444316,   20.85127177,   20.67434499,   44.01064361,     83.98247262,   25.48828313,   14.23990198,    4.99487312,      3.23240731], [  -73.94239376,    0.89984632,    4.31536095,    1.10865826,     -1.87442145,   13.95844899,    9.31909013,    7.3041081 ,     25.48828313,   56.74112116,   25.21639768,    3.58312156,      4.09177564], [  -49.83896215,  -16.15939703,   55.70560434,   19.88197735,     17.66162723,   34.62745278,   12.23700849,   12.91418021,     14.23990198,   25.21639768,   69.71433054,   24.78886497,      7.83956762], [  -12.16167113,  -16.64014871,   15.70726967,   22.3017789 ,     14.31976722,   -9.5632145 ,    8.94930015,    0.29269646,      4.99487312,    3.58312156,   24.78886497,   61.55224736,     21.86969487], [    4.53118025,   -7.60920117,   15.97496132,   16.41311012,      8.5571593 ,    9.0744202 ,    6.64457434,    4.14808924,      3.23240731,    4.09177564,    7.83956762,   21.86969487,     46.09629789]]
/root/sim/music/out/Various_Artists/CHAOSHEAD_VOCAL_COLLECTION_[Disc_1]/07_Super_Special.mp3; [-541.60785   ,  84.63925   ,  -1.0614121 ,  19.789341  ,   6.3448496 ,   -0.9729129 ,  10.436103  ,   4.1468463 ,   8.712114  ,   3.2731326 ,   -0.10020326,   0.8949753 ,   3.0936897 ]; [[11242.1720962 , 1509.53630974,  165.90272363,  336.40942208,    255.271732  ,  -59.30502407,   73.84647949,   16.3157665 ,     12.58873897,   21.85607132,  -66.71833448,    5.15483435,     40.8025259 ], [ 1509.53630974, 1555.32844117,  319.08560659,  357.88919608,    277.17151474,  126.04141483,  254.52943738,  107.51887806,    114.88390088,   28.03939698,   24.99026912,   14.54142406,     55.47394636], [  165.90272363,  319.08560659,  851.87808635,  230.22555734,    280.23016763,  208.92980116,  126.48381247,  168.3641982 ,     85.080873  ,   57.48247816,   67.87411822,   52.29574059,      9.45250496], [  336.40942208,  357.88919608,  230.22555734,  523.65130592,    309.68315298,  193.51372166,  159.5640157 ,  156.15611736,    100.67365639,   63.73339662,   59.4726642 ,   81.61347137,     50.54307702], [  255.271732  ,  277.17151474,  280.23016763,  309.68315298,    437.46686374,  240.0974047 ,  170.3283768 ,  178.76580874,    126.49036776,  110.41460203,   82.23314937,   88.44003275,     74.96360952], [  -59.30502407,  126.04141483,  208.92980116,  193.51372166,    240.0974047 ,  400.18946482,  200.1150573 ,  183.13499994,     64.9782331 ,  119.4852297 ,   77.55673547,   60.01635877,     49.39840767], [   73.84647949,  254.52943738,  126.48381247,  159.5640157 ,    170.3283768 ,  200.1150573 ,  273.34440402,  153.43923364,     83.54637123,   72.30338403,   60.84785418,   46.95103165,     55.97616778], [   16.3157665 ,  107.51887806,  168.3641982 ,  156.15611736,    178.76580874,  183.13499994,  153.43923364,  221.90348204,    106.85288797,   95.58340253,   68.56293886,   75.32354083,     57.37446193], [   12.58873897,  114.88390088,   85.080873  ,  100.67365639,    126.49036776,   64.9782331 ,   83.54637123,  106.85288797,    152.16129051,   81.60737173,   49.29535036,   42.5459308 ,     45.70151597], [   21.85607132,   28.03939698,   57.48247816,   63.73339662,    110.41460203,  119.4852297 ,   72.30338403,   95.58340253,     81.60737173,  143.56509254,   76.19053504,   49.93380497,     45.29134289], [  -66.71833448,   24.99026912,   67.87411822,   59.4726642 ,     82.23314937,   77.55673547,   60.84785418,   68.56293886,     49.29535036,   76.19053504,   99.18436012,   61.80996584,     33.59449506], [    5.15483435,   14.54142406,   52.29574059,   81.61347137,     88.44003275,   60.01635877,   46.95103165,   75.32354083,     42.5459308 ,   49.93380497,   61.80996584,  106.76986533,     66.91678652], [   40.8025259 ,   55.47394636,    9.45250496,   50.54307702,     74.96360952,   49.39840767,   55.97616778,   57.37446193,     45.70151597,   45.29134289,   33.59449506,   66.91678652,    103.76595233]]
