/root/sim/music/out/Various_Artists/THE_GREATEST_HITS_-小室哲哉作品集_S-_[Disc_1]/03_Can't_Stop_Fallin'_in_Love.mp3; [-517.9957   ,  92.667534 ,  26.234562 ,  25.137497 ,   1.5156496,    1.5091976,   7.775933 ,   9.4206505,   1.6232109,   7.8730416,   -0.6785371,   5.2659616,  -1.4342893]; [[14992.6816792 , -199.44962536, -176.99693836, -199.48192766,     60.76697985,   46.99834031,  -12.90830482,  214.06369714,    337.33451309,  253.1522793 ,  -21.06436695,   50.81102612,     25.7035949 ], [ -199.44962536, 1090.43868492,  -11.75281634,    7.6036173 ,    -82.17144755,  -62.48048013,  129.38182173,  -25.41218378,    -75.70375214,   63.06209157,   35.34712282,   -3.0605208 ,     -1.70607383], [ -176.99693836,  -11.75281634,  468.27134143,   80.40585388,     -5.2177462 ,  -13.43314362,    2.17220096,   -9.04222382,    -26.6307005 ,  -53.97261298,   10.70393839,   23.40279858,    -32.48363321], [ -199.48192766,    7.6036173 ,   80.40585388,  307.62527725,     35.98844853,  -42.07206805,  -27.10372141,   26.32559943,    -32.766917  ,  -60.2896784 ,    5.58641565,    7.10463787,      3.14712684], [   60.76697985,  -82.17144755,   -5.2177462 ,   35.98844853,    162.98225482,   25.27138096,  -27.51370099,   18.01075488,     49.77079352,    6.37236723,  -15.82908633,    2.45926017,      8.5688669 ], [   46.99834031,  -62.48048013,  -13.43314362,  -42.07206805,     25.27138096,  155.93528646,   27.27623988,    2.867495  ,      7.71329018,   22.87289176,   -1.05345309,   -9.35726721,     12.59828393], [  -12.90830482,  129.38182173,    2.17220096,  -27.10372141,    -27.51370099,   27.27623988,  125.10283149,   18.12336818,    -12.35439277,   13.40071857,   20.60258941,    8.72486617,     -7.82645256], [  214.06369714,  -25.41218378,   -9.04222382,   26.32559943,     18.01075488,    2.867495  ,   18.12336818,  104.42621248,     31.29659989,    2.02498781,   15.46455665,   23.92220895,     15.32831302], [  337.33451309,  -75.70375214,  -26.6307005 ,  -32.766917  ,     49.77079352,    7.71329018,  -12.35439277,   31.29659989,    138.32759701,   35.95454456,  -12.08409198,    5.11091727,     16.71503371], [  253.1522793 ,   63.06209157,  -53.97261298,  -60.2896784 ,      6.37236723,   22.87289176,   13.40071857,    2.02498781,     35.95454456,  103.05671401,   17.37229175,   -4.62484598,      3.21709738], [  -21.06436695,   35.34712282,   10.70393839,    5.58641565,    -15.82908633,   -1.05345309,   20.60258941,   15.46455665,    -12.08409198,   17.37229175,   82.23610905,   29.39541816,     -2.76789806], [   50.81102612,   -3.0605208 ,   23.40279858,    7.10463787,      2.45926017,   -9.35726721,    8.72486617,   23.92220895,      5.11091727,   -4.62484598,   29.39541816,   82.8891652 ,     17.80176319], [   25.7035949 ,   -1.70607383,  -32.48363321,    3.14712684,      8.5688669 ,   12.59828393,   -7.82645256,   15.32831302,     16.71503371,    3.21709738,   -2.76789806,   17.80176319,     79.59525058]]
/root/sim/music/out/Various_Artists/THE_GREATEST_HITS_-小室哲哉作品集_S-_[Disc_1]/05_TOO_SHY_SHY_BOY!.mp3; [-528.8536    ,  91.004776  ,  23.975117  ,  28.977762  ,   3.4289424 ,    1.4639091 ,  -1.9084336 ,   3.087684  ,  -1.9160304 ,   2.626579  ,   -3.9487927 ,   1.8084639 ,  -0.51684195]; [[11070.99487657, 1049.60002567,   64.04788165,  203.79304677,     76.92841907,  -32.17878796,  119.80347786,    6.16702636,     28.93177983,   93.97186813,  -48.73527091,   28.87426758,    -25.54972073], [ 1049.60002567, 1089.42396378, -130.38827213,   91.60272734,     70.29264237,   17.37901856,  102.63480762,   23.62462985,     22.40393623,   63.15678071,    7.99060106,    2.98547619,     34.80883887], [   64.04788165, -130.38827213,  728.19483001,   63.79716302,     78.42220222,  107.05583939,  -29.3987749 ,   30.64281247,     -3.42783428,  -35.52750108,   28.84420125,    4.54425678,    -21.11096853], [  203.79304677,   91.60272734,   63.79716302,  296.17457255,     95.7320217 ,   27.12449447,   28.32886989,   37.8427286 ,     26.59408203,   18.21596301,   13.7918786 ,   20.48918826,      5.73360383], [   76.92841907,   70.29264237,   78.42220222,   95.7320217 ,    166.49082258,   88.08320657,   47.47641116,   30.8617433 ,     36.39747251,   16.03345828,   11.85989922,   12.79145705,      3.22766075], [  -32.17878796,   17.37901856,  107.05583939,   27.12449447,     88.08320657,  197.62034185,   67.1529281 ,   42.81196489,     46.66016359,   27.32766278,   32.1581105 ,   11.57865948,     17.45799563], [  119.80347786,  102.63480762,  -29.3987749 ,   28.32886989,     47.47641116,   67.1529281 ,  132.52792356,   53.18678267,     36.78065709,   34.19843168,   14.70500788,   15.44616716,     17.87195672], [    6.16702636,   23.62462985,   30.64281247,   37.8427286 ,     30.8617433 ,   42.81196489,   53.18678267,  106.47622631,     61.09142989,   20.67856542,   10.22604263,    7.1054479 ,     14.09782976], [   28.93177983,   22.40393623,   -3.42783428,   26.59408203,     36.39747251,   46.66016359,   36.78065709,   61.09142989,    103.99632198,   48.97935713,   16.43438417,    8.05824035,     15.04847158], [   93.97186813,   63.15678071,  -35.52750108,   18.21596301,     16.03345828,   27.32766278,   34.19843168,   20.67856542,     48.97935713,   83.99605102,   37.92309431,   15.37322249,     12.63863821], [  -48.73527091,    7.99060106,   28.84420125,   13.7918786 ,     11.85989922,   32.1581105 ,   14.70500788,   10.22604263,     16.43438417,   37.92309431,   76.21919067,   38.13650594,     15.57152786], [   28.87426758,    2.98547619,    4.54425678,   20.48918826,     12.79145705,   11.57865948,   15.44616716,    7.1054479 ,      8.05824035,   15.37322249,   38.13650594,   78.56978479,     36.41557388], [  -25.54972073,   34.80883887,  -21.11096853,    5.73360383,      3.22766075,   17.45799563,   17.87195672,   14.09782976,     15.04847158,   12.63863821,   15.57152786,   36.41557388,     72.39389332]]
/root/sim/music/out/Various_Artists/THE_GREATEST_HITS_-小室哲哉作品集_S-_[Disc_1]/13_SEVEN_DAYS_WAR.mp3; [-571.1604    , 113.59404   , -17.5045    ,  27.377304  ,  -0.03142383,    2.8897123 ,  -5.1632056 ,   4.991884  ,  -3.8713465 ,  -1.2188151 ,   -1.7317055 ,  -4.342845  ,  -5.9733706 ]; [[20216.88632493,  148.25288134, -357.01513895,  100.34823783,      1.78038782,  357.85646292,  331.11225168,  499.13216507,    305.96761678,  157.66751902,  138.63774976,   36.59685118,     91.41325961], [  148.25288134, 1187.32311271, -190.8548175 ,   28.18985805,     50.9321639 ,  -55.55528449,   15.29683423,   57.42946471,    -20.19548802,   13.41171991,   53.31408149,    0.8758225 ,     33.69290973], [ -357.01513895, -190.8548175 ,  531.06132526,   89.24184171,    103.48629837,   81.36030638,   32.34374811,   18.83350189,     38.48690423,   28.98244235,   15.4124563 ,   27.41712921,     17.52592438], [  100.34823783,   28.18985805,   89.24184171,  352.01631777,    171.27015986,   77.0688468 ,   14.79771701,    6.89820455,     66.52291071,   12.84458675,  -35.35857357,   35.29800491,     15.11731101], [    1.78038782,   50.9321639 ,  103.48629837,  171.27015986,    279.53565721,   56.59456521,    7.05828393,   23.09701018,     55.28668085,   32.10373213,   -8.71971319,   24.17068595,     14.71362379], [  357.85646292,  -55.55528449,   81.36030638,   77.0688468 ,     56.59456521,  192.01359182,   98.67452311,   42.18314183,     46.59719853,   35.35815199,   11.02279357,   14.54207213,      8.98455328], [  331.11225168,   15.29683423,   32.34374811,   14.79771701,      7.05828393,   98.67452311,  191.20616644,   72.82000051,     44.53612277,   25.64641625,   18.31826598,   23.89319272,     27.28133419], [  499.13216507,   57.42946471,   18.83350189,    6.89820455,     23.09701018,   42.18314183,   72.82000051,  127.52850266,     50.76530287,   24.14234989,   24.13391229,   11.46303122,     21.2194576 ], [  305.96761678,  -20.19548802,   38.48690423,   66.52291071,     55.28668085,   46.59719853,   44.53612277,   50.76530287,    123.19578083,   47.47164104,    7.20923549,   21.78004496,     14.44455022], [  157.66751902,   13.41171991,   28.98244235,   12.84458675,     32.10373213,   35.35815199,   25.64641625,   24.14234989,     47.47164104,  105.64100521,   39.62930858,   13.08221177,     12.91582195], [  138.63774976,   53.31408149,   15.4124563 ,  -35.35857357,     -8.71971319,   11.02279357,   18.31826598,   24.13391229,      7.20923549,   39.62930858,   91.69565905,   24.20364704,     12.91537257], [   36.59685118,    0.8758225 ,   27.41712921,   35.29800491,     24.17068595,   14.54207213,   23.89319272,   11.46303122,     21.78004496,   13.08221177,   24.20364704,   78.27031774,     36.32077713], [   91.41325961,   33.69290973,   17.52592438,   15.11731101,     14.71362379,    8.98455328,   27.28133419,   21.2194576 ,     14.44455022,   12.91582195,   12.91537257,   36.32077713,     78.39518329]]
/root/sim/music/out/Various_Artists/THE_GREATEST_HITS_-小室哲哉作品集_S-_[Disc_1]/01_LOVE_TRAIN.mp3; [-508.51797   ,  89.92148   , -13.83652   ,  19.473356  ,   9.26858   ,   12.931517  ,   2.458325  ,  12.290365  ,   4.006624  ,   1.6252439 ,    0.35759616,  -1.0162925 ,  -0.51743144]; [[14054.56232151,  650.2275508 ,  174.62436076,  258.53330623,     -8.77945239,  199.97677529,    0.5505874 ,  136.3762342 ,     45.13229383,   59.37780304,    7.44359859,  -83.03014716,    -45.78689139], [  650.2275508 ,  724.72051039,  -63.65328499,   65.54481161,     63.07475626,   21.37414107,   76.08524611,  101.66515489,     66.46242603,   38.31525513,   31.66453716,   21.18343265,      7.54330876], [  174.62436076,  -63.65328499,  287.81538638,  116.4224471 ,     51.75219221,   77.56165601,   25.75780917,    9.81156397,     16.5964604 ,   15.65404165,   11.12145541,   18.47215706,     -7.555879  ], [  258.53330623,   65.54481161,  116.4224471 ,  280.54119737,    153.14193004,   67.70608993,    7.71089049,    7.23268471,      5.38670939,    7.89997976,    4.20060491,   21.28105345,     -9.80578021], [   -8.77945239,   63.07475626,   51.75219221,  153.14193004,    199.45056846,   47.82438326,   15.08537451,    2.2265646 ,     14.25720046,   11.42031264,    4.97778837,   13.9170399 ,      6.1741358 ], [  199.97677529,   21.37414107,   77.56165601,   67.70608993,     47.82438326,  149.58392178,   60.57971014,   32.04141431,     22.54238201,   16.31553332,   20.42970099,   13.38900438,    -10.75269275], [    0.5505874 ,   76.08524611,   25.75780917,    7.71089049,     15.08537451,   60.57971014,  121.0943241 ,   54.164953  ,     35.23189259,   15.20169564,   20.76294531,   10.66418508,      6.98353265], [  136.3762342 ,  101.66515489,    9.81156397,    7.23268471,      2.2265646 ,   32.04141431,   54.164953  ,  100.89725707,     40.07607536,   26.29196663,   16.65150937,    5.69554318,      9.01870491], [   45.13229383,   66.46242603,   16.5964604 ,    5.38670939,     14.25720046,   22.54238201,   35.23189259,   40.07607536,     94.93717788,   42.47119191,   28.75422981,    2.8717248 ,      2.57966889], [   59.37780304,   38.31525513,   15.65404165,    7.89997976,     11.42031264,   16.31553332,   15.20169564,   26.29196663,     42.47119191,   82.38078796,   34.99974356,    7.15856998,     -1.70502345], [    7.44359859,   31.66453716,   11.12145541,    4.20060491,      4.97778837,   20.42970099,   20.76294531,   16.65150937,     28.75422981,   34.99974356,   71.95291743,   20.78524675,      6.95343458], [  -83.03014716,   21.18343265,   18.47215706,   21.28105345,     13.9170399 ,   13.38900438,   10.66418508,    5.69554318,      2.8717248 ,    7.15856998,   20.78524675,   60.84397926,     22.40126632], [  -45.78689139,    7.54330876,   -7.555879  ,   -9.80578021,      6.1741358 ,  -10.75269275,    6.98353265,    9.01870491,      2.57966889,   -1.70502345,    6.95343458,   22.40126632,     69.75725187]]
/root/sim/music/out/Various_Artists/THE_GREATEST_HITS_-小室哲哉作品集_S-_[Disc_1]/11_LOVE_IS_ALL_MUSIC_[Original_Mix].mp3; [-591.12427   , 128.83447   ,   7.60848   ,  24.054716  ,   0.14262088,   -2.354302  ,   3.2754297 ,  -4.0100436 ,   1.7148132 ,   8.030895  ,    2.6389027 ,   4.4237533 ,   2.994107  ]; [[25517.57569153,   37.18824565,-1418.67812893,    1.99581754,   -777.64694958, -555.7329646 ,   59.68365107, -478.37324707,   -101.34307169,   47.68644342, -250.24036302,   30.97105097,   -156.04346553], [   37.18824565, 1738.09282143, -205.56380477,   53.88680516,     60.6055843 ,  -27.60961582,   74.11254223,  -34.91556257,     49.2259351 ,   70.94518885,   42.09685451,    5.12853526,     33.89941613], [-1418.67812893, -205.56380477,  724.78119652,   19.9379692 ,    155.83567534,  157.40632784,  -42.10591498,  113.29866292,     -7.16793562,   -0.25492531,   82.65511082,   22.00802921,     35.67743366], [    1.99581754,   53.88680516,   19.9379692 ,  268.47458322,     58.69674471,   -2.89843124,   39.2813072 ,    8.26893942,     23.32115321,  -18.37563451,    1.63405911,   36.44306292,      3.39757426], [ -777.64694958,   60.6055843 ,  155.83567534,   58.69674471,    215.62222393,   76.69439869,    4.0811856 ,   37.75007426,     12.3152517 ,    4.95697137,   25.40449397,   -0.22640702,     22.09531164], [ -555.7329646 ,  -27.60961582,  157.40632784,   -2.89843124,     76.69439869,  223.19481939,   39.13279565,   46.36711828,     11.79500435,   22.1826931 ,   46.30476496,  -20.20256727,     33.28105535], [   59.68365107,   74.11254223,  -42.10591498,   39.2813072 ,      4.0811856 ,   39.13279565,  170.59391418,    3.66798231,     28.42320562,   16.82010109,    3.10961673,   22.11119925,     -6.16974823], [ -478.37324707,  -34.91556257,  113.29866292,    8.26893942,     37.75007426,   46.36711828,    3.66798231,  154.15503505,     37.81783904,   17.2357839 ,   18.7897789 ,   -6.10193859,     25.47180592], [ -101.34307169,   49.2259351 ,   -7.16793562,   23.32115321,     12.3152517 ,   11.79500435,   28.42320562,   37.81783904,    116.72246936,   46.61158062,   13.47722619,    8.36348676,     -9.10414517], [   47.68644342,   70.94518885,   -0.25492531,  -18.37563451,      4.95697137,   22.1826931 ,   16.82010109,   17.2357839 ,     46.61158062,  115.07573274,   36.17335464,  -13.35719215,     -2.3918863 ], [ -250.24036302,   42.09685451,   82.65511082,    1.63405911,     25.40449397,   46.30476496,    3.10961673,   18.7897789 ,     13.47722619,   36.17335464,  107.26774348,   23.04789653,      5.59637333], [   30.97105097,    5.12853526,   22.00802921,   36.44306292,     -0.22640702,  -20.20256727,   22.11119925,   -6.10193859,      8.36348676,  -13.35719215,   23.04789653,  115.63746237,     19.27703679], [ -156.04346553,   33.89941613,   35.67743366,    3.39757426,     22.09531164,   33.28105535,   -6.16974823,   25.47180592,     -9.10414517,   -2.3918863 ,    5.59637333,   19.27703679,     98.73205389]]
/root/sim/music/out/Various_Artists/THE_GREATEST_HITS_-小室哲哉作品集_S-_[Disc_1]/09_ドリーム_ラッシュ.mp3; [-525.3099   , 108.861336 ,  11.498097 ,  19.463078 ,  -2.3409648,   -2.6232896,   0.496869 ,  -1.1508006,  -6.4236403,   2.879572 ,   -1.5340348,  -2.9004645,   2.5148342]; [[14734.31530081,  592.08426407,  -96.25722026,  112.36618707,     60.35734077,   59.63107206,  -78.49735231,  110.32838437,     41.59915452,  111.53154053,  111.82265314,  -22.96299537,     39.03908727], [  592.08426407,  821.49437222, -114.8361567 ,   55.54307128,    -10.02148556,   -3.3905539 ,  120.22735485,   -7.99826751,    -20.61240626,   23.56003225,   -2.74159018,   19.78809601,     29.89039524], [  -96.25722026, -114.8361567 ,  411.94652313,   52.09297742,     26.72657514,   21.72072447,  -34.57702925,   38.05941362,    -14.771489  ,  -25.08998296,    6.9492222 ,    5.81136581,      6.55523312], [  112.36618707,   55.54307128,   52.09297742,  361.43475746,     45.69440429,  -25.53441965,    2.14509191,   33.1062849 ,     13.74716655,  -12.3904059 ,   11.55196668,   28.36947759,      6.75154508], [   60.35734077,  -10.02148556,   26.72657514,   45.69440429,    123.93587185,    4.37795133,    6.57674611,   17.93732524,     23.64569439,   16.58231888,   -2.46526895,    4.86937931,     -5.85640874], [   59.63107206,   -3.3905539 ,   21.72072447,  -25.53441965,      4.37795133,  196.17676071,   39.64601217,   24.21169132,     27.62292428,   19.24740978,   15.11088834,  -33.09080124,     -2.82345023], [  -78.49735231,  120.22735485,  -34.57702925,    2.14509191,      6.57674611,   39.64601217,  128.41120574,   26.79717091,     11.16558106,   21.65822963,   -3.48811557,    0.17845429,      9.77973949], [  110.32838437,   -7.99826751,   38.05941362,   33.1062849 ,     17.93732524,   24.21169132,   26.79717091,  103.36002582,     47.16808418,    5.91915536,   11.71764699,    3.8992459 ,      2.21398794], [   41.59915452,  -20.61240626,  -14.771489  ,   13.74716655,     23.64569439,   27.62292428,   11.16558106,   47.16808418,     98.49015361,   38.76837936,    4.07384199,   -6.63738261,     -1.99675867], [  111.53154053,   23.56003225,  -25.08998296,  -12.3904059 ,     16.58231888,   19.24740978,   21.65822963,    5.91915536,     38.76837936,   80.72876287,   18.09119897,  -10.49264742,      3.05887607], [  111.82265314,   -2.74159018,    6.9492222 ,   11.55196668,     -2.46526895,   15.11088834,   -3.48811557,   11.71764699,      4.07384199,   18.09119897,   85.05183818,   33.81596559,     11.04605702], [  -22.96299537,   19.78809601,    5.81136581,   28.36947759,      4.86937931,  -33.09080124,    0.17845429,    3.8992459 ,     -6.63738261,  -10.49264742,   33.81596559,   80.3381898 ,     26.94937217], [   39.03908727,   29.89039524,    6.55523312,    6.75154508,     -5.85640874,   -2.82345023,    9.77973949,    2.21398794,     -1.99675867,    3.05887607,   11.04605702,   26.94937217,     62.11748834]]
/root/sim/music/out/Various_Artists/STEINSGATE_VOCAL_BEST_[Disc_2]/01_La_La_Laラボリューション.mp3; [-498.19757  ,  90.65467  ,  -3.6619582,   9.951604 ,  -0.6965481,    5.6311064,   7.323351 ,   8.169299 ,   8.515362 ,   8.824046 ,    0.6539556,   4.8420444,   4.546926 ]; [[17054.9990492 ,  811.45050386, -194.02488414,  -26.22582803,    -93.1044177 ,  119.45855518,  219.14998638,  152.1923694 ,    172.90714017,  150.52070179,  -40.95245749,   23.84836537,     52.2380759 ], [  811.45050386,  846.86338441,   46.85100995,  133.04357705,     48.06449925,   85.38987628,   87.71868984,   42.90883558,     39.04619065,   20.82092048,  -12.69462183,    7.63921024,      1.54879967], [ -194.02488414,   46.85100995,  398.03778301,   96.55320774,    135.20794918,   66.75377228,   38.44446935,   66.78857726,     13.08445724,   13.38060423,   28.04759403,   -6.9160559 ,     -9.46163781], [  -26.22582803,  133.04357705,   96.55320774,  275.95763585,     97.81287218,   39.98543944,   49.04003906,   71.02698126,     22.89716174,   26.67259448,   32.91232161,   11.56938047,      8.81299537], [  -93.1044177 ,   48.06449925,  135.20794918,   97.81287218,    197.29499105,   98.10793718,   40.09236473,   72.22334068,     50.18423676,   29.88965547,   27.97197731,    8.01164742,      5.55442772], [  119.45855518,   85.38987628,   66.75377228,   39.98543944,     98.10793718,  174.92947598,   64.72884083,   61.43932625,     48.92649278,   38.94022415,   14.90577645,   10.41053794,      3.03530406], [  219.14998638,   87.71868984,   38.44446935,   49.04003906,     40.09236473,   64.72884083,  121.40505829,   61.0497928 ,     37.51634581,   29.54823239,   13.59293385,   12.57444098,     10.29048856], [  152.1923694 ,   42.90883558,   66.78857726,   71.02698126,     72.22334068,   61.43932625,   61.0497928 ,  127.20834314,     62.69049203,   24.89988374,   18.84140604,   12.84528531,      7.18989023], [  172.90714017,   39.04619065,   13.08445724,   22.89716174,     50.18423676,   48.92649278,   37.51634581,   62.69049203,    103.05050144,   46.84665833,    9.40145919,    9.72415109,     11.81227744], [  150.52070179,   20.82092048,   13.38060423,   26.67259448,     29.88965547,   38.94022415,   29.54823239,   24.89988374,     46.84665833,   88.83146491,   39.0954111 ,   12.57958947,      9.59033062], [  -40.95245749,  -12.69462183,   28.04759403,   32.91232161,     27.97197731,   14.90577645,   13.59293385,   18.84140604,      9.40145919,   39.0954111 ,   81.56127076,   34.79679746,      9.37309988], [   23.84836537,    7.63921024,   -6.9160559 ,   11.56938047,      8.01164742,   10.41053794,   12.57444098,   12.84528531,      9.72415109,   12.57958947,   34.79679746,   67.86447479,     32.31415899], [   52.2380759 ,    1.54879967,   -9.46163781,    8.81299537,      5.55442772,    3.03530406,   10.29048856,    7.18989023,     11.81227744,    9.59033062,    9.37309988,   32.31415899,     64.25096118]]
/root/sim/music/out/Various_Artists/STEINSGATE_VOCAL_BEST_[Disc_2]/07_萌える世界の幻想譚.mp3; [-549.769     , 119.35556   ,  -1.3071396 ,  14.052629  ,  -4.6566033 ,    3.8330584 ,   9.82322   ,   3.1924732 ,  -7.452473  ,  -4.3202515 ,   -0.08752667,  -2.3285992 ,  -5.8811116 ]; [[11861.37155913,  692.20796143,   61.65695396, -334.59768821,   -140.39123102,    8.53940209,  -63.6708407 ,  -94.82918089,    -62.23545572,   35.25370769, -117.40664958,  -12.27856647,     75.41840863], [  692.20796143,  946.90787545,  -93.54196559,  166.08156918,     32.33156702,   21.37963669,   84.28781337,   90.0653725 ,     32.34052518,   13.43832966,   43.66306518,   17.38958458,     -4.25039637], [   61.65695396,  -93.54196559,  566.51777598,  101.11623774,     92.98650086,  110.51022717,   76.7718656 ,   20.76891587,     -1.77245232,   -6.69978221,   23.88598692,   43.92649658,     -9.0777859 ], [ -334.59768821,  166.08156918,  101.11623774,  346.29463632,    158.98796948,   88.55296728,   65.30445957,   63.4957405 ,     29.66822243,   12.51420457,   41.40694426,    2.33518579,    -26.92905797], [ -140.39123102,   32.33156702,   92.98650086,  158.98796948,    256.93437698,  123.90166032,   37.82274046,   13.681986  ,     35.93703338,   23.77446661,   24.41556256,    9.37935124,    -18.02304974], [    8.53940209,   21.37963669,  110.51022717,   88.55296728,    123.90166032,  203.26382196,   97.58511634,   36.26525847,     30.76161639,   27.6587589 ,   19.07890418,   22.46878145,    -10.05230621], [  -63.6708407 ,   84.28781337,   76.7718656 ,   65.30445957,     37.82274046,   97.58511634,  177.15252906,   88.31663912,     41.1090907 ,   20.93103587,   21.55769285,   17.93301303,     -1.57606595], [  -94.82918089,   90.0653725 ,   20.76891587,   63.4957405 ,     13.681986  ,   36.26525847,   88.31663912,  152.0700498 ,     68.29164935,   12.27359108,   11.66887784,   10.18186604,     11.51841367], [  -62.23545572,   32.34052518,   -1.77245232,   29.66822243,     35.93703338,   30.76161639,   41.1090907 ,   68.29164935,    142.86850758,   78.52389335,   11.96011637,   -2.93326835,    -10.02697027], [   35.25370769,   13.43832966,   -6.69978221,   12.51420457,     23.77446661,   27.6587589 ,   20.93103587,   12.27359108,     78.52389335,  147.13844772,   63.5798401 ,   -8.40607051,    -25.76393086], [ -117.40664958,   43.66306518,   23.88598692,   41.40694426,     24.41556256,   19.07890418,   21.55769285,   11.66887784,     11.96011637,   63.5798401 ,  133.15263896,   51.04656267,    -15.72319545], [  -12.27856647,   17.38958458,   43.92649658,    2.33518579,      9.37935124,   22.46878145,   17.93301303,   10.18186604,     -2.93326835,   -8.40607051,   51.04656267,  125.62538305,     50.32152096], [   75.41840863,   -4.25039637,   -9.0777859 ,  -26.92905797,    -18.02304974,  -10.05230621,   -1.57606595,   11.51841367,    -10.02697027,  -25.76393086,  -15.72319545,   50.32152096,    122.19526855]]
/root/sim/music/out/Various_Artists/STEINSGATE_VOCAL_BEST_[Disc_2]/08_約束のパラダイム.mp3; [-541.5218    , 112.49337   ,  -9.703753  ,  19.232944  ,  -0.23490259,    3.573521  ,   7.520878  ,   4.705921  ,   1.1173477 ,   1.09314   ,   -5.550758  ,   0.4768836 ,   0.1676327 ]; [[20370.26045354, -743.35423289, -500.36052414,  614.11707434,    157.84290588,  288.90675556,  383.77398594,  228.18843975,    122.25937451, -177.57269602, -292.54282933,  201.62298049,    151.53893857], [ -743.35423289, 1163.18906501,   47.13302349,   25.5733081 ,     22.18901232,   51.03359772,   58.73391472,   -1.67514467,     13.39560161,   74.86518886,   58.85555731,   -5.21023361,    -11.76274397], [ -500.36052414,   47.13302349,  679.63399639,  100.82499469,    129.14136133,   54.7299748 ,  -25.88234971,   18.80635968,     11.11254831,  -42.00718759,   41.18408193,   22.73146634,    -15.08894783], [  614.11707434,   25.5733081 ,  100.82499469,  342.09650356,    133.53686151,   34.49831144,   37.92641237,   55.79628512,     38.72213925,  -24.64625046,   31.01138541,   57.83190461,     16.528509  ], [  157.84290588,   22.18901232,  129.14136133,  133.53686151,    181.41382467,   73.13911531,   32.09535942,   30.29365091,     31.29188125,  -10.46722229,   25.77295104,   36.79197277,      8.01818641], [  288.90675556,   51.03359772,   54.7299748 ,   34.49831144,     73.13911531,  228.39335965,   86.34806293,   35.72607771,     34.84124605,    5.81640073,   12.5270114 ,   17.25524114,     17.90928848], [  383.77398594,   58.73391472,  -25.88234971,   37.92641237,     32.09535942,   86.34806293,  184.35117164,   39.52373399,     15.73979823,   40.73890213,   -8.50257507,   25.00567515,     32.34584998], [  228.18843975,   -1.67514467,   18.80635968,   55.79628512,     30.29365091,   35.72607771,   39.52373399,  115.32677772,     65.34240452,    0.14542522,    8.39852834,   16.67373437,     10.14495479], [  122.25937451,   13.39560161,   11.11254831,   38.72213925,     31.29188125,   34.84124605,   15.73979823,   65.34240452,    104.93652809,   15.75701262,   14.81463641,   12.19911998,      4.57474356], [ -177.57269602,   74.86518886,  -42.00718759,  -24.64625046,    -10.46722229,    5.81640073,   40.73890213,    0.14542522,     15.75701262,   92.53075348,   24.46415292,    2.81164611,      7.44436125], [ -292.54282933,   58.85555731,   41.18408193,   31.01138541,     25.77295104,   12.5270114 ,   -8.50257507,    8.39852834,     14.81463641,   24.46415292,   85.1625703 ,   29.58598558,      2.49457563], [  201.62298049,   -5.21023361,   22.73146634,   57.83190461,     36.79197277,   17.25524114,   25.00567515,   16.67373437,     12.19911998,    2.81164611,   29.58598558,   82.19064503,     39.52954363], [  151.53893857,  -11.76274397,  -15.08894783,   16.528509  ,      8.01818641,   17.90928848,   32.34584998,   10.14495479,      4.57474356,    7.44436125,    2.49457563,   39.52954363,     71.39446897]]
/root/sim/music/out/Various_Artists/STEINSGATE_VOCAL_BEST_[Disc_2]/02_禁断無敵のだーりん.mp3; [-509.3275    ,  88.44802   ,   6.993646  ,  18.605692  ,   1.5397099 ,    3.695583  ,   5.4488564 ,   2.364884  ,   2.7370112 ,   3.5929334 ,   -5.8331685 ,   0.96723616,  -0.28996792]; [[14559.41152888,  825.60222693,   98.81805122,  183.67126087,     19.43584089,  156.71701319,  165.09192151,  139.47692383,    101.50832169,  105.02621541,  -22.31617659,   25.12227069,     41.40708174], [  825.60222693,  615.68680781,   -8.35935979,   57.20852699,     46.91685259,   48.42389575,   42.38100302,   10.01125443,     66.12093324,   26.30490896,  -16.73666678,    7.64247038,     -5.94361253], [   98.81805122,   -8.35935979,  420.12815871,   57.81375023,     76.95666458,   -2.94698864,   -2.89254758,    8.16066278,    -25.7132345 ,   18.09392872,   22.26183486,  -17.34656076,      3.2391034 ], [  183.67126087,   57.20852699,   57.81375023,  268.34180537,     57.9433953 ,   12.92353858,   38.3037418 ,   48.57599562,      7.35901098,   18.92081801,   48.47041757,    4.64184746,      5.51330447], [   19.43584089,   46.91685259,   76.95666458,   57.9433953 ,    145.97021701,   73.08506782,   18.62138457,   36.56690374,     36.56596527,   23.37943449,   16.5206347 ,    4.05884392,      5.57996718], [  156.71701319,   48.42389575,   -2.94698864,   12.92353858,     73.08506782,  201.37570819,   46.30717584,   34.06722424,     51.65476125,   31.83270735,   24.7517036 ,    7.04101874,      2.78868664], [  165.09192151,   42.38100302,   -2.89254758,   38.3037418 ,     18.62138457,   46.30717584,  114.9789063 ,   42.74808554,     24.72259044,   29.67977129,   24.48230181,   10.37964131,      5.41148975], [  139.47692383,   10.01125443,    8.16066278,   48.57599562,     36.56690374,   34.06722424,   42.74808554,  134.01674238,     55.27917356,   17.98855904,   27.89506937,   13.73983792,      8.25649867], [  101.50832169,   66.12093324,  -25.7132345 ,    7.35901098,     36.56596527,   51.65476125,   24.72259044,   55.27917356,    110.64344028,   43.88916936,    6.90386113,    8.28457169,      5.44429532], [  105.02621541,   26.30490896,   18.09392872,   18.92081801,     23.37943449,   31.83270735,   29.67977129,   17.98855904,     43.88916936,   87.88685194,   43.36379593,    9.11581256,      8.87275376], [  -22.31617659,  -16.73666678,   22.26183486,   48.47041757,     16.5206347 ,   24.7517036 ,   24.48230181,   27.89506937,      6.90386113,   43.36379593,   95.43848923,   30.89270244,     10.9893716 ], [   25.12227069,    7.64247038,  -17.34656076,    4.64184746,      4.05884392,    7.04101874,   10.37964131,   13.73983792,      8.28457169,    9.11581256,   30.89270244,   71.93533461,     30.71648138], [   41.40708174,   -5.94361253,    3.2391034 ,    5.51330447,      5.57996718,    2.78868664,    5.41148975,    8.25649867,      5.44429532,    8.87275376,   10.9893716 ,   30.71648138,     62.84315689]]
/root/sim/music/out/Various_Artists/STEINSGATE_VOCAL_BEST_[Disc_2]/04_EUPHORIA_～償いのレクイエム～.mp3; [-628.80585  , 158.8011   , -24.133549 ,  -1.5508298,  -5.918693 ,  -14.6652775,  -6.352181 ,  -7.6933403,  -8.828404 ,  -4.44645  ,   -9.886095 ,  -4.3548164,  -4.9515142]; [[19395.25079867,  343.22059723,-1139.55767124,  615.41270745,    325.15637619, -361.32547968,   87.28671938, -119.95886337,    -67.64606271,  135.9580683 , -134.77343017,  -84.99668345,   -101.41922793], [  343.22059723, 1729.61600406, -590.72415748,   40.2461694 ,    -56.35660333,  -83.81669822,  -25.03259041,  -65.10361146,      3.73955291,  -53.44771714,  -44.13223498,   25.64262793,      0.90689383], [-1139.55767124, -590.72415748,  986.77164412, -209.80779618,    149.2544669 ,   63.60263445,  -51.47512852,   42.67754284,    -46.93098574,   21.71831789,   16.34224888,   -9.79593029,    -42.57122248], [  615.41270745,   40.2461694 , -209.80779618,  412.01918353,    -71.68091164,   67.60693573,   49.3284935 ,   43.50887251,     64.4648538 ,  -22.98893651,   48.63195447,    9.22952272,     14.53049375], [  325.15637619,  -56.35660333,  149.2544669 ,  -71.68091164,    294.45923728,  -22.87566805,   21.83816492,    7.05297196,    -39.7827969 ,   20.69825477,   -8.08840378,   -0.59217222,    -36.93744867], [ -361.32547968,  -83.81669822,   63.60263445,   67.60693573,    -22.87566805,  214.43766819,   34.75087709,   18.79231646,     63.79306876,   -6.99885533,   29.58380793,    5.83988492,     16.92913236], [   87.28671938,  -25.03259041,  -51.47512852,   49.3284935 ,     21.83816492,   34.75087709,  116.28447213,   29.30763591,     16.82867315,    8.79142632,   10.4212048 ,   10.14955453,      6.51806902], [ -119.95886337,  -65.10361146,   42.67754284,   43.50887251,      7.05297196,   18.79231646,   29.30763591,  107.88023352,     16.53360646,    8.64424734,    7.05048608,    3.0887613 ,      8.39894623], [  -67.64606271,    3.73955291,  -46.93098574,   64.4648538 ,    -39.7827969 ,   63.79306876,   16.82867315,   16.53360646,    133.49881844,   15.03853337,   21.6917108 ,    3.40176954,     18.40915523], [  135.9580683 ,  -53.44771714,   21.71831789,  -22.98893651,     20.69825477,   -6.99885533,    8.79142632,    8.64424734,     15.03853337,  105.35991306,    6.22564122,    7.63224086,      4.53726027], [ -134.77343017,  -44.13223498,   16.34224888,   48.63195447,     -8.08840378,   29.58380793,   10.4212048 ,    7.05048608,     21.6917108 ,    6.22564122,   96.34427892,   21.69258217,     12.40476868], [  -84.99668345,   25.64262793,   -9.79593029,    9.22952272,     -0.59217222,    5.83988492,   10.14955453,    3.0887613 ,      3.40176954,    7.63224086,   21.69258217,   75.52626202,     23.12120507], [ -101.41922793,    0.90689383,  -42.57122248,   14.53049375,    -36.93744867,   16.92913236,    6.51806902,    8.39894623,     18.40915523,    4.53726027,   12.40476868,   23.12120507,     82.44235851]]
/root/sim/music/out/Various_Artists/STEINSGATE_VOCAL_BEST_[Disc_2]/09_To_Be_Loved.mp3; [-622.7533   , 122.111465 ,  19.53373  ,  15.877402 ,   5.1703024,    9.562581 ,   2.2900226,  -1.5038335,  -2.637455 ,  -7.2680283,   -5.8828454,  -2.0490706,  -1.3081697]; [[16569.2723449 , -945.63986011, 1885.14452927,  879.7909099 ,    196.65821413,  207.48878104,  238.79749399,  104.8539171 ,     46.57507456,  -30.1461764 ,  -71.63076928,  -77.9936668 ,     30.60444676], [ -945.63986011, 1974.75875601, -319.54272846,  -11.57578164,    152.504597  ,   56.08670488,   32.55836968,    6.16942963,      4.08556436,   17.15725518,    1.12492668,   -1.8025693 ,    -43.13376093], [ 1885.14452927, -319.54272846,  828.44263834,  192.69010458,     55.92467272,   44.26565622,   80.68220443,   30.15339357,    -36.42549547,  -13.07882786,  -19.76381348,  -18.40630052,     -7.4641058 ], [  879.7909099 ,  -11.57578164,  192.69010458,  657.13456522,    133.71445764,  119.72578919,  110.52854705,   70.42257939,    -16.88934195,   14.73584298,    9.51673059,  -33.03120008,    -18.64712571], [  196.65821413,  152.504597  ,   55.92467272,  133.71445764,    298.37636003,  149.94348048,   79.91078528,   57.42168709,     63.11502177,   34.97256295,   34.48089213,   24.14570953,     20.28095149], [  207.48878104,   56.08670488,   44.26565622,  119.72578919,    149.94348048,  231.19991314,   89.63828537,   52.09452949,     23.19053274,   24.07267726,   29.162149  ,   18.70343017,     11.10036011], [  238.79749399,   32.55836968,   80.68220443,  110.52854705,     79.91078528,   89.63828537,  152.74427388,   66.83045877,     23.5434723 ,   14.28842826,   18.0596604 ,   10.16464327,     15.26867923], [  104.8539171 ,    6.16942963,   30.15339357,   70.42257939,     57.42168709,   52.09452949,   66.83045877,  136.32066677,     70.95836598,   25.89275174,   16.65101689,   13.545479  ,     14.96848563], [   46.57507456,    4.08556436,  -36.42549547,  -16.88934195,     63.11502177,   23.19053274,   23.5434723 ,   70.95836598,    147.14187578,   53.25013452,   20.20247051,   18.4266588 ,     17.90568425], [  -30.1461764 ,   17.15725518,  -13.07882786,   14.73584298,     34.97256295,   24.07267726,   14.28842826,   25.89275174,     53.25013452,  110.99511179,   55.88365469,   11.63567521,      7.6203333 ], [  -71.63076928,    1.12492668,  -19.76381348,    9.51673059,     34.48089213,   29.162149  ,   18.0596604 ,   16.65101689,     20.20247051,   55.88365469,  102.79948204,   52.28133119,     11.52836964], [  -77.9936668 ,   -1.8025693 ,  -18.40630052,  -33.03120008,     24.14570953,   18.70343017,   10.16464327,   13.545479  ,     18.4266588 ,   11.63567521,   52.28133119,  111.68540177,     55.85948011], [   30.60444676,  -43.13376093,   -7.4641058 ,  -18.64712571,     20.28095149,   11.10036011,   15.26867923,   14.96848563,     17.90568425,    7.6203333 ,   11.52836964,   55.85948011,     96.43224061]]
/root/sim/music/out/Various_Artists/STEINSGATE_VOCAL_BEST_[Disc_2]/03_永遠のベクトル.mp3; [-546.8515    , 125.280106  ,  -0.1092776 ,  18.215073  ,   2.663452  ,    3.8593543 ,  -6.781211  ,  -0.03525518,   0.5137287 ,  -2.4901855 ,  -11.341008  ,  -0.32366925,  -4.6519027 ]; [[17938.41199775,-2736.47456405, -580.14936652, 1282.70798507,   -223.91999001,  502.76304939,  290.75515071,  690.09700309,    418.28807256,   70.79976734,  108.06304438,  493.52556209,    242.63247377], [-2736.47456405, 1662.2278394 ,  -31.0275479 , -357.08185996,     66.28303486, -143.27813391,  -75.43155519, -210.58822364,   -101.63220073,  -17.53553045,  -72.9716582 , -142.24803734,    -41.57125963], [ -580.14936652,  -31.0275479 ,  458.21588209,   -6.75808106,     89.39154493,  -29.82845549,  -23.24904542,    3.12171082,     -7.64785589,   32.5117473 ,   22.43539863,    4.79562013,     -2.52002577], [ 1282.70798507, -357.08185996,   -6.75808106,  409.68264823,     55.35046712,   97.05524354,   33.84747901,  119.59130159,     74.17985253,   56.44145115,   60.69764793,   73.29075312,     57.67592231], [ -223.91999001,   66.28303486,   89.39154493,   55.35046712,    182.65424408,   -7.43342117,   -7.8170853 ,  -10.47587512,     -7.4964279 ,   26.14474635,   10.8666005 ,    3.24577877,      0.53784548], [  502.76304939, -143.27813391,  -29.82845549,   97.05524354,     -7.43342117,  220.07159699,   48.3976691 ,   53.20834221,     41.27267698,   43.32627675,   35.70407703,   21.65879271,     50.39119606], [  290.75515071,  -75.43155519,  -23.24904542,   33.84747901,     -7.8170853 ,   48.3976691 ,  147.66749858,   74.17240126,     48.32351981,    9.91174009,    9.58009303,   23.68752948,     16.22533536], [  690.09700309, -210.58822364,    3.12171082,  119.59130159,    -10.47587512,   53.20834221,   74.17240126,  177.48288933,     78.42822202,   32.73562947,   19.05058461,   48.34479934,     35.17990182], [  418.28807256, -101.63220073,   -7.64785589,   74.17985253,     -7.4964279 ,   41.27267698,   48.32351981,   78.42822202,    115.7118552 ,   46.11526912,   18.71869792,   22.92120082,     25.90516414], [   70.79976734,  -17.53553045,   32.5117473 ,   56.44145115,     26.14474635,   43.32627675,    9.91174009,   32.73562947,     46.11526912,  105.35447881,   43.20939998,   15.31496027,     28.08912701], [  108.06304438,  -72.9716582 ,   22.43539863,   60.69764793,     10.8666005 ,   35.70407703,    9.58009303,   19.05058461,     18.71869792,   43.20939998,   96.18840121,   40.27626951,     18.01693733], [  493.52556209, -142.24803734,    4.79562013,   73.29075312,      3.24577877,   21.65879271,   23.68752948,   48.34479934,     22.92120082,   15.31496027,   40.27626951,   88.66294309,     33.13718723], [  242.63247377,  -41.57125963,   -2.52002577,   57.67592231,      0.53784548,   50.39119606,   16.22533536,   35.17990182,     25.90516414,   28.08912701,   18.01693733,   33.13718723,     91.32568653]]
