/root/sim/music/out/Various_Artists/CHAOSHEAD_VOCAL_COLLECTION_[Disc_2]/14_フォーチュン☆LOVEナイト.mp3; [-491.79956   ,  94.05592   ,  -4.6375585 ,  18.077692  ,   7.1961317 ,    4.7093997 ,   5.3120594 ,   2.1626081 ,   0.31285647,   0.44926974,   -4.7730265 ,   3.421457  ,  -1.125218  ]; [[11418.76029256, -334.27055964,  465.75845003,  320.65958908,    316.21175013,  177.53029715,   62.88033222,  133.47252741,    210.35079885,  296.22259794,   67.3044356 ,   96.20798162,    -85.70722231], [ -334.27055964, 1124.19055481, -217.32285524,  239.12861343,    159.72355228,   91.6664597 ,  140.14023955,   43.13435315,    -25.14925499, -108.18949546,  -72.97327505,  -45.16388169,    -37.78199475], [  465.75845003, -217.32285524,  689.37919975,  -16.24032861,    218.73657191,  104.17131585,    4.03773874,   82.44611711,     22.92021614,   28.08573567,    3.48487732,   -6.31963761,    -33.67322273], [  320.65958908,  239.12861343,  -16.24032861,  420.171428  ,    148.61097462,   51.87906754,   47.09733636,   28.95417833,     30.27024242,   14.09231451,    4.89668054,  -34.13664392,    -25.00611348], [  316.21175013,  159.72355228,  218.73657191,  148.61097462,    335.63850324,  158.83213291,   55.94015894,  108.03513577,     43.36599164,   18.30241512,  -14.1061368 ,  -25.66195694,    -32.60713085], [  177.53029715,   91.6664597 ,  104.17131585,   51.87906754,    158.83213291,  210.17559078,   69.88427855,   74.8442176 ,     44.23977191,    6.10986983,  -10.46531978,  -14.76247429,    -24.35454814], [   62.88033222,  140.14023955,    4.03773874,   47.09733636,     55.94015894,   69.88427855,  133.73451059,   43.98131106,     25.18199779,    6.46586263,  -15.1066772 ,    7.47973349,     -1.9633783 ], [  133.47252741,   43.13435315,   82.44611711,   28.95417833,    108.03513577,   74.8442176 ,   43.98131106,  144.07554044,     50.38400597,   19.39683131,    0.20340667,   -9.81077089,    -18.0379628 ], [  210.35079885,  -25.14925499,   22.92021614,   30.27024242,     43.36599164,   44.23977191,   25.18199779,   50.38400597,    100.45057125,   47.41766049,   10.29265177,    5.66234486,     -7.57051189], [  296.22259794, -108.18949546,   28.08573567,   14.09231451,     18.30241512,    6.10986983,    6.46586263,   19.39683131,     47.41766049,   97.14483748,   34.27096618,   18.31414143,      1.4709263 ], [   67.3044356 ,  -72.97327505,    3.48487732,    4.89668054,    -14.1061368 ,  -10.46531978,  -15.1066772 ,    0.20340667,     10.29265177,   34.27096618,   66.84007215,   23.15494837,      6.49950416], [   96.20798162,  -45.16388169,   -6.31963761,  -34.13664392,    -25.66195694,  -14.76247429,    7.47973349,   -9.81077089,      5.66234486,   18.31414143,   23.15494837,   73.95389818,     34.80315198], [  -85.70722231,  -37.78199475,  -33.67322273,  -25.00611348,    -32.60713085,  -24.35454814,   -1.9633783 ,  -18.0379628 ,     -7.57051189,    1.4709263 ,    6.49950416,   34.80315198,     80.70901868]]
/root/sim/music/out/Various_Artists/CHAOSHEAD_VOCAL_COLLECTION_[Disc_2]/09_Love_Power.mp3; [-525.26825   ,  88.00539   ,   7.684385  ,  19.953732  ,   8.113783  ,    2.7904203 ,   7.7743816 ,   2.2297125 ,   2.0268817 ,   0.95234007,   -5.2591867 ,  -0.13694714,  -2.1602376 ]; [[18197.3415033 ,  893.28011914,   44.64840871,  190.55571803,    -29.18210515,  -32.43271035,  169.38772646,   59.46232935,     78.04169299,  -73.34668571, -251.44961822, -181.02607568,    -53.65036753], [  893.28011914,  538.76293799,   61.97412971,   52.27749097,     57.95819435,    7.55877039,   28.10289263,    2.75558957,     23.35797515,    7.80463369,  -13.81917086,   12.26164707,    -13.54800552], [   44.64840871,   61.97412971,  400.3437583 ,   49.97799525,     69.91235832,   -8.02779917,   -6.24789148,  -31.28232066,     -3.72234915,   15.32557766,  -13.32407895,    4.49729452,     -7.01443781], [  190.55571803,   52.27749097,   49.97799525,  203.38419047,     47.49138576,   18.12459622,   34.23968894,    7.82792307,     -2.81690045,   21.44551365,   27.32106065,    5.65186714,     20.21654436], [  -29.18210515,   57.95819435,   69.91235832,   47.49138576,    161.36904837,   56.09540556,   13.06222031,   28.44050553,      4.7438532 ,   15.17576181,   -9.2292916 ,   -0.27001441,      5.89794967], [  -32.43271035,    7.55877039,   -8.02779917,   18.12459622,     56.09540556,  137.52732877,   38.40594373,   34.87581003,     12.9517839 ,   15.14619444,   17.99418064,   14.00627785,      8.8745693 ], [  169.38772646,   28.10289263,   -6.24789148,   34.23968894,     13.06222031,   38.40594373,  112.40596288,   38.28756147,     11.86035016,   11.11371766,   12.35994971,    4.53478984,      1.09812171], [   59.46232935,    2.75558957,  -31.28232066,    7.82792307,     28.44050553,   34.87581003,   38.28756147,  124.73243872,     33.30055566,   11.94809365,   10.09122337,    8.86143596,     -2.1388108 ], [   78.04169299,   23.35797515,   -3.72234915,   -2.81690045,      4.7438532 ,   12.9517839 ,   11.86035016,   33.30055566,    116.51110231,   23.03799319,   -8.54449146,    2.98033048,     -4.82444893], [  -73.34668571,    7.80463369,   15.32557766,   21.44551365,     15.17576181,   15.14619444,   11.11371766,   11.94809365,     23.03799319,   91.48871347,   29.42360391,    7.27729477,      2.7543951 ], [ -251.44961822,  -13.81917086,  -13.32407895,   27.32106065,     -9.2292916 ,   17.99418064,   12.35994971,   10.09122337,     -8.54449146,   29.42360391,  107.18882499,   41.70632726,      5.2628602 ], [ -181.02607568,   12.26164707,    4.49729452,    5.65186714,     -0.27001441,   14.00627785,    4.53478984,    8.86143596,      2.98033048,    7.27729477,   41.70632726,   93.63801086,     20.03304798], [  -53.65036753,  -13.54800552,   -7.01443781,   20.21654436,      5.89794967,    8.8745693 ,    1.09812171,   -2.1388108 ,     -4.82444893,    2.7543951 ,    5.2628602 ,   20.03304798,     78.50868112]]
/root/sim/music/out/Various_Artists/CHAOSHEAD_VOCAL_COLLECTION_[Disc_2]/07_翡翠のカヴィリエーレ.mp3; [-512.88934  ,  90.41301  ,  -2.709468 ,  28.413774 ,   4.0828185,    6.2537727,   0.9555733,   3.8528118,  -0.6527705,  -1.5217093,   -5.835738 ,  -3.3084738,  -1.9634767]; [[14916.86022505, -691.89495396,  317.0096241 ,  535.11210138,      2.45505475,  -71.8611436 ,  -30.26710013,  -17.83405465,     89.14857326, -100.62323416, -138.71380827, -133.63164766,    -76.51590045], [ -691.89495396, 1061.35836465, -143.37241257,  -12.84010861,     45.52599245,  104.69639288,   37.17952794,   43.62048972,     15.44093064,   46.37685787,   47.41223291,   27.95839835,     19.88837255], [  317.0096241 , -143.37241257,  373.07860685,   12.41122028,     79.87316158,  -22.45633913,   12.69702337,   -1.68506021,     -4.79234006,   -1.17728098,  -15.45354228,    1.94975428,    -20.51574185], [  535.11210138,  -12.84010861,   12.41122028,  245.00620278,     41.98744841,   20.62510407,   -0.53067746,   45.38097234,     18.06508407,   -3.60455343,   11.71427308,    7.45803085,     12.71235916], [    2.45505475,   45.52599245,   79.87316158,   41.98744841,    135.01013393,   42.62544577,   28.41265314,   19.25305818,     13.43091806,    9.68816805,    7.43387783,   15.29979553,      6.23927523], [  -71.8611436 ,  104.69639288,  -22.45633913,   20.62510407,     42.62544577,  146.27855617,   55.27928149,   33.66620754,     16.88452116,   33.83620685,   10.38087831,    8.17075187,      6.53116835], [  -30.26710013,   37.17952794,   12.69702337,   -0.53067746,     28.41265314,   55.27928149,   89.13784531,   40.45480468,     21.72784119,   15.74798776,   13.80277857,    8.21631764,      6.98099569], [  -17.83405465,   43.62048972,   -1.68506021,   45.38097234,     19.25305818,   33.66620754,   40.45480468,   91.01227139,     35.72597359,   25.36223182,    8.38820795,   13.29569422,      7.02375866], [   89.14857326,   15.44093064,   -4.79234006,   18.06508407,     13.43091806,   16.88452116,   21.72784119,   35.72597359,     85.42920512,   32.71555863,   14.69101758,   -4.49053246,      7.60554017], [ -100.62323416,   46.37685787,   -1.17728098,   -3.60455343,      9.68816805,   33.83620685,   15.74798776,   25.36223182,     32.71555863,   80.74997065,   27.29312502,   12.29332974,      2.73266424], [ -138.71380827,   47.41223291,  -15.45354228,   11.71427308,      7.43387783,   10.38087831,   13.80277857,    8.38820795,     14.69101758,   27.29312502,   69.17631728,   28.26024754,     11.84224077], [ -133.63164766,   27.95839835,    1.94975428,    7.45803085,     15.29979553,    8.17075187,    8.21631764,   13.29569422,     -4.49053246,   12.29332974,   28.26024754,   59.76600129,     25.51969576], [  -76.51590045,   19.88837255,  -20.51574185,   12.71235916,      6.23927523,    6.53116835,    6.98099569,    7.02375866,      7.60554017,    2.73266424,   11.84224077,   25.51969576,     56.32952683]]
/root/sim/music/out/Various_Artists/CHAOSHEAD_VOCAL_COLLECTION_[Disc_2]/10_心の闇を切り裂いて.mp3; [-521.2967    , 105.09155   ,   9.710328  ,  39.405666  ,  15.410695  ,   -2.0288775 ,   7.5109425 ,   6.68374   ,   1.4900999 ,   4.2572293 ,   -0.66508114,   3.0822957 ,  -0.6425402 ]; [[17090.38941438,  637.8334802 ,  -78.02458401,  789.08494775,    164.75329518, -104.86308913,  248.90090383,  168.92165894,     54.90965257,  170.54638264,  -39.44798965,  108.59847596,      2.45503475], [  637.8334802 ,  810.1196126 ,    2.22917892,  148.42998682,    108.11396597,    6.54792931,   24.06670503,  -13.33636351,     22.22113533,  -17.1784779 ,   -9.60232113,  -22.3101529 ,    -44.89270556], [  -78.02458401,    2.22917892,  636.65328706,   47.70374859,    167.57617425,   97.31384477,  -47.91777378,  -22.73128717,    -25.13761665,  -39.50261902,   -2.5418323 ,  -42.17438397,    -48.59701496], [  789.08494775,  148.42998682,   47.70374859,  225.29050005,     81.92822261,   20.28681466,    8.1931277 ,   14.85963141,    -11.40640072,  -29.32409701,  -16.51739529,  -11.62628325,    -17.23614088], [  164.75329518,  108.11396597,  167.57617425,   81.92822261,    162.93863144,   52.45193572,   17.16895523,   -2.47577206,      4.17929154,  -11.00800973,   -8.91130649,  -16.49171035,    -29.1632853 ], [ -104.86308913,    6.54792931,   97.31384477,   20.28681466,     52.45193572,  128.39546616,   24.77686015,    9.78191264,      5.37323593,  -10.54196662,    0.60663313,  -12.75340593,     -7.65760121], [  248.90090383,   24.06670503,  -47.91777378,    8.1931277 ,     17.16895523,   24.77686015,  105.30066386,   37.70642547,     17.81852019,   12.79781649,   -4.13360559,   12.20893595,      6.71456549], [  168.92165894,  -13.33636351,  -22.73128717,   14.85963141,     -2.47577206,    9.78191264,   37.70642547,   78.50213164,     34.37120925,    2.28291496,    1.7880787 ,    2.22799314,     -0.84242168], [   54.90965257,   22.22113533,  -25.13761665,  -11.40640072,      4.17929154,    5.37323593,   17.81852019,   34.37120925,     87.39892913,   36.62190955,    7.87985607,   -1.95203195,     -7.60154835], [  170.54638264,  -17.1784779 ,  -39.50261902,  -29.32409701,    -11.00800973,  -10.54196662,   12.79781649,    2.28291496,     36.62190955,   75.75645666,   21.60712621,    7.36120053,      2.41185224], [  -39.44798965,   -9.60232113,   -2.5418323 ,  -16.51739529,     -8.91130649,    0.60663313,   -4.13360559,    1.7880787 ,      7.87985607,   21.60712621,   57.33708296,   26.5347997 ,      3.12665024], [  108.59847596,  -22.3101529 ,  -42.17438397,  -11.62628325,    -16.49171035,  -12.75340593,   12.20893595,    2.22799314,     -1.95203195,    7.36120053,   26.5347997 ,   66.30412268,     23.10031564], [    2.45503475,  -44.89270556,  -48.59701496,  -17.23614088,    -29.1632853 ,   -7.65760121,    6.71456549,   -0.84242168,     -7.60154835,    2.41185224,    3.12665024,   23.10031564,     59.39259221]]
/root/sim/music/out/Various_Artists/CHAOSHEAD_VOCAL_COLLECTION_[Disc_2]/03_祈りのヴィオレット.mp3; [-509.76584   , 107.66918   ,   6.5160117 ,  28.42928   ,   5.91405   ,    0.15794626,  -2.0745692 ,   1.2644888 ,  -1.805931  ,   1.8948176 ,   -2.422332  ,  -3.394754  ,  -1.7912349 ]; [[15178.30006981,-1457.43726614,  296.6420461 ,  526.87508067,    -46.2505118 ,   51.07572268,   49.90930339,  145.23291851,     36.48495745,  164.45384869,  -20.25953119,  -73.86927596,   -117.61084159], [-1457.43726614, 1324.82876105, -346.21300706,  -19.6710746 ,     23.4422823 ,   38.05661257,   17.36413323,  -69.65306307,     15.32511323,    2.23881964,    0.67760669,   27.07534928,     28.13162685], [  296.6420461 , -346.21300706,  573.77312071,  -34.39469279,     44.48712006,  -34.53689377,  -57.98807303,   -0.66704952,    -38.87465178,  -22.21139292,   -6.53492684,   -7.29537966,      5.60853804], [  526.87508067,  -19.6710746 ,  -34.39469279,  327.94603575,     37.21116593,   -2.04987358,   39.51963389,   55.71125311,     41.94349389,   23.06682829,   33.85886948,   27.85260093,    -16.20161407], [  -46.2505118 ,   23.4422823 ,   44.48712006,   37.21116593,    132.32153673,   14.26534654,    0.09390622,   14.24300139,      8.44340143,    9.57853794,    2.24385575,    8.53223566,      4.1537068 ], [   51.07572268,   38.05661257,  -34.53689377,   -2.04987358,     14.26534654,  160.83685208,   45.68395594,   19.30933136,     25.35321942,   28.31341498,   16.81058542,    5.34914515,     12.92367391], [   49.90930339,   17.36413323,  -57.98807303,   39.51963389,      0.09390622,   45.68395594,  125.63665845,   57.34874258,     35.11595053,   28.53841416,   17.56930675,   17.42466409,      9.19753303], [  145.23291851,  -69.65306307,   -0.66704952,   55.71125311,     14.24300139,   19.30933136,   57.34874258,  124.60600887,     49.73601819,   35.39172549,   21.05055117,   19.16435681,     10.92070083], [   36.48495745,   15.32511323,  -38.87465178,   41.94349389,      8.44340143,   25.35321942,   35.11595053,   49.73601819,    104.78941349,   52.28471203,   21.55336432,    3.45714126,      1.62686011], [  164.45384869,    2.23881964,  -22.21139292,   23.06682829,      9.57853794,   28.31341498,   28.53841416,   35.39172549,     52.28471203,   88.64130035,   32.24372976,   11.85364278,      3.94062674], [  -20.25953119,    0.67760669,   -6.53492684,   33.85886948,      2.24385575,   16.81058542,   17.56930675,   21.05055117,     21.55336432,   32.24372976,   72.05238036,   31.18394161,     13.59928559], [  -73.86927596,   27.07534928,   -7.29537966,   27.85260093,      8.53223566,    5.34914515,   17.42466409,   19.16435681,      3.45714126,   11.85364278,   31.18394161,   68.48498612,     27.6741692 ], [ -117.61084159,   28.13162685,    5.60853804,  -16.20161407,      4.1537068 ,   12.92367391,    9.19753303,   10.92070083,      1.62686011,    3.94062674,   13.59928559,   27.6741692 ,     72.1952297 ]]
/root/sim/music/out/Various_Artists/CHAOSHEAD_VOCAL_COLLECTION_[Disc_2]/01_シンクロしようよ.mp3; [-502.28372  ,  81.55344  ,   7.7427607,  20.015942 ,   3.7149928,    8.4879265,   9.547056 ,   4.8907895,   9.426956 ,   5.708459 ,    3.6369627,   7.3310823,   4.9005947]; [[16909.99836142, 1276.06573075,  271.45496454,  249.41055138,     61.09741872,  276.24409553,  132.63712886,  151.68437254,    272.61706127,  113.20987633,   48.0482021 ,  213.97076533,     77.3859774 ], [ 1276.06573075,  769.91904798,  104.45361883,   54.68936794,     60.67397369,   18.14461011,   41.347573  ,    5.71201677,     56.74280793,  -30.46957302,  -11.14946301,  -17.46023534,     16.2061338 ], [  271.45496454,  104.45361883,  413.69050034,  115.29316285,     49.65645443,  -17.6710518 ,   11.5416908 ,   17.14010561,    -13.71597205,   19.04760742,   10.24327036,  -13.54919775,     -4.53461225], [  249.41055138,   54.68936794,  115.29316285,  311.88037963,     15.36280103,   -2.55642211,   47.06979814,   30.54976455,     27.29181378,   30.75784397,   12.16551112,    2.70531365,     -1.1914798 ], [   61.09741872,   60.67397369,   49.65645443,   15.36280103,    171.06938926,   71.75213851,   19.69757827,   21.88747846,     19.02723293,    6.852454  ,    6.49319729,   18.26204402,      6.51444609], [  276.24409553,   18.14461011,  -17.6710518 ,   -2.55642211,     71.75213851,  181.15007663,   49.90206992,   20.78962331,     21.1268493 ,   17.00196392,   15.40605268,   18.70916503,     -4.57323236], [  132.63712886,   41.347573  ,   11.5416908 ,   47.06979814,     19.69757827,   49.90206992,  114.56644932,   40.71591232,     10.13972353,    4.83724999,   16.5932338 ,   10.27347186,      8.73330301], [  151.68437254,    5.71201677,   17.14010561,   30.54976455,     21.88747846,   20.78962331,   40.71591232,  122.67907568,     37.63300086,    7.96743834,    5.4452653 ,    7.81125654,     -1.28099531], [  272.61706127,   56.74280793,  -13.71597205,   27.29181378,     19.02723293,   21.1268493 ,   10.13972353,   37.63300086,    117.79728103,   37.86886354,   -5.41531495,    6.06128264,     12.92280328], [  113.20987633,  -30.46957302,   19.04760742,   30.75784397,      6.852454  ,   17.00196392,    4.83724999,    7.96743834,     37.86886354,   90.7488546 ,   38.83570876,   10.38393045,     -8.21345387], [   48.0482021 ,  -11.14946301,   10.24327036,   12.16551112,      6.49319729,   15.40605268,   16.5932338 ,    5.4452653 ,     -5.41531495,   38.83570876,   87.55159969,   34.04825545,      0.18564968], [  213.97076533,  -17.46023534,  -13.54919775,    2.70531365,     18.26204402,   18.70916503,   10.27347186,    7.81125654,      6.06128264,   10.38393045,   34.04825545,   87.31145647,     41.69619232], [   77.3859774 ,   16.2061338 ,   -4.53461225,   -1.1914798 ,      6.51444609,   -4.57323236,    8.73330301,   -1.28099531,     12.92280328,   -8.21345387,    0.18564968,   41.69619232,    101.96240205]]
/root/sim/music/out/Various_Artists/CHAOSHEAD_VOCAL_COLLECTION_[Disc_2]/08_Trust_in_me.mp3; [-517.749     ,  87.84955   ,   8.076852  ,  27.55868   ,  13.755504  ,    6.092798  ,   9.32147   ,   9.602445  ,   0.29703447,   4.509063  ,   -0.26040384,   1.9718913 ,   0.57688695]; [[17946.11237337,  723.43352858,   46.67938804,  404.40647876,    425.86463454,  194.80147734,  329.97961861,  251.54125291,     24.1755452 ,   77.33798182, -222.20831992,  143.21638962,     79.40070828], [  723.43352858,  784.40646951, -140.26935753,   44.22054115,     52.32345609,  -21.53832439,   56.73035071,   27.71444683,     -5.0374559 ,   -1.71676953,   33.66300769,    9.43171524,    -10.6492318 ], [   46.67938804, -140.26935753,  361.21872899,    2.35709817,     40.89047279,   55.68763205,  -14.95124966,   18.83610715,     20.47985853,   19.08085707,   25.3118851 ,    5.17496182,     -8.74885992], [  404.40647876,   44.22054115,    2.35709817,  286.29863908,     49.13562219,  -36.31837367,  -14.79803244,   39.19919053,     17.26536146,    6.22346792,   27.17314618,    0.79576903,     -0.66261743], [  425.86463454,   52.32345609,   40.89047279,   49.13562219,    141.18169661,   48.4359726 ,   17.08977332,   36.66663179,     24.1369747 ,   10.62424298,   -6.51498313,   14.98237162,      5.80797034], [  194.80147734,  -21.53832439,   55.68763205,  -36.31837367,     48.4359726 ,  149.6307408 ,   37.53757737,    6.89530164,     20.14847058,    6.7270995 ,   -3.50575018,    5.08325304,      6.34863005], [  329.97961861,   56.73035071,  -14.95124966,  -14.79803244,     17.08977332,   37.53757737,  123.23819556,   27.63933755,     -2.34240968,   18.34451264,  -14.0173365 ,   17.28278259,     14.03260019], [  251.54125291,   27.71444683,   18.83610715,   39.19919053,     36.66663179,    6.89530164,   27.63933755,   99.61672923,     29.8988373 ,    4.16707742,    3.16844967,    6.23858519,      4.76230548], [   24.1755452 ,   -5.0374559 ,   20.47985853,   17.26536146,     24.1369747 ,   20.14847058,   -2.34240968,   29.8988373 ,     79.46468085,   13.78666282,   -3.55769856,    6.55292711,      4.6017915 ], [   77.33798182,   -1.71676953,   19.08085707,    6.22346792,     10.62424298,    6.7270995 ,   18.34451264,    4.16707742,     13.78666282,   78.31065498,   13.26139115,    5.99779838,     12.18763657], [ -222.20831992,   33.66300769,   25.3118851 ,   27.17314618,     -6.51498313,   -3.50575018,  -14.0173365 ,    3.16844967,     -3.55769856,   13.26139115,  100.83303906,   12.06469246,    -17.99206889], [  143.21638962,    9.43171524,    5.17496182,    0.79576903,     14.98237162,    5.08325304,   17.28278259,    6.23858519,      6.55292711,    5.99779838,   12.06469246,   78.78114471,     22.26363586], [   79.40070828,  -10.6492318 ,   -8.74885992,   -0.66261743,      5.80797034,    6.34863005,   14.03260019,    4.76230548,      4.6017915 ,   12.18763657,  -17.99206889,   22.26363586,     74.12092841]]
/root/sim/music/out/Various_Artists/CHAOSHEAD_VOCAL_COLLECTION_[Disc_2]/06_果てしない蒼空へ.mp3; [-531.1076    , 107.84673   ,  -7.110512  ,  28.861229  ,   9.291902  ,    9.063476  ,   4.0208955 ,   2.2547555 ,   0.15257205,  -1.2365164 ,   -3.2059236 ,  -1.7814672 ,  -0.32553536]; [[19981.69177315, -858.95515048, -513.84215917,  764.61196372,    162.15402168,  121.30082631,  -29.97801739,   73.88087664,     20.34513367, -173.17258762, -167.27890921, -246.72246572,   -238.87121227], [ -858.95515048, 1034.80817092, -146.36417931,  -73.6822878 ,      1.01887542,   -3.45424815,   55.11764729,  -13.28363532,     -0.69513738,   28.66812432,   21.29976756,   10.64464054,     31.55536411], [ -513.84215917, -146.36417931,  470.95785277,  -39.16207466,     71.28069109,   33.25108055,  -31.24120174,   19.85130144,    -26.97367838,   -9.2489484 ,   -7.61382548,   15.7371256 ,    -10.53744795], [  764.61196372,  -73.6822878 ,  -39.16207466,  280.01391275,     21.87508415,   -2.0101    ,  -29.59508446,    7.65786554,     19.89971486,  -15.76214972,   19.49507925,   11.06683611,      4.78154341], [  162.15402168,    1.01887542,   71.28069109,   21.87508415,    127.24435998,    7.00024252,  -10.99576235,    7.45950081,     -2.34737471,  -15.32751156,  -11.68028433,   -5.53143023,     -6.30924384], [  121.30082631,   -3.45424815,   33.25108055,   -2.0101    ,      7.00024252,  168.00266566,   34.02151263,    9.95113613,     15.95645679,   15.70157222,   21.51170532,  -11.75349547,     10.40197839], [  -29.97801739,   55.11764729,  -31.24120174,  -29.59508446,    -10.99576235,   34.02151263,  110.89153381,   23.56073222,      3.2165399 ,   16.5669793 ,    9.03575077,    5.67357954,     -1.15730892], [   73.88087664,  -13.28363532,   19.85130144,    7.65786554,      7.45950081,    9.95113613,   23.56073222,   84.90950318,     27.31291923,    1.6269093 ,    1.10691687,   -3.39278506,      1.53177686], [   20.34513367,   -0.69513738,  -26.97367838,   19.89971486,     -2.34737471,   15.95645679,    3.2165399 ,   27.31291923,     90.31113026,   24.14389543,   16.17717   ,   -2.80269913,     11.20626521], [ -173.17258762,   28.66812432,   -9.2489484 ,  -15.76214972,    -15.32751156,   15.70157222,   16.5669793 ,    1.6269093 ,     24.14389543,   74.13651362,   23.01637148,    7.18746302,      2.63684208], [ -167.27890921,   21.29976756,   -7.61382548,   19.49507925,    -11.68028433,   21.51170532,    9.03575077,    1.10691687,     16.17717   ,   23.01637148,   68.11491267,   21.54777945,     10.52594984], [ -246.72246572,   10.64464054,   15.7371256 ,   11.06683611,     -5.53143023,  -11.75349547,    5.67357954,   -3.39278506,     -2.80269913,    7.18746302,   21.54777945,   77.40755775,     27.10635381], [ -238.87121227,   31.55536411,  -10.53744795,    4.78154341,     -6.30924384,   10.40197839,   -1.15730892,    1.53177686,     11.20626521,    2.63684208,   10.52594984,   27.10635381,     69.10765169]]
/root/sim/music/out/Various_Artists/CHAOSHEAD_VOCAL_COLLECTION_[Disc_2]/12_WHITE_LILY.mp3; [-529.8528   , 106.37842  ,  10.279582 ,  19.40265  ,   2.2944915,   -3.9308436,   4.069221 ,  -4.081242 ,  -0.5532371,   0.594252 ,   -7.1085176,   0.9798018,   2.6829348]; [[18108.12056473, -247.38239517,  377.32543394, 1359.54237484,   1159.81345809,  652.77952174,  794.53423672,  850.30776484,    688.21991016,  394.67708008,  -60.87142168,  161.10499798,    213.63178124], [ -247.38239517,  957.58207995, -220.13433343,  -57.82053474,    -85.91541306,  -26.61584767,  -24.25081566, -136.10153247,    -44.92512671,  -19.53455372,  -30.98696097,    9.32238624,    -22.07511927], [  377.32543394, -220.13433343,  526.38044806,   13.33677087,     53.9138338 ,   37.5529286 ,   38.58260024,   77.12499824,     -6.86946336,   -7.98830436,   36.11189079,   -3.40781704,     23.10421494], [ 1359.54237484,  -57.82053474,   13.33677087,  457.05645239,    235.32713832,  107.06060475,  122.49954279,  165.7754002 ,    128.97464476,   56.78173348,   22.32965008,   27.00372885,      9.51219076], [ 1159.81345809,  -85.91541306,   53.9138338 ,  235.32713832,    328.90086329,  124.94826054,  120.57105628,  147.78329855,    127.18803501,   70.79605791,   18.58235466,   32.13587284,     38.87378265], [  652.77952174,  -26.61584767,   37.5529286 ,  107.06060475,    124.94826054,  277.6930897 ,   69.77315052,  105.90712414,     88.08628485,   40.78951077,   32.97190491,    8.8835212 ,     23.23926693], [  794.53423672,  -24.25081566,   38.58260024,  122.49954279,    120.57105628,   69.77315052,  236.39469951,   92.23904877,     75.74972266,   61.94443466,  -11.41454708,   46.11851559,     30.11084587], [  850.30776484, -136.10153247,   77.12499824,  165.7754002 ,    147.78329855,  105.90712414,   92.23904877,  205.19998063,    100.35035832,   34.40088896,   24.8415007 ,   24.91818997,     36.0093499 ], [  688.21991016,  -44.92512671,   -6.86946336,  128.97464476,    127.18803501,   88.08628485,   75.74972266,  100.35035832,    158.55724101,   72.90760127,   -4.91260851,   13.44480737,     25.43567886], [  394.67708008,  -19.53455372,   -7.98830436,   56.78173348,     70.79605791,   40.78951077,   61.94443466,   34.40088896,     72.90760127,  117.24510227,   11.63675108,   16.52896442,     13.49863581], [  -60.87142168,  -30.98696097,   36.11189079,   22.32965008,     18.58235466,   32.97190491,  -11.41454708,   24.8415007 ,     -4.91260851,   11.63675108,  101.9579096 ,   27.23343553,     10.16263836], [  161.10499798,    9.32238624,   -3.40781704,   27.00372885,     32.13587284,    8.8835212 ,   46.11851559,   24.91818997,     13.44480737,   16.52896442,   27.23343553,   83.83857066,     31.66185724], [  213.63178124,  -22.07511927,   23.10421494,    9.51219076,     38.87378265,   23.23926693,   30.11084587,   36.0093499 ,     25.43567886,   13.49863581,   10.16263836,   31.66185724,     83.24853527]]
/root/sim/music/out/Various_Artists/CHAOSHEAD_VOCAL_COLLECTION_[Disc_2]/13_Calling.mp3; [-582.753     , 144.29651   ,   6.9090843 ,  15.998128  ,   2.2620082 ,    0.19487453,   5.398329  ,  -0.79934347,   0.6402524 ,  -0.40138152,   -2.0539389 ,  -0.60585076,  -0.6638892 ]; [[26857.37372859,-5111.39496951,  974.12050763, 2618.2261753 ,    248.4458637 ,  742.67192397, 1122.19906836,  727.95733353,    306.93760816,  289.01698553, -211.58845284,  292.6843949 ,    474.4934478 ], [-5111.39496951, 3367.77252586, -655.01547386, -662.617391  ,     -7.01536167, -223.60543715, -339.8496631 , -220.7129834 ,   -129.47476064, -110.69544026,   38.74050715,  -94.18713932,   -170.52675148], [  974.12050763, -655.01547386,  712.22745652,   70.37801168,     95.17455024,   82.6776744 ,   91.7109912 ,    0.02822013,     29.31218325,    7.9201959 ,  -36.0850689 ,   21.93457493,     56.6034919 ], [ 2618.2261753 , -662.617391  ,   70.37801168,  699.36555683,     34.55696149,  202.09271394,   78.37758883,  161.12006732,     77.83219972,    3.6352962 ,   39.74006039,   62.28356665,     76.13283157], [  248.4458637 ,   -7.01536167,   95.17455024,   34.55696149,    211.23236951,  -25.61312233,    5.59438632,    2.36648433,    -10.47799929,  -11.39843427,   -9.71662766,   10.67635868,     -0.47952527], [  742.67192397, -223.60543715,   82.6776744 ,  202.09271394,    -25.61312233,  305.31605589,   51.403442  ,   85.84301078,     86.0218348 ,  -16.23432432,   57.13058801,    5.21820166,     51.93543715], [ 1122.19906836, -339.8496631 ,   91.7109912 ,   78.37758883,      5.59438632,   51.403442  ,  231.86002885,   38.55334509,     12.95509433,   53.61557701,  -50.03912507,    9.35099836,     46.82463215], [  727.95733353, -220.7129834 ,    0.02822013,  161.12006732,      2.36648433,   85.84301078,   38.55334509,  170.99546003,     77.19676133,   21.77930307,   57.90434002,   28.48452691,     36.19324752], [  306.93760816, -129.47476064,   29.31218325,   77.83219972,    -10.47799929,   86.0218348 ,   12.95509433,   77.19676133,    154.60077336,   24.14999278,   66.71333464,    4.90510737,     27.85664297], [  289.01698553, -110.69544026,    7.9201959 ,    3.6352962 ,    -11.39843427,  -16.23432432,   53.61557701,   21.77930307,     24.14999278,  126.31908593,   15.79779435,   18.26619596,      3.04488743], [ -211.58845284,   38.74050715,  -36.0850689 ,   39.74006039,     -9.71662766,   57.13058801,  -50.03912507,   57.90434002,     66.71333464,   15.79779435,  145.06998514,   30.69449952,      8.90445784], [  292.6843949 ,  -94.18713932,   21.93457493,   62.28356665,     10.67635868,    5.21820166,    9.35099836,   28.48452691,      4.90510737,   18.26619596,   30.69449952,   92.00159487,     26.95121269], [  474.4934478 , -170.52675148,   56.6034919 ,   76.13283157,     -0.47952527,   51.93543715,   46.82463215,   36.19324752,     27.85664297,    3.04488743,    8.90445784,   26.95121269,     93.33530194]]
/root/sim/music/out/Various_Artists/CHAOSHEAD_VOCAL_COLLECTION_[Disc_2]/02_君へのトビキリ☆応援歌。.mp3; [-506.89597   ,  96.33098   ,  -3.887646  ,   6.2675505 ,   0.31312552,    2.880224  ,   4.1091795 ,  -0.00682343,   2.754757  ,   1.8260477 ,    1.0326186 ,   2.774291  ,   6.3698583 ]; [[19445.11704989,  886.572297  , -166.06471764,   23.77413379,   -251.00493086,  -38.58569633,  336.35343801,  137.05554078,    -32.6258626 ,  212.72067385,  169.00244445,  160.46897367,    232.66224508], [  886.572297  ,  769.80782217,   92.59361208,   89.29250466,    112.83358559,  120.37049059,   69.58622772,   17.93936555,     -0.94770178,    5.59986434,   20.42785017,   14.32493316,    -41.15066297], [ -166.06471764,   92.59361208,  375.33878825,  150.66814152,     46.95922002,    4.77134074,    3.89113722,   40.30048159,     -6.77688957,   17.3618842 ,   35.19131065,    8.92334138,     -0.96995135], [   23.77413379,   89.29250466,  150.66814152,  281.87874367,     56.87130889,  -35.31563114,   22.45858034,   33.09474504,     10.36490419,   21.81362586,   31.22411298,   23.99230305,     13.12527999], [ -251.00493086,  112.83358559,   46.95922002,   56.87130889,    191.32855842,   88.79232928,   31.25344272,   17.45553217,     47.26269818,    7.10907264,    3.36490843,   13.63811196,      0.39331626], [  -38.58569633,  120.37049059,    4.77134074,  -35.31563114,     88.79232928,  214.65904559,   49.75991364,   -4.13471632,     19.28752757,   31.05791683,    7.27339973,    9.80383506,    -14.33614381], [  336.35343801,   69.58622772,    3.89113722,   22.45858034,     31.25344272,   49.75991364,  145.20418849,   38.16595713,     19.33559063,   21.22558733,   22.8299254 ,   16.36261707,      8.53594185], [  137.05554078,   17.93936555,   40.30048159,   33.09474504,     17.45553217,   -4.13471632,   38.16595713,  117.26801367,     27.33608399,   -4.48588307,   15.18236306,   16.01311835,     11.2155809 ], [  -32.6258626 ,   -0.94770178,   -6.77688957,   10.36490419,     47.26269818,   19.28752757,   19.33559063,   27.33608399,    122.51720463,   19.04624517,   -6.40027907,   11.89008664,     25.87249948], [  212.72067385,    5.59986434,   17.3618842 ,   21.81362586,      7.10907264,   31.05791683,   21.22558733,   -4.48588307,     19.04624517,   92.37824484,   29.58755285,   10.48408266,     -2.51103265], [  169.00244445,   20.42785017,   35.19131065,   31.22411298,      3.36490843,    7.27339973,   22.8299254 ,   15.18236306,     -6.40027907,   29.58755285,   76.29440557,   30.73349132,      4.38050852], [  160.46897367,   14.32493316,    8.92334138,   23.99230305,     13.63811196,    9.80383506,   16.36261707,   16.01311835,     11.89008664,   10.48408266,   30.73349132,   67.86904337,     30.19605603], [  232.66224508,  -41.15066297,   -0.96995135,   13.12527999,      0.39331626,  -14.33614381,    8.53594185,   11.2155809 ,     25.87249948,   -2.51103265,    4.38050852,   30.19605603,     83.50401382]]
/root/sim/music/out/Various_Artists/TETSUYA_KOMURO_ARCHIVES__K__[Disc_1]/05-空を飛べる子供たち_～Never_end_of_the_earth～.mp3; [-565.1971    , 122.372856  , -13.987112  ,  17.087162  ,  -2.9269996 ,   -0.01912436,   4.9736814 ,   2.9461231 ,  -3.7092643 ,   4.721583  ,    0.01437671,   0.86677915,  -0.34813726]; [[17387.49977845, 1095.40083104,   82.70975363,   79.04285548,    400.93866196,  169.62552042,  335.71293684,  171.05170647,    -58.78188154,  126.02035031,  -50.41704157,   24.11028304,    -83.72497264], [ 1095.40083104,  907.93103465, -141.16060095,   53.10719887,    -35.47677238,    0.18575966,   50.26464103,   62.91368344,    -56.98919754,   31.61723025,   24.20854032,  -42.04414779,    -11.75245377], [   82.70975363, -141.16060095,  535.02671764,   96.85939414,     66.42323943,   32.74965755, -103.32954808,   53.88491473,    -10.24751381,  -29.78045024,   23.28295899,  -12.85106856,    -23.74391482], [   79.04285548,   53.10719887,   96.85939414,  351.61288192,     87.25020694,  -33.77971802, -122.27477195,   38.29548488,     24.52139073,  -12.34815987,    6.45986192,   20.90905163,     -0.25385752], [  400.93866196,  -35.47677238,   66.42323943,   87.25020694,    240.04495232,   22.23200395,  -39.42033594,    8.37386283,     39.65333897,    2.80585934,   -3.6172587 ,    9.35598149,     -9.41987095], [  169.62552042,    0.18575966,   32.74965755,  -33.77971802,     22.23200395,  172.58426824,   94.827464  ,   10.25457943,     -8.05689605,   -2.67464936,    3.28091848,  -10.94087046,      2.99534775], [  335.71293684,   50.26464103, -103.32954808, -122.27477195,    -39.42033594,   94.827464  ,  292.29010399,   22.69475129,    -30.95823688,   -9.26846568,  -23.25319244,   10.50871704,     30.00581476], [  171.05170647,   62.91368344,   53.88491473,   38.29548488,      8.37386283,   10.25457943,   22.69475129,  127.97797498,      8.06294384,   -2.09749551,    5.6999155 ,  -21.29177906,      3.70620291], [  -58.78188154,  -56.98919754,  -10.24751381,   24.52139073,     39.65333897,   -8.05689605,  -30.95823688,    8.06294384,    106.62121662,   27.64536987,   -6.24774577,    2.59816216,     -1.28214667], [  126.02035031,   31.61723025,  -29.78045024,  -12.34815987,      2.80585934,   -2.67464936,   -9.26846568,   -2.09749551,     27.64536987,  110.51812476,   37.18336966,  -12.34024738,     -9.50563958], [  -50.41704157,   24.20854032,   23.28295899,    6.45986192,     -3.6172587 ,    3.28091848,  -23.25319244,    5.6999155 ,     -6.24774577,   37.18336966,   87.19142924,    8.89439084,    -20.2373903 ], [   24.11028304,  -42.04414779,  -12.85106856,   20.90905163,      9.35598149,  -10.94087046,   10.50871704,  -21.29177906,      2.59816216,  -12.34024738,    8.89439084,   83.62309558,     23.92234793], [  -83.72497264,  -11.75245377,  -23.74391482,   -0.25385752,     -9.41987095,    2.99534775,   30.00581476,    3.70620291,     -1.28214667,   -9.50563958,  -20.2373903 ,   23.92234793,     84.14807669]]
/root/sim/music/out/Various_Artists/TETSUYA_KOMURO_ARCHIVES__K__[Disc_1]/02-ドリーム_ラッシュ.mp3; [-555.0665    , 111.31893   ,   2.4037845 ,  17.715374  ,  -4.530353  ,   -2.1429164 ,  -0.14872825,   0.01979289,  -5.500256  ,   2.461352  ,   -0.9743262 ,  -2.35833   ,   2.2576208 ]; [[18130.93090103, 1218.4397817 , -196.82099101,  225.45743254,     17.99047103,   35.31875793,  -91.26045239,  128.96428795,     11.59185747,  118.49303542,  112.91910276,  -26.86842142,     43.04541257], [ 1218.4397817 ,  955.72713923, -140.27070861,   83.87918242,    -14.90958663,   -5.27105141,  126.14968972,   -5.66206744,    -23.20812074,   26.39664493,   -2.27374482,   21.07907918,     32.19795071], [ -196.82099101, -140.27070861,  423.01242759,   41.15772309,     30.44852819,   22.2202528 ,  -35.73807225,   37.77841899,    -12.74858396,  -23.94771592,    7.50363807,    5.73171355,      8.22130213], [  225.45743254,   83.87918242,   41.15772309,  369.5300018 ,     41.13599373,  -22.8536144 ,    2.73044547,   32.30975663,     12.30195772,  -12.01335811,   12.02427193,   28.30847487,      6.47406832], [   17.99047103,  -14.90958663,   30.44852819,   41.13599373,    126.29530969,    1.67921714,    8.94781313,   17.54207746,     23.45124981,   16.69249045,   -2.4095202 ,    6.51687278,     -5.56172702], [   35.31875793,   -5.27105141,   22.2202528 ,  -22.8536144 ,      1.67921714,  199.11693177,   37.43013515,   25.40573004,     26.63669759,   19.56218953,   16.89459568,  -33.8383669 ,     -2.37387308], [  -91.26045239,  126.14968972,  -35.73807225,    2.73044547,      8.94781313,   37.43013515,  130.83389709,   25.72876135,     11.91126139,   22.55869138,   -3.75525294,    0.20832668,      9.6694676 ], [  128.96428795,   -5.66206744,   37.77841899,   32.30975663,     17.54207746,   25.40573004,   25.72876135,  103.492326  ,     46.25860128,    6.35179703,   12.99893028,    3.81734951,      2.85559835], [   11.59185747,  -23.20812074,  -12.74858396,   12.30195772,     23.45124981,   26.63669759,   11.91126139,   46.25860128,     97.9251686 ,   38.11475431,    4.91575755,   -6.58403214,     -2.76328675], [  118.49303542,   26.39664493,  -23.94771592,  -12.01335811,     16.69249045,   19.56218953,   22.55869138,    6.35179703,     38.11475431,   80.5335481 ,   18.59696443,   -9.71150579,      3.75656625], [  112.91910276,   -2.27374482,    7.50363807,   12.02427193,     -2.4095202 ,   16.89459568,   -3.75525294,   12.99893028,      4.91575755,   18.59696443,   86.00580161,   33.36809108,     11.89595909], [  -26.86842142,   21.07907918,    5.73171355,   28.30847487,      6.51687278,  -33.8383669 ,    0.20832668,    3.81734951,     -6.58403214,   -9.71150579,   33.36809108,   80.19932261,     26.50984681], [   43.04541257,   32.19795071,    8.22130213,    6.47406832,     -5.56172702,   -2.37387308,    9.6694676 ,    2.85559835,     -2.76328675,    3.75656625,   11.89595909,   26.50984681,     63.08276634]]
