/root/sim/music/out/Various_Artists/TETSUYA_KOMURO_ARCHIVES__K__[Disc_4]/04-Lovely_Day.mp3; [-546.3965   ,  95.94678  ,  -5.6584926,  14.335623 ,   9.308679 ,    5.639382 ,   7.9217052,   6.2814126,   3.4198704,   7.94569  ,   -1.7852379,   0.8222699,   0.8047045]; [[16004.27401734, 1268.46775836,  -81.38879351,  189.61992943,    397.48973545,  117.83095253,  324.58254647,  339.04002443,    135.37944182,  267.94980593,  -55.49086045,   23.126521  ,    160.63670144], [ 1268.46775836,  874.41033027,  -68.27851463,  113.56835879,     78.17506146,  108.28958114,  125.93294706,   54.00495007,     74.18700848,   84.83632357,   50.6643112 ,   46.33908265,     -4.52920482], [  -81.38879351,  -68.27851463,  650.94419573,  105.49717897,    125.20625619,  123.72429994,   -6.16634233,   48.40642827,      5.23239164,    0.74431359,   95.41755034,   46.42106246,     12.83512216], [  189.61992943,  113.56835879,  105.49717897,  335.34496425,    107.83593784,   14.32802468,   -9.49644613,   67.68532293,     41.55150182,    1.06743955,   38.03362219,   55.86476679,     30.25073481], [  397.48973545,   78.17506146,  125.20625619,  107.83593784,    219.57020194,   40.58379134,   56.8994155 ,   72.07627065,     58.20940243,   43.72387463,   31.11943942,   37.10352652,     43.72872549], [  117.83095253,  108.28958114,  123.72429994,   14.32802468,     40.58379134,  226.94556975,   80.6793832 ,   43.54670652,     15.68941007,   46.36513082,   51.59326612,    9.3968168 ,     26.3096399 ], [  324.58254647,  125.93294706,   -6.16634233,   -9.49644613,     56.8994155 ,   80.6793832 ,  188.88134881,   60.44217155,     31.86967607,   62.85178638,   24.09544827,   23.46667435,     36.30582916], [  339.04002443,   54.00495007,   48.40642827,   67.68532293,     72.07627065,   43.54670652,   60.44217155,  138.57275111,     67.39544807,   46.1654323 ,   30.68439224,   31.66061465,     37.05535992], [  135.37944182,   74.18700848,    5.23239164,   41.55150182,     58.20940243,   15.68941007,   31.86967607,   67.39544807,    125.16042283,   68.48680911,   24.97987404,   11.33438477,     25.90755793], [  267.94980593,   84.83632357,    0.74431359,    1.06743955,     43.72387463,   46.36513082,   62.85178638,   46.1654323 ,     68.48680911,  125.53970896,   41.35824432,    3.78531194,     29.87262937], [  -55.49086045,   50.6643112 ,   95.41755034,   38.03362219,     31.11943942,   51.59326612,   24.09544827,   30.68439224,     24.97987404,   41.35824432,   98.24375087,   52.95680644,     16.47719706], [   23.126521  ,   46.33908265,   46.42106246,   55.86476679,     37.10352652,    9.3968168 ,   23.46667435,   31.66061465,     11.33438477,    3.78531194,   52.95680644,  102.99552399,     35.47198076], [  160.63670144,   -4.52920482,   12.83512216,   30.25073481,     43.72872549,   26.3096399 ,   36.30582916,   37.05535992,     25.90755793,   29.87262937,   16.47719706,   35.47198076,     83.75377113]]
/root/sim/music/out/Various_Artists/TETSUYA_KOMURO_ARCHIVES__K__[Disc_4]/05-POSITIVE_STRESS.mp3; [-556.50696   ,  90.46321   ,  -0.9246188 ,  25.220266  ,   9.450219  ,    1.6184713 ,  10.903069  ,   2.1434917 ,   1.9438881 ,   4.201587  ,   -3.5048413 ,  -0.57816577,  -1.4550478 ]; [[20924.7555556 ,-1037.44955857,  186.31633033, 1143.93415022,    824.20017633,  675.35776692,  709.50299793,  324.33609884,    548.74651936,  299.25294844,   32.43165393,  349.83489722,    354.80646813], [-1037.44955857, 1466.19890721,  -13.26099663, -134.56725775,   -177.95636478, -104.64910726, -120.14526684,  -71.18400516,    -87.42271274,  -45.85816853,   -8.08972207,  -97.82748399,    -89.18433235], [  186.31633033,  -13.26099663,  620.630619  ,   43.58238783,     55.63167844,   -9.60623867,   -0.40901594,   38.29024457,     38.74061071,   19.96360272,   13.66529313,    4.53902956,      6.3201141 ], [ 1143.93415022, -134.56725775,   43.58238783,  449.76236873,    128.6387685 ,   88.62653402,   85.90916775,  115.62253337,     67.86421021,   36.03355094,   56.01858386,   38.56166077,     37.85781465], [  824.20017633, -177.95636478,   55.63167844,  128.6387685 ,    233.36119998,  102.8677712 ,  109.45781737,   51.56296451,     65.97406495,   41.0116104 ,   11.86794477,   49.68786182,     41.18074579], [  675.35776692, -104.64910726,   -9.60623867,   88.62653402,    102.8677712 ,  284.72138093,  114.1251082 ,   49.67995868,     70.20248657,   55.37338655,   25.313671  ,   27.97593741,     32.36204117], [  709.50299793, -120.14526684,   -0.40901594,   85.90916775,    109.45781737,  114.1251082 ,  203.36199754,   75.05042602,     62.21264647,   45.04150194,   17.18646995,   49.27339729,     42.18586709], [  324.33609884,  -71.18400516,   38.29024457,  115.62253337,     51.56296451,   49.67995868,   75.05042602,  153.98213145,     70.86532682,   26.08155053,   40.27468481,   25.64174816,     23.45448476], [  548.74651936,  -87.42271274,   38.74061071,   67.86421021,     65.97406495,   70.20248657,   62.21264647,   70.86532682,    155.09196161,   67.18138819,   29.83987749,   37.44895716,     37.24279768], [  299.25294844,  -45.85816853,   19.96360272,   36.03355094,     41.0116104 ,   55.37338655,   45.04150194,   26.08155053,     67.18138819,  112.55122541,   46.72341076,   29.54475148,     15.78423691], [   32.43165393,   -8.08972207,   13.66529313,   56.01858386,     11.86794477,   25.313671  ,   17.18646995,   40.27468481,     29.83987749,   46.72341076,  118.73982833,   45.0772904 ,     15.25746716], [  349.83489722,  -97.82748399,    4.53902956,   38.56166077,     49.68786182,   27.97593741,   49.27339729,   25.64174816,     37.44895716,   29.54475148,   45.0772904 ,  106.25963794,     54.67647526], [  354.80646813,  -89.18433235,    6.3201141 ,   37.85781465,     41.18074579,   32.36204117,   42.18586709,   23.45448476,     37.24279768,   15.78423691,   15.25746716,   54.67647526,     96.2659418 ]]
/root/sim/music/out/Various_Artists/TETSUYA_KOMURO_ARCHIVES__K__[Disc_4]/03-earth.mp3; [-483.09003   ,  78.71014   ,  -4.8250585 ,  30.128357  ,   2.3465252 ,   20.594404  ,  10.589369  ,   9.023776  ,   5.556409  ,   9.68026   ,   -1.0340161 ,  -0.16131769,  -1.1130147 ]; [[12527.2766382 ,  900.5644703 ,  129.90525766,  332.59851356,    -14.20138008,  247.78765704,  188.79822382,  116.81357387,     97.50389828,  147.80099406,  -38.02810532,   -2.7135796 ,    -33.18918539], [  900.5644703 ,  481.1645631 ,  -87.67756261,   88.97902841,     27.31582474,   53.91821035,   31.2237593 ,   17.86443038,     24.78246802,   41.88198802,   28.03199574,   32.23319675,     32.13532232], [  129.90525766,  -87.67756261,  254.7373534 ,   21.61970006,     67.65372603,    1.9589359 ,   13.72407878,    7.28499765,     26.46552707,   12.38605152,   26.9586567 ,    1.29464665,     -8.11072518], [  332.59851356,   88.97902841,   21.61970006,  153.28120098,     46.88185859,   27.98457745,   10.3292556 ,   12.66029975,     14.79978846,   20.59671895,   20.76119149,   19.0045827 ,      1.97861596], [  -14.20138008,   27.31582474,   67.65372603,   46.88185859,    126.17793199,   58.50224834,   40.82465295,   31.26259292,     33.07434191,   26.43703838,   24.96758266,    9.97089588,     10.56772635], [  247.78765704,   53.91821035,    1.9589359 ,   27.98457745,     58.50224834,  120.4075676 ,   52.32869897,   38.65677802,     19.44215215,   18.87227358,    1.00929618,    1.12008418,      4.03258964], [  188.79822382,   31.2237593 ,   13.72407878,   10.3292556 ,     40.82465295,   52.32869897,  106.89121944,   43.26239819,     37.83661317,   16.45659948,   -1.05650769,   11.36761471,     14.59136685], [  116.81357387,   17.86443038,    7.28499765,   12.66029975,     31.26259292,   38.65677802,   43.26239819,   79.6209358 ,     33.9373905 ,   17.46254377,   -2.71284306,   -5.57858366,      4.01337401], [   97.50389828,   24.78246802,   26.46552707,   14.79978846,     33.07434191,   19.44215215,   37.83661317,   33.9373905 ,     70.71262082,   32.83691534,    7.98523357,   10.47563627,     11.90023795], [  147.80099406,   41.88198802,   12.38605152,   20.59671895,     26.43703838,   18.87227358,   16.45659948,   17.46254377,     32.83691534,   61.15337559,   28.13189625,   14.46492699,      7.82566146], [  -38.02810532,   28.03199574,   26.9586567 ,   20.76119149,     24.96758266,    1.00929618,   -1.05650769,   -2.71284306,      7.98523357,   28.13189625,   57.43834314,   30.19321091,      7.83072895], [   -2.7135796 ,   32.23319675,    1.29464665,   19.0045827 ,      9.97089588,    1.12008418,   11.36761471,   -5.57858366,     10.47563627,   14.46492699,   30.19321091,   65.35276544,     31.1675702 ], [  -33.18918539,   32.13532232,   -8.11072518,    1.97861596,     10.56772635,    4.03258964,   14.59136685,    4.01337401,     11.90023795,    7.82566146,    7.83072895,   31.1675702 ,     48.9946709 ]]
/root/sim/music/out/Various_Artists/TETSUYA_KOMURO_ARCHIVES__K__[Disc_4]/12-Guardian.mp3; [-604.43835   , 161.06195   , -18.046038  ,  21.519274  ,   2.4956546 ,   -9.363107  ,   1.8175025 ,  -2.3431146 ,  -4.567838  ,   0.03433137,   -6.4584365 ,  -1.4817913 ,  -0.28662026]; [[17774.70755976,  247.93444844, -126.70635442, 1129.40231072,    394.8037986 ,  427.12635052,  648.44168888,  551.43899295,    380.8376163 ,  309.74669965,  139.23222127,  437.41361077,    471.62133226], [  247.93444844, 1736.04429304,  -90.13151101, -144.44678756,     -2.67004135,  -34.10727218,    9.00406804, -147.41422973,    -84.05211682,  -29.22398155,  -56.7621022 ,  -58.96431956,    -10.19956366], [ -126.70635442,  -90.13151101,  498.51264439,  -33.92344511,    110.54021958,   17.40926642,  -11.25836762,   14.82369856,     12.1848661 ,    0.37090225,   44.69753446,    7.29225045,    -13.70211675], [ 1129.40231072, -144.44678756,  -33.92344511,  347.78251363,     99.71622959,   88.37746481,   60.48935045,  131.47031241,     76.44611122,   40.1790216 ,   65.25148761,   71.10559551,     38.10910257], [  394.8037986 ,   -2.67004135,  110.54021958,   99.71622959,    233.30424359,    4.18525949,   47.67504988,   54.92669193,     39.71921117,    4.03697265,   20.82717867,   48.2918926 ,      7.88633076], [  427.12635052,  -34.10727218,   17.40926642,   88.37746481,      4.18525949,  332.71183392,   71.32199893,   94.84851645,     67.24653521,   79.8254322 ,   67.36667787,   15.66046321,     65.89215824], [  648.44168888,    9.00406804,  -11.25836762,   60.48935045,     47.67504988,   71.32199893,  235.84251933,   47.14034189,     45.59839258,   76.171469  ,   -3.02125421,   46.86987804,     58.75060425], [  551.43899295, -147.41422973,   14.82369856,  131.47031241,     54.92669193,   94.84851645,   47.14034189,  196.12223581,     82.90724522,   39.35697741,   74.65526456,   51.17464574,     38.31155476], [  380.8376163 ,  -84.05211682,   12.1848661 ,   76.44611122,     39.71921117,   67.24653521,   45.59839258,   82.90724522,    138.13971763,   54.83014388,   37.76996996,   37.81211554,     38.84662457], [  309.74669965,  -29.22398155,    0.37090225,   40.1790216 ,      4.03697265,   79.8254322 ,   76.171469  ,   39.35697741,     54.83014388,  133.13994288,   34.05612873,   22.09355017,     36.0421435 ], [  139.23222127,  -56.7621022 ,   44.69753446,   65.25148761,     20.82717867,   67.36667787,   -3.02125421,   74.65526456,     37.76996996,   34.05612873,  149.02617458,   50.32063878,      5.85837367], [  437.41361077,  -58.96431956,    7.29225045,   71.10559551,     48.2918926 ,   15.66046321,   46.86987804,   51.17464574,     37.81211554,   22.09355017,   50.32063878,  131.3755328 ,     49.9097021 ], [  471.62133226,  -10.19956366,  -13.70211675,   38.10910257,      7.88633076,   65.89215824,   58.75060425,   38.31155476,     38.84662457,   36.0421435 ,    5.85837367,   49.9097021 ,    120.29298447]]
/root/sim/music/out/Various_Artists/TETSUYA_KOMURO_ARCHIVES__K__[Disc_4]/06-WOW_WAR_TONIGHT～時には起こせよムーヴメント_girls_ver_.mp3; [-535.5061   ,  94.24889  ,   8.194884 ,  14.407785 ,   6.4680114,    6.550543 ,   8.921445 ,   8.186423 ,   1.732683 ,   4.3636746,   -2.0216138,   2.2052963,   2.3769722]; [[11510.06081597,  415.5084791 ,  -80.01642218,  -89.88054239,    -18.69471238,   41.382087  ,  136.01108313,  142.49372438,     42.09064672,   63.35860414,  -23.52265175,   12.5939044 ,     -9.55336891], [  415.5084791 ,  967.65668161,   10.69724868,  152.51907171,     93.20886707,   31.84837511,  100.18168654,   16.63050788,     38.16904937,   33.22981948,    5.44995797,   35.87368063,     37.88781391], [  -80.01642218,   10.69724868,  426.2639224 ,  100.90455869,     76.31543121,   52.30690542,  -31.48085463,   48.32101496,     13.03573445,    9.12388011,   36.14782826,   33.43220787,      5.94553252], [  -89.88054239,  152.51907171,  100.90455869,  316.31533663,    142.07304929,   18.38358975,   -1.8407821 ,   53.64595456,     53.9024257 ,   29.03532353,   50.92950681,   44.84395449,     32.11910257], [  -18.69471238,   93.20886707,   76.31543121,  142.07304929,    203.44462677,   58.36123266,   16.22432905,   45.97589848,     51.7280874 ,   39.31543818,   34.85256853,   30.09301906,     32.49197259], [   41.382087  ,   31.84837511,   52.30690542,   18.38358975,     58.36123266,  190.1635974 ,   54.4220642 ,   28.03283182,     26.99373813,   33.15126488,   42.00807574,   14.66110805,     21.06471685], [  136.01108313,  100.18168654,  -31.48085463,   -1.8407821 ,     16.22432905,   54.4220642 ,  152.78711525,   39.69917202,     41.37194998,   36.63801517,   17.09833084,   21.75713227,     18.38823946], [  142.49372438,   16.63050788,   48.32101496,   53.64595456,     45.97589848,   28.03283182,   39.69917202,  123.05120827,     56.53258668,   35.7347757 ,   32.58336964,   25.93773566,     17.13682173], [   42.09064672,   38.16904937,   13.03573445,   53.9024257 ,     51.7280874 ,   26.99373813,   41.37194998,   56.53258668,    116.46149879,   52.8638952 ,   32.86078351,   27.5964587 ,     21.46026775], [   63.35860414,   33.22981948,    9.12388011,   29.03532353,     39.31543818,   33.15126488,   36.63801517,   35.7347757 ,     52.8638952 ,   91.67764244,   41.57885483,   23.07184494,     16.68556238], [  -23.52265175,    5.44995797,   36.14782826,   50.92950681,     34.85256853,   42.00807574,   17.09833084,   32.58336964,     32.86078351,   41.57885483,   98.01544527,   48.96819406,     20.11649065], [   12.5939044 ,   35.87368063,   33.43220787,   44.84395449,     30.09301906,   14.66110805,   21.75713227,   25.93773566,     27.5964587 ,   23.07184494,   48.96819406,   88.82457634,     44.06205434], [   -9.55336891,   37.88781391,    5.94553252,   32.11910257,     32.49197259,   21.06471685,   18.38823946,   17.13682173,     21.46026775,   16.68556238,   20.11649065,   44.06205434,     80.81840768]]
/root/sim/music/out/Various_Artists/TETSUYA_KOMURO_ARCHIVES__K__[Disc_4]/02-Have_Dreams!.mp3; [-688.28827   , 135.9214    ,  14.421547  ,  25.303545  ,  -0.39899722,   -1.0962572 ,  10.252638  ,   6.2676983 ,  -5.1372933 ,  14.3676195 ,   -5.0701365 ,   3.1179585 ,   7.56956   ]; [[21016.87159324, -252.54633847, -948.00184476,  797.56747745,    -62.82950646,  426.94335717,  866.53449508,  318.05281478,    289.68490678, 1095.59113804, -222.51258028,  275.83920387,    270.59588181], [ -252.54633847, 3116.90177576, -339.00020562,    5.43593309,     89.33537471,   33.52658729,  224.46526253,  -27.36907031,    -85.09752672,  110.65338175,   -3.29302708,   65.6367869 ,    -19.83995876], [ -948.00184476, -339.00020562, 1299.97412455,  -78.45755793,    201.61920573,  158.27064837, -160.74235278,   63.43527842,     47.85971742, -195.93338229,  143.95416021,  -31.80083507,    -37.69016256], [  797.56747745,    5.43593309,  -78.45755793,  578.5380446 ,     77.20647209,  -52.86608265,   35.42328445,  131.44852382,     61.25196472,  -14.23874837,    0.41015426,   83.73376598,    -10.85815582], [  -62.82950646,   89.33537471,  201.61920573,   77.20647209,    360.46247826,   64.46320564,  -16.88359054,   53.66546643,    114.84569449,  -36.06740588,   18.71393026,   29.89618406,      2.84465152], [  426.94335717,   33.52658729,  158.27064837,  -52.86608265,     64.46320564,  412.20805195,  165.33622777,  -11.41283309,     70.69283679,  103.7082321 ,   -6.79704889,  -16.56121887,     15.40224874], [  866.53449508,  224.46526253, -160.74235278,   35.42328445,    -16.88359054,  165.33622777,  490.83698871,    7.61609787,     12.1623328 ,  267.83067734,  -64.43078909,    6.23249516,     35.8894574 ], [  318.05281478,  -27.36907031,   63.43527842,  131.44852382,     53.66546643,  -11.41283309,    7.61609787,  197.01566443,     30.89874508,  -14.76046493,   44.08064144,   44.12853179,     -0.71689681], [  289.68490678,  -85.09752672,   47.85971742,   61.25196472,    114.84569449,   70.69283679,   12.1623328 ,   30.89874508,    225.17053914,   15.5723306 ,   13.83554233,   27.42072378,    -13.01622701], [ 1095.59113804,  110.65338175, -195.93338229,  -14.23874837,    -36.06740588,  103.7082321 ,  267.83067734,  -14.76046493,     15.5723306 ,  388.2125208 ,  -83.51769463,  -16.42955338,     43.34759432], [ -222.51258028,   -3.29302708,  143.95416021,    0.41015426,     18.71393026,   -6.79704889,  -64.43078909,   44.08064144,     13.83554233,  -83.51769463,  176.74734071,   34.44151132,    -10.25733881], [  275.83920387,   65.6367869 ,  -31.80083507,   83.73376598,     29.89618406,  -16.56121887,    6.23249516,   44.12853179,     27.42072378,  -16.42955338,   34.44151132,  166.69911462,     21.28362028], [  270.59588181,  -19.83995876,  -37.69016256,  -10.85815582,      2.84465152,   15.40224874,   35.8894574 ,   -0.71689681,    -13.01622701,   43.34759432,  -10.25733881,   21.28362028,    140.91498237]]
/root/sim/music/out/Various_Artists/TETSUYA_KOMURO_ARCHIVES__K__[Disc_4]/01-約束の丘.mp3; [-542.1604   ,  87.864845 ,   1.7872039,  24.466078 ,   4.3753524,    4.0407715,   5.461704 ,   2.5623944,   4.609429 ,   7.2570677,   -2.1863518,   2.6058686,   3.6515236]; [[19428.77076235,  629.91886642,  -53.57592559,  683.7594038 ,    304.00076287,  426.37845704,  476.0195649 ,  378.72943977,    412.0657923 ,  348.72420831,  -15.5740537 ,   78.58958595,    179.03614993], [  629.91886642, 1093.75325111,  168.11697518,   57.8111219 ,    139.93485529,   25.84118242,   73.92809   ,  -41.5367484 ,    -24.76232715,   22.33318809,   -1.92412716,  -19.00713172,    -34.40997723], [  -53.57592559,  168.11697518,  396.72118115,   68.01051707,    123.21320951,   75.0725513 ,  -15.33019545,    8.06897186,     -9.31699876,  -14.20821218,   58.68824856,    1.76323082,    -33.48465426], [  683.7594038 ,   57.8111219 ,   68.01051707,  255.9768485 ,    105.89885001,   10.33250058,   15.27643824,   69.87698639,     20.93368397,  -13.3452334 ,   33.1505701 ,   31.71388731,     -2.04433316], [  304.00076287,  139.93485529,  123.21320951,  105.89885001,    188.31881101,   74.98799911,   24.84885992,   48.10401088,     43.14910119,    3.93891566,   23.13465453,   12.6983725 ,      4.71949192], [  426.37845704,   25.84118242,   75.0725513 ,   10.33250058,     74.98799911,  216.83314587,   46.00971067,   27.96562933,     50.70012575,   18.18347913,    9.44070036,   -7.28460543,     19.60519352], [  476.0195649 ,   73.92809   ,  -15.33019545,   15.27643824,     24.84885992,   46.00971067,  181.67342168,   30.25626215,     38.60585751,   58.32863972,  -17.72992413,    6.58823639,     20.44368863], [  378.72943977,  -41.5367484 ,    8.06897186,   69.87698639,     48.10401088,   27.96562933,   30.25626215,  132.62396724,     64.70576006,   11.45134169,   25.2271347 ,   19.02245441,     17.65718485], [  412.0657923 ,  -24.76232715,   -9.31699876,   20.93368397,     43.14910119,   50.70012575,   38.60585751,   64.70576006,    115.17363607,   43.33307909,   -0.88038539,    9.13652908,     31.31393119], [  348.72420831,   22.33318809,  -14.20821218,  -13.3452334 ,      3.93891566,   18.18347913,   58.32863972,   11.45134169,     43.33307909,   97.14932353,   12.76558033,    8.04777931,     19.53353191], [  -15.5740537 ,   -1.92412716,   58.68824856,   33.1505701 ,     23.13465453,    9.44070036,  -17.72992413,   25.2271347 ,     -0.88038539,   12.76558033,   96.21978154,   43.46342201,     -0.38299142], [   78.58958595,  -19.00713172,    1.76323082,   31.71388731,     12.6983725 ,   -7.28460543,    6.58823639,   19.02245441,      9.13652908,    8.04777931,   43.46342201,   76.69473163,     33.07953145], [  179.03614993,  -34.40997723,  -33.48465426,   -2.04433316,      4.71949192,   19.60519352,   20.44368863,   17.65718485,     31.31393119,   19.53353191,   -0.38299142,   33.07953145,     76.40197045]]
/root/sim/music/out/Various_Artists/TETSUYA_KOMURO_ARCHIVES__K__[Disc_4]/07-YouTubeテーマソング_-Tetsuya_Komuro_Rearrange-.mp3; [-539.5747    ,  85.51707   ,  10.888213  ,  26.73781   ,  11.894473  ,    6.777595  ,  -0.16142178,   6.4441166 ,   0.15493014,   0.39986816,    5.3044257 ,   0.64202636,  -1.0504478 ]; [[14915.49607441,  243.78313675,  739.55366604,  451.84347064,    124.41424629,   66.97021873,  -53.81003972,  -28.24451892,    -45.34718883,  -62.76486668,   88.40786575,    9.79661431,    -66.12839222], [  243.78313675, 1074.7200569 , -180.57438852,   -0.19288544,     10.16207563,   36.97204318,   56.90807816,   78.8533017 ,      9.6443743 ,   76.80528462,   82.14079599,   51.54133655,     75.64257326], [  739.55366604, -180.57438852,  487.89013921,  101.52709765,    133.78983727,   68.87197378,   94.29545733,   17.36309394,     31.49338053,   -8.20507063,   33.84686187,   44.96335586,      9.47112367], [  451.84347064,   -0.19288544,  101.52709765,  206.49923126,     78.49098298,   47.48645837,   11.16870401,   30.99514698,     15.80126519,  -28.66566895,   12.8813099 ,   22.73636031,     21.5579176 ], [  124.41424629,   10.16207563,  133.78983727,   78.49098298,    192.50436166,   49.41662901,   37.46243568,   34.99310793,     41.42868871,   12.9653233 ,   21.29369122,   36.43592049,     21.78878779], [   66.97021873,   36.97204318,   68.87197378,   47.48645837,     49.41662901,  175.71449095,   95.91765544,   35.63904071,     31.61433682,   34.64469851,    9.23237289,   33.3531246 ,     39.12998297], [  -53.81003972,   56.90807816,   94.29545733,   11.16870401,     37.46243568,   95.91765544,  174.54865362,   57.14746993,     39.82875034,   63.32274881,   33.04440232,   43.29820088,     44.86824302], [  -28.24451892,   78.8533017 ,   17.36309394,   30.99514698,     34.99310793,   35.63904071,   57.14746993,  108.56529042,     48.53483603,   41.82843364,   42.25371308,   26.91537136,     32.18101348], [  -45.34718883,    9.6443743 ,   31.49338053,   15.80126519,     41.42868871,   31.61433682,   39.82875034,   48.53483603,    109.35867041,   65.05589093,   23.14259673,   27.93260073,     33.57134691], [  -62.76486668,   76.80528462,   -8.20507063,  -28.66566895,     12.9653233 ,   34.64469851,   63.32274881,   41.82843364,     65.05589093,  144.17796535,   48.96195885,   25.98096736,     30.14132673], [   88.40786575,   82.14079599,   33.84686187,   12.8813099 ,     21.29369122,    9.23237289,   33.04440232,   42.25371308,     23.14259673,   48.96195885,   98.52572485,   34.83932075,     14.20559275], [    9.79661431,   51.54133655,   44.96335586,   22.73636031,     36.43592049,   33.3531246 ,   43.29820088,   26.91537136,     27.93260073,   25.98096736,   34.83932075,   80.4313643 ,     45.15300738], [  -66.12839222,   75.64257326,    9.47112367,   21.5579176 ,     21.78878779,   39.12998297,   44.86824302,   32.18101348,     33.57134691,   30.14132673,   14.20559275,   45.15300738,     93.71465549]]
/root/sim/music/out/Various_Artists/TETSUYA_KOMURO_ARCHIVES__K__[Disc_4]/10-風よ吹け!.mp3; [-548.50464  ,  77.23544  ,  -1.6616099,  14.19829  ,   4.728443 ,    2.739988 ,  12.621064 ,   3.4089377,   5.0079904,   5.416348 ,   -1.6166238,   2.847069 ,   2.843463 ]; [[21980.23579633, 1642.09408457,  535.79406869,  663.19220812,    148.0090595 ,  209.86575934,  372.02046558,  179.77386656,    146.57365655,  125.95477228,  -33.65705812,  -32.68298759,     84.20827337], [ 1642.09408457,  772.56629798,   61.81142689,   57.29864604,     31.38774392,   -2.55100988,  108.81897355,  -31.21271176,     53.37399626,   76.98684665,  -10.63155609,   17.34138151,     -9.91743157], [  535.79406869,   61.81142689,  621.26676181,  153.27782368,    135.30379886,  142.72784072,   -8.44645943,   78.74467302,    -17.15258216,    8.25542556,   97.90655991,    0.49261472,     -9.49039592], [  663.19220812,   57.29864604,  153.27782368,  334.24805886,     80.00708534,  -29.54887397,   18.95507754,   59.24586936,      1.86858502,   -9.80350484,   51.99872627,   32.5896474 ,     -2.80677258], [  148.0090595 ,   31.38774392,  135.30379886,   80.00708534,    149.17260714,   90.44229856,    9.78164823,   50.87061917,     28.21423568,   21.84149449,   31.57561458,   10.78378415,     21.07408123], [  209.86575934,   -2.55100988,  142.72784072,  -29.54887397,     90.44229856,  294.20010175,   41.65869837,   61.77649409,     35.12568829,   50.86897328,   47.87782858,   -7.81879552,     36.28790449], [  372.02046558,  108.81897355,   -8.44645943,   18.95507754,      9.78164823,   41.65869837,  191.52225327,   34.51794563,     41.89143539,   57.69825929,   10.65125694,   35.84951445,     36.6826094 ], [  179.77386656,  -31.21271176,   78.74467302,   59.24586936,     50.87061917,   61.77649409,   34.51794563,  156.27596283,     44.24083407,    4.59640085,   36.21964414,   18.94425799,     25.73451954], [  146.57365655,   53.37399626,  -17.15258216,    1.86858502,     28.21423568,   35.12568829,   41.89143539,   44.24083407,    133.28726025,   61.39374053,   10.3562076 ,   24.75637874,     40.86045738], [  125.95477228,   76.98684665,    8.25542556,   -9.80350484,     21.84149449,   50.86897328,   57.69825929,    4.59640085,     61.39374053,  123.6443032 ,   38.15401803,   26.41384842,     35.80715312], [  -33.65705812,  -10.63155609,   97.90655991,   51.99872627,     31.57561458,   47.87782858,   10.65125694,   36.21964414,     10.3562076 ,   38.15401803,  114.99675674,   51.51111845,     21.44658899], [  -32.68298759,   17.34138151,    0.49261472,   32.5896474 ,     10.78378415,   -7.81879552,   35.84951445,   18.94425799,     24.75637874,   26.41384842,   51.51111845,   96.85887943,     47.82970459], [   84.20827337,   -9.91743157,   -9.49039592,   -2.80677258,     21.07408123,   36.28790449,   36.6826094 ,   25.73451954,     40.86045738,   35.80715312,   21.44658899,   47.82970459,    103.1474955 ]]
/root/sim/music/out/Various_Artists/TETSUYA_KOMURO_ARCHIVES__T__[Disc_3]/12-a_song_is_born.mp3; [-601.5016    , 114.09702   ,   2.8825533 ,   9.330836  ,   3.2138863 ,    2.6094806 ,   5.4003143 ,  -2.0664768 ,   5.3388414 ,   5.882812  ,    0.14524926,   6.2871456 ,   2.578652  ]; [[20184.59779687,-1065.24559738,  772.63084123,  759.00960026,   -104.84812889,  632.97820547,  489.71706405,  825.85206316,    557.66984057,  280.17360533, -256.39248421,   85.87265851,    378.15718968], [-1065.24559738, 1946.12926158, -463.68234397, -227.28570887,    181.8789824 , -165.42433795,  109.34059742, -282.15186649,    -42.06832259,  -17.7325717 ,   80.22857102,   31.9739804 ,    -99.1754723 ], [  772.63084123, -463.68234397, 1110.85436458,  195.61475814,    100.45554811,  117.39960389,   85.53429143,  190.60386199,     29.65393646,   71.84306048,  -47.97740366,   21.98101093,    -29.19923916], [  759.00960026, -227.28570887,  195.61475814,  549.34071919,    102.50010746,   57.84659996,  -27.59425961,  207.49278093,     30.68447586,  -40.14139141,   30.66722073,   30.46475092,      9.27544704], [ -104.84812889,  181.8789824 ,  100.45554811,  102.50010746,    299.97717973,    3.7992762 ,   51.54059406,   42.47445769,     73.52390362,   23.40783739,   27.81857519,   40.37096669,      1.20775602], [  632.97820547, -165.42433795,  117.39960389,   57.84659996,      3.7992762 ,  357.62442755,   84.29969418,  102.39036209,     24.4860305 ,   74.84052247,   11.88906433,  -25.79347328,     60.1850278 ], [  489.71706405,  109.34059742,   85.53429143,  -27.59425961,     51.54059406,   84.29969418,  324.40418725,   33.63658284,     84.23078093,   70.23183133,   -7.79622006,   39.62818737,     23.73764285], [  825.85206316, -282.15186649,  190.60386199,  207.49278093,     42.47445769,  102.39036209,   33.63658284,  303.67735869,     60.89540696,   21.18802619,   -2.74756345,   22.62794339,     55.8648099 ], [  557.66984057,  -42.06832259,   29.65393646,   30.68447586,     73.52390362,   24.4860305 ,   84.23078093,   60.89540696,    211.58669863,   63.76556622,    3.01013258,   21.04845322,     40.8946341 ], [  280.17360533,  -17.7325717 ,   71.84306048,  -40.14139141,     23.40783739,   74.84052247,   70.23183133,   21.18802619,     63.76556622,  151.78390753,    2.55377293,    2.37186833,     25.16388517], [ -256.39248421,   80.22857102,  -47.97740366,   30.66722073,     27.81857519,   11.88906433,   -7.79622006,   -2.74756345,      3.01013258,    2.55377293,  163.7197698 ,   54.44555358,      5.19202382], [   85.87265851,   31.9739804 ,   21.98101093,   30.46475092,     40.37096669,  -25.79347328,   39.62818737,   22.62794339,     21.04845322,    2.37186833,   54.44555358,  152.06485521,     25.0403377 ], [  378.15718968,  -99.1754723 ,  -29.19923916,    9.27544704,      1.20775602,   60.1850278 ,   23.73764285,   55.8648099 ,     40.8946341 ,   25.16388517,    5.19202382,   25.0403377 ,    116.18870061]]
/root/sim/music/out/Various_Artists/TETSUYA_KOMURO_ARCHIVES__T__[Disc_3]/07-海とあなたの物語.mp3; [-559.35315   , 103.820946  ,  -8.065414  ,  22.531902  ,   7.027609  ,    8.637578  ,  12.337656  ,   8.104713  ,   0.23677467,   5.166827  ,   -1.215121  ,   1.1460456 ,  -0.6970483 ]; [[27842.2565546 ,-1412.44618829,  120.92428254, 1091.32449931,    818.24180436,  144.3599263 ,  991.33116436,  793.77799799,    535.8189179 ,  358.31384017,   35.63077534,  405.12218234,     35.98333166], [-1412.44618829, 1437.79971526, -243.91885812,  -50.45478221,   -157.88782287,   56.79235687, -136.75678154, -126.81807041,   -103.76515048,  -53.94508893,  -18.51659765,  -66.55375973,    -24.10294105], [  120.92428254, -243.91885812,  409.64026157,   17.94573985,     66.65237425,    0.99091369,   21.01034554,   19.12391855,    -14.21144469,    9.22687218,   24.48129149,   29.48275257,     30.87797287], [ 1091.32449931,  -50.45478221,   17.94573985,  302.73724211,    105.66167334,  -61.48120248,   76.31307434,   86.21389983,     41.26264241,  -11.65228786,   36.71041416,   56.83188036,    -11.20836188], [  818.24180436, -157.88782287,   66.65237425,  105.66167334,    223.73500307,   15.52012289,   72.7736735 ,   32.45786276,     35.50790721,   23.7189741 ,   -3.56446552,   36.78498508,     20.81851644], [  144.3599263 ,   56.79235687,    0.99091369,  -61.48120248,     15.52012289,  231.84731602,   29.29976519,  -14.49621892,     19.8083392 ,   27.15694605,  -13.88339766,  -25.56459226,      5.45992865], [  991.33116436, -136.75678154,   21.01034554,   76.31307434,     72.7736735 ,   29.29976519,  228.56103788,   72.49011824,     37.64150595,   51.08026574,   -1.49965598,   36.96924426,     -1.37688353], [  793.77799799, -126.81807041,   19.12391855,   86.21389983,     32.45786276,  -14.49621892,   72.49011824,  161.02903143,     78.84996462,   -0.61893771,   11.73989412,   25.3635535 ,      0.78264745], [  535.8189179 , -103.76515048,  -14.21144469,   41.26264241,     35.50790721,   19.8083392 ,   37.64150595,   78.84996462,    151.56877838,   48.34686695,  -12.99572246,    4.59835608,     -5.42568587], [  358.31384017,  -53.94508893,    9.22687218,  -11.65228786,     23.7189741 ,   27.15694605,   51.08026574,   -0.61893771,     48.34686695,  119.93922168,    8.75487686,   -2.92155853,     -4.9016486 ], [   35.63077534,  -18.51659765,   24.48129149,   36.71041416,     -3.56446552,  -13.88339766,   -1.49965598,   11.73989412,    -12.99572246,    8.75487686,  104.98310016,   26.99244383,    -21.15053931], [  405.12218234,  -66.55375973,   29.48275257,   56.83188036,     36.78498508,  -25.56459226,   36.96924426,   25.3635535 ,      4.59835608,   -2.92155853,   26.99244383,   96.04189359,     26.75397533], [   35.98333166,  -24.10294105,   30.87797287,  -11.20836188,     20.81851644,    5.45992865,   -1.37688353,    0.78264745,     -5.42568587,   -4.9016486 ,  -21.15053931,   26.75397533,     92.32240621]]
/root/sim/music/out/Various_Artists/TETSUYA_KOMURO_ARCHIVES__T__[Disc_3]/06-ふわふわ_ふるる.mp3; [-559.00256   , 101.84565   ,   7.613324  ,  14.328655  ,   1.3494912 ,   -2.0049016 ,  -2.0763803 ,   0.89998597,  -0.15840305,  -1.155047  ,   -2.4615636 ,  -1.8259099 ,  -2.1881511 ]; [[16747.53157896,  704.26678543,   31.18265888,  676.11522999,    361.84536972,  196.20082282,  242.90142361,  141.08293048,     84.86757854,   70.484096  ,  100.09814866,   66.87107525,     -4.46870079], [  704.26678543,  986.1637527 ,    8.40832608,  -69.23249865,     80.07861985,   70.82989485,  102.93103939,   12.35601879,     50.27999514,   57.74306136,   25.98292409,    3.30722865,    -12.35893259], [   31.18265888,    8.40832608,  645.63751731,  103.27432507,     60.61378627,   83.90931416,    6.13213959,   42.09637682,     53.03744049,  -30.08537372,   -3.44330159,    8.35860637,    -36.57403588], [  676.11522999,  -69.23249865,  103.27432507,  495.680402  ,    148.88578205,   15.05770661,   61.36926926,   74.95851785,     16.14893003,  -30.87225622,   48.13485156,   36.8079753 ,     -6.17883661], [  361.84536972,   80.07861985,   60.61378627,  148.88578205,    249.06766935,   64.06656089,   72.511115  ,   43.26527776,     45.8389947 ,   20.5089108 ,   27.59815968,   23.25645184,     14.60383864], [  196.20082282,   70.82989485,   83.90931416,   15.05770661,     64.06656089,  294.29851458,   89.78112105,  -23.17557815,     24.61998434,   44.47789463,    2.59425238,   -4.15748795,     -2.32783763], [  242.90142361,  102.93103939,    6.13213959,   61.36926926,     72.511115  ,   89.78112105,  192.79132512,   34.90059121,      6.5116809 ,   13.88396588,   22.80371126,   18.86653611,      8.61808406], [  141.08293048,   12.35601879,   42.09637682,   74.95851785,     43.26527776,  -23.17557815,   34.90059121,  139.2365583 ,     35.97454782,  -13.87866173,   14.44571923,   10.59906458,      8.34880637], [   84.86757854,   50.27999514,   53.03744049,   16.14893003,     45.8389947 ,   24.61998434,    6.5116809 ,   35.97454782,    115.55976035,   43.21684194,   -3.35590902,    5.42539026,      9.0799526 ], [   70.484096  ,   57.74306136,  -30.08537372,  -30.87225622,     20.5089108 ,   44.47789463,   13.88396588,  -13.87866173,     43.21684194,  132.06626164,   27.63255958,    6.16032704,      4.66957346], [  100.09814866,   25.98292409,   -3.44330159,   48.13485156,     27.59815968,    2.59425238,   22.80371126,   14.44571923,     -3.35590902,   27.63255958,  115.97834029,   34.83309831,     14.24735907], [   66.87107525,    3.30722865,    8.35860637,   36.8079753 ,     23.25645184,   -4.15748795,   18.86653611,   10.59906458,      5.42539026,    6.16032704,   34.83309831,   81.06500515,     21.47088839], [   -4.46870079,  -12.35893259,  -36.57403588,   -6.17883661,     14.60383864,   -2.32783763,    8.61808406,    8.34880637,      9.0799526 ,    4.66957346,   14.24735907,   21.47088839,     90.31440354]]
/root/sim/music/out/Various_Artists/TETSUYA_KOMURO_ARCHIVES__T__[Disc_3]/10-BE_TOGETHER__ORIGINAL_MIX_.mp3; [-573.3556   ,  95.52122  ,  -3.9860303,  26.191835 ,   3.5664709,    5.3871512,  10.360792 ,  12.215475 ,   2.6160383,   7.2053657,   -1.2649008,  -1.4049102,  -2.3542957]; [[24373.16008316, 2022.54173232, -297.50992441,  198.16723721,    977.55206396,   41.94576395,  -53.44474523, -161.01608788,   -234.13927809,  238.87770394, -327.72812899,   66.63296307,    277.33693967], [ 2022.54173232, 1506.41729499,   41.88674989,  273.57182333,    132.62404228,    7.42125911,   72.72672133,  -51.96007966,     -9.27753376,  119.98555261,  -67.70638195,   28.1310231 ,     97.72089795], [ -297.50992441,   41.88674989,  853.82917836,   99.73900001,     49.74491896,   50.93766524,   63.7531008 ,   36.10775967,     23.88326656,   -7.38572115,    2.60509311,    3.47022108,     -9.69194534], [  198.16723721,  273.57182333,   99.73900001,  462.86947489,     91.8320388 ,   67.02444988,    6.60659418,   73.95200451,     77.05128181,   -0.78187795,   26.05657057,   29.41884516,     19.60923638], [  977.55206396,  132.62404228,   49.74491896,   91.8320388 ,    416.90060574,   14.76582321,  -41.04648594,  -53.61325077,    -16.34829884,   30.20807997,  -58.18143002,   34.89182532,     85.92275856], [   41.94576395,    7.42125911,   50.93766524,   67.02444988,     14.76582321,  261.86267636,   71.64164514,   58.22127156,     79.32233502,   28.05046278,   45.72546389,   -7.67457818,    -20.91284993], [  -53.44474523,   72.72672133,   63.7531008 ,    6.60659418,    -41.04648594,   71.64164514,  210.21735469,   56.79115499,     49.44800922,   53.83352203,    8.7455241 ,    5.65272624,    -16.158736  ], [ -161.01608788,  -51.96007966,   36.10775967,   73.95200451,    -53.61325077,   58.22127156,   56.79115499,  196.00469191,     78.97474189,   -5.60384789,   62.20159733,   -9.23197141,    -25.3604229 ], [ -234.13927809,   -9.27753376,   23.88326656,   77.05128181,    -16.34829884,   79.32233502,   49.44800922,   78.97474189,    195.90840202,   56.50717194,   18.66476035,  -12.3018834 ,    -18.557228  ], [  238.87770394,  119.98555261,   -7.38572115,   -0.78187795,     30.20807997,   28.05046278,   53.83352203,   -5.60384789,     56.50717194,  146.28551799,    2.56411488,    9.9596913 ,     20.96600096], [ -327.72812899,  -67.70638195,    2.60509311,   26.05657057,    -58.18143002,   45.72546389,    8.7455241 ,   62.20159733,     18.66476035,    2.56411488,  151.57773291,   30.20442538,    -17.00000115], [   66.63296307,   28.1310231 ,    3.47022108,   29.41884516,     34.89182532,   -7.67457818,    5.65272624,   -9.23197141,    -12.3018834 ,    9.9596913 ,   30.20442538,   92.99391393,     27.20035104], [  277.33693967,   97.72089795,   -9.69194534,   19.60923638,     85.92275856,  -20.91284993,  -16.158736  ,  -25.3604229 ,    -18.557228  ,   20.96600096,  -17.00000115,   27.20035104,    112.08236416]]
