/root/sim/music/out/井上陽水/GOLDEN_BEST_[Disc_1]/03_Make-up_Shadow.mp3; [-559.94727   , 125.31545   ,   4.7551484 ,  13.242846  ,   7.526019  ,    0.12674972, -10.913332  ,   0.8808387 ,  -1.5812663 ,  -5.33062   ,    2.213217  ,   0.86802655,  -3.4248712 ]; [[14122.15856216, -233.40221125, -111.18800292,  197.30835271,    158.68921423,  -54.99468081, -226.31884987,  118.31777595,     91.61214659,  -27.6765815 ,  215.23684161,  102.77465753,      8.81785194], [ -233.40221125, 1497.48917897, -123.66920158,   43.2917347 ,     86.88403612,  -37.97842285,  -21.17037797,  -18.67887613,    -56.01022863,  -74.09157136,  -35.13952375,   -5.71794074,    -47.6833616 ], [ -111.18800292, -123.66920158,  575.99800097,    5.54522035,    -84.31008227,  121.41512394,  137.93501901,  -83.71746349,    -25.48224635,   62.35701426,  -53.37126447,    7.13947424,     53.35289289], [  197.30835271,   43.2917347 ,    5.54522035,  232.84223348,     67.07305452,  -26.11609299,  -44.27383742,    4.21430653,     29.39543776,   -7.00676073,  -28.39117084,   21.40234492,     12.39163445], [  158.68921423,   86.88403612,  -84.31008227,   67.07305452,    194.12507405,  -37.96937633,  -78.91125375,   34.61411659,     41.82963486,  -15.45254287,   15.1303249 ,   17.46404667,    -12.91839023], [  -54.99468081,  -37.97842285,  121.41512394,  -26.11609299,    -37.96937633,  126.61534923,   75.94446191,  -12.0722169 ,     -3.47507521,   34.63860973,    3.97816584,   -6.55877991,     12.65391942], [ -226.31884987,  -21.17037797,  137.93501901,  -44.27383742,    -78.91125375,   75.94446191,  172.82800221,   -5.53966331,    -18.73004552,   39.71493456,   -4.77776605,    0.77653154,     19.00479127], [  118.31777595,  -18.67887613,  -83.71746349,    4.21430653,     34.61411659,  -12.0722169 ,   -5.53966331,  120.04273226,     29.2628144 ,   -7.12985212,   34.00549791,    7.33142142,     -7.34995699], [   91.61214659,  -56.01022863,  -25.48224635,   29.39543776,     41.82963486,   -3.47507521,  -18.73004552,   29.2628144 ,     84.3668061 ,   17.18446045,   11.1809419 ,   11.01524523,      4.1069093 ], [  -27.6765815 ,  -74.09157136,   62.35701426,   -7.00676073,    -15.45254287,   34.63860973,   39.71493456,   -7.12985212,     17.18446045,   96.79886876,   13.37368791,   -9.02692102,      9.29704367], [  215.23684161,  -35.13952375,  -53.37126447,  -28.39117084,     15.1303249 ,    3.97816584,   -4.77776605,   34.00549791,     11.1809419 ,   13.37368791,   98.8900873 ,   11.54770329,    -13.93019951], [  102.77465753,   -5.71794074,    7.13947424,   21.40234492,     17.46404667,   -6.55877991,    0.77653154,    7.33142142,     11.01524523,   -9.02692102,   11.54770329,   73.73073567,     25.60452044], [    8.81785194,  -47.6833616 ,   53.35289289,   12.39163445,    -12.91839023,   12.65391942,   19.00479127,   -7.34995699,      4.1069093 ,    9.29704367,  -13.93019951,   25.60452044,     65.95016698]]
/root/sim/music/out/井上陽水/GOLDEN_BEST_[Disc_1]/05_最後のニュース.mp3; [-651.5102    , 157.80359   ,  -4.8209577 ,  15.115169  ,   1.3374578 ,   -4.780758  ,  -9.717621  ,  -0.6164318 , -13.1141205 ,  -6.149464  ,   -0.69776714,  -8.753822  , -11.576047  ]; [[16947.08361354,  542.44989882,-1008.5854006 ,  -92.05649846,   -104.39879879, -177.32009181, -293.76842411,  539.21926742,    -47.15772662,  -11.9730524 ,  310.97459902,  -95.90038131,    -92.84447277], [  542.44989882, 1628.71365683, -222.50441155,    3.9021367 ,      6.08813069,  -37.30039398,   29.34064887,  -32.10848555,    -13.6322237 ,   18.43558179,   -6.24524469,    7.94188261,     21.10049777], [-1008.5854006 , -222.50441155,  739.02895618,  128.2162461 ,     11.74947062,  148.33725164,   74.8637766 , -153.08429066,     11.8593612 ,  -21.10283794, -121.37818067,   72.79334536,     -2.97603528], [  -92.05649846,    3.9021367 ,  128.2162461 ,  295.52812186,     92.6587253 ,   72.52438779,   -5.39922859,  -51.98064753,     45.31966217,   14.66143732,  -42.89876002,   38.18334912,     22.38443167], [ -104.39879879,    6.08813069,   11.74947062,   92.6587253 ,    221.72232132,   27.49377745,  -14.26843427,   -0.32000581,     46.47328933,   21.55009399,    9.59999789,    9.45188208,     20.87453218], [ -177.32009181,  -37.30039398,  148.33725164,   72.52438779,     27.49377745,  252.81514265,  109.5907844 ,  -33.42421153,     70.78746773,   66.2362002 ,  -35.80540622,   68.1179901 ,     43.84682736], [ -293.76842411,   29.34064887,   74.8637766 ,   -5.39922859,    -14.26843427,  109.5907844 ,  210.15741574,   22.10162842,     38.62749134,   55.64671679,  -17.13955255,   32.81474416,     21.37842478], [  539.21926742,  -32.10848555, -153.08429066,  -51.98064753,     -0.32000581,  -33.42421153,   22.10162842,  157.24868574,     18.86594651,   11.24411454,   52.97217441,  -24.12226549,      0.64104923], [  -47.15772662,  -13.6322237 ,   11.8593612 ,   45.31966217,     46.47328933,   70.78746773,   38.62749134,   18.86594651,    147.50155133,   66.42607137,  -11.72597535,   28.28818151,     40.58554285], [  -11.9730524 ,   18.43558179,  -21.10283794,   14.66143732,     21.55009399,   66.2362002 ,   55.64671679,   11.24411454,     66.42607137,  134.4514595 ,   20.68866152,   20.17751765,     25.8570216 ], [  310.97459902,   -6.24524469, -121.37818067,  -42.89876002,      9.59999789,  -35.80540622,  -17.13955255,   52.97217441,    -11.72597535,   20.68866152,  124.41808408,    1.12651273,     -5.11700497], [  -95.90038131,    7.94188261,   72.79334536,   38.18334912,      9.45188208,   68.1179901 ,   32.81474416,  -24.12226549,     28.28818151,   20.17751765,    1.12651273,  113.43845795,     41.03686303], [  -92.84447277,   21.10049777,   -2.97603528,   22.38443167,     20.87453218,   43.84682736,   21.37842478,    0.64104923,     40.58554285,   25.8570216 ,   -5.11700497,   41.03686303,    103.28618419]]
/root/sim/music/out/井上陽水/GOLDEN_BEST_[Disc_1]/07_氷の世界.mp3; [-564.169     ,  99.59882   , -16.590195  ,  28.784437  ,  11.862976  ,    3.1237445 ,  -1.4003141 ,   2.6406832 ,  -3.924847  ,   4.927531  ,    0.87340903,   0.72886866,  -2.2019038 ]; [[14333.93530552,  538.24873273, -143.28067077, -219.99214024,   -188.80735772,  -25.61027691, -134.53091055,   51.61256708,    -63.21263403,  -18.90249547,   32.57934282,  -64.06705262,   -120.49217684], [  538.24873273,  917.87922938, -221.5498809 ,  309.42452046,     66.3651026 , -102.42740031,   24.01244506,  -16.73002385,    -45.83480664,   67.30098919,   -8.16215155,   18.99110334,      6.08312749], [ -143.28067077, -221.5498809 ,  477.04064019,  -23.73891757,     68.77528499,   65.60463759,  -26.15679928,   36.90614577,     55.90885554,  -15.97468475,   16.91493744,   -3.19860276,     30.33067207], [ -219.99214024,  309.42452046,  -23.73891757,  478.88019052,    170.51549279,  -38.19105507,  -28.64112773,  -16.76835211,      8.72471176,   26.23012132,  -51.74351252,   -2.25601576,     13.98621443], [ -188.80735772,   66.3651026 ,   68.77528499,  170.51549279,    229.34202533,   10.55743002,   -8.41282129,   20.63281919,     21.15802971,    0.84203663,   -6.93865929,    4.30684922,     17.08453206], [  -25.61027691, -102.42740031,   65.60463759,  -38.19105507,     10.55743002,  150.96020586,   55.0270413 ,   27.10006105,     23.19897968,  -17.64270545,    2.61270784,    2.16099689,     10.20486966], [ -134.53091055,   24.01244506,  -26.15679928,  -28.64112773,     -8.41282129,   55.0270413 ,  142.56267743,   42.10692847,     11.75220788,    1.05064272,    4.44679981,   17.25996873,      9.3710412 ], [   51.61256708,  -16.73002385,   36.90614577,  -16.76835211,     20.63281919,   27.10006105,   42.10692847,  110.11902872,     45.50170317,   -0.10251612,   14.62981018,   -6.60393043,     -3.65767464], [  -63.21263403,  -45.83480664,   55.90885554,    8.72471176,     21.15802971,   23.19897968,   11.75220788,   45.50170317,    125.30048117,   36.58016952,    3.79642295,  -20.91107817,    -13.26345217], [  -18.90249547,   67.30098919,  -15.97468475,   26.23012132,      0.84203663,  -17.64270545,    1.05064272,   -0.10251612,     36.58016952,  107.16581174,   37.33319701,    4.13198895,    -10.03094112], [   32.57934282,   -8.16215155,   16.91493744,  -51.74351252,     -6.93865929,    2.61270784,    4.44679981,   14.62981018,      3.79642295,   37.33319701,  104.69786289,   35.49228951,     10.21594314], [  -64.06705262,   18.99110334,   -3.19860276,   -2.25601576,      4.30684922,    2.16099689,   17.25996873,   -6.60393043,    -20.91107817,    4.13198895,   35.49228951,   96.4506829 ,     51.91778557], [ -120.49217684,    6.08312749,   30.33067207,   13.98621443,     17.08453206,   10.20486966,    9.3710412 ,   -3.65767464,    -13.26345217,  -10.03094112,   10.21594314,   51.91778557,     95.1599719 ]]
/root/sim/music/out/井上陽水/GOLDEN_BEST_[Disc_1]/04_アジアの純真.mp3; [-573.14215   , 127.58471   ,  -8.080243  ,  19.457243  ,  10.953092  ,   13.697885  ,  -4.00114   ,   8.199113  ,  -0.21987514,  -1.7518295 ,    2.8282394 ,   0.96020025,  -1.1598125 ]; [[20350.7841425 , -305.04554231,-1111.77735294, -473.1462167 ,    -90.33357809,  179.74286024, -202.08148789,  155.47037962,    -68.3379647 ,  -60.67375543,  -12.25328972, -233.86605567,   -309.47013061], [ -305.04554231, 1405.50854201, -137.57532396,  117.71194323,     23.54604472,   19.94697293,  -14.60645928,   34.82323219,    -20.4983361 ,  -40.29121354,   33.01892271,   27.41809973,     22.36396728], [-1111.77735294, -137.57532396,  815.16142169,  -20.85383282,    -14.10967751,   18.74742294,   78.62343857,  -28.04969176,     -1.82650859,   53.13972723,   20.56511393,   57.35421844,     74.1831642 ], [ -473.1462167 ,  117.71194323,  -20.85383282,  319.31067473,     47.34967342,  -12.60083376,  -60.58667512,   -1.04184411,     29.91577225,   -3.2317092 ,  -30.01077475,   10.89170207,     28.05566214], [  -90.33357809,   23.54604472,  -14.10967751,   47.34967342,    182.11538041,   15.01797407,  -20.36660933,    5.02151519,     30.3957356 ,    7.64708484,    6.5249108 ,    9.55913319,      3.76869117], [  179.74286024,   19.94697293,   18.74742294,  -12.60083376,     15.01797407,  152.43532214,   67.92707194,    0.03975452,      2.81536725,   27.25551514,    6.03092752,   -9.71987127,     -8.44994683], [ -202.08148789,  -14.60645928,   78.62343857,  -60.58667512,    -20.36660933,   67.92707194,  168.60945242,   27.92590332,     -5.23558207,   21.68981915,   25.83233359,    8.65628742,     -2.72872073], [  155.47037962,   34.82323219,  -28.04969176,   -1.04184411,      5.02151519,    0.03975452,   27.92590332,   93.83880843,     17.01381964,   -6.49438614,   16.3987666 ,    4.79610662,     -3.06503357], [  -68.3379647 ,  -20.4983361 ,   -1.82650859,   29.91577225,     30.3957356 ,    2.81536725,   -5.23558207,   17.01381964,    100.05816434,   39.27810896,  -13.20962818,    5.76163503,      6.14200412], [  -60.67375543,  -40.29121354,   53.13972723,   -3.2317092 ,      7.64708484,   27.25551514,   21.68981915,   -6.49438614,     39.27810896,   85.88407724,   26.3910325 ,   -4.38351339,     -4.17861212], [  -12.25328972,   33.01892271,   20.56511393,  -30.01077475,      6.5249108 ,    6.03092752,   25.83233359,   16.3987666 ,    -13.20962818,   26.3910325 ,  100.93946656,   22.85204219,     -9.13645295], [ -233.86605567,   27.41809973,   57.35421844,   10.89170207,      9.55913319,   -9.71987127,    8.65628742,    4.79610662,      5.76163503,   -4.38351339,   22.85204219,   82.97116644,     35.25806776], [ -309.47013061,   22.36396728,   74.1831642 ,   28.05566214,      3.76869117,   -8.44994683,   -2.72872073,   -3.06503357,      6.14200412,   -4.17861212,   -9.13645295,   35.25806776,     71.18955731]]
/root/sim/music/out/井上陽水/GOLDEN_BEST_[Disc_1]/13_クレイジーラブ.mp3; [-605.7561    , 123.47077   , -21.01342   ,  26.919844  ,   7.787436  ,    7.6065574 ,   1.1860694 ,  -3.2332118 ,  -1.2255253 ,  -0.7488656 ,   -0.12340307,   3.083922  ,  -3.288507  ]; [[14167.42994898,  471.08574116, -708.3148809 ,  291.65653751,     74.8061088 ,  160.86072568,  232.46283547,   52.15726462,    170.54939446,   80.72682459,  110.16106043,   60.73579159,   -218.8069193 ], [  471.08574116, 1275.92624116, -128.72299821,   60.91849183,      9.69924521,  -26.69122972,   41.87615721,   54.82822616,    -40.9062764 ,   -8.33715152,   69.00778603,   13.94654075,     35.11134249], [ -708.3148809 , -128.72299821,  809.68945775,  -17.19748676,     -7.61059239,   81.69610516,   32.74100854,   67.06066478,    -61.40726935,   74.8120634 ,   26.29825995,  -20.1403232 ,     84.39501688], [  291.65653751,   60.91849183,  -17.19748676,  397.67731254,     94.64091749,   77.4135675 ,    4.69655016,  -80.73776009,     75.67124503,   26.55835955,  -90.82996636,   48.80878327,     32.19660087], [   74.8061088 ,    9.69924521,   -7.61059239,   94.64091749,    288.3994922 ,    0.51732601, -109.24493972,   62.64179437,     28.42767419,   -3.97867412,   -9.40829061,   21.7128838 ,      4.54936618], [  160.86072568,  -26.69122972,   81.69610516,   77.4135675 ,      0.51732601,  155.92562823,   86.2227382 ,  -26.27878866,     19.23495935,   38.54298936,  -11.97521044,    9.13870027,      6.04625988], [  232.46283547,   41.87615721,   32.74100854,    4.69655016,   -109.24493972,   86.2227382 ,  236.52587136,   -6.60686005,     19.8946346 ,   39.72934546,   21.72541509,    2.94431815,      0.31514824], [   52.15726462,   54.82822616,   67.06066478,  -80.73776009,     62.64179437,  -26.27878866,   -6.60686005,  184.92121921,     -4.82453188,   -6.6797006 ,   66.09525341,  -11.38087771,     -7.58748759], [  170.54939446,  -40.9062764 ,  -61.40726935,   75.67124503,     28.42767419,   19.23495935,   19.8946346 ,   -4.82453188,    129.70032578,   39.25301214,  -27.55603976,   20.77101878,      0.16966447], [   80.72682459,   -8.33715152,   74.8120634 ,   26.55835955,     -3.97867412,   38.54298936,   39.72934546,   -6.6797006 ,     39.25301214,  110.04588274,   31.88920627,    3.53043306,      4.98638714], [  110.16106043,   69.00778603,   26.29825995,  -90.82996636,     -9.40829061,  -11.97521044,   21.72541509,   66.09525341,    -27.55603976,   31.88920627,  152.12070723,    6.20171266,    -13.28503237], [   60.73579159,   13.94654075,  -20.1403232 ,   48.80878327,     21.7128838 ,    9.13870027,    2.94431815,  -11.38087771,     20.77101878,    3.53043306,    6.20171266,   87.27312363,     26.38623921], [ -218.8069193 ,   35.11134249,   84.39501688,   32.19660087,      4.54936618,    6.04625988,    0.31514824,   -7.58748759,      0.16966447,    4.98638714,  -13.28503237,   26.38623921,     85.49430203]]
/root/sim/music/out/井上陽水/GOLDEN_BEST_[Disc_1]/09_リバーサイド_ホテル.mp3; [-693.091     , 117.8212    ,  -1.4822587 ,  24.77852   ,  -3.6540482 ,   16.225203  ,   0.05251436,  -1.7829734 ,   3.406511  ,   2.6483948 ,   -0.7705281 ,  -2.6006048 ,  -9.163223  ]; [[19479.69368985, 1362.37076809,-1826.15690186,-1451.87830914,    855.45390238, -200.96134277, -787.25175121,  417.32527023,   -871.0361157 , -369.69341942,  789.63992089, -403.74882792,   -276.88065824], [ 1362.37076809, 2226.82336835, -242.68546183,  -47.85994024,     94.04623583,  -45.92154218, -199.22934595, -266.11061531,   -122.37223478,  -94.73212599,   24.5444531 ,   49.30699246,    -63.44300521], [-1826.15690186, -242.68546183, 1488.02114047,  528.01022704,   -186.60258439,  234.96548123,  194.19109752,  -55.06740308,    240.20869721,  173.72287219, -182.20858685,  138.56454962,    192.25969824], [-1451.87830914,  -47.85994024,  528.01022704,  705.54071544,    -21.79144519,   77.34219449,   97.78243898,  -25.40689811,    211.12073698,   92.30632827, -160.17434518,   80.8871119 ,     86.76026042], [  855.45390238,   94.04623583, -186.60258439,  -21.79144519,    458.51581022,   -0.05314201,  -99.35039781,   72.27194406,    -62.32313182,  -13.96257998,   98.56004775,  -35.43211953,     14.79287876], [ -200.96134277,  -45.92154218,  234.96548123,   77.34219449,     -0.05314201,  300.60233257,  155.61449557,   16.32588503,     54.15566182,   81.45150121,    3.12544203,   46.13533914,     59.28938633], [ -787.25175121, -199.22934595,  194.19109752,   97.78243898,    -99.35039781,  155.61449557,  379.76551501,  115.51064726,    113.32952188,   72.1486811 ,  -11.0623084 ,   49.96688549,     24.0307353 ], [  417.32527023, -266.11061531,  -55.06740308,  -25.40689811,     72.27194406,   16.32588503,  115.51064726,  265.31362764,     37.97549909,   13.75667964,   74.43683505,  -13.39748616,      8.84753665], [ -871.0361157 , -122.37223478,  240.20869721,  211.12073698,    -62.32313182,   54.15566182,  113.32952188,   37.97549909,    275.4410391 ,  106.64826756,  -92.53137274,   38.37589104,     42.39695037], [ -369.69341942,  -94.73212599,  173.72287219,   92.30632827,    -13.96257998,   81.45150121,   72.1486811 ,   13.75667964,    106.64826756,  162.23047423,   17.40031396,   23.60449443,     34.49043585], [  789.63992089,   24.5444531 , -182.20858685, -160.17434518,     98.56004775,    3.12544203,  -11.0623084 ,   74.43683505,    -92.53137274,   17.40031396,  229.69839776,    1.016922  ,    -18.51194433], [ -403.74882792,   49.30699246,  138.56454962,   80.8871119 ,    -35.43211953,   46.13533914,   49.96688549,  -13.39748616,     38.37589104,   23.60449443,    1.016922  ,  133.43698523,     63.20256297], [ -276.88065824,  -63.44300521,  192.25969824,   86.76026042,     14.79287876,   59.28938633,   24.0307353 ,    8.84753665,     42.39695037,   34.49043585,  -18.51194433,   63.20256297,    139.45932001]]
/root/sim/music/out/井上陽水/GOLDEN_BEST_[Disc_1]/01_少年時代.mp3; [-656.4435   , 169.34053  , -18.891735 ,  16.390696 ,  -8.710088 ,   -7.0266366, -12.204968 ,  -1.8547388, -12.950696 , -10.346241 ,    1.8024373,  -3.7986777,  -7.723615 ]; [[21281.32658961, 2046.94092686,-1496.43543311,  108.99226731,   -621.84632261, -292.81309955, -431.14828764,  -87.3218378 ,   -472.30091834, -302.19082721,  303.68151953, -261.99509404,   -371.62253033], [ 2046.94092686, 1589.97960732, -252.57111162,  125.29569142,      4.50982895,  -38.63776625,  -69.73056751,   33.93699855,    -74.94076905,  -64.63220913,  -24.63088255,    0.29398869,    -25.62888456], [-1496.43543311, -252.57111162,  477.61504819,  -48.94948078,     30.86761409,   20.51857101,   64.10569147,  -23.67280382,     33.08961716,    6.37780718,   -6.87521214,   10.37087533,     43.72110109], [  108.99226731,  125.29569142,  -48.94948078,  265.21460014,     77.22358037,   27.4229969 ,  -58.61810128,  -21.7428746 ,     19.93999194,   34.29030526, -101.76743201,   34.01698317,      7.0953808 ], [ -621.84632261,    4.50982895,   30.86761409,   77.22358037,    183.70692313,   14.34408747,  -21.91202881,    0.96537284,     38.05708187,   -0.57991796,  -32.86027586,   21.90740465,      6.81199081], [ -292.81309955,  -38.63776625,   20.51857101,   27.4229969 ,     14.34408747,  145.31540646,   60.98124142,   25.02624941,     13.33218812,   40.51848245,   -4.21851838,   21.96035344,     23.38329497], [ -431.14828764,  -69.73056751,   64.10569147,  -58.61810128,    -21.91202881,   60.98124142,  165.01503226,   34.64887974,     10.04081764,   32.38065852,   10.23618716,    6.41855692,     34.55717907], [  -87.3218378 ,   33.93699855,  -23.67280382,  -21.7428746 ,      0.96537284,   25.02624941,   34.64887974,  106.49788265,     17.93294139,   -2.4080204 ,   45.21074559,    9.36233684,      7.45446377], [ -472.30091834,  -74.94076905,   33.08961716,   19.93999194,     38.05708187,   13.33218812,   10.04081764,   17.93294139,    101.41395019,   28.35714026,  -10.51327045,   15.38154504,     13.74452262], [ -302.19082721,  -64.63220913,    6.37780718,   34.29030526,     -0.57991796,   40.51848245,   32.38065852,   -2.4080204 ,     28.35714026,  108.66639685,  -14.86351839,   14.35998416,     16.45773523], [  303.68151953,  -24.63088255,   -6.87521214, -101.76743201,    -32.86027586,   -4.21851838,   10.23618716,   45.21074559,    -10.51327045,  -14.86351839,  206.86803207,   -8.7948856 ,    -19.05446581], [ -261.99509404,    0.29398869,   10.37087533,   34.01698317,     21.90740465,   21.96035344,    6.41855692,    9.36233684,     15.38154504,   14.35998416,   -8.7948856 ,   94.92259895,     32.24497669], [ -371.62253033,  -25.62888456,   43.72110109,    7.0953808 ,      6.81199081,   23.38329497,   34.55717907,    7.45446377,     13.74452262,   16.45773523,  -19.05446581,   32.24497669,     86.3288803 ]]
/root/sim/music/out/井上陽水/GOLDEN_BEST_[Disc_1]/11_5月の別れ.mp3; [-632.6466    , 168.3603    ,  -5.833392  ,  21.171476  ,   0.04778344,    9.289405  ,  -9.979013  ,   5.88552   ,  -7.4319735 ,  -1.268641  ,    3.6135375 ,  -0.6920153 ,  -6.8694105 ]; [[14415.36740864,  555.14935124,-1098.88261916,   80.80174274,     89.37075276,  332.45431225,  -92.04932227,  524.88534538,    -43.64274105, -156.79916654,  449.29255908,  -80.41962692,   -179.04704125], [  555.14935124, 1403.24521   , -174.12397044,   21.3858473 ,    -12.53213558,  -14.87562935,  -46.52310002,  -28.08298938,    -72.61509806,   12.16424853,   -7.55097816,   27.87022327,    -17.10283842], [-1098.88261916, -174.12397044,  770.082902  ,  121.70915336,    -59.93749604,   94.20251498,   96.52026254, -150.69701512,     25.72090488,   73.46008875, -206.32606412,   25.56430465,     56.5059554 ], [   80.80174274,   21.3858473 ,  121.70915336,  365.09781863,     73.74938636,   53.95291182,  -51.19519023,  -44.55287158,     22.14251747,   35.01789718, -128.35100428,   60.72558592,     48.13207384], [   89.37075276,  -12.53213558,  -59.93749604,   73.74938636,    206.14848924,  -10.82276367,  -48.37194811,    9.29345845,     38.91081909,   -6.83794222,   -1.58549531,   25.0720942 ,     13.1451302 ], [  332.45431225,  -14.87562935,   94.20251498,   53.95291182,    -10.82276367,  191.12778565,   48.88906677,   -5.56571561,      4.65312328,   29.27825518,  -52.42715251,   10.58649123,      6.39562295], [  -92.04932227,  -46.52310002,   96.52026254,  -51.19519023,    -48.37194811,   48.88906677,  171.22298093,   36.11100042,    -13.08724782,    7.33312021,   12.49996577,  -10.8794314 ,      8.82376527], [  524.88534538,  -28.08298938, -150.69701512,  -44.55287158,      9.29345845,   -5.56571561,   36.11100042,  169.50038507,     14.08368034,  -27.74135131,   94.25377388,   -8.08855993,    -18.28062586], [  -43.64274105,  -72.61509806,   25.72090488,   22.14251747,     38.91081909,    4.65312328,  -13.08724782,   14.08368034,    103.24148258,   27.44605746,  -23.91302269,    4.79870341,      2.88938348], [ -156.79916654,   12.16424853,   73.46008875,   35.01789718,     -6.83794222,   29.27825518,    7.33312021,  -27.74135131,     27.44605746,  111.57304012,  -25.66047859,    2.79847138,     -1.24739379], [  449.29255908,   -7.55097816, -206.32606412, -128.35100428,     -1.58549531,  -52.42715251,   12.49996577,   94.25377388,    -23.91302269,  -25.66047859,  254.42148987,  -12.45078577,    -36.15846264], [  -80.41962692,   27.87022327,   25.56430465,   60.72558592,     25.0720942 ,   10.58649123,  -10.8794314 ,   -8.08855993,      4.79870341,    2.79847138,  -12.45078577,   96.23247114,     26.92162491], [ -179.04704125,  -17.10283842,   56.5059554 ,   48.13207384,     13.1451302 ,    6.39562295,    8.82376527,  -18.28062586,      2.88938348,   -1.24739379,  -36.15846264,   26.92162491,     84.45757739]]
/root/sim/music/out/井上陽水/GOLDEN_BEST_[Disc_1]/15_ジェラシー.mp3; [-621.73975   , 136.0889    , -12.012679  ,  16.97361   ,  13.60289   ,    4.576712  ,  -7.5046926 ,   5.2234063 ,  -1.2903466 ,  -0.57969075,    0.88722605,  -4.4325814 ,  -0.61144894]; [[21958.54781608, 1274.71683552,-1326.14840466, -357.00189343,     17.42702002, -486.42563449, -247.2548659 ,  651.01880905,   -244.73896318, -627.31812832,  662.95999944,  401.78599825,   -617.7394712 ], [ 1274.71683552, 1067.88098233, -218.81328287,   37.75735817,    -31.38662877,  -33.11178099,   34.38611233,   10.21089803,    -47.19254614,  -15.48195046,   19.98356862,    3.38380271,    -10.25598782], [-1326.14840466, -218.81328287,  846.60424951,  103.94597608,     -3.00921308,  230.59154319,  110.86383728, -120.81773615,     18.84133431,   57.02707935, -133.64692149,  -13.2347672 ,     62.53755005], [ -357.00189343,   37.75735817,  103.94597608,  335.14417854,    111.13108433,   24.24380621,  -91.60099726,  -50.17218074,     61.43399325,   -5.16488465, -128.0188728 ,    0.71063085,     40.7644032 ], [   17.42702002,  -31.38662877,   -3.00921308,  111.13108433,    234.51099558,   -8.24178354,  -91.11023251,   -9.01575204,     53.59803199,   11.88530197,  -35.05649854,   -1.9639606 ,     21.37885347], [ -486.42563449,  -33.11178099,  230.59154319,   24.24380621,     -8.24178354,  196.04170637,   77.29893599,  -47.31192375,     11.26846988,   55.83168688,  -32.43332238,  -22.51218291,     22.48879661], [ -247.2548659 ,   34.38611233,  110.86383728,  -91.60099726,    -91.11023251,   77.29893599,  217.96326824,   20.26628528,    -26.72911866,    8.74050292,   24.2249188 ,   11.67522175,     -7.8686646 ], [  651.01880905,   10.21089803, -120.81773615,  -50.17218074,     -9.01575204,  -47.31192375,   20.26628528,  141.91415061,    -20.82543286,  -56.32566647,   62.12764036,   19.3142097 ,    -38.93995196], [ -244.73896318,  -47.19254614,   18.84133431,   61.43399325,     53.59803199,   11.26846988,  -26.72911866,  -20.82543286,    111.79529709,   47.1311051 ,  -45.34515405,  -10.26365905,     24.49567597], [ -627.31812832,  -15.48195046,   57.02707935,   -5.16488465,     11.88530197,   55.83168688,    8.74050292,  -56.32566647,     47.1311051 ,  167.90718797,   -0.14845384,  -51.31480295,     37.4922218 ], [  662.95999944,   19.98356862, -133.64692149, -128.0188728 ,    -35.05649854,  -32.43332238,   24.2249188 ,   62.12764036,    -45.34515405,   -0.14845384,  203.42010058,   29.34366159,    -55.50168155], [  401.78599825,    3.38380271,  -13.2347672 ,    0.71063085,     -1.9639606 ,  -22.51218291,   11.67522175,   19.3142097 ,    -10.26365905,  -51.31480295,   29.34366159,  118.1590571 ,     -6.39646789], [ -617.7394712 ,  -10.25598782,   62.53755005,   40.7644032 ,     21.37885347,   22.48879661,   -7.8686646 ,  -38.93995196,     24.49567597,   37.4922218 ,  -55.50168155,   -6.39646789,    116.74866354]]
/root/sim/music/out/渡辺美里/THE_GREATEST_HITS_-小室哲哉作品集_a-_[Disc_1]/09-BELIEVE.mp3; [-549.2184   , 111.72559  , -13.718    ,  34.13379  ,   2.2584608,  -10.857768 ,   6.6135044,  -6.149336 ,  -9.632014 ,   2.0780096,   -8.298648 ,  -6.5915766,  -4.203956 ]; [[19058.0466801 ,-1356.48123601, -411.49074512,  731.43368051,     73.17794161, -193.60305274,  246.81875606, -110.35162332,   -223.20333392,  160.94599775, -253.50561931, -194.46626508,     51.15152743], [-1356.48123601, 2207.93306069, -264.17991097,  272.59313973,     97.25231491,  237.99518557,  118.05334871,  135.04793207,    141.85034667,   26.20858531,   99.78706899,   52.92503868,    -14.25446788], [ -411.49074512, -264.17991097,  726.33800449,   63.57468688,    153.3751419 ,  154.88068834,  -89.24571796,   87.85325569,     46.01990173,  -68.75868122,   40.57309652,   31.03622402,      8.07863005], [  731.43368051,  272.59313973,   63.57468688,  495.4304986 ,    194.9145307 ,  180.21979387,   26.03966109,  148.92091843,    104.25496081,    7.61978389,   41.38956243,   50.64095102,     36.0547955 ], [   73.17794161,   97.25231491,  153.3751419 ,  194.9145307 ,    294.18613586,  101.35836404,    6.40469627,   86.18940403,     91.34436098,   24.04205513,   18.35715562,   12.0433034 ,      5.6124062 ], [ -193.60305274,  237.99518557,  154.88068834,  180.21979387,    101.35836404,  422.76218914,   19.22267635,  150.67970491,    139.01993604,   -0.42592543,   82.82207167,   15.33022331,      9.65756025], [  246.81875606,  118.05334871,  -89.24571796,   26.03966109,      6.40469627,   19.22267635,  267.34496171,   15.08495531,    -14.43176372,   87.91913598,   -5.25530209,  -14.89181776,     24.62151184], [ -110.35162332,  135.04793207,   87.85325569,  148.92091843,     86.18940403,  150.67970491,   15.08495531,  164.45896165,     91.16728466,   -4.29020851,   47.86076441,   25.78737091,     14.45500844], [ -223.20333392,  141.85034667,   46.01990173,  104.25496081,     91.34436098,  139.01993604,  -14.43176372,   91.16728466,    170.02142338,   17.12887752,   37.40601636,   21.60966294,     -2.93089715], [  160.94599775,   26.20858531,  -68.75868122,    7.61978389,     24.04205513,   -0.42592543,   87.91913598,   -4.29020851,     17.12887752,  125.1840555 ,   13.94984881,  -21.16657471,     11.3598134 ], [ -253.50561931,   99.78706899,   40.57309652,   41.38956243,     18.35715562,   82.82207167,   -5.25530209,   47.86076441,     37.40601636,   13.94984881,   98.1185021 ,   32.87336158,     14.40262548], [ -194.46626508,   52.92503868,   31.03622402,   50.64095102,     12.0433034 ,   15.33022331,  -14.89181776,   25.78737091,     21.60966294,  -21.16657471,   32.87336158,  100.78535567,     30.91721841], [   51.15152743,  -14.25446788,    8.07863005,   36.0547955 ,      5.6124062 ,    9.65756025,   24.62151184,   14.45500844,     -2.93089715,   11.3598134 ,   14.40262548,   30.91721841,     77.9203298 ]]
/root/sim/music/out/山下達郎/OPUS_～ALL_TIME_BEST_1975-2012～_[Disc_2]/10_踊ろよ、フィッシュ.mp3; [-528.4096    , 119.54382   , -11.199363  ,  25.780853  ,  -2.300857  ,   -0.05309167,  -2.3126094 ,  12.477158  ,  -7.5648346 ,   4.294916  ,   -0.45644116,  -1.2458166 ,   0.7797665 ]; [[14263.57451104,  926.02793895, -206.67691126,  147.53995976,    -47.97136367,    5.51271292,  -88.76348065,  211.5155454 ,   -188.97870425,  -31.32165824,    5.96545755,  -10.16951925,    -96.31975923], [  926.02793895,  881.80815943,  -34.82769141,   48.71051095,     47.60461619,   47.7867053 ,   71.93336593,   86.93319893,    -27.37535387,   58.21139545,    6.44355461,   -7.64620422,    -35.88847611], [ -206.67691126,  -34.82769141,  420.61563793,  119.34674127,     96.97672388,   80.35339955,   64.68829979,   -9.35730449,     76.93075181,  -11.74241371,   -1.19689819,   17.33289335,      5.78409341], [  147.53995976,   48.71051095,  119.34674127,  385.69593952,    148.43062532,   29.56708559,  -21.87222057,  -35.36231781,     89.65463356,    5.12619165,  -45.31031615,    3.22535969,      9.11216236], [  -47.97136367,   47.60461619,   96.97672388,  148.43062532,    239.81813971,   27.64088861,  -11.73330095,   -4.52569632,     50.81111069,   27.98141256,  -12.18284632,   -3.31308845,     -0.87128438], [    5.51271292,   47.7867053 ,   80.35339955,   29.56708559,     27.64088861,  166.34574456,   73.56442613,   15.38750341,     25.15896291,   17.15661497,   22.12376999,    8.01764414,    -29.66651658], [  -88.76348065,   71.93336593,   64.68829979,  -21.87222057,    -11.73330095,   73.56442613,  169.92128969,   41.43793254,     37.05340514,   10.37513963,   30.96775873,    6.74894564,    -15.36022794], [  211.5155454 ,   86.93319893,   -9.35730449,  -35.36231781,     -4.52569632,   15.38750341,   41.43793254,  136.97009541,    -15.43877526,   26.43000318,   10.89357642,   -4.79829349,      2.70061984], [ -188.97870425,  -27.37535387,   76.93075181,   89.65463356,     50.81111069,   25.15896291,   37.05340514,  -15.43877526,    145.24601865,   19.48974589,   -2.35751605,   -3.53504958,     -8.11530936], [  -31.32165824,   58.21139545,  -11.74241371,    5.12619165,     27.98141256,   17.15661497,   10.37513963,   26.43000318,     19.48974589,  113.47596446,   19.84093595,    7.72168274,    -27.77876794], [    5.96545755,    6.44355461,   -1.19689819,  -45.31031615,    -12.18284632,   22.12376999,   30.96775873,   10.89357642,     -2.35751605,   19.84093595,  110.46693816,   17.66364478,     11.84797366], [  -10.16951925,   -7.64620422,   17.33289335,    3.22535969,     -3.31308845,    8.01764414,    6.74894564,   -4.79829349,     -3.53504958,    7.72168274,   17.66364478,   79.49466569,     18.28273369], [  -96.31975923,  -35.88847611,    5.78409341,    9.11216236,     -0.87128438,  -29.66651658,  -15.36022794,    2.70061984,     -8.11530936,  -27.77876794,   11.84797366,   18.28273369,    103.66382419]]
/root/sim/music/out/山下達郎/OPUS_～ALL_TIME_BEST_1975-2012～_[Disc_2]/11_蒼氓.mp3; [-641.81384   , 163.47343   ,   8.606841  ,  22.927317  ,   6.777041  ,   -2.192204  ,   3.0078242 ,  11.605408  , -12.028702  ,   4.582213  ,    2.6767945 ,  -3.6923158 ,  -0.84632605]; [[23503.28252955,-3311.81207119, -999.38457188,  447.95415653,   -417.30165971,  437.83606626,  245.85820636,  591.06348548,    -77.34217751,  343.00919786,  270.60427853, -149.93027919,    201.14916676], [-3311.81207119, 2415.13550365,   68.69095665, -131.65712578,    221.38042218, -208.13800048,  -95.28534642, -138.54340727,    -58.50236815,  -65.7097182 ,  -63.95028579,   31.57327931,    -65.61267001], [ -999.38457188,   68.69095665,  576.57644578,   53.97981055,     43.6949375 ,   20.0280786 ,  -55.16367729,  -66.83664459,     68.92614313,  -40.6789169 ,  -39.48210333,   57.66676529,     14.53835687], [  447.95415653, -131.65712578,   53.97981055,  380.00725748,     78.50573996,   30.51929123,  -50.66559284,  -45.0715197 ,     96.21727173,  -45.64983427,  -15.92656076,   38.3526245 ,     50.75986366], [ -417.30165971,  221.38042218,   43.6949375 ,   78.50573996,    225.61100447,  -38.03164708,  -76.29970398,   -7.31466882,     10.68089362,  -16.70819063,  -14.17677657,   15.84267406,     24.99021046], [  437.83606626, -208.13800048,   20.0280786 ,   30.51929123,    -38.03164708,  179.98672691,   75.66099105,  -19.34786644,     52.22787178,   -4.15371898,   36.17352271,   22.3150222 ,    -14.88020697], [  245.85820636,  -95.28534642,  -55.16367729,  -50.66559284,    -76.29970398,   75.66099105,  182.61892517,   10.24338017,     24.34201285,   15.7283901 ,   28.40252971,   -0.44849262,    -21.99327848], [  591.06348548, -138.54340727,  -66.83664459,  -45.0715197 ,     -7.31466882,  -19.34786644,   10.24338017,  183.62583044,    -51.32899154,   45.3431653 ,   14.77416934,  -29.76216041,     22.58206346], [  -77.34217751,  -58.50236815,   68.92614313,   96.21727173,     10.68089362,   52.22787178,   24.34201285,  -51.32899154,    165.78812838,  -27.7031497 ,    3.33256765,   27.24907168,      0.89390305], [  343.00919786,  -65.7097182 ,  -40.6789169 ,  -45.64983427,    -16.70819063,   -4.15371898,   15.7283901 ,   45.3431653 ,    -27.7031497 ,  110.18518269,   23.27996124,  -10.76011573,      1.77936066], [  270.60427853,  -63.95028579,  -39.48210333,  -15.92656076,    -14.17677657,   36.17352271,   28.40252971,   14.77416934,      3.33256765,   23.27996124,   86.49891995,   11.78587519,     -2.77509919], [ -149.93027919,   31.57327931,   57.66676529,   38.3526245 ,     15.84267406,   22.3150222 ,   -0.44849262,  -29.76216041,     27.24907168,  -10.76011573,   11.78587519,   81.2172874 ,      4.78230282], [  201.14916676,  -65.61267001,   14.53835687,   50.75986366,     24.99021046,  -14.88020697,  -21.99327848,   22.58206346,      0.89390305,    1.77936066,   -2.77509919,    4.78230282,     96.73302936]]
/root/sim/music/out/山下達郎/OPUS_～ALL_TIME_BEST_1975-2012～_[Disc_2]/01_悲しみのJODY_(She_Was_Crying).mp3; [-557.08453  , 133.74796  ,  -3.9883034,  25.412292 ,   1.6070693,    7.3094463,   4.8631687,  16.192709 , -11.816694 ,   2.137155 ,    6.058653 ,  -1.3522362,   4.1468344]; [[15679.65716487, 1454.59276893, -285.35699538,  325.54530025,    -71.15221555,  -32.0225582 ,  -58.49479192,  108.37716337,   -117.42732276,   48.29021037,   11.29114232,  -36.4002248 ,     79.03360379], [ 1454.59276893,  746.28310508,  -96.18906112, -124.9456899 ,    -62.23977963,    9.34078789,  -12.0951757 ,   54.9680176 ,    -95.31992024,   19.99022232,   12.88626882,  -21.00828074,     11.52581108], [ -285.35699538,  -96.18906112,  249.42316968,   32.82887364,      2.76614787,   49.2381243 ,   59.90663433,  -33.93692312,     76.84370108,  -19.89903863,  -29.71342618,   16.79896919,      5.8387365 ], [  325.54530025, -124.9456899 ,   32.82887364,  325.11365231,    104.20529101,   -9.79584126,   -7.19652094,   16.34891666,     63.04568962,  -16.35951383,  -18.7743939 ,   10.56571958,     19.33950529], [  -71.15221555,  -62.23977963,    2.76614787,  104.20529101,    139.91201187,    5.44676572,  -28.73154834,   10.1184224 ,     24.96191972,  -13.16506904,   -3.66715891,   -0.10854562,      1.52209828], [  -32.0225582 ,    9.34078789,   49.2381243 ,   -9.79584126,      5.44676572,  131.30708993,   75.16732868,  -31.1850627 ,     33.36829255,   15.60275992,    5.03761349,   -2.34242398,    -18.9024185 ], [  -58.49479192,  -12.0951757 ,   59.90663433,   -7.19652094,    -28.73154834,   75.16732868,  134.87642847,   -8.62158604,     39.43884309,   12.90391058,    0.27673917,    5.71717746,    -16.59200414], [  108.37716337,   54.9680176 ,  -33.93692312,   16.34891666,     10.1184224 ,  -31.1850627 ,   -8.62158604,  113.1817517 ,    -35.33593246,   -0.84123462,   15.45690227,   -5.2161606 ,     15.10825712], [ -117.42732276,  -95.31992024,   76.84370108,   63.04568962,     24.96191972,   33.36829255,   39.43884309,  -35.33593246,    155.29838309,   16.86334636,  -28.84999777,    2.6336299 ,    -18.59484644], [   48.29021037,   19.99022232,  -19.89903863,  -16.35951383,    -13.16506904,   15.60275992,   12.90391058,   -0.84123462,     16.86334636,   77.81183363,   30.00147113,    0.57601405,    -12.48189133], [   11.29114232,   12.88626882,  -29.71342618,  -18.7743939 ,     -3.66715891,    5.03761349,    0.27673917,   15.45690227,    -28.84999777,   30.00147113,   91.52826618,   18.61035321,     -1.1791902 ], [  -36.4002248 ,  -21.00828074,   16.79896919,   10.56571958,     -0.10854562,   -2.34242398,    5.71717746,   -5.2161606 ,      2.6336299 ,    0.57601405,   18.61035321,   62.9876117 ,     22.3055094 ], [   79.03360379,   11.52581108,    5.8387365 ,   19.33950529,      1.52209828,  -18.9024185 ,  -16.59200414,   15.10825712,    -18.59484644,  -12.48189133,   -1.1791902 ,   22.3055094 ,     71.16390902]]
