/root/sim/music/out/Various_Artists/Everybody_Loves_Somebody_～_うさぎ山から愛をこめて/15_うさ湯音頭.mp3; [-562.58594  , 113.22332  ,   8.950001 ,  27.834124 ,   9.4391775,    4.003005 ,   5.5299606,   7.685474 ,   2.2086194,  -1.3128536,    4.8873315,   3.593543 ,   5.2176733]; [[15705.96627979, 1517.29550856,  146.89760234,  497.8367478 ,    328.16585976,  197.60476795,  117.77287055,  117.86106158,    -46.37028327,  -90.49161804,  123.37341973,   60.49152173,    108.87618962], [ 1517.29550856, 1089.75745939,   -0.89113629,  156.20086147,     -4.96879245,  -53.61731671,   19.26365175,   44.01358729,    -25.94847518,  -53.66792087,    6.51747422,   17.53672473,     23.11055719], [  146.89760234,   -0.89113629,  553.51351636,  129.18209982,     41.67510702,    7.30273745,   25.56820016,    5.10319184,    -11.33818283,  -39.2511948 ,  -42.27814419,   10.51694314,      5.93855016], [  497.8367478 ,  156.20086147,  129.18209982,  349.96417966,    162.21628969,  -10.4268881 ,  -45.24645701,    4.8403387 ,     -1.24396706,   -2.97154236,  -55.29806531,  -10.96287542,     40.26869748], [  328.16585976,   -4.96879245,   41.67510702,  162.21628969,    308.43577479,   48.19175571,  -53.4617206 ,  -29.34835502,     19.627085  ,  -11.31563614,  -41.80878204,   -7.72960315,     48.53300479], [  197.60476795,  -53.61731671,    7.30273745,  -10.4268881 ,     48.19175571,  222.93929362,   58.04974641,  -15.36880179,     29.29178823,   47.25445832,   23.09763767,   28.83473474,     16.15794375], [  117.77287055,   19.26365175,   25.56820016,  -45.24645701,    -53.4617206 ,   58.04974641,  207.32125827,   75.39554195,     22.96928623,    6.84338233,   32.77639797,   23.28901856,      0.68767459], [  117.86106158,   44.01358729,    5.10319184,    4.8403387 ,    -29.34835502,  -15.36880179,   75.39554195,  177.94871718,     32.30782609,  -10.08755538,   -3.32368201,    6.01183573,    -16.95443108], [  -46.37028327,  -25.94847518,  -11.33818283,   -1.24396706,     19.627085  ,   29.29178823,   22.96928623,   32.30782609,    145.88430073,   48.91918904,   15.96902137,  -15.29996023,      8.44864932], [  -90.49161804,  -53.66792087,  -39.2511948 ,   -2.97154236,    -11.31563614,   47.25445832,    6.84338233,  -10.08755538,     48.91918904,  179.12332517,   42.02659416,  -12.57262175,    -15.31433316], [  123.37341973,    6.51747422,  -42.27814419,  -55.29806531,    -41.80878204,   23.09763767,   32.77639797,   -3.32368201,     15.96902137,   42.02659416,  140.56320472,   35.94838658,     -6.52982342], [   60.49152173,   17.53672473,   10.51694314,  -10.96287542,     -7.72960315,   28.83473474,   23.28901856,    6.01183573,    -15.29996023,  -12.57262175,   35.94838658,  112.96067609,     18.56570272], [  108.87618962,   23.11055719,    5.93855016,   40.26869748,     48.53300479,   16.15794375,    0.68767459,  -16.95443108,      8.44864932,  -15.31433316,   -6.52982342,   18.56570272,    114.84840137]]
/root/sim/music/out/Various_Artists/Everybody_Loves_Somebody_～_うさぎ山から愛をこめて/10_デラ・モチマッヅィのうた_(Instrumental).mp3; [-648.8475   , 133.53004  ,  -6.2588773,  12.382606 ,  -6.2612786,    6.5134807,  -1.540764 ,   6.8202386,   1.5913637,   4.877904 ,   -1.1214128,   2.763434 ,   3.3250096]; [[21582.97727831, 1227.40633459,  785.00844516, 1009.52884041,    468.65110028,  734.66401114,  334.06374379,  227.97005409,    -42.36784714,  100.61175175,   20.84268359,  142.0774042 ,     50.78607374], [ 1227.40633459, 2453.31415495,  -12.89472866,  169.14136239,    180.8558704 ,  -12.1269535 ,   19.65401423,  -84.12387264,     -2.80557337,   96.68529828,  -23.34278208,   61.5423459 ,     59.02504519], [  785.00844516,  -12.89472866,  920.8012698 ,  393.91573821,    182.30302588,  169.04642631,  101.85640662,   82.03169831,     22.59388897,   -2.4426237 ,   16.98005967,    1.59711548,     32.19106736], [ 1009.52884041,  169.14136239,  393.91573821,  459.46419985,    213.33337014,   71.25329661,   26.3774046 ,   30.1477782 ,      0.96750907,   26.94840089,    7.80266871,   33.30969802,     36.99096765], [  468.65110028,  180.8558704 ,  182.30302588,  213.33337014,    355.94543227,  165.81283   ,   63.14391225,    7.33109184,    -11.24052807,    2.22064392,   12.59245667,   19.69868635,     34.08611889], [  734.66401114,  -12.1269535 ,  169.04642631,   71.25329661,    165.81283   ,  343.30074678,  167.19371836,   29.94027021,     13.77723615,    2.79950722,    8.67247272,   22.02778081,      7.66448987], [  334.06374379,   19.65401423,  101.85640662,   26.3774046 ,     63.14391225,  167.19371836,  245.94773254,   96.05591735,     43.57234886,    5.32101397,   -8.93153712,   18.31672922,     -8.61946027], [  227.97005409,  -84.12387264,   82.03169831,   30.1477782 ,      7.33109184,   29.94027021,   96.05591735,  187.79494509,     88.21829955,   -2.01271184,  -15.92937079,   -8.47861603,      1.55416658], [  -42.36784714,   -2.80557337,   22.59388897,    0.96750907,    -11.24052807,   13.77723615,   43.57234886,   88.21829955,    172.2634844 ,   72.37699832,   -0.59649676,  -21.98538371,     -6.0338684 ], [  100.61175175,   96.68529828,   -2.4426237 ,   26.94840089,      2.22064392,    2.79950722,    5.32101397,   -2.01271184,     72.37699832,  143.80452269,   40.98214618,  -11.20557315,     -8.59886535], [   20.84268359,  -23.34278208,   16.98005967,    7.80266871,     12.59245667,    8.67247272,   -8.93153712,  -15.92937079,     -0.59649676,   40.98214618,  104.3686076 ,   44.99260341,      3.75200212], [  142.0774042 ,   61.5423459 ,    1.59711548,   33.30969802,     19.69868635,   22.02778081,   18.31672922,   -8.47861603,    -21.98538371,  -11.20557315,   44.99260341,  122.80056266,     54.41588646], [   50.78607374,   59.02504519,   32.19106736,   36.99096765,     34.08611889,    7.66448987,   -8.61946027,    1.55416658,     -6.0338684 ,   -8.59886535,    3.75200212,   54.41588646,    100.57827149]]
/root/sim/music/out/Various_Artists/Everybody_Loves_Somebody_～_うさぎ山から愛をこめて/07_こいのうた.mp3; [-507.97028   ,  81.24721   ,  -4.301826  ,  46.975677  ,  16.092403  ,   16.995764  ,   6.346661  ,   0.24846879,   4.6642747 ,   3.3791838 ,   -3.1170151 ,  -4.558537  ,  -6.7460904 ]; [[17297.75468612,  346.73937341,   42.02114058,  487.54134537,    149.15231863,  245.32210907,  244.40842643,  102.84275847,    240.90273514,  227.82524385,  111.37656729,   30.19594711,    -56.21100856], [  346.73937341,  771.81809002, -246.77380912,   89.37330625,      1.16676911,   20.72743587,  -53.25764979,  -28.72878524,    -36.80243077,  -13.23490872,  -48.43676225,  -41.77702907,    -21.08415212], [   42.02114058, -246.77380912,  836.04515369,   33.03486751,     24.00153433,   85.82464335,  133.09293805,   13.80995702,     49.54523743,   15.03832469,   31.3712575 ,   63.53967094,     10.38671389], [  487.54134537,   89.37330625,   33.03486751,  312.58532857,     95.48733976,    7.30498549,   34.96906796,    9.48133784,     -2.03693359,    1.57026229,   16.94228379,   -2.53223004,     -8.52529953], [  149.15231863,    1.16676911,   24.00153433,   95.48733976,    155.82031107,   56.23591972,   35.8414326 ,    1.55862706,     21.34751037,   15.01256731,    5.96994205,   12.59666314,     12.91103183], [  245.32210907,   20.72743587,   85.82464335,    7.30498549,     56.23591972,  152.7036906 ,   62.14704343,   -6.0091853 ,     23.99994738,    7.45823268,    1.35762075,   20.65982613,     15.72941911], [  244.40842643,  -53.25764979,  133.09293805,   34.96906796,     35.8414326 ,   62.14704343,  130.77379317,   34.06270146,     27.29867826,   18.80425433,   19.79052168,   31.42291369,     11.23130077], [  102.84275847,  -28.72878524,   13.80995702,    9.48133784,      1.55862706,   -6.0091853 ,   34.06270146,   90.98594715,     31.44017241,    9.7808781 ,   14.3185346 ,   11.5306559 ,     11.05836807], [  240.90273514,  -36.80243077,   49.54523743,   -2.03693359,     21.34751037,   23.99994738,   27.29867826,   31.44017241,     96.94787956,   27.38505355,    7.86120701,   21.798326  ,     11.65072901], [  227.82524385,  -13.23490872,   15.03832469,    1.57026229,     15.01256731,    7.45823268,   18.80425433,    9.7808781 ,     27.38505355,   72.64073675,   29.36934437,    7.33855715,      4.2337409 ], [  111.37656729,  -48.43676225,   31.3712575 ,   16.94228379,      5.96994205,    1.35762075,   19.79052168,   14.3185346 ,      7.86120701,   29.36934437,   61.55752   ,   21.03098511,     -2.28995383], [   30.19594711,  -41.77702907,   63.53967094,   -2.53223004,     12.59666314,   20.65982613,   31.42291369,   11.5306559 ,     21.798326  ,    7.33855715,   21.03098511,   57.40663926,     22.24729066], [  -56.21100856,  -21.08415212,   10.38671389,   -8.52529953,     12.91103183,   15.72941911,   11.23130077,   11.05836807,     11.65072901,    4.2337409 ,   -2.28995383,   22.24729066,     54.32199217]]
/root/sim/music/out/Various_Artists/Everybody_Loves_Somebody_～_うさぎ山から愛をこめて/17_きっとね、ずっとね、よろしくね。.mp3; [-529.4072    ,  87.773834  ,   7.3901906 ,  25.451433  ,   6.75243   ,   14.390441  ,  12.67523   ,   7.887827  ,   5.2795467 ,   7.258533  ,    0.18818404,   4.025884  ,   1.237196  ]; [[13699.11470952, -597.90988255,  173.43248596,  132.78710975,    150.12407462,  278.88718871,  338.11141402,  178.0073775 ,    114.04810394,  130.47099048,   38.34412384,   78.99509754,     -3.82665028], [ -597.90988255,  792.39734616, -152.00235027,   -7.96604454,     40.25152973,   27.37300657,   21.74687804,  -63.7851686 ,     18.02655458,    9.86031495,  -32.2862923 ,   -3.14813618,      0.69312277], [  173.43248596, -152.00235027,  600.06357404,  154.37804056,    102.51746761,   27.61155475,   -6.4253782 ,   30.05242999,     -4.40178148,    5.24002949,   18.12959072,  -28.78011792,    -10.28317329], [  132.78710975,   -7.96604454,  154.37804056,  292.37441802,     61.44114499,  -47.59356449,   20.39477287,   16.30368827,    -23.48246267,    6.89368424,   15.97434919,  -19.62333095,     -9.95134073], [  150.12407462,   40.25152973,  102.51746761,   61.44114499,    207.45969324,   85.00309134,    3.42699685,    8.53730348,      9.83041966,    9.34865117,    4.86673204,   -9.72414895,      5.67912296], [  278.88718871,   27.37300657,   27.61155475,  -47.59356449,     85.00309134,  200.62542196,   31.31912187,  -10.06025251,     16.51817865,   12.24744773,   -8.28455013,    6.40248746,      1.70892562], [  338.11141402,   21.74687804,   -6.4253782 ,   20.39477287,      3.42699685,   31.31912187,  134.67713985,   14.87392115,     12.96643142,   18.83585259,    2.10848995,    9.74707684,      1.99672689], [  178.0073775 ,  -63.7851686 ,   30.05242999,   16.30368827,      8.53730348,  -10.06025251,   14.87392115,  115.22168219,     21.24957955,   -3.97978257,    7.34456843,   -1.90216142,     -4.57126876], [  114.04810394,   18.02655458,   -4.40178148,  -23.48246267,      9.83041966,   16.51817865,   12.96643142,   21.24957955,     85.28901573,   31.46447672,   -4.47408291,    3.37224443,      7.22721856], [  130.47099048,    9.86031495,    5.24002949,    6.89368424,      9.34865117,   12.24744773,   18.83585259,   -3.97978257,     31.46447672,   68.34111223,   19.12617457,    1.43912105,      1.45975868], [   38.34412384,  -32.2862923 ,   18.12959072,   15.97434919,      4.86673204,   -8.28455013,    2.10848995,    7.34456843,     -4.47408291,   19.12617457,   67.22135643,   21.84965686,      1.8885313 ], [   78.99509754,   -3.14813618,  -28.78011792,  -19.62333095,     -9.72414895,    6.40248746,    9.74707684,   -1.90216142,      3.37224443,    1.43912105,   21.84965686,   66.49662802,     25.98984546], [   -3.82665028,    0.69312277,  -10.28317329,   -9.95134073,      5.67912296,    1.70892562,    1.99672689,   -4.57126876,      7.22721856,    1.45975868,    1.8885313 ,   25.98984546,     70.5056714 ]]
/root/sim/music/out/Various_Artists/Everybody_Loves_Somebody_～_うさぎ山から愛をこめて/05_ねぐせ.mp3; [-641.89716   , 132.56464   ,  12.917334  ,  20.611334  ,   9.965445  ,    7.6583815 ,   3.401603  ,  -2.1609123 ,   3.0508757 ,   3.1236503 ,   -3.381076  ,   0.98778033,   2.2203388 ]; [[16520.32743085,  499.82844906,  -63.18571474,  -25.95474994,   -150.83481217, -165.16318736,   35.89272773, -345.0888603 ,    -70.85526806,  100.59028876,  -74.83058885,    4.42312442,    -44.09529698], [  499.82844906, 1909.10934991,  353.10220373,  287.88147704,    215.94364807,  178.72176369,   67.90243829,   41.52509278,     74.61434343,   43.84746229,   20.81967818,   50.20766135,      3.73287254], [  -63.18571474,  353.10220373,  813.55103368,  238.28812958,    208.2969695 ,   78.70324167,   58.90587146,   66.25514444,      4.10504428,   31.93092322,   66.14141094,   25.82441364,     17.80635704], [  -25.95474994,  287.88147704,  238.28812958,  425.00457488,    167.84137161,   44.80239213,   58.35712634,   95.71019423,     19.55489969,   30.89290276,   46.26029561,   12.17009402,     13.52071432], [ -150.83481217,  215.94364807,  208.2969695 ,  167.84137161,    312.18036304,  171.00748943,   65.48087865,   86.11716305,     66.41143587,   44.79471268,   30.99478575,   13.07833932,     30.67794569], [ -165.16318736,  178.72176369,   78.70324167,   44.80239213,    171.00748943,  354.71917318,  117.43380829,   79.65118211,     80.90410995,   46.22304205,   32.57606214,   19.5736556 ,     51.15359238], [   35.89272773,   67.90243829,   58.90587146,   58.35712634,     65.48087865,  117.43380829,  190.38909944,   72.24146561,     41.1636835 ,   45.67735869,   32.49645421,   42.77921554,     28.61606795], [ -345.0888603 ,   41.52509278,   66.25514444,   95.71019423,     86.11716305,   79.65118211,   72.24146561,  227.99923706,     79.39497294,    5.31670446,   18.15976555,   10.05675372,     26.10734654], [  -70.85526806,   74.61434343,    4.10504428,   19.55489969,     66.41143587,   80.90410995,   41.1636835 ,   79.39497294,    177.92159765,   64.43772761,    2.35485996,   14.17473088,     43.64831821], [  100.59028876,   43.84746229,   31.93092322,   30.89290276,     44.79471268,   46.22304205,   45.67735869,    5.31670446,     64.43772761,  140.30074395,   56.76690452,   14.50079698,      8.03718099], [  -74.83058885,   20.81967818,   66.14141094,   46.26029561,     30.99478575,   32.57606214,   32.49645421,   18.15976555,      2.35485996,   56.76690452,  137.62659554,   40.86449901,     -3.32656744], [    4.42312442,   50.20766135,   25.82441364,   12.17009402,     13.07833932,   19.5736556 ,   42.77921554,   10.05675372,     14.17473088,   14.50079698,   40.86449901,  133.61269164,     49.12845225], [  -44.09529698,    3.73287254,   17.80635704,   13.52071432,     30.67794569,   51.15359238,   28.61606795,   26.10734654,     43.64831821,    8.03718099,   -3.32656744,   49.12845225,    148.06954478]]
/root/sim/music/out/Various_Artists/Everybody_Loves_Somebody_～_うさぎ山から愛をこめて/11_Call_Me_Anne_Louder.mp3; [-514.8972    ,  94.19251   ,  20.564753  ,  23.127874  ,   5.538215  ,    7.4903016 ,   6.0047026 ,   7.295067  ,   3.091782  ,   1.1960765 ,   -0.22254582,   4.1611633 ,   3.6101172 ]; [[10954.7746791 ,  463.44914665,   82.50925721,   93.97020901,     35.26000406,   39.24498946,  -10.03064407,   76.39374452,     35.12775477,  -12.47853012,  -37.02039624,   19.08761993,      5.00450072], [  463.44914665,  594.92994014,  -69.18656153,  -45.46283145,     24.87767184,   42.13117343,   54.66135008,   21.43817542,      0.33364179,  -13.89160962,   10.8793592 ,   19.93331253,     18.05788609], [   82.50925721,  -69.18656153,  333.57395783,  112.50519249,     21.91960849,  -20.88314542,  -13.5712672 ,    9.38954458,     -6.1697102 ,   21.24419266,    8.18412412,   -1.09497145,     -1.53510489], [   93.97020901,  -45.46283145,  112.50519249,  278.26629021,     25.26931567,  -55.31571129,  -32.32556319,   -5.87188943,     10.41943815,   25.46955254,    5.20106086,  -14.93794819,     -0.04122022], [   35.26000406,   24.87767184,   21.91960849,   25.26931567,    121.86885888,   32.15994523,  -17.609724  ,    5.24063341,     14.91035857,   10.91558052,    1.70568079,   10.62671511,     -0.84936512], [   39.24498946,   42.13117343,  -20.88314542,  -55.31571129,     32.15994523,  131.81200737,   32.96572712,    3.01582682,     -0.85026327,   -3.13013738,    7.56933835,   12.00327388,      3.68988758], [  -10.03064407,   54.66135008,  -13.5712672 ,  -32.32556319,    -17.609724  ,   32.96572712,  118.13946457,   31.78920618,     -7.72219864,   -2.44893384,    0.48782678,    8.78637956,      7.05290536], [   76.39374452,   21.43817542,    9.38954458,   -5.87188943,      5.24063341,    3.01582682,   31.78920618,   83.70182707,     20.65539345,   -9.50204161,   -3.88944629,   13.30385658,      3.5638607 ], [   35.12775477,    0.33364179,   -6.1697102 ,   10.41943815,     14.91035857,   -0.85026327,   -7.72219864,   20.65539345,     62.5607905 ,   20.40308839,    3.46598745,    3.05870192,      6.35720138], [  -12.47853012,  -13.89160962,   21.24419266,   25.46955254,     10.91558052,   -3.13013738,   -2.44893384,   -9.50204161,     20.40308839,   69.63138104,   20.58754975,   -4.13157464,     -5.04703576], [  -37.02039624,   10.8793592 ,    8.18412412,    5.20106086,      1.70568079,    7.56933835,    0.48782678,   -3.88944629,      3.46598745,   20.58754975,   51.93262222,   15.45122333,     -2.85062156], [   19.08761993,   19.93331253,   -1.09497145,  -14.93794819,     10.62671511,   12.00327388,    8.78637956,   13.30385658,      3.05870192,   -4.13157464,   15.45122333,   61.18456608,     20.06742784], [    5.00450072,   18.05788609,   -1.53510489,   -0.04122022,     -0.84936512,    3.68988758,    7.05290536,    3.5638607 ,      6.35720138,   -5.04703576,   -2.85062156,   20.06742784,     59.60498848]]
/root/sim/music/out/Various_Artists/Everybody_Loves_Somebody_～_うさぎ山から愛をこめて/01_ドラマチックマーケットライド.mp3; [-541.9791   , 109.93304  ,   6.953672 ,   7.30798  ,  -1.5966474,    0.7708965,   5.103822 ,  -1.3535928,  -1.4399643,  -1.5520037,   -6.195739 ,  -3.189997 ,  -2.4983778]; [[15926.83790726, 1419.52226168,   83.48311801,  119.53762724,     31.75984516,    9.12513084,   87.34194919,   -8.49678772,    139.07050079,   90.14105613, -134.34042893,  -45.88375166,     -7.02542154], [ 1419.52226168,  807.91720349,    3.32033597,   24.92590892,     14.34113153,   48.02221895,   51.72125769,    8.39179614,      4.16463448,    3.06620125,   -9.76162271,   -8.51723308,     -9.32122062], [   83.48311801,    3.32033597,  476.65042556,   79.9587633 ,     86.33709731,   38.25893389,   37.43160959,   36.07842415,      2.52023431,   45.398339  ,   74.64038876,   -4.67074364,    -10.21134152], [  119.53762724,   24.92590892,   79.9587633 ,  225.53595327,     66.25379019,  -13.79700019,    9.8903809 ,   49.26875826,     -0.03820495,   15.89279355,   21.67327493,    6.91998641,      2.7433001 ], [   31.75984516,   14.34113153,   86.33709731,   66.25379019,    160.15745961,   60.0657285 ,   18.10849939,   40.16079268,     39.70604766,   29.80012349,   25.0722466 ,    0.97636301,     12.70861946], [    9.12513084,   48.02221895,   38.25893389,  -13.79700019,     60.0657285 ,  166.98350975,   60.02105419,   16.49676107,     29.28256953,   19.90164173,    9.61679976,    1.3263378 ,      3.34652135], [   87.34194919,   51.72125769,   37.43160959,    9.8903809 ,     18.10849939,   60.02105419,  149.87654381,   43.38546104,     19.4791775 ,   30.61607416,    2.82027125,   30.92243973,      5.30033583], [   -8.49678772,    8.39179614,   36.07842415,   49.26875826,     40.16079268,   16.49676107,   43.38546104,  118.6082877 ,     33.25750724,    9.41829794,   25.57022258,    9.88958362,     16.01981464], [  139.07050079,    4.16463448,    2.52023431,   -0.03820495,     39.70604766,   29.28256953,   19.4791775 ,   33.25750724,    118.47897873,   60.18015752,    5.05416849,   13.34389054,     18.63889711], [   90.14105613,    3.06620125,   45.398339  ,   15.89279355,     29.80012349,   19.90164173,   30.61607416,    9.41829794,     60.18015752,  112.63534056,   36.89682298,   14.55058969,      6.21123379], [ -134.34042893,   -9.76162271,   74.64038876,   21.67327493,     25.0722466 ,    9.61679976,    2.82027125,   25.57022258,      5.05416849,   36.89682298,   93.68122656,   16.16986911,     -1.23532735], [  -45.88375166,   -8.51723308,   -4.67074364,    6.91998641,      0.97636301,    1.3263378 ,   30.92243973,    9.88958362,     13.34389054,   14.55058969,   16.16986911,   83.23236565,     31.40400833], [   -7.02542154,   -9.32122062,  -10.21134152,    2.7433001 ,     12.70861946,    3.34652135,    5.30033583,   16.01981464,     18.63889711,    6.21123379,   -1.23532735,   31.40400833,     76.46968183]]
/root/sim/music/out/Various_Artists/Everybody_Loves_Somebody_～_うさぎ山から愛をこめて/03_KOI_NO_UTA.mp3; [-520.1359   , 104.21194  ,  -6.9866343,  28.466372 ,  16.113205 ,   -2.2760952, -10.540616 ,   2.9290888,   4.046892 ,  -1.837911 ,   -2.4696205,  -2.7694473,  -1.8974683]; [[20800.36344759, 1961.49420753,  105.63625531,  557.8514252 ,    295.45962905,  -93.57357815, -272.86494521,   17.15527541,     69.18925035, -113.15066912, -180.98225121, -153.32541148,    -76.55038585], [ 1961.49420753,  685.69119203, -125.54639215,   98.23250464,     12.79670329,    9.28327483,   -9.23671018,   17.94653332,     32.3667815 ,   12.61771312,   27.44436619,   -3.34949989,    -14.05996184], [  105.63625531, -125.54639215,  254.20598917,  -23.44088947,     23.23027993,   24.38062289,   -3.85402796,   -7.31034229,      2.45843108,   -2.49947641,  -15.41735736,    2.32927191,      9.39070913], [  557.8514252 ,   98.23250464,  -23.44088947,  349.42057492,    137.45627812,    6.10536727,  -42.35312567,   16.32554763,     23.01910069,  -14.6434573 ,   -9.89677097,   22.36673913,     39.52379371], [  295.45962905,   12.79670329,   23.23027993,  137.45627812,    168.32725821,   15.22649208,  -14.72110892,    9.45743437,     20.66645009,   -7.44376603,   -6.1296573 ,   17.48253837,     22.08079419], [  -93.57357815,    9.28327483,   24.38062289,    6.10536727,     15.22649208,  114.28487891,   60.73452219,   19.57762313,     -6.93979565,   12.19417598,   12.81139265,    4.08195572,      1.16635464], [ -272.86494521,   -9.23671018,   -3.85402796,  -42.35312567,    -14.72110892,   60.73452219,  132.78965703,   50.54778183,     13.64660754,   20.76551113,   20.02789584,    3.14371627,     -3.36146997], [   17.15527541,   17.94653332,   -7.31034229,   16.32554763,      9.45743437,   19.57762313,   50.54778183,   91.80656425,     48.74554203,   28.30308285,    8.32199129,   -0.53370903,      6.53768057], [   69.18925035,   32.3667815 ,    2.45843108,   23.01910069,     20.66645009,   -6.93979565,   13.64660754,   48.74554203,     96.60404452,   47.83083324,    7.45017766,    0.97486588,      4.81618351], [ -113.15066912,   12.61771312,   -2.49947641,  -14.6434573 ,     -7.44376603,   12.19417598,   20.76551113,   28.30308285,     47.83083324,   78.2030136 ,   33.47604039,   -0.22252384,     -6.5838951 ], [ -180.98225121,   27.44436619,  -15.41735736,   -9.89677097,     -6.1296573 ,   12.81139265,   20.02789584,    8.32199129,      7.45017766,   33.47604039,   66.23439112,   25.40667932,     -7.49909886], [ -153.32541148,   -3.34949989,    2.32927191,   22.36673913,     17.48253837,    4.08195572,    3.14371627,   -0.53370903,      0.97486588,   -0.22252384,   25.40667932,   56.77717639,     22.56185635], [  -76.55038585,  -14.05996184,    9.39070913,   39.52379371,     22.08079419,    1.16635464,   -3.36146997,    6.53768057,      4.81618351,   -6.5838951 ,   -7.49909886,   22.56185635,     52.55505517]]
/root/sim/music/out/Various_Artists/Everybody_Loves_Somebody_～_うさぎ山から愛をこめて/13_二重奏クレッシェンド.mp3; [-553.0194    , 114.31636   ,  10.757506  ,  23.063463  ,  -0.8139986 ,    4.06763   ,  11.21518   ,   0.24508029,   0.12995401,   3.9575076 ,   -5.622581  ,   0.9849113 ,   2.7476118 ]; [[19977.33746824, 1242.70967912, -122.11012541,  711.19919655,     65.45721495,  167.02402481,  423.06838303, -149.26583975,     18.39174201,  266.97026645, -215.53486748,   41.64493739,    114.19246345], [ 1242.70967912, 1033.04302429,  120.24010172,   58.96890117,     55.58668939,   68.33203407,   38.23709198,   37.34967461,     16.59205545,   -1.59456678,   10.05232993,   12.4541697 ,     -6.42200408], [ -122.11012541,  120.24010172,  604.20652159,  113.12462257,     67.55842751,   58.22655785,  -10.46849734,   55.84070296,    -31.42250703,  -37.040497  ,   55.07399806,  -14.7007272 ,    -25.72177603], [  711.19919655,   58.96890117,  113.12462257,  436.86199445,     72.74460054, -108.35097577,   -5.44243116,   75.4900233 ,    -34.26941454,  -18.98995256,   58.25841456,   27.12378026,     -5.34270081], [   65.45721495,   55.58668939,   67.55842751,   72.74460054,    239.33589644,   87.26098996,  -25.56123459,   41.31174997,     29.1623712 ,   -5.87467239,   34.22639338,   -3.06207535,      8.27103802], [  167.02402481,   68.33203407,   58.22655785, -108.35097577,     87.26098996,  297.9141447 ,   45.29682902,  -35.15081191,     30.74284873,   36.35685064,  -10.35698363,  -26.73259686,     21.69873064], [  423.06838303,   38.23709198,  -10.46849734,   -5.44243116,    -25.56123459,   45.29682902,  195.56629885,  -26.64133632,     20.41075568,   45.19943533,  -38.16927818,    8.42662252,     14.05876724], [ -149.26583975,   37.34967461,   55.84070296,   75.4900233 ,     41.31174997,  -35.15081191,  -26.64133632,  160.18455495,     20.50155816,  -11.6896509 ,   44.29167077,   13.43659285,     -8.51551064], [   18.39174201,   16.59205545,  -31.42250703,  -34.26941454,     29.1623712 ,   30.74284873,   20.41075568,   20.50155816,    108.44665941,   31.23027254,  -18.58037207,   12.33718347,     11.28135306], [  266.97026645,   -1.59456678,  -37.040497  ,  -18.98995256,     -5.87467239,   36.35685064,   45.19943533,  -11.6896509 ,     31.23027254,   98.78645914,    4.65437803,    1.92282008,     12.30575497], [ -215.53486748,   10.05232993,   55.07399806,   58.25841456,     34.22639338,  -10.35698363,  -38.16927818,   44.29167077,    -18.58037207,    4.65437803,  112.84216515,   24.72589972,     -7.3059756 ], [   41.64493739,   12.4541697 ,  -14.7007272 ,   27.12378026,     -3.06207535,  -26.73259686,    8.42662252,   13.43659285,     12.33718347,    1.92282008,   24.72589972,   91.72649722,     31.16367221], [  114.19246345,   -6.42200408,  -25.72177603,   -5.34270081,      8.27103802,   21.69873064,   14.05876724,   -8.51551064,     11.28135306,   12.30575497,   -7.3059756 ,   31.16367221,     93.04088515]]
/root/sim/music/out/Various_Artists/T2_Trainspotting__Original_Motion_Pictur/04_Get_Up.mp3; [-566.5774    , 124.14324   ,   5.921986  ,  26.90165   ,   6.862105  ,    0.3277411 ,   0.37362337,   6.520814  ,  -2.2735472 ,   4.9004455 ,   -3.2028582 ,  -0.45509583,  -2.8798842 ]; [[11525.08758342, -634.72570905, -223.39302903,  276.26512829,    150.09362643,  105.39821724, -117.21682074,  143.08281923,    -60.8641775 ,   51.26857526,   -8.5864496 ,    7.11377281,     30.32080757], [ -634.72570905, 1650.92971504,  258.7557721 ,   42.62987941,     57.62852128,   24.77178795,  118.8429937 ,   55.99738699,     62.32208419,   53.50781972,   54.2472765 ,   28.53699997,      7.38216681], [ -223.39302903,  258.7557721 ,  908.82317335,  370.83967504,    153.7272721 ,  119.31118231,  129.28198723,   45.82852071,     23.93582719,  -11.60444991,  -23.20071362,   47.98690574,     29.07412286], [  276.26512829,   42.62987941,  370.83967504,  567.94028596,    219.31762741,  102.84393285,   63.374275  ,   28.94557272,     50.62858749,   16.42664284,  -19.98674239,   31.58660005,     24.32883074], [  150.09362643,   57.62852128,  153.7272721 ,  219.31762741,    313.7137074 ,  111.95098909,   16.61287855,   42.16331256,     68.48099065,   42.02859672,  -10.41788756,   36.5534533 ,     24.95168121], [  105.39821724,   24.77178795,  119.31118231,  102.84393285,    111.95098909,  196.67926335,   88.83645885,   31.0496346 ,     49.95963008,   27.14523075,   17.55947265,   26.72760196,      1.20651523], [ -117.21682074,  118.8429937 ,  129.28198723,   63.374275  ,     16.61287855,   88.83645885,  202.8480902 ,   53.9572749 ,     17.56134378,   18.58329813,   36.67571039,   29.18498588,    -12.28546208], [  143.08281923,   55.99738699,   45.82852071,   28.94557272,     42.16331256,   31.0496346 ,   53.9572749 ,  139.26598119,     43.2113419 ,   25.01231999,   18.77428936,    4.73871165,      1.57245637], [  -60.8641775 ,   62.32208419,   23.93582719,   50.62858749,     68.48099065,   49.95963008,   17.56134378,   43.2113419 ,    132.23187711,   53.13180568,    4.93176945,    9.62510625,      6.99184854], [   51.26857526,   53.50781972,  -11.60444991,   16.42664284,     42.02859672,   27.14523075,   18.58329813,   25.01231999,     53.13180568,  101.60239452,   34.91945352,    6.9461339 ,     -5.23867162], [   -8.5864496 ,   54.2472765 ,  -23.20071362,  -19.98674239,    -10.41788756,   17.55947265,   36.67571039,   18.77428936,      4.93176945,   34.91945352,   83.47376896,   20.98164576,    -13.62242957], [    7.11377281,   28.53699997,   47.98690574,   31.58660005,     36.5534533 ,   26.72760196,   29.18498588,    4.73871165,      9.62510625,    6.9461339 ,   20.98164576,   80.04317378,     23.88886995], [   30.32080757,    7.38216681,   29.07412286,   24.32883074,     24.95168121,    1.20651523,  -12.28546208,    1.57245637,      6.99184854,   -5.23867162,  -13.62242957,   23.88886995,     81.82728309]]
/root/sim/music/out/Various_Artists/T2_Trainspotting__Original_Motion_Pictur/02_Shotgun_Mouthwash.mp3; [-519.9974   ,  96.71239  ,  11.203438 ,  18.323229 ,   3.3524728,    1.7636915,  -0.6727269,   5.555992 ,   7.6693316,   8.30624  ,    8.57079  ,   5.804949 ,   1.9082898]; [[20091.83065673,  304.34646336,  151.84687583,  678.27653381,    521.81064383,  454.57332207,   53.82981454, -129.16972634,   -176.88015188, -211.62558845, -173.14335962, -110.42761508,     25.46125678], [  304.34646336,  915.83580675, -198.5934802 ,   14.12702459,    -14.95949608,  -28.76991867,  -21.96878913,    6.91553634,      9.44279676,   40.90679109,  -17.29193822,    3.00456999,      7.37905108], [  151.84687583, -198.5934802 ,  381.70897554,  139.11689366,    111.52456255,   89.00086482,   71.56821385,   53.64005882,     33.52096668,   -5.45749908,   29.58489927,   -0.59019811,      3.04625538], [  678.27653381,   14.12702459,  139.11689366,  244.29486478,    136.14088781,   73.67036983,   46.17276674,   34.76270081,     18.54582415,    2.23010095,   -0.41883391,   -5.98330714,      4.03122598], [  521.81064383,  -14.95949608,  111.52456255,  136.14088781,    193.05999774,   98.87995879,   42.50723021,   23.10740774,     26.28572972,    0.85211881,   -4.59526884,  -13.8312289 ,      1.19239457], [  454.57332207,  -28.76991867,   89.00086482,   73.67036983,     98.87995879,  129.33318075,   59.63883299,   37.95721117,     14.55774165,   -2.53276067,    1.1191027 ,   -3.21437772,      7.20406257], [   53.82981454,  -21.96878913,   71.56821385,   46.17276674,     42.50723021,   59.63883299,  116.16795468,   63.00305335,     21.86731043,   -4.5826364 ,   14.32627051,   13.73561807,      4.38937836], [ -129.16972634,    6.91553634,   53.64005882,   34.76270081,     23.10740774,   37.95721117,   63.00305335,   90.90933226,     42.50488022,   12.91908957,   14.91947961,   12.61476676,     10.56136844], [ -176.88015188,    9.44279676,   33.52096668,   18.54582415,     26.28572972,   14.55774165,   21.86731043,   42.50488022,     75.79327333,   41.31354381,   26.83023472,   13.26774057,      2.67915796], [ -211.62558845,   40.90679109,   -5.45749908,    2.23010095,      0.85211881,   -2.53276067,   -4.5826364 ,   12.91908957,     41.31354381,   71.50824046,   39.7365778 ,   14.57735838,      2.20583691], [ -173.14335962,  -17.29193822,   29.58489927,   -0.41883391,     -4.59526884,    1.1191027 ,   14.32627051,   14.91947961,     26.83023472,   39.7365778 ,   65.88481721,   35.71656936,      6.10568221], [ -110.42761508,    3.00456999,   -0.59019811,   -5.98330714,    -13.8312289 ,   -3.21437772,   13.73561807,   12.61476676,     13.26774057,   14.57735838,   35.71656936,   55.66416535,     25.30731469], [   25.46125678,    7.37905108,    3.04625538,    4.03122598,      1.19239457,    7.20406257,    4.38937836,   10.56136844,      2.67915796,    2.20583691,    6.10568221,   25.30731469,     48.70698067]]
/root/sim/music/out/Various_Artists/T2_Trainspotting__Original_Motion_Pictur/03_Silk.mp3; [-709.45874   , 195.91649   ,  15.5648575 ,  22.641428  ,  10.150627  ,    5.781488  ,  10.989027  ,   2.105641  ,   2.167138  ,   3.612712  ,    2.5342643 ,  -0.77799696,  -1.8977442 ]; [[32854.12719702,-7576.3186126 ,-2528.98067023,  376.99662401,  -1069.39153546, -127.00155622,  -80.94191599, -647.93508312,    518.45889576,  283.20501455, -196.97009061,  125.3518914 ,    302.72291635], [-7576.3186126 , 5544.41746701,  676.38053017, -245.39135284,    419.30535689,   42.10431571,  108.17613527,  200.30810269,   -118.80902431,  -30.47743966,  142.02822277,    8.99476539,   -104.89951357], [-2528.98067023,  676.38053017, 1663.25639101,  223.24335266,    154.47522082,  118.20622632,  -68.83965676,  112.33870935,    -16.57370467,   -7.89203491,   59.75542608,    1.11615822,     37.50492251], [  376.99662401, -245.39135284,  223.24335266,  448.44764583,     67.240412  ,    6.04178597,    0.58012239,   39.84121532,     57.92500792,   24.81424605,   -3.59832518,   41.42391431,     36.61755491], [-1069.39153546,  419.30535689,  154.47522082,   67.240412  ,    239.72667035,   12.00260724,  -16.75116219,   58.0364037 ,      8.18995738,   -4.0325123 ,   16.22068361,    3.35152412,    -10.62659494], [ -127.00155622,   42.10431571,  118.20622632,    6.04178597,     12.00260724,  176.14051413,   40.74908125,   15.92197713,      8.68013323,   24.54456535,    6.24867206,   -4.82200831,     13.07460297], [  -80.94191599,  108.17613527,  -68.83965676,    0.58012239,    -16.75116219,   40.74908125,  169.74544804,   -8.71959289,     10.08245706,   20.56653214,   -5.12356045,  -14.26342786,    -12.66827869], [ -647.93508312,  200.30810269,  112.33870935,   39.84121532,     58.0364037 ,   15.92197713,   -8.71959289,  145.46221809,     15.54521777,   -8.520965  ,    9.88259342,   10.07203264,      5.9207477 ], [  518.45889576, -118.80902431,  -16.57370467,   57.92500792,      8.18995738,    8.68013323,   10.08245706,   15.54521777,    115.64090197,   31.95033127,   -4.14664595,   14.95433497,      5.59154195], [  283.20501455,  -30.47743966,   -7.89203491,   24.81424605,     -4.0325123 ,   24.54456535,   20.56653214,   -8.520965  ,     31.95033127,   95.20722344,   26.07550821,    3.48542413,     11.94950022], [ -196.97009061,  142.02822277,   59.75542608,   -3.59832518,     16.22068361,    6.24867206,   -5.12356045,    9.88259342,     -4.14664595,   26.07550821,   86.95360242,   26.12340707,      5.23896221], [  125.3518914 ,    8.99476539,    1.11615822,   41.42391431,      3.35152412,   -4.82200831,  -14.26342786,   10.07203264,     14.95433497,    3.48542413,   26.12340707,   89.13855758,     28.1724446 ], [  302.72291635, -104.89951357,   37.50492251,   36.61755491,    -10.62659494,   13.07460297,  -12.66827869,    5.9207477 ,      5.59154195,   11.94950022,    5.23896221,   28.1724446 ,     74.65557008]]
/root/sim/music/out/Various_Artists/T2_Trainspotting__Original_Motion_Pictur/07_Only_God_Knows.mp3; [-542.27997   , 134.84848   ,   3.0107229 ,  17.223398  ,   0.75401694,    8.3058    ,   4.417694  ,   6.849622  ,  -2.9221416 ,   7.2422376 ,    1.7385823 ,   1.7556863 ,   0.22298521]; [[12404.59082168,-1397.9147039 ,  282.38808541,  505.33683521,    -98.79441076,  162.55260795,   13.96539307,  138.62200217,    260.69378766,  473.84065043,  231.1614099 ,   53.00467328,     86.27837192], [-1397.9147039 , 2594.52021599,  259.8167414 , -116.38929886,     32.88893975,   49.56108814,  113.82346228,  127.35959128,    157.78517007,  140.06370236,  102.69138841,   71.91819734,     -5.60497361], [  282.38808541,  259.8167414 ,  707.35080787,   46.76242571,    -18.28377496,   65.23938945,   13.58527371,   61.13174794,    152.86074007,  146.9781253 ,   31.00098916,   31.3683743 ,     31.63104303], [  505.33683521, -116.38929886,   46.76242571,  229.63504655,     29.97548829,   22.53719997,   11.68488503,   22.05388628,     43.10001523,   25.29778765,    1.15581305,   10.33428761,      6.01062071], [  -98.79441076,   32.88893975,  -18.28377496,   29.97548829,    150.28008031,   17.07538439,  -17.91859393,   -9.8634307 ,     -3.12351027,  -11.32142384,  -20.67021394,    2.26797652,      2.23261826], [  162.55260795,   49.56108814,   65.23938945,   22.53719997,     17.07538439,  155.03422233,   44.54729075,   23.97409167,     39.1785395 ,   58.95345831,   24.01178463,    4.48142096,     -7.86945422], [   13.96539307,  113.82346228,   13.58527371,   11.68488503,    -17.91859393,   44.54729075,  145.88635172,   47.25257095,     10.2525795 ,   30.92877836,   37.76709636,   -3.42619351,    -14.07398242], [  138.62200217,  127.35959128,   61.13174794,   22.05388628,     -9.8634307 ,   23.97409167,   47.25257095,  144.55153448,     66.29115038,   38.93520344,   29.0888044 ,   23.0053273 ,     -1.71926293], [  260.69378766,  157.78517007,  152.86074007,   43.10001523,     -3.12351027,   39.1785395 ,   10.2525795 ,   66.29115038,    161.54800527,  106.86477308,   28.08898615,   21.49335963,     19.96159598], [  473.84065043,  140.06370236,  146.9781253 ,   25.29778765,    -11.32142384,   58.95345831,   30.92877836,   38.93520344,    106.86477308,  187.96720608,   59.61457175,    5.71865432,     19.02959285], [  231.1614099 ,  102.69138841,   31.00098916,    1.15581305,    -20.67021394,   24.01178463,   37.76709636,   29.0888044 ,     28.08898615,   59.61457175,  108.44201428,   29.35845949,     -3.41249751], [   53.00467328,   71.91819734,   31.3683743 ,   10.33428761,      2.26797652,    4.48142096,   -3.42619351,   23.0053273 ,     21.49335963,    5.71865432,   29.35845949,   83.95502082,     21.73604556], [   86.27837192,   -5.60497361,   31.63104303,    6.01062071,      2.23261826,   -7.86945422,  -14.07398242,   -1.71926293,     19.96159598,   19.02959285,   -3.41249751,   21.73604556,     69.66135681]]
