/root/sim/music/out/Various_Artists/TETSUYA_KOMURO_ARCHIVES__K__[Disc_1]/06-永遠と名づけてデイドリーム.mp3; [-645.5974    , 143.76398   ,  12.787928  ,  12.302889  ,  -2.569159  ,   -0.9059836 ,  -7.1065397 ,  -1.2962984 ,  -6.367072  ,  -0.72554815,   -4.573614  ,  -3.6810217 ,  -2.4762175 ]; [[24934.01497282,-1246.66370695, -327.2256851 ,  571.40398915,   -406.60921594,  285.35610326,  177.00952664,  420.74041501,    153.50795571,  621.12422191,   17.39436204, -132.66322476,    299.64598902], [-1246.66370695, 2019.75033379,  -87.85002522,  -64.31062806,     21.15809347,  -38.31261646,  -42.25077643,  -89.61825569,    -54.29547992,  -95.99868873,  -17.28236935,  -50.05064911,    -75.10751343], [ -327.2256851 ,  -87.85002522,  471.35434444,   -1.54713721,     62.63984794,   47.17220738,   -1.60372783,   -5.1856458 ,    -39.70237783,  -25.47983143,   22.42615519,   55.50909054,     -3.16137436], [  571.40398915,  -64.31062806,   -1.54713721,  434.73484221,    111.51273377,    7.84509461,   12.72017945,   76.66358545,     45.87226355,    3.00079141,   12.87600461,   15.18491282,     80.97119925], [ -406.60921594,   21.15809347,   62.63984794,  111.51273377,    250.4677124 ,   24.46830627,    8.7602634 ,   21.39610458,     58.01141071,  -16.17719051,   -1.11572385,   28.69467768,     18.01683826], [  285.35610326,  -38.31261646,   47.17220738,    7.84509461,     24.46830627,  209.86319571,   72.89503718,   24.4942848 ,      3.0421022 ,   30.12368669,   31.77683426,   13.29947906,      4.45846831], [  177.00952664,  -42.25077643,   -1.60372783,   12.72017945,      8.7602634 ,   72.89503718,  180.79257747,   42.21518655,     24.77240881,   59.70188609,   27.9933134 ,   19.20339493,      8.15750475], [  420.74041501,  -89.61825569,   -5.1856458 ,   76.66358545,     21.39610458,   24.4942848 ,   42.21518655,  169.08466767,     52.57596693,   23.3315832 ,   29.23749255,   33.81949409,     38.10646997], [  153.50795571,  -54.29547992,  -39.70237783,   45.87226355,     58.01141071,    3.0421022 ,   24.77240881,   52.57596693,    172.42295223,   45.3383291 ,   15.33780667,  -16.06729388,     13.73035221], [  621.12422191,  -95.99868873,  -25.47983143,    3.00079141,    -16.17719051,   30.12368669,   59.70188609,   23.3315832 ,     45.3383291 ,  186.45394131,   36.0084993 ,  -38.55854575,     34.10600895], [   17.39436204,  -17.28236935,   22.42615519,   12.87600461,     -1.11572385,   31.77683426,   27.9933134 ,   29.23749255,     15.33780667,   36.0084993 ,  120.62166053,   36.66191009,     16.44200751], [ -132.66322476,  -50.05064911,   55.50909054,   15.18491282,     28.69467768,   13.29947906,   19.20339493,   33.81949409,    -16.06729388,  -38.55854575,   36.66191009,  182.39160814,     16.53294443], [  299.64598902,  -75.10751343,   -3.16137436,   80.97119925,     18.01683826,    4.45846831,    8.15750475,   38.10646997,     13.73035221,   34.10600895,   16.44200751,   16.53294443,    140.48036178]]
/root/sim/music/out/Various_Artists/TETSUYA_KOMURO_ARCHIVES__K__[Disc_1]/07-TOO_SHY_SHY_BOY!.mp3; [-545.5178    ,  88.48933   ,  13.5687475 ,  26.634748  ,   2.714983  ,    0.50748855,  -2.9281616 ,   2.7298324 ,  -2.8418777 ,   1.2087978 ,   -3.8321774 ,   0.976152  ,  -1.4909751 ]; [[15448.87489857, 1594.67314033,   27.3467015 ,  373.57314355,     82.95291115,  -52.69361149,   87.48163223,   12.6995318 ,     -6.52121752,   85.91994759,  -72.01377024,   32.52328947,    -44.55668465], [ 1594.67314033, 1205.00897793, -147.11841257,  119.85945085,     68.30799558,   13.56616498,  103.36836318,   29.11370273,     15.12167552,   65.00597522,    4.70734952,    3.36127927,     30.64740177], [   27.3467015 , -147.11841257,  771.86015263,   57.62403158,     82.8121341 ,  114.26454971,  -33.31149513,   30.3635531 ,     -0.35473086,  -38.1972705 ,   28.86030705,    4.72099592,    -20.87962737], [  373.57314355,  119.85945085,   57.62403158,  317.06483627,     97.46673931,   27.32671519,   28.16639893,   41.48059063,     27.35012897,   18.7705642 ,   14.01964814,   21.90097869,      6.59785371], [   82.95291115,   68.30799558,   82.8121341 ,   97.46673931,    167.3873488 ,   85.61881361,   47.01266083,   30.86398555,     36.75671921,   15.14470719,   11.11398602,   13.39441349,      3.26880125], [  -52.69361149,   13.56616498,  114.26454971,   27.32671519,     85.61881361,  199.56551976,   65.14801044,   42.50628446,     47.06817082,   26.81086628,   31.98798032,   10.51545585,     18.04307948], [   87.48163223,  103.36836318,  -33.31149513,   28.16639893,     47.01266083,   65.14801044,  133.85659999,   52.73836032,     36.59610085,   34.82688638,   14.18288733,   15.4150819 ,     17.82587391], [   12.6995318 ,   29.11370273,   30.3635531 ,   41.48059063,     30.86398555,   42.50628446,   52.73836032,  107.82050222,     61.26105009,   20.93289609,   10.53655243,    7.16433282,     15.3182472 ], [   -6.52121752,   15.12167552,   -0.35473086,   27.35012897,     36.75671921,   47.06817082,   36.59610085,   61.26105009,    104.77536284,   48.6182608 ,   16.14691023,    7.78996685,     16.02313452], [   85.91994759,   65.00597522,  -38.1972705 ,   18.7705642 ,     15.14470719,   26.81086628,   34.82688638,   20.93289609,     48.6182608 ,   84.40405667,   37.19692512,   15.06595388,     12.34988051], [  -72.01377024,    4.70734952,   28.86030705,   14.01964814,     11.11398602,   31.98798032,   14.18288733,   10.53655243,     16.14691023,   37.19692512,   76.38802686,   37.94610314,     15.24857791], [   32.52328947,    3.36127927,    4.72099592,   21.90097869,     13.39441349,   10.51545585,   15.4150819 ,    7.16433282,      7.78996685,   15.06595388,   37.94610314,   78.6025024 ,     35.69821115], [  -44.55668465,   30.64740177,  -20.87962737,    6.59785371,      3.26880125,   18.04307948,   17.82587391,   15.3182472 ,     16.02313452,   12.34988051,   15.24857791,   35.69821115,     72.33803978]]
/root/sim/music/out/Various_Artists/TETSUYA_KOMURO_ARCHIVES__K__[Disc_1]/08-EZ_DO_DANCE_(7__MIX).mp3; [-517.5395    ,  77.07192   ,  15.268923  ,  18.73121   ,   7.8338327 ,   12.892498  ,  -0.33179215,  10.1496725 ,   0.72545415,   0.57369554,   -3.7392926 ,  -1.4600886 ,  -0.9338339 ]; [[21483.06158456, 1312.04151421,  121.85826372,  330.25792977,     97.91632369,  208.3349609 ,  -26.39753987,  132.98930809,    -11.50186501,  -10.15138435,  -79.91645044,  -59.31025645,    -66.24349497], [ 1312.04151421,  592.34419891, -122.5430186 ,   33.01466917,     -5.4663164 ,   28.33326067,   33.59706874,   15.67597863,    -11.97176741,   12.13455788,    7.05782759,  -27.76493855,      0.99745146], [  121.85826372, -122.5430186 ,  522.44934981,   67.82490938,     21.01743398,  114.75956279,    9.9687848 ,  -11.34269333,      3.38783859,  -23.43074911,   25.67987116,   -5.33766419,    -19.10628717], [  330.25792977,   33.01466917,   67.82490938,  276.90329165,     82.13367252,  -18.42901126,  -37.22511784,   23.4645466 ,     32.80131661,  -26.49803761,    3.36643274,   16.29579009,     15.79776237], [   97.91632369,   -5.4663164 ,   21.01743398,   82.13367252,    130.84044444,   13.48887637,  -21.25242811,   20.28700141,     27.42266041,    1.64605424,   -2.4603075 ,    3.3303893 ,     11.47858026], [  208.3349609 ,   28.33326067,  114.75956279,  -18.42901126,     13.48887637,  192.61727458,   57.6103928 ,    1.86497946,     17.70537555,   14.2227383 ,   25.57947714,  -18.23232184,      4.10514176], [  -26.39753987,   33.59706874,    9.9687848 ,  -37.22511784,    -21.25242811,   57.6103928 ,  122.47287069,   23.82806767,     -2.79730914,   13.3761557 ,   17.05718187,   -6.79382072,     -5.64340646], [  132.98930809,   15.67597863,  -11.34269333,   23.4645466 ,     20.28700141,    1.86497946,   23.82806767,  112.7852362 ,     50.4470475 ,    5.44637399,    7.94695672,    9.28261707,      8.60592551], [  -11.50186501,  -11.97176741,    3.38783859,   32.80131661,     27.42266041,   17.70537555,   -2.79730914,   50.4470475 ,    110.0386179 ,   34.87573549,   -2.5367732 ,   -0.7355276 ,     12.80034625], [  -10.15138435,   12.13455788,  -23.43074911,  -26.49803761,      1.64605424,   14.2227383 ,   13.3761557 ,    5.44637399,     34.87573549,   85.59147894,   23.48229813,  -12.55120789,      7.70723765], [  -79.91645044,    7.05782759,   25.67987116,    3.36643274,     -2.4603075 ,   25.57947714,   17.05718187,    7.94695672,     -2.5367732 ,   23.48229813,   79.11777032,   26.03953751,      2.97233477], [  -59.31025645,  -27.76493855,   -5.33766419,   16.29579009,      3.3303893 ,  -18.23232184,   -6.79382072,    9.28261707,     -0.7355276 ,  -12.55120789,   26.03953751,   72.82915751,     20.6687196 ], [  -66.24349497,    0.99745146,  -19.10628717,   15.79776237,     11.47858026,    4.10514176,   -5.64340646,    8.60592551,     12.80034625,    7.70723765,    2.97233477,   20.6687196 ,     61.6361044 ]]
/root/sim/music/out/Various_Artists/THE_GREATEST_HITS_-小室哲哉作品集_a-_[Disc_1]/10_a_song_is_born_(original_mix).mp3; [-594.0204   , 114.24267  ,   7.7282615,   8.352429 ,   3.7062356,    3.4426615,   6.3920403,  -2.7559688,   6.673657 ,   6.7738357,    0.5224292,   7.085483 ,   3.413846 ]; [[17795.68421755,-1509.18877299,  851.54064957,  739.76425654,    -84.92767244,  624.80167275,  509.63219085,  822.56519344,    556.23622385,  261.72354609, -260.1557012 ,   79.53901979,    380.22793345], [-1509.18877299, 1871.53918323, -454.07014747, -229.50791436,    175.6010269 , -152.31286602,   94.48538671, -274.39665902,    -48.09704967,  -19.96967956,   83.23696689,   25.98034379,    -97.32721573], [  851.54064957, -454.07014747, 1115.49909583,  199.10678791,    101.58895718,  114.10255797,   91.51721047,  192.38779712,     31.43001926,   69.97684152,  -48.14404317,   21.64663111,    -29.61671237], [  739.76425654, -229.50791436,  199.10678791,  550.87764541,    105.88528468,   56.51676104,  -23.48750308,  209.46994521,     33.02600246,  -39.96652614,   31.74330922,   31.14102859,      7.89296302], [  -84.92767244,  175.6010269 ,  101.58895718,  105.88528468,    298.87826849,    8.16204274,   50.25169826,   46.27686671,     73.82120943,   23.65937364,   28.25056148,   38.55859549,      2.10270094], [  624.80167275, -152.31286602,  114.10255797,   56.51676104,      8.16204274,  356.28551515,   88.56580537,  100.38061403,     24.55216197,   76.80033176,   13.37243745,  -22.8194942 ,     59.337511  ], [  509.63219085,   94.48538671,   91.51721047,  -23.48750308,     50.25169826,   88.56580537,  326.29732454,   37.68456221,     85.78731716,   70.45922741,   -8.69732233,   39.01373345,     25.40282297], [  822.56519344, -274.39665902,  192.38779712,  209.46994521,     46.27686671,  100.38061403,   37.68456221,  304.32618061,     62.19688882,   19.99957223,   -1.37015078,   23.44385284,     54.32758768], [  556.23622385,  -48.09704967,   31.43001926,   33.02600246,     73.82120943,   24.55216197,   85.78731716,   62.19688882,    212.63033268,   63.5670407 ,    1.83656417,   20.64969108,     40.86213897], [  261.72354609,  -19.96967956,   69.97684152,  -39.96652614,     23.65937364,   76.80033176,   70.45922741,   19.99957223,     63.5670407 ,  151.9104266 ,    3.00780455,    1.65137477,     25.32330601], [ -260.1557012 ,   83.23696689,  -48.14404317,   31.74330922,     28.25056148,   13.37243745,   -8.69732233,   -1.37015078,      1.83656417,    3.00780455,  165.09607227,   53.95720953,      4.7899017 ], [   79.53901979,   25.98034379,   21.64663111,   31.14102859,     38.55859549,  -22.8194942 ,   39.01373345,   23.44385284,     20.64969108,    1.65137477,   53.95720953,  151.19918916,     25.61612329], [  380.22793345,  -97.32721573,  -29.61671237,    7.89296302,      2.10270094,   59.337511  ,   25.40282297,   54.32758768,     40.86213897,   25.32330601,    4.7899017 ,   25.61612329,    115.23812779]]
/root/sim/music/out/Various_Artists/THE_GREATEST_HITS_-小室哲哉作品集_a-_[Disc_1]/01_GOING_GOING_HOME.mp3; [-489.73636   ,  85.966896  ,  12.745677  ,  29.280645  ,  10.982916  ,    6.647418  ,   3.1738753 ,  11.726874  ,  -1.0906821 ,   8.739859  ,    3.364813  ,  -0.01949965,   2.7593327 ]; [[13616.59473923,  393.51479483,  154.80865152,  126.61868988,     58.13951684,   10.12374005,    4.32496612,  206.7994773 ,    -54.30954001,  -20.63569987,  -23.78192494,  -33.92973811,     68.59494937], [  393.51479483,  555.31845066,  -84.6624361 ,   60.42923804,     13.9564896 ,   22.89915186,   52.07812983,   47.24496656,     -8.17768159,   50.94770098,   26.83172862,   -1.57665882,     13.47009399], [  154.80865152,  -84.6624361 ,  388.87976516,   63.11720142,     67.54786185,   37.17273802,  -24.15315606,  -11.54833495,    -13.20517726,  -50.34952005,  -13.48123514,   -5.09094402,      1.26508436], [  126.61868988,   60.42923804,   63.11720142,  227.8089471 ,     79.25942502,   11.91367683,   -9.61428331,    0.8700709 ,      9.68313191,   -9.99170128,   -4.89967827,   -7.68374852,     13.91898413], [   58.13951684,   13.9564896 ,   67.54786185,   79.25942502,    150.19723766,   37.25215516,  -21.77554708,   13.29073274,     20.77794   ,   -0.50706247,    1.52833531,   -8.25724033,      1.58058924], [   10.12374005,   22.89915186,   37.17273802,   11.91367683,     37.25215516,  107.48627504,   48.75926487,   17.5735956 ,     16.74753582,    6.47620379,    6.97913978,   11.14407236,     -1.87063861], [    4.32496612,   52.07812983,  -24.15315606,   -9.61428331,    -21.77554708,   48.75926487,  132.14244109,   49.48992958,      4.61748039,   19.68227383,   13.62616116,   13.09334594,      0.31101491], [  206.7994773 ,   47.24496656,  -11.54833495,    0.8700709 ,     13.29073274,   17.5735956 ,   49.48992958,  122.0587743 ,     18.45382557,   20.57090292,   16.06764958,   -8.5664937 ,      7.7904322 ], [  -54.30954001,   -8.17768159,  -13.20517726,    9.68313191,     20.77794   ,   16.74753582,    4.61748039,   18.45382557,     97.90386154,   31.54417616,    5.37633941,   17.88537564,      2.65562274], [  -20.63569987,   50.94770098,  -50.34952005,   -9.99170128,     -0.50706247,    6.47620379,   19.68227383,   20.57090292,     31.54417616,  104.47042117,   33.05313472,    7.77888096,     -0.87772847], [  -23.78192494,   26.83172862,  -13.48123514,   -4.89967827,      1.52833531,    6.97913978,   13.62616116,   16.06764958,      5.37633941,   33.05313472,   72.59585027,   25.21102698,      7.56079465], [  -33.92973811,   -1.57665882,   -5.09094402,   -7.68374852,     -8.25724033,   11.14407236,   13.09334594,   -8.5664937 ,     17.88537564,    7.77888096,   25.21102698,   80.59840061,     26.97602169], [   68.59494937,   13.47009399,    1.26508436,   13.91898413,      1.58058924,   -1.87063861,    0.31101491,    7.7904322 ,      2.65562274,   -0.87772847,    7.56079465,   26.97602169,     66.35854853]]
/root/sim/music/out/Various_Artists/THE_GREATEST_HITS_-小室哲哉作品集_a-_[Disc_1]/04_Get_Wild.mp3; [-538.6431   , 101.43337  , -16.262394 ,  24.864153 ,   4.6691093,    5.6640844,   3.5611303,  11.48216  ,   2.4219227,   2.679147 ,    3.093901 ,   4.4961753,  -1.1917081]; [[18972.47495732,  659.69644846, -298.26832553,  338.34527928,     97.72281374,   79.72893023,   80.76175948,  326.18792342,     99.71765421,   62.78927941,  -13.81988044, -111.27283552,    -22.75658213], [  659.69644846, 1002.74641955,    7.60591403,   60.21509265,    -21.95374125,   -4.76699113,   34.35429136,  -23.20475517,    -38.55207259,  -21.72635258,   40.92225324,   17.8192819 ,    -13.11749266], [ -298.26832553,    7.60591403,  504.84211745,  102.11903876,     90.41055087,   90.89874997,   31.05929932,  -23.53238775,      0.87249643,   33.14010741,   26.40606316,   29.44204617,     40.13754796], [  338.34527928,   60.21509265,  102.11903876,  259.2045876 ,    143.54924624,   45.05927963,    1.94489314,   19.77198195,     42.93275738,   20.16058239,    2.33457216,    9.77505142,     20.76515755], [   97.72281374,  -21.95374125,   90.41055087,  143.54924624,    237.9815693 ,   62.35047142,   18.26095796,   30.38542503,     62.16951503,   20.04596531,    2.66708076,   13.12043754,     21.24919295], [   79.72893023,   -4.76699113,   90.89874997,   45.05927963,     62.35047142,  155.19559642,   71.41022655,   35.77794556,     28.65920157,   41.16254986,   23.76003688,   10.02391027,     13.90892684], [   80.76175948,   34.35429136,   31.05929932,    1.94489314,     18.26095796,   71.41022655,  155.56086589,   85.70504735,     45.49747067,   15.68860435,   24.77700974,   23.51990929,      6.03029497], [  326.18792342,  -23.20475517,  -23.53238775,   19.77198195,     30.38542503,   35.77794556,   85.70504735,  162.3491166 ,     77.21865899,   26.72498927,   13.46849552,   14.12051547,      5.85325953], [   99.71765421,  -38.55207259,    0.87249643,   42.93275738,     62.16951503,   28.65920157,   45.49747067,   77.21865899,    127.07253578,   51.35918913,   18.80605068,   10.4575242 ,     14.53801678], [   62.78927941,  -21.72635258,   33.14010741,   20.16058239,     20.04596531,   41.16254986,   15.68860435,   26.72498927,     51.35918913,  108.22722309,   45.99047325,    9.24773513,     10.33246313], [  -13.81988044,   40.92225324,   26.40606316,    2.33457216,      2.66708076,   23.76003688,   24.77700974,   13.46849552,     18.80605068,   45.99047325,   95.23377276,   37.07202851,      4.96010661], [ -111.27283552,   17.8192819 ,   29.44204617,    9.77505142,     13.12043754,   10.02391027,   23.51990929,   14.12051547,     10.4575242 ,    9.24773513,   37.07202851,  105.71185862,     29.17197154], [  -22.75658213,  -13.11749266,   40.13754796,   20.76515755,     21.24919295,   13.90892684,    6.03029497,    5.85325953,     14.53801678,   10.33246313,    4.96010661,   29.17197154,     79.84035718]]
/root/sim/music/out/Various_Artists/THE_GREATEST_HITS_-小室哲哉作品集_a-_[Disc_1]/05_BE_TOGETHER.mp3; [-579.59784  , 111.32278  ,   2.2282362,  24.113882 ,   4.299742 ,    3.7496736,  11.625551 ,  11.187807 ,   2.4995403,   7.856281 ,   -2.4916947,  -2.4270835,  -2.245512 ]; [[20355.36407223, 1520.64395158, -339.49341667,  -45.80596639,    853.21335502, -111.65638089, -191.36708778, -352.13527021,   -372.1259778 ,  124.16144768, -393.99330677,   36.88929965,    255.25015707], [ 1520.64395158, 1381.15536635,   48.3560823 ,  220.88875698,    126.20012394,  -13.99970718,   50.64479231,  -68.86489359,    -29.21218138,  102.8167659 ,  -71.38923197,   27.51202275,     91.14941525], [ -339.49341667,   48.3560823 ,  810.47508188,   95.50721608,     38.0036166 ,   46.088458  ,   62.55876247,   35.20033475,     20.18441304,   -9.43070956,    1.67763894,    0.93528139,    -13.63440253], [  -45.80596639,  220.88875698,   95.50721608,  436.63189314,     83.70347296,   59.92027937,    0.72019349,   64.01152516,     66.95052454,  -10.62525352,   27.17685761,   24.33793276,     16.15118075], [  853.21335502,  126.20012394,   38.0036166 ,   83.70347296,    396.75156745,   11.06120684,  -40.99189805,  -55.8625827 ,    -23.49629779,   21.49408641,  -57.9814144 ,   34.16194417,     76.43222545], [ -111.65638089,  -13.99970718,   46.088458  ,   59.92027937,     11.06120684,  256.9853784 ,   69.89816513,   58.08702254,     77.84019387,   22.21938351,   47.84306273,   -9.906886  ,    -23.39021583], [ -191.36708778,   50.64479231,   62.55876247,    0.72019349,    -40.99189805,   69.89816513,  206.15369112,   57.73440934,     50.09859613,   51.7209287 ,    9.42497492,    5.41949869,    -17.90059861], [ -352.13527021,  -68.86489359,   35.20033475,   64.01152516,    -55.8625827 ,   58.08702254,   57.73440934,  190.89091504,     81.36090504,   -6.01303283,   62.60464075,  -10.54461283,    -26.23965834], [ -372.1259778 ,  -29.21218138,   20.18441304,   66.95052454,    -23.49629779,   77.84019387,   50.09859613,   81.36090504,    195.39568806,   54.82629704,   21.65365592,  -14.22045139,    -20.86252561], [  124.16144768,  102.8167659 ,   -9.43070956,  -10.62525352,     21.49408641,   22.21938351,   51.7209287 ,   -6.01303283,     54.82629704,  143.522005  ,    3.25220133,   10.07594042,     17.82975432], [ -393.99330677,  -71.38923197,    1.67763894,   27.17685761,    -57.9814144 ,   47.84306273,    9.42497492,   62.60464075,     21.65365592,    3.25220133,  152.39672222,   29.02075906,    -15.64464631], [   36.88929965,   27.51202275,    0.93528139,   24.33793276,     34.16194417,   -9.906886  ,    5.41949869,  -10.54461283,    -14.22045139,   10.07594042,   29.02075906,   91.75260851,     28.00932512], [  255.25015707,   91.14941525,  -13.63440253,   16.15118075,     76.43222545,  -23.39021583,  -17.90059861,  -26.23965834,    -20.86252561,   17.82975432,  -15.64464631,   28.00932512,    107.4766726 ]]
/root/sim/music/out/Various_Artists/THE_GREATEST_HITS_-小室哲哉作品集_a-_[Disc_1]/06_Don't_wanna_cry.mp3; [-528.0106   ,  99.69771  ,  14.707659 ,  28.065504 ,   9.785322 ,   11.3164215,   9.499068 ,   3.1625605,   1.6547129,   6.2936068,   -5.2404604,   2.949934 ,   1.7352865]; [[14520.23787665,  442.96072728, -467.0148111 ,  -11.30585679,    -35.64271417,    9.79394243,  104.44738945, -144.65781437,    -81.68341952,    5.06404918, -251.99283065,   31.73380089,    -22.7543081 ], [  442.96072728,  738.71410448,  -45.80711567,   75.95171025,    -20.20018462,  -13.66785343,   50.87603109,    3.03611468,      6.33078183,   48.94070339,   19.39680983,  -11.90664895,      4.86413074], [ -467.0148111 ,  -45.80711567,  647.11307842,  113.25288191,     29.41792993,   47.16777569, -106.31516048,   27.93425085,      1.96431617,  -26.38736087,   64.19379436,  -21.64115077,    -35.58317928], [  -11.30585679,   75.95171025,  113.25288191,  273.31419711,     71.66828248,  -26.97119132,  -43.27264613,   25.41994095,     45.20771781,  -15.17391382,    0.1377487 ,   24.19882481,    -18.24129803], [  -35.64271417,  -20.20018462,   29.41792993,   71.66828248,    164.61689175,   31.39347133,  -12.36104244,   27.87320185,     28.32637167,    2.79096666,    3.18909536,    3.22201421,      8.91114338], [    9.79394243,  -13.66785343,   47.16777569,  -26.97119132,     31.39347133,  191.3870543 ,   51.98933974,   14.28333152,     -0.63059304,    5.50032074,   30.75018399,  -16.06731396,     13.47024535], [  104.44738945,   50.87603109, -106.31516048,  -43.27264613,    -12.36104244,   51.98933974,  181.81540535,   13.17066663,     -0.33651613,   43.09816474,   -7.76141768,   11.78379036,     26.79836669], [ -144.65781437,    3.03611468,   27.93425085,   25.41994095,     27.87320185,   14.28333152,   13.17066663,  133.40589059,     23.11340583,   -8.60739976,   31.90524269,    0.35533826,      9.15694508], [  -81.68341952,    6.33078183,    1.96431617,   45.20771781,     28.32637167,   -0.63059304,   -0.33651613,   23.11340583,    107.45934698,   28.07434692,  -11.51376257,   10.630615  ,      1.21138396], [    5.06404918,   48.94070339,  -26.38736087,  -15.17391382,      2.79096666,    5.50032074,   43.09816474,   -8.60739976,     28.07434692,  109.32896799,   11.65593938,    7.93451685,     14.0009126 ], [ -251.99283065,   19.39680983,   64.19379436,    0.1377487 ,      3.18909536,   30.75018399,   -7.76141768,   31.90524269,    -11.51376257,   11.65593938,  113.44667097,   19.84486424,      2.66950656], [   31.73380089,  -11.90664895,  -21.64115077,   24.19882481,      3.22201421,  -16.06731396,   11.78379036,    0.35533826,     10.630615  ,    7.93451685,   19.84486424,   99.1702188 ,     21.88262595], [  -22.7543081 ,    4.86413074,  -35.58317928,  -18.24129803,      8.91114338,   13.47024535,   26.79836669,    9.15694508,      1.21138396,   14.0009126 ,    2.66950656,   21.88262595,     83.53360351]]
/root/sim/music/out/Various_Artists/THE_GREATEST_HITS_-小室哲哉作品集_a-_[Disc_1]/13_YOU_ARE_THE_ONE.mp3; [-541.026     , 122.53466   ,  22.179811  ,  17.131878  ,   6.2210298 ,    5.2372475 ,   4.104493  ,   2.263322  ,  -3.4586692 ,   0.61635274,   -2.8821115 ,  -3.9634078 ,   0.16413271]; [[15317.20302164, -364.27994768, -905.65917555,  -71.45841695,    -28.25147211,  118.034942  ,  153.14839279,  -29.82711663,    142.56333767,  232.71177117,   39.18445322,   49.45870232,     16.93671646], [ -364.27994768, 1298.4735465 ,  -35.78933944,  -32.33894259,     11.41974109,  -16.74241144,   43.706434  ,   -2.4666505 ,    -34.33600604,  -25.04125827,  -11.32115882,  -18.38646844,     10.64121947], [ -905.65917555,  -35.78933944,  777.07767847,   85.84555727,      6.85261806,    2.67853876,  -25.40376736,   42.18063492,    -36.90276741,  -72.54166149,    9.62885744,   -1.87454335,     -7.93311827], [  -71.45841695,  -32.33894259,   85.84555727,  340.75397418,     83.87790502,  -41.54247883,   12.16797353,   23.93490879,     12.58340731,  -16.47949943,   -3.57698539,   13.37207077,      1.30129948], [  -28.25147211,   11.41974109,    6.85261806,   83.87790502,    204.16160204,   25.0589467 ,  -14.22291066,   27.34285865,     36.56471851,   -1.55654993,    7.36170126,    4.71010018,      5.26425648], [  118.034942  ,  -16.74241144,    2.67853876,  -41.54247883,     25.0589467 ,  178.30678582,   46.76590927,    0.01788262,     22.05319143,   19.01607364,    7.08516714,   -3.95423552,     11.61850121], [  153.14839279,   43.706434  ,  -25.40376736,   12.16797353,    -14.22291066,   46.76590927,  167.19568936,   26.29184884,     -9.45556115,   20.55075114,    3.12956099,    3.95407695,     10.260245  ], [  -29.82711663,   -2.4666505 ,   42.18063492,   23.93490879,     27.34285865,    0.01788262,   26.29184884,  133.42177802,     23.63308876,  -16.2358368 ,   11.39031764,    8.6003137 ,      7.6383849 ], [  142.56333767,  -34.33600604,  -36.90276741,   12.58340731,     36.56471851,   22.05319143,   -9.45556115,   23.63308876,    141.29545806,   37.00593698,    8.15321901,   -4.79494085,      1.54211607], [  232.71177117,  -25.04125827,  -72.54166149,  -16.47949943,     -1.55654993,   19.01607364,   20.55075114,  -16.2358368 ,     37.00593698,  120.48681974,   12.33822436,  -14.21273517,      0.87265336], [   39.18445322,  -11.32115882,    9.62885744,   -3.57698539,      7.36170126,    7.08516714,    3.12956099,   11.39031764,      8.15321901,   12.33822436,   96.47499572,   30.81067861,     -3.55117028], [   49.45870232,  -18.38646844,   -1.87454335,   13.37207077,      4.71010018,   -3.95423552,    3.95407695,    8.6003137 ,     -4.79494085,  -14.21273517,   30.81067861,   88.42729146,     25.34400441], [   16.93671646,   10.64121947,   -7.93311827,    1.30129948,      5.26425648,   11.61850121,   10.260245  ,    7.6383849 ,      1.54211607,    0.87265336,   -3.55117028,   25.34400441,     87.33755846]]
/root/sim/music/out/Various_Artists/THE_GREATEST_HITS_-小室哲哉作品集_a-_[Disc_1]/02_survival_dAnce_～no_no_cry_more～.mp3; [-501.1668    ,  87.604     ,   2.0684693 ,  14.129936  ,   6.000819  ,    1.4175718 ,   2.681098  ,   3.571409  ,   2.3473885 ,   4.440245  ,    0.36574438,   4.2789598 ,   1.5777107 ]; [[14969.44429672,  512.16183822, -368.48437952,  331.58341443,    140.91158479,   32.85934763,   54.51643181,  172.54517567,    189.96045809,  231.2927565 ,   73.63130222,   49.33111314,    -11.50347697], [  512.16183822,  519.64139602,  -51.79316927,  -11.86474521,     -8.4273888 ,   75.69742581,   81.82417661,   24.02086677,     17.40972493,   13.96764661,   33.23000375,    8.71152258,     23.01200864], [ -368.48437952,  -51.79316927,  522.16479664,   99.69045005,     99.32269039,  103.97587743,   55.55726857,   62.74865631,     23.07179543,    9.73742921,   59.64852655,   62.1337722 ,     41.66945525], [  331.58341443,  -11.86474521,   99.69045005,  330.04507806,    149.11077988,   29.10420335,    3.51870878,  103.92228235,     87.3066114 ,   44.82391933,   39.07735642,   66.26223621,     46.82921378], [  140.91158479,   -8.4273888 ,   99.32269039,  149.11077988,    187.27092183,   66.35870797,   11.7086191 ,   72.5308268 ,     84.74032057,   47.78221709,   33.05091575,   33.84035282,     45.38761704], [   32.85934763,   75.69742581,  103.97587743,   29.10420335,     66.35870797,  190.85772262,  120.32410646,   60.63950003,     48.75658866,   58.38443334,   63.15899012,   28.95668278,     42.71081355], [   54.51643181,   81.82417661,   55.55726857,    3.51870878,     11.7086191 ,  120.32410646,  164.88185633,   62.87249567,     15.18394114,   38.95609717,   57.11454565,   26.80778543,     29.43240443], [  172.54517567,   24.02086677,   62.74865631,  103.92228235,     72.5308268 ,   60.63950003,   62.87249567,  138.19909743,     77.32892155,   42.20611999,   41.21431973,   38.21945493,     40.4802167 ], [  189.96045809,   17.40972493,   23.07179543,   87.3066114 ,     84.74032057,   48.75658866,   15.18394114,   77.32892155,    143.27857064,   74.25493842,   31.08886732,   24.02686678,     43.4310877 ], [  231.2927565 ,   13.96764661,    9.73742921,   44.82391933,     47.78221709,   58.38443334,   38.95609717,   42.20611999,     74.25493842,  105.34093255,   54.69288442,   16.08841411,     27.14053694], [   73.63130222,   33.23000375,   59.64852655,   39.07735642,     33.05091575,   63.15899012,   57.11454565,   41.21431973,     31.08886732,   54.69288442,   94.57985508,   45.53167174,     28.15640678], [   49.33111314,    8.71152258,   62.1337722 ,   66.26223621,     33.84035282,   28.95668278,   26.80778543,   38.21945493,     24.02686678,   16.08841411,   45.53167174,   82.86309888,     41.09403691], [  -11.50347697,   23.01200864,   41.66945525,   46.82921378,     45.38761704,   42.71081355,   29.43240443,   40.4802167 ,     43.4310877 ,   27.14053694,   28.15640678,   41.09403691,     85.66984118]]
/root/sim/music/out/DEATHSTRANDINGTimefall(OriginalMusicfromtheWorldofDeathStranding)/TheNeighbourhood-01-04-YellowBox.mp3; [-701.40686  , 193.00526  , -26.400646 ,   5.8860793,  -6.1848564,    1.530232 ,  -0.3572751,   6.8113985,   4.221634 ,   6.658753 ,    5.799126 ,   4.6739297,   3.3486552]; [[31904.28582763, 1046.28618022,-1024.30822734, 2134.19854507,    393.36183168, 1884.04267458, 1182.72507879,  726.90907309,    571.2795293 ,  784.83542281,  424.33052177,  359.60900872,    539.79513691], [ 1046.28618022, 3551.0448725 , -977.25767915, -417.89044121,     98.06439194, -117.45120028,    9.77995944,  123.19632725,    -26.30187103,  -87.49065311,   18.54938372,  -16.33029127,   -141.00510807], [-1024.30822734, -977.25767915, 1524.7015521 ,  335.22856615,    120.99278351,  222.8066472 ,  165.77372673,   -2.26926616,    165.1165402 ,  147.85750021,   24.46307257,   41.03056713,    160.72472114], [ 2134.19854507, -417.89044121,  335.22856615,  784.94360487,    134.95375346,  413.99738032,  232.05805075,  113.34128001,    198.4399557 ,  171.45895632,   45.13325895,   98.84338103,    130.97729999], [  393.36183168,   98.06439194,  120.99278351,  134.95375346,    442.96240219,  125.62074208,  118.36891929,   63.03534228,    106.2873911 ,   89.75343392,   50.20128888,   57.43255279,    105.65390335], [ 1884.04267458, -117.45120028,  222.8066472 ,  413.99738032,    125.62074208,  528.0197145 ,  201.98613055,  100.42685844,    142.96764205,  131.86762483,   48.50636891,   83.57080451,    103.45198782], [ 1182.72507879,    9.77995944,  165.77372673,  232.05805075,    118.36891929,  201.98613055,  278.38302628,   77.52999584,     87.36022945,   75.99556929,   49.82473436,   37.15644467,     59.15281689], [  726.90907309,  123.19632725,   -2.26926616,  113.34128001,     63.03534228,  100.42685844,   77.52999584,  134.01784244,     59.10297244,   60.24353084,   36.4366315 ,   29.87969508,     27.95246482], [  571.2795293 ,  -26.30187103,  165.1165402 ,  198.4399557 ,    106.2873911 ,  142.96764205,   87.36022945,   59.10297244,    176.05185423,  101.33331565,   44.64387101,   47.83277737,     74.15091743], [  784.83542281,  -87.49065311,  147.85750021,  171.45895632,     89.75343392,  131.86762483,   75.99556929,   60.24353084,    101.33331565,  145.5239797 ,   63.65554531,   52.21117501,     70.78383978], [  424.33052177,   18.54938372,   24.46307257,   45.13325895,     50.20128888,   48.50636891,   49.82473436,   36.4366315 ,     44.64387101,   63.65554531,  119.41976568,   34.98411548,     26.4356438 ], [  359.60900872,  -16.33029127,   41.03056713,   98.84338103,     57.43255279,   83.57080451,   37.15644467,   29.87969508,     47.83277737,   52.21117501,   34.98411548,   91.38679065,     51.95985698], [  539.79513691, -141.00510807,  160.72472114,  130.97729999,    105.65390335,  103.45198782,   59.15281689,   27.95246482,     74.15091743,   70.78383978,   26.4356438 ,   51.95985698,    141.7745008 ]]
/root/sim/music/out/DEATHSTRANDINGTimefall(OriginalMusicfromtheWorldofDeathStranding)/CHVRCHES-01-03-DeathStranding.mp3; [-540.7706    , 113.64786   ,  -6.590582  ,  21.656744  ,   2.1600044 ,   12.752505  ,   4.82177   ,  -0.04625483,   3.7964683 ,   1.1981424 ,    3.8828976 ,  -0.4067512 ,   0.4047323 ]; [[16641.10040135,-2818.51231241,  663.023432  ,  740.72709537,    -34.7324133 ,  799.13714018,  213.29697797,  372.26723953,    310.1400448 ,  231.70767782,  234.54912619,  128.26439836,     73.58622852], [-2818.51231241, 2071.82844683, -278.55800238,  -28.32986874,    134.54921714, -110.75302136,   29.08164055,  -96.92147775,    -16.65091771,  -20.56405031,  -37.60346076,  -24.04658721,     -1.64190645], [  663.023432  , -278.55800238,  586.04793425,  172.98712918,    198.47768232,  146.94119717,   82.96987215,  100.18146345,     72.88914669,   65.81294715,   42.90282452,   46.3748831 ,     18.85851518], [  740.72709537,  -28.32986874,  172.98712918,  351.11717314,    130.69422469,  168.51376996,   64.86313901,  108.63313385,     79.25284258,   57.50654079,   53.71991494,   54.92408387,     43.4974067 ], [  -34.7324133 ,  134.54921714,  198.47768232,  130.69422469,    308.06462681,   50.86377967,  122.80413124,   20.11665841,     92.31421259,   62.48719379,   26.98610359,   31.9819227 ,     32.50595718], [  799.13714018, -110.75302136,  146.94119717,  168.51376996,     50.86377967,  366.18051957,   63.30153041,  147.08207491,     45.92981042,   96.9493669 ,   51.88091454,   49.70645919,     31.83247591], [  213.29697797,   29.08164055,   82.96987215,   64.86313901,    122.80413124,   63.30153041,  194.82466935,    0.08440729,     68.55865253,   61.75972945,   39.69729422,   16.6757373 ,     25.45501168], [  372.26723953,  -96.92147775,  100.18146345,  108.63313385,     20.11665841,  147.08207491,    0.08440729,  212.72240953,     30.28228991,   50.0347533 ,   19.31839335,   51.50636722,     22.01312603], [  310.1400448 ,  -16.65091771,   72.88914669,   79.25284258,     92.31421259,   45.92981042,   68.55865253,   30.28228991,    120.32563166,   50.39350848,   30.50141757,   21.93887968,     29.61908909], [  231.70767782,  -20.56405031,   65.81294715,   57.50654079,     62.48719379,   96.9493669 ,   61.75972945,   50.0347533 ,     50.39350848,  114.61004214,   41.61176797,   27.98575194,     20.67806758], [  234.54912619,  -37.60346076,   42.90282452,   53.71991494,     26.98610359,   51.88091454,   39.69729422,   19.31839335,     30.50141757,   41.61176797,   85.06026107,   39.69798615,     16.70014372], [  128.26439836,  -24.04658721,   46.3748831 ,   54.92408387,     31.9819227 ,   49.70645919,   16.6757373 ,   51.50636722,     21.93887968,   27.98575194,   39.69798615,   96.02443037,     32.3440676 ], [   73.58622852,   -1.64190645,   18.85851518,   43.4974067 ,     32.50595718,   31.83247591,   25.45501168,   22.01312603,     29.61908909,   20.67806758,   16.70014372,   32.3440676 ,     73.71677837]]
/root/sim/music/out/DEATHSTRANDINGTimefall(OriginalMusicfromtheWorldofDeathStranding)/THESLP-01-05-MeanwhileInGenova.mp3; [-603.6663    , 127.56595   ,  -9.776029  ,  22.72674   ,  -4.7719626 ,    6.7906976 ,   0.20637727,   3.7291484 ,  -1.8455336 ,   2.454763  ,    3.0413108 ,   1.4567001 ,  -3.2985325 ]; [[34387.81376031, -237.43289242, 1529.59142712,  725.60858274,   1172.65149149, 1877.56282955,  630.32612327, 1043.19918162,    346.51598949,  276.07452086, -136.69332021, -503.80223001,   -521.59254835], [ -237.43289242, 1555.80009642, -297.62972839,   60.32567809,      7.26124897, -157.64443511,   76.18428707,  -69.66694895,    -48.47920429,  -39.39910186,  -77.15811826,  -20.78093628,     37.63964037], [ 1529.59142712, -297.62972839, 1350.45575838,  212.31591788,    425.61467027,  233.65674883,  -26.87895631,  139.20694963,     10.65530773,   17.12812061,    6.01249457,  -27.63395077,     14.58436569], [  725.60858274,   60.32567809,  212.31591788,  363.33731508,    150.01501618,   91.49139901,   -3.17541696,   39.28535399,      2.37195104,  -22.32866832,  -49.24013619,  -32.20005998,     11.50318886], [ 1172.65149149,    7.26124897,  425.61467027,  150.01501618,    398.03673919,  172.23934159,   70.30379485,  118.78207952,     45.85744774,   34.69974275,  -10.02524191,  -25.40243094,      9.31475147], [ 1877.56282955, -157.64443511,  233.65674883,   91.49139901,    172.23934159,  312.20535424,  114.49048915,  118.59889258,     43.54139649,   33.86739013,   15.1188754 ,  -39.03079093,    -65.20773895], [  630.32612327,   76.18428707,  -26.87895631,   -3.17541696,     70.30379485,  114.49048915,  164.70724415,   99.7934243 ,     39.15431926,   27.94851534,    7.99475943,  -15.18402319,    -20.68519566], [ 1043.19918162,  -69.66694895,  139.20694963,   39.28535399,    118.78207952,  118.59889258,   99.7934243 ,  194.27295848,     93.73555478,   40.41080486,    8.36011534,  -29.51241179,    -18.86832741], [  346.51598949,  -48.47920429,   10.65530773,    2.37195104,     45.85744774,   43.54139649,   39.15431926,   93.73555478,    130.08956063,   52.05328687,    5.87197545,   -3.72005048,     -5.03725567], [  276.07452086,  -39.39910186,   17.12812061,  -22.32866832,     34.69974275,   33.86739013,   27.94851534,   40.41080486,     52.05328687,   88.86984159,   36.5019782 ,  -10.92833939,    -21.22215559], [ -136.69332021,  -77.15811826,    6.01249457,  -49.24013619,    -10.02524191,   15.1188754 ,    7.99475943,    8.36011534,      5.87197545,   36.5019782 ,   87.8077993 ,   30.59211879,    -11.32981231], [ -503.80223001,  -20.78093628,  -27.63395077,  -32.20005998,    -25.40243094,  -39.03079093,  -15.18402319,  -29.51241179,     -3.72005048,  -10.92833939,   30.59211879,   94.44450338,     59.88845596], [ -521.59254835,   37.63964037,   14.58436569,   11.50318886,      9.31475147,  -65.20773895,  -20.68519566,  -18.86832741,     -5.03725567,  -21.22215559,  -11.32981231,   59.88845596,    122.3358489 ]]
