/root/sim/music/out/Various_Artists/TETSUYA_KOMURO_ARCHIVES__T__[Disc_1]/08-Get_Wild.mp3; [-529.3526   ,  98.16816  , -18.40784  ,  26.276716 ,   3.8614643,    4.295823 ,   2.2022235,  10.575157 ,   1.0316681,   1.2915596,    2.211094 ,   3.598778 ,  -1.9302957]; [[19526.58327616,  859.29676424, -331.82278082,  420.78912451,     97.14944321,   80.45174141,   62.80505011,  317.92013534,     77.69954905,   52.36923815,  -15.20667125, -100.15776871,    -27.03060416], [  859.29676424, 1052.4193902 ,  -13.51098605,   80.24368715,    -19.34726583,    0.05591349,   38.30081028,  -16.18076816,    -34.78983179,  -22.83377712,   43.51419093,   19.26471036,    -11.98686873], [ -331.82278082,  -13.51098605,  500.02555057,   89.13726617,     85.08496492,   81.24669417,   23.83991538,  -31.43443804,     -5.8494076 ,   26.28593032,   21.32357349,   26.40207747,     37.96519511], [  420.78912451,   80.24368715,   89.13726617,  263.46171164,    146.54384002,   43.3128981 ,    2.58189355,   19.7066292 ,     43.5761338 ,   16.57370081,    3.35354957,   10.42545139,     21.8237416 ], [   97.14944321,  -19.34726583,   85.08496492,  146.54384002,    236.7675164 ,   63.00635036,   15.75192203,   30.53294647,     59.36856736,   19.90431295,    0.50855576,   15.30771821,     21.74538438], [   80.45174141,    0.05591349,   81.24669417,   43.3128981 ,     63.00635036,  154.55579723,   71.94255634,   37.31126809,     28.91207775,   38.76241863,   24.8127822 ,   10.16462409,     14.58942538], [   62.80505011,   38.30081028,   23.83991538,    2.58189355,     15.75192203,   71.94255634,  155.94950851,   87.00454598,     45.13542332,   15.67777502,   24.47592196,   25.17836093,      6.67237339], [  317.92013534,  -16.18076816,  -31.43443804,   19.7066292 ,     30.53294647,   37.31126809,   87.00454598,  165.5656117 ,     78.26209171,   27.37333818,   14.70230028,   15.97639963,      7.77106751], [   77.69954905,  -34.78983179,   -5.8494076 ,   43.5761338 ,     59.36856736,   28.91207775,   45.13542332,   78.26209171,    127.15795291,   51.76461516,   19.38933464,   12.31875976,     15.78094022], [   52.36923815,  -22.83377712,   26.28593032,   16.57370081,     19.90431295,   38.76241863,   15.67777502,   27.37333818,     51.76461516,  107.43417868,   47.03715894,   10.0814616 ,     11.45739828], [  -15.20667125,   43.51419093,   21.32357349,    3.35354957,      0.50855576,   24.8127822 ,   24.47592196,   14.70230028,     19.38933464,   47.03715894,   97.22207015,   38.52520446,      6.8658138 ], [ -100.15776871,   19.26471036,   26.40207747,   10.42545139,     15.30771821,   10.16462409,   25.17836093,   15.97639963,     12.31875976,   10.0814616 ,   38.52520446,  108.22874075,     30.6087844 ], [  -27.03060416,  -11.98686873,   37.96519511,   21.8237416 ,     21.74538438,   14.58942538,    6.67237339,    7.77106751,     15.78094022,   11.45739828,    6.8658138 ,   30.6087844 ,     81.40763699]]
/root/sim/music/out/Various_Artists/TETSUYA_KOMURO_ARCHIVES__T__[Disc_1]/03-Sweet_Planet.mp3; [-580.95514  , 116.611465 ,   0.7607588,  28.449402 ,  -2.8043525,    1.3099284,   1.938964 ,   2.3107436,  -7.4050837,  -5.814381 ,  -11.358315 ,  -4.261616 ,  -0.6884041]; [[17546.77886409, 1235.86356422, -176.14892392,   12.52275975,   -525.2724884 ,   60.17833451,   18.72188502, -161.43975768,    -21.95771757,  214.49755095, -141.00374811,  164.95834431,   -152.62187845], [ 1235.86356422,  748.61725386,  -26.23846907,   63.67164008,     62.55954343,  -38.61824516,   47.35831252,   11.88146538,    -37.25713496,  -13.27903207,  -33.5439629 ,  -27.0109447 ,     36.47149253], [ -176.14892392,  -26.23846907,  454.18540299,   65.32602233,     98.12974054,  -39.42170283,   11.32977301,   -1.47747409,     33.5539347 ,   46.81599607,   24.44852626,    1.47042064,    -25.29007539], [   12.52275975,   63.67164008,   65.32602233,  351.63217406,    110.98903894,   40.77891787,  -26.20714977,   64.04023575,     12.77789594,  -91.03317183,  -10.61872076,  -39.72037693,     36.69508522], [ -525.2724884 ,   62.55954343,   98.12974054,  110.98903894,    195.13906052,    3.5888799 ,    0.37901204,   22.99486533,     15.15660727,  -27.5180275 ,   -4.183864  ,  -24.79587733,     25.17174572], [   60.17833451,  -38.61824516,  -39.42170283,   40.77891787,      3.5888799 ,  188.98052432,   16.44571211,   23.99371173,     10.26227865,  -52.28313916,   -7.7860539 ,  -21.98119212,     20.39002434], [   18.72188502,   47.35831252,   11.32977301,  -26.20714977,      0.37901204,   16.44571211,  106.23496057,   18.55712588,     -2.78376548,    5.13956098,   -7.02112312,    3.25414972,     -1.23565717], [ -161.43975768,   11.88146538,   -1.47747409,   64.04023575,     22.99486533,   23.99371173,   18.55712588,  106.25437631,     16.52469433,  -38.55774358,   -9.98917443,  -25.64609031,     20.01397283], [  -21.95771757,  -37.25713496,   33.5539347 ,   12.77789594,     15.15660727,   10.26227865,   -2.78376548,   16.52469433,     96.3874389 ,   32.4323946 ,    2.35428989,    6.04093426,    -10.71794335], [  214.49755095,  -13.27903207,   46.81599607,  -91.03317183,    -27.5180275 ,  -52.28313916,    5.13956098,  -38.55774358,     32.4323946 ,  172.71209934,   43.34636823,   49.22527505,    -47.73633114], [ -141.00374811,  -33.5439629 ,   24.44852626,  -10.61872076,     -4.183864  ,   -7.7860539 ,   -7.02112312,   -9.98917443,      2.35428989,   43.34636823,   94.01373412,   29.9044041 ,    -27.03707233], [  164.95834431,  -27.0109447 ,    1.47042064,  -39.72037693,    -24.79587733,  -21.98119212,    3.25414972,  -25.64609031,      6.04093426,   49.22527505,   29.9044041 ,  105.88919881,     -6.2739652 ], [ -152.62187845,   36.47149253,  -25.29007539,   36.69508522,     25.17174572,   20.39002434,   -1.23565717,   20.01397283,    -10.71794335,  -47.73633114,  -27.03707233,   -6.2739652 ,    104.00647584]]
/root/sim/music/out/Various_Artists/TETSUYA_KOMURO_ARCHIVES__T__[Disc_1]/09-Kimono_Beat.mp3; [-575.4246    , 110.88571   , -13.251317  ,  19.99771   ,  -0.04302404,    1.6529213 ,   3.4496584 ,   3.300718  ,   1.880883  ,   0.76933074,   -2.8034217 ,   0.6084631 ,  -2.4088287 ]; [[20011.140552  ,  914.60075051,  -12.26348807,  448.09343667,    -96.20233966,   47.38500336,  146.60111324,   41.20691655,     27.11968131,  -53.69298906,  -93.53846197,  -26.06740719,    -54.98138855], [  914.60075051, 1515.95714649, -157.29873238,  -34.03565066,     65.05865753,   61.2393004 ,   82.69378075,   25.6807846 ,     26.24439685,   12.09699436,  -22.64553007,   24.58726254,    -15.53623156], [  -12.26348807, -157.29873238,  493.06732324,   79.47486473,     94.48470858,   -2.17742897,   -7.32653223,   20.62297814,    -12.64603404,  -27.5916019 ,   16.60039219,  -20.08559573,    -18.60787047], [  448.09343667,  -34.03565066,   79.47486473,  351.43746107,     41.49709136,   -5.4021907 ,  -41.73759219,   16.72096051,    -41.07631022,  -34.28455867,   15.49724459,   -1.53936775,    -29.18350375], [  -96.20233966,   65.05865753,   94.48470858,   41.49709136,    168.65934589,   42.98248206,   33.87817074,    8.37682806,     21.22477959,   -7.44203269,  -21.81543533,  -10.63859937,      3.65353124], [   47.38500336,   61.2393004 ,   -2.17742897,   -5.4021907 ,     42.98248206,  241.26620651,   31.80402714,   31.09375223,      3.4320961 ,   10.29462757,   -2.73909473,  -35.35199507,    -16.61963512], [  146.60111324,   82.69378075,   -7.32653223,  -41.73759219,     33.87817074,   31.80402714,  148.58730533,   21.9456826 ,     28.16819801,    7.02714141,  -22.26820105,    0.3035043 ,      4.80232135], [   41.20691655,   25.6807846 ,   20.62297814,   16.72096051,      8.37682806,   31.09375223,   21.9456826 ,  109.61123902,     40.05326757,    6.57378296,    9.47942207,   -4.28045438,     -4.05203987], [   27.11968131,   26.24439685,  -12.64603404,  -41.07631022,     21.22477959,    3.4320961 ,   28.16819801,   40.05326757,    109.28395949,   35.33233171,  -11.11276938,    2.99967099,     14.48137287], [  -53.69298906,   12.09699436,  -27.5916019 ,  -34.28455867,     -7.44203269,   10.29462757,    7.02714141,    6.57378296,     35.33233171,   81.06643652,   27.48737845,    5.23104491,     -0.10522849], [  -93.53846197,  -22.64553007,   16.60039219,   15.49724459,    -21.81543533,   -2.73909473,  -22.26820105,    9.47942207,    -11.11276938,   27.48737845,   81.09443396,   26.98434826,     -6.27045962], [  -26.06740719,   24.58726254,  -20.08559573,   -1.53936775,    -10.63859937,  -35.35199507,    0.3035043 ,   -4.28045438,      2.99967099,    5.23104491,   26.98434826,   77.821457  ,     28.34994109], [  -54.98138855,  -15.53623156,  -18.60787047,  -29.18350375,      3.65353124,  -16.61963512,    4.80232135,   -4.05203987,     14.48137287,   -0.10522849,   -6.27045962,   28.34994109,     70.96816024]]
/root/sim/music/out/Various_Artists/TETSUYA_KOMURO_ARCHIVES__T__[Disc_1]/06-JINGI・愛してもらいます.mp3; [-569.05225  , 117.242355 ,  -6.843043 ,  24.047731 ,  -1.2415051,   -1.0497203,   3.415411 ,   2.27077  ,  -0.3492821,   0.7652122,   -7.197636 ,  -3.2328959,  -2.657859 ]; [[18942.7846606 ,  816.60641971, -397.79899295,  768.38127165,   -184.70258851,   70.67750411,    8.48289039,   34.12999428,     59.87126618,  115.79508202, -226.45724153, -112.61675017,    -99.88236291], [  816.60641971, 1380.26034939, -140.94675166,  -60.11259876,     43.38751469,  -11.09541649,   84.60117919,   20.20906393,    -25.1296748 ,  -23.2327526 ,   28.52410642,   27.43137796,     -8.75534204], [ -397.79899295, -140.94675166,  603.30146372,  151.79520806,    118.70860553,   98.76018547,   27.85491064,   70.85388726,     25.34713329,  -13.70325242,   40.22096728,    1.85329274,      6.56153664], [  768.38127165,  -60.11259876,  151.79520806,  498.00159745,     97.13233145,    7.28199738,   45.78118298,  105.08059387,     62.34204485,   -2.22780403,   34.63769222,   31.14354663,      7.7489597 ], [ -184.70258851,   43.38751469,  118.70860553,   97.13233145,    206.89010161,   45.9286329 ,   17.88012484,   36.77681491,     58.27417157,   20.00719529,   11.9722157 ,   -0.46441076,     13.11190453], [   70.67750411,  -11.09541649,   98.76018547,    7.28199738,     45.9286329 ,  301.69152836,   22.16853716,   62.53950572,     11.51582577,    2.83835099,   58.94090597,  -29.26141971,      0.42311677], [    8.48289039,   84.60117919,   27.85491064,   45.78118298,     17.88012484,   22.16853716,  208.62414168,   28.2970142 ,     40.35819398,   44.60507234,    5.25250947,   30.84242037,      9.0017716 ], [   34.12999428,   20.20906393,   70.85388726,  105.08059387,     36.77681491,   62.53950572,   28.2970142 ,  143.2575586 ,     40.90168962,  -19.16901247,   35.00822593,    4.23556448,     11.85462134], [   59.87126618,  -25.1296748 ,   25.34713329,   62.34204485,     58.27417157,   11.51582577,   40.35819398,   40.90168962,    155.18977457,   40.10686332,  -11.03205695,   -5.98886569,     25.12453655], [  115.79508202,  -23.2327526 ,  -13.70325242,   -2.22780403,     20.00719529,    2.83835099,   44.60507234,  -19.16901247,     40.10686332,  138.3917893 ,   11.87621533,   -1.90393219,    -14.09801976], [ -226.45724153,   28.52410642,   40.22096728,   34.63769222,     11.9722157 ,   58.94090597,    5.25250947,   35.00822593,    -11.03205695,   11.87621533,  137.92839049,   34.69248285,     -9.87208656], [ -112.61675017,   27.43137796,    1.85329274,   31.14354663,     -0.46441076,  -29.26141971,   30.84242037,    4.23556448,     -5.98886569,   -1.90393219,   34.69248285,   91.02811034,     12.47498448], [  -99.88236291,   -8.75534204,    6.56153664,    7.7489597 ,     13.11190453,    0.42311677,    9.0017716 ,   11.85462134,     25.12453655,  -14.09801976,   -9.87208656,   12.47498448,     93.38473309]]
/root/sim/music/out/Various_Artists/TETSUYA_KOMURO_ARCHIVES__T__[Disc_1]/10-50___50.mp3; [-563.43567   , 116.464005  ,  -0.44825736,  24.349504  ,   4.632711  ,   -0.59071505,   7.18331   ,  -1.0390087 ,  -2.870737  ,   3.410739  ,   -4.8520823 ,   3.043732  ,   1.9277866 ]; [[18341.71046405,  801.3409159 ,  -83.0391527 ,  707.35343266,      1.65091013, -272.63976205,  205.54492571,  -46.67022323,   -117.43695835,   95.95922135, -132.17167895,  114.36955947,     82.34374603], [  801.3409159 , 1585.99718765, -108.01996969, -124.97495859,     39.29268002,  127.54658983,   17.01346087,   -6.15758899,     42.37386075,   -0.2337866 ,   -9.19828974,  -36.26650019,    -26.21323568], [  -83.0391527 , -108.01996969,  338.5878996 ,    3.45785125,     61.55110008,   -3.37800846,   -4.62692846,   -3.75812598,    -12.54700943,  -16.34381513,    6.69633783,   -5.34006536,     -6.03973703], [  707.35343266, -124.97495859,    3.45785125,  487.20224887,     54.48545856,   13.31584526,  -44.9810009 ,   63.16698661,    -19.29141593,  -14.18551487,   26.73744447,   -1.38359818,     -5.54816769], [    1.65091013,   39.29268002,   61.55110008,   54.48545856,    156.52588375,   24.33859509,   10.40758859,    3.4086832 ,     17.04396791,   -0.14993973,   -3.0552788 ,   -9.22196033,     -4.57171161], [ -272.63976205,  127.54658983,   -3.37800846,   13.31584526,     24.33859509,  302.64909698,  -19.33893036,   56.92744767,     32.30418826,  -34.36835682,   39.29638429,  -30.68241026,    -22.35498703], [  205.54492571,   17.01346087,   -4.62692846,  -44.9810009 ,     10.40758859,  -19.33893036,  182.20200339,   -4.64129483,     14.66352953,   37.85833675,  -44.00708343,   12.78482562,     22.97361329], [  -46.67022323,   -6.15758899,   -3.75812598,   63.16698661,      3.4086832 ,   56.92744767,   -4.64129483,  114.26423778,     28.71936982,   -7.8859742 ,   15.04624778,  -10.009238  ,     -4.3313993 ], [ -117.43695835,   42.37386075,  -12.54700943,  -19.29141593,     17.04396791,   32.30418826,   14.66352953,   28.71936982,    122.11304721,   30.06755586,    1.75413211,  -21.63330489,     -5.11667447], [   95.95922135,   -0.2337866 ,  -16.34381513,  -14.18551487,     -0.14993973,  -34.36835682,   37.85833675,   -7.8859742 ,     30.06755586,  110.35298516,   -1.69168647,   11.55822695,     10.05672541], [ -132.17167895,   -9.19828974,    6.69633783,   26.73744447,     -3.0552788 ,   39.29638429,  -44.00708343,   15.04624778,      1.75413211,   -1.69168647,   98.42221447,   19.80453827,     -7.89621013], [  114.36955947,  -36.26650019,   -5.34006536,   -1.38359818,     -9.22196033,  -30.68241026,   12.78482562,  -10.009238  ,    -21.63330489,   11.55822695,   19.80453827,   82.36721338,     37.63508596], [   82.34374603,  -26.21323568,   -6.03973703,   -5.54816769,     -4.57171161,  -22.35498703,   22.97361329,   -4.3313993 ,     -5.11667447,   10.05672541,   -7.89621013,   37.63508596,     76.58862338]]
/root/sim/music/out/Various_Artists/TETSUYA_KOMURO_ARCHIVES__T__[Disc_1]/02-OH!_MISTAKE.mp3; [-534.1643    , 123.54325   , -17.260365  ,  23.526733  ,   9.28168   ,   -0.20163341,   1.6577095 ,   9.889612  ,   5.8791013 ,   7.648965  ,   -1.3247355 ,  -3.5842292 ,  -8.260623  ]; [[12594.22742662,  403.54303901,  213.77475931,  -64.98553044,     25.71370488,  211.82381459,   72.90779254,  242.8533877 ,     74.95519841,   56.5293189 ,   -9.31218108,  -68.97593994,    -28.56821545], [  403.54303901, 1670.24909265, -682.54173725,  244.21653595,     84.66778128,  -86.16428837,   63.87757041,   12.22459242,     30.71867622,   41.08481816,   -9.9536325 ,   22.25420242,    -37.37130705], [  213.77475931, -682.54173725,  903.11760113,   25.55354266,     49.07103601,  133.40337799,    4.06142338,   59.01153245,      5.33429172,  -21.97682658,   39.201614  ,    5.04910246,     18.85441683], [  -64.98553044,  244.21653595,   25.55354266,  376.94734842,    139.10813092,   11.75512067,  -36.42219887,   -2.94241064,     30.93466089,   47.96562562,    8.23675598,   15.9190866 ,     -7.84067374], [   25.71370488,   84.66778128,   49.07103601,  139.10813092,    230.98303434,   28.65440869,   -8.02831345,   -2.18740925,     23.26494323,   32.35395977,   16.07425914,   18.16892736,      6.73733185], [  211.82381459,  -86.16428837,  133.40337799,   11.75512067,     28.65440869,  232.5769955 ,   83.67268582,   49.10460578,      0.49176701,   -5.93045852,   26.04431472,    9.33967453,     33.16373822], [   72.90779254,   63.87757041,    4.06142338,  -36.42219887,     -8.02831345,   83.67268582,  159.33333679,   60.4711521 ,      4.49687399,  -11.04019877,    6.16284374,   13.00880899,     14.35403842], [  242.8533877 ,   12.22459242,   59.01153245,   -2.94241064,     -2.18740925,   49.10460578,   60.4711521 ,  111.50260304,     32.10522107,    5.16380166,    9.54107594,   -0.6013598 ,     10.13676964], [   74.95519841,   30.71867622,    5.33429172,   30.93466089,     23.26494323,    0.49176701,    4.49687399,   32.10522107,     91.42164661,   42.98614212,    6.81808656,   -5.5043676 ,     -9.61638711], [   56.5293189 ,   41.08481816,  -21.97682658,   47.96562562,     32.35395977,   -5.93045852,  -11.04019877,    5.16380166,     42.98614212,   87.43951667,   27.75330838,    4.86206305,     -9.5151179 ], [   -9.31218108,   -9.9536325 ,   39.201614  ,    8.23675598,     16.07425914,   26.04431472,    6.16284374,    9.54107594,      6.81808656,   27.75330838,   72.99578042,   22.5388281 ,      6.71544129], [  -68.97593994,   22.25420242,    5.04910246,   15.9190866 ,     18.16892736,    9.33967453,   13.00880899,   -0.6013598 ,     -5.5043676 ,    4.86206305,   22.5388281 ,   61.7500363 ,     23.0116703 ], [  -28.56821545,  -37.37130705,   18.85441683,   -7.84067374,      6.73733185,   33.16373822,   14.35403842,   10.13676964,     -9.61638711,   -9.5151179 ,    6.71544129,   23.0116703 ,     69.49870572]]
/root/sim/music/out/Various_Artists/TETSUYA_KOMURO_ARCHIVES__T__[Disc_1]/13-Good_Morning-Call.mp3; [-554.222     ,  94.20279   ,  -1.5050766 ,  17.777243  ,   3.249885  ,    3.5245366 ,   1.5825758 ,   9.975138  ,  -1.4378805 ,   6.0233006 ,   -0.66540235,   0.7894114 ,   0.05565408]; [[21292.18542167,  595.00561896, -634.00079356,  590.86535111,   -164.79703567,   74.74317087,    5.4748146 ,  163.48340172,    -17.12725159,  146.63104414,   55.85829771,   35.17122757,    -51.17776832], [  595.00561896, 1042.98709434,  -78.47788948,   27.77840125,     50.10468906,   66.68639192,   30.13644163,   44.0235798 ,     13.96697647,   57.35139388,   -7.42357009,  -18.45171248,      5.91243675], [ -634.00079356,  -78.47788948,  532.27680946,  -46.21775021,     93.36202698,  -77.90238743,  -38.26009352,  -21.44415989,    -41.45141557,  -60.49044804,  -20.36594601,   47.24273961,     23.68456577], [  590.86535111,   27.77840125,  -46.21775021,  413.72514888,     -6.13523263,   82.07329087,   44.98483956,    6.48169627,      3.77532008,   -0.04615071,    6.10333926,   14.38071042,     -0.97924508], [ -164.79703567,   50.10468906,   93.36202698,   -6.13523263,    168.89171289,  -31.31200453,    4.78001616,   17.02606478,      7.02171976,   -8.281474  ,   -5.30999354,   13.60371804,     17.89392133], [   74.74317087,   66.68639192,  -77.90238743,   82.07329087,    -31.31200453,  275.76853186,   45.17685496,    6.44745829,     68.21318221,   35.46443328,   43.04033686,  -19.64499245,    -20.92914809], [    5.4748146 ,   30.13644163,  -38.26009352,   44.98483956,      4.78001616,   45.17685496,  128.39546824,   16.81205582,     35.76967676,   29.2449365 ,   15.41300865,    8.21309296,      8.72336132], [  163.48340172,   44.0235798 ,  -21.44415989,    6.48169627,     17.02606478,    6.44745829,   16.81205582,  112.31514767,     33.02891014,   26.11226161,    3.50127537,    4.44939914,      9.69147606], [  -17.12725159,   13.96697647,  -41.45141557,    3.77532008,      7.02171976,   68.21318221,   35.76967676,   33.02891014,    130.77358355,   42.67686833,   27.32382345,   -1.36742297,     -2.65929514], [  146.63104414,   57.35139388,  -60.49044804,   -0.04615071,     -8.281474  ,   35.46443328,   29.2449365 ,   26.11226161,     42.67686833,  130.55452686,   22.63619192,    9.31990144,      4.14918669], [   55.85829771,   -7.42357009,  -20.36594601,    6.10333926,     -5.30999354,   43.04033686,   15.41300865,    3.50127537,     27.32382345,   22.63619192,  101.36776379,   23.39424441,     -6.56998415], [   35.17122757,  -18.45171248,   47.24273961,   14.38071042,     13.60371804,  -19.64499245,    8.21309296,    4.44939914,     -1.36742297,    9.31990144,   23.39424441,   80.11976075,     25.30583316], [  -51.17776832,    5.91243675,   23.68456577,   -0.97924508,     17.89392133,  -20.92914809,    8.72336132,    9.69147606,     -2.65929514,    4.14918669,   -6.56998415,   25.30583316,     69.14617201]]
/root/sim/music/out/Various_Artists/TETSUYA_KOMURO_ARCHIVES__T__[Disc_1]/04-My_Revolution.mp3; [-554.42786   , 116.59496   , -18.704306  ,  35.716614  ,  -4.8754506 ,   -0.19675098,   4.734111  ,   0.07537081,  -4.803615  ,   0.5001457 ,   -6.5786686 ,  -4.672151  ,  -4.2022142 ]; [[15567.02836872, -405.24670509, -468.05912254,  539.16750342,     33.55800395,  204.32144953,   85.76403643,  -52.83271311,      9.31458701,  162.42092721, -108.04128052,  -97.38630907,     29.94294808], [ -405.24670509, 1674.30337172, -135.07685443,  -72.95869968,    -74.81183999,  -83.59825852,   80.17098919,   66.6919737 ,     -4.83545669,  -14.63872095,   42.59105509,   12.3077449 ,   -100.74255183], [ -468.05912254, -135.07685443,  494.22163397,  130.12090069,     90.63723672,   47.90030402,  -11.1317248 ,   78.81456981,     23.42910285,  -35.87637758,   46.25446457,   14.14948068,     -6.21290295], [  539.16750342,  -72.95869968,  130.12090069,  481.0598578 ,     60.07286146,  109.71702058,  -38.47959342,   80.73395671,     40.09186432,  -28.53616803,    5.34261022,   23.44210379,     39.24333007], [   33.55800395,  -74.81183999,   90.63723672,   60.07286146,    209.3360433 ,    0.39185317,   14.26890326,    7.74528683,     23.12889274,    4.42585826,   -8.94046045,   11.58280169,      9.3020839 ], [  204.32144953,  -83.59825852,   47.90030402,  109.71702058,      0.39185317,  278.23156488,   38.02371429,   65.57098993,     38.37002654,   26.06346154,   32.32070856,  -19.10542485,     -3.60529275], [   85.76403643,   80.17098919,  -11.1317248 ,  -38.47959342,     14.26890326,   38.02371429,  132.91098538,   29.44699348,      2.62495336,   33.79342134,    5.3904447 ,   -5.98125252,     -9.93921866], [  -52.83271311,   66.6919737 ,   78.81456981,   80.73395671,      7.74528683,   65.57098993,   29.44699348,  162.45515994,     65.0733303 ,   -0.35447574,   40.3712539 ,   16.01999833,    -12.27199618], [    9.31458701,   -4.83545669,   23.42910285,   40.09186432,     23.12889274,   38.37002654,    2.62495336,   65.0733303 ,    120.41187909,   29.70893743,   16.03781217,   19.51938703,     10.72047968], [  162.42092721,  -14.63872095,  -35.87637758,  -28.53616803,      4.42585826,   26.06346154,   33.79342134,   -0.35447574,     29.70893743,  102.50488812,   17.66949122,  -18.21548703,     -5.26385885], [ -108.04128052,   42.59105509,   46.25446457,    5.34261022,     -8.94046045,   32.32070856,    5.3904447 ,   40.3712539 ,     16.03781217,   17.66949122,  110.53150631,   33.10868099,    -11.28921887], [  -97.38630907,   12.3077449 ,   14.14948068,   23.44210379,     11.58280169,  -19.10542485,   -5.98125252,   16.01999833,     19.51938703,  -18.21548703,   33.10868099,  104.52283439,     42.73061985], [   29.94294808, -100.74255183,   -6.21290295,   39.24333007,      9.3020839 ,   -3.60529275,   -9.93921866,  -12.27199618,     10.72047968,   -5.26385885,  -11.28921887,   42.73061985,    102.66070519]]
/root/sim/music/out/Various_Artists/TETSUYA_KOMURO_ARCHIVES__T__[Disc_1]/07-愛を今信じていたい.mp3; [-565.76953  ,  89.328476 ,   6.7098393,  39.475903 ,  -3.8736289,   -7.722612 ,   0.9483779,  10.9706135,   2.5089607,  -1.3097041,  -11.313171 ,  -2.6644611,   2.2123568]; [[22371.70751869, 2481.37527148, -298.36135434,  379.28120814,   -490.90422361, -466.33536121,  -79.30789769,  126.69250471,     25.55536894,  307.89537543,  -88.04736831, -212.76152072,    117.8255403 ], [ 2481.37527148, 1357.71628295,   48.57901329,   55.51089566,    -68.19483199, -169.87454441,   17.93800085,    0.22386495,    -10.51552816,   88.13918772,   -3.46991766,  -82.19590624,     -4.39939808], [ -298.36135434,   48.57901329,  573.72143571,  179.8070984 ,    130.50236366,   14.58598869,  -19.87366683,   18.38339343,    -53.11087301,  -56.58166246,   83.95539179,    3.1430556 ,    -52.95725464], [  379.28120814,   55.51089566,  179.8070984 ,  448.47210627,    151.89339649,   14.05879365,   16.98103285,   46.59293428,    -29.34917693,  -45.92390199,   24.26372175,   39.18387753,    -20.93588277], [ -490.90422361,  -68.19483199,  130.50236366,  151.89339649,    247.76266824,   86.5599227 ,   37.94871971,   29.06438017,     15.45209827,  -12.85607753,   20.45514028,   26.73831647,     -9.47255426], [ -466.33536121, -169.87454441,   14.58598869,   14.05879365,     86.5599227 ,  307.43584261,   62.33948519,   46.05086902,     58.71661143,    8.65167092,   21.95723071,   36.93375513,     -4.73151636], [  -79.30789769,   17.93800085,  -19.87366683,   16.98103285,     37.94871971,   62.33948519,  156.78600722,   46.81511325,     20.28824943,   29.82572985,    3.52352949,    1.20309635,     12.1122909 ], [  126.69250471,    0.22386495,   18.38339343,   46.59293428,     29.06438017,   46.05086902,   46.81511325,  131.72957991,     47.8264712 ,    3.31355352,   14.71713949,   13.87400372,      3.74552493], [   25.55536894,  -10.51552816,  -53.11087301,  -29.34917693,     15.45209827,   58.71661143,   20.28824943,   47.8264712 ,    136.95914212,   47.3583616 ,  -24.06198953,    1.87340524,     14.34587582], [  307.89537543,   88.13918772,  -56.58166246,  -45.92390199,    -12.85607753,    8.65167092,   29.82572985,    3.31355352,     47.3583616 ,  108.72957654,   11.2045728 ,  -18.8664228 ,     10.45287549], [  -88.04736831,   -3.46991766,   83.95539179,   24.26372175,     20.45514028,   21.95723071,    3.52352949,   14.71713949,    -24.06198953,   11.2045728 ,  112.51831804,   35.29327316,    -16.38149119], [ -212.76152072,  -82.19590624,    3.1430556 ,   39.18387753,     26.73831647,   36.93375513,    1.20309635,   13.87400372,      1.87340524,  -18.8664228 ,   35.29327316,  102.86686026,     17.96936428], [  117.8255403 ,   -4.39939808,  -52.95725464,  -20.93588277,     -9.47255426,   -4.73151636,   12.1122909 ,    3.74552493,     14.34587582,   10.45287549,  -16.38149119,   17.96936428,     89.30261419]]
/root/sim/music/out/Various_Artists/TETSUYA_KOMURO_ARCHIVES__T__[Disc_1]/05-Teenage_Walk.mp3; [-572.7717   , 108.90226  , -23.215034 ,  35.361473 ,  -6.988537 ,   -9.247949 ,   0.2026945,  -4.4624143,  -6.5735774,  -2.5493126,   -6.938904 ,  -5.5756464,  -5.634855 ]; [[19002.1411698 , -593.19862523,  -20.78098917, 1085.84958193,    449.87054517,  254.65476359,  635.50400826,  337.01869406,    233.33787305,  364.0917872 ,   45.89504465,   52.86235934,     72.56802375], [ -593.19862523, 2027.52683451, -168.27519488,  122.24704437,    -57.35552092,  115.78095288,  -19.65839165,  -17.51873185,     14.15543878,  -89.68533828,  -16.5772118 ,  -57.7228732 ,    -97.54153685], [  -20.78098917, -168.27519488,  679.43150838,  127.61563989,    213.66437511,   60.60250122,   86.77969525,   88.1440035 ,     26.05231082,   31.02733031,   58.10745193,   44.19667819,     26.83317745], [ 1085.84958193,  122.24704437,  127.61563989,  813.07657693,    244.76552417,  246.02904362,   78.25926712,  220.7320464 ,    136.12592002,    9.96694201,   89.50010359,   36.23878965,     13.4835287 ], [  449.87054517,  -57.35552092,  213.66437511,  244.76552417,    310.40964858,  144.18447401,  123.54294175,   99.75012252,    100.16091482,   66.91720507,   43.69195909,   27.86027082,     21.11339824], [  254.65476359,  115.78095288,   60.60250122,  246.02904362,    144.18447401,  343.51785791,  147.16052669,  130.88509321,    114.89646949,   49.46009584,   65.31479644,    0.27374792,     -3.76794126], [  635.50400826,  -19.65839165,   86.77969525,   78.25926712,    123.54294175,  147.16052669,  238.52091948,   90.90901715,     65.73272999,   85.40467977,   26.50261253,   18.98637725,     14.35092298], [  337.01869406,  -17.51873185,   88.1440035 ,  220.7320464 ,     99.75012252,  130.88509321,   90.90901715,  196.52534837,    109.21371107,   28.83299391,   55.52851514,   12.88228604,      8.58179732], [  233.33787305,   14.15543878,   26.05231082,  136.12592002,    100.16091482,  114.89646949,   65.73272999,  109.21371107,    170.23831787,   55.58629125,   35.40855765,   10.22332561,      3.2009152 ], [  364.0917872 ,  -89.68533828,   31.02733031,    9.96694201,     66.91720507,   49.46009584,   85.40467977,   28.83299391,     55.58629125,  130.89833576,   31.31832524,   20.64155311,     20.95149128], [   45.89504465,  -16.5772118 ,   58.10745193,   89.50010359,     43.69195909,   65.31479644,   26.50261253,   55.52851514,     35.40855765,   31.31832524,  113.14924781,   46.22124118,     16.82104908], [   52.86235934,  -57.7228732 ,   44.19667819,   36.23878965,     27.86027082,    0.27374792,   18.98637725,   12.88228604,     10.22332561,   20.64155311,   46.22124118,  106.02266002,     46.39847605], [   72.56802375,  -97.54153685,   26.83317745,   13.4835287 ,     21.11339824,   -3.76794126,   14.35092298,    8.58179732,      3.2009152 ,   20.95149128,   16.82104908,   46.39847605,     83.22159558]]
/root/sim/music/out/Various_Artists/TETSUYA_KOMURO_ARCHIVES__T__[Disc_2]/07-FRIENDSHIP.mp3; [-558.4619    , 100.82724   ,   4.863858  ,  25.098122  ,   8.119863  ,    7.910893  ,  -0.8587317 ,   9.002793  ,  -0.79229426,   2.1005995 ,    3.0134292 ,   3.1003792 ,  -2.2084336 ]; [[19322.29766243, 1104.93801237, -458.48284035,  -64.64376088,    -31.83290218,  118.76435488,   15.65747372,  240.27860995,   -170.51414709,   -6.55070521,   -0.52576591, -166.50982525,    -70.95740689], [ 1104.93801237,  746.15787268, -129.38436733,   79.07424192,     60.49669572,   24.56763292,   82.22220065,   67.1805662 ,     11.0027146 ,   39.54775842,   36.3546315 ,    1.04910556,     -0.98578804], [ -458.48284035, -129.38436733,  475.43658944,  104.21891068,      5.81727572,   38.15138282,  -19.72816589,  -48.41297622,      4.44648843,  -34.21809217,    9.65323312,   64.34941432,     25.42248752], [  -64.64376088,   79.07424192,  104.21891068,  237.72778336,     85.86392098,   -0.63855948,  -41.50348071,   -5.512789  ,     20.73002042,   -3.9499681 ,    7.35069028,   30.39527885,     18.3184243 ], [  -31.83290218,   60.49669572,    5.81727572,   85.86392098,    178.87762603,   58.4784477 ,    3.16874735,   19.3436535 ,     38.68257041,   -4.46964439,   -9.95026425,    5.05380948,     -5.43696973], [  118.76435488,   24.56763292,   38.15138282,   -0.63855948,     58.4784477 ,  160.05681787,   60.64823896,    4.66199469,      4.77846117,  -30.45226244,  -17.60561063,    8.91239919,    -14.17119989], [   15.65747372,   82.22220065,  -19.72816589,  -41.50348071,      3.16874735,   60.64823896,  161.51352023,   62.76969957,     -0.05634061,   -0.94574436,   -0.85140143,    7.73811062,     -9.77770755], [  240.27860995,   67.1805662 ,  -48.41297622,   -5.512789  ,     19.3436535 ,    4.66199469,   62.76969957,  111.52356775,     23.07032119,   20.64628295,    9.10310708,  -15.351318  ,     -3.89729951], [ -170.51414709,   11.0027146 ,    4.44648843,   20.73002042,     38.68257041,    4.77846117,   -0.05634061,   23.07032119,     86.70100184,   38.05319541,    0.69248765,    4.4542017 ,     -3.36207799], [   -6.55070521,   39.54775842,  -34.21809217,   -3.9499681 ,     -4.46964439,  -30.45226244,   -0.94574436,   20.64628295,     38.05319541,  106.9512862 ,   35.83135647,  -11.82135455,     -6.13621517], [   -0.52576591,   36.3546315 ,    9.65323312,    7.35069028,     -9.95026425,  -17.60561063,   -0.85140143,    9.10310708,      0.69248765,   35.83135647,   83.05907258,   25.14416025,      7.90988949], [ -166.50982525,    1.04910556,   64.34941432,   30.39527885,      5.05380948,    8.91239919,    7.73811062,  -15.351318  ,      4.4542017 ,  -11.82135455,   25.14416025,   98.22110549,     37.23688455], [  -70.95740689,   -0.98578804,   25.42248752,   18.3184243 ,     -5.43696973,  -14.17119989,   -9.77770755,   -3.89729951,     -3.36207799,   -6.13621517,    7.90988949,   37.23688455,     72.45040584]]
/root/sim/music/out/Various_Artists/TETSUYA_KOMURO_ARCHIVES__T__[Disc_2]/06-Baby_baby_baby.mp3; [-568.6547    ,  84.28711   ,  27.177649  ,  27.65859   ,   6.253366  ,    4.776394  ,   5.6236763 ,   2.845373  ,   4.6812005 ,   1.6258063 ,    0.43933433,  -2.753493  ,   1.4118361 ]; [[15264.98779888,  391.5522593 , -312.49053852,   90.89597451,    -70.60966273, -146.99801712,  -16.38607947, -194.72953402,     68.45668391,   20.18798733, -206.41144343,   33.71799602,   -194.32279775], [  391.5522593 ,  886.63836088,   38.0119551 ,   32.52505155,     14.39944133,   78.02967297,   75.46321948,   52.57268991,     53.51847192,   57.61235669,   87.74258084,  -23.83099575,     62.90478702], [ -312.49053852,   38.0119551 ,  728.73495077,   26.35519625,    169.80897421,   69.75589009,   42.17445747,   53.84743013,    -18.41535155,  -31.61635858,   44.46409076,  -11.71468296,     14.97122825], [   90.89597451,   32.52505155,   26.35519625,  432.58017538,     71.46454908,   16.24424978,  -25.49221363,   50.16467606,     55.36301147,  -22.75194892,   29.21505289,   35.61449865,     31.54834891], [  -70.60966273,   14.39944133,  169.80897421,   71.46454908,    291.81229492,   59.2107686 ,   72.8247858 ,   51.72568008,     32.77714425,   32.68299249,   27.85629907,   18.32112638,     18.80586396], [ -146.99801712,   78.02967297,   69.75589009,   16.24424978,     59.2107686 ,  207.4281538 ,   88.84911284,   45.3723237 ,     28.90751132,   38.38434607,   43.76090872,  -11.28548116,     26.13954643], [  -16.38607947,   75.46321948,   42.17445747,  -25.49221363,     72.8247858 ,   88.84911284,  173.36268613,   55.66680007,     28.16171918,   46.49899267,   31.95150063,   12.5556608 ,     16.64542114], [ -194.72953402,   52.57268991,   53.84743013,   50.16467606,     51.72568008,   45.3723237 ,   55.66680007,  156.09749397,     55.66245927,   14.67062968,   40.12888145,   14.5689478 ,     36.50146409], [   68.45668391,   53.51847192,  -18.41535155,   55.36301147,     32.77714425,   28.90751132,   28.16171918,   55.66245927,    147.29281353,   56.33071781,   14.40916571,    6.99941603,     19.62493718], [   20.18798733,   57.61235669,  -31.61635858,  -22.75194892,     32.68299249,   38.38434607,   46.49899267,   14.67062968,     56.33071781,  130.53541856,   35.33286898,  -10.30626183,     13.43879174], [ -206.41144343,   87.74258084,   44.46409076,   29.21505289,     27.85629907,   43.76090872,   31.95150063,   40.12888145,     14.40916571,   35.33286898,  117.4926956 ,   33.72398345,     22.13298459], [   33.71799602,  -23.83099575,  -11.71468296,   35.61449865,     18.32112638,  -11.28548116,   12.5556608 ,   14.5689478 ,      6.99941603,  -10.30626183,   33.72398345,  111.40042409,     30.65243542], [ -194.32279775,   62.90478702,   14.97122825,   31.54834891,     18.80586396,   26.13954643,   16.64542114,   36.50146409,     19.62493718,   13.43879174,   22.13298459,   30.65243542,    121.99781993]]
/root/sim/music/out/Various_Artists/TETSUYA_KOMURO_ARCHIVES__T__[Disc_2]/08-In_the_future.mp3; [-559.6139    ,  85.58708   ,   3.6651514 ,  33.39317   ,  15.598648  ,    4.356134  ,   1.7689453 ,   3.566723  ,   0.95742697,   5.5545845 ,    3.6472058 ,   5.3280854 ,   2.6431322 ]; [[20871.1947345 , 1187.22003356,  -50.83331477,   91.07412038,    -16.48431159,   65.40116337,  112.94243525,  107.1488807 ,     -2.59583291,  116.58481687,  -83.88986888,  -37.45807144,    -40.94438374], [ 1187.22003356,  871.4639894 ,   19.72238748,   92.49917421,     82.2698532 ,   23.86394194,  136.52312063,   27.93918269,     27.74705189,   30.46671596,    5.13843399,  -16.10312046,    -18.58400989], [  -50.83331477,   19.72238748,  613.3371948 ,  162.88789373,    165.65432337,  124.40466319,   36.04671773,   53.39922649,     -6.75260238,   -9.47301531,   35.53097388,    2.68901565,     14.46477456], [   91.07412038,   92.49917421,  162.88789373,  372.61100604,    141.6947593 ,   36.41339151,    0.35063283,   14.58655971,     34.4191747 ,    9.81846179,   43.94395157,   42.39538268,     18.30625831], [  -16.48431159,   82.2698532 ,  165.65432337,  141.6947593 ,    245.35049325,   35.28905188,   22.56564089,   48.35454012,     33.8502226 ,   33.33645347,   27.68987207,    7.49552464,     26.18462699], [   65.40116337,   23.86394194,  124.40466319,   36.41339151,     35.28905188,  186.80803033,   84.66057183,   14.47630189,     16.90181654,   20.10885443,    7.98683383,    6.14566746,     12.08280589], [  112.94243525,  136.52312063,   36.04671773,    0.35063283,     22.56564089,   84.66057183,  192.1581828 ,   51.82211214,     41.7773345 ,   36.5011196 ,   18.34489966,    9.83287582,      5.76138472], [  107.1488807 ,   27.93918269,   53.39922649,   14.58655971,     48.35454012,   14.47630189,   51.82211214,  118.31913111,     46.07303661,   25.28443993,   21.85410827,    4.76462164,     10.03067066], [   -2.59583291,   27.74705189,   -6.75260238,   34.4191747 ,     33.8502226 ,   16.90181654,   41.7773345 ,   46.07303661,    116.19103013,   51.25362468,   26.7436286 ,   15.83773128,     20.92546577], [  116.58481687,   30.46671596,   -9.47301531,    9.81846179,     33.33645347,   20.10885443,   36.5011196 ,   25.28443993,     51.25362468,  115.23842452,   43.91561324,   21.28771659,     18.48799141], [  -83.88986888,    5.13843399,   35.53097388,   43.94395157,     27.68987207,    7.98683383,   18.34489966,   21.85410827,     26.7436286 ,   43.91561324,  108.10548944,   54.47487956,     28.73926948], [  -37.45807144,  -16.10312046,    2.68901565,   42.39538268,      7.49552464,    6.14566746,    9.83287582,    4.76462164,     15.83773128,   21.28771659,   54.47487956,   97.94652476,     43.00089263], [  -40.94438374,  -18.58400989,   14.46477456,   18.30625831,     26.18462699,   12.08280589,    5.76138472,   10.03067066,     20.92546577,   18.48799141,   28.73926948,   43.00089263,     86.03138974]]
