/root/sim/music/out/中島みゆき/Singles_2000/06_糸.mp3; [-657.9621    , 143.78888   , -10.480438  ,  13.463613  ,  -6.007932  ,  -13.676491  ,   3.5112765 ,  -7.406442  ,  -8.936932  ,  -0.49097845,   -5.090767  ,   0.26562643,   0.56963086]; [[20268.49377742,  813.02080105,  912.34478989, 1510.08938454,    791.05951353,  535.7843769 ,  848.25752042,  677.18968999,    324.4290891 ,  339.42266451,  239.85992981,  -10.42528473,    169.30411149], [  813.02080105, 1258.06785405, -374.4818116 ,   39.72242984,    -46.34255915,  -57.08302675,   72.75601622,   22.23269455,    -71.866639  ,   68.56943974,  -12.31944806,   11.1742789 ,     34.90016536], [  912.34478989, -374.4818116 ,  893.06095981,  313.54242792,    270.43873917,  317.39498155,   42.7144503 ,  209.29741179,    206.44888549,  -13.06171015,  127.50460423,   49.29859893,     47.51623875], [ 1510.08938454,   39.72242984,  313.54242792,  630.20317787,    346.20303523,  224.90534985,  121.71597048,  226.81363358,    147.32454079,   70.74339429,   41.91183937,   48.07979846,     37.64774134], [  791.05951353,  -46.34255915,  270.43873917,  346.20303523,    421.48870421,   68.5787051 ,  132.90426079,  149.07131184,     75.71016351,   75.4039516 ,  -15.28796331,   30.57484568,     23.32558553], [  535.7843769 ,  -57.08302675,  317.39498155,  224.90534985,     68.5787051 ,  533.64735361,   33.40992279,  184.61791375,    210.22414842,    3.07411061,  180.11123556,   18.95872189,     20.23407669], [  848.25752042,   72.75601622,   42.7144503 ,  121.71597048,    132.90426079,   33.40992279,  412.54379034,  103.3375577 ,    -15.64891221,  144.63105047,   15.73924823,  -16.82471075,      1.97976574], [  677.18968999,   22.23269455,  209.29741179,  226.81363358,    149.07131184,  184.61791375,  103.3375577 ,  254.15885488,    119.43824259,   61.39143022,   75.01454533,   12.98057072,     44.85701435], [  324.4290891 ,  -71.866639  ,  206.44888549,  147.32454079,     75.71016351,  210.22414842,  -15.64891221,  119.43824259,    211.8093474 ,   19.83489348,   88.33858593,   21.13956207,     10.92120835], [  339.42266451,   68.56943974,  -13.06171015,   70.74339429,     75.4039516 ,    3.07411061,  144.63105047,   61.39143022,     19.83489348,  163.57571595,   19.01932958,   -3.02388746,      1.84546041], [  239.85992981,  -12.31944806,  127.50460423,   41.91183937,    -15.28796331,  180.11123556,   15.73924823,   75.01454533,     88.33858593,   19.01932958,  170.50406628,   28.99780443,     31.26278935], [  -10.42528473,   11.1742789 ,   49.29859893,   48.07979846,     30.57484568,   18.95872189,  -16.82471075,   12.98057072,     21.13956207,   -3.02388746,   28.99780443,  103.81332942,     29.16047046], [  169.30411149,   34.90016536,   47.51623875,   37.64774134,     23.32558553,   20.23407669,    1.97976574,   44.85701435,     10.92120835,    1.84546041,   31.26278935,   29.16047046,    115.94741135]]
/root/sim/music/out/中島みゆき/Singles_2000/07_愛情物語.mp3; [-505.65582  , 115.12439  , -14.091696 ,  29.191442 ,   3.7364552,    1.4951388,   6.606834 ,   2.641842 ,  -2.3489757,   3.3946345,   -4.1399384,  -4.143878 ,  -0.7064988]; [[10806.05814295,  992.4303004 , -204.72925582,  217.04631236,     23.32442912,   78.64782107,   10.84965904,   29.42501109,    -66.68926212,  -31.63180572, -115.22358763, -123.63762127,    -64.8088939 ], [  992.4303004 ,  618.02176552, -107.15201105,   71.75002893,     -5.67577309,   -3.98207286,   83.48884137,   -3.69074293,     10.95728549,   19.18898287,  -44.08988389,  -13.44267775,    -32.76025119], [ -204.72925582, -107.15201105,  488.90409323,   -3.90486459,      3.67824916,   -7.41243784,  -75.35175666,   19.46912083,     27.75450145,  -51.1192329 ,   31.63628235,   31.35985995,    -29.36385243], [  217.04631236,   71.75002893,   -3.90486459,  250.99866743,     34.61886328,  -86.17844977,   -6.91274893,   42.36735431,     18.65355944,    1.26939531,  -16.3877351 ,   18.02402622,     -2.9148021 ], [   23.32442912,   -5.67577309,    3.67824916,   34.61886328,    116.66772788,   17.34413545,   14.33768175,   -1.09587577,     -3.70794285,    9.17128852,    6.69745251,  -11.16349641,      8.35198302], [   78.64782107,   -3.98207286,   -7.41243784,  -86.17844977,     17.34413545,  198.42350795,   40.30939397,  -11.45238268,    -10.60480621,    8.75036755,    2.32746882,  -25.04402746,      9.7739045 ], [   10.84965904,   83.48884137,  -75.35175666,   -6.91274893,     14.33768175,   40.30939397,  147.36885644,   10.58833226,    -18.83295444,   20.86215462,   -9.23094581,  -14.07622895,     -4.87492741], [   29.42501109,   -3.69074293,   19.46912083,   42.36735431,     -1.09587577,  -11.45238268,   10.58833226,   92.22162773,     37.40465232,  -12.48118961,   -5.14209479,    3.91778408,      1.87141276], [  -66.68926212,   10.95728549,   27.75450145,   18.65355944,     -3.70794285,  -10.60480621,  -18.83295444,   37.40465232,     87.54242143,   12.25112593,   -7.30852113,   10.44084445,     -6.19990273], [  -31.63180572,   19.18898287,  -51.1192329 ,    1.26939531,      9.17128852,    8.75036755,   20.86215462,  -12.48118961,     12.25112593,   86.40313592,   25.50157899,   -8.71610416,      3.57218485], [ -115.22358763,  -44.08988389,   31.63628235,  -16.3877351 ,      6.69745251,    2.32746882,   -9.23094581,   -5.14209479,     -7.30852113,   25.50157899,   72.97654443,   26.78567154,      6.68589292], [ -123.63762127,  -13.44267775,   31.35985995,   18.02402622,    -11.16349641,  -25.04402746,  -14.07622895,    3.91778408,     10.44084445,   -8.71610416,   26.78567154,   87.64113469,     21.53516181], [  -64.8088939 ,  -32.76025119,  -29.36385243,   -2.9148021 ,      8.35198302,    9.7739045 ,   -4.87492741,    1.87141276,     -6.19990273,    3.57218485,    6.68589292,   21.53516181,     69.61167016]]
/root/sim/music/out/中島みゆき/Singles_2000/09_たかが愛.mp3; [-535.9714    , 133.73262   , -11.274143  ,  29.44027   ,   3.51557   ,    0.64110476,  12.33762   ,  -0.24295431,  -1.6638728 ,   6.034933  ,   -2.0529525 ,  -1.0680557 ,   0.05946476]; [[11979.89720082,  691.4653098 , -585.57050092,  205.85791382,    -50.74324181,   49.77037499,  241.14191597,   60.47166567,     84.38522318,  161.04150948,   14.04415956, -100.56150422,     38.98377025], [  691.4653098 ,  742.75177183,  -29.8550207 ,   37.23278391,      5.91943448,  -46.80241776,  112.51045971,   -1.25627934,    -16.11751739,   37.92727224,    0.97606198,    9.96300035,    -21.1688881 ], [ -585.57050092,  -29.8550207 ,  433.73335781,  -20.09655786,     30.89740622,  -37.8730755 ,  -12.12002405,   -5.920842  ,    -10.38900919,  -29.26061955,   -4.79112266,   37.17829237,    -23.34178784], [  205.85791382,   37.23278391,  -20.09655786,  215.40827977,     32.97867091,   14.53413202, -102.71386409,    6.51027973,     40.40011139,  -44.04939659,  -24.21260668,   44.44468072,     22.68836385], [  -50.74324181,    5.91943448,   30.89740622,   32.97867091,    136.99103608,  -34.36733182,  -12.9375955 ,   -5.53480785,     11.98104719,    2.02919386,  -27.64418221,   23.61170625,      9.98428819], [   49.77037499,  -46.80241776,  -37.8730755 ,   14.53413202,    -34.36733182,  188.82705993,  -25.81844878,    3.08042538,     12.0273867 ,  -27.49106454,   26.57513103,  -23.65932609,     -2.67430571], [  241.14191597,  112.51045971,  -12.12002405, -102.71386409,    -12.9375955 ,  -25.81844878,  230.36103791,   14.18584377,    -35.54977307,   75.39266924,   18.00233358,  -34.92043556,    -20.99213082], [   60.47166567,   -1.25627934,   -5.920842  ,    6.51027973,     -5.53480785,    3.08042538,   14.18584377,   74.78636555,     24.07299227,   -5.46602566,    2.27409551,   -6.28600286,      1.38756441], [   84.38522318,  -16.11751739,  -10.38900919,   40.40011139,     11.98104719,   12.0273867 ,  -35.54977307,   24.07299227,    100.35075217,    3.28935255,   -5.65495428,   12.16541084,      2.43980387], [  161.04150948,   37.92727224,  -29.26061955,  -44.04939659,      2.02919386,  -27.49106454,   75.39266924,   -5.46602566,      3.28935255,  117.30306884,   17.8965284 ,  -28.89586981,    -16.75078202], [   14.04415956,    0.97606198,   -4.79112266,  -24.21260668,    -27.64418221,   26.57513103,   18.00233358,    2.27409551,     -5.65495428,   17.8965284 ,   83.5873197 ,    4.85974558,     -4.30868422], [ -100.56150422,    9.96300035,   37.17829237,   44.44468072,     23.61170625,  -23.65932609,  -34.92043556,   -6.28600286,     12.16541084,  -28.89586981,    4.85974558,  103.54973236,     20.277408  ], [   38.98377025,  -21.1688881 ,  -23.34178784,   22.68836385,      9.98428819,   -2.67430571,  -20.99213082,    1.38756441,      2.43980387,  -16.75078202,   -4.30868422,   20.277408  ,     68.34773671]]
/root/sim/music/out/中島みゆき/Singles_2000/04_私たちは春の中で.mp3; [-564.94763   , 125.5034    , -34.657887  ,  30.521095  ,   8.980095  ,    0.20447513,   7.256173  ,   9.131862  ,   1.5322065 ,   4.932178  ,   -3.4716218 ,  -2.3092217 ,  -2.5675778 ]; [[17213.23883489, 1157.32013217, -336.5114084 ,  380.34942156,    -15.99177436,   37.95040538,  278.55972065,   95.94777305,   -100.24953693,  133.72569321, -129.12882948, -182.92860884,    -45.82583627], [ 1157.32013217, 1056.87471669, -284.98854248,  210.82860446,    -20.61965553,  -11.11729379,   95.63083422,   37.69802391,     34.7644039 ,   58.9212244 ,  -26.9038464 ,   31.19339827,    -24.17614548], [ -336.5114084 , -284.98854248,  876.35171713,   -9.60012315,    139.80446848,   72.62896193,   47.24351511,    1.42233873,     21.36829917,    6.90223676,   38.13317224,   56.57792401,     34.05630884], [  380.34942156,  210.82860446,   -9.60012315,  281.44117555,     85.31269023,   33.92175124,   20.1384113 ,   11.29703042,     38.66598586,   39.45198102,   -4.58894487,   43.29101714,     17.39876067], [  -15.99177436,  -20.61965553,  139.80446848,   85.31269023,    204.14908851,   49.56509881,   24.73736168,   27.93716733,     31.23223362,   15.07197929,   38.59425173,   30.78491378,     29.26547147], [   37.95040538,  -11.11729379,   72.62896193,   33.92175124,     49.56509881,  218.73436001,    2.27051749,   61.80201837,     29.66726124,   -9.51208916,   50.82230071,    4.39187142,     -0.11299077], [  278.55972065,   95.63083422,   47.24351511,   20.1384113 ,     24.73736168,    2.27051749,  189.76780013,   30.32395977,     -3.40549448,   69.88468359,   -5.44690881,  -23.50109215,      7.92109939], [   95.94777305,   37.69802391,    1.42233873,   11.29703042,     27.93716733,   61.80201837,   30.32395977,  113.76642606,     29.25711743,   10.82947247,   34.19629139,   -5.21296414,     -0.00796578], [ -100.24953693,   34.7644039 ,   21.36829917,   38.66598586,     31.23223362,   29.66726124,   -3.40549448,   29.25711743,    102.55222709,   23.68395743,   20.69136628,   28.61820339,     -0.79712159], [  133.72569321,   58.9212244 ,    6.90223676,   39.45198102,     15.07197929,   -9.51208916,   69.88468359,   10.82947247,     23.68395743,  115.68067475,   18.28932911,    3.25548784,      6.82744775], [ -129.12882948,  -26.9038464 ,   38.13317224,   -4.58894487,     38.59425173,   50.82230071,   -5.44690881,   34.19629139,     20.69136628,   18.28932911,  101.07612299,   33.14315763,      7.81128024], [ -182.92860884,   31.19339827,   56.57792401,   43.29101714,     30.78491378,    4.39187142,  -23.50109215,   -5.21296414,     28.61820339,    3.25548784,   33.14315763,  108.92374376,     25.30598764], [  -45.82583627,  -24.17614548,   34.05630884,   17.39876067,     29.26547147,   -0.11299077,    7.92109939,   -0.00796578,     -0.79712159,    6.82744775,    7.81128024,   25.30598764,     62.6459833 ]]
/root/sim/music/out/中島みゆき/Singles_2000/10_目を開けて最初に君を見たい.mp3; [-589.08246   , 125.45574   ,   2.4426064 ,  30.807241  ,   6.9551845 ,   -0.41739106,   4.68922   ,   4.7282557 ,   3.455052  ,   4.8186026 ,   -8.438426  ,  -3.2093549 ,  -0.8316319 ]; [[18421.59920658,  739.55979741, -486.97151953,  243.9028973 ,   -112.35978944,  -37.52454479,  298.48870192,  187.92569109,    -15.66685122,  162.62563979, -127.27767396,  -40.28117726,     90.1600559 ], [  739.55979741, 1113.98540422, -251.59946622,   -7.69326632,     48.34344407,  -53.4084436 ,   29.47827694,   22.86301221,     47.51140116,   62.61256704,  -31.55447847,    5.20136977,      0.23288828], [ -486.97151953, -251.59946622,  538.03400769,   20.39031287,     46.15729747,    4.56697154,  -24.55207197,  -18.0568355 ,    -18.54750617,  -28.42337106,   31.51467558,   15.47456002,      5.66290728], [  243.9028973 ,   -7.69326632,   20.39031287,  261.62467193,     62.85961092,  -60.927856  ,  -41.08661799,   -5.14891187,     11.76999541,  -13.96469616,  -23.62966723,   31.67094948,     22.89872847], [ -112.35978944,   48.34344407,   46.15729747,   62.85961092,    171.19780061,  -53.69840253,  -15.48011575,   -1.17417381,     12.24801621,   16.88797665,  -30.34952288,    8.80668832,     16.48223564], [  -37.52454479,  -53.4084436 ,    4.56697154,  -60.927856  ,    -53.69840253,  244.48037788,  -11.76694825,   10.43913082,     11.6704873 ,  -27.91948062,   48.09575442,  -26.59996093,    -15.95220304], [  298.48870192,   29.47827694,  -24.55207197,  -41.08661799,    -15.48011575,  -11.76694825,  192.22390309,   25.55583593,    -63.03188759,   35.90187906,    2.24679282,    1.67798087,     20.53565223], [  187.92569109,   22.86301221,  -18.0568355 ,   -5.14891187,     -1.17417381,   10.43913082,   25.55583593,   83.95824147,     20.63733643,    5.63581601,   -2.5447386 ,   -2.9727852 ,      9.67595022], [  -15.66685122,   47.51140116,  -18.54750617,   11.76999541,     12.24801621,   11.6704873 ,  -63.03188759,   20.63733643,    116.32335416,    8.57781167,   -2.86609929,    2.9436336 ,     -8.70477697], [  162.62563979,   62.61256704,  -28.42337106,  -13.96469616,     16.88797665,  -27.91948062,   35.90187906,    5.63581601,      8.57781167,   87.42300984,    5.35150496,   -7.36737782,     -0.0008288 ], [ -127.27767396,  -31.55447847,   31.51467558,  -23.62966723,    -30.34952288,   48.09575442,    2.24679282,   -2.5447386 ,     -2.86609929,    5.35150496,   81.28399482,   17.05411986,     -9.85173245], [  -40.28117726,    5.20136977,   15.47456002,   31.67094948,      8.80668832,  -26.59996093,    1.67798087,   -2.9727852 ,      2.9436336 ,   -7.36737782,   17.05411986,   74.19485305,     20.96616192], [   90.1600559 ,    0.23288828,    5.66290728,   22.89872847,     16.48223564,  -15.95220304,   20.53565223,    9.67595022,     -8.70477697,   -0.0008288 ,   -9.85173245,   20.96616192,     70.43025429]]
/root/sim/music/out/中島みゆき/Singles_2000/05_命の別名.mp3; [-608.2781   , 144.71652  , -28.298819 ,  25.638609 ,   2.7191114,   -9.9059725,   6.501806 ,  -0.8406975,  -6.701376 ,   7.285456 ,   -7.006001 ,   1.2621024,  -1.8220733]; [[16407.42189684, -111.6594273 ,  -96.79665277,  581.06226167,     22.60392593,  626.01066737,  780.93217351,  672.60125516,    224.99750674,  436.01236806,  206.52244001,   65.33644155,    119.16460438], [ -111.6594273 , 1269.13072044, -376.95894222,  -53.63067492,    -87.70709006, -102.37256274,  -19.57604188,  -80.11718363,    -74.13118764,  -23.5961486 ,  -26.62387525,    4.24038505,     -4.16174637], [  -96.79665277, -376.95894222,  825.66748478,  -23.51033523,    125.26442037,  134.18014842,  -81.17630147,   34.0540321 ,     79.22937556,  -57.68655874,   73.35823103,   55.33934264,     25.39357039], [  581.06226167,  -53.63067492,  -23.51033523,  440.49923231,     97.20079679,  138.2780661 , -114.10341083,   86.58912558,    120.742926  ,    2.21100067,   61.26911998,   43.2076247 ,     40.92814949], [   22.60392593,  -87.70709006,  125.26442037,   97.20079679,    214.1712028 ,    1.24773122,  -52.07656553,   -1.76574216,     40.33072704,    7.32871158,   -9.89602948,   17.35478936,      4.18772126], [  626.01066737, -102.37256274,  134.18014842,  138.2780661 ,      1.24773122,  512.29971891,   30.29348172,  143.4778045 ,    140.62176876,   -6.51511442,  209.82651044,    1.29054344,     41.01246987], [  780.93217351,  -19.57604188,  -81.17630147, -114.10341083,    -52.07656553,   30.29348172,  328.70048329,   58.60997926,    -41.82978328,   84.03934302,    0.79115821,  -22.03194668,      3.10135662], [  672.60125516,  -80.11718363,   34.0540321 ,   86.58912558,     -1.76574216,  143.4778045 ,   58.60997926,  192.9346328 ,     84.42976229,   29.01702266,   72.71868828,   15.47989256,     39.90749413], [  224.99750674,  -74.13118764,   79.22937556,  120.742926  ,     40.33072704,  140.62176876,  -41.82978328,   84.42976229,    189.58046198,    2.9017541 ,   83.44968826,   29.70578198,     21.43369929], [  436.01236806,  -23.5961486 ,  -57.68655874,    2.21100067,      7.32871158,   -6.51511442,   84.03934302,   29.01702266,      2.9017541 ,  124.92311377,   -3.30647411,   -1.92174671,     -6.46385068], [  206.52244001,  -26.62387525,   73.35823103,   61.26911998,     -9.89602948,  209.82651044,    0.79115821,   72.71868828,     83.44968826,   -3.30647411,  181.94859795,   20.77981537,     28.07577288], [   65.33644155,    4.24038505,   55.33934264,   43.2076247 ,     17.35478936,    1.29054344,  -22.03194668,   15.47989256,     29.70578198,   -1.92174671,   20.77981537,   98.24231546,     23.67529182], [  119.16460438,   -4.16174637,   25.39357039,   40.92814949,      4.18772126,   41.01246987,    3.10135662,   39.90749413,     21.43369929,   -6.46385068,   28.07577288,   23.67529182,     87.47863798]]
/root/sim/music/out/中島みゆき/Singles_2000/12_SE・TSU・NA・KU・TE.mp3; [-592.4341    , 102.72982   ,  -5.325352  ,  21.05514   ,  -0.22308958,    0.01518777,   0.93045735,   1.8660558 ,  -3.5390606 ,  -1.389995  ,   -6.3790994 ,  -0.18271753,  -3.4516149 ]; [[24744.98550686,  382.44577983, 2072.25963054, 1368.96197197,   1190.93450956,  593.70051635,  453.86706636,  279.93771278,     34.67747489,   72.44414732,   48.64105007,  189.49262561,     33.04079181], [  382.44577983, 1144.10966621, -334.0106    ,   67.8114015 ,     28.893011  ,  -53.11009155,   78.12911632,  -25.7178601 ,     44.20602758,   56.69708143,   13.69897911,   -3.75777479,     11.6264803 ], [ 2072.25963054, -334.0106    , 1030.27075272,  332.9148537 ,    473.063702  ,  273.00177783,  145.63560822,  106.61707055,     69.09253241,   -8.96431541,   48.09827635,   64.75622128,     37.72718112], [ 1368.96197197,   67.8114015 ,  332.9148537 ,  535.58890096,    332.46435756,  180.25217888,   93.43527562,  101.63423172,     81.25145431,   10.89286308,   35.48253616,   85.91316636,     41.62751673], [ 1190.93450956,   28.893011  ,  473.063702  ,  332.46435756,    481.39651623,  164.9993898 ,  149.03670618,   69.86892295,     88.21409344,   41.52806187,   44.2795134 ,   54.95302347,     35.70984553], [  593.70051635,  -53.11009155,  273.00177783,  180.25217888,    164.9993898 ,  267.65957644,   86.55709068,   94.32348999,     54.09351088,   27.0822146 ,   58.50950882,   20.47534223,     11.88435681], [  453.86706636,   78.12911632,  145.63560822,   93.43527562,    149.03670618,   86.55709068,  168.92426042,   45.41049874,     50.50973413,   39.7178425 ,   36.63845107,   12.33464084,      5.06044466], [  279.93771278,  -25.7178601 ,  106.61707055,  101.63423172,     69.86892295,   94.32348999,   45.41049874,  121.89949376,     56.28997526,   19.21241704,   25.11633199,   13.92229618,     10.51478738], [   34.67747489,   44.20602758,   69.09253241,   81.25145431,     88.21409344,   54.09351088,   50.50973413,   56.28997526,    122.11752011,   40.03177241,   22.19433314,    2.16278322,      4.38194261], [   72.44414732,   56.69708143,   -8.96431541,   10.89286308,     41.52806187,   27.0822146 ,   39.7178425 ,   19.21241704,     40.03177241,  115.98612275,   35.15115887,   -4.06540024,    -13.382507  ], [   48.64105007,   13.69897911,   48.09827635,   35.48253616,     44.2795134 ,   58.50950882,   36.63845107,   25.11633199,     22.19433314,   35.15115887,   90.13467819,   26.56417757,     12.35067687], [  189.49262561,   -3.75777479,   64.75622128,   85.91316636,     54.95302347,   20.47534223,   12.33464084,   13.92229618,      2.16278322,   -4.06540024,   26.56417757,   93.27353224,     37.89468781], [   33.04079181,   11.6264803 ,   37.72718112,   41.62751673,     35.70984553,   11.88435681,    5.06044466,   10.51478738,      4.38194261,  -13.382507  ,   12.35067687,   37.89468781,     83.50354636]]
/root/sim/music/out/中島みゆき/Singles_2000/13_空と君のあいだに.mp3; [-555.98773   , 115.47717   ,   0.49868593,  19.834023  ,   5.5603113 ,    5.780912  ,   4.468174  ,  -1.3121932 ,  -6.9950004 ,  -0.07579129,   -7.1673017 ,  -3.4415069 ,  -5.691965  ]; [[20771.60991204,  778.6468345 ,  -64.05209209,  330.53925143,    197.79931258,  254.70885107,  285.5135602 ,  163.11680399,    -54.19608487,   78.65875343,   60.22008037,  128.85120438,     20.97490423], [  778.6468345 , 1008.9951043 , -107.63544339,   47.13293039,     12.14436182,  -99.52793953,  101.27317584,  -38.9781415 ,   -123.47883251,   12.55625661,  -41.28030926,  -20.415774  ,     11.96494107], [  -64.05209209, -107.63544339,  485.06577792,   77.28712915,     30.13807837,   58.5690968 ,   -6.16365301,   -8.61817475,     40.76540349,  -56.78599554,   27.08510512,   43.98731024,     13.35124625], [  330.53925143,   47.13293039,   77.28712915,  228.0688563 ,    104.21391881,   14.86332562,   12.25491413,   24.79543793,     24.79546826,    7.01392169,   -0.4117127 ,   26.91432161,      8.13213153], [  197.79931258,   12.14436182,   30.13807837,  104.21391881,    183.56077519,   20.3239352 ,   25.54950276,   29.19973869,     29.22817143,   24.77521319,   12.19375251,   24.55388914,     12.59163231], [  254.70885107,  -99.52793953,   58.5690968 ,   14.86332562,     20.3239352 ,  211.49079993,   15.15101757,   58.46520448,     46.54563439,   12.52299036,   51.23686385,  -12.55254841,     -5.40841003], [  285.5135602 ,  101.27317584,   -6.16365301,   12.25491413,     25.54950276,   15.15101757,  212.3109273 ,   51.34740462,     -8.01036383,   44.12539178,   16.41868056,    0.43852874,     13.25666768], [  163.11680399,  -38.9781415 ,   -8.61817475,   24.79543793,     29.19973869,   58.46520448,   51.34740462,  128.57153397,     54.26022869,   33.73013644,   30.83576035,    0.11080802,      1.61929558], [  -54.19608487, -123.47883251,   40.76540349,   24.79546826,     29.22817143,   46.54563439,   -8.01036383,   54.26022869,    141.73952166,   37.07763384,   15.37118393,    1.46446777,     -5.61192315], [   78.65875343,   12.55625661,  -56.78599554,    7.01392169,     24.77521319,   12.52299036,   44.12539178,   33.73013644,     37.07763384,   99.62546172,   18.83134821,   -8.55820834,     -5.13468247], [   60.22008037,  -41.28030926,   27.08510512,   -0.4117127 ,     12.19375251,   51.23686385,   16.41868056,   30.83576035,     15.37118393,   18.83134821,   83.32026277,   20.54518716,      5.08078067], [  128.85120438,  -20.415774  ,   43.98731024,   26.91432161,     24.55388914,  -12.55254841,    0.43852874,    0.11080802,      1.46446777,   -8.55820834,   20.54518716,   87.23133427,     35.57983653], [   20.97490423,   11.96494107,   13.35124625,    8.13213153,     12.59163231,   -5.40841003,   13.25666768,    1.61929558,     -5.61192315,   -5.13468247,    5.08078067,   35.57983653,     75.10898231]]
/root/sim/music/out/中島みゆき/Singles_2000/08_幸せ.mp3; [-606.6584    , 159.64442   ,  -8.504277  ,  32.475956  ,  13.123439  ,   -3.5209134 ,   6.658545  ,   0.79808575,  -1.1024097 ,   8.303345  ,   -6.6041727 ,  -0.27702436,  -1.5162185 ]; [[11868.65826955,  655.65682145, -493.62290504,  166.09473594,     62.59738808, -324.25623041,   90.06810103,  -74.91928905,    -36.34253778,  162.81843765, -184.49896658, -109.24944238,   -127.07198167], [  655.65682145, 1365.48622898, -149.22771137,  163.56037743,     48.12640249,  113.1247636 ,   37.62716469,   35.99975106,    -20.0049804 ,   33.24328584,    4.6122382 ,   33.95504221,      3.29402593], [ -493.62290504, -149.22771137,  469.33265443,  -41.47031963,     83.25109574,   12.50840731,   31.21427414,  -39.53748259,     -7.30023476,  -52.59258127,   24.02117425,   45.05627626,      0.31094274], [  166.09473594,  163.56037743,  -41.47031963,  256.45129531,      9.21984637,   24.4054122 ,  -39.07964172,   48.12644096,     14.20655586,  -30.84764086,   -5.70154509,   37.2263084 ,     27.50376603], [   62.59738808,   48.12640249,   83.25109574,    9.21984637,    215.01103563,  -96.82383153,   54.48934853,   -8.13441272,      6.95811681,   27.00509964,  -40.97149507,   37.83552301,     -0.49691987], [ -324.25623041,  113.1247636 ,   12.50840731,   24.4054122 ,    -96.82383153,  340.02264276,  -54.00839019,   65.13355152,     31.07507705,  -49.66888084,   84.10535817,  -27.54421655,     36.85287176], [   90.06810103,   37.62716469,   31.21427414,  -39.07964172,     54.48934853,  -54.00839019,  155.14461106,  -16.29102199,    -10.70207267,   59.24552958,  -22.5716167 ,    7.95065056,    -22.17257457], [  -74.91928905,   35.99975106,  -39.53748259,   48.12644096,     -8.13441272,   65.13355152,  -16.29102199,  127.67540474,     37.41463322,   -8.33523923,   25.84173609,  -12.28015571,     29.40043498], [  -36.34253778,  -20.0049804 ,   -7.30023476,   14.20655586,      6.95811681,   31.07507705,  -10.70207267,   37.41463322,     91.64630491,   14.78050999,   13.43588201,  -13.41457075,     11.38060353], [  162.81843765,   33.24328584,  -52.59258127,  -30.84764086,     27.00509964,  -49.66888084,   59.24552958,   -8.33523923,     14.78050999,  135.68078009,   -7.39073419,  -11.63290085,    -14.7678047 ], [ -184.49896658,    4.6122382 ,   24.02117425,   -5.70154509,    -40.97149507,   84.10535817,  -22.5716167 ,   25.84173609,     13.43588201,   -7.39073419,  103.24434032,   -6.77021252,     13.59790297], [ -109.24944238,   33.95504221,   45.05627626,   37.2263084 ,     37.83552301,  -27.54421655,    7.95065056,  -12.28015571,    -13.41457075,  -11.63290085,   -6.77021252,  107.78043843,     11.47929136], [ -127.07198167,    3.29402593,    0.31094274,   27.50376603,     -0.49691987,   36.85287176,  -22.17257457,   29.40043498,     11.38060353,  -14.7678047 ,   13.59790297,   11.47929136,     80.1855725 ]]
/root/sim/music/out/中島みゆき/Singles_2000/11_旅人のうた.mp3; [-531.0044   , 115.478    , -20.580217 ,  22.049076 ,   4.6059265,    1.9138013,   8.127989 ,   6.376798 ,  -1.4292941,   1.546612 ,   -7.5009503,  -1.8998926,  -4.3739395]; [[15804.18623156,  616.12228691, -269.70790762,  273.34540659,    202.52205194,  246.41979883,  179.72374136,   67.95834547,    146.29377161,  196.43683714,  -53.70897248,  -14.20350993,      9.64531189], [  616.12228691,  873.59327119, -254.919802  ,  113.1603066 ,    -10.00196977,   44.58500215,  129.9131608 ,   18.36714155,    -15.78981672,   62.11776908,  -10.03429212,   37.63812365,      3.37784726], [ -269.70790762, -254.919802  ,  484.43569265,   56.86318066,    115.93796101,   46.9539856 , -103.9900458 ,  -63.90909836,     13.8673069 ,  -45.02914053,   18.27680266,    5.63739998,      6.93553141], [  273.34540659,  113.1603066 ,   56.86318066,  353.79715167,    168.16084297,   28.93892599,  -70.2665309 ,  -27.45988488,     54.16173598,   30.84504481,  -17.48563452,   58.03118176,     23.03694596], [  202.52205194,  -10.00196977,  115.93796101,  168.16084297,    228.86665132,   56.76368698,  -40.81283683,  -39.68282475,     39.2274132 ,   33.4110854 ,    0.05732539,   20.40224562,     14.30058924], [  246.41979883,   44.58500215,   46.9539856 ,   28.93892599,     56.76368698,  258.52997816,   49.41622036,  -16.94047306,     24.55343286,   35.60692416,   36.43720016,  -17.27839409,     -1.59258946], [  179.72374136,  129.9131608 , -103.9900458 ,  -70.2665309 ,    -40.81283683,   49.41622036,  183.29278715,   24.18299326,    -37.47196673,   28.54718591,   -0.23337577,   -7.69483864,      0.46984171], [   67.95834547,   18.36714155,  -63.90909836,  -27.45988488,    -39.68282475,  -16.94047306,   24.18299326,   91.03914066,     28.25678169,   10.31797956,   -0.78993356,  -10.39318582,     -1.43303022], [  146.29377161,  -15.78981672,   13.8673069 ,   54.16173598,     39.2274132 ,   24.55343286,  -37.47196673,   28.25678169,    130.83036327,   49.2049433 ,   12.25764664,    1.40879282,      0.28366849], [  196.43683714,   62.11776908,  -45.02914053,   30.84504481,     33.4110854 ,   35.60692416,   28.54718591,   10.31797956,     49.2049433 ,  108.61166057,   15.21297695,   -5.19204363,      1.73640295], [  -53.70897248,  -10.03429212,   18.27680266,  -17.48563452,      0.05732539,   36.43720016,   -0.23337577,   -0.78993356,     12.25764664,   15.21297695,   65.24969088,   11.31925161,      3.62605377], [  -14.20350993,   37.63812365,    5.63739998,   58.03118176,     20.40224562,  -17.27839409,   -7.69483864,  -10.39318582,      1.40879282,   -5.19204363,   11.31925161,   74.7353591 ,     23.97489856], [    9.64531189,    3.37784726,    6.93553141,   23.03694596,     14.30058924,   -1.59258946,    0.46984171,   -1.43303022,      0.28366849,    1.73640295,    3.62605377,   23.97489856,     52.5334002 ]]
/root/sim/music/out/中島みゆき/Singles_2000/14_ファイト!.mp3; [-672.4359   , 117.21353  ,  23.262287 ,  32.052734 ,  10.596499 ,    2.409806 ,   2.4698155,   0.6988336,  -6.1606984,  -1.4502393,   -7.3906007,  -2.3851097,  -7.4381657]; [[40965.98928422, 1214.83882353,-4713.80526903,-1231.11310997,  -1538.69035414, -976.96317565, -834.61561918, -245.74585644,   -657.15451921,   37.97747326, -431.52613347,  -78.26021086,   -188.34505129], [ 1214.83882353, 1780.00415515, -261.69053593,  -70.39568846,    -19.98027184,  -69.42718056,   56.7212787 ,  -59.7874742 ,    -48.28273591,  -13.43144893,  -62.02315254,   46.47405045,    -28.25760272], [-4713.80526903, -261.69053593, 1774.86180513,  354.75879498,    277.35204757,  209.93434008,  199.61095133,   58.08258775,     59.57710201,  -43.92496798,   64.1282009 ,   31.30361474,      5.70693599], [-1231.11310997,  -70.39568846,  354.75879498,  469.0269796 ,    166.11187639,   89.95026816,   12.13640998,   59.39751611,     42.93664192,  -37.28222248,   46.28700941,    7.87971597,     31.04963656], [-1538.69035414,  -19.98027184,  277.35204757,  166.11187639,    306.15907225,  132.95904313,   28.77443853,   40.00428389,     61.60220825,    9.86718091,   34.73717345,    0.7961698 ,     22.41387942], [ -976.96317565,  -69.42718056,  209.93434008,   89.95026816,    132.95904313,  377.21400607,   62.12077416,   60.28312815,     45.6556403 ,   12.48874589,   77.62709172,  -23.09300372,     66.5935169 ], [ -834.61561918,   56.7212787 ,  199.61095133,   12.13640998,     28.77443853,   62.12077416,  222.72095375,   41.50062384,      9.78665289,   50.42913197,    5.8514259 ,   23.63546581,    -11.68968524], [ -245.74585644,  -59.7874742 ,   58.08258775,   59.39751611,     40.00428389,   60.28312815,   41.50062384,  141.28787276,     50.53801403,    8.69400481,   19.24900029,    7.10139967,     26.49101222], [ -657.15451921,  -48.28273591,   59.57710201,   42.93664192,     61.60220825,   45.6556403 ,    9.78665289,   50.53801403,    138.71481587,   20.78591048,   25.47022888,   -1.37812311,     10.96326453], [   37.97747326,  -13.43144893,  -43.92496798,  -37.28222248,      9.86718091,   12.48874589,   50.42913197,    8.69400481,     20.78591048,  140.59341446,    8.03712088,    8.56667093,    -22.32824104], [ -431.52613347,  -62.02315254,   64.1282009 ,   46.28700941,     34.73717345,   77.62709172,    5.8514259 ,   19.24900029,     25.47022888,    8.03712088,  117.11201483,   10.93277734,     23.37269884], [  -78.26021086,   46.47405045,   31.30361474,    7.87971597,      0.7961698 ,  -23.09300372,   23.63546581,    7.10139967,     -1.37812311,    8.56667093,   10.93277734,  105.48262735,     12.82481781], [ -188.34505129,  -28.25760272,    5.70693599,   31.04963656,     22.41387942,   66.5935169 ,  -11.68968524,   26.49101222,     10.96326453,  -22.32824104,   23.37269884,   12.82481781,    130.38777331]]
/root/sim/music/out/エレファントカシマシ/sweet_memory_～エレカシ青春セレクション～/08_真夏の星空は少しブルー.mp3; [-636.50555   , 161.39508   ,  11.964486  ,  28.206488  ,   9.7733965 ,    0.2028254 ,   0.93840384,   9.953219  ,   1.7729839 ,   3.8924685 ,   -3.3331966 ,  -2.1329038 ,   2.5715432 ]; [[15940.48751151, -512.64233631,  744.68549288,  226.55906351,   -387.60444915,  108.07399456,  -87.16053336,   16.85118048,   -119.04307497,  -82.50835204,  -48.23678309,  128.85982776,    139.41395625], [ -512.64233631, 2112.78279187, -720.86706976,   49.76729117,    134.73704896, -141.4161966 ,   85.04391226,   85.23095836,     -4.26647114,   61.57442719,    4.08254043,   -6.06039457,     51.92095583], [  744.68549288, -720.86706976,  845.7563134 ,   67.32341653,    -34.13075558,   68.54316121,  -48.53928391,   58.52584494,    -23.80540315,   -4.98640304,   -0.73458996,   -0.46957261,     30.12197729], [  226.55906351,   49.76729117,   67.32341653,  249.53626718,     47.63860222,   30.32601124,    6.48807678,   23.66688941,     43.52122863,  -18.58758856,   -3.64562733,    3.85232759,      6.98454996], [ -387.60444915,  134.73704896,  -34.13075558,   47.63860222,    197.405524  ,   51.59431353,   32.70012771,    1.88528072,     24.39513748,   37.73138283,   17.55860876,  -11.9477665 ,    -10.08179009], [  108.07399456, -141.4161966 ,   68.54316121,   30.32601124,     51.59431353,  150.69201756,   46.77220747,   -7.52479592,     33.75049884,    2.34695566,   25.60405143,   12.54837512,    -14.37270763], [  -87.16053336,   85.04391226,  -48.53928391,    6.48807678,     32.70012771,   46.77220747,  134.98544263,   49.37121345,     31.4086254 ,   16.50672536,   30.32539694,   29.57675635,      6.31944341], [   16.85118048,   85.23095836,   58.52584494,   23.66688941,      1.88528072,   -7.52479592,   49.37121345,  125.85194933,     17.74416326,    8.13643489,    0.59448354,   15.47747011,     30.11825101], [ -119.04307497,   -4.26647114,  -23.80540315,   43.52122863,     24.39513748,   33.75049884,   31.4086254 ,   17.74416326,    126.1926198 ,    6.5350591 ,   11.19689638,   20.08479413,    -11.37229492], [  -82.50835204,   61.57442719,   -4.98640304,  -18.58758856,     37.73138283,    2.34695566,   16.50672536,    8.13643489,      6.5350591 ,  105.10842437,   34.80544669,   -2.86202402,      4.34921324], [  -48.23678309,    4.08254043,   -0.73458996,   -3.64562733,     17.55860876,   25.60405143,   30.32539694,    0.59448354,     11.19689638,   34.80544669,   71.9248132 ,   25.92417254,      4.48620539], [  128.85982776,   -6.06039457,   -0.46957261,    3.85232759,    -11.9477665 ,   12.54837512,   29.57675635,   15.47747011,     20.08479413,   -2.86202402,   25.92417254,   72.16412623,     25.96243531], [  139.41395625,   51.92095583,   30.12197729,    6.98454996,    -10.08179009,  -14.37270763,    6.31944341,   30.11825101,    -11.37229492,    4.34921324,    4.48620539,   25.96243531,     78.55998297]]
/root/sim/music/out/エレファントカシマシ/sweet_memory_～エレカシ青春セレクション～/10_遠い浜辺.mp3; [-534.01373   , 145.498     ,  -9.823214  ,  14.142157  ,   5.5981884 ,   -0.02309449,  -8.550301  ,  -1.1290107 ,  -3.6252584 ,  -1.2007374 ,   -4.079764  ,  -5.743924  ,  -1.6244199 ]; [[11642.16882615, -986.51771346,  156.44977556,  489.55305914,     27.18246234,  224.03878882,   34.23601733,  494.18504948,     80.09538902,   20.50362119,  123.32556846,  180.30014731,    -70.01872774], [ -986.51771346, 1456.73402467, -323.37460947, -109.96506427,    -70.31044527, -101.04909085,   27.6438881 , -155.87301582,    -64.3588017 ,  -41.20557909,  -50.68640719,  -93.05065149,      2.908557  ], [  156.44977556, -323.37460947,  538.95125793, -102.94305975,     94.77574717,  119.76109244,   26.77911572,  110.81171354,      1.44635279,   61.15790178,   57.97955341,   30.57524358,     26.46214195], [  489.55305914, -109.96506427, -102.94305975,  325.69691722,     18.49928289,    8.61677631,  -37.11335676,  -17.49919804,     45.17093396,  -56.42660961,  -26.31574886,   29.11950899,      3.70314165], [   27.18246234,  -70.31044527,   94.77574717,   18.49928289,    180.59392582,   36.98190969,  -10.02195617,    5.04218082,      8.61138611,   19.20921618,  -13.22566535,   -3.31979111,      4.72256535], [  224.03878882, -101.04909085,  119.76109244,    8.61677631,     36.98190969,  204.45346084,   39.95772738,   65.85130532,     20.5255501 ,   20.52488407,   39.86885253,   14.77972901,     -2.67625394], [   34.23601733,   27.6438881 ,   26.77911572,  -37.11335676,    -10.02195617,   39.95772738,  156.96310949,   77.78337951,     -4.08383673,   22.81240229,   22.39505516,   10.87641059,     -9.54049945], [  494.18504948, -155.87301582,  110.81171354,  -17.49919804,      5.04218082,   65.85130532,   77.78337951,  181.22779948,     20.4973103 ,   50.15416155,   32.95909645,   27.00364079,      4.56836224], [   80.09538902,  -64.3588017 ,    1.44635279,   45.17093396,      8.61138611,   20.5255501 ,   -4.08383673,   20.4973103 ,    116.59963469,   17.92027052,   19.6602795 ,    5.97951609,     -0.82415802], [   20.50362119,  -41.20557909,   61.15790178,  -56.42660961,     19.20921618,   20.52488407,   22.81240229,   50.15416155,     17.92027052,  118.67290671,   39.72390664,    2.09280245,     -2.25208113], [  123.32556846,  -50.68640719,   57.97955341,  -26.31574886,    -13.22566535,   39.86885253,   22.39505516,   32.95909645,     19.6602795 ,   39.72390664,  102.6699166 ,   28.36063766,      0.94750843], [  180.30014731,  -93.05065149,   30.57524358,   29.11950899,     -3.31979111,   14.77972901,   10.87641059,   27.00364079,      5.97951609,    2.09280245,   28.36063766,   85.29086697,     22.58003796], [  -70.01872774,    2.908557  ,   26.46214195,    3.70314165,      4.72256535,   -2.67625394,   -9.54049945,    4.56836224,     -0.82415802,   -2.25208113,    0.94750843,   22.58003796,     73.24284801]]
