/root/sim/music/out/エレファントカシマシ/WAKE_UP/05_神様俺を.mp3; [-591.0203    , 150.34843   , -11.698983  ,  17.398169  ,  21.538221  ,    8.839461  ,   9.870839  ,   5.327125  ,   2.1828005 ,   8.122852  ,    0.45614606,   2.6368127 ,   4.0372005 ]; [[17264.46140749, -923.20487153, -519.11365635,  -50.30202664,   -469.45658416, -287.41968989, -280.06475137, -226.56800455,     93.03297736,  234.46558202,  -71.83083097,    2.75080217,     41.42260096], [ -923.20487153, 2056.06026839, -284.1780077 ,  -82.69327065,    234.9873326 ,  -34.66729564,  136.8073668 ,   92.68210366,    -27.52933725,   78.61312178,   46.33143761,   22.19490688,     10.2470634 ], [ -519.11365635, -284.1780077 ,  811.9447129 ,  193.29577556,    -22.15691125,  197.99488868,   64.61089102,   61.20043798,      0.58347747, -111.21528208,   13.68564998,   16.3577579 ,     -6.72097935], [  -50.30202664,  -82.69327065,  193.29577556,  605.0200631 ,     76.00947434,  152.57934576,  -40.23415423,    9.40470964,    104.35471897,  -56.09787119,  -21.45522243,  -11.7142044 ,     15.81622077], [ -469.45658416,  234.9873326 ,  -22.15691125,   76.00947434,    391.76902183,   57.46785975,    8.74256519,   36.31888961,     30.06597658,   45.2889183 ,  -21.94426284,  -18.84966836,     15.48273491], [ -287.41968989,  -34.66729564,  197.99488868,  152.57934576,     57.46785975,  357.07875659,  100.45184164,   39.09478448,     64.36297695,  -37.89838161,   58.16247667,   28.93263454,    -26.13735187], [ -280.06475137,  136.8073668 ,   64.61089102,  -40.23415423,      8.74256519,  100.45184164,  269.23947851,   93.82755039,    -20.68166675,   15.94537845,   42.84526039,   41.02450417,     -5.24578631], [ -226.56800455,   92.68210366,   61.20043798,    9.40470964,     36.31888961,   39.09478448,   93.82755039,  166.24693676,     24.69340565,    4.57204198,   22.22330858,   29.04436217,     25.30916758], [   93.03297736,  -27.52933725,    0.58347747,  104.35471897,     30.06597658,   64.36297695,  -20.68166675,   24.69340565,    159.43862041,   18.53667615,   10.77601917,    4.65349587,      1.13259803], [  234.46558202,   78.61312178, -111.21528208,  -56.09787119,     45.2889183 ,  -37.89838161,   15.94537845,    4.57204198,     18.53667615,  168.82819195,   37.1770201 ,    4.3496039 ,      1.54946746], [  -71.83083097,   46.33143761,   13.68564998,  -21.45522243,    -21.94426284,   58.16247667,   42.84526039,   22.22330858,     10.77601917,   37.1770201 ,  143.25864432,   49.63064223,      5.12466146], [    2.75080217,   22.19490688,   16.3577579 ,  -11.7142044 ,    -18.84966836,   28.93263454,   41.02450417,   29.04436217,      4.65349587,    4.3496039 ,   49.63064223,  116.43141406,     38.24185064], [   41.42260096,   10.2470634 ,   -6.72097935,   15.81622077,     15.48273491,  -26.13735187,   -5.24578631,   25.30916758,      1.13259803,    1.54946746,    5.12466146,   38.24185064,    131.15864336]]
/root/sim/music/out/エレファントカシマシ/WAKE_UP/02_Easy_Go.mp3; [-451.6256    ,  85.17392   ,   7.7439656 ,  39.644283  ,   4.4993587 ,    7.5077486 ,  -2.2934394 ,   5.7433    ,   5.350012  ,   6.106628  ,    0.4138124 ,   0.985711  ,   0.70837766]; [[12459.43000288,  966.55052275, -133.40913016,  461.49714238,     67.1339963 ,  121.28104096,  -10.31356334,  102.44992894,     74.03862338,   68.80221239,  -33.4587252 ,  -15.95446421,    -16.77722508], [  966.55052275,  354.41390626,  -77.76877928,   66.79153181,    -16.85180392,   28.30048174,   29.66450671,    8.18184078,      5.92231693,    2.59730937,   17.50801841,    4.02696584,      0.32505983], [ -133.40913016,  -77.76877928,  304.85829703,   39.14533338,      5.05683732,   -9.30013505,  -13.59046442,   -5.93415345,    -22.20462063,    1.25572893,   -0.25627914,   10.26583946,     12.23821115], [  461.49714238,   66.79153181,   39.14533338,  238.47796809,     -3.09358691,  -36.97446967,  -25.84788073,  -21.95633222,     29.83643315,   15.16895808,   -0.40299551,    2.17327113,     15.27347097], [   67.1339963 ,  -16.85180392,    5.05683732,   -3.09358691,    135.57144371,   16.04555622,  -29.08869101,   -7.68457441,     19.06297802,   11.97691623,   -8.0514247 ,   -2.37724036,      3.50108169], [  121.28104096,   28.30048174,   -9.30013505,  -36.97446967,     16.04555622,  101.80542575,   41.00302195,   14.65047722,    -12.41210489,   -3.85586411,    6.62959346,   -4.56331416,     -8.08104292], [  -10.31356334,   29.66450671,  -13.59046442,  -25.84788073,    -29.08869101,   41.00302195,   99.6022441 ,   39.37754103,     -5.17761425,   -8.78359515,   12.46786775,    6.34294813,     -8.94433267], [  102.44992894,    8.18184078,   -5.93415345,  -21.95633222,     -7.68457441,   14.65047722,   39.37754103,   74.99686981,     14.8737127 ,   -1.33798314,    0.49793972,    6.57884409,     -3.37451723], [   74.03862338,    5.92231693,  -22.20462063,   29.83643315,     19.06297802,  -12.41210489,   -5.17761425,   14.8737127 ,     77.54661394,   32.36643348,    6.24250772,   -5.86658029,      2.27306642], [   68.80221239,    2.59730937,    1.25572893,   15.16895808,     11.97691623,   -3.85586411,   -8.78359515,   -1.33798314,     32.36643348,   63.2332418 ,   21.56710504,    4.98381856,      2.48663205], [  -33.4587252 ,   17.50801841,   -0.25627914,   -0.40299551,     -8.0514247 ,    6.62959346,   12.46786775,    0.49793972,      6.24250772,   21.56710504,   53.4881751 ,   21.75501162,     -0.70891026], [  -15.95446421,    4.02696584,   10.26583946,    2.17327113,     -2.37724036,   -4.56331416,    6.34294813,    6.57884409,     -5.86658029,    4.98381856,   21.75501162,   53.47897665,     24.18330369], [  -16.77722508,    0.32505983,   12.23821115,   15.27347097,      3.50108169,   -8.08104292,   -8.94433267,   -3.37451723,      2.27306642,    2.48663205,   -0.70891026,   24.18330369,     57.50195672]]
/root/sim/music/out/エレファントカシマシ/WAKE_UP/11_いつもの顔で.mp3; [-536.35864   , 150.50824   , -19.657742  ,  16.262745  ,  18.264732  ,    4.0745215 ,  -2.961227  ,   1.2574219 ,  -2.4442577 ,   7.227372  ,   -4.3070674 ,  -3.8706205 ,   0.34806228]; [[11993.76678159,  233.52551607,  116.86249088,  -55.47234175,   -146.63871804,  177.4923593 ,   46.17003068,   38.80876066,    -97.40882674,  112.40318446,  158.46518332,   69.37547954,     33.48473997], [  233.52551607, 1549.73366391, -415.43576415,   38.38103938,    187.66060982,  -93.22322946,   63.07144968,    4.42966503,    -43.15556616,   53.55155303,  -51.03655976,  -45.09268697,      6.21842382], [  116.86249088, -415.43576415,  718.41458322,  -77.44363009,     54.62902394,  112.76397878,   -8.55405807,   96.41922813,     30.59248055,   15.75064728,    7.1546573 ,   30.38771247,     41.62010594], [  -55.47234175,   38.38103938,  -77.44363009,  371.89692775,      3.53390495,   43.78628687,  -57.78636643,  -75.32457519,     93.07038105,  -42.91705018,  -23.40616427,  -32.53181967,      6.08571404], [ -146.63871804,  187.66060982,   54.62902394,    3.53390495,    307.48091083,  -25.08501358,    2.4494889 ,   46.92811673,      4.44634884,   65.79400394,  -56.14011491,  -32.20804186,      6.9496823 ], [  177.4923593 ,  -93.22322946,  112.76397878,   43.78628687,    -25.08501358,  224.12495751,   22.58262339,    2.5315113 ,     78.03939332,  -41.69378602,   35.41500293,   -4.78012641,      4.77791626], [   46.17003068,   63.07144968,   -8.55405807,  -57.78636643,      2.4494889 ,   22.58262339,  189.3148262 ,   51.74838272,     -9.39550405,   31.81488051,   39.64634873,   25.26404292,    -12.18813643], [   38.80876066,    4.42966503,   96.41922813,  -75.32457519,     46.92811673,    2.5315113 ,   51.74838272,  159.84788375,     -7.09304152,   37.49509509,   15.67835716,   17.67406665,     13.6294128 ], [  -97.40882674,  -43.15556616,   30.59248055,   93.07038105,      4.44634884,   78.03939332,   -9.39550405,   -7.09304152,    173.09323047,  -22.94318993,   11.42683174,  -11.97355805,      0.43164652], [  112.40318446,   53.55155303,   15.75064728,  -42.91705018,     65.79400394,  -41.69378602,   31.81488051,   37.49509509,    -22.94318993,  145.40030534,   21.65415633,   25.38850331,     15.10598877], [  158.46518332,  -51.03655976,    7.1546573 ,  -23.40616427,    -56.14011491,   35.41500293,   39.64634873,   15.67835716,     11.42683174,   21.65415633,  133.2487941 ,   51.88339496,      8.12289932], [   69.37547954,  -45.09268697,   30.38771247,  -32.53181967,    -32.20804186,   -4.78012641,   25.26404292,   17.67406665,    -11.97355805,   25.38850331,   51.88339496,  105.08000448,     26.07195588], [   33.48473997,    6.21842382,   41.62010594,    6.08571404,      6.9496823 ,    4.77791626,  -12.18813643,   13.6294128 ,      0.43164652,   15.10598877,    8.12289932,   26.07195588,     96.46220815]]
/root/sim/music/out/エレファントカシマシ/WAKE_UP/08_i_am_hungry.mp3; [-478.11688  , 102.02117  , -12.416558 ,  21.897743 ,  18.16439  ,    8.726267 ,   2.5343971,   6.607483 ,   7.629669 ,   6.869242 ,   -0.9134704,   0.654166 ,   1.0122666]; [[13546.54854864, 1256.98229967, -325.16844451,  235.56426766,    200.17685397,  105.03408483,  -27.68698775,   92.89368162,    134.26039471,  106.09567907,  -13.96818158,   -1.01612337,      1.13849309], [ 1256.98229967,  602.93235392, -108.06998077,   63.1257095 ,     63.44974068,   13.47815598,   53.65550508,    6.66934055,      2.09690822,   36.60258429,   -9.32302947,   -3.38626638,     -6.6106379 ], [ -325.16844451, -108.06998077,  366.21692972,   45.29046192,      2.97110448,    7.96539866,  -11.75111136,   -2.47814515,    -37.03207419,  -31.14836087,    5.37096566,   17.52596852,     10.32343423], [  235.56426766,   63.1257095 ,   45.29046192,  199.1953711 ,     32.27281735,   -7.52235999,  -21.00081011,   -5.40479344,      7.04221022,  -11.42421318,  -10.88428568,   13.04023934,     21.68395002], [  200.17685397,   63.44974068,    2.97110448,   32.27281735,    145.10378003,   16.18151569,  -14.50248772,   -4.58876766,     19.76641098,   18.99187713,  -12.10738177,   -6.58656093,     19.59101256], [  105.03408483,   13.47815598,    7.96539866,   -7.52235999,     16.18151569,  110.86611781,   44.58963516,   21.735472  ,     -3.72851629,   -8.02019487,   11.50997914,   -0.47436543,     -7.07211599], [  -27.68698775,   53.65550508,  -11.75111136,  -21.00081011,    -14.50248772,   44.58963516,  119.83433289,   38.92381661,     -1.01867789,   -9.04365828,    8.77654909,    3.5981842 ,    -19.12454372], [   92.89368162,    6.66934055,   -2.47814515,   -5.40479344,     -4.58876766,   21.735472  ,   38.92381661,   78.54257711,     26.41264085,    4.38694074,    1.96743875,    6.50189529,      3.71346032], [  134.26039471,    2.09690822,  -37.03207419,    7.04221022,     19.76641098,   -3.72851629,   -1.01867789,   26.41264085,     89.62033021,   32.2371711 ,    7.57226421,    2.99927648,     12.17452515], [  106.09567907,   36.60258429,  -31.14836087,  -11.42421318,     18.99187713,   -8.02019487,   -9.04365828,    4.38694074,     32.2371711 ,   78.97970833,   21.91311986,    4.11972119,      1.01773389], [  -13.96818158,   -9.32302947,    5.37096566,  -10.88428568,    -12.10738177,   11.50997914,    8.77654909,    1.96743875,      7.57226421,   21.91311986,   64.95295862,   26.39583984,      1.67996141], [   -1.01612337,   -3.38626638,   17.52596852,   13.04023934,     -6.58656093,   -0.47436543,    3.5981842 ,    6.50189529,      2.99927648,    4.11972119,   26.39583984,   65.31450976,     23.25255942], [    1.13849309,   -6.6106379 ,   10.32343423,   21.68395002,     19.59101256,   -7.07211599,  -19.12454372,    3.71346032,     12.17452515,    1.01773389,    1.67996141,   23.25255942,     64.87144187]]
/root/sim/music/out/エレファントカシマシ/WAKE_UP/10_旅立ちの朝.mp3; [-550.2227   , 161.07753  , -13.33895  ,  22.591578 ,  16.883593 ,    7.0581317,   1.7357274,   7.966894 ,   0.9938375,   6.5108767,   -1.6176671,  -0.1583498,  -0.605457 ]; [[20356.41841836, 1057.97475001,-1014.63303133,  730.58926054,    172.16491056,  352.09112819,  279.91867212,  300.84647325,    360.98155284,  455.97158027,  242.9813676 ,  262.75738044,    227.77315471], [ 1057.97475001, 1593.27023615, -397.88534728,  203.80310019,    116.82064331,  -13.36418387,   76.45111794,  -12.2897301 ,     16.20444048,   25.52214601,    1.75130405,   -1.29393308,     -9.79362269], [-1014.63303133, -397.88534728,  720.94716993, -203.88647731,     13.30761519,   16.15193522,  -94.67038737,   25.32595642,   -110.39492823,  -68.68002075,  -33.70483298,  -16.77175329,    -17.35225626], [  730.58926054,  203.80310019, -203.88647731,  501.6710184 ,     11.36196977,  126.09755189,   26.16077563,  -32.26741119,    191.88536285,   26.01945941,   46.54408246,   15.21139837,     33.91113484], [  172.16491056,  116.82064331,   13.30761519,   11.36196977,    232.8571657 ,  -40.02181512,  -36.55491876,  -13.78243154,     14.2650671 ,   37.12264428,  -22.91045037,    3.65829581,      4.4243988 ], [  352.09112819,  -13.36418387,   16.15193522,  126.09755189,    -40.02181512,  198.15616417,   46.62269102,   13.04558018,     74.07941309,   11.9527629 ,   39.63195608,   12.67225838,      2.59526731], [  279.91867212,   76.45111794,  -94.67038737,   26.16077563,    -36.55491876,   46.62269102,  202.2764913 ,   39.31015976,     32.26670263,   30.62878115,   33.7158095 ,   39.37556993,     -0.07836872], [  300.84647325,  -12.2897301 ,   25.32595642,  -32.26741119,    -13.78243154,   13.04558018,   39.31015976,  113.44216769,    -13.8976355 ,   16.73521967,    4.24083371,   17.78773431,      8.25002488], [  360.98155284,   16.20444048, -110.39492823,  191.88536285,     14.2650671 ,   74.07941309,   32.26670263,  -13.8976355 ,    201.65712054,   40.86478242,   31.85366781,   17.1690307 ,     18.65995871], [  455.97158027,   25.52214601,  -68.68002075,   26.01945941,     37.12264428,   11.9527629 ,   30.62878115,   16.73521967,     40.86478242,  112.23867579,   19.74429768,   24.64333107,     -2.18954255], [  242.9813676 ,    1.75130405,  -33.70483298,   46.54408246,    -22.91045037,   39.63195608,   33.7158095 ,    4.24083371,     31.85366781,   19.74429768,   93.44492735,   24.99428214,     15.28922776], [  262.75738044,   -1.29393308,  -16.77175329,   15.21139837,      3.65829581,   12.67225838,   39.37556993,   17.78773431,     17.1690307 ,   24.64333107,   24.99428214,   81.72742653,     26.869443  ], [  227.77315471,   -9.79362269,  -17.35225626,   33.91113484,      4.4243988 ,    2.59526731,   -0.07836872,    8.25002488,     18.65995871,   -2.18954255,   15.28922776,   26.869443  ,     83.86117711]]
/root/sim/music/out/エレファントカシマシ/悪魔のささやき_～そして、心に火を灯す旅～/06_彼女は買い物の帰り道.mp3; [-535.5436   , 151.40625  , -16.42721  ,  17.195444 ,  11.80757  ,   -1.3588587,  -5.8612313,   2.57055  ,  -4.106697 ,  -1.2357341,   -2.8016436,  -2.7479725,  -3.4620533]; [[15806.93195021,-1303.32981982,  441.67685735,  399.77848005,    -62.46631542,  309.45682385,   21.33262226,  131.96728288,    115.17053237,  119.58132342,  154.99662368,  149.68175551,     70.07753109], [-1303.32981982, 2392.20561896, -587.76945351, -171.06692422,    100.39968558, -259.12807731,   25.6811169 ,    3.73647582,    -74.31076813,   -2.76474595,  -93.11039687,  -74.00697912,    -43.95282515], [  441.67685735, -587.76945351,  426.22304564,   35.76454972,      6.81426436,  114.27041324,   12.02926497,   21.53068115,     23.40597245,   26.56571286,   19.59678964,   17.77198441,     44.69800258], [  399.77848005, -171.06692422,   35.76454972,  373.41943981,     97.59761713,  122.61894928,  -32.72381499,   -6.35407174,     31.43227244,  -50.43260187,   28.74852748,   11.35625334,      9.01436712], [  -62.46631542,  100.39968558,    6.81426436,   97.59761713,    185.84848203,   36.27563736,   -6.43403102,  -15.14527551,      5.14539428,   -0.42456197,    1.58469757,   -5.86569731,      3.197438  ], [  309.45682385, -259.12807731,  114.27041324,  122.61894928,     36.27563736,  198.67302759,   38.03194066,   12.83318369,     23.80767805,  -23.51653079,   33.84457984,    9.45934478,    -12.05434928], [   21.33262226,   25.6811169 ,   12.02926497,  -32.72381499,     -6.43403102,   38.03194066,  158.29165043,   56.97335421,      9.42774785,   19.94279917,   10.77073468,   20.84203736,     -0.01330892], [  131.96728288,    3.73647582,   21.53068115,   -6.35407174,    -15.14527551,   12.83318369,   56.97335421,  105.19590782,     26.7402337 ,   -5.24470602,    5.99976264,   15.3352799 ,      8.36639397], [  115.17053237,  -74.31076813,   23.40597245,   31.43227244,      5.14539428,   23.80767805,    9.42774785,   26.7402337 ,     93.55261036,   16.28691605,   19.65016668,    8.96927039,     -1.70791034], [  119.58132342,   -2.76474595,   26.56571286,  -50.43260187,     -0.42456197,  -23.51653079,   19.94279917,   -5.24470602,     16.28691605,  116.52946964,   10.79850274,    5.07949282,      3.7173028 ], [  154.99662368,  -93.11039687,   19.59678964,   28.74852748,      1.58469757,   33.84457984,   10.77073468,    5.99976264,     19.65016668,   10.79850274,   80.67962394,   31.99611596,     -3.88081605], [  149.68175551,  -74.00697912,   17.77198441,   11.35625334,     -5.86569731,    9.45934478,   20.84203736,   15.3352799 ,      8.96927039,    5.07949282,   31.99611596,   77.59786634,     22.1627855 ], [   70.07753109,  -43.95282515,   44.69800258,    9.01436712,      3.197438  ,  -12.05434928,   -0.01330892,    8.36639397,     -1.70791034,    3.7173028 ,   -3.88081605,   22.1627855 ,     81.98988141]]
/root/sim/music/out/エレファントカシマシ/悪魔のささやき_～そして、心に火を灯す旅～/09_赤き空よ!.mp3; [-546.9844    , 132.8148    ,   0.85493904,  31.212322  ,  14.474697  ,    7.625825  ,   4.5674567 ,   3.2156177 ,  -4.8800154 ,   5.704122  ,   -1.216895  ,  -3.5495017 ,  -0.5348167 ]; [[17471.6194604 ,  967.39146965, -394.81542485,  338.67458936,     31.26487412,  154.50843601,  152.76230687,  165.39159088,    104.6686013 ,  228.16038971,    3.11357738,   24.16379366,     25.84827872], [  967.39146965, 1505.88601592, -264.30364327,   60.55766355,     92.06512115,  -68.39876132,  105.68339818,   60.67618214,    -72.70267204,   97.4641875 ,   31.44512377,    4.52427222,     39.41624396], [ -394.81542485, -264.30364327,  474.5666335 ,   45.3717537 ,     30.44268582,   89.96023762,   -2.65403766,   13.45169994,     37.78958615,  -58.2090825 ,   10.1136927 ,   20.16214395,     -2.73577504], [  338.67458936,   60.55766355,   45.3717537 ,  324.66069112,    125.57565653,   30.21203529,  -50.85832705,  -17.27898257,     59.8206286 ,  -19.92703942,  -10.01381827,    4.47654562,     43.00974217], [   31.26487412,   92.06512115,   30.44268582,  125.57565653,    218.9483497 ,   23.9967017 ,  -25.18448721,  -15.00696465,     17.19730131,   31.92798761,  -14.46883586,  -17.21940161,     31.18743273], [  154.50843601,  -68.39876132,   89.96023762,   30.21203529,     23.9967017 ,  176.36948331,   25.16167801,   -6.07370883,     46.04313078,  -25.18901989,   24.22905338,    9.85175162,    -14.19451318], [  152.76230687,  105.68339818,   -2.65403766,  -50.85832705,    -25.18448721,   25.16167801,  221.19305553,   98.82433799,    -19.63992443,   28.39682671,   -7.30981434,   11.61381141,    -20.65931482], [  165.39159088,   60.67618214,   13.45169994,  -17.27898257,    -15.00696465,   -6.07370883,   98.82433799,  155.27272056,      5.64487972,   22.56719575,   -1.03677497,    4.61904769,     -5.75527965], [  104.6686013 ,  -72.70267204,   37.78958615,   59.8206286 ,     17.19730131,   46.04313078,  -19.63992443,    5.64487972,    154.36959898,    3.16132835,   24.32482997,    6.00994295,    -13.09364726], [  228.16038971,   97.4641875 ,  -58.2090825 ,  -19.92703942,     31.92798761,  -25.18901989,   28.39682671,   22.56719575,      3.16132835,  149.795198  ,   19.10288937,   -5.5573766 ,     -3.99123415], [    3.11357738,   31.44512377,   10.1136927 ,  -10.01381827,    -14.46883586,   24.22905338,   -7.30981434,   -1.03677497,     24.32482997,   19.10288937,  117.33758733,   42.56897118,     -2.04594536], [   24.16379366,    4.52427222,   20.16214395,    4.47654562,    -17.21940161,    9.85175162,   11.61381141,    4.61904769,      6.00994295,   -5.5573766 ,   42.56897118,   98.34078061,     21.59336992], [   25.84827872,   39.41624396,   -2.73577504,   43.00974217,     31.18743273,  -14.19451318,  -20.65931482,   -5.75527965,    -13.09364726,   -3.99123415,   -2.04594536,   21.59336992,    106.18033212]]
/root/sim/music/out/エレファントカシマシ/悪魔のささやき_～そして、心に火を灯す旅～/08_いつか見た夢を.mp3; [-488.98956  , 118.978935 , -13.60413  ,  22.47846  ,  13.549477 ,    1.2963855,   5.0367923,   4.391864 ,   0.9068173,  -1.10894  ,   -4.7515893,  -3.4392352,  -1.7774397]; [[14411.03688219, 1562.50681639, -319.32853432,  288.06751043,    142.77904599,   32.79040612,   64.77527525,   75.59271335,     66.71237253,    1.28093435,  -40.94512598,  -63.52621851,    -49.51632926], [ 1562.50681639,  843.61374516, -256.68172464,    3.91465525,     33.75486803,  -50.20884401,   86.70143352,   13.72564219,    -10.87600439,   34.93280347,  -13.9966321 ,   15.42363819,      7.045149  ], [ -319.32853432, -256.68172464,  290.85671529,   51.55823554,     -4.65286113,   30.00132863,  -27.97637312,    5.10388586,     -7.13696829,  -29.98026092,    7.43659854,    6.89181176,     12.81847753], [  288.06751043,    3.91465525,   51.55823554,  202.71159534,     74.05107667,  -23.17434281,  -41.30054227,  -16.72493345,    -10.2527277 ,   -9.0059333 ,   -7.12297472,    1.43340999,     22.85714426], [  142.77904599,   33.75486803,   -4.65286113,   74.05107667,    166.26528675,    8.60765142,  -31.65241435,  -28.86903493,     -1.31557971,   16.72361317,   -4.5859485 ,  -13.13246384,     12.34394524], [   32.79040612,  -50.20884401,   30.00132863,  -23.17434281,      8.60765142,  113.03818013,   35.42366461,   10.07440657,      1.30160959,  -10.35707036,    5.20917536,  -10.63128352,    -16.06276534], [   64.77527525,   86.70143352,  -27.97637312,  -41.30054227,    -31.65241435,   35.42366461,  135.69227822,   62.26991721,      4.59460714,  -13.15548881,    3.07467885,    9.56820506,     -7.33548711], [   75.59271335,   13.72564219,    5.10388586,  -16.72493345,    -28.86903493,   10.07440657,   62.26991721,   97.80383281,     29.1514504 ,  -12.87852574,    1.6682506 ,    7.4324967 ,     -1.62551272], [   66.71237253,  -10.87600439,   -7.13696829,  -10.2527277 ,     -1.31557971,    1.30160959,    4.59460714,   29.1514504 ,     90.33063373,   36.99679026,    8.2433319 ,   -2.74306939,     -4.35752763], [    1.28093435,   34.93280347,  -29.98026092,   -9.0059333 ,     16.72361317,  -10.35707036,  -13.15548881,  -12.87852574,     36.99679026,  100.05835153,   27.47552782,    2.02921559,     -1.12187947], [  -40.94512598,  -13.9966321 ,    7.43659854,   -7.12297472,     -4.5859485 ,    5.20917536,    3.07467885,    1.6682506 ,      8.2433319 ,   27.47552782,   63.64546164,   25.93201402,     -1.23068069], [  -63.52621851,   15.42363819,    6.89181176,    1.43340999,    -13.13246384,  -10.63128352,    9.56820506,    7.4324967 ,     -2.74306939,    2.02921559,   25.93201402,   72.90201398,     27.89824924], [  -49.51632926,    7.045149  ,   12.81847753,   22.85714426,     12.34394524,  -16.06276534,   -7.33548711,   -1.62551272,     -4.35752763,   -1.12187947,   -1.23068069,   27.89824924,     66.78339879]]
/root/sim/music/out/エレファントカシマシ/悪魔のささやき_～そして、心に火を灯す旅～/05_旅.mp3; [-526.7586   , 119.14719  , -10.314024 ,  19.319956 ,  10.052678 ,   -0.5458633,  -0.7324641,   8.662546 ,  -0.1069813,  -2.9118822,   -3.7278852,  -3.355026 ,  -1.3801162]; [[23303.38667426, 1802.35029198,  -14.31082008,  211.45975398,    211.72467064,   74.60308801,   12.76013146,   87.50443833,     98.02850524,   95.53945326,  -74.17352853, -114.82521137,    -29.09364347], [ 1802.35029198, 1378.58890266, -443.25906119,   87.25322205,     65.92563037,  -17.08361686,  109.1705612 ,  101.19857823,     -6.66604937,  -13.88635752,   -8.26728773,   -2.3796392 ,      7.90185859], [  -14.31082008, -443.25906119,  641.95899433,   60.79491575,     37.87621922,   87.4142172 ,  -29.50570043,  -34.9073552 ,     12.6146143 ,  -10.73372298,  -16.30382122,   -2.33130421,     -4.52583641], [  211.45975398,   87.25322205,   60.79491575,  304.97722928,     92.84130638,   -6.6246673 ,  -26.91907195,   21.14119915,     29.08054798,    8.51956868,   -3.7574438 ,   18.98604823,     10.61019299], [  211.72467064,   65.92563037,   37.87621922,   92.84130638,    187.79906201,   31.94836702,  -16.82016954,    6.82313026,     22.27326053,   18.15736744,   -2.09494938,   -4.48232116,     10.19221888], [   74.60308801,  -17.08361686,   87.4142172 ,   -6.6246673 ,     31.94836702,  171.69486601,   71.64536208,    1.92838526,     22.18633534,    5.64890214,    5.78874658,   -7.69538044,    -14.33423051], [   12.76013146,  109.1705612 ,  -29.50570043,  -26.91907195,    -16.82016954,   71.64536208,  182.19872801,   60.99057254,     24.50444991,    7.52742084,   16.67892793,   11.3300018 ,     -3.08024148], [   87.50443833,  101.19857823,  -34.9073552 ,   21.14119915,      6.82313026,    1.92838526,   60.99057254,  131.27863492,     26.61099735,    8.19181497,   10.581749  ,    9.79003456,      4.94820256], [   98.02850524,   -6.66604937,   12.6146143 ,   29.08054798,     22.27326053,   22.18633534,   24.50444991,   26.61099735,    116.80821102,   47.2864109 ,   22.30772862,    5.11446491,    -10.12236804], [   95.53945326,  -13.88635752,  -10.73372298,    8.51956868,     18.15736744,    5.64890214,    7.52742084,    8.19181497,     47.2864109 ,  101.24646481,   36.00773497,   16.78637043,     -2.03815374], [  -74.17352853,   -8.26728773,  -16.30382122,   -3.7574438 ,     -2.09494938,    5.78874658,   16.67892793,   10.581749  ,     22.30772862,   36.00773497,   85.31573695,   28.28281866,     -0.2883427 ], [ -114.82521137,   -2.3796392 ,   -2.33130421,   18.98604823,     -4.48232116,   -7.69538044,   11.3300018 ,    9.79003456,      5.11446491,   16.78637043,   28.28281866,   80.93472928,     29.07340504], [  -29.09364347,    7.90185859,   -4.52583641,   10.61019299,     10.19221888,  -14.33423051,   -3.08024148,    4.94820256,    -10.12236804,   -2.03815374,   -0.2883427 ,   29.07340504,     77.94136   ]]
/root/sim/music/out/エレファントカシマシ/悪魔のささやき_～そして、心に火を灯す旅～/02_脱コミュニケーション.mp3; [-563.4076    , 134.0387    , -37.52724   ,  24.80666   ,  22.283195  ,   -9.350504  ,   7.0633492 ,   6.7660666 ,   0.02546706,   5.0498614 ,    3.6832924 ,  -8.266052  ,  -3.291091  ]; [[27873.19540621, -827.93312395, 2006.16930209,  -63.47918701,    804.72928976,  507.91622812,  509.76952981,  810.59069128,    508.2056764 ,  440.27263416,  270.62286546,  141.69192755,    397.26582013], [ -827.93312395, 2998.70143505,-1316.5351176 ,  344.94708275,     75.03245493, -349.73438121,   88.84322341, -123.03316232,   -148.66532881,  -67.52836244,  -57.63570522, -188.8496793 ,   -169.44153109], [ 2006.16930209,-1316.5351176 , 1405.02337132, -192.82856559,    182.06936438,  338.64878287,    1.25397855,  217.56289055,    103.48604782,   89.03927684,   48.02151768,  166.92106967,    146.74931744], [  -63.47918701,  344.94708275, -192.82856559,  429.81985047,      3.55567977,    5.23217742,   49.76975707,  -71.10668556,     48.42906607,   38.34502961,   54.49697557,    7.22793187,      8.65959837], [  804.72928976,   75.03245493,  182.06936438,    3.55567977,    308.70178053,   60.06841824,   51.64260323,  120.50428362,     24.82576498,   36.53037118,  -16.02208184,   42.07415701,     41.55861203], [  507.91622812, -349.73438121,  338.64878287,    5.23217742,     60.06841824,  231.56551703,   55.14707036,   93.11412019,     67.2148076 ,   25.06586667,   29.29740999,   67.65247181,     32.805077  ], [  509.76952981,   88.84322341,    1.25397855,   49.76975707,     51.64260323,   55.14707036,  191.78937196,   75.55236888,     49.82626016,   47.6602225 ,   28.53915559,    5.9565243 ,     18.10996028], [  810.59069128, -123.03316232,  217.56289055,  -71.10668556,    120.50428362,   93.11412019,   75.55236888,  233.91397862,     74.28367811,   29.18147325,    6.24653065,   52.70652178,     41.98695623], [  508.2056764 , -148.66532881,  103.48604782,   48.42906607,     24.82576498,   67.2148076 ,   49.82626016,   74.28367811,    154.78441151,   45.15801018,   50.10439934,   50.24203936,     36.6505348 ], [  440.27263416,  -67.52836244,   89.03927684,   38.34502961,     36.53037118,   25.06586667,   47.6602225 ,   29.18147325,     45.15801018,  145.34017426,   57.98984234,   38.64738918,     43.48394844], [  270.62286546,  -57.63570522,   48.02151768,   54.49697557,    -16.02208184,   29.29740999,   28.53915559,    6.24653065,     50.10439934,   57.98984234,  155.05910974,   52.20050471,     30.14834492], [  141.69192755, -188.8496793 ,  166.92106967,    7.22793187,     42.07415701,   67.65247181,    5.9565243 ,   52.70652178,     50.24203936,   38.64738918,   52.20050471,  152.46811804,     58.70242981], [  397.26582013, -169.44153109,  146.74931744,    8.65959837,     41.55861203,   32.805077  ,   18.10996028,   41.98695623,     36.6505348 ,   43.48394844,   30.14834492,   58.70242981,    112.6342594 ]]
/root/sim/music/out/エレファントカシマシ/悪魔のささやき_～そして、心に火を灯す旅～/03_明日への記憶.mp3; [-503.89557   , 127.39438   ,  -7.507689  ,  23.87309   ,  18.18774   ,   -1.1344807 ,  -1.6604873 ,   1.0959597 ,  -0.23724335,  -0.02614464,   -1.64344   ,  -5.140648  ,  -2.930308  ]; [[11122.6041476 ,  964.0155018 ,   96.37497548,  194.21434532,    294.66677419,   70.66156223,   38.72923662,   12.85289278,     17.64314223,   55.9145395 ,   53.26160476,  -30.83087504,    -51.38417829], [  964.0155018 ,  874.82810729, -237.68054272,   48.22145145,     13.26070658,  -52.38276814,   30.83939417,   31.18542653,     -7.6835289 ,   16.68675234,   -5.43335796,   -3.52179502,      8.5596021 ], [   96.37497548, -237.68054272,  296.66975874,   23.32048268,     37.59582355,   54.31390937,   -0.66464313,   -2.71587526,     25.4480968 ,    4.0021283 ,   10.04550259,   11.0721407 ,      9.1790089 ], [  194.21434532,   48.22145145,   23.32048268,  250.01146394,     63.15949505,   27.10192063,  -22.17875164,   10.72100462,     25.81092954,   -9.93573435,  -16.97510414,    0.27671298,      0.94539851], [  294.66677419,   13.26070658,   37.59582355,   63.15949505,    158.7927243 ,   22.25936113,   -4.74099147,   -9.28611442,     20.81722975,   15.92474517,   -0.05134742,   -6.56809251,      1.36558425], [   70.66156223,  -52.38276814,   54.31390937,   27.10192063,     22.25936113,  130.36575695,   36.63717419,   -3.19519028,     14.04270507,   11.40963093,    9.24024302,   -0.76707662,     -1.21131851], [   38.72923662,   30.83939417,   -0.66464313,  -22.17875164,     -4.74099147,   36.63717419,  123.2349747 ,   35.95955901,     10.47865465,    9.40582991,   14.96554865,   10.73915675,    -10.14307242], [   12.85289278,   31.18542653,   -2.71587526,   10.72100462,     -9.28611442,   -3.19519028,   35.95955901,   96.52760963,     21.29242863,    2.35502921,   -4.37846375,   -0.39694639,     -3.90898584], [   17.64314223,   -7.6835289 ,   25.4480968 ,   25.81092954,     20.81722975,   14.04270507,   10.47865465,   21.29242863,     91.16563508,   23.94471396,   -1.55272549,   -2.5697383 ,     -4.3022891 ], [   55.9145395 ,   16.68675234,    4.0021283 ,   -9.93573435,     15.92474517,   11.40963093,    9.40582991,    2.35502921,     23.94471396,   81.22351192,   18.95668261,    6.25378426,     -4.43528131], [   53.26160476,   -5.43335796,   10.04550259,  -16.97510414,     -0.05134742,    9.24024302,   14.96554865,   -4.37846375,     -1.55272549,   18.95668261,   74.23833216,   25.09686915,      8.57904296], [  -30.83087504,   -3.52179502,   11.0721407 ,    0.27671298,     -6.56809251,   -0.76707662,   10.73915675,   -0.39694639,     -2.5697383 ,    6.25378426,   25.09686915,   70.30816789,     22.34733183], [  -51.38417829,    8.5596021 ,    9.1790089 ,    0.94539851,      1.36558425,   -1.21131851,  -10.14307242,   -3.90898584,     -4.3022891 ,   -4.43528131,    8.57904296,   22.34733183,     63.26725027]]
/root/sim/music/out/エレファントカシマシ/悪魔のささやき_～そして、心に火を灯す旅～/12_朝.mp3; [-855.051     ,  81.23296   , -32.188004  ,  51.44197   , -13.765099  ,   -4.3058696 ,  12.005156  ,  -2.8583515 ,  -4.1218624 ,   2.6655953 ,   -0.45890355,   2.8395658 ,   0.8261625 ]; [[54519.05144242,10038.45443238,  142.7053629 ,  -34.37391314,   1405.95174669, 1576.65894266,-1125.96713678, 1355.80611718,   -270.65901032,  630.19110478,  313.80542788,  -89.22245667,    209.71670536], [10038.45443238, 4723.78601093,  326.75910506, -164.88736009,    398.75931766,  390.3593574 , -144.93339831,  309.16187129,     33.58767241,  233.84096197,   80.07271123,   15.91980112,     59.78232157], [  142.7053629 ,  326.75910506,  601.85475067, -393.10654328,    168.99283681,  126.92748843, -163.94235273,   37.33494111,     -3.77633005,   17.28432763,  -13.79260835,  -45.68620497,    -13.15859422], [  -34.37391314, -164.88736009, -393.10654328,  838.56129882,   -216.45012555, -158.48641852,  284.89890163,  -58.96650586,    -31.79892452,   53.60522777,   27.4917947 ,   45.96222611,     30.82425099], [ 1405.95174669,  398.75931766,  168.99283681, -216.45012555,    379.90932137,   70.42928242, -157.59105032,  134.1005224 ,    -62.97191912,   29.03588809,   37.01224493,  -21.80096011,      2.6347977 ], [ 1576.65894266,  390.3593574 ,  126.92748843, -158.48641852,     70.42928242,  246.96297331,  -92.87598043,   35.28468787,     52.53004568,   15.48294152,   19.75035644,   -2.20129919,      8.95029502], [-1125.96713678, -144.93339831, -163.94235273,  284.89890163,   -157.59105032,  -92.87598043,  270.37939347,  -74.5467264 ,      0.97633881,   61.56913421,   -9.81304102,   28.91039153,     21.25124171], [ 1355.80611718,  309.16187129,   37.33494111,  -58.96650586,    134.1005224 ,   35.28468787,  -74.5467264 ,  180.60189257,    -31.65158108,   -9.00423804,   59.47263187,  -22.01154399,      1.5029776 ], [ -270.65901032,   33.58767241,   -3.77633005,  -31.79892452,    -62.97191912,   52.53004568,    0.97633881,  -31.65158108,    129.4281064 ,  -24.58445829,  -17.36970866,   33.72106396,    -13.49246358], [  630.19110478,  233.84096197,   17.28432763,   53.60522777,     29.03588809,   15.48294152,   61.56913421,   -9.00423804,    -24.58445829,  130.4559596 ,   -3.89782357,   -9.01757897,     38.25281626], [  313.80542788,   80.07271123,  -13.79260835,   27.4917947 ,     37.01224493,   19.75035644,   -9.81304102,   59.47263187,    -17.36970866,   -3.89782357,   93.84520947,   -8.54539584,      2.22290105], [  -89.22245667,   15.91980112,  -45.68620497,   45.96222611,    -21.80096011,   -2.20129919,   28.91039153,  -22.01154399,     33.72106396,   -9.01757897,   -8.54539584,   73.7451178 ,     -3.35645722], [  209.71670536,   59.78232157,  -13.15859422,   30.82425099,      2.6347977 ,    8.95029502,   21.25124171,    1.5029776 ,    -13.49246358,   38.25281626,    2.22290105,   -3.35645722,     60.22844827]]
/root/sim/music/out/エレファントカシマシ/悪魔のささやき_～そして、心に火を灯す旅～/07_歩く男.mp3; [-519.07135  , 135.04529  , -16.214128 ,  24.889597 ,  16.141605 ,    2.3061814,   1.3544898,   4.5344577,   1.1237715,   1.2150614,   -6.3695474,  -4.7218995,  -3.9882421]; [[7365.67628049,-583.82620064, -33.04773689,-324.9116361 , -88.42329848,   132.67589584, -33.59396221, -34.71538961,  -9.74654342, 120.41979494,    17.63401532, -47.62542535, -46.02865772], [-583.82620064,1106.34346104,-393.13845775,  69.13252697,  28.02385371,  -121.09963852,  75.47918671,  18.48333929,  -5.21709277,  -0.60186591,   -16.14366507,  25.40901981,  46.2549061 ], [ -33.04773689,-393.13845775, 434.1069774 ,  20.81720665,  32.83074047,    52.78090988, -45.22010424,  11.38557627,   8.24024637, -28.33057983,    11.50808523,  14.01364985,   6.14071591], [-324.9116361 ,  69.13252697,  20.81720665, 298.84030081,  55.8278628 ,    14.13007889, -26.51825277,  -2.42054609,  13.21217949, -31.37131781,   -12.98609489,  12.3914699 ,  17.08655428], [ -88.42329848,  28.02385371,  32.83074047,  55.8278628 , 169.19169443,     5.81340877, -13.74522417,  -5.64785975,  15.56740889,   8.5597796 ,    -4.44209638,  -4.31628372,  14.97923097], [ 132.67589584,-121.09963852,  52.78090988,  14.13007889,   5.81340877,   134.2973858 ,  21.35030188,   1.28424288,  -2.24453988,  -8.95348446,     6.95219201,  -2.65198007, -14.69740193], [ -33.59396221,  75.47918671, -45.22010424, -26.51825277, -13.74522417,    21.35030188, 137.16563289,  38.45949838,  -1.21265823,  -1.8108941 ,    12.29850974,  14.33990238,  -3.06777275], [ -34.71538961,  18.48333929,  11.38557627,  -2.42054609,  -5.64785975,     1.28424288,  38.45949838,  98.32210538,   7.07139045,  -5.03266971,    -1.82157828,   0.85287757,   6.94167097], [  -9.74654342,  -5.21709277,   8.24024637,  13.21217949,  15.56740889,    -2.24453988,  -1.21265823,   7.07139045,  93.47749588,  29.84473799,     7.74749299,  -3.51173202,  -7.08830779], [ 120.41979494,  -0.60186591, -28.33057983, -31.37131781,   8.5597796 ,    -8.95348446,  -1.8108941 ,  -5.03266971,  29.84473799,  99.13846721,    22.14971777,  -4.21248874,  -6.34358672], [  17.63401532, -16.14366507,  11.50808523, -12.98609489,  -4.44209638,     6.95219201,  12.29850974,  -1.82157828,   7.74749299,  22.14971777,    67.83013434,  14.95389303,  -5.19921825], [ -47.62542535,  25.40901981,  14.01364985,  12.3914699 ,  -4.31628372,    -2.65198007,  14.33990238,   0.85287757,  -3.51173202,  -4.21248874,    14.95389303,  66.7890993 ,  21.60545372], [ -46.02865772,  46.2549061 ,   6.14071591,  17.08655428,  14.97923097,   -14.69740193,  -3.06777275,   6.94167097,  -7.08830779,  -6.34358672,    -5.19921825,  21.60545372,  67.5297233 ]]
