/root/sim/music/out/エレファントカシマシ/sweet_memory_～エレカシ青春セレクション～/03_今宵の月のように.mp3; [-546.09106  , 123.6498   ,   9.171989 ,  22.697422 ,   6.0580626,    3.6005867,   4.148854 ,   4.920542 ,  -2.786933 ,   8.568066 ,    2.726783 ,  -3.526464 ,  -1.0712926]; [[14772.00129029, -222.25394503, -293.88940967,   62.38138968,   -422.42603499, -115.22224972, -191.5072263 , -177.32612202,   -201.06082933,  -27.24192236, -225.47695412,  -28.71879198,    152.00991645], [ -222.25394503, 1224.69160066, -157.18950353,  -21.72064114,     -0.40280732,  -23.17590053,  112.04866695,   82.42096536,     30.36858407,   61.48907198,  100.49073684,    2.32936441,    -35.87289081], [ -293.88940967, -157.18950353,  331.51062841,   60.2702047 ,     75.87378285,   39.2917882 ,    1.2520273 ,   15.10137664,     -7.49755153,  -10.14090366,    5.32201641,    3.38216011,     13.29775871], [   62.38138968,  -21.72064114,   60.2702047 ,  271.33499205,    104.09977477,   27.82939956,  -31.78405514,  -28.11078781,     43.18719274,  -18.7394765 ,   -6.15506855,   23.34342149,     24.55042207], [ -422.42603499,   -0.40280732,   75.87378285,  104.09977477,    237.96301146,   32.1560817 ,  -32.91607669,  -13.87605631,     33.15498494,   17.81155373,    8.88505166,    7.48955199,      9.75998694], [ -115.22224972,  -23.17590053,   39.2917882 ,   27.82939956,     32.1560817 ,  154.06758133,   40.49750325,   28.13346473,     19.51038202,    4.72302902,   34.57954131,   18.00461592,    -16.25946055], [ -191.5072263 ,  112.04866695,    1.2520273 ,  -31.78405514,    -32.91607669,   40.49750325,  164.48295684,   69.22612798,     19.84905823,   16.85900555,   36.71760932,   25.79240053,    -23.40820694], [ -177.32612202,   82.42096536,   15.10137664,  -28.11078781,    -13.87605631,   28.13346473,   69.22612798,  124.33843264,     24.491232  ,   25.42941586,   26.9762437 ,    9.6143133 ,     -6.30021852], [ -201.06082933,   30.36858407,   -7.49755153,   43.18719274,     33.15498494,   19.51038202,   19.84905823,   24.491232  ,    121.51425158,   26.71746321,   20.77083072,   11.64074677,      0.4219171 ], [  -27.24192236,   61.48907198,  -10.14090366,  -18.7394765 ,     17.81155373,    4.72302902,   16.85900555,   25.42941586,     26.71746321,  100.79144174,   41.71994379,   15.69992259,     -3.58142717], [ -225.47695412,  100.49073684,    5.32201641,   -6.15506855,      8.88505166,   34.57954131,   36.71760932,   26.9762437 ,     20.77083072,   41.71994379,   99.32560197,   33.08352404,     -8.27165105], [  -28.71879198,    2.32936441,    3.38216011,   23.34342149,      7.48955199,   18.00461592,   25.79240053,    9.6143133 ,     11.64074677,   15.69992259,   33.08352404,   72.77596643,     12.69101882], [  152.00991645,  -35.87289081,   13.29775871,   24.55042207,      9.75998694,  -16.25946055,  -23.40820694,   -6.30021852,      0.4219171 ,   -3.58142717,   -8.27165105,   12.69101882,     76.56947268]]
/root/sim/music/out/エレファントカシマシ/sweet_memory_～エレカシ青春セレクション～/01_悲しみの果て.mp3; [-540.87823   , 121.87281   ,  -1.5326008 ,  23.785044  ,   0.73554856,   -1.4370048 ,  -1.7362734 ,   8.262603  ,  -6.4947953 ,  -1.1332438 ,   -7.8634233 ,  -5.4490314 ,  -5.4254155 ]; [[27443.09688333,  656.00158177,-1609.38723279,  -91.01452191,   -677.19573647, -160.71617707,   18.46984102,  478.34921389,      1.72116977,  275.3673729 ,   18.31893363,   95.39593294,    -91.56046439], [  656.00158177, 1583.30823639,   85.10338069,  300.17620908,     68.08689153,   80.69565265,   47.62886975,  -32.4377993 ,     44.87955472,  -72.23847188,  -44.98063066,  -33.82218946,    -12.46897944], [-1609.38723279,   85.10338069,  674.07919578,  191.94807801,    117.57054537,   69.9860747 ,   26.35411283,  -12.68288944,     37.28876636,  -35.24294934,    0.4583653 ,   19.87166509,    -12.58150947], [  -91.01452191,  300.17620908,  191.94807801,  472.52832133,     96.27500019,  102.33081898,  -36.43708641,  -24.31196637,    111.14860099,  -48.04046286,   -9.77127334,   45.960068  ,    -12.62660866], [ -677.19573647,   68.08689153,  117.57054537,   96.27500019,    196.91513315,   43.89800295,  -21.55081792,  -32.42631307,     21.09349917,    1.0637164 ,   -3.76856929,    1.33878017,     13.09620197], [ -160.71617707,   80.69565265,   69.9860747 ,  102.33081898,     43.89800295,  150.53375873,   23.44764266,    0.32479339,     35.35938631,   13.30854772,   19.9839519 ,   15.79605195,     -6.18592311], [   18.46984102,   47.62886975,   26.35411283,  -36.43708641,    -21.55081792,   23.44764266,  162.39091229,   59.94002177,      4.98602256,   27.74783594,    9.20071411,    9.02754974,     -4.70652179], [  478.34921389,  -32.4377993 ,  -12.68288944,  -24.31196637,    -32.42631307,    0.32479339,   59.94002177,   96.12352822,      6.80676275,   26.84638564,   -0.22269897,    8.12396244,      2.79500631], [    1.72116977,   44.87955472,   37.28876636,  111.14860099,     21.09349917,   35.35938631,    4.98602256,    6.80676275,    128.05842413,    8.16906716,   22.18452885,   18.12975934,      0.75299511], [  275.3673729 ,  -72.23847188,  -35.24294934,  -48.04046286,      1.0637164 ,   13.30854772,   27.74783594,   26.84638564,      8.16906716,   92.57166153,   28.00410569,    9.58382284,      7.06243099], [   18.31893363,  -44.98063066,    0.4583653 ,   -9.77127334,     -3.76856929,   19.9839519 ,    9.20071411,   -0.22269897,     22.18452885,   28.00410569,   68.86388183,   23.96077436,     10.93933574], [   95.39593294,  -33.82218946,   19.87166509,   45.960068  ,      1.33878017,   15.79605195,    9.02754974,    8.12396244,     18.12975934,    9.58382284,   23.96077436,   65.59821253,     17.05430269], [  -91.56046439,  -12.46897944,  -12.58150947,  -12.62660866,     13.09620197,   -6.18592311,   -4.70652179,    2.79500631,      0.75299511,    7.06243099,   10.93933574,   17.05430269,     63.47206372]]
/root/sim/music/out/エレファントカシマシ/sweet_memory_～エレカシ青春セレクション～/09_月夜の散歩.mp3; [-740.762    , 173.098    ,   8.304795 ,  -8.807802 ,  -5.03701  ,  -21.291035 , -14.202975 ,  -9.493816 , -24.51687  , -12.3474245,   -9.666111 ,  -9.774799 ,  -3.7806404]; [[17357.36440176,  853.70577202, -468.78498783, -407.43995664,   -285.17889622, -884.68875743, -374.42093182,   99.97902554,   -783.69276941, -421.00466504, -392.14999143, -531.20791387,   -182.58806769], [  853.70577202, 2134.40826785, -186.78045902, -257.81587216,    -32.41832757,  -37.19357062,   63.56018584,  -78.48156658,    -74.11644236,   16.34653436,   55.61259971,  -11.13656508,     -2.04883647], [ -468.78498783, -186.78045902,  617.43606569,   14.25229587,    -51.53316702,   39.59083999,  -14.19485404,   51.79458038,     -3.72449404,   -4.57906972,  -39.8587692 ,  -20.85987612,     27.15523949], [ -407.43995664, -257.81587216,   14.25229587,  522.49832027,    130.7401769 ,   42.68272157, -145.5175541 ,  -22.41129536,     73.961233  ,  -78.39301564,  -66.66960724,   33.28758566,      6.60152059], [ -285.17889622,  -32.41832757,  -51.53316702,  130.7401769 ,    341.07276927,  112.58662704,  -92.61349484,  -82.75656643,     73.74433069,   -6.53253057,    5.14224061,   37.65420254,    -28.34517193], [ -884.68875743,  -37.19357062,   39.59083999,   42.68272157,    112.58662704,  330.26989152,   28.3768561 ,  -78.01723276,     60.11671805,    1.44623398,   60.9221847 ,   90.8944207 ,    -17.47082723], [ -374.42093182,   63.56018584,  -14.19485404, -145.5175541 ,    -92.61349484,   28.3768561 ,  263.81366359,   58.29256916,    -20.53537023,   23.05652138,   58.84977138,   20.51658503,     23.08202573], [   99.97902554,  -78.48156658,   51.79458038,  -22.41129536,    -82.75656643,  -78.01723276,   58.29256916,  206.4187894 ,    -32.8581331 ,  -17.56388998,  -36.66027064,  -26.20811423,     32.38150717], [ -783.69276941,  -74.11644236,   -3.72449404,   73.961233  ,     73.74433069,   60.11671805,  -20.53537023,  -32.8581331 ,    228.53178943,   12.25888435,    8.52829437,   28.55370138,     18.53117318], [ -421.00466504,   16.34653436,   -4.57906972,  -78.39301564,     -6.53253057,    1.44623398,   23.05652138,  -17.56388998,     12.25888435,  177.42529214,   41.48567554,  -39.66401707,     -7.1040506 ], [ -392.14999143,   55.61259971,  -39.8587692 ,  -66.66960724,      5.14224061,   60.9221847 ,   58.84977138,  -36.66027064,      8.52829437,   41.48567554,  169.44024791,   37.62150633,    -21.89604659], [ -531.20791387,  -11.13656508,  -20.85987612,   33.28758566,     37.65420254,   90.8944207 ,   20.51658503,  -26.20811423,     28.55370138,  -39.66401707,   37.62150633,  170.01826971,     17.93277777], [ -182.58806769,   -2.04883647,   27.15523949,    6.60152059,    -28.34517193,  -17.47082723,   23.08202573,   32.38150717,     18.53117318,   -7.1040506 ,  -21.89604659,   17.93277777,    140.3468583 ]]
/root/sim/music/out/エレファントカシマシ/昇れる太陽/07_It's_my_life.mp3; [-545.71136  , 100.85391  , -18.581264 ,  25.486982 ,  10.414464 ,    9.194019 ,  -2.7962456,   3.531703 ,  -3.7784345,   3.8843083,   -4.638037 ,  -2.1525834,  -5.0137815]; [[14111.15048578,  406.77445007,  393.57127976,  378.5322598 ,    524.02409455,  647.77909541,   32.22167652,  289.46982107,    316.21399881,  177.26585028,   46.61909606, -187.76866134,    -69.03069162], [  406.77445007, 1280.89326223, -329.56294052,   19.45733175,     16.9136988 ,    7.28856596,   89.70448394,   91.38110148,    -24.29517714,   42.08803069,   -3.94418699,    3.46760694,    -16.93233932], [  393.57127976, -329.56294052,  705.38338144,  186.63520898,     73.10114415,  169.84952841,   40.10549223,   29.41233085,     50.72758688,  -30.66686466,   32.96460402,   -1.75387933,      2.35419287], [  378.5322598 ,   19.45733175,  186.63520898,  347.88916227,    143.9848509 ,   88.54435752,   10.76934104,   11.48689505,     56.90570327,   -7.14815091,   11.92499579,   -2.87705069,      6.86023376], [  524.02409455,   16.9136988 ,   73.10114415,  143.9848509 ,    277.80939938,  126.11460756,    5.15276086,   26.24796188,     87.87066791,   41.97422538,   21.563411  ,  -18.7009078 ,      2.2016468 ], [  647.77909541,    7.28856596,  169.84952841,   88.54435752,    126.11460756,  264.23431159,   77.12998857,   60.40505411,     78.05452374,   16.55145256,   29.67511088,  -17.00566959,     -7.22546324], [   32.22167652,   89.70448394,   40.10549223,   10.76934104,      5.15276086,   77.12998857,  183.04479313,   76.70616906,      4.33195126,    6.73730179,   22.01382834,   15.16835836,     -2.37325313], [  289.46982107,   91.38110148,   29.41233085,   11.48689505,     26.24796188,   60.40505411,   76.70616906,  147.78328152,     36.11778116,   18.23862355,   24.40090383,   -3.23577131,      3.82015902], [  316.21399881,  -24.29517714,   50.72758688,   56.90570327,     87.87066791,   78.05452374,    4.33195126,   36.11778116,    163.33582773,   47.13279983,   17.96917158,  -16.79783795,      0.70744183], [  177.26585028,   42.08803069,  -30.66686466,   -7.14815091,     41.97422538,   16.55145256,    6.73730179,   18.23862355,     47.13279983,  113.76214646,   26.35820104,   -2.26968564,      3.97756046], [   46.61909606,   -3.94418699,   32.96460402,   11.92499579,     21.563411  ,   29.67511088,   22.01382834,   24.40090383,     17.96917158,   26.35820104,   97.34886724,   23.71307216,      0.04194455], [ -187.76866134,    3.46760694,   -1.75387933,   -2.87705069,    -18.7009078 ,  -17.00566959,   15.16835836,   -3.23577131,    -16.79783795,   -2.26968564,   23.71307216,   83.18847836,     24.34974527], [  -69.03069162,  -16.93233932,    2.35419287,    6.86023376,      2.2016468 ,   -7.22546324,   -2.37325313,    3.82015902,      0.70744183,    3.97756046,    0.04194455,   24.34974527,     74.20186457]]
/root/sim/music/out/エレファントカシマシ/昇れる太陽/05_あの風のように.mp3; [-497.5955    , 116.61131   , -15.058603  ,  20.405413  ,  18.206022  ,    0.2503901 ,  -5.4153337 ,   0.86262256,  -3.6910727 ,  -2.7219872 ,   -3.4488986 ,  -8.282064  ,  -5.917189  ]; [[12623.35528315, 1020.51004505,  -78.23396198,   33.43755961,    176.98200674,   98.87653193,  -14.02654915,   88.41408065,     10.04854528,  -47.06049991,  -62.2709325 , -128.6805789 ,    -91.23287678], [ 1020.51004505,  801.06270282, -316.26269268,   41.77221496,     65.89151825,  -78.85189952,   20.02492371,    9.21401577,    -36.98123274,   21.28486593,    1.77639721,  -27.89403962,     10.37962134], [  -78.23396198, -316.26269268,  352.42641799,   13.88657497,      7.38893074,  124.35299236,   57.88220324,   40.77536658,     48.03256882,    0.27418588,   41.40819995,   56.71328739,     11.90114659], [   33.43755961,   41.77221496,   13.88657497,  197.38012326,     71.63560929,    1.97357566,  -38.46882635,  -15.41297365,      4.97965103,   -4.38760373,   -5.81834817,   10.5760677 ,     25.24224264], [  176.98200674,   65.89151825,    7.38893074,   71.63560929,    187.15917085,   47.044336  ,  -21.88833688,  -19.37216524,     23.31863901,   30.1797571 ,    7.16461013,    2.77220915,     30.08634996], [   98.87653193,  -78.85189952,  124.35299236,    1.97357566,     47.044336  ,  166.90524643,   70.72731478,   32.49974667,     35.04013714,   15.55730181,   42.32131662,   32.12667857,      2.94065998], [  -14.02654915,   20.02492371,   57.88220324,  -38.46882635,    -21.88833688,   70.72731478,  160.47037105,   78.34787446,     17.97801229,   14.93444609,   41.43462437,   37.63325029,     -0.69061701], [   88.41408065,    9.21401577,   40.77536658,  -15.41297365,    -19.37216524,   32.49974667,   78.34787446,  115.66524421,     34.22892438,   10.92494352,   19.30698164,   12.64609254,     -6.11255475], [   10.04854528,  -36.98123274,   48.03256882,    4.97965103,     23.31863901,   35.04013714,   17.97801229,   34.22892438,    106.19626914,   43.4682126 ,   22.22844739,   -1.58390349,    -11.94852124], [  -47.06049991,   21.28486593,    0.27418588,   -4.38760373,     30.1797571 ,   15.55730181,   14.93444609,   10.92494352,     43.4682126 ,  102.62169674,   27.16731829,   -0.52417625,      4.47845283], [  -62.2709325 ,    1.77639721,   41.40819995,   -5.81834817,      7.16461013,   42.32131662,   41.43462437,   19.30698164,     22.22844739,   27.16731829,   80.69286533,   36.39893058,     -0.04227991], [ -128.6805789 ,  -27.89403962,   56.71328739,   10.5760677 ,      2.77220915,   32.12667857,   37.63325029,   12.64609254,     -1.58390349,   -0.52417625,   36.39893058,   85.0269358 ,     29.45996794], [  -91.23287678,   10.37962134,   11.90114659,   25.24224264,     30.08634996,    2.94065998,   -0.69061701,   -6.11255475,    -11.94852124,    4.47845283,   -0.04227991,   29.45996794,     87.91538555]]
/root/sim/music/out/エレファントカシマシ/昇れる太陽/09_ネヴァーエンディングストーリー.mp3; [-542.05194  , 145.42667  ,  -9.604506 ,  26.95158  ,   5.907631 ,  -12.032425 , -11.06035  ,  -1.6929197, -14.217558 ,  -1.8349547,   -7.15006  , -10.530491 ,  -3.443943 ]; [[15987.23371758,-1158.31504964,  -96.88677712,  318.35506426,   -163.38040601,  659.49807921,  159.70139312,   82.12436662,    409.39089209,   96.3529257 ,  136.33188324,  319.76129214,    -61.58234236], [-1158.31504964, 1951.70935248, -402.39300491,  -14.93596515,    102.85576925, -376.63700891,   -8.39937835,   22.40832848,   -248.5916512 ,   12.88568209,  -15.86888567, -137.54424436,     32.82869162], [  -96.88677712, -402.39300491,  558.33563953,   26.55810884,    -39.64456743,  108.33780269,   -8.82448818,    0.96009681,     88.6201815 ,  -51.52158376,   21.55521005,   46.77402201,    -11.12644503], [  318.35506426,  -14.93596515,   26.55810884,  270.14588795,     54.10225277,   38.69075231,  -40.5757814 ,  -10.53480289,     60.78704711,  -36.1342854 ,    2.02264379,    3.31895337,     19.07386748], [ -163.38040601,  102.85576925,  -39.64456743,   54.10225277,    178.23920672,  -21.4539822 ,  -33.82844886,  -22.58997073,     -0.40001026,   24.72048374,  -13.12516198,  -31.6428175 ,     15.95594536], [  659.49807921, -376.63700891,  108.33780269,   38.69075231,    -21.4539822 ,  294.50212199,   37.36104151,  -16.52249014,    146.40736495,  -66.30879286,   41.5254893 ,   72.15431729,    -59.57195956], [  159.70139312,   -8.39937835,   -8.82448818,  -40.5757814 ,    -33.82844886,   37.36104151,  179.93623292,   41.01583242,     12.80862213,    8.56596462,   45.65296874,   56.92406722,    -29.42478355], [   82.12436662,   22.40832848,    0.96009681,  -10.53480289,    -22.58997073,  -16.52249014,   41.01583242,  108.39503884,    -10.25047162,   15.55875218,    4.660352  ,   -1.52523483,     26.54179723], [  409.39089209, -248.5916512 ,   88.6201815 ,   60.78704711,     -0.40001026,  146.40736495,   12.80862213,  -10.25047162,    203.7430104 ,  -38.54433288,   36.80648557,   69.78992256,    -38.13331012], [   96.3529257 ,   12.88568209,  -51.52158376,  -36.1342854 ,     24.72048374,  -66.30879286,    8.56596462,   15.55875218,    -38.54433288,  148.43269632,    2.68262835,  -25.85521215,     46.75596835], [  136.33188324,  -15.86888567,   21.55521005,    2.02264379,    -13.12516198,   41.5254893 ,   45.65296874,    4.660352  ,     36.80648557,    2.68262835,  108.97239717,   53.3155937 ,    -26.25437471], [  319.76129214, -137.54424436,   46.77402201,    3.31895337,    -31.6428175 ,   72.15431729,   56.92406722,   -1.52523483,     69.78992256,  -25.85521215,   53.3155937 ,  138.85660331,    -25.13047591], [  -61.58234236,   32.82869162,  -11.12644503,   19.07386748,     15.95594536,  -59.57195956,  -29.42478355,   26.54179723,    -38.13331012,   46.75596835,  -26.25437471,  -25.13047591,    128.07058507]]
/root/sim/music/out/エレファントカシマシ/昇れる太陽/03_絆.mp3; [-562.4895   , 133.90947  ,  -7.106634 ,   7.6211543,   9.962707 ,   -7.0331607,  -2.899236 ,   5.7202935,  -7.164034 ,   4.4663744,   -3.7269986,  -2.8581963,   1.1956372]; [[13806.92791269, -466.54797885, -755.63594691,  -34.95876303,    282.16761841,  116.86474902,   68.96543963,  277.52853788,     49.49381499,  190.10132762,  161.28085909,   63.87065463,   -111.59530304], [ -466.54797885, 1275.8596997 , -151.57667202,   13.40806751,    -66.94782684, -103.60164725,   76.4798743 ,  -19.21783698,    -28.5155053 ,   -5.46283396,  -12.36218368,   18.63831437,     29.39530592], [ -755.63594691, -151.57667202,  552.53669558,   13.67667691,    -34.16635337,   34.21263703,  -39.17431131,   11.3110812 ,    -17.65704473,  -49.80310785,  -14.58315407,  -16.60008224,     38.41839874], [  -34.95876303,   13.40806751,   13.67667691,  448.55402527,     75.59684066,  111.73808753,  -37.87299234,  -10.51116604,    112.0241355 ,  -68.89032562,   29.48919219,   12.07453634,     49.49635768], [  282.16761841,  -66.94782684,  -34.16635337,   75.59684066,    238.48381057,   44.35428138,  -30.76739579,  -21.4622341 ,     20.38834467,   37.66454833,   -8.30193177,  -19.5202568 ,      5.32645097], [  116.86474902, -103.60164725,   34.21263703,  111.73808753,     44.35428138,  203.89314544,    4.70155938,   -4.66119143,     65.1217698 ,  -24.3030777 ,   40.16530794,   17.59476878,     -3.07828854], [   68.96543963,   76.4798743 ,  -39.17431131,  -37.87299234,    -30.76739579,    4.70155938,  207.47270899,   62.90518853,     -5.47228354,   -5.33694491,   26.08255358,   49.13806667,    -23.03900101], [  277.52853788,  -19.21783698,   11.3110812 ,  -10.51116604,    -21.4622341 ,   -4.66119143,   62.90518853,  136.30882005,     -6.0258114 ,   -9.35683537,    4.05438007,   15.20148584,      5.95312491], [   49.49381499,  -28.5155053 ,  -17.65704473,  112.0241355 ,     20.38834467,   65.1217698 ,   -5.47228354,   -6.0258114 ,    157.61991986,  -13.6942989 ,   30.49561495,   10.63228604,     -2.08052906], [  190.10132762,   -5.46283396,  -49.80310785,  -68.89032562,     37.66454833,  -24.3030777 ,   -5.33694491,   -9.35683537,    -13.6942989 ,  141.20225314,   15.17771822,   -5.42841926,     -9.90559334], [  161.28085909,  -12.36218368,  -14.58315407,   29.48919219,     -8.30193177,   40.16530794,   26.08255358,    4.05438007,     30.49561495,   15.17771822,  110.84421999,   43.41662865,    -12.86321975], [   63.87065463,   18.63831437,  -16.60008224,   12.07453634,    -19.5202568 ,   17.59476878,   49.13806667,   15.20148584,     10.63228604,   -5.42841926,   43.41662865,   92.12464423,      1.04844069], [ -111.59530304,   29.39530592,   38.41839874,   49.49635768,      5.32645097,   -3.07828854,  -23.03900101,    5.95312491,     -2.08052906,   -9.90559334,  -12.86321975,    1.04844069,     99.25091559]]
/root/sim/music/out/エレファントカシマシ/昇れる太陽/04_ハナウタ_～遠い昔からの物語～.mp3; [-540.5961   , 139.1349   , -10.942161 ,  18.857796 ,  18.074987 ,    4.9385147,  -4.4110866,   3.3213131,  -3.2860148,   6.9435506,   -0.719711 ,  -2.9725435,  -1.511361 ]; [[15089.69074701,  160.85718699,  244.22257468,   86.7339176 ,   -273.29743473, -138.63238564,  -16.59181813,   67.46264696,   -120.78278258,  192.89646397,  -22.0584025 ,   -1.0157567 ,    122.88333816], [  160.85718699, 1658.3877788 , -464.82208385,   13.22539793,    198.65682785,   -2.80716054,   44.65931802,   46.29338511,     -7.95958704,   40.91854746,   23.2886125 ,   -5.11692606,    -38.85075655], [  244.22257468, -464.82208385,  414.73271782,   18.75103679,    -36.76023675,   23.43198875,   -5.92363945,    1.99636964,    -14.77046182,  -12.06301175,  -12.13491443,   -5.82570819,     22.11244566], [   86.7339176 ,   13.22539793,   18.75103679,  230.39439302,     69.10910058,   33.00541325,  -43.19759403,  -30.46264264,      5.99334715,  -34.55671168,    1.13047004,   -0.93489019,      5.13197717], [ -273.29743473,  198.65682785,  -36.76023675,   69.10910058,    216.32039866,   40.16171859,  -45.87267259,  -29.45227867,     18.16899773,    7.75474588,   -2.34843629,   -9.01058517,    -10.45177   ], [ -138.63238564,   -2.80716054,   23.43198875,   33.00541325,     40.16171859,  145.65666971,    0.88052201,   -6.39625578,     17.34329404,  -26.06278113,   19.84636877,    6.02941902,    -22.28641659], [  -16.59181813,   44.65931802,   -5.92363945,  -43.19759403,    -45.87267259,    0.88052201,  156.89301825,   40.5688571 ,      1.51271975,   15.02401627,   14.06039239,   19.26529841,    -12.83303402], [   67.46264696,   46.29338511,    1.99636964,  -30.46264264,    -29.45227867,   -6.39625578,   40.5688571 ,   99.61543364,     -4.73586205,   15.65088039,   -2.2154835 ,   -1.68773583,      6.40217174], [ -120.78278258,   -7.95958704,  -14.77046182,    5.99334715,     18.16899773,   17.34329404,    1.51271975,   -4.73586205,    110.64908511,    5.20438443,   15.21879874,    6.14274506,    -25.67786584], [  192.89646397,   40.91854746,  -12.06301175,  -34.55671168,      7.75474588,  -26.06278113,   15.02401627,   15.65088039,      5.20438443,  125.15438771,    4.81241094,   -1.41470058,      8.4517616 ], [  -22.0584025 ,   23.2886125 ,  -12.13491443,    1.13047004,     -2.34843629,   19.84636877,   14.06039239,   -2.2154835 ,     15.21879874,    4.81241094,   84.10019773,   22.1016592 ,    -13.82168667], [   -1.0157567 ,   -5.11692606,   -5.82570819,   -0.93489019,     -9.01058517,    6.02941902,   19.26529841,   -1.68773583,      6.14274506,   -1.41470058,   22.1016592 ,   70.30871096,      6.56275194], [  122.88333816,  -38.85075655,   22.11244566,    5.13197717,    -10.45177   ,  -22.28641659,  -12.83303402,    6.40217174,    -25.67786584,    8.4517616 ,  -13.82168667,    6.56275194,     87.08191419]]
/root/sim/music/out/エレファントカシマシ/昇れる太陽/01_Sky_is_blue.mp3; [-479.3485    ,  95.20346   ,  -6.2835574 ,  19.732967  ,  13.161382  ,    6.4025173 ,   2.1720247 ,   5.9541535 ,   7.660575  ,   4.8461223 ,    3.5961225 ,  -0.12915386,   0.66630745]; [[11008.96704937, -173.45625097,  868.03054917,  -21.53422957,    -26.15253953,  229.37886657,  185.54738885,   79.43507439,    197.00703005,  159.02927564,   68.538049  ,  -12.91006843,    -13.91978404], [ -173.45625097, 1158.04233999, -592.55419594,   67.96337456,    125.6816126 ,  -85.20699019,   -8.06959528,   34.73313962,    -22.61173094,   -7.25980023,  -17.52426702,   -7.30871037,     -1.2460432 ], [  868.03054917, -592.55419594,  791.81174768,   54.16559737,     13.5138776 ,  179.32322135,  123.01645785,   32.7650928 ,     72.10771264,   34.22898008,   49.50708378,   35.96466545,     22.75191498], [  -21.53422957,   67.96337456,   54.16559737,  239.63023566,     80.4970793 ,   37.64279086,    5.67301026,    9.66566485,      9.78080604,    8.00488818,    2.73201811,   19.88101042,     13.84738297], [  -26.15253953,  125.6816126 ,   13.5138776 ,   80.4970793 ,    188.10940584,   67.75642616,   17.90588144,   24.92760956,     40.24939102,   21.09902397,   11.18649997,    1.50565298,      1.40930123], [  229.37886657,  -85.20699019,  179.32322135,   37.64279086,     67.75642616,  166.12747245,   75.09451024,   33.9628261 ,     33.4959481 ,   10.93054488,   17.03461623,    2.85064581,     -4.12071237], [  185.54738885,   -8.06959528,  123.01645785,    5.67301026,     17.90588144,   75.09451024,  154.52679646,   60.54097438,     23.27268354,    6.61365875,   11.41699136,   10.79023891,     -6.53573066], [   79.43507439,   34.73313962,   32.7650928 ,    9.66566485,     24.92760956,   33.9628261 ,   60.54097438,  104.73662406,     42.85772094,    9.66854889,   11.17822902,   -0.47539976,     -0.75962205], [  197.00703005,  -22.61173094,   72.10771264,    9.78080604,     40.24939102,   33.4959481 ,   23.27268354,   42.85772094,    112.5409665 ,   48.58024335,   11.44685806,   -4.83791791,     -8.93452754], [  159.02927564,   -7.25980023,   34.22898008,    8.00488818,     21.09902397,   10.93054488,    6.61365875,    9.66854889,     48.58024335,   94.82071348,   35.43992477,    4.24538423,     -0.83370068], [   68.538049  ,  -17.52426702,   49.50708378,    2.73201811,     11.18649997,   17.03461623,   11.41699136,   11.17822902,     11.44685806,   35.43992477,   80.16486161,   32.64148348,      7.97550737], [  -12.91006843,   -7.30871037,   35.96466545,   19.88101042,      1.50565298,    2.85064581,   10.79023891,   -0.47539976,     -4.83791791,    4.24538423,   32.64148348,   73.28127131,     29.91203289], [  -13.91978404,   -1.2460432 ,   22.75191498,   13.84738297,      1.40930123,   -4.12071237,   -6.53573066,   -0.75962205,     -8.93452754,   -0.83370068,    7.97550737,   29.91203289,     74.17889459]]
/root/sim/music/out/エレファントカシマシ/昇れる太陽/06_おかみさん.mp3; [-493.4147    ,  74.694534  , -15.1206665 ,  31.614525  ,  23.154694  ,    1.9444038 ,  -1.1618489 ,  10.899254  ,   4.5240965 ,  -2.195642  ,   -2.2100823 ,  -0.50799555,  -1.5420799 ]; [[12525.09594958, -720.80286743, -579.69498912, -156.49482225,     79.20564206,  131.91293109,  -60.84061923,  225.288493  ,    179.88831574,   49.99200888,   71.42814691,   26.62114069,     72.36966206], [ -720.80286743, 1375.17734703, -110.33541206,  253.7013043 ,    135.47273532,  -84.58550319,   68.83485496,  -41.24762901,      1.70508726,    0.68758024,  -16.50245566,    9.18663416,    -27.23341118], [ -579.69498912, -110.33541206,  703.0753114 ,    1.85121549,     51.41927447,   15.99776384,  -24.47783545,  -10.90959065,    -40.5581244 ,   28.47576685,   27.37160236,  -12.47637274,     15.93489516], [ -156.49482225,  253.7013043 ,    1.85121549,  360.5970939 ,     70.28761248,   -6.51803648,  -17.44077855,  -15.75016421,     10.14010344,    1.10089652,  -18.90478584,   -1.10660751,     -0.54068714], [   79.20564206,  135.47273532,   51.41927447,   70.28761248,    202.65597634,    5.55481624,   18.73493293,    1.17768198,     22.38993535,   22.34914937,    9.50327793,   12.47660382,     17.74492386], [  131.91293109,  -84.58550319,   15.99776384,   -6.51803648,      5.55481624,  149.68675677,   44.672285  ,   39.5115546 ,      7.73648869,   15.34517745,   15.1127872 ,    2.21583116,     -3.37769965], [  -60.84061923,   68.83485496,  -24.47783545,  -17.44077855,     18.73493293,   44.672285  ,  118.20150807,   37.06822936,     20.10941812,   13.56278355,   20.9827375 ,    9.43485167,     -7.68121789], [  225.288493  ,  -41.24762901,  -10.90959065,  -15.75016421,      1.17768198,   39.5115546 ,   37.06822936,  113.6558885 ,     46.5627797 ,   26.2908594 ,    8.91062386,   11.95754964,     13.43167645], [  179.88831574,    1.70508726,  -40.5581244 ,   10.14010344,     22.38993535,    7.73648869,   20.10941812,   46.5627797 ,    108.73666854,   43.88543214,   12.72732942,   10.6333387 ,     16.60422463], [   49.99200888,    0.68758024,   28.47576685,    1.10089652,     22.34914937,   15.34517745,   13.56278355,   26.2908594 ,     43.88543214,   91.64224303,   40.18349418,   15.67392459,      0.39016094], [   71.42814691,  -16.50245566,   27.37160236,  -18.90478584,      9.50327793,   15.1127872 ,   20.9827375 ,    8.91062386,     12.72732942,   40.18349418,   85.97163303,   29.70873618,     -1.42227307], [   26.62114069,    9.18663416,  -12.47637274,   -1.10660751,     12.47660382,    2.21583116,    9.43485167,   11.95754964,     10.6333387 ,   15.67392459,   29.70873618,   73.97741168,     24.4369238 ], [   72.36966206,  -27.23341118,   15.93489516,   -0.54068714,     17.74492386,   -3.37769965,   -7.68121789,   13.43167645,     16.60422463,    0.39016094,   -1.42227307,   24.4369238 ,     76.49948004]]
/root/sim/music/out/エレファントカシマシ/昇れる太陽/08_ジョニーの彷徨.mp3; [-492.31342  , 108.52744  , -29.25992  ,  26.171022 ,  12.4866905,    3.769489 ,  10.169924 ,   9.0229645,   4.0185194,   2.8296223,    1.9996672,  -1.0152879,   0.7810573]; [[11680.00852874, -108.63665819,  930.4759504 ,  104.94597118,    178.31004631,  484.15179415,  367.01753656,  326.1218541 ,    201.64480639,  205.71210008,  213.17293546,   83.8847203 ,    139.11104616], [ -108.63665819, 1401.44924763, -831.93956298,  163.14413423,    -48.86123635, -254.88347893, -118.39006731, -104.93764047,    -86.08375691,  -73.58204613,  -77.27234699,  -34.10962179,    -66.65819254], [  930.4759504 , -831.93956298, 1052.53648651,   59.65316308,    186.39016433,  313.72342746,  174.32806282,  149.73072225,    113.88600674,   97.99375426,   88.05642799,   29.90071785,     67.74836247], [  104.94597118,  163.14413423,   59.65316308,  360.87901808,    149.00634623,   66.47785187,  -19.4472985 ,   -1.88371101,     27.67212735,   -9.57971366,  -13.47372895,  -19.27940025,    -12.8600174 ], [  178.31004631,  -48.86123635,  186.39016433,  149.00634623,    263.71096097,   85.15017088,   33.84850481,   26.15089946,     48.41738944,   24.34946732,   -9.57167485,  -19.63006249,     -2.13866519], [  484.15179415, -254.88347893,  313.72342746,   66.47785187,     85.15017088,  266.60463251,  129.97875449,  105.94246622,     63.88776248,   48.35051516,   38.68899323,    6.93865271,      7.04151897], [  367.01753656, -118.39006731,  174.32806282,  -19.4472985 ,     33.84850481,  129.97875449,  198.58146252,  109.2913165 ,     49.9070838 ,   29.74963992,   27.1783941 ,    9.48344462,     -0.91305528], [  326.1218541 , -104.93764047,  149.73072225,   -1.88371101,     26.15089946,  105.94246622,  109.2913165 ,  166.01040008,     65.19037313,   40.88556677,   26.52542069,    4.13241564,      5.52462744], [  201.64480639,  -86.08375691,  113.88600674,   27.67212735,     48.41738944,   63.88776248,   49.9070838 ,   65.19037313,    109.3429768 ,   44.35394983,   20.16131584,    2.09382039,     -0.31149655], [  205.71210008,  -73.58204613,   97.99375426,   -9.57971366,     24.34946732,   48.35051516,   29.74963992,   40.88556677,     44.35394983,   94.12899724,   35.743489  ,   14.85538134,      8.78036348], [  213.17293546,  -77.27234699,   88.05642799,  -13.47372895,     -9.57167485,   38.68899323,   27.1783941 ,   26.52542069,     20.16131584,   35.743489  ,   93.88660057,   38.38007686,     17.95704526], [   83.8847203 ,  -34.10962179,   29.90071785,  -19.27940025,    -19.63006249,    6.93865271,    9.48344462,    4.13241564,      2.09382039,   14.85538134,   38.38007686,   79.09364679,     38.86830105], [  139.11104616,  -66.65819254,   67.74836247,  -12.8600174 ,     -2.13866519,    7.04151897,   -0.91305528,    5.52462744,     -0.31149655,    8.78036348,   17.95704526,   38.86830105,     80.95145063]]
/root/sim/music/out/エレファントカシマシ/昇れる太陽/10_to_you.mp3; [-528.4911    , 118.89263   ,   0.18020268,   8.273041  ,  16.667883  ,   -3.964645  ,   1.2194543 ,   2.5137506 ,  -2.2680352 ,   3.8490317 ,   -1.5514845 ,  -0.6970283 ,   2.8346996 ]; [[12966.91740309, 1103.89783661,  193.5703083 ,  108.67171662,    318.2611735 ,   25.74001557,   32.53481748,   91.75254473,     14.01789217,   84.88186979,  -39.12028911,  -28.67344194,     55.58726333], [ 1103.89783661,  903.39327609, -299.93429201,   49.97231509,     -9.42806938,  -49.00273785,   88.61950282,   50.61562987,     26.4245467 ,   44.95548724,   27.52293528,   16.45212859,     30.0726349 ], [  193.5703083 , -299.93429201,  503.9469771 ,  -19.89367767,     -8.73295829,   45.85326667,  -17.00703401,   -3.0413075 ,    -16.83531884,  -29.65417564,   11.42061589,   24.64910977,      5.0744373 ], [  108.67171662,   49.97231509,  -19.89367767,  221.541209  ,     75.43885274,   35.21333625,   -4.75788776,    0.00861412,     39.41589598,  -13.37725552,    5.74971182,    8.37136289,     37.74846786], [  318.2611735 ,   -9.42806938,   -8.73295829,   75.43885274,    209.71772373,   36.16253093,  -15.24146634,   -8.70774228,     27.06583646,   31.44118414,   -8.2479692 ,   -1.20145504,     22.96802926], [   25.74001557,  -49.00273785,   45.85326667,   35.21333625,     36.16253093,  118.2996446 ,   27.17938245,   16.85951598,     19.55587021,   -3.03217517,   17.55314577,   11.25148055,      0.2696759 ], [   32.53481748,   88.61950282,  -17.00703401,   -4.75788776,    -15.24146634,   27.17938245,  147.43572172,   62.62724293,     16.07771995,    2.06473354,   22.9450154 ,   23.31690814,    -13.65309557], [   91.75254473,   50.61562987,   -3.0413075 ,    0.00861412,     -8.70774228,   16.85951598,   62.62724293,  114.70981317,     25.4324394 ,    9.09876018,    8.64161435,   10.72984417,      5.08953633], [   14.01789217,   26.4245467 ,  -16.83531884,   39.41589598,     27.06583646,   19.55587021,   16.07771995,   25.4324394 ,    111.68365056,   16.0557445 ,   13.51308271,   -3.65225662,      6.15260716], [   84.88186979,   44.95548724,  -29.65417564,  -13.37725552,     31.44118414,   -3.03217517,    2.06473354,    9.09876018,     16.0557445 ,   97.51865354,   18.81868948,   -1.70772656,     -3.0184374 ], [  -39.12028911,   27.52293528,   11.42061589,    5.74971182,     -8.2479692 ,   17.55314577,   22.9450154 ,    8.64161435,     13.51308271,   18.81868948,   77.83902901,   24.75643833,     -3.79688064], [  -28.67344194,   16.45212859,   24.64910977,    8.37136289,     -1.20145504,   11.25148055,   23.31690814,   10.72984417,     -3.65225662,   -1.70772656,   24.75643833,   68.45583362,     13.1800126 ], [   55.58726333,   30.0726349 ,    5.0744373 ,   37.74846786,     22.96802926,    0.2696759 ,  -13.65309557,    5.08953633,      6.15260716,   -3.0184374 ,   -3.79688064,   13.1800126 ,     78.33180511]]
/root/sim/music/out/エレファントカシマシ/昇れる太陽/11_桜の花、舞い上がる道を.mp3; [-506.9297   , 102.09275  ,   7.687524 ,  10.688709 ,   9.994425 ,   -3.5153866,  -3.6287382,   2.2145462,   2.4354935,  -1.483714 ,   -8.134324 ,  -3.614216 ,   1.0827739]; [[13908.37166171,  146.55932445, -585.07296116, -298.70799801,   -108.72444928, -109.55587663,  -86.61123846,  126.32480102,    276.93070852,   91.9318046 ,  -14.55519049,   63.96817314,     34.64252059], [  146.55932445,  634.84860844,  -27.95240133,   47.32581913,     20.93398828,  -21.95005382,   31.95110138,   40.06412432,      6.04021351,    7.11959265,   14.60849741,  -27.36086285,      0.2609705 ], [ -585.07296116,  -27.95240133,  446.33176293,  104.59550742,     72.2105121 ,   70.90633082,    8.54491929,   -5.03381905,    -10.63279947,   -5.19860342,   28.38331245,   29.40577527,     27.3647469 ], [ -298.70799801,   47.32581913,  104.59550742,  288.59159745,    101.60967412,  101.68646928,  -17.95505396,  -22.09263136,     34.59880296,  -32.39242333,   26.03237462,   27.93206015,     47.24719773], [ -108.72444928,   20.93398828,   72.2105121 ,  101.60967412,    167.48956347,   59.55140359,   -3.85395774,  -20.89129712,      5.96521914,  -17.85546828,    6.41883519,   13.60999165,     27.40992962], [ -109.55587663,  -21.95005382,   70.90633082,  101.68646928,     59.55140359,  148.57758953,   24.14482021,   20.54598077,     35.9195829 ,  -14.06034967,   27.25758998,   14.66867729,     11.90995435], [  -86.61123846,   31.95110138,    8.54491929,  -17.95505396,     -3.85395774,   24.14482021,  108.69770541,   51.91740228,     34.95715317,   13.97222352,   15.7487891 ,    9.33221154,     -6.49298781], [  126.32480102,   40.06412432,   -5.03381905,  -22.09263136,    -20.89129712,   20.54598077,   51.91740228,  115.04882767,     58.1572154 ,   23.21484334,   12.13680226,    2.45023249,    -10.35144835], [  276.93070852,    6.04021351,  -10.63279947,   34.59880296,      5.96521914,   35.9195829 ,   34.95715317,   58.1572154 ,    152.12703629,   28.03134979,   33.19254961,   14.01039149,     -3.19242132], [   91.9318046 ,    7.11959265,   -5.19860342,  -32.39242333,    -17.85546828,  -14.06034967,   13.97222352,   23.21484334,     28.03134979,   98.28128848,   21.19069021,   19.57658544,     -3.57452582], [  -14.55519049,   14.60849741,   28.38331245,   26.03237462,      6.41883519,   27.25758998,   15.7487891 ,   12.13680226,     33.19254961,   21.19069021,   75.32788013,   30.91348833,     14.19073077], [   63.96817314,  -27.36086285,   29.40577527,   27.93206015,     13.60999165,   14.66867729,    9.33221154,    2.45023249,     14.01039149,   19.57658544,   30.91348833,   92.48105042,     40.93439842], [   34.64252059,    0.2609705 ,   27.3647469 ,   47.24719773,     27.40992962,   11.90995435,   -6.49298781,  -10.35144835,     -3.19242132,   -3.57452582,   14.19073077,   40.93439842,     82.81252084]]
