/root/sim/music/out/エレファントカシマシ/good_morning/01_ガストロンジャー.mp3; [-491.5416    , 118.76219   , -19.809294  ,  32.801468  ,   7.8677263 ,    4.9928513 ,  -6.1059747 ,   3.7869058 ,   2.2937322 ,   5.451066  ,    0.04816426,  -3.948385  ,  -5.148361  ]; [[7492.04807205,-351.63025891, 178.56233111,-575.8031935 , -39.32747038,   -59.75016907, 122.56964077, 188.40555836, -15.39372975,  -3.80088597,  -101.99113916,-105.53637484,-131.92182055], [-351.63025891, 817.0312996 ,-328.72389815, 205.73066791, -89.14549125,     1.58811621,  16.42566222, -34.80418508,  -3.14034709, -15.99649177,    40.39596098,  -6.05193811,  25.79497406], [ 178.56233111,-328.72389815, 666.74464347, -82.76375011,  94.35300582,    14.16330022,  51.22075879,  29.93938414,  -7.38575951,  38.74996665,    14.57410274,  34.16271064,  21.76961401], [-575.8031935 , 205.73066791, -82.76375011, 394.37348456,  63.070823  ,    58.02938185, -66.7558603 , -75.9723333 ,  -6.48497128,  17.36056492,    45.62462703,  14.0693354 ,  26.92321948], [ -39.32747038, -89.14549125,  94.35300582,  63.070823  , 189.76839441,    36.75951446,   3.46565838, -25.31229559,  13.45269016,  22.27208578,     4.18530805,  12.26524888,   7.93256119], [ -59.75016907,   1.58811621,  14.16330022,  58.02938185,  36.75951446,   107.53166375,  19.44201087,  -0.23607599, -16.0459844 ,  16.20175938,    18.98778017,  10.16708581,   5.68381069], [ 122.56964077,  16.42566222,  51.22075879, -66.7558603 ,   3.46565838,    19.44201087, 115.45391876,  45.15906639,   7.07214608,  -2.3426772 ,     4.59601896,   5.52077287,  -0.05010292], [ 188.40555836, -34.80418508,  29.93938414, -75.9723333 , -25.31229559,    -0.23607599,  45.15906639, 104.13397637,  30.66983614,  -1.20905512,   -21.51196666,   0.30905286,  -0.61787129], [ -15.39372975,  -3.14034709,  -7.38575951,  -6.48497128,  13.45269016,   -16.0459844 ,   7.07214608,  30.66983614,  80.58175578,  16.08436275,    -9.1288123 ,  -0.34689089,  -1.86304296], [  -3.80088597, -15.99649177,  38.74996665,  17.36056492,  22.27208578,    16.20175938,  -2.3426772 ,  -1.20905512,  16.08436275,  66.43309428,    25.99802974,   1.87435375,  -2.0050627 ], [-101.99113916,  40.39596098,  14.57410274,  45.62462703,   4.18530805,    18.98778017,   4.59601896, -21.51196666,  -9.1288123 ,  25.99802974,    67.23287956,  26.58703225,   9.03902947], [-105.53637484,  -6.05193811,  34.16271064,  14.0693354 ,  12.26524888,    10.16708581,   5.52077287,   0.30905286,  -0.34689089,   1.87435375,    26.58703225,  70.99833668,  39.32026169], [-131.92182055,  25.79497406,  21.76961401,  26.92321948,   7.93256119,     5.68381069,  -0.05010292,  -0.61787129,  -1.86304296,  -2.0050627 ,     9.03902947,  39.32026169,  70.12764195]]
/root/sim/music/out/エレファントカシマシ/good_morning/11_Ladies_and_Gentlemen.mp3; [-666.4863   ,  37.703876 , -26.696259 ,  18.150204 ,  -8.667979 ,  -16.685047 , -12.291976 ,   1.130202 ,  -3.0040493,   0.5448769,   -2.8492532,  -1.0057433,   3.6355271]; [[59862.18151905,-3878.23445727,-3672.79395934,  630.02999776,   -285.70720896,-1035.22394857,-1245.5201923 ,  179.96271258,   -241.87155748,-1019.8734366 ,-1092.95233471, -216.58149121,   -191.95643044], [-3878.23445727, 1828.22451561, -514.76778369,   73.46732088,    -31.29123556,   95.06862223,  117.93248223,  115.09416586,    -65.45347389,   46.91950334,  126.41785521,  -14.30686938,      6.44496056], [-3672.79395934, -514.76778369, 1046.48052165,   31.82975447,     17.66713716,   45.30798487,   25.14700763, -103.35510341,     20.71669509,   38.79721371,  -66.77726176,   -1.45874293,     -5.04727746], [  630.02999776,   73.46732088,   31.82975447,  154.21051388,    -15.26600443,    2.97611639,  -37.20067653,   10.06129647,    -14.0224645 ,  -44.22937174,  -81.12674986,  -17.16415772,     -8.29163454], [ -285.70720896,  -31.29123556,   17.66713716,  -15.26600443,    137.64272457,    5.26160299,    1.45713268,   20.91429078,     38.40564327,  -10.57184591,  -29.01506384,    4.70373887,    -14.79673458], [-1035.22394857,   95.06862223,   45.30798487,    2.97611639,      5.26160299,  110.28384021,   64.21488025,   14.52116081,     -4.36767907,  -13.26087277,   15.16316282,    8.0939335 ,     -2.28579663], [-1245.5201923 ,  117.93248223,   25.14700763,  -37.20067653,      1.45713268,   64.21488025,  152.69053396,   16.93035741,    -12.68468091,   13.3988992 ,   44.52538716,   11.28429166,     -1.62618987], [  179.96271258,  115.09416586, -103.35510341,   10.06129647,     20.91429078,   14.52116081,   16.93035741,   72.45681728,     15.24374808,   -9.81682776,   -8.69334776,    0.47627708,      0.31852655], [ -241.87155748,  -65.45347389,   20.71669509,  -14.0224645 ,     38.40564327,   -4.36767907,  -12.68468091,   15.24374808,     74.40246815,   34.2598869 ,    4.70526617,   12.13536006,      8.71713625], [-1019.8734366 ,   46.91950334,   38.79721371,  -44.22937174,    -10.57184591,  -13.26087277,   13.3988992 ,   -9.81682776,     34.2598869 ,  104.65360998,   75.90291709,   18.27661854,     30.70287271], [-1092.95233471,  126.41785521,  -66.77726176,  -81.12674986,    -29.01506384,   15.16316282,   44.52538716,   -8.69334776,      4.70526617,   75.90291709,  150.25015751,   37.70354815,     33.31950568], [ -216.58149121,  -14.30686938,   -1.45874293,  -17.16415772,      4.70373887,    8.0939335 ,   11.28429166,    0.47627708,     12.13536006,   18.27661854,   37.70354815,   45.78097915,     16.4654606 ], [ -191.95643044,    6.44496056,   -5.04727746,   -8.29163454,    -14.79673458,   -2.28579663,   -1.62618987,    0.31852655,      8.71713625,   30.70287271,   33.31950568,   16.4654606 ,     43.68819643]]
/root/sim/music/out/エレファントカシマシ/good_morning/12_コール_アンド_レスポンス.mp3; [-467.11795  ,  71.3096   ,   8.676198 ,  19.691023 ,  10.759879 ,    6.9828663,  -4.2370234,   4.8642545,   2.287339 ,   0.5166033,   -4.5777273,  -5.5538177,  -6.0248895]; [[7243.6868214 , 220.75053008, 142.35938038, -55.43208021,  22.99527299,   115.57975834,  80.76644834,  50.44541366,  -8.47761128,  -9.05383663,   -13.63429544,-114.96047473, -94.34768178], [ 220.75053008, 540.39672354,-104.28914446,  34.04969097, -30.99266362,   -17.16426196,  37.71787451,  46.73782978,  -1.43675403,   7.35487105,     2.10207109,  17.18014318,   7.21378923], [ 142.35938038,-104.28914446, 283.41636861,  76.63817549,  59.17160962,    55.07720333,  24.17443401,  13.90959939,  30.56200462,  15.68880226,    17.53107503,  14.64992794,   9.41350114], [ -55.43208021,  34.04969097,  76.63817549, 210.54820799, 105.57868672,    23.57065979, -17.57062864,   1.9816983 ,  17.06389644,  17.88629946,     9.21289287,  23.40765125,  26.71325462], [  22.99527299, -30.99266362,  59.17160962, 105.57868672, 170.25687227,    64.34615381,  -2.83031849,  18.76863216,  29.23888466,  14.57900064,     2.89756388,  15.89798306,  19.47964318], [ 115.57975834, -17.16426196,  55.07720333,  23.57065979,  64.34615381,   121.83978412,  69.57037665,  33.18224067,  14.25112739,   1.90254749,     1.23798036,   0.79275831,   0.58539097], [  80.76644834,  37.71787451,  24.17443401, -17.57062864,  -2.83031849,    69.57037665, 136.06651161,  59.14049799,   4.01326165,   2.12399757,     9.89046566,  -5.23415427,  -6.79322283], [  50.44541366,  46.73782978,  13.90959939,   1.9816983 ,  18.76863216,    33.18224067,  59.14049799,  93.57753753,  45.74061746,  16.68965325,     4.35140191,   4.03515977,   1.40971884], [  -8.47761128,  -1.43675403,  30.56200462,  17.06389644,  29.23888466,    14.25112739,   4.01326165,  45.74061746,  82.32280365,  41.48949409,    12.69922882,   7.55037282,  -1.40677423], [  -9.05383663,   7.35487105,  15.68880226,  17.88629946,  14.57900064,     1.90254749,   2.12399757,  16.68965325,  41.48949409,  64.06006802,    33.1407835 ,   5.21208956,  -0.44742188], [ -13.63429544,   2.10207109,  17.53107503,   9.21289287,   2.89756388,     1.23798036,   9.89046566,   4.35140191,  12.69922882,  33.1407835 ,    62.70191908,  24.72726892,   4.38108843], [-114.96047473,  17.18014318,  14.64992794,  23.40765125,  15.89798306,     0.79275831,  -5.23415427,   4.03515977,   7.55037282,   5.21208956,    24.72726892,  67.14016659,  37.01186792], [ -94.34768178,   7.21378923,   9.41350114,  26.71325462,  19.47964318,     0.58539097,  -6.79322283,   1.40971884,  -1.40677423,  -0.44742188,     4.38108843,  37.01186792,  59.49432571]]
/root/sim/music/out/エレファントカシマシ/good_morning/08_I_am_happy.mp3; [-484.1861    ,  82.85413   ,  -5.284172  ,  22.609783  ,  17.344753  ,   24.256727  ,   5.2014766 ,   8.322601  ,   8.7818165 ,   4.814713  ,    3.304366  ,  -0.74753433,  -2.1955874 ]; [[7549.04972986, 642.06823154,-710.19172082,-135.01859936,   3.45684002,  -122.24530266, -56.77000455,  50.32871207, -12.29404428,  58.24777992,   -94.23683015, -42.05042687, -88.1814614 ], [ 642.06823154, 456.07642878,-177.3718416 ,  -5.84068626, -15.9948672 ,   -10.69575672,   5.15468443,  37.72600552,  37.74343521,  10.20172098,     5.5649611 , -22.60902017,  14.05007206], [-710.19172082,-177.3718416 , 595.5816078 , 156.41608037,  67.76142653,   117.20529738,  20.21472634, -10.89452728,  32.52657091,  24.16802864,    55.31606399,  34.57866853,  21.52759921], [-135.01859936,  -5.84068626, 156.41608037, 218.18389725, 109.94688296,    57.10798333,   2.21112234,  -6.49074852,  14.75291495,  14.82357526,    29.48363268,  20.47169614,  30.67123895], [   3.45684002, -15.9948672 ,  67.76142653, 109.94688296, 165.99101164,    75.65423243,   1.16849094,  -6.90822529,  10.98830299,  -0.83210785,     6.56449049,   8.41027773,   8.43786464], [-122.24530266, -10.69575672, 117.20529738,  57.10798333,  75.65423243,   159.9193147 ,  59.88041563,  11.27726199,  12.78257285, -13.13792562,     4.37251679,  -6.39330722,   3.2996224 ], [ -56.77000455,   5.15468443,  20.21472634,   2.21112234,   1.16849094,    59.88041563, 125.92068911,  64.30800512,   5.9603485 ,  -5.25302615,   -15.00689586, -13.95119867,  -4.36991514], [  50.32871207,  37.72600552, -10.89452728,  -6.49074852,  -6.90822529,    11.27726199,  64.30800512,  91.66466249,  30.66315379,   2.95138998,    -9.58687411, -19.11340514,  -2.40718647], [ -12.29404428,  37.74343521,  32.52657091,  14.75291495,  10.98830299,    12.78257285,   5.9603485 ,  30.66315379,  71.30541266,  30.35526756,     9.87419933,  -5.23580151,   0.66008519], [  58.24777992,  10.20172098,  24.16802864,  14.82357526,  -0.83210785,   -13.13792562,  -5.25302615,   2.95138998,  30.35526756,  73.27131158,    32.0396412 ,  16.27424704,   3.38995199], [ -94.23683015,   5.5649611 ,  55.31606399,  29.48363268,   6.56449049,     4.37251679, -15.00689586,  -9.58687411,   9.87419933,  32.0396412 ,    77.14224853,  35.59296128,  13.30788148], [ -42.05042687, -22.60902017,  34.57866853,  20.47169614,   8.41027773,    -6.39330722, -13.95119867, -19.11340514,  -5.23580151,  16.27424704,    35.59296128,  65.50549739,  28.39520837], [ -88.1814614 ,  14.05007206,  21.52759921,  30.67123895,   8.43786464,     3.2996224 ,  -4.36991514,  -2.40718647,   0.66008519,   3.38995199,    13.30788148,  28.39520837,  61.72332838]]
/root/sim/music/out/エレファントカシマシ/good_morning/03_ゴッドファーザー.mp3; [-522.16364  ,  62.57537  ,  11.134545 ,  23.971354 ,  -7.0172787,    4.938653 ,  10.137069 ,   2.9209967,   7.493544 ,   2.3801856,   -5.091641 ,   0.9022718,  -2.1232927]; [[14462.35951511, 2560.49666929, 1230.19218109, -323.33953072,   1399.558384  ,  363.62612593, -277.39306105,  953.63371005,   -248.11351666, -102.03672203,  511.78595268, -643.20338487,    113.38801504], [ 2560.49666929,  888.90772076,  254.71216481, -103.18759336,    307.1533256 ,   75.15198429,  -45.6940323 ,  242.96585238,    -22.14193983,   -6.9515973 ,  139.93336568, -132.13685126,     56.72955812], [ 1230.19218109,  254.71216481,  551.65643996,  115.68493869,    242.1740527 ,  107.48595577,   -7.39901575,   84.40444396,     49.01548996,   14.04150019,   72.2866108 ,  -52.12468367,     14.84146374], [ -323.33953072, -103.18759336,  115.68493869,  280.74148936,     79.93042486,   40.48783406,   10.80220388,  -54.53277128,     46.6838431 ,   21.35077168,  -16.26063252,   47.21630636,     11.62297892], [ 1399.558384  ,  307.1533256 ,  242.1740527 ,   79.93042486,    402.4641337 ,  111.88495686,  -62.5254065 ,  133.75551269,     -4.39529376,   -5.28619343,  106.09910353,  -89.85492003,     22.53882139], [  363.62612593,   75.15198429,  107.48595577,   40.48783406,    111.88495686,  130.9500796 ,   43.19452382,   54.82000028,      6.6592281 ,   -8.98914325,   32.41193865,  -21.08770533,      9.46042659], [ -277.39306105,  -45.6940323 ,   -7.39901575,   10.80220388,    -62.5254065 ,   43.19452382,  152.26610622,   15.57231707,     22.50339322,   17.66924616,  -22.19906104,   41.02601297,     17.96695693], [  953.63371005,  242.96585238,   84.40444396,  -54.53277128,    133.75551269,   54.82000028,   15.57231707,  184.80825745,      9.52432618,   -3.33600379,   71.06702558,  -71.18452892,     23.34345536], [ -248.11351666,  -22.14193983,   49.01548996,   46.6838431 ,     -4.39529376,    6.6592281 ,   22.50339322,    9.52432618,    110.56152588,   40.46479064,    1.83524839,   11.36937748,    -19.47416655], [ -102.03672203,   -6.9515973 ,   14.04150019,   21.35077168,     -5.28619343,   -8.98914325,   17.66924616,   -3.33600379,     40.46479064,   81.95426379,   27.69797436,   13.54436207,      2.2906892 ], [  511.78595268,  139.93336568,   72.2866108 ,  -16.26063252,    106.09910353,   32.41193865,  -22.19906104,   71.06702558,      1.83524839,   27.69797436,  112.83846703,  -18.23819185,     22.31138208], [ -643.20338487, -132.13685126,  -52.12468367,   47.21630636,    -89.85492003,  -21.08770533,   41.02601297,  -71.18452892,     11.36937748,   13.54436207,  -18.23819185,  113.52354183,     40.32210211], [  113.38801504,   56.72955812,   14.84146374,   11.62297892,     22.53882139,    9.46042659,   17.96695693,   23.34345536,    -19.47416655,    2.2906892 ,   22.31138208,   40.32210211,     94.17123121]]
/root/sim/music/out/エレファントカシマシ/good_morning/04_good_morning.mp3; [-499.67123  ,  88.93999  ,  16.6944   ,  25.372374 ,   7.264786 ,    6.1628113,   4.494698 ,   7.685792 ,   2.87317  ,   4.4645576,    0.1733802,  -1.5584128,  -3.893249 ]; [[5333.18883523, 514.54455109,-201.73161692,  39.60192997, -26.4525372 ,   -21.2413338 , -32.78735841,  52.44900859, -10.7917122 , -19.79261871,   -60.73610467,-108.22820248,-122.57970647], [ 514.54455109, 727.07923613,  40.06724395, 215.82750392, 114.81358292,   135.3358959 ,  96.53474307,  65.92948807,  64.28307668,  10.78212685,    41.17022954,  -2.51633184,  -3.17222338], [-201.73161692,  40.06724395, 394.22482103, 134.70173907,  46.2083994 ,    46.37525837,  24.33412388,  -3.00020724,  18.32315991,   7.19482873,    15.82614107,  39.63765553,  24.44329132], [  39.60192997, 215.82750392, 134.70173907, 259.67811988, 110.61808908,    96.7967623 ,  46.15317932,  26.518455  ,  44.78209027,   5.45079234,    22.12089632,  14.83721951,  29.54033452], [ -26.4525372 , 114.81358292,  46.2083994 , 110.61808908, 169.68855123,    89.03775658,  48.85777439,  26.19063973,  34.42188491,  17.81689819,    15.50452133,  23.7859179 ,  22.49769858], [ -21.2413338 , 135.3358959 ,  46.37525837,  96.7967623 ,  89.03775658,   144.28453761,  85.87323124,  35.46954126,  24.04803611,   5.89083618,    20.13589919,  18.08050212,  22.90673018], [ -32.78735841,  96.53474307,  24.33412388,  46.15317932,  48.85777439,    85.87323124, 131.34818579,  56.14370729,  24.87149909,   0.57306158,     9.73283033,  12.62493346,   9.51087747], [  52.44900859,  65.92948807,  -3.00020724,  26.518455  ,  26.19063973,    35.46954126,  56.14370729,  81.80592809,  40.39192095,  16.91518756,     8.47998212,   1.12647761,   3.38440186], [ -10.7917122 ,  64.28307668,  18.32315991,  44.78209027,  34.42188491,    24.04803611,  24.87149909,  40.39192095, 101.18875135,  47.60572228,    32.29837465,  11.40773147,   5.06857623], [ -19.79261871,  10.78212685,   7.19482873,   5.45079234,  17.81689819,     5.89083618,   0.57306158,  16.91518756,  47.60572228,  71.63781941,    39.5046449 ,  20.25400445,   8.23639626], [ -60.73610467,  41.17022954,  15.82614107,  22.12089632,  15.50452133,    20.13589919,   9.73283033,   8.47998212,  32.29837465,  39.5046449 ,    69.25474638,  37.83424176,  17.92337617], [-108.22820248,  -2.51633184,  39.63765553,  14.83721951,  23.7859179 ,    18.08050212,  12.62493346,   1.12647761,  11.40773147,  20.25400445,    37.83424176,  64.92338835,  35.99323101], [-122.57970647,  -3.17222338,  24.44329132,  29.54033452,  22.49769858,    22.90673018,   9.51087747,   3.38440186,   5.06857623,   8.23639626,    17.92337617,  35.99323101,  58.54074823]]
/root/sim/music/out/エレファントカシマシ/good_morning/02_眠れない夜.mp3; [-534.00134   ,  91.31465   , -15.152653  ,  27.201025  ,  12.574794  ,   13.368067  ,   2.6759565 ,   9.060592  ,   3.1525264 ,   6.469251  ,    0.4775342 ,  -0.29163072,  -2.9940412 ]; [[11620.63216922,  255.73945769, -166.67245283,  -20.78359869,     19.08762875,   58.84134714,  -74.9566528 ,   22.4112633 ,    -19.80028329,   -0.66236313, -103.60887431,  -97.50636838,   -123.74769939], [  255.73945769, 1132.51012417, -171.26188961,  281.32316193,     83.62814445,   63.96979811,   86.89875905,   48.12775319,     60.2953407 ,   13.92589786,   42.46273563,   12.29161362,     21.93402812], [ -166.67245283, -171.26188961,  877.61519648,  230.56434222,    177.40945595,  174.02261836,   57.84465597,   59.71407019,     45.97396254,   16.30365233,   17.91000459,    7.8230085 ,    -27.47540828], [  -20.78359869,  281.32316193,  230.56434222,  639.63106153,    231.1532982 ,  223.91829316,  160.98552492,  105.94616744,    139.08899274,   38.18443953,   18.94313999,   36.57265693,    -26.92233034], [   19.08762875,   83.62814445,  177.40945595,  231.1532982 ,    262.85961097,  141.16692528,   80.655074  ,   52.72101047,     77.27798295,   31.74439221,   20.13064634,   17.11648353,     -5.07476486], [   58.84134714,   63.96979811,  174.02261836,  223.91829316,    141.16692528,  247.69396231,  123.74023922,   80.71101485,     84.67542023,   23.81587069,   16.20379994,   11.44474907,    -25.43762129], [  -74.9566528 ,   86.89875905,   57.84465597,  160.98552492,     80.655074  ,  123.74023922,  187.76647336,   95.46761616,     65.34595531,   28.9251862 ,   23.84432498,   13.15424346,     -8.9381484 ], [   22.4112633 ,   48.12775319,   59.71407019,  105.94616744,     52.72101047,   80.71101485,   95.46761616,  126.30902728,     67.08817255,   27.44385709,   16.97768851,   12.42034839,     -4.59966315], [  -19.80028329,   60.2953407 ,   45.97396254,  139.08899274,     77.27798295,   84.67542023,   65.34595531,   67.08817255,    138.72877455,   53.1984562 ,   26.52093349,   18.60441395,     -4.63261081], [   -0.66236313,   13.92589786,   16.30365233,   38.18443953,     31.74439221,   23.81587069,   28.9251862 ,   27.44385709,     53.1984562 ,   88.78131087,   48.19561239,   23.01043699,     12.03249598], [ -103.60887431,   42.46273563,   17.91000459,   18.94313999,     20.13064634,   16.20379994,   23.84432498,   16.97768851,     26.52093349,   48.19561239,   92.01790316,   45.3334589 ,     21.86073   ], [  -97.50636838,   12.29161362,    7.8230085 ,   36.57265693,     17.11648353,   11.44474907,   13.15424346,   12.42034839,     18.60441395,   23.01043699,   45.3334589 ,   79.43006451,     41.73283113], [ -123.74769939,   21.93402812,  -27.47540828,  -26.92233034,     -5.07476486,  -25.43762129,   -8.9381484 ,   -4.59966315,     -4.63261081,   12.03249598,   21.86073   ,   41.73283113,     93.7158443 ]]
/root/sim/music/out/エレファントカシマシ/good_morning/07_情熱の揺れるまなざし.mp3; [-549.2516   , 109.75469  , -23.353415 ,  14.366291 ,  18.55646  ,   -1.2111574,  -6.8643165,   9.829431 ,   2.365166 ,   2.6569633,   -2.4125884,  -4.93459  ,  -5.234111 ]; [[26145.76993844,-1961.04042446, 2423.87422348,  957.93739692,   -664.06893501,  369.92560011, -244.45805231,  -30.37697137,    -85.81162159,  154.09445103, -472.98991851, -164.02281705,    106.5326007 ], [-1961.04042446, 1473.50032475, -568.52627606,  156.57140914,    246.7548806 ,  -99.90768377,  110.6766749 ,  -30.67143321,    -16.09055656,  -55.86700972,   38.32069337,   -7.30684841,    -57.28080735], [ 2423.87422348, -568.52627606,  974.19006202,   25.08218744,    -71.90190471,  121.05447409,  -14.7805477 ,    7.37225113,    -19.02097349,   47.90611884,  -21.14635277,  -15.23703923,     69.21258991], [  957.93739692,  156.57140914,   25.08218744,  353.15742133,     82.88909132,   45.32020976,   12.54243688,  -12.96392436,      9.00486915,    0.8095524 ,  -24.57471082,  -13.09045669,     -2.71776618], [ -664.06893501,  246.7548806 ,  -71.90190471,   82.88909132,    266.41642476,   32.78341837,   55.25268966,   -2.00323904,     42.74934583,    4.20629007,   26.95796444,   23.58943245,     -6.01920645], [  369.92560011,  -99.90768377,  121.05447409,   45.32020976,     32.78341837,  201.99151631,   61.58275338,   47.53214586,      8.23231222,   26.62538072,   -3.86183081,    0.43211744,     15.54303865], [ -244.45805231,  110.6766749 ,  -14.7805477 ,   12.54243688,     55.25268966,   61.58275338,  151.85365862,   61.23078212,     21.32066285,   19.12549244,    6.54723723,   -2.46405454,      2.40295945], [  -30.37697137,  -30.67143321,    7.37225113,  -12.96392436,     -2.00323904,   47.53214586,   61.23078212,  160.20708939,     33.79463348,   46.51188173,   -0.90897353,  -15.3307868 ,     12.19278267], [  -85.81162159,  -16.09055656,  -19.02097349,    9.00486915,     42.74934583,    8.23231222,   21.32066285,   33.79463348,    117.02880754,   36.53944232,   15.18509703,    8.67884974,     -2.30797674], [  154.09445103,  -55.86700972,   47.90611884,    0.8095524 ,      4.20629007,   26.62538072,   19.12549244,   46.51188173,     36.53944232,   92.28940827,   20.22141821,    4.2048718 ,     12.39254906], [ -472.98991851,   38.32069337,  -21.14635277,  -24.57471082,     26.95796444,   -3.86183081,    6.54723723,   -0.90897353,     15.18509703,   20.22141821,   77.68288259,   38.15880062,     13.52030674], [ -164.02281705,   -7.30684841,  -15.23703923,  -13.09045669,     23.58943245,    0.43211744,   -2.46405454,  -15.3307868 ,      8.67884974,    4.2048718 ,   38.15880062,   91.07380416,     32.74694583], [  106.5326007 ,  -57.28080735,   69.21258991,   -2.71776618,     -6.01920645,   15.54303865,    2.40295945,   12.19278267,     -2.30797674,   12.39254906,   13.52030674,   32.74694583,     78.62859051]]
/root/sim/music/out/エレファントカシマシ/good_morning/06_精神暗黒街.mp3; [-515.465     ,  94.47114   , -10.339506  ,   7.4204473 ,   4.8117294 ,   -2.649261  ,  -0.68710333,   3.1802256 ,  -1.6286782 ,   6.8170714 ,    1.0504501 ,   0.8753765 ,   2.1571758 ]; [[7301.27790065, 686.24783514, 102.70665767, 304.45836041, 209.65650432,   201.05748029, 159.65684429,  98.40427084,  15.78417355,   1.99152857,  -156.97430492,-199.85143479,-129.76845328], [ 686.24783514,1242.43988556,  57.80424803, 342.61553066, 237.3241994 ,   184.0028554 , 188.89619734, 119.81904097,  39.91037005,   3.51794226,   -37.01748777, -53.41797001, -39.55728107], [ 102.70665767,  57.80424803, 545.62917724, 287.88253935, 217.50949552,   153.87432947, 101.97763208,  53.89782291,  65.13033317, -16.36729839,     6.36639019, -11.4691947 ,  -8.83780801], [ 304.45836041, 342.61553066, 287.88253935, 570.12842172, 283.0718363 ,   219.99551201,  91.41272031,  66.3311147 ,  52.53687919,  -5.59039581,   -48.16185723, -49.90883767, -23.39003311], [ 209.65650432, 237.3241994 , 217.50949552, 283.0718363 , 336.13761135,   182.25555876,  92.93296012,  45.22861725,  82.08437407,   7.88645077,    -8.7937461 , -26.65904326, -24.70920958], [ 201.05748029, 184.0028554 , 153.87432947, 219.99551201, 182.25555876,   263.53874183, 168.7438032 , 103.58395607,  66.68202791,   3.87333144,   -18.76660407, -42.0548279 , -44.18588829], [ 159.65684429, 188.89619734, 101.97763208,  91.41272031,  92.93296012,   168.7438032 , 225.46369258, 127.61498916,  56.46147199,   3.42549742,    -7.50206863, -29.71401784, -38.2922412 ], [  98.40427084, 119.81904097,  53.89782291,  66.3311147 ,  45.22861725,   103.58395607, 127.61498916, 131.81790559,  59.55630726,  16.20678279,    -9.40702224, -17.06173213, -16.7130465 ], [  15.78417355,  39.91037005,  65.13033317,  52.53687919,  82.08437407,    66.68202791,  56.46147199,  59.55630726, 119.09562954,  50.05442982,    19.08138717,  -6.41317617, -14.02205557], [   1.99152857,   3.51794226, -16.36729839,  -5.59039581,   7.88645077,     3.87333144,   3.42549742,  16.20678279,  50.05442982,  87.77066421,    45.72915689,  15.84870985,  -0.31381981], [-156.97430492, -37.01748777,   6.36639019, -48.16185723,  -8.7937461 ,   -18.76660407,  -7.50206863,  -9.40702224,  19.08138717,  45.72915689,    96.84894127,  62.63647715,  23.12641462], [-199.85143479, -53.41797001, -11.4691947 , -49.90883767, -26.65904326,   -42.0548279 , -29.71401784, -17.06173213,  -6.41317617,  15.84870985,    62.63647715, 103.58668388,  58.42466145], [-129.76845328, -39.55728107,  -8.83780801, -23.39003311, -24.70920958,   -44.18588829, -38.2922412 , -16.7130465 , -14.02205557,  -0.31381981,    23.12641462,  58.42466145,  83.59220146]]
/root/sim/music/out/エレファントカシマシ/good_morning/10_so_many_people_(good_morningバージョン).mp3; [-514.13086  , 119.68836  , -17.351885 ,  33.450363 ,   8.754024 ,   -2.9725466,  -7.897588 ,   2.1837373,   3.3851273,   6.3804765,   -2.129971 ,  -1.1953592,  -4.677499 ]; [[11542.26836865, -249.12935912,   -4.03581965,  118.75840991,    -32.80426131,  106.31106177,   94.64908938,  220.17319849,    104.62258698,  260.81968925,  -37.42510309,   41.79192116,    -80.64826449], [ -249.12935912, 1015.14398203, -342.96699161,  132.54910109,      8.29929721,  -83.83116322,  -41.19135568,  -85.63965262,    -11.97988698,  -63.77701857,   22.68933033,  -35.54732777,      1.31554612], [   -4.03581965, -342.96699161,  571.60912716,  -63.21138656,     58.32918699,   49.7466625 ,   28.55492522,   63.52035218,     11.02505569,   32.80578356,    4.34556483,   40.77263494,     22.05821917], [  118.75840991,  132.54910109,  -63.21138656,  169.1839211 ,     20.15044222,    5.44358447,  -12.46046127,  -10.47706696,      4.72042467,  -13.67491707,   -0.02652041,   -4.16767851,      0.15333874], [  -32.80426131,    8.29929721,   58.32918699,   20.15044222,    126.73949828,   12.91334778,   -0.93073422,   -0.12612207,      3.35751102,   10.35839443,    6.07268514,   11.02611111,     10.53649772], [  106.31106177,  -83.83116322,   49.7466625 ,    5.44358447,     12.91334778,  105.51665215,   32.12182444,   19.56287094,      2.55361924,    5.02803445,    5.60606039,   11.11901131,      3.88345827], [   94.64908938,  -41.19135568,   28.55492522,  -12.46046127,     -0.93073422,   32.12182444,  104.39791662,   45.70722579,      0.95702629,    9.63300117,    4.91990593,    4.67406512,      2.89484696], [  220.17319849,  -85.63965262,   63.52035218,  -10.47706696,     -0.12612207,   19.56287094,   45.70722579,   86.61369153,     18.43554963,   17.33674272,    1.42490667,    7.3612698 ,      0.11792363], [  104.62258698,  -11.97988698,   11.02505569,    4.72042467,      3.35751102,    2.55361924,    0.95702629,   18.43554963,     78.38851175,   23.80253807,   12.75111019,    5.12966625,     -2.91692739], [  260.81968925,  -63.77701857,   32.80578356,  -13.67491707,     10.35839443,    5.02803445,    9.63300117,   17.33674272,     23.80253807,   75.6343772 ,   20.24288883,   11.67360969,     -0.0890273 ], [  -37.42510309,   22.68933033,    4.34556483,   -0.02652041,      6.07268514,    5.60606039,    4.91990593,    1.42490667,     12.75111019,   20.24288883,   55.27152801,   19.59085748,      4.19889759], [   41.79192116,  -35.54732777,   40.77263494,   -4.16767851,     11.02611111,   11.11901131,    4.67406512,    7.3612698 ,      5.12966625,   11.67360969,   19.59085748,   56.40199419,     15.30337191], [  -80.64826449,    1.31554612,   22.05821917,    0.15333874,     10.53649772,    3.88345827,    2.89484696,    0.11792363,     -2.91692739,   -0.0890273 ,    4.19889759,   15.30337191,     61.72317916]]
/root/sim/music/out/エレファントカシマシ/good_morning/09_生存者は今日も笑う.mp3; [-503.20523   ,  94.10955   , -15.456884  ,  20.952099  ,  14.194374  ,   11.945724  ,   8.705924  ,   9.629341  ,   7.8507533 ,   8.154528  ,    1.028801  ,   0.14029345,  -3.846797  ]; [[7991.08181237,-230.17776818, 412.86618544,-367.95631251,-125.29445717,  -211.44192819,-103.0541929 ,  80.06944552, 135.36670713, 116.85888768,    40.00000453, -46.4652505 ,-133.82305245], [-230.17776818, 953.35697483,-216.441799  , 233.7073451 ,  49.74809063,    58.98491548,  82.12006168,  70.59533669,  48.05467332,  10.46390241,    39.71205948,  39.49150944,  53.37335795], [ 412.86618544,-216.441799  , 633.10614746,  48.9458672 , 109.74720627,    -4.6949055 ,  55.93062868,  19.79758597,  31.54406804,  60.40926069,    25.66781432,  45.82288661,  51.42461165], [-367.95631251, 233.7073451 ,  48.9458672 , 312.69302507, 151.53307622,    79.81665082,  35.46912449,   3.04596006,  -6.79865041,  16.98768671,    20.70316965,  47.53301186,  60.41384931], [-125.29445717,  49.74809063, 109.74720627, 151.53307622, 212.5936248 ,    88.35641169,  51.44700473,  20.30715912,   4.99204431,   6.82915984,     5.75024142,  25.67444401,  33.68815106], [-211.44192819,  58.98491548,  -4.6949055 ,  79.81665082,  88.35641169,   140.94415217,  87.17480223,  42.27519653,  -0.02209871,  -9.57813793,   -17.12955536,  -7.33355924,   2.17677011], [-103.0541929 ,  82.12006168,  55.93062868,  35.46912449,  51.44700473,    87.17480223, 153.04796216,  93.50644562,  37.48868312,   2.91881931,   -16.20273644, -11.90274725,   7.82120693], [  80.06944552,  70.59533669,  19.79758597,   3.04596006,  20.30715912,    42.27519653,  93.50644562, 120.72745483,  61.08279582,  17.65145789,    -4.80334525, -10.13536937,  -1.90712155], [ 135.36670713,  48.05467332,  31.54406804,  -6.79865041,   4.99204431,    -0.02209871,  37.48868312,  61.08279582,  90.83013057,  45.74491478,    18.93236687,  -3.56835555,  -5.86379419], [ 116.85888768,  10.46390241,  60.40926069,  16.98768671,   6.82915984,    -9.57813793,   2.91881931,  17.65145789,  45.74491478,  75.08983516,    43.83251099,  19.83000757,   5.77009926], [  40.00000453,  39.71205948,  25.66781432,  20.70316965,   5.75024142,   -17.12955536, -16.20273644,  -4.80334525,  18.93236687,  43.83251099,    75.66683176,  47.85215706,  19.24329951], [ -46.4652505 ,  39.49150944,  45.82288661,  47.53301186,  25.67444401,    -7.33355924, -11.90274725, -10.13536937,  -3.56835555,  19.83000757,    47.85215706,  79.43554128,  50.95096194], [-133.82305245,  53.37335795,  51.42461165,  60.41384931,  33.68815106,     2.17677011,   7.82120693,  -1.90712155,  -5.86379419,   5.77009926,    19.24329951,  50.95096194,  79.19542132]]
/root/sim/music/out/エレファントカシマシ/good_morning/05_武蔵野.mp3; [-603.62164  ,  93.70486  ,   1.6433411,  23.784348 ,   5.168812 ,   15.003168 ,   5.502714 ,  -0.284132 ,  -4.8843675,   4.6588635,   -1.681271 ,  -4.887357 ,  -3.3880584]; [[39158.26099177, 3046.00236943, -424.3991136 , 1808.17924637,    318.40432579,-1524.09842401,  175.73468287, 1645.55645021,    532.74165045,  -22.48060915, -710.54423162, -378.56434449,   -191.51652916], [ 3046.00236943, 1649.98993338, -655.03936905,  375.67504559,    279.95998854, -306.59290866,   96.65082299,  301.77969112,     60.29492658,   34.17476418,  -35.71316599,   16.73166708,     15.16129566], [ -424.3991136 , -655.03936905, 1388.08126629,   39.53780353,   -318.65717142,  117.83153899,  -64.84269624, -166.63420796,      2.69674686,  -70.84199629,  -76.93551777, -125.18020321,     25.30561434], [ 1808.17924637,  375.67504559,   39.53780353,  694.15733407,    103.81262949, -349.57440239, -107.04656872,  226.36361196,     58.07149284, -117.28090633, -157.04170633,  -46.75099129,     -4.39115785], [  318.40432579,  279.95998854, -318.65717142,  103.81262949,    592.46677147,  -83.95383696,   39.21688443,  173.16389797,     15.72779053,   45.53433327,   32.31597542,   99.53465303,     -4.71841557], [-1524.09842401, -306.59290866,  117.83153899, -349.57440239,    -83.95383696,  508.32894563,  127.15062423, -225.92881535,    -18.23857137,   95.3677559 ,  150.58469316,   25.41456162,     28.74820675], [  175.73468287,   96.65082299,  -64.84269624, -107.04656872,     39.21688443,  127.15062423,  154.72176675,   14.75525906,     13.6802091 ,   57.34178604,   68.98263524,   25.50213504,      6.94410652], [ 1645.55645021,  301.77969112, -166.63420796,  226.36361196,    173.16389797, -225.92881535,   14.75525906,  285.9645209 ,     55.85774141,  -13.59005151,  -59.34023382,   21.7726516 ,    -16.58615969], [  532.74165045,   60.29492658,    2.69674686,   58.07149284,     15.72779053,  -18.23857137,   13.6802091 ,   55.85774141,    101.95159392,   27.82748789,   -1.77027605,   -9.0711819 ,     11.59241723], [  -22.48060915,   34.17476418,  -70.84199629, -117.28090633,     45.53433327,   95.3677559 ,   57.34178604,  -13.59005151,     27.82748789,  119.85687522,   70.28687802,   22.2795005 ,      9.85325698], [ -710.54423162,  -35.71316599,  -76.93551777, -157.04170633,     32.31597542,  150.58469316,   68.98263524,  -59.34023382,     -1.77027605,   70.28687802,  134.44045473,   51.98742793,     11.28279919], [ -378.56434449,   16.73166708, -125.18020321,  -46.75099129,     99.53465303,   25.41456162,   25.50213504,   21.7726516 ,     -9.0711819 ,   22.2795005 ,   51.98742793,   93.05662261,     19.79202307], [ -191.51652916,   15.16129566,   25.30561434,   -4.39115785,     -4.71841557,   28.74820675,    6.94410652,  -16.58615969,     11.59241723,    9.85325698,   11.28279919,   19.79202307,     74.70372456]]
/root/sim/music/out/エレファントカシマシ/THE_FIGHTING_MAN_[Disc_1]/1-01_今宵の月のように.mp3; [-514.8023   , 121.03115  ,   5.8977075,  18.84947  ,   3.209971 ,    2.9365067,   3.8369865,   4.6991653,  -3.4791393,   7.900705 ,    2.3205273,  -3.6633892,  -1.3791281]; [[18873.08038017,  352.15481846, -302.87231035,  120.86415088,   -445.00877804,  -96.19105346, -170.71142906, -154.51350198,   -223.93789093,    0.56831659, -225.46935895,  -54.003678  ,    140.77647284], [  352.15481846, 1295.59871302, -150.86516699,  -17.82165861,      3.08175636,  -22.30804573,  113.94660186,   85.58997183,     26.90239118,   66.31986136,  103.1574454 ,    0.66920146,    -39.22034813], [ -302.87231035, -150.86516699,  323.79773095,   57.45550377,     76.1110118 ,   40.16743958,   -1.3473162 ,   14.58332437,     -7.42926525,  -10.73125849,    5.39263615,    2.23415598,     13.20313243], [  120.86415088,  -17.82165861,   57.45550377,  264.91580555,    101.49134723,   29.22061081,  -34.33174094,  -27.7647652 ,     39.41209661,  -19.73514949,   -7.15076915,   20.42087847,     24.92129285], [ -445.00877804,    3.08175636,   76.1110118 ,  101.49134723,    235.9786023 ,   31.7411938 ,  -33.09841413,  -13.04908157,     32.38691295,   16.48592974,   10.16815373,    7.17216054,      9.86591375], [  -96.19105346,  -22.30804573,   40.16743958,   29.22061081,     31.7411938 ,  150.69569682,   39.63130979,   26.99284343,     19.48327827,    4.27136547,   32.96878966,   17.90104482,    -15.18631785], [ -170.71142906,  113.94660186,   -1.3473162 ,  -34.33174094,    -33.09841413,   39.63130979,  162.70809566,   69.42325229,     19.82140008,   17.46832481,   36.11864573,   24.48027323,    -24.07184656], [ -154.51350198,   85.58997183,   14.58332437,  -27.7647652 ,    -13.04908157,   26.99284343,   69.42325229,  122.64480048,     25.58397712,   25.56646544,   26.99575749,    9.86194599,     -7.02787447], [ -223.93789093,   26.90239118,   -7.42926525,   39.41209661,     32.38691295,   19.48327827,   19.82140008,   25.58397712,    120.46428646,   26.22305024,   21.50268444,   11.74034885,      0.4616181 ], [    0.56831659,   66.31986136,  -10.73125849,  -19.73514949,     16.48592974,    4.27136547,   17.46832481,   25.56646544,     26.22305024,  100.20855049,   42.43567145,   15.57412176,     -4.24337241], [ -225.46935895,  103.1574454 ,    5.39263615,   -7.15076915,     10.16815373,   32.96878966,   36.11864573,   26.99575749,     21.50268444,   42.43567145,   99.15168295,   33.37504902,     -8.27905116], [  -54.003678  ,    0.66920146,    2.23415598,   20.42087847,      7.17216054,   17.90104482,   24.48027323,    9.86194599,     11.74034885,   15.57412176,   33.37504902,   72.14176882,     13.39760602], [  140.77647284,  -39.22034813,   13.20313243,   24.92129285,      9.86591375,  -15.18631785,  -24.07184656,   -7.02787447,      0.4616181 ,   -4.24337241,   -8.27905116,   13.39760602,     76.8686554 ]]
/root/sim/music/out/エレファントカシマシ/THE_FIGHTING_MAN_[Disc_1]/1-05_夢のかけら.mp3; [-537.91675  , 142.53955  ,  -5.2000756,  26.588526 ,   4.0619407,   -4.326193 ,  -2.5523598,   5.5223417,  -1.2035478,   2.2132862,   -1.3786938,   1.5115232,   1.1988498]; [[20113.73011883,  521.26491099,-1249.95111938,   49.88732107,   -241.08160188, -122.15615163, -107.6933789 ,   93.64116385,    -69.10407392,   89.73570194,  -21.08519765,   96.50830927,     28.29273792], [  521.26491099, 1461.61368868, -333.48454247,   39.68182086,     -0.3992422 , -123.3215845 ,   69.39696371,   26.0286316 ,      1.47543235,    7.64560314,   37.65798101,   21.5454738 ,     46.05370771], [-1249.95111938, -333.48454247,  672.64010725,    7.70180578,     27.31613548,   70.16758423,  -14.2841072 ,   16.63877911,     -6.82801995,    4.73276502,  -26.18933858,  -17.08790177,     -6.41047741], [   49.88732107,   39.68182086,    7.70180578,  257.1570884 ,     70.74807591,   60.55895574,  -42.62929491,    0.75418183,     40.47976244,  -46.84629329,   -8.89817542,   -3.92837528,     24.08998347], [ -241.08160188,   -0.3992422 ,   27.31613548,   70.74807591,    153.20131446,   12.77988956,  -12.45846184,  -13.95532039,     10.49878888,    5.86196144,  -15.40509349,   -6.89361694,     -4.09948927], [ -122.15615163, -123.3215845 ,   70.16758423,   60.55895574,     12.77988956,  146.82904037,   13.80637548,    7.14251479,     34.20059273,  -23.0536533 ,   16.79142687,    4.12857739,    -13.16009547], [ -107.6933789 ,   69.39696371,  -14.2841072 ,  -42.62929491,    -12.45846184,   13.80637548,  119.67368845,   30.32108852,     -4.30914653,   21.66764773,   15.33926144,    5.52572302,     -2.29628399], [   93.64116385,   26.0286316 ,   16.63877911,    0.75418183,    -13.95532039,    7.14251479,   30.32108852,   72.26536438,      7.84058767,   -2.17375208,   -5.50974246,    4.54538581,     14.16637824], [  -69.10407392,    1.47543235,   -6.82801995,   40.47976244,     10.49878888,   34.20059273,   -4.30914653,    7.84058767,     92.10689169,   -0.75212501,   19.14280706,    6.97305563,     -1.14110371], [   89.73570194,    7.64560314,    4.73276502,  -46.84629329,      5.86196144,  -23.0536533 ,   21.66764773,   -2.17375208,     -0.75212501,   98.98816017,   28.57330429,    1.49985224,    -10.55264083], [  -21.08519765,   37.65798101,  -26.18933858,   -8.89817542,    -15.40509349,   16.79142687,   15.33926144,   -5.50974246,     19.14280706,   28.57330429,   79.1297026 ,   22.32057718,     -4.83962982], [   96.50830927,   21.5454738 ,  -17.08790177,   -3.92837528,     -6.89361694,    4.12857739,    5.52572302,    4.54538581,      6.97305563,    1.49985224,   22.32057718,   57.93336706,     20.49270757], [   28.29273792,   46.05370771,   -6.41047741,   24.08998347,     -4.09948927,  -13.16009547,   -2.29628399,   14.16637824,     -1.14110371,  -10.55264083,   -4.83962982,   20.49270757,     72.93071737]]
