/root/sim/music/out/エレファントカシマシ/町を見下ろす丘/02_理想の朝.mp3; [-610.49023  , 129.74425  ,  13.967775 ,  33.93405  ,   9.551075 ,    5.0475063,  -1.9226075,   3.6803534,  -0.7302221,   0.8197146,   -5.161707 ,  -7.8487487, -10.698616 ]; [[21067.08928348,-2248.25621051,-1408.69687005,-1096.16074829,   -566.67612109,  188.35624343,   12.51993194,  241.37305809,     73.04144789,  309.66766998,   94.11254879,   92.55959745,   -125.43128406], [-2248.25621051, 1804.84708128,   -2.07537471,  281.51730959,     80.42284042, -110.15761073,    1.48132204,  -20.89485542,    -13.99434037,  -54.25888416,   -5.04126112,  -50.90722567,    -32.86577632], [-1408.69687005,   -2.07537471,  640.48590459,  182.09994041,     99.16190177,   81.2400263 ,   -5.30357658,  -11.31904717,     19.77733961,  -22.04586205,   -3.61975185,    1.86421681,     26.78631329], [-1096.16074829,  281.51730959,  182.09994041,  385.0257432 ,    107.27792206,   -1.07677895,  -38.2147897 ,   -3.32225265,      1.99556547,  -32.6421941 ,  -14.63710399,   14.08355385,     40.72529763], [ -566.67612109,   80.42284042,   99.16190177,  107.27792206,    184.01496414,   11.39490994,   -4.07985923,   -9.24519353,     14.18926801,   11.0394458 ,   -8.8655069 ,   12.89218326,     18.6558705 ], [  188.35624343, -110.15761073,   81.2400263 ,   -1.07677895,     11.39490994,  187.62909086,   31.18699911,   14.48423865,     27.5898905 ,    5.13977039,   17.10195788,    6.86210124,    -11.06179641], [   12.51993194,    1.48132204,   -5.30357658,  -38.2147897 ,     -4.07985923,   31.18699911,  142.68032843,   34.81249504,    -15.91541758,   24.28163765,   15.90178592,   13.35116897,      9.45452809], [  241.37305809,  -20.89485542,  -11.31904717,   -3.32225265,     -9.24519353,   14.48423865,   34.81249504,   89.24458637,     21.98880717,    3.00245988,   10.11680544,   11.11726943,      5.22615593], [   73.04144789,  -13.99434037,   19.77733961,    1.99556547,     14.18926801,   27.5898905 ,  -15.91541758,   21.98880717,     99.27043718,   23.26445716,    9.66958466,   -1.43544497,     -4.50333527], [  309.66766998,  -54.25888416,  -22.04586205,  -32.6421941 ,     11.0394458 ,    5.13977039,   24.28163765,    3.00245988,     23.26445716,   96.83764327,   20.66693829,    6.9195234 ,      2.92183266], [   94.11254879,   -5.04126112,   -3.61975185,  -14.63710399,     -8.8655069 ,   17.10195788,   15.90178592,   10.11680544,      9.66958466,   20.66693829,   72.60766695,   28.14911641,     -0.91663311], [   92.55959745,  -50.90722567,    1.86421681,   14.08355385,     12.89218326,    6.86210124,   13.35116897,   11.11726943,     -1.43544497,    6.9195234 ,   28.14911641,   79.71450406,     35.40583805], [ -125.43128406,  -32.86577632,   26.78631329,   40.72529763,     18.6558705 ,  -11.06179641,    9.45452809,    5.22615593,     -4.50333527,    2.92183266,   -0.91663311,   35.40583805,     77.01611077]]
/root/sim/music/out/エレファントカシマシ/町を見下ろす丘/09_流れ星のやうな人生.mp3; [-571.6758   , 123.52064  ,   1.8741246,  19.914906 ,  10.686638 ,    1.9908634,   0.6035367,   1.7179669,  -2.1192489,  -2.8105674,   -4.7670517,  -7.4155574,  -6.5570836]; [[9124.16351174,-524.77398817,-159.50137085,-250.43169435, -52.4777507 ,   -63.7439518 , -52.59589016, 121.57250998,  40.48434392,  50.02546691,   -47.18348871, -34.81190848, -21.60419269], [-524.77398817,1437.90748243,-382.69583294,  15.55587132,  22.12897049,   -32.53025435,  84.90070896,   9.8559583 ,   2.42615947, -10.17185341,    45.89548645,   0.43910626,  -9.81074889], [-159.50137085,-382.69583294, 540.07282038,  92.81752993,  20.09001018,    63.78572492,  10.84997541, -21.15363742,   3.58686927,   2.85305679,     6.23052291,  23.17076034,  39.29240985], [-250.43169435,  15.55587132,  92.81752993, 359.29216453,  88.0577346 ,    76.81704939, -53.47987833,   4.79845025,  45.8544857 , -18.29436248,     2.99156818,  19.23065814,  37.7995119 ], [ -52.4777507 ,  22.12897049,  20.09001018,  88.0577346 , 229.75538169,     3.71197225, -34.48995684, -22.72768259,  47.26302805,  12.3551421 ,     2.24217243,  21.32013405,  19.69242662], [ -63.7439518 , -32.53025435,  63.78572492,  76.81704939,   3.71197225,   178.96077583,  44.37435343,  27.72178974,  24.15958441,  11.76849997,    19.60970187,  -2.87331012, -12.28061873], [ -52.59589016,  84.90070896,  10.84997541, -53.47987833, -34.48995684,    44.37435343, 170.24205848,  61.98517997,  -6.71452277,  24.29617072,    28.91172908,  -0.7454174 ,  -9.51054477], [ 121.57250998,   9.8559583 , -21.15363742,   4.79845025, -22.72768259,    27.72178974,  61.98517997, 119.21627851,  20.97476206,   7.92209817,     7.89208352,  -2.60295961,   0.43176422], [  40.48434392,   2.42615947,   3.58686927,  45.8544857 ,  47.26302805,    24.15958441,  -6.71452277,  20.97476206, 122.39075186,  29.19090265,     4.64352915,  -6.94208693,   0.49468644], [  50.02546691, -10.17185341,   2.85305679, -18.29436248,  12.3551421 ,    11.76849997,  24.29617072,   7.92209817,  29.19090265,  91.98827004,    21.06692892,   2.75156352,  -4.75284607], [ -47.18348871,  45.89548645,   6.23052291,   2.99156818,   2.24217243,    19.60970187,  28.91172908,   7.89208352,   4.64352915,  21.06692892,    76.32351528,  25.73479871,  -0.29506019], [ -34.81190848,   0.43910626,  23.17076034,  19.23065814,  21.32013405,    -2.87331012,  -0.7454174 ,  -2.60295961,  -6.94208693,   2.75156352,    25.73479871,  76.16236229,  27.16838386], [ -21.60419269,  -9.81074889,  39.29240985,  37.7995119 ,  19.69242662,   -12.28061873,  -9.51054477,   0.43176422,   0.49468644,  -4.75284607,    -0.29506019,  27.16838386,  78.06308268]]
/root/sim/music/out/エレファントカシマシ/町を見下ろす丘/10_I_don't_know_たゆまずに.mp3; [-604.8591    , 153.88225   ,  19.046072  ,  26.644335  ,  -0.32472622,    3.7728465 ,  -9.045899  ,   1.0344028 ,  -0.694259  ,   1.5648861 ,   -3.2514694 ,  -6.6729646 ,  -5.112758  ]; [[15141.65933562,   19.43426543, -844.54049597, -363.58131274,   -428.7606246 ,  138.84444465,  -98.47078914,  273.10260613,     55.83919651,  -66.21164393,  -69.39793422,    0.86911701,     40.5419169 ], [   19.43426543, 1443.84349371, -224.0221545 ,  -51.72517587,     -1.88012397,  -89.15770521,   41.21429486,  -30.48340448,    -27.92696717,    6.31634498,    2.02341019,  -30.89993122,    -59.36097769], [ -844.54049597, -224.0221545 ,  623.44008249,  172.11768549,     33.18488667,   65.05058608,   -3.42138401,  -29.69440289,    -15.07646245,    8.99141238,   19.23123775,    1.37049146,     14.50964792], [ -363.58131274,  -51.72517587,  172.11768549,  317.13907959,     82.8617364 ,  -12.43782041,  -77.63958201,  -51.62629471,     16.79870233,   22.73363048,    5.22765882,   -6.92724401,     15.26111655], [ -428.7606246 ,   -1.88012397,   33.18488667,   82.8617364 ,    188.25886813,  -18.17143303,  -58.23569995,  -29.72695757,      8.33886858,   25.5483517 ,  -27.3246522 ,    2.22609391,     16.2790353 ], [  138.84444465,  -89.15770521,   65.05058608,  -12.43782041,    -18.17143303,  135.93696161,   31.01599181,    3.79128703,      7.29334849,  -18.54364065,   12.22106155,   -3.44032573,     -5.79502876], [  -98.47078914,   41.21429486,   -3.42138401,  -77.63958201,    -58.23569995,   31.01599181,  161.01250786,   56.60090451,    -30.02431658,   -6.91149724,   16.48202112,    1.22945276,    -18.13083662], [  273.10260613,  -30.48340448,  -29.69440289,  -51.62629471,    -29.72695757,    3.79128703,   56.60090451,  105.16207435,      9.85613447,    7.59490073,    0.01705074,    1.65868601,      1.08162418], [   55.83919651,  -27.92696717,  -15.07646245,   16.79870233,      8.33886858,    7.29334849,  -30.02431658,    9.85613447,    108.44638207,   20.52044158,    1.05144536,   -5.34092426,     -1.18363389], [  -66.21164393,    6.31634498,    8.99141238,   22.73363048,     25.5483517 ,  -18.54364065,   -6.91149724,    7.59490073,     20.52044158,   85.75716852,   21.12701004,   -8.11462952,     -6.9602645 ], [  -69.39793422,    2.02341019,   19.23123775,    5.22765882,    -27.3246522 ,   12.22106155,   16.48202112,    0.01705074,      1.05144536,   21.12701004,   74.00730943,   15.40834817,    -13.69752744], [    0.86911701,  -30.89993122,    1.37049146,   -6.92724401,      2.22609391,   -3.44032573,    1.22945276,    1.65868601,     -5.34092426,   -8.11462952,   15.40834817,   62.89009049,     21.65664181], [   40.5419169 ,  -59.36097769,   14.50964792,   15.26111655,     16.2790353 ,   -5.79502876,  -18.13083662,    1.08162418,     -1.18363389,   -6.9602645 ,  -13.69752744,   21.65664181,     66.07981947]]
/root/sim/music/out/エレファントカシマシ/町を見下ろす丘/11_なぜだか、俺は祈ってゐた。.mp3; [-626.533    , 149.21231  , -10.758973 ,  20.538786 ,   5.761351 ,    6.0309434,  -7.875846 ,   3.6415622,  -1.6870308,   2.692684 ,   -6.2625904,  -1.5556921,  -5.9483137]; [[16102.42149776,-1588.57295608,  660.70533165,  185.60763752,   -377.22034905,  240.15195248, -281.13147982,  316.63183466,     61.22277484,  205.70561127, -123.96668907,  -87.61848531,     -7.24950229], [-1588.57295608, 2151.74377963, -764.27907139,  103.99565802,    151.16522806, -151.39142554,  117.30171242,  -50.49738426,     37.15825381,   11.12294621,    6.89664089,   11.51408499,    -59.86775591], [  660.70533165, -764.27907139,  951.67381608,  -26.43525087,     34.60218858,  100.74755039,  -45.54232842,   99.66578162,    -37.70586296,  -18.78938211,   64.09521089,   -1.89272113,     54.65454473], [  185.60763752,  103.99565802,  -26.43525087,  406.6115196 ,    105.30784551,   42.02671046,  -15.00474994,  -24.85140533,    108.31083729,  -59.35258547,   13.46354234,   -8.0330064 ,      1.74202801], [ -377.22034905,  151.16522806,   34.60218858,  105.30784551,    225.42309016,   26.62753933,    5.73171988,   -6.89387159,     27.77620209,  -14.862143  ,   12.94817311,    6.12717066,      6.96551325], [  240.15195248, -151.39142554,  100.74755039,   42.02671046,     26.62753933,  214.53149833,   56.57657306,   16.14212139,     40.0429275 ,    2.22157941,   27.97345594,   -4.88526742,     12.7636845 ], [ -281.13147982,  117.30171242,  -45.54232842,  -15.00474994,      5.73171988,   56.57657306,  163.69195006,   30.41566018,     13.37823485,   26.96913752,   18.34390042,    6.41435511,      4.11024685], [  316.63183466,  -50.49738426,   99.66578162,  -24.85140533,     -6.89387159,   16.14212139,   30.41566018,  134.1557948 ,      7.9082017 ,   32.15590777,   12.64066282,    4.68629372,     16.57057547], [   61.22277484,   37.15825381,  -37.70586296,  108.31083729,     27.77620209,   40.0429275 ,   13.37823485,    7.9082017 ,    178.24408248,    1.68945989,   30.21183053,   16.66280053,     -4.82979144], [  205.70561127,   11.12294621,  -18.78938211,  -59.35258547,    -14.862143  ,    2.22157941,   26.96913752,   32.15590777,      1.68945989,  143.43889693,   20.41684604,   16.66379615,     17.18238428], [ -123.96668907,    6.89664089,   64.09521089,   13.46354234,     12.94817311,   27.97345594,   18.34390042,   12.64066282,     30.21183053,   20.41684604,  106.07825823,   30.43262415,      8.0386713 ], [  -87.61848531,   11.51408499,   -1.89272113,   -8.0330064 ,      6.12717066,   -4.88526742,    6.41435511,    4.68629372,     16.66280053,   16.66379615,   30.43262415,  103.35094704,     27.53386506], [   -7.24950229,  -59.86775591,   54.65454473,    1.74202801,      6.96551325,   12.7636845 ,    4.11024685,   16.57057547,     -4.82979144,   17.18238428,    8.0386713 ,   27.53386506,     90.0976255 ]]
/root/sim/music/out/エレファントカシマシ/町を見下ろす丘/08_雨の日に_.mp3; [-581.5564    , 130.5912    ,   4.7832704 ,  28.97306   ,   3.9034414 ,    3.2733922 ,  -9.3322315 ,   0.55981517,  -4.1093063 ,  -0.40798596,   -4.5440946 ,  -5.3400702 ,  -6.290357  ]; [[12705.69793352, -232.23534374, -693.83008703, -369.33917343,   -367.63476092,  -84.40942818, -218.17525653,   98.43822145,     22.29254753,  118.66968079,  -29.65924709,  -29.410701  ,      1.09065517], [ -232.23534374, 1255.58711246,  -96.76998861,   32.98670507,     63.62812319,  -52.62675184,   45.08442634,   -2.00717339,    -34.44938755,  -14.86234773,    7.52958947,    2.33230725,    -26.08794793], [ -693.83008703,  -96.76998861,  555.78213969,  145.83801646,     35.79109307,   64.68426775,   12.91481468,  -16.05365101,    -16.96546563,   -4.32359538,   21.20567922,    9.93405709,     24.13733017], [ -369.33917343,   32.98670507,  145.83801646,  338.70922817,     97.35104354,    9.56957649,  -49.8508315 ,  -16.23331312,     42.3222199 ,  -31.22665212,  -12.72423493,    0.0691377 ,     27.31167161], [ -367.63476092,   63.62812319,   35.79109307,   97.35104354,    196.58847227,    4.11740514,  -45.8016479 ,  -21.16668497,     22.18409099,    6.51046511,  -11.90546725,   16.15059535,     24.26566046], [  -84.40942818,  -52.62675184,   64.68426775,    9.56957649,      4.11740514,  152.31317627,   47.75713694,    8.45025351,     21.29779024,   -3.43314117,   14.18156377,   -9.89886221,    -15.69507359], [ -218.17525653,   45.08442634,   12.91481468,  -49.8508315 ,    -45.8016479 ,   47.75713694,  168.22692421,   60.80961996,    -20.86717768,    5.08638864,   26.20388975,   -2.24664039,     -6.21581911], [   98.43822145,   -2.00717339,  -16.05365101,  -16.23331312,    -21.16668497,    8.45025351,   60.80961996,  101.651925  ,     13.15881186,    6.60101347,    0.51359285,   -3.29186593,      5.44207089], [   22.29254753,  -34.44938755,  -16.96546563,   42.3222199 ,     22.18409099,   21.29779024,  -20.86717768,   13.15881186,    122.45801958,    7.11822791,   -1.1840256 ,   -4.83976633,     -9.72284008], [  118.66968079,  -14.86234773,   -4.32359538,  -31.22665212,      6.51046511,   -3.43314117,    5.08638864,    6.60101347,      7.11822791,   97.55121049,   19.92369341,   -1.90856786,      1.93548285], [  -29.65924709,    7.52958947,   21.20567922,  -12.72423493,    -11.90546725,   14.18156377,   26.20388975,    0.51359285,     -1.1840256 ,   19.92369341,   81.4687852 ,   30.89628482,     -0.42761801], [  -29.410701  ,    2.33230725,    9.93405709,    0.0691377 ,     16.15059535,   -9.89886221,   -2.24664039,   -3.29186593,     -4.83976633,   -1.90856786,   30.89628482,   89.94183274,     33.97408397], [    1.09065517,  -26.08794793,   24.13733017,   27.31167161,     24.26566046,  -15.69507359,   -6.21581911,    5.44207089,     -9.72284008,    1.93548285,   -0.42761801,   33.97408397,     78.478666  ]]
/root/sim/music/out/エレファントカシマシ/町を見下ろす丘/07_人生の午後に.mp3; [-679.6592   , 161.77728  ,  19.55638  ,  40.71795  ,  14.045191 ,    1.5546063,  -4.4804235,   5.6768517,  -2.8724246,  -1.2124394,   -3.805438 ,  -8.247007 ,  -7.8140864]; [[19005.73044753,-2753.18173421,-2145.28202246, -976.7068938 ,   -319.20202582, -200.16425679, -141.78690206,  369.37935926,   -110.86434094,  228.42525632, -111.41894685, -130.67648655,   -226.28704962], [-2753.18173421, 2192.36740261, -112.06263519,   15.83820059,     67.39772697, -119.44995116,   53.08249677,  -14.77864918,     44.76906378,  -25.60657758,   14.80718823,  -31.36347154,    -28.76325607], [-2145.28202246, -112.06263519, 1136.56911884,  177.36049862,     11.54501204,  204.42561565,   52.17493014,  -36.30786766,    -10.655419  ,  -26.93181199,   43.62681041,   55.75689907,     87.33392278], [ -976.7068938 ,   15.83820059,  177.36049862,  482.21453082,    100.94498828,    4.18334525,  -24.94329002,  -31.32159696,     29.49791244,  -28.4145526 ,   29.01350823,   35.87599423,     55.55329172], [ -319.20202582,   67.39772697,   11.54501204,  100.94498828,    233.48816895,   -1.12910912,  -18.91715512,    0.21484854,     33.94473366,   21.83546192,   -5.86478395,    8.3622704 ,     14.8039248 ], [ -200.16425679, -119.44995116,  204.42561565,    4.18334525,     -1.12910912,  230.16017362,   64.57367659,   -6.50110647,      8.55322449,    8.32009111,   28.18291808,   -1.06478099,      4.7627477 ], [ -141.78690206,   53.08249677,   52.17493014,  -24.94329002,    -18.91715512,   64.57367659,  158.74702511,   43.47176167,    -18.84646481,   -1.19476154,   16.72461939,   -0.10542086,      1.21464974], [  369.37935926,  -14.77864918,  -36.30786766,  -31.32159696,      0.21484854,   -6.50110647,   43.47176167,  130.6743662 ,      5.19111304,    1.11028441,   -0.72399239,   -1.99763922,      2.14940514], [ -110.86434094,   44.76906378,  -10.655419  ,   29.49791244,     33.94473366,    8.55322449,  -18.84646481,    5.19111304,    140.76112946,   14.6616216 ,    1.01909841,  -14.25978152,    -16.91028285], [  228.42525632,  -25.60657758,  -26.93181199,  -28.4145526 ,     21.83546192,    8.32009111,   -1.19476154,    1.11028441,     14.6616216 ,  104.32822481,   19.63849648,   -6.2799353 ,     -6.87127308], [ -111.41894685,   14.80718823,   43.62681041,   29.01350823,     -5.86478395,   28.18291808,   16.72461939,   -0.72399239,      1.01909841,   19.63849648,   95.17264006,   23.93788279,      3.33518338], [ -130.67648655,  -31.36347154,   55.75689907,   35.87599423,      8.3622704 ,   -1.06478099,   -0.10542086,   -1.99763922,    -14.25978152,   -6.2799353 ,   23.93788279,   99.63410624,     39.58781146], [ -226.28704962,  -28.76325607,   87.33392278,   55.55329172,     14.8039248 ,    4.7627477 ,    1.21464974,    2.14940514,    -16.91028285,   -6.87127308,    3.33518338,   39.58781146,     92.0247801 ]]
/root/sim/music/out/エレファントカシマシ/町を見下ろす丘/04_すまねえ魂.mp3; [-581.2966   , 136.9499   ,   1.8902665,  30.459387 ,   7.634978 ,    1.2868116,  -5.5799932,   2.5482385,  -4.4856863,  -1.9569722,   -5.599097 ,  -6.5618725,  -5.4689503]; [[10694.67188141,   85.96941371,  -97.23617639, -271.67748461,     14.83509804,   11.04909671,  -68.75352192,   30.47986862,    -74.73207702,   22.44157732, -162.10075286,  -96.08874953,   -120.269671  ], [   85.96941371, 1293.5504471 , -457.10718576,   88.94626642,     17.76548223, -106.92026613,  -26.0691797 ,    2.06625228,    -33.17834312,  -33.58834896,   20.45806312,   -8.01779314,      4.65486535], [  -97.23617639, -457.10718576,  570.44165141,  100.22859555,     33.76841574,   77.59097004,   18.42324967,   16.1723882 ,     14.3061585 ,   10.80749923,   30.58154671,   22.05019547,     12.83572536], [ -271.67748461,   88.94626642,  100.22859555,  281.52350798,     21.23186387,   28.303092  ,   -8.3931983 ,    6.77060178,     13.98307803,  -20.17949936,   12.26364097,    2.33496789,     26.29591304], [   14.83509804,   17.76548223,   33.76841574,   21.23186387,    149.11766385,   13.18024544,   -4.7803805 ,    2.28050518,     17.81430473,   25.35254413,    4.62601427,   10.71305853,     12.93905234], [   11.04909671, -106.92026613,   77.59097004,   28.303092  ,     13.18024544,  128.04954992,   42.33182164,   15.78637435,     20.50713545,   13.04489272,   20.14610235,    7.08442157,      8.57548368], [  -68.75352192,  -26.0691797 ,   18.42324967,   -8.3931983 ,     -4.7803805 ,   42.33182164,  104.45233944,   30.87470943,      9.44534573,    4.6997075 ,   17.82310578,   12.84282393,     -0.44713166], [   30.47986862,    2.06625228,   16.1723882 ,    6.77060178,      2.28050518,   15.78637435,   30.87470943,   80.18183963,     22.08765801,    5.66885885,   -1.18704693,    0.74250982,      6.27689119], [  -74.73207702,  -33.17834312,   14.3061585 ,   13.98307803,     17.81430473,   20.50713545,    9.44534573,   22.08765801,     84.3472352 ,   21.7240305 ,    8.6506106 ,   -3.7288614 ,      3.6905958 ], [   22.44157732,  -33.58834896,   10.80749923,  -20.17949936,     25.35254413,   13.04489272,    4.6997075 ,    5.66885885,     21.7240305 ,   88.42131347,   20.3162263 ,    1.25039463,     -6.4352254 ], [ -162.10075286,   20.45806312,   30.58154671,   12.26364097,      4.62601427,   20.14610235,   17.82310578,   -1.18704693,      8.6506106 ,   20.3162263 ,   72.76758947,   28.14846504,      1.63147097], [  -96.08874953,   -8.01779314,   22.05019547,    2.33496789,     10.71305853,    7.08442157,   12.84282393,    0.74250982,     -3.7288614 ,    1.25039463,   28.14846504,   62.84059181,     20.08141913], [ -120.269671  ,    4.65486535,   12.83572536,   26.29591304,     12.93905234,    8.57548368,   -0.44713166,    6.27689119,      3.6905958 ,   -6.4352254 ,    1.63147097,   20.08141913,     61.08632081]]
/root/sim/music/out/エレファントカシマシ/愛と夢/05_ヒトコイシクテ、アイヲモトメテ.mp3; [-561.2124    , 138.53311   ,  -0.78795666,  23.224028  ,   2.8327148 ,   -1.8267646 ,  -3.314154  ,   4.778358  ,  -1.850336  ,   2.9084475 ,   -1.3293269 ,  -2.5483053 ,  -2.502756  ]; [[16381.92958178, -613.87104797, -870.86702908, -426.63772557,   -361.10592871, -260.08234228, -118.23643864,  102.09555489,   -238.46613411,   -0.53839505, -200.85278195,  -23.78765978,    -99.25683621], [ -613.87104797, 1339.21323193, -212.20366292,  149.57263869,     17.99365867,  -25.8474595 ,   24.52621373,  -10.11950061,     36.46990437,   21.9787006 ,   75.43279428,  -21.42021926,     25.82104704], [ -870.86702908, -212.20366292,  745.1681949 ,  -22.66708942,     69.36442285,   66.13654438,   39.73897628,   39.10524973,     32.5389593 ,   65.74556428,    7.81478127,   52.37491914,     12.63062066], [ -426.63772557,  149.57263869,  -22.66708942,  247.99294133,     68.03725489,   60.04074342,  -33.92301538,  -19.23453301,     44.62068717,  -32.64016479,   10.02028387,    7.80582639,     25.47574855], [ -361.10592871,   17.99365867,   69.36442285,   68.03725489,    161.49309411,   30.00919197,    5.81038084,    0.00137091,     17.59324951,   25.57473916,    9.42492803,   17.24312808,     15.63096621], [ -260.08234228,  -25.8474595 ,   66.13654438,   60.04074342,     30.00919197,  144.68328888,   31.70333332,    3.08661585,     22.91890636,  -11.11385481,   13.36570273,   24.70579096,     -4.69530716], [ -118.23643864,   24.52621373,   39.73897628,  -33.92301538,      5.81038084,   31.70333332,  114.54085394,   48.64095205,     -0.27320476,   15.64070311,   11.60835873,   10.57024669,     -4.58484781], [  102.09555489,  -10.11950061,   39.10524973,  -19.23453301,      0.00137091,    3.08661585,   48.64095205,   82.69540584,     14.48445021,   21.45367128,   -1.74063702,    1.31631863,     -0.49574018], [ -238.46613411,   36.46990437,   32.5389593 ,   44.62068717,     17.59324951,   22.91890636,   -0.27320476,   14.48445021,     89.96996696,   21.24944348,   18.59208389,   -3.75389021,     -8.03553711], [   -0.53839505,   21.9787006 ,   65.74556428,  -32.64016479,     25.57473916,  -11.11385481,   15.64070311,   21.45367128,     21.24944348,  100.35625163,   34.0112888 ,    9.60703909,     -1.85113599], [ -200.85278195,   75.43279428,    7.81478127,   10.02028387,      9.42492803,   13.36570273,   11.60835873,   -1.74063702,     18.59208389,   34.0112888 ,   74.44674273,   27.27731819,      7.53477733], [  -23.78765978,  -21.42021926,   52.37491914,    7.80582639,     17.24312808,   24.70579096,   10.57024669,    1.31631863,     -3.75389021,    9.60703909,   27.27731819,   66.4375735 ,     26.54241413], [  -99.25683621,   25.82104704,   12.63062066,   25.47574855,     15.63096621,   -4.69530716,   -4.58484781,   -0.49574018,     -8.03553711,   -1.85113599,    7.53477733,   26.54241413,     68.99675673]]
/root/sim/music/out/エレファントカシマシ/愛と夢/01_good-bye-mama.mp3; [-593.8627    , 132.78094   , -10.620344  ,  17.491148  ,   2.6224585 ,   -7.21501   ,  -3.625061  ,   3.167136  ,  -0.88171685,  -0.5020635 ,   -6.8400083 ,  -0.00356654,  -2.9885812 ]; [[22439.01785021, 2295.99664897,   93.26866964,  411.11793493,   -113.31020754,  142.84781925,   62.31919946,  354.47723889,      4.12989693,  215.63237032, -179.60974785,  208.98721423,     59.96218016], [ 2295.99664897, 1940.43660413, -624.69043072,  169.55218067,     16.97351591,  -56.12207984,  102.6455223 ,   31.62765775,     79.72414367,   17.13646696,   14.84727771,   40.39679957,     17.01117678], [   93.26866964, -624.69043072,  613.15389003,  -64.92387315,    -28.15968323,   53.14617616,  -49.49228662,   16.06997304,    -42.71836475,   14.98850808,    9.7289392 ,    2.52661683,     -6.51792992], [  411.11793493,  169.55218067,  -64.92387315,  332.057125  ,     58.91709105,   59.48597396,   89.18119824,   68.62399282,     66.37337467,   14.61784086,   32.48569453,   42.31822316,     48.98152538], [ -113.31020754,   16.97351591,  -28.15968323,   58.91709105,    184.83734554,   51.95354154,   21.42587029,   31.55420002,     33.92328942,   -7.41025044,  -39.26464946,   -8.82557772,     22.89421403], [  142.84781925,  -56.12207984,   53.14617616,   59.48597396,     51.95354154,  162.867447  ,   46.53010877,   42.97151775,     43.37036156,   -5.59615212,   11.43761789,   16.18134083,      6.6162749 ], [   62.31919946,  102.6455223 ,  -49.49228662,   89.18119824,     21.42587029,   46.53010877,  137.50039023,   57.74649387,     20.26114557,   23.94130049,   27.01422794,   31.42891153,     23.15605893], [  354.47723889,   31.62765775,   16.06997304,   68.62399282,     31.55420002,   42.97151775,   57.74649387,   99.56837517,     35.1312834 ,   19.05574007,    3.95396837,   27.01542863,     28.37334659], [    4.12989693,   79.72414367,  -42.71836475,   66.37337467,     33.92328942,   43.37036156,   20.26114557,   35.1312834 ,    115.74685515,    5.09818684,   11.39976474,   12.75445724,     12.16650407], [  215.63237032,   17.13646696,   14.98850808,   14.61784086,     -7.41025044,   -5.59615212,   23.94130049,   19.05574007,      5.09818684,  113.2855213 ,   54.32466098,   33.009437  ,     20.68144083], [ -179.60974785,   14.84727771,    9.7289392 ,   32.48569453,    -39.26464946,   11.43761789,   27.01422794,    3.95396837,     11.39976474,   54.32466098,  113.06048524,   53.68589104,     12.69636262], [  208.98721423,   40.39679957,    2.52661683,   42.31822316,     -8.82557772,   16.18134083,   31.42891153,   27.01542863,     12.75445724,   33.009437  ,   53.68589104,   87.86717352,     39.19445422], [   59.96218016,   17.01117678,   -6.51792992,   48.98152538,     22.89421403,    6.6162749 ,   23.15605893,   28.37334659,     12.16650407,   20.68144083,   12.69636262,   39.19445422,     80.35681651]]
/root/sim/music/out/エレファントカシマシ/愛と夢/10_はじまりは今.mp3; [-570.7015   , 101.47013  ,  14.507415 ,  26.904366 ,  10.068821 ,    3.7522297,   6.285024 ,   4.7601895,   0.7283649,   3.629018 ,    3.1418962,  -2.569664 ,  -3.3220446]; [[19574.08910328,  801.87521974,  781.47393846,   85.67492331,    -56.7666247 ,   33.36473469,  303.80948637,  365.40557197,    125.10036727,  188.53307253,  106.43555668,  107.77315992,    -56.51693972], [  801.87521974,  975.48879559, -270.52932218,   60.12881712,     24.59076989,  -76.85983254,   26.1047563 ,   11.53353987,    -15.95184715,   19.42438672,   32.09405044,  -29.04898093,     -4.80153332], [  781.47393846, -270.52932218,  475.44543665,   21.77572001,    -26.20560589,   84.65804182,   27.11387449,   -0.49735828,     26.56335192,    6.60526351,   14.06703246,   54.10386996,     41.78676103], [   85.67492331,   60.12881712,   21.77572001,  235.47916681,    105.57269967,   22.47259885,  -52.75280356,  -34.0449558 ,      4.25282495,  -16.37682326,  -15.53723837,    4.45674323,     45.77693397], [  -56.7666247 ,   24.59076989,  -26.20560589,  105.57269967,    211.46559466,    6.21196628,  -45.29101245,  -27.25167811,      0.35060673,   -9.30820116,  -17.00922797,   -9.18038123,     21.68858893], [   33.36473469,  -76.85983254,   84.65804182,   22.47259885,      6.21196628,  151.1634772 ,   31.2763782 ,  -14.30475171,      9.89959682,   -2.44549206,   -0.89667951,   16.9409855 ,      6.3995533 ], [  303.80948637,   26.1047563 ,   27.11387449,  -52.75280356,    -45.29101245,   31.2763782 ,  146.62689703,   82.2710512 ,     -2.17414559,   16.1156506 ,   16.12568878,    6.90087024,    -12.34951043], [  365.40557197,   11.53353987,   -0.49735828,  -34.0449558 ,    -27.25167811,  -14.30475171,   82.2710512 ,  128.45699732,     22.13026666,   16.25461841,    7.62883805,   -3.2077089 ,    -11.3870841 ], [  125.10036727,  -15.95184715,   26.56335192,    4.25282495,      0.35060673,    9.89959682,   -2.17414559,   22.13026666,     87.28240142,   34.91819356,   16.79173461,   10.79661674,      2.93878095], [  188.53307253,   19.42438672,    6.60526351,  -16.37682326,     -9.30820116,   -2.44549206,   16.1156506 ,   16.25461841,     34.91819356,   89.20764767,   47.4695115 ,   15.17248612,     -2.7103317 ], [  106.43555668,   32.09405044,   14.06703246,  -15.53723837,    -17.00922797,   -0.89667951,   16.12568878,    7.62883805,     16.79173461,   47.4695115 ,   89.20685178,   29.47970805,     -4.50161808], [  107.77315992,  -29.04898093,   54.10386996,    4.45674323,     -9.18038123,   16.9409855 ,    6.90087024,   -3.2077089 ,     10.79661674,   15.17248612,   29.47970805,   68.61820399,     28.77119705], [  -56.51693972,   -4.80153332,   41.78676103,   45.77693397,     21.68858893,    6.3995533 ,  -12.34951043,  -11.3870841 ,      2.93878095,   -2.7103317 ,   -4.50161808,   28.77119705,     76.07266335]]
/root/sim/music/out/エレファントカシマシ/愛と夢/04_夢のかけら.mp3; [-564.31915  , 145.1155   ,  -2.515788 ,  27.602234 ,   3.0263257,   -5.3813396,  -2.2414222,   5.753138 ,  -1.5367653,   1.8766285,   -1.6391844,   1.4741205,   1.1824148]; [[17119.44691142,  142.4781356 ,-1125.76654262,   -4.04218155,   -238.25994826, -109.94208143,  -76.22344288,   58.60090671,    -79.23889702,   72.38342352,  -25.77157852,   81.37938601,     19.21707593], [  142.4781356 , 1389.58456444, -322.95751298,   31.50604598,     -4.54575202, -119.38514025,   67.95916389,   23.46464641,     -2.75449554,    2.31343013,   35.98822362,   19.76550339,     43.76652397], [-1125.76654262, -322.95751298,  662.60225284,   12.72106975,     26.51211199,   67.40277145,  -14.75922166,   18.93004677,     -4.05584003,    6.4178357 ,  -26.10797005,  -15.77300414,     -4.64328617], [   -4.04218155,   31.50604598,   12.72106975,  262.26730595,     69.32308866,   62.66367672,  -43.16509351,    0.44693928,     41.27795105,  -46.72451215,   -9.3251763 ,   -4.04124244,     24.26463721], [ -238.25994826,   -4.54575202,   26.51211199,   69.32308866,    153.459907  ,   12.06572474,  -12.99032848,  -14.10266622,      9.70493148,    5.92438355,  -15.64137968,   -7.15264956,     -5.00582193], [ -109.94208143, -119.38514025,   67.40277145,   62.66367672,     12.06572474,  147.10462828,   13.99032379,    7.02109532,     34.20391918,  -22.74473316,   16.9944405 ,    4.37595838,    -12.80814467], [  -76.22344288,   67.95916389,  -14.75922166,  -43.16509351,    -12.99032848,   13.99032379,  119.88356117,   30.73374733,     -4.53944211,   21.93265642,   15.32899226,    5.16836311,     -2.53615372], [   58.60090671,   23.46464641,   18.93004677,    0.44693928,    -14.10266622,    7.02109532,   30.73374733,   72.67928471,      7.78485821,   -2.48983632,   -5.91764509,    4.13353451,     13.57064818], [  -79.23889702,   -2.75449554,   -4.05584003,   41.27795105,      9.70493148,   34.20391918,   -4.53944211,    7.78485821,     92.62459782,   -0.73700396,   19.00863063,    6.97802977,     -1.03884372], [   72.38342352,    2.31343013,    6.4178357 ,  -46.72451215,      5.92438355,  -22.74473316,   21.93265642,   -2.48983632,     -0.73700396,   99.2208741 ,   28.39109234,    0.7861772 ,    -11.51061797], [  -25.77157852,   35.98822362,  -26.10797005,   -9.3251763 ,    -15.64137968,   16.9944405 ,   15.32899226,   -5.91764509,     19.00863063,   28.39109234,   79.75050176,   22.19603096,     -5.51920778], [   81.37938601,   19.76550339,  -15.77300414,   -4.04124244,     -7.15264956,    4.37595838,    5.16836311,    4.13353451,      6.97802977,    0.7861772 ,   22.19603096,   57.66052342,     20.07251447], [   19.21707593,   43.76652397,   -4.64328617,   24.26463721,     -5.00582193,  -12.80814467,   -2.53615372,   13.57064818,     -1.03884372,  -11.51061797,   -5.51920778,   20.07251447,     72.57459274]]
/root/sim/music/out/エレファントカシマシ/愛と夢/11_おまえとふたりきり.mp3; [-638.8337    , 143.92465   , -10.291984  ,  26.279192  ,   9.363573  ,   -5.483521  ,  -3.7485814 ,   0.9945379 ,  -5.9566193 ,  -1.0482864 ,   -0.29366472,   0.91212994,  -2.7852585 ]; [[23011.21837231,  293.48270434,  632.54694998,  556.5496508 ,   -638.78560173, -431.6111587 ,  -59.84565866,  -34.00042786,     82.63784766,  312.43140152, -240.85094702, -395.53254143,     -8.6589877 ], [  293.48270434, 1967.99696233, -423.99692813,  115.47429045,    -81.84517263,  -74.21243534,   25.64148372,  -13.94546076,    -69.81462332,  -45.46108932,   26.67832107,   26.97449492,      1.4800891 ], [  632.54694998, -423.99692813,  931.87741484,   16.04693661,   -141.54499759,    2.56336823,   40.15006386,  -57.15440536,    -69.07433596,   77.30658183,  -81.54390742,  -60.68597996,     -2.41396659], [  556.5496508 ,  115.47429045,   16.04693661,  342.98186698,     11.71446057,   95.05196713,  -12.6152538 ,   11.78181721,     61.91455794,  -38.23381822,  -20.35497466,   -3.41420974,     22.66490071], [ -638.78560173,  -81.84517263, -141.54499759,   11.71446057,    295.07877861,   26.99012132,   -5.76528182,   27.65459758,     25.83683767,  -22.48875291,   36.93449979,   35.35250558,     24.92280202], [ -431.6111587 ,  -74.21243534,    2.56336823,   95.05196713,     26.99012132,  203.24020911,   16.30589983,   13.10941081,     65.38598093,  -32.14668805,   14.97912245,   33.19840945,      5.92160999], [  -59.84565866,   25.64148372,   40.15006386,  -12.6152538 ,     -5.76528182,   16.30589983,  137.18225581,   39.3158519 ,      6.14708215,   34.33039063,   22.43445828,   14.0047928 ,     -3.79582977], [  -34.00042786,  -13.94546076,  -57.15440536,   11.78181721,     27.65459758,   13.10941081,   39.3158519 ,  114.27323082,     30.47578487,   15.35143603,   18.07028812,   26.13400317,     22.83545362], [   82.63784766,  -69.81462332,  -69.07433596,   61.91455794,     25.83683767,   65.38598093,    6.14708215,   30.47578487,    134.40327851,    0.78974649,   20.23101676,   15.3327572 ,     20.42121837], [  312.43140152,  -45.46108932,   77.30658183,  -38.23381822,    -22.48875291,  -32.14668805,   34.33039063,   15.35143603,      0.78974649,  134.22276362,    6.83108101,  -11.24688188,      3.51065035], [ -240.85094702,   26.67832107,  -81.54390742,  -20.35497466,     36.93449979,   14.97912245,   22.43445828,   18.07028812,     20.23101676,    6.83108101,   96.26461082,   39.48906757,     -2.44481607], [ -395.53254143,   26.97449492,  -60.68597996,   -3.41420974,     35.35250558,   33.19840945,   14.0047928 ,   26.13400317,     15.3327572 ,  -11.24688188,   39.48906757,   83.77941484,     10.54412364], [   -8.6589877 ,    1.4800891 ,   -2.41396659,   22.66490071,     24.92280202,    5.92160999,   -3.79582977,   22.83545362,     20.42121837,    3.51065035,   -2.44481607,   10.54412364,     74.48627481]]
/root/sim/music/out/エレファントカシマシ/愛と夢/08_ココロのままに.mp3; [-541.85077   , 113.47357   ,  -5.521562  ,  19.37682   ,  -0.28697628,   -4.6094565 , -10.428028  ,   2.7199385 ,  -3.4361744 ,   0.7676924 ,    0.11947752,   2.9177196 ,  -3.0618436 ]; [[18041.51951373, -325.84267757,  118.38539924,  762.20417343,    328.51736004,  831.49536491,  273.40409477,  569.41278537,    256.47621034,  584.01305744,  236.67975455,  425.49862859,     58.41988618], [ -325.84267757, 1179.14997454, -313.23818951,   -4.39609074,    -63.8557768 , -116.81574112,  -18.80481606,  -27.75785455,    -17.34203581,  -68.68340893,  -19.36496574,  -63.74233013,    -21.14477228], [  118.38539924, -313.23818951,  553.26838712,   26.71830065,     83.43424336,   97.33361695,   41.74162911,   38.34521621,     34.63514398,   58.0321894 ,    7.74555275,   39.72129034,     10.81290748], [  762.20417343,   -4.39609074,   26.71830065,  299.30904379,     74.70336441,  109.08304397,   21.66653203,   48.26088803,     78.17822136,   50.46530454,   33.63164807,   30.83896006,     41.30151809], [  328.51736004,  -63.8557768 ,   83.43424336,   74.70336441,    168.42921567,   65.69122267,   26.54776546,   22.23632146,     46.33188424,   41.07020602,   16.11476464,   21.97743145,     18.60387701], [  831.49536491, -116.81574112,   97.33361695,  109.08304397,     65.69122267,  223.59621393,  108.61335002,  105.82076612,     57.474985  ,   96.77324398,   35.65423198,   49.87806372,      8.22711969], [  273.40409477,  -18.80481606,   41.74162911,   21.66653203,     26.54776546,  108.61335002,  145.73205242,   85.94475854,     24.64993678,   51.19786564,   22.67438661,   24.94488838,      4.33591279], [  569.41278537,  -27.75785455,   38.34521621,   48.26088803,     22.23632146,  105.82076612,   85.94475854,  129.33377733,     49.67765082,   74.5363492 ,   24.85582069,   37.15237791,      7.03183928], [  256.47621034,  -17.34203581,   34.63514398,   78.17822136,     46.33188424,   57.474985  ,   24.64993678,   49.67765082,    106.55999284,   61.84394485,   33.19867574,   14.75950066,     16.4031185 ], [  584.01305744,  -68.68340893,   58.0321894 ,   50.46530454,     41.07020602,   96.77324398,   51.19786564,   74.5363492 ,     61.84394485,  140.63760492,   48.76031299,   45.11519211,      3.86218611], [  236.67975455,  -19.36496574,    7.74555275,   33.63164807,     16.11476464,   35.65423198,   22.67438661,   24.85582069,     33.19867574,   48.76031299,   76.85801637,   38.63719336,     13.51686972], [  425.49862859,  -63.74233013,   39.72129034,   30.83896006,     21.97743145,   49.87806372,   24.94488838,   37.15237791,     14.75950066,   45.11519211,   38.63719336,   84.20401595,     30.8264488 ], [   58.41988618,  -21.14477228,   10.81290748,   41.30151809,     18.60387701,    8.22711969,    4.33591279,    7.03183928,     16.4031185 ,    3.86218611,   13.51686972,   30.8264488 ,     69.78846339]]
