/root/sim/music/out/エレファントカシマシ/ココロに花を/10_Baby自転車.mp3; [-557.8834    , 124.89623   , -10.2820425 ,  26.326298  ,   4.6783237 ,    4.97338   ,  -4.448137  ,   9.474899  ,   5.2263227 ,   3.0060043 ,    2.7153184 ,  -2.77729   ,  -0.81194955]; [[16477.24759217,  -81.48793725, -463.19061209,  568.69591616,   -170.8229266 ,  292.71493964,  -39.06500056,  294.72832349,    221.62734782,  160.07181714,  202.40199573,   71.76061264,    112.45451302], [  -81.48793725, 1523.06711035, -228.43215284,   43.73977792,     96.26303298,  -84.391763  ,   66.92225861,   22.67468933,     -5.85441615,   -7.07413092,    1.94904303,  -26.47097636,    -10.5451238 ], [ -463.19061209, -228.43215284,  484.15157843,    1.97484218,     -8.87365933,   26.91644918,  -27.19811778,    0.52480062,    -15.67296557,  -15.27792941,  -32.1225289 ,   -0.71889243,     -6.39334347], [  568.69591616,   43.73977792,    1.97484218,  229.99105198,     69.21279505,   36.32010833,  -16.84905948,   20.18478713,     19.14695729,    4.02069976,   -5.71613418,    1.96595214,     19.32369323], [ -170.8229266 ,   96.26303298,   -8.87365933,   69.21279505,    170.66402097,   12.2880605 ,   -1.36392008,  -20.30815817,     16.74878933,    6.78324814,   -7.52923078,   -2.66592   ,      3.10033256], [  292.71493964,  -84.391763  ,   26.91644918,   36.32010833,     12.2880605 ,  147.61937545,   23.64365066,   25.22708146,      2.9705603 ,    4.03587004,   10.76383366,   13.78943351,    -12.15273354], [  -39.06500056,   66.92225861,  -27.19811778,  -16.84905948,     -1.36392008,   23.64365066,  120.25745199,   47.44927998,     -1.05437743,   -4.73765771,    9.67325954,   12.27002499,      3.22952612], [  294.72832349,   22.67468933,    0.52480062,   20.18478713,    -20.30815817,   25.22708146,   47.44927998,   86.55165035,     20.76164126,    2.9881692 ,    2.76968209,    6.63409008,      2.19410001], [  221.62734782,   -5.85441615,  -15.67296557,   19.14695729,     16.74878933,    2.9705603 ,   -1.05437743,   20.76164126,     71.4139148 ,   32.7547129 ,   12.38951409,    1.30085759,      1.28667426], [  160.07181714,   -7.07413092,  -15.27792941,    4.02069976,      6.78324814,    4.03587004,   -4.73765771,    2.9881692 ,     32.7547129 ,   72.36501518,   28.46798851,    7.09919623,      0.7365554 ], [  202.40199573,    1.94904303,  -32.1225289 ,   -5.71613418,     -7.52923078,   10.76383366,    9.67325954,    2.76968209,     12.38951409,   28.46798851,   63.6305873 ,   24.71554359,      1.08065104], [   71.76061264,  -26.47097636,   -0.71889243,    1.96595214,     -2.66592   ,   13.78943351,   12.27002499,    6.63409008,      1.30085759,    7.09919623,   24.71554359,   55.02296189,     19.83076041], [  112.45451302,  -10.5451238 ,   -6.39334347,   19.32369323,      3.10033256,  -12.15273354,    3.22952612,    2.19410001,      1.28667426,    0.7365554 ,    1.08065104,   19.83076041,     59.47530284]]
/root/sim/music/out/エレファントカシマシ/ココロに花を/04_孤独な旅人.mp3; [-571.3611    , 134.46774   ,   1.086837  ,  29.51929   ,   4.5334973 ,    1.1038636 ,  -7.725507  ,   4.2331057 ,  -4.6011786 ,  -0.43434498,   -3.8850574 ,  -5.844392  ,  -1.6734662 ]; [[13070.90814009,-1152.86835932, -600.54248542, -586.08584302,   -400.51002638,    6.50815694, -156.73602745,  203.56783639,   -230.8095416 ,   36.99110704,  -49.58108687,  -96.34223442,     22.98256637], [-1152.86835932, 1016.46344006, -184.34725167,  133.54477052,      9.57398086,  -92.93641647,   37.31861716,  -44.02211479,     26.11951474,  -15.52002123,    1.71868034,   12.52930389,     -4.3798832 ], [ -600.54248542, -184.34725167,  520.71757061,  -42.3811821 ,     78.2695036 ,   55.95976159,   10.24224088,   18.61339211,     16.82551939,   36.04809351,   52.48733147,   28.47495595,     11.24437477], [ -586.08584302,  133.54477052,  -42.3811821 ,  334.6153762 ,     78.42762339,   39.75202045,   -5.35629315,  -44.72650069,     76.30339719,  -17.51186671,  -15.26562475,   18.79419917,      3.56967585], [ -400.51002638,    9.57398086,   78.2695036 ,   78.42762339,    176.8094891 ,   40.21706503,   -3.27935957,  -32.01729674,     35.35958482,   19.61361054,   12.90707291,   17.97721219,      0.28948684], [    6.50815694,  -92.93641647,   55.95976159,   39.75202045,     40.21706503,  152.66796477,   43.23210523,   25.08187368,     15.52430181,   22.7427456 ,   18.1159031 ,   10.65564063,     -2.00846107], [ -156.73602745,   37.31861716,   10.24224088,   -5.35629315,     -3.27935957,   43.23210523,  146.37463775,   60.36624933,     16.57911135,    0.15103337,   10.8829027 ,   13.52814841,     -5.60117293], [  203.56783639,  -44.02211479,   18.61339211,  -44.72650069,    -32.01729674,   25.08187368,   60.36624933,  114.21285216,      6.08950422,   17.73999832,    0.14454462,    0.29475727,      2.50559782], [ -230.8095416 ,   26.11951474,   16.82551939,   76.30339719,     35.35958482,   15.52430181,   16.57911135,    6.08950422,    113.8270564 ,   17.63217193,    3.25220188,   -1.38342524,    -11.41387118], [   36.99110704,  -15.52002123,   36.04809351,  -17.51186671,     19.61361054,   22.7427456 ,    0.15103337,   17.73999832,     17.63217193,   96.20696486,   41.25168585,   13.8943221 ,     -4.99475808], [  -49.58108687,    1.71868034,   52.48733147,  -15.26562475,     12.90707291,   18.1159031 ,   10.8829027 ,    0.14454462,      3.25220188,   41.25168585,   80.03477464,   33.59157998,      8.75019046], [  -96.34223442,   12.52930389,   28.47495595,   18.79419917,     17.97721219,   10.65564063,   13.52814841,    0.29475727,     -1.38342524,   13.8943221 ,   33.59157998,   71.59480497,     26.75410832], [   22.98256637,   -4.3798832 ,   11.24437477,    3.56967585,      0.28948684,   -2.00846107,   -5.60117293,    2.50559782,    -11.41387118,   -4.99475808,    8.75019046,   26.75410832,     68.0975896 ]]
/root/sim/music/out/エレファントカシマシ/ココロに花を/11_OH_YEAH!_(ココロに花を).mp3; [-595.35675   , 120.618614  ,  -5.466587  ,  33.548325  ,   8.9956875 ,   -0.294193  ,  -0.87426037,   9.069011  ,  -0.00059983,   4.972541  ,   -0.66472185,  -2.8787208 ,   0.39915356]; [[25263.72606708, -706.58841792, -796.66251838,  -64.52345436,    109.73388924,  373.21885708,   78.45575633,  637.05591871,    257.78294285,  532.64721484,  107.89668697, -107.59706717,   -108.05994885], [ -706.58841792, 2031.2992475 , -311.6736342 ,  336.99411922,    -64.69843667, -184.48436196,   22.54961522, -120.25134411,    -60.28793325, -140.78515161,  -50.37902661,  -19.43493909,    -18.1106339 ], [ -796.66251838, -311.6736342 ,  627.69770173, -101.27794796,     64.76273121,   16.43774088,  -41.46566329,   35.71533347,    -23.65739582,    3.39876746,   -0.99378052,   24.88178517,     33.66081341], [  -64.52345436,  336.99411922, -101.27794796,  347.27584232,     53.28026733,   15.45772106,  -19.09783606,  -71.61174104,     33.13679133,  -44.14310025,  -14.85359039,   15.27392959,     12.27323926], [  109.73388924,  -64.69843667,   64.76273121,   53.28026733,    169.43029098,   39.65585649,  -27.54814684,  -21.08487083,      3.95754734,    9.64061191,   -8.0852708 ,    7.60772813,      8.57305534], [  373.21885708, -184.48436196,   16.43774088,   15.45772106,     39.65585649,  155.40688316,   25.40458634,    0.14326686,     48.67937487,   19.90261677,   25.49478626,    8.86653656,    -12.88488392], [   78.45575633,   22.54961522,  -41.46566329,  -19.09783606,    -27.54814684,   25.40458634,   98.65124703,   39.97554075,      3.26087197,   -4.62161501,    5.74176544,    4.20390151,     -8.72643265], [  637.05591871, -120.25134411,   35.71533347,  -71.61174104,    -21.08487083,    0.14326686,   39.97554075,  118.29618293,      2.94816506,   32.67161991,   -5.06356498,   -5.73560315,      3.75948728], [  257.78294285,  -60.28793325,  -23.65739582,   33.13679133,      3.95754734,   48.67937487,    3.26087197,    2.94816506,    127.3142339 ,   30.17234879,   20.22303542,   11.75398835,     -2.25093877], [  532.64721484, -140.78515161,    3.39876746,  -44.14310025,      9.64061191,   19.90261677,   -4.62161501,   32.67161991,     30.17234879,   97.56015016,   33.61196406,    1.4862725 ,     -7.53878807], [  107.89668697,  -50.37902661,   -0.99378052,  -14.85359039,     -8.0852708 ,   25.49478626,    5.74176544,   -5.06356498,     20.22303542,   33.61196406,   73.28227725,   24.6957775 ,     -1.48088778], [ -107.59706717,  -19.43493909,   24.88178517,   15.27392959,      7.60772813,    8.86653656,    4.20390151,   -5.73560315,     11.75398835,    1.4862725 ,   24.6957775 ,   67.35640733,     22.61605998], [ -108.05994885,  -18.1106339 ,   33.66081341,   12.27323926,      8.57305534,  -12.88488392,   -8.72643265,    3.75948728,     -2.25093877,   -7.53878807,   -1.48088778,   22.61605998,     66.61748643]]
/root/sim/music/out/エレファントカシマシ/ココロに花を/06_四月の風.mp3; [-570.84924  , 131.9163   ,  -4.5575533,  27.910563 ,  10.477451 ,   -1.2139232,   1.2163253,   4.1040907,  -0.666686 ,  -0.5900455,   -2.6345298,  -1.2677183,  -2.7597644]; [[13291.39583992, -720.41120745,  319.39927373,   58.59116495,   -445.50419281, -140.36426838,  104.336665  ,  126.21377882,     -3.82473447,  326.37160477,  351.27190312,  166.46090205,   -102.46769956], [ -720.41120745, 1347.82920805, -443.93955359,  125.2047411 ,     47.89103788,  -20.7780285 ,   10.5752589 ,  -25.0683954 ,     -1.64397265,  -79.42451082,  -65.98147007,  -47.04138088,     18.93831886], [  319.39927373, -443.93955359,  486.91699429,  -98.87724005,     64.87414047,    1.02543025,    1.19615321,   11.36442764,    -39.94664398,   21.91893172,   -1.55650173,   -0.19539724,      5.64230804], [   58.59116495,  125.2047411 ,  -98.87724005,  307.62530398,     26.96150919,   -7.18643558,  -44.88069976,  -35.8367927 ,     35.98615611,  -48.10483323,   -6.99641249,   20.14039216,      4.79339984], [ -445.50419281,   47.89103788,   64.87414047,   26.96150919,    172.62479283,   26.21341698,  -20.33860945,  -27.92460548,      0.72986311,  -26.88692291,  -41.23505563,  -22.69446191,      9.74573584], [ -140.36426838,  -20.7780285 ,    1.02543025,   -7.18643558,     26.21341698,  107.68605756,   26.75175307,   20.32924329,    -19.89961611,   -6.60283724,  -13.49255479,  -13.06186992,     -8.68571739], [  104.336665  ,   10.5752589 ,    1.19615321,  -44.88069976,    -20.33860945,   26.75175307,  118.45176108,   46.8424553 ,     -8.17205499,   -3.31741131,    7.58055878,    0.15713493,    -16.98889215], [  126.21377882,  -25.0683954 ,   11.36442764,  -35.8367927 ,    -27.92460548,   20.32924329,   46.8424553 ,   91.41945879,     -1.23696374,   10.53739717,   -5.13215815,   -2.03110505,     -0.95760476], [   -3.82473447,   -1.64397265,  -39.94664398,   35.98615611,      0.72986311,  -19.89961611,   -8.17205499,   -1.23696374,     80.64970062,   12.87582747,   10.92903372,    2.36300479,     -3.95008501], [  326.37160477,  -79.42451082,   21.91893172,  -48.10483323,    -26.88692291,   -6.60283724,   -3.31741131,   10.53739717,     12.87582747,  101.74873634,   33.91486976,   -0.36621505,     -4.82767564], [  351.27190312,  -65.98147007,   -1.55650173,   -6.99641249,    -41.23505563,  -13.49255479,    7.58055878,   -5.13215815,     10.92903372,   33.91486976,   88.59986669,   34.65282793,     -6.09957791], [  166.46090205,  -47.04138088,   -0.19539724,   20.14039216,    -22.69446191,  -13.06186992,    0.15713493,   -2.03110505,      2.36300479,   -0.36621505,   34.65282793,   59.48006339,     12.4273281 ], [ -102.46769956,   18.93831886,    5.64230804,    4.79339984,      9.74573584,   -8.68571739,  -16.98889215,   -0.95760476,     -3.95008501,   -4.82767564,   -6.09957791,   12.4273281 ,     57.73406611]]
/root/sim/music/out/エレファントカシマシ/ココロに花を/01_ドビッシャー男.mp3; [-520.24677   , 115.63526   , -10.9968815 ,  24.739931  ,   4.1633368 ,    6.324363  ,  -2.5903354 ,   8.196101  ,   3.5511792 ,   0.90710783,    0.76689404,  -2.7784698 ,   0.11132941]; [[15546.07627665, -175.36410281, -131.0820745 ,  -38.20070907,    -49.69304292,  294.59802733,    7.43558272,  196.92505229,    -33.17647466,  120.50542546,  117.77553077,  -86.74872903,     -0.67380146], [ -175.36410281, 1381.16648101, -200.36479134,  209.28507759,     50.95745534,  -98.21096386,   21.24574621,    4.98808473,     26.76178972,  -41.94096633,  -39.33799415,   21.97322153,     -7.01561924], [ -131.0820745 , -200.36479134,  463.54345085,  -61.85654299,     69.88456014,   21.57731817,  -39.79284785,   14.55089743,     22.34956275,  -23.46565994,   -1.45073525,   -6.67627898,     20.68839006], [  -38.20070907,  209.28507759,  -61.85654299,  222.28806443,     13.37193502,  -19.51900355,  -37.93330704,  -27.6523548 ,     39.02108541,   12.8078648 ,  -11.84264484,   22.81603233,     21.07139121], [  -49.69304292,   50.95745534,   69.88456014,   13.37193502,    152.05527399,   27.66201262,   -9.63098558,   -1.0661945 ,     20.00996259,   10.40914382,   -5.71782934,  -12.77464842,      8.98355325], [  294.59802733,  -98.21096386,   21.57731817,  -19.51900355,     27.66201262,   96.53632139,   35.26025748,   21.69271337,     -2.96768769,    5.51566511,   15.63375758,   -0.70600892,     -0.93415835], [    7.43558272,   21.24574621,  -39.79284785,  -37.93330704,     -9.63098558,   35.26025748,  124.42678046,   52.6706303 ,    -28.25187466,  -10.23666317,    9.3020536 ,    6.04777649,     -8.64536587], [  196.92505229,    4.98808473,   14.55089743,  -27.6523548 ,     -1.0661945 ,   21.69271337,   52.6706303 ,   87.24510789,      3.99560827,   -2.23217011,    3.13036812,   -6.0811139 ,     -1.28283619], [  -33.17647466,   26.76178972,   22.34956275,   39.02108541,     20.00996259,   -2.96768769,  -28.25187466,    3.99560827,     72.74996367,   26.24542682,   -0.85590332,   -3.34404478,     -1.04534824], [  120.50542546,  -41.94096633,  -23.46565994,   12.8078648 ,     10.40914382,    5.51566511,  -10.23666317,   -2.23217011,     26.24542682,   64.6882289 ,   21.22959723,   -0.26885694,     -2.08002648], [  117.77553077,  -39.33799415,   -1.45073525,  -11.84264484,     -5.71782934,   15.63375758,    9.3020536 ,    3.13036812,     -0.85590332,   21.22959723,   50.96943999,   17.32784248,      0.1610269 ], [  -86.74872903,   21.97322153,   -6.67627898,   22.81603233,    -12.77464842,   -0.70600892,    6.04777649,   -6.0811139 ,     -3.34404478,   -0.26885694,   17.32784248,   57.69190098,     23.57414569], [   -0.67380146,   -7.01561924,   20.68839006,   21.07139121,      8.98355325,   -0.93415835,   -8.64536587,   -1.28283619,     -1.04534824,   -2.08002648,    0.1610269 ,   23.57414569,     53.17995709]]
/root/sim/music/out/エレファントカシマシ/ココロに花を/03_かけだす男.mp3; [-568.16846   , 117.198425  ,  -7.9843    ,  27.753738  ,   5.4585953 ,    4.986936  ,  -4.675551  ,   2.4995222 ,   5.066943  ,   1.5776688 ,   -0.42549384,  -2.7289796 ,  -2.4948597 ]; [[20176.35280484, 1256.13606467, -332.87603863, -173.76324022,   -328.03243398,  -88.94593992,  -62.96514293,   72.83927764,    -46.18667689,   45.39126509,   42.67834139,  -81.92886606,    -64.27988189], [ 1256.13606467,  544.72358174, -203.98245878,   86.90605051,    -26.90760483,  -33.54366146,   31.22779615,  -12.42960258,     11.76247136,    4.36283019,    6.02833774,    6.28600918,    -11.63990401], [ -332.87603863, -203.98245878,  340.11730828,   13.72413114,     65.30524456,   74.57794319,  -11.33757145,   40.19878088,     14.03514196,   -3.587617  ,   21.91234773,    0.79035687,     26.52613293], [ -173.76324022,   86.90605051,   13.72413114,  186.3533341 ,     85.32911113,   40.96154155,   -9.30723102,    2.14534835,     25.44965007,    2.86527563,    2.20994658,   12.29046297,     25.63486389], [ -328.03243398,  -26.90760483,   65.30524456,   85.32911113,    143.14186738,   46.63614126,    1.28736854,   -0.18076267,     24.40877926,   15.94126856,    7.11794432,    8.59562141,     22.34782028], [  -88.94593992,  -33.54366146,   74.57794319,   40.96154155,     46.63614126,   98.23846367,   24.95006552,   29.51629337,     20.69187039,    4.57071281,   13.63178301,    3.73541253,     12.25359159], [  -62.96514293,   31.22779615,  -11.33757145,   -9.30723102,      1.28736854,   24.95006552,   88.86394729,   48.10072405,     13.10291758,    9.47432899,   11.52989066,    7.24080498,     -6.10657001], [   72.83927764,  -12.42960258,   40.19878088,    2.14534835,     -0.18076267,   29.51629337,   48.10072405,   90.20229393,     30.37307689,    6.8844061 ,   10.42886089,    4.44482899,     -2.5576178 ], [  -46.18667689,   11.76247136,   14.03514196,   25.44965007,     24.40877926,   20.69187039,   13.10291758,   30.37307689,     67.00080454,   26.68150029,    9.50629272,   -3.74228179,     -2.337737  ], [   45.39126509,    4.36283019,   -3.587617  ,    2.86527563,     15.94126856,    4.57071281,    9.47432899,    6.8844061 ,     26.68150029,   61.01013721,   19.33695334,   -1.84800854,     -6.64418919], [   42.67834139,    6.02833774,   21.91234773,    2.20994658,      7.11794432,   13.63178301,   11.52989066,   10.42886089,      9.50629272,   19.33695334,   52.2339473 ,   15.94474397,      2.48761123], [  -81.92886606,    6.28600918,    0.79035687,   12.29046297,      8.59562141,    3.73541253,    7.24080498,    4.44482899,     -3.74228179,   -1.84800854,   15.94474397,   48.11799126,     19.8574664 ], [  -64.27988189,  -11.63990401,   26.52613293,   25.63486389,     22.34782028,   12.25359159,   -6.10657001,   -2.5576178 ,     -2.337737  ,   -6.64418919,    2.48761123,   19.8574664 ,     51.36507035]]
/root/sim/music/out/エレファントカシマシ/ココロに花を/05_おまえと突っ走る.mp3; [-566.9777    , 140.41386   , -18.527689  ,  22.693462  ,   4.358393  ,    2.1841464 ,   0.72408444,   9.440143  ,   8.891847  ,   8.053947  ,    5.102095  ,   1.3126192 ,   3.6485062 ]; [[18646.25084327, -371.8982006 ,  164.66460989,  812.15391956,    -70.7218776 ,  534.46064032,  297.06702154,  375.73292458,    175.59425626,   12.51760768,   90.80262461,  344.47303604,    361.21058993], [ -371.8982006 , 1226.42252594, -302.3552538 ,   87.14226883,     64.14601954,  -99.2557502 ,   27.14804849,  -22.16572381,    -34.75461388,  -10.40360746,   12.03042811,  -58.1908228 ,    -24.45027893], [  164.66460989, -302.3552538 ,  562.52780123,  -42.68129331,     88.19782553,   45.40096739,   -0.57695365,   96.81424658,     20.40490173,   65.7887514 ,   28.5884369 ,  -20.34894453,     43.2318951 ], [  812.15391956,   87.14226883,  -42.68129331,  243.22200808,     36.25601994,   36.55841846,   -7.31010351,    3.71199995,     26.37494567,  -19.9963259 ,  -11.86857275,   32.82979698,     38.29095522], [  -70.7218776 ,   64.14601954,   88.19782553,   36.25601994,    169.85605554,    5.53962192,   -8.37196538,    3.40014349,     23.26119196,   35.98532232,    1.9262685 ,  -15.6667219 ,      8.80047532], [  534.46064032,  -99.2557502 ,   45.40096739,   36.55841846,      5.53962192,  118.37180968,   27.23171267,   25.22409303,      8.53697371,    2.52918217,   20.0576092 ,   26.97121796,     17.67874939], [  297.06702154,   27.14804849,   -0.57695365,   -7.31010351,     -8.37196538,   27.23171267,  123.33954513,   51.2924673 ,     -1.02488083,    8.13359029,   19.39629127,   20.2826136 ,     13.32552615], [  375.73292458,  -22.16572381,   96.81424658,    3.71199995,      3.40014349,   25.22409303,   51.2924673 ,  107.78637066,     26.80120825,   25.39498371,   11.79220847,   -1.20163061,     15.80268142], [  175.59425626,  -34.75461388,   20.40490173,   26.37494567,     23.26119196,    8.53697371,   -1.02488083,   26.80120825,     91.54760286,   33.40928069,    2.77064979,   -6.95951889,     -3.30069937], [   12.51760768,  -10.40360746,   65.7887514 ,  -19.9963259 ,     35.98532232,    2.52918217,    8.13359029,   25.39498371,     33.40928069,   87.42216767,   25.80500162,  -11.5357056 ,     -4.13524262], [   90.80262461,   12.03042811,   28.5884369 ,  -11.86857275,      1.9262685 ,   20.0576092 ,   19.39629127,   11.79220847,      2.77064979,   25.80500162,   70.11781268,   22.03505411,      3.30125596], [  344.47303604,  -58.1908228 ,  -20.34894453,   32.82979698,    -15.6667219 ,   26.97121796,   20.2826136 ,   -1.20163061,     -6.95951889,  -11.5357056 ,   22.03505411,   86.34649676,     31.94214692], [  361.21058993,  -24.45027893,   43.2318951 ,   38.29095522,      8.80047532,   17.67874939,   13.32552615,   15.80268142,     -3.30069937,   -4.13524262,    3.30125596,   31.94214692,     74.79259027]]
/root/sim/music/out/エレファントカシマシ/ココロに花を/09_流されてゆこう.mp3; [-562.9824    , 118.82013   ,  -6.7890544 ,  32.649208  ,   4.542379  ,    2.3325233 ,  -0.57506555,   6.627997  ,  -1.8444462 ,  -0.49368614,   -5.269284  ,  -5.0314517 ,  -1.7761838 ]; [[16158.21592968, -820.93601248,  -73.23924651, -379.01956044,    -69.20209238,  103.21425476,   19.1008435 ,  400.89102702,    -91.58049498,  322.5958478 ,  130.59943382,   97.9867059 ,    185.25510378], [ -820.93601248, 1132.68552554, -348.53973283,  245.72265248,    -66.10860119,  -71.03717315,   29.04200435,  -72.15461294,     35.59988544,  -76.80822508,   -5.49339938,  -24.10481233,    -46.43576074], [  -73.23924651, -348.53973283,  917.00484969, -151.41765587,    240.77975347,   69.72531752,   10.05970068,  106.12170589,    -58.14869784,   59.14384275,  -18.90871437,   15.73908123,     21.27144286], [ -379.01956044,  245.72265248, -151.41765587,  276.40035969,     30.32894739,    4.9542669 ,  -11.12597833,  -69.61288043,     54.96065894,  -41.79144353,  -20.04948966,  -10.87193533,      7.69045655], [  -69.20209238,  -66.10860119,  240.77975347,   30.32894739,    211.79048736,   48.50903536,    6.3181101 ,    4.10916847,      1.33365421,   10.49297699,  -14.8094171 ,    1.398204  ,      6.45667694], [  103.21425476,  -71.03717315,   69.72531752,    4.9542669 ,     48.50903536,   89.26601606,   34.09533075,   26.55197125,     -4.3330258 ,   13.65874336,    8.97954354,   -0.03038363,     -0.74257357], [   19.1008435 ,   29.04200435,   10.05970068,  -11.12597833,      6.3181101 ,   34.09533075,  103.96140139,   55.37769686,      5.4648694 ,    6.61693015,   16.60317005,   16.64260401,      1.06208599], [  400.89102702,  -72.15461294,  106.12170589,  -69.61288043,      4.10916847,   26.55197125,   55.37769686,  125.89682251,     -3.26700231,   43.40167976,   10.83151233,   17.50385098,     16.49509903], [  -91.58049498,   35.59988544,  -58.14869784,   54.96065894,      1.33365421,   -4.3330258 ,    5.4648694 ,   -3.26700231,     81.51034555,    9.51727464,   15.3007579 ,   -3.08254418,      7.82804713], [  322.5958478 ,  -76.80822508,   59.14384275,  -41.79144353,     10.49297699,   13.65874336,    6.61693015,   43.40167976,      9.51727464,   81.20080444,   29.34353128,   11.45479398,      7.81755508], [  130.59943382,   -5.49339938,  -18.90871437,  -20.04948966,    -14.8094171 ,    8.97954354,   16.60317005,   10.83151233,     15.3007579 ,   29.34353128,   75.9050728 ,   24.59196573,     13.72369454], [   97.9867059 ,  -24.10481233,   15.73908123,  -10.87193533,      1.398204  ,   -0.03038363,   16.64260401,   17.50385098,     -3.08254418,   11.45479398,   24.59196573,   52.8493276 ,     25.04155463], [  185.25510378,  -46.43576074,   21.27144286,    7.69045655,      6.45667694,   -0.74257357,    1.06208599,   16.49509903,      7.82804713,    7.81755508,   13.72369454,   25.04155463,     61.00583298]]
/root/sim/music/out/エレファントカシマシ/ココロに花を/08_うれしけりゃとんでゆけよ.mp3; [-537.5793   , 106.06882  ,   1.9375045,  34.290783 ,   6.59083  ,    9.763616 ,  -0.4882531,   7.8142104,  10.606024 ,   5.193356 ,    5.1772485,   1.8962741,   3.7817907]; [[8300.86363824, -15.14915075, 300.22392233,-190.49790294,  55.07378991,   159.93268763,  77.71308422, 248.48446903,  72.72973053, 144.08015098,   108.47140911,  -9.30442474,  39.02866087], [ -15.14915075, 788.16796942,-383.86234212, 178.97861463, -80.65525718,   -95.8716063 ,  16.39324326, -57.91433731,   5.99203439, -36.98486558,   -20.32205286,  13.46401045, -10.37427784], [ 300.22392233,-383.86234212, 559.63038783, -90.86962539,  71.34380992,   115.70961478, -15.60067882,  59.63524435,  17.42304179,  22.96787832,    33.69639411,  -0.22149694,  45.57208972], [-190.49790294, 178.97861463, -90.86962539, 265.07267069,  40.16915283,   -29.53902207, -49.66173607, -49.08030859,  17.468129  , -18.12265801,   -24.22932063,   1.10667214,  15.21483349], [  55.07378991, -80.65525718,  71.34380992,  40.16915283, 137.55712191,    42.82974114, -15.54620896,  -6.05517316,  19.37864145,  18.09096771,     9.75085446,  12.51812111,  28.22895618], [ 159.93268763, -95.8716063 , 115.70961478, -29.53902207,  42.82974114,   118.19978458,  25.71284322,  31.92987289,   6.82107374,  10.33605852,    16.96197783,  -4.33947215,   7.14483422], [  77.71308422,  16.39324326, -15.60067882, -49.66173607, -15.54620896,    25.71284322, 103.75717071,  55.78074732,   5.16767478,   5.91117715,     9.34717457,   1.271814  , -10.38393247], [ 248.48446903, -57.91433731,  59.63524435, -49.08030859,  -6.05517316,    31.92987289,  55.78074732,  99.27180398,  31.65915772,  21.80009465,    10.95533948,  -2.06456824,   0.76846612], [  72.72973053,   5.99203439,  17.42304179,  17.468129  ,  19.37864145,     6.82107374,   5.16767478,  31.65915772,  72.1546889 ,  33.13490501,     7.2431247 ,  -3.75077421,   1.43548368], [ 144.08015098, -36.98486558,  22.96787832, -18.12265801,  18.09096771,    10.33605852,   5.91117715,  21.80009465,  33.13490501,  70.55295526,    27.97926855,   2.14642152,   3.72007194], [ 108.47140911, -20.32205286,  33.69639411, -24.22932063,   9.75085446,    16.96197783,   9.34717457,  10.95533948,   7.2431247 ,  27.97926855,    56.90453464,  22.69285922,  12.37420624], [  -9.30442474,  13.46401045,  -0.22149694,   1.10667214,  12.51812111,    -4.33947215,   1.271814  ,  -2.06456824,  -3.75077421,   2.14642152,    22.69285922,  52.07044823,  27.25506503], [  39.02866087, -10.37427784,  45.57208972,  15.21483349,  28.22895618,     7.14483422, -10.38393247,   0.76846612,   1.43548368,   3.72007194,    12.37420624,  27.25506503,  70.86449402]]
/root/sim/music/out/エレファントカシマシ/ココロに花を/07_愛の日々.mp3; [-582.58636  , 141.50227  , -21.364504 ,  22.499962 ,   1.9772439,   -5.911674 ,  -4.11944  ,   4.3525414,   3.9708755,   3.1080358,    0.6411127,  -1.3046368,  -1.0720319]; [[17935.30342704,-1804.81920784,  513.67327222,  -74.50904122,     45.67391061,  786.47018199,  362.00141792,  535.69817013,    231.83719082,  462.6664619 ,  371.05223455,   28.27436034,    133.27513382], [-1804.81920784, 1624.46792484, -553.35414609,  187.89386778,    -26.4011444 , -243.83833918,   -6.92222826, -109.89485478,    -13.08853957,  -89.18230992,  -61.18810939,    0.92853663,    -50.90156161], [  513.67327222, -553.35414609,  607.00698783,  -71.3428001 ,     69.99772612,  170.12353069,   16.81672453,   70.89116015,     14.52175365,   49.99302889,   45.10285321,  -19.43017324,     21.31370493], [  -74.50904122,  187.89386778,  -71.3428001 ,  275.46381261,     21.96437304,   42.69135376,  -31.07747237,  -16.89841128,     52.10682412,  -30.39552023,  -18.89047342,   11.40562306,     10.05483893], [   45.67391061,  -26.4011444 ,   69.99772612,   21.96437304,    149.10354519,   60.31709903,   19.51239319,   16.82400583,     24.02597233,   21.70227871,   10.96061199,    1.61540392,      3.37668709], [  786.47018199, -243.83833918,  170.12353069,   42.69135376,     60.31709903,  227.79246165,   49.66968272,   74.42664412,     47.55657132,   36.87630636,   51.32091165,    8.30197056,     13.69188095], [  362.00141792,   -6.92222826,   16.81672453,  -31.07747237,     19.51239319,   49.66968272,  130.91345613,   61.68832016,     16.12652715,   28.24660144,   31.06864392,   13.4923296 ,      4.62608371], [  535.69817013, -109.89485478,   70.89116015,  -16.89841128,     16.82400583,   74.42664412,   61.68832016,  117.90063526,     45.69020456,   44.83934297,   37.77996926,   13.82151987,     12.58458742], [  231.83719082,  -13.08853957,   14.52175365,   52.10682412,     24.02597233,   47.55657132,   16.12652715,   45.69020456,    116.67390219,   41.10528875,   38.24935402,   15.31026663,     -1.47577305], [  462.6664619 ,  -89.18230992,   49.99302889,  -30.39552023,     21.70227871,   36.87630636,   28.24660144,   44.83934297,     41.10528875,  112.51846656,   60.69312648,   14.3560939 ,      0.85213159], [  371.05223455,  -61.18810939,   45.10285321,  -18.89047342,     10.96061199,   51.32091165,   31.06864392,   37.77996926,     38.24935402,   60.69312648,   99.6821018 ,   31.5820057 ,      0.29660728], [   28.27436034,    0.92853663,  -19.43017324,   11.40562306,      1.61540392,    8.30197056,   13.4923296 ,   13.82151987,     15.31026663,   14.3560939 ,   31.5820057 ,   68.58494108,     23.70139136], [  133.27513382,  -50.90156161,   21.31370493,   10.05483893,      3.37668709,   13.69188095,    4.62608371,   12.58458742,     -1.47577305,    0.85213159,    0.29660728,   23.70139136,     67.89787378]]
/root/sim/music/out/エレファントカシマシ/ココロに花を/02_悲しみの果て.mp3; [-587.1714   , 126.09448  ,  -4.0946975,  34.9265   ,   7.635361 ,    1.7414362,   0.935366 ,   9.415097 ,  -1.7949145,   1.5711222,   -3.307486 ,  -1.8421664,  -2.458617 ]; [[29989.43777709,   64.33723361,-2418.80420806,   54.38240105,   -978.82283582, -388.28428403,  -70.9354078 ,  609.07717224,    285.86082155,  477.61368026,  376.86860624,  390.8371113 ,    184.06874907], [   64.33723361, 1873.17486201,  217.17863279,  379.39994725,    192.06698211,  116.00552275,   70.30298703,  -41.58396481,     19.4032537 , -102.31425398,  -68.11721093,  -63.88627266,    -25.39590215], [-2418.80420806,  217.17863279,  927.65608297,  141.23633567,    242.71354378,  105.20843121,   33.49444173,  -19.01879213,    -10.26055174,  -54.9340138 ,  -39.45544113,  -41.09491285,    -38.60226241], [   54.38240105,  379.39994725,  141.23633567,  490.83417085,    160.23380482,  118.31680482,   -8.39703186,   -2.35333566,    110.60054914,  -36.46367257,    5.64387606,   26.75290462,     -0.43358718], [ -978.82283582,  192.06698211,  242.71354378,  160.23380482,    242.92049234,   70.64567057,  -16.39559551,  -51.60687248,     18.15694806,  -28.31437386,  -27.57653106,  -22.55415246,    -10.37122573], [ -388.28428403,  116.00552275,  105.20843121,  118.31680482,     70.64567057,  149.68785346,   41.7112973 ,    8.90753176,     34.76237316,    6.48106938,   18.96170828,    2.79322353,     -5.00571782], [  -70.9354078 ,   70.30298703,   33.49444173,   -8.39703186,    -16.39559551,   41.7112973 ,  144.44602698,   55.39219667,     10.60416914,    3.6740495 ,    5.33583582,    8.02288532,     -0.79515643], [  609.07717224,  -41.58396481,  -19.01879213,   -2.35333566,    -51.60687248,    8.90753176,   55.39219667,  101.39045612,     30.28419593,   23.86010635,    9.99806145,   20.36598442,      6.89596008], [  285.86082155,   19.4032537 ,  -10.26055174,  110.60054914,     18.15694806,   34.76237316,   10.60416914,   30.28419593,    131.90158203,   25.18028841,   31.27696955,   15.32259117,      6.47634455], [  477.61368026, -102.31425398,  -54.9340138 ,  -36.46367257,    -28.31437386,    6.48106938,    3.6740495 ,   23.86010635,     25.18028841,   89.41505167,   33.94306086,   13.68843515,      2.59441362], [  376.86860624,  -68.11721093,  -39.45544113,    5.64387606,    -27.57653106,   18.96170828,    5.33583582,    9.99806145,     31.27696955,   33.94306086,   79.56030082,   32.52915597,     11.11829067], [  390.8371113 ,  -63.88627266,  -41.09491285,   26.75290462,    -22.55415246,    2.79322353,    8.02288532,   20.36598442,     15.32259117,   13.68843515,   32.52915597,   66.20487384,     25.86701766], [  184.06874907,  -25.39590215,  -38.60226241,   -0.43358718,    -10.37122573,   -5.00571782,   -0.79515643,    6.89596008,      6.47634455,    2.59441362,   11.11829067,   25.86701766,     55.07519988]]
/root/sim/music/out/エレファントカシマシ/sweet_memory_～エレカシ青春セレクション～_[Bonus_Disc]/2-02_始まりはいつも.mp3; [-523.30896   , 110.8669    , -11.21955   ,  38.685368  ,  18.39687   ,    7.6910963 ,   6.546937  ,  12.148789  ,   3.9045022 ,   1.1442825 ,   -3.0834868 ,  -1.3726244 ,  -0.38166556]; [[13953.8728363 ,-1709.45016294,  -34.8725273 , -829.65499612,   -114.87189204,  142.79216286,  163.04866938,  166.16808297,     13.4288514 ,  163.21211713,   51.95631266,  -18.74855351,    -53.85257133], [-1709.45016294, 1851.90566627, -391.39878944,  472.15458217,     13.38053303,  -70.95544518,   20.31548834,   21.00309505,    -15.12085123,  -59.81263532,  -25.45755766,  -21.66544882,     33.5286406 ], [  -34.8725273 , -391.39878944,  659.91326026, -113.7217284 ,     11.43324967,   22.13445529,   -5.83001782,    3.84905798,     16.87605914,  -15.07412562,    9.80882099,   21.12255247,     40.82158827], [ -829.65499612,  472.15458217, -113.7217284 ,  447.24181772,    114.41135315,   21.66251479,  -82.96897904,  -27.8256202 ,     27.70601772,  -39.29833204,  -26.92699337,    2.80886464,    -28.4975364 ], [ -114.87189204,   13.38053303,   11.43324967,  114.41135315,    197.24927652,   31.23293258,  -25.18492348,  -25.16512874,     23.69941631,  -14.87208977,    6.35732048,   11.40002353,     -4.13671513], [  142.79216286,  -70.95544518,   22.13445529,   21.66251479,     31.23293258,  148.716323  ,   39.98573497,   12.05207296,     -0.89541239,   -2.71164659,    2.99421357,   14.80849144,    -19.11501961], [  163.04866938,   20.31548834,   -5.83001782,  -82.96897904,    -25.18492348,   39.98573497,  140.08370225,   56.57559881,     -5.68004102,    8.91499945,    7.32630539,    7.02936849,     11.67896499], [  166.16808297,   21.00309505,    3.84905798,  -27.8256202 ,    -25.16512874,   12.05207296,   56.57559881,  105.21016729,     26.39758363,    9.98382412,    7.91998488,    0.83341097,     -0.52629685], [   13.4288514 ,  -15.12085123,   16.87605914,   27.70601772,     23.69941631,   -0.89541239,   -5.68004102,   26.39758363,     95.24140071,   13.86847377,   17.96912998,   -0.2316509 ,    -13.37855575], [  163.21211713,  -59.81263532,  -15.07412562,  -39.29833204,    -14.87208977,   -2.71164659,    8.91499945,    9.98382412,     13.86847377,   84.29788869,   16.89130803,    6.24738226,      7.52525793], [   51.95631266,  -25.45755766,    9.80882099,  -26.92699337,      6.35732048,    2.99421357,    7.32630539,    7.91998488,     17.96912998,   16.89130803,   62.18094611,   18.95278567,     12.01157225], [  -18.74855351,  -21.66544882,   21.12255247,    2.80886464,     11.40002353,   14.80849144,    7.02936849,    0.83341097,     -0.2316509 ,    6.24738226,   18.95278567,   61.40737748,     16.51325195], [  -53.85257133,   33.5286406 ,   40.82158827,  -28.4975364 ,     -4.13671513,  -19.11501961,   11.67896499,   -0.52629685,    -13.37855575,    7.52525793,   12.01157225,   16.51325195,     75.90053018]]
/root/sim/music/out/エレファントカシマシ/sweet_memory_～エレカシ青春セレクション～_[Bonus_Disc]/2-01_石橋たたいて八十年.mp3; [-486.9609    ,  91.399086  , -17.9559    ,  33.175327  ,  14.18491   ,    3.7032952 ,   0.07519176,   9.627591  ,   2.4880395 ,   1.9915621 ,   -0.18848321,   1.7197306 ,  -1.8503115 ]; [[11345.32495645,  175.88039606, -613.1476277 ,   86.99981102,    -87.16965735,   57.3482939 ,  110.4063994 ,  163.81472142,    -51.18137892,   15.22921708,  -30.57730538,   50.45682995,    -29.85217692], [  175.88039606,  835.56057078,  -70.40394695,   59.31052621,     28.51279861,  -67.45545687,  -10.23311799,   -1.95665508,      6.90621531,    2.14187864,   35.23918522,   11.75861024,     16.65820916], [ -613.1476277 ,  -70.40394695,  446.86810826,  110.39288174,     87.19952175,   60.60216828,   21.55558981,   27.3394238 ,     69.98557751,   31.18745339,   33.99996352,   36.0898534 ,     42.775426  ], [   86.99981102,   59.31052621,  110.39288174,  238.95408819,    177.39937239,   23.1881406 ,  -19.04304978,   23.24357609,     64.0003615 ,   21.07574032,   33.64923671,   28.02602768,     30.70643383], [  -87.16965735,   28.51279861,   87.19952175,  177.39937239,    282.60072707,   49.86427323,   12.33585028,   50.77838509,     96.13841741,   34.66223047,   58.45309966,   39.9846258 ,     36.56629599], [   57.3482939 ,  -67.45545687,   60.60216828,   23.1881406 ,     49.86427323,  128.31772871,   86.2175311 ,   48.19550748,     31.49925023,   31.6139254 ,   18.49061182,   13.56073294,      5.19824645], [  110.4063994 ,  -10.23311799,   21.55558981,  -19.04304978,     12.33585028,   86.2175311 ,  187.1302521 ,  108.10358849,     36.77770812,   37.96184012,   33.92450122,   29.24576332,     17.51459916], [  163.81472142,   -1.95665508,   27.3394238 ,   23.24357609,     50.77838509,   48.19550748,  108.10358849,  137.43664832,     72.94245182,   36.98395595,   31.20263656,   30.6851676 ,     11.40790243], [  -51.18137892,    6.90621531,   69.98557751,   64.0003615 ,     96.13841741,   31.49925023,   36.77770812,   72.94245182,    128.15670926,   67.68599087,   43.13688181,   25.65608673,     11.22193871], [   15.22921708,    2.14187864,   31.18745339,   21.07574032,     34.66223047,   31.6139254 ,   37.96184012,   36.98395595,     67.68599087,  123.88533376,   60.59319814,   19.75608327,      5.87491809], [  -30.57730538,   35.23918522,   33.99996352,   33.64923671,     58.45309966,   18.49061182,   33.92450122,   31.20263656,     43.13688181,   60.59319814,   92.08107564,   46.66533439,     18.48513934], [   50.45682995,   11.75861024,   36.0898534 ,   28.02602768,     39.9846258 ,   13.56073294,   29.24576332,   30.6851676 ,     25.65608673,   19.75608327,   46.66533439,   80.88493231,     38.37407552], [  -29.85217692,   16.65820916,   42.775426  ,   30.70643383,     36.56629599,    5.19824645,   17.51459916,   11.40790243,     11.22193871,    5.87491809,   18.48513934,   38.37407552,     73.5692089 ]]
