/root/sim/music/out/エレファントカシマシ/明日に向かって走れ_-月夜の歌-/03_風に吹かれて.mp3; [-580.57916   , 144.15851   ,  13.73689   ,  15.580965  ,  -1.6696863 ,    1.3459297 ,  -8.001324  ,   9.084258  ,  -1.3237725 ,   2.9273016 ,    1.0139711 ,  -2.9202323 ,  -0.63276505]; [[14049.11095296, -727.13244729, -549.82995335,  -62.38031912,   -152.51480494,  150.3706419 ,  -54.12909171,  309.00778429,    -33.83391001,   77.23877159,  -58.21193648,   -8.96309009,     39.00464548], [ -727.13244729, 1300.03622899, -344.44539007,   15.18076413,     49.7542579 ,  -96.52636462,   63.50857089,   47.92582186,      4.14251943,   21.15598365,    6.54495002,   -7.9948643 ,     41.72874912], [ -549.82995335, -344.44539007,  561.53551891,    2.7475998 ,    -62.41334992,   76.02041266,  -16.45131998,  -33.53883846,      7.56681626,  -23.26062051,   34.72961378,   13.39062878,    -21.55827356], [  -62.38031912,   15.18076413,    2.7475998 ,  206.00257773,     70.04157208,   13.51866234,  -43.15730475,  -41.91891398,     34.04979821,  -11.48250009,   -3.36968504,   12.56123095,     23.07293733], [ -152.51480494,   49.7542579 ,  -62.41334992,   70.04157208,    185.18266893,   11.90049038,  -27.67893755,  -35.62756603,     16.5329315 ,    8.72891145,  -16.54044596,   -2.27475818,     10.94207404], [  150.3706419 ,  -96.52636462,   76.02041266,   13.51866234,     11.90049038,  122.50719978,   15.80624117,  -10.00746144,     10.63154991,   -7.33200626,    5.75519404,    5.44553802,     -6.15335373], [  -54.12909171,   63.50857089,  -16.45131998,  -43.15730475,    -27.67893755,   15.80624117,  152.42896671,   67.03429689,    -41.04543889,    3.83048186,   -9.80019566,   -7.87733824,     -2.32934827], [  309.00778429,   47.92582186,  -33.53883846,  -41.91891398,    -35.62756603,  -10.00746144,   67.03429689,  122.7735606 ,    -16.90935958,   14.64038055,  -14.82625396,  -11.41164133,      6.77926012], [  -33.83391001,    4.14251943,    7.56681626,   34.04979821,     16.5329315 ,   10.63154991,  -41.04543889,  -16.90935958,    120.21728449,   10.07916931,   14.10177641,    7.77373678,     -4.51752756], [   77.23877159,   21.15598365,  -23.26062051,  -11.48250009,      8.72891145,   -7.33200626,    3.83048186,   14.64038055,     10.07916931,   92.83988374,   26.87583661,    2.6941318 ,    -12.34896802], [  -58.21193648,    6.54495002,   34.72961378,   -3.36968504,    -16.54044596,    5.75519404,   -9.80019566,  -14.82625396,     14.10177641,   26.87583661,   79.95212414,   27.48896348,    -14.33627947], [   -8.96309009,   -7.9948643 ,   13.39062878,   12.56123095,     -2.27475818,    5.44553802,   -7.87733824,  -11.41164133,      7.77373678,    2.6941318 ,   27.48896348,   73.27713167,     17.5665185 ], [   39.00464548,   41.72874912,  -21.55827356,   23.07293733,     10.94207404,   -6.15335373,   -2.32934827,    6.77926012,     -4.51752756,  -12.34896802,  -14.33627947,   17.5665185 ,     72.95683172]]
/root/sim/music/out/エレファントカシマシ/明日に向かって走れ_-月夜の歌-/09_月夜の散歩.mp3; [-810.8455   , 183.90771  ,   4.6360235,  11.651536 ,  -3.6616805,  -24.872034 , -15.747856 ,  -4.0754023, -20.709866 , -10.861488 ,  -12.100397 , -11.777056 ,  -1.8906006]; [[13629.02309608, -387.36525462,-1178.1574979 , -128.79528059,   -425.07328137, -903.00531183, -247.45919737,  266.57884327,   -691.52266662, -303.44393778, -309.91742193, -360.97563328,    -20.12707722], [ -387.36525462, 1804.97503564, -147.06274801, -262.98669413,     -2.81622267,   -2.39192196,  105.12919478,  -42.43982095,    -28.65213806,   29.56267983,   47.99228191,  -24.10511394,     25.61350372], [-1178.1574979 , -147.06274801,  687.96896677,   72.82748194,    -61.31929887,   88.53166417,  -13.29669643,   37.9529257 ,     46.19605374,   10.70977034,  -17.02844576,    8.7618053 ,     30.06986059], [ -128.79528059, -262.98669413,   72.82748194,  486.1178863 ,    124.36171086,   45.54860593, -162.68336488,  -26.78328683,     66.33418038,  -84.02225644,  -76.26237288,   30.95126361,      1.46582745], [ -425.07328137,   -2.81622267,  -61.31929887,  124.36171086,    370.71109508,  132.39518002, -110.36340696, -105.19336111,     77.80486583,  -10.48326609,    4.89813754,   40.55062537,    -35.29605731], [ -903.00531183,   -2.39192196,   88.53166417,   45.54860593,    132.39518002,  324.7945286 ,    4.94758159, -100.54391989,     68.23266279,  -11.34671649,   40.58776549,   67.2803993 ,    -49.91638279], [ -247.45919737,  105.12919478,  -13.29669643, -162.68336488,   -110.36340696,    4.94758159,  282.74344129,   78.94383165,    -37.81104618,   24.92382686,   52.22281596,    5.39320249,     11.54292089], [  266.57884327,  -42.43982095,   37.9529257 ,  -26.78328683,   -105.19336111, -100.54391989,   78.94383165,  238.90431009,    -46.08096531,   -6.0472874 ,  -29.66437416,  -31.93165838,     44.84988472], [ -691.52266662,  -28.65213806,   46.19605374,   66.33418038,     77.80486583,   68.23266279,  -37.81104618,  -46.08096531,    237.86910003,    3.24232329,   -2.50885405,   36.58322793,     17.87099644], [ -303.44393778,   29.56267983,   10.70977034,  -84.02225644,    -10.48326609,  -11.34671649,   24.92382686,   -6.0472874 ,      3.24232329,  176.98680031,   49.79640073,  -43.14311396,      0.30886706], [ -309.91742193,   47.99228191,  -17.02844576,  -76.26237288,      4.89813754,   40.58776549,   52.22281596,  -29.66437416,     -2.50885405,   49.79640073,  171.94404555,   22.37061481,    -35.970312  ], [ -360.97563328,  -24.10511394,    8.7618053 ,   30.95126361,     40.55062537,   67.2803993 ,    5.39320249,  -31.93165838,     36.58322793,  -43.14311396,   22.37061481,  150.39906391,      6.66492223], [  -20.12707722,   25.61350372,   30.06986059,    1.46582745,    -35.29605731,  -49.91638279,   11.54292089,   44.84988472,     17.87099644,    0.30886706,  -35.970312  ,    6.66492223,    149.09228001]]
/root/sim/music/out/エレファントカシマシ/明日に向かって走れ_-月夜の歌-/08_赤い薔薇.mp3; [-524.455     , 126.74423   ,  -5.3743806 ,  26.921452  ,   3.5068548 ,   -1.489274  ,  -9.531961  ,   5.610555  ,  -4.2020607 ,  -0.07609566,   -1.28739   ,  -1.0974034 ,  -0.41760442]; [[10763.52704915,  105.28013894, -650.1371692 , -160.11043293,    -19.81235717,   42.54214837,  -23.02086203,  141.60003302,   -125.33611837,  -36.75790884, -146.83882955,  -77.24269823,    -57.32236738], [  105.28013894,  731.01739643, -196.58014422,   74.5325184 ,    -59.0674172 ,  -13.81490082,   31.4400631 ,   20.89149849,     21.40928817,  -10.25620405,   16.53495136,   -2.32515661,      2.66724835], [ -650.1371692 , -196.58014422,  402.46871239,  -27.6142616 ,     31.7552703 ,   -9.48319737,   -8.47501401,   -6.46276514,     -9.7834818 ,   14.64187683,   -4.17694765,    0.70961481,     11.57171329], [ -160.11043293,   74.5325184 ,  -27.6142616 ,  230.40001549,     47.99569506,   18.02304353,  -28.7358997 ,  -17.40952708,     24.47337371,  -14.48931983,    4.10966856,   17.62379054,     11.94355377], [  -19.81235717,  -59.0674172 ,   31.7552703 ,   47.99569506,    129.76333352,   22.75751848,   -8.702988  ,  -21.90703245,     13.99664913,    6.5463267 ,   -4.84097633,    4.71030432,      8.32288367], [   42.54214837,  -13.81490082,   -9.48319737,   18.02304353,     22.75751848,   88.0194355 ,   42.18762436,   18.26038262,     -2.86788083,   -1.163495  ,    5.31425723,    4.59744861,     -5.69592002], [  -23.02086203,   31.4400631 ,   -8.47501401,  -28.7358997 ,     -8.702988  ,   42.18762436,  106.15396615,   48.04960116,     11.92260853,    1.11752016,   12.99124552,    9.69713405,      0.17884603], [  141.60003302,   20.89149849,   -6.46276514,  -17.40952708,    -21.90703245,   18.26038262,   48.04960116,   85.72382144,     17.06967687,   18.52552581,   -1.81834439,    8.70976959,      6.88329659], [ -125.33611837,   21.40928817,   -9.7834818 ,   24.47337371,     13.99664913,   -2.86788083,   11.92260853,   17.06967687,     79.95534157,   24.89608606,   20.66121036,   -0.97999852,      2.3860052 ], [  -36.75790884,  -10.25620405,   14.64187683,  -14.48931983,      6.5463267 ,   -1.163495  ,    1.11752016,   18.52552581,     24.89608606,   73.3171086 ,   26.54093852,   11.64469619,      0.93908924], [ -146.83882955,   16.53495136,   -4.17694765,    4.10966856,     -4.84097633,    5.31425723,   12.99124552,   -1.81834439,     20.66121036,   26.54093852,   60.98560794,   21.01819185,      2.53902531], [  -77.24269823,   -2.32515661,    0.70961481,   17.62379054,      4.71030432,    4.59744861,    9.69713405,    8.70976959,     -0.97999852,   11.64469619,   21.01819185,   57.58508228,     25.52917267], [  -57.32236738,    2.66724835,   11.57171329,   11.94355377,      8.32288367,   -5.69592002,    0.17884603,    6.88329659,      2.3860052 ,    0.93908924,    2.53902531,   25.52917267,     56.38313358]]
/root/sim/music/out/エレファントカシマシ/STARTING_OVER/08_翳りゆく部屋.mp3; [-576.5175    , 146.96605   ,  -8.80808   ,  20.702738  ,  14.48971   ,    0.24453023,  -7.828689  ,  -4.0587754 ,  -8.072062  ,   2.3691676 ,   -7.701813  ,  -6.562726  ,  -2.0797884 ]; [[18580.71900742,-1165.41576189, 1380.13059234,  958.58348406,     93.80255202,  386.12419656,  362.97315321,  590.44165934,    367.4282538 ,  323.15990123,  183.14425022,   45.87780174,     91.9203522 ], [-1165.41576189, 2159.56956046, -713.21499237, -258.03896787,     74.8151318 , -225.7855802 ,  -90.29110171, -200.12656943,   -235.229555  ,  -60.16558987,  -88.14173062,  -15.8352219 ,     11.45374898], [ 1380.13059234, -713.21499237,  835.08043963,  221.34708889,     31.89680975,   93.81656492,  148.484457  ,  257.36604843,     90.74969952,   97.26741022,   47.23619248,   31.59341168,     85.78715666], [  958.58348406, -258.03896787,  221.34708889,  364.85476304,     70.07834602,  102.77027728,   12.63180621,   98.72675178,    121.26920342,   11.34070096,   55.11033198,   17.52268037,     16.40459526], [   93.80255202,   74.8151318 ,   31.89680975,   70.07834602,    197.4117372 ,   -0.36197107,   -5.59915542,   16.52102739,      8.24494322,   33.53952514,   -9.33403171,    0.39345967,     29.06339841], [  386.12419656, -225.7855802 ,   93.81656492,  102.77027728,     -0.36197107,  253.38808745,    5.62289324,   21.38110505,    136.8650997 ,  -55.1316581 ,   71.39891786,   -0.5359363 ,    -41.70665174], [  362.97315321,  -90.29110171,  148.484457  ,   12.63180621,     -5.59915542,    5.62289324,  222.1291633 ,  125.67199964,      5.54554789,   63.9193932 ,   13.60513965,   25.33374936,     26.31106552], [  590.44165934, -200.12656943,  257.36604843,   98.72675178,     16.52102739,   21.38110505,  125.67199964,  223.07450795,     37.47180268,   62.64712743,   13.25895   ,   10.28678194,     40.07716234], [  367.4282538 , -235.229555  ,   90.74969952,  121.26920342,      8.24494322,  136.8650997 ,    5.54554789,   37.47180268,    201.84715122,  -12.59473699,   61.84789405,    5.93480075,    -39.08435809], [  323.15990123,  -60.16558987,   97.26741022,   11.34070096,     33.53952514,  -55.1316581 ,   63.9193932 ,   62.64712743,    -12.59473699,  145.68393874,    3.25102558,   13.16357916,     37.96005465], [  183.14425022,  -88.14173062,   47.23619248,   55.11033198,     -9.33403171,   71.39891786,   13.60513965,   13.25895   ,     61.84789405,    3.25102558,  104.82253622,   32.31421709,    -16.6034838 ], [   45.87780174,  -15.8352219 ,   31.59341168,   17.52268037,      0.39345967,   -0.5359363 ,   25.33374936,   10.28678194,      5.93480075,   13.16357916,   32.31421709,   73.71926342,     15.94502061], [   91.9203522 ,   11.45374898,   85.78715666,   16.40459526,     29.06339841,  -41.70665174,   26.31106552,   40.07716234,    -39.08435809,   37.96005465,  -16.6034838 ,   15.94502061,     96.50793095]]
/root/sim/music/out/エレファントカシマシ/STARTING_OVER/11_FLYER.mp3; [-520.4192    , 109.954735  ,  10.357508  ,  28.243195  ,  12.276445  ,    5.935886  ,   2.9254396 ,   5.5948477 ,   3.9855232 ,   5.731347  ,   -0.34154713,  -1.19513   ,  -2.5398    ]; [[13318.11135105,  574.57380634, -225.79401052,    7.64200421,    145.28166851,  118.32773816,   36.80392646,   13.59806701,    -84.97783596, -117.60448128, -221.79488942, -168.58371993,   -140.45069668], [  574.57380634, 1050.21916955, -157.96768448,    8.75417264,     17.19702213,   19.7367933 ,   83.89726561,   57.41169135,     26.83585184,   46.80810453,   -3.48471766,  -30.1637191 ,    -43.71699462], [ -225.79401052, -157.96768448,  465.49561639,   64.55877351,     41.83860347,   14.38484542,   22.14123334,   46.89784099,     27.22223227,   -5.014113  ,   23.68887216,   13.23495335,     17.53748946], [    7.64200421,    8.75417264,   64.55877351,  390.17986587,    137.14400064,   -2.82988165,  -40.08399767,  -15.94461589,     41.505153  ,   18.48445458,    3.38157882,   34.05801271,     18.31440961], [  145.28166851,   17.19702213,   41.83860347,  137.14400064,    260.98544139,   66.73352467,  -26.93356479,  -38.48217222,     37.35338234,   23.60552862,   -3.37891593,    5.0280994 ,     20.92441501], [  118.32773816,   19.7367933 ,   14.38484542,   -2.82988165,     66.73352467,  124.10809357,   45.3505579 ,   18.85520139,      2.41880164,    6.3160952 ,    6.17698972,   -9.23807488,     -6.23969798], [   36.80392646,   83.89726561,   22.14123334,  -40.08399767,    -26.93356479,   45.3505579 ,  164.57268248,   79.53957592,      9.11727553,   -0.42380776,    9.58991205,    9.57229819,    -27.22341811], [   13.59806701,   57.41169135,   46.89784099,  -15.94461589,    -38.48217222,   18.85520139,   79.53957592,  105.10974722,     30.89433816,    3.96208956,    0.98307087,   -2.79995164,     -9.88317072], [  -84.97783596,   26.83585184,   27.22223227,   41.505153  ,     37.35338234,    2.41880164,    9.11727553,   30.89433816,     88.06182592,   43.05856385,    6.80323647,   -2.42548661,     -0.64189074], [ -117.60448128,   46.80810453,   -5.014113  ,   18.48445458,     23.60552862,    6.3160952 ,   -0.42380776,    3.96208956,     43.05856385,   87.51570497,   34.68501029,    9.44757937,     -3.98733681], [ -221.79488942,   -3.48471766,   23.68887216,    3.38157882,     -3.37891593,    6.17698972,    9.58991205,    0.98307087,      6.80323647,   34.68501029,   79.14415676,   38.77524025,      6.29214654], [ -168.58371993,  -30.1637191 ,   13.23495335,   34.05801271,      5.0280994 ,   -9.23807488,    9.57229819,   -2.79995164,     -2.42548661,    9.44757937,   38.77524025,   83.84162298,     33.86415943], [ -140.45069668,  -43.71699462,   17.53748946,   18.31440961,     20.92441501,   -6.23969798,  -27.22341811,   -9.88317072,     -0.64189074,   -3.98733681,    6.29214654,   33.86415943,     79.71553398]]
/root/sim/music/out/エレファントカシマシ/STARTING_OVER/06_さよならパーティー.mp3; [-513.29584   , 112.58549   , -22.136282  ,  23.409468  ,  17.197271  ,    5.9939365 ,  -5.015873  ,   0.36353722,  -5.462956  ,  -1.6512964 ,   -6.208918  ,  -5.368158  ,  -4.7911086 ]; [[14729.55182614,  409.63975252,  -21.37811236,  572.25129989,    193.3404347 ,  447.50601264,  -27.70114816,   90.63765805,    115.52740747,   99.76428043,   72.45614628,    5.85676424,   -148.01996823], [  409.63975252, 1376.24388317, -460.96571614,  -14.79402889,     52.75300257, -104.16915759,   44.03765014,   23.53658882,    -65.86472741,  -20.44784984,  -35.56731934,  -19.82762112,     15.50433075], [  -21.37811236, -460.96571614,  644.53453796,   57.97224065,    -23.73204214,  112.85880915,    3.8262573 ,   -6.64769457,     51.8667635 ,  -15.7613083 ,   39.85279631,   25.09006399,     -5.56510042], [  572.25129989,  -14.79402889,   57.97224065,  432.71250093,     76.0169822 ,  135.8093694 ,    6.19839939,   19.69313329,     58.89572936,   -1.42600852,   36.40592204,   35.29909613,    -15.96060585], [  193.3404347 ,   52.75300257,  -23.73204214,   76.0169822 ,    186.42869896,   21.1061512 ,   -5.35829956,   -5.84395572,     26.70352718,    8.72465487,   -2.13377388,   -1.69540796,      8.45485128], [  447.50601264, -104.16915759,  112.85880915,  135.8093694 ,     21.1061512 ,  256.20577566,   71.15010635,   24.19703798,     57.74726035,    2.54591677,   39.34162157,   22.39637287,    -32.32700575], [  -27.70114816,   44.03765014,    3.8262573 ,    6.19839939,     -5.35829956,   71.15010635,  156.87155183,   52.02693825,     23.05151184,    7.31061179,   19.08197436,   14.08590705,     -9.14573964], [   90.63765805,   23.53658882,   -6.64769457,   19.69313329,     -5.84395572,   24.19703798,   52.02693825,  112.83781187,     20.48879413,   11.64722677,    7.24483684,   -0.98215028,     -3.02371068], [  115.52740747,  -65.86472741,   51.8667635 ,   58.89572936,     26.70352718,   57.74726035,   23.05151184,   20.48879413,    135.82328704,   27.31392321,   31.35578321,    8.49636298,    -16.64597615], [   99.76428043,  -20.44784984,  -15.7613083 ,   -1.42600852,      8.72465487,    2.54591677,    7.31061179,   11.64722677,     27.31392321,  113.90386779,   32.14448583,   12.58885042,     -3.35871327], [   72.45614628,  -35.56731934,   39.85279631,   36.40592204,     -2.13377388,   39.34162157,   19.08197436,    7.24483684,     31.35578321,   32.14448583,   97.60241471,   33.77454401,      0.51130007], [    5.85676424,  -19.82762112,   25.09006399,   35.29909613,     -1.69540796,   22.39637287,   14.08590705,   -0.98215028,      8.49636298,   12.58885042,   33.77454401,   87.34132597,     17.02628305], [ -148.01996823,   15.50433075,   -5.56510042,  -15.96060585,      8.45485128,  -32.32700575,   -9.14573964,   -3.02371068,    -16.64597615,   -3.35871327,    0.51130007,   17.02628305,     79.29861243]]
/root/sim/music/out/エレファントカシマシ/STARTING_OVER/01_今はここが真ん中さ!.mp3; [-479.4221    ,  89.87862   , -11.214756  ,  20.660688  ,  16.984154  ,    8.298141  ,   3.3294637 ,   6.3323708 ,   5.4830747 ,   0.83991474,   -1.78775   ,  -0.3223439 ,  -2.7903125 ]; [[10227.28975938,  904.06194115, -184.89635285,  120.2186098 ,    169.15037009,   64.76005083,  -31.76156134,   16.60569092,     20.94786098,   29.15994522,   -9.76263418,  -13.13899716,    -24.56369962], [  904.06194115,  645.56317087, -142.59780931,   31.17918651,     54.36559012,   24.93363175,   45.54102144,   47.57195534,     22.14402566,    2.86841001,    5.14442374,    3.34581491,    -19.70705132], [ -184.89635285, -142.59780931,  326.27845232,   63.8040295 ,      4.16818041,   14.65446767,   -4.79738565,  -14.31315922,     13.69700132,    7.89504014,    8.7735906 ,    4.63743558,     11.14882326], [  120.2186098 ,   31.17918651,   63.8040295 ,  194.0775259 ,     81.22107414,   22.08917194,  -12.27368313,    9.11049206,     13.63591897,   12.45998182,    9.98289802,    7.55602997,      8.20405295], [  169.15037009,   54.36559012,    4.16818041,   81.22107414,    162.35527999,   54.63981165,   -3.20511734,   -1.00646075,     28.38681391,   12.66363096,    1.65771976,    0.35984396,     -2.86077345], [   64.76005083,   24.93363175,   14.65446767,   22.08917194,     54.63981165,  131.91048339,   54.01517329,   22.518189  ,     15.47279634,    8.3971272 ,    9.53787992,   -0.13866673,    -12.19573305], [  -31.76156134,   45.54102144,   -4.79738565,  -12.27368313,     -3.20511734,   54.01517329,  135.1201809 ,   65.25171386,      9.91949934,   -6.92481235,   10.98616739,   12.23143009,      0.59585274], [   16.60569092,   47.57195534,  -14.31315922,    9.11049206,     -1.00646075,   22.518189  ,   65.25171386,  117.8851856 ,     27.72582212,    5.98648154,   10.15191429,    2.0038338 ,      6.82655452], [   20.94786098,   22.14402566,   13.69700132,   13.63591897,     28.38681391,   15.47279634,    9.91949934,   27.72582212,     89.28263413,   32.38159891,    7.36916147,   -1.55669866,    -11.33693106], [   29.15994522,    2.86841001,    7.89504014,   12.45998182,     12.66363096,    8.3971272 ,   -6.92481235,    5.98648154,     32.38159891,   76.09666095,   26.68452794,    1.21053927,      0.3801069 ], [   -9.76263418,    5.14442374,    8.7735906 ,    9.98289802,      1.65771976,    9.53787992,   10.98616739,   10.15191429,      7.36916147,   26.68452794,   65.67215983,   25.81445761,      0.4356602 ], [  -13.13899716,    3.34581491,    4.63743558,    7.55602997,      0.35984396,   -0.13866673,   12.23143009,    2.0038338 ,     -1.55669866,    1.21053927,   25.81445761,   58.68752285,     22.72778573], [  -24.56369962,  -19.70705132,   11.14882326,    8.20405295,     -2.86077345,  -12.19573305,    0.59585274,    6.82655452,    -11.33693106,    0.3801069 ,    0.4356602 ,   22.72778573,     64.08781358]]
/root/sim/music/out/エレファントカシマシ/STARTING_OVER/07_starting_over.mp3; [-595.95197  , 119.932526 ,   5.70694  ,  22.329058 ,  10.1786   ,    8.588432 ,  -4.32268  ,   4.4318357,   4.001612 ,   1.9397532,   -3.710186 ,  -1.6174707,  -2.7851582]; [[27809.64780246,-1817.63706045, -747.04472689, -734.84314184,   -728.12449696, -355.27506928, -799.49289923, -438.28400573,   -456.87765778, -334.53710258, -538.96694747, -423.37931181,   -360.53225111], [-1817.63706045, 1773.84367841, -255.78575167,   19.54025524,    236.59489689,  -42.62238683,  141.9044672 ,   98.90243261,     70.91271173,   76.72882952,   79.05660876,   62.77293835,     46.17074444], [ -747.04472689, -255.78575167,  645.88692521,  146.98938394,    -23.21364009,  121.87865683,   70.70893439,   50.26343887,     20.51667472,    4.89159278,   44.19605045,   22.24926821,     28.0583316 ], [ -734.84314184,   19.54025524,  146.98938394,  414.02321377,     86.23759851,  107.17868944,    9.06991022,   35.36695565,     74.8014944 ,    9.66274363,   32.33886487,   36.29391652,     22.65284741], [ -728.12449696,  236.59489689,  -23.21364009,   86.23759851,    333.14749769,   22.0095927 ,   40.527466  ,   69.49157828,     56.85225919,   59.2813133 ,   41.14704206,   32.07268001,     35.30598566], [ -355.27506928,  -42.62238683,  121.87865683,  107.17868944,     22.0095927 ,  197.90427288,   65.33572081,   31.55676997,     47.38028106,   10.42662933,   37.8909691 ,   24.48312716,     -7.93101986], [ -799.49289923,  141.9044672 ,   70.70893439,    9.06991022,     40.527466  ,   65.33572081,  199.34705842,   87.62613001,     23.81237087,   32.92381145,   45.24956099,   27.56677175,     13.82754045], [ -438.28400573,   98.90243261,   50.26343887,   35.36695565,     69.49157828,   31.55676997,   87.62613001,  140.33710198,     46.09473047,   26.9371458 ,   26.5662619 ,   22.21491014,     21.42875574], [ -456.87765778,   70.91271173,   20.51667472,   74.8014944 ,     56.85225919,   47.38028106,   23.81237087,   46.09473047,    117.92624033,   29.64761807,   27.30679663,   19.87021274,      5.4528739 ], [ -334.53710258,   76.72882952,    4.89159278,    9.66274363,     59.2813133 ,   10.42662933,   32.92381145,   26.9371458 ,     29.64761807,  100.50644234,   43.58414869,   10.43620426,      8.18997478], [ -538.96694747,   79.05660876,   44.19605045,   32.33886487,     41.14704206,   37.8909691 ,   45.24956099,   26.5662619 ,     27.30679663,   43.58414869,   98.03677499,   42.12743076,      6.15659981], [ -423.37931181,   62.77293835,   22.24926821,   36.29391652,     32.07268001,   24.48312716,   27.56677175,   22.21491014,     19.87021274,   10.43620426,   42.12743076,   77.82712103,     28.20716764], [ -360.53225111,   46.17074444,   28.0583316 ,   22.65284741,     35.30598566,   -7.93101986,   13.82754045,   21.42875574,      5.4528739 ,    8.18997478,    6.15659981,   28.20716764,     78.07781357]]
/root/sim/music/out/エレファントカシマシ/STARTING_OVER/04_リッスントゥザミュージック.mp3; [-549.40753  , 140.49924  , -12.262532 ,   9.120421 ,  10.843267 ,   -4.072767 ,  -8.32029  ,  -4.7013907,  -9.22482  ,   5.1871476,   -5.620744 ,  -5.797243 ,  -1.3407315]; [[5372.69726708,-228.13147729,  78.65700482,  24.03971116,  87.08047154,   169.72173082, 113.6954293 ,  85.90033522, 160.91858275,  61.62837061,   145.1120455 ,  50.11483538,  58.17309037], [-228.13147729, 795.71594614,-244.5194844 , -73.10284555,  -8.9166585 ,   -54.99791025,  52.51624738,  30.24645106, -36.01143792,  42.8352467 ,    21.79856783,  33.38666553,  12.92326135], [  78.65700482,-244.5194844 , 383.61368934,  94.76840332, -19.52901109,   118.60505317,   4.21569491,  23.05452291,  62.25554706, -43.26453584,    37.60145731,  18.04947699, -16.55890119], [  24.03971116, -73.10284555,  94.76840332, 290.5096588 ,  75.67831093,    71.72513666, -43.57708608,  17.26058372,  63.68821815, -21.59222993,     4.11849534,   3.82965569,  25.98999332], [  87.08047154,  -8.9166585 , -19.52901109,  75.67831093, 179.7605658 ,    27.89272998, -29.39674   ,  -3.02394375,  27.58052626,  17.60457537,    -9.2332385 ,   4.03981291,  13.34834458], [ 169.72173082, -54.99791025, 118.60505317,  71.72513666,  27.89272998,   230.6452081 ,  33.08694661,  25.72273244,  76.97825681, -29.43258081,    68.84639826,  15.11788722, -27.98048055], [ 113.6954293 ,  52.51624738,   4.21569491, -43.57708608, -29.39674   ,    33.08694661, 171.56305086,  55.88470238,   1.96939708,  16.28722331,    32.07223171,  25.94788633, -10.65734355], [  85.90033522,  30.24645106,  23.05452291,  17.26058372,  -3.02394375,    25.72273244,  55.88470238, 103.41394722,  20.85091132,  -7.14030247,    18.43635239,  15.45859518,   7.00017057], [ 160.91858275, -36.01143792,  62.25554706,  63.68821815,  27.58052626,    76.97825681,   1.96939708,  20.85091132, 126.11043981,   4.58022359,    42.65242255,  10.67459644, -10.50969674], [  61.62837061,  42.8352467 , -43.26453584, -21.59222993,  17.60457537,   -29.43258081,  16.28722331,  -7.14030247,   4.58022359, 124.95422067,    18.67397133,   1.68409713,   5.10377792], [ 145.1120455 ,  21.79856783,  37.60145731,   4.11849534,  -9.2332385 ,    68.84639826,  32.07223171,  18.43635239,  42.65242255,  18.67397133,   123.97874999,  37.95668917, -12.61218488], [  50.11483538,  33.38666553,  18.04947699,   3.82965569,   4.03981291,    15.11788722,  25.94788633,  15.45859518,  10.67459644,   1.68409713,    37.95668917,  75.87676713,  15.80881342], [  58.17309037,  12.92326135, -16.55890119,  25.98999332,  13.34834458,   -27.98048055, -10.65734355,   7.00017057, -10.50969674,   5.10377792,   -12.61218488,  15.80881342,  79.63758907]]
/root/sim/music/out/エレファントカシマシ/STARTING_OVER/09_冬の朝.mp3; [-721.83527 , 153.4045  ,   8.108135,  19.645973,  -4.980112, -26.728283,  -17.372814, -15.069263, -27.704006, -11.781981, -17.891998, -17.100733,   -6.520766]; [[19550.40649257,  502.22970314,-1176.48706429, -106.78681745,   -400.19156481, -725.91074376, -391.21970915, -264.65455446,   -941.42568168,   88.15151946, -389.12897013, -236.96846464,     21.90170662], [  502.22970314, 2565.59117615, -157.35457741,  109.6923504 ,     50.0899604 , -161.49897885,   36.46428814,  -65.03391186,     -4.61872933,  -50.28638168,  -14.87903577,  -76.26957123,     72.0221515 ], [-1176.48706429, -157.35457741,  722.48716573,  115.84775186,    -17.90840321,  100.07645069,  -77.99699863,    7.12780458,    109.38335627,  -67.73616617,    6.92103542,    4.65827008,     12.44460989], [ -106.78681745,  109.6923504 ,  115.84775186,  624.85228395,    158.03038615,   53.85307241,  -70.58760985,   70.33620424,    161.14261856, -106.93291029, -110.33818157,  -33.00824902,      6.4480739 ], [ -400.19156481,   50.0899604 ,  -17.90840321,  158.03038615,    261.24523896,   73.14528488,   -1.38588548,  -15.01120712,     76.73760535,   10.73193641,   22.5640868 ,   12.08166357,    -31.16595651], [ -725.91074376, -161.49897885,  100.07645069,   53.85307241,     73.14528488,  266.03641458,   36.07417777,  -35.80708941,     87.96388598,   23.31303767,   79.97781156,   28.15447875,    -35.56534694], [ -391.21970915,   36.46428814,  -77.99699863,  -70.58760985,     -1.38588548,   36.07417777,  253.56068853,   69.7712195 ,     -7.57726933,   37.20672871,   23.16335733,    8.11375408,    -22.75294223], [ -264.65455446,  -65.03391186,    7.12780458,   70.33620424,    -15.01120712,  -35.80708941,   69.7712195 ,  188.97055908,     12.09571562,  -25.00679183,  -45.12406692,    0.16247358,     20.41482813], [ -941.42568168,   -4.61872933,  109.38335627,  161.14261856,     76.73760535,   87.96388598,   -7.57726933,   12.09571562,    245.39166586,  -28.51039595,   -1.03102057,   28.74999153,    -19.81778553], [   88.15151946,  -50.28638168,  -67.73616617, -106.93291029,     10.73193641,   23.31303767,   37.20672871,  -25.00679183,    -28.51039595,  178.08541885,   73.52164519,   15.49608484,     29.28245326], [ -389.12897013,  -14.87903577,    6.92103542, -110.33818157,     22.5640868 ,   79.97781156,   23.16335733,  -45.12406692,     -1.03102057,   73.52164519,  185.23560503,   50.92335613,     -2.61125894], [ -236.96846464,  -76.26957123,    4.65827008,  -33.00824902,     12.08166357,   28.15447875,    8.11375408,    0.16247358,     28.74999153,   15.49608484,   50.92335613,  136.05148665,     30.8706863 ], [   21.90170662,   72.0221515 ,   12.44460989,    6.4480739 ,    -31.16595651,  -35.56534694,  -22.75294223,   20.41482813,    -19.81778553,   29.28245326,   -2.61125894,   30.8706863 ,    161.26303271]]
/root/sim/music/out/エレファントカシマシ/STARTING_OVER/05_まぬけなJohnny.mp3; [-525.3484    , 121.17189   ,  20.19637   ,  11.352646  ,  14.646611  ,    9.866223  ,   1.8925741 ,   3.972046  ,   2.9607532 ,   0.33180967,   -3.6034963 ,  -1.6136423 ,  -2.1216576 ]; [[10702.40421582, -520.57637189,  276.08271207, -468.45503202,   -221.9789576 ,   76.12728716,   53.65143547,  121.04926124,     72.78609335,   61.63259648,    5.40302281,  -29.8080875 ,     -5.74213596], [ -520.57637189,  958.82308789, -317.81607875,   57.05499841,     76.80993621,  -42.65151709,    0.40405211,  -34.48789447,    -13.40273416,   -5.94959177,  -38.42519874,  -20.86660352,    -37.63768947], [  276.08271207, -317.81607875,  532.56973114,   -8.16831074,    -24.07845381,   93.54088628,   67.39298856,   57.81006554,     33.33061308,   10.68490643,   49.34565273,   38.65266377,     35.84328717], [ -468.45503202,   57.05499841,   -8.16831074,  283.12109675,     96.14865631,  -15.7658118 ,  -50.62698726,  -45.2817904 ,     -6.61052199,  -28.0351353 ,  -21.11201138,   15.1703258 ,     27.31561947], [ -221.9789576 ,   76.80993621,  -24.07845381,   96.14865631,    206.08996115,   17.43652438,  -49.99088228,  -23.47976417,     21.5764965 ,    1.97808459,  -17.4656236 ,   -3.92820124,     20.39974659], [   76.12728716,  -42.65151709,   93.54088628,  -15.7658118 ,     17.43652438,  117.9572586 ,   54.52355989,   19.16488591,      8.13303347,   15.24118232,   18.7968076 ,   -2.26140849,     -8.33723342], [   53.65143547,    0.40405211,   67.39298856,  -50.62698726,    -49.99088228,   54.52355989,  131.85606657,   56.69036865,      0.54659521,   12.30261055,   22.60550871,    2.70686129,    -16.03364235], [  121.04926124,  -34.48789447,   57.81006554,  -45.2817904 ,    -23.47976417,   19.16488591,   56.69036865,   95.49166504,     26.1391885 ,   12.01522367,   16.45929866,    1.16494773,     -4.09175456], [   72.78609335,  -13.40273416,   33.33061308,   -6.61052199,     21.5764965 ,    8.13303347,    0.54659521,   26.1391885 ,     77.471558  ,   32.48731552,    5.29366436,   -1.04854265,     -1.25539848], [   61.63259648,   -5.94959177,   10.68490643,  -28.0351353 ,      1.97808459,   15.24118232,   12.30261055,   12.01522367,     32.48731552,   80.34379988,   31.69240668,   -1.85493212,     -3.02457449], [    5.40302281,  -38.42519874,   49.34565273,  -21.11201138,    -17.4656236 ,   18.7968076 ,   22.60550871,   16.45929866,      5.29366436,   31.69240668,   71.50939619,   25.09691195,     -3.38713288], [  -29.8080875 ,  -20.86660352,   38.65266377,   15.1703258 ,     -3.92820124,   -2.26140849,    2.70686129,    1.16494773,     -1.04854265,   -1.85493212,   25.09691195,   59.35748902,     22.84352797], [   -5.74213596,  -37.63768947,   35.84328717,   27.31561947,     20.39974659,   -8.33723342,  -16.03364235,   -4.09175456,     -1.25539848,   -3.02457449,   -3.38713288,   22.84352797,     65.03424168]]
/root/sim/music/out/エレファントカシマシ/STARTING_OVER/02_笑顔の未来へ.mp3; [-515.6168   , 121.33589  ,  -9.109199 ,  24.067142 ,   7.1755834,    6.929469 ,  -3.9880207,   6.893509 ,  -3.4186976,  -1.4011843,   -5.183187 ,  -4.752141 ,  -3.143294 ]; [[15941.66494405, -845.57609545,  214.87274267,   20.56465829,    164.72838106,  381.94571819, -109.91323116,  132.59832307,     43.1616902 ,  -21.64031258,  112.9543979 ,   32.77815846,     12.10661416], [ -845.57609545, 1649.00474095, -462.37840246,   87.83966028,    -21.75447791,  -99.93687733,  101.04697883,   36.93210111,    -46.64467926,   17.50462011,  -81.16757632,  -47.86000419,    -38.00912975], [  214.87274267, -462.37840246,  700.98886673,  -21.40135312,      8.38251447,   97.51845379,   11.73492242,   21.46982168,     62.05765513,   -4.60167785,   37.40225188,    4.7288126 ,     35.63159921], [   20.56465829,   87.83966028,  -21.40135312,  368.68694754,     72.93274647,   40.57672515,  -31.23644274,  -16.69502843,     79.05879263,  -17.25662941,   40.65572065,   44.90479894,     24.57525868], [  164.72838106,  -21.75447791,    8.38251447,   72.93274647,    180.7154191 ,   26.99825511,  -30.59439839,   -6.33447519,     27.39805276,   21.80334407,   17.34336366,   20.36247086,     28.47249423], [  381.94571819,  -99.93687733,   97.51845379,   40.57672515,     26.99825511,  188.66058117,   52.88289083,   23.94544526,     74.42164182,   -2.07755398,   49.16229675,   20.52385202,     -6.48941006], [ -109.91323116,  101.04697883,   11.73492242,  -31.23644274,    -30.59439839,   52.88289083,  175.49673514,   71.0074731 ,     16.75628536,    4.50381336,   20.83821057,   14.77499001,    -18.63235175], [  132.59832307,   36.93210111,   21.46982168,  -16.69502843,     -6.33447519,   23.94544526,   71.0074731 ,  116.85040935,     24.2178979 ,   22.02306399,   12.65619526,    2.13871633,      6.71038358], [   43.1616902 ,  -46.64467926,   62.05765513,   79.05879263,     27.39805276,   74.42164182,   16.75628536,   24.2178979 ,    174.08976203,   30.94419183,   53.50570577,   27.67026473,      3.2452984 ], [  -21.64031258,   17.50462011,   -4.60167785,  -17.25662941,     21.80334407,   -2.07755398,    4.50381336,   22.02306399,     30.94419183,   99.71169963,   18.37071237,   -1.02015628,     12.53352736], [  112.9543979 ,  -81.16757632,   37.40225188,   40.65572065,     17.34336366,   49.16229675,   20.83821057,   12.65619526,     53.50570577,   18.37071237,   99.14334515,   49.25095477,      8.61975059], [   32.77815846,  -47.86000419,    4.7288126 ,   44.90479894,     20.36247086,   20.52385202,   14.77499001,    2.13871633,     27.67026473,   -1.02015628,   49.25095477,  101.64271626,     28.21126782], [   12.10661416,  -38.00912975,   35.63159921,   24.57525868,     28.47249423,   -6.48941006,  -18.63235175,    6.71038358,      3.2452984 ,   12.53352736,    8.61975059,   28.21126782,     86.66203243]]
/root/sim/music/out/エレファントカシマシ/STARTING_OVER/03_こうして部屋で寝転んでるとまるで死ぬのを待ってるみたい.mp3; [-523.2056    , 126.06835   ,  -7.1936145 ,  27.764894  ,  11.841823  ,    1.3206247 ,  -2.2911103 ,   3.515027  ,   1.1439642 ,  -1.0970933 ,   -4.0433855 ,   0.12070882,  -3.2527614 ]; [[12945.89575822, -600.1568682 ,  128.44074132,   42.05927732,     12.55364167,  292.29703433,  -64.50893533,   31.65614402,    125.60571501,   68.98204083,   20.81214542,   78.30449842,   -192.24573245], [ -600.1568682 , 1773.88573083, -350.2167587 ,  158.36598705,     69.79883786, -177.5111869 ,   59.10017092,   24.62033616,    -79.25701513,  -39.67216229,  -55.53460509,  -19.96174389,     59.31108118], [  128.44074132, -350.2167587 ,  606.33744762,    0.85092908,     39.71709742,   96.47304284,   -2.3866277 ,   44.46194548,     41.4411229 ,   36.23262813,   37.28139648,   -5.68462324,     47.83820264], [   42.05927732,  158.36598705,    0.85092908,  197.38275931,     48.78268276,   -0.67114032,  -10.96005827,   13.85818857,      6.21631355,  -15.90083881,   -2.95854237,   -4.01494332,     13.71710772], [   12.55364167,   69.79883786,   39.71709742,   48.78268276,    172.76876988,   18.17000879,  -15.86665582,   -9.96086607,     20.28870657,   15.32912316,   -2.53865666,   -1.15998821,     16.19662039], [  292.29703433, -177.5111869 ,   96.47304284,   -0.67114032,     18.17000879,  140.10322071,   15.70731334,    2.92711622,     31.48277392,    9.07183399,   15.13269164,    4.40005848,    -18.99611266], [  -64.50893533,   59.10017092,   -2.3866277 ,  -10.96005827,    -15.86665582,   15.70731334,   99.46039375,   37.19853973,     -1.81104139,    6.42129714,    5.95070109,    7.48497177,     -3.77087581], [   31.65614402,   24.62033616,   44.46194548,   13.85818857,     -9.96086607,    2.92711622,   37.19853973,   99.88737675,     14.96926769,   -1.71282743,   12.11822643,    2.07578885,     11.09162322], [  125.60571501,  -79.25701513,   41.4411229 ,    6.21631355,     20.28870657,   31.48277392,   -1.81104139,   14.96926769,     79.39712085,   23.55543949,    9.27190159,    4.14222983,     -7.27899693], [   68.98204083,  -39.67216229,   36.23262813,  -15.90083881,     15.32912316,    9.07183399,    6.42129714,   -1.71282743,     23.55543949,   94.93598476,   18.42783742,   -0.52445256,      7.51513381], [   20.81214542,  -55.53460509,   37.28139648,   -2.95854237,     -2.53865666,   15.13269164,    5.95070109,   12.11822643,      9.27190159,   18.42783742,   65.47038001,   23.50782909,     -0.81508305], [   78.30449842,  -19.96174389,   -5.68462324,   -4.01494332,     -1.15998821,    4.40005848,    7.48497177,    2.07578885,      4.14222983,   -0.52445256,   23.50782909,   65.40789793,      9.26470637], [ -192.24573245,   59.31108118,   47.83820264,   13.71710772,     16.19662039,  -18.99611266,   -3.77087581,   11.09162322,     -7.27899693,    7.51513381,   -0.81508305,    9.26470637,     80.92087209]]
