/root/sim/music/out/山下達郎/OPUS_～ALL_TIME_BEST_1975-2012～_[Disc_2]/17_おやすみ、ロージー_-Angel_Babyへのオマージュ-.mp3; [-598.1478   , 156.80487  ,  -5.4551425,  11.350886 ,   3.4008415,  -13.827097 , -16.979763 ,  18.121292 , -24.88677  ,   0.2834293,    2.5955184,  -9.725104 ,   6.5501065]; [[13011.27310619,  755.77389156, -632.41416794, -197.99049423,     33.50664301,   87.5743773 ,   91.65673347,  593.03618844,   -443.53205399,  330.02142276,  217.1404246 ,  -13.68064584,     31.81503241], [  755.77389156, 1600.11784514,  269.72778007,  210.517045  ,    116.88125282,  174.99989396,  187.20780407,   69.46262531,    131.67559138,   21.85713489,   28.20533674,   -8.65983759,     18.9373852 ], [ -632.41416794,  269.72778007,  687.62144307,  281.919569  ,    160.70559189,  134.02438517,   90.84589374,  -17.16983192,    211.71191007,  -43.41543643,  -36.0677426 ,   43.12726234,     30.69482546], [ -197.99049423,  210.517045  ,  281.919569  ,  691.02176295,    389.19983698,  153.57951156,  -27.81602216,  -50.10426977,    267.37899059,   19.2542685 ,  -23.39791538,   28.18076577,     57.34749858], [   33.50664301,  116.88125282,  160.70559189,  389.19983698,    447.04835925,  117.00534478,  -59.54762966,    5.18357397,    129.09969783,   40.72904578,   24.36887796,   -6.23686269,     58.88248858], [   87.5743773 ,  174.99989396,  134.02438517,  153.57951156,    117.00534478,  344.50194642,  176.69866732,   -8.9368678 ,    170.77371496,   32.38009736,   91.93837052,  103.35366784,    -19.97349682], [   91.65673347,  187.20780407,   90.84589374,  -27.81602216,    -59.54762966,  176.69866732,  342.79006292,   82.44283213,     83.39463775,   77.58239572,   70.40465949,  114.27732728,     -4.34144259], [  593.03618844,   69.46262531,  -17.16983192,  -50.10426977,      5.18357397,   -8.9368678 ,   82.44283213,  219.91774907,    -44.51642099,   64.79473385,   59.15602782,    4.40830924,     30.32170643], [ -443.53205399,  131.67559138,  211.71191007,  267.37899059,    129.09969783,  170.77371496,   83.39463775,  -44.51642099,    305.57135534,   32.26266184,   13.95979636,   77.79693641,      6.49242341], [  330.02142276,   21.85713489,  -43.41543643,   19.2542685 ,     40.72904578,   32.38009736,   77.58239572,   64.79473385,     32.26266184,  190.20466095,   71.46174006,   40.0127858 ,     11.70232653], [  217.1404246 ,   28.20533674,  -36.0677426 ,  -23.39791538,     24.36887796,   91.93837052,   70.40465949,   59.15602782,     13.95979636,   71.46174006,  157.1889849 ,   52.75157056,      9.28606362], [  -13.68064584,   -8.65983759,   43.12726234,   28.18076577,     -6.23686269,  103.35366784,  114.27732728,    4.40830924,     77.79693641,   40.0127858 ,   52.75157056,  146.68987302,     23.25885768], [   31.81503241,   18.9373852 ,   30.69482546,   57.34749858,     58.88248858,  -19.97349682,   -4.34144259,   30.32170643,      6.49242341,   11.70232653,    9.28606362,   23.25885768,    119.27633829]]
/root/sim/music/out/山下達郎/OPUS_～ALL_TIME_BEST_1975-2012～_[Disc_2]/03_クリスマス・イブ.mp3; [-590.3297   , 166.17604  , -10.697806 ,  10.695772 ,  -5.995115 ,   -1.1868026,  -3.506673 ,   9.524023 , -17.426823 ,  -2.0774288,    2.1719856,  -4.50066  ,  -1.2561624]; [[17392.01219879,  509.3401482 , -226.37327559,   81.3201757 ,     66.69231806,  240.81478872,  128.70286677,  535.71070258,   -196.11626777,  413.60498118,  155.46759731, -119.1276313 ,    141.56170737], [  509.3401482 , 1280.73279969, -217.97745373,   27.33191015,    -31.93625732, -140.09712406, -150.72936863,  -60.67347834,   -101.64984409,  -85.25214833,  -61.09361906,  -35.0522697 ,    -29.75063887], [ -226.37327559, -217.97745373,  527.19310879,  184.27040273,     34.74282627,  133.12889097,   84.87154797,   -2.96304124,    201.61150835,  -24.72922483,   -5.7935179 ,   84.31851672,     55.63562055], [   81.3201757 ,   27.33191015,  184.27040273,  403.18855113,     75.92969531,   63.80074522,   -9.66317112,   -7.88029005,    169.00843372,  -45.44172815,  -40.03332881,   65.57127053,     36.32611775], [   66.69231806,  -31.93625732,   34.74282627,   75.92969531,    155.72740906,   22.02071472,   -3.79780184,   36.63948234,     39.81500272,   21.53151871,    6.39977494,   24.48811674,     25.76988634], [  240.81478872, -140.09712406,  133.12889097,   63.80074522,     22.02071472,  204.36821363,  119.94538365,   28.6460158 ,     90.74211134,   31.217692  ,   43.87627919,   38.32259137,     18.48617655], [  128.70286677, -150.72936863,   84.87154797,   -9.66317112,     -3.79780184,  119.94538365,  215.1090722 ,   61.98651893,     41.9712347 ,   44.23558868,   72.55714316,   34.89814037,     16.84329567], [  535.71070258,  -60.67347834,   -2.96304124,   -7.88029005,     36.63948234,   28.6460158 ,   61.98651893,  152.91509837,     -4.13443706,   67.58356992,   36.18600616,    4.66663419,     29.92464516], [ -196.11626777, -101.64984409,  201.61150835,  169.00843372,     39.81500272,   90.74211134,   41.9712347 ,   -4.13443706,    225.93783821,   -9.89511862,   -7.98437643,   56.35827981,     22.49313571], [  413.60498118,  -85.25214833,  -24.72922483,  -45.44172815,     21.53151871,   31.217692  ,   44.23558868,   67.58356992,     -9.89511862,  129.19523584,   49.92262238,   -9.15218019,     11.06953488], [  155.46759731,  -61.09361906,   -5.7935179 ,  -40.03332881,      6.39977494,   43.87627919,   72.55714316,   36.18600616,     -7.98437643,   49.92262238,  102.69476894,   23.69295845,      2.17413798], [ -119.1276313 ,  -35.0522697 ,   84.31851672,   65.57127053,     24.48811674,   38.32259137,   34.89814037,    4.66663419,     56.35827981,   -9.15218019,   23.69295845,   84.3538174 ,     32.73865312], [  141.56170737,  -29.75063887,   55.63562055,   36.32611775,     25.76988634,   18.48617655,   16.84329567,   29.92464516,     22.49313571,   11.06953488,    2.17413798,   32.73865312,     85.53835412]]
/root/sim/music/out/山下達郎/OPUS_～ALL_TIME_BEST_1975-2012～_[Disc_2]/04_スプリンクラー.mp3; [-571.1674   , 126.41822  ,   7.275506 ,  32.081444 ,   3.6469736,    5.2862067,   7.525064 ,  14.057967 ,  -7.6822934,   4.5497656,    2.0856893,  -4.3620205,  -0.3784492]; [[12883.65141119,  881.46428019, -513.45463975,  193.93740403,    -45.08625684,  -36.14010701,  -67.75251912,  168.00519781,   -155.50202764,   -3.4481941 ,   20.50119113, -107.30634492,    -17.55028004], [  881.46428019,  702.67179095, -107.05538815, -130.51272793,      0.15897837,  -28.55524698,    9.4726613 ,   61.45434569,    -68.15879776,   24.60262547,   40.25830983,  -21.98430671,     -3.77458776], [ -513.45463975, -107.05538815,  419.41402018,  186.82254322,     -4.07694977,   50.4454047 ,   27.15598237,  -60.55413766,     76.54357339,  -33.08109338,  -51.14303185,   27.07263762,      7.23057509], [  193.93740403, -130.51272793,  186.82254322,  391.82612129,     81.53618874,   19.8590143 ,   -8.67437491,  -35.25856483,     88.02078051,  -22.73258517,  -54.75442251,   14.09684696,     19.26700277], [  -45.08625684,    0.15897837,   -4.07694977,   81.53618874,    159.75578747,    0.7444264 ,  -43.16107787,   16.74844935,     21.62030455,   -2.41277751,   -8.43434706,  -16.06126502,     -2.30432734], [  -36.14010701,  -28.55524698,   50.4454047 ,   19.8590143 ,      0.7444264 ,  137.4902189 ,   59.30216329,  -39.56442428,     22.144805  ,    0.80638128,    1.93969352,   14.01496102,    -25.86529247], [  -67.75251912,    9.4726613 ,   27.15598237,   -8.67437491,    -43.16107787,   59.30216329,  123.7929151 ,    1.75255779,     -1.44475815,    7.01721177,    8.48366474,   17.79174545,    -15.54852216], [  168.00519781,   61.45434569,  -60.55413766,  -35.25856483,     16.74844935,  -39.56442428,    1.75255779,  119.62680568,    -14.10006093,   -1.46104059,   15.63942924,  -24.73776141,      5.43715863], [ -155.50202764,  -68.15879776,   76.54357339,   88.02078051,     21.62030455,   22.144805  ,   -1.44475815,  -14.10006093,    107.72346898,    3.9008866 ,  -26.40517909,    9.23545398,     -3.65310122], [   -3.4481941 ,   24.60262547,  -33.08109338,  -22.73258517,     -2.41277751,    0.80638128,    7.01721177,   -1.46104059,      3.9008866 ,   91.83685888,   39.55385401,   -3.21956671,    -11.12754944], [   20.50119113,   40.25830983,  -51.14303185,  -54.75442251,     -8.43434706,    1.93969352,    8.48366474,   15.63942924,    -26.40517909,   39.55385401,   90.25464973,    6.29484799,    -13.8398496 ], [ -107.30634492,  -21.98430671,   27.07263762,   14.09684696,    -16.06126502,   14.01496102,   17.79174545,  -24.73776141,      9.23545398,   -3.21956671,    6.29484799,   73.6324556 ,     23.38799303], [  -17.55028004,   -3.77458776,    7.23057509,   19.26700277,     -2.30432734,  -25.86529247,  -15.54852216,    5.43715863,     -3.65310122,  -11.12754944,  -13.8398496 ,   23.38799303,     75.72007434]]
/root/sim/music/out/山下達郎/OPUS_～ALL_TIME_BEST_1975-2012～_[Disc_2]/14_ターナーの汽罐車.mp3; [-581.2351   , 144.89038  ,  19.767181 ,  27.51768  ,   5.5781336,    3.323732 ,   6.085401 ,  15.828688 ,   0.8535492,   8.564949 ,    5.7947044,   2.0139692,  -1.4470026]; [[14141.65027648,   75.16246448, -164.23253503,   65.61550421,    -54.18054807,  -17.07777534,   44.09510572,  155.9303612 ,   -257.17133662,  -25.05192636,   19.78364932, -184.6362287 ,   -116.41667629], [   75.16246448, 1251.31848364, -222.79378559,    3.05579519,     14.40125028,  -74.08148682,  -11.32663149,   79.84762914,    -53.51151993,   64.36105035,   64.99511907,   49.23517753,     23.1215881 ], [ -164.23253503, -222.79378559,  564.58643677,  132.4425118 ,      1.41329691,   73.88647834,   -8.14951002,  -75.86527132,    154.74323815,  -35.12969728,  -17.19642853,   62.18441809,     -1.99758117], [   65.61550421,    3.05579519,  132.4425118 ,  293.93890665,     88.93025256,    8.52504572,  -39.11900771,  -30.70984323,     44.03852082,  -13.51288421,  -19.90153824,   34.56113842,      9.72881303], [  -54.18054807,   14.40125028,    1.41329691,   88.93025256,    168.54956245,   14.82889399,  -20.56936166,  -16.85204265,     -3.20486715,   -3.84650259,    6.67482059,   19.76527661,      5.8458836 ], [  -17.07777534,  -74.08148682,   73.88647834,    8.52504572,     14.82889399,  158.94929451,   23.41114994,  -47.27567237,     25.28526111,  -32.24162261,   -4.21333902,    4.18711033,    -26.29196777], [   44.09510572,  -11.32663149,   -8.14951002,  -39.11900771,    -20.56936166,   23.41114994,  121.38329723,   33.61830474,    -10.49596244,    2.56638338,   -5.06031789,   -9.26207191,    -13.29142927], [  155.9303612 ,   79.84762914,  -75.86527132,  -30.70984323,    -16.85204265,  -47.27567237,   33.61830474,  130.63555966,    -24.58253769,   18.44501564,    5.32227154,  -28.19894278,      1.13170739], [ -257.17133662,  -53.51151993,  154.74323815,   44.03852082,     -3.20486715,   25.28526111,  -10.49596244,  -24.58253769,    146.2418395 ,   16.08084819,  -15.40099918,   15.72823281,    -10.71390044], [  -25.05192636,   64.36105035,  -35.12969728,  -13.51288421,     -3.84650259,  -32.24162261,    2.56638338,   18.44501564,     16.08084819,  117.37748284,   34.50219122,   -8.00911912,     -2.34107209], [   19.78364932,   64.99511907,  -17.19642853,  -19.90153824,      6.67482059,   -4.21333902,   -5.06031789,    5.32227154,    -15.40099918,   34.50219122,   87.3593729 ,   26.53233657,     -5.44522811], [ -184.6362287 ,   49.23517753,   62.18441809,   34.56113842,     19.76527661,    4.18711033,   -9.26207191,  -28.19894278,     15.72823281,   -8.00911912,   26.53233657,   97.3444614 ,     27.18320834], [ -116.41667629,   23.1215881 ,   -1.99758117,    9.72881303,      5.8458836 ,  -26.29196777,  -13.29142927,    1.13170739,    -10.71390044,   -2.34107209,   -5.44522811,   27.18320834,     77.88849425]]
/root/sim/music/out/山下達郎/OPUS_～ALL_TIME_BEST_1975-2012～_[Disc_2]/08_土曜日の恋人.mp3; [-547.13513   , 126.86845   ,  -4.95903   ,  25.795732  ,   1.1135241 ,    7.8112435 ,  -0.01711624,  11.032196  ,  -7.346033  ,   4.3047395 ,    4.4419484 ,   0.3646646 ,   3.6833136 ]; [[23192.90928061, 2095.61153988, -419.04720867,  428.22826313,     25.87961839,  231.9429657 , -100.96689637,  253.82357889,   -300.78222816,  -75.96430056, -205.14250983, -140.7156448 ,    -74.37143537], [ 2095.61153988,  906.86409939, -182.49006327,  -14.79257451,    -56.5447532 ,   42.92897573,   15.1333004 ,   38.84154925,    -57.66042598,    1.45690607,   -6.84467626,   14.76104463,     -2.98235804], [ -419.04720867, -182.49006327,  252.72334977,   62.20024831,     32.96870689,   31.25158849,   16.76776312,  -16.73962664,     51.24268003,  -12.89269099,   -1.15995107,   14.07066308,      8.45102908], [  428.22826313,  -14.79257451,   62.20024831,  321.23926795,     58.82195064,   13.40538716,  -25.10517988,   -8.02036294,     50.69595856,  -13.4306667 ,  -14.1570889 ,  -16.83504969,      4.86334017], [   25.87961839,  -56.5447532 ,   32.96870689,   58.82195064,    141.69858602,    0.5154416 ,  -17.12658529,   13.05726564,     15.30044375,   -7.68610333,  -17.08446781,   -2.67235998,     -5.64722827], [  231.9429657 ,   42.92897573,   31.25158849,   13.40538716,      0.5154416 ,  133.95834632,   48.5255481 ,   -1.91009665,     22.72238435,  -20.69729703,    5.07986546,    4.32370611,     -5.94137867], [ -100.96689637,   15.1333004 ,   16.76776312,  -25.10517988,    -17.12658529,   48.5255481 ,  110.35856584,   11.19962958,      9.90323904,   -7.94984118,    3.44778237,    3.94822758,     -7.33618783], [  253.82357889,   38.84154925,  -16.73962664,   -8.02036294,     13.05726564,   -1.91009665,   11.19962958,   97.77459281,    -11.24760291,    9.51564877,  -10.93963271,    4.73496881,     11.01093646], [ -300.78222816,  -57.66042598,   51.24268003,   50.69595856,     15.30044375,   22.72238435,    9.90323904,  -11.24760291,    126.63249898,  -19.60523653,   -7.08058709,  -20.77082546,     -1.77671996], [  -75.96430056,    1.45690607,  -12.89269099,  -13.4306667 ,     -7.68610333,  -20.69729703,   -7.94984118,    9.51564877,    -19.60523653,   87.03320329,   31.68265855,    5.01607897,     -6.23074482], [ -205.14250983,   -6.84467626,   -1.15995107,  -14.1570889 ,    -17.08446781,    5.07986546,    3.44778237,  -10.93963271,     -7.08058709,   31.68265855,  101.40314083,   10.82217225,      6.89731902], [ -140.7156448 ,   14.76104463,   14.07066308,  -16.83504969,     -2.67235998,    4.32370611,    3.94822758,    4.73496881,    -20.77082546,    5.01607897,   10.82217225,   78.60111673,     22.85070533], [  -74.37143537,   -2.98235804,    8.45102908,    4.86334017,     -5.64722827,   -5.94137867,   -7.33618783,   11.01093646,     -1.77671996,   -6.23074482,    6.89731902,   22.85070533,     80.38056413]]
/root/sim/music/out/山下達郎/OPUS_～ALL_TIME_BEST_1975-2012～_[Disc_2]/15_エンドレス・ゲーム.mp3; [-591.4958    , 148.4573    ,  19.729582  ,  20.343756  ,   3.2187726 ,   -3.609071  ,  -0.59911656,  11.330962  ,  -9.518672  ,   6.628161  ,    5.552949  ,   0.35605732,   4.548893  ]; [[20681.65614028, -662.62935503,-1779.27555703,  154.21302042,   -308.68437569, -291.46679153, -280.47415357,  165.83459403,   -856.04250593, -280.6573255 ,  -49.5742381 ,  -35.33613964,    120.71218803], [ -662.62935503, 1753.79804807,  255.97374488,  -84.07054275,     90.28465845,   20.3589413 ,   94.89515098,   39.6559743 ,    -41.43015469,   42.83423481,   -9.75316616,  -14.16009826,     15.19337303], [-1779.27555703,  255.97374488,  777.59144412,  138.34869004,     33.59440623,  116.93614836,   60.25724439,  -15.2366821 ,     90.30579197,  -35.01633378,  -34.35805577,    2.40731203,     -9.94243087], [  154.21302042,  -84.07054275,  138.34869004,  404.28637188,    103.68179773,    3.04236295,  -11.49732976,   31.89478458,     26.33210954,  -66.61738706,  -48.32663729,    5.98795236,      6.17421088], [ -308.68437569,   90.28465845,   33.59440623,  103.68179773,    210.62983014,   -3.40109817,  -21.38432344,   30.461961  ,     -6.28113537,    7.86351497,   -4.60800588,  -10.62400715,      3.12179347], [ -291.46679153,   20.3589413 ,  116.93614836,    3.04236295,     -3.40109817,  171.91474419,   58.69276458,  -52.15135898,     49.79653177,  -20.17492875,    4.0212422 ,   16.38922121,    -20.42374829], [ -280.47415357,   94.89515098,   60.25724439,  -11.49732976,    -21.38432344,   58.69276458,  129.38196882,   -5.45312598,     23.68148894,   -8.28910565,    0.50931566,   11.01843363,    -14.00477418], [  165.83459403,   39.6559743 ,  -15.2366821 ,   31.89478458,     30.461961  ,  -52.15135898,   -5.45312598,  156.74880208,    -75.02832334,    7.99368241,   -1.74868776,  -18.62378859,     21.98266781], [ -856.04250593,  -41.43015469,   90.30579197,   26.33210954,     -6.28113537,   49.79653177,   23.68148894,  -75.02832334,    216.13621147,   -1.98126616,   -7.93774687,   12.5666953 ,    -19.99725212], [ -280.6573255 ,   42.83423481,  -35.01633378,  -66.61738706,      7.86351497,  -20.17492875,   -8.28910565,    7.99368241,     -1.98126616,  126.87771491,   38.32391046,   -7.47921521,    -12.57175013], [  -49.5742381 ,   -9.75316616,  -34.35805577,  -48.32663729,     -4.60800588,    4.0212422 ,    0.50931566,   -1.74868776,     -7.93774687,   38.32391046,   84.92073096,    6.21017018,    -11.45855633], [  -35.33613964,  -14.16009826,    2.40731203,    5.98795236,    -10.62400715,   16.38922121,   11.01843363,  -18.62378859,     12.5666953 ,   -7.47921521,    6.21017018,   68.25484282,     15.03039496], [  120.71218803,   15.19337303,   -9.94243087,    6.17421088,      3.12179347,  -20.42374829,  -14.00477418,   21.98266781,    -19.99725212,  -12.57175013,  -11.45855633,   15.03039496,     74.0140182 ]]
/root/sim/music/out/山下達郎/OPUS_～ALL_TIME_BEST_1975-2012～_[Bonus_Disc]/05_夜のシルエット_[FIRST_ON_CD].mp3; [-678.22205   , 163.57048   ,   9.840768  ,  27.336678  ,  10.4119    ,    2.0746531 ,  -0.7596842 ,  12.09188   , -10.499554  ,   6.2003407 ,    0.7798436 ,  -3.7717214 ,  -0.28547576]; [[27836.58386015,  862.31158927,-1115.1164809 ,  359.79846202,   -480.09828394, -514.20315722, -542.9050567 ,  226.84063439,   -814.24592224,   66.91502793, -219.86780249, -364.07660817,   -169.4449328 ], [  862.31158927, 3804.97952058, -294.42530289, -249.15571711,    184.39847672,  -90.15428842,   44.14214792,   57.29584484,   -151.15465492,   43.1248892 ,   78.91813425,  -69.91916476,     14.91430367], [-1115.1164809 , -294.42530289, 1086.10478061,  159.49980332,     27.46225395,  394.15361061,  171.91770285,  -22.21411235,    226.12093722,  -19.15643665,   31.90684069,   58.46742464,    -55.07911543], [  359.79846202, -249.15571711,  159.49980332,  578.90880729,    201.24188191,  144.45310716,   44.29580129,   47.5468719 ,    142.71271649,  -33.60681894,  -19.90589303,   42.81116596,    -11.48062768], [ -480.09828394,  184.39847672,   27.46225395,  201.24188191,    335.09306472,   85.47348851,   35.43140748,   60.96362397,     49.30525049,   18.39348301,   -0.32030706,   16.62153318,     10.44090594], [ -514.20315722,  -90.15428842,  394.15361061,  144.45310716,     85.47348851,  444.58042152,  144.85075848,  -87.88112289,    226.51838525,  -25.20488902,   49.17301825,   75.00953507,    -63.44909657], [ -542.9050567 ,   44.14214792,  171.91770285,   44.29580129,     35.43140748,  144.85075848,  261.55748664,    7.99514295,     79.93377512,   67.31055182,   35.06137586,   39.97820968,    -19.3793683 ], [  226.84063439,   57.29584484,  -22.21411235,   47.5468719 ,     60.96362397,  -87.88112289,    7.99514295,  262.61252014,   -101.85737365,   33.27917742,   21.48830703,  -47.98718393,     39.47910738], [ -814.24592224, -151.15465492,  226.12093722,  142.71271649,     49.30525049,  226.51838525,   79.93377512, -101.85737365,    342.1298794 ,  -31.57225395,   10.65953575,   93.24855732,    -44.70805106], [   66.91502793,   43.1248892 ,  -19.15643665,  -33.60681894,     18.39348301,  -25.20488902,   67.31055182,   33.27917742,    -31.57225395,  173.15294503,   30.58405131,   -3.02475683,     13.41268062], [ -219.86780249,   78.91813425,   31.90684069,  -19.90589303,     -0.32030706,   49.17301825,   35.06137586,   21.48830703,     10.65953575,   30.58405131,  113.45308428,   22.79309765,     -4.64800479], [ -364.07660817,  -69.91916476,   58.46742464,   42.81116596,     16.62153318,   75.00953507,   39.97820968,  -47.98718393,     93.24855732,   -3.02475683,   22.79309765,  115.90419783,      2.19449793], [ -169.4449328 ,   14.91430367,  -55.07911543,  -11.48062768,     10.44090594,  -63.44909657,  -19.3793683 ,   39.47910738,    -44.70805106,   13.41268062,   -4.64800479,    2.19449793,    102.17556916]]
/root/sim/music/out/山下達郎/OPUS_～ALL_TIME_BEST_1975-2012～_[Bonus_Disc]/01_硝子の少年_[UNRELEASED_DEMO_VOCAL].mp3; [-544.27734   , 105.82478   ,   9.348841  ,  23.217417  ,  10.565647  ,    1.4212708 ,   1.9437054 ,   7.5174475 ,  -8.225766  ,   4.4547186 ,    0.84085655,  -1.0802389 ,   0.60586774]; [[14772.23184645, 1014.83009856,  609.80479716,  148.0980916 ,    233.64891197,   -4.06256241,  -60.69028334,   -2.62771272,     74.47619151,  200.82832436,   74.85183005,   74.08489301,    -50.87612261], [ 1014.83009856, 1220.39246085,  -67.54249551,   -9.94416431,     38.39010262,  -52.77118667,   31.58316924,   36.10941112,    -65.3225349 ,   93.42652068,   27.97294736,  -23.08211239,      6.61618335], [  609.80479716,  -67.54249551,  705.81464592,   85.01893322,     17.9461428 ,  123.06229347,   26.33317229,  -67.03552495,    119.75317214,  -92.23206322,  -15.80489659,   65.52594467,     12.98151085], [  148.0980916 ,   -9.94416431,   85.01893322,  312.45719138,     84.81814316,   -1.3602925 ,  -38.96400409,    0.16555815,     37.58002909,  -41.42139813,  -29.0854027 ,   35.27994872,     38.69972695], [  233.64891197,   38.39010262,   17.9461428 ,   84.81814316,    183.43610895,    8.59721071,  -18.19465606,   10.59829954,      7.73628153,    8.46931069,    7.88541895,    4.76140524,      2.90893648], [   -4.06256241,  -52.77118667,  123.06229347,   -1.3602925 ,      8.59721071,  237.64583458,   70.27553284,  -53.74459479,     88.83737942,  -35.65426447,   38.6696941 ,   50.61655173,    -18.05834609], [  -60.69028334,   31.58316924,   26.33317229,  -38.96400409,    -18.19465606,   70.27553284,  157.33094171,   30.71791825,     16.98553538,   16.51489821,   30.85497276,    8.81862919,    -21.7379604 ], [   -2.62771272,   36.10941112,  -67.03552495,    0.16555815,     10.59829954,  -53.74459479,   30.71791825,  135.52849194,    -47.3281398 ,   44.03473695,   -3.28912504,  -36.95654231,      9.46945395], [   74.47619151,  -65.3225349 ,  119.75317214,   37.58002909,      7.73628153,   88.83737942,   16.98553538,  -47.3281398 ,    176.03743362,  -25.96582414,   13.33963   ,   53.10877485,     10.04783557], [  200.82832436,   93.42652068,  -92.23206322,  -41.42139813,      8.46931069,  -35.65426447,   16.51489821,   44.03473695,    -25.96582414,  130.12508506,   28.70562788,  -28.11803712,    -16.05066177], [   74.85183005,   27.97294736,  -15.80489659,  -29.0854027 ,      7.88541895,   38.6696941 ,   30.85497276,   -3.28912504,     13.33963   ,   28.70562788,   94.73494936,   16.97624375,    -25.51910589], [   74.08489301,  -23.08211239,   65.52594467,   35.27994872,      4.76140524,   50.61655173,    8.81862919,  -36.95654231,     53.10877485,  -28.11803712,   16.97624375,   98.21799303,     24.60296204], [  -50.87612261,    6.61618335,   12.98151085,   38.69972695,      2.90893648,  -18.05834609,  -21.7379604 ,    9.46945395,     10.04783557,  -16.05066177,  -25.51910589,   24.60296204,     86.06695174]]
/root/sim/music/out/山下達郎/OPUS_～ALL_TIME_BEST_1975-2012～_[Bonus_Disc]/06_希望という名の光_[2012_ACOUSTIC_VERSION].mp3; [-655.947     , 175.32292   ,  12.135332  ,  25.266766  ,  15.247238  ,    8.285323  ,   4.026454  ,  10.584461  ,  -8.45652   ,   2.155773  ,    2.3187041 ,  -1.8798064 ,  -0.22057717]; [[20573.38015633,-2181.99365513,-1507.14399163, -870.43639403,   -474.63969994, -529.85142715, -329.77064591,  632.48701565,   -462.18231066,  217.15773756,  391.66476446,   -1.43329737,    334.04081058], [-2181.99365513, 1995.00334369, -128.66494459,  249.06245104,    124.91219265,  107.4821769 ,  120.06902253,  -95.71791169,    128.02966469,   16.57894323,  -53.36016774,   26.20943151,    -38.259415  ], [-1507.14399163, -128.66494459,  687.99180695,   25.45873679,     17.62033719,   68.50244303,   64.59465882,  -23.63702509,     33.11789946,  -18.86846562,  -44.36593858,  -22.94789378,    -37.4228336 ], [ -870.43639403,  249.06245104,   25.45873679,  447.2396093 ,     84.07739902,  101.87554688,   -3.39005437, -103.55865625,    104.88450312,  -47.03727048,  -82.61450024,   37.77174991,    -23.36761684], [ -474.63969994,  124.91219265,   17.62033719,   84.07739902,    245.00158787,   30.4677988 ,  -32.8643427 ,   -3.96455614,    -15.59178812,   -8.39731123,    1.83011138,   -9.79095693,     15.93455206], [ -529.85142715,  107.4821769 ,   68.50244303,  101.87554688,     30.4677988 ,  234.82285279,   69.07807981,  -66.84378862,     71.43486811,  -30.3232861 ,  -29.13908964,   36.91862726,    -28.77504676], [ -329.77064591,  120.06902253,   64.59465882,   -3.39005437,    -32.8643427 ,   69.07807981,  179.12821085,   -4.63876017,     47.82817769,   10.31742045,  -21.97630107,   11.97768535,    -30.53151717], [  632.48701565,  -95.71791169,  -23.63702509, -103.55865625,     -3.96455614,  -66.84378862,   -4.63876017,  231.96338041,    -77.96788492,   35.05714045,   50.29039836,  -52.10256788,     19.49000092], [ -462.18231066,  128.02966469,   33.11789946,  104.88450312,    -15.59178812,   71.43486811,   47.82817769,  -77.96788492,    189.45520848,  -10.52347536,  -46.62636357,   45.2613154 ,    -14.07202535], [  217.15773756,   16.57894323,  -18.86846562,  -47.03727048,     -8.39731123,  -30.3232861 ,   10.31742045,   35.05714045,    -10.52347536,  127.18523383,   31.03233232,  -10.23829627,     -4.98998885], [  391.66476446,  -53.36016774,  -44.36593858,  -82.61450024,      1.83011138,  -29.13908964,  -21.97630107,   50.29039836,    -46.62636357,   31.03233232,  118.11986999,   -8.12851919,      4.5077371 ], [   -1.43329737,   26.20943151,  -22.94789378,   37.77174991,     -9.79095693,   36.91862726,   11.97768535,  -52.10256788,     45.2613154 ,  -10.23829627,   -8.12851919,   96.12930175,      4.43942321], [  334.04081058,  -38.259415  ,  -37.4228336 ,  -23.36761684,     15.93455206,  -28.77504676,  -30.53151717,   19.49000092,    -14.07202535,   -4.98998885,    4.5077371 ,    4.43942321,     92.62946431]]
/root/sim/music/out/山下達郎/OPUS_～ALL_TIME_BEST_1975-2012～_[Bonus_Disc]/02_酔いしれてDéjà_Vu_[UNRELEASED_DEMO_VOCAL].mp3; [-596.98236  , 118.91599  ,  -5.760986 ,  22.313353 ,   7.1779184,    5.9946375,   3.12827  ,  12.267882 ,  -7.000885 ,   5.616554 ,    0.8826411,  -6.168186 ,  -2.574365 ]; [[20090.40693776, -445.6415193 , -792.33713527,  320.74901112,    153.42646505,  -42.04643309,    3.5745716 ,  582.12314687,   -157.27619199,  111.46667462,    7.05993974,  -31.44561705,    120.1876814 ], [ -445.6415193 , 1693.88145247,   61.04772936,  117.42771686,     19.3039302 ,   96.20936481,  103.55317206,  -77.28720212,     23.26501978,   60.90349424,   39.28276071,   39.55953713,    -23.80757743], [ -792.33713527,   61.04772936,  816.18214985,  257.32993238,     79.67403382,  160.93665315,   55.14634118,  -66.09990905,    117.06788131,  -14.18225806,   30.62132388,   16.47618028,     18.02099152], [  320.74901112,  117.42771686,  257.32993238,  446.24621532,    152.45958951,  106.41191573,   28.92106934,   -5.18700587,    118.86565265,  -25.03097473,   -7.98544747,    4.04917549,     14.51542376], [  153.42646505,   19.3039302 ,   79.67403382,  152.45958951,    235.34665544,   82.56010248,   47.41016395,   55.27345457,     53.21860509,   10.60438372,    2.9178379 ,   -1.53082205,     12.8860314 ], [  -42.04643309,   96.20936481,  160.93665315,  106.41191573,     82.56010248,  249.98210216,  101.67935144,  -11.32953122,     97.42540865,  -13.03440641,   34.39180698,    9.67985164,    -23.28377622], [    3.5745716 ,  103.55317206,   55.14634118,   28.92106934,     47.41016395,  101.67935144,  214.91655433,   60.27138151,     31.62483535,   21.95000783,   22.29875241,    4.9137787 ,     -6.34433211], [  582.12314687,  -77.28720212,  -66.09990905,   -5.18700587,     55.27345457,  -11.32953122,   60.27138151,  228.33921945,    -49.68259505,   55.84715946,   15.60152164,  -27.62201835,      9.05364513], [ -157.27619199,   23.26501978,  117.06788131,  118.86565265,     53.21860509,   97.42540865,   31.62483535,  -49.68259505,    225.18202341,  -24.71511542,   -3.96431231,   19.6617046 ,    -14.56384671], [  111.46667462,   60.90349424,  -14.18225806,  -25.03097473,     10.60438372,  -13.03440641,   21.95000783,   55.84715946,    -24.71511542,  152.08090888,   39.80891806,   -7.01400698,    -16.29430677], [    7.05993974,   39.28276071,   30.62132388,   -7.98544747,      2.9178379 ,   34.39180698,   22.29875241,   15.60152164,     -3.96431231,   39.80891806,  103.59567994,   17.83975622,     -8.91108733], [  -31.44561705,   39.55953713,   16.47618028,    4.04917549,     -1.53082205,    9.67985164,    4.9137787 ,  -27.62201835,     19.6617046 ,   -7.01400698,   17.83975622,  102.05241678,     27.80097248], [  120.1876814 ,  -23.80757743,   18.02099152,   14.51542376,     12.8860314 ,  -23.28377622,   -6.34433211,    9.05364513,    -14.56384671,  -16.29430677,   -8.91108733,   27.80097248,    100.98499777]]
/root/sim/music/out/山下達郎/OPUS_～ALL_TIME_BEST_1975-2012～_[Bonus_Disc]/04_EVERY_NIGHT_[2012_NEW_REMASTER].mp3; [-690.5997   , 178.04507  ,  24.556519 ,  26.751034 ,  -3.6827807,    1.1429795,  -1.5139145,   6.9539213,  -3.5509639,   2.3324318,   -2.5962832,  -7.5906496,  -3.8887072]; [[16822.66534067,-1708.49746379, -629.72693612, 1028.08358417,    552.6745939 ,  374.09076242,  -27.22507215,  503.18359995,   -253.76536484,  204.38805186,   47.23137019, -147.73683746,     86.84948109], [-1708.49746379, 3226.54467212,   38.32027019, -436.76377631,    -33.79076745,  -79.00564854,   92.20286104,  -50.4142077 ,     69.01199504,  -42.83943706,   -5.56724866,   19.01161143,    -33.91566945], [ -629.72693612,   38.32027019, 1140.6529465 ,  355.14864355,   -205.88279858,  187.25130852,  153.91708993,  -68.22155624,    215.30233806,    6.77436711,    9.41689424,  132.31621834,     78.76792911], [ 1028.08358417, -436.76377631,  355.14864355,  692.08908746,     76.69612214,  129.23292247,   95.72022025,   24.20784069,    116.34598338,   45.87338569,  -18.29133726,   72.37976466,     76.51469177], [  552.6745939 ,  -33.79076745, -205.88279858,   76.69612214,    442.31046246,   35.77562176,  -10.46230459,  131.5964163 ,    -47.45909097,   69.95534041,   41.93649506,  -12.22070231,     23.75188205], [  374.09076242,  -79.00564854,  187.25130852,  129.23292247,     35.77562176,  281.7423056 ,  128.31938119,   24.89820189,     73.8699533 ,   -4.23294834,   31.87116218,   42.46036599,     17.91859802], [  -27.22507215,   92.20286104,  153.91708993,   95.72022025,    -10.46230459,  128.31938119,  209.32131009,   21.12960719,     50.75087105,    8.69823092,   13.14454292,   45.35217312,     20.10639214], [  503.18359995,  -50.4142077 ,  -68.22155624,   24.20784069,    131.5964163 ,   24.89820189,   21.12960719,  167.9573408 ,    -17.81332655,   49.20565411,   34.87134324,  -11.86451397,     25.71918098], [ -253.76536484,   69.01199504,  215.30233806,  116.34598338,    -47.45909097,   73.8699533 ,   50.75087105,  -17.81332655,    172.34356651,   -4.82549496,  -15.86587993,   36.29219412,      8.77936904], [  204.38805186,  -42.83943706,    6.77436711,   45.87338569,     69.95534041,   -4.23294834,    8.69823092,   49.20565411,     -4.82549496,  131.39830407,   49.16833662,    6.51798541,     18.08725786], [   47.23137019,   -5.56724866,    9.41689424,  -18.29133726,     41.93649506,   31.87116218,   13.14454292,   34.87134324,    -15.86587993,   49.16833662,  113.58353432,   24.22548955,     10.88879814], [ -147.73683746,   19.01161143,  132.31621834,   72.37976466,    -12.22070231,   42.46036599,   45.35217312,  -11.86451397,     36.29219412,    6.51798541,   24.22548955,  100.39827299,     39.4085509 ], [   86.84948109,  -33.91566945,   78.76792911,   76.51469177,     23.75188205,   17.91859802,   20.10639214,   25.71918098,      8.77936904,   18.08725786,   10.88879814,   39.4085509 ,     98.79130634]]
/root/sim/music/out/山下達郎/OPUS_～ALL_TIME_BEST_1975-2012～_[Bonus_Disc]/03_GUILTY_[UNRELEASED_DEMO_VOCAL].mp3; [-570.5726    , 122.844795  ,  -9.396872  ,  30.092165  ,  11.103573  ,   -2.5346477 ,  -5.9559207 ,   6.812907  , -10.1303425 ,   2.8068895 ,   -0.29591632,  -3.6241431 ,  -3.0159845 ]; [[10140.94424753,  274.05804214,  -29.7451199 ,  136.97878562,     21.42947617,   -5.13179531,  -76.39554406,   60.01716587,   -144.93011912,   78.8477992 ,    7.04894576,   -4.8363123 ,    -44.7293468 ], [  274.05804214, 1332.87981187, -181.78961782,  112.82130609,      5.48226305,    1.48664567,   19.69357494,   -0.34178806,     21.36515746,   39.28685319,   28.92421882,   -5.71429246,     -6.25548493], [  -29.7451199 , -181.78961782,  649.76237215,   34.81297645,     -7.15649918,   57.53330362,   51.85185652,   32.59334282,     47.69291381,  -12.02518934,   -8.16910037,  -15.63111678,     11.56328491], [  136.97878562,  112.82130609,   34.81297645,  334.99328796,     81.30872585,   51.6973545 ,  -19.84038029,    4.7587686 ,     82.72655262,  -15.71408873,    0.74194351,    7.41637204,     29.76072003], [   21.42947617,    5.48226305,   -7.15649918,   81.30872585,    175.89329468,   25.58332877,   -9.7248998 ,   22.92382359,     27.62633365,   19.30485742,    3.66654524,   10.21719089,     11.2479799 ], [   -5.13179531,    1.48664567,   57.53330362,   51.6973545 ,     25.58332877,  199.0458795 ,   67.98285868,  -19.53049044,     93.08662466,   -3.95151966,   23.15206957,   27.66033533,     -8.35804503], [  -76.39554406,   19.69357494,   51.85185652,  -19.84038029,     -9.7248998 ,   67.98285868,  173.2664153 ,   37.00147045,     38.10060283,   28.97048192,   13.87999216,   21.79795434,     -4.50174209], [   60.01716587,   -0.34178806,   32.59334282,    4.7587686 ,     22.92382359,  -19.53049044,   37.00147045,  177.05815998,    -30.45314656,   34.78676718,   -3.86975514,  -17.44924944,     15.69889216], [ -144.93011912,   21.36515746,   47.69291381,   82.72655262,     27.62633365,   93.08662466,   38.10060283,  -30.45314656,    205.07410497,    5.60622834,    6.30904027,   24.34481372,     -9.86405233], [   78.8477992 ,   39.28685319,  -12.02518934,  -15.71408873,     19.30485742,   -3.95151966,   28.97048192,   34.78676718,      5.60622834,  112.80786858,   21.19019299,    3.6645293 ,    -13.18066408], [    7.04894576,   28.92421882,   -8.16910037,    0.74194351,      3.66654524,   23.15206957,   13.87999216,   -3.86975514,      6.30904027,   21.19019299,   79.53776647,   19.75774275,      0.66584477], [   -4.8363123 ,   -5.71429246,  -15.63111678,    7.41637204,     10.21719089,   27.66033533,   21.79795434,  -17.44924944,     24.34481372,    3.6645293 ,   19.75774275,   84.82051819,     22.41240089], [  -44.7293468 ,   -6.25548493,   11.56328491,   29.76072003,     11.2479799 ,   -8.35804503,   -4.50174209,   15.69889216,     -9.86405233,  -13.18066408,    0.66584477,   22.41240089,     78.27009263]]
/root/sim/music/out/山下達郎/OPUS_～ALL_TIME_BEST_1975-2012～_[Disc_1]/16_あまく危険な香り.mp3; [-600.0495    , 133.6436    , -17.05801   ,  20.845068  ,  -4.088605  ,   -0.928054  ,  -8.75926   ,   6.556125  ,  -6.726187  ,  -0.85715413,   -9.010818  ,  -7.4387736 ,  -2.0732708 ]; [[18420.07833061, 1040.72634129, -433.55068053,  496.53610379,     -9.61179209,  201.58292575,  -36.48933399,   62.4805506 ,   -190.62984738,   19.78818234,  -56.75373189, -109.01195773,   -180.12282802], [ 1040.72634129, 1442.97625514, -316.08576812,  -93.41628524,     50.94052469,  -11.87708062,   -5.89006196,   85.56076514,    -68.62473198,   60.2065076 ,  -22.35773746,  -12.35623238,     31.07039846], [ -433.55068053, -316.08576812,  618.20002877,  183.43947505,     75.08008849,   69.71801031,   50.85949855,   30.30178706,     68.0587814 ,    3.10550114,   18.51457818,   20.42700897,     18.95946029], [  496.53610379,  -93.41628524,  183.43947505,  401.71825959,    118.8186881 ,   86.29748579,   13.11082681,   35.10150086,     77.3028219 ,  -11.47410109,    4.42098519,    5.8303038 ,     11.74407849], [   -9.61179209,   50.94052469,   75.08008849,  118.8186881 ,    218.25187707,   81.93283922,   27.52718501,   24.82128719,     35.8171674 ,   21.83031702,   12.38448093,   16.53171983,      0.9017802 ], [  201.58292575,  -11.87708062,   69.71801031,   86.29748579,     81.93283922,  212.41055532,   77.18452367,    4.82814944,     73.06362606,   -3.18727625,   34.85351629,   22.88075595,     -8.56137661], [  -36.48933399,   -5.89006196,   50.85949855,   13.11082681,     27.52718501,   77.18452367,  130.13218146,   32.68244191,     25.37756968,    3.59845901,   28.46171781,   18.3778241 ,     -0.4199987 ], [   62.4805506 ,   85.56076514,   30.30178706,   35.10150086,     24.82128719,    4.82814944,   32.68244191,  100.19840799,      6.88383361,   11.45685352,    2.62083137,    3.05725811,     15.24647999], [ -190.62984738,  -68.62473198,   68.0587814 ,   77.3028219 ,     35.8171674 ,   73.06362606,   25.37756968,    6.88383361,    147.75156668,   -3.17701835,    5.79615379,   16.46577826,      9.36466612], [   19.78818234,   60.2065076 ,    3.10550114,  -11.47410109,     21.83031702,   -3.18727625,    3.59845901,   11.45685352,     -3.17701835,  102.1443885 ,   34.14271183,    6.38615272,     -1.48560211], [  -56.75373189,  -22.35773746,   18.51457818,    4.42098519,     12.38448093,   34.85351629,   28.46171781,    2.62083137,      5.79615379,   34.14271183,   78.88859267,   30.56170629,      0.08172252], [ -109.01195773,  -12.35623238,   20.42700897,    5.8303038 ,     16.53171983,   22.88075595,   18.3778241 ,    3.05725811,     16.46577826,    6.38615272,   30.56170629,   67.03418182,     24.67213699], [ -180.12282802,   31.07039846,   18.95946029,   11.74407849,      0.9017802 ,   -8.56137661,   -0.4199987 ,   15.24647999,      9.36466612,   -1.48560211,    0.08172252,   24.67213699,     67.03130949]]
