/root/sim/music/out/エレファントカシマシ/THE_FIGHTING_MAN_[Disc_2]/2-01_ガストロンジャ―.mp3; [-485.54944  , 109.531624 , -22.179613 ,  30.629086 ,   6.95334  ,    5.6892147,  -4.6808023,   6.034119 ,   4.6124673,   7.5440283,    2.083345 ,  -2.1906972,  -3.7155268]; [[16581.0230362 ,  700.37587869, -199.27195235, -282.70188916,    -54.515637  ,   18.12101818,  147.87742512,  256.04931837,     34.55155869,  111.25272761,  -36.64519621, -111.29915748,   -162.0709822 ], [  700.37587869,  914.71042556, -355.70153089,  240.54046091,    -82.83408393,    9.980652  ,    9.5987248 ,  -26.91603606,      5.6794366 ,   -3.90086735,   44.52685892,   -5.91449822,     22.49226577], [ -199.27195235, -355.70153089,  674.77027622,  -93.56347818,     98.48718035,   12.32114044,   57.75671652,   26.93200666,     -3.11233732,   35.07560075,   10.73699266,   39.69978364,     21.75852368], [ -282.70188916,  240.54046091,  -93.56347818,  398.97860744,     60.61377456,   61.15381384,  -66.63823836,  -70.61115902,     -7.92750946,   19.89894705,   47.66290944,   10.96625261,     26.16993962], [  -54.515637  ,  -82.83408393,   98.48718035,   60.61377456,    192.13986243,   34.70245033,    2.24450522,  -23.80331286,     12.18984941,   20.76727262,    2.75173116,   11.20248673,      7.74182905], [   18.12101818,    9.980652  ,   12.32114044,   61.15381384,     34.70245033,  107.72547328,   21.49102074,   -0.53181972,    -15.62758799,   18.00718066,   20.34343087,    9.53870196,      4.81011715], [  147.87742512,    9.5987248 ,   57.75671652,  -66.63823836,      2.24450522,   21.49102074,  119.31090138,   42.75935066,      8.22220869,   -0.7830071 ,    5.70761913,    6.32161748,     -1.39801407], [  256.04931837,  -26.91603606,   26.93200666,  -70.61115902,    -23.80331286,   -0.53181972,   42.75935066,  102.88616153,     31.14471101,   -0.30707964,  -20.52509737,    0.2471635 ,     -0.60016463], [   34.55155869,    5.6794366 ,   -3.11233732,   -7.92750946,     12.18984941,  -15.62758799,    8.22220869,   31.14471101,     77.17609876,   16.31070199,   -7.90072112,   -2.71401153,     -2.31642972], [  111.25272761,   -3.90086735,   35.07560075,   19.89894705,     20.76727262,   18.00718066,   -0.7830071 ,   -0.30707964,     16.31070199,   66.46726333,   26.43992878,    1.22003237,     -3.52896978], [  -36.64519621,   44.52685892,   10.73699266,   47.66290944,      2.75173116,   20.34343087,    5.70761913,  -20.52509737,     -7.90072112,   26.43992878,   65.72999173,   26.03813769,      7.68491664], [ -111.29915748,   -5.91449822,   39.69978364,   10.96625261,     11.20248673,    9.53870196,    6.32161748,    0.2471635 ,     -2.71401153,    1.22003237,   26.03813769,   67.16828581,     37.65815406], [ -162.0709822 ,   22.49226577,   21.75852368,   26.16993962,      7.74182905,    4.81011715,   -1.39801407,   -0.60016463,     -2.31642972,   -3.52896978,    7.68491664,   37.65815406,     68.44647314]]
/root/sim/music/out/エレファントカシマシ/THE_FIGHTING_MAN_[Disc_2]/12_Destiny.mp3; [-505.22046  , 106.485535 ,  -9.62823  ,  24.581457 ,  12.986838 ,    1.8688477,  -4.641277 ,   6.113036 ,   2.0304093,   0.9965918,   -5.4695272,  -1.3758732,  -2.1513076]; [[18581.02804636,  729.67640066, -245.68456142,  195.27926106,    219.25366471,  -53.83099255, -144.43219672,   99.91545242,     32.08283874,  -28.26497395,  -64.6166067 ,   28.37883525,   -107.72557045], [  729.67640066,  982.06659322, -167.81591203,   47.85725127,    -20.21135447,   -3.59077286,   53.9710237 ,   37.18523115,     17.5824499 ,   32.18777297,   -1.82426454,    4.32156644,     -6.68926449], [ -245.68456142, -167.81591203,  351.99756226,   17.27842111,     33.9936295 ,   16.16360719,  -30.15738921,  -23.9587856 ,    -13.87533117,  -29.17536616,  -12.60492801,  -13.17209179,      0.20561054], [  195.27926106,   47.85725127,   17.27842111,  341.54460415,     96.61075118,   46.49594286,  -16.56294218,   12.78264509,     41.98699812,   -0.81081744,    3.97353132,   15.85594117,     28.50633041], [  219.25366471,  -20.21135447,   33.9936295 ,   96.61075118,    189.28442355,   24.25092937,   -8.04138057,   -9.22126175,     20.06028311,   10.69600166,    0.01731194,   11.42264983,     15.28904519], [  -53.83099255,   -3.59077286,   16.16360719,   46.49594286,     24.25092937,  124.49831526,   45.67032815,    9.79289074,      8.23291464,    5.19612359,   16.49519327,    0.38680958,     -4.97218286], [ -144.43219672,   53.9710237 ,  -30.15738921,  -16.56294218,     -8.04138057,   45.67032815,  142.82402923,   55.96051292,     20.34652526,   10.90656075,   21.05451476,   17.82656332,     -1.47347147], [   99.91545242,   37.18523115,  -23.9587856 ,   12.78264509,     -9.22126175,    9.79289074,   55.96051292,  102.28918681,     37.24446226,   15.31208578,    7.12732955,   13.7197976 ,      4.01578203], [   32.08283874,   17.5824499 ,  -13.87533117,   41.98699812,     20.06028311,    8.23291464,   20.34652526,   37.24446226,     97.81516901,   43.26541279,   23.26327995,    9.94259937,     -0.36996668], [  -28.26497395,   32.18777297,  -29.17536616,   -0.81081744,     10.69600166,    5.19612359,   10.90656075,   15.31208578,     43.26541279,  105.95492557,   47.40828751,    6.68006031,    -11.1823744 ], [  -64.6166067 ,   -1.82426454,  -12.60492801,    3.97353132,      0.01731194,   16.49519327,   21.05451476,    7.12732955,     23.26327995,   47.40828751,   84.57438977,   29.14561331,     -6.97322972], [   28.37883525,    4.32156644,  -13.17209179,   15.85594117,     11.42264983,    0.38680958,   17.82656332,   13.7197976 ,      9.94259937,    6.68006031,   29.14561331,   71.28829818,     32.15961633], [ -107.72557045,   -6.68926449,    0.20561054,   28.50633041,     15.28904519,   -4.97218286,   -1.47347147,    4.01578203,     -0.36996668,  -11.1823744 ,   -6.97322972,   32.15961633,     79.14862689]]
/root/sim/music/out/エレファントカシマシ/THE_FIGHTING_MAN_[Disc_2]/2-08_暑中見舞_-憂鬱な午後-.mp3; [-514.7965    , 117.26933   ,   5.112919  ,  28.930176  ,   3.906787  ,    2.1669462 ,  -0.38409504,   2.0282607 ,  -3.875192  ,   3.364326  ,   -5.563354  ,  -2.2813892 ,  -8.06377   ]; [[19411.35157098,  969.29689475,  831.75595536,  135.53975219,     59.52685592,  436.81415906,  -12.02228657,  164.9279618 ,     56.08648193,  117.42460009,  -30.55054172,  -88.85880319,   -128.2477702 ], [  969.29689475, 1519.4279362 , -470.53613754,  241.9948304 ,    -34.02711803, -170.49840858,   80.14978964,  -61.3799785 ,    -88.88940307,   21.47426358,  -52.1985719 ,   40.71646129,      8.20489183], [  831.75595536, -470.53613754,  803.81113576, -118.75290424,     92.65543075,  149.56407707,    0.03814091,   43.54542441,     78.89567613,  -28.1827525 ,   13.67819541,  -30.7106969 ,     30.00856072], [  135.53975219,  241.9948304 , -118.75290424,  345.19705111,     48.63155063,   45.83027823,   -7.99290627,   22.37336037,     34.79300531,    4.78674418,   -7.4204097 ,    9.56430584,      6.92663981], [   59.52685592,  -34.02711803,   92.65543075,   48.63155063,    141.2981737 ,   38.78986109,   -3.81259858,    1.55185262,     34.30045621,    5.69309756,    5.07172843,   -2.57239799,      0.74290069], [  436.81415906, -170.49840858,  149.56407707,   45.83027823,     38.78986109,  202.69446012,   33.02116935,   53.43097674,     65.32466619,    3.50060503,   38.65364517,   -1.8156642 ,     -3.22008536], [  -12.02228657,   80.14978964,    0.03814091,   -7.99290627,     -3.81259858,   33.02116935,  107.00415905,   36.90055187,      8.19904471,    6.64156575,   13.89168014,   13.55578809,      2.75399516], [  164.9279618 ,  -61.3799785 ,   43.54542441,   22.37336037,      1.55185262,   53.43097674,   36.90055187,   91.02089472,     43.49576354,    7.48241735,   21.70731581,    3.04817258,      4.47488116], [   56.08648193,  -88.88940307,   78.89567613,   34.79300531,     34.30045621,   65.32466619,    8.19904471,   43.49576354,    107.39131231,   18.06220037,   22.97359545,   -6.51727773,      4.36536459], [  117.42460009,   21.47426358,  -28.1827525 ,    4.78674418,      5.69309756,    3.50060503,    6.64156575,    7.48241735,     18.06220037,   68.77594782,   17.58145635,    7.88626022,     -0.86343652], [  -30.55054172,  -52.1985719 ,   13.67819541,   -7.4204097 ,      5.07172843,   38.65364517,   13.89168014,   21.70731581,     22.97359545,   17.58145635,   78.94769036,   22.51212058,      4.49342428], [  -88.85880319,   40.71646129,  -30.7106969 ,    9.56430584,     -2.57239799,   -1.8156642 ,   13.55578809,    3.04817258,     -6.51727773,    7.88626022,   22.51212058,   55.22037991,     17.09976485], [ -128.2477702 ,    8.20489183,   30.00856072,    6.92663981,      0.74290069,   -3.22008536,    2.75399516,    4.47488116,      4.36536459,   -0.86343652,    4.49342428,   17.09976485,     65.06734181]]
/root/sim/music/out/エレファントカシマシ/THE_FIGHTING_MAN_[Disc_2]/2-10_歴史.mp3; [-649.42084   , 150.88515   ,  27.322268  ,  50.919125  ,  32.065674  ,   12.647803  ,   1.5628841 ,  12.543803  ,  -0.02973422,   7.4724097 ,    2.013159  ,   0.487767  ,   1.1924634 ]; [[30416.59027366,-4050.9420523 ,-3533.66781074,-1477.05182079,   -755.99813421, -156.7004082 , -434.04379964,  221.805363  ,   -534.50636599,  -81.01853471, -638.54418286, -422.98296914,   -132.21348747], [-4050.9420523 , 3587.04234938,  206.08363401,  564.60524123,    443.98308101, -100.37390819,  160.98929214,   35.22061869,    148.88441043,   80.93820325,  243.64542014,  114.849368  ,     18.53849199], [-3533.66781074,  206.08363401, 1703.38992983,  303.84691757,    -11.06838566,  139.96887054,   11.87159103,  -17.31355508,     22.44727325,   41.79213585,   91.68040996,   90.50479746,     75.34657898], [-1477.05182079,  564.60524123,  303.84691757,  629.05886843,    201.60752574,   19.13939067,  -53.49605448,  -39.03099715,     92.93865899,  -17.15408124,   52.57878624,   57.17141991,     18.60676916], [ -755.99813421,  443.98308101,  -11.06838566,  201.60752574,    369.24379233,  -14.69426568,  -66.42421328,  -24.72521962,     35.51124092,   27.25596632,   28.10568711,   28.09205123,     21.80708689], [ -156.7004082 , -100.37390819,  139.96887054,   19.13939067,    -14.69426568,  179.83641639,   36.8887348 ,  -35.81422953,     17.09929625,  -15.00185819,    5.18511999,   10.2033428 ,    -16.28643588], [ -434.04379964,  160.98929214,   11.87159103,  -53.49605448,    -66.42421328,   36.8887348 ,  202.6514622 ,   40.81129045,     -6.77343498,    5.11711024,    3.56004792,   14.16066553,    -14.90097724], [  221.805363  ,   35.22061869,  -17.31355508,  -39.03099715,    -24.72521962,  -35.81422953,   40.81129045,  154.34943023,    -28.68927771,   19.95018399,   -7.0496157 ,  -15.3918621 ,     21.38340038], [ -534.50636599,  148.88441043,   22.44727325,   92.93865899,     35.51124092,   17.09929625,   -6.77343498,  -28.68927771,    150.40991759,    0.75487938,   39.3414812 ,    5.9014233 ,    -27.28866267], [  -81.01853471,   80.93820325,   41.79213585,  -17.15408124,     27.25596632,  -15.00185819,    5.11711024,   19.95018399,      0.75487938,  133.91983563,   32.22402057,   -0.91555908,     11.01946692], [ -638.54418286,  243.64542014,   91.68040996,   52.57878624,     28.10568711,    5.18511999,    3.56004792,   -7.0496157 ,     39.3414812 ,   32.22402057,  118.79004776,   29.02700046,     -7.43682694], [ -422.98296914,  114.849368  ,   90.50479746,   57.17141991,     28.09205123,   10.2033428 ,   14.16066553,  -15.3918621 ,      5.9014233 ,   -0.91555908,   29.02700046,   98.02468899,     22.04180496], [ -132.21348747,   18.53849199,   75.34657898,   18.60676916,     21.80708689,  -16.28643588,  -14.90097724,   21.38340038,    -27.28866267,   11.01946692,   -7.43682694,   22.04180496,    107.02203275]]
/root/sim/music/out/エレファントカシマシ/THE_FIGHTING_MAN_[Disc_2]/2-09_俺の道.mp3; [-542.3379    , 119.348434  , -22.695162  ,  18.779139  ,   2.288457  ,    5.133322  ,  -7.442327  ,   2.0866966 ,  -1.8421072 ,   0.20110142,   -3.3874142 ,  -8.913599  ,  -5.9493184 ]; [[14763.31206425,  254.21101728,   73.11387056, -296.07992837,     68.80803432,  208.99606842,    2.75900683,  102.40693243,     -0.58283864,   96.60108765,   26.76288326, -178.52210437,   -113.37459553], [  254.21101728, 1738.60672377, -596.86782832,  357.99141697,      1.42445614,  -48.30283318,   44.93984716,   -7.56270594,    -31.39755142,   11.26905846,  -20.9123664 ,   23.56645507,     21.45825433], [   73.11387056, -596.86782832,  850.77027581, -105.3162658 ,     19.13086644,   61.58636099,    2.64392237,   55.74148338,     37.48461281,  -18.85915692,   61.27059684,   30.42744253,     39.04573758], [ -296.07992837,  357.99141697, -105.3162658 ,  490.03183976,    109.50866355,  -25.15899521,  -64.79846685,  -12.04438992,     39.62571614,    7.7791581 ,   -1.51963999,   34.58536239,     31.63825675], [   68.80803432,    1.42445614,   19.13086644,  109.50866355,    208.25780279,   27.22342736,  -21.39564479,    5.03300754,     27.60980608,   21.56791255,   14.61969184,   15.71899855,     13.11394223], [  208.99606842,  -48.30283318,   61.58636099,  -25.15899521,     27.22342736,  177.84156683,   76.06452101,   35.89144987,     13.92602087,   39.71755276,   21.01759925,   -3.97080163,    -15.97878339], [    2.75900683,   44.93984716,    2.64392237,  -64.79846685,    -21.39564479,   76.06452101,  215.08582521,   65.77143053,      1.66161965,   17.11634622,   19.67074664,    4.09462125,      3.40456823], [  102.40693243,   -7.56270594,   55.74148338,  -12.04438992,      5.03300754,   35.89144987,   65.77143053,  132.67402083,     28.02436285,   16.7630337 ,   19.30733647,   12.32657601,      2.58104033], [   -0.58283864,  -31.39755142,   37.48461281,   39.62571614,     27.60980608,   13.92602087,    1.66161965,   28.02436285,    133.71289076,   25.30276646,   25.7790955 ,   15.65514763,      3.09494221], [   96.60108765,   11.26905846,  -18.85915692,    7.7791581 ,     21.56791255,   39.71755276,   17.11634622,   16.7630337 ,     25.30276646,  112.78317184,   33.81183476,   -1.49894434,     -4.2191162 ], [   26.76288326,  -20.9123664 ,   61.27059684,   -1.51963999,     14.61969184,   21.01759925,   19.67074664,   19.30733647,     25.7790955 ,   33.81183476,  101.31727835,   29.02937063,     -7.50482553], [ -178.52210437,   23.56645507,   30.42744253,   34.58536239,     15.71899855,   -3.97080163,    4.09462125,   12.32657601,     15.65514763,   -1.49894434,   29.02937063,   91.6465753 ,     43.82302735], [ -113.37459553,   21.45825433,   39.04573758,   31.63825675,     13.11394223,  -15.97878339,    3.40456823,    2.58104033,      3.09494221,   -4.2191162 ,   -7.50482553,   43.82302735,     97.26171047]]
/root/sim/music/out/エレファントカシマシ/THE_FIGHTING_MAN_[Disc_2]/2-04_花男.mp3; [-527.21674  ,  90.508865 ,  -1.8207021,  33.03983  ,  10.455589 ,   -5.087313 ,   0.8083372,  10.956008 ,   3.800396 ,   4.8805685,    6.522018 ,   4.5339913,   1.5446808]; [[17000.68388087, 1286.71115808, -588.0562281 ,  220.08184022,    100.8119088 ,  110.92096551,  127.33137249,  187.03722576,    -34.4425557 ,   60.18466228,  137.89022673,   56.9268362 ,     18.83820202], [ 1286.71115808, 1067.97742945, -147.36600105,  -92.32021767,    -23.83979844,   16.83375978,   79.00939716,   50.92210807,    -41.34205365,  -32.09919954,   22.02956864,  -26.87942892,    -21.84982398], [ -588.0562281 , -147.36600105,  707.78769856,  266.19023196,     43.69481827, -123.15681528,  -89.73913612,   15.71191751,     73.10273818,    5.7048236 ,  -32.38837548,   21.64526049,     23.76788078], [  220.08184022,  -92.32021767,  266.19023196,  625.84603382,    167.73892699, -120.61086547, -174.84387649,  -23.04702896,    113.65124225,   53.88912955,  -28.82078547,   28.55745212,     31.41786166], [  100.8119088 ,  -23.83979844,   43.69481827,  167.73892699,    318.23319243,   13.71615831,  -73.24279078,  -61.75679993,     53.68086304,   41.93750399,   12.37594529,    5.36215097,     14.30191857], [  110.92096551,   16.83375978, -123.15681528, -120.61086547,     13.71615831,  243.72018222,  138.80832828,    3.45152798,    -60.25208246,    5.01213716,   25.3897007 ,    2.87221818,    -14.2601769 ], [  127.33137249,   79.00939716,  -89.73913612, -174.84387649,    -73.24279078,  138.80832828,  253.82494229,   83.86114651,    -47.590079  ,  -27.67414235,   26.16232445,    1.80099681,    -20.55266846], [  187.03722576,   50.92210807,   15.71191751,  -23.04702896,    -61.75679993,    3.45152798,   83.86114651,  139.25240236,     25.92770367,    3.10408191,   -2.22695717,   -0.32487034,     -4.86046777], [  -34.4425557 ,  -41.34205365,   73.10273818,  113.65124225,     53.68086304,  -60.25208246,  -47.590079  ,   25.92770367,    121.99130098,   46.08591495,   -6.88143684,   -9.47645677,     -4.97650151], [   60.18466228,  -32.09919954,    5.7048236 ,   53.88912955,     41.93750399,    5.01213716,  -27.67414235,    3.10408191,     46.08591495,   98.29327985,   25.69597094,    3.09474529,     -3.45082372], [  137.89022673,   22.02956864,  -32.38837548,  -28.82078547,     12.37594529,   25.3897007 ,   26.16232445,   -2.22695717,     -6.88143684,   25.69597094,   69.58598625,   26.82801926,     -2.29926521], [   56.9268362 ,  -26.87942892,   21.64526049,   28.55745212,      5.36215097,    2.87221818,    1.80099681,   -0.32487034,     -9.47645677,    3.09474529,   26.82801926,   71.806863  ,     28.48513825], [   18.83820202,  -21.84982398,   23.76788078,   31.41786166,     14.30191857,  -14.2601769 ,  -20.55266846,   -4.86046777,     -4.97650151,   -3.45082372,   -2.29926521,   28.48513825,     65.24692238]]
/root/sim/music/out/エレファントカシマシ/THE_FIGHTING_MAN_[Disc_2]/2-02_デーデ.mp3; [-555.60205  ,  97.568634 ,  -4.5963745,  38.03521  ,   9.081133 ,   -2.1210601,   2.9278913,  11.4671955,   4.962359 ,   5.5413647,    2.1530259,   3.2793837,   0.891266 ]; [[26131.31353533, 1548.44137325, -419.96808447,  542.37525952,    422.23802061,  396.11291738,  232.41129988,  165.96763736,   -164.00804458,   10.57481032,  -84.61142245,  -17.77554945,    105.42202387], [ 1548.44137325, 1172.9281617 , -314.70887903,  164.35971332,     18.38920956,  -41.29200221,   86.7411227 ,   31.15663034,     22.8735672 ,  -15.51397608,    9.66050264,   25.03975568,    -22.80281685], [ -419.96808447, -314.70887903,  771.05301001,  108.95289066,    130.77137472,   27.86077279,  -19.27538714,   65.5642586 ,     58.09132709,   34.83165005,   37.33130989,   41.50789391,     62.01112099], [  542.37525952,  164.35971332,  108.95289066,  444.20179382,     93.47668421,  -83.9860907 , -114.09864748,   14.96307227,    101.78949579,   21.07007595,   -7.68950907,   35.60402629,     25.82351113], [  422.23802061,   18.38920956,  130.77137472,   93.47668421,    329.36431644,   92.59270857,   42.62341228,    3.31489139,     45.05480487,   51.14759873,   22.55012461,    8.75054972,     39.965627  ], [  396.11291738,  -41.29200221,   27.86077279,  -83.9860907 ,     92.59270857,  250.59006996,  152.18785147,   34.57517613,    -27.4418379 ,   15.22086854,   29.90280538,   -1.4755422 ,      9.97993079], [  232.41129988,   86.7411227 ,  -19.27538714, -114.09864748,     42.62341228,  152.18785147,  263.48228145,   79.4808557 ,    -20.08682424,    2.85083718,   36.17088433,    0.37369154,      5.63163749], [  165.96763736,   31.15663034,   65.5642586 ,   14.96307227,      3.31489139,   34.57517613,   79.4808557 ,  130.4911932 ,     31.02932555,   17.91302585,   17.41858495,    5.08480452,     11.95098018], [ -164.00804458,   22.8735672 ,   58.09132709,  101.78949579,     45.05480487,  -27.4418379 ,  -20.08682424,   31.02932555,    126.41677144,   52.23046401,   16.64938731,   10.88184731,      1.99588772], [   10.57481032,  -15.51397608,   34.83165005,   21.07007595,     51.14759873,   15.22086854,    2.85083718,   17.91302585,     52.23046401,  105.11762614,   43.48417863,   10.25291071,      6.82649549], [  -84.61142245,    9.66050264,   37.33130989,   -7.68950907,     22.55012461,   29.90280538,   36.17088433,   17.41858495,     16.64938731,   43.48417863,   92.1964089 ,   34.45994555,      9.5105975 ], [  -17.77554945,   25.03975568,   41.50789391,   35.60402629,      8.75054972,   -1.4755422 ,    0.37369154,    5.08480452,     10.88184731,   10.25291071,   34.45994555,   69.19472771,     21.76907089], [  105.42202387,  -22.80281685,   62.01112099,   25.82351113,     39.965627  ,    9.97993079,    5.63163749,   11.95098018,      1.99588772,    6.82649549,    9.5105975 ,   21.76907089,     68.1482318 ]]
/root/sim/music/out/エレファントカシマシ/THE_FIGHTING_MAN_[Disc_2]/2-03_奴隷天国.mp3; [-482.4572    , 103.92912   , -28.774723  ,  30.65855   ,   9.833952  ,    2.2720497 ,  -1.2375463 ,  10.197506  ,   0.9695331 ,   0.80809784,    0.543537  ,  -1.1536071 ,  -2.7725685 ]; [[14858.48271742, 1561.33608351, -783.52552524,  224.10089163,    -88.03177274,  -78.69868916, -150.92957967,   84.1385891 ,   -116.67264758,  -53.22183029,  -72.80005872,  -77.39833649,    -73.45945336], [ 1561.33608351,  740.69179949, -223.59328093,   68.98659159,    -25.57422644,  -71.63941435,   25.67956335,   45.24242109,     24.64251935,   18.60354199,    6.75195009,   -3.98255209,    -18.18353508], [ -783.52552524, -223.59328093,  365.21580817,   24.17635152,     27.01641721,   39.79867365,  -34.65457088,  -32.76164628,      1.12219862,    2.26179264,    9.3180404 ,   20.49385528,      8.14077078], [  224.10089163,   68.98659159,   24.17635152,  198.41167577,     98.34887135,   33.97090985,  -16.03569912,   -4.70522437,     26.60776471,   11.32012148,    1.86481457,   22.16348229,     15.28611353], [  -88.03177274,  -25.57422644,   27.01641721,   98.34887135,    166.35256884,   56.30071702,   -2.67413102,   -9.08723688,     15.18671445,   -0.40110197,    5.04080333,   19.37673154,     15.4449921 ], [  -78.69868916,  -71.63941435,   39.79867365,   33.97090985,     56.30071702,  118.39229583,   45.17368417,    7.71433826,     -2.66445667,  -11.19872817,   -1.01531914,   10.59668213,      6.98385131], [ -150.92957967,   25.67956335,  -34.65457088,  -16.03569912,     -2.67413102,   45.17368417,  126.89245902,   61.20683377,      8.37015714,    3.57319922,    2.06578471,   -5.2689145 ,     -1.81403896], [   84.1385891 ,   45.24242109,  -32.76164628,   -4.70522437,     -9.08723688,    7.71433826,   61.20683377,   83.95004535,     32.93139691,   14.5660885 ,    0.21736796,  -10.30601488,     -9.2970716 ], [ -116.67264758,   24.64251935,    1.12219862,   26.60776471,     15.18671445,   -2.66445667,    8.37015714,   32.93139691,     72.5651473 ,   35.319141  ,    6.80449601,   -0.22379192,     -7.893477  ], [  -53.22183029,   18.60354199,    2.26179264,   11.32012148,     -0.40110197,  -11.19872817,    3.57319922,   14.5660885 ,     35.319141  ,   63.49991168,   24.21954196,    0.41957422,    -10.31941882], [  -72.80005872,    6.75195009,    9.3180404 ,    1.86481457,      5.04080333,   -1.01531914,    2.06578471,    0.21736796,      6.80449601,   24.21954196,   49.28448427,   22.40605766,      0.56816526], [  -77.39833649,   -3.98255209,   20.49385528,   22.16348229,     19.37673154,   10.59668213,   -5.2689145 ,  -10.30601488,     -0.22379192,    0.41957422,   22.40605766,   54.01235459,     22.61795227], [  -73.45945336,  -18.18353508,    8.14077078,   15.28611353,     15.4449921 ,    6.98385131,   -1.81403896,   -9.2970716 ,     -7.893477  ,  -10.31941882,    0.56816526,   22.61795227,     46.3785692 ]]
/root/sim/music/out/エレファントカシマシ/RAINBOW/04-愛すべき今日.mp3; [-531.4849   , 117.59805  ,  -8.394074 ,  29.249952 ,  13.709457 ,    3.9917119,  -1.0932816,   2.7159212,  -3.0412827,   1.124703 ,   -6.2522984,  -3.2862954,  -1.3895918]; [[14854.94354289, -267.72699706,  -91.38211025,  214.14033992,     -5.02166567,   64.94848651,  125.64713094,   71.22744871,     75.80298401,  227.55696385,   23.31200558,   16.14719254,     23.35692433], [ -267.72699706, 1351.69521014, -270.04456282,   17.34009781,     42.12741715,  -53.23363974,   67.08225844,   78.62979468,    -39.23707909,    3.68008881,  -25.07811377,   -3.75595667,     13.21750995], [  -91.38211025, -270.04456282,  434.42873828,   44.03941694,     48.89837457,   89.03495775,  -15.74030595,   44.88405233,     58.6550585 ,  -40.17210131,    7.4593674 ,    0.51601213,     17.65329377], [  214.14033992,   17.34009781,   44.03941694,  292.58693438,    124.95855014,   31.31284917,  -41.90718449,   -2.09737191,     45.25013462,    7.2932538 ,    6.30129399,   17.28125793,     24.2289482 ], [   -5.02166567,   42.12741715,   48.89837457,  124.95855014,    236.265909  ,   46.90839168,  -24.36908106,    0.76499413,     62.69873068,   32.30176445,   -1.09475855,   -5.2479879 ,     11.78676403], [   64.94848651,  -53.23363974,   89.03495775,   31.31284917,     46.90839168,  135.77931394,   21.72763211,   29.38075117,     30.1639474 ,   -0.52965447,   17.1335386 ,   -1.09987693,     -5.15134537], [  125.64713094,   67.08225844,  -15.74030595,  -41.90718449,    -24.36908106,   21.72763211,  162.58563775,   63.61283917,      4.31088408,   17.84004936,   20.09583339,   26.066638  ,      9.55133675], [   71.22744871,   78.62979468,   44.88405233,   -2.09737191,      0.76499413,   29.38075117,   63.61283917,  122.59790711,     24.28897262,    2.80271236,   10.98083262,   10.20728105,     18.8608389 ], [   75.80298401,  -39.23707909,   58.6550585 ,   45.25013462,     62.69873068,   30.1639474 ,    4.31088408,   24.28897262,    112.86810522,   35.87912448,   11.65202926,    4.97436954,      8.39651357], [  227.55696385,    3.68008881,  -40.17210131,    7.2932538 ,     32.30176445,   -0.52965447,   17.84004936,    2.80271236,     35.87912448,   96.30101056,   20.58564262,    5.47385738,      3.47530532], [   23.31200558,  -25.07811377,    7.4593674 ,    6.30129399,     -1.09475855,   17.1335386 ,   20.09583339,   10.98083262,     11.65202926,   20.58564262,   71.79469958,   24.52092467,      6.09973085], [   16.14719254,   -3.75595667,    0.51601213,   17.28125793,     -5.2479879 ,   -1.09987693,   26.066638  ,   10.20728105,      4.97436954,    5.47385738,   24.52092467,   73.96967502,     28.795403  ], [   23.35692433,   13.21750995,   17.65329377,   24.2289482 ,     11.78676403,   -5.15134537,    9.55133675,   18.8608389 ,      8.39651357,    3.47530532,    6.09973085,   28.795403  ,     73.82848543]]
/root/sim/music/out/エレファントカシマシ/RAINBOW/02-RAINBOW.mp3; [-472.20038   ,  95.96085   ,  -1.5082059 ,  27.829006  ,  15.739189  ,    9.561916  ,   3.1165943 ,   3.414251  ,   5.0434375 ,   4.797957  ,    1.9262272 ,   0.46655884,   0.02424251]; [[11219.90977997,  473.31014226, -100.10388544,  299.18317032,    117.64120859,  137.19126127,    2.53705203,   14.66730148,     93.81154949,   34.19727756,   33.33724127,    5.64003554,      0.93942161], [  473.31014226,  675.32729288, -177.35169582,   35.86528245,    -18.18844801,    4.34385562,   14.55926126,   10.55807933,     -5.05714181,   45.37350182,   11.49603664,   -7.86518426,    -12.3439821 ], [ -100.10388544, -177.35169582,  332.80607722,   27.18091837,      5.65682311,  -26.98031544,  -14.79234501,   -4.83447255,    -18.70081193,  -21.01286618,   -1.67846781,   21.87796203,     24.81973938], [  299.18317032,   35.86528245,   27.18091837,  165.7433223 ,     24.36045721,    4.93699709,  -20.83295686,   -4.13201142,     19.83123914,   -8.59688868,   -4.1098553 ,    4.111179  ,     16.20742481], [  117.64120859,  -18.18844801,    5.65682311,   24.36045721,    130.26993533,    8.41307669,  -19.43540367,  -12.30441132,     23.82151056,    6.70248593,  -16.33034713,   -7.48388526,      4.1846969 ], [  137.19126127,    4.34385562,  -26.98031544,    4.93699709,      8.41307669,   90.16116331,   39.37955246,    1.59304908,      1.55687547,    2.80747913,    2.92214831,   -9.92603879,     -9.36481967], [    2.53705203,   14.55926126,  -14.79234501,  -20.83295686,    -19.43540367,   39.37955246,  110.43297708,   30.08059128,    -10.92744931,  -10.16839057,   15.41469511,    6.21166859,    -11.22813066], [   14.66730148,   10.55807933,   -4.83447255,   -4.13201142,    -12.30441132,    1.59304908,   30.08059128,   71.63850751,     14.90413881,    3.44533187,   -1.74192641,    6.19181794,     -1.91558784], [   93.81154949,   -5.05714181,  -18.70081193,   19.83123914,     23.82151056,    1.55687547,  -10.92744931,   14.90413881,     73.60677756,   21.9038865 ,   -2.67930099,  -10.7907074 ,      2.50645224], [   34.19727756,   45.37350182,  -21.01286618,   -8.59688868,      6.70248593,    2.80747913,  -10.16839057,    3.44533187,     21.9038865 ,   63.34991321,   15.88500746,   -3.58895894,    -10.60637138], [   33.33724127,   11.49603664,   -1.67846781,   -4.1098553 ,    -16.33034713,    2.92214831,   15.41469511,   -1.74192641,     -2.67930099,   15.88500746,   58.38926177,   23.28424415,      0.20381334], [    5.64003554,   -7.86518426,   21.87796203,    4.111179  ,     -7.48388526,   -9.92603879,    6.21166859,    6.19181794,    -10.7907074 ,   -3.58895894,   23.28424415,   60.64940115,     25.76765846], [    0.93942161,  -12.3439821 ,   24.81973938,   16.20742481,      4.1846969 ,   -9.36481967,  -11.22813066,   -1.91558784,      2.50645224,  -10.60637138,    0.20381334,   25.76765846,     54.8361838 ]]
/root/sim/music/out/エレファントカシマシ/RAINBOW/08-シナリオどおり.mp3; [-502.6955    , 111.72708   , -10.945134  ,  27.617144  ,   3.0105917 ,    9.006533  ,  -2.8629134 ,   5.2370434 ,  -0.7175376 ,   6.3179297 ,   -0.45221183,  -1.0509759 ,  -0.16604252]; [[22609.59613806,  816.24285415,  839.74875367,  222.74654159,    447.87397643,  705.77599938,  238.93359747,  534.11364475,    169.71591786,  324.11253685,  139.97677635,  -35.14952627,     17.01986192], [  816.24285415, 1035.96487275, -360.33109068,  154.36741537,     -6.16625745, -109.04351941,    9.20912637,  -18.65860539,    -40.99986129,   24.96085405,   -9.76794003,    7.04416372,      7.92542081], [  839.74875367, -360.33109068,  671.44338535,  -36.35059425,    143.3409003 ,  134.17210811,   22.8175157 ,   72.97168159,     53.4131068 ,  -14.41913878,  -15.90536047,  -26.55807068,     -5.41380202], [  222.74654159,  154.36741537,  -36.35059425,  184.69972791,     13.50793283,  -22.5003167 ,  -38.38278274,  -33.95580532,     -2.21878978,  -27.39956069,  -33.18902381,  -12.68843598,      9.00014583], [  447.87397643,   -6.16625745,  143.3409003 ,   13.50793283,    177.19451318,   48.61433466,   24.08491139,   36.03469204,     26.72144799,   23.69060669,   -6.75237028,  -14.94558649,      1.92827064], [  705.77599938, -109.04351941,  134.17210811,  -22.5003167 ,     48.61433466,  135.39046971,   43.67137648,   46.0047778 ,     27.73552368,    6.87961168,   10.90026347,   -3.33012637,     -2.4171779 ], [  238.93359747,    9.20912637,   22.8175157 ,  -38.38278274,     24.08491139,   43.67137648,  109.84138343,   54.07096149,      8.02990474,   15.45853622,   19.76968471,    7.56236658,    -12.69662506], [  534.11364475,  -18.65860539,   72.97168159,  -33.95580532,     36.03469204,   46.0047778 ,   54.07096149,  103.55220342,     25.40629346,   29.92237983,   16.06000871,    1.80930197,     -0.07148754], [  169.71591786,  -40.99986129,   53.4131068 ,   -2.21878978,     26.72144799,   27.73552368,    8.02990474,   25.40629346,     72.15644197,   20.61696861,   -0.4301923 ,   -6.55813244,     -0.13520503], [  324.11253685,   24.96085405,  -14.41913878,  -27.39956069,     23.69060669,    6.87961168,   15.45853622,   29.92237983,     20.61696861,   84.79235445,   38.24301877,   10.87254929,     10.17363577], [  139.97677635,   -9.76794003,  -15.90536047,  -33.18902381,     -6.75237028,   10.90026347,   19.76968471,   16.06000871,     -0.4301923 ,   38.24301877,   74.28638866,   33.45674999,      3.47423641], [  -35.14952627,    7.04416372,  -26.55807068,  -12.68843598,    -14.94558649,   -3.33012637,    7.56236658,    1.80930197,     -6.55813244,   10.87254929,   33.45674999,   59.27970096,     19.24056622], [   17.01986192,    7.92542081,   -5.41380202,    9.00014583,      1.92827064,   -2.4171779 ,  -12.69662506,   -0.07148754,     -0.13520503,   10.17363577,    3.47423641,   19.24056622,     60.02701527]]
/root/sim/music/out/エレファントカシマシ/RAINBOW/03-ズレてる方がいい.mp3; [-497.7276   , 106.34162  , -16.432148 ,  19.028946 ,  13.226861 ,    1.7798826,  -1.7606181,   5.321006 ,   2.0804117,   4.1779203,   -4.7668996,  -0.93172  ,   1.0789717]; [[10139.52219159,  719.80207402,  158.83934332,  337.9642567 ,    203.10038485,  182.15686872,    1.19363179,   72.38368586,    118.37455361,   66.47098605,  -35.50755321,  -22.30165416,    -40.31533654], [  719.80207402, 1106.66172296, -293.08052283,  115.60432456,     84.70039946,   -7.10280506,  128.26332585,   58.07549146,     -7.61145634,   41.91255477,  -17.97250515,    7.45474985,    -20.04317252], [  158.83934332, -293.08052283,  638.73586794,  180.93390075,     59.08732497,  118.2281289 ,   33.13159476,   31.06345752,     66.37926962,  -41.78054255,   29.81073648,   -4.72876104,     -5.57921102], [  337.9642567 ,  115.60432456,  180.93390075,  447.67824305,    153.0447409 ,   81.20519449,   17.38102768,   14.31197016,    111.33038137,   -5.05012305,   -0.10942899,   11.49254415,     10.90007618], [  203.10038485,   84.70039946,   59.08732497,  153.0447409 ,    221.30218438,   36.98463137,   -9.05207899,   -9.71697569,     55.22184657,   15.20683596,   -9.46947531,   -6.8262166 ,     -8.87942245], [  182.15686872,   -7.10280506,  118.2281289 ,   81.20519449,     36.98463137,  153.45887222,   65.38637863,   30.79866295,     33.16225898,    4.64644762,   26.75918895,   -7.74198562,    -31.90664581], [    1.19363179,  128.26332585,   33.13159476,   17.38102768,     -9.05207899,   65.38637863,  183.54603587,   72.48741592,     16.63303487,   12.89734181,   27.47890201,   12.35316802,    -19.30065255], [   72.38368586,   58.07549146,   31.06345752,   14.31197016,     -9.71697569,   30.79866295,   72.48741592,  101.98413326,     23.93853369,    8.93314142,   10.34986112,   10.32635026,     -4.47487401], [  118.37455361,   -7.61145634,   66.37926962,  111.33038137,     55.22184657,   33.16225898,   16.63303487,   23.93853369,    118.9579209 ,   12.92814647,   14.68918833,   -2.89153135,     -6.54726736], [   66.47098605,   41.91255477,  -41.78054255,   -5.05012305,     15.20683596,    4.64644762,   12.89734181,    8.93314142,     12.92814647,   99.01013919,   20.90656256,    6.26396314,    -12.22860102], [  -35.50755321,  -17.97250515,   29.81073648,   -0.10942899,     -9.46947531,   26.75918895,   27.47890201,   10.34986112,     14.68918833,   20.90656256,   78.24942971,   19.85853398,     -4.5041245 ], [  -22.30165416,    7.45474985,   -4.72876104,   11.49254415,     -6.8262166 ,   -7.74198562,   12.35316802,   10.32635026,     -2.89153135,    6.26396314,   19.85853398,   78.00195651,     31.65560508], [  -40.31533654,  -20.04317252,   -5.57921102,   10.90007618,     -8.87942245,  -31.90664581,  -19.30065255,   -4.47487401,     -6.54726736,  -12.22860102,   -4.5041245 ,   31.65560508,     85.6024319 ]]
/root/sim/music/out/エレファントカシマシ/RAINBOW/07-なからん.mp3; [-577.1754    , 154.49625   , -14.585719  ,  29.078447  ,  17.40983   ,   10.497802  ,   5.040169  ,   7.7543497 ,   0.25833535,   7.5280185 ,    0.07936128,   2.231495  ,   6.460196  ]; [[16520.21888117,-1652.55880777, -877.2441237 ,  285.7228373 ,   -135.00194015,  -29.68297796,  293.22010021,  -89.74602163,    -56.06812196,  208.44227437,  163.29001687,  418.92525669,      0.87701421], [-1652.55880777, 2183.1799924 , -216.50461436,   39.46625087,    124.77664391,   16.22103362,   14.47794877,   57.03895699,      3.36108249,  -11.07649753,  -62.74061494, -107.88903637,     22.23478627], [ -877.2441237 , -216.50461436,  687.26268647, -105.50380639,     29.28201514,  106.32663886,  -50.40033001,   76.97968219,    -13.87189986,   12.45375276,   20.94789052,  -66.81361096,      9.77078065], [  285.7228373 ,   39.46625087, -105.50380639,  291.2845143 ,     32.96144758,    4.58412289,   24.45428825,   -1.37602125,     71.73752019,   -3.41491943,   -5.19078374,   25.33705266,     -0.30027787], [ -135.00194015,  124.77664391,   29.28201514,   32.96144758,    152.58810789,   32.89713464,    2.17760754,   18.6440364 ,     27.7020113 ,   20.41953239,    2.89903259,    0.82997533,      5.48383768], [  -29.68297796,   16.22103362,  106.32663886,    4.58412289,     32.89713464,  156.97833685,   11.69846341,   20.98366991,     27.78791561,    0.52672245,   15.20300397,  -10.3849562 ,     -7.10734073], [  293.22010021,   14.47794877,  -50.40033001,   24.45428825,      2.17760754,   11.69846341,  159.31383098,   25.92881445,      6.38058813,   38.98509136,   16.76184838,   34.67814627,      7.23344217], [  -89.74602163,   57.03895699,   76.97968219,   -1.37602125,     18.6440364 ,   20.98366991,   25.92881445,  119.51135408,     -3.41920551,   17.11457721,    1.39250436,   -4.67772107,     20.33140103], [  -56.06812196,    3.36108249,  -13.87189986,   71.73752019,     27.7020113 ,   27.78791561,    6.38058813,   -3.41920551,    148.88853503,    2.26775271,   20.68846375,   30.76148653,      7.84052287], [  208.44227437,  -11.07649753,   12.45375276,   -3.41491943,     20.41953239,    0.52672245,   38.98509136,   17.11457721,      2.26775271,  122.11004797,   35.03993288,   23.69587994,      5.4860415 ], [  163.29001687,  -62.74061494,   20.94789052,   -5.19078374,      2.89903259,   15.20300397,   16.76184838,    1.39250436,     20.68846375,   35.03993288,  102.38135594,   37.72216698,      8.88346654], [  418.92525669, -107.88903637,  -66.81361096,   25.33705266,      0.82997533,  -10.3849562 ,   34.67814627,   -4.67772107,     30.76148653,   23.69587994,   37.72216698,  123.51062978,     31.92198107], [    0.87701421,   22.23478627,    9.77078065,   -0.30027787,      5.48383768,   -7.10734073,    7.23344217,   20.33140103,      7.84052287,    5.4860415 ,    8.88346654,   31.92198107,     86.57884827]]
