/root/sim/music/out/Van_Halen/Van_Halen/08_Feel_Your_Love_Tonight.mp3; [-531.1042   ,  84.248665 , -10.430642 ,  24.764317 ,  -2.650919 ,    7.670137 ,   2.3679564,  -0.3440495,   0.5895209,   1.9424865,   -6.7658987,  -5.6699266,  -6.0035605]; [[10548.17942975,  161.93707872, -227.82589276,  257.58418905,     58.9598637 ,  202.28058825,  108.38352289,   23.80680187,    -27.02608312,   71.97297905,  -24.03693366,  -54.11552696,    -97.27715158], [  161.93707872,  670.95424399,   97.35158562,  156.87909434,     25.84938151,   89.75547746,  120.40335341,   62.3857742 ,     58.59607913,   10.65655033,   34.36648581,   12.92975413,    -31.3363778 ], [ -227.82589276,   97.35158562,  549.78997056,  276.13372323,    160.84778617,   76.83258625,   38.5129805 ,   88.56370192,     57.89169849,   18.4405312 ,   15.02824553,   31.48973644,     16.53166149], [  257.58418905,  156.87909434,  276.13372323,  441.76419748,    185.97868946,   61.56183097,   16.22043439,   56.12542392,     82.67745734,   33.67042602,  -19.56418146,   39.24902906,     43.78819356], [   58.9598637 ,   25.84938151,  160.84778617,  185.97868946,    215.59982456,   53.32653967,    0.33179831,   14.53207833,     28.38109142,   28.31514787,  -10.15431495,   17.66365561,     16.96474899], [  202.28058825,   89.75547746,   76.83258625,   61.56183097,     53.32653967,  170.0313233 ,   95.67581048,   42.0390158 ,     28.67228245,   17.54218096,   35.94387447,    7.96933981,    -12.12675609], [  108.38352289,  120.40335341,   38.5129805 ,   16.22043439,      0.33179831,   95.67581048,  191.33168838,   78.0507381 ,     16.99433013,    2.10186168,   44.56273937,   11.30233159,    -27.11536855], [   23.80680187,   62.3857742 ,   88.56370192,   56.12542392,     14.53207833,   42.0390158 ,   78.0507381 ,  107.48970993,     50.7626125 ,   11.71313078,   15.77426081,    7.94504994,     -6.92963511], [  -27.02608312,   58.59607913,   57.89169849,   82.67745734,     28.38109142,   28.67228245,   16.99433013,   50.7626125 ,    115.28676345,   48.18630846,    9.62977445,    7.98929882,      4.78306469], [   71.97297905,   10.65655033,   18.4405312 ,   33.67042602,     28.31514787,   17.54218096,    2.10186168,   11.71313078,     48.18630846,   82.39595115,   31.80365018,    7.98605847,      2.23405966], [  -24.03693366,   34.36648581,   15.02824553,  -19.56418146,    -10.15431495,   35.94387447,   44.56273937,   15.77426081,      9.62977445,   31.80365018,   96.2818641 ,   32.37631486,     -6.54058246], [  -54.11552696,   12.92975413,   31.48973644,   39.24902906,     17.66365561,    7.96933981,   11.30233159,    7.94504994,      7.98929882,    7.98605847,   32.37631486,   73.18610521,     36.25252525], [  -97.27715158,  -31.3363778 ,   16.53166149,   43.78819356,     16.96474899,  -12.12675609,  -27.11536855,   -6.92963511,      4.78306469,    2.23405966,   -6.54058246,   36.25252525,     77.3379296 ]]
/root/sim/music/out/Van_Halen/Van_Halen/03_You_Really_Got_Me.mp3; [-537.4277    ,  78.63455   ,  -3.9702866 ,  19.72238   ,  -1.8368981 ,    8.129245  ,   1.9872674 ,   0.02129862,   1.1939863 ,   2.1130795 ,   -4.825114  ,  -4.5810757 ,  -5.2791777 ]; [[14816.74765074, -157.69996185, -667.25483153,   50.76243916,      8.23495556,  109.16151511, -109.69641478,  -80.48081295,     30.36292681,   67.25134046, -193.42808684, -105.53759886,    -17.26908007], [ -157.69996185,  807.93915662,  -58.69819667,  -24.28795516,    -34.94685583,   10.26250959,   28.1761161 ,   -0.74068753,     45.8304865 ,    2.9634365 ,   34.01890162,   40.44492711,     -1.12812297], [ -667.25483153,  -58.69819667,  514.58660606,   77.95669179,     45.25087804,    2.02631882,    6.36741481,   46.47802291,    -18.19257943,  -11.53452478,   24.54237509,    9.99179538,     14.36659417], [   50.76243916,  -24.28795516,   77.95669179,  360.54929875,    112.42250988,   -1.59724911,   13.88246856,   23.49784193,     71.66604558,   31.07921069,  -22.42417204,   31.15346437,     43.57436834], [    8.23495556,  -34.94685583,   45.25087804,  112.42250988,    185.61113066,   66.47809776,    2.88794367,    4.96896584,     50.1450787 ,   32.72218716,    8.20208718,   29.31879441,     29.65021108], [  109.16151511,   10.26250959,    2.02631882,   -1.59724911,     66.47809776,  113.11541834,   52.67207066,    6.8341122 ,      5.07118351,   18.3987678 ,   23.2923973 ,   18.91369094,      7.40963836], [ -109.69641478,   28.1761161 ,    6.36741481,   13.88246856,      2.88794367,   52.67207066,  147.34529549,   71.51139688,      1.48229349,    7.50295794,   30.80106527,   27.88442895,     10.06402177], [  -80.48081295,   -0.74068753,   46.47802291,   23.49784193,      4.96896584,    6.8341122 ,   71.51139688,  118.07152002,     46.60858624,    5.20353906,   12.51723291,   16.05840821,      7.80838881], [   30.36292681,   45.8304865 ,  -18.19257943,   71.66604558,     50.1450787 ,    5.07118351,    1.48229349,   46.60858624,    128.03288737,   51.6824337 ,   -5.50456333,   18.07865539,     16.44113156], [   67.25134046,    2.9634365 ,  -11.53452478,   31.07921069,     32.72218716,   18.3987678 ,    7.50295794,    5.20353906,     51.6824337 ,   89.17092132,   33.69808194,    7.7975522 ,     10.14467476], [ -193.42808684,   34.01890162,   24.54237509,  -22.42417204,      8.20208718,   23.2923973 ,   30.80106527,   12.51723291,     -5.50456333,   33.69808194,   87.31181673,   36.10009603,      1.23181829], [ -105.53759886,   40.44492711,    9.99179538,   31.15346437,     29.31879441,   18.91369094,   27.88442895,   16.05840821,     18.07865539,    7.7975522 ,   36.10009603,   82.33748434,     36.513172  ], [  -17.26908007,   -1.12812297,   14.36659417,   43.57436834,     29.65021108,    7.40963836,   10.06402177,    7.80838881,     16.44113156,   10.14467476,    1.23181829,   36.513172  ,     66.34762373]]
/root/sim/music/out/Van_Halen/Van_Halen/07_Atomic_Punk.mp3; [-539.86566   ,  84.03568   ,  -8.711961  ,  30.140156  ,  -1.7139648 ,    8.850853  ,   5.2709517 ,   4.7693396 ,   0.00242536,   2.5707288 ,   -4.86568   ,  -3.3625114 ,  -1.7921132 ]; [[11055.01424149,  797.34917143,  345.54768967,  -56.47532845,      8.22463674,  105.13526207, -125.06726017,  -94.67581768,    -32.47491877,  -95.46966633,  -55.2477741 ,  -22.58421544,    -17.70055786], [  797.34917143,  682.32999799,  -54.73419089,   27.72045415,   -104.89393634,   19.17257301,  -43.01427814,   21.06102542,    -23.73492683,   -6.40096144,  -24.23316656,   16.7129967 ,     14.88575231], [  345.54768967,  -54.73419089,  517.87323151,  -45.230898  ,     28.15989241,  -94.85377395,  -23.10979952,   -2.82461204,     43.69533057,  -13.86767674,   21.72644831,   15.73687483,     28.34820366], [  -56.47532845,   27.72045415,  -45.230898  ,  240.25821138,     52.52172351,   16.65091005,  -18.86045387,   21.14383015,     26.48680136,   36.44417173,  -12.60058523,   -9.22680488,      4.95346179], [    8.22463674, -104.89393634,   28.15989241,   52.52172351,    168.31210173,   39.07971759,    4.01316962,  -37.45832321,     -8.90369149,    5.82705392,   10.07750666,   -0.34881062,     12.07107764], [  105.13526207,   19.17257301,  -94.85377395,   16.65091005,     39.07971759,  135.23305657,   47.19145876,   -1.96218144,    -34.27461833,   -0.29491484,    6.15464869,    2.16725434,    -12.10707997], [ -125.06726017,  -43.01427814,  -23.10979952,  -18.86045387,      4.01316962,   47.19145876,  139.02087133,   60.76696913,      5.42848556,   -1.69505284,   12.53295046,    3.87898762,     -9.2479576 ], [  -94.67581768,   21.06102542,   -2.82461204,   21.14383015,    -37.45832321,   -1.96218144,   60.76696913,  114.24106515,     58.89562652,   22.63413944,   -1.16618572,    1.58322457,     -6.61689501], [  -32.47491877,  -23.73492683,   43.69533057,   26.48680136,     -8.90369149,  -34.27461833,    5.42848556,   58.89562652,    117.99920419,   52.14972653,    8.54145189,   -5.81271115,     -2.44177053], [  -95.46966633,   -6.40096144,  -13.86767674,   36.44417173,      5.82705392,   -0.29491484,   -1.69505284,   22.63413944,     52.14972653,   83.33965204,   29.84155174,    0.00668066,    -11.30870744], [  -55.2477741 ,  -24.23316656,   21.72644831,  -12.60058523,     10.07750666,    6.15464869,   12.53295046,   -1.16618572,      8.54145189,   29.84155174,   64.03260058,   20.10000779,     -6.66420225], [  -22.58421544,   16.7129967 ,   15.73687483,   -9.22680488,     -0.34881062,    2.16725434,    3.87898762,    1.58322457,     -5.81271115,    0.00668066,   20.10000779,   49.88262775,     23.78070492], [  -17.70055786,   14.88575231,   28.34820366,    4.95346179,     12.07107764,  -12.10707997,   -9.2479576 ,   -6.61689501,     -2.44177053,  -11.30870744,   -6.66420225,   23.78070492,     59.02578792]]
/root/sim/music/out/Van_Halen/Van_Halen/10_Ice_Cream_Man.mp3; [-598.6499   ,  97.67748  ,   7.534159 ,  22.344826 ,   4.1198707,    6.7309685,  -2.8272831,  -2.5315614,  -3.051107 ,  -2.8024185,   -3.5556107,  -1.685741 ,  -4.5893793]; [[20220.35073598,-2168.46407759,-1325.98876681,   -0.30693559,   -191.16181493,  -29.44139546,   19.47827736,  111.89708186,    393.28844695,  303.40807681,  128.43220205,  -10.83496183,    -83.81312308], [-2168.46407759, 2441.6299759 ,  306.61362235, -328.50903689,    -23.70658948,   57.55932836,  -12.14440509,   -3.27862579,   -106.7879595 , -115.6842365 ,   33.96142392,   40.08467085,    -50.3330827 ], [-1325.98876681,  306.61362235,  890.41505456,  118.75066378,     60.6055731 ,   75.57111788,  -12.03076098,   14.55410186,    -90.97781899,  -58.42648985,  -12.27280131,  -12.05338862,     18.18061872], [   -0.30693559, -328.50903689,  118.75066378,  474.15646348,    170.34203662,   21.92268273,   -7.77786596,  -16.07735914,     14.96621833,   -1.55302921,  -59.13733049,    0.62994268,     43.55861849], [ -191.16181493,  -23.70658948,   60.6055731 ,  170.34203662,    297.57416983,   60.06241734,   18.26737675,    1.13845629,      7.34289163,    1.84341748,  -28.42394399,   13.96818908,     20.19616693], [  -29.44139546,   57.55932836,   75.57111788,   21.92268273,     60.06241734,  168.91366285,   73.58398454,   32.82732651,    -23.54075861,   -6.7690302 ,   21.53113717,   11.36898902,    -14.3633398 ], [   19.47827736,  -12.14440509,  -12.03076098,   -7.77786596,     18.26737675,   73.58398454,  212.66972534,  105.50505434,     -3.20181922,    1.07710703,   27.31302956,   28.29603471,    -12.5253384 ], [  111.89708186,   -3.27862579,   14.55410186,  -16.07735914,      1.13845629,   32.82732651,  105.50505434,  170.53867667,     41.14331621,   14.6367157 ,   43.35082567,   22.17287047,    -18.81653066], [  393.28844695, -106.7879595 ,  -90.97781899,   14.96621833,      7.34289163,  -23.54075861,   -3.20181922,   41.14331621,    141.328837  ,   56.09181847,   10.7155445 ,    6.98235375,     -4.6866492 ], [  303.40807681, -115.6842365 ,  -58.42648985,   -1.55302921,      1.84341748,   -6.7690302 ,    1.07710703,   14.6367157 ,     56.09181847,  124.89109454,   47.03334443,    3.21891329,     -3.75937616], [  128.43220205,   33.96142392,  -12.27280131,  -59.13733049,    -28.42394399,   21.53113717,   27.31302956,   43.35082567,     10.7155445 ,   47.03334443,  140.60725581,   46.35471283,    -24.2989922 ], [  -10.83496183,   40.08467085,  -12.05338862,    0.62994268,     13.96818908,   11.36898902,   28.29603471,   22.17287047,      6.98235375,    3.21891329,   46.35471283,   93.02219957,     20.03816928], [  -83.81312308,  -50.3330827 ,   18.18061872,   43.55861849,     20.19616693,  -14.3633398 ,  -12.5253384 ,  -18.81653066,     -4.6866492 ,   -3.75937616,  -24.2989922 ,   20.03816928,     90.31966589]]
/root/sim/music/out/Van_Halen/Van_Halen/02_Eruption.mp3; [-589.19525   ,  80.86542   , -73.6039    ,  36.1602    , -27.720373  ,    2.517299  , -10.858407  , -11.109079  ,   0.10462909,  -3.8900836 ,   -4.314464  ,   0.24578813,  -5.2110763 ]; [[13911.73858069, -676.68774637,-1186.34071723, -458.36881628,   -519.81184301, -410.28017919, -640.7757867 , -292.5492214 ,   -197.38830758, -225.13675838, -263.6972195 , -172.2862472 ,    -90.01914396], [ -676.68774637, 2105.84773026,  986.25187296,  495.20938254,    -66.45770052,  -41.66354873,   18.28549229,   21.20168252,    -76.52981745, -147.68639774,  -83.71774155,  -17.8337249 ,    -59.97380504], [-1186.34071723,  986.25187296, 1501.49560122,  369.88394638,    366.31925462,   50.2939367 ,  192.32462505,  138.37637419,     45.88215178,    5.02475743,    8.0927007 ,  -42.41745882,    -34.30362455], [ -458.36881628,  495.20938254,  369.88394638,  406.29331058,    158.6797471 ,   53.33519396,    0.9634111 ,   18.15608707,      8.77778149,   -8.14223098,  -18.96903857,  -23.88342247,    -56.8200125 ], [ -519.81184301,  -66.45770052,  366.31925462,  158.6797471 ,    378.54918758,  157.69457322,  108.62877738,   50.34675563,     38.78003789,   71.10703136,   32.70233079,  -28.27385626,    -35.74686596], [ -410.28017919,  -41.66354873,   50.2939367 ,   53.33519396,    157.69457322,  196.33582649,  122.90569021,   41.7294159 ,     -0.39324522,   22.17714341,   10.3766567 ,  -16.25019927,    -30.41998592], [ -640.7757867 ,   18.28549229,  192.32462505,    0.9634111 ,    108.62877738,  122.90569021,  231.01572044,  127.94582071,     43.80874205,   42.25731205,   34.64385285,  -14.57852738,    -24.98896754], [ -292.5492214 ,   21.20168252,  138.37637419,   18.15608707,     50.34675563,   41.7294159 ,  127.94582071,  157.02574585,     76.62208404,   44.82906068,   18.77307068,  -12.66143326,    -21.62716821], [ -197.38830758,  -76.52981745,   45.88215178,    8.77778149,     38.78003789,   -0.39324522,   43.80874205,   76.62208404,    118.93021224,   78.65358487,   32.0646294 ,    1.87979933,     -5.13239726], [ -225.13675838, -147.68639774,    5.02475743,   -8.14223098,     71.10703136,   22.17714341,   42.25731205,   44.82906068,     78.65358487,  144.35668941,   80.63071591,   14.34045742,     -5.82373716], [ -263.6972195 ,  -83.71774155,    8.0927007 ,  -18.96903857,     32.70233079,   10.3766567 ,   34.64385285,   18.77307068,     32.0646294 ,   80.63071591,  112.88035703,   52.70394931,     14.17044276], [ -172.2862472 ,  -17.8337249 ,  -42.41745882,  -23.88342247,    -28.27385626,  -16.25019927,  -14.57852738,  -12.66143326,      1.87979933,   14.34045742,   52.70394931,  104.67464334,     66.06408141], [  -90.01914396,  -59.97380504,  -34.30362455,  -56.8200125 ,    -35.74686596,  -30.41998592,  -24.98896754,  -21.62716821,     -5.13239726,   -5.82373716,   14.17044276,   66.06408141,    117.39534259]]
/root/sim/music/out/Van_Halen/Best_Of_Volume_1/14_Right_Now.mp3; [-602.8069   ,  95.92228  ,   8.141026 ,  29.801746 ,  -1.6686033,    6.557857 ,  -6.6204715,  -3.1178498,  -8.339307 ,  -4.980325 ,   -4.207038 ,  -3.4907022,  -4.224311 ]; [[19447.03603178,-2215.00037434,  465.49269692,  238.63782619,    286.80292464,   40.32987534,  392.94248582,   66.86807209,    175.07111527,   44.47995796, -135.02819973, -243.66412442,   -261.23057049], [-2215.00037434, 2742.05121416, -585.38922702,  247.1076487 ,     64.8444577 ,  141.20903487, -109.05501523,  169.6879693 ,   -109.02851568,  -23.88737685,    2.27745141,   15.3521804 ,      2.25705058], [  465.49269692, -585.38922702,  609.75655335,   54.91117819,     45.74826457,   10.48290403,   67.06368802,   -1.73457125,     79.53707421,    0.15373918,   -2.78717088,  -23.24857752,    -34.54150558], [  238.63782619,  247.1076487 ,   54.91117819,  328.65224925,     95.84950099,   63.8795019 ,   34.67043789,   70.81621056,     20.77111359,   21.50496458,  -15.62796439,  -17.17743094,    -29.93461981], [  286.80292464,   64.8444577 ,   45.74826457,   95.84950099,    206.24716892,   60.29071308,   75.68151944,   48.56300147,     37.08053516,   19.68059717,   -7.70417454,  -26.60605491,    -17.41405581], [   40.32987534,  141.20903487,   10.48290403,   63.8795019 ,     60.29071308,  134.0575685 ,   54.74181853,   42.21448351,      6.22124382,   14.22892701,    7.20011067,   -6.01468187,     -4.19178381], [  392.94248582, -109.05501523,   67.06368802,   34.67043789,     75.68151944,   54.74181853,  184.17458445,   65.51668577,     11.69685458,   13.8820981 ,    7.20425188,  -20.06503883,    -17.97518358], [   66.86807209,  169.6879693 ,   -1.73457125,   70.81621056,     48.56300147,   42.21448351,   65.51668577,  131.73394878,     31.34869367,    7.73740826,   -6.05967644,  -10.74916616,    -14.9480087 ], [  175.07111527, -109.02851568,   79.53707421,   20.77111359,     37.08053516,    6.22124382,   11.69685458,   31.34869367,    106.57236769,   28.68664329,   -7.05504512,  -11.40129613,     -3.23195178], [   44.47995796,  -23.88737685,    0.15373918,   21.50496458,     19.68059717,   14.22892701,   13.8820981 ,    7.73740826,     28.68664329,   76.46584251,   18.34317936,   -2.50348466,      6.02566654], [ -135.02819973,    2.27745141,   -2.78717088,  -15.62796439,     -7.70417454,    7.20011067,    7.20425188,   -6.05967644,     -7.05504512,   18.34317936,   75.48489875,   28.65760193,      4.80424835], [ -243.66412442,   15.3521804 ,  -23.24857752,  -17.17743094,    -26.60605491,   -6.01468187,  -20.06503883,  -10.74916616,    -11.40129613,   -2.50348466,   28.65760193,   68.42682458,     26.29439746], [ -261.23057049,    2.25705058,  -34.54150558,  -29.93461981,    -17.41405581,   -4.19178381,  -17.97518358,  -14.9480087 ,     -3.23195178,    6.02566654,    4.80424835,   26.29439746,     78.82289904]]
/root/sim/music/out/Van_Halen/Best_Of_Volume_1/18_Me_Wise_Magic.mp3; [-554.99243   ,  82.613075  ,  10.163236  ,  28.926468  ,  -0.27148047,    5.028118  ,   1.0648344 ,   6.376965  ,   1.9710222 ,   2.4103656 ,   -2.2228477 ,  -2.4786675 ,  -0.9338196 ]; [[18046.22140616, -553.86401758, -157.93165458,  294.19124107,   -154.38237591,   62.67227376,  204.35424804,  411.69266943,   -166.81632777,  -61.62272967, -113.39538666,    9.04190657,     47.01871185], [ -553.86401758,  707.55332694,  -30.93727755,   50.61124791,     -4.21392868,  -62.92850934,   -8.6083435 ,   -7.94578154,     19.08601026,  -21.58103238,   -9.10883612,   21.46613276,    -30.49240932], [ -157.93165458,  -30.93727755,  419.52963488,  -12.53370429,     52.84992619,  -10.39560915,  -31.60554204,    5.44805766,    -15.55980944,  -18.99559987,   11.50101986,   -6.05463945,     -8.9332678 ], [  294.19124107,   50.61124791,  -12.53370429,  174.57138713,     38.575699  ,    1.20352829,   -9.32971184,   11.39325907,      6.25665554,    8.36028233,   -0.35389823,    1.20614782,     15.30080274], [ -154.38237591,   -4.21392868,   52.84992619,   38.575699  ,    177.82459038,   68.4676531 ,  -18.06144096,  -14.50418398,     25.02440615,   26.15431516,   17.12305044,   -5.88328289,      2.66399803], [   62.67227376,  -62.92850934,  -10.39560915,    1.20352829,     68.4676531 ,  151.04492719,   40.18280624,  -20.10998083,     -5.27716828,   23.05266493,   21.16765686,   -5.24126815,     -2.11510804], [  204.35424804,   -8.6083435 ,  -31.60554204,   -9.32971184,    -18.06144096,   40.18280624,  146.90710408,   60.19338724,    -27.35923489,  -19.5830897 ,   -0.01299445,   22.86851884,     -2.07425333], [  411.69266943,   -7.94578154,    5.44805766,   11.39325907,    -14.50418398,  -20.10998083,   60.19338724,  137.89541701,     26.1792852 ,  -26.66783157,  -18.63999999,   -4.59824508,     -3.12767582], [ -166.81632777,   19.08601026,  -15.55980944,    6.25665554,     25.02440615,   -5.27716828,  -27.35923489,   26.1792852 ,    112.63038481,   44.32402172,   -3.48030044,  -24.08116097,    -12.58407133], [  -61.62272967,  -21.58103238,  -18.99559987,    8.36028233,     26.15431516,   23.05266493,  -19.5830897 ,  -26.66783157,     44.32402172,   93.94781081,   33.15353153,  -10.55725465,     -3.8065966 ], [ -113.39538666,   -9.10883612,   11.50101986,   -0.35389823,     17.12305044,   21.16765686,   -0.01299445,  -18.63999999,     -3.48030044,   33.15353153,   71.35491695,   22.48157255,     -2.5164235 ], [    9.04190657,   21.46613276,   -6.05463945,    1.20614782,     -5.88328289,   -5.24126815,   22.86851884,   -4.59824508,    -24.08116097,  -10.55725465,   22.48157255,   79.1123079 ,     24.74878904], [   47.01871185,  -30.49240932,   -8.9332678 ,   15.30080274,      2.66399803,   -2.11510804,   -2.07425333,   -3.12767582,    -12.58407133,   -3.8065966 ,   -2.5164235 ,   24.74878904,     83.87187836]]
/root/sim/music/out/Van_Halen/Best_Of_Volume_1/02_Ain't_Talkin'_'Bout_Love.mp3; [-538.8832   ,  85.835075 ,   4.105519 ,  32.935215 ,   2.9550428,    7.0374   ,   5.428558 ,   3.4244616,   2.2333722,   1.4561328,   -2.8241346,  -3.801316 ,  -5.062988 ]; [[10250.98437402, -777.51566187,  239.98861605, -200.27082811,    180.25256296,   84.31025409,   35.43368976,  -68.99177957,    -81.9598918 ,   43.55355157,   12.65138919,  -71.70933457,    -30.35987671], [ -777.51566187,  803.45519075, -137.60511429,   98.74314152,    -95.82416705,    4.3868377 ,   -2.07937413,    7.70472016,     39.09396708,  -23.68296148,  -27.05714127,    3.01415466,    -26.4682683 ], [  239.98861605, -137.60511429,  532.42387612,  -54.62378575,     57.67350371,   -6.5866322 ,  -14.98886217,   34.37850356,    -30.09621168,   16.30474347,   20.34438556,   12.73696157,     42.49100085], [ -200.27082811,   98.74314152,  -54.62378575,  254.65057699,     47.32484319,   -9.1148345 ,  -28.78431329,  -35.57611208,      4.42891347,  -26.61946905,  -18.94916782,   10.02147229,      3.34720914], [  180.25256296,  -95.82416705,   57.67350371,   47.32484319,    154.80770756,   21.00932051,   -4.35143106,  -25.29270235,    -10.44263661,   11.45390198,   11.06759478,   10.19665218,     14.9198655 ], [   84.31025409,    4.3868377 ,   -6.5866322 ,   -9.1148345 ,     21.00932051,   97.40181322,   34.1677659 ,   15.10808237,     -6.98466882,    6.12394799,    3.86527302,   -6.78193251,     -6.3841595 ], [   35.43368976,   -2.07937413,  -14.98886217,  -28.78431329,     -4.35143106,   34.1677659 ,  117.84096059,   57.33526981,     11.5195173 ,    3.9764622 ,   15.51407932,    2.4151641 ,     -9.9783473 ], [  -68.99177957,    7.70472016,   34.37850356,  -35.57611208,    -25.29270235,   15.10808237,   57.33526981,  104.71229439,     33.51403399,   11.17388609,    6.05996855,    0.12845385,     -2.32028515], [  -81.9598918 ,   39.09396708,  -30.09621168,    4.42891347,    -10.44263661,   -6.98466882,   11.5195173 ,   33.51403399,     87.08113089,   33.68286852,    4.49249078,    2.46522457,     -0.63055684], [   43.55355157,  -23.68296148,   16.30474347,  -26.61946905,     11.45390198,    6.12394799,    3.9764622 ,   11.17388609,     33.68286852,   84.87924525,   35.44898833,    2.45915546,      5.57541087], [   12.65138919,  -27.05714127,   20.34438556,  -18.94916782,     11.06759478,    3.86527302,   15.51407932,    6.05996855,      4.49249078,   35.44898833,   73.22819324,   27.8764002 ,      4.09970114], [  -71.70933457,    3.01415466,   12.73696157,   10.02147229,     10.19665218,   -6.78193251,    2.4151641 ,    0.12845385,      2.46522457,    2.45915546,   27.8764002 ,   63.81804058,     26.90065472], [  -30.35987671,  -26.4682683 ,   42.49100085,    3.34720914,     14.9198655 ,   -6.3841595 ,   -9.9783473 ,   -2.32028515,     -0.63055684,    5.57541087,    4.09970114,   26.90065472,     59.87877866]]
/root/sim/music/out/Van_Halen/Best_Of_Volume_1/10_Why_Can't_This_Be_Love.mp3; [-551.4472   ,  90.61297  ,  14.308798 ,  21.598406 ,   5.609592 ,    7.5149646,   4.2168193,   1.8405209,   1.1153922,   1.1691515,   -1.127035 ,  -2.4236279,  -1.9953351]; [[26630.84014602,-1150.99470214,-1539.67112749, -667.30322634,   -595.25982758, -269.3865198 , -199.12150085, -226.52741451,   -116.2129983 ,  -55.93570324, -117.38048517, -151.71914205,   -124.98538466], [-1150.99470214, 1312.7414511 ,  120.18357676,  124.78963703,     83.70245738,   40.47520903,   40.47774704,   19.54120197,     18.11790141,    4.90093586,   17.50625484,    4.85916588,    -13.82042873], [-1539.67112749,  120.18357676,  670.68738995,  146.09392536,    133.46167454,   38.97887867,   37.18225931,   34.78250626,     37.89574513,   18.48877637,   19.20963703,   29.2495038 ,     27.5368081 ], [ -667.30322634,  124.78963703,  146.09392536,  218.27894832,     85.81557998,   44.6210522 ,    1.96392671,   12.09542945,     24.03928047,    4.85694125,  -11.67964049,   11.94610516,     21.78026348], [ -595.25982758,   83.70245738,  133.46167454,   85.81557998,    158.56774477,   62.04126003,   26.88990695,   16.95181367,     32.47548418,   14.69667005,    4.26949345,    5.41810621,     13.35536717], [ -269.3865198 ,   40.47520903,   38.97887867,   44.6210522 ,     62.04126003,  106.5304108 ,   59.91035608,   30.55600723,     11.53379122,    9.511991  ,   10.34645221,    3.51834807,     -3.97248961], [ -199.12150085,   40.47774704,   37.18225931,    1.96392671,     26.88990695,   59.91035608,  144.52402358,   55.85685389,      9.67035873,    1.41153098,   22.85364635,    2.76216363,     -7.79193186], [ -226.52741451,   19.54120197,   34.78250626,   12.09542945,     16.95181367,   30.55600723,   55.85685389,   80.9401619 ,     33.16807028,    9.67937437,    4.55605702,   -3.18775282,     -4.0725537 ], [ -116.2129983 ,   18.11790141,   37.89574513,   24.03928047,     32.47548418,   11.53379122,    9.67035873,   33.16807028,     87.12698972,   39.56099236,    4.76098891,   -2.32915203,      2.38624362], [  -55.93570324,    4.90093586,   18.48877637,    4.85694125,     14.69667005,    9.511991  ,    1.41153098,    9.67937437,     39.56099236,   68.9012788 ,   30.15478361,    0.99071631,     -4.68303851], [ -117.38048517,   17.50625484,   19.20963703,  -11.67964049,      4.26949345,   10.34645221,   22.85364635,    4.55605702,      4.76098891,   30.15478361,   71.94461274,   24.4138983 ,     -4.15703758], [ -151.71914205,    4.85916588,   29.2495038 ,   11.94610516,      5.41810621,    3.51834807,    2.76216363,   -3.18775282,     -2.32915203,    0.99071631,   24.4138983 ,   56.42024887,     27.25489633], [ -124.98538466,  -13.82042873,   27.5368081 ,   21.78026348,     13.35536717,   -3.97248961,   -7.79193186,   -4.0725537 ,      2.38624362,   -4.68303851,   -4.15703758,   27.25489633,     59.32371072]]
/root/sim/music/out/Van_Halen/Best_Of_Volume_1/17_Can't_Get_This_Stuff_No_More.mp3; [-567.9146    ,  81.62264   ,  -3.0877018 ,  28.689457  ,   2.4604511 ,    6.5720325 ,   1.5999247 ,   1.6245139 ,  -0.47520497,  -4.609593  ,   -3.446037  ,  -2.7012439 ,   1.3356651 ]; [[20650.15139252,  -68.18618599, -563.15328814, -196.10362341,     22.42316109,  297.80244886,  193.47947215,  228.38958152,     46.92699948,  286.1444549 ,  -92.27905157,   24.31962487,    -27.66875343], [  -68.18618599, 1009.5010633 , -145.26895322,   84.65092291,    -33.4184504 ,  -19.57825499,   12.36136082,  -50.62980299,     -9.84886075,  -99.5124349 ,   23.93253828,  -12.63454508,     -6.8252248 ], [ -563.15328814, -145.26895322,  666.58091956,  103.59339041,    113.27648995,   54.20629672,   -6.22342075,   34.43763744,    -10.36435482,   60.51626213,   12.6357867 ,   25.31823651,     -2.54386963], [ -196.10362341,   84.65092291,  103.59339041,  320.84825709,     98.57999865,   36.48177389,   10.31195465,   -1.51805761,     49.81568995,    0.61196605,   25.73791573,   -0.2009983 ,     31.30482209], [   22.42316109,  -33.4184504 ,  113.27648995,   98.57999865,    285.26481055,  113.51097305,   23.68314782,   27.74949187,     33.20494055,   27.49648209,    4.29938391,   25.10663913,      7.48019848], [  297.80244886,  -19.57825499,   54.20629672,   36.48177389,    113.51097305,  174.18877979,   87.2006901 ,   40.60644371,     10.2882273 ,   22.73059637,   14.84704864,   24.79316383,      9.09537962], [  193.47947215,   12.36136082,   -6.22342075,   10.31195465,     23.68314782,   87.2006901 ,  179.68338468,   77.55644008,     10.42071105,   20.57690043,   17.80624204,   11.79805003,      4.3673598 ], [  228.38958152,  -50.62980299,   34.43763744,   -1.51805761,     27.74949187,   40.60644371,   77.55644008,  130.34699542,     39.29653161,   21.49682792,    1.79664647,    5.66707449,      1.90570807], [   46.92699948,   -9.84886075,  -10.36435482,   49.81568995,     33.20494055,   10.2882273 ,   10.42071105,   39.29653161,    117.4545095 ,   44.61633843,    6.08276769,   -6.44608889,      4.65466485], [  286.1444549 ,  -99.5124349 ,   60.51626213,    0.61196605,     27.49648209,   22.73059637,   20.57690043,   21.49682792,     44.61633843,  150.64905725,   39.85104418,    3.11957475,    -23.05956799], [  -92.27905157,   23.93253828,   12.6357867 ,   25.73791573,      4.29938391,   14.84704864,   17.80624204,    1.79664647,      6.08276769,   39.85104418,   91.39544843,   30.77642699,     -2.39868613], [   24.31962487,  -12.63454508,   25.31823651,   -0.2009983 ,     25.10663913,   24.79316383,   11.79805003,    5.66707449,     -6.44608889,    3.11957475,   30.77642699,   75.47775724,     28.95326037], [  -27.66875343,   -6.8252248 ,   -2.54386963,   31.30482209,      7.48019848,    9.09537962,    4.3673598 ,    1.90570807,      4.65466485,  -23.05956799,   -2.39868613,   28.95326037,     74.89971901]]
/root/sim/music/out/Van_Halen/Best_Of_Volume_1/03_Runnin'_With_The_Devil.mp3; [-565.94727   ,  99.38863   ,  -7.3208194 ,  24.843311  ,  -5.521489  ,    8.2376175 ,   4.9442825 ,  -0.49402198,  -2.2899766 ,   2.9007475 ,   -2.2641644 ,  -2.2573097 ,  -4.5685225 ]; [[17510.98881445, -330.13425208, -175.73431142,  517.60994976,   -165.54338764,  240.09962729,  280.33388307, -213.41764628,    -96.6361671 ,  244.01066642,   72.70478792, -122.94697044,   -187.19587706], [ -330.13425208, 1113.80441483,  -98.08417434,   43.588057  ,    -78.91245547,   41.59243818,  -13.244824  ,    6.78763453,     11.50266371,  -10.6899529 ,   -9.78427975,    9.13501493,      3.41143747], [ -175.73431142,  -98.08417434,  837.28384042,  197.7066981 ,    137.80261745,   78.41505568,  101.6821912 ,   82.25729069,    112.37102965,   37.28147189,   46.2690956 ,   17.80154036,     53.71078758], [  517.60994976,   43.588057  ,  197.7066981 ,  378.06059327,    118.66683883,   58.04474444,  102.76065702,   -9.03535169,     68.86592903,   63.18505386,   24.78151407,   16.12876241,     10.06195769], [ -165.54338764,  -78.91245547,  137.80261745,  118.66683883,    322.43223419,   59.17528356,   22.56885602,   17.53156626,     34.86763371,   15.45526176,    1.86046323,   16.13656262,     11.85177265], [  240.09962729,   41.59243818,   78.41505568,   58.04474444,     59.17528356,  182.98329937,   66.54695322,   -2.72008588,     26.81066186,   17.79123892,    5.99838373,    0.81614645,     -0.09288734], [  280.33388307,  -13.244824  ,  101.6821912 ,  102.76065702,     22.56885602,   66.54695322,  212.99443844,   44.86501663,     21.83688144,   50.34690414,   62.27936259,   18.1205355 ,      6.48765444], [ -213.41764628,    6.78763453,   82.25729069,   -9.03535169,     17.53156626,   -2.72008588,   44.86501663,  114.73291882,     34.32201631,    4.62977176,   10.84998519,   10.16874383,      9.77015685], [  -96.6361671 ,   11.50266371,  112.37102965,   68.86592903,     34.86763371,   26.81066186,   21.83688144,   34.32201631,    123.41319021,   45.55675303,    2.49360018,   -1.74406893,      9.85277274], [  244.01066642,  -10.6899529 ,   37.28147189,   63.18505386,     15.45526176,   17.79123892,   50.34690414,    4.62977176,     45.55675303,  105.09548399,   47.87292408,   -4.56683204,    -10.92484774], [   72.70478792,   -9.78427975,   46.2690956 ,   24.78151407,      1.86046323,    5.99838373,   62.27936259,   10.84998519,      2.49360018,   47.87292408,   90.1106041 ,   30.46735694,      2.10321744], [ -122.94697044,    9.13501493,   17.80154036,   16.12876241,     16.13656262,    0.81614645,   18.1205355 ,   10.16874383,     -1.74406893,   -4.56683204,   30.46735694,   71.54331379,     30.46071295], [ -187.19587706,    3.41143747,   53.71078758,   10.06195769,     11.85177265,   -0.09288734,    6.48765444,    9.77015685,      9.85277274,  -10.92484774,    2.10321744,   30.46071295,     66.11704155]]
/root/sim/music/out/Van_Halen/Best_Of_Volume_1/12_When_It's_Love.mp3; [-549.6945   ,  97.10577  ,   7.4269137,  12.437159 ,   2.2190266,    8.68153  ,   1.852977 ,   2.4608972,  -1.7609588,   2.106164 ,   -0.3158063,  -1.103077 ,  -2.0928833]; [[10730.28507581,-1499.6963084 , -151.93628664, -406.92097919,   -108.96684351,   26.46533439,   59.25846313,  -18.17429797,    -47.83580196,   74.86608916,   67.42718828,  -45.15764667,    -32.21622819], [-1499.6963084 , 1564.57732147, -219.63968568,  188.3903502 ,      5.6896201 ,   -3.27448188,  -28.0453423 ,   26.54319157,     14.73343855,   -3.20651941,  -22.48040584,   17.78732046,      8.40433599], [ -151.93628664, -219.63968568,  393.65415483,   45.27448197,     26.36270498,   20.23215528,    9.37273598,   13.38548666,     17.00824391,  -12.32748369,    7.23550486,   12.0531708 ,     -3.35679372], [ -406.92097919,  188.3903502 ,   45.27448197,  205.76608886,     50.1998634 ,   21.84079222,  -11.56520346,   21.38144813,     17.51665444,    6.41787569,   -8.48913091,   15.0107804 ,     11.21325243], [ -108.96684351,    5.6896201 ,   26.36270498,   50.1998634 ,    133.83298719,   29.17194693,    8.26640167,   -3.72933291,     28.18230815,    9.39868225,   -4.54585416,    2.99883065,     18.90316266], [   26.46533439,   -3.27448188,   20.23215528,   21.84079222,     29.17194693,   98.18164922,   36.18652091,   24.04051146,     -2.45940147,   11.93024381,   12.5179819 ,    4.0725323 ,     -6.12913194], [   59.25846313,  -28.0453423 ,    9.37273598,  -11.56520346,      8.26640167,   36.18652091,  111.63076226,   33.9676771 ,     -4.74338344,   -0.34950252,   12.93006632,   -1.3121393 ,     -0.79104929], [  -18.17429797,   26.54319157,   13.38548666,   21.38144813,     -3.72933291,   24.04051146,   33.9676771 ,   78.82114084,     27.23220417,    9.80525394,    4.25606965,    5.03116402,     -5.61185121], [  -47.83580196,   14.73343855,   17.00824391,   17.51665444,     28.18230815,   -2.45940147,   -4.74338344,   27.23220417,     90.80039364,   25.32051113,   -4.79533052,    3.42856461,      5.50730686], [   74.86608916,   -3.20651941,  -12.32748369,    6.41787569,      9.39868225,   11.93024381,   -0.34950252,    9.80525394,     25.32051113,   63.05806524,   25.88777242,   -2.45324812,     -6.84254592], [   67.42718828,  -22.48040584,    7.23550486,   -8.48913091,     -4.54585416,   12.5179819 ,   12.93006632,    4.25606965,     -4.79533052,   25.88777242,   59.56443975,   18.6191853 ,     -4.69265705], [  -45.15764667,   17.78732046,   12.0531708 ,   15.0107804 ,      2.99883065,    4.0725323 ,   -1.3121393 ,    5.03116402,      3.42856461,   -2.45324812,   18.6191853 ,   59.06680136,     24.83406161], [  -32.21622819,    8.40433599,   -3.35679372,   11.21325243,     18.90316266,   -6.12913194,   -0.79104929,   -5.61185121,      5.50730686,   -6.84254592,   -4.69265705,   24.83406161,     62.35373033]]
/root/sim/music/out/Van_Halen/Best_Of_Volume_1/16_Humans_Being.mp3; [-543.4866    ,  82.41484   ,   1.169536  ,  40.255814  ,   4.529037  ,    6.8992558 ,   1.3934908 ,   3.5859892 ,   0.20327838,   2.7169886 ,   -6.856488  ,  -4.3413844 ,  -2.0708117 ]; [[16012.23508798,-1000.89091597,  470.88276604, -668.47322342,    231.71243786,  193.25458092,  267.90496267,  245.62019023,     32.45542478,  281.61963233,   68.72941849,  115.47260357,     -4.30438092], [-1000.89091597, 1448.80364091, -588.48671591,  467.22262298,   -199.32971184, -110.10635768, -142.36973658, -130.21470456,      2.00626887, -131.500172  ,  -45.71364444,  -65.04265162,      3.22786395], [  470.88276604, -588.48671591,  830.69502542, -134.88098651,    195.74481307,   24.91921787,   54.3202481 ,   71.70991091,      6.51636793,   66.19928427,   21.17228366,   46.93001724,      6.33276504], [ -668.47322342,  467.22262298, -134.88098651,  468.48216413,    -28.34166468,    3.39614209,  -91.06530533,  -58.12531514,     -6.62157119,  -53.86126403,  -44.39571124,  -45.19474562,      1.02594807], [  231.71243786, -199.32971184,  195.74481307,  -28.34166468,    222.20117952,   60.78899615,   38.60019564,   14.79900616,     35.34769477,   37.33123951,    2.54545339,    3.90297932,     -0.97999478], [  193.25458092, -110.10635768,   24.91921787,    3.39614209,     60.78899615,  132.67915484,   60.22512869,    7.91006104,    -16.16803489,   12.38439879,   10.20041219,   -0.60537888,    -13.07031812], [  267.90496267, -142.36973658,   54.3202481 ,  -91.06530533,     38.60019564,   60.22512869,  180.22338086,   55.29027708,    -24.93923088,   -5.4171337 ,   12.2027878 ,   18.49633881,     -3.19171433], [  245.62019023, -130.21470456,   71.70991091,  -58.12531514,     14.79900616,    7.91006104,   55.29027708,  130.09987605,     33.55484107,   16.13335512,   -1.58535968,    1.45753548,      2.24596712], [   32.45542478,    2.00626887,    6.51636793,   -6.62157119,     35.34769477,  -16.16803489,  -24.93923088,   33.55484107,    114.87651971,   53.29312749,   -5.26004427,  -13.32877306,     -4.354304  ], [  281.61963233, -131.500172  ,   66.19928427,  -53.86126403,     37.33123951,   12.38439879,   -5.4171337 ,   16.13335512,     53.29312749,  106.68314915,   34.79796565,    2.75876335,     -9.97109274], [   68.72941849,  -45.71364444,   21.17228366,  -44.39571124,      2.54545339,   10.20041219,   12.2027878 ,   -1.58535968,     -5.26004427,   34.79796565,   69.87883755,   26.59248632,     -7.62088496], [  115.47260357,  -65.04265162,   46.93001724,  -45.19474562,      3.90297932,   -0.60537888,   18.49633881,    1.45753548,    -13.32877306,    2.75876335,   26.59248632,   71.7122926 ,     27.88621227], [   -4.30438092,    3.22786395,    6.33276504,    1.02594807,     -0.97999478,  -13.07031812,   -3.19171433,    2.24596712,     -4.354304  ,   -9.97109274,   -7.62088496,   27.88621227,     71.21061945]]
