/root/sim/music/out/宇多田ヒカル/初恋/09-残り香.mp3; [-701.00525   , 183.19716   ,  38.558197  ,   3.787211  ,  10.951157  ,    4.5743833 ,  -4.0240617 ,   2.8614023 ,  -7.552314  ,   4.04708   ,   -5.319228  ,  -3.354767  ,   0.08000511]; [[19560.42933125,  117.94967666,  409.72204454,  549.89096467,   -252.63846413,  551.820756  ,  628.12680426,  267.29061187,   -188.52564565,  327.30708604,  365.24481972, -313.8576736 ,    106.20811479], [  117.94967666, 5766.55621869, -274.46497456,  778.62455734,    880.92693859,  269.92160467,  -30.39941528,  154.32469638,    500.82066873, -124.06863056, -225.76276153,  -43.60194899,    -42.11858445], [  409.72204454, -274.46497456,  915.32417864,  143.20627628,    260.18604777,   62.33337825,  -78.81772861,   55.54457994,     58.26717522,  -46.34182188,  -90.40003304,   -5.23464462,    -74.12994703], [  549.89096467,  778.62455734,  143.20627628,  789.85090133,    387.28399688,  118.19371972,  -42.93277527,  103.03768983,    217.75484309,  -52.04570972,  -27.98338609,   40.61304995,    -70.66275971], [ -252.63846413,  880.92693859,  260.18604777,  387.28399688,    651.12825846,  154.45985796, -145.51424699,   71.06619724,    244.47588257,  -10.09067696,  -80.87091181,   54.59150799,    -68.33941003], [  551.820756  ,  269.92160467,   62.33337825,  118.19371972,    154.45985796,  344.56068742,  112.93197349,   35.42513503,    138.20976732,   84.65304769,   31.24191668,   24.55921612,     58.2708871 ], [  628.12680426,  -30.39941528,  -78.81772861,  -42.93277527,   -145.51424699,  112.93197349,  325.68898194,   59.6042284 ,    -33.99803178,   68.59367473,   46.5097737 ,  -35.20970766,     63.92615852], [  267.29061187,  154.32469638,   55.54457994,  103.03768983,     71.06619724,   35.42513503,   59.6042284 ,  195.58339577,     68.1419435 ,    5.78083134,   23.23453723,   43.27275978,     20.224417  ], [ -188.52564565,  500.82066873,   58.26717522,  217.75484309,    244.47588257,  138.20976732,  -33.99803178,   68.1419435 ,    329.07502809,   13.21696657,  -24.39280526,   91.37273281,     23.6346724 ], [  327.30708604, -124.06863056,  -46.34182188,  -52.04570972,    -10.09067696,   84.65304769,   68.59367473,    5.78083134,     13.21696657,  171.45703074,   64.31263781,   11.75255441,     45.8896601 ], [  365.24481972, -225.76276153,  -90.40003304,  -27.98338609,    -80.87091181,   31.24191668,   46.5097737 ,   23.23453723,    -24.39280526,   64.31263781,  179.14839228,   44.36820523,     32.95526939], [ -313.8576736 ,  -43.60194899,   -5.23464462,   40.61304995,     54.59150799,   24.55921612,  -35.20970766,   43.27275978,     91.37273281,   11.75255441,   44.36820523,  194.94778583,     24.66090346], [  106.20811479,  -42.11858445,  -74.12994703,  -70.66275971,    -68.33941003,   58.2708871 ,   63.92615852,   20.224417  ,     23.6346724 ,   45.8896601 ,   32.95526939,   24.66090346,    165.78984596]]
/root/sim/music/out/宇多田ヒカル/初恋/10-大空で抱きしめて.mp3; [-585.95276   , 130.46382   ,   7.290328  ,   9.091849  ,   3.3708775 ,   -8.192036  ,  -3.3619862 ,  -2.3509974 ,  -7.658127  ,  -0.04921823,   -4.982843  ,  -3.8653088 ,   3.9030046 ]; [[12379.84487708,-2187.31303803,  -89.68655746,  251.52991105,    311.24783931,  143.04129855,  372.4731577 ,  292.17631378,    296.27575784,  456.50734201,  218.82036023,  236.91381189,    425.23576379], [-2187.31303803, 2015.56974519, -131.61196468,   49.91775576,      7.7741037 ,  105.57095217,   35.99990557,  -47.04463222,    -72.59984918,  -69.49787677,  -48.20106129,  -86.27616234,   -124.197278  ], [  -89.68655746, -131.61196468,  889.02664416,  -29.01740045,    129.4775757 ,  166.29453039,  107.12008746,   86.16149304,      0.7647183 ,   11.63415979,   48.91646134,   15.47007521,    -27.12892652], [  251.52991105,   49.91775576,  -29.01740045,  530.07622703,    180.04900988,   42.5656175 ,  -31.80135714,  126.45171238,    118.56890619,    9.09009423,   87.75306521,  170.75058371,     65.9516744 ], [  311.24783931,    7.7741037 ,  129.4775757 ,  180.04900988,    288.70910925,  116.35171909,   51.72437164,  114.77177005,    116.93339865,   56.68402695,   70.11886812,   84.45242848,     36.53666671], [  143.04129855,  105.57095217,  166.29453039,   42.5656175 ,    116.35171909,  281.29737335,  149.56124979,   65.48617922,     91.14806493,   88.26111695,   51.5996132 ,   25.74546234,     30.38380348], [  372.4731577 ,   35.99990557,  107.12008746,  -31.80135714,     51.72437164,  149.56124979,  253.58733596,   70.62804637,     53.10266705,   91.54487457,   23.33478996,  -16.43434983,     45.67434919], [  292.17631378,  -47.04463222,   86.16149304,  126.45171238,    114.77177005,   65.48617922,   70.62804637,  188.7243563 ,     94.72325163,   56.06469545,   58.6380076 ,   63.78950611,     49.30211225], [  296.27575784,  -72.59984918,    0.7647183 ,  118.56890619,    116.93339865,   91.14806493,   53.10266705,   94.72325163,    220.58895316,   97.85692132,   60.90592605,   93.4218582 ,     77.60609638], [  456.50734201,  -69.49787677,   11.63415979,    9.09009423,     56.68402695,   88.26111695,   91.54487457,   56.06469545,     97.85692132,  168.95081562,   67.81646596,   37.60597881,     77.28526011], [  218.82036023,  -48.20106129,   48.91646134,   87.75306521,     70.11886812,   51.5996132 ,   23.33478996,   58.6380076 ,     60.90592605,   67.81646596,  138.80505047,  110.40044358,     61.48556674], [  236.91381189,  -86.27616234,   15.47007521,  170.75058371,     84.45242848,   25.74546234,  -16.43434983,   63.78950611,     93.4218582 ,   37.60597881,  110.40044358,  229.20691404,    101.70611853], [  425.23576379, -124.197278  ,  -27.12892652,   65.9516744 ,     36.53666671,   30.38380348,   45.67434919,   49.30211225,     77.60609638,   77.28526011,   61.48556674,  101.70611853,    149.79469673]]
/root/sim/music/out/宇多田ヒカル/初恋/05-Forevermore.mp3; [-547.0898   , 122.91259  ,  27.754545 ,  14.342812 ,  11.9008875,   -1.2432615,   6.434029 ,   3.899939 ,  -4.8138766,   2.554636 ,   -3.7148383,  -3.9428506,   4.657958 ]; [[11356.92383952,  255.33636534,  746.53416836,  -40.04401237,    315.1964845 ,  114.91571906,  482.65085138,  188.26518696,     79.8888351 ,  347.40333525,  266.36437612,  -27.55591405,    112.21343897], [  255.33636534,  857.56118047, -149.76099183,   75.06376499,     -5.45802149,   19.98250523,   37.96279387,   -5.91002517,     10.13589077,   24.15889562,  -10.75440892,   21.01557669,     28.59110761], [  746.53416836, -149.76099183,  566.9741883 ,   32.98112974,     92.66752507,   38.12770122,   38.50068416,   28.34679831,     38.16097891,    0.34161509,   65.78180934,   61.55477524,      1.2244506 ], [  -40.04401237,   75.06376499,   32.98112974,  290.48907605,     75.58341291,   33.72585404,  -70.27264061,   57.04611246,     39.0068674 ,  -31.58815604,   12.29185663,   72.30979376,     -7.4251123 ], [  315.1964845 ,   -5.45802149,   92.66752507,   75.58341291,    190.2706398 ,   25.28313992,  -19.29008199,   31.59245579,     38.72269635,   -0.43097416,   21.3352306 ,   20.29029058,     -8.77813734], [  114.91571906,   19.98250523,   38.12770122,   33.72585404,     25.28313992,  191.78685199,   69.10476125,    6.78350555,     42.49305707,   26.38196845,   30.69974643,   16.62334553,     17.77124831], [  482.65085138,   37.96279387,   38.50068416,  -70.27264061,    -19.29008199,   69.10476125,  245.26201355,   19.11744168,     18.73209599,   71.91208084,   32.21236979,  -28.67718008,     44.95927774], [  188.26518696,   -5.91002517,   28.34679831,   57.04611246,     31.59245579,    6.78350555,   19.11744168,  119.85961868,     36.27449101,    6.90935595,   10.05030987,   14.08304417,      3.67257106], [   79.8888351 ,   10.13589077,   38.16097891,   39.0068674 ,     38.72269635,   42.49305707,   18.73209599,   36.27449101,    141.42308947,   23.73804768,   15.86595045,   17.95965252,      9.51311589], [  347.40333525,   24.15889562,    0.34161509,  -31.58815604,     -0.43097416,   26.38196845,   71.91208084,    6.90935595,     23.73804768,  126.48405972,   47.46794541,  -19.31884785,      9.89676022], [  266.36437612,  -10.75440892,   65.78180934,   12.29185663,     21.3352306 ,   30.69974643,   32.21236979,   10.05030987,     15.86595045,   47.46794541,  106.72323212,   40.90188464,     -1.99876586], [  -27.55591405,   21.01557669,   61.55477524,   72.30979376,     20.29029058,   16.62334553,  -28.67718008,   14.08304417,     17.95965252,  -19.31884785,   40.90188464,  119.6247553 ,     16.4488559 ], [  112.21343897,   28.59110761,    1.2244506 ,   -7.4251123 ,     -8.77813734,   17.77124831,   44.95927774,    3.67257106,      9.51311589,    9.89676022,   -1.99876586,   16.4488559 ,     81.81791638]]
/root/sim/music/out/宇多田ヒカル/初恋/08-パクチーの唄.mp3; [-704.3577   , 164.44139  ,  24.75259  ,  10.391342 ,   8.87915  ,   -4.6171603,  -3.767552 ,  -1.9460502, -10.992816 ,  -0.5589802,   -9.471898 ,  -6.8435774,  -3.7082603]; [[24969.6945069 , -344.24743796,  173.23782505, 1860.23354558,   1273.96101516,  913.73039173,  545.69288204,  263.32619446,   -323.8879716 ,  727.29039138,  350.16729559,  134.64575643,    411.99661061], [ -344.24743796, 2153.22103942, -377.53837992, -163.26379962,     79.54530979,   36.08666812,   47.77912883,   93.24583348,    162.16404589,   55.16571509,   96.33972813,  174.23226698,     66.62693727], [  173.23782505, -377.53837992, 1119.49666759,  326.94002767,    335.44480975,  150.01883301,    0.97148412,  -11.75963644,    -75.60776441,  -56.60862479,  -77.57561412,  -39.80505234,    -99.75831233], [ 1860.23354558, -163.26379962,  326.94002767, 1329.32714045,    698.30869287,  323.22834902,  -18.28730806,  -16.62689303,     48.22222158,   29.43610086,  -16.8860741 ,   44.96117962,    -76.48770472], [ 1273.96101516,   79.54530979,  335.44480975,  698.30869287,    735.80282476,  227.857762  ,  -45.26074546,   -8.8690875 ,     46.65206996,   19.13166008,  -10.0501763 ,   30.94159356,    -79.81857227], [  913.73039173,   36.08666812,  150.01883301,  323.22834902,    227.857762  ,  340.20357859,  127.89598758,   15.02783658,     88.6344562 ,   65.71587481,   60.16201411,   30.74886836,     14.17233991], [  545.69288204,   47.77912883,    0.97148412,  -18.28730806,    -45.26074546,  127.89598758,  304.56494537,   82.70488304,     44.45853145,   83.660903  ,   47.06857669,  -30.70977639,     86.22353323], [  263.32619446,   93.24583348,  -11.75963644,  -16.62689303,     -8.8690875 ,   15.02783658,   82.70488304,  211.80960175,     32.78113506,   28.23722737,   54.81579332,   63.72399153,     46.37686809], [ -323.8879716 ,  162.16404589,  -75.60776441,   48.22222158,     46.65206996,   88.6344562 ,   44.45853145,   32.78113506,    291.65461424,   39.05284308,   68.61963723,   50.44739212,     23.41552261], [  727.29039138,   55.16571509,  -56.60862479,   29.43610086,     19.13166008,   65.71587481,   83.660903  ,   28.23722737,     39.05284308,  145.2827977 ,   46.03132831,  -11.93040035,     56.91192372], [  350.16729559,   96.33972813,  -77.57561412,  -16.8860741 ,    -10.0501763 ,   60.16201411,   47.06857669,   54.81579332,     68.61963723,   46.03132831,  168.13442912,   94.98818138,     36.93626454], [  134.64575643,  174.23226698,  -39.80505234,   44.96117962,     30.94159356,   30.74886836,  -30.70977639,   63.72399153,     50.44739212,  -11.93040035,   94.98818138,  218.098448  ,     26.31724845], [  411.99661061,   66.62693727,  -99.75831233,  -76.48770472,    -79.81857227,   14.17233991,   86.22353323,   46.37686809,     23.41552261,   56.91192372,   36.93626454,   26.31724845,    144.46604997]]
/root/sim/music/out/宇多田ヒカル/初恋/04-誓い.mp3; [-614.8171   , 151.86371  ,  11.77219  ,   6.248759 ,   9.880619 ,   -2.4913707,   4.658909 ,   0.9683675, -15.0391865,   4.1964154,   -8.524286 ,  -5.5067077,   1.3151234]; [[12975.86112938,-2726.20844106, 1296.6310296 , -289.89617148,     43.95820749,  -49.35222992,  605.39941052,  491.30362329,    209.31538282,  590.32076743,  137.63322513,  331.92308167,    523.3670369 ], [-2726.20844106, 2530.67306207, -850.40222178,  183.1265426 ,     21.69480663,   91.11693924,  -94.22484814, -180.71077065,    -44.21660982, -174.77356267,  -56.26128801, -199.42169901,   -193.01081105], [ 1296.6310296 , -850.40222178,  697.90835115,  -76.01852308,     78.09450076,   24.58999568,   62.6726406 ,   96.26880373,     46.52901584,   76.99539754,   56.88616183,  122.00024131,     67.22265885], [ -289.89617148,  183.1265426 ,  -76.01852308,  344.00369909,     50.73831826,   25.15411151, -110.56218446,   65.96563652,     20.89581148,  -59.45702704,   18.84723471,   46.55446308,    -39.93500695], [   43.95820749,   21.69480663,   78.09450076,   50.73831826,    188.48924703,    8.34443145,  -31.66867628,   42.31371741,     31.39707689,  -18.04791417,   12.55419819,   13.26454466,    -27.86686556], [  -49.35222992,   91.11693924,   24.58999568,   25.15411151,      8.34443145,  196.8958458 ,   68.65050725,    6.16866017,     70.69346531,   17.86445225,   23.28662454,    3.58243824,      8.08255754], [  605.39941052,  -94.22484814,   62.6726406 , -110.56218446,    -31.66867628,   68.65050725,  276.35621415,   10.39081954,     41.66127201,  100.24035762,    5.34444603,   -7.69481641,     99.00783037], [  491.30362329, -180.71077065,   96.26880373,   65.96563652,     42.31371741,    6.16866017,   10.39081954,  169.79601203,     24.54105899,   20.84892907,   26.51074234,   25.56592817,     24.48127645], [  209.31538282,  -44.21660982,   46.52901584,   20.89581148,     31.39707689,   70.69346531,   41.66127201,   24.54105899,    203.7109456 ,   37.4426539 ,   42.66001755,   54.21075792,     19.42693067], [  590.32076743, -174.77356267,   76.99539754,  -59.45702704,    -18.04791417,   17.86445225,  100.24035762,   20.84892907,     37.4426539 ,  157.5714092 ,   28.56269542,   15.38616182,     64.58095552], [  137.63322513,  -56.26128801,   56.88616183,   18.84723471,     12.55419819,   23.28662454,    5.34444603,   26.51074234,     42.66001755,   28.56269542,  110.13452986,   55.78898966,     18.37025306], [  331.92308167, -199.42169901,  122.00024131,   46.55446308,     13.26454466,    3.58243824,   -7.69481641,   25.56592817,     54.21075792,   15.38616182,   55.78898966,  154.82006977,     39.28098378], [  523.3670369 , -193.01081105,   67.22265885,  -39.93500695,    -27.86686556,    8.08255754,   99.00783037,   24.48127645,     19.42693067,   64.58095552,   18.37025306,   39.28098378,    131.31468515]]
/root/sim/music/out/宇多田ヒカル/初恋/06-Too_Proud.mp3; [-693.1309    , 131.74399   ,  14.686327  ,   6.291831  ,   3.6256068 ,   -2.152325  ,   4.9749184 ,  -2.1386564 ,  -9.228195  ,   4.7739153 ,   -5.794352  ,   1.0064918 ,  -0.25996095]; [[14435.47352085,  389.86380797,  712.28847657,  296.14788725,     30.58781951,  -11.92602648,  444.25771517,  507.60065045,    245.0923796 ,  171.15193505,  557.96081881, -131.82563071,    298.77013944], [  389.86380797, 3023.80148353, -285.86706728,  330.90569765,    245.9338407 ,  111.5196085 ,  181.26425849,  114.00200149,    162.56298277,  125.43822656,  198.77657509, -106.20921583,     48.09742877], [  712.28847657, -285.86706728, 1376.95971798,  379.87707302,    253.56539124,   93.4751959 ,   83.77230835,  169.27387386,     65.8697621 ,   32.6432698 ,   60.91435931,  167.17365086,    150.77970895], [  296.14788725,  330.90569765,  379.87707302,  896.84046   ,    357.73182251,  241.86334021,   18.51337473,  262.83376732,    191.65830099,   -3.38352175,  186.97756727,  151.34760103,     85.9217782 ], [   30.58781951,  245.9338407 ,  253.56539124,  357.73182251,    554.06079428,  232.59668495,   49.59507763,  161.59241532,    146.79388737,   61.30221188,  113.43776898,   61.29109779,     61.77656752], [  -11.92602648,  111.5196085 ,   93.4751959 ,  241.86334021,    232.59668495,  505.20450493,  169.42470101,  113.10545144,    174.10671062,   77.37549846,  147.48630533,   79.07581389,     35.38004564], [  444.25771517,  181.26425849,   83.77230835,   18.51337473,     49.59507763,  169.42470101,  463.87137453,  152.18687573,     81.7865176 ,  141.17655501,  140.35051445,   16.82361109,     95.06688343], [  507.60065045,  114.00200149,  169.27387386,  262.83376732,    161.59241532,  113.10545144,  152.18687573,  367.78367199,    144.81967812,   42.33899078,  139.64690371,   72.79336053,     75.89945635], [  245.0923796 ,  162.56298277,   65.8697621 ,  191.65830099,    146.79388737,  174.10671062,   81.7865176 ,  144.81967812,    266.63301012,   87.55867574,  116.2301539 ,   50.59363111,     35.64635052], [  171.15193505,  125.43822656,   32.6432698 ,   -3.38352175,     61.30221188,   77.37549846,  141.17655501,   42.33899078,     87.55867574,  244.87992437,  121.54728017,   17.28893229,     48.23409773], [  557.96081881,  198.77657509,   60.91435931,  186.97756727,    113.43776898,  147.48630533,  140.35051445,  139.64690371,    116.2301539 ,  121.54728017,  342.98977654,   71.84428445,     91.27233972], [ -131.82563071, -106.20921583,  167.17365086,  151.34760103,     61.29109779,   79.07581389,   16.82361109,   72.79336053,     50.59363111,   17.28893229,   71.84428445,  243.20423568,     60.91074999], [  298.77013944,   48.09742877,  150.77970895,   85.9217782 ,     61.77656752,   35.38004564,   95.06688343,   75.89945635,     35.64635052,   48.23409773,   91.27233972,   60.91074999,    199.93649634]]
/root/sim/music/out/宇多田ヒカル/初恋/02-あなた.mp3; [-589.98706  , 138.13567  ,  19.881804 ,  10.14918  ,   9.510607 ,   -5.2797384,   6.7548475,   3.794641 , -12.308928 ,   4.2559795,   -7.558536 ,  -4.8137774,   3.7204592]; [[19134.59510806,-1176.73762991,-1403.51262979,   84.7153477 ,    -39.36957201, -151.05498545,  346.70676518,  198.25841638,     -5.0038668 ,  560.25386042,   51.34266482, -135.71615312,    -52.87245689], [-1176.73762991, 1138.43805371,  -41.96550693,  -71.94586805,     19.96752763,    7.89384645,   50.65043856,   -3.06804251,     -8.6768489 ,    0.18569014,   -4.61792214,   22.85583063,     51.17872611], [-1403.51262979,  -41.96550693,  592.30190803,   62.87478178,    110.99398355,   50.28434683,  -36.88066807,   35.97160522,     40.23564845,  -77.34127707,   11.97327293,   77.27939629,     -9.62093257], [   84.7153477 ,  -71.94586805,   62.87478178,  420.02135782,    113.205285  ,   50.75216547, -100.47052569,   70.02789747,     54.08995682,  -54.63978993,   23.24890499,  108.95384477,    -28.15085347], [  -39.36957201,   19.96752763,  110.99398355,  113.205285  ,    238.31698381,   41.96875192,  -49.99220552,   20.79775028,     54.02116318,  -29.60302351,   17.99828784,   52.76126461,    -18.70194032], [ -151.05498545,    7.89384645,   50.28434683,   50.75216547,     41.96875192,  206.32892112,   44.09773023,   -6.74977783,     66.28552586,    1.49488317,   28.57687063,   21.0868435 ,      0.74487949], [  346.70676518,   50.65043856,  -36.88066807, -100.47052569,    -49.99220552,   44.09773023,  261.08610949,    3.75630011,      7.03139545,   94.37360275,   10.30081876,  -67.20104583,     33.18737347], [  198.25841638,   -3.06804251,   35.97160522,   70.02789747,     20.79775028,   -6.74977783,    3.75630011,  134.66390506,      8.04250525,    5.17072495,    6.18137635,   22.60810241,     -0.4365479 ], [   -5.0038668 ,   -8.6768489 ,   40.23564845,   54.08995682,     54.02116318,   66.28552586,    7.03139545,    8.04250525,    156.51638498,    5.20975505,   25.50462337,   33.93886856,      1.78213454], [  560.25386042,    0.18569014,  -77.34127707,  -54.63978993,    -29.60302351,    1.49488317,   94.37360275,    5.17072495,      5.20975505,  154.32766856,   16.77686674,  -49.43194708,      8.77094908], [   51.34266482,   -4.61792214,   11.97327293,   23.24890499,     17.99828784,   28.57687063,   10.30081876,    6.18137635,     25.50462337,   16.77686674,   76.1297894 ,   31.50066792,      2.88780686], [ -135.71615312,   22.85583063,   77.27939629,  108.95384477,     52.76126461,   21.0868435 ,  -67.20104583,   22.60810241,     33.93886856,  -49.43194708,   31.50066792,  147.35790165,     10.60801786], [  -52.87245689,   51.17872611,   -9.62093257,  -28.15085347,    -18.70194032,    0.74487949,   33.18737347,   -0.4365479 ,      1.78213454,    8.77094908,    2.88780686,   10.60801786,     84.6840849 ]]
/root/sim/music/out/宇多田ヒカル/初恋/03-初恋.mp3; [-627.2262    , 159.93336   ,  13.920005  ,   0.1077961 ,   1.5012984 ,  -10.444932  ,  -1.2247025 ,  -0.47091258, -12.544273  ,   3.4041505 ,   -6.3858395 ,  -2.494787  ,   4.737908  ]; [[13100.14016415,  541.11983517, -548.41452124,  166.34463536,   -104.81169069,  -27.05959988,  195.26434777,  325.89219566,    222.21681906,  406.1843541 ,  178.11036719,  270.91128368,    194.79095245], [  541.11983517, 1405.29493385, -219.6232326 ,  223.62953386,     83.50191132,   77.8057986 ,  100.63091725,  -26.21861564,     38.51821855,   18.58487507,   28.0762388 ,  -28.81258704,    -46.49681963], [ -548.41452124, -219.6232326 ,  517.4687634 , -115.52070835,     52.94595735,    2.28788896,  -27.3209507 ,  -45.87519412,    -43.80345231,  -64.72833516,  -47.63196555,   -9.25653155,    -42.08326216], [  166.34463536,  223.62953386, -115.52070835,  448.74625389,     97.30057988,   40.16697287,  -66.44289997,   93.05799867,     87.34617513,  -22.67353604,   14.56167136,  107.68727781,    -43.28778148], [ -104.81169069,   83.50191132,   52.94595735,   97.30057988,    203.27023072,   -0.77471725,  -26.50650496,   23.07250138,     54.185542  ,  -24.63407871,    3.49315317,   26.16109297,    -41.73042806], [  -27.05959988,   77.8057986 ,    2.28788896,   40.16697287,     -0.77471725,  193.36937638,   69.96726499,    5.4817456 ,     40.23113682,   31.1277617 ,   19.29130953,  -13.86762216,     16.0103054 ], [  195.26434777,  100.63091725,  -27.3209507 ,  -66.44289997,    -26.50650496,   69.96726499,  232.00044872,   -7.27862682,     17.11964123,   47.68389171,    6.16621489,  -62.455776  ,     54.42450711], [  325.89219566,  -26.21861564,  -45.87519412,   93.05799867,     23.07250138,    5.4817456 ,   -7.27862682,  159.38566369,     24.37716681,   16.91653868,   18.18899148,   41.23012154,     19.54423904], [  222.21681906,   38.51821855,  -43.80345231,   87.34617513,     54.185542  ,   40.23113682,   17.11964123,   24.37716681,    185.71466369,   29.03769229,   29.1739886 ,   45.81521258,     13.65866944], [  406.1843541 ,   18.58487507,  -64.72833516,  -22.67353604,    -24.63407871,   31.1277617 ,   47.68389171,   16.91653868,     29.03769229,  138.55837375,   31.6369046 ,    9.66249947,     28.10587826], [  178.11036719,   28.0762388 ,  -47.63196555,   14.56167136,      3.49315317,   19.29130953,    6.16621489,   18.18899148,     29.1739886 ,   31.6369046 ,  135.5000856 ,   61.53442558,     32.20771581], [  270.91128368,  -28.81258704,   -9.25653155,  107.68727781,     26.16109297,  -13.86762216,  -62.455776  ,   41.23012154,     45.81521258,    9.66249947,   61.53442558,  204.93014432,      4.13354533], [  194.79095245,  -46.49681963,  -42.08326216,  -43.28778148,    -41.73042806,   16.0103054 ,   54.42450711,   19.54423904,     13.65866944,   28.10587826,   32.20771581,    4.13354533,    133.84678489]]
/root/sim/music/out/宇多田ヒカル/初恋/12-嫉妬されるべき人生.mp3; [-660.8346   , 154.46893  ,  27.646334 ,  14.713715 ,  12.617202 ,    3.427839 ,  13.18365  ,   5.073593 ,  -2.0168223,   8.801078 ,   -3.4147618,  -1.6903098,   2.9425843]; [[15963.51891136, -411.4999281 ,  317.71226139, -798.64670187,   -129.17693574, -551.50222626, -269.58651299,   57.66900408,     -3.46343652,  185.12866353,  -25.28980276, -138.42374834,    -85.72080174], [ -411.4999281 , 2012.42107962, -111.69222037,  555.99884421,    158.70901667,  271.46393631,  298.76440709,   66.57237573,     29.14542326,   89.76901499,  -23.59231524,    9.35628636,     43.21003558], [  317.71226139, -111.69222037, 1072.25610518,   65.2980352 ,    285.56373908,   51.53962984,  -21.4049905 ,   95.27879225,     15.20243727,  -19.9299031 ,   59.50858702,   66.40822384,    -41.98860641], [ -798.64670187,  555.99884421,   65.2980352 ,  757.68572899,    261.04836835,  313.08206313,  176.10964025,  141.85744467,     55.50858143,  -53.70457929,  -33.29029248,   80.59999591,    -15.72351645], [ -129.17693574,  158.70901667,  285.56373908,  261.04836835,    347.77670288,  128.28536914,   44.17465649,  106.4336632 ,     45.50932839,  -17.31590373,   -6.49509597,   36.31642124,    -31.84473417], [ -551.50222626,  271.46393631,   51.53962984,  313.08206313,    128.28536914,  412.88489688,  283.3146386 ,   72.4254477 ,     71.19124489,   32.01967707,  -17.14671343,   27.26430673,     21.9153301 ], [ -269.58651299,  298.76440709,  -21.4049905 ,  176.10964025,     44.17465649,  283.3146386 ,  411.51051638,   61.68849752,     27.73171205,   96.43442718,  -33.28882705,   -6.7774032 ,     58.01761178], [   57.66900408,   66.57237573,   95.27879225,  141.85744467,    106.4336632 ,   72.4254477 ,   61.68849752,  158.96633666,     49.49295795,   -6.4387656 ,    0.5555681 ,   28.25790113,     -3.96425657], [   -3.46343652,   29.14542326,   15.20243727,   55.50858143,     45.50932839,   71.19124489,   27.73171205,   49.49295795,    149.92444982,   33.67500022,   31.35586095,   25.26658739,      9.67668738], [  185.12866353,   89.76901499,  -19.9299031 ,  -53.70457929,    -17.31590373,   32.01967707,   96.43442718,   -6.4387656 ,     33.67500022,  180.02584837,   48.52958837,  -21.99286515,     35.33542933], [  -25.28980276,  -23.59231524,   59.50858702,  -33.29029248,     -6.49509597,  -17.14671343,  -33.28882705,    0.5555681 ,     31.35586095,   48.52958837,  144.28680402,   52.91594225,      4.6990455 ], [ -138.42374834,    9.35628636,   66.40822384,   80.59999591,     36.31642124,   27.26430673,   -6.7774032 ,   28.25790113,     25.26658739,  -21.99286515,   52.91594225,  135.91913304,     16.49300609], [  -85.72080174,   43.21003558,  -41.98860641,  -15.72351645,    -31.84473417,   21.9153301 ,   58.01761178,   -3.96425657,      9.67668738,   35.33542933,    4.6990455 ,   16.49300609,    103.97202457]]
/root/sim/music/out/宇多田ヒカル/初恋/07-Good_Night.mp3; [-694.35156   , 150.76028   ,  22.98247   ,  17.6808    ,  12.767777  ,   -5.706911  ,   1.8838981 ,   3.949255  ,  -9.760285  ,   5.504539  ,   -1.0081011 ,  -0.07324163,  -0.51013166]; [[30539.52292401,-2729.77123306, -424.19781833,   -2.08013018,     76.9314204 ,  847.11312963,  451.54338708,  647.00044127,    388.8479166 ,  621.9031552 ,   35.3941188 ,  175.83236229,    390.67742593], [-2729.77123306, 2303.71445766, -182.35364935,  184.69830215,    163.140795  , -184.98196459,  -34.51077688,  -38.11845866,    -32.41600719,  -41.31773526,   -4.95438436,  -70.90362321,    -77.95917845], [ -424.19781833, -182.35364935,  938.60103119, -215.09538458,     52.6342316 ,  171.39567337,   61.57520794,  -11.84368235,    -91.25415667,    8.47325872,   24.33199152,   44.84901235,     10.96932387], [   -2.08013018,  184.69830215, -215.09538458,  611.49078169,    163.7500386 ,  -38.51569857,  -49.08640351,  114.81006521,    138.42833021,  -53.55829335,  -28.05379177,    7.55666898,    -27.7372351 ], [   76.9314204 ,  163.140795  ,   52.6342316 ,  163.7500386 ,    261.6980682 ,    9.92074007,    4.28013717,   62.60799759,     41.3131388 ,  -10.86776194,  -29.50603175,   -4.45863168,     -1.34162082], [  847.11312963, -184.98196459,  171.39567337,  -38.51569857,      9.92074007,  359.98311555,  130.03993983,    8.48150251,     73.78524273,   62.84656486,   62.64391282,    2.30622166,     27.61524008], [  451.54338708,  -34.51077688,   61.57520794,  -49.08640351,      4.28013717,  130.03993983,  231.80866239,   23.41993032,     30.56866416,   69.29988002,   22.15945742,  -30.12874006,     37.6492442 ], [  647.00044127,  -38.11845866,  -11.84368235,  114.81006521,     62.60799759,    8.48150251,   23.41993032,  179.98563542,     44.13276701,   10.66092859,   -3.4299445 ,   -7.61910496,     19.62396362], [  388.8479166 ,  -32.41600719,  -91.25415667,  138.42833021,     41.3131388 ,   73.78524273,   30.56866416,   44.13276701,    239.26709663,   43.66260924,    5.86892316,    2.75513544,     10.05997962], [  621.9031552 ,  -41.31773526,    8.47325872,  -53.55829335,    -10.86776194,   62.84656486,   69.29988002,   10.66092859,     43.66260924,  200.14713889,  113.59562566,   12.71233383,     24.23250862], [   35.3941188 ,   -4.95438436,   24.33199152,  -28.05379177,    -29.50603175,   62.64391282,   22.15945742,   -3.4299445 ,      5.86892316,  113.59562566,  229.22184529,   77.09412659,     12.29669983], [  175.83236229,  -70.90362321,   44.84901235,    7.55666898,     -4.45863168,    2.30622166,  -30.12874006,   -7.61910496,      2.75513544,   12.71233383,   77.09412659,  170.41215179,     35.02448685], [  390.67742593,  -77.95917845,   10.96932387,  -27.7372351 ,     -1.34162082,   27.61524008,   37.6492442 ,   19.62396362,     10.05997962,   24.23250862,   12.29669983,   35.02448685,    106.65051562]]
/root/sim/music/out/スピッツ/CYCLE_HIT_1997-2005_Spitz_Complete_Single_Collection/09_夢追い虫.mp3; [-503.67725  , 114.09072  , -12.78015  ,  28.811062 ,  23.220705 ,    5.4969573,   2.9462795,   5.8203707,   1.2633657,   1.8007367,    3.2163622,  -2.2172666,  -2.068756 ]; [[13172.77127702,-1919.39241521,  947.92952278,    6.10099004,    368.73627944,  606.87279057,   46.89274501,  381.60195723,    287.42777422,   61.37760915,   46.06018089,  -87.35307892,   -165.3973207 ], [-1919.39241521, 1442.03293019, -427.82265731,  111.62764505,    -72.85759917, -235.02046304,   45.38210203,  -93.96326408,    -86.0486406 ,   19.69837277,    4.74897076,    7.54956755,     60.57874928], [  947.92952278, -427.82265731,  876.15556123,  -86.37734547,     76.01498285,   71.42634132,   23.3531646 ,    4.47970296,     61.64653939,   57.63515013,   40.8453211 ,    3.9181013 ,     19.78688419], [    6.10099004,  111.62764505,  -86.37734547,  193.08631047,     50.86836979,   21.92177034,  -12.45919313,    0.88092591,     13.41849472,   -7.97507987,  -19.924071  ,   16.74430903,      3.43461633], [  368.73627944,  -72.85759917,   76.01498285,   50.86836979,    192.95195643,   44.49775177,   33.34737046,   19.53297507,     38.67463077,   18.49174708,    9.95357828,   13.32060741,      5.73765353], [  606.87279057, -235.02046304,   71.42634132,   21.92177034,     44.49775177,  166.59154359,   32.26494361,   48.66434414,     23.66678328,   -4.02368691,    8.13991051,    4.96581569,    -21.58974977], [   46.89274501,   45.38210203,   23.3531646 ,  -12.45919313,     33.34737046,   32.26494361,  122.64081575,   41.3232603 ,      8.47982382,   18.26174218,   24.12658189,    8.05215784,      7.33213135], [  381.60195723,  -93.96326408,    4.47970296,    0.88092591,     19.53297507,   48.66434414,   41.3232603 ,  101.76207023,     42.25613853,    2.89147075,    8.97809277,    5.85259722,     -1.37419227], [  287.42777422,  -86.0486406 ,   61.64653939,   13.41849472,     38.67463077,   23.66678328,    8.47982382,   42.25613853,     95.82895978,   27.01051733,   10.32893281,    5.41198892,      4.49118624], [   61.37760915,   19.69837277,   57.63515013,   -7.97507987,     18.49174708,   -4.02368691,   18.26174218,    2.89147075,     27.01051733,   83.73454941,   26.55549091,    1.53042886,      8.08764042], [   46.06018089,    4.74897076,   40.8453211 ,  -19.924071  ,      9.95357828,    8.13991051,   24.12658189,    8.97809277,     10.32893281,   26.55549091,   69.02921098,   18.57612212,      9.08270614], [  -87.35307892,    7.54956755,    3.9181013 ,   16.74430903,     13.32060741,    4.96581569,    8.05215784,    5.85259722,      5.41198892,    1.53042886,   18.57612212,   57.39447764,     25.72568015], [ -165.3973207 ,   60.57874928,   19.78688419,    3.43461633,      5.73765353,  -21.58974977,    7.33213135,   -1.37419227,      4.49118624,    8.08764042,    9.08270614,   25.72568015,     64.26431152]]
/root/sim/music/out/スピッツ/CYCLE_HIT_1997-2005_Spitz_Complete_Single_Collection/07_メモリーズ.mp3; [-561.2394    , 103.23184   , -21.449425  ,  32.442738  ,   5.952804  ,    8.83847   ,   4.1483655 ,   2.3756735 ,   5.6860986 ,   1.4921589 ,    1.8109897 ,   0.12405893,  -7.2394304 ]; [[35729.06390301,-1292.91399226, 1812.09055144,  606.05045725,    605.96765395, -173.01007057, -133.56399954,  987.06805424,    420.27703246,  783.07517273,  564.47230298,  351.66623148,    690.75808142], [-1292.91399226, 2245.92874277, -398.16659056,  373.28391862,   -305.54533658, -147.77988818,    0.22650824, -218.85340727,    -37.22832677, -252.42277853,  -22.17628268,    9.9403996 ,   -187.34109994], [ 1812.09055144, -398.16659056, 1205.84852254,  129.23842555,    293.45387991,  185.31924477,  182.82643917,  197.99749899,     33.82937537,  264.00591846,  187.54839645,  123.35652633,    187.02319126], [  606.05045725,  373.28391862,  129.23842555,  432.46056799,     12.63984895,  125.89945318,   91.57970811,  -37.3417047 ,     49.51400564,   29.21309129,   34.80944956,  102.65067216,      6.5370826 ], [  605.96765395, -305.54533658,  293.45387991,   12.63984895,    268.78272878,  132.25809291,   57.77659235,   77.18156251,     54.21953659,  102.75558174,   54.39596424,   17.21693646,     55.07206997], [ -173.01007057, -147.77988818,  185.31924477,  125.89945318,    132.25809291,  380.25017919,  203.68908533,  -12.17620392,     30.56297593,  103.011657  ,   55.67368859,   52.3200208 ,    -34.74253636], [ -133.56399954,    0.22650824,  182.82643917,   91.57970811,     57.77659235,  203.68908533,  273.16882519,   71.47524883,      6.7625084 ,   61.51747399,   58.89064038,   34.12504165,     28.62292776], [  987.06805424, -218.85340727,  197.99749899,  -37.3417047 ,     77.18156251,  -12.17620392,   71.47524883,  214.59026763,     58.21665704,   52.04254973,   53.16680939,   -4.03700708,     87.66414801], [  420.27703246,  -37.22832677,   33.82937537,   49.51400564,     54.21953659,   30.56297593,    6.7625084 ,   58.21665704,    124.09979128,   28.64613477,   23.7212473 ,   19.57415349,    -10.01351992], [  783.07517273, -252.42277853,  264.00591846,   29.21309129,    102.75558174,  103.011657  ,   61.51747399,   52.04254973,     28.64613477,  170.30922268,   83.9490211 ,   41.21612302,     73.01293872], [  564.47230298,  -22.17628268,  187.54839645,   34.80944956,     54.39596424,   55.67368859,   58.89064038,   53.16680939,     23.7212473 ,   83.9490211 ,  140.3441227 ,   45.30477854,     29.46315352], [  351.66623148,    9.9403996 ,  123.35652633,  102.65067216,     17.21693646,   52.3200208 ,   34.12504165,   -4.03700708,     19.57415349,   41.21612302,   45.30477854,  112.29775994,     39.5637267 ], [  690.75808142, -187.34109994,  187.02319126,    6.5370826 ,     55.07206997,  -34.74253636,   28.62292776,   87.66414801,    -10.01351992,   73.01293872,   29.46315352,   39.5637267 ,    188.66499266]]
/root/sim/music/out/スピッツ/CYCLE_HIT_1997-2005_Spitz_Complete_Single_Collection/13_スターゲイザー.mp3; [-518.24976   , 124.463524  , -14.874265  ,  14.63791   ,   1.1457295 ,   -0.65611005,   0.04609493,  -3.9310677 ,  -4.176314  ,   0.38269138,   -7.1040816 ,  -4.934688  ,  -1.8981863 ]; [[22393.68343075, -733.19454418,-1147.06134541,  408.51148056,   -449.56854499,   99.1631394 ,  205.63039783,  424.74873512,    353.84544644,  368.72332706,    1.77601879,  -57.75293043,    121.93691019], [ -733.19454418, 1273.14569543, -249.25916872,  -41.93409196,     22.3611039 ,  -81.20605766,  -44.76042809,  -83.97556035,    -53.85458826,  -61.66549259,  -12.38148121,    1.09867166,    -18.28687463], [-1147.06134541, -249.25916872,  518.54291727,  -92.27134368,     75.80664359,  -36.25843588,  -31.31919653,  -58.32731734,    -48.44974841,   -0.46098629,   -6.74447577,    4.70131603,     -6.38150758], [  408.51148056,  -41.93409196,  -92.27134368,  312.16101997,     28.79093466,  165.74407297,   37.76350585,   60.3789659 ,     57.38815887,   20.94421941,   -7.26292089,   25.92600077,     37.56619238], [ -449.56854499,   22.3611039 ,   75.80664359,   28.79093466,    163.6135327 ,    2.73702386,    4.38549952,   -4.00508112,      7.96321412,    7.64120199,   -8.06054763,    4.91274429,     18.65289494], [   99.1631394 ,  -81.20605766,  -36.25843588,  165.74407297,      2.73702386,  293.95592277,   58.45769799,   95.05975676,     64.58902914,   10.97514495,   18.922454  ,   26.157577  ,     10.61306431], [  205.63039783,  -44.76042809,  -31.31919653,   37.76350585,      4.38549952,   58.45769799,  118.08113472,   65.16499366,     32.14197447,   24.15030057,   24.93369046,    7.62120902,      4.18905299], [  424.74873512,  -83.97556035,  -58.32731734,   60.3789659 ,     -4.00508112,   95.05975676,   65.16499366,  184.82241465,     83.18740008,   15.30792336,   24.7860718 ,    4.15833524,     13.79908303], [  353.84544644,  -53.85458826,  -48.44974841,   57.38815887,      7.96321412,   64.58902914,   32.14197447,   83.18740008,    111.58035028,   36.09043057,   18.11379695,    3.4855377 ,      4.99658835], [  368.72332706,  -61.66549259,   -0.46098629,   20.94421941,      7.64120199,   10.97514495,   24.15030057,   15.30792336,     36.09043057,   97.86261547,   26.74716915,   -3.20274096,     -0.42459949], [    1.77601879,  -12.38148121,   -6.74447577,   -7.26292089,     -8.06054763,   18.922454  ,   24.93369046,   24.7860718 ,     18.11379695,   26.74716915,   77.32315233,   15.36840171,     -5.93957018], [  -57.75293043,    1.09867166,    4.70131603,   25.92600077,      4.91274429,   26.157577  ,    7.62120902,    4.15833524,      3.4855377 ,   -3.20274096,   15.36840171,   64.4285234 ,     21.24078522], [  121.93691019,  -18.28687463,   -6.38150758,   37.56619238,     18.65289494,   10.61306431,    4.18905299,   13.79908303,      4.99658835,   -0.42459949,   -5.93957018,   21.24078522,     69.08772434]]
