/root/sim/music/out/Van_Halen/The_Best_Of_Both_Worlds_[Disc_2]/04_Runaround.mp3; [-521.0662   ,  82.0428   ,   1.8631479,  31.693459 ,  -6.094074 ,    8.579682 ,  -1.1319216,   7.1968083,  -1.9349538,  -1.5790651,    2.9038875,  -1.2774985,  -1.7030169]; [[14499.34316573,   19.20903029,  225.60618693, -140.84565669,      4.6218217 ,  196.14039393,  126.03246066,    3.13657226,    -35.64351977,  -20.3489687 ,   -7.51921643,  -31.80959308,     61.93188354], [   19.20903029,  826.46442461, -301.38253517,  132.95715627,   -103.58487516,  -16.82043672,  -34.89933446,   -3.86187206,    -32.92944019,  -53.14010965,   -8.99369627,   -7.22526496,    -45.11126717], [  225.60618693, -301.38253517,  711.46797343,   36.10167749,    105.96058175,  -11.41568672,   31.69297097,   23.39526664,     73.35042688,    3.91258334,   17.32674748,   27.87622054,     55.39668409], [ -140.84565669,  132.95715627,   36.10167749,  302.40236375,    -21.64002119,    4.02717793,  -73.22872429,   32.8066622 ,     13.20984379,    0.88084332,  -15.68371132,   12.45667229,     11.29484042], [    4.6218217 , -103.58487516,  105.96058175,  -21.64002119,    180.60887318,   40.91293008,   36.24449876,   -1.39539738,     35.37532915,   24.05133014,   17.64729428,    6.59205287,     16.40877147], [  196.14039393,  -16.82043672,  -11.41568672,    4.02717793,     40.91293008,  130.14439832,   65.46706168,   17.79231346,    -14.57617452,   16.86464652,   21.43193496,    6.35980473,     -1.00268969], [  126.03246066,  -34.89933446,   31.69297097,  -73.22872429,     36.24449876,   65.46706168,  165.75275685,   42.73121524,    -10.24806531,   -5.1791204 ,   31.39685014,    2.45629884,      1.13032608], [    3.13657226,   -3.86187206,   23.39526664,   32.8066622 ,     -1.39539738,   17.79231346,   42.73121524,  108.42766253,     33.13995207,    0.42941801,   -0.03053397,    5.21151865,      1.68523288], [  -35.64351977,  -32.92944019,   73.35042688,   13.20984379,     35.37532915,  -14.57617452,  -10.24806531,   33.13995207,    112.29593769,   34.42039476,   -7.64362887,   -0.63882788,     12.40768727], [  -20.3489687 ,  -53.14010965,    3.91258334,    0.88084332,     24.05133014,   16.86464652,   -5.1791204 ,    0.42941801,     34.42039476,   82.28844088,   19.00552972,   -3.73563976,     -0.80282486], [   -7.51921643,   -8.99369627,   17.32674748,  -15.68371132,     17.64729428,   21.43193496,   31.39685014,   -0.03053397,     -7.64362887,   19.00552972,   73.54511635,   18.29143636,     -6.2649438 ], [  -31.80959308,   -7.22526496,   27.87622054,   12.45667229,      6.59205287,    6.35980473,    2.45629884,    5.21151865,     -0.63882788,   -3.73563976,   18.29143636,   56.73408744,     23.41733551], [   61.93188354,  -45.11126717,   55.39668409,   11.29484042,     16.40877147,   -1.00268969,    1.13032608,    1.68523288,     12.40768727,   -0.80282486,   -6.2649438 ,   23.41733551,     64.08547936]]
/root/sim/music/out/Van_Halen/The_Best_Of_Both_Worlds_[Disc_2]/16_Panama_[Live].mp3; [-524.53107  ,  94.60578  ,  -6.5174437,  38.384132 ,   6.2677307,   14.564861 ,  10.688228 ,   8.502474 ,   2.8013232,   4.1157093,   -2.8488774,  -2.7528458,  -3.2543826]; [[2831.21269528,-456.89749633,-138.98606726,  85.48838468, -64.95601969,   -25.20140706,-165.17772541,-223.86840186, -20.81908793,  -7.71057103,   -28.08870408,  59.42105152,  29.68931443], [-456.89749633, 684.07840321, 156.69709832, 153.89726028, 138.49880177,    47.56135371,   8.11407958, -29.20428489, -26.30051944, -35.97135899,    -3.51887723, -11.33200228,   0.81328674], [-138.98606726, 156.69709832, 526.97321079, 211.84231634,  97.57951099,    43.15110571, -29.83656895, -29.07541607, -14.14678393, -47.98497931,     4.24667035,  10.34541386,  -0.9445908 ], [  85.48838468, 153.89726028, 211.84231634, 287.65391926, 126.27101245,    30.12083702, -43.52441805, -60.25073761, -14.96830247, -40.61477585,   -35.34104671,   7.19583285,   9.01517825], [ -64.95601969, 138.49880177,  97.57951099, 126.27101245, 183.62659881,    50.23849003,  13.76865092, -20.08129894, -11.67053329, -12.16878806,   -24.07861535, -18.45361043,   5.74369436], [ -25.20140706,  47.56135371,  43.15110571,  30.12083702,  50.23849003,   112.79278927,  33.7780288 ,  12.36984239,  -4.03610193,   3.82420247,     4.26641692,  -8.49139775, -10.99752804], [-165.17772541,   8.11407958, -29.83656895, -43.52441805,  13.76865092,    33.7780288 , 141.0063699 ,  70.37659865,  -3.31503578,   0.31274352,    -2.00783481, -16.95279355,  -9.96523805], [-223.86840186, -29.20428489, -29.07541607, -60.25073761, -20.08129894,    12.36984239,  70.37659865, 116.35036804,  26.28182077,  13.05241978,     7.07726054, -13.51582961, -11.16359265], [ -20.81908793, -26.30051944, -14.14678393, -14.96830247, -11.67053329,    -4.03610193,  -3.31503578,  26.28182077,  70.3307345 ,  30.27803113,     8.25887203,   4.3084238 ,  -3.70002714], [  -7.71057103, -35.97135899, -47.98497931, -40.61477585, -12.16878806,     3.82420247,   0.31274352,  13.05241978,  30.27803113,  74.174891  ,    24.01458752,  -2.6851965 ,  -1.42150682], [ -28.08870408,  -3.51887723,   4.24667035, -35.34104671, -24.07861535,     4.26641692,  -2.00783481,   7.07726054,   8.25887203,  24.01458752,    64.60721714,  20.02912198,  -1.00729768], [  59.42105152, -11.33200228,  10.34541386,   7.19583285, -18.45361043,    -8.49139775, -16.95279355, -13.51582961,   4.3084238 ,  -2.6851965 ,    20.02912198,  55.06871798,  18.50309086], [  29.68931443,   0.81328674,  -0.9445908 ,   9.01517825,   5.74369436,   -10.99752804,  -9.96523805, -11.16359265,  -3.70002714,  -1.42150682,    -1.00729768,  18.50309086,  51.23415201]]
/root/sim/music/out/Van_Halen/The_Best_Of_Both_Worlds_[Disc_2]/12_Right_Now.mp3; [-557.5649   , 100.39409  ,   2.3099196,  24.832058 ,  -3.5729814,    5.171068 ,  -6.8021502,  -3.200016 ,  -8.128338 ,  -4.7681823,   -3.537692 ,  -3.1415846,  -3.803982 ]; [[19207.01183953,-2261.18949081,  374.78521398,   79.98815141,    250.68723046,  -21.8163931 ,  361.88940465,    9.68195115,    155.35396658,    1.66956564, -179.01690765, -249.13923825,   -302.98927674], [-2261.18949081, 2757.66416688, -616.12191737,  255.09223879,     58.54605401,  144.90243452, -109.10256122,  180.33119026,   -120.92353485,  -19.03183146,   11.40550032,    6.35688063,      6.83620746], [  374.78521398, -616.12191737,  627.96594278,   49.83026598,     46.68234829,    8.86772698,   69.18405424,   -3.97787926,     84.70360519,   -1.45548277,   -3.30747725,  -19.95825329,    -34.44463758], [   79.98815141,  255.09223879,   49.83026598,  325.00234315,     91.17580602,   62.39759317,   31.73195307,   70.69715798,     17.44832419,   22.57564864,  -16.34074243,  -15.47497008,    -27.96757047], [  250.68723046,   58.54605401,   46.68234829,   91.17580602,    202.59336625,   57.02701079,   73.90469727,   45.46674702,     36.49643545,   19.54765046,   -8.41488901,  -25.42164251,    -15.80752886], [  -21.8163931 ,  144.90243452,    8.86772698,   62.39759317,     57.02701079,  132.83394626,   53.47341295,   42.17477939,      4.6062418 ,   14.94181087,    7.44248455,   -5.47761106,     -3.19308437], [  361.88940465, -109.10256122,   69.18405424,   31.73195307,     73.90469727,   53.47341295,  182.81645254,   63.77318351,     11.38549996,   12.79907342,    6.15170341,  -18.94077196,    -16.27250485], [    9.68195115,  180.33119026,   -3.97787926,   70.69715798,     45.46674702,   42.17477939,   63.77318351,  130.72563451,     28.77080411,    8.33905781,   -6.84895884,   -9.94920819,    -13.92705266], [  155.35396658, -120.92353485,   84.70360519,   17.44832419,     36.49643545,    4.6062418 ,   11.38549996,   28.77080411,    107.03143452,   28.28491683,   -7.46319772,  -10.43806776,     -2.98720376], [    1.66956564,  -19.03183146,   -1.45548277,   22.57564864,     19.54765046,   14.94181087,   12.79907342,    8.33905781,     28.28491683,   75.86097811,   18.46224431,   -1.65675758,      7.02865883], [ -179.01690765,   11.40550032,   -3.30747725,  -16.34074243,     -8.41488901,    7.44248455,    6.15170341,   -6.84895884,     -7.46319772,   18.46224431,   78.38628689,   30.04654763,      6.36718345], [ -249.13923825,    6.35688063,  -19.95825329,  -15.47497008,    -25.42164251,   -5.47761106,  -18.94077196,   -9.94920819,    -10.43806776,   -1.65675758,   30.04654763,   68.90353341,     26.55419282], [ -302.98927674,    6.83620746,  -34.44463758,  -27.96757047,    -15.80752886,   -3.19308437,  -16.27250485,  -13.92705266,     -2.98720376,    7.02865883,    6.36718345,   26.55419282,     81.18647049]]
/root/sim/music/out/Van_Halen/The_Best_Of_Both_Worlds_[Disc_2]/03_Jamie's_Cryin'.mp3; [-537.48376   ,  86.021416  ,  -1.64479   ,  20.993664  ,  -3.777576  ,    6.412607  ,   4.606064  ,  -0.7812777 ,  -0.14446136,   4.0495753 ,   -2.0287013 ,  -1.5971147 ,  -2.0844958 ]; [[17744.69097214,  934.09555167, -118.85617918,   86.54254619,   -113.07353181,   79.16848402,   47.65287405,  -17.90405769,   -121.54222857,   46.80827689,  -61.5318251 , -155.5314427 ,   -123.34716089], [  934.09555167,  681.30476184,   11.4554885 ,   74.07597558,     -7.02817852,   38.10011632,   75.49263104,   22.92947545,     28.19853141,   10.41548764,    7.58876203,  -16.08944837,    -31.37310047], [ -118.85617918,   11.4554885 ,  463.57955924,   49.58835826,     86.51229826,   48.64301544,   -6.89209752,   72.00298752,     28.14155754,    7.700092  ,   21.51507796,    6.24576098,     11.54080289], [   86.54254619,   74.07597558,   49.58835826,  197.9166955 ,     69.47995468,    5.4573324 ,  -11.05931437,    1.54626122,     24.96531071,    6.5617318 ,  -11.56827981,   17.70623917,     14.72311015], [ -113.07353181,   -7.02817852,   86.51229826,   69.47995468,    142.38303109,   53.29721594,   -4.98661357,    7.03334077,     36.98208768,   19.62001776,    0.62731676,   11.67398721,      7.05624226], [   79.16848402,   38.10011632,   48.64301544,    5.4573324 ,     53.29721594,  113.4992793 ,   43.41155659,   18.37805986,     14.41948535,   10.12595202,   14.46754361,   -2.53297073,    -10.12374962], [   47.65287405,   75.49263104,   -6.89209752,  -11.05931437,     -4.98661357,   43.41155659,  129.89829165,   49.81518254,     -0.23616066,   10.05520535,   26.49993218,    3.35509894,     -8.72927802], [  -17.90405769,   22.92947545,   72.00298752,    1.54626122,      7.03334077,   18.37805986,   49.81518254,   94.53245596,     50.76764633,   16.1797466 ,   10.80252485,    0.44741419,     -3.92118566], [ -121.54222857,   28.19853141,   28.14155754,   24.96531071,     36.98208768,   14.41948535,   -0.23616066,   50.76764633,    125.03098254,   46.96663723,   -1.94520571,    6.78161403,     -4.08516956], [   46.80827689,   10.41548764,    7.700092  ,    6.5617318 ,     19.62001776,   10.12595202,   10.05520535,   16.1797466 ,     46.96663723,   78.45718441,   32.56680622,    4.03960665,     -1.73302602], [  -61.5318251 ,    7.58876203,   21.51507796,  -11.56827981,      0.62731676,   14.46754361,   26.49993218,   10.80252485,     -1.94520571,   32.56680622,   70.93965666,   25.45659753,      2.93700928], [ -155.5314427 ,  -16.08944837,    6.24576098,   17.70623917,     11.67398721,   -2.53297073,    3.35509894,    0.44741419,      6.78161403,    4.03960665,   25.45659753,   64.36651621,     33.47313049], [ -123.34716089,  -31.37310047,   11.54080289,   14.72311015,      7.05624226,  -10.12374962,   -8.72927802,   -3.92118566,     -4.08516956,   -1.73302602,    2.93700928,   33.47313049,     61.57458878]]
/root/sim/music/out/Van_Halen/The_Best_Of_Both_Worlds_[Disc_2]/06_Why_Can't_This_Be_Love.mp3; [-539.2742    , 100.33428   ,  11.251263  ,  17.610601  ,   5.893918  ,    6.820482  ,   4.0256653 ,   1.6465453 ,   1.4598644 ,   2.0395572 ,    0.13006009,  -1.2700448 ,  -1.1083281 ]; [[26107.23068562,-1177.78563375,-1678.2850796 , -926.73045522,   -593.48620837, -317.74445557, -225.27968188, -298.32137164,   -132.19601975,  -72.40171118, -136.36116602, -183.24754411,   -151.68618   ], [-1177.78563375, 1319.88724307,  156.87814982,  135.31274164,     87.61359612,   55.51445673,   44.30020722,   27.77818089,     21.9210105 ,   11.34302818,   21.7152688 ,    9.25768068,    -17.7500975 ], [-1678.2850796 ,  156.87814982,  679.36467379,  170.16621429,    144.56923495,   43.93626885,   44.40636635,   44.59857614,     42.02872085,   22.9437143 ,   23.12144635,   33.61746467,     29.68621152], [ -926.73045522,  135.31274164,  170.16621429,  245.87443513,     97.46899654,   50.89589631,    7.04551073,   18.58115237,     28.56332568,    8.66861898,   -9.2746651 ,   18.25236582,     25.71227297], [ -593.48620837,   87.61359612,  144.56923495,   97.46899654,    158.14927127,   62.58738094,   25.4553666 ,   19.04301689,     32.56610887,   15.69589366,    3.64123671,    8.83388613,     15.98862195], [ -317.74445557,   55.51445673,   43.93626885,   50.89589631,     62.58738094,  103.54344654,   59.2570941 ,   30.3004065 ,     12.57248069,    9.4585677 ,    9.62496378,    5.49529907,     -2.28370973], [ -225.27968188,   44.30020722,   44.40636635,    7.04551073,     25.4553666 ,   59.2570941 ,  142.49480817,   54.97131079,     10.03762885,    1.60143482,   23.10021744,    3.68848108,     -6.38667775], [ -298.32137164,   27.77818089,   44.59857614,   18.58115237,     19.04301689,   30.3004065 ,   54.97131079,   81.56645425,     34.03030787,   10.21017646,    5.01537621,   -1.10008729,     -2.91888549], [ -132.19601975,   21.9210105 ,   42.02872085,   28.56332568,     32.56610887,   12.57248069,   10.03762885,   34.03030787,     88.33414595,   40.45607121,    4.67722242,   -1.26800815,      2.62550481], [  -72.40171118,   11.34302818,   22.9437143 ,    8.66861898,     15.69589366,    9.4585677 ,    1.60143482,   10.21017646,     40.45607121,   69.7119902 ,   30.45070264,    2.22912025,     -3.61305454], [ -136.36116602,   21.7152688 ,   23.12144635,   -9.2746651 ,      3.64123671,    9.62496378,   23.10021744,    5.01537621,      4.67722242,   30.45070264,   72.74816143,   24.72699791,     -3.530344  ], [ -183.24754411,    9.25768068,   33.61746467,   18.25236582,      8.83388613,    5.49529907,    3.68848108,   -1.10008729,     -1.26800815,    2.22912025,   24.72699791,   57.98096154,     27.98875685], [ -151.68618   ,  -17.7500975 ,   29.68621152,   25.71227297,     15.98862195,   -2.28370973,   -6.38667775,   -2.91888549,      2.62550481,   -3.61305454,   -3.530344  ,   27.98875685,     59.93645419]]
/root/sim/music/out/Van_Halen/The_Best_Of_Both_Worlds_[Disc_2]/10_Not_Enough.mp3; [-648.3804    , 137.20251   ,  -6.685599  ,  12.036447  ,   0.42308286,    5.436228  ,  -2.8487172 ,   0.39846027,  -2.124789  ,  -0.19617103,   -4.00526   ,  -2.0399077 ,  -1.4521301 ]; [[30481.96078588,-2846.15493069,  505.6161522 ,  942.59469762,    117.65290081,  658.57788843,  321.54587571,  502.66914014,    391.79660328,  325.88853964,  452.68855609,  270.23620976,    180.25960743], [-2846.15493069, 1939.85532507, -428.07499473,  -79.41560616,    -50.94396517,  -83.7271953 ,  -51.51194071, -134.63010145,   -120.1432929 ,  -98.32503066,  -68.78563318,  -42.10667485,    -64.56130049], [  505.6161522 , -428.07499473,  705.71751874,   70.05541082,    102.53732681,   68.41427547,  106.35034825,   29.01827244,     35.9873746 ,   40.75207669,   69.70655249,   32.03260079,     46.64499072], [  942.59469762,  -79.41560616,   70.05541082,  318.25178794,     88.24705454,   90.60332572,   26.97823057,   48.41829168,     28.93284839,   25.77495048,   12.04566566,   24.45894259,     30.99068855], [  117.65290081,  -50.94396517,  102.53732681,   88.24705454,    210.50013859,   74.76567489,   39.5955535 ,   32.35351116,     42.15880881,   12.73554763,    2.56767861,   13.8358428 ,     29.14743114], [  658.57788843,  -83.7271953 ,   68.41427547,   90.60332572,     74.76567489,  152.59535278,   67.52226574,   50.2568318 ,     28.67841539,   24.92108114,   37.84861775,   15.68655717,     27.57280585], [  321.54587571,  -51.51194071,  106.35034825,   26.97823057,     39.5955535 ,   67.52226574,  153.25776463,   52.68032827,     16.38654291,   21.45195997,   49.44578777,   -0.67517623,     10.74460904], [  502.66914014, -134.63010145,   29.01827244,   48.41829168,     32.35351116,   50.2568318 ,   52.68032827,  145.25841081,     58.96193273,   15.93321326,   22.4920378 ,   10.92830011,      0.19688548], [  391.79660328, -120.1432929 ,   35.9873746 ,   28.93284839,     42.15880881,   28.67841539,   16.38654291,   58.96193273,    114.37530599,   30.59293145,    4.98855069,   11.38165003,     12.45006266], [  325.88853964,  -98.32503066,   40.75207669,   25.77495048,     12.73554763,   24.92108114,   21.45195997,   15.93321326,     30.59293145,  100.92978671,   46.08684288,  -12.3847986 ,      3.1566496 ], [  452.68855609,  -68.78563318,   69.70655249,   12.04566566,      2.56767861,   37.84861775,   49.44578777,   22.4920378 ,      4.98855069,   46.08684288,  128.12224861,   22.71351158,     -3.83249874], [  270.23620976,  -42.10667485,   32.03260079,   24.45894259,     13.8358428 ,   15.68655717,   -0.67517623,   10.92830011,     11.38165003,  -12.3847986 ,   22.71351158,   96.50191991,     25.61345727], [  180.25960743,  -64.56130049,   46.64499072,   30.99068855,     29.14743114,   27.57280585,   10.74460904,    0.19688548,     12.45006266,    3.1566496 ,   -3.83249874,   25.61345727,     91.71240952]]
/root/sim/music/out/Van_Halen/The_Best_Of_Both_Worlds_[Disc_2]/01_Panama.mp3; [-519.4694   ,  95.9259   ,  10.023503 ,  19.888325 ,   8.499779 ,    7.259846 ,   6.540145 ,   2.1626258,   6.1201377,   1.407089 ,   -4.314962 ,  -2.074507 ,  -1.490529 ]; [[11021.07483889, -267.82133557, -107.18942671,   82.81832878,     36.32261044,   55.07116112,  -15.26080937,  -20.3365018 ,      4.3506359 ,   74.01993212,  -37.51850567,  -78.29043254,    -71.68445203], [ -267.82133557, 1015.84677795,   67.41136073,   61.82542565,     40.44561081,  -22.41907307,  -10.24148345,  -29.48434807,     33.21538983,  -34.76997896,   -1.19986825,   30.94738351,      2.42594609], [ -107.18942671,   67.41136073,  660.12789025,   89.39026944,    105.0507591 ,    4.10817593,  -32.60698609,   33.69805525,     -7.12492481,   12.81725743,   30.12689291,    3.28235924,      6.13526042], [   82.81832878,   61.82542565,   89.39026944,  209.14889549,     64.04551847,    2.60264045,  -14.8660921 ,  -15.76106694,     13.86488643,   -0.96707003,  -17.78250174,    2.44957359,     22.55517099], [   36.32261044,   40.44561081,  105.0507591 ,   64.04551847,    158.81418505,   43.01614718,  -16.24770822,   -3.34292628,     23.60158301,   -2.36333173,   -7.865577  ,   16.35035607,     11.03425228], [   55.07116112,  -22.41907307,    4.10817593,    2.60264045,     43.01614718,   82.67219613,   37.29987869,    9.68713653,     -2.8276603 ,    1.85004933,    7.06617981,    0.619719  ,     -5.67187689], [  -15.26080937,  -10.24148345,  -32.60698609,  -14.8660921 ,    -16.24770822,   37.29987869,  101.25960527,   39.16661199,     -3.97989268,    1.55591232,    9.20666726,   -7.94372189,     -8.3890946 ], [  -20.3365018 ,  -29.48434807,   33.69805525,  -15.76106694,     -3.34292628,    9.68713653,   39.16661199,   80.86115756,     20.56804046,    3.14879788,    3.43900247,   -6.50443697,     -8.86931598], [    4.3506359 ,   33.21538983,   -7.12492481,   13.86488643,     23.60158301,   -2.8276603 ,   -3.97989268,   20.56804046,     77.79192125,   20.19655433,   -5.37193756,    3.34521001,      6.38959152], [   74.01993212,  -34.76997896,   12.81725743,   -0.96707003,     -2.36333173,    1.85004933,    1.55591232,    3.14879788,     20.19655433,   71.7181134 ,   27.24795451,  -11.24811537,    -10.262478  ], [  -37.51850567,   -1.19986825,   30.12689291,  -17.78250174,     -7.865577  ,    7.06617981,    9.20666726,    3.43900247,     -5.37193756,   27.24795451,   67.39134617,   17.54382156,     -7.69680663], [  -78.29043254,   30.94738351,    3.28235924,    2.44957359,     16.35035607,    0.619719  ,   -7.94372189,   -6.50443697,      3.34521001,  -11.24811537,   17.54382156,   63.09521633,     28.47956587], [  -71.68445203,    2.42594609,    6.13526042,   22.55517099,     11.03425228,   -5.67187689,   -8.3890946 ,   -8.86931598,      6.38959152,  -10.262478  ,   -7.69680663,   28.47956587,     60.40514427]]
/root/sim/music/out/Van_Halen/The_Best_Of_Both_Worlds_[Disc_2]/14_Dance_The_Night_Away.mp3; [-566.0253    ,  92.230995  ,   0.1321039 ,  19.296251  ,  -1.3388301 ,    8.279812  ,  -2.4280732 ,  -0.88087034,   0.71753913,   3.499497  ,   -0.05361021,  -5.918274  ,  -1.654336  ]; [[28996.2688551 , 1812.55551579, -418.32993721,  187.87442501,   -140.47564241,  135.04388523,    8.09958474,   52.64221658,    136.84518543,  302.07336757,  -45.55938352, -356.32294647,   -214.22136118], [ 1812.55551579,  740.2838801 , -109.3444645 ,   46.7083321 ,    -40.32263371,   35.21075219,   33.39085475,  -10.80133834,      8.87874761,    5.90274318,   12.41513154,  -45.07490389,    -24.64882305], [ -418.32993721, -109.3444645 ,  429.94403696,   59.6778525 ,     47.38395778,   -2.8351849 ,  -23.66245674,   20.5746297 ,    -13.89521811,  -43.2176145 ,   -8.94056083,   14.93614163,     21.55958872], [  187.87442501,   46.7083321 ,   59.6778525 ,  172.58397932,     56.05855497,   -1.75293195,  -34.27467814,  -16.10911532,      9.15789947,   -0.34648594,  -19.27631373,  -13.05907058,     12.28091712], [ -140.47564241,  -40.32263371,   47.38395778,   56.05855497,    155.04476476,   53.24687532,   -5.73796405,   -3.78438919,      3.58302467,    8.93082593,  -12.87303905,    3.33685807,     -2.46028602], [  135.04388523,   35.21075219,   -2.8351849 ,   -1.75293195,     53.24687532,  121.44678162,   65.78616779,    9.88682288,     -5.82899548,   -5.3531618 ,    3.50597834,   -1.70771491,     -9.25055078], [    8.09958474,   33.39085475,  -23.66245674,  -34.27467814,     -5.73796405,   65.78616779,  136.00613601,   50.59687967,    -13.5658674 ,   -4.47589645,    8.13036046,    6.43868499,    -14.98037775], [   52.64221658,  -10.80133834,   20.5746297 ,  -16.10911532,     -3.78438919,    9.88682288,   50.59687967,   93.43409756,     25.65726112,   -0.27434173,    4.73963328,   12.33777613,      0.63567915], [  136.84518543,    8.87874761,  -13.89521811,    9.15789947,      3.58302467,   -5.82899548,  -13.5658674 ,   25.65726112,    101.43382174,   56.11664419,   12.12627599,   -4.73152325,      2.4497695 ], [  302.07336757,    5.90274318,  -43.2176145 ,   -0.34648594,      8.93082593,   -5.3531618 ,   -4.47589645,   -0.27434173,     56.11664419,  110.72304337,   31.33454178,   -6.7553771 ,    -19.01977279], [  -45.55938352,   12.41513154,   -8.94056083,  -19.27631373,    -12.87303905,    3.50597834,    8.13036046,    4.73963328,     12.12627599,   31.33454178,   79.14489166,   29.31846248,      4.92189207], [ -356.32294647,  -45.07490389,   14.93614163,  -13.05907058,      3.33685807,   -1.70771491,    6.43868499,   12.33777613,     -4.73152325,   -6.7553771 ,   29.31846248,   83.11580478,     38.77743564], [ -214.22136118,  -24.64882305,   21.55958872,   12.28091712,     -2.46028602,   -9.25055078,  -14.98037775,    0.63567915,      2.4497695 ,  -19.01977279,    4.92189207,   38.77743564,     94.2527256 ]]
/root/sim/music/out/Van_Halen/Van_Halen_II/06_Light_Up_The_Sky.mp3; [-519.3289    ,  84.105545  ,   2.2891364 ,  20.733898  ,   2.3968375 ,   10.853945  ,   1.7782251 ,   0.5898823 ,   1.862742  ,   3.9153562 ,   -0.82074296,  -2.4455469 ,  -0.27825758]; [[15687.71859225,  558.86092651, -546.61280221,  113.80792172,     21.28638648,  189.81454444,   67.92171158,   32.74656848,    -19.56422247,  118.90600646,    4.52574074,  -53.14607422,    -80.15009848], [  558.86092651,  911.425819  , -177.92966116,   -0.30318714,    -16.73825585,   13.80356721,   42.24903528,  -14.84820891,     12.81468773,   -0.47724254,   11.06880359,   10.86406222,     36.7512695 ], [ -546.61280221, -177.92966116,  657.0660348 ,   45.9376312 ,     20.35147994,   22.30169449,  -14.56825427,   53.52777888,     31.64676473,  -20.26111241,   36.19325321,   26.42059783,     28.82786111], [  113.80792172,   -0.30318714,   45.9376312 ,  225.44611757,     72.82209937,  -11.41851945,  -29.54915602,  -16.45296543,     10.47654638,   -4.78330445,  -12.98903607,   14.35090541,     19.01393327], [   21.28638648,  -16.73825585,   20.35147994,   72.82209937,    141.47605874,   32.91775561,   -3.20212052,   -3.44834901,      9.40434679,    9.90865237,   -4.44946454,    7.94748636,      4.38176373], [  189.81454444,   13.80356721,   22.30169449,  -11.41851945,     32.91775561,   94.10539902,   47.31826309,    7.34812801,     -6.71236262,   -2.02719683,    7.14448584,   -3.71509289,     -4.1787407 ], [   67.92171158,   42.24903528,  -14.56825427,  -29.54915602,     -3.20212052,   47.31826309,  115.78408376,   53.93691561,      9.17885819,    7.24621877,   13.48520427,    5.15392846,     -1.10632531], [   32.74656848,  -14.84820891,   53.52777888,  -16.45296543,     -3.44834901,    7.34812801,   53.93691561,   97.16014407,     37.6349175 ,   10.86932483,   14.73175401,   11.2632624 ,     -0.9488945 ], [  -19.56422247,   12.81468773,   31.64676473,   10.47654638,      9.40434679,   -6.71236262,    9.17885819,   37.6349175 ,     80.20936056,   36.93305061,    5.14509342,    6.18339784,      4.16425703], [  118.90600646,   -0.47724254,  -20.26111241,   -4.78330445,      9.90865237,   -2.02719683,    7.24621877,   10.86932483,     36.93305061,   77.76767489,   22.42527078,    3.14057314,     -1.5206264 ], [    4.52574074,   11.06880359,   36.19325321,  -12.98903607,     -4.44946454,    7.14448584,   13.48520427,   14.73175401,      5.14509342,   22.42527078,   61.21923007,   26.24940048,      3.76900983], [  -53.14607422,   10.86406222,   26.42059783,   14.35090541,      7.94748636,   -3.71509289,    5.15392846,   11.2632624 ,      6.18339784,    3.14057314,   26.24940048,   63.90066435,     30.70911378], [  -80.15009848,   36.7512695 ,   28.82786111,   19.01393327,      4.38176373,   -4.1787407 ,   -1.10632531,   -0.9488945 ,      4.16425703,   -1.5206264 ,    3.76900983,   30.70911378,     68.18280959]]
/root/sim/music/out/Van_Halen/Van_Halen_II/02_Dance_The_Night_Away.mp3; [-560.3254    ,  87.64965   ,  -1.4065882 ,  19.576012  ,  -2.3881428 ,    8.113834  ,  -2.4349487 ,  -0.62960494,   0.92564493,   3.8519094 ,    0.16278806,  -5.853583  ,  -1.8819904 ]; [[28044.78260112, 1615.73753364, -427.60245775,  263.70333888,   -121.58560938,  172.98740946,   51.08053743,  110.6318657 ,    184.25869864,  349.64896296,   24.45756912, -289.85661535,   -178.58318904], [ 1615.73753364,  709.42971781, -111.15959972,   39.36390717,    -37.85046858,   37.70657147,   39.27020697,   -5.89716591,     15.09832673,    9.87810345,   17.80626034,  -37.50959558,    -20.74731592], [ -427.60245775, -111.15959972,  424.62965732,   65.09409629,     45.02626683,   -5.10398415,  -24.47400726,   20.18844008,    -14.98441093,  -43.32504517,   -9.35401903,   14.35142575,     20.41279313], [  263.70333888,   39.36390717,   65.09409629,  174.28621712,     57.06613927,   -3.13587223,  -35.88104896,  -14.55947552,     11.50375945,    1.82493938,  -17.72595427,  -13.5018878 ,     12.82913892], [ -121.58560938,  -37.85046858,   45.02626683,   57.06613927,    155.09547479,   52.25616437,   -7.81124891,   -5.30055264,      2.14196506,    9.73194788,  -13.2048978 ,    2.13819594,     -3.01007087], [  172.98740946,   37.70657147,   -5.10398415,   -3.13587223,     52.25616437,  121.89891084,   66.72343514,    9.73287583,     -3.8775549 ,   -3.12383708,    4.14886807,   -1.53794986,     -9.12680505], [   51.08053743,   39.27020697,  -24.47400726,  -35.88104896,     -7.81124891,   66.72343514,  140.38471624,   52.80530713,    -13.31295555,   -4.89743557,    8.45543479,    5.49995065,    -15.45248126], [  110.6318657 ,   -5.89716591,   20.18844008,  -14.55947552,     -5.30055264,    9.73287583,   52.80530713,   96.37919285,     26.57352819,    0.32982815,    4.1420516 ,   12.16966577,      0.73605359], [  184.25869864,   15.09832673,  -14.98441093,   11.50375945,      2.14196506,   -3.8775549 ,  -13.31295555,   26.57352819,    102.78944717,   56.98889531,   12.73099827,   -5.41867253,      2.3238145 ], [  349.64896296,    9.87810345,  -43.32504517,    1.82493938,      9.73194788,   -3.12383708,   -4.89743557,    0.32982815,     56.98889531,  113.902646  ,   32.24527961,   -7.3680895 ,    -19.74026928], [   24.45756912,   17.80626034,   -9.35401903,  -17.72595427,    -13.2048978 ,    4.14886807,    8.45543479,    4.1420516 ,     12.73099827,   32.24527961,   78.8782654 ,   28.56540585,      3.0498361 ], [ -289.85661535,  -37.50959558,   14.35142575,  -13.5018878 ,      2.13819594,   -1.53794986,    5.49995065,   12.16966577,     -5.41867253,   -7.3680895 ,   28.56540585,   82.57539176,     38.97321106], [ -178.58318904,  -20.74731592,   20.41279313,   12.82913892,     -3.01007087,   -9.12680505,  -15.45248126,    0.73605359,      2.3238145 ,  -19.74026928,    3.0498361 ,   38.97321106,     94.70763426]]
/root/sim/music/out/Van_Halen/Van_Halen_II/01_You're_No_Good.mp3; [-619.6371    , 122.07297   ,  -0.13250159,  23.25764   ,   3.5111072 ,    9.990897  ,  -0.12708877,  -4.6965466 ,  -0.10654375,   0.8904459 ,   -1.7580446 ,  -2.3052437 ,  -4.275655  ]; [[32303.6501571 ,-3525.24916825,-1089.81354088, -247.93493021,  -1404.84898624, -140.11126522,  336.76376201,   49.57439956,    -58.71506922,  128.57343287,    4.87547938,   66.90859114,    209.707423  ], [-3525.24916825, 2729.38207947, -183.65840849,  -20.68301776,    195.53793561,  -17.43565206, -167.33737577,  -77.13713935,    -19.38977684,  -22.62780489,  -57.96499107,  -59.45665406,    -95.9735774 ], [-1089.81354088, -183.65840849, 1030.12421872,  237.1819775 ,    115.18028112,   69.80164838,   12.23875776,   95.60698341,     44.02465599,  -21.68817225,   50.27942443,    7.7005694 ,     39.21643838], [ -247.93493021,  -20.68301776,  237.1819775 ,  369.93408542,    120.95345989,   25.29818171,   13.49766107,   30.72744465,     55.53678157,   15.37912465,   12.90507396,   37.5615716 ,     22.1408561 ], [-1404.84898624,  195.53793561,  115.18028112,  120.95345989,    356.48256833,  152.89171242,   28.2137043 ,   22.75766392,     42.59842805,   36.29587202,   33.65521203,   -4.19911995,     -9.49607684], [ -140.11126522,  -17.43565206,   69.80164838,   25.29818171,    152.89171242,  199.35050204,   84.29199008,   35.59976793,     -1.16067127,   30.3438117 ,   33.15870039,  -15.70256676,     -8.15645073], [  336.76376201, -167.33737577,   12.23875776,   13.49766107,     28.2137043 ,   84.29199008,  160.84292061,   73.13588076,      8.21882471,   16.74728297,   27.95836611,    7.74391246,      4.83722988], [   49.57439956,  -77.13713935,   95.60698341,   30.72744465,     22.75766392,   35.59976793,   73.13588076,  120.28265133,     41.26513486,   17.12105804,   29.01653664,    8.09619849,      9.99818165], [  -58.71506922,  -19.38977684,   44.02465599,   55.53678157,     42.59842805,   -1.16067127,    8.21882471,   41.26513486,    126.09492064,   41.6657059 ,   15.01456964,   23.92077445,      9.79673785], [  128.57343287,  -22.62780489,  -21.68817225,   15.37912465,     36.29587202,   30.3438117 ,   16.74728297,   17.12105804,     41.6657059 ,  105.59599036,   54.58784514,    5.07139783,     -5.39806988], [    4.87547938,  -57.96499107,   50.27942443,   12.90507396,     33.65521203,   33.15870039,   27.95836611,   29.01653664,     15.01456964,   54.58784514,  113.86512683,   32.89035558,     -2.28676038], [   66.90859114,  -59.45665406,    7.7005694 ,   37.5615716 ,     -4.19911995,  -15.70256676,    7.74391246,    8.09619849,     23.92077445,    5.07139783,   32.89035558,   91.41576142,     44.4983692 ], [  209.707423  ,  -95.9735774 ,   39.21643838,   22.1408561 ,     -9.49607684,   -8.15645073,    4.83722988,    9.99818165,      9.79673785,   -5.39806988,   -2.28676038,   44.4983692 ,     86.46128141]]
/root/sim/music/out/Van_Halen/Van_Halen_II/03_Somebody_Get_Me_A_Doctor.mp3; [-529.5749    ,  78.408325  ,   0.12815309,  28.179262  ,   1.0473088 ,    9.099429  ,  -0.9276079 ,  -3.8396058 ,  -2.7493412 ,   3.4981027 ,   -0.5747374 ,  -1.8824404 ,  -1.5741096 ]; [[14676.52723488, 1221.61717547, -161.38499883,  268.20151006,     37.95748967,  329.9027475 ,   55.29498592,  -12.77013395,    -78.82957397,   11.66163   ,   38.94478027,  -42.17613683,    -92.68265633], [ 1221.61717547,  704.36439826, -100.93501599,   43.20217442,    -11.90015916,   81.23782557,   37.8482721 ,   58.82730208,     -0.93438514,   21.68734409,   -1.22771297,   10.76745792,    -56.79138779], [ -161.38499883, -100.93501599,  461.75617848,  206.10445661,     29.5707679 ,  -38.30547249,  -17.51125524,    4.48820472,     18.97226209,   -9.65361624,   10.1210041 ,   -6.88717034,     44.72340325], [  268.20151006,   43.20217442,  206.10445661,  333.70386451,     86.49403366,    2.89146417,  -31.32125845,   -8.83269468,     16.35019402,   16.97212992,   -2.89491959,   13.45846335,     41.5520988 ], [   37.95748967,  -11.90015916,   29.5707679 ,   86.49403366,    135.76281573,   53.83213409,   13.42877812,  -15.14329681,     12.40144487,    8.06386303,    9.20878922,    5.19132024,     11.00607113], [  329.9027475 ,   81.23782557,  -38.30547249,    2.89146417,     53.83213409,  136.28699204,   60.92346831,   18.71044873,    -10.27884883,    9.59618714,    5.87713918,   -4.98532803,    -23.90219841], [   55.29498592,   37.8482721 ,  -17.51125524,  -31.32125845,     13.42877812,   60.92346831,  112.76680064,   38.18975541,      7.76173411,   -0.5269163 ,   13.56437707,   -2.29584724,     -9.49143162], [  -12.77013395,   58.82730208,    4.48820472,   -8.83269468,    -15.14329681,   18.71044873,   38.18975541,   86.93251006,     31.7961862 ,    4.85167431,    1.45860012,    2.30406565,    -10.4688245 ], [  -78.82957397,   -0.93438514,   18.97226209,   16.35019402,     12.40144487,  -10.27884883,    7.76173411,   31.7961862 ,     90.01732081,   34.13851418,    2.35157811,   -4.19641007,      5.13968864], [   11.66163   ,   21.68734409,   -9.65361624,   16.97212992,      8.06386303,    9.59618714,   -0.5269163 ,    4.85167431,     34.13851418,   67.89974225,   17.71323827,   -4.12675062,     -2.38371191], [   38.94478027,   -1.22771297,   10.1210041 ,   -2.89491959,      9.20878922,    5.87713918,   13.56437707,    1.45860012,      2.35157811,   17.71323827,   57.57294838,   22.41169178,      2.95998353], [  -42.17613683,   10.76745792,   -6.88717034,   13.45846335,      5.19132024,   -4.98532803,   -2.29584724,    2.30406565,     -4.19641007,   -4.12675062,   22.41169178,   65.49209794,     28.47631186], [  -92.68265633,  -56.79138779,   44.72340325,   41.5520988 ,     11.00607113,  -23.90219841,   -9.49143162,  -10.4688245 ,      5.13968864,   -2.38371191,    2.95998353,   28.47631186,     77.23133716]]
/root/sim/music/out/Van_Halen/Van_Halen_II/08_DOA_.mp3; [-534.11383   ,  87.926     ,  -2.0457318 ,  22.957285  ,  -2.2751293 ,    5.454593  ,  -1.4786818 ,  -1.516629  ,   4.1022663 ,   5.1306815 ,   -2.2697105 ,  -0.87129897,  -3.7601285 ]; [[15387.08973858,  469.74401579,  241.69773995, -230.88498049,     11.15548702,  108.31380338,   -9.10205032, -103.61670708,    -81.12678996,  -37.09469784,   92.32015009,  -73.19671877,      5.02410986], [  469.74401579,  959.70293719, -306.40728271,  105.39586451,   -111.66090235,    5.43397388,  -45.13943676,  -18.43257333,     -1.43644084,   -5.06874471,  -60.97988865,   53.37907846,    -47.33547038], [  241.69773995, -306.40728271,  493.82716734,  -37.66181119,     80.28030062,  -27.75235488,   -1.09133674,   14.70234055,     21.86877859,   -5.54011171,   59.58473083,  -17.29373516,     54.91042371], [ -230.88498049,  105.39586451,  -37.66181119,  297.01151931,     43.86353498,   -5.59541712,  -30.09899196,    3.90605067,      5.94131994,   23.90289905,  -39.11010282,    7.05877812,     -4.24665312], [   11.15548702, -111.66090235,   80.28030062,   43.86353498,    164.93557263,   43.18390852,    9.94049665,   -7.22130901,     23.14204095,   11.45903069,   23.34669883,   -7.19233718,     17.1198134 ], [  108.31380338,    5.43397388,  -27.75235488,   -5.59541712,     43.18390852,   91.442771  ,   50.99179499,    8.19481594,     -8.96351465,    0.61654975,    5.32608612,   -1.17242866,     -2.99485895], [   -9.10205032,  -45.13943676,   -1.09133674,  -30.09899196,      9.94049665,   50.99179499,  131.13454309,   53.85839593,     -4.91761337,   -3.81657512,   17.57758211,   -1.50351336,      2.88900653], [ -103.61670708,  -18.43257333,   14.70234055,    3.90605067,     -7.22130901,    8.19481594,   53.85839593,   81.52278907,     21.02056555,   -2.13302705,    2.88079054,    1.9984257 ,     -0.61828019], [  -81.12678996,   -1.43644084,   21.86877859,    5.94131994,     23.14204095,   -8.96351465,   -4.91761337,   21.02056555,     81.47627403,   33.57999474,    6.13329395,   -0.30742274,      7.62365113], [  -37.09469784,   -5.06874471,   -5.54011171,   23.90289905,     11.45903069,    0.61654975,   -3.81657512,   -2.13302705,     33.57999474,   72.64370711,   24.54680724,   -4.12957474,     -1.6467897 ], [   92.32015009,  -60.97988865,   59.58473083,  -39.11010282,     23.34669883,    5.32608612,   17.57758211,    2.88079054,      6.13329395,   24.54680724,   71.96725726,   15.61873421,      8.91975859], [  -73.19671877,   53.37907846,  -17.29373516,    7.05877812,     -7.19233718,   -1.17242866,   -1.50351336,    1.9984257 ,     -0.30742274,   -4.12957474,   15.61873421,   64.64463463,     21.46901695], [    5.02410986,  -47.33547038,   54.91042371,   -4.24665312,     17.1198134 ,   -2.99485895,    2.88900653,   -0.61828019,      7.62365113,   -1.6467897 ,    8.91975859,   21.46901695,     61.23701964]]
