/root/sim/music/out/Unknown/Unknown/15_スカーレット(1).mp3; [-542.79004   , 157.05278   ,  -7.9667583 ,   3.4278092 ,   7.4285793 ,   -3.4433002 ,   6.4633703 ,   5.210711  ,  -1.6488693 ,   0.47211513,    0.57465744,  -4.75072   ,   0.7854855 ]; [[18956.03683325,  916.21156328,-1176.77801082, -545.62937475,    125.78906383, -188.99668701,  299.81654515,  243.433224  ,    -15.05197491,   65.15587785,    0.69563274, -306.96791063,    -86.49537404], [  916.21156328, 1125.81690072, -356.36792253,   20.95770396,    -55.31804345,  -52.9485382 ,    2.04825416,   10.96874328,    -27.27096307,  -26.57247912,    6.26711088,  -27.13201306,      0.37736069], [-1176.77801082, -356.36792253,  932.88474817,   98.97339101,    114.06912487,  151.22427554,   51.73573675,  -38.13579496,     76.30914642,   53.54489057,   11.11900494,  107.55289678,     34.96015514], [ -545.62937475,   20.95770396,   98.97339101,  186.32643532,     28.34217886,   13.12922942,   -7.42686845,    2.91698757,     29.48301313,    7.13306754,   -4.84656016,   19.60655884,     16.43428531], [  125.78906383,  -55.31804345,  114.06912487,   28.34217886,    227.96916973,   39.22846839,   55.70355183,   46.77592999,     37.81743928,   43.59025304,   24.34484387,   -2.59622349,     18.2469357 ], [ -188.99668701,  -52.9485382 ,  151.22427554,   13.12922942,     39.22846839,  181.0995315 ,   24.54977234,  -24.2349647 ,     30.52873002,   -5.99180394,   -5.41459509,   39.57785336,    -25.74847483], [  299.81654515,    2.04825416,   51.73573675,   -7.42686845,     55.70355183,   24.54977234,  131.63952555,   61.79143256,     -2.83894029,   24.93992416,   30.01296343,  -10.3588204 ,     15.47422752], [  243.433224  ,   10.96874328,  -38.13579496,    2.91698757,     46.77592999,  -24.2349647 ,   61.79143256,  107.13367034,     11.46078467,   20.19565974,   23.01988522,  -25.98707549,     20.93507982], [  -15.05197491,  -27.27096307,   76.30914642,   29.48301313,     37.81743928,   30.52873002,   -2.83894029,   11.46078467,     89.13190137,   26.1139356 ,   -7.10139614,   12.56806587,     -3.39097757], [   65.15587785,  -26.57247912,   53.54489057,    7.13306754,     43.59025304,   -5.99180394,   24.93992416,   20.19565974,     26.1139356 ,   83.6125906 ,   29.37487469,  -14.47948547,      9.09548611], [    0.69563274,    6.26711088,   11.11900494,   -4.84656016,     24.34484387,   -5.41459509,   30.01296343,   23.01988522,     -7.10139614,   29.37487469,   69.48125436,   -0.33364225,      6.28135615], [ -306.96791063,  -27.13201306,  107.55289678,   19.60655884,     -2.59622349,   39.57785336,  -10.3588204 ,  -25.98707549,     12.56806587,  -14.47948547,   -0.33364225,   78.55645757,      6.90362624], [  -86.49537404,    0.37736069,   34.96015514,   16.43428531,     18.2469357 ,  -25.74847483,   15.47422752,   20.93507982,     -3.39097757,    9.09548611,    6.28135615,    6.90362624,     68.4976671 ]]
/root/sim/music/out/Unknown/Unknown/05_日なたの窓に憧れて.mp3; [-543.6844   , 135.81242  , -23.014738 ,  20.415083 ,  -1.4555598,   -1.417711 ,   4.9006877,  -1.2924327,  -2.0300689,   3.9547873,    1.412668 ,  -0.7853946,  -1.3315371]; [[16328.70171703,  949.84357391, 1309.53417984,  884.92306876,    423.67659615,  137.36351239, -297.08249941,  -45.66115942,   -106.60032694, -470.54886697,   50.22517522,    7.43236685,   -127.76121188], [  949.84357391, 1265.2195898 , -163.51621003,  190.92282313,    113.06456426,   -3.15442485,   99.94218118,  -39.93055923,   -119.64617338,  -18.50612951,   25.4641889 ,   22.74419165,     -7.67857718], [ 1309.53417984, -163.51621003,  695.83274356,  129.84394645,    211.84102785,   98.42047957,  -28.79172896,  -20.94221151,    -87.51042323,  -81.83702176,  -18.28626696,   28.13693245,    -13.06367909], [  884.92306876,  190.92282313,  129.84394645,  333.60989296,    101.80371317,  116.84143309,   16.44312649,   11.84732402,     -3.99027924,  -71.6934506 ,   19.21198021,   32.94163217,     -5.97541617], [  423.67659615,  113.06456426,  211.84102785,  101.80371317,    208.73361041,   65.56137397,   10.60508175,  -17.03492189,    -60.57318505,  -33.26452207,  -13.2650582 ,   16.17985309,     -2.53977976], [  137.36351239,   -3.15442485,   98.42047957,  116.84143309,     65.56137397,  189.61384938,   74.73862306,   31.57026727,     -8.3781919 ,   -9.13563276,   14.4610248 ,   11.6924591 ,    -13.91972274], [ -297.08249941,   99.94218118,  -28.79172896,   16.44312649,     10.60508175,   74.73862306,  152.87051781,   41.66180222,      7.09818742,   40.97029191,   22.60788266,   20.09739138,      8.0608992 ], [  -45.66115942,  -39.93055923,  -20.94221151,   11.84732402,    -17.03492189,   31.57026727,   41.66180222,   94.7883075 ,     45.07085958,    5.70972047,    8.64984371,   -3.06644898,      4.64005759], [ -106.60032694, -119.64617338,  -87.51042323,   -3.99027924,    -60.57318505,   -8.3781919 ,    7.09818742,   45.07085958,    131.32131779,   40.64408458,   19.77870847,   -2.66937495,     16.34529364], [ -470.54886697,  -18.50612951,  -81.83702176,  -71.6934506 ,    -33.26452207,   -9.13563276,   40.97029191,    5.70972047,     40.64408458,  130.0842455 ,   20.53193285,   -2.69750003,      6.39348675], [   50.22517522,   25.4641889 ,  -18.28626696,   19.21198021,    -13.2650582 ,   14.4610248 ,   22.60788266,    8.64984371,     19.77870847,   20.53193285,   92.17155382,   42.98091674,     -4.08721155], [    7.43236685,   22.74419165,   28.13693245,   32.94163217,     16.17985309,   11.6924591 ,   20.09739138,   -3.06644898,     -2.66937495,   -2.69750003,   42.98091674,   87.76224937,     18.83923443], [ -127.76121188,   -7.67857718,  -13.06367909,   -5.97541617,     -2.53977976,  -13.91972274,    8.0608992 ,    4.64005759,     16.34529364,    6.39348675,   -4.08721155,   18.83923443,     74.60110654]]
/root/sim/music/out/Unknown/Unknown/13_チェリー.mp3; [-549.7147   , 133.03603  , -12.744069 ,  29.85198  ,   8.946827 ,   -6.5165405,   1.3559024,   5.9223957,  -1.6109731,   4.6499047,   -1.7180548,  -4.951654 ,  -0.911231 ]; [[18278.53591685,  911.7169649 , -733.1853488 ,  102.04342457,    -93.70008954, -158.49722128,   71.00163069,  230.71961589,    -46.44183746,  116.8511624 ,  -35.52242401, -233.20091676,    -63.28773501], [  911.7169649 , 1576.33633694, -373.91311763,  166.99685403,    130.33506153, -104.07843029,   55.61462674,   33.06895441,     -3.90105219,   60.67376024,   44.20987586,   18.17775201,     37.56630004], [ -733.1853488 , -373.91311763,  707.66277313,   61.7151245 ,     30.80129068,  106.7126978 ,   -1.14261915,  -26.42451846,     24.0811942 ,  -32.61139415,  -37.21830138,   13.04205491,    -13.88952588], [  102.04342457,  166.99685403,   61.7151245 ,  323.33784039,     85.70157582,   15.34666872,  -34.24425407,  -16.46259396,     41.43165672,   -6.70429557,  -22.64005681,   41.08042291,     10.91160071], [  -93.70008954,  130.33506153,   30.80129068,   85.70157582,    178.99746964,   10.69195164,  -17.13477555,  -13.67814749,      9.48159512,   13.47805882,   -2.21284626,    8.34340134,     14.5555341 ], [ -158.49722128, -104.07843029,  106.7126978 ,   15.34666872,     10.69195164,  177.66786455,   21.32626004,  -33.3211376 ,      6.36421064,  -22.49543412,   12.97392311,   16.51174369,    -32.17339032], [   71.00163069,   55.61462674,   -1.14261915,  -34.24425407,    -17.13477555,   21.32626004,  128.04074394,   62.96292048,     -6.6060155 ,    6.66749006,   17.61268295,   -5.73197652,     -6.41570997], [  230.71961589,   33.06895441,  -26.42451846,  -16.46259396,    -13.67814749,  -33.3211376 ,   62.96292048,  137.77401447,     27.61575239,   17.1441863 ,    6.90193686,  -12.82611508,     21.41344667], [  -46.44183746,   -3.90105219,   24.0811942 ,   41.43165672,      9.48159512,    6.36421064,   -6.6060155 ,   27.61575239,     99.03235757,   20.79764007,   -4.79985387,   11.46083985,      6.07761395], [  116.8511624 ,   60.67376024,  -32.61139415,   -6.70429557,     13.47805882,  -22.49543412,    6.66749006,   17.1441863 ,     20.79764007,  100.03042978,   30.29093782,  -18.40494661,      4.03427826], [  -35.52242401,   44.20987586,  -37.21830138,  -22.64005681,     -2.21284626,   12.97392311,   17.61268295,    6.90193686,     -4.79985387,   30.29093782,   82.97537283,   24.8546188 ,     -3.91055682], [ -233.20091676,   18.17775201,   13.04205491,   41.08042291,      8.34340134,   16.51174369,   -5.73197652,  -12.82611508,     11.46083985,  -18.40494661,   24.8546188 ,   92.90571529,     24.46844972], [  -63.28773501,   37.56630004,  -13.88952588,   10.91160071,     14.5555341 ,  -32.17339032,   -6.41570997,   21.41344667,      6.07761395,    4.03427826,   -3.91055682,   24.46844972,     77.04004025]]
/root/sim/music/out/Unknown/Unknown/11_ロビンソン(1).mp3; [-547.79456  , 133.78099  ,   5.6483192,  17.016342 ,   4.328588 ,  -13.280331 ,   1.3029768,   4.123548 ,  -2.9450178,   3.6072109,    0.3947094,   0.7972175,  -1.3361384]; [[20729.27862651,  700.37469339, -884.62401771,  370.03130645,    484.16872271,  172.12480429,  528.33163843,  603.323416  ,    261.96995757,  277.03445659,  151.64896357,   16.75333392,    -12.67938751], [  700.37469339, 1161.06727191, -175.87045875,  -20.68175343,    -76.97174638, -182.3528878 ,  -18.84584102,  -37.69053396,    -67.51919069,   12.75739493,    0.04118715,  -18.59359586,    -22.854534  ], [ -884.62401771, -175.87045875,  621.79176485,   77.14064562,    -15.03301996,  109.97873165,  -74.13505121,  -63.33049533,      5.59058407,  -31.86855912,  -34.59662887,   48.29529025,      0.27546288], [  370.03130645,  -20.68175343,   77.14064562,  284.16652153,    113.47743312,   43.57114463,   -1.42153743,   19.02897126,     38.30889762,   18.65552947,  -24.51508813,   23.82888451,     31.8634053 ], [  484.16872271,  -76.97174638,  -15.03301996,  113.47743312,    234.94032201,   29.54124079,   13.88472366,   15.24516485,     45.7237374 ,   34.36888738,   -3.8675534 ,   12.11965836,     16.61852892], [  172.12480429, -182.3528878 ,  109.97873165,   43.57114463,     29.54124079,  216.82338308,   41.28906882,   10.05209514,     27.7150409 ,   11.64508067,    4.37315106,   13.82435754,    -18.98940352], [  528.33163843,  -18.84584102,  -74.13505121,   -1.42153743,     13.88472366,   41.28906882,  156.96154629,   71.20438993,     -1.28182912,   30.68221414,   26.52435863,   -5.11954859,     -0.56702642], [  603.323416  ,  -37.69053396,  -63.33049533,   19.02897126,     15.24516485,   10.05209514,   71.20438993,  134.46176916,     33.813657  ,   -2.41104637,   10.81561665,   -1.17775052,      5.94512223], [  261.96995757,  -67.51919069,    5.59058407,   38.30889762,     45.7237374 ,   27.7150409 ,   -1.28182912,   33.813657  ,    103.0049561 ,   31.49904589,  -16.54044578,    4.22670293,     10.57585491], [  277.03445659,   12.75739493,  -31.86855912,   18.65552947,     34.36888738,   11.64508067,   30.68221414,   -2.41104637,     31.49904589,  110.20069219,   24.98223396,  -15.1622031 ,     -5.39664404], [  151.64896357,    0.04118715,  -34.59662887,  -24.51508813,     -3.8675534 ,    4.37315106,   26.52435863,   10.81561665,    -16.54044578,   24.98223396,   91.2733375 ,   16.57629018,    -17.8126017 ], [   16.75333392,  -18.59359586,   48.29529025,   23.82888451,     12.11965836,   13.82435754,   -5.11954859,   -1.17775052,      4.22670293,  -15.1622031 ,   16.57629018,   89.02416579,     24.13027627], [  -12.67938751,  -22.854534  ,    0.27546288,   31.8634053 ,     16.61852892,  -18.98940352,   -0.56702642,    5.94512223,     10.57585491,   -5.39664404,  -17.8126017 ,   24.13027627,     80.17999792]]
/root/sim/music/out/Unknown/Unknown/06_裸のままで.mp3; [-533.2403   , 116.17596  ,  -7.7610645,  33.037617 ,   5.740696 ,   -3.3688545,   4.2550797,   6.2021785,  -0.0017386,   4.388136 ,    0.6250982,  -5.6983876,  -2.871666 ]; [[16522.07255309,  753.2225359 , -720.75503421,  134.6854207 ,   -178.57440373, -388.78892316, -116.4305229 ,    8.18702959,     13.47572572,  162.06621201,  134.04582495, -136.18614163,     -2.26465301], [  753.2225359 , 1011.4735067 , -136.82178665,   77.50147606,     30.25548179,  -62.26594555,  157.57324021,    7.59314661,    -27.25644056,   20.9872536 ,   -0.56776613,  -26.11885981,    -17.16695163], [ -720.75503421, -136.82178665,  702.55045323,   -5.64585988,     45.43541446,  154.56710394,   28.5417367 ,   -3.60241709,     35.89465593,  -61.19070913,  -25.4778574 ,   22.67831353,    -22.03127401], [  134.6854207 ,   77.50147606,   -5.64585988,  359.0626991 ,     70.63366942,   40.37301289,  -78.91867047,   15.31431513,      5.47955453,   14.78834479,  -28.40714061,   45.97149128,      9.5925599 ], [ -178.57440373,   30.25548179,   45.43541446,   70.63366942,    187.64801573,   10.7997008 ,   22.24114817,   -7.77467372,     10.20994344,   12.40633052,  -10.79779115,    4.45177491,      6.41364071], [ -388.78892316,  -62.26594555,  154.56710394,   40.37301289,     10.7997008 ,  263.09182834,   -4.30014821,   25.45646712,      8.22024284,  -22.42593511,  -15.62844126,   19.22791612,    -29.19218733], [ -116.4305229 ,  157.57324021,   28.5417367 ,  -78.91867047,     22.24114817,   -4.30014821,  225.88691548,   36.81987623,    -19.08014486,   -8.8247865 ,   17.32068749,  -37.34754298,    -19.72770971], [    8.18702959,    7.59314661,   -3.60241709,   15.31431513,     -7.77467372,   25.45646712,   36.81987623,  102.5097839 ,     17.03415529,   -4.17482355,   -5.31440374,   -4.14278007,     -3.47150389], [   13.47572572,  -27.25644056,   35.89465593,    5.47955453,     10.20994344,    8.22024284,  -19.08014486,   17.03415529,     86.95089497,   22.34982855,   -5.1773688 ,    4.39410084,    -10.66977125], [  162.06621201,   20.9872536 ,  -61.19070913,   14.78834479,     12.40633052,  -22.42593511,   -8.8247865 ,   -4.17482355,     22.34982855,   94.91559426,   22.16493855,    1.41520391,     -9.23588624], [  134.04582495,   -0.56776613,  -25.4778574 ,  -28.40714061,    -10.79779115,  -15.62844126,   17.32068749,   -5.31440374,     -5.1773688 ,   22.16493855,   80.03578382,    8.75220284,    -10.82318738], [ -136.18614163,  -26.11885981,   22.67831353,   45.97149128,      4.45177491,   19.22791612,  -37.34754298,   -4.14278007,      4.39410084,    1.41520391,    8.75220284,   87.66010341,     23.02306157], [   -2.26465301,  -17.16695163,  -22.03127401,    9.5925599 ,      6.41364071,  -29.19218733,  -19.72770971,   -3.47150389,    -10.66977125,   -9.23588624,  -10.82318738,   23.02306157,     81.44866729]]
/root/sim/music/out/Unknown/Unknown/繧ｹ繝代・繧ｯ繝ｫ縲仙菅縺ｮ蜷阪・縲代ヵ繝ｫ繝舌・繧ｸ繝ｧ繝ｳ鬮倬浹雉ｪ.mp3; [-687.3378    , 159.71577   ,  -7.608517  ,   2.470838  , -14.225689  ,  -15.059913  ,  -7.927134  ,  -5.8904715 ,  -0.15432878,  -1.2248542 ,   -5.3300147 ,  -4.084578  ,  -3.620414  ]; [[23161.1143901 ,-3861.51469903,  425.79190708, 1533.15106854,   1176.15972017, 1487.39758314,  900.80144872,  443.6666961 ,    249.78766013,  198.24679059,   28.07185354,  -47.46198566,     -7.85693381], [-3861.51469903, 3908.51613931, -854.17078945, -381.62353013,   -374.94200907, -583.8571642 , -184.36717745,  -69.37780723,     12.90782028,   48.06675933,   12.86431408,   32.33007169,     28.91629194], [  425.79190708, -854.17078945, 1146.24761556,  298.49176245,    230.94382714,  271.94022185,   87.29767844,  218.48677562,     24.08895837,  115.72365964,   76.01885731,   35.68162758,     50.32284161], [ 1533.15106854, -381.62353013,  298.49176245,  821.24976623,    398.03474783,  302.91039073,  202.31702627,  263.58276712,    136.43092784,  144.41064798,   67.08640305,   77.484528  ,    117.64649127], [ 1176.15972017, -374.94200907,  230.94382714,  398.03474783,    516.99041624,  246.14082741,  149.3366316 ,  175.98110911,     78.34451677,  125.15522286,   49.13393501,   50.76452598,     89.66186848], [ 1487.39758314, -583.8571642 ,  271.94022185,  302.91039073,    246.14082741,  477.01630483,  212.72948907,  151.77335112,     47.97260016,   86.24837364,   88.23176985,    9.20685879,     33.02421346], [  900.80144872, -184.36717745,   87.29767844,  202.31702627,    149.3366316 ,  212.72948907,  314.74218392,  137.77001831,     32.92155086,   76.62407557,   70.35688289,   24.86581645,      8.53933316], [  443.6666961 ,  -69.37780723,  218.48677562,  263.58276712,    175.98110911,  151.77335112,  137.77001831,  293.67078135,     66.01095628,  135.26776624,   79.89815321,   32.59357846,     83.94251486], [  249.78766013,   12.90782028,   24.08895837,  136.43092784,     78.34451677,   47.97260016,   32.92155086,   66.01095628,    210.81012556,   67.87761072,   26.15217286,    9.78531728,     11.7461039 ], [  198.24679059,   48.06675933,  115.72365964,  144.41064798,    125.15522286,   86.24837364,   76.62407557,  135.26776624,     67.87761072,  222.86172413,   87.21108895,   47.20127198,     50.4988615 ], [   28.07185354,   12.86431408,   76.01885731,   67.08640305,     49.13393501,   88.23176985,   70.35688289,   79.89815321,     26.15217286,   87.21108895,  156.83654098,   45.78413178,     39.76694616], [  -47.46198566,   32.33007169,   35.68162758,   77.484528  ,     50.76452598,    9.20685879,   24.86581645,   32.59357846,      9.78531728,   47.20127198,   45.78413178,  124.40026643,     66.6783385 ], [   -7.85693381,   28.91629194,   50.32284161,  117.64649127,     89.66186848,   33.02421346,    8.53933316,   83.94251486,     11.7461039 ,   50.4988615 ,   39.76694616,   66.6783385 ,    173.54047555]]
/root/sim/music/out/Unknown/Unknown/03_魔女旅に出る.mp3; [-537.8054   , 134.56198  , -13.694124 ,  28.662273 ,  12.05277  ,   -6.4456177,   2.6233401,   0.9948942,  -2.2773361,   1.5791506,   -3.0768628,  -4.088415 ,  -1.9516636]; [[21778.42867475, 1772.25573576, -791.59088188,  341.52887897,     33.14473156, -174.29459933,   29.32351253,  192.2530046 ,    123.24960359,   73.60829583,  -89.09654793, -151.97155243,    -36.80704537], [ 1772.25573576,  887.55928351, -105.5597643 ,  102.06007001,     30.20002058,  -39.33834395,   38.81972632,  -14.65479992,    -48.44138292,   26.05576015,   -3.22242806,   -3.32438158,      6.82107494], [ -791.59088188, -105.5597643 ,  417.8607414 ,   52.01415257,     48.99516731,    8.96503867,   -9.17409505,  -55.7609472 ,     -5.05858358,    6.14170573,   -2.4045817 ,   36.85895327,     10.1447112 ], [  341.52887897,  102.06007001,   52.01415257,  186.51383921,     57.48098756,    7.43110568,  -28.70059826,    1.63881546,      4.47763988,  -11.85702635,  -20.62521158,   19.01479389,     17.59107628], [   33.14473156,   30.20002058,   48.99516731,   57.48098756,    121.94300109,   18.89294488,  -15.07407994,  -16.02346487,      0.49842961,   -1.65578931,   -6.55545008,    8.58212912,      4.06895926], [ -174.29459933,  -39.33834395,    8.96503867,    7.43110568,     18.89294488,  108.64489566,    7.59312574,    1.82884225,     -4.71354791,  -25.82752024,    4.59951382,    8.62830641,    -18.79344975], [   29.32351253,   38.81972632,   -9.17409505,  -28.70059826,    -15.07407994,    7.59312574,  104.76832063,   32.00306834,     -0.25041186,   15.05709072,    4.61169809,  -11.61130829,      1.70675677], [  192.2530046 ,  -14.65479992,  -55.7609472 ,    1.63881546,    -16.02346487,    1.82884225,   32.00306834,   86.84433722,     34.10020695,   -2.90916986,  -10.81243064,  -15.02075852,      2.53666975], [  123.24960359,  -48.44138292,   -5.05858358,    4.47763988,      0.49842961,   -4.71354791,   -0.25041186,   34.10020695,     75.5067921 ,   26.40049063,   -8.43511881,  -15.31930616,     -6.39595834], [   73.60829583,   26.05576015,    6.14170573,  -11.85702635,     -1.65578931,  -25.82752024,   15.05709072,   -2.90916986,     26.40049063,   84.94245688,   16.37441508,  -17.52692567,     -9.07565814], [  -89.09654793,   -3.22242806,   -2.4045817 ,  -20.62521158,     -6.55545008,    4.59951382,    4.61169809,  -10.81243064,     -8.43511881,   16.37441508,   62.75586251,   13.36654555,     -9.94025734], [ -151.97155243,   -3.32438158,   36.85895327,   19.01479389,      8.58212912,    8.62830641,  -11.61130829,  -15.02075852,    -15.31930616,  -17.52692567,   13.36654555,   69.3204182 ,     15.89395474], [  -36.80704537,    6.82107494,   10.1447112 ,   17.59107628,      4.06895926,  -18.79344975,    1.70675677,    2.53666975,     -6.39595834,   -9.07565814,   -9.94025734,   15.89395474,     61.64651697]]
/root/sim/music/out/Unknown/Unknown/09_青い車.mp3; [-535.93274  , 142.91957  , -11.174542 ,  23.531843 ,  -5.7842965,    1.3822117,   5.2709684,   8.943296 ,  -2.2915204,   0.5782446,   -1.9218776,  -1.7705467,  -2.4218082]; [[19582.19193024,  760.03320536,-1375.49554435, -263.01932872,   -571.55777575, -236.93796693,   84.3286315 ,  255.47611345,    -24.96450426,    3.07756292, -134.82291597, -281.29826403,   -233.58932265], [  760.03320536, 1214.37286131, -277.25854415,  117.91572876,    -60.22939368,   -1.31940505,   27.32435615,   21.69407841,    -21.4789126 ,    4.45272318,  -30.35157076,   28.76291839,    -13.87767808], [-1375.49554435, -277.25854415,  607.6339269 ,  -30.11108754,     83.72275437,    8.83866946,  -43.09298262,  -47.8751206 ,      6.45949867,    0.31817537,   28.0047427 ,   46.78473601,     50.29349262], [ -263.01932872,  117.91572876,  -30.11108754,  252.71056942,     39.59231842,   13.99601001,  -26.54920126,   -5.57317661,     33.04842105,  -12.32775616,  -26.63869884,   18.43075387,     16.64285123], [ -571.55777575,  -60.22939368,   83.72275437,   39.59231842,    150.79463952,    7.79273527,  -15.92081047,  -10.36646439,      4.16719668,   16.0782252 ,    4.98319676,    0.34083668,     13.32684957], [ -236.93796693,   -1.31940505,    8.83866946,   13.99601001,      7.79273527,  126.43524111,   30.55494403,  -14.03313764,      3.60816719,   -6.65546944,   -1.90461799,   11.57651436,    -16.18836616], [   84.3286315 ,   27.32435615,  -43.09298262,  -26.54920126,    -15.92081047,   30.55494403,  103.44608465,   30.79775825,    -21.33002906,   -3.01597163,    7.70536994,   -3.60770218,     -6.73208313], [  255.47611345,   21.69407841,  -47.8751206 ,   -5.57317661,    -10.36646439,  -14.03313764,   30.79775825,   81.75990209,      4.44720402,   -2.17678722,   -2.75700686,  -12.24927401,     -3.79820321], [  -24.96450426,  -21.4789126 ,    6.45949867,   33.04842105,      4.16719668,    3.60816719,  -21.33002906,    4.44720402,     99.79858139,    9.73968118,  -28.771471  ,    1.11895226,     -5.70900517], [    3.07756292,    4.45272318,    0.31817537,  -12.32775616,     16.0782252 ,   -6.65546944,   -3.01597163,   -2.17678722,      9.73968118,   57.98006502,   13.21614913,   -9.81962077,     -6.69419944], [ -134.82291597,  -30.35157076,   28.0047427 ,  -26.63869884,      4.98319676,   -1.90461799,    7.70536994,   -2.75700686,    -28.771471  ,   13.21614913,   70.35504216,   11.01614694,      4.60386381], [ -281.29826403,   28.76291839,   46.78473601,   18.43075387,      0.34083668,   11.57651436,   -3.60770218,  -12.24927401,      1.11895226,   -9.81962077,   11.01614694,   67.45311663,     18.98074227], [ -233.58932265,  -13.87767808,   50.29349262,   16.64285123,     13.32684957,  -16.18836616,   -6.73208313,   -3.79820321,     -5.70900517,   -6.69419944,    4.60386381,   18.98074227,     63.75969905]]
/root/sim/music/out/Unknown/Unknown/14_渚.mp3; [-573.07477  , 159.82481  , -14.658352 ,  20.56332  ,   7.701264 ,   -5.1234136,   2.052495 ,  -5.906898 ,  -4.3078346,  -4.2756257,   -5.5475435,  -9.430809 ,  -3.0870814]; [[23630.34145749, 1143.65478912, -867.38756098,  -84.44488768,   -150.92153106, -350.32817514,  235.31129139,  -35.27724472,     39.99704295,   13.98194955,  187.76915707, -228.29319289,     87.79843521], [ 1143.65478912, 1422.46865748, -289.4294953 ,  220.68655406,      6.60631885,    8.3205835 ,  -26.94499374,  -35.84228164,    -32.14688297,  -35.56894855,  -79.73587174,  -25.37927018,    -46.74260192], [ -867.38756098, -289.4294953 ,  557.62391106,  -23.98894847,     55.08607534,   75.94031966,   -9.39486709,    9.01934542,      4.49392968,   14.78857047,  -10.40506808,   54.20828517,     10.64869158], [  -84.44488768,  220.68655406,  -23.98894847,  307.03784544,    -29.73521804,  119.90701716,  -18.91131465,   15.19449125,     32.68564628,   -7.81900502,  -26.01364127,   46.3736383 ,    -19.75174076], [ -150.92153106,    6.60631885,   55.08607534,  -29.73521804,    172.79172345,  -12.12997749,    1.96498608,   19.93550884,     21.42790859,   15.40271035,   -9.99713461,  -23.84458473,     12.25436469], [ -350.32817514,    8.3205835 ,   75.94031966,  119.90701716,    -12.12997749,  254.95071648,   -9.83477336,   32.93408339,     44.5567118 ,   -3.83935636,  -15.07964233,   46.7067013 ,    -34.53376328], [  235.31129139,  -26.94499374,   -9.39486709,  -18.91131465,      1.96498608,   -9.83477336,  133.06272385,   25.44970005,     -8.2122539 ,   12.47588694,   29.10131285,   -1.88723762,      4.29122147], [  -35.27724472,  -35.84228164,    9.01934542,   15.19449125,     19.93550884,   32.93408339,   25.44970005,  117.07573475,     41.22466859,    7.38220238,   21.60473783,  -10.23588858,      7.65051329], [   39.99704295,  -32.14688297,    4.49392968,   32.68564628,     21.42790859,   44.5567118 ,   -8.2122539 ,   41.22466859,    100.7740168 ,   23.43235824,    5.27633271,    8.4966368 ,      1.84000139], [   13.98194955,  -35.56894855,   14.78857047,   -7.81900502,     15.40271035,   -3.83935636,   12.47588694,    7.38220238,     23.43235824,   81.90276708,   30.41849356,   -4.84998915,      4.36347591], [  187.76915707,  -79.73587174,  -10.40506808,  -26.01364127,     -9.99713461,  -15.07964233,   29.10131285,   21.60473783,      5.27633271,   30.41849356,   86.20336557,    5.86083532,      8.80813319], [ -228.29319289,  -25.37927018,   54.20828517,   46.3736383 ,    -23.84458473,   46.7067013 ,   -1.88723762,  -10.23588858,      8.4966368 ,   -4.84998915,    5.86083532,   88.88172273,      6.07845375], [   87.79843521,  -46.74260192,   10.64869158,  -19.75174076,     12.25436469,  -34.53376328,    4.29122147,    7.65051329,      1.84000139,    4.36347591,    8.80813319,    6.07845375,     67.14543067]]
/root/sim/music/out/Unknown/Unknown/07_君が思い出になる前に.mp3; [-568.042     , 140.1173    ,  -4.1242757 ,  38.43063   ,   2.65841   ,   -5.1536965 ,   5.3334885 ,   6.412766  ,  -0.59432256,   3.1127915 ,    2.8550272 ,  -5.44202   ,  -4.79594   ]; [[17504.97064373,  336.09275843,-1069.12552524, -593.73826241,   -544.48579117, -464.6473471 ,  -86.63362706,   56.26881195,     -6.17979319,  155.39778164,  114.18160152, -118.13961482,    -74.52911541], [  336.09275843, 1405.95552308, -391.52072376,  225.59928953,    -15.11958093,  -92.91152105,   95.63644357,   45.98872595,    -42.35113975,   16.32713776,   13.42681458,  -31.09322276,      6.75292776], [-1069.12552524, -391.52072376,  772.64664489,  -12.55930245,     85.24833921,  130.89815004,  -13.01589514,  -27.51805624,     30.03041038,  -12.98098074,  -34.82225237,   33.22226189,     34.96435676], [ -593.73826241,  225.59928953,  -12.55930245,  674.5184842 ,    151.17466412,   52.2661988 ,  -49.85643874,  -13.95193014,     19.84521054,  -74.03175232,  -15.88564775,   38.96860397,    -14.70478701], [ -544.48579117,  -15.11958093,   85.24833921,  151.17466412,    227.14386819,    2.35155699,  -21.81563289,  -23.97541281,      8.40042988,   -3.35499399,  -27.15529077,   -0.34448905,      9.60594027], [ -464.6473471 ,  -92.91152105,  130.89815004,   52.2661988 ,      2.35155699,  258.38542886,  -13.06634479,   20.78333082,     17.94784644,  -46.58784572,    0.32702588,   20.69269594,    -45.43145272], [  -86.63362706,   95.63644357,  -13.01589514,  -49.85643874,    -21.81563289,  -13.06634479,  134.5802384 ,   33.44332135,    -21.75729284,   17.89875121,   13.15981589,   -9.83322387,      6.61518734], [   56.26881195,   45.98872595,  -27.51805624,  -13.95193014,    -23.97541281,   20.78333082,   33.44332135,  107.12773273,      6.97176405,   -7.00946318,    9.01776955,   -8.83364162,     -6.09428595], [   -6.17979319,  -42.35113975,   30.03041038,   19.84521054,      8.40042988,   17.94784644,  -21.75729284,    6.97176405,    102.0078791 ,   20.1528608 ,   -7.2963875 ,   -0.92667056,    -12.21119301], [  155.39778164,   16.32713776,  -12.98098074,  -74.03175232,     -3.35499399,  -46.58784572,   17.89875121,   -7.00946318,     20.1528608 ,  104.96514574,   10.38522682,  -16.26581591,      7.39297387], [  114.18160152,   13.42681458,  -34.82225237,  -15.88564775,    -27.15529077,    0.32702588,   13.15981589,    9.01776955,     -7.2963875 ,   10.38522682,   82.7409033 ,   13.34055418,    -12.07006232], [ -118.13961482,  -31.09322276,   33.22226189,   38.96860397,     -0.34448905,   20.69269594,   -9.83322387,   -8.83364162,     -0.92667056,  -16.26581591,   13.34055418,   74.12676646,      8.82405088], [  -74.52911541,    6.75292776,   34.96435676,  -14.70478701,      9.60594027,  -45.43145272,    6.61518734,   -6.09428595,    -12.21119301,    7.39297387,  -12.07006232,    8.82405088,     80.59729616]]
/root/sim/music/out/Unknown/Unknown/04_惑星のかけら.mp3; [-546.1615    , 130.26025   , -20.280596  ,  30.648197  ,  -0.06102427,    5.3189793 ,  12.434873  ,   5.5062857 ,   7.3517637 ,   1.0209389 ,    2.5003111 ,   2.9614851 ,   1.2553152 ]; [[18115.2228027 ,  315.87126332,  494.86499255,  590.56582933,    -34.86782859,  -63.09835377,   84.09284103,  594.88715478,    146.2905698 , -343.60747926, -362.68614026,  -87.45191837,     78.99926829], [  315.87126332, 1629.00328951, -220.93871767,  316.40104997,    -10.80726128,  -38.29744162,   86.64873872,  -87.8415864 ,     41.9789441 ,  -25.05188677,  -61.84824135,  -13.93274173,     52.39331721], [  494.86499255, -220.93871767, 1039.01489653, -204.64070763,    331.95134341,  -14.80856727,  -10.21672735,   15.49001815,    -66.92684077,  127.64830535,  -84.42314822,   -7.86029418,     20.46488599], [  590.56582933,  316.40104997, -204.64070763,  406.38559583,     18.08059319,   88.02428216,   39.6162049 ,   19.63421191,     71.33323755,  -72.15386507,   -6.22727855,   18.24754954,     36.64230503], [  -34.86782859,  -10.80726128,  331.95134341,   18.08059319,    263.46191568,   48.51417815,   39.82458142,   -8.68696677,    -13.27455754,   45.73211288,  -34.37023015,   -1.33636166,      7.84547553], [  -63.09835377,  -38.29744162,  -14.80856727,   88.02428216,     48.51417815,  176.33572156,   55.50980465,   53.21657488,     14.37811792,  -31.0835491 ,    1.02250109,   -5.61755283,      0.83088626], [   84.09284103,   86.64873872,  -10.21672735,   39.6162049 ,     39.82458142,   55.50980465,  119.10099685,   48.6357292 ,     13.95075834,    0.68612397,   -7.01114164,   -6.38601699,      4.14846836], [  594.88715478,  -87.8415864 ,   15.49001815,   19.63421191,     -8.68696677,   53.21657488,   48.6357292 ,  132.02107023,     32.76008697,  -15.65652107,  -14.53273459,  -13.19442514,      0.87071769], [  146.2905698 ,   41.9789441 ,  -66.92684077,   71.33323755,    -13.27455754,   14.37811792,   13.95075834,   32.76008697,     84.471961  ,    2.69181405,    6.89267087,   -0.8299531 ,      3.23397599], [ -343.60747926,  -25.05188677,  127.64830535,  -72.15386507,     45.73211288,  -31.0835491 ,    0.68612397,  -15.65652107,      2.69181405,  120.53673855,   26.9522526 ,    6.8842587 ,    -14.02964683], [ -362.68614026,  -61.84824135,  -84.42314822,   -6.22727855,    -34.37023015,    1.02250109,   -7.01114164,  -14.53273459,      6.89267087,   26.9522526 ,   91.71230568,   31.93203774,    -10.21389007], [  -87.45191837,  -13.93274173,   -7.86029418,   18.24754954,     -1.33636166,   -5.61755283,   -6.38601699,  -13.19442514,     -0.8299531 ,    6.8842587 ,   31.93203774,   65.73336069,     22.12597545], [   78.99926829,   52.39331721,   20.46488599,   36.64230503,      7.84547553,    0.83088626,    4.14846836,    0.87071769,      3.23397599,  -14.02964683,  -10.21389007,   22.12597545,     65.55208663]]
/root/sim/music/out/Unknown/Unknown/08_空も飛べるはず.mp3; [-533.3324    , 141.28867   ,   3.3942513 ,  28.222885  ,   6.0500803 ,    0.8683838 ,   0.26280054,   9.664288  ,   6.5719843 ,   0.19565882,   -0.26822463,  -1.4660815 ,   0.9460428 ]; [[14819.2193948 ,  147.93322899,-1004.43937145, -390.88671799,   -421.44049167, -415.30111102, -261.97947017,   91.59922619,    196.91209401,   24.59747102,   34.37569135, -118.12255249,   -117.10116386], [  147.93322899,  988.88932982, -347.85343032,   56.55872328,    -43.18071429,  -64.94885892,   -9.02290869,   47.63285813,    -19.3972314 ,   12.66729454,  -17.55339973,  -22.56362804,     19.27334761], [-1004.43937145, -347.85343032,  610.88603903,   -7.34603241,     91.11419595,  102.83637543,   34.79048277,  -46.73199838,    -25.36416035,  -11.64872739,    7.8525609 ,   33.13574347,      7.07389522], [ -390.88671799,   56.55872328,   -7.34603241,  290.30764583,     59.3374388 ,  -10.7877453 ,  -12.87349819,  -30.81437456,     18.89895287,  -21.43614136,  -45.61933137,   35.36691337,     25.20229667], [ -421.44049167,  -43.18071429,   91.11419595,   59.3374388 ,    138.99664095,   26.6197532 ,  -13.06020772,  -14.64273377,      3.86738603,   -4.52592751,   -1.32017656,    7.08815494,     14.51041174], [ -415.30111102,  -64.94885892,  102.83637543,  -10.7877453 ,     26.6197532 ,  139.31454634,   59.0310098 ,   -9.89922509,    -26.61773351,    8.88837843,   15.7035182 ,   -0.48729752,    -26.94699439], [ -261.97947017,   -9.02290869,   34.79048277,  -12.87349819,    -13.06020772,   59.0310098 ,  123.77372725,   21.23053266,    -25.19607666,   -1.20367478,    3.7680903 ,   17.10916588,    -13.88725172], [   91.59922619,   47.63285813,  -46.73199838,  -30.81437456,    -14.64273377,   -9.89922509,   21.23053266,  101.45113655,     15.36501581,   -2.36872046,    1.46227234,  -11.36899374,      6.44550739], [  196.91209401,  -19.3972314 ,  -25.36416035,   18.89895287,      3.86738603,  -26.61773351,  -25.19607666,   15.36501581,     82.61723508,   14.6867913 ,  -12.28309991,    3.09164086,      7.23855861], [   24.59747102,   12.66729454,  -11.64872739,  -21.43614136,     -4.52592751,    8.88837843,   -1.20367478,   -2.36872046,     14.6867913 ,   81.60616848,   29.36923141,   -7.76584008,    -30.71000224], [   34.37569135,  -17.55339973,    7.8525609 ,  -45.61933137,     -1.32017656,   15.7035182 ,    3.7680903 ,    1.46227234,    -12.28309991,   29.36923141,   92.50923501,    0.42644208,    -21.39894252], [ -118.12255249,  -22.56362804,   33.13574347,   35.36691337,      7.08815494,   -0.48729752,   17.10916588,  -11.36899374,      3.09164086,   -7.76584008,    0.42644208,   77.63147524,     20.72512825], [ -117.10116386,   19.27334761,    7.07389522,   25.20229667,     14.51041174,  -26.94699439,  -13.88725172,    6.44550739,      7.23855861,  -30.71000224,  -21.39894252,   20.72512825,     85.4083824 ]]
/root/sim/music/out/Unknown/Unknown/_AIR___________.mp3; [-543.43634   ,  90.33889   ,   5.1113853 ,  27.230799  ,  -1.1891341 ,    5.2469187 ,   3.4619355 ,   2.2665265 ,  -1.551402  ,   1.6233604 ,   -2.5014865 ,   0.84521955,  -0.43080232]; [[14091.06965609,-1192.08535845,  443.92532697,  515.41789424,    346.10949778,  334.25585019,  232.60236214,  116.42493905,     58.16129884,  233.26339894,  120.30674081,  -14.12498128,     98.27025275], [-1192.08535845,  948.78000923, -222.16656609,  -30.4864537 ,    -84.19264009,  -77.14677083,   -2.39177671,  -38.36953802,     -7.00672768,  -16.63191072,  -54.45235039,    9.42971857,    -21.87240782], [  443.92532697, -222.16656609,  353.67656493,   38.2986737 ,     63.28183999,   56.39803573,  -19.43049856,   17.71710659,     18.07820395,   -0.91191183,   37.67909769,    9.71375399,     -0.2055962 ], [  515.41789424,  -30.4864537 ,   38.2986737 ,  192.96661977,     73.96847148,  -13.09732165,   11.91231069,   25.67516446,     17.58036132,    8.22158902,   20.19688499,   31.46785281,      1.60280776], [  346.10949778,  -84.19264009,   63.28183999,   73.96847148,    163.98262335,   35.37906398,    1.97157376,   19.39327416,     23.20150645,    8.54014123,   23.11087213,   18.73721404,      0.97651124], [  334.25585019,  -77.14677083,   56.39803573,  -13.09732165,     35.37906398,  172.15394715,   30.55108036,   20.59191958,     16.21951976,   20.48416358,   28.09204257,   -9.7318661 ,      9.21015297], [  232.60236214,   -2.39177671,  -19.43049856,   11.91231069,      1.97157376,   30.55108036,  150.88360335,   21.59856473,     12.03658829,   54.1319974 ,   -3.25551504,   -0.82271606,     30.67720214], [  116.42493905,  -38.36953802,   17.71710659,   25.67516446,     19.39327416,   20.59191958,   21.59856473,   87.66973863,     36.29922123,    3.27210919,    6.78277472,    5.86799081,      5.95989564], [   58.16129884,   -7.00672768,   18.07820395,   17.58036132,     23.20150645,   16.21951976,   12.03658829,   36.29922123,     75.40380104,   26.48979756,    8.62918511,    3.38956199,      4.02561141], [  233.26339894,  -16.63191072,   -0.91191183,    8.22158902,      8.54014123,   20.48416358,   54.1319974 ,    3.27210919,     26.48979756,   93.61326127,   21.13952441,   -7.45917066,     16.6592183 ], [  120.30674081,  -54.45235039,   37.67909769,   20.19688499,     23.11087213,   28.09204257,   -3.25551504,    6.78277472,      8.62918511,   21.13952441,   79.18184649,   28.6605059 ,     -0.24242754], [  -14.12498128,    9.42971857,    9.71375399,   31.46785281,     18.73721404,   -9.7318661 ,   -0.82271606,    5.86799081,      3.38956199,   -7.45917066,   28.6605059 ,   70.61996869,     15.09113649], [   98.27025275,  -21.87240782,   -0.2055962 ,    1.60280776,      0.97651124,    9.21015297,   30.67720214,    5.95989564,      4.02561141,   16.6592183 ,   -0.24242754,   15.09113649,     63.15297208]]
