/root/sim/music/out/Nirvana/Nirvana_[Japan]/05_Smells_Like_Teen_Spirit.mp3; [-550.3449   , 102.98461  ,  -7.697171 ,  38.543236 ,  15.414511 ,   11.040727 ,   2.23917  ,   3.9004774,   5.338258 ,   5.088506 ,   -1.7013084,  -0.8788396,  -4.457163 ]; [[13512.84276852,-1865.25186999, -171.99995121,  -92.47076605,   -128.81906474,  314.03268482,   75.18439584,   56.1024763 ,    -97.68153953,  154.7380091 , -172.61227135, -136.75703139,    -19.51449848], [-1865.25186999, 1433.74169189, -420.55553644,   39.90124691,    -54.7774035 ,  -56.10173693,   11.22958314,   22.23346922,     14.39155935,  -42.92967128,   62.74713348,   33.38287778,     -2.54415793], [ -171.99995121, -420.55553644,  827.00180256,   28.12432391,    183.00347967,   88.78447318,   78.29497142,   34.11225474,     53.16579377,   44.99674278,   35.35924321,   24.4980169 ,     -2.61217356], [  -92.47076605,   39.90124691,   28.12432391,  407.09075318,     67.2744497 ,  -28.81476627,  -47.39494485,  -59.94953906,     17.61042761,  -21.49789827,   12.03503189,   13.65199624,     54.76441479], [ -128.81906474,  -54.7774035 ,  183.00347967,   67.2744497 ,    185.34613376,   51.18425859,   23.67907505,   12.185271  ,     30.30928394,   19.0497103 ,    3.68422985,    6.68751573,      6.57019153], [  314.03268482,  -56.10173693,   88.78447318,  -28.81476627,     51.18425859,  142.74686569,   82.81390428,   44.53012267,      4.57582328,   16.17774725,    0.57472018,   -7.95216529,    -11.16912038], [   75.18439584,   11.22958314,   78.29497142,  -47.39494485,     23.67907505,   82.81390428,  140.13022331,   63.05602938,      6.42586323,    2.11330675,    7.59435931,    0.5912284 ,     -3.54802958], [   56.1024763 ,   22.23346922,   34.11225474,  -59.94953906,     12.185271  ,   44.53012267,   63.05602938,  101.30369682,     17.21890666,   13.40994697,   -2.28127159,   -4.87702162,     -8.71429835], [  -97.68153953,   14.39155935,   53.16579377,   17.61042761,     30.30928394,    4.57582328,    6.42586323,   17.21890666,     80.02516173,   31.3303141 ,   11.81578556,    1.85057684,      0.00693864], [  154.7380091 ,  -42.92967128,   44.99674278,  -21.49789827,     19.0497103 ,   16.17774725,    2.11330675,   13.40994697,     31.3303141 ,   80.53620929,   26.94005741,   12.61173058,     -5.34133123], [ -172.61227135,   62.74713348,   35.35924321,   12.03503189,      3.68422985,    0.57472018,    7.59435931,   -2.28127159,     11.81578556,   26.94005741,   68.80015434,   32.17575397,      5.01716871], [ -136.75703139,   33.38287778,   24.4980169 ,   13.65199624,      6.68751573,   -7.95216529,    0.5912284 ,   -4.87702162,      1.85057684,   12.61173058,   32.17575397,   68.03670708,     29.90081712], [  -19.51449848,   -2.54415793,   -2.61217356,   54.76441479,      6.57019153,  -11.16912038,   -3.54802958,   -8.71429835,      0.00693864,   -5.34133123,    5.01716871,   29.90081712,     61.63178539]]
/root/sim/music/out/Nirvana/Nirvana_[Japan]/02_About_A_Girl.mp3; [-518.8656   ,  99.86108  ,   8.934575 ,  24.745197 ,  18.168911 ,   12.910854 ,  -2.7791555,  10.841286 ,   2.932645 ,  -2.3867595,   -6.584657 ,   1.6706648,  -5.1823206]; [[17146.33895386, -205.43481845,   12.14811868,   35.23452021,     99.33964929,  228.12304978,  -21.20831912,  180.41089805,    195.34464807,  166.08712328,   11.37648315,   29.23969497,    -50.56888011], [ -205.43481845, 1269.18794867, -493.45486556,  -21.97797921,     83.25521085, -103.43207131,  -48.2804904 ,   36.83584642,    -46.02780675,  -42.29762557,  -34.00972507,   34.14151571,    -65.11200347], [   12.14811868, -493.45486556,  733.05963803,   84.53261504,    -30.93756363,  117.18294008,   46.07434516,    6.65248279,     15.7637047 ,   30.1868949 ,   31.53143713,  -12.82788508,     54.47707978], [   35.23452021,  -21.97797921,   84.53261504,  278.44328004,    -25.95781963,   36.5823161 ,   12.28758427,  -33.9401107 ,      0.14111369,  -24.14769574,   -7.5195661 ,    4.23631632,     26.09576056], [   99.33964929,   83.25521085,  -30.93756363,  -25.95781963,    195.85395042,    4.53887098,    3.64561625,   48.8382921 ,      4.46456554,   -7.11104118,    0.63479633,   22.46590703,     10.85159357], [  228.12304978, -103.43207131,  117.18294008,   36.5823161 ,      4.53887098,  105.88191258,   30.08255895,   10.50496151,      9.20833358,    0.3639232 ,    5.61496246,   -5.21626857,     10.05557977], [  -21.20831912,  -48.2804904 ,   46.07434516,   12.28758427,      3.64561625,   30.08255895,   91.78665956,   17.30305267,     15.55865603,   18.4958388 ,   15.05708337,   -0.2918724 ,      7.40270011], [  180.41089805,   36.83584642,    6.65248279,  -33.9401107 ,     48.8382921 ,   10.50496151,   17.30305267,   89.84080905,      9.00053128,    7.55572362,   12.48767882,   12.26169456,      5.23153049], [  195.34464807,  -46.02780675,   15.7637047 ,    0.14111369,      4.46456554,    9.20833358,   15.55865603,    9.00053128,     73.34420833,   25.32431714,    6.09263066,   -2.90839768,      4.80751459], [  166.08712328,  -42.29762557,   30.1868949 ,  -24.14769574,     -7.11104118,    0.3639232 ,   18.4958388 ,    7.55572362,     25.32431714,   85.69268674,   31.81774872,   -0.38673118,     -7.23987696], [   11.37648315,  -34.00972507,   31.53143713,   -7.5195661 ,      0.63479633,    5.61496246,   15.05708337,   12.48767882,      6.09263066,   31.81774872,   71.86109211,   17.64814508,      3.81483707], [   29.23969497,   34.14151571,  -12.82788508,    4.23631632,     22.46590703,   -5.21626857,   -0.2918724 ,   12.26169456,     -2.90839768,   -0.38673118,   17.64814508,   52.83791615,     17.68686904], [  -50.56888011,  -65.11200347,   54.47707978,   26.09576056,     10.85159357,   10.05557977,    7.40270011,    5.23153049,      4.80751459,   -7.23987696,    3.81483707,   17.68686904,     54.41037213]]
/root/sim/music/out/Nirvana/Nirvana_[Japan]/12_Dumb.mp3; [-623.6886   , 140.69057  ,  22.668577 ,  34.02396  ,  10.958015 ,   15.720642 ,   5.172018 ,   7.7596445,   2.5503674,   8.665217 ,    1.1634187,   1.5211034,   0.3154341]; [[23785.72007419, 1538.37941702,   50.67317872,  262.46830223,   -373.55853271,  202.60805427, -162.02913233,   33.22516437,      9.2621167 ,  265.57079693, -161.67826351, -157.13554125,    -78.16992751], [ 1538.37941702, 2158.30110027, -119.1196025 ,   36.6828428 ,    194.54510924,   81.53295818,  111.00152726,  138.40328382,     -1.38826422,   -0.73402515,   -6.42369195,   29.68039389,     -1.01722024], [   50.67317872, -119.1196025 ,  348.42050562,  126.31119743,     42.39566946,   60.29345258,   -9.09584968,   18.33748219,     23.69292343,   -2.24025575,   30.48328573,   24.15474383,     16.9669339 ], [  262.46830223,   36.6828428 ,  126.31119743,  324.3364964 ,     84.59035389,   36.27440852,   22.68401283,   -8.48542761,     -1.98133013,    1.34280964,   23.84281185,   25.88727977,     23.25259049], [ -373.55853271,  194.54510924,   42.39566946,   84.59035389,    174.96164535,   56.39882139,  -10.76458716,    3.81456181,     -3.87285582,  -29.53808905,   13.5593259 ,   12.87410048,      9.56000554], [  202.60805427,   81.53295818,   60.29345258,   36.27440852,     56.39882139,  104.79795487,    9.20851875,    2.13336112,      0.5241901 ,  -12.86190086,    9.52999242,   13.24869142,      2.71787773], [ -162.02913233,  111.00152726,   -9.09584968,   22.68401283,    -10.76458716,    9.20851875,  128.70082862,   33.88649145,     10.81418015,    7.7580726 ,    7.29157056,    5.28801206,     -0.35459839], [   33.22516437,  138.40328382,   18.33748219,   -8.48542761,      3.81456181,    2.13336112,   33.88649145,   97.90177145,     26.78531978,   11.73767164,   10.03247726,    3.96478249,      5.53492754], [    9.2621167 ,   -1.38826422,   23.69292343,   -1.98133013,     -3.87285582,    0.5241901 ,   10.81418015,   26.78531978,     67.65030186,   33.50334307,   11.72864606,    7.01131024,      1.7126362 ], [  265.57079693,   -0.73402515,   -2.24025575,    1.34280964,    -29.53808905,  -12.86190086,    7.7580726 ,   11.73767164,     33.50334307,  100.32274178,   31.60859293,    4.0274857 ,      8.15546343], [ -161.67826351,   -6.42369195,   30.48328573,   23.84281185,     13.5593259 ,    9.52999242,    7.29157056,   10.03247726,     11.72864606,   31.60859293,   66.31827112,   23.96731951,     11.20343654], [ -157.13554125,   29.68039389,   24.15474383,   25.88727977,     12.87410048,   13.24869142,    5.28801206,    3.96478249,      7.01131024,    4.0274857 ,   23.96731951,   59.08889942,     21.67207297], [  -78.16992751,   -1.01722024,   16.9669339 ,   23.25259049,      9.56000554,    2.71787773,   -0.35459839,    5.53492754,      1.7126362 ,    8.15546343,   11.20343654,   21.67207297,     56.71141191]]
/root/sim/music/out/Nirvana/Nirvana_[Japan]/13_All_Apologies.mp3; [-630.9145   , 140.23026  ,   7.398635 ,  28.819996 ,   6.417991 ,    6.713972 ,  -3.6458962,   2.3300827,  -4.2088685,   1.3297181,   -9.741428 ,  -2.293855 ,  -7.959655 ]; [[14617.1489922 , -847.23215646, -434.73255217,   80.86655226,   -205.90066681, -110.55088097,   -8.29677858,  157.04733681,    -53.93326872,  343.77672018, -194.14938779,  -12.39026533,   -152.34251947], [ -847.23215646, 2445.12399498,  350.54735281,  474.59582651,    220.40796974,   80.88664993,   71.73715095,   34.97768248,    -62.28024088,  -90.41488419,  -11.22036345,  -35.00920679,     -9.91803156], [ -434.73255217,  350.54735281, 1057.23756896,  284.65123314,     18.97315121,  123.56112797,    4.73138082,   17.90620871,    -64.37329032,  -41.23068346,  -17.46100545,   13.01131435,    -28.62122938], [   80.86655226,  474.59582651,  284.65123314,  621.85164821,    170.53270061,   21.15250734,   15.47165304,  -97.67032701,     -6.13622314,  -19.12000276,  -24.61375062,   -8.30199177,     15.87555058], [ -205.90066681,  220.40796974,   18.97315121,  170.53270061,    215.82758815,   -6.49534942,   -0.79137353,  -45.17365339,     24.16758914,    6.52932642,  -10.60475965,   -2.70410597,     16.28488461], [ -110.55088097,   80.88664993,  123.56112797,   21.15250734,     -6.49534942,  141.30394593,   37.95594255,    1.02231859,    -20.96632826,  -13.95082191,   12.33838962,   -5.6243102 ,     -6.97808368], [   -8.29677858,   71.73715095,    4.73138082,   15.47165304,     -0.79137353,   37.95594255,  144.44031165,   11.88994318,      0.2526841 ,    4.30782565,   -2.420254  ,   -1.81904426,      8.49951146], [  157.04733681,   34.97768248,   17.90620871,  -97.67032701,    -45.17365339,    1.02231859,   11.88994318,  148.97069982,     -2.44071535,   32.51648708,   -4.45167706,   12.88973359,     -9.26382379], [  -53.93326872,  -62.28024088,  -64.37329032,   -6.13622314,     24.16758914,  -20.96632826,    0.2526841 ,   -2.44071535,     94.65115078,   15.44492198,    0.80562708,    6.40375704,      5.49051513], [  343.77672018,  -90.41488419,  -41.23068346,  -19.12000276,      6.52932642,  -13.95082191,    4.30782565,   32.51648708,     15.44492198,  124.72983051,   -0.84219647,    5.57939152,    -18.0465891 ], [ -194.14938779,  -11.22036345,  -17.46100545,  -24.61375062,    -10.60475965,   12.33838962,   -2.420254  ,   -4.45167706,      0.80562708,   -0.84219647,   71.77926887,    3.95844397,     -2.04689368], [  -12.39026533,  -35.00920679,   13.01131435,   -8.30199177,     -2.70410597,   -5.6243102 ,   -1.81904426,   12.88973359,      6.40375704,    5.57939152,    3.95844397,   58.83040881,     10.01900162], [ -152.34251947,   -9.91803156,  -28.62122938,   15.87555058,     16.28488461,   -6.97808368,    8.49951146,   -9.26382379,      5.49051513,  -18.0465891 ,   -2.04689368,   10.01900162,     67.58660781]]
/root/sim/music/out/Nirvana/Nirvana_[Japan]/16_Where_Did_You_Sleep_Last_Night.mp3; [-621.6592    , 139.89404   , -12.693146  ,  30.226675  ,   2.5707679 ,    1.513307  ,  -3.0396717 ,  -1.1000009 ,  -3.806848  ,  -0.43677884,  -12.802982  ,  -3.530706  ,  -7.9612355 ]; [[12176.27121436,-1591.83334335,-1199.42689728,  209.9473932 ,   -281.97400298,  124.39660413,  263.80137159,  155.30977985,      9.31017041,  114.60921272,  -14.90824984,  239.03509548,    -65.48456949], [-1591.83334335, 2121.17465206,  635.99835782,  632.51138273,    119.49151524,  -28.33932431,   86.66326635,  -41.77339266,      2.93255342,    3.48428518,  -83.18728565,  -59.20637139,    -19.7638304 ], [-1199.42689728,  635.99835782, 1060.30844221,  254.8333534 ,     99.57146376,   84.86333118,   61.62738816,   27.51893436,    -45.69468386,   11.19914368,  -37.87720464,  -11.96952019,     -8.02145388], [  209.9473932 ,  632.51138273,  254.8333534 ,  882.46968704,    100.65686863,   19.15769704,   71.60287942,  -78.56628393,     30.78330285,  -12.8939165 ,  -77.53279756,  -31.178127  ,    -43.33114639], [ -281.97400298,  119.49151524,   99.57146376,  100.65686863,    187.12110452,   34.80716441,    5.83378305,  -29.72758891,     -9.49583744,    7.55218429,   -5.83284508,   -8.09250475,     -4.75132115], [  124.39660413,  -28.33932431,   84.86333118,   19.15769704,     34.80716441,  171.18231555,   57.27694601,    9.79026877,     -9.95289253,   -7.36083685,   -3.01129182,    2.98802096,    -15.59917524], [  263.80137159,   86.66326635,   61.62738816,   71.60287942,      5.83378305,   57.27694601,  156.88729693,   14.95861077,     20.95297453,    0.75476451,   -0.73494614,    6.9684938 ,     -4.14551858], [  155.30977985,  -41.77339266,   27.51893436,  -78.56628393,    -29.72758891,    9.79026877,   14.95861077,  119.92455748,      1.10514738,   -8.4055545 ,    8.7901179 ,   12.16752719,      2.79000884], [    9.31017041,    2.93255342,  -45.69468386,   30.78330285,     -9.49583744,   -9.95289253,   20.95297453,    1.10514738,    109.29453554,    3.68794234,    4.6182304 ,   -6.62886705,     -0.700143  ], [  114.60921272,    3.48428518,   11.19914368,  -12.8939165 ,      7.55218429,   -7.36083685,    0.75476451,   -8.4055545 ,      3.68794234,   94.76653678,   12.17747655,   -2.39409521,      9.05250379], [  -14.90824984,  -83.18728565,  -37.87720464,  -77.53279756,     -5.83284508,   -3.01129182,   -0.73494614,    8.7901179 ,      4.6182304 ,   12.17747655,   90.9233149 ,   15.2977594 ,      7.0180553 ], [  239.03509548,  -59.20637139,  -11.96952019,  -31.178127  ,     -8.09250475,    2.98802096,    6.9684938 ,   12.16752719,     -6.62886705,   -2.39409521,   15.2977594 ,   90.97091907,     15.66511404], [  -65.48456949,  -19.7638304 ,   -8.02145388,  -43.33114639,     -4.75132115,  -15.59917524,   -4.14551858,    2.79000884,     -0.700143  ,    9.05250379,    7.0180553 ,   15.66511404,     68.17434753]]
/root/sim/music/out/Nirvana/Nirvana_[Japan]/11_Rape_Me.mp3; [-606.5308   , 138.32349  ,  -8.894059 ,  25.896677 ,  16.94457  ,    8.866894 ,  -5.076769 ,   4.005078 ,  -1.0660044,   3.07484  ,   -4.7206125,  -1.4544864,   1.874954 ]; [[29396.57994949,-3291.53704092,  569.80403428,  101.73347124,   -208.2209686 ,  215.96787301, -335.89659925,   40.43086377,   -157.69723866,   91.42452223, -910.74422937, -521.96341682,   -407.19292888], [-3291.53704092, 3033.66202361, -759.21651305,   76.73972023,    204.73097459,  -56.23984581,  120.83810489,   57.99270885,     36.62846877,   56.69832039,  283.58892095,  132.21304489,    133.41131922], [  569.80403428, -759.21651305,  727.31497399,  -69.26986635,    -71.22538902,   52.64443124,  -69.15811332,  -28.28685282,     12.50905319,  -40.75193072,  -21.79716499,   17.37091484,    -32.94366575], [  101.73347124,   76.73972023,  -69.26986635,  284.9993648 ,     96.41475559,   17.57069838,   -9.20763803,  -28.95009999,    -31.72199821,  -14.51143915,    3.43873385,    8.91324547,     23.92700648], [ -208.2209686 ,  204.73097459,  -71.22538902,   96.41475559,    210.09970868,   20.36032167,   24.0624193 ,    0.98591011,     -0.95559639,   16.69066715,   19.90191188,   11.84797297,      7.86447103], [  215.96787301,  -56.23984581,   52.64443124,   17.57069838,     20.36032167,  119.27100425,   44.01299263,   15.87372941,     13.91111732,   -3.59754549,   14.32051421,   -9.49498299,    -18.00831833], [ -335.89659925,  120.83810489,  -69.15811332,   -9.20763803,     24.0624193 ,   44.01299263,  153.05494081,   38.55405677,     20.98946247,   32.13640037,   26.33840732,    6.96245201,    -14.16313567], [   40.43086377,   57.99270885,  -28.28685282,  -28.95009999,      0.98591011,   15.87372941,   38.55405677,   92.51079341,     31.10445648,   19.18396115,    6.44630362,   -7.38253129,     -1.47590588], [ -157.69723866,   36.62846877,   12.50905319,  -31.72199821,     -0.95559639,   13.91111732,   20.98946247,   31.10445648,     79.68042673,   27.60877685,   16.28937087,    4.90293886,      0.34574788], [   91.42452223,   56.69832039,  -40.75193072,  -14.51143915,     16.69066715,   -3.59754549,   32.13640037,   19.18396115,     27.60877685,   82.65279688,   19.36719662,   -0.18397537,     -8.8498796 ], [ -910.74422937,  283.58892095,  -21.79716499,    3.43873385,     19.90191188,   14.32051421,   26.33840732,    6.44630362,     16.28937087,   19.36719662,  119.59105505,   42.12111879,     18.6102491 ], [ -521.96341682,  132.21304489,   17.37091484,    8.91324547,     11.84797297,   -9.49498299,    6.96245201,   -7.38253129,      4.90293886,   -0.18397537,   42.12111879,   79.08326015,     38.52785792], [ -407.19292888,  133.41131922,  -32.94366575,   23.92700648,      7.86447103,  -18.00831833,  -14.16313567,   -1.47590588,      0.34574788,   -8.8498796 ,   18.6102491 ,   38.52785792,     71.65600375]]
/root/sim/music/out/Nirvana/Nirvana_[Japan]/08_In_Bloom.mp3; [-534.21136  ,  88.903915 ,   8.19102  ,  42.28372  ,  16.734747 ,    8.218337 ,   2.349119 ,   5.5880504,   1.30665  ,   4.7847176,   -2.4431634,  -1.9872042,  -5.2776785]; [[8056.76060953,-164.7133459 ,-546.26726803,-263.35424349,-246.81279631,    -3.39124855,-138.8826407 ,  52.94517184,  -0.63861294, 128.7527508 ,   -32.18583513, -93.83011926,-122.3750888 ], [-164.7133459 , 789.57312397, -78.76157996,  46.35712747,  33.07739725,    55.35205816,  29.10865206,  28.56394132,   2.00101228,  -1.38779184,    26.74905855,  32.39192127,  18.78512368], [-546.26726803, -78.76157996, 357.99291145,  32.61350388,  93.53270256,     8.01354829,  45.72234877, -12.42543545,   8.09552971, -31.81788878,    -6.52143211,  20.12442388,  32.17717279], [-263.35424349,  46.35712747,  32.61350388, 385.92313137, 101.73149416,   -11.77639344,  -9.75060061,  -0.73520009,  20.88174482,   0.10160329,    14.06444062,  12.06953683,  29.56895318], [-246.81279631,  33.07739725,  93.53270256, 101.73149416, 158.51589145,    28.40713247,   9.04020294,  -7.48081586,  19.51967412,  -0.57106488,    -3.75264411,   8.75677152,  20.10418917], [  -3.39124855,  55.35205816,   8.01354829, -11.77639344,  28.40713247,   121.45426311,  41.92282695,  24.50206801, -10.85713916,  10.2611286 ,    -2.63979599,  -5.76384701,  -2.82161031], [-138.8826407 ,  29.10865206,  45.72234877,  -9.75060061,   9.04020294,    41.92282695, 129.91814671,  44.89963765,   5.0373126 , -18.13120012,    14.83005032,  13.93703841,  -4.33143773], [  52.94517184,  28.56394132, -12.42543545,  -0.73520009,  -7.48081586,    24.50206801,  44.89963765,  88.05247257,  24.75971244,  20.76441337,     8.57840023,   7.15224191,  -2.84456907], [  -0.63861294,   2.00101228,   8.09552971,  20.88174482,  19.51967412,   -10.85713916,   5.0373126 ,  24.75971244,  73.97619664,  37.54028643,    13.85211175,   8.04060127,   3.89810264], [ 128.7527508 ,  -1.38779184, -31.81788878,   0.10160329,  -0.57106488,    10.2611286 , -18.13120012,  20.76441337,  37.54028643,  84.14499533,    29.57550633,   8.63092588,  -1.39191405], [ -32.18583513,  26.74905855,  -6.52143211,  14.06444062,  -3.75264411,    -2.63979599,  14.83005032,   8.57840023,  13.85211175,  29.57550633,    61.24779822,  24.99151811,   2.3055565 ], [ -93.83011926,  32.39192127,  20.12442388,  12.06953683,   8.75677152,    -5.76384701,  13.93703841,   7.15224191,   8.04060127,   8.63092588,    24.99151811,  61.34425552,  30.17807293], [-122.3750888 ,  18.78512368,  32.17717279,  29.56895318,  20.10418917,    -2.82161031,  -4.33143773,  -2.84456907,   3.89810264,  -1.39191405,     2.3055565 ,  30.17807293,  62.35487509]]
/root/sim/music/out/Nirvana/Nirvana_[Japan]/07_Lithium.mp3; [-580.3793   , 111.82615  ,  18.509886 ,  32.623436 ,  18.60987  ,    9.863087 ,  -5.8983006,   2.2560215,   3.0637116,   9.794051 ,   -5.1018696,  -4.4930468,  -5.6990314]; [[19873.35351257,-1654.82637596,-2419.07790457, -949.26436229,   -977.01755147,  120.61878334, -607.55482413, -100.19544804,    188.5319377 ,  390.32475527,  -15.45035795,   -5.40147746,   -110.30065325], [-1654.82637596, 1328.29991174,   54.70630235,   -9.41171604,    114.90761656,  -77.37952677,   35.79499918,   39.33180805,    -45.66809204,  -46.6464339 ,   -8.57099311,    5.11032125,     32.88354805], [-2419.07790457,   54.70630235,  817.54004811,  237.63885355,    169.69923224,   72.53973461,  166.87670992,   47.58081253,     -8.96178738,  -46.65498694,    2.72386678,   28.63373774,      6.03199529], [ -949.26436229,   -9.41171604,  237.63885355,  471.10947977,    165.95447621,   34.04509404,    1.8468961 ,    5.23700128,     32.93915006,    3.58686203,  -16.3518901 ,  -11.73934456,      2.29143309], [ -977.01755147,  114.90761656,  169.69923224,  165.95447621,    250.20948662,   12.79175955,   30.99798995,    6.7524846 ,     13.62140078,   -3.00799998,  -10.38086977,  -11.19316707,     16.59259473], [  120.61878334,  -77.37952677,   72.53973461,   34.04509404,     12.79175955,  143.2663833 ,   71.09940658,   40.90218717,     22.43123976,   21.11194512,   10.77767382,   12.55576972,    -15.19028227], [ -607.55482413,   35.79499918,  166.87670992,    1.8468961 ,     30.99798995,   71.09940658,  206.37505632,   58.1300589 ,     -4.27645723,  -34.33642479,   16.74623048,   10.60435662,     10.78045985], [ -100.19544804,   39.33180805,   47.58081253,    5.23700128,      6.7524846 ,   40.90218717,   58.1300589 ,   95.1944819 ,     25.86842268,   17.69365249,    0.69341332,    5.16546487,     -9.84418948], [  188.5319377 ,  -45.66809204,   -8.96178738,   32.93915006,     13.62140078,   22.43123976,   -4.27645723,   25.86842268,     84.96218865,   45.25005825,   11.56373007,   -4.61865609,     -6.16477734], [  390.32475527,  -46.6464339 ,  -46.65498694,    3.58686203,     -3.00799998,   21.11194512,  -34.33642479,   17.69365249,     45.25005825,  110.62199983,   23.32223023,   12.41405594,    -10.6875728 ], [  -15.45035795,   -8.57099311,    2.72386678,  -16.3518901 ,    -10.38086977,   10.77767382,   16.74623048,    0.69341332,     11.56373007,   23.32223023,   76.107317  ,   21.74709895,      4.32437886], [   -5.40147746,    5.11032125,   28.63373774,  -11.73934456,    -11.19316707,   12.55576972,   10.60435662,    5.16546487,     -4.61865609,   12.41405594,   21.74709895,   70.04637368,     26.59200389], [ -110.30065325,   32.88354805,    6.03199529,    2.29143309,     16.59259473,  -15.19028227,   10.78045985,   -9.84418948,     -6.16477734,  -10.6875728 ,    4.32437886,   26.59200389,     70.53201751]]
/root/sim/music/out/Nirvana/Nirvana_[Japan]/04_Sliver.mp3; [-583.0628   , 135.06493  , -16.046864 ,  55.28326  ,   2.634458 ,   18.849293 ,  -4.099548 ,  26.17658  ,  -3.860457 ,  12.614141 ,   -6.6678133,   6.6792107,  -6.989728 ]; [[32208.17637049, 1710.15990049,-3839.86642332, -183.7952099 ,  -1786.29103695,    6.49486988,-1345.12691976,  614.30141123,   -776.32783389,  387.32414098, -577.68888618,  468.38991122,   -552.86841112], [ 1710.15990049, 1599.23172368, -220.32088356,  381.2548017 ,     -5.31895779,  212.35103993,   34.38407632,  206.02018819,    -63.55683429,   74.8383751 ,  -47.756948  ,  -26.9148572 ,     45.52229232], [-3839.86642332, -220.32088356, 1612.42339637,  209.47485728,    597.81509452,   37.66761052,  327.37062117, -196.3403034 ,    209.169325  , -176.2853363 ,   56.54898677, -125.58828341,     41.55581573], [ -183.7952099 ,  381.2548017 ,  209.47485728,  573.01145029,    102.79145009,  148.00944639,  -40.93429764,   86.26381599,    -16.94123678,   46.40439001,  -56.17745618,    0.21404968,      2.85701723], [-1786.29103695,   -5.31895779,  597.81509452,  102.79145009,    451.35323341,  -28.02498665,  191.48405066, -100.54077886,    135.81374654,  -84.66822202,   70.28640435,  -84.9248392 ,     59.2857641 ], [    6.49486988,  212.35103993,   37.66761052,  148.00944639,    -28.02498665,  259.53499253,  -15.55247803,   63.66743726,    -59.1044193 ,   49.78333409,  -53.52790979,    9.41136106,    -46.36739721], [-1345.12691976,   34.38407632,  327.37062117,  -40.93429764,    191.48405066,  -15.55247803,  268.05453171,  -12.28066575,     90.37924331,  -70.24182876,   67.62885446,  -47.66175723,     55.04013251], [  614.30141123,  206.02018819, -196.3403034 ,   86.26381599,   -100.54077886,   63.66743726,  -12.28066575,  159.64365237,    -38.73385121,   59.67278739,  -35.18119487,   42.31887547,    -20.69711184], [ -776.32783389,  -63.55683429,  209.169325  ,  -16.94123678,    135.81374654,  -59.1044193 ,   90.37924331,  -38.73385121,    144.01990782,  -22.4230355 ,   56.8095546 ,  -47.73750241,     34.84517418], [  387.32414098,   74.8383751 , -176.2853363 ,   46.40439001,    -84.66822202,   49.78333409,  -70.24182876,   59.67278739,    -22.4230355 ,  130.88720069,  -13.80264368,   45.54413613,    -37.2082478 ], [ -577.68888618,  -47.756948  ,   56.54898677,  -56.17745618,     70.28640435,  -53.52790979,   67.62885446,  -35.18119487,     56.8095546 ,  -13.80264368,  113.21762836,  -22.9823916 ,     43.15356606], [  468.38991122,  -26.9148572 , -125.58828341,    0.21404968,    -84.9248392 ,    9.41136106,  -47.66175723,   42.31887547,    -47.73750241,   45.54413613,  -22.9823916 ,   99.98371847,    -20.72635273], [ -552.86841112,   45.52229232,   41.55581573,    2.85701723,     59.2857641 ,  -46.36739721,   55.04013251,  -20.69711184,     34.84517418,  -37.2082478 ,   43.15356606,  -20.72635273,    104.03427418]]
/root/sim/music/out/Nirvana/Nirvana_[Japan]/03_Been_A_Son.mp3; [-552.16235  ,  98.11643  ,  12.726981 ,  41.9798   ,   5.0048347,   -5.1159334,  -5.3279757,   6.2503633,   2.2082937,  -6.9719486,   -1.4986942,   1.7657194,  -3.7764468]; [[26884.28741133, -176.57813966, -863.38610026,   22.64238939,    -87.35463378,  877.63050674,  377.85829565, -104.2373851 ,   -151.16761344,  239.9018909 ,  255.25761326,  -39.72990166,    118.15331388], [ -176.57813966, 1277.40262298,   96.29028813,  196.9843608 ,     23.51864614, -226.66056744,  -76.77397152,   29.75539539,     36.39197654, -110.53823888,  -85.76461186,   -1.05885087,    -76.58789892], [ -863.38610026,   96.29028813,  500.60294383,  101.91087998,    -77.17580853, -164.59158089,  -71.66092624,   88.42268191,      7.24552835,  -54.32245885,  -28.38498558,    8.12469554,     -3.61834163], [   22.64238939,  196.9843608 ,  101.91087998,  264.33774701,     71.12850168,  -55.45697366,  -47.68153681,   40.75845105,     41.53815202,  -38.97634574,   -7.58435057,   33.39478551,     -0.27063507], [  -87.35463378,   23.51864614,  -77.17580853,   71.12850168,    196.30929061,   88.53605065,    8.77639015,  -13.58525825,     15.89726247,   45.45639325,   16.26152431,   -0.35001514,      4.89731789], [  877.63050674, -226.66056744, -164.59158089,  -55.45697366,     88.53605065,  217.31131495,   92.72188333,  -26.01146842,    -16.47826979,   78.62759026,   50.3610276 ,  -11.86437623,     27.81074415], [  377.85829565,  -76.77397152,  -71.66092624,  -47.68153681,      8.77639015,   92.72188333,  114.22737528,   28.4672886 ,      9.72338402,   35.95211582,   25.64535068,    1.75396067,     17.75662791], [ -104.2373851 ,   29.75539539,   88.42268191,   40.75845105,    -13.58525825,  -26.01146842,   28.4672886 ,   87.95703419,     39.31473645,   -7.45295759,   -0.62678398,   16.20682995,      8.07724103], [ -151.16761344,   36.39197654,    7.24552835,   41.53815202,     15.89726247,  -16.47826979,    9.72338402,   39.31473645,     73.05087263,   10.23306193,    7.49865086,   26.63854256,      0.2116886 ], [  239.9018909 , -110.53823888,  -54.32245885,  -38.97634574,     45.45639325,   78.62759026,   35.95211582,   -7.45295759,     10.23306193,  101.90626093,   53.30509365,   -1.85151703,     12.99758603], [  255.25761326,  -85.76461186,  -28.38498558,   -7.58435057,     16.26152431,   50.3610276 ,   25.64535068,   -0.62678398,      7.49865086,   53.30509365,   71.49569061,   28.36279014,     15.79097254], [  -39.72990166,   -1.05885087,    8.12469554,   33.39478551,     -0.35001514,  -11.86437623,    1.75396067,   16.20682995,     26.63854256,   -1.85151703,   28.36279014,   74.18663437,     19.12450926], [  118.15331388,  -76.58789892,   -3.61834163,   -0.27063507,      4.89731789,   27.81074415,   17.75662791,    8.07724103,      0.2116886 ,   12.99758603,   15.79097254,   19.12450926,     44.64686631]]
/root/sim/music/out/Nirvana/Nirvana_[Japan]/15_Something_In_The_Way.mp3; [-674.8339   , 145.91554  ,   5.0579534,  33.171635 ,   9.937757 ,    5.46486  , -11.467539 ,   1.0449667,  -5.2715693,   2.2152784,   -7.3122177,  -0.8389641,  -6.458325 ]; [[22610.46029429,  159.81481661,-1362.94406541,  884.22231878,   -453.37972745, -136.71406773,  -14.40064781,  243.29035389,    -66.69849215,  562.23549647,   -5.33366378,  100.92094708,    182.0529882 ], [  159.81481661, 1976.14872961,  336.60742552,  345.99843655,    224.68504512,   23.89706698, -143.50529292,   -2.36613194,   -168.93684955,  -60.14703008,  -13.34875552,  -68.58046772,    -68.02846578], [-1362.94406541,  336.60742552,  972.68506886,  124.74479001,     27.34284923,   75.74507636,  -77.92868892,  -28.36378861,   -102.89790108,  -87.69250613,  -58.34130182,  -18.80632981,    -83.82225343], [  884.22231878,  345.99843655,  124.74479001,  546.09938828,     56.19418282,  -54.52594092,   25.47375781, -101.21338086,    -24.5121235 ,   29.53927531,  -60.21256719,  -39.52289615,     11.47342256], [ -453.37972745,  224.68504512,   27.34284923,   56.19418282,    180.01471079,   16.64849288,    5.46833824,  -27.178838  ,     -3.9141549 ,  -17.44854442,    8.86858032,  -28.44242713,      4.95309584], [ -136.71406773,   23.89706698,   75.74507636,  -54.52594092,     16.64849288,  128.35003387,   19.04965531,    4.18443761,      2.75804368,    2.21800487,   25.06600005,    5.88377364,     -0.6103478 ], [  -14.40064781, -143.50529292,  -77.92868892,   25.47375781,      5.46833824,   19.04965531,  155.11268374,  -41.47273644,     45.10650979,   36.67181756,    5.49684586,  -16.36607626,     37.46735795], [  243.29035389,   -2.36613194,  -28.36378861, -101.21338086,    -27.178838  ,    4.18443761,  -41.47273644,  156.5197206 ,    -13.27717847,  -14.40814112,   18.74825354,   17.90851196,     -3.37592083], [  -66.69849215, -168.93684955, -102.89790108,  -24.5121235 ,     -3.9141549 ,    2.75804368,   45.10650979,  -13.27717847,    122.01704623,   22.96606142,   -3.52298304,    2.27146844,     19.34391193], [  562.23549647,  -60.14703008,  -87.69250613,   29.53927531,    -17.44854442,    2.21800487,   36.67181756,  -14.40814112,     22.96606142,  118.52660647,   12.15013696,   -5.37358264,     18.80011493], [   -5.33366378,  -13.34875552,  -58.34130182,  -60.21256719,      8.86858032,   25.06600005,    5.49684586,   18.74825354,     -3.52298304,   12.15013696,   88.39938708,    2.64633531,     -1.24592188], [  100.92094708,  -68.58046772,  -18.80632981,  -39.52289615,    -28.44242713,    5.88377364,  -16.36607626,   17.90851196,      2.27146844,   -5.37358264,    2.64633531,   74.8445955 ,      3.96960867], [  182.0529882 ,  -68.02846578,  -83.82225343,   11.47342256,      4.95309584,   -0.6103478 ,   37.46735795,   -3.37592083,     19.34391193,   18.80011493,   -1.24592188,    3.96960867,     83.30834433]]
/root/sim/music/out/Nirvana/Nirvana_[Japan]/06_Come_As_You_Are.mp3; [-566.3484    , 112.58325   ,  11.627396  ,  35.961224  ,  12.026596  ,    4.134667  ,   0.00807224,   6.509241  ,  -0.49175838,   4.2155614 ,   -2.8983235 ,   1.2974138 ,  -6.232351  ]; [[14800.98345476,-3366.10819163, -785.0867678 ,  420.97532551,    -39.01469236,  152.75099972,   12.83691906,  249.41835115,    -66.59907424,   -6.53043387,  117.44025061,  223.06043188,    119.13837042], [-3366.10819163, 1858.90144054, -115.95367364, -158.53378162,    -33.72401901,  -52.21198353,   39.61169033, -104.39562225,    -11.47478722,   -3.65118366,  -39.82533047,  -86.04578976,    -56.33169511], [ -785.0867678 , -115.95367364,  788.75565338,  -60.5091565 ,     40.91811219,   63.74922972,  -34.30936591,  -38.96050565,     -3.2174394 ,   18.12420132,  -39.74425453,  -53.08590155,    -26.458247  ], [  420.97532551, -158.53378162,  -60.5091565 ,  353.02670523,     57.00908097,    0.89967812,   -0.09989998,   21.56240026,     18.90469568,    4.36371788,    0.83047137,   14.93878636,     36.54611522], [  -39.01469236,  -33.72401901,   40.91811219,   57.00908097,    149.87627573,   16.07652417,   -6.93678022,   -2.25305111,     21.35953363,   34.25885363,  -11.70575037,   17.00206347,      9.67474818], [  152.75099972,  -52.21198353,   63.74922972,    0.89967812,     16.07652417,  114.57855038,   35.65671895,   13.53724199,     -4.0772774 ,   13.07004441,    7.85873405,    1.63314753,    -11.5331995 ], [   12.83691906,   39.61169033,  -34.30936591,   -0.09989998,     -6.93678022,   35.65671895,  117.14827155,   44.33471408,     -5.78677498,    1.13267678,   11.42944616,    9.30299083,      0.07209742], [  249.41835115, -104.39562225,  -38.96050565,   21.56240026,     -2.25305111,   13.53724199,   44.33471408,   98.8713724 ,     20.47024351,    0.67249516,    4.33930249,   19.62245649,     12.21857127], [  -66.59907424,  -11.47478722,   -3.2174394 ,   18.90469568,     21.35953363,   -4.0772774 ,   -5.78677498,   20.47024351,     69.97935322,   23.79520414,   -0.62296065,    5.99141587,      1.17572482], [   -6.53043387,   -3.65118366,   18.12420132,    4.36371788,     34.25885363,   13.07004441,    1.13267678,    0.67249516,     23.79520414,   86.90789823,   17.30323261,   14.64797436,     -8.94773614], [  117.44025061,  -39.82533047,  -39.74425453,    0.83047137,    -11.70575037,    7.85873405,   11.42944616,    4.33930249,     -0.62296065,   17.30323261,   73.24858165,   24.03843627,      1.74064431], [  223.06043188,  -86.04578976,  -53.08590155,   14.93878636,     17.00206347,    1.63314753,    9.30299083,   19.62245649,      5.99141587,   14.64797436,   24.03843627,   74.64072464,     27.81435393], [  119.13837042,  -56.33169511,  -26.458247  ,   36.54611522,      9.67474818,  -11.5331995 ,    0.07209742,   12.21857127,      1.17572482,   -8.94773614,    1.74064431,   27.81435393,     62.19371846]]
/root/sim/music/out/Nirvana/Nirvana_[Japan]/01_You_Know_You're_Right.mp3; [-611.496     , 137.93442   ,   1.1098684 ,  24.830267  ,   5.5197735 ,    9.196205  ,   0.10045145,   7.585932  ,   8.610203  ,   6.8146834 ,   -3.2301157 ,  -3.6755862 ,   0.53717333]; [[34112.67301067,-2142.5528717 ,-2601.36086386, 1061.15526785,  -1145.61031277,   89.51390358, -430.00795696, -293.56738992,    331.17751631,  199.66655746, -441.79729046, -183.40865898,    144.22887508], [-2142.5528717 , 2288.53142985,  327.52408797, -108.92264869,    414.55419676,   22.80385863,  120.29039641,  201.97901022,    -75.96926988, -104.54735582,   -7.1192332 ,   70.68279494,     58.68794636], [-2601.36086386,  327.52408797,  910.30480241,  150.65848313,    224.38475461,   68.38727509,  100.50091739,   16.28872508,    -55.98111827,  -94.06232888,   36.32391197,   67.27063531,     -4.41423784], [ 1061.15526785, -108.92264869,  150.65848313,  471.03347268,    102.48302485,   25.33382325,  -17.46729055,   12.28950414,     36.68694297,   -3.60736212,  -15.02840893,   25.189069  ,     35.89352534], [-1145.61031277,  414.55419676,  224.38475461,  102.48302485,    360.34976999,   11.56749955,  -10.81390477,   47.48953237,     20.74047529,   -0.41964894,  -15.23953545,   16.46532267,     25.39826996], [   89.51390358,   22.80385863,   68.38727509,   25.33382325,     11.56749955,  131.78633113,   72.20297706,   13.13938261,     -6.72354676,   -6.28533673,   17.80643634,    5.69308214,    -13.95924135], [ -430.00795696,  120.29039641,  100.50091739,  -17.46729055,    -10.81390477,   72.20297706,  180.90276235,   71.31715718,    -18.68364719,  -28.49568645,   32.79129992,   35.24238272,     -2.64831513], [ -293.56738992,  201.97901022,   16.28872508,   12.28950414,     47.48953237,   13.13938261,   71.31715718,  150.23727946,     30.80074584,  -11.02984314,    6.584055  ,   33.25502256,     23.99081797], [  331.17751631,  -75.96926988,  -55.98111827,   36.68694297,     20.74047529,   -6.72354676,  -18.68364719,   30.80074584,    136.84118068,   67.23503602,  -19.20993168,  -23.68552467,      7.35649301], [  199.66655746, -104.54735582,  -94.06232888,   -3.60736212,     -0.41964894,   -6.28533673,  -28.49568645,  -11.02984314,     67.23503602,  121.68289406,   14.80222936,  -33.02761821,     -9.65791359], [ -441.79729046,   -7.1192332 ,   36.32391197,  -15.02840893,    -15.23953545,   17.80643634,   32.79129992,    6.584055  ,    -19.20993168,   14.80222936,   73.53895574,   21.34183022,    -11.12546195], [ -183.40865898,   70.68279494,   67.27063531,   25.189069  ,     16.46532267,    5.69308214,   35.24238272,   33.25502256,    -23.68552467,  -33.02761821,   21.34183022,   90.85605883,     41.59269139], [  144.22887508,   58.68794636,   -4.41423784,   35.89352534,     25.39826996,  -13.95924135,   -2.64831513,   23.99081797,      7.35649301,   -9.65791359,  -11.12546195,   41.59269139,     87.67896558]]
