/root/sim/music/out/Van_Halen/The_Best_Of_Both_Worlds_[Disc_1]/03_Up_For_Breakfast.mp3; [-554.5215    , 113.00025   ,   3.4025784 ,  28.723028  ,   6.704306  ,    1.79136   ,   8.994368  ,   9.617413  ,   2.8840444 ,   3.7474163 ,   -1.1223569 ,  -3.1772597 ,  -0.80950296]; [[22960.28711474,-2929.84579905,-2563.91560449, -802.41568069,   -782.43897884, -694.89851553, -296.31993857,  -62.67295687,   -198.83718567,  -71.63760304, -109.53564904, -134.02239817,    -63.84615933], [-2929.84579905, 2215.37756624,  327.05456556,  179.93700377,     33.91186914,   24.44394763,   52.81274845,  -11.80220169,     20.125095  ,   28.8293472 ,   -6.19449405,    0.83280199,     -2.26219194], [-2563.91560449,  327.05456556, 1005.20401693,  161.69948307,    125.54489369,  112.29020853,  -26.25805469,  -27.84446793,     14.00512131,  -18.02841219,   33.05840287,   29.0821718 ,     24.08314805], [ -802.41568069,  179.93700377,  161.69948307,  296.69925564,     51.48739417,   57.07268715,    4.69852373,   -6.95611955,     11.53935778,    4.57581396,  -20.53340004,    2.75858154,     18.07114487], [ -782.43897884,   33.91186914,  125.54489369,   51.48739417,    235.86472786,   69.48312079,   19.45777386,    0.5974171 ,      9.63646356,    5.96597798,   11.89777065,    9.35563614,      7.23769155], [ -694.89851553,   24.44394763,  112.29020853,   57.07268715,     69.48312079,  159.09025583,   56.00453617,   10.09617287,      4.45641331,    2.99173159,    9.10866736,    8.74853941,      6.43223918], [ -296.31993857,   52.81274845,  -26.25805469,    4.69852373,     19.45777386,   56.00453617,  146.6098789 ,   60.34298206,     -2.89714717,   -1.33505458,    2.82585763,   -4.1511677 ,     -8.98624083], [  -62.67295687,  -11.80220169,  -27.84446793,   -6.95611955,      0.5974171 ,   10.09617287,   60.34298206,  101.65300449,     32.73699521,   12.02502796,    1.17344343,   -2.70035667,    -13.40243053], [ -198.83718567,   20.125095  ,   14.00512131,   11.53935778,      9.63646356,    4.45641331,   -2.89714717,   32.73699521,     92.14588209,   43.32320277,    6.34781543,   -4.4649429 ,     -4.37132947], [  -71.63760304,   28.8293472 ,  -18.02841219,    4.57581396,      5.96597798,    2.99173159,   -1.33505458,   12.02502796,     43.32320277,   79.82206218,   26.33387829,    2.50754364,     -6.8731042 ], [ -109.53564904,   -6.19449405,   33.05840287,  -20.53340004,     11.89777065,    9.10866736,    2.82585763,    1.17344343,      6.34781543,   26.33387829,   75.73471331,   32.07561558,      5.09834376], [ -134.02239817,    0.83280199,   29.0821718 ,    2.75858154,      9.35563614,    8.74853941,   -4.1511677 ,   -2.70035667,     -4.4649429 ,    2.50754364,   32.07561558,   66.2708935 ,     28.50021685], [  -63.84615933,   -2.26219194,   24.08314805,   18.07114487,      7.23769155,    6.43223918,   -8.98624083,  -13.40243053,     -4.37132947,   -6.8731042 ,    5.09834376,   28.50021685,     67.01434648]]
/root/sim/music/out/Van_Halen/The_Best_Of_Both_Worlds_[Disc_1]/12_Black_And_Blue.mp3; [-537.1106   , 106.33112  ,  -9.14743  ,  20.396322 , -11.465462 ,    2.9926722,   3.0837197,   0.7030624,  -6.92759  ,  -1.0058051,   -6.303814 ,  -5.1792555,  -3.5999243]; [[10032.54341813, -411.3095508 ,    1.46092037, -340.73321467,    184.40972191,   -9.916501  ,  183.03393843,    2.25561846,     15.26596166,   57.18903465,   99.37945132,  -15.67447718,    -65.78361057], [ -411.3095508 , 1334.66004904, -324.94997627,  170.45660397,   -210.61756732,  -81.80438223,  -41.53950903,  -55.98533113,    -60.25635377,  -22.58979452, -109.05569922,   -4.37282754,    -16.42379375], [    1.46092037, -324.94997627,  831.44691979,   -5.61603172,    190.96870296,   30.7599987 ,    2.02657391,   55.22293016,     35.16719488,  -47.41683682,   47.01819413,  -14.72473757,     -0.44687626], [ -340.73321467,  170.45660397,   -5.61603172,  296.00134768,     18.23339242,   60.29260529,   11.45319267,   30.339853  ,      4.86975287,    5.82165814,  -24.04312549,    9.64057556,      9.41824968], [  184.40972191, -210.61756732,  190.96870296,   18.23339242,    269.07968305,  107.60840614,   51.90104133,   19.14435984,     47.43115043,   25.98527806,   40.21945594,    2.84137291,      0.04283356], [   -9.916501  ,  -81.80438223,   30.7599987 ,   60.29260529,    107.60840614,  169.92677677,   67.98272346,   41.90905983,     15.33038714,   17.18108409,   11.49650737,    3.57236946,     -1.44568745], [  183.03393843,  -41.53950903,    2.02657391,   11.45319267,     51.90104133,   67.98272346,  151.11763144,   59.24277185,     18.66659937,    7.14091643,   10.23763826,    8.17426988,      5.78537289], [    2.25561846,  -55.98533113,   55.22293016,   30.339853  ,     19.14435984,   41.90905983,   59.24277185,  110.65241447,     47.39143912,   11.88532397,   -1.13194879,   -3.21887292,     -0.17369996], [   15.26596166,  -60.25635377,   35.16719488,    4.86975287,     47.43115043,   15.33038714,   18.66659937,   47.39143912,    116.22929848,   52.30924082,   11.97417835,   -3.33671678,      2.91491527], [   57.18903465,  -22.58979452,  -47.41683682,    5.82165814,     25.98527806,   17.18108409,    7.14091643,   11.88532397,     52.30924082,  100.2039914 ,   46.73722761,   12.00454412,     -2.38278349], [   99.37945132, -109.05569922,   47.01819413,  -24.04312549,     40.21945594,   11.49650737,   10.23763826,   -1.13194879,     11.97417835,   46.73722761,  107.85651063,   43.61420525,      2.06706652], [  -15.67447718,   -4.37282754,  -14.72473757,    9.64057556,      2.84137291,    3.57236946,    8.17426988,   -3.21887292,     -3.33671678,   12.00454412,   43.61420525,   87.85347377,     30.88478347], [  -65.78361057,  -16.42379375,   -0.44687626,    9.41824968,      0.04283356,   -1.44568745,    5.78537289,   -0.17369996,      2.91491527,   -2.38278349,    2.06706652,   30.88478347,     74.58811739]]
/root/sim/music/out/Van_Halen/The_Best_Of_Both_Worlds_[Disc_1]/05_Ain't_Talkin'_'Bout_Love.mp3; [-535.04297  , 101.78418  ,  -2.0236807,  28.157028 ,   1.8047055,    6.4507923,   5.878962 ,   3.7169483,   3.170585 ,   1.9722162,   -2.157398 ,  -3.3206713,  -4.7682915]; [[11605.01117835, -395.13657231,  150.24585695, -197.84803531,    160.33826344,   67.37426254,   41.95661895,  -82.43866021,    -80.20120786,   40.31955036,    1.6170771 ,  -75.11324461,    -49.9867048 ], [ -395.13657231,  823.08592023, -123.035563  ,   97.16894063,    -99.28884618,   12.03939566,    0.96891344,   10.66598678,     36.76538715,  -21.46494523,  -24.81161854,   -3.61762215,    -26.64439182], [  150.24585695, -123.035563  ,  519.37842944,  -52.24184844,     53.44380761,  -10.06863206,  -16.60186228,   28.39019856,    -32.60795994,   13.58721386,   16.97144341,   12.49178056,     39.66238213], [ -197.84803531,   97.16894063,  -52.24184844,  255.98301094,     49.98412279,   -6.38521524,  -26.77502689,  -31.38597871,      7.95479778,  -24.26160016,  -15.39514278,   10.82386507,      4.87981314], [  160.33826344,  -99.28884618,   53.44380761,   49.98412279,    155.10038396,   22.25762553,   -4.9839402 ,  -25.79570014,    -10.7394495 ,   10.9451853 ,   10.58025363,   10.78051237,     14.81807935], [   67.37426254,   12.03939566,  -10.06863206,   -6.38521524,     22.25762553,   94.95482033,   34.25392161,   14.20182007,     -6.22538799,    6.07068487,    4.00531267,   -6.05413067,     -6.5155366 ], [   41.95661895,    0.96891344,  -16.60186228,  -26.77502689,     -4.9839402 ,   34.25392161,  116.65130249,   56.6696466 ,     11.19623173,    4.23426271,   15.26407923,    3.296976  ,     -9.70334589], [  -82.43866021,   10.66598678,   28.39019856,  -31.38597871,    -25.79570014,   14.20182007,   56.6696466 ,  104.33005394,     34.3781839 ,   11.13790197,    5.69150622,    1.56020907,     -2.13017117], [  -80.20120786,   36.76538715,  -32.60795994,    7.95479778,    -10.7394495 ,   -6.22538799,   11.19623173,   34.3781839 ,     87.58996857,   34.25561144,    4.84552906,    3.13234239,     -0.79056757], [   40.31955036,  -21.46494523,   13.58721386,  -24.26160016,     10.9451853 ,    6.07068487,    4.23426271,   11.13790197,     34.25561144,   83.7922554 ,   35.54898676,    3.80628811,      5.66192748], [    1.6170771 ,  -24.81161854,   16.97144341,  -15.39514278,     10.58025363,    4.00531267,   15.26407923,    5.69150622,      4.84552906,   35.54898676,   72.45799521,   28.26539544,      4.07685734], [  -75.11324461,   -3.61762215,   12.49178056,   10.82386507,     10.78051237,   -6.05413067,    3.296976  ,    1.56020907,      3.13234239,    3.80628811,   28.26539544,   63.78572843,     27.72137229], [  -49.9867048 ,  -26.64439182,   39.66238213,    4.87981314,     14.81807935,   -6.5155366 ,   -9.70334589,   -2.13017117,     -0.79056757,    5.66192748,    4.07685734,   27.72137229,     59.30620682]]
/root/sim/music/out/Van_Halen/The_Best_Of_Both_Worlds_[Disc_1]/09_Hot_For_Teacher.mp3; [-529.07855  ,  89.47807  ,   6.7859488,  18.448387 ,   6.958177 ,    4.785617 ,   2.9349113,   4.4242167,   0.5690368,  -0.661969 ,   -3.8749466,  -3.0169597,  -2.5936265]; [[12004.56657063, -525.61568141,  301.13339701, -108.41425942,    -37.92459479,   66.90584547,  122.00543821,   57.13631593,     59.36330515,   19.15084237, -115.39263623, -158.49630058,    -29.0972628 ], [ -525.61568141,  888.3180621 , -255.11355965,   -9.17844943,    -53.14984082,  -70.93500913,   -7.66846096,  -28.79169017,     -8.27325239,  -51.56443626,   -8.18361536,   11.5122542 ,     -8.16154333], [  301.13339701, -255.11355965,  693.58547309,  188.5741889 ,    163.52154674,  124.41685604,   70.71436578,  132.6695525 ,     82.36454362,   65.24850147,   78.21488166,    9.99014577,     48.2765984 ], [ -108.41425942,   -9.17844943,  188.5741889 ,  321.263912  ,    176.63227907,  117.1544977 ,   52.76884174,   83.27829796,     50.85378715,   50.71823429,   44.15671347,   20.29109357,     38.49570137], [  -37.92459479,  -53.14984082,  163.52154674,  176.63227907,    235.54499646,  124.25581703,   59.4074403 ,   64.2183924 ,     41.97396947,   29.93674269,   30.44244744,   14.50317206,     22.06734104], [   66.90584547,  -70.93500913,  124.41685604,  117.1544977 ,    124.25581703,  167.98537517,   81.65685514,   69.78206587,     33.79737933,   29.98892654,   32.17128265,   13.96069645,     15.27526904], [  122.00543821,   -7.66846096,   70.71436578,   52.76884174,     59.4074403 ,   81.65685514,  134.35629371,   86.72530302,     36.60394686,   13.57712007,   24.31732931,    3.70178484,      8.75289849], [   57.13631593,  -28.79169017,  132.6695525 ,   83.27829796,     64.2183924 ,   69.78206587,   86.72530302,  147.54548674,     68.79090537,   31.33847219,   30.83790764,    8.71267257,     11.28371106], [   59.36330515,   -8.27325239,   82.36454362,   50.85378715,     41.97396947,   33.79737933,   36.60394686,   68.79090537,    106.85727623,   51.5526048 ,   26.74292669,   -0.52994145,      3.99509806], [   19.15084237,  -51.56443626,   65.24850147,   50.71823429,     29.93674269,   29.98892654,   13.57712007,   31.33847219,     51.5526048 ,   96.75347295,   44.98139646,    3.06328869,      3.74230255], [ -115.39263623,   -8.18361536,   78.21488166,   44.15671347,     30.44244744,   32.17128265,   24.31732931,   30.83790764,     26.74292669,   44.98139646,   83.20958443,   28.46741311,      7.47156797], [ -158.49630058,   11.5122542 ,    9.99014577,   20.29109357,     14.50317206,   13.96069645,    3.70178484,    8.71267257,     -0.52994145,    3.06328869,   28.46741311,   68.81774612,     30.54881053], [  -29.0972628 ,   -8.16154333,   48.2765984 ,   38.49570137,     22.06734104,   15.27526904,    8.75289849,   11.28371106,      3.99509806,    3.74230255,    7.47156797,   30.54881053,     71.65042962]]
/root/sim/music/out/Van_Halen/The_Best_Of_Both_Worlds_[Disc_1]/14_Top_Of_The_World.mp3; [-523.71075  ,  91.12408  ,  -0.0888944,  31.94551  ,  -3.1958132,    1.587555 ,  -2.5572367,   3.9972477,   1.9476357,  -2.3995578,    1.0293802,  -0.7473776,  -1.575415 ]; [[17404.87953829,  103.13377477,  875.71054549, -233.18036577,     25.42377127,   55.61245229,  139.58921114,  232.48515347,    203.39370557,  121.77027862,   50.70861166,  -42.07924177,    178.48495907], [  103.13377477,  736.61998603, -404.14245614,  191.46107783,    -93.53564123,  -47.84331638,  -20.95049297,  -65.51806029,    -72.5131392 , -102.44087953,  -46.98608601,  -21.12730272,    -80.04743682], [  875.71054549, -404.14245614,  914.03145313, -192.80890461,    111.79374481,   42.53169581,   42.12129186,  108.07813263,    100.18639029,   89.03374809,   81.87996703,   36.65239623,     99.78077161], [ -233.18036577,  191.46107783, -192.80890461,  314.8079501 ,    -22.71415874,  -24.85053639, -104.44613651,  -57.26897685,    -33.90436005,  -58.51828744,  -47.75492763,   -0.96388906,    -46.36476735], [   25.42377127,  -93.53564123,  111.79374481,  -22.71415874,    137.39878304,   39.68607086,   15.89835742,   21.23266519,     41.91485645,   46.21858766,   18.00989862,    6.65992942,     31.640969  ], [   55.61245229,  -47.84331638,   42.53169581,  -24.85053639,     39.68607086,  109.23055497,   60.04594592,   29.08948764,      4.43104972,   25.59827595,   18.21902297,   10.61710255,     12.31389735], [  139.58921114,  -20.95049297,   42.12129186, -104.44613651,     15.89835742,   60.04594592,  163.51264945,   66.30595235,      0.78606734,   14.45947149,   32.40827786,   10.92484099,     16.52850417], [  232.48515347,  -65.51806029,  108.07813263,  -57.26897685,     21.23266519,   29.08948764,   66.30595235,  125.50364396,     60.740181  ,   35.72580351,   17.70259255,   11.79900244,     24.52305932], [  203.39370557,  -72.5131392 ,  100.18639029,  -33.90436005,     41.91485645,    4.43104972,    0.78606734,   60.740181  ,    119.30086588,   65.30037127,   12.76926715,    1.84060118,     25.40614294], [  121.77027862, -102.44087953,   89.03374809,  -58.51828744,     46.21858766,   25.59827595,   14.45947149,   35.72580351,     65.30037127,  121.27769517,   42.90834811,   -0.22511196,     25.71333971], [   50.70861166,  -46.98608601,   81.87996703,  -47.75492763,     18.00989862,   18.21902297,   32.40827786,   17.70259255,     12.76926715,   42.90834811,   85.69700233,   33.20146263,      7.66535354], [  -42.07924177,  -21.12730272,   36.65239623,   -0.96388906,      6.65992942,   10.61710255,   10.92484099,   11.79900244,      1.84060118,   -0.22511196,   33.20146263,   66.03145723,     19.67819748], [  178.48495907,  -80.04743682,   99.78077161,  -46.36476735,     31.640969  ,   12.31389735,   16.52850417,   24.52305932,     25.40614294,   25.71333971,    7.66535354,   19.67819748,     76.33648322]]
/root/sim/music/out/Van_Halen/The_Best_Of_Both_Worlds_[Disc_1]/06_Finish_What_Ya_Started.mp3; [-569.2985   , 123.826485 ,   8.283814 ,  12.408862 ,  -4.714831 ,   -5.284348 ,  -2.1038506,  -1.080464 ,  -6.1065235,   2.236269 ,   -2.5654504,  -1.8146675,  -3.4242435]; [[13042.86034676, -132.44630827, -233.65501294, -498.02334104,      3.15332815,  -70.35805292,   73.8589741 , -178.74240688,    -92.18970254,   18.90876431,  -51.46590926,  -99.89567846,    -69.05220307], [ -132.44630827, 1070.10257229, -191.64565056,  131.36634724,    -87.05855994,  -23.7115614 ,   38.42338637,   48.98692781,    -71.3606464 ,  -17.60084826,  -14.4342823 ,  -29.81490105,    -23.49840384], [ -233.65501294, -191.64565056,  765.07312732,    4.67279617,     78.49448291,   57.08476463,  -33.32187241,  -19.01709749,     47.71561429,   -3.91489361,   25.94923356,   32.46466836,     11.38382094], [ -498.02334104,  131.36634724,    4.67279617,  285.49764515,      7.86819848,   -9.16702865,   -2.70603881,    9.21212969,      0.58981806,   17.09801138,  -14.50405813,   -3.77878313,     20.58722998], [    3.15332815,  -87.05855994,   78.49448291,    7.86819848,    264.8558429 ,   53.07506157,  -18.53388303,  -10.27589066,     53.38323229,   28.12483147,    0.18046001,    1.7039471 ,     26.07165996], [  -70.35805292,  -23.7115614 ,   57.08476463,   -9.16702865,     53.07506157,  143.90469602,   17.68466367,    2.88768928,     17.65412804,   12.53225249,   19.00823874,   18.00181081,      6.44037671], [   73.8589741 ,   38.42338637,  -33.32187241,   -2.70603881,    -18.53388303,   17.68466367,  204.11983677,   62.7901035 ,    -24.19368844,   -6.36322944,   37.73147251,   -7.46969504,     -5.35190937], [ -178.74240688,   48.98692781,  -19.01709749,    9.21212969,    -10.27589066,    2.88768928,   62.7901035 ,  102.72082196,      9.99447695,   -5.82956794,   14.0040698 ,    6.4963181 ,     -6.82168124], [  -92.18970254,  -71.3606464 ,   47.71561429,    0.58981806,     53.38323229,   17.65412804,  -24.19368844,    9.99447695,     96.47280674,   27.73230728,   -0.19413324,   11.03917706,      9.01724868], [   18.90876431,  -17.60084826,   -3.91489361,   17.09801138,     28.12483147,   12.53225249,   -6.36322944,   -5.82956794,     27.73230728,   81.72927716,   16.59569139,   -5.81792153,     11.58267057], [  -51.46590926,  -14.4342823 ,   25.94923356,  -14.50405813,      0.18046001,   19.00823874,   37.73147251,   14.0040698 ,     -0.19413324,   16.59569139,   81.4466575 ,   16.76591368,    -11.29777602], [  -99.89567846,  -29.81490105,   32.46466836,   -3.77878313,      1.7039471 ,   18.00181081,   -7.46969504,    6.4963181 ,     11.03917706,   -5.81792153,   16.76591368,   65.24525034,      7.56196445], [  -69.05220307,  -23.49840384,   11.38382094,   20.58722998,     26.07165996,    6.44037671,   -5.35190937,   -6.82168124,      9.01724868,   11.58267057,  -11.29777602,    7.56196445,     69.13483464]]
/root/sim/music/out/Van_Halen/1984/03_Panama.mp3; [-629.76544   ,  81.507454  ,   8.336135  ,  18.484015  ,   6.8046556 ,    5.888587  ,   4.5582027 ,   1.0989213 ,   5.0617895 ,   0.58775586,   -4.753203  ,  -2.525441  ,  -1.7373768 ]; [[9397.44924117,-297.5650802 , -41.824804  ,  77.8775786 ,  38.62441018,    69.50797895,  12.63359279,  14.48018984,  30.58888747, 110.31241981,     2.24923429, -60.26386733, -57.86286172], [-297.5650802 ,1002.16926802,  59.46928029,  74.11661382,  42.45978112,   -19.60862123,  -7.18738845, -27.18032898,  35.14695115, -30.35076903,     1.37064861,  31.33973193,   7.82196997], [ -41.824804  ,  59.46928029, 645.47365852,  86.09046563, 106.49958883,     7.19582246, -27.96027937,  37.1802756 ,  -0.0213793 ,  21.77976178,    37.02580125,   7.46779777,  11.07775333], [  77.8775786 ,  74.11661382,  86.09046563, 205.29699657,  64.74681013,     5.88757218, -12.24049161, -13.72413121,  16.86870053,   3.12228597,   -14.41048973,   4.99228553,  24.94628025], [  38.62441018,  42.45978112, 106.49958883,  64.74681013, 157.11950375,    44.53953339, -12.37067474,   0.27319882,  25.76448617,   0.69641668,    -3.80865542,  18.496646  ,  14.50864953], [  69.50797895, -19.60862123,   7.19582246,   5.88757218,  44.53953339,    82.63462448,  37.57737505,  11.2962043 ,  -0.16901691,   4.2555285 ,     9.01827688,   2.29383371,  -3.42897375], [  12.63359279,  -7.18738845, -27.96027937, -12.24049161, -12.37067474,    37.57737505,  99.41254116,  38.35804309,  -1.99494416,   2.34282384,    10.34533738,  -5.96136226,  -6.26979755], [  14.48018984, -27.18032898,  37.1802756 , -13.72413121,   0.27319882,    11.2962043 ,  38.35804309,  80.25086964,  22.16713516,   4.33566395,     4.82872365,  -4.24613595,  -6.40313464], [  30.58888747,  35.14695115,  -0.0213793 ,  16.86870053,  25.76448617,    -0.16901691,  -1.99494416,  22.16713516,  78.86763576,  21.53967575,    -2.65843846,   5.20796379,   8.26059704], [ 110.31241981, -30.35076903,  21.77976178,   3.12228597,   0.69641668,     4.2555285 ,   2.34282384,   4.33566395,  21.53967575,  71.96842125,    28.37375967,  -8.8709833 ,  -8.33392747], [   2.24923429,   1.37064861,  37.02580125, -14.41048973,  -3.80865542,     9.01827688,  10.34533738,   4.82872365,  -2.65843846,  28.37375967,    67.32470436,  18.96265043,  -5.47302894], [ -60.26386733,  31.33973193,   7.46779777,   4.99228553,  18.496646  ,     2.29383371,  -5.96136226,  -4.24613595,   5.20796379,  -8.8709833 ,    18.96265043,  63.16374942,  29.48712453], [ -57.86286172,   7.82196997,  11.07775333,  24.94628025,  14.50864953,    -3.42897375,  -6.26979755,  -6.40313464,   8.26059704,  -8.33392747,    -5.47302894,  29.48712453,  60.68035494]]
/root/sim/music/out/Van_Halen/1984/06_Hot_For_Teacher.mp3; [-648.6663   ,  71.3776   ,   6.2462025,  23.111916 ,   9.407085 ,    7.3378353,   4.157155 ,   6.0207887,   1.5519595,  -0.0246792,   -3.2902217,  -2.5277221,  -2.163272 ]; [[11577.39088965, -456.76955633,  403.94398032,   72.45184398,     83.81513768,  172.0727769 ,  173.19215837,  136.90730876,    101.37927753,   49.12951617,  -68.94116639, -132.21781905,     -5.79735515], [ -456.76955633,  896.65778475, -263.80566001,    8.73716778,    -51.86066527,  -70.57317503,   -6.40180557,  -26.7620087 ,     -5.94687978,  -47.78528253,   -8.57558995,   12.698202  ,     -5.39402178], [  403.94398032, -263.80566001,  696.81848666,  188.3167111 ,    169.84416296,  135.30058529,   74.44163161,  137.56905172,     86.57375559,   68.55449021,   84.10912649,   11.29780495,     51.99004141], [   72.45184398,    8.73716778,  188.3167111 ,  327.04012431,    181.08443169,  124.41446857,   57.35143347,   87.82774537,     54.42634893,   53.5629805 ,   47.68860157,   21.53084828,     40.37564567], [   83.81513768,  -51.86066527,  169.84416296,  181.08443169,    241.88111025,  129.37335756,   64.13579751,   69.20608108,     45.72008559,   33.10635891,   35.07859377,   16.57752482,     25.15874606], [  172.0727769 ,  -70.57317503,  135.30058529,  124.41446857,    129.37335756,  174.04217909,   84.86723976,   74.30424872,     37.85683897,   33.07101476,   36.06995613,   15.72753977,     18.46558822], [  173.19215837,   -6.40180557,   74.44163161,   57.35143347,     64.13579751,   84.86723976,  135.77583748,   88.86017733,     40.07733769,   15.85396289,   26.62319384,    6.19634934,     11.17532071], [  136.90730876,  -26.7620087 ,  137.56905172,   87.82774537,     69.20608108,   74.30424872,   88.86017733,  149.46583541,     70.92012114,   33.63817808,   32.54373072,    9.85064508,     13.33612433], [  101.37927753,   -5.94687978,   86.57375559,   54.42634893,     45.72008559,   37.85683897,   40.07733769,   70.92012114,    107.92206171,   52.2467415 ,   28.74852806,   -0.0932235 ,      5.72658381], [   49.12951617,  -47.78528253,   68.55449021,   53.5629805 ,     33.10635891,   33.07101476,   15.85396289,   33.63817808,     52.2467415 ,   96.33954951,   45.62357226,    3.63175326,      4.46833402], [  -68.94116639,   -8.57558995,   84.10912649,   47.68860157,     35.07859377,   36.06995613,   26.62319384,   32.54373072,     28.74852806,   45.62357226,   83.93444706,   28.00138825,      8.81516244], [ -132.21781905,   12.698202  ,   11.29780495,   21.53084828,     16.57752482,   15.72753977,    6.19634934,    9.85064508,     -0.0932235 ,    3.63175326,   28.00138825,   67.6421212 ,     29.94352827], [   -5.79735515,   -5.39402178,   51.99004141,   40.37564567,     25.15874606,   18.46558822,   11.17532071,   13.33612433,      5.72658381,    4.46833402,    8.81516244,   29.94352827,     71.55956169]]
/root/sim/music/out/Van_Halen/1984/01_1984.mp3; [-753.9531    , 108.811775  ,   1.142489  ,   7.828292  ,  -6.6931553 ,   -0.25268808,  -5.3525033 ,   2.4427247 ,   3.7518325 ,   8.01825   ,    2.2187362 ,   0.21961367,  -1.9692923 ]; [[12697.17221264,  173.1014648 ,-1055.24538371, -524.0094881 ,   -581.76575807, -221.98355439, -164.07217616,  -29.27091695,    -22.37448668,   50.46578522,  -26.13029838,  -14.66141752,    -34.39376009], [  173.1014648 , 1824.13480932,  398.40183571,  280.59589538,    208.75661259,   98.23410158,   34.45593444,  -77.06006292,   -132.62802666, -134.64975969,  -25.75681262,   69.02977217,    118.61814322], [-1055.24538371,  398.40183571,  818.06649308,  311.30519295,    204.35953449,   96.10286962,   16.25223365,  -38.38634485,    -37.13805239,  -28.24521715,   26.74876794,   57.68319567,     52.93150029], [ -524.0094881 ,  280.59589538,  311.30519295,  436.49405147,    199.95149712,  106.23337694,   38.51894026,    1.94025999,    -14.84499592,   -7.31516326,   14.3097751 ,   43.43253059,     38.21444542], [ -581.76575807,  208.75661259,  204.35953449,  199.95149712,    256.28886928,  119.42539203,   65.58020635,   36.76649573,     16.65858711,   14.71985553,   20.22934493,   26.2952626 ,     16.71930165], [ -221.98355439,   98.23410158,   96.10286962,  106.23337694,    119.42539203,  180.15899174,   79.37460758,   55.92572856,     55.67838991,   26.66024381,   26.18934832,    4.38059799,     -7.69526895], [ -164.07217616,   34.45593444,   16.25223365,   38.51894026,     65.58020635,   79.37460758,  181.68383855,   84.13497565,     69.99508138,   58.39874404,   27.67190555,   -0.35932265,    -17.69619012], [  -29.27091695,  -77.06006292,  -38.38634485,    1.94025999,     36.76649573,   55.92572856,   84.13497565,  188.67321744,    108.21332497,   75.09454406,   41.73112288,  -20.11663148,    -40.31327679], [  -22.37448668, -132.62802666,  -37.13805239,  -14.84499592,     16.65858711,   55.67838991,   69.99508138,  108.21332497,    220.93056962,  113.93427591,   46.80381695,  -17.32985171,    -46.14213942], [   50.46578522, -134.64975969,  -28.24521715,   -7.31516326,     14.71985553,   26.66024381,   58.39874404,   75.09454406,    113.93427591,  176.03206826,   71.33836731,    0.0116815 ,    -25.80417762], [  -26.13029838,  -25.75681262,   26.74876794,   14.3097751 ,     20.22934493,   26.18934832,   27.67190555,   41.73112288,     46.80381695,   71.33836731,  136.54024845,   49.89388337,     17.97953579], [  -14.66141752,   69.02977217,   57.68319567,   43.43253059,     26.2952626 ,    4.38059799,   -0.35932265,  -20.11663148,    -17.32985171,    0.0116815 ,   49.89388337,  126.14958222,     76.92603089], [  -34.39376009,  118.61814322,   52.93150029,   38.21444542,     16.71930165,   -7.69526895,  -17.69619012,  -40.31327679,    -46.14213942,  -25.80417762,   17.97953579,   76.92603089,    138.66810029]]
/root/sim/music/out/Van_Halen/1984/08_Girl_Gone_Bad.mp3; [-631.9282    ,  64.81149   ,   2.688366  ,  16.127308  ,   3.7110186 ,    4.3897185 ,   2.8342428 ,   5.673033  ,   0.17314911,  -2.0006633 ,   -4.511022  ,  -2.5827749 ,  -2.4648628 ]; [[9897.1286129 , -21.85104568, 115.35112431, 241.22422058, 251.65200299,    78.92136421, 151.81645255,  36.48834968,  85.48004897,   8.09822696,     8.64581405,-136.90670314, -59.52891888], [ -21.85104568, 517.77230962,-101.38618238,   8.49606688, -55.98918091,     6.58328339, -29.4040033 ,   8.86552959,  -4.76735407,  -2.86526383,   -11.8095    ,  28.32152938, -16.41887712], [ 115.35112431,-101.38618238, 551.87873463,  24.36629085,  49.318913  ,     8.79589186,  45.03658239,  16.41644677,  13.42097395,  14.3564403 ,    33.35711341,   0.57082003,  21.1640447 ], [ 241.22422058,   8.49606688,  24.36629085, 297.17699578, 104.66950189,    58.04092423,  24.34412179,   7.22652927,  18.97610319,  20.75607444,    -4.13119199, -14.21759649,  -5.59730839], [ 251.65200299, -55.98918091,  49.318913  , 104.66950189, 187.64553203,    57.97497023,  41.96585858,  17.73452986,  30.62175597,   3.5619087 ,     7.78002974,   6.74736192,   0.00421251], [  78.92136421,   6.58328339,   8.79589186,  58.04092423,  57.97497023,   101.91461205,  46.39085678,  18.51425828,   2.53345133,   8.56304711,     0.60396024,   2.59107361,  -2.63488567], [ 151.81645255, -29.4040033 ,  45.03658239,  24.34412179,  41.96585858,    46.39085678, 111.78021905,  43.47715807,  15.5482008 ,   6.15154535,     7.3392897 , -10.26955965,  -3.63612582], [  36.48834968,   8.86552959,  16.41644677,   7.22652927,  17.73452986,    18.51425828,  43.47715807,  89.38581528,  33.64839076,   5.30882693,    -3.91704587,   8.0581695 ,  -4.48350371], [  85.48004897,  -4.76735407,  13.42097395,  18.97610319,  30.62175597,     2.53345133,  15.5482008 ,  33.64839076,  80.89708465,  27.62856761,     5.50504842,  -1.18001872,  -3.9482148 ], [   8.09822696,  -2.86526383,  14.3564403 ,  20.75607444,   3.5619087 ,     8.56304711,   6.15154535,   5.30882693,  27.62856761,  72.95686108,    28.31058989,   0.83283292,  -1.84527601], [   8.64581405, -11.8095    ,  33.35711341,  -4.13119199,   7.78002974,     0.60396024,   7.3392897 ,  -3.91704587,   5.50504842,  28.31058989,    63.57526523,  25.62238635,   2.77116122], [-136.90670314,  28.32152938,   0.57082003, -14.21759649,   6.74736192,     2.59107361, -10.26955965,   8.0581695 ,  -1.18001872,   0.83283292,    25.62238635,  73.49520553,  27.0688369 ], [ -59.52891888, -16.41887712,  21.1640447 ,  -5.59730839,   0.00421251,    -2.63488567,  -3.63612582,  -4.48350371,  -3.9482148 ,  -1.84527601,     2.77116122,  27.0688369 ,  65.0575532 ]]
/root/sim/music/out/Van_Halen/1984/05_Drop_Dead_Legs.mp3; [-636.79156  ,  85.43414  ,  -7.5457177,  15.5164   ,  -0.4766439,   -6.6039047,   0.915479 ,  -3.933403 ,   1.4563407,  -2.606794 ,   -4.9765577,  -5.1664605,  -3.071722 ]; [[13910.6054267 , -396.70461472,  539.98657369,  -31.61175386,    170.17839993,  -54.55569506,  122.65040466,   85.00496161,     41.84884903,   55.91354925,   63.75486045,  -94.68473509,    -20.53842012], [ -396.70461472, 1174.64904637, -481.0490535 ,  177.85160148,    -99.20256639,  -40.65020413,   26.06304897,    8.39702273,     13.75966006,  -29.00779508,  -65.70993612,   20.05643371,    -19.60743301], [  539.98657369, -481.0490535 ,  965.816068  ,  -42.29737067,    160.36273927,   48.6397678 ,   27.95872206,   57.34736653,    -14.20911647,   16.54204998,   82.55606935,  -31.7159817 ,      2.3408901 ], [  -31.61175386,  177.85160148,  -42.29737067,  243.11830795,     64.81867776,   28.81315204,   14.05643856,   14.62589633,     19.90697419,   15.13958124,   -6.18877049,   23.60009644,     20.62194297], [  170.17839993,  -99.20256639,  160.36273927,   64.81867776,    188.98717044,   69.27686782,   36.66053618,   34.47553494,     29.60078803,   20.88681474,   15.70109541,    0.10570446,     14.50184544], [  -54.55569506,  -40.65020413,   48.6397678 ,   28.81315204,     69.27686782,  120.05061829,   53.44071896,   21.9406581 ,      5.38289552,    9.54446106,   13.8007096 ,    4.48664017,      5.29289012], [  122.65040466,   26.06304897,   27.95872206,   14.05643856,     36.66053618,   53.44071896,  118.02995002,   58.11884008,     14.73591453,    4.731121  ,   16.19160807,    5.54519477,      4.69058475], [   85.00496161,    8.39702273,   57.34736653,   14.62589633,     34.47553494,   21.9406581 ,   58.11884008,  104.50783855,     38.17350881,   11.11673148,   10.98171565,    4.36386909,      2.41037741], [   41.84884903,   13.75966006,  -14.20911647,   19.90697419,     29.60078803,    5.38289552,   14.73591453,   38.17350881,     93.79210631,   43.52842314,    3.4934742 ,   -0.91531813,      0.79549776], [   55.91354925,  -29.00779508,   16.54204998,   15.13958124,     20.88681474,    9.54446106,    4.731121  ,   11.11673148,     43.52842314,   85.8199879 ,   37.59264992,   -1.37755299,     -3.39760429], [   63.75486045,  -65.70993612,   82.55606935,   -6.18877049,     15.70109541,   13.8007096 ,   16.19160807,   10.98171565,      3.4934742 ,   37.59264992,   78.61524702,   22.75478257,      1.5343699 ], [  -94.68473509,   20.05643371,  -31.7159817 ,   23.60009644,      0.10570446,    4.48664017,    5.54519477,    4.36386909,     -0.91531813,   -1.37755299,   22.75478257,   68.29334743,     33.76828683], [  -20.53842012,  -19.60743301,    2.3408901 ,   20.62194297,     14.50184544,    5.29289012,    4.69058475,    2.41037741,      0.79549776,   -3.39760429,    1.5343699 ,   33.76828683,     66.04698787]]
/root/sim/music/out/Van_Halen/1984/02_Jump.mp3; [-652.45514   ,  76.649055  ,  22.774525  ,  22.131985  ,  -0.70444775,    1.6713881 ,  -3.9175198 ,  -1.8581493 ,  -1.437681  ,  -0.90394044,   -2.6642168 ,  -0.64439297,   0.6922685 ]; [[13551.69083899,  281.91619795,  -31.55796275,    1.26980945,    -85.23414199,  -85.27350875, -129.44948507, -105.48117642,    -25.03096935,  -15.83616668,  -54.21402524,  -31.77350973,     21.30738587], [  281.91619795,  423.15722516,   -6.92630663,    6.18642848,      1.71845068,   21.52446443,   19.06040114,   20.09263714,     12.17585753,  -10.2050851 ,    5.69018244,    0.44727324,    -12.36321792], [  -31.55796275,   -6.92630663,  325.03308613,   55.536147  ,     59.65166516,   12.58892728,   33.77981397,   25.35059397,     -3.06798691,  -11.47472884,    5.43260896,   -7.88261971,     -7.71470438], [    1.26980945,    6.18642848,   55.536147  ,  166.86293263,     64.11049124,   22.65164556,    2.32217545,   -5.35835401,      4.89935962,    9.24057053,   -4.84430189,    0.71595617,     16.44095913], [  -85.23414199,    1.71845068,   59.65166516,   64.11049124,    123.588149  ,   49.50429949,   14.49019761,    3.22571549,      9.82331698,   -4.50505629,   -9.86904761,   -3.33286947,     -0.63796736], [  -85.27350875,   21.52446443,   12.58892728,   22.65164556,     49.50429949,   80.77871016,   43.65116285,   12.97590028,      0.82577121,   -2.16688382,    2.68840044,    3.23987995,     -2.39027103], [ -129.44948507,   19.06040114,   33.77981397,    2.32217545,     14.49019761,   43.65116285,  105.51741005,   47.63540064,      6.48883374,   -3.19339043,    4.79697374,   -6.44105719,    -11.22755274], [ -105.48117642,   20.09263714,   25.35059397,   -5.35835401,      3.22571549,   12.97590028,   47.63540064,   77.65161777,     28.48308623,    3.62078978,    4.79120298,   -2.68572778,     -4.09643855], [  -25.03096935,   12.17585753,   -3.06798691,    4.89935962,      9.82331698,    0.82577121,    6.48883374,   28.48308623,     67.8082817 ,   30.36301381,    1.26504055,   -5.45161334,     -5.12953904], [  -15.83616668,  -10.2050851 ,  -11.47472884,    9.24057053,     -4.50505629,   -2.16688382,   -3.19339043,    3.62078978,     30.36301381,   65.20923833,   33.11831577,    6.33826129,      3.66548317], [  -54.21402524,    5.69018244,    5.43260896,   -4.84430189,     -9.86904761,    2.68840044,    4.79697374,    4.79120298,      1.26504055,   33.11831577,   67.31104658,   35.10074973,      8.04660111], [  -31.77350973,    0.44727324,   -7.88261971,    0.71595617,     -3.33286947,    3.23987995,   -6.44105719,   -2.68572778,     -5.45161334,    6.33826129,   35.10074973,   72.60932943,     35.37825067], [   21.30738587,  -12.36321792,   -7.71470438,   16.44095913,     -0.63796736,   -2.39027103,  -11.22755274,   -4.09643855,     -5.12953904,    3.66548317,    8.04660111,   35.37825067,     65.33205555]]
/root/sim/music/out/Van_Halen/1984/09_House_Of_Pain.mp3; [-618.80334   ,  60.42938   ,   8.239981  ,  12.27536   ,   5.6986775 ,    6.693332  ,  -0.49251127,   2.7944958 ,   3.465066  ,   2.3155453 ,   -4.822079  ,  -2.4332433 ,  -2.7325442 ]; [[16850.47565154,  395.06504243,  181.17866839,   19.81823218,   -308.38347217, -172.05006115,  -99.06916733,    6.0120403 ,    -10.25861408,   57.5073945 ,   -1.83331545,  -53.18878216,   -132.84718004], [  395.06504243,  548.48706211, -123.73899133,  124.45925955,     -7.38113153,   -9.57150908,   -3.59369922,    6.4848921 ,     29.06893395,   -4.11920427,  -12.72421678,   23.81459718,     -8.85485319], [  181.17866839, -123.73899133,  540.90513917,   74.22329718,     92.68531605,   32.28030497,   48.65721126,   90.72964698,     36.42063553,   47.58613634,   54.49984774,    4.42730202,     21.92188122], [   19.81823218,  124.45925955,   74.22329718,  237.44690883,    119.0527262 ,   73.93089649,   38.04797112,   50.51139028,     42.80308125,   40.75797766,   12.4839602 ,   26.39233303,     13.44713073], [ -308.38347217,   -7.38113153,   92.68531605,  119.0527262 ,    222.05141384,   96.69679358,   57.36896713,   60.70007809,     56.14786349,   25.05448259,   17.57104346,   39.07575907,     29.83695143], [ -172.05006115,   -9.57150908,   32.28030497,   73.93089649,     96.69679358,  130.00054766,   68.93061314,   42.48006731,     25.79312316,   27.08114491,    9.30332613,   10.99909602,      4.88617732], [  -99.06916733,   -3.59369922,   48.65721126,   38.04797112,     57.36896713,   68.93061314,  108.62530095,   69.45624089,     36.58278522,   25.74287287,   18.55039509,    8.91759236,     -0.80915601], [    6.0120403 ,    6.4848921 ,   90.72964698,   50.51139028,     60.70007809,   42.48006731,   69.45624089,  113.39391602,     65.03369762,   34.45289713,   18.48166735,   13.28421005,      2.75808383], [  -10.25861408,   29.06893395,   36.42063553,   42.80308125,     56.14786349,   25.79312316,   36.58278522,   65.03369762,     97.82936004,   48.54953211,   14.94668912,    5.85760874,      1.00330872], [   57.5073945 ,   -4.11920427,   47.58613634,   40.75797766,     25.05448259,   27.08114491,   25.74287287,   34.45289713,     48.54953211,   83.86772011,   37.847111  ,   -0.3320833 ,     -7.25898919], [   -1.83331545,  -12.72421678,   54.49984774,   12.4839602 ,     17.57104346,    9.30332613,   18.55039509,   18.48166735,     14.94668912,   37.847111  ,   66.64199774,   23.64941121,     -0.49361785], [  -53.18878216,   23.81459718,    4.42730202,   26.39233303,     39.07575907,   10.99909602,    8.91759236,   13.28421005,      5.85760874,   -0.3320833 ,   23.64941121,   71.65264391,     32.68666155], [ -132.84718004,   -8.85485319,   21.92188122,   13.44713073,     29.83695143,    4.88617732,   -0.80915601,    2.75808383,      1.00330872,   -7.25898919,   -0.49361785,   32.68666155,     57.9220838 ]]
