/root/sim/music/out/山下達郎/OPUS_～ALL_TIME_BEST_1975-2012～_[Disc_1]/01_DOWN_TOWN.mp3; [-558.3834    , 141.50287   , -18.993069  ,  31.155935  ,   8.36733   ,   -0.9107865 ,  -0.9119764 ,   2.649678  ,  -9.569541  ,   0.00962281,   -3.9430115 ,  -0.9206524 ,  -1.5137992 ]; [[14523.14110571,  -57.73022301, -195.73053661,  177.11583705,   -225.92685307, -204.56557888, -203.45199202,   24.11548215,   -296.3678462 ,   72.66401736, -202.2720364 ,  -96.65873436,   -111.02629197], [  -57.73022301, 1723.61708131, -499.58840197,  336.80999016,    -27.29726195,   14.71837076,  112.03015795,  -34.91168002,     38.77323755,  -47.31115746,   28.38057924,   40.83068448,     30.47745613], [ -195.73053661, -499.58840197,  664.99852265, -116.69016143,    147.74339214,   18.23170929,   -5.54493664,   54.84975048,     11.84784295,   15.83741286,    9.05148849,  -17.40933597,      7.64418457], [  177.11583705,  336.80999016, -116.69016143,  399.3387347 ,     26.80208391,   38.31016591,    5.91197639,  -10.1049231 ,     60.1764853 ,  -65.91674062,  -45.97249306,    4.43063225,     23.05785098], [ -225.92685307,  -27.29726195,  147.74339214,   26.80208391,    226.27691705,   31.98540323,   -8.44752637,   17.10606956,      4.32694788,    2.79053961,   -1.26995611,   -5.29336837,     17.78451634], [ -204.56557888,   14.71837076,   18.23170929,   38.31016591,     31.98540323,  151.96365361,   41.79116508,  -17.01195242,     30.3488533 ,  -18.60328934,    6.53750677,   -3.74344921,    -25.14480676], [ -203.45199202,  112.03015795,   -5.54493664,    5.91197639,     -8.44752637,   41.79116508,  112.83741314,   19.56377753,     15.30076894,   -1.01131674,   14.5508453 ,    9.77178638,     -9.80787565], [   24.11548215,  -34.91168002,   54.84975048,  -10.1049231 ,     17.10606956,  -17.01195242,   19.56377753,   94.54103939,      3.53285286,   15.37102675,   -1.61921936,    0.36579814,     11.27636399], [ -296.3678462 ,   38.77323755,   11.84784295,   60.1764853 ,      4.32694788,   30.3488533 ,   15.30076894,    3.53285286,    121.91598702,   -2.19447512,    1.2875518 ,    8.92161256,     -1.03902278], [   72.66401736,  -47.31115746,   15.83741286,  -65.91674062,      2.79053961,  -18.60328934,   -1.01131674,   15.37102675,     -2.19447512,  106.89413086,   34.90740764,   -4.35888056,     -5.95333244], [ -202.2720364 ,   28.38057924,    9.05148849,  -45.97249306,     -1.26995611,    6.53750677,   14.5508453 ,   -1.61921936,      1.2875518 ,   34.90740764,   89.48599807,   16.45469474,      0.85413849], [  -96.65873436,   40.83068448,  -17.40933597,    4.43063225,     -5.29336837,   -3.74344921,    9.77178638,    0.36579814,      8.92161256,   -4.35888056,   16.45469474,   73.96992165,     27.3999004 ], [ -111.02629197,   30.47745613,    7.64418457,   23.05785098,     17.78451634,  -25.14480676,   -9.80787565,   11.27636399,     -1.03902278,   -5.95333244,    0.85413849,   27.3999004 ,     79.43541239]]
/root/sim/music/out/山下達郎/OPUS_～ALL_TIME_BEST_1975-2012～_[Disc_1]/04_WINDY_LADY.mp3; [-574.58936  , 108.866165 ,  -4.921839 ,  24.81414  ,  -3.761963 ,    2.143884 ,  -5.485857 ,   1.5137873,  -2.1153603,   1.6582838,   -4.114774 ,  -3.3574696,  -2.153848 ]; [[16687.58412254,-1341.82181687, -407.23549113, -118.18299839,    -68.06836891, -194.1630386 ,  -78.2991541 ,  115.120801  ,    -51.55652263,   -8.40666158,  -26.61349783,   31.24507392,    -91.78045174], [-1341.82181687, 1709.13912104,  -22.0876796 ,   92.90302874,     -7.08810831,   84.42976733,   61.57845015,   38.03376073,    -35.29520098,    0.94861582,   -8.78735447,   -1.18140038,     58.20088892], [ -407.23549113,  -22.0876796 ,  738.78798837,   59.56301046,     59.64640624,  114.12258136,   47.64068111,   19.77757944,     65.97046068,   -1.62250498,  -33.19859131,   12.12213629,     -2.21077716], [ -118.18299839,   92.90302874,   59.56301046,  313.50641275,    124.28298497,   46.22577177,    3.91481079,   23.00278846,     52.85967184,   16.83254262,   31.71777656,   23.99099989,     17.35054765], [  -68.06836891,   -7.08810831,   59.64640624,  124.28298497,    211.74291648,   50.92123073,    2.52790543,   12.87119618,     17.92916484,    5.31851461,   13.85551741,   -1.74081012,     -4.53129109], [ -194.1630386 ,   84.42976733,  114.12258136,   46.22577177,     50.92123073,  161.63465817,   64.07116523,    2.93628484,     41.48896164,    7.76949797,   -0.0212093 ,   24.46576641,      0.82678608], [  -78.2991541 ,   61.57845015,   47.64068111,    3.91481079,      2.52790543,   64.07116523,  133.25477979,   51.97401761,     20.68629002,    7.903799  ,    9.30807063,   29.61164415,     12.64662277], [  115.120801  ,   38.03376073,   19.77757944,   23.00278846,     12.87119618,    2.93628484,   51.97401761,  125.31899801,     24.66518783,    2.49148504,    6.72117982,   16.29926302,     25.6092622 ], [  -51.55652263,  -35.29520098,   65.97046068,   52.85967184,     17.92916484,   41.48896164,   20.68629002,   24.66518783,    104.70291372,   18.12050149,   -3.10269826,   15.71456259,     -0.9130357 ], [   -8.40666158,    0.94861582,   -1.62250498,   16.83254262,      5.31851461,    7.76949797,    7.903799  ,    2.49148504,     18.12050149,  101.76092045,   55.79128075,    2.1060302 ,      9.05800633], [  -26.61349783,   -8.78735447,  -33.19859131,   31.71777656,     13.85551741,   -0.0212093 ,    9.30807063,    6.72117982,     -3.10269826,   55.79128075,  102.53003605,   42.32329652,     15.38245571], [   31.24507392,   -1.18140038,   12.12213629,   23.99099989,     -1.74081012,   24.46576641,   29.61164415,   16.29926302,     15.71456259,    2.1060302 ,   42.32329652,  117.89688496,     43.23220276], [  -91.78045174,   58.20088892,   -2.21077716,   17.35054765,     -4.53129109,    0.82678608,   12.64662277,   25.6092622 ,     -0.9130357 ,    9.05800633,   15.38245571,   43.23220276,     86.00622395]]
/root/sim/music/out/山下達郎/OPUS_～ALL_TIME_BEST_1975-2012～_[Disc_1]/15_LOVELAND_ISLAND.mp3; [-549.0076    , 122.77076   , -10.0774    ,  14.402457  ,   0.80351055,    2.0470262 ,  -2.6380057 ,   9.662167  , -11.734078  ,   1.5288397 ,    2.5925725 ,  -2.5199912 ,  -2.356218  ]; [[10673.6956951 ,  620.39157567, -170.49562051,  170.0011241 ,    -11.4104429 ,  106.5317387 ,   81.26975303,  216.80328023,   -107.23765738,   76.22063777,   69.3575371 ,  -15.99626749,     -8.1633348 ], [  620.39157567,  639.55416488,  -36.71464526,  -58.66491434,     18.10471657,   21.36757679,   18.7431582 ,   56.50392523,    -43.12748573,   -5.78858221,   21.99246004,   -2.39576497,     11.90286535], [ -170.49562051,  -36.71464526,  390.67737654,  138.84526695,     18.75506134,   63.8000316 ,   28.28724784,  -40.67429657,     92.22149257,  -22.15715017,  -18.15442231,   23.79830184,     36.98867541], [  170.0011241 ,  -58.66491434,  138.84526695,  384.95961101,    107.30761566,  -15.31796021,    1.61381117,  -31.71499632,    109.12211861,   22.5156249 ,  -85.0322602 ,    4.38060008,     45.70206047], [  -11.4104429 ,   18.10471657,   18.75506134,  107.30761566,    156.74881367,   37.00504388,   11.85792638,   23.8547834 ,     39.00153694,   19.76355888,   -5.8331549 ,   -8.98564353,      1.65664684], [  106.5317387 ,   21.36757679,   63.8000316 ,  -15.31796021,     37.00504388,  186.21162744,   89.62280139,   30.79303486,     36.89612481,    6.05645136,   50.14132378,    6.61060248,    -28.66413481], [   81.26975303,   18.7431582 ,   28.28724784,    1.61381117,     11.85792638,   89.62280139,  150.22007891,   58.20443916,     19.09435907,    6.79651076,   22.60728943,   14.62379944,    -13.9569156 ], [  216.80328023,   56.50392523,  -40.67429657,  -31.71499632,     23.8547834 ,   30.79303486,   58.20443916,  139.22707898,    -14.35752447,   17.1990555 ,   30.99404082,  -10.80125175,     -6.05947292], [ -107.23765738,  -43.12748573,   92.22149257,  109.12211861,     39.00153694,   36.89612481,   19.09435907,  -14.35752447,    155.05735939,   29.87395807,  -25.14418753,   -1.17174178,     -6.69557107], [   76.22063777,   -5.78858221,  -22.15715017,   22.5156249 ,     19.76355888,    6.05645136,    6.79651076,   17.1990555 ,     29.87395807,  102.71329758,   31.38143464,    3.53091223,    -13.32957657], [   69.3575371 ,   21.99246004,  -18.15442231,  -85.0322602 ,     -5.8331549 ,   50.14132378,   22.60728943,   30.99404082,    -25.14418753,   31.38143464,  121.27831659,   29.91245182,    -23.56668935], [  -15.99626749,   -2.39576497,   23.79830184,    4.38060008,     -8.98564353,    6.61060248,   14.62379944,  -10.80125175,     -1.17174178,    3.53091223,   29.91245182,   72.55615877,     24.4990531 ], [   -8.1633348 ,   11.90286535,   36.98867541,   45.70206047,      1.65664684,  -28.66413481,  -13.9569156 ,   -6.05947292,     -6.69557107,  -13.32957657,  -23.56668935,   24.4990531 ,     94.98360295]]
/root/sim/music/out/山下達郎/OPUS_～ALL_TIME_BEST_1975-2012～_[Disc_1]/03_パレード.mp3; [-554.2521    , 134.15015   ,  -1.395588  ,   3.3974087 ,   3.967521  ,   -7.649837  ,  -8.07701   ,   2.8784275 ,  -8.713115  ,   6.104502  ,    0.4438095 ,  -0.14367248,  -1.3899323 ]; [[14418.86351169,  807.17846098,  -28.61585559,  -93.44792026,      3.55680575,  -41.14946582,  -54.38207195,  153.99656162,      5.74069161,  267.9462495 ,   44.57478457,  -55.5769072 ,   -119.03519606], [  807.17846098,  948.28848732, -109.18204629,   49.12043576,     69.07738592,  -13.18679935,   32.10617571,   69.20668209,    -49.23944228,   45.9785771 ,   20.27634989,   -0.87443063,     29.01345195], [  -28.61585559, -109.18204629,  501.88168013,  189.87681687,     68.22865981,   86.97359835,   80.30497251,    8.66921769,     80.32635143,   12.00817688,   35.50630909,   22.42282207,     12.47303753], [  -93.44792026,   49.12043576,  189.87681687,  331.33746282,    102.23212231,   53.05922371,    5.4036404 ,  -13.82727762,     86.0896804 ,   -5.56776417,    4.80586485,    9.6096329 ,     24.11206992], [    3.55680575,   69.07738592,   68.22865981,  102.23212231,    196.04875092,   34.95454304,   -3.94930577,   27.92434118,     32.16768633,   16.89570912,   14.19977274,   17.63725197,     30.43167892], [  -41.14946582,  -13.18679935,   86.97359835,   53.05922371,     34.95454304,  165.72883313,   79.08315971,    9.45006887,     70.90615796,   -2.37801453,   23.86027516,   31.35778703,     -5.71374683], [  -54.38207195,   32.10617571,   80.30497251,    5.4036404 ,     -3.94930577,   79.08315971,  169.23356464,   67.35340916,     29.12654107,   23.81740208,   23.34800175,   25.89760844,      3.22670392], [  153.99656162,   69.20668209,    8.66921769,  -13.82727762,     27.92434118,    9.45006887,   67.35340916,  151.59032625,     -8.16855838,   43.13703391,   20.60211707,    1.22156226,      9.92198915], [    5.74069161,  -49.23944228,   80.32635143,   86.0896804 ,     32.16768633,   70.90615796,   29.12654107,   -8.16855838,    173.9561259 ,   11.68267386,    4.34128527,   17.24196387,     -4.3314877 ], [  267.9462495 ,   45.9785771 ,   12.00817688,   -5.56776417,     16.89570912,   -2.37801453,   23.81740208,   43.13703391,     11.68267386,  135.11568489,   41.75783811,  -21.49778111,    -24.49636883], [   44.57478457,   20.27634989,   35.50630909,    4.80586485,     14.19977274,   23.86027516,   23.34800175,   20.60211707,      4.34128527,   41.75783811,   86.3658384 ,   36.85580272,     -3.26016455], [  -55.5769072 ,   -0.87443063,   22.42282207,    9.6096329 ,     17.63725197,   31.35778703,   25.89760844,    1.22156226,     17.24196387,  -21.49778111,   36.85580272,  112.67388952,     36.48895369], [ -119.03519606,   29.01345195,   12.47303753,   24.11206992,     30.43167892,   -5.71374683,    3.22670392,    9.92198915,     -4.3314877 ,  -24.49636883,   -3.26016455,   36.48895369,     87.4624314 ]]
/root/sim/music/out/山下達郎/OPUS_～ALL_TIME_BEST_1975-2012～_[Disc_1]/11_FUNKY_FLUSHIN'.mp3; [-563.75934   ,  64.60882   ,  -3.01193   ,  22.223166  ,  -1.8255502 ,   13.898321  ,   3.7449179 ,   7.8818264 ,  -0.12711616,   1.2745093 ,   -0.89304143,  -1.7763617 ,  -0.31904474]; [[21446.587244  ,-1294.91424736, -716.40520485, -433.75517681,   -637.23622329,    3.1273704 ,  262.07026826,   47.54167834,    -23.13093717,  213.71319245,   85.22394457, -254.59592594,   -187.89658707], [-1294.91424736, 1811.18177091, -427.98575991,  117.73889508,    279.41895085,   53.35332217,   56.52755997,   84.46579712,    -28.2820108 ,   39.25605734,   58.10513887,   40.71509963,    -17.28938751], [ -716.40520485, -427.98575991,  901.37937226,  157.56944908,    -31.03492018,   77.71035571,   20.57646131,  -42.63181005,     33.18803976,  -57.88920281,  -16.41645877,   10.86007293,     17.0139382 ], [ -433.75517681,  117.73889508,  157.56944908,  397.8385714 ,    150.08330608,   29.38708347,   14.12030208,   14.46313772,     37.68073812,  -13.61735959,   -3.42527576,   26.88778965,      8.81689833], [ -637.23622329,  279.41895085,  -31.03492018,  150.08330608,    327.18837043,   64.9415515 ,   45.10995294,   29.87110436,     31.66974021,   12.63631754,   32.03516481,   30.09304364,     -8.68190665], [    3.1273704 ,   53.35332217,   77.71035571,   29.38708347,     64.9415515 ,  183.4813099 ,   92.61038922,  -10.04543544,     40.97766198,   22.37813417,   13.56440467,    6.11236894,     -0.15735194], [  262.07026826,   56.52755997,   20.57646131,   14.12030208,     45.10995294,   92.61038922,  196.15320471,   40.11582981,     34.31291148,   35.53877678,   37.45795125,    7.49445929,    -18.15187905], [   47.54167834,   84.46579712,  -42.63181005,   14.46313772,     29.87110436,  -10.04543544,   40.11582981,  162.65317227,     21.29653856,   24.02537694,    9.30652562,   -6.24422449,      2.63583148], [  -23.13093717,  -28.2820108 ,   33.18803976,   37.68073812,     31.66974021,   40.97766198,   34.31291148,   21.29653856,    138.92905848,   44.32346659,   -4.34962679,    5.03429195,     -0.07004692], [  213.71319245,   39.25605734,  -57.88920281,  -13.61735959,     12.63631754,   22.37813417,   35.53877678,   24.02537694,     44.32346659,  125.52918223,   44.65738616,   -6.29286307,    -11.3439576 ], [   85.22394457,   58.10513887,  -16.41645877,   -3.42527576,     32.03516481,   13.56440467,   37.45795125,    9.30652562,     -4.34962679,   44.65738616,  114.8641791 ,   25.73572656,    -10.15521466], [ -254.59592594,   40.71509963,   10.86007293,   26.88778965,     30.09304364,    6.11236894,    7.49445929,   -6.24422449,      5.03429195,   -6.29286307,   25.73572656,   85.48124561,     36.20360417], [ -187.89658707,  -17.28938751,   17.0139382 ,    8.81689833,     -8.68190665,   -0.15735194,  -18.15187905,    2.63583148,     -0.07004692,  -11.3439576 ,  -10.15521466,   36.20360417,     87.61681808]]
/root/sim/music/out/山下達郎/OPUS_～ALL_TIME_BEST_1975-2012～_[Disc_1]/14_SPARKLE.mp3; [-547.1281    , 103.38187   , -23.619614  ,  15.357358  ,  -2.6276987 ,    6.871024  ,  -0.47099927,   6.663496  ,  -5.244301  ,  -1.0410084 ,   -3.0871148 ,  -4.2139206 ,  -3.2266297 ]; [[15882.79369034,  666.59777637, -294.04249351,  340.76676545,    134.2082232 ,  108.37854033,  172.7515026 ,   43.16940972,   -105.16288507,   50.72270244,   58.77408387, -136.54161675,   -166.71143252], [  666.59777637,  814.67144371,  -46.53636428,   28.62459535,     69.19934446,   67.05687965,   42.57682306,   95.81293182,    -14.98566286,   28.66793595,   22.13918359,    1.36790191,     -8.03549489], [ -294.04249351,  -46.53636428,  533.21349724,  157.85984431,     90.25992539,  185.95236093,   66.67702538,   29.12936759,     83.60326192,  -25.3149331 ,   13.13660076,   21.93356168,     11.47127524], [  340.76676545,   28.62459535,  157.85984431,  358.41648205,    121.4741272 ,  103.00053965,   65.28293523,   46.70499851,     47.91122447,   22.80663768,  -13.84084072,   -2.59649194,      9.39774409], [  134.2082232 ,   69.19934446,   90.25992539,  121.4741272 ,    193.7538386 ,   89.28670429,   47.05156216,   37.49726451,     38.2924631 ,   29.02468419,   27.6820075 ,    2.52753556,     -0.41846578], [  108.37854033,   67.05687965,  185.95236093,  103.00053965,     89.28670429,  223.58507686,   92.22082158,   47.46675118,     55.02281313,   13.30710748,   19.12280856,    6.60903264,     -5.89395796], [  172.7515026 ,   42.57682306,   66.67702538,   65.28293523,     47.05156216,   92.22082158,  172.95337305,   59.39334617,     34.72049554,   26.61858755,   16.23411972,    7.48797674,     -4.31466388], [   43.16940972,   95.81293182,   29.12936759,   46.70499851,     37.49726451,   47.46675118,   59.39334617,  117.15629057,     36.92011154,   22.88666462,   13.28475075,   -5.11161027,     -4.43252937], [ -105.16288507,  -14.98566286,   83.60326192,   47.91122447,     38.2924631 ,   55.02281313,   34.72049554,   36.92011154,    122.91033847,   39.02035852,    3.25767061,    3.3731954 ,     11.14998407], [   50.72270244,   28.66793595,  -25.3149331 ,   22.80663768,     29.02468419,   13.30710748,   26.61858755,   22.88666462,     39.02035852,  102.8882594 ,   33.75530244,   -1.0142922 ,     -8.24714718], [   58.77408387,   22.13918359,   13.13660076,  -13.84084072,     27.6820075 ,   19.12280856,   16.23411972,   13.28475075,      3.25767061,   33.75530244,   86.61130355,   30.56396688,     -6.95874413], [ -136.54161675,    1.36790191,   21.93356168,   -2.59649194,      2.52753556,    6.60903264,    7.48797674,   -5.11161027,      3.3731954 ,   -1.0142922 ,   30.56396688,   78.61595795,     34.31445532], [ -166.71143252,   -8.03549489,   11.47127524,    9.39774409,     -0.41846578,   -5.89395796,   -4.31466388,   -4.43252937,     11.14998407,   -8.24714718,   -6.95874413,   34.31445532,     78.27147481]]
/root/sim/music/out/山下達郎/OPUS_～ALL_TIME_BEST_1975-2012～_[Disc_1]/08_LET'S_DANCE_BABY.mp3; [-610.4797   , 111.95593  ,  11.78571  ,  21.58129  ,  -2.7602735,   -1.9053777,  -5.096179 ,   3.3824527,  -5.892165 ,   5.8852673,   -0.4318718,  -2.8409274,  -2.3710852]; [[18422.37992461, 1226.05936704, -275.27419148,  453.50097109,      0.2036738 ,  166.39104222,   64.04666946,  514.44200436,   -326.16592725,  265.84030966,   77.73676549, -248.58412247,   -179.24131929], [ 1226.05936704, 1310.95339858,   91.60610657,  147.2356723 ,    196.46908039,   65.40812414,  122.2745355 ,   75.22678463,     38.03856285,   63.57644488,   24.13944641,   15.07760414,     -3.06866215], [ -275.27419148,   91.60610657,  583.68033951,  169.10741521,     87.36429733,  151.88297385,  105.98303457,    8.20028355,     73.20462416,   -2.68036787,   14.35129336,   22.17690595,      3.38632123], [  453.50097109,  147.2356723 ,  169.10741521,  426.62821768,    211.33519922,   87.92735169,   82.40239177,   49.57982147,     86.46745533,  -10.56540937,   -7.94193957,   14.55640996,      9.85582597], [    0.2036738 ,  196.46908039,   87.36429733,  211.33519922,    297.15126163,   95.24772257,   45.10794838,   74.45817429,     65.17599638,   29.66478503,    8.92043892,    6.47268359,      4.94889024], [  166.39104222,   65.40812414,  151.88297385,   87.92735169,     95.24772257,  233.26511289,  104.14220964,   43.67048186,     67.21668059,   -0.68501527,   23.54567702,   13.80337481,    -10.2396653 ], [   64.04666946,  122.2745355 ,  105.98303457,   82.40239177,     45.10794838,  104.14220964,  185.10939729,   62.06501753,     36.95493068,   30.62901168,   10.87240419,   -1.60775694,    -10.28866154], [  514.44200436,   75.22678463,    8.20028355,   49.57982147,     74.45817429,   43.67048186,   62.06501753,  228.713613  ,      2.95310004,   72.02659503,   26.25383976,  -49.25631282,    -15.17451083], [ -326.16592725,   38.03856285,   73.20462416,   86.46745533,     65.17599638,   67.21668059,   36.95493068,    2.95310004,    198.99135789,  -13.71970084,   -4.56936251,   33.56187978,     -4.34735339], [  265.84030966,   63.57644488,   -2.68036787,  -10.56540937,     29.66478503,   -0.68501527,   30.62901168,   72.02659503,    -13.71970084,  165.59732841,   46.04010217,  -38.47588534,    -13.94544708], [   77.73676549,   24.13944641,   14.35129336,   -7.94193957,      8.92043892,   23.54567702,   10.87240419,   26.25383976,     -4.56936251,   46.04010217,   89.76975636,   15.97791213,     -5.48666513], [ -248.58412247,   15.07760414,   22.17690595,   14.55640996,      6.47268359,   13.80337481,   -1.60775694,  -49.25631282,     33.56187978,  -38.47588534,   15.97791213,  114.05076591,     38.61927185], [ -179.24131929,   -3.06866215,    3.38632123,    9.85582597,      4.94889024,  -10.2396653 ,  -10.28866154,  -15.17451083,     -4.34735339,  -13.94544708,   -5.48666513,   38.61927185,     85.68767303]]
/root/sim/music/out/山下達郎/OPUS_～ALL_TIME_BEST_1975-2012～_[Disc_1]/05_LOVE_SPACE.mp3; [-540.57056   , 111.64087   , -12.314765  ,  18.842108  ,  -4.010118  ,    6.1760836 ,  -2.2483456 ,   7.373008  ,  -4.6526556 ,   0.66162485,   -2.8675263 ,  -5.6374416 ,  -6.194865  ]; [[11801.58251903,   70.66632805,   66.49528588, -179.8133358 ,   -181.48090365,   17.34858557,  -63.4056933 ,  130.70886222,   -125.45288507,  135.74478355,   -9.88313534, -211.60944376,   -254.58721754], [   70.66632805, 1091.55106238, -299.24369166,   49.6183815 ,     76.97067707,   27.04170823,   51.08598785,   41.89749116,    -34.57220431,   27.95591738,  -21.50934909,  -11.03552703,    -10.53085125], [   66.49528588, -299.24369166,  602.78846175,    6.64290506,     19.63207543,   54.55387095,   60.99526284,    8.84724284,    -36.0801065 ,  -14.77347529,   -6.9506696 ,  -28.42317183,     -5.00198714], [ -179.8133358 ,   49.6183815 ,    6.64290506,  319.16700899,     67.18759048,   55.74921644,  -13.53641501,  -24.10429709,     81.15486528,  -70.49336545,   -4.22791641,   40.04378039,     26.63283254], [ -181.48090365,   76.97067707,   19.63207543,   67.18759048,    177.48824472,   14.12756919,  -14.2883303 ,   -8.66094587,     18.64727644,  -23.15543031,  -14.97988831,   19.64675746,     35.22553819], [   17.34858557,   27.04170823,   54.55387095,   55.74921644,     14.12756919,  142.31205764,   50.68627226,   -8.5550344 ,     23.42933843,  -19.6072116 ,    2.54427307,    0.81242221,    -17.53794677], [  -63.4056933 ,   51.08598785,   60.99526284,  -13.53641501,    -14.2883303 ,   50.68627226,  142.6352965 ,   31.78813558,    -12.73729195,   24.75657145,   10.54215139,  -19.39814744,    -13.35504784], [  130.70886222,   41.89749116,    8.84724284,  -24.10429709,     -8.66094587,   -8.5550344 ,   31.78813558,  110.87146532,    -12.38022276,   48.93866624,    5.97312103,  -15.88842988,     -8.04002463], [ -125.45288507,  -34.57220431,  -36.0801065 ,   81.15486528,     18.64727644,   23.42933843,  -12.73729195,  -12.38022276,    140.65314832,   -8.74427483,   14.76213617,   28.08599963,     -1.69319887], [  135.74478355,   27.95591738,  -14.77347529,  -70.49336545,    -23.15543031,  -19.6072116 ,   24.75657145,   48.93866624,     -8.74427483,  139.40271826,   35.26311233,  -33.70129844,    -28.5853849 ], [   -9.88313534,  -21.50934909,   -6.9506696 ,   -4.22791641,    -14.97988831,    2.54427307,   10.54215139,    5.97312103,     14.76213617,   35.26311233,   77.86853389,   15.66675838,    -13.18065366], [ -211.60944376,  -11.03552703,  -28.42317183,   40.04378039,     19.64675746,    0.81242221,  -19.39814744,  -15.88842988,     28.08599963,  -33.70129844,   15.66675838,   92.13358687,     41.55166701], [ -254.58721754,  -10.53085125,   -5.00198714,   26.63283254,     35.22553819,  -17.53794677,  -13.35504784,   -8.04002463,     -1.69319887,  -28.5853849 ,  -13.18065366,   41.55166701,     95.23010218]]
/root/sim/music/out/山下達郎/OPUS_～ALL_TIME_BEST_1975-2012～_[Disc_3]/15_希望という名の光.mp3; [-644.893     , 176.858     ,  21.097054  ,  28.281553  ,   9.610332  ,    5.7307715 ,   3.358954  ,  15.712093  , -13.502072  ,   4.5484624 ,    0.65961957,  -2.5813317 ,   3.287439  ]; [[11541.80077955, -827.49446515, -809.54369662,  -11.36828852,   -181.0404164 , -262.62929608, -201.60669448,  238.44577749,   -415.46884851,  103.17083555,   24.56179822, -173.39395324,     44.35146421], [ -827.49446515, 1487.39169775,  108.95330013,  -28.35264372,     26.98343437,   36.69550465,   51.78179995,  -56.3671168 ,     40.78776009,   -9.78338648,  -17.2842624 ,   29.68026227,     -2.69259531], [ -809.54369662,  108.95330013,  541.69889679,   10.9488634 ,    -20.37971019,   91.74418769,   42.4036285 ,  -67.50199068,    110.57497599,  -50.43245821,  -13.14159072,   34.10389716,    -24.26642318], [  -11.36828852,  -28.35264372,   10.9488634 ,  218.24140314,     59.07087126,    0.52816614,  -46.10932365,  -23.50545697,     70.27863023,  -15.92445754,   -0.43461133,   16.91723258,      2.35384629], [ -181.0404164 ,   26.98343437,  -20.37971019,   59.07087126,    158.7945005 ,    8.22863563,  -28.07551297,   12.05220438,      4.17274931,    3.21889307,   13.53531096,    0.28418375,     17.82633387], [ -262.62929608,   36.69550465,   91.74418769,    0.52816614,      8.22863563,  143.67536646,   35.78135466,  -62.02109991,     62.58656848,  -19.22257454,    6.49146145,   29.5261084 ,    -23.63679285], [ -201.60669448,   51.78179995,   42.4036285 ,  -46.10932365,    -28.07551297,   35.78135466,  152.04312495,   22.51056624,    -19.96397886,    5.35111407,   13.32558273,   15.69861857,    -13.51896305], [  238.44577749,  -56.3671168 ,  -67.50199068,  -23.50545697,     12.05220438,  -62.02109991,   22.51056624,  199.09790051,    -97.50157732,   21.00085115,   14.16787229,  -37.94944313,     38.61070996], [ -415.46884851,   40.78776009,  110.57497599,   70.27863023,      4.17274931,   62.58656848,  -19.96397886,  -97.50157732,    249.83919243,  -19.00558741,  -17.99467713,   35.98307164,    -32.06378823], [  103.17083555,   -9.78338648,  -50.43245821,  -15.92445754,      3.21889307,  -19.22257454,    5.35111407,   21.00085115,    -19.00558741,   94.60346556,   19.79576452,   -7.63740646,      4.5388981 ], [   24.56179822,  -17.2842624 ,  -13.14159072,   -0.43461133,     13.53531096,    6.49146145,   13.32558273,   14.16787229,    -17.99467713,   19.79576452,   77.11336916,   16.94836275,     -5.27887215], [ -173.39395324,   29.68026227,   34.10389716,   16.91723258,      0.28418375,   29.5261084 ,   15.69861857,  -37.94944313,     35.98307164,   -7.63740646,   16.94836275,   73.24034131,     -4.86154709], [   44.35146421,   -2.69259531,  -24.26642318,    2.35384629,     17.82633387,  -23.63679285,  -13.51896305,   38.61070996,    -32.06378823,    4.5388981 ,   -5.27887215,   -4.86154709,     77.29770005]]
/root/sim/music/out/山下達郎/OPUS_～ALL_TIME_BEST_1975-2012～_[Disc_3]/08_忘れないで.mp3; [-557.8994    , 130.62753   ,  -8.394769  ,  25.4375    ,   1.7899127 ,   -0.26808494,   0.98633605,  17.891968  , -11.738612  ,   3.7981675 ,    0.44119877,  -4.931893  ,   0.86323386]; [[12661.0824453 , -247.25117622,  -46.23270327,  -35.80116499,     19.63065057,  -87.5434711 ,   84.00707027,  450.36631318,   -322.95775143,  117.50568884,  132.53340731, -156.35220858,   -169.61018958], [ -247.25117622, 1025.07117128,  -96.51700888,   91.9312567 ,    -11.32152033,   62.99929654,   49.52834905,  -24.14533367,     74.69095568,   18.06675138,  -19.86079298,   53.13096194,     58.01680129], [  -46.23270327,  -96.51700888,  420.19272757,   57.43665978,    -25.52999979,   69.94763207,   19.40145919,  -95.48392126,    115.2004859 ,  -48.86645993,  -41.69007823,   50.18308435,      9.25591281], [  -35.80116499,   91.9312567 ,   57.43665978,  280.07467534,     81.48857168,   16.58420733,  -46.66356891,  -37.97011164,     63.26908249,  -36.35960345,  -26.40997041,   28.25870801,     37.84023694], [   19.63065057,  -11.32152033,  -25.52999979,   81.48857168,    169.72102415,   -0.3249755 ,  -57.90314583,   -6.59173246,     12.80165308,    4.88880057,   -0.07138398,    3.15360779,     11.58689701], [  -87.5434711 ,   62.99929654,   69.94763207,   16.58420733,     -0.3249755 ,  171.80771808,   42.64607752,  -50.36624482,     86.03188429,  -14.81453914,    4.53850506,   50.74750617,     -6.5181793 ], [   84.00707027,   49.52834905,   19.40145919,  -46.66356891,    -57.90314583,   42.64607752,  153.80013543,   11.30179318,     15.49879352,    4.75526188,   10.15025544,   23.86617271,    -14.4456691 ], [  450.36631318,  -24.14533367,  -95.48392126,  -37.97011164,     -6.59173246,  -50.36624482,   11.30179318,  171.94174813,    -83.9498669 ,   26.7913395 ,   25.04722651,  -46.73749932,      2.38677958], [ -322.95775143,   74.69095568,  115.2004859 ,   63.26908249,     12.80165308,   86.03188429,   15.49879352,  -83.9498669 ,    201.36655406,   -4.54047575,  -23.83892099,   61.88397459,      9.17823351], [  117.50568884,   18.06675138,  -48.86645993,  -36.35960345,      4.88880057,  -14.81453914,    4.75526188,   26.7913395 ,     -4.54047575,  107.65950768,   30.13457449,  -20.85318655,    -14.50283005], [  132.53340731,  -19.86079298,  -41.69007823,  -26.40997041,     -0.07138398,    4.53850506,   10.15025544,   25.04722651,    -23.83892099,   30.13457449,   83.57592874,    5.5368962 ,    -16.89105311], [ -156.35220858,   53.13096194,   50.18308435,   28.25870801,      3.15360779,   50.74750617,   23.86617271,  -46.73749932,     61.88397459,  -20.85318655,    5.5368962 ,  100.7452199 ,     21.46824431], [ -169.61018958,   58.01680129,    9.25591281,   37.84023694,     11.58689701,   -6.5181793 ,  -14.4456691 ,    2.38677958,      9.17823351,  -14.50283005,  -16.89105311,   21.46824431,     88.22295777]]
/root/sim/music/out/山下達郎/OPUS_～ALL_TIME_BEST_1975-2012～_[Disc_3]/01_ヘロン.mp3; [-527.8726    , 122.01844   ,   1.9746307 ,  18.739305  ,   0.9788921 ,   -0.20303802,  -0.15860334,  10.125437  ,  -8.171349  ,  -1.476918  ,    0.86709195,  -7.348094  ,  -2.6130679 ]; [[13660.88880379,  859.93761975, -271.67022214,  110.06471093,   -106.98001662, -101.61443302,  -83.41782636,   45.61030465,   -165.58400495,  -65.29024867,  -27.96442485, -127.61268902,    -39.48654925], [  859.93761975,  510.10726921,  -86.98596465,  -71.98500226,    -67.6504732 ,  -46.80091163,    8.43619447,   31.41335557,    -57.88579134,   19.73339133,   22.93852353,  -10.01211808,    -13.58304263], [ -271.67022214,  -86.98596465,  317.94847966,   79.85681138,     29.2777024 ,   58.65733653,   -1.66311458,  -65.0112912 ,     78.4459907 ,  -55.00133288,  -35.66988141,   28.20301757,      6.64964397], [  110.06471093,  -71.98500226,   79.85681138,  204.74758976,     80.08792465,   -2.64794464,  -15.88186342,  -13.67016374,     31.23580911,   -7.77803806,  -31.42842157,   -1.43633185,     18.01151343], [ -106.98001662,  -67.6504732 ,   29.2777024 ,   80.08792465,    136.66948414,   45.90396885,  -15.09779099,  -12.47554151,     25.67020103,   -8.01737642,  -12.09343452,   -3.20445065,      1.58190569], [ -101.61443302,  -46.80091163,   58.65733653,   -2.64794464,     45.90396885,  151.65723172,   34.48493503,  -28.24834926,     30.92709125,  -31.17229313,    0.72105764,   13.99927378,    -19.26696242], [  -83.41782636,    8.43619447,   -1.66311458,  -15.88186342,    -15.09779099,   34.48493503,  122.06071219,   36.91904901,    -10.09258243,    1.7430126 ,    5.31754875,   -1.25664034,    -13.41469827], [   45.61030465,   31.41335557,  -65.0112912 ,  -13.67016374,    -12.47554151,  -28.24834926,   36.91904901,  112.11849341,    -21.50987796,   28.69578781,    9.68629285,  -22.94874292,     -0.77826125], [ -165.58400495,  -57.88579134,   78.4459907 ,   31.23580911,     25.67020103,   30.92709125,  -10.09258243,  -21.50987796,    125.42488089,   -4.10951542,  -14.03252077,    2.98829505,    -14.91130925], [  -65.29024867,   19.73339133,  -55.00133288,   -7.77803806,     -8.01737642,  -31.17229313,    1.7430126 ,   28.69578781,     -4.10951542,   96.67482989,   30.30783112,  -13.9439453 ,     -9.72090954], [  -27.96442485,   22.93852353,  -35.66988141,  -31.42842157,    -12.09343452,    0.72105764,    5.31754875,    9.68629285,    -14.03252077,   30.30783112,   67.91966044,   10.16267161,     -9.27287302], [ -127.61268902,  -10.01211808,   28.20301757,   -1.43633185,     -3.20445065,   13.99927378,   -1.25664034,  -22.94874292,      2.98829505,  -13.9439453 ,   10.16267161,   64.36568102,     20.45205483], [  -39.48654925,  -13.58304263,    6.64964397,   18.01151343,      1.58190569,  -19.26696242,  -13.41469827,   -0.77826125,    -14.91130925,   -9.72090954,   -9.27287302,   20.45205483,     68.67242196]]
/root/sim/music/out/山下達郎/OPUS_～ALL_TIME_BEST_1975-2012～_[Disc_3]/13_愛してるって言えなくたって.mp3; [-627.9427    , 167.32753   ,  -6.1527944 ,  19.011257  ,   7.7910986 ,   -0.12092773,  -1.9777563 ,  12.016442  , -13.546153  ,   6.916553  ,    0.46901074,  -2.4048867 ,   6.7995143 ]; [[17216.27991693,-1774.79849868,  -12.90185082, -132.61878863,    -74.99867433, -217.14768861, -159.32916772,  672.17295001,   -522.02189372,  417.56907386,  129.05920427, -107.47169776,    168.8450295 ], [-1774.79849868, 2708.20747073, -597.50381634,  193.60291389,     67.95933683,   76.017159  ,   84.56829909, -250.94297758,    208.41600364,  -40.37470127,  -20.07247247,   87.6734964 ,    -25.15703681], [  -12.90185082, -597.50381634,  594.81272768,  -15.27403363,     28.53287187,   64.01305367,  -13.62231958,   24.8066981 ,     20.81053098,   -2.17550586,    8.3585666 ,   -0.30161501,     26.93406883], [ -132.61878863,  193.60291389,  -15.27403363,  361.57738787,     74.73231238,   44.43612394,   -8.91599079,  -77.055968  ,    131.67722985,  -35.11775428,  -23.31856251,   62.88335698,     23.20851277], [  -74.99867433,   67.95933683,   28.53287187,   74.73231238,    205.90195884,  -11.4873111 ,  -22.94918976,   27.740563  ,     -1.21654124,   -0.58367051,   -3.75115815,   -2.9314168 ,     28.08325785], [ -217.14768861,   76.017159  ,   64.01305367,   44.43612394,    -11.4873111 ,  212.68456386,   57.85064851,  -52.08934925,    101.25094703,  -20.8428911 ,   23.73963497,   58.99357371,    -14.97339212], [ -159.32916772,   84.56829909,  -13.62231958,   -8.91599079,    -22.94918976,   57.85064851,  216.25114029,   19.29054391,     48.07501735,   19.94377936,   27.58688329,   42.28722267,    -11.15898991], [  672.17295001, -250.94297758,   24.8066981 ,  -77.055968  ,     27.740563  ,  -52.08934925,   19.29054391,  255.03268668,   -128.10535459,   54.50303478,   43.75664864,  -51.77392745,     31.3772598 ], [ -522.02189372,  208.41600364,   20.81053098,  131.67722985,     -1.21654124,  101.25094703,   48.07501735, -128.10535459,    249.00396159,  -32.83338172,   -8.39510178,   87.87655181,    -17.69776493], [  417.56907386,  -40.37470127,   -2.17550586,  -35.11775428,     -0.58367051,  -20.8428911 ,   19.94377936,   54.50303478,    -32.83338172,  130.05607857,   28.64889794,    1.03451106,     10.86983355], [  129.05920427,  -20.07247247,    8.3585666 ,  -23.31856251,     -3.75115815,   23.73963497,   27.58688329,   43.75664864,     -8.39510178,   28.64889794,   98.66242463,    7.073263  ,      5.76146704], [ -107.47169776,   87.6734964 ,   -0.30161501,   62.88335698,     -2.9314168 ,   58.99357371,   42.28722267,  -51.77392745,     87.87655181,    1.03451106,    7.073263  ,  112.72958828,     -4.59471953], [  168.8450295 ,  -25.15703681,   26.93406883,   23.20851277,     28.08325785,  -14.97339212,  -11.15898991,   31.3772598 ,    -17.69776493,   10.86983355,    5.76146704,   -4.59471953,     81.72072138]]
/root/sim/music/out/山下達郎/OPUS_～ALL_TIME_BEST_1975-2012～_[Disc_3]/09_FOREVER_MINE.mp3; [-641.6066   , 186.6605   , -18.552414 ,  15.332053 ,   1.2476013,   -3.0517566,  -6.307907 ,  13.132008 , -18.679913 ,  -2.161068 ,   -4.9564424, -11.236896 ,   2.6899338]; [[17505.53590211,-3113.07672587, -594.55397286,  521.22571831,   -390.18030841, -406.49498795, -363.06639607,  878.33588669,   -923.75054418,  150.05603484,   16.96173434, -351.43307499,    387.54225934], [-3113.07672587, 3391.88951573, -383.69162501, -273.88369881,    167.85729557,   23.15634205,  141.45196257, -294.63522862,    194.44435421,  -52.41441691,  -40.6341387 ,   58.42740997,   -115.26942144], [ -594.55397286, -383.69162501,  528.4542714 ,  -30.07016615,    -35.43407832,  124.57232272,   15.76710801,  -69.9296224 ,    110.0538177 ,  -33.81251752,   10.48746115,   42.0014106 ,    -17.18890764], [  521.22571831, -273.88369881,  -30.07016615,  335.06985757,     23.73743046,  -25.43990724,  -43.54905732,   40.74708266,     12.69435532,   13.23966469,  -16.63362522,    5.78833121,     46.79664103], [ -390.18030841,  167.85729557,  -35.43407832,   23.73743046,    231.56301059,  -47.85832769,  -25.10623525,    5.62733927,     22.74697733,   14.72677792,   -4.61345407,   11.49993935,     32.61651222], [ -406.49498795,   23.15634205,  124.57232272,  -25.43990724,    -47.85832769,  223.33701414,   43.66301977,  -75.02059486,    109.03425449,  -35.33257037,    9.10407251,   45.66213911,    -52.18509313], [ -363.06639607,  141.45196257,   15.76710801,  -43.54905732,    -25.10623525,   43.66301977,  177.31895629,  -20.40951071,     48.96521442,   14.78710643,    6.36927306,   28.40951389,    -35.46333691], [  878.33588669, -294.63522862,  -69.9296224 ,   40.74708266,      5.62733927,  -75.02059486,  -20.40951071,  255.14564204,   -145.01594085,   41.4931653 ,   25.82512329,  -60.89126499,     71.07212584], [ -923.75054418,  194.44435421,  110.0538177 ,   12.69435532,     22.74697733,  109.03425449,   48.96521442, -145.01594085,    276.38731294,  -22.15959919,  -12.61156186,   84.56261611,    -57.13845855], [  150.05603484,  -52.41441691,  -33.81251752,   13.23966469,     14.72677792,  -35.33257037,   14.78710643,   41.4931653 ,    -22.15959919,  127.19911935,   17.41626053,   -8.20570615,     18.36319625], [   16.96173434,  -40.6341387 ,   10.48746115,  -16.63362522,     -4.61345407,    9.10407251,    6.36927306,   25.82512329,    -12.61156186,   17.41626053,   88.74161609,    3.07765008,      1.51986188], [ -351.43307499,   58.42740997,   42.0014106 ,    5.78833121,     11.49993935,   45.66213911,   28.40951389,  -60.89126499,     84.56261611,   -8.20570615,    3.07765008,  103.43195817,    -16.26334256], [  387.54225934, -115.26942144,  -17.18890764,   46.79664103,     32.61651222,  -52.18509313,  -35.46333691,   71.07212584,    -57.13845855,   18.36319625,    1.51986188,  -16.26334256,    125.03702078]]
