/root/sim/music/out/山下達郎/OPUS_～ALL_TIME_BEST_1975-2012～_[Disc_3]/07_2000トンの雨_[2003_NEW_VOCAL_REMIX].mp3; [-540.20654  , 127.5831   , -11.163295 ,  20.046074 ,   5.0422354,   -5.958887 ,  -7.301179 ,   5.897993 , -12.942298 ,   0.3706002,    1.3995249,  -1.6941224,   3.828845 ]; [[15395.45908372, 1485.31034648,   -4.00504281,  228.42584739,   -206.94714214,  -17.1810852 ,  -17.60870784,   98.58453608,   -220.90236369,    8.87901668,   48.61411464,    1.16737684,      2.26289622], [ 1485.31034648, 1066.47511564, -193.65201851,   24.0728857 ,     34.69874983,  -11.54000908,   54.29292059,   -1.35108017,    -19.41185348,   60.31036712,   32.53372556,    7.15104903,     29.36772445], [   -4.00504281, -193.65201851,  488.81992192,   65.47053898,     -6.31909257,  104.9233916 ,   13.86283139,  -52.70388514,     78.23843262,   -6.6231052 ,    8.35543131,   31.50767157,    -11.43525764], [  228.42584739,   24.0728857 ,   65.47053898,  295.35218028,    116.88340598,   26.80784783,  -26.20794442,   20.62462174,     45.88681143,   -0.04647236,   -8.43341861,   22.31300575,      2.36670519], [ -206.94714214,   34.69874983,   -6.31909257,  116.88340598,    195.24854249,   12.23283318,    0.81067541,   45.83171249,     20.8532002 ,   17.80173342,    8.91871591,   10.79615538,     16.47111691], [  -17.1810852 ,  -11.54000908,  104.9233916 ,   26.80784783,     12.23283318,  173.16539892,   62.83222374,   -8.33892356,     57.18361035,   -5.22034874,    1.95375551,    6.60768405,    -25.39290964], [  -17.60870784,   54.29292059,   13.86283139,  -26.20794442,      0.81067541,   62.83222374,  163.80090175,   57.02181933,      9.83726104,   17.81934453,    8.67445339,    2.16992525,     -4.8076947 ], [   98.58453608,   -1.35108017,  -52.70388514,   20.62462174,     45.83171249,   -8.33892356,   57.02181933,  189.68017703,    -44.88703453,   24.02893471,   14.0963908 ,  -27.28857057,     16.27420944], [ -220.90236369,  -19.41185348,   78.23843262,   45.88681143,     20.8532002 ,   57.18361035,    9.83726104,  -44.88703453,    152.61666576,   13.98521317,    1.63231065,   34.02073208,    -19.03279993], [    8.87901668,   60.31036712,   -6.6231052 ,   -0.04647236,     17.80173342,   -5.22034874,   17.81934453,   24.02893471,     13.98521317,   89.79810251,   29.28085575,    1.19839219,      7.76302977], [   48.61411464,   32.53372556,    8.35543131,   -8.43341861,      8.91871591,    1.95375551,    8.67445339,   14.0963908 ,      1.63231065,   29.28085575,   71.03937072,   23.94005457,      3.43782253], [    1.16737684,    7.15104903,   31.50767157,   22.31300575,     10.79615538,    6.60768405,    2.16992525,  -27.28857057,     34.02073208,    1.19839219,   23.94005457,   80.69741121,     21.74444395], [    2.26289622,   29.36772445,  -11.43525764,    2.36670519,     16.47111691,  -25.39290964,   -4.8076947 ,   16.27420944,    -19.03279993,    7.76302977,    3.43782253,   21.74444395,     80.75711565]]
/root/sim/music/out/山下達郎/OPUS_～ALL_TIME_BEST_1975-2012～_[Disc_3]/04_ドーナツ・ソング.mp3; [-576.4296   , 115.954    ,  30.948055 ,  33.80279  ,  11.839514 ,   12.508607 ,   1.0974158,  11.755391 ,  -9.492711 ,   3.0027907,    2.8109365,  -5.335012 ,  -3.1806014]; [[14385.60663793,  661.59136713,-1083.53849733, -422.48875697,   -149.41192871, -253.63404575, -139.6884207 ,  167.38795044,   -410.71996042,  158.99395414,  123.62268943,  -30.74988499,    -76.21267618], [  661.59136713,  945.04943996, -358.73420861, -203.23537238,    -35.11772713,  -92.10685522,    4.88362164,   36.31359205,   -109.96800823,   72.19850003,   94.09066999,   14.11474681,      8.98319371], [-1083.53849733, -358.73420861, 1121.13156968,  524.70938203,     86.99415707,  233.12621708,   26.7143095 ,  -99.29936668,    236.40553435, -146.91811446, -168.31156008,  -34.79408621,     -4.86125746], [ -422.48875697, -203.23537238,  524.70938203,  502.03145194,    136.20370285,   89.99538002,   -2.07174946,  -34.19803213,    152.74452621, -101.44130507, -120.48488019,  -52.8524019 ,      8.54081556], [ -149.41192871,  -35.11772713,   86.99415707,  136.20370285,    173.27243964,   48.70773185,  -31.12746853,  -14.42814004,     67.41762697,  -33.42690397,  -62.4743443 ,  -35.92252287,     -3.16057915], [ -253.63404575,  -92.10685522,  233.12621708,   89.99538002,     48.70773185,  195.778288  ,   37.10581961,  -48.48944688,     82.40064817,  -58.0287107 ,  -42.92914019,  -15.40465755,    -15.13921066], [ -139.6884207 ,    4.88362164,   26.7143095 ,   -2.07174946,    -31.12746853,   37.10581961,  124.20106324,   36.18719861,     -9.84588605,   -9.73989188,   10.38244781,    1.83501847,     -4.92172213], [  167.38795044,   36.31359205,  -99.29936668,  -34.19803213,    -14.42814004,  -48.48944688,   36.18719861,  143.68684241,    -43.87967511,   24.56783483,   29.63750642,   -4.28593554,     -4.00198517], [ -410.71996042, -109.96800823,  236.40553435,  152.74452621,     67.41762697,   82.40064817,   -9.84588605,  -43.87967511,    199.72014414,  -54.8302223 ,  -87.77609151,  -43.91994972,    -14.45960013], [  158.99395414,   72.19850003, -146.91811446, -101.44130507,    -33.42690397,  -58.0287107 ,   -9.73989188,   24.56783483,    -54.8302223 ,  123.34268439,   72.87530929,   19.23039283,      2.32904663], [  123.62268943,   94.09066999, -168.31156008, -120.48488019,    -62.4743443 ,  -42.92914019,   10.38244781,   29.63750642,    -87.77609151,   72.87530929,  142.01006395,   56.43770724,     -4.3215206 ], [  -30.74988499,   14.11474681,  -34.79408621,  -52.8524019 ,    -35.92252287,  -15.40465755,    1.83501847,   -4.28593554,    -43.91994972,   19.23039283,   56.43770724,   89.99076008,     26.78907992], [  -76.21267618,    8.98319371,   -4.86125746,    8.54081556,     -3.16057915,  -15.13921066,   -4.92172213,   -4.00198517,    -14.45960013,    2.32904663,   -4.3215206 ,   26.78907992,     73.64042346]]
/root/sim/music/out/仕分け前/銀魂Best3/04_ジレンマ.mp3; [-491.90982   , 100.8458    , -12.183311  ,  23.787462  ,   9.08831   ,    3.4243631 ,   8.685229  ,   5.0246015 ,   6.6349964 ,   6.6718955 ,   -3.8759227 ,  -0.97681546,  -1.1523584 ]; [[11911.39920786,  855.70612203, -171.23339761,  -51.46072997,    105.0140497 ,  -55.48396653,  128.43282431,   46.08658429,     15.48440391,    8.49133839, -135.58992884,  -42.94156616,     77.14596808], [  855.70612203,  647.6486691 , -225.33850525,   89.54569745,     -7.37498501,  -21.29866416,   46.88514446,   -8.94733309,     42.86967602,    5.28902007,  -14.24589934,   -3.75993714,    -29.29091723], [ -171.23339761, -225.33850525,  473.3585139 ,    3.57943406,    101.56673836,   46.26008708,  -40.43237324,   24.47117163,    -54.30009356,   10.78653198,   41.96077746,    6.66391491,     12.48624411], [  -51.46072997,   89.54569745,    3.57943406,  213.57979375,     48.409386  ,    6.14820038,  -26.14263765,   15.1359518 ,     20.77869032,   17.65808361,    8.1814279 ,   16.79114532,     -9.92516034], [  105.0140497 ,   -7.37498501,  101.56673836,   48.409386  ,    148.71522349,   28.72630882,    8.74951954,   17.85091108,     12.35739698,   15.13173231,   16.4390042 ,    8.09646223,     11.52807156], [  -55.48396653,  -21.29866416,   46.26008708,    6.14820038,     28.72630882,  126.44149606,   41.91918397,   27.3901136 ,     -6.2534274 ,    0.42646627,    6.91112548,   -3.01937527,      5.25406958], [  128.43282431,   46.88514446,  -40.43237324,  -26.14263765,      8.74951954,   41.91918397,  148.86732621,   36.33287212,     28.155782  ,    7.67735157,   -1.07198451,   -0.42865649,     12.80809336], [   46.08658429,   -8.94733309,   24.47117163,   15.1359518 ,     17.85091108,   27.3901136 ,   36.33287212,   90.59273907,     33.73840834,   14.61926346,   -4.13448074,    2.32295442,      3.93535765], [   15.48440391,   42.86967602,  -54.30009356,   20.77869032,     12.35739698,   -6.2534274 ,   28.155782  ,   33.73840834,     87.09728056,   25.78192757,   -1.42802338,   -5.27766653,     -5.4705741 ], [    8.49133839,    5.28902007,   10.78653198,   17.65808361,     15.13173231,    0.42646627,    7.67735157,   14.61926346,     25.78192757,   74.27868072,   20.74329533,    7.18159952,     -3.45079987], [ -135.58992884,  -14.24589934,   41.96077746,    8.1814279 ,     16.4390042 ,    6.91112548,   -1.07198451,   -4.13448074,     -1.42802338,   20.74329533,   61.35231688,   20.46601664,      7.62347717], [  -42.94156616,   -3.75993714,    6.66391491,   16.79114532,      8.09646223,   -3.01937527,   -0.42865649,    2.32295442,     -5.27766653,    7.18159952,   20.46601664,   50.4539092 ,     17.63527055], [   77.14596808,  -29.29091723,   12.48624411,   -9.92516034,     11.52807156,    5.25406958,   12.80809336,    3.93535765,     -5.4705741 ,   -3.45079987,    7.62347717,   17.63527055,     56.95542441]]
/root/sim/music/out/仕分け前/銀魂Best3/01_桃源郷エイリアン.mp3; [-480.7096    ,  90.38473   ,  -9.627334  ,  22.276323  ,   7.195789  ,   13.37749   ,  10.998349  ,  12.390911  ,   3.3377824 ,   3.7925215 ,    2.379059  ,  -5.9035425 ,  -0.06455547]; [[7544.24090113, 533.71648576,-256.07508971,  78.3130399 , -34.31024315,    34.71708922, -35.47395256,  21.94067345, -21.56923336,  19.98778273,    50.68366759,-117.57289244,   1.97920808], [ 533.71648576, 509.87895575,-108.76326782,  95.61764374, -48.2791813 ,     4.10662792,  27.10932705,  14.24564871,  20.70696671,  12.14571725,   -16.71788095,  35.7293098 ,  -0.5617    ], [-256.07508971,-108.76326782, 380.21548786,  79.9727473 ,  79.71518306,    27.18369119, -23.60185387, -12.88001605,   3.68685808, -20.04697821,    -2.12086592,  14.61608686,  14.57469897], [  78.3130399 ,  95.61764374,  79.9727473 , 263.05882625,  68.77431802,    13.51167577, -49.58971149,  -8.73187285,  26.05211588,  -0.07486137,   -23.82053307,  41.15434421,  28.84841477], [ -34.31024315, -48.2791813 ,  79.71518306,  68.77431802, 174.69428918,    56.57334186,   4.09659815, -19.43645   ,   9.37667888,  12.9069498 ,     5.07103122,   3.20224807,  14.07133624], [  34.71708922,   4.10662792,  27.18369119,  13.51167577,  56.57334186,   133.00475173,  71.39052594,  14.15289217,  -0.80905628,   1.06673328,    14.23698646,   4.46487532,  -0.4424477 ], [ -35.47395256,  27.10932705, -23.60185387, -49.58971149,   4.09659815,    71.39052594, 166.43175259,  60.09036734,  10.85611802,   3.26920737,    14.01489753,   7.63757547,  -6.71950731], [  21.94067345,  14.24564871, -12.88001605,  -8.73187285, -19.43645   ,    14.15289217,  60.09036734, 105.94280162,  43.72862343,  18.90949404,     0.01197486,  -2.1262489 ,  -0.54670509], [ -21.56923336,  20.70696671,   3.68685808,  26.05211588,   9.37667888,    -0.80905628,  10.85611802,  43.72862343,  97.71159266,  41.20675215,    -0.69806637,   8.65201199,   1.68136389], [  19.98778273,  12.14571725, -20.04697821,  -0.07486137,  12.9069498 ,     1.06673328,   3.26920737,  18.90949404,  41.20675215,  83.10645838,    32.18416374,   4.4307794 ,   3.33688409], [  50.68366759, -16.71788095,  -2.12086592, -23.82053307,   5.07103122,    14.23698646,  14.01489753,   0.01197486,  -0.69806637,  32.18416374,    77.4362389 ,  14.76247727,   7.41681966], [-117.57289244,  35.7293098 ,  14.61608686,  41.15434421,   3.20224807,     4.46487532,   7.63757547,  -2.1262489 ,   8.65201199,   4.4307794 ,    14.76247727,  80.121153  ,  33.37997734], [   1.97920808,  -0.5617    ,  14.57469897,  28.84841477,  14.07133624,    -0.4424477 ,  -6.71950731,  -0.54670509,   1.68136389,   3.33688409,     7.41681966,  33.37997734,  66.95361828]]
/root/sim/music/out/仕分け前/銀魂Best3/03_バランスドール.mp3; [-501.99686  , 106.42606  ,   5.8943715,  31.21286  ,   9.289976 ,    6.219098 ,  -1.4782646,   2.4382255,   6.8324347,   2.6602018,   -3.3753107,  -5.8004756,  -5.8002415]; [[14658.14520704, -612.26941471,   87.50776988,  241.10390881,    -55.52843554,   11.54317784,  104.00770625,  -92.799647  ,    -90.88421225, -232.12332916, -154.67550307, -245.48540628,   -242.97889766], [ -612.26941471, 1048.45089618, -247.17908923,  -65.28192276,     -1.29718305,  -48.85078366,  -55.87723001,   39.80659565,     49.46193493,   45.34956344,   31.03499507,   11.0358639 ,     16.90836466], [   87.50776988, -247.17908923,  465.89048526,   69.42944222,      7.39878427,   46.65836513,   28.73845519,    2.56775123,     -2.58682952,    0.34060476,   -5.04301977,   22.34485129,      5.10341864], [  241.10390881,  -65.28192276,   69.42944222,  277.03167675,     99.01060557,   46.32096844,   32.38083693,  -11.30155638,     49.95704597,   10.83307349,   -7.22632079,   37.60640527,     25.62117518], [  -55.52843554,   -1.29718305,    7.39878427,   99.01060557,    205.23012872,   56.05445793,   53.46941567,    2.16302995,     45.76089622,   10.59636002,    4.55257563,   23.61623672,     14.21579242], [   11.54317784,  -48.85078366,   46.65836513,   46.32096844,     56.05445793,  120.14324111,   74.13103691,   15.7931853 ,      8.55063297,    7.17943758,   17.19545178,    4.54180583,     -2.9000432 ], [  104.00770625,  -55.87723001,   28.73845519,   32.38083693,     53.46941567,   74.13103691,  154.37641595,   41.19384681,     15.4527857 ,   -0.06024911,   24.94233511,    6.30217108,     -8.9214525 ], [  -92.799647  ,   39.80659565,    2.56775123,  -11.30155638,      2.16302995,   15.7931853 ,   41.19384681,   87.10279853,     28.92608426,   11.35083552,   11.76125376,   -2.56166054,     -0.69099899], [  -90.88421225,   49.46193493,   -2.58682952,   49.95704597,     45.76089622,    8.55063297,   15.4527857 ,   28.92608426,     97.3413919 ,   34.58465362,    0.0808512 ,    4.03859625,      8.38522759], [ -232.12332916,   45.34956344,    0.34060476,   10.83307349,     10.59636002,    7.17943758,   -0.06024911,   11.35083552,     34.58465362,   70.75951624,   25.92186664,    8.91950827,      2.00258798], [ -154.67550307,   31.03499507,   -5.04301977,   -7.22632079,      4.55257563,   17.19545178,   24.94233511,   11.76125376,      0.0808512 ,   25.92186664,   65.75391807,   24.66818549,      3.07509611], [ -245.48540628,   11.0358639 ,   22.34485129,   37.60640527,     23.61623672,    4.54180583,    6.30217108,   -2.56166054,      4.03859625,    8.91950827,   24.66818549,   73.18212174,     30.97467717], [ -242.97889766,   16.90836466,    5.10341864,   25.62117518,     14.21579242,   -2.9000432 ,   -8.9214525 ,   -0.69099899,      8.38522759,    2.00258798,    3.07509611,   30.97467717,     60.80599857]]
/root/sim/music/out/仕分け前/銀魂Best3/02_サムライハート(Some_Like_It_Hot!!).mp3; [-483.24335  ,  72.44092  ,  -3.9532065,  29.647526 ,   8.03275  ,    8.9494   ,   1.5223346,   7.1198425,   2.449664 ,   1.0966411,   -1.6756119,  -3.1271334,  -2.7933626]; [[9433.45965957, 562.55414872, 127.09471707, 420.91382878, 125.68447189,   262.27211301, 139.8878523 , 210.51371125, 127.20608236, 215.21455015,   118.1254622 ,   0.04371401,  68.70746344], [ 562.55414872, 658.42101666,   4.52749479,  97.07873754,  61.68900735,    43.29926797,  66.73080004,  66.41312789,  31.39395954,   2.9036108 ,    37.44492085,  -1.31781188,   8.93639762], [ 127.09471707,   4.52749479, 517.69087063, 117.07415913, 110.37263968,    67.02115132,  16.31728503,  32.46725773,   4.9426746 ,  52.79572945,    16.06020225,  53.08892542,  23.69873029], [ 420.91382878,  97.07873754, 117.07415913, 452.26979271, 184.85989584,    50.52493962,  29.55959609,  27.05946402,  89.58976328,  13.7028053 ,    46.10786529,  66.80055744,  68.589156  ], [ 125.68447189,  61.68900735, 110.37263968, 184.85989584, 217.88790619,    76.60915371,  47.88460407,  24.48005815,  45.37739152,  26.3626524 ,    31.25539875,  41.47584424,  36.83376817], [ 262.27211301,  43.29926797,  67.02115132,  50.52493962,  76.60915371,   188.41938909, 103.7127186 ,  45.93723269,  28.46047844,  28.41214156,    45.36056652,  11.45134484,  13.45004831], [ 139.8878523 ,  66.73080004,  16.31728503,  29.55959609,  47.88460407,   103.7127186 , 171.502319  ,  81.18053032,  45.61412738,  33.03083033,    53.73491493,  19.02492326,  23.33374095], [ 210.51371125,  66.41312789,  32.46725773,  27.05946402,  24.48005815,    45.93723269,  81.18053032, 136.50528484,  61.72203129,  53.97459161,    35.80066892,  10.72037019,  21.85675737], [ 127.20608236,  31.39395954,   4.9426746 ,  89.58976328,  45.37739152,    28.46047844,  45.61412738,  61.72203129, 136.34850309,  54.96570111,    33.82774296,  17.927463  ,  17.25923929], [ 215.21455015,   2.9036108 ,  52.79572945,  13.7028053 ,  26.3626524 ,    28.41214156,  33.03083033,  53.97459161,  54.96570111, 129.86104717,    49.56461165,  11.88224295,  14.53758073], [ 118.1254622 ,  37.44492085,  16.06020225,  46.10786529,  31.25539875,    45.36056652,  53.73491493,  35.80066892,  33.82774296,  49.56461165,    99.15543912,  34.86441341,  20.42273112], [   0.04371401,  -1.31781188,  53.08892542,  66.80055744,  41.47584424,    11.45134484,  19.02492326,  10.72037019,  17.927463  ,  11.88224295,    34.86441341,  85.08921719,  39.17258157], [  68.70746344,   8.93639762,  23.69873029,  68.589156  ,  36.83376817,    13.45004831,  23.33374095,  21.85675737,  17.25923929,  14.53758073,    20.42273112,  39.17258157,  85.20878631]]
/root/sim/music/out/仕分け前/Flash-_Best/08_ローリング・ジェット・サンダー.mp3; [-497.62924  ,  75.362144 , -19.258392 ,  28.666529 ,  13.454317 ,   19.88246  ,   1.1967579,   6.1365895,   4.883039 ,   5.101402 ,    1.5795426,  -3.811707 ,  -3.7830653]; [[19788.17978203, 1473.52956259,   27.16996777,  793.81447773,    355.72245193,  396.01204555,  -44.46806144,   73.09937109,     61.45464798,   59.03250343,   35.19686421, -133.11829217,   -102.64395626], [ 1473.52956259, 1053.25119063, -277.15916753,  171.70432174,    152.47640789,   29.04738397,   54.38596224,   66.01866302,      0.40523157,   19.14563281,  -12.63303588,   -8.10323449,    -32.37596949], [   27.16996777, -277.15916753,  517.82136585,   96.32317894,     52.47829418,   33.36073684,  -51.28081959,  -43.97564153,     22.8469703 ,  -18.92618104,   -8.73695006,   -8.44352479,     24.51651872], [  793.81447773,  171.70432174,   96.32317894,  249.8273596 ,    108.19666639,   61.07661059,    0.48942119,    7.0355419 ,     17.62081132,   11.41372646,   -1.87796913,  -10.7631188 ,      4.80546135], [  355.72245193,  152.47640789,   52.47829418,  108.19666639,    141.10446217,   52.74955811,   10.21877756,   12.30244284,     18.41631194,   10.3201271 ,   -4.37001262,   -3.70498625,     -3.36669632], [  396.01204555,   29.04738397,   33.36073684,   61.07661059,     52.74955811,   93.03539833,   23.09389344,   12.7363788 ,     18.01706325,   10.16274117,   -1.6469507 ,   -3.38438967,      0.0220245 ], [  -44.46806144,   54.38596224,  -51.28081959,    0.48942119,     10.21877756,   23.09389344,   73.89812743,   34.20765846,      2.78860187,    9.25619149,    4.73793897,    1.2002002 ,     -3.46945615], [   73.09937109,   66.01866302,  -43.97564153,    7.0355419 ,     12.30244284,   12.7363788 ,   34.20765846,   57.40166576,     13.43207908,    9.99197986,    4.56840239,   -1.63438373,     -5.00338141], [   61.45464798,    0.40523157,   22.8469703 ,   17.62081132,     18.41631194,   18.01706325,    2.78860187,   13.43207908,     47.741036  ,   17.80534074,    0.15419104,   -2.22871187,      2.24432235], [   59.03250343,   19.14563281,  -18.92618104,   11.41372646,     10.3201271 ,   10.16274117,    9.25619149,    9.99197986,     17.80534074,   44.89580679,   11.2158331 ,   -0.1861753 ,     -1.29102461], [   35.19686421,  -12.63303588,   -8.73695006,   -1.87796913,     -4.37001262,   -1.6469507 ,    4.73793897,    4.56840239,      0.15419104,   11.2158331 ,   37.63306452,   10.63742168,      0.25961522], [ -133.11829217,   -8.10323449,   -8.44352479,  -10.7631188 ,     -3.70498625,   -3.38438967,    1.2002002 ,   -1.63438373,     -2.22871187,   -0.1861753 ,   10.63742168,   34.90007466,     11.54122537], [ -102.64395626,  -32.37596949,   24.51651872,    4.80546135,     -3.36669632,    0.0220245 ,   -3.46945615,   -5.00338141,      2.24432235,   -1.29102461,    0.25961522,   11.54122537,     37.60900904]]
/root/sim/music/out/仕分け前/Flash-_Best/11_青春.mp3; [-497.93732  , 108.121895 , -33.530304 ,  39.702396 ,  20.016401 ,   11.465312 ,   2.5464475,  10.822872 ,   1.4903182,  -0.1672073,    5.321594 ,  -2.459487 ,  -3.5052247]; [[12156.81692763,  848.03481263, -604.64101984,  386.04597067,    199.535247  ,  114.93594442,   37.21114478,  102.6674711 ,     49.9461151 ,  -41.41353236,   45.84197784,  -21.43391551,    -87.92688722], [  848.03481263,  895.97029225, -204.64213713,  129.68755725,     10.05873488,    5.88997137,   18.55822484,   48.88137513,     -4.53823718,    7.78640679,   43.75583419,  -22.14123594,     -4.66576103], [ -604.64101984, -204.64213713,  434.23232273,  -96.92049021,     33.79396081,   11.45080891,  -13.32983755,   -8.79027906,    -21.50209735,   20.39487678,   -2.13638038,   10.67070477,     21.69824783], [  386.04597067,  129.68755725,  -96.92049021,  266.83552149,     52.80959031,  -21.66301772,  -36.10857809,   10.09886702,    -21.15015293,    1.03456385,   -6.45058284,  -20.63975123,     37.71273887], [  199.535247  ,   10.05873488,   33.79396081,   52.80959031,    158.51040546,  -11.00467662,  -24.20453522,   -1.91309555,    -22.3236363 ,   13.46233443,    6.27728789,  -18.33109686,     10.92396772], [  114.93594442,    5.88997137,   11.45080891,  -21.66301772,    -11.00467662,  137.80624004,   20.37795494,  -18.58423876,     34.42916541,   -5.87794369,   -5.07419605,   24.19993693,    -16.32583246], [   37.21114478,   18.55822484,  -13.32983755,  -36.10857809,    -24.20453522,   20.37795494,  100.23408384,   34.32068655,     11.12015308,   -6.36862903,    8.61200167,   11.58295004,    -10.38741933], [  102.6674711 ,   48.88137513,   -8.79027906,   10.09886702,     -1.91309555,  -18.58423876,   34.32068655,  102.59588546,     -9.65933743,   15.07147915,   15.30141814,   -6.56101958,      1.58943572], [   49.9461151 ,   -4.53823718,  -21.50209735,  -21.15015293,    -22.3236363 ,   34.42916541,   11.12015308,   -9.65933743,     96.6027153 ,    7.40932741,  -12.99736993,   24.91765069,    -11.01857414], [  -41.41353236,    7.78640679,   20.39487678,    1.03456385,     13.46233443,   -5.87794369,   -6.36862903,   15.07147915,      7.40932741,   62.16107907,   18.86864897,   -6.32829502,      1.99314841], [   45.84197784,   43.75583419,   -2.13638038,   -6.45058284,      6.27728789,   -5.07419605,    8.61200167,   15.30141814,    -12.99736993,   18.86864897,   57.55410744,    2.22128485,     -2.31829246], [  -21.43391551,  -22.14123594,   10.67070477,  -20.63975123,    -18.33109686,   24.19993693,   11.58295004,   -6.56101958,     24.91765069,   -6.32829502,    2.22128485,   63.41690215,      6.63660397], [  -87.92688722,   -4.66576103,   21.69824783,   37.71273887,     10.92396772,  -16.32583246,  -10.38741933,    1.58943572,    -11.01857414,    1.99314841,   -2.31829246,    6.63660397,     53.93674473]]
/root/sim/music/out/仕分け前/Flash-_Best/10_ハスキー（欲望という名の戦車）.mp3; [-476.41302  ,  94.23968  , -34.38155  ,  31.530754 ,  15.682664 ,    4.4284897,  -2.8859396,   3.6446524,  -3.6859264,  -4.04633  ,   -7.7864585,  -4.3477087,  -3.3324678]; [[13633.55415999,  784.20571797, -445.03393009,  110.30078503,    -25.07433621,  -20.58174691, -117.84099251,   28.05394877,    -80.58947351,  -98.11987591, -160.88261108,  -69.59214978,    -29.94269173], [  784.20571797,  936.88140755, -429.83597327,  201.23032963,     75.52495926,  -79.69591854,   13.75415477,   10.697812  ,    -28.79493038,    0.14803459,   -3.52783058,  -13.29040322,     -6.57139413], [ -445.03393009, -429.83597327,  417.10565365,  -91.52058058,    -35.73260317,   67.09375933,   -9.5086435 ,    1.63357308,     33.0917992 ,   -2.60459991,    9.47082087,   18.92464554,     16.27024423], [  110.30078503,  201.23032963,  -91.52058058,  208.97927371,     88.04299721,   -7.30590241,  -30.75358303,  -19.50099538,     -1.41186174,   -4.53052568,   -0.37886911,   -6.33399172,     13.91350651], [  -25.07433621,   75.52495926,  -35.73260317,   88.04299721,    144.37439114,    7.88829056,  -26.26085937,  -32.39523026,      0.53385765,    2.84966123,   11.18848338,   -2.10734044,      0.52535778], [  -20.58174691,  -79.69591854,   67.09375933,   -7.30590241,      7.88829056,   95.90314103,   24.92232455,    3.34118385,      4.98840039,    0.29048629,    8.02016123,    9.2785399 ,     -2.47142185], [ -117.84099251,   13.75415477,   -9.5086435 ,  -30.75358303,    -26.26085937,   24.92232455,  102.0100578 ,   46.35891671,     10.87481186,    7.3447619 ,    0.89324031,    6.34302634,     -4.92158108], [   28.05394877,   10.697812  ,    1.63357308,  -19.50099538,    -32.39523026,    3.34118385,   46.35891671,   80.51467153,     11.71142287,    9.56135645,   -8.94883308,   -1.53169217,     -0.48588697], [  -80.58947351,  -28.79493038,   33.0917992 ,   -1.41186174,      0.53385765,    4.98840039,   10.87481186,   11.71142287,     63.3828995 ,   13.65302892,    1.61636754,   -1.36639206,      2.34215664], [  -98.11987591,    0.14803459,   -2.60459991,   -4.53052568,      2.84966123,    0.29048629,    7.3447619 ,    9.56135645,     13.65302892,   47.81913029,   16.11207501,    7.22458529,     -4.31149389], [ -160.88261108,   -3.52783058,    9.47082087,   -0.37886911,     11.18848338,    8.02016123,    0.89324031,   -8.94883308,      1.61636754,   16.11207501,   46.12929546,   17.03817529,      2.69216851], [  -69.59214978,  -13.29040322,   18.92464554,   -6.33399172,     -2.10734044,    9.2785399 ,    6.34302634,   -1.53169217,     -1.36639206,    7.22458529,   17.03817529,   45.27271148,     14.9083292 ], [  -29.94269173,   -6.57139413,   16.27024423,   13.91350651,      0.52535778,   -2.47142185,   -4.92158108,   -0.48588697,      2.34215664,   -4.31149389,    2.69216851,   14.9083292 ,     43.19860445]]
/root/sim/music/out/仕分け前/Flash-_Best/09_罪と罰.mp3; [-489.2232    ,  73.06308   , -27.93371   ,  39.028057  ,  26.01281   ,    8.821603  ,  -0.10496233,   0.3685206 ,  -4.6313086 ,  -2.3272235 ,   -1.6766487 ,  -1.8383628 ,  -5.7701306 ]; [[14391.29201485,  374.7722446 , -397.82987143,  434.53917851,    305.41801083,  242.56222343,   39.28319173,    4.6032797 ,   -107.52630725,  -83.52357956, -191.4565734 , -113.3355551 ,    -15.78904322], [  374.7722446 ,  974.56879102, -303.34502596,  110.96904249,     88.64436846,   -5.76528519,    6.78423055,   29.45926879,      6.40691651,   14.19823977,   57.49158627,   16.01916997,    -39.56466616], [ -397.82987143, -303.34502596,  523.27236809,   -7.83214258,    -14.97323934,   32.97551627,   23.36298179,    7.51196764,      7.35558214,  -10.45521411,  -30.20595724,   -1.21581557,     43.13407796], [  434.53917851,  110.96904249,   -7.83214258,  246.00745895,    100.5942029 ,   63.16483273,   15.10766   ,   12.6779477 ,     33.96932034,   26.6048535 ,   15.91499281,   17.77838638,     12.59725218], [  305.41801083,   88.64436846,  -14.97323934,  100.5942029 ,    191.06464833,   32.08410872,   13.44578728,   17.25590794,     17.10794772,   31.41330053,    6.50967874,   14.49577191,      5.57018061], [  242.56222343,   -5.76528519,   32.97551627,   63.16483273,     32.08410872,  170.42010988,   67.38138448,   19.92872141,     28.3534703 ,    8.95736064,   11.68056366,    6.21432846,     -9.48459125], [   39.28319173,    6.78423055,   23.36298179,   15.10766   ,     13.44578728,   67.38138448,  105.07343971,   51.20940721,     11.91814932,    6.53492272,    6.10536153,   -8.48853118,     -7.18036941], [    4.6032797 ,   29.45926879,    7.51196764,   12.6779477 ,     17.25590794,   19.92872141,   51.20940721,   91.92880252,     15.75353406,   14.93914381,    3.85295672,  -16.02160781,    -11.72528798], [ -107.52630725,    6.40691651,    7.35558214,   33.96932034,     17.10794772,   28.3534703 ,   11.91814932,   15.75353406,     76.12834449,   30.38276122,   12.75647336,    6.76284544,      2.48686962], [  -83.52357956,   14.19823977,  -10.45521411,   26.6048535 ,     31.41330053,    8.95736064,    6.53492272,   14.93914381,     30.38276122,   71.76734676,   24.87817066,    4.68038747,     -7.1172581 ], [ -191.4565734 ,   57.49158627,  -30.20595724,   15.91499281,      6.50967874,   11.68056366,    6.10536153,    3.85295672,     12.75647336,   24.87817066,   73.93074315,   26.76049053,    -14.52598494], [ -113.3355551 ,   16.01916997,   -1.21581557,   17.77838638,     14.49577191,    6.21432846,   -8.48853118,  -16.02160781,      6.76284544,    4.68038747,   26.76049053,   58.9896683 ,     19.06875957], [  -15.78904322,  -39.56466616,   43.13407796,   12.59725218,      5.57018061,   -9.48459125,   -7.18036941,  -11.72528798,      2.48686962,   -7.1172581 ,  -14.52598494,   19.06875957,     68.7001989 ]]
/root/sim/music/out/仕分け前/Flash-_Best/12_十四才.mp3; [-541.30835  , 111.91392  , -38.47312  ,  39.934765 ,  15.521842 ,   21.40985  ,  -0.2197913,   5.465934 ,   3.652289 ,   2.1131546,   -1.5368607,   4.2610855,  -5.1137853]; [[16123.91165135, -923.85654739, 1447.31859322, -518.36786866,    473.02532739,  -19.39942086,  184.17201752,  704.95721094,     54.50696949,  262.21654732,   71.94137667, -335.75249681,    220.36771383], [ -923.85654739, 1432.78056948, -614.62342776,  332.62296253,   -158.97197578,   64.22369624,   -5.78717481, -105.85457908,    -28.76366541,  -91.79564947,  -44.68979136,   56.02797844,    -68.5276352 ], [ 1447.31859322, -614.62342776, 1391.02160997, -336.95471849,    302.44569536,   43.71002566,  188.01903501,  304.74327944,     56.44859367,  140.04839338,  100.61618807, -138.19214764,    161.2199774 ], [ -518.36786866,  332.62296253, -336.95471849,  466.53491048,     15.47688514,   85.46774725,  -35.44741221, -137.95331619,     11.13672528,  -41.53523775,  -52.67275944,   84.58921489,    -24.86198227], [  473.02532739, -158.97197578,  302.44569536,   15.47688514,    300.77556778,   34.83469186,   61.65839722,   90.85045322,     36.91236245,   50.05494727,   37.7090811 ,  -15.26772266,     52.78880246], [  -19.39942086,   64.22369624,   43.71002566,   85.46774725,     34.83469186,  194.11680105,   72.94599009,   -0.28032399,     22.36234756,  -11.40942844,   -5.27799865,   18.07877426,    -10.72501401], [  184.17201752,   -5.78717481,  188.01903501,  -35.44741221,     61.65839722,   72.94599009,  172.89422591,   85.63754499,     29.91647088,   30.2219427 ,   22.88292342,   -2.18224083,     20.39316683], [  704.95721094, -105.85457908,  304.74327944, -137.95331619,     90.85045322,   -0.28032399,   85.63754499,  191.13733369,     33.88906158,   55.34354709,   42.97164919,  -51.4043456 ,     51.45491651], [   54.50696949,  -28.76366541,   56.44859367,   11.13672528,     36.91236245,   22.36234756,   29.91647088,   33.88906158,     96.69362764,   41.80298035,   17.80984589,   14.45580058,     10.83238649], [  262.21654732,  -91.79564947,  140.04839338,  -41.53523775,     50.05494727,  -11.40942844,   30.2219427 ,   55.34354709,     41.80298035,   98.99848821,   46.87167887,   -1.85093655,     28.05073986], [   71.94137667,  -44.68979136,  100.61618807,  -52.67275944,     37.7090811 ,   -5.27799865,   22.88292342,   42.97164919,     17.80984589,   46.87167887,   85.07375314,    8.15548968,     20.44036195], [ -335.75249681,   56.02797844, -138.19214764,   84.58921489,    -15.26772266,   18.07877426,   -2.18224083,  -51.4043456 ,     14.45580058,   -1.85093655,    8.15548968,  102.30204737,     12.6088283 ], [  220.36771383,  -68.5276352 ,  161.2199774 ,  -24.86198227,     52.78880246,  -10.72501401,   20.39316683,   51.45491651,     10.83238649,   28.05073986,   20.44036195,   12.6088283 ,    101.07682031]]
/root/sim/music/out/仕分け前/Flash-_Best/06_月光陽光.mp3; [-513.88086  , 100.09932  , -23.627115 ,  16.202728 ,  22.037508 ,   16.88076  ,   2.9166296,  13.001175 ,   1.9162982,   5.534483 ,   -1.9830704,   1.0725397,  -1.9888383]; [[17678.11039618, 1146.98163406, -560.75386796,  246.94803901,    224.59304988,   83.29242342,  -88.6043061 ,  113.16609687,    -92.83575894,  146.58051107,   -8.38324147,  -20.08853312,   -101.66471598], [ 1146.98163406,  488.93626089, -162.10770268,   40.89602912,     19.32649374,   -4.7498615 ,   42.97679579,   14.36933828,     10.08292828,   19.49888666,    9.3298087 ,   21.96187314,      7.21177213], [ -560.75386796, -162.10770268,  253.73341211,   -4.44593177,     -8.55286001,   36.98332994,  -23.85318323,   -3.38472282,     -3.57174955,  -30.02615854,    2.63612815,   -7.84859224,      7.04564085], [  246.94803901,   40.89602912,   -4.44593177,  136.80252874,     66.84047231,    0.06804652,  -18.90395735,  -15.92528728,      8.49869731,  -10.03704373,   -2.02093112,    1.66507397,      3.01674952], [  224.59304988,   19.32649374,   -8.55286001,   66.84047231,    123.23317183,   10.81155448,    8.45772902,  -10.16759042,      6.89216567,    5.98899399,    1.36754857,   -3.22539565,     -5.39998727], [   83.29242342,   -4.7498615 ,   36.98332994,    0.06804652,     10.81155448,   90.9750672 ,   18.53139362,   14.43410244,      2.94419863,  -15.32347739,   -5.77207614,    0.77715363,     -4.98156933], [  -88.6043061 ,   42.97679579,  -23.85318323,  -18.90395735,      8.45772902,   18.53139362,  102.92316312,   34.79105867,      4.22075921,   -0.66460076,    8.04848008,    2.00668377,     -3.97039413], [  113.16609687,   14.36933828,   -3.38472282,  -15.92528728,    -10.16759042,   14.43410244,   34.79105867,   74.30872578,     11.74942946,   13.33772796,   -2.39202669,   -1.08329641,     -0.19669885], [  -92.83575894,   10.08292828,   -3.57174955,    8.49869731,      6.89216567,    2.94419863,    4.22075921,   11.74942946,     74.93701078,    9.88076791,   -3.72351696,   -0.4084195 ,      0.42041307], [  146.58051107,   19.49888666,  -30.02615854,  -10.03704373,      5.98899399,  -15.32347739,   -0.66460076,   13.33772796,      9.88076791,   70.75142982,   20.34057615,    1.18964038,     -3.60479696], [   -8.38324147,    9.3298087 ,    2.63612815,   -2.02093112,      1.36754857,   -5.77207614,    8.04848008,   -2.39202669,     -3.72351696,   20.34057615,   50.78438265,   16.21394558,      5.44100948], [  -20.08853312,   21.96187314,   -7.84859224,    1.66507397,     -3.22539565,    0.77715363,    2.00668377,   -1.08329641,     -0.4084195 ,    1.18964038,   16.21394558,   50.72190381,     19.90366029], [ -101.66471598,    7.21177213,    7.04564085,    3.01674952,     -5.39998727,   -4.98156933,   -3.97039413,   -0.19669885,      0.42041307,   -3.60479696,    5.44100948,   19.90366029,     47.95529302]]
/root/sim/music/out/仕分け前/Flash-_Best/02_スーパーソニックジェットボーイ.mp3; [-509.16052   , 113.4813    , -27.868353  ,  22.48363   ,   9.581805  ,   19.53746   ,   4.505859  ,   9.736712  ,  -1.0714417 ,   5.5340314 ,   -0.35889003,  -2.8769739 ,   0.27489462]; [[12237.99566711, -563.61661432, -593.76654478,  143.02738748,   -115.48945032,  169.71799191,   33.42249398,  135.98367617,    -41.3931739 ,   31.0390631 ,  -23.0552064 ,  -52.18735986,    -15.26088006], [ -563.61661432, 1318.54434125, -210.57661452,   53.40805453,     98.58491328,   -5.73482325,   41.92105967,   54.13250681,     -2.19018832,   41.43018214,    4.67163587,   13.20763541,     41.83650354], [ -593.76654478, -210.57661452,  393.05491073,   -5.68776682,    -16.29500634,   28.25814048,  -33.25055776,  -41.31662584,     26.18207246,  -11.26190515,   13.21063896,   16.91125876,     -8.03283774], [  143.02738748,   53.40805453,   -5.68776682,  151.76452739,     25.79446907,  -10.59329292,  -15.44119055,   -2.36922306,      4.01882588,   16.90639143,    0.66384474,   -0.03002904,     18.18369124], [ -115.48945032,   98.58491328,  -16.29500634,   25.79446907,    115.84298003,   -2.57862524,   -3.19171133,    2.71258863,      8.0540277 ,   14.4310926 ,    0.00843549,    2.15889707,     13.13922786], [  169.71799191,   -5.73482325,   28.25814048,  -10.59329292,     -2.57862524,  110.3435513 ,   17.65648982,   -2.12682315,     20.91985287,  -15.32747849,   -5.27837088,    7.20347708,     -0.94326758], [   33.42249398,   41.92105967,  -33.25055776,  -15.44119055,     -3.19171133,   17.65648982,   86.36670578,   35.09338312,     -5.86082049,    0.15994392,    2.19535236,   -1.05242217,     -2.22225514], [  135.98367617,   54.13250681,  -41.31662584,   -2.36922306,      2.71258863,   -2.12682315,   35.09338312,   72.01449398,      3.53198215,   11.28865978,    3.30556923,   -2.26300906,      4.77891271], [  -41.3931739 ,   -2.19018832,   26.18207246,    4.01882588,      8.0540277 ,   20.91985287,   -5.86082049,    3.53198215,     64.51386125,   11.07194917,    1.33422073,    7.20715147,      3.87683396], [   31.0390631 ,   41.43018214,  -11.26190515,   16.90639143,     14.4310926 ,  -15.32747849,    0.15994392,   11.28865978,     11.07194917,   64.68188356,   21.73625382,    2.19297991,      6.21881357], [  -23.0552064 ,    4.67163587,   13.21063896,    0.66384474,      0.00843549,   -5.27837088,    2.19535236,    3.30556923,      1.33422073,   21.73625382,   52.46997541,   12.09596504,     -2.11794724], [  -52.18735986,   13.20763541,   16.91125876,   -0.03002904,      2.15889707,    7.20347708,   -1.05242217,   -2.26300906,      7.20715147,    2.19297991,   12.09596504,   42.27645774,     16.3533782 ], [  -15.26088006,   41.83650354,   -8.03283774,   18.18369124,     13.13922786,   -0.94326758,   -2.22225514,    4.77891271,      3.87683396,    6.21881357,   -2.11794724,   16.3533782 ,     52.27097071]]
