/root/sim/music/out/Compilations/20th_ANNIVERSARY_OF_PERSONA_SERIES_ALL_T/1-05_Satomi_Tadashi_Pharmacy_Song.mp3; [-824.1588    , 117.993904  ,  17.237974  ,  26.240175  ,  -2.6795628 ,   -1.0105034 ,  10.15022   ,   9.512173  ,   8.157249  ,  -1.081396  ,    0.60217124,  -7.2640715 ,  -1.8139268 ]; [[41767.44594612, 3508.93119296, 1017.84196051, 1705.21963527,    352.90975469,  230.70912831,  781.00915419,  259.66801589,    441.71344356, -205.62529813,  246.8410296 , -269.42144891,     41.45025436], [ 3508.93119296, 4586.94318371, -917.91368825,  562.83079116,   -580.74607284,   69.37933983,   24.12290975,  156.65435173,    -88.61343169,   89.50307877,  -18.34052496,   26.60971491,    -72.79547764], [ 1017.84196051, -917.91368825, 1452.07751777,  262.20854654,    483.40348317,  120.79901959,  110.19132141,  138.8048439 ,    190.0703124 ,  -69.05819888,   76.46797189,   41.23889043,    131.56534123], [ 1705.21963527,  562.83079116,  262.20854654, 1023.82078609,    318.11364051,  238.6498502 ,   11.3180451 ,   34.7472913 ,     -0.72221251,  -42.10462329,    9.16730925,   57.51041808,     28.46962027], [  352.90975469, -580.74607284,  483.40348317,  318.11364051,    677.84120382,  197.42478429,   43.6605564 ,   25.39117769,    122.06215235,  -24.07126779,   51.77012657,    2.10116419,     56.72859266], [  230.70912831,   69.37933983,  120.79901959,  238.6498502 ,    197.42478429,  524.99586816,  133.1840802 ,  146.36992685,    107.10757215,   21.50166207,   18.79082969,   67.45113767,     24.88655579], [  781.00915419,   24.12290975,  110.19132141,   11.3180451 ,     43.6605564 ,  133.1840802 ,  360.65025076,  169.0824863 ,    118.15719874,   28.42963372,    0.27768023,   23.03348694,     43.01071129], [  259.66801589,  156.65435173,  138.8048439 ,   34.7472913 ,     25.39117769,  146.36992685,  169.0824863 ,  397.15155767,    164.05213629,   38.36144361,    9.03332933,   21.61601327,     20.3188992 ], [  441.71344356,  -88.61343169,  190.0703124 ,   -0.72221251,    122.06215235,  107.10757215,  118.15719874,  164.05213629,    343.53847636,  132.45838589,   55.38952257,   23.99108624,     27.15319977], [ -205.62529813,   89.50307877,  -69.05819888,  -42.10462329,    -24.07126779,   21.50166207,   28.42963372,   38.36144361,    132.45838589,  222.9929025 ,   86.28977485,   51.39690266,     -9.27163763], [  246.8410296 ,  -18.34052496,   76.46797189,    9.16730925,     51.77012657,   18.79082969,    0.27768023,    9.03332933,     55.38952257,   86.28977485,  141.08144177,   82.28864576,     25.70273308], [ -269.42144891,   26.60971491,   41.23889043,   57.51041808,      2.10116419,   67.45113767,   23.03348694,   21.61601327,     23.99108624,   51.39690266,   82.28864576,  160.80618815,     77.70782598], [   41.45025436,  -72.79547764,  131.56534123,   28.46962027,     56.72859266,   24.88655579,   43.01071129,   20.3188992 ,     27.15319977,   -9.27163763,   25.70273308,   77.70782598,    139.32440343]]
/root/sim/music/out/Compilations/20th_ANNIVERSARY_OF_PERSONA_SERIES_ALL_T/5-05_逃走～逮捕.mp3; [-636.2739    , 113.53252   , -16.262718  ,  26.32238   , -10.74236   ,   -0.40704796, -10.248609  ,  -2.065916  , -10.805011  ,  -3.587444  ,   -4.109762  ,  -2.050196  ,  -2.527515  ]; [[22044.58896848, 2319.10851693, -525.50787011, 1065.73283594,    270.93529659,  396.16203774,   82.04115438,  443.3843125 ,    293.50177806,  279.32857893,   28.4839279 , -109.7252905 ,    -50.07548244], [ 2319.10851693, 1857.82174363, -167.71335206,  164.94302451,    -18.68028854,  -38.68611022, -121.25361291,   29.42338781,      4.16004189,   11.95872451,  -63.64853402,  -70.35317417,     20.39641399], [ -525.50787011, -167.71335206,  717.51010695,   44.48617694,    166.13875311,  152.68957044,  139.73359328,  155.96931038,    133.3721283 ,   49.76953661,   39.24628216,   46.43843599,    103.62550313], [ 1065.73283594,  164.94302451,   44.48617694,  338.51189595,    183.59165879,  136.01054909,  115.35086293,  130.7704533 ,     89.26495292,   68.22441132,   37.16855076,   18.73242535,     32.81593635], [  270.93529659,  -18.68028854,  166.13875311,  183.59165879,    403.67888622,  148.53909978,  219.06478563,  166.00326313,    178.2203062 ,   91.49416248,   45.34793412,    5.10215541,     30.89802509], [  396.16203774,  -38.68611022,  152.68957044,  136.01054909,    148.53909978,  208.71549556,  147.68982934,  125.35277142,     86.4160477 ,   61.45840224,   51.57473551,   45.9314881 ,     43.73804995], [   82.04115438, -121.25361291,  139.73359328,  115.35086293,    219.06478563,  147.68982934,  269.85918516,  150.39450595,    127.65074912,   69.15323457,   55.35193683,   44.38296056,     47.5724687 ], [  443.3843125 ,   29.42338781,  155.96931038,  130.7704533 ,    166.00326313,  125.35277142,  150.39450595,  198.45477879,    142.74176503,   71.87934726,   37.99002141,   28.77441644,     54.56727063], [  293.50177806,    4.16004189,  133.3721283 ,   89.26495292,    178.2203062 ,   86.4160477 ,  127.65074912,  142.74176503,    197.68075601,  103.25966483,   32.00201114,    0.72662169,     38.98459311], [  279.32857893,   11.95872451,   49.76953661,   68.22441132,     91.49416248,   61.45840224,   69.15323457,   71.87934726,    103.25966483,  113.45830805,   47.49538807,    4.4901961 ,     13.22568989], [   28.4839279 ,  -63.64853402,   39.24628216,   37.16855076,     45.34793412,   51.57473551,   55.35193683,   37.99002141,     32.00201114,   47.49538807,   89.83573782,   53.33680058,      8.42510685], [ -109.7252905 ,  -70.35317417,   46.43843599,   18.73242535,      5.10215541,   45.9314881 ,   44.38296056,   28.77441644,      0.72662169,    4.4901961 ,   53.33680058,   96.12886282,     42.8657149 ], [  -50.07548244,   20.39641399,  103.62550313,   32.81593635,     30.89802509,   43.73804995,   47.5724687 ,   54.56727063,     38.98459311,   13.22568989,    8.42510685,   42.8657149 ,     88.88830656]]
/root/sim/music/out/Compilations/20th_ANNIVERSARY_OF_PERSONA_SERIES_ALL_T/5-09_出会い.mp3; [-851.8718   , 192.51033  ,  10.0879545,  16.448584 ,   3.9618046,   -2.2074313,  -6.9635525,  -4.4499564,  -5.159152 ,  -0.9144298,   -2.3666773,  -2.2540176,  -2.2765505]; [[38638.39141681, 9741.31400175,-1277.84162028, 2716.76823287,   1154.51961186,  437.964415  ,   95.86660909,  431.25944264,    232.83961573,  572.87670249,  320.32062019,  174.75016383,     49.53598925], [ 9741.31400175, 7331.21959992,  357.0292309 ,  690.93203467,    597.52838047,  200.22103997,  153.59774211,   85.74757954,     23.25747782,  119.20242361,   18.58905896,    7.21586971,      6.23598918], [-1277.84162028,  357.0292309 , 1332.5121023 ,  -35.43318686,    212.09015039,  329.08640109,  181.55910083,  126.32774845,    121.15667342,   23.29282794,   82.16673777,   36.00270244,     49.70999618], [ 2716.76823287,  690.93203467,  -35.43318686,  814.5233401 ,    406.50111843,  287.89654883,  290.54959798,  256.83787596,    169.96405897,  189.89068716,  115.25019021,  115.13225704,     66.60182044], [ 1154.51961186,  597.52838047,  212.09015039,  406.50111843,    437.11068173,  270.82034423,  229.1082393 ,  198.65643168,    132.00031538,  130.75357393,  117.96027873,   77.29499033,     58.3638275 ], [  437.964415  ,  200.22103997,  329.08640109,  287.89654883,    270.82034423,  320.23691275,  232.35413575,  175.95440264,    138.25383517,  105.48011449,   86.43228964,   64.34147556,     48.69399923], [   95.86660909,  153.59774211,  181.55910083,  290.54959798,    229.1082393 ,  232.35413575,  265.35662356,  187.33320483,    128.91060308,  106.23184013,   78.53515719,   58.87332249,     41.5736282 ], [  431.25944264,   85.74757954,  126.32774845,  256.83787596,    198.65643168,  175.95440264,  187.33320483,  197.24501323,    121.29485145,   90.789439  ,   78.69856903,   69.08569968,     45.70543549], [  232.83961573,   23.25747782,  121.15667342,  169.96405897,    132.00031538,  138.25383517,  128.91060308,  121.29485145,    134.81439866,   89.13063325,   55.95985909,   43.5651403 ,     31.46047464], [  572.87670249,  119.20242361,   23.29282794,  189.89068716,    130.75357393,  105.48011449,  106.23184013,   90.789439  ,     89.13063325,  123.28185113,   82.46192327,   47.72685317,     30.07495812], [  320.32062019,   18.58905896,   82.16673777,  115.25019021,    117.96027873,   86.43228964,   78.53515719,   78.69856903,     55.95985909,   82.46192327,  115.4238016 ,   72.6110751 ,     39.70145458], [  174.75016383,    7.21586971,   36.00270244,  115.13225704,     77.29499033,   64.34147556,   58.87332249,   69.08569968,     43.5651403 ,   47.72685317,   72.6110751 ,   91.12637425,     48.88328591], [   49.53598925,    6.23598918,   49.70999618,   66.60182044,     58.3638275 ,   48.69399923,   41.5736282 ,   45.70543549,     31.46047464,   30.07495812,   39.70145458,   48.88328591,     59.61798427]]
/root/sim/music/out/Compilations/20th_ANNIVERSARY_OF_PERSONA_SERIES_ALL_T/4-15_Heaven.mp3; [-631.2515   , 133.95695  ,   5.465379 ,   6.5064163,   8.58307  ,  -10.50657  ,   5.212324 ,  -3.288439 ,  -1.6155168,   6.485977 ,   -2.7934513,  -2.0942075,   1.7056729]; [[20302.9842435 ,  493.82238525,  493.01326172,   24.92502203,    478.31874112,   95.42640249,  344.91408255,  229.59925702,     97.35101583,  242.13003258,  -12.72873739,  -50.32265428,     37.40445377], [  493.82238525, 2202.16601251, -342.30989523,  145.33840018,     -3.91098621,    3.66528671,  279.43798176,   -0.03072638,     28.17053006,  127.7665646 ,   21.83032858,   34.86464497,    155.06263   ], [  493.01326172, -342.30989523, 1018.82351865, -126.82636271,     77.50114428,  101.17736639,   27.55791247,   45.62963952,     31.60055812,  -24.73427571,  -48.8337528 ,  -37.85385723,    -58.13561495], [   24.92502203,  145.33840018, -126.82636271,  588.83856524,    190.51517552,   75.87599549,    2.25983676,  141.40529312,     96.95904124,   19.17507904,  121.55069107,  109.17717404,     50.74922303], [  478.31874112,   -3.91098621,   77.50114428,  190.51517552,    422.70156143,   53.93086736,   12.75192322,  135.35416137,     85.77916271,   84.18536432,   76.2391361 ,   85.91134527,     12.43347886], [   95.42640249,    3.66528671,  101.17736639,   75.87599549,     53.93086736,  295.64021077,  101.27173486,   71.66234566,     90.81080634,   59.60482615,  107.37462184,   22.84885456,     46.26619733], [  344.91408255,  279.43798176,   27.55791247,    2.25983676,     12.75192322,  101.27173486,  259.94971088,   21.97410832,     28.38387669,  100.14996793,   22.94377268,   -4.18944661,     60.80548023], [  229.59925702,   -0.03072638,   45.62963952,  141.40529312,    135.35416137,   71.66234566,   21.97410832,  194.26062906,     91.85092764,   20.58248788,   73.04006315,   81.06548507,     30.41051042], [   97.35101583,   28.17053006,   31.60055812,   96.95904124,     85.77916271,   90.81080634,   28.38387669,   91.85092764,    158.05849032,   50.47615727,   81.46647927,   27.3051596 ,     37.16927722], [  242.13003258,  127.7665646 ,  -24.73427571,   19.17507904,     84.18536432,   59.60482615,  100.14996793,   20.58248788,     50.47615727,  180.40961316,   50.20666749,   14.38703054,     38.8160397 ], [  -12.72873739,   21.83032858,  -48.8337528 ,  121.55069107,     76.2391361 ,  107.37462184,   22.94377268,   73.04006315,     81.46647927,   50.20666749,  207.24133213,   72.33020168,     63.77884773], [  -50.32265428,   34.86464497,  -37.85385723,  109.17717404,     85.91134527,   22.84885456,   -4.18944661,   81.06548507,     27.3051596 ,   14.38703054,   72.33020168,  152.18274328,     42.65664767], [   37.40445377,  155.06263   ,  -58.13561495,   50.74922303,     12.43347886,   46.26619733,   60.80548023,   30.41051042,     37.16927722,   38.8160397 ,   63.77884773,   42.65664767,    129.52817913]]
/root/sim/music/out/Compilations/20th_ANNIVERSARY_OF_PERSONA_SERIES_ALL_T/1-30_Poem_for_Everyone's_Souls.mp3; [-733.01105  , 153.23953  , -40.377758 ,  27.600391 , -17.525621 ,   -4.804665 ,  -5.3602085,  -3.6234481,  -9.522969 ,  -1.9164325,   -3.7688446,  -6.9416   ,  -6.1106434]; [[19369.92557074,  734.06778682,  403.60794295,  334.44552578,    262.42311025,  738.76634434,  580.35962561,  972.53893612,    494.62123656,  783.29424633,  475.49800833,  463.79069456,    418.91689081], [  734.06778682, 1674.24920224, -162.92893336,  310.90178915,     -6.0780965 , -161.31242672,   37.62170837,  -79.86710659,   -260.08298817, -150.81223367,  -52.27406211,  -59.93521702,     -3.13391718], [  403.60794295, -162.92893336,  503.61282291,   55.38318452,    236.3003006 ,  154.74689644,   90.14249572,  145.24507845,    179.44239433,   80.68935843,   30.23135019,   84.89882328,     71.99087794], [  334.44552578,  310.90178915,   55.38318452,  257.35289202,     45.61341064,  -10.18837705,  -28.43954234,  -46.82176301,    -58.03557654,  -63.0998616 ,  -25.64016617,   26.07817605,     34.76179727], [  262.42311025,   -6.0780965 ,  236.3003006 ,   45.61341064,    246.59751991,  109.79281796,   68.34307182,   67.18654993,     86.78351545,   41.03566994,    5.21653206,   17.63749242,     11.93784121], [  738.76634434, -161.31242672,  154.74689644,  -10.18837705,    109.79281796,  237.47011415,   77.02329049,   97.2146941 ,    166.16995012,  129.22731471,   61.39983822,   32.08275406,    -11.3472005 ], [  580.35962561,   37.62170837,   90.14249572,  -28.43954234,     68.34307182,   77.02329049,  196.75796346,  148.14056906,     36.85916514,   92.88451671,   76.65803827,   34.05443903,     25.41884769], [  972.53893612,  -79.86710659,  145.24507845,  -46.82176301,     67.18654993,   97.2146941 ,  148.14056906,  227.02231225,    126.32674276,  125.73660688,   74.75527414,   43.65866542,     45.05330356], [  494.62123656, -260.08298817,  179.44239433,  -58.03557654,     86.78351545,  166.16995012,   36.85916514,  126.32674276,    267.79482936,  149.85107236,   37.60831358,    7.77884545,    -20.75824728], [  783.29424633, -150.81223367,   80.68935843,  -63.0998616 ,     41.03566994,  129.22731471,   92.88451671,  125.73660688,    149.85107236,  206.30635073,  113.66695892,   19.72200295,    -20.10906701], [  475.49800833,  -52.27406211,   30.23135019,  -25.64016617,      5.21653206,   61.39983822,   76.65803827,   74.75527414,     37.60831358,  113.66695892,  147.34239986,   70.37918014,     15.14325003], [  463.79069456,  -59.93521702,   84.89882328,   26.07817605,     17.63749242,   32.08275406,   34.05443903,   43.65866542,      7.77884545,   19.72200295,   70.37918014,  174.86311987,    112.85357274], [  418.91689081,   -3.13391718,   71.99087794,   34.76179727,     11.93784121,  -11.3472005 ,   25.41884769,   45.05330356,    -20.75824728,  -20.10906701,   15.14325003,  112.85357274,    186.30347421]]
/root/sim/music/out/Compilations/20th_ANNIVERSARY_OF_PERSONA_SERIES_ALL_T/3-13_Danger_Zone.mp3; [-567.6612   , 123.766014 , -21.961351 ,  50.443798 ,  15.6800165,   -5.518625 ,  -1.1592766,   6.9456496,   6.933398 ,   2.1871917,    0.6791844,  -3.057205 ,  -3.078482 ]; [[14310.27210731,  569.56953154, -887.56365028,  778.66890886,    274.83989721, -397.61753057,  -92.05697312,   62.951731  ,    100.08054892,  -22.62694805,  -11.12796477,  -11.06993523,     21.69771743], [  569.56953154, 1706.06834235, -182.1837318 ,  119.73910891,   -138.83702751,  149.56006371,   -0.67971218,  -14.09110331,    -23.67176914,   38.73495559,   88.46446172,   42.6943157 ,      1.9466858 ], [ -887.56365028, -182.1837318 ,  856.78329233, -316.00536472,     61.63752582,  139.18085193,   29.87239518,    1.47726329,    -60.90011748,   40.47793936,   -8.89827261,   23.7319105 ,    -14.37076521], [  778.66890886,  119.73910891, -316.00536472,  426.81485806,     72.31397445,  -29.16579073,   38.08819001,   59.73650514,     88.04567136,   -9.49649122,   -2.23853886,  -24.27564833,      5.29956643], [  274.83989721, -138.83702751,   61.63752582,   72.31397445,    178.90236192,   -7.91594156,   49.88536993,   38.53028425,     34.95048476,   -8.7360662 ,  -17.58810201,  -10.61929696,      6.55582095], [ -397.61753057,  149.56006371,  139.18085193,  -29.16579073,     -7.91594156,  149.24810642,   41.67111195,   13.01239063,    -10.12559366,   15.13707815,   14.0634586 ,   13.59113769,      2.6076816 ], [  -92.05697312,   -0.67971218,   29.87239518,   38.08819001,     49.88536993,   41.67111195,   94.6948503 ,   33.74221894,     17.41213661,   -1.62359105,    4.79010825,    5.19345827,     11.52359916], [   62.951731  ,  -14.09110331,    1.47726329,   59.73650514,     38.53028425,   13.01239063,   33.74221894,   77.72533749,     47.81427773,    5.05637676,   -7.3910546 ,   -6.78133772,      1.77341717], [  100.08054892,  -23.67176914,  -60.90011748,   88.04567136,     34.95048476,  -10.12559366,   17.41213661,   47.81427773,     89.17462772,   19.418922  ,    0.20803775,  -15.15990955,      2.60083288], [  -22.62694805,   38.73495559,   40.47793936,   -9.49649122,     -8.7360662 ,   15.13707815,   -1.62359105,    5.05637676,     19.418922  ,   58.52098473,   27.17997483,   10.98954457,     -1.60368458], [  -11.12796477,   88.46446172,   -8.89827261,   -2.23853886,    -17.58810201,   14.0634586 ,    4.79010825,   -7.3910546 ,      0.20803775,   27.17997483,   60.48287693,   30.37486891,      4.14224851], [  -11.06993523,   42.6943157 ,   23.7319105 ,  -24.27564833,    -10.61929696,   13.59113769,    5.19345827,   -6.78133772,    -15.15990955,   10.98954457,   30.37486891,   59.32533747,     24.96230278], [   21.69771743,    1.9466858 ,  -14.37076521,    5.29956643,      6.55582095,    2.6076816 ,   11.52359916,    1.77341717,      2.60083288,   -1.60368458,    4.14224851,   24.96230278,     51.68516275]]
/root/sim/music/out/Compilations/20th_ANNIVERSARY_OF_PERSONA_SERIES_ALL_T/1-20_Dungeon_-_Deva-Yuga.mp3; [-669.9561   , 153.99179  ,   5.8488355,  42.350258 ,  11.868468 ,   10.364267 ,  10.305115 ,  14.31176  ,   4.741306 ,  -1.1538124,   -3.2710502,  -1.3920586,   0.8923962]; [[11904.87934292, -111.15221542,   40.14496142,  773.31299247,   -371.52894196,  188.22373743,   52.79400617,  409.80861609,    -27.06993529,  -78.85549834, -118.62364385,  -51.68186254,   -126.36272093], [ -111.15221542, 1400.71277383, -224.67760484,   62.69572368,    254.45389994,  -91.62440304,   70.77713867,  -57.23214849,     43.33254349,   11.47415652,    9.05387529,  -32.19581511,     36.9491682 ], [   40.14496142, -224.67760484,  372.12402546,   18.91735902,     -7.12756632,  141.53615378,    7.05272047,   74.88826879,     13.98427517,   38.97321931,   28.43423067,   26.875897  ,    -18.0894806 ], [  773.31299247,   62.69572368,   18.91735902,  264.94771053,    -13.33781255,   65.89115428,   48.68757686,   94.26544339,     15.37464332,   12.20643942,   22.99968141,    4.12012419,    -35.38771759], [ -371.52894196,  254.45389994,   -7.12756632,  -13.33781255,    253.50896244,  -44.26722884,   44.53088148,  -14.66685875,     37.72993966,   14.08422968,    2.78816502,  -27.26691074,     35.99901248], [  188.22373743,  -91.62440304,  141.53615378,   65.89115428,    -44.26722884,  206.44787902,   15.61974829,   90.77724645,     15.35279802,   49.03589539,   20.63771248,   16.44036346,    -34.06669603], [   52.79400617,   70.77713867,    7.05272047,   48.68757686,     44.53088148,   15.61974829,   83.92815206,   33.33801175,     16.2292163 ,   10.84333714,   14.43809244,   -1.81662136,     -7.70905164], [  409.80861609,  -57.23214849,   74.88826879,   94.26544339,    -14.66685875,   90.77724645,   33.33801175,  141.93840645,     28.21517353,   33.5418506 ,    9.47853639,    2.64504092,    -28.74994323], [  -27.06993529,   43.33254349,   13.98427517,   15.37464332,     37.72993966,   15.35279802,   16.2292163 ,   28.21517353,     74.9959518 ,   21.18786508,    6.03043278,   -7.51193766,      6.08873269], [  -78.85549834,   11.47415652,   38.97321931,   12.20643942,     14.08422968,   49.03589539,   10.84333714,   33.5418506 ,     21.18786508,   66.6087051 ,   16.66176286,    2.16651988,     -9.04801876], [ -118.62364385,    9.05387529,   28.43423067,   22.99968141,      2.78816502,   20.63771248,   14.43809244,    9.47853639,      6.03043278,   16.66176286,   65.83031986,   18.79391147,    -12.94193801], [  -51.68186254,  -32.19581511,   26.875897  ,    4.12012419,    -27.26691074,   16.44036346,   -1.81662136,    2.64504092,     -7.51193766,    2.16651988,   18.79391147,   56.86331783,      3.26037056], [ -126.36272093,   36.9491682 ,  -18.0894806 ,  -35.38771759,     35.99901248,  -34.06669603,   -7.70905164,  -28.74994323,      6.08873269,   -9.04801876,  -12.94193801,    3.26037056,     62.33381691]]
/root/sim/music/out/Compilations/20th_ANNIVERSARY_OF_PERSONA_SERIES_ALL_T/4-17_The_Almigthy.mp3; [-572.1151   , 121.10521  , -26.222918 ,  43.770412 ,   4.914483 ,   -9.177934 ,  -7.1611896,   6.973278 ,   5.5446725,  -1.2172024,   -3.1859183,  -3.9132717,  -4.654995 ]; [[12338.4457491 , 1203.9341657 , -184.23699507,  287.59611399,     -8.99591454,   25.13446947,   67.830434  ,  105.63444514,     90.5298117 ,   71.51873987,  110.90632383,  117.06905716,     76.21038562], [ 1203.9341657 , 1055.38754179, -245.32722585,  338.40801106,    -93.57761103,  130.00083371,   27.38307817,   29.00139024,     40.7993697 ,   50.79641134,   46.38956043,   36.79718825,     42.7725067 ], [ -184.23699507, -245.32722585,  697.6106075 , -237.49185318,    123.67551796,  107.68527978,   83.0051351 ,  -35.0889477 ,    -62.28064937,   29.33403632,   11.10988794,   67.1910681 ,     42.00130811], [  287.59611399,  338.40801106, -237.49185318,  367.3715555 ,     33.13008884,   46.52768965,   22.48458125,   76.75145841,     94.56637632,   36.85049442,   28.03358525,  -17.10547743,      3.54872077], [   -8.99591454,  -93.57761103,  123.67551796,   33.13008884,    208.5913518 ,   14.60953069,   37.56353486,   52.67159458,     33.26956728,   33.99873674,   12.97215455,    9.88727176,     11.55133231], [   25.13446947,  130.00083371,  107.68527978,   46.52768965,     14.60953069,  146.09065347,   64.83082578,    5.263096  ,      4.00138669,   23.64778388,   27.8738889 ,   31.41086273,     27.08285491], [   67.830434  ,   27.38307817,   83.0051351 ,   22.48458125,     37.56353486,   64.83082578,   96.60428684,   36.13427873,     20.5903102 ,   29.61999874,   24.30871123,   20.95466335,     15.51588421], [  105.63444514,   29.00139024,  -35.0889477 ,   76.75145841,     52.67159458,    5.263096  ,   36.13427873,   96.63018342,     64.09189392,   21.73450535,   14.7965087 ,    1.95065953,      4.61971208], [   90.5298117 ,   40.7993697 ,  -62.28064937,   94.56637632,     33.26956728,    4.00138669,   20.5903102 ,   64.09189392,    104.96230231,   43.42769668,   16.50763258,   -1.82169093,      5.89050191], [   71.51873987,   50.79641134,   29.33403632,   36.85049442,     33.99873674,   23.64778388,   29.61999874,   21.73450535,     43.42769668,   72.6932006 ,   34.75781909,    9.24264651,     10.58762553], [  110.90632383,   46.38956043,   11.10988794,   28.03358525,     12.97215455,   27.8738889 ,   24.30871123,   14.7965087 ,     16.50763258,   34.75781909,   60.12215198,   28.46067369,      9.82707491], [  117.06905716,   36.79718825,   67.1910681 ,  -17.10547743,      9.88727176,   31.41086273,   20.95466335,    1.95065953,     -1.82169093,    9.24264651,   28.46067369,   61.03186009,     31.86497201], [   76.21038562,   42.7725067 ,   42.00130811,    3.54872077,     11.55133231,   27.08285491,   15.51588421,    4.61971208,      5.89050191,   10.58762553,    9.82707491,   31.86497201,     54.57186731]]
/root/sim/music/out/Compilations/20th_ANNIVERSARY_OF_PERSONA_SERIES_ALL_T/5-12_緊追.mp3; [-653.8499    , 134.77185   ,  22.75269   ,  26.751158  ,  -1.704083  ,    6.4149976 ,  -3.0195975 ,   5.8275423 ,  -0.22104405,   2.1934063 ,   -3.2411196 ,  -3.062394  ,  -3.1127875 ]; [[25024.40875022, 1894.3788757 , -704.25593241,  216.30629895,   -250.79600184,  104.00179487,  -50.70371727,  125.17301041,    -54.24845529,   61.85232733,  -34.17664122,  -19.5187987 ,    -28.00460194], [ 1894.3788757 , 1716.22391658,  -85.47137127,  224.81353899,    119.42872597,   78.76578462,  -25.88684352,   70.62687794,    -45.86235145,  -14.21815248,  -35.94007241,  -68.9049161 ,    -49.15973618], [ -704.25593241,  -85.47137127,  882.73255012,   62.06546735,    -90.4170554 ,  -39.11209866,  -71.37412361,  -88.5802996 ,     -6.67926001,   -6.4078848 ,  -39.79540066,  -31.99188302,    -53.38359134], [  216.30629895,  224.81353899,   62.06546735,  192.55302578,     94.6798539 ,   26.05529857,   -0.02766422,   12.62963283,      5.47231123,   13.19050179,   16.69351026,   10.46236604,      6.88352902], [ -250.79600184,  119.42872597,  -90.4170554 ,   94.6798539 ,    233.50293254,  105.50513622,   75.22917732,   69.02001044,     37.80100187,   39.91584064,   49.8135081 ,   33.83201904,     39.47212045], [  104.00179487,   78.76578462,  -39.11209866,   26.05529857,    105.50513622,  152.50685791,   86.40293754,   53.71770834,     26.7515952 ,   23.52167721,   22.98571786,   25.05174592,     21.58607616], [  -50.70371727,  -25.88684352,  -71.37412361,   -0.02766422,     75.22917732,   86.40293754,  110.17209058,   63.64620103,     39.54105638,   26.33837154,   27.52790149,   25.19572952,     21.23297333], [  125.17301041,   70.62687794,  -88.5802996 ,   12.62963283,     69.02001044,   53.71770834,   63.64620103,   86.07271531,     48.12443125,   25.17013171,   21.80561399,   15.55629752,     16.4404436 ], [  -54.24845529,  -45.86235145,   -6.67926001,    5.47231123,     37.80100187,   26.7515952 ,   39.54105638,   48.12443125,     68.78474047,   34.25870009,   21.85414949,   15.69347222,     15.85947271], [   61.85232733,  -14.21815248,   -6.4078848 ,   13.19050179,     39.91584064,   23.52167721,   26.33837154,   25.17013171,     34.25870009,   51.43570872,   29.75449167,   21.21573285,     16.68715071], [  -34.17664122,  -35.94007241,  -39.79540066,   16.69351026,     49.8135081 ,   22.98571786,   27.52790149,   21.80561399,     21.85414949,   29.75449167,   61.51024501,   36.55333478,     25.10236979], [  -19.5187987 ,  -68.9049161 ,  -31.99188302,   10.46236604,     33.83201904,   25.05174592,   25.19572952,   15.55629752,     15.69347222,   21.21573285,   36.55333478,   62.75373041,     35.92992931], [  -28.00460194,  -49.15973618,  -53.38359134,    6.88352902,     39.47212045,   21.58607616,   21.23297333,   16.4404436 ,     15.85947271,   16.68715071,   25.10236979,   35.92992931,     54.6290208 ]]
/root/sim/music/out/Compilations/20th_ANNIVERSARY_OF_PERSONA_SERIES_ALL_T/5-08_Beneath_the_Mask_-instrumental.mp3; [-728.0616    , 212.13637   ,  24.903286  ,  32.437828  ,  12.131632  ,   -0.13820526,  -3.8241594 ,   2.5406697 ,   1.2836545 ,   6.3494115 ,    5.567195  ,  -2.3598287 ,  -3.8969307 ]; [[13391.82137167, -962.33867713,  -58.13387   , -149.27171806,     22.87256846,  292.93395443, -195.09197033, -100.91384231,      8.45131887,  -40.31413508,  -89.02632474, -135.92259818,   -156.3207489 ], [ -962.33867713, 3353.32887236, -848.75813026,   22.68412107,    -29.22849189, -282.91054769,   -9.95917516,    0.24852442,     28.53354697,   73.20754203,   55.79435668,   37.38844787,     58.45816604], [  -58.13387   , -848.75813026, 1119.99623362,   19.6235833 ,     78.09608648,  147.65835641,   42.84313962,   79.71745921,     14.79816144,   10.23177765,  -20.04861424,  -41.11010694,    -23.75661926], [ -149.27171806,   22.68412107,   19.6235833 ,  470.54540277,     66.8180454 ,  -19.41268535,   80.52954613,    3.56567106,   -107.43283513,  -79.57155824,  -29.37737509,  -25.07692364,    -10.26042683], [   22.87256846,  -29.22849189,   78.09608648,   66.8180454 ,    279.68080823,   75.8627839 ,   -5.26374199,   -0.45804956,    -21.85380775,  -35.69977298,  -31.2233671 ,  -12.89104989,     10.84500145], [  292.93395443, -282.91054769,  147.65835641,  -19.41268535,     75.8627839 ,  171.99279417,    9.304993  ,   -7.02995939,     11.49703645,    8.57452275,  -11.02843305,  -14.23355072,    -15.11074605], [ -195.09197033,   -9.95917516,   42.84313962,   80.52954613,     -5.26374199,    9.304993  ,  135.91233595,   45.07495276,    -22.5861559 ,   -3.77026552,   24.88337582,   10.40147741,     13.95989007], [ -100.91384231,    0.24852442,   79.71745921,    3.56567106,     -0.45804956,   -7.02995939,   45.07495276,  122.96594885,     43.81841175,   -5.02766522,   27.27591673,   45.17554676,     21.41097582], [    8.45131887,   28.53354697,   14.79816144, -107.43283513,    -21.85380775,   11.49703645,  -22.5861559 ,   43.81841175,    130.54460463,   53.06389183,   18.05359559,   34.16117266,     18.11957865], [  -40.31413508,   73.20754203,   10.23177765,  -79.57155824,    -35.69977298,    8.57452275,   -3.77026552,   -5.02766522,     53.06389183,  112.03737516,   46.41496866,    0.3406172 ,      6.9617545 ], [  -89.02632474,   55.79435668,  -20.04861424,  -29.37737509,    -31.2233671 ,  -11.02843305,   24.88337582,   27.27591673,     18.05359559,   46.41496866,   98.31618182,   43.59963324,     -7.46383503], [ -135.92259818,   37.38844787,  -41.11010694,  -25.07692364,    -12.89104989,  -14.23355072,   10.40147741,   45.17554676,     34.16117266,    0.3406172 ,   43.59963324,   96.80601785,     42.31297508], [ -156.3207489 ,   58.45816604,  -23.75661926,  -10.26042683,     10.84500145,  -15.11074605,   13.95989007,   21.41097582,     18.11957865,    6.9617545 ,   -7.46383503,   42.31297508,     87.23816529]]
/root/sim/music/out/Compilations/20th_ANNIVERSARY_OF_PERSONA_SERIES_ALL_T/1-14_Mark's_Theme.mp3; [-690.65106   ,  99.292915  ,   5.5888534 ,   4.9296875 ,  -6.249127  ,   -2.7008243 ,  -3.9786932 ,   7.920328  ,   2.6780481 ,   8.88853   ,   -0.85741144,   2.883277  ,  -6.259918  ]; [[26639.7648382 , 2805.21763818,  158.92713043, 1071.42989486,     34.53116438,  386.15361846,  187.16427152,  565.87835937,    146.74709769,  123.10755706,  -72.80105819,  -38.76209968,    -66.85238142], [ 2805.21763818, 1986.27030456,  344.87257695,  794.52948777,    193.5449396 ,  339.16339875,  252.36326053,  224.01671174,    208.26708728,   84.84154054,  134.31853676,  -26.1109261 ,     56.84694931], [  158.92713043,  344.87257695, 1252.37654272,  231.31886068,    359.93789202,  147.85159946,  242.29323264,  235.91601435,    135.66731822,  114.73496892,   66.86789837,   73.57526528,    -32.79974786], [ 1071.42989486,  794.52948777,  231.31886068,  953.38736056,    277.21810814,  470.52777606,  340.26075625,  243.93548883,    163.23725093,   -6.62240598,  133.51609604,  -48.13468673,     61.31113711], [   34.53116438,  193.5449396 ,  359.93789202,  277.21810814,    448.53370319,  268.61788582,  253.88796727,  134.65482651,     95.52476626,   64.81807731,   40.04378225,   64.13317989,     23.98964865], [  386.15361846,  339.16339875,  147.85159946,  470.52777606,    268.61788582,  475.96877291,  339.56890626,  164.15808383,     92.62168019,   14.50328544,   50.72089298,  -26.54415433,     55.34445333], [  187.16427152,  252.36326053,  242.29323264,  340.26075625,    253.88796727,  339.56890626,  400.91618886,  198.63748795,    113.59180357,   53.02049294,   34.18228051,   -6.9887622 ,      9.46747469], [  565.87835937,  224.01671174,  235.91601435,  243.93548883,    134.65482651,  164.15808383,  198.63748795,  216.53750765,    132.68142614,   69.34859344,   57.39650945,   -7.3698217 ,    -13.77476829], [  146.74709769,  208.26708728,  135.66731822,  163.23725093,     95.52476626,   92.62168019,  113.59180357,  132.68142614,    157.08006726,   85.43919133,   69.52099628,    3.83392422,    -15.16191059], [  123.10755706,   84.84154054,  114.73496892,   -6.62240598,     64.81807731,   14.50328544,   53.02049294,   69.34859344,     85.43919133,  127.15144443,   62.16679777,   22.27584147,    -26.71200041], [  -72.80105819,  134.31853676,   66.86789837,  133.51609604,     40.04378225,   50.72089298,   34.18228051,   57.39650945,     69.52099628,   62.16679777,  114.31592794,   26.47137727,      2.24314271], [  -38.76209968,  -26.1109261 ,   73.57526528,  -48.13468673,     64.13317989,  -26.54415433,   -6.9887622 ,   -7.3698217 ,      3.83392422,   22.27584147,   26.47137727,  101.99531995,     29.49933908], [  -66.85238142,   56.84694931,  -32.79974786,   61.31113711,     23.98964865,   55.34445333,    9.46747469,  -13.77476829,    -15.16191059,  -26.71200041,    2.24314271,   29.49933908,     87.27025554]]
/root/sim/music/out/Compilations/20th_ANNIVERSARY_OF_PERSONA_SERIES_ALL_T/4-09_I'll_Face_Myself.mp3; [-651.863     , 164.91817   , -15.133762  ,  -0.9110429 ,  -1.6767777 ,    0.6882425 ,  -6.702354  ,  -3.1243107 ,  -5.1758685 ,  -3.8692226 ,   -4.5280733 ,   0.8185911 ,   0.01944717]; [[19006.77617213,-1835.98733834,  121.28961743,  -13.4857797 ,    297.0257374 ,  660.47451701,  331.42077184,  -58.24314608,     82.73742382,  150.06411642,   63.54979282,  193.78073949,    161.53332549], [-1835.98733834, 3247.07895533, -989.22289601,  193.67678022,    -79.43550247, -296.8397274 , -121.10442881,  -50.04842904,    -52.66785482, -137.48192495,  -30.62296906,   22.51704755,    -24.82989008], [  121.28961743, -989.22289601, 1395.16751719, -169.58533674,    121.31337802,   98.60298161,  -27.46408473,  148.11543179,     15.90710783,   67.18697408,   42.61389962,   -6.42055924,     40.04047545], [  -13.4857797 ,  193.67678022, -169.58533674,  354.93663145,    -64.19307198,  -21.41382183,   40.09734904,  -41.59647643,     40.95331709,   20.78166743,    6.49409358,   21.44524519,     11.31940043], [  297.0257374 ,  -79.43550247,  121.31337802,  -64.19307198,    260.20161255,   84.04763579,   55.5681787 ,   29.49783624,     29.66600907,   40.39058645,   30.90396245,   34.25344966,     24.82175021], [  660.47451701, -296.8397274 ,   98.60298161,  -21.41382183,     84.04763579,  178.21071167,   78.29288503,   25.66556859,     36.62677246,   31.94985372,   30.09502105,   24.49872243,     20.79118011], [  331.42077184, -121.10442881,  -27.46408473,   40.09734904,     55.5681787 ,   78.29288503,  168.8061926 ,   18.45949977,     29.51989054,   38.04841367,   30.49232262,   39.01033545,     21.23381729], [  -58.24314608,  -50.04842904,  148.11543179,  -41.59647643,     29.49783624,   25.66556859,   18.45949977,  113.43784395,     36.682271  ,    8.9530573 ,   17.4282897 ,    8.15948148,      2.68843673], [   82.73742382,  -52.66785482,   15.90710783,   40.95331709,     29.66600907,   36.62677246,   29.51989054,   36.682271  ,    111.63060838,   50.73759796,   10.34199983,    8.75452596,      2.60495422], [  150.06411642, -137.48192495,   67.18697408,   20.78166743,     40.39058645,   31.94985372,   38.04841367,    8.9530573 ,     50.73759796,  100.80138734,   32.44931565,    6.59033197,      6.84375512], [   63.54979282,  -30.62296906,   42.61389962,    6.49409358,     30.90396245,   30.09502105,   30.49232262,   17.4282897 ,     10.34199983,   32.44931565,   76.98531635,   39.80381073,      6.15892625], [  193.78073949,   22.51704755,   -6.42055924,   21.44524519,     34.25344966,   24.49872243,   39.01033545,    8.15948148,      8.75452596,    6.59033197,   39.80381073,   92.64356529,     45.02124583], [  161.53332549,  -24.82989008,   40.04047545,   11.31940043,     24.82175021,   20.79118011,   21.23381729,    2.68843673,      2.60495422,    6.84375512,    6.15892625,   45.02124583,     80.74133351]]
/root/sim/music/out/Compilations/20th_ANNIVERSARY_OF_PERSONA_SERIES_ALL_T/3-09_Deep_Breath_Deep_Breath.mp3; [-612.94696   , 113.250565  ,   1.8934232 ,  28.75769   ,   8.27139   ,   -2.5668938 ,   5.059239  ,   1.8978558 ,  -5.960352  ,   2.7726243 ,   -3.9560814 ,  -0.27546138,  -1.1012632 ]; [[24361.1078315 , 1140.88931834, -443.14892955,  820.6753185 ,    180.10840811, -145.70250065,  128.21239247,   62.63407146,   -171.096878  ,  215.67627722,  -57.21140902,  118.57233359,    -13.2432515 ], [ 1140.88931834, 1215.71522243, -116.24766766,   86.31795292,    -72.04306899,  -80.60184903,    1.90520914,  -31.09985709,    -76.25356761,  -64.69049977,  -70.42251434,  -52.45490123,     20.56643224], [ -443.14892955, -116.24766766,  521.3505348 ,    8.77427325,    126.75985663,   81.85741897,  -16.64737105,   28.26510684,     38.20924454,  -15.15711832,   48.78102612,   14.03539205,    -18.6639389 ], [  820.6753185 ,   86.31795292,    8.77427325,  298.7469511 ,     55.21377093,   12.50345885,    6.17026056,   16.46889852,     -4.34330121,   19.96706821,  -12.57867034,    2.95698256,      4.38317438], [  180.10840811,  -72.04306899,  126.75985663,   55.21377093,    204.39920756,   60.71724183,   25.78728341,   15.09413092,     24.54657947,   10.92647765,   31.13226452,   23.80388414,    -20.78847463], [ -145.70250065,  -80.60184903,   81.85741897,   12.50345885,     60.71724183,  166.51483366,   39.60109081,   36.02063885,     42.65432619,   -2.07524076,   -9.36101084,  -14.08673292,    -16.00335052], [  128.21239247,    1.90520914,  -16.64737105,    6.17026056,     25.78728341,   39.60109081,  137.88777451,   56.03305859,     17.88176533,   11.67387446,   -1.67967595,    9.41799243,      0.10427765], [   62.63407146,  -31.09985709,   28.26510684,   16.46889852,     15.09413092,   36.02063885,   56.03305859,   88.92779301,     34.89204923,   19.27078422,    0.69901689,    9.4196644 ,      1.30261713], [ -171.096878  ,  -76.25356761,   38.20924454,   -4.34330121,     24.54657947,   42.65432619,   17.88176533,   34.89204923,     71.51969452,   17.26195853,    9.883331  ,    6.54852291,     -2.82124153], [  215.67627722,  -64.69049977,  -15.15711832,   19.96706821,     10.92647765,   -2.07524076,   11.67387446,   19.27078422,     17.26195853,   74.48270251,   27.46417326,   20.77634089,      6.25609308], [  -57.21140902,  -70.42251434,   48.78102612,  -12.57867034,     31.13226452,   -9.36101084,   -1.67967595,    0.69901689,      9.883331  ,   27.46417326,   80.83779709,   37.85447542,      1.87550905], [  118.57233359,  -52.45490123,   14.03539205,    2.95698256,     23.80388414,  -14.08673292,    9.41799243,    9.4196644 ,      6.54852291,   20.77634089,   37.85447542,   61.72348344,     14.7134795 ], [  -13.2432515 ,   20.56643224,  -18.6639389 ,    4.38317438,    -20.78847463,  -16.00335052,    0.10427765,    1.30261713,     -2.82124153,    6.25609308,    1.87550905,   14.7134795 ,     53.08802086]]
