/root/sim/music/out/Aimer/Penny_Rain/08_i-mage__in_AR_.mp3; [-519.1878   , 124.46936  ,   4.0343432,  20.615324 ,   1.2154418,    4.48852  ,   1.9204824,   4.5939603,   7.1501527,   3.147825 ,   -2.4006934,   1.3665869,  -1.4453851]; [[12296.84738018, -725.4089214 ,   12.0744205 ,  208.85153701,   -125.81294404,  229.62479553,  190.8248743 ,  181.02454361,    108.9881064 ,   89.50031574,   47.49191474,   22.4430478 ,     72.29874423], [ -725.4089214 , 1143.96120705, -159.47829429,   22.91547011,     35.59905173,    5.4797663 ,   -1.39330494,    3.98661174,     19.45854228,   11.9764779 ,   -2.16921656,   14.70470234,    -23.71215772], [   12.0744205 , -159.47829429,  378.20271703,   40.53940987,     62.98977073,   -0.90881675,   -9.23294489,   16.83817548,     -5.69322238,   22.62384057,   29.70379024,    7.19002833,     21.10253254], [  208.85153701,   22.91547011,   40.53940987,  171.27503834,     55.34816288,   -0.81436747,  -11.54110215,   26.62838069,     13.25349249,   15.44530153,   12.92025007,   20.65170477,     26.61643757], [ -125.81294404,   35.59905173,   62.98977073,   55.34816288,    152.06968077,    4.72536815,   -2.84787214,    5.87451805,     14.99206493,   18.84951963,   12.07933716,   23.07659484,      8.21578288], [  229.62479553,    5.4797663 ,   -0.90881675,   -0.81436747,      4.72536815,  171.48818364,   63.09561955,   40.93929235,    -14.00445235,   32.89088607,   16.86422988,  -12.16191352,      8.50384949], [  190.8248743 ,   -1.39330494,   -9.23294489,  -11.54110215,     -2.84787214,   63.09561955,  102.066071  ,   40.25521902,      3.55570552,   13.63156   ,    1.94174416,   -3.66269593,      2.52598109], [  181.02454361,    3.98661174,   16.83817548,   26.62838069,      5.87451805,   40.93929235,   40.25521902,  109.26809201,     28.61176311,   21.40424329,    0.16246375,    1.97254327,     18.39474592], [  108.9881064 ,   19.45854228,   -5.69322238,   13.25349249,     14.99206493,  -14.00445235,    3.55570552,   28.61176311,     82.24308767,   18.81957224,    6.0151113 ,    7.0850599 ,     -3.10150721], [   89.50031574,   11.9764779 ,   22.62384057,   15.44530153,     18.84951963,   32.89088607,   13.63156   ,   21.40424329,     18.81957224,   88.77193297,   31.20371078,    3.32508312,      9.4453916 ], [   47.49191474,   -2.16921656,   29.70379024,   12.92025007,     12.07933716,   16.86422988,    1.94174416,    0.16246375,      6.0151113 ,   31.20371078,   73.11033484,   23.48969774,      6.83080371], [   22.4430478 ,   14.70470234,    7.19002833,   20.65170477,     23.07659484,  -12.16191352,   -3.66269593,    1.97254327,      7.0850599 ,    3.32508312,   23.48969774,   70.28547369,     22.07611547], [   72.29874423,  -23.71215772,   21.10253254,   26.61643757,      8.21578288,    8.50384949,    2.52598109,   18.39474592,     -3.10150721,    9.4453916 ,    6.83080371,   22.07611547,     69.65459326]]
/root/sim/music/out/Aimer/Penny_Rain/07_Ref_rain.mp3; [-538.91     , 139.74364  ,  -5.352511 ,  20.211271 ,   0.6483995,    4.1558223,   4.6359653,  -2.4667852,  11.346079 ,  -1.5437465,   -1.5411583,   0.4622352,   0.3409962]; [[15789.15686532,-1296.42818184,  137.58469199,  734.86468403,    219.74957573, -111.5934927 ,  206.79223881,  253.21669894,    424.76393592,  400.20827257,  -18.16710857,  159.14702551,    -22.40916598], [-1296.42818184, 2613.66475653, -404.96288313,   64.99702984,      2.97381138,  145.61700689,   -2.79210124, -103.38120474,     -4.01482555, -197.29734505,  -30.08609999,  -53.52913896,     46.01545295], [  137.58469199, -404.96288313,  744.11591822,   43.53399987,    104.87324613,   30.57611062,    2.99626724,   -6.09045994,      7.96030016,  -20.65559142,   41.66018497,   -1.96454017,     -9.88284894], [  734.86468403,   64.99702984,   43.53399987,  281.82698918,     83.82556378,    1.09662192,   31.1709243 ,   37.67708144,     58.01364852,    3.08387047,   21.40231065,   17.86509381,     28.39943082], [  219.74957573,    2.97381138,  104.87324613,   83.82556378,    242.32532674,  -45.65398105,   36.84126669,   -2.48729524,     29.58212471,   18.17716868,    2.37576788,   26.21661542,     22.0644732 ], [ -111.5934927 ,  145.61700689,   30.57611062,    1.09662192,    -45.65398105,  212.61589567,   13.83029874,   61.9222842 ,    -16.3069855 ,   26.30132361,   14.46631522,   -4.44380426,      8.31599129], [  206.79223881,   -2.79210124,    2.99626724,   31.1709243 ,     36.84126669,   13.83029874,  144.75247507,   32.27861953,     39.02792526,   26.36250332,   15.37415826,   21.36685383,      1.50773588], [  253.21669894, -103.38120474,   -6.09045994,   37.67708144,     -2.48729524,   61.9222842 ,   32.27861953,  186.79604692,     31.01100877,   68.91526019,    5.3864318 ,   39.07941233,     19.47417507], [  424.76393592,   -4.01482555,    7.96030016,   58.01364852,     29.58212471,  -16.3069855 ,   39.02792526,   31.01100877,    140.44369932,   10.93877197,   20.93660023,   21.48353913,      6.89727919], [  400.20827257, -197.29734505,  -20.65559142,    3.08387047,     18.17716868,   26.30132361,   26.36250332,   68.91526019,     10.93877197,  170.63027993,    0.10621722,   28.87630683,     14.39934524], [  -18.16710857,  -30.08609999,   41.66018497,   21.40231065,      2.37576788,   14.46631522,   15.37415826,    5.3864318 ,     20.93660023,    0.10621722,   85.09398361,   11.29748537,      8.31372919], [  159.14702551,  -53.52913896,   -1.96454017,   17.86509381,     26.21661542,   -4.44380426,   21.36685383,   39.07941233,     21.48353913,   28.87630683,   11.29748537,   90.99440948,     16.77994564], [  -22.40916598,   46.01545295,   -9.88284894,   28.39943082,     22.0644732 ,    8.31599129,    1.50773588,   19.47417507,      6.89727919,   14.39934524,    8.31372919,   16.77994564,     85.18863477]]
/root/sim/music/out/Aimer/Penny_Rain/04_Sailing.mp3; [-581.57764  , 134.75009  ,   4.8052154,  21.337175 ,  -2.4524972,   -2.2752876,   7.840136 ,  -2.3582351,   2.6404555,  -4.485374 ,   -3.6415937,   3.53089  ,  -3.3062108]; [[28230.86669597,-4857.97023013,-2286.73280354, 1352.60370394,    442.24492828, -268.88876598,   40.25506526,  -27.19878429,    248.72857157,  451.42820339,  -43.60726112,   -7.656472  ,      0.62502696], [-4857.97023013, 3292.92180425,  105.43482143, -441.92153693,   -124.70055614,  119.80846485,   88.46811068,   70.28135009,      2.249583  , -200.31953335,  -34.62197782,   17.20105995,    -75.66579326], [-2286.73280354,  105.43482143, 1091.40185084,  -54.53127653,    -26.2035779 ,  156.23219226,   37.52160088,   29.87915409,      5.37299317,  -24.31651548,   39.51991988,   19.67973782,     37.809408  ], [ 1352.60370394, -441.92153693,  -54.53127653,  437.76941574,    136.95092075,   53.78706533,   21.75474162,   79.82005158,     40.61791782,   52.67107615,   38.29352706,    3.3288654 ,     48.59412235], [  442.24492828, -124.70055614,  -26.2035779 ,  136.95092075,    360.83748209,   46.98130473,   -0.19756756,   54.88488893,     24.83011841,   66.92276277,   50.2817988 ,   38.39264602,     63.65522828], [ -268.88876598,  119.80846485,  156.23219226,   53.78706533,     46.98130473,  379.02066362,   57.64141307,  102.66381022,     17.59574714,   38.35975247,   62.53662685,  -18.27259525,     32.92133908], [   40.25506526,   88.46811068,   37.52160088,   21.75474162,     -0.19756756,   57.64141307,  196.11943916,   56.59372979,     35.41318438,   23.58857032,    0.90425303,   31.83177543,     12.60848718], [  -27.19878429,   70.28135009,   29.87915409,   79.82005158,     54.88488893,  102.66381022,   56.59372979,  224.90165416,     35.0339957 ,   36.18482987,   24.76286824,   26.79763833,     58.96349819], [  248.72857157,    2.249583  ,    5.37299317,   40.61791782,     24.83011841,   17.59574714,   35.41318438,   35.0339957 ,    142.31066965,   17.17961444,   12.22510193,   17.47137724,     -8.02825935], [  451.42820339, -200.31953335,  -24.31651548,   52.67107615,     66.92276277,   38.35975247,   23.58857032,   36.18482987,     17.17961444,  161.67391079,   32.94138135,   10.60234766,     21.44253055], [  -43.60726112,  -34.62197782,   39.51991988,   38.29352706,     50.2817988 ,   62.53662685,    0.90425303,   24.76286824,     12.22510193,   32.94138135,  129.46752228,   29.88491434,     19.27505053], [   -7.656472  ,   17.20105995,   19.67973782,    3.3288654 ,     38.39264602,  -18.27259525,   31.83177543,   26.79763833,     17.47137724,   10.60234766,   29.88491434,  136.16095196,     32.91326435], [    0.62502696,  -75.66579326,   37.809408  ,   48.59412235,     63.65522828,   32.92133908,   12.60848718,   58.96349819,     -8.02825935,   21.44253055,   19.27505053,   32.91326435,    137.07200282]]
/root/sim/music/out/Aimer/Penny_Rain/06_Stand_By_You.mp3; [-510.27023  , 104.24319  , -15.44868  ,  14.990545 ,   9.131144 ,    9.953312 , -10.265061 ,  -1.7646632,  -1.3420196,  -4.581842 ,   -6.997577 ,  -3.650268 ,  -7.1603265]; [[14165.79813214,-1003.97383715,  862.61640191,  905.34913662,    790.67596165,  553.21583948,  354.04301024,  522.95191664,    272.56283599,  246.18706921,  144.85494108,  138.39809856,    108.75365875], [-1003.97383715, 1975.55702388, -695.29192743, -232.9610823 ,   -222.30643639, -154.385011  , -101.87290784, -140.31807809,    -89.43371937,  -88.63623607,  -73.7636894 ,  -97.24921461,    -85.84809875], [  862.61640191, -695.29192743,  728.09227806,  121.49791197,    169.73790057,   98.83103219,   84.55170393,  112.00966786,     59.94299492,   56.26289523,   48.59788043,   52.56430426,     53.15921211], [  905.34913662, -232.9610823 ,  121.49791197,  450.31191656,    245.7814462 ,   81.64498291,   89.16722231,  118.5444004 ,     72.57393691,   71.38191095,   66.80876596,   59.73247073,     56.67972271], [  790.67596165, -222.30643639,  169.73790057,  245.7814462 ,    350.35139655,   98.52901071,  113.02515947,  109.15638512,     61.011897  ,   79.45286351,   68.96168849,   58.21351592,     55.42555871], [  553.21583948, -154.385011  ,   98.83103219,   81.64498291,     98.52901071,  228.57736437,  114.46707695,   82.02680155,     32.56338046,   60.99178637,   44.28918045,   17.40629882,     14.48657917], [  354.04301024, -101.87290784,   84.55170393,   89.16722231,    113.02515947,  114.46707695,  196.1430369 ,  107.78677669,     58.31137557,   61.7414618 ,   43.59724736,   26.69401925,     26.67813021], [  522.95191664, -140.31807809,  112.00966786,  118.5444004 ,    109.15638512,   82.02680155,  107.78677669,  184.74315986,     70.90004232,   61.60895516,   38.32832316,   30.91619711,     39.4774932 ], [  272.56283599,  -89.43371937,   59.94299492,   72.57393691,     61.011897  ,   32.56338046,   58.31137557,   70.90004232,    138.32011948,   56.90036645,   31.04133484,   27.3397983 ,     13.76324976], [  246.18706921,  -88.63623607,   56.26289523,   71.38191095,     79.45286351,   60.99178637,   61.7414618 ,   61.60895516,     56.90036645,  119.15881156,   53.20209446,   19.19496264,     26.00446178], [  144.85494108,  -73.7636894 ,   48.59788043,   66.80876596,     68.96168849,   44.28918045,   43.59724736,   38.32832316,     31.04133484,   53.20209446,   89.36097276,   40.97498325,     19.8856336 ], [  138.39809856,  -97.24921461,   52.56430426,   59.73247073,     58.21351592,   17.40629882,   26.69401925,   30.91619711,     27.3397983 ,   19.19496264,   40.97498325,   88.56582168,     36.6307791 ], [  108.75365875,  -85.84809875,   53.15921211,   56.67972271,     55.42555871,   14.48657917,   26.67813021,   39.4774932 ,     13.76324976,   26.00446178,   19.8856336 ,   36.6307791 ,     81.14941725]]
/root/sim/music/out/Aimer/Penny_Rain/05_眩いばかり.mp3; [-536.98346  , 111.62635  , -13.141192 ,  26.903082 ,  15.811569 ,    8.194437 ,   9.493014 ,  10.366631 ,  12.055175 ,   3.7195024,    2.8504934,   2.6045606,   0.7125439]; [[13640.82955246,  521.62153982, -316.79560972,   61.13325565,     13.83914726,  -32.21428513,   35.46790374,  173.6281167 ,     85.59054876,  104.33704964,   72.62338123,   58.30747394,    -45.56973486], [  521.62153982, 1237.70580299, -223.30262324,   78.22441698,     32.75069971,   53.07357135,  123.70630537,   54.07419908,    132.76222895,    6.40628213,   69.34998104,   50.05160169,     28.3277568 ], [ -316.79560972, -223.30262324,  707.34019087,  119.4034967 ,    124.53701599,   31.05923017,   -7.96603561,   23.49044776,      1.3881069 ,   16.82873195,   13.98564656,   69.67737526,     42.22490865], [   61.13325565,   78.22441698,  119.4034967 ,  402.72499218,    159.80646606,  -27.01126749,   12.64271517,   29.23352227,     71.92985765,   -8.27596844,    0.6264866 ,   19.40185822,     21.189114  ], [   13.83914726,   32.75069971,  124.53701599,  159.80646606,    270.37538772,   15.68400459,   25.75481077,   29.24415218,     39.18609758,   46.60295493,    0.56238293,   19.04163041,     30.50224556], [  -32.21428513,   53.07357135,   31.05923017,  -27.01126749,     15.68400459,  261.31724224,   71.21687929,   24.04875401,     -6.6599    ,   49.55540123,   31.18627674,  -22.22058778,      8.87534495], [   35.46790374,  123.70630537,   -7.96603561,   12.64271517,     25.75481077,   71.21687929,  144.92824775,   31.54814276,     33.58308811,   25.5829754 ,   20.48370806,   -1.24871526,     11.01453974], [  173.6281167 ,   54.07419908,   23.49044776,   29.23352227,     29.24415218,   24.04875401,   31.54814276,  156.69833838,     47.56628678,   25.8231572 ,   13.70901504,   19.7460268 ,     24.29005283], [   85.59054876,  132.76222895,    1.3881069 ,   71.92985765,     39.18609758,   -6.6599    ,   33.58308811,   47.56628678,    138.80207248,   16.18313398,   21.17291773,    9.22319093,      3.41600537], [  104.33704964,    6.40628213,   16.82873195,   -8.27596844,     46.60295493,   49.55540123,   25.5829754 ,   25.8231572 ,     16.18313398,  149.21354976,   26.62294252,  -10.10617374,     28.92715108], [   72.62338123,   69.34998104,   13.98564656,    0.6264866 ,      0.56238293,   31.18627674,   20.48370806,   13.70901504,     21.17291773,   26.62294252,   97.2334453 ,   37.07382034,     11.39790108], [   58.30747394,   50.05160169,   69.67737526,   19.40185822,     19.04163041,  -22.22058778,   -1.24871526,   19.7460268 ,      9.22319093,  -10.10617374,   37.07382034,  126.02519154,     39.55400453], [  -45.56973486,   28.3277568 ,   42.22490865,   21.189114  ,     30.50224556,    8.87534495,   11.01453974,   24.29005283,      3.41600537,   28.92715108,   11.39790108,   39.55400453,    114.52199736]]
/root/sim/music/out/Aimer/Penny_Rain/01_pluie.mp3; [-757.2219   , 161.14882  , -18.885561 ,   5.904231 ,  -5.705157 ,   -8.264291 , -14.53382  ,  -3.7735868,  -3.6659942,  -2.3482096,   -8.56767  ,  -3.6631594,  -3.7554574]; [[27246.89032078, 4180.74859995,-3023.00052197, 1176.7173566 ,    197.56005532,    0.33673084, -110.57992932,   10.66548179,   -732.20509542, -627.35775181, -714.13845523, -464.02925021,   -213.25314271], [ 4180.74859995, 5010.55977802,  181.33982578,  -34.20271879,    392.29382539,  198.36456816,  -15.37010886,  -19.31630826,    -81.82213092,   16.57410614,  -36.59300324,   24.60654191,    -28.9503082 ], [-3023.00052197,  181.33982578, 1422.83625449,  -29.57391601,    344.43205818,  218.48611062,  108.96301065,    6.85924493,    113.39566518,  124.02161394,  112.65709525,  131.38991916,     60.40068841], [ 1176.7173566 ,  -34.20271879,  -29.57391601,  321.15981072,     99.52635222,   96.6000898 ,   59.68611386,   54.58910168,     -7.55708627,  -34.14842195,  -49.89827345,  -32.69080278,      8.33625942], [  197.56005532,  392.29382539,  344.43205818,   99.52635222,    330.42117921,  142.48624696,   97.69302112,   26.43487523,     30.08738387,   12.24998257,  -20.326019  ,   13.9151871 ,      5.43401279], [    0.33673084,  198.36456816,  218.48611062,   96.6000898 ,    142.48624696,  208.38849753,   88.33298624,   44.33656004,      9.74106702,  -16.85897558,  -16.02106655,   19.3733977 ,     22.63669684], [ -110.57992932,  -15.37010886,  108.96301065,   59.68611386,     97.69302112,   88.33298624,  165.74574402,   60.82336101,     36.16963969,   -8.87696215,  -25.46125019,   -7.33435378,     12.92080585], [   10.66548179,  -19.31630826,    6.85924493,   54.58910168,     26.43487523,   44.33656004,   60.82336101,  140.58847498,     65.00570023,   26.24368573,  -15.60678081,   -4.52264292,     12.58819778], [ -732.20509542,  -81.82213092,  113.39566518,   -7.55708627,     30.08738387,    9.74106702,   36.16963969,   65.00570023,    189.75095718,  103.00670367,   32.81211709,   -8.81496749,      4.46695264], [ -627.35775181,   16.57410614,  124.02161394,  -34.14842195,     12.24998257,  -16.85897558,   -8.87696215,   26.24368573,    103.00670367,  189.08840221,   69.15408212,    8.65127488,    -13.59053467], [ -714.13845523,  -36.59300324,  112.65709525,  -49.89827345,    -20.326019  ,  -16.02106655,  -25.46125019,  -15.60678081,     32.81211709,   69.15408212,  153.1931846 ,   48.69531168,    -23.22974627], [ -464.02925021,   24.60654191,  131.38991916,  -32.69080278,     13.9151871 ,   19.3733977 ,   -7.33435378,   -4.52264292,     -8.81496749,    8.65127488,   48.69531168,  141.84897512,     64.42355003], [ -213.25314271,  -28.9503082 ,   60.40068841,    8.33625942,      5.43401279,   22.63669684,   12.92080585,   12.58819778,      4.46695264,  -13.59053467,  -23.22974627,   64.42355003,    164.74546922]]
/root/sim/music/out/Aimer/Penny_Rain/02_I_beg_you.mp3; [-494.45035  , 111.469696 , -12.348573 ,  23.961609 ,   8.241037 ,    4.4888573,   1.162792 ,   7.0308   ,   7.246673 ,   2.2726154,   -3.1077163,   1.4246169,   1.3996973]; [[10594.80739523,  -37.85692113,  488.72749236,  367.06425587,    256.03613175,  358.41279863,  112.36906214,  563.43606688,     76.90685003,  402.64628871,  281.83129027,   99.83812091,    350.0380197 ], [  -37.85692113, 1051.29168404, -330.37758112,   35.10040583,    -16.52379743,  -10.66982214,   31.59574466,  -36.84741242,     22.79453955,  -64.43599828,  -41.30087744,   -2.57567845,    -47.51914089], [  488.72749236, -330.37758112,  662.2225148 ,   37.60672382,     96.47645426,   79.99131796,    3.2880231 ,  118.72985532,      5.75475355,   43.08648397,   70.85664586,   15.56360397,     57.81011561], [  367.06425587,   35.10040583,   37.60672382,  345.25537282,    124.99903273,   23.84603723,   -9.87260519,   52.75983995,     22.2572056 ,   29.04886104,   38.8964411 ,   37.19479931,     44.79660079], [  256.03613175,  -16.52379743,   96.47645426,  124.99903273,    239.81853477,   34.07089362,   11.69751102,   40.70635112,     32.22767002,   39.01912699,   20.17273429,   24.95487109,     31.32495587], [  358.41279863,  -10.66982214,   79.99131796,   23.84603723,     34.07089362,  240.10630096,   64.80493176,  101.82070798,     13.4376751 ,   63.12222355,   58.07380191,    4.82621371,     38.67395442], [  112.36906214,   31.59574466,    3.2880231 ,   -9.87260519,     11.69751102,   64.80493176,  139.47862371,   56.22985488,     16.915573  ,   23.46017   ,   17.39203333,    2.12741246,      9.39449378], [  563.43606688,  -36.84741242,  118.72985532,   52.75983995,     40.70635112,  101.82070798,   56.22985488,  201.11330089,     41.87761932,   67.29688876,   55.00895322,   21.44171495,     67.22169384], [   76.90685003,   22.79453955,    5.75475355,   22.2572056 ,     32.22767002,   13.4376751 ,   16.915573  ,   41.87761932,    101.84977642,   26.19495925,   14.20754663,    5.08476595,      1.16224752], [  402.64628871,  -64.43599828,   43.08648397,   29.04886104,     39.01912699,   63.12222355,   23.46017   ,   67.29688876,     26.19495925,  138.55868376,   56.30033922,    5.21219885,     48.74448822], [  281.83129027,  -41.30087744,   70.85664586,   38.8964411 ,     20.17273429,   58.07380191,   17.39203333,   55.00895322,     14.20754663,   56.30033922,   99.22103902,   32.37129133,     43.55722447], [   99.83812091,   -2.57567845,   15.56360397,   37.19479931,     24.95487109,    4.82621371,    2.12741246,   21.44171495,      5.08476595,    5.21219885,   32.37129133,   83.11250589,     35.55539503], [  350.0380197 ,  -47.51914089,   57.81011561,   44.79660079,     31.32495587,   38.67395442,    9.39449378,   67.22169384,      1.16224752,   48.74448822,   43.55722447,   35.55539503,    109.62836598]]
/root/sim/music/out/Aimer/Penny_Rain/10_April_Showers.mp3; [-626.7354   , 166.98131  , -15.722269 ,  15.151693 ,  -2.3562562,   -1.4286772,   3.8839216,  -8.410055 ,   6.9563756,  -2.8368402,   -4.5129952,   0.6625125,  -5.0126386]; [[19613.61234904,-1132.58466799, -384.82644246,  921.93576857,   -225.14928271, -162.30081582,  274.66399017,  -51.77254435,    245.1125149 , -167.90383424, -310.47513803, -234.685577  ,   -418.12733634], [-1132.58466799, 1927.99533853, -392.45686472, -184.47991483,    -25.3763528 ,  122.49076147,    1.40036496,  -38.27688086,     -2.71134828,   43.54310005,   77.81208889,   40.48456743,     26.19200718], [ -384.82644246, -392.45686472, 1024.23842168,   95.33554759,    199.60611328,  111.83274632,   39.4686302 ,  -65.74195658,     77.79030228,  -49.57191937,   73.06180938,  -24.67427508,    -60.56815173], [  921.93576857, -184.47991483,   95.33554759,  355.07402523,     62.19928105,   -9.01692779,   19.93183319,   16.65857742,     24.13999649,  -13.90930056,  -26.74252862,  -37.177628  ,    -24.49582057], [ -225.14928271,  -25.3763528 ,  199.60611328,   62.19928105,    278.99124492,   -9.71691965,   24.36231373,  -19.45824059,     16.00916241,   35.49204901,   29.19544113,    6.9044399 ,     16.27422364], [ -162.30081582,  122.49076147,  111.83274632,   -9.01692779,     -9.71691965,  289.49051989,   45.53000495,   50.01432952,      9.76582537,   24.0247795 ,   38.67072235,  -11.26050006,     -5.91135038], [  274.66399017,    1.40036496,   39.4686302 ,   19.93183319,     24.36231373,   45.53000495,  184.24470716,   26.80179795,     26.65000645,   14.73612971,    0.16193551,    6.02819585,     10.57651753], [  -51.77254435,  -38.27688086,  -65.74195658,   16.65857742,    -19.45824059,   50.01432952,   26.80179795,  201.48194449,    -15.33532404,   69.63365491,  -13.02231464,   19.91798267,     72.80278629], [  245.1125149 ,   -2.71134828,   77.79030228,   24.13999649,     16.00916241,    9.76582537,   26.65000645,  -15.33532404,    159.74180602,   -6.62148757,   34.85117446,   10.38305153,    -35.86257612], [ -167.90383424,   43.54310005,  -49.57191937,  -13.90930056,     35.49204901,   24.0247795 ,   14.73612971,   69.63365491,     -6.62148757,  191.28091491,   30.31313015,   18.39277029,     63.23291443], [ -310.47513803,   77.81208889,   73.06180938,  -26.74252862,     29.19544113,   38.67072235,    0.16193551,  -13.02231464,     34.85117446,   30.31313015,  134.22653962,   27.70349025,      8.91098819], [ -234.685577  ,   40.48456743,  -24.67427508,  -37.177628  ,      6.9044399 ,  -11.26050006,    6.02819585,   19.91798267,     10.38305153,   18.39277029,   27.70349025,  125.49710001,     33.82640276], [ -418.12733634,   26.19200718,  -60.56815173,  -24.49582057,     16.27422364,   -5.91135038,   10.57651753,   72.80278629,    -35.86257612,   63.23291443,    8.91098819,   33.82640276,    159.99061746]]
/root/sim/music/out/Aimer/Sun_Dance/04_3min.mp3; [-523.2682   , 107.48633  ,  -6.9837074,  14.252685 ,   7.5993576,    7.642807 ,   6.4562354,   5.6270328,   3.8846772,  -2.805855 ,   -5.0774245,  -0.2089707,  -0.5957057]; [[18070.44898242, -763.57190094, -158.22734634,  607.37935571,    118.32085926,  138.71307079,  246.17385086,  125.25454869,    123.40484962,  185.2519542 ,  111.60547187,   66.42208612,     30.262369  ], [ -763.57190094, 2331.75310875, -184.61407005, -193.46664651,    -15.45825257,  -13.32734327,  -36.96022574,    0.42870173,     13.83521514, -129.15872103,  -95.72320797,  -58.07553475,    -40.83330929], [ -158.22734634, -184.61407005,  538.46207868,   74.45476551,    110.40209584,   83.03303987,   -2.34351813,   19.43076392,     -0.29426146,   36.93699229,   17.19672269,   -3.23000729,    -14.76974121], [  607.37935571, -193.46664651,   74.45476551,  412.71432931,    176.68442787,  -24.15611363,   47.83788821,   41.44703924,     48.97687854,   44.63702566,   38.5244408 ,   38.35592323,     35.53169185], [  118.32085926,  -15.45825257,  110.40209584,  176.68442787,    233.92683654,   35.79483481,   37.52423834,   53.64546286,     51.70580695,   30.10353227,   27.22299293,   28.7235504 ,     19.35271912], [  138.71307079,  -13.32734327,   83.03303987,  -24.15611363,     35.79483481,  221.20902015,   75.96581755,   59.91913324,     28.47731658,   55.63204146,   24.69921104,  -14.73738009,     -5.2819243 ], [  246.17385086,  -36.96022574,   -2.34351813,   47.83788821,     37.52423834,   75.96581755,  151.84339612,   76.74062495,     46.32169153,   39.85770623,   36.38249148,   10.05695563,     15.13565491], [  125.25454869,    0.42870173,   19.43076392,   41.44703924,     53.64546286,   59.91913324,   76.74062495,  163.39957189,     59.76128574,   41.50893612,   38.19853531,   34.3148393 ,     36.31678637], [  123.40484962,   13.83521514,   -0.29426146,   48.97687854,     51.70580695,   28.47731658,   46.32169153,   59.76128574,    114.60365055,   42.23434911,   27.04319084,   19.20433722,     14.97242729], [  185.2519542 , -129.15872103,   36.93699229,   44.63702566,     30.10353227,   55.63204146,   39.85770623,   41.50893612,     42.23434911,  120.97408708,   60.06763075,   15.75413291,     25.2124433 ], [  111.60547187,  -95.72320797,   17.19672269,   38.5244408 ,     27.22299293,   24.69921104,   36.38249148,   38.19853531,     27.04319084,   60.06763075,   97.53795082,   39.01984789,     20.79123768], [   66.42208612,  -58.07553475,   -3.23000729,   38.35592323,     28.7235504 ,  -14.73738009,   10.05695563,   34.3148393 ,     19.20433722,   15.75413291,   39.01984789,   89.56843109,     51.91395692], [   30.262369  ,  -40.83330929,  -14.76974121,   35.53169185,     19.35271912,   -5.2819243 ,   15.13565491,   36.31678637,     14.97242729,   25.2124433 ,   20.79123768,   51.91395692,     97.18857536]]
/root/sim/music/out/Aimer/Sun_Dance/07_思い出は奇麗で.mp3; [-550.9678   , 107.08354  ,  -5.5005784,  31.015182 ,   1.8715937,    2.6104157,   4.408994 ,  -2.0029073,   1.1303757,  -2.908534 ,   -8.125355 ,  -3.7048275,  -5.2713075]; [[19795.27968664,  923.500213  ,  -44.92494865,  437.34801731,    140.81492199,  610.37164146,  694.93626062,  997.80578461,    816.9113277 ,  555.05509769,  148.73433729,  152.22535685,    125.06432574], [  923.500213  , 1379.2171671 , -362.96105197,  103.62872584,    -59.07050499,    2.82472542,  157.06919875,   32.01836094,     33.3787852 ,   -6.84935965,   -7.43940227,    8.53107489,    -22.45988405], [  -44.92494865, -362.96105197,  694.85075451,  202.85089604,    218.81253148,   43.51553765,  -22.75958936,   64.80801385,     25.58709939,    7.37599505,   31.59014349,  -12.40778308,      7.4263268 ], [  437.34801731,  103.62872584,  202.85089604,  541.9362003 ,    265.64189057,   63.03588295,  -37.34312935,   87.72351191,     30.996271  ,   33.05532364,   86.90945213,   46.92312186,     79.72767809], [  140.81492199,  -59.07050499,  218.81253148,  265.64189057,    374.17745807,   90.80885066,   17.41224137,   73.4317731 ,     27.32470496,   64.13395881,   68.74118218,   33.03214296,     59.02234035], [  610.37164146,    2.82472542,   43.51553765,   63.03588295,     90.80885066,  332.81812493,  114.51322999,  159.39312577,     34.63138608,   87.19698814,   60.81314915,    2.92719523,     35.10059095], [  694.93626062,  157.06919875,  -22.75958936,  -37.34312935,     17.41224137,  114.51322999,  235.75703109,  123.97945844,     73.50505514,   69.36139435,   18.24817165,    8.94767571,     11.93501993], [  997.80578461,   32.01836094,   64.80801385,   87.72351191,     73.4317731 ,  159.39312577,  123.97945844,  280.63293671,    113.03279252,   86.77396713,   39.10090298,   28.52596483,     57.46972226], [  816.9113277 ,   33.3787852 ,   25.58709939,   30.996271  ,     27.32470496,   34.63138608,   73.50505514,  113.03279252,    170.32186041,   62.98027844,   23.29034917,   18.65143234,      5.27464823], [  555.05509769,   -6.84935965,    7.37599505,   33.05532364,     64.13395881,   87.19698814,   69.36139435,   86.77396713,     62.98027844,  143.65594747,   48.34221694,   17.54713582,     29.09715009], [  148.73433729,   -7.43940227,   31.59014349,   86.90945213,     68.74118218,   60.81314915,   18.24817165,   39.10090298,     23.29034917,   48.34221694,  120.60285472,   45.52746819,     38.21914916], [  152.22535685,    8.53107489,  -12.40778308,   46.92312186,     33.03214296,    2.92719523,    8.94767571,   28.52596483,     18.65143234,   17.54713582,   45.52746819,  105.00519915,     39.98943538], [  125.06432574,  -22.45988405,    7.4263268 ,   79.72767809,     59.02234035,   35.10059095,   11.93501993,   57.46972226,      5.27464823,   29.09715009,   38.21914916,   39.98943538,    113.97102029]]
/root/sim/music/out/Aimer/Sun_Dance/02_ONE.mp3; [-507.28052   , 101.1044    ,  -3.0207675 ,  21.18931   ,   5.5749454 ,   10.531508  ,  11.74289   ,  10.218197  ,   9.050374  ,   8.965241  ,    3.4645355 ,   1.011722  ,  -0.66292256]; [[12454.81412932, -595.06038409, 1791.49715693,  449.82131723,   1064.79851112,  700.33009815,  222.42139622,  572.07172594,    -79.37984589, -156.43063375, -150.36119748,  209.61935825,    131.47634112], [ -595.06038409,  915.43676252, -464.74671914,   86.00699537,   -125.10392134,   16.04998609,   75.58439865,  -58.3866372 ,     54.92933493,  -24.87420878,   47.94496645,  -36.06447027,    -24.07155314], [ 1791.49715693, -464.74671914, 1022.68422485,   35.1436567 ,    377.32090044,  184.46798763,   64.85671323,  169.44086852,    -61.89735175,  -38.18020878,  -35.09053301,   95.76087755,     55.78260281], [  449.82131723,   86.00699537,   35.1436567 ,  275.43440146,    114.28257576,    7.83498636,   19.36486842,   15.31616567,     30.20895967,  -23.25313579,    8.29245099,   20.90337543,      6.25745496], [ 1064.79851112, -125.10392134,  377.32090044,  114.28257576,    332.93757047,  104.13347834,   47.30706636,   90.70243272,     13.9330336 ,  -19.848075  ,   -7.35638563,   50.20073878,     27.17125715], [  700.33009815,   16.04998609,  184.46798763,    7.83498636,    104.13347834,  251.60749468,   90.6553575 ,   87.48603701,    -12.00048299,    5.99815393,    1.87652622,   10.39528039,     14.25673977], [  222.42139622,   75.58439865,   64.85671323,   19.36486842,     47.30706636,   90.6553575 ,  133.04743335,   47.50186003,      9.76574516,   11.95402535,   17.47442776,   15.89277565,      4.99101785], [  572.07172594,  -58.3866372 ,  169.44086852,   15.31616567,     90.70243272,   87.48603701,   47.50186003,  155.7301113 ,     28.00726168,    0.16323281,   -0.14878276,   31.24707856,     22.60126814], [  -79.37984589,   54.92933493,  -61.89735175,   30.20895967,     13.9330336 ,  -12.00048299,    9.76574516,   28.00726168,    100.66332713,   29.61994519,   12.3044028 ,   -0.5654213 ,      6.04785464], [ -156.43063375,  -24.87420878,  -38.18020878,  -23.25313579,    -19.848075  ,    5.99815393,   11.95402535,    0.16323281,     29.61994519,  114.64597799,   27.30165537,   -7.14739764,     -3.19801389], [ -150.36119748,   47.94496645,  -35.09053301,    8.29245099,     -7.35638563,    1.87652622,   17.47442776,   -0.14878276,     12.3044028 ,   27.30165537,   82.85613587,   32.37429252,     -3.45353379], [  209.61935825,  -36.06447027,   95.76087755,   20.90337543,     50.20073878,   10.39528039,   15.89277565,   31.24707856,     -0.5654213 ,   -7.14739764,   32.37429252,   86.67710686,     19.52124644], [  131.47634112,  -24.07155314,   55.78260281,    6.25745496,     27.17125715,   14.25673977,    4.99101785,   22.60126814,      6.04785464,   -3.19801389,   -3.45353379,   19.52124644,     69.67986726]]
/root/sim/music/out/Aimer/Sun_Dance/05_コイワズライ.mp3; [-578.26917   , 108.33667   ,   6.6158767 ,  28.464308  ,   4.305212  ,    2.423582  ,   2.403177  ,   0.3892032 ,  -0.14324744,  -6.281469  ,   -4.6604433 ,  -1.7336439 ,  -1.8997511 ]; [[18102.32929916,  919.1675555 ,  -51.01452215,  167.00921063,    157.40352107,  142.90740152,  257.54235984,  350.04461102,    181.23423962,  263.30734758,   88.76298277,  250.58882587,    139.47856395], [  919.1675555 , 1690.12890281, -192.93505745,   18.73738846,   -134.52085578,   38.64261142,   72.58528702,   20.91039859,     27.12093918,  -91.61887239,  -17.68227198,  -75.58171761,    -85.15917146], [  -51.01452215, -192.93505745,  780.20808484,  175.77384784,    133.95652646,   69.3977159 ,   28.54956708,   32.40996401,     -8.48510322,   11.4262092 ,   14.38320618,   -6.30615926,     -8.21520749], [  167.00921063,   18.73738846,  175.77384784,  411.00502521,    190.76297062,   -6.27458712,  -10.46738436,   53.57765802,     11.21002746,   18.54348163,   12.0091984 ,   32.25972335,     57.47772178], [  157.40352107, -134.52085578,  133.95652646,  190.76297062,    364.47164502,   72.73073936,   38.84855202,   51.26624694,     48.65342409,   91.00036547,   40.38852856,   67.53400985,     60.69101598], [  142.90740152,   38.64261142,   69.3977159 ,   -6.27458712,     72.73073936,  321.15134105,  110.41095177,   76.5650652 ,     13.30553959,   99.91904561,   33.61235448,   -4.853348  ,     12.31801366], [  257.54235984,   72.58528702,   28.54956708,  -10.46738436,     38.84855202,  110.41095177,  187.86630544,   67.45879416,     19.73462565,   63.50315135,   36.73718942,   33.60993219,     26.33436526], [  350.04461102,   20.91039859,   32.40996401,   53.57765802,     51.26624694,   76.5650652 ,   67.45879416,  183.80347627,     48.54390326,   61.19204956,   25.54935026,   50.72926043,     57.51007873], [  181.23423962,   27.12093918,   -8.48510322,   11.21002746,     48.65342409,   13.30553959,   19.73462565,   48.54390326,    155.59166906,   41.96116687,   22.8865709 ,   22.90121473,     16.27644356], [  263.30734758,  -91.61887239,   11.4262092 ,   18.54348163,     91.00036547,   99.91904561,   63.50315135,   61.19204956,     41.96116687,  172.18122247,   51.19964649,   42.92719948,     50.54194761], [   88.76298277,  -17.68227198,   14.38320618,   12.0091984 ,     40.38852856,   33.61235448,   36.73718942,   25.54935026,     22.8865709 ,   51.19964649,  100.05190588,   45.90064671,     20.70648904], [  250.58882587,  -75.58171761,   -6.30615926,   32.25972335,     67.53400985,   -4.853348  ,   33.60993219,   50.72926043,     22.90121473,   42.92719948,   45.90064671,  153.8732095 ,     74.40024759], [  139.47856395,  -85.15917146,   -8.21520749,   57.47772178,     60.69101598,   12.31801366,   26.33436526,   57.51007873,     16.27644356,   50.54194761,   20.70648904,   74.40024759,    136.36754821]]
/root/sim/music/out/Aimer/Sun_Dance/03_We_Two.mp3; [-503.86917   , 105.94428   ,  -9.697145  ,  29.774069  ,  16.62203   ,    9.965629  ,   5.277731  ,   5.794407  ,   8.902492  ,   2.6255116 ,   -3.0156434 ,  -0.99988115,  -3.5650191 ]; [[15971.36931691,-1093.38242544, -333.46138137,   83.5281275 ,   -500.96964786, -528.31896421, -256.028822  ,   72.55527165,    211.37658576,  223.8253745 ,  261.25884851,  159.27749981,   -294.04611961], [-1093.38242544, 1276.2401616 , -269.92568129,  149.54326953,     76.5547519 ,   76.40285069,   45.37033511,  -61.67716292,    -38.05256412,  -78.74118451,  -69.18616211,  -78.07041181,     -4.56901514], [ -333.46138137, -269.92568129,  610.10336884,  -45.99171408,     87.77255645,  -14.96562291,   -6.27378685,  -37.27993281,     18.27502488,   20.53277868,   22.81779133,   13.30044198,     -7.4994028 ], [   83.5281275 ,  149.54326953,  -45.99171408,  246.12048645,     64.88320874,   40.92872323,  -16.1489806 ,   22.77411173,      4.39908685,   13.33586108,   11.35395489,    8.82614631,      9.70274591], [ -500.96964786,   76.5547519 ,   87.77255645,   64.88320874,    200.65977182,   58.30479521,    8.97730244,    2.41223682,      0.25281371,   -9.24648434,  -15.14220342,  -10.63749441,     15.62857566], [ -528.31896421,   76.40285069,  -14.96562291,   40.92872323,     58.30479521,  157.72952862,   36.94765485,   25.76429525,    -21.11853392,   -4.72930776,  -23.38524584,  -18.1085764 ,     20.9381883 ], [ -256.028822  ,   45.37033511,   -6.27378685,  -16.1489806 ,      8.97730244,   36.94765485,   97.87887312,   27.52590327,      2.69152523,   -2.17982292,   -3.85543875,   -3.21942009,     15.65544898], [   72.55527165,  -61.67716292,  -37.27993281,   22.77411173,      2.41223682,   25.76429525,   27.52590327,  113.05266108,     42.25468791,   23.30371343,    2.41104268,   10.93988262,     22.14606917], [  211.37658576,  -38.05256412,   18.27502488,    4.39908685,      0.25281371,  -21.11853392,    2.69152523,   42.25468791,    103.2344491 ,   44.73071105,   27.03339573,   10.79246424,     -3.33256605], [  223.8253745 ,  -78.74118451,   20.53277868,   13.33586108,     -9.24648434,   -4.72930776,   -2.17982292,   23.30371343,     44.73071105,   88.87370895,   38.99594328,   20.59606044,      0.86166429], [  261.25884851,  -69.18616211,   22.81779133,   11.35395489,    -15.14220342,  -23.38524584,   -3.85543875,    2.41104268,     27.03339573,   38.99594328,   85.70509834,   43.07554129,     -4.9385258 ], [  159.27749981,  -78.07041181,   13.30044198,    8.82614631,    -10.63749441,  -18.1085764 ,   -3.21942009,   10.93988262,     10.79246424,   20.59606044,   43.07554129,   76.97189365,     28.00006809], [ -294.04611961,   -4.56901514,   -7.4994028 ,    9.70274591,     15.62857566,   20.9381883 ,   15.65544898,   22.14606917,     -3.33256605,    0.86166429,   -4.9385258 ,   28.00006809,     90.07174851]]
