/root/sim/music/out/シャ乱Q/BEST_OF_HISTORY_[Disc_1]/06-友達はいますか.mp3; [-511.98904   ,  93.68631   , -22.315329  ,  15.292501  ,  -5.063501  ,   10.003115  ,   2.847862  ,   5.4324713 ,   0.17937964,   6.056421  ,   -5.9918056 ,  -6.076224  ,  -8.7141285 ]; [[16652.48710368, 1493.02108066, -609.31676594,   52.01062919,   -214.22669029,  161.34949218,   97.95704473,  181.01589012,     68.27426196,  173.01577628, -121.92510753, -101.91291431,   -230.4442943 ], [ 1493.02108066,  544.19483421,  -36.33385301,  126.45137864,    -14.41324304,   38.97212467,   25.90713556,   15.64644299,      3.80236782,   25.63357087,    8.17673742,  -16.51824797,      2.33594893], [ -609.31676594,  -36.33385301,  297.0395317 ,  109.67272231,     40.53432779,   -1.73182438,  -25.15246101,  -10.35507841,    -14.28207859,  -25.1854637 ,   33.40082108,   25.33428796,     38.79166902], [   52.01062919,  126.45137864,  109.67272231,  284.26876164,    103.21297796,   17.08057467,  -65.63787546,   -1.71972045,     10.15019702,  -15.03957265,    1.0787722 ,    2.15976387,     59.08333418], [ -214.22669029,  -14.41324304,   40.53432779,  103.21297796,    188.19026413,   32.05372273,   -8.34659459,   10.12258123,     11.76601597,   -3.5078598 ,  -28.89104771,    5.92640644,     11.03397045], [  161.34949218,   38.97212467,   -1.73182438,   17.08057467,     32.05372273,  119.00941865,   57.48354753,   10.56789231,     -7.45817121,   -1.79932589,    1.90152905,   -4.39469202,     -0.60590917], [   97.95704473,   25.90713556,  -25.15246101,  -65.63787546,     -8.34659459,   57.48354753,  148.66441543,   46.58057775,      3.57015555,   12.00442788,   -5.48503521,   10.01947469,    -14.7459399 ], [  181.01589012,   15.64644299,  -10.35507841,   -1.71972045,     10.12258123,   10.56789231,   46.58057775,   88.10708811,     35.92533893,   19.86383626,   -5.8355208 ,    1.38258966,     -9.38618363], [   68.27426196,    3.80236782,  -14.28207859,   10.15019702,     11.76601597,   -7.45817121,    3.57015555,   35.92533893,     79.99365858,   38.87083886,    7.9880145 ,   -9.99083704,    -10.70795756], [  173.01577628,   25.63357087,  -25.1854637 ,  -15.03957265,     -3.5078598 ,   -1.79932589,   12.00442788,   19.86383626,     38.87083886,   87.50934776,   23.73930993,   -3.3897919 ,    -25.83546468], [ -121.92510753,    8.17673742,   33.40082108,    1.0787722 ,    -28.89104771,    1.90152905,   -5.48503521,   -5.8355208 ,      7.9880145 ,   23.73930993,   81.91791674,   25.80642152,      7.21918866], [ -101.91291431,  -16.51824797,   25.33428796,    2.15976387,      5.92640644,   -4.39469202,   10.01947469,    1.38258966,     -9.99083704,   -3.3897919 ,   25.80642152,   64.88452217,     20.20625523], [ -230.4442943 ,    2.33594893,   38.79166902,   59.08333418,     11.03397045,   -0.60590917,  -14.7459399 ,   -9.38618363,    -10.70795756,  -25.83546468,    7.21918866,   20.20625523,     80.77508682]]
/root/sim/music/out/シャ乱Q/BEST_OF_HISTORY_[Disc_1]/10-恋をするだけ無駄なんて.mp3; [-545.0978    , 107.803825  ,  -7.7668667 ,  36.569656  ,  26.616636  ,   -1.1327713 ,   0.7670161 ,   8.996736  ,   7.4220786 ,  -0.68928784,   -1.7843142 ,  -0.7792638 ,  -0.872593  ]; [[15762.34609576,  535.33958706,-1027.3624192 ,  104.28768432,     59.39615578, -103.72858745,  -89.35189966,  168.50157167,    177.03387043,   91.23042179,  -17.05647812,  -33.84675911,     32.20007787], [  535.33958706,  908.4064324 ,  -34.37781435,  109.66553742,    104.68935226,  -42.47989871,   21.88702909,   13.19704035,      7.1919799 ,   -8.60564562,    1.67713167,   27.36165239,     -7.24101278], [-1027.3624192 ,  -34.37781435,  732.48096206,   65.79607229,     66.8950104 ,   52.04825487,    8.50224607,  -42.31444849,    -96.08810339,  -68.56410244,    9.58350495,   27.12638446,     30.70575228], [  104.28768432,  109.66553742,   65.79607229,  320.48400757,     93.83113087,   17.72108053,    8.40095614,  -18.48101129,     14.69744346,  -44.97073654,  -22.43187207,   -8.69147676,     12.00638518], [   59.39615578,  104.68935226,   66.8950104 ,   93.83113087,    235.94179749,   18.65956768,  -38.33808627,   15.71456226,     23.06552222,   -7.98595917,  -25.19323718,  -28.79920367,    -30.21418155], [ -103.72858745,  -42.47989871,   52.04825487,   17.72108053,     18.65956768,  141.59764601,   56.29744223,  -10.21915014,     -1.89675229,  -14.51495086,   -3.27133102,  -21.39849536,    -20.78895329], [  -89.35189966,   21.88702909,    8.50224607,    8.40095614,    -38.33808627,   56.29744223,  158.09708665,   26.38398537,     -8.71298964,   -7.07315173,   14.7575192 ,   -3.12285301,    -14.08597269], [  168.50157167,   13.19704035,  -42.31444849,  -18.48101129,     15.71456226,  -10.21915014,   26.38398537,  102.05072105,     40.31016017,   13.53395224,   -4.80172745,  -12.66425036,    -13.32768172], [  177.03387043,    7.1919799 ,  -96.08810339,   14.69744346,     23.06552222,   -1.89675229,   -8.71298964,   40.31016017,    106.64178156,   39.99326172,   -9.51368813,  -25.66242238,    -25.19885737], [   91.23042179,   -8.60564562,  -68.56410244,  -44.97073654,     -7.98595917,  -14.51495086,   -7.07315173,   13.53395224,     39.99326172,  105.50706661,   36.89300321,   -9.77386189,    -28.47836546], [  -17.05647812,    1.67713167,    9.58350495,  -22.43187207,    -25.19323718,   -3.27133102,   14.7575192 ,   -4.80172745,     -9.51368813,   36.89300321,   91.28780064,   39.51617182,     -7.88517287], [  -33.84675911,   27.36165239,   27.12638446,   -8.69147676,    -28.79920367,  -21.39849536,   -3.12285301,  -12.66425036,    -25.66242238,   -9.77386189,   39.51617182,  104.31313486,     52.74386236], [   32.20007787,   -7.24101278,   30.70575228,   12.00638518,    -30.21418155,  -20.78895329,  -14.08597269,  -13.32768172,    -25.19885737,  -28.47836546,   -7.88517287,   52.74386236,    100.06484331]]
/root/sim/music/out/シャ乱Q/BEST_OF_HISTORY_[Disc_1]/05-パララ.mp3; [-514.57745   , 101.60153   , -19.187025  ,  32.112846  ,   0.99440885,    2.9940414 ,   1.5137416 ,   5.167555  ,  -1.017164  ,   1.8539418 ,   -5.7269583 ,  -7.8240623 ,  -2.6736634 ]; [[15642.87513962, 1560.03057995, -409.52684984,  493.33272513,    101.2223436 ,  119.92445532,  177.61462817,  216.77264375,     53.75281222,   56.56063291, -106.81356637, -103.09353223,     50.54663878], [ 1560.03057995,  583.84251981,  -29.16835614,  192.69511141,      7.10240558,   59.13900897,   25.3340491 ,   39.58956403,     -8.60885254,   -3.58858953,    8.00808834,  -13.70972392,      2.1616429 ], [ -409.52684984,  -29.16835614,  542.07223529,   81.16435405,     73.59302154,   -9.51439308,  -36.08432212,  -37.21364022,    -12.70705171,   -5.72477175,   28.15537861,   41.44554716,     -7.52880886], [  493.33272513,  192.69511141,   81.16435405,  396.25612861,     68.39264487,   25.67508139,  -38.10422104,   16.3063826 ,     -0.01064815,  -10.8947094 ,    6.40509711,   14.59420449,     58.62842718], [  101.2223436 ,    7.10240558,   73.59302154,   68.39264487,    126.91844934,   33.36973029,   -7.45037721,   -1.70233932,     10.9461989 ,    4.09408247,    0.68196964,    5.52858929,     -2.8539095 ], [  119.92445532,   59.13900897,   -9.51439308,   25.67508139,     33.36973029,  105.66568258,   59.75733184,   12.97416936,     -9.36350691,   -1.27803662,    4.59513007,   -9.15877586,    -10.02031091], [  177.61462817,   25.3340491 ,  -36.08432212,  -38.10422104,     -7.45037721,   59.75733184,  142.01263624,   42.80172925,      0.17324293,    3.63895341,    2.076397  ,    2.88469639,      5.60347058], [  216.77264375,   39.58956403,  -37.21364022,   16.3063826 ,     -1.70233932,   12.97416936,   42.80172925,   85.21454802,     36.54274385,   12.24127934,   -0.01385631,   -0.49306725,      4.4068157 ], [   53.75281222,   -8.60885254,  -12.70705171,   -0.01064815,     10.9461989 ,   -9.36350691,    0.17324293,   36.54274385,     79.84550245,   34.85340719,   -2.66474688,  -13.40017175,     -4.59903349], [   56.56063291,   -3.58858953,   -5.72477175,  -10.8947094 ,      4.09408247,   -1.27803662,    3.63895341,   12.24127934,     34.85340719,   77.56096523,   21.71897994,   -1.67514501,     -5.06611762], [ -106.81356637,    8.00808834,   28.15537861,    6.40509711,      0.68196964,    4.59513007,    2.076397  ,   -0.01385631,     -2.66474688,   21.71897994,   64.06013172,   36.59622782,      5.8013913 ], [ -103.09353223,  -13.70972392,   41.44554716,   14.59420449,      5.52858929,   -9.15877586,    2.88469639,   -0.49306725,    -13.40017175,   -1.67514501,   36.59622782,   87.48506089,     39.04476287], [   50.54663878,    2.1616429 ,   -7.52880886,   58.62842718,     -2.8539095 ,  -10.02031091,    5.60347058,    4.4068157 ,     -4.59903349,   -5.06611762,    5.8013913 ,   39.04476287,     82.63692507]]
/root/sim/music/out/シャ乱Q/BEST_OF_HISTORY_[Disc_1]/16-もっと誰かに見られたい.mp3; [-549.51337   , 104.16363   ,   6.352724  ,  25.728598  ,  14.032296  ,    6.6328344 ,  -2.292127  ,   3.4838398 ,   0.60195965,   2.0400124 ,   -0.6565174 ,  -3.6814413 ,  -2.1596866 ]; [[5831.41429589,-150.70657966, -98.29998566, -50.72505648, -33.7864706 ,    71.89242077, -78.45624338, -52.99424788, -70.24447507,  22.9457782 ,    32.30928072,   1.19634554,  24.44593779], [-150.70657966,1297.03221511,-219.90832906, -29.18965511,  31.57486855,    37.64603079, -13.05868907,  54.15331511, -28.10243382,  34.84422829,    -7.96935221,  -4.22228272, -25.85536437], [ -98.29998566,-219.90832906, 512.38704319,  41.11215638,  35.48325137,    -0.7436694 ,  57.91922764,  19.88769553,  22.2358598 , -35.28914309,     1.69794233,  15.07547495,  10.99529469], [ -50.72505648, -29.18965511,  41.11215638, 296.58290214,  79.0805536 ,    19.65031183, -10.16670837,  10.45684483,   0.26382561,  -3.13115862,   -17.47015091,  -3.06802082,  27.88271512], [ -33.7864706 ,  31.57486855,  35.48325137,  79.0805536 , 176.51907016,    54.51255652,  11.44536828,   7.22180322,  21.55664093,  16.32356395,     3.89115487, -10.61389671,  -2.12512941], [  71.89242077,  37.64603079,  -0.7436694 ,  19.65031183,  54.51255652,   119.2024705 ,  42.49591497,  18.85211391,   8.72759094,  18.86591879,    14.35832692, -10.41386725, -10.7838091 ], [ -78.45624338, -13.05868907,  57.91922764, -10.16670837,  11.44536828,    42.49591497, 113.32697281,  44.29991407,  16.96326191,  15.90225371,    13.34203421,  11.95946788,   5.1969676 ], [ -52.99424788,  54.15331511,  19.88769553,  10.45684483,   7.22180322,    18.85211391,  44.29991407, 119.87356558,  35.55648803,  33.5775052 ,    12.57149428,   4.78985394,   3.41629323], [ -70.24447507, -28.10243382,  22.2358598 ,   0.26382561,  21.55664093,     8.72759094,  16.96326191,  35.55648803, 108.78280488,  35.27659899,    19.44626763,   8.58468172,  -4.71061337], [  22.9457782 ,  34.84422829, -35.28914309,  -3.13115862,  16.32356395,    18.86591879,  15.90225371,  33.5775052 ,  35.27659899, 108.79169679,    43.12745832,   0.743291  ,  -2.87877289], [  32.30928072,  -7.96935221,   1.69794233, -17.47015091,   3.89115487,    14.35832692,  13.34203421,  12.57149428,  19.44626763,  43.12745832,    79.17594467,  27.86864596,   0.52350862], [   1.19634554,  -4.22228272,  15.07547495,  -3.06802082, -10.61389671,   -10.41386725,  11.95946788,   4.78985394,   8.58468172,   0.743291  ,    27.86864596,  78.24042595,  27.58284812], [  24.44593779, -25.85536437,  10.99529469,  27.88271512,  -2.12512941,   -10.7838091 ,   5.1969676 ,   3.41629323,  -4.71061337,  -2.87877289,     0.52350862,  27.58284812,  80.5124702 ]]
/root/sim/music/out/シャ乱Q/BEST_OF_HISTORY_[Disc_1]/02-現代の不良になれない少年達.mp3; [-572.3458   ,  92.95157  ,  -3.9723146,  44.41099  ,  13.042108 ,    7.6675787,   3.0489411,   7.5356007,   5.686335 ,  -0.1385144,   -2.9835365,  -0.5294218,  -1.2394269]; [[22185.27162374, -863.86024163, -911.77513885,  495.77081417,      1.39934448,  209.2231618 ,  -34.7688428 ,  351.33511547,    306.20609968,  248.99642062,  138.75181906,    4.13890406,   -173.24050987], [ -863.86024163, 1110.64950557,  148.64730228,   66.8409384 ,     29.23953026,  -27.42376472,   32.10000859,  -85.63543889,    -72.43257086,  -34.58067358,  -28.30492983,   -2.77006583,     12.5285441 ], [ -911.77513885,  148.64730228,  498.74113611,  -36.68081857,    105.86300114,   28.15353704,  -44.03086931,  -27.20748918,    -27.52488078,  -10.79345305,   16.60543632,    4.76360826,    -10.91088959], [  495.77081417,   66.8409384 ,  -36.68081857,  526.85037441,     95.36111953,   32.94420739,    6.10265449,   43.21481117,    -13.73414057,  -66.24990805,   18.3320428 ,   11.22766745,     80.3885636 ], [    1.39934448,   29.23953026,  105.86300114,   95.36111953,    240.48476746,   90.55200035,    2.6675649 ,   15.57914002,     25.59309722,  -16.13209892,   -6.21629638,   19.23960024,     29.43361315], [  209.2231618 ,  -27.42376472,   28.15353704,   32.94420739,     90.55200035,  163.49230065,   40.89455633,   18.6435661 ,     16.83463374,   -1.79985325,   13.32053556,   11.61579154,     13.17568946], [  -34.7688428 ,   32.10000859,  -44.03086931,    6.10265449,      2.6675649 ,   40.89455633,  177.6710988 ,   69.07176512,      7.53684089,    7.500716  ,  -16.59051312,   -3.46412921,     -2.40498616], [  351.33511547,  -85.63543889,  -27.20748918,   43.21481117,     15.57914002,   18.6435661 ,   69.07176512,  127.80059341,     53.23403511,   19.66035551,   -3.27369592,   -7.64869965,     -6.45653573], [  306.20609968,  -72.43257086,  -27.52488078,  -13.73414057,     25.59309722,   16.83463374,    7.53684089,   53.23403511,    124.48128725,   57.31257645,    3.90568696,   -4.45347296,    -13.67888168], [  248.99642062,  -34.58067358,  -10.79345305,  -66.24990805,    -16.13209892,   -1.79985325,    7.500716  ,   19.66035551,     57.31257645,  113.29566502,   31.06419239,   -5.58442781,    -37.08727726], [  138.75181906,  -28.30492983,   16.60543632,   18.3320428 ,     -6.21629638,   13.32053556,  -16.59051312,   -3.27369592,      3.90568696,   31.06419239,  100.51005698,   29.74657702,     -1.91388032], [    4.13890406,   -2.77006583,    4.76360826,   11.22766745,     19.23960024,   11.61579154,   -3.46412921,   -7.64869965,     -4.45347296,   -5.58442781,   29.74657702,   79.89939994,     39.33420579], [ -173.24050987,   12.5285441 ,  -10.91088959,   80.3885636 ,     29.43361315,   13.17568946,   -2.40498616,   -6.45653573,    -13.67888168,  -37.08727726,   -1.91388032,   39.33420579,    106.07396082]]
/root/sim/music/out/シャ乱Q/BEST_OF_HISTORY_[Disc_1]/01-18ヶ月.mp3; [-532.77673   , 104.874245  , -12.708786  ,  26.248186  ,  -0.1413757 ,    0.8301597 ,  -2.2472348 ,   6.1532145 ,   1.0121938 ,   0.39976618,   -2.4360545 ,  -1.5688505 ,  -1.4350262 ]; [[15589.06013949, 1656.86505075, -219.49028321,  382.38537196,    -33.94964076,   89.22286234,   91.06144865,  241.66578138,    159.94819005,  105.24784301,  -13.52217942,  -35.64817967,    -50.21095997], [ 1656.86505075,  681.91932229,  -84.08869391,   99.47285392,     34.55130122,    4.41497554,   48.88665351,   75.61301115,     25.5214422 ,   38.37685472,   -3.03722756,   11.4198654 ,     25.09915297], [ -219.49028321,  -84.08869391,  401.90376053,   88.73123022,     44.22273013,   37.79352462,  -16.55594329,  -27.14902156,    -28.62809372,  -16.80855227,   33.7123679 ,   21.86879095,     12.21368618], [  382.38537196,   99.47285392,   88.73123022,  308.43454425,    102.58324568,    4.45577879,  -63.57103861,   30.50390731,     48.09361548,  -35.95299088,   -1.2717657 ,   31.33647477,     38.56867693], [  -33.94964076,   34.55130122,   44.22273013,  102.58324568,    171.11945867,   38.25893533,   -4.05295699,   31.62334618,     40.74362257,    7.99085199,   -4.69166059,   12.04608672,     13.40565668], [   89.22286234,    4.41497554,   37.79352462,    4.45577879,     38.25893533,  125.40819761,   71.3254428 ,   20.14797923,      4.55957947,   11.90571602,   18.25241132,   -9.71939907,    -14.79031933], [   91.06144865,   48.88665351,  -16.55594329,  -63.57103861,     -4.05295699,   71.3254428 ,  168.15614217,   59.27974001,      7.6678603 ,   32.29672291,   19.07482366,   -3.33167426,    -13.15545878], [  241.66578138,   75.61301115,  -27.14902156,   30.50390731,     31.62334618,   20.14797923,   59.27974001,  104.71683133,     60.19879092,   27.54824251,    1.08637935,    6.44054683,     16.16542025], [  159.94819005,   25.5214422 ,  -28.62809372,   48.09361548,     40.74362257,    4.55957947,    7.6678603 ,   60.19879092,    102.81505833,   40.76821405,    3.30902475,    7.45436816,     12.1663227 ], [  105.24784301,   38.37685472,  -16.80855227,  -35.95299088,      7.99085199,   11.90571602,   32.29672291,   27.54824251,     40.76821405,  104.34983087,   33.39411232,    4.11186135,     -8.06690883], [  -13.52217942,   -3.03722756,   33.7123679 ,   -1.2717657 ,     -4.69166059,   18.25241132,   19.07482366,    1.08637935,      3.30902475,   33.39411232,   69.47408494,   28.09048535,     -1.1834783 ], [  -35.64817967,   11.4198654 ,   21.86879095,   31.33647477,     12.04608672,   -9.71939907,   -3.33167426,    6.44054683,      7.45436816,    4.11186135,   28.09048535,   69.89734744,     31.4988212 ], [  -50.21095997,   25.09915297,   12.21368618,   38.56867693,     13.40565668,  -14.79031933,  -13.15545878,   16.16542025,     12.1663227 ,   -8.06690883,   -1.1834783 ,   31.4988212 ,     67.76281808]]
/root/sim/music/out/シャ乱Q/BEST_OF_HISTORY_[Disc_1]/14-ズルい女.mp3; [-526.14716   ,  91.34684   ,  -9.345316  ,  22.068285  ,   3.2608318 ,    6.0433326 ,  -3.3171802 ,   7.9232063 ,  -1.281089  ,   7.4428115 ,    0.82390606,   3.7979414 ,   3.289385  ]; [[17654.59560254, 1377.11710999, -190.48154285,  191.36149772,   -195.76951412,  122.62695886,  -86.62010937,  157.95942332,     12.01259124,  227.71373789,   56.52935152,   89.79412011,     23.29426872], [ 1377.11710999,  780.92610267,  -19.81473907,    9.58999848,     64.41677671,   39.90724386,   35.44646616,   64.02749383,     36.73709845,   48.52802405,    2.98475018,   46.07736122,     36.16617609], [ -190.48154285,  -19.81473907,  712.217052  ,   65.50063204,    101.35394154,  167.57593074,  -40.75354259,   64.97930916,     64.24404564,  -55.58319258,   59.83736079,   29.69049335,     28.96345407], [  191.36149772,    9.58999848,   65.50063204,  259.66661664,     90.34380815,   -1.31301346,  -27.41167318,    0.94112036,     -5.12011067,  -11.49035156,  -11.44814999,   -3.44239456,     20.31533565], [ -195.76951412,   64.41677671,  101.35394154,   90.34380815,    178.81738099,   56.02728252,  -18.90225614,   23.38806426,     29.37957749,   -4.45461234,    8.75148244,   -0.25167792,     12.21693422], [  122.62695886,   39.90724386,  167.57593074,   -1.31301346,     56.02728252,  147.52965151,   34.7876462 ,   40.20026632,     21.78264318,    0.3948162 ,   28.97162136,    6.08861156,     -0.35569832], [  -86.62010937,   35.44646616,  -40.75354259,  -27.41167318,    -18.90225614,   34.7876462 ,  143.3316461 ,   28.4466875 ,     11.68368779,   33.56838857,    6.22907197,   12.12619133,     -5.97476028], [  157.95942332,   64.02749383,   64.97930916,    0.94112036,     23.38806426,   40.20026632,   28.4466875 ,   92.68363022,     44.19922486,   18.0433447 ,   12.25887723,    6.00348263,     13.17497538], [   12.01259124,   36.73709845,   64.24404564,   -5.12011067,     29.37957749,   21.78264318,   11.68368779,   44.19922486,     86.32348736,   37.19747723,   13.20822441,    1.82234522,     -4.23690319], [  227.71373789,   48.52802405,  -55.58319258,  -11.49035156,     -4.45461234,    0.3948162 ,   33.56838857,   18.0433447 ,     37.19747723,   99.081271  ,   31.21725581,    2.7613511 ,    -12.93477186], [   56.52935152,    2.98475018,   59.83736079,  -11.44814999,      8.75148244,   28.97162136,    6.22907197,   12.25887723,     13.20822441,   31.21725581,   71.85572141,   28.73271845,      2.66624406], [   89.79412011,   46.07736122,   29.69049335,   -3.44239456,     -0.25167792,    6.08861156,   12.12619133,    6.00348263,      1.82234522,    2.7613511 ,   28.73271845,   72.85824572,     33.70241484], [   23.29426872,   36.16617609,   28.96345407,   20.31533565,     12.21693422,   -0.35569832,   -5.97476028,   13.17497538,     -4.23690319,  -12.93477186,    2.66624406,   33.70241484,     71.72824939]]
/root/sim/music/out/シャ乱Q/BEST_OF_HISTORY_[Disc_1]/07-上・京・物・語.mp3; [-518.92426   , 110.11398   ,  -2.0526402 ,  28.937786  ,   6.8790298 ,    1.7084384 ,  -0.99465555,   5.127677  ,   1.3803823 ,   1.4701425 ,   -4.004821  ,   1.8442386 ,  -1.057376  ]; [[20892.06760998,  410.80027353,-1092.09253886, -165.27611238,   -218.73738318,   -7.24437132,  191.53497347,  527.03018237,    295.60101775,  242.47326012,   -8.97826896,  -20.3173608 ,   -172.12392355], [  410.80027353, 1083.8323474 ,   57.80800252,  165.09994947,     22.69090084,   17.57501506,  -32.24230485,  -85.17047745,    -55.09742797,  -18.85425033,   12.78143417,   39.59949294,     59.79231479], [-1092.09253886,   57.80800252,  453.7213717 ,  113.80245691,     80.16243555,   22.06297947,  -38.75015019,  -59.23888559,    -21.65904599,  -52.30993452,   -3.85338368,   20.91075699,     22.4295413 ], [ -165.27611238,  165.09994947,  113.80245691,  312.6775268 ,     83.45929836,  -18.45197039,  -36.30193559,  -45.30649199,    -18.54082921,  -47.59777018,  -32.19811245,   28.06455379,     27.93678506], [ -218.73738318,   22.69090084,   80.16243555,   83.45929836,    133.66947877,    0.3240347 ,  -29.99064804,   -7.12237029,     -2.88288872,  -25.57062986,   -8.46543337,   13.5834719 ,     14.6479314 ], [   -7.24437132,   17.57501506,   22.06297947,  -18.45197039,      0.3240347 ,   96.15545273,   31.28672783,    8.01284993,      9.757785  ,   11.77151555,    4.02979731,   -8.39391841,     -4.21108516], [  191.53497347,  -32.24230485,  -38.75015019,  -36.30193559,    -29.99064804,   31.28672783,  115.44124821,   37.96052203,      4.09244439,   34.62160426,   12.54323831,    0.84387312,    -12.36303866], [  527.03018237,  -85.17047745,  -59.23888559,  -45.30649199,     -7.12237029,    8.01284993,   37.96052203,  110.47798782,     43.18966127,   29.70640371,    7.11773817,   -4.18794235,    -18.11063367], [  295.60101775,  -55.09742797,  -21.65904599,  -18.54082921,     -2.88288872,    9.757785  ,    4.09244439,   43.18966127,     83.45880802,   30.67360393,    0.44855677,   -1.55689779,     -8.42119912], [  242.47326012,  -18.85425033,  -52.30993452,  -47.59777018,    -25.57062986,   11.77151555,   34.62160426,   29.70640371,     30.67360393,   97.06758753,   23.04059487,   -7.47240045,    -14.52101796], [   -8.97826896,   12.78143417,   -3.85338368,  -32.19811245,     -8.46543337,    4.02979731,   12.54323831,    7.11773817,      0.44855677,   23.04059487,   74.68757015,   15.1780162 ,      2.47530901], [  -20.3173608 ,   39.59949294,   20.91075699,   28.06455379,     13.5834719 ,   -8.39391841,    0.84387312,   -4.18794235,     -1.55689779,   -7.47240045,   15.1780162 ,   72.709331  ,     26.1298032 ], [ -172.12392355,   59.79231479,   22.4295413 ,   27.93678506,     14.6479314 ,   -4.21108516,  -12.36303866,  -18.11063367,     -8.42119912,  -14.52101796,    2.47530901,   26.1298032 ,     67.31645573]]
/root/sim/music/out/シャ乱Q/BEST_OF_HISTORY_[Disc_1]/15-空を見なよ.mp3; [-557.1045    , 116.92661   , -13.151383  ,  14.160554  ,   6.339974  ,    7.538203  ,  -8.625145  ,   3.8330991 ,   1.9420892 ,   2.833966  ,   -5.0571303 ,   0.56116456,  -0.73353314]; [[22905.05651065, -641.60686556,  117.77126963, 1079.16656119,    391.72719182,  550.64849868, -179.13088105,  169.98671567,     30.36319238,   28.52754215, -311.69477372, -102.4717749 ,   -103.27090374], [ -641.60686556, 1690.94105565, -476.26341553, -174.99101648,    -13.242172  , -156.23698133,  -33.22831416,  -23.22118928,    -31.04532755,   14.27470636,   11.25742821,   29.35096156,     25.18076922], [  117.77126963, -476.26341553,  564.20382966,    1.97093652,    -23.18514898,   50.4743861 ,   26.23699507,   -6.8618693 ,    -10.06073026,  -14.49614601,    1.17637685,    2.39833733,     26.59342174], [ 1079.16656119, -174.99101648,    1.97093652,  282.23913985,    102.70971917,   59.99416767,    4.42795661,    3.61558986,      4.79454604,  -35.99036042,  -36.95232111,  -16.44351866,     -3.49469246], [  391.72719182,  -13.242172  ,  -23.18514898,  102.70971917,    233.41528672,   49.04281837,   12.44213969,    5.43918041,     24.8850568 ,  -24.90599355,  -26.40168035,    0.0657484 ,     -3.72064453], [  550.64849868, -156.23698133,   50.4743861 ,   59.99416767,     49.04281837,  129.71228077,   44.56048849,   22.94752678,     15.51354103,    1.28706517,    1.04188364,   -3.02323133,    -11.64330108], [ -179.13088105,  -33.22831416,   26.23699507,    4.42795661,     12.44213969,   44.56048849,  122.27691429,   26.23545866,      3.60063257,    9.43815379,    4.72271145,    0.48574256,      6.72276601], [  169.98671567,  -23.22118928,   -6.8618693 ,    3.61558986,      5.43918041,   22.94752678,   26.23545866,   79.16315985,     22.99661748,   19.92420657,    4.58590259,   -2.39548755,     -7.35605334], [   30.36319238,  -31.04532755,  -10.06073026,    4.79454604,     24.8850568 ,   15.51354103,    3.60063257,   22.99661748,     83.65151686,   16.93887976,   12.72953753,   10.34155827,     -5.53213794], [   28.52754215,   14.27470636,  -14.49614601,  -35.99036042,    -24.90599355,    1.28706517,    9.43815379,   19.92420657,     16.93887976,   91.11035842,   35.21733276,    5.17730497,     -8.0888691 ], [ -311.69477372,   11.25742821,    1.17637685,  -36.95232111,    -26.40168035,    1.04188364,    4.72271145,    4.58590259,     12.72953753,   35.21733276,   75.4354928 ,   19.8686695 ,     -1.68759934], [ -102.4717749 ,   29.35096156,    2.39833733,  -16.44351866,      0.0657484 ,   -3.02323133,    0.48574256,   -2.39548755,     10.34155827,    5.17730497,   19.8686695 ,   66.72746612,     27.59129989], [ -103.27090374,   25.18076922,   26.59342174,   -3.49469246,     -3.72064453,  -11.64330108,    6.72276601,   -7.35605334,     -5.53213794,   -8.0888691 ,   -1.68759934,   27.59129989,     73.45390573]]
/root/sim/music/out/シャ乱Q/BEST_OF_HISTORY_[Disc_1]/09-出会い.mp3; [-558.81104   , 105.40958   ,   2.0388575 ,  25.376472  ,  10.080682  ,   11.873955  ,   5.903216  ,   5.8028507 ,   1.4165353 ,  10.651826  ,    0.07808205,   2.934495  ,  -4.5151763 ]; [[19214.93914558,  863.57905837, -239.73489911,  160.84232582,    637.11104023, -267.32095921, -180.93938329,  564.16940517,     74.8260154 ,  169.42793428,  -89.96030403,   79.57585431,   -401.89396766], [  863.57905837,  945.27862351, -147.18877551,  137.4851123 ,   -121.73609613,  138.61380422,   80.78112015,  -68.47166497,    -33.86405968,   56.27343172,    1.79974868,    7.88097957,     41.8737857 ], [ -239.73489911, -147.18877551,  609.23016759,  149.42181461,      6.87003028,  -83.01345053,  -87.27504327,   -3.13524859,    -39.0525853 , -105.80849404,    6.52464096,  -31.61536215,     42.88589218], [  160.84232582,  137.4851123 ,  149.42181461,  348.10232508,     63.70128339,    8.93343592,  -63.5497673 ,  -46.9290528 ,      5.41414999,  -56.19809177,  -42.68120332,  -44.18542767,     27.26489273], [  637.11104023, -121.73609613,    6.87003028,   63.70128339,    230.75083019,  -54.25895218,  -72.45141865,   64.68290452,     34.19906766,    4.92740371,  -32.04804467,   10.99833976,    -28.77596931], [ -267.32095921,  138.61380422,  -83.01345053,    8.93343592,    -54.25895218,  209.3395666 ,  106.15628984,  -84.41510726,    -15.14487328,   27.48686973,   25.20910796,   -9.86773441,     -0.81620509], [ -180.93938329,   80.78112015,  -87.27504327,  -63.5497673 ,    -72.45141865,  106.15628984,  174.39732713,  -14.56277782,    -16.28662622,   30.51174744,   27.79320824,    5.17008596,     -5.0896775 ], [  564.16940517,  -68.47166497,   -3.13524859,  -46.9290528 ,     64.68290452,  -84.41510726,  -14.56277782,  168.91061099,     22.3658431 ,   17.83230885,  -13.23770599,    4.39621599,    -26.03017464], [   74.8260154 ,  -33.86405968,  -39.0525853 ,    5.41414999,     34.19906766,  -15.14487328,  -16.28662622,   22.3658431 ,     91.04193137,   29.75617369,   -7.37894985,   -6.62671128,     -4.29586275], [  169.42793428,   56.27343172, -105.80849404,  -56.19809177,      4.92740371,   27.48686973,   30.51174744,   17.83230885,     29.75617369,  121.71945217,   26.12433153,   11.37099057,    -20.57156141], [  -89.96030403,    1.79974868,    6.52464096,  -42.68120332,    -32.04804467,   25.20910796,   27.79320824,  -13.23770599,     -7.37894985,   26.12433153,   84.72240426,   29.57827349,     -3.13141143], [   79.57585431,    7.88097957,  -31.61536215,  -44.18542767,     10.99833976,   -9.86773441,    5.17008596,    4.39621599,     -6.62671128,   11.37099057,   29.57827349,   78.51218812,     13.372489  ], [ -401.89396766,   41.8737857 ,   42.88589218,   27.26489273,    -28.77596931,   -0.81620509,   -5.0896775 ,  -26.03017464,     -4.29586275,  -20.57156141,   -3.13141143,   13.372489  ,     81.90473239]]
/root/sim/music/out/シャ乱Q/BEST_OF_HISTORY_[Disc_1]/11-For_You_～翼をあげよう～.mp3; [-569.4563    , 143.42912   , -12.632516  ,  17.284943  ,   5.807408  ,   -0.61252004,   6.7787557 ,   9.6926155 ,  -7.7554417 ,   3.79445   ,    0.8671332 ,   1.3417593 ,  -4.9118824 ]; [[15453.93342976, 1140.74640233,  102.03965776,  123.52659923,    220.43952077,    3.61682596, -115.2107901 ,  230.63738548,   -206.00373339,  149.46529902,  -23.78692546,  -28.95777999,    -79.72121439], [ 1140.74640233, 1522.55452061, -271.91027143,  153.11438515,    -10.63230384,   -8.12766812,  112.20388579,   -3.1059292 ,      3.81624918,  -15.00884815,   -9.6482278 ,   41.29118755,      4.23091128], [  102.03965776, -271.91027143,  482.76833612, -137.95533911,     80.20980204,   69.41183025,  -70.21577735,   13.96371953,    -30.32483512,  -27.60312114,   33.89581938,   -3.69907678,      4.85133813], [  123.52659923,  153.11438515, -137.95533911,  372.76149888,     -5.68991295,  -38.64647311,   43.12305146,  -45.64617269,     62.52123092,  -65.61271146,  -28.28668914,   22.69259386,     17.02469185], [  220.43952077,  -10.63230384,   80.20980204,   -5.68991295,    185.03502372,   49.62432909,  -57.15481462,   17.36268537,     12.50924219,   -4.61811366,    8.59569209,   -7.54689118,    -27.7776347 ], [    3.61682596,   -8.12766812,   69.41183025,  -38.64647311,     49.62432909,  132.6585768 ,   -2.6208377 ,    9.67892109,    -16.03438348,   -5.18885087,   21.95167358,  -11.23996349,    -22.37531911], [ -115.2107901 ,  112.20388579,  -70.21577735,   43.12305146,    -57.15481462,   -2.6208377 ,  166.91641245,    4.17874235,     23.82122936,   11.34969272,  -10.27927826,   23.39970162,     18.67861552], [  230.63738548,   -3.1059292 ,   13.96371953,  -45.64617269,     17.36268537,    9.67892109,    4.17874235,  126.00284323,      1.19047655,   26.38872525,   -0.12932025,   -4.96943531,     -5.7309169 ], [ -206.00373339,    3.81624918,  -30.32483512,   62.52123092,     12.50924219,  -16.03438348,   23.82122936,    1.19047655,    110.6197476 ,    1.66642526,   -1.82575789,    3.76224982,     -4.05993069], [  149.46529902,  -15.00884815,  -27.60312114,  -65.61271146,     -4.61811366,   -5.18885087,   11.34969272,   26.38872525,      1.66642526,  133.44273488,   16.13306573,  -14.03438548,    -11.74078036], [  -23.78692546,   -9.6482278 ,   33.89581938,  -28.28668914,      8.59569209,   21.95167358,  -10.27927826,   -0.12932025,     -1.82575789,   16.13306573,   76.88472328,    9.93773187,     -4.67407055], [  -28.95777999,   41.29118755,   -3.69907678,   22.69259386,     -7.54689118,  -11.23996349,   23.39970162,   -4.96943531,      3.76224982,  -14.03438548,    9.93773187,   93.37781189,     25.45331922], [  -79.72121439,    4.23091128,    4.85133813,   17.02469185,    -27.7776347 ,  -22.37531911,   18.67861552,   -5.7309169 ,     -4.05993069,  -11.74078036,   -4.67407055,   25.45331922,     88.63130283]]
/root/sim/music/out/シャ乱Q/BEST_OF_HISTORY_[Disc_1]/08-ロスタイム.mp3; [-547.4801   ,  96.05229  , -29.121988 ,  26.783978 ,  12.936639 ,    9.664876 ,   5.436812 ,   6.337328 ,   3.150754 ,   5.066985 ,   -4.9929194,  -1.5565919,  -6.470368 ]; [[19344.41847363, 1139.45745233, -628.67423494,  403.6046541 ,     81.17056036,  140.9860092 ,   44.47073102,   73.89176578,      8.32255755,  117.70808725, -145.3754806 ,  -22.03807114,    -95.0516038 ], [ 1139.45745233, 1026.47941181, -287.06898914,  138.04142478,    113.47198065,   46.38056335,  106.60507988,   48.39250334,     76.88393274,   15.28495884,   18.14659063,   -8.2234339 ,    -21.65491777], [ -628.67423494, -287.06898914,  626.85263379,   24.76862307,    -78.20803874,  -41.24849436, -138.51571953,   32.77936058,    -41.69780685,   -5.66561592,   -9.74350413,  -12.58997693,     11.57292362], [  403.6046541 ,  138.04142478,   24.76862307,  330.83051564,     13.41899917,    2.32321474,  -13.47262065,  -44.08424032,     32.11982658,  -40.65578227,    2.15583179,   22.56587536,     27.79803883], [   81.17056036,  113.47198065,  -78.20803874,   13.41899917,    222.17574351,   66.44012486,   38.61798999,    8.9654379 ,     48.91580088,    9.6840404 ,    8.84439992,    1.43185447,    -13.1363086 ], [  140.9860092 ,   46.38056335,  -41.24849436,    2.32321474,     66.44012486,  115.51857223,   53.81383733,    9.3678878 ,     25.00386161,    0.68262982,    5.98879521,   -9.14016762,    -16.45321122], [   44.47073102,  106.60507988, -138.51571953,  -13.47262065,     38.61798999,   53.81383733,  165.39901987,   29.4991887 ,     30.09361687,   -1.47315909,    5.90579824,    3.74774672,    -15.54701599], [   73.89176578,   48.39250334,   32.77936058,  -44.08424032,      8.9654379 ,    9.3678878 ,   29.4991887 ,  126.64848693,     19.59880952,   42.80139233,   -7.92134022,  -15.14223414,    -16.92449118], [    8.32255755,   76.88393274,  -41.69780685,   32.11982658,     48.91580088,   25.00386161,   30.09361687,   19.59880952,     96.53909524,   19.19051022,   13.12445582,    0.71812994,     -9.09211746], [  117.70808725,   15.28495884,   -5.66561592,  -40.65578227,      9.6840404 ,    0.68262982,   -1.47315909,   42.80139233,     19.19051022,  108.8245211 ,   23.38329981,    8.01421358,    -14.78005899], [ -145.3754806 ,   18.14659063,   -9.74350413,    2.15583179,      8.84439992,    5.98879521,    5.90579824,   -7.92134022,     13.12445582,   23.38329981,   85.05124579,   29.34567189,      6.96701582], [  -22.03807114,   -8.2234339 ,  -12.58997693,   22.56587536,      1.43185447,   -9.14016762,    3.74774672,  -15.14223414,      0.71812994,    8.01421358,   29.34567189,   80.94885271,     24.95519609], [  -95.0516038 ,  -21.65491777,   11.57292362,   27.79803883,    -13.1363086 ,  -16.45321122,  -15.54701599,  -16.92449118,     -9.09211746,  -14.78005899,    6.96701582,   24.95519609,     70.33896919]]
/root/sim/music/out/シャ乱Q/BEST_OF_HISTORY_[Disc_1]/13-女友達.mp3; [-542.9295    , 117.38977   , -23.60065   ,  35.00971   ,   1.573235  ,   -7.5309906 ,  -0.653238  ,   1.8017371 ,  -1.8263408 ,   1.5614765 ,    0.23156893,  -2.664571  ,  -5.192572  ]; [[15811.85468652,  301.82153932,-1064.46543717,  323.50890408,   -199.67709641,  -40.99847185,    2.97887627,   87.2630565 ,     73.11434522,  128.72704503,   95.31661145,   -1.968522  ,   -124.93683413], [  301.82153932, 1433.38612805,  -51.12978618,  184.67661323,     27.95986192,  -60.94289984,   26.27225556,  -29.96109085,    -33.49102842,    9.15182235,  -20.24597435,   -6.80210774,     -0.34706063], [-1064.46543717,  -51.12978618,  728.03097387, -148.90388163,     63.80175102,  -41.90198218, -102.93823153,   30.44896274,    -75.42956038,  -24.29417633,    9.85695346,   17.95867908,     51.18166023], [  323.50890408,  184.67661323, -148.90388163,  450.70149732,     70.01879189,   52.97162627,   52.78382832,  -26.50518697,     44.97847452,  -50.99621472,  -23.54074875,  -10.15076404,      6.37642668], [ -199.67709641,   27.95986192,   63.80175102,   70.01879189,    170.12207864,   47.97219608,    0.40225806,   -0.84209143,     12.97318404,   -1.40001818,  -10.29285909,  -15.27468356,     -8.93807724], [  -40.99847185,  -60.94289984,  -41.90198218,   52.97162627,     47.97219608,  141.25202816,   84.79316682,   10.41091087,     14.76627453,  -14.56262694,    8.11132328,  -14.76744426,    -19.11379588], [    2.97887627,   26.27225556, -102.93823153,   52.78382832,      0.40225806,   84.79316682,  175.61815654,   23.51880009,     26.45789122,  -16.44298033,    3.02919438,   -0.74287324,    -12.24187384], [   87.2630565 ,  -29.96109085,   30.44896274,  -26.50518697,     -0.84209143,   10.41091087,   23.51880009,   91.126529  ,     20.86983489,   16.17148485,   -5.23602472,   -3.94782731,     -4.66225205], [   73.11434522,  -33.49102842,  -75.42956038,   44.97847452,     12.97318404,   14.76627453,   26.45789122,   20.86983489,    105.75660384,   26.05705369,    9.45351174,   -3.36427209,    -12.90756556], [  128.72704503,    9.15182235,  -24.29417633,  -50.99621472,     -1.40001818,  -14.56262694,  -16.44298033,   16.17148485,     26.05705369,  111.99859043,   31.78730499,   14.85635029,     -9.68040019], [   95.31661145,  -20.24597435,    9.85695346,  -23.54074875,    -10.29285909,    8.11132328,    3.02919438,   -5.23602472,      9.45351174,   31.78730499,   80.17102241,   34.50927336,      3.88799189], [   -1.968522  ,   -6.80210774,   17.95867908,  -10.15076404,    -15.27468356,  -14.76744426,   -0.74287324,   -3.94782731,     -3.36427209,   14.85635029,   34.50927336,   88.77844094,     33.46237142], [ -124.93683413,   -0.34706063,   51.18166023,    6.37642668,     -8.93807724,  -19.11379588,  -12.24187384,   -4.66225205,    -12.90756556,   -9.68040019,    3.88799189,   33.46237142,     85.26200725]]
