/root/sim/music/out/Noel_Gallagher's_High_Flying_Birds/Who_Built_The_Moon__[Bonus_Track]/06_Be_Careful_What_You_Wish_For.mp3; [-547.6549   , 156.594    ,  14.989494 ,  12.292165 ,   9.952482 ,    3.3189793,  -2.0256188,   7.178881 ,   3.349826 ,   5.136132 ,    0.1040751,  -8.90653  ,  -2.0169299]; [[7560.04343528,-574.51911904,-865.03856771,-146.73954806,-115.87334861,   -43.98477604,-108.26384876, 129.06471467, 106.31052848, 122.75209231,    -3.52656613, -65.92129808,  92.44738489], [-574.51911904, 734.2469035 , -28.43102839,-116.65238408,  34.20214634,   -35.74659242,  51.6335213 ,  -6.15674001, -26.56047463,  34.77871726,    31.36743284,  12.41655402,  41.80533845], [-865.03856771, -28.43102839, 477.13148642, 118.63445106,   6.01383057,    62.74170149,   4.38990947,  22.97385505,  30.28623206, -32.05890595,     6.55268266,  28.14688874, -26.42680431], [-146.73954806,-116.65238408, 118.63445106, 271.86757129,  58.20128996,    21.42245634,  22.44528814,  11.39623587,   4.58864785,  -4.96605747,     1.93458711,  13.64677132, -28.70369247], [-115.87334861,  34.20214634,   6.01383057,  58.20128996, 167.96284297,    23.86127735,  -6.77415728,  21.28147093,  17.73360326,   0.6182947 ,    22.59717825,  26.03717773,  -7.78526457], [ -43.98477604, -35.74659242,  62.74170149,  21.42245634,  23.86127735,   137.6253717 ,   9.31314881,  21.32497566,  28.18936336,  -1.13974964,    18.77038927,  11.73818431, -25.21870519], [-108.26384876,  51.6335213 ,   4.38990947,  22.44528814,  -6.77415728,     9.31314881, 171.56070036,  10.21228286, -11.78297429,  34.04683221,    -1.54857819,  -5.64589866,  23.8837583 ], [ 129.06471467,  -6.15674001,  22.97385505,  11.39623587,  21.28147093,    21.32497566,  10.21228286, 100.05878232,  44.26347325,   1.2787251 ,     7.48074586,  10.78863969,   5.1433846 ], [ 106.31052848, -26.56047463,  30.28623206,   4.58864785,  17.73360326,    28.18936336, -11.78297429,  44.26347325,  93.8777837 ,  12.50345787,     9.21761622,   6.36937785,  -6.67749121], [ 122.75209231,  34.77871726, -32.05890595,  -4.96605747,   0.6182947 ,    -1.13974964,  34.04683221,   1.2787251 ,  12.50345787,  93.45813583,    24.39254825,  -8.15644784,  15.62632603], [  -3.52656613,  31.36743284,   6.55268266,   1.93458711,  22.59717825,    18.77038927,  -1.54857819,   7.48074586,   9.21761622,  24.39254825,    69.33307682,  24.33907923,   0.95232698], [ -65.92129808,  12.41655402,  28.14688874,  13.64677132,  26.03717773,    11.73818431,  -5.64589866,  10.78863969,   6.36937785,  -8.15644784,    24.33907923,  72.33107754,  18.08939486], [  92.44738489,  41.80533845, -26.42680431, -28.70369247,  -7.78526457,   -25.21870519,  23.8837583 ,   5.1433846 ,  -6.67749121,  15.62632603,     0.95232698,  18.08939486,  83.66952409]]
/root/sim/music/out/Noel_Gallagher's_High_Flying_Birds/Who_Built_The_Moon__[Bonus_Track]/07_Black_&_White_Sunshine.mp3; [-490.45984   , 133.4958    , -21.902136  ,  26.210196  ,  -0.65758866,    5.755731  ,   4.5237455 ,   2.9386663 ,  12.369005  ,   8.025015  ,   -0.9273639 ,  -0.68159807,   0.31061798]; [[9434.70008603,-895.90349883, 680.70100577, 248.26018276, 745.68207151,   408.70198537,  31.44772287, 501.68664234, 317.03276232, 192.34050791,   203.35779489,  91.20354219, 149.06512959], [-895.90349883, 615.6325641 ,-131.56257692,  57.8021605 , -92.53758197,   -10.22033842,  80.56749883, -84.62340899, -11.3805017 ,   0.98804705,   -11.58108732,   0.00669032, -20.82589113], [ 680.70100577,-131.56257692, 500.80801702,   5.99270104, 247.780354  ,   101.40306181,  33.90452372, 111.73787492,  34.31557072,  45.61966854,    43.54905181,  31.43775166,  32.13784782], [ 248.26018276,  57.8021605 ,   5.99270104, 142.21425962,  42.68120115,    10.77832171, -10.79489596,  12.59265163,  23.34466158,   5.78640897,     4.71831987,   6.93547948,  22.9098798 ], [ 745.68207151, -92.53758197, 247.780354  ,  42.68120115, 290.59149127,    82.77700004,  18.28542371,  98.4323401 ,  47.18686818,  40.94349341,    44.74227927,  21.98753731,  42.54741571], [ 408.70198537, -10.22033842, 101.40306181,  10.77832171,  82.77700004,   107.33640337,  40.61038935,  40.13534559,  23.26202976,  20.90336495,    20.3066721 ,  13.34237096,  17.55895126], [  31.44772287,  80.56749883,  33.90452372, -10.79489596,  18.28542371,    40.61038935, 143.88350223,   4.67949209,   7.22543081,  21.93897675,     2.65491248,  19.82872405,   5.18313837], [ 501.68664234, -84.62340899, 111.73787492,  12.59265163,  98.4323401 ,    40.13534559,   4.67949209, 128.54993965,  51.49721441,  16.93017484,    35.22253758,  12.28210126,  18.75427901], [ 317.03276232, -11.3805017 ,  34.31557072,  23.34466158,  47.18686818,    23.26202976,   7.22543081,  51.49721441,  88.11921131,  41.36329787,    21.5914865 ,  11.00898188,  13.60254795], [ 192.34050791,   0.98804705,  45.61966854,   5.78640897,  40.94349341,    20.90336495,  21.93897675,  16.93017484,  41.36329787,  91.75151751,    28.17792478,   4.34621296,  24.28963138], [ 203.35779489, -11.58108732,  43.54905181,   4.71831987,  44.74227927,    20.3066721 ,   2.65491248,  35.22253758,  21.5914865 ,  28.17792478,    64.38531464,  19.26539484,   4.34834989], [  91.20354219,   0.00669032,  31.43775166,   6.93547948,  21.98753731,    13.34237096,  19.82872405,  12.28210126,  11.00898188,   4.34621296,    19.26539484,  48.9936435 ,  20.74860975], [ 149.06512959, -20.82589113,  32.13784782,  22.9098798 ,  42.54741571,    17.55895126,   5.18313837,  18.75427901,  13.60254795,  24.28963138,     4.34834989,  20.74860975,  75.05673129]]
/root/sim/music/out/シャ乱Q/BEST_OF_HISTORY_[Disc_2]/17-新・ラーメン大好き小池さんの唄.mp3; [-529.6449    , 104.372856  , -10.670731  ,  12.231426  ,  10.82365   ,    1.6810281 ,  11.141714  ,   3.7868264 ,   8.804488  ,  10.732733  ,    0.09659622,   2.8590274 ,  -2.4119592 ]; [[19126.16631995,  401.39667674, -969.35573439,  142.61969438,    159.02842511,   73.55365034,  331.81044558,   72.30304148,    191.25693175,  259.46013058,  -57.23616494,   74.37022003,    -10.39811911], [  401.39667674,  814.92790151,  -95.84722519,  146.65221586,    -14.50002355,    3.53673146,   18.15122585,  -15.08151853,    -40.12500022,   -8.83314519,  -24.90293528,  -10.68886103,    -10.53592562], [ -969.35573439,  -95.84722519,  677.90182148,   -3.88373826,    104.37408914,  -16.6190444 ,  -82.35425679,  -34.00729266,    -36.95462294,  -54.92633528,   12.85841591,  -14.08785333,    -13.52528317], [  142.61969438,  146.65221586,   -3.88373826,  500.20336867,     99.23634395,   73.95937805,  -71.40484352,  -14.64875097,    -10.9656488 ,  -48.07835077,  -28.69680226,  -11.74458144,      9.9887395 ], [  159.02842511,  -14.50002355,  104.37408914,   99.23634395,    251.92555774,   35.29392125,  -21.7230761 ,   -6.09812043,      6.73110759,   -6.72577363,   -6.52672797,   -8.07038752,    -19.54157894], [   73.55365034,    3.53673146,  -16.6190444 ,   73.95937805,     35.29392125,  205.56127262,   44.81973672,   36.65504542,    -10.11803257,  -11.86840907,   22.38225057,  -39.55914429,    -12.1991384 ], [  331.81044558,   18.15122585,  -82.35425679,  -71.40484352,    -21.7230761 ,   44.81973672,  210.02568732,   55.23431343,     26.67524687,   26.14934478,    2.22123222,    5.87044253,    -15.077333  ], [   72.30304148,  -15.08151853,  -34.00729266,  -14.64875097,     -6.09812043,   36.65504542,   55.23431343,  124.91327796,     50.15803252,   20.93353486,   15.64998891,   -9.30482047,     -1.06354146], [  191.25693175,  -40.12500022,  -36.95462294,  -10.9656488 ,      6.73110759,  -10.11803257,   26.67524687,   50.15803252,    131.45660147,   58.87894311,   20.95392901,   10.96688882,     -6.63259549], [  259.46013058,   -8.83314519,  -54.92633528,  -48.07835077,     -6.72577363,  -11.86840907,   26.14934478,   20.93353486,     58.87894311,  126.1698153 ,   41.01230982,   21.53421506,      5.27286649], [  -57.23616494,  -24.90293528,   12.85841591,  -28.69680226,     -6.52672797,   22.38225057,    2.22123222,   15.64998891,     20.95392901,   41.01230982,  102.92336829,   31.97285944,     10.96190703], [   74.37022003,  -10.68886103,  -14.08785333,  -11.74458144,     -8.07038752,  -39.55914429,    5.87044253,   -9.30482047,     10.96688882,   21.53421506,   31.97285944,  112.6631577 ,     46.53356749], [  -10.39811911,  -10.53592562,  -13.52528317,    9.9887395 ,    -19.54157894,  -12.1991384 ,  -15.077333  ,   -1.06354146,     -6.63259549,    5.27286649,   10.96190703,   46.53356749,    104.29912304]]
/root/sim/music/out/シャ乱Q/BEST_OF_HISTORY_[Disc_2]/07-NICE_BOY!.mp3; [-560.1035   , 106.04927  ,  -2.3851292,  28.73987  ,   4.821353 ,    7.976626 ,   4.5198684,   4.3552833,   2.6752064,   3.9632304,   -4.31253  ,  -1.3670613,  -1.8453443]; [[21160.74624498,  740.31982908, -967.52212695, -387.59406345,   -520.2809367 , -183.78523452, -160.0936367 , -216.96434824,   -248.20114076,   61.00971742, -223.09099062,  -63.64040654,   -197.7971357 ], [  740.31982908,  905.22988814, -150.32792044,   87.26647104,     -7.12083639,  -21.73613262,   41.72964098,   10.442732  ,      8.89595315,   31.35080914,   -6.940857  ,    5.31909426,     24.74278286], [ -967.52212695, -150.32792044,  756.53570321,   55.468366  ,    183.54967552,    4.45559954,   -1.86758299,   47.69566139,     22.59378173,   26.00761005,   14.75173278,   20.34682051,     64.47613491], [ -387.59406345,   87.26647104,   55.468366  ,  274.70420115,     90.89389077,   37.6167797 ,  -27.18227075,   19.0906456 ,     25.66691504,  -49.43510025,    0.49325082,  -21.04608388,     31.52321209], [ -520.2809367 ,   -7.12083639,  183.54967552,   90.89389077,    210.11640381,   35.59542821,   -2.8908156 ,   22.5884957 ,     38.24036729,    4.39412568,    1.75918562,   -3.31190576,      6.97072237], [ -183.78523452,  -21.73613262,    4.45559954,   37.6167797 ,     35.59542821,  121.6357459 ,   47.67801054,   25.67166721,      6.18722619,  -13.4290979 ,   19.20931284,   -8.67234453,    -22.64752448], [ -160.0936367 ,   41.72964098,   -1.86758299,  -27.18227075,     -2.8908156 ,   47.67801054,  123.35903774,   40.84978397,     17.70981519,   20.19545874,    6.24993241,    8.0202806 ,    -12.15158583], [ -216.96434824,   10.442732  ,   47.69566139,   19.0906456 ,     22.5884957 ,   25.67166721,   40.84978397,   83.89164169,     34.30005466,   16.68792368,    4.55773935,   -1.89885486,      1.47534116], [ -248.20114076,    8.89595315,   22.59378173,   25.66691504,     38.24036729,    6.18722619,   17.70981519,   34.30005466,     88.4890737 ,   35.87692148,    8.32536357,   -3.74773301,     -5.21316632], [   61.00971742,   31.35080914,   26.00761005,  -49.43510025,      4.39412568,  -13.4290979 ,   20.19545874,   16.68792368,     35.87692148,  117.72363833,   21.97251619,   13.26199349,     -6.32892994], [ -223.09099062,   -6.940857  ,   14.75173278,    0.49325082,      1.75918562,   19.20931284,    6.24993241,    4.55773935,      8.32536357,   21.97251619,   71.72584278,   25.78843452,     -5.57494385], [  -63.64040654,    5.31909426,   20.34682051,  -21.04608388,     -3.31190576,   -8.67234453,    8.0202806 ,   -1.89885486,     -3.74773301,   13.26199349,   25.78843452,   75.29692277,     24.72438291], [ -197.7971357 ,   24.74278286,   64.47613491,   31.52321209,      6.97072237,  -22.64752448,  -12.15158583,    1.47534116,     -5.21316632,   -6.32892994,   -5.57494385,   24.72438291,     82.74817628]]
/root/sim/music/out/シャ乱Q/BEST_OF_HISTORY_[Disc_2]/04-こんなにあなたを愛しているのに.mp3; [-595.9763   , 139.86095  ,  -0.3297408,  24.329168 ,  -2.2776937,    1.7314985,  -6.200077 ,   3.8465664,   2.5265265,   4.3974943,    1.9931557,   0.2138463,   0.7589306]; [[16442.12742835,  997.03783045,  665.30113205,   44.02406099,    113.20581162,   81.78742015,   10.87736706,  288.47765956,     29.1117243 ,  199.51231465,   88.76459885,  112.50799554,    -37.89347993], [  997.03783045, 1209.84428736, -170.60567048,   60.05236143,    -43.09026164,  -30.25686613,  -21.52300136,   13.92030413,     14.91754616,   52.25296589,    8.46884043,   -1.23700626,      1.24534318], [  665.30113205, -170.60567048,  780.34966107, -137.84237608,    192.51440782,   28.96494549,  105.6670043 ,  114.1359817 ,     12.40918263,   67.22513151,   -0.3796222 ,   49.84311698,      8.97921401], [   44.02406099,   60.05236143, -137.84237608,  308.62654463,     -0.81037809,  -11.19671266,  -56.13161808,  -45.316716  ,     22.99316681,  -63.60003337,  -14.81653761,  -23.10696889,     14.20629359], [  113.20581162,  -43.09026164,  192.51440782,   -0.81037809,    191.91786768,   25.93135303,    7.99266752,   36.90062041,     24.27970367,   25.70009908,   -0.97941209,   13.39495108,     -0.72928255], [   81.78742015,  -30.25686613,   28.96494549,  -11.19671266,     25.93135303,   88.2764459 ,   34.29629569,    7.64247238,      0.03633448,   14.84867849,    9.66509415,   -0.7093686 ,     -6.43521274], [   10.87736706,  -21.52300136,  105.6670043 ,  -56.13161808,      7.99266752,   34.29629569,  132.69902654,   35.7320411 ,      6.51781453,   21.77308385,    9.21932622,   20.80155977,     -0.7138387 ], [  288.47765956,   13.92030413,  114.1359817 ,  -45.316716  ,     36.90062041,    7.64247238,   35.7320411 ,  107.82931211,     18.87404971,   22.36863741,    3.69044905,   15.51492879,     12.48227054], [   29.1117243 ,   14.91754616,   12.40918263,   22.99316681,     24.27970367,    0.03633448,    6.51781453,   18.87404971,     90.06704498,   25.20724031,    4.42192215,   -0.57820826,     -4.65294069], [  199.51231465,   52.25296589,   67.22513151,  -63.60003337,     25.70009908,   14.84867849,   21.77308385,   22.36863741,     25.20724031,  121.26069681,   41.34582018,   14.04023594,    -14.97703393], [   88.76459885,    8.46884043,   -0.3796222 ,  -14.81653761,     -0.97941209,    9.66509415,    9.21932622,    3.69044905,      4.42192215,   41.34582018,   68.56086002,   21.84235991,     -8.33260455], [  112.50799554,   -1.23700626,   49.84311698,  -23.10696889,     13.39495108,   -0.7093686 ,   20.80155977,   15.51492879,     -0.57820826,   14.04023594,   21.84235991,   66.88452173,     21.72866619], [  -37.89347993,    1.24534318,    8.97921401,   14.20629359,     -0.72928255,   -6.43521274,   -0.7138387 ,   12.48227054,     -4.65294069,  -14.97703393,   -8.33260455,   21.72866619,     66.94124851]]
/root/sim/music/out/シャ乱Q/BEST_OF_HISTORY_[Disc_2]/10-心.mp3; [-558.66797   , 144.32588   , -19.810146  ,  14.26153   ,  -3.009055  ,    3.1004694 ,   0.21477273,   2.7400148 ,  -1.6726036 ,   5.125962  ,   -0.8350658 ,   4.556109  ,  -1.4162483 ]; [[14605.32229192,  388.2968656 , -832.73992042,  268.47003121,   -254.48841582,  198.77854844,   50.48294884,  186.76933469,     35.95900225,  254.07292012,   -3.96223394,   64.65997598,    -27.07990205], [  388.2968656 , 1838.42923257,   59.6129489 ,   -4.96807531,    100.25707069,  -91.49109208,   29.09167304,  -53.89770808,    -32.3858721 ,  -88.63858078,  -21.59539526,   45.69277402,     53.78029391], [ -832.73992042,   59.6129489 ,  507.60416234,    9.28933967,     80.01835008,   20.31434762,   -7.75205192,   -7.63917207,      5.08338519,  -43.9469849 ,    2.41104819,   24.04247833,     25.63890047], [  268.47003121,   -4.96807531,    9.28933967,  300.00195366,     82.75895843,   55.24206625,    6.44282143,   22.86296679,     37.62910657,  -21.94351419,    5.51399044,   12.70818259,     25.77268462], [ -254.48841582,  100.25707069,   80.01835008,   82.75895843,    200.20674647,   30.41299839,   -8.56724023,   11.75115081,     31.90227227,  -23.64280142,   10.76896963,    9.70128748,     -4.75117819], [  198.77854844,  -91.49109208,   20.31434762,   55.24206625,     30.41299839,  127.23138961,   44.46221818,   31.69541338,     23.52701109,   16.93329599,   24.06886331,   -8.17993116,     -8.20354521], [   50.48294884,   29.09167304,   -7.75205192,    6.44282143,     -8.56724023,   44.46221818,  122.77793869,   28.27863332,     13.04382043,   31.52502263,    6.42271597,    8.65668801,      6.27043505], [  186.76933469,  -53.89770808,   -7.63917207,   22.86296679,     11.75115081,   31.69541338,   28.27863332,   87.80355858,     29.94549521,   13.85548429,    6.51981662,   -1.21920175,      3.13794425], [   35.95900225,  -32.3858721 ,    5.08338519,   37.62910657,     31.90227227,   23.52701109,   13.04382043,   29.94549521,     83.12215236,   18.31629171,   10.91028323,    0.94550336,      1.31304073], [  254.07292012,  -88.63858078,  -43.9469849 ,  -21.94351419,    -23.64280142,   16.93329599,   31.52502263,   13.85548429,     18.31629171,  123.11654467,   20.91142233,    1.25722806,    -14.7961115 ], [   -3.96223394,  -21.59539526,    2.41104819,    5.51399044,     10.76896963,   24.06886331,    6.42271597,    6.51981662,     10.91028323,   20.91142233,   72.18234328,   11.86917528,     -6.59481187], [   64.65997598,   45.69277402,   24.04247833,   12.70818259,      9.70128748,   -8.17993116,    8.65668801,   -1.21920175,      0.94550336,    1.25722806,   11.86917528,   69.29514784,     30.74834478], [  -27.07990205,   53.78029391,   25.63890047,   25.77268462,     -4.75117819,   -8.20354521,    6.27043505,    3.13794425,      1.31304073,  -14.7961115 ,   -6.59481187,   30.74834478,     81.76124208]]
/root/sim/music/out/シャ乱Q/BEST_OF_HISTORY_[Disc_2]/08-大阪エレジー.mp3; [-557.32367   , 133.36818   ,  -1.926292  ,  15.50514   ,   0.09703045,   -0.75845855,  -6.9721    ,   1.4169732 ,   1.6527712 ,  -1.3879485 ,   -5.19001   ,  -1.0688096 ,  -0.32710955]; [[14694.85031203, 1246.30097253, -345.7568077 ,  -68.99935594,   -234.96976508,  -33.45015228, -112.45938365,  -39.90285525,    -57.82707323,   19.2122571 , -104.45622404, -105.52636701,    -49.54968377], [ 1246.30097253, 1217.85365674, -174.57544153,   48.51721706,    -14.95370834,  -75.32202628,  -53.037806  ,    1.4876873 ,      2.0899919 ,  -19.22134371,  -40.01111069,   36.02263391,      5.98115738], [ -345.7568077 , -174.57544153,  527.31197661,   29.13968751,     67.70092106,   37.56968856,    1.18790737,  -16.11736867,    -20.79383881,  -50.4905335 ,    8.78191721,   -8.61657559,     12.55892136], [  -68.99935594,   48.51721706,   29.13968751,  276.7666903 ,     97.89002083,    8.4870184 ,  -27.07875179,    5.64829438,     20.90573182,  -24.59879208,  -10.49040592,   -1.61809516,      6.94828898], [ -234.96976508,  -14.95370834,   67.70092106,   97.89002083,    217.96606518,   48.66492624,  -28.06578621,   -6.18025706,     30.33279375,  -16.7798102 ,   11.22953994,   -3.91166812,    -14.61857789], [  -33.45015228,  -75.32202628,   37.56968856,    8.4870184 ,     48.66492624,  124.57271965,   36.59169797,    6.8299673 ,      1.58324428,    7.04095649,   16.94913268,   -1.63126437,    -13.69974966], [ -112.45938365,  -53.037806  ,    1.18790737,  -27.07875179,    -28.06578621,   36.59169797,  131.04517663,   35.3293892 ,      0.71992379,   15.61577795,   13.21204371,    2.1533245 ,      5.08511634], [  -39.90285525,    1.4876873 ,  -16.11736867,    5.64829438,     -6.18025706,    6.8299673 ,   35.3293892 ,   87.24355098,     26.92945103,    3.15189107,    0.51258488,    7.36121038,      6.42341519], [  -57.82707323,    2.0899919 ,  -20.79383881,   20.90573182,     30.33279375,    1.58324428,    0.71992379,   26.92945103,     93.28850746,   21.28358558,    6.59209669,    9.97638172,      3.62656995], [   19.2122571 ,  -19.22134371,  -50.4905335 ,  -24.59879208,    -16.7798102 ,    7.04095649,   15.61577795,    3.15189107,     21.28358558,  101.14910098,   28.00824598,   -1.49745231,     -0.94166202], [ -104.45622404,  -40.01111069,    8.78191721,  -10.49040592,     11.22953994,   16.94913268,   13.21204371,    0.51258488,      6.59209669,   28.00824598,   62.61953107,   15.10352428,     -3.1532469 ], [ -105.52636701,   36.02263391,   -8.61657559,   -1.61809516,     -3.91166812,   -1.63126437,    2.1533245 ,    7.36121038,      9.97638172,   -1.49745231,   15.10352428,   59.90056156,     21.63569432], [  -49.54968377,    5.98115738,   12.55892136,    6.94828898,    -14.61857789,  -13.69974966,    5.08511634,    6.42341519,      3.62656995,   -0.94166202,   -3.1532469 ,   21.63569432,     62.56505517]]
/root/sim/music/out/シャ乱Q/BEST_OF_HISTORY_[Disc_2]/03-いいわけ.mp3; [-547.8614   , 104.43351  ,  -4.494983 ,  24.879164 ,   6.3977237,    4.3177686,  -3.786917 ,   2.3816829,   2.1127048,   2.2722807,   -2.7025764,   1.5966274,  -2.4262187]; [[17564.19316018,  990.6033868 , -493.3963431 ,  286.47571195,   -115.55738787,   55.67988189,  -88.62168462,   29.11928809,     52.71058218,  130.3638242 ,   29.12185938,   99.66015743,    -52.37937098], [  990.6033868 ,  756.57621036,  -58.93170043,   44.86027723,    -25.35724284,    0.93909712,   14.89768377,   -0.91933953,      2.70055615,    7.52305488,   -2.70097325,   -8.39640243,    -17.62657715], [ -493.3963431 ,  -58.93170043,  347.29290154,   -9.04783958,     21.15523192,   32.80847845,   21.79726093,    3.70935738,    -29.29415078,  -21.00510515,    1.12628387,   14.30066581,     26.85520925], [  286.47571195,   44.86027723,   -9.04783958,  230.64685894,     90.1302478 ,    2.22480604,  -34.75268955,   12.26219826,     21.78596056,  -34.48473053,  -11.28090103,    7.99086664,     30.43889966], [ -115.55738787,  -25.35724284,   21.15523192,   90.1302478 ,    171.79707274,   11.40249676,  -19.35656332,   14.13342033,     20.90904204,  -19.213358  ,  -10.52408728,    4.54633095,     14.73107941], [   55.67988189,    0.93909712,   32.80847845,    2.22480604,     11.40249676,   97.39770954,   44.38888713,    6.02915158,      2.65951979,   16.62312685,   17.65152807,   -5.49644742,    -14.21119667], [  -88.62168462,   14.89768377,   21.79726093,  -34.75268955,    -19.35656332,   44.38888713,  105.88919142,   16.77367412,      2.16082748,   15.18106768,   11.36605131,    5.71874419,     -1.26981023], [   29.11928809,   -0.91933953,    3.70935738,   12.26219826,     14.13342033,    6.02915158,   16.77367412,   61.97921689,     24.19910818,    5.12421201,   -0.07300534,    1.48895131,      7.36799102], [   52.71058218,    2.70055615,  -29.29415078,   21.78596056,     20.90904204,    2.65951979,    2.16082748,   24.19910818,     66.45534146,   24.78167869,    9.14844629,    2.23734065,      0.17819694], [  130.3638242 ,    7.52305488,  -21.00510515,  -34.48473053,    -19.213358  ,   16.62312685,   15.18106768,    5.12421201,     24.78167869,   79.2049674 ,   32.64768409,   -0.40696954,    -16.56893857], [   29.12185938,   -2.70097325,    1.12628387,  -11.28090103,    -10.52408728,   17.65152807,   11.36605131,   -0.07300534,      9.14844629,   32.64768409,   64.47217043,   15.60084974,    -10.21343531], [   99.66015743,   -8.39640243,   14.30066581,    7.99086664,      4.54633095,   -5.49644742,    5.71874419,    1.48895131,      2.23734065,   -0.40696954,   15.60084974,   57.05743963,     27.41336827], [  -52.37937098,  -17.62657715,   26.85520925,   30.43889966,     14.73107941,  -14.21119667,   -1.26981023,    7.36799102,      0.17819694,  -16.56893857,  -10.21343531,   27.41336827,     67.11656169]]
/root/sim/music/out/シャ乱Q/BEST_OF_HISTORY_[Disc_2]/15-愛_Just_on_my_Love.mp3; [-551.51434   ,  90.43759   ,  -2.1375744 ,  17.089012  ,   1.9892224 ,    7.206423  ,   1.482041  ,   7.1975975 ,   0.80297107,   4.376052  ,    1.0402994 ,   3.0191126 ,   3.2083166 ]; [[17343.98605658, 1476.99132713, -586.91747179, -142.95803119,   -158.82458744,  -29.1929837 ,  -38.50514977,  177.25320274,     10.43231586,  134.32389811,   17.63603546,   40.81728925,      1.11688215], [ 1476.99132713,  818.0429743 ,   11.18948408,   -7.74132191,    -29.52055204,  -29.36042476,  -27.01783574,    3.66715059,    -29.91004348,    1.76453602,   32.78579947,   39.071242  ,     60.52895063], [ -586.91747179,   11.18948408,  712.98204856,  189.85066605,     93.65279906,   84.39399804,   25.94607688,  -56.60108587,    -38.21134853,  -70.80437636,    1.68162003,  -10.05412964,     17.41560306], [ -142.95803119,   -7.74132191,  189.85066605,  287.0327273 ,    144.13787309,   53.90609289,  -30.23735942,  -16.69299177,     -3.53639915,  -47.91263763,  -15.26305941,  -15.08852909,     14.39762721], [ -158.82458744,  -29.52055204,   93.65279906,  144.13787309,    214.31960829,   52.2959358 ,  -33.60156529,   -9.57581944,     11.13419288,  -31.03736446,  -15.64762956,  -20.93554065,    -14.03964942], [  -29.1929837 ,  -29.36042476,   84.39399804,   53.90609289,     52.2959358 ,  128.14668205,   54.92511276,   -3.85021141,     -8.91233189,  -14.1451676 ,   -1.95881069,  -11.14898022,     -7.59373635], [  -38.50514977,  -27.01783574,   25.94607688,  -30.23735942,    -33.60156529,   54.92511276,  142.45056424,   41.2216543 ,     -8.21895209,   12.47541317,    4.08954998,    4.69439765,    -10.13618323], [  177.25320274,    3.66715059,  -56.60108587,  -16.69299177,     -9.57581944,   -3.85021141,   41.2216543 ,   95.53563004,     44.14969146,   23.29530289,    2.41476513,    7.02046557,      2.71302764], [   10.43231586,  -29.91004348,  -38.21134853,   -3.53639915,     11.13419288,   -8.91233189,   -8.21895209,   44.14969146,     89.95914596,   52.32562662,   10.14777601,   -1.01477292,     -0.10609491], [  134.32389811,    1.76453602,  -70.80437636,  -47.91263763,    -31.03736446,  -14.1451676 ,   12.47541317,   23.29530289,     52.32562662,  123.6211036 ,   40.17624006,   10.54769507,     -7.86871768], [   17.63603546,   32.78579947,    1.68162003,  -15.26305941,    -15.64762956,   -1.95881069,    4.08954998,    2.41476513,     10.14777601,   40.17624006,   71.17873374,   30.43664457,      9.55582712], [   40.81728925,   39.071242  ,  -10.05412964,  -15.08852909,    -20.93554065,  -11.14898022,    4.69439765,    7.02046557,     -1.01477292,   10.54769507,   30.43664457,   80.18072573,     40.25587068], [    1.11688215,   60.52895063,   17.41560306,   14.39762721,    -14.03964942,   -7.59373635,  -10.13618323,    2.71302764,     -0.10609491,   -7.86871768,    9.55582712,   40.25587068,     90.04211783]]
/root/sim/music/out/シャ乱Q/BEST_OF_HISTORY_[Disc_2]/05-涙の影.mp3; [-593.5922    , 130.82474   , -11.538415  ,  24.786993  ,   2.372965  ,   -0.5342292 ,  -6.1534724 ,   0.82182854,  -2.8741841 ,   2.0016553 ,   -4.4288573 ,  -3.9676464 ,  -3.270503  ]; [[16424.82615768,  354.44938008, -185.5213703 ,  378.0114505 ,    -57.66359856,   -1.32690598, -143.69964675,  111.72022926,    154.53943363,  258.31701597,  -31.46094715,   -3.34546818,    -47.25679197], [  354.44938008, 1494.64261551, -197.86420522,  179.08929984,     45.62897596,  -10.05145078,    7.45519156,  -51.64385838,    -92.97495958,  -65.52478482,  -29.69113349,  -20.89099257,     17.18602029], [ -185.5213703 , -197.86420522,  389.18679286,  -47.79152024,     69.61001166,   13.96567382,    0.50853251,   -4.57949043,    -29.94873079,  -31.82067412,   -1.2470893 ,   -6.80912283,     23.9664279 ], [  378.0114505 ,  179.08929984,  -47.79152024,  288.37206609,     56.65158182,   40.30674247,   35.43744403,   -7.23943582,     32.96215928,  -51.14995548,   -4.39200596,    7.61726266,     17.30939146], [  -57.66359856,   45.62897596,   69.61001166,   56.65158182,    144.91649135,   30.12750298,   -7.51662654,    5.334608  ,     12.59791982,   -5.3526613 ,    3.19252946,   -0.08598956,      6.2013421 ], [   -1.32690598,  -10.05145078,   13.96567382,   40.30674247,     30.12750298,  108.54489521,   65.89144949,   19.85190364,      4.93216418,   -6.81123169,   12.41612191,   -1.35209199,     -5.43833183], [ -143.69964675,    7.45519156,    0.50853251,   35.43744403,     -7.51662654,   65.89144949,  149.61582081,   34.01121048,     10.27135207,  -14.451088  ,    8.05467347,    5.42933118,      5.22289795], [  111.72022926,  -51.64385838,   -4.57949043,   -7.23943582,      5.334608  ,   19.85190364,   34.01121048,   75.21698701,     35.35207018,   21.95374408,    4.31497945,    2.37423511,     -3.72620097], [  154.53943363,  -92.97495958,  -29.94873079,   32.96215928,     12.59791982,    4.93216418,   10.27135207,   35.35207018,     96.41854853,   40.09105361,   14.03354747,    8.98872033,     -5.99520537], [  258.31701597,  -65.52478482,  -31.82067412,  -51.14995548,     -5.3526613 ,   -6.81123169,  -14.451088  ,   21.95374408,     40.09105361,  122.41282858,   35.41861139,   12.23825231,     -9.1282848 ], [  -31.46094715,  -29.69113349,   -1.2470893 ,   -4.39200596,      3.19252946,   12.41612191,    8.05467347,    4.31497945,     14.03354747,   35.41861139,   63.36337786,   25.07926269,     -2.86677239], [   -3.34546818,  -20.89099257,   -6.80912283,    7.61726266,     -0.08598956,   -1.35209199,    5.42933118,    2.37423511,      8.98872033,   12.23825231,   25.07926269,   68.48541628,     20.39201424], [  -47.25679197,   17.18602029,   23.9664279 ,   17.30939146,      6.2013421 ,   -5.43833183,    5.22289795,   -3.72620097,     -5.99520537,   -9.1282848 ,   -2.86677239,   20.39201424,     67.01057503]]
/root/sim/music/out/シャ乱Q/BEST_OF_HISTORY_[Disc_2]/11-パワーソング.mp3; [-548.4155    , 131.52837   ,  -3.7444239 ,  16.935167  ,   1.3934149 ,    5.797789  ,   2.1406202 ,   6.086472  ,   1.6913258 ,   4.415646  ,   -1.3447541 ,  -0.24475344,  -0.3290684 ]; [[14534.72025925, 1534.37687223,  -46.70912753,   87.54839306,     18.66789379,  -11.40782115,  131.68844765,   40.87064895,     93.46988611,  105.50667048, -111.94008389,  -67.07068744,    -29.68045249], [ 1534.37687223,  828.02470096,  -59.52771568,   70.41661552,    -25.82558113,   16.99727786,  -26.44820338,   32.72025234,    -33.73901547,    8.525418  ,  -31.62694545,  -17.29792503,      7.51952029], [  -46.70912753,  -59.52771568,  360.1173407 ,   73.99325965,     22.21060023,   50.32198276,  -22.68876229,   -6.40804294,     25.0257407 ,  -40.34329474,    1.12311941,   -7.84707536,     18.07269827], [   87.54839306,   70.41661552,   73.99325965,  200.69035256,     69.71051458,   23.30689713,  -66.25262359,   15.2925568 ,    -14.60913575,  -58.93574217,   -4.20626619,   -1.93278221,      9.19181764], [   18.66789379,  -25.82558113,   22.21060023,   69.71051458,    144.54945171,   25.70909932,  -37.17535999,    3.46264095,      3.59317169,  -38.86728925,   -1.02457113,   -8.48832304,     -8.18246686], [  -11.40782115,   16.99727786,   50.32198276,   23.30689713,     25.70909932,  125.57177713,   22.12735594,   16.18693421,     12.66604057,    4.2344961 ,    8.98354065,  -14.1766597 ,    -22.60887486], [  131.68844765,  -26.44820338,  -22.68876229,  -66.25262359,    -37.17535999,   22.12735594,  133.60768532,   20.32681763,     17.40948541,   36.87407338,    9.65852019,    6.01786408,     -0.37002814], [   40.87064895,   32.72025234,   -6.40804294,   15.2925568 ,      3.46264095,   16.18693421,   20.32681763,   77.71490224,     17.52148014,    4.47347984,    5.88780276,    5.67802395,     10.02779338], [   93.46988611,  -33.73901547,   25.0257407 ,  -14.60913575,      3.59317169,   12.66604057,   17.40948541,   17.52148014,     81.90091739,   42.79828614,    5.48602312,   -0.86324797,     -4.9825694 ], [  105.50667048,    8.525418  ,  -40.34329474,  -58.93574217,    -38.86728925,    4.2344961 ,   36.87407338,    4.47347984,     42.79828614,  129.42354548,   22.98694781,    2.42885844,     -5.6187747 ], [ -111.94008389,  -31.62694545,    1.12311941,   -4.20626619,     -1.02457113,    8.98354065,    9.65852019,    5.88780276,      5.48602312,   22.98694781,   70.37720668,   28.36187146,     -5.13562292], [  -67.07068744,  -17.29792503,   -7.84707536,   -1.93278221,     -8.48832304,  -14.1766597 ,    6.01786408,    5.67802395,     -0.86324797,    2.42885844,   28.36187146,   65.92082068,     31.18582666], [  -29.68045249,    7.51952029,   18.07269827,    9.19181764,     -8.18246686,  -22.60887486,   -0.37002814,   10.02779338,     -4.9825694 ,   -5.6187747 ,   -5.13562292,   31.18582666,     94.66799804]]
/root/sim/music/out/シャ乱Q/BEST_OF_HISTORY_[Disc_2]/13-Hands.mp3; [-560.19305  ,  87.3858   , -15.968483 ,  34.124348 ,  14.585949 ,    8.31296  ,   7.176378 ,   6.9166794,   5.16917  ,   7.4043646,   -1.8391539,   0.5008284,  -6.108863 ]; [[14183.44484659, 1249.80270863, -308.41262448,  359.6965423 ,    161.12071195,  142.27531988,  192.76716529,  166.19635701,    132.61473473,  160.65692338,  -73.5996448 ,  -23.81731823,   -147.67877498], [ 1249.80270863,  893.89577366,  -54.96593085,  139.63540126,     48.76124152,   59.93543859,   80.19823347,   39.80649771,    -23.00374465,   -8.45286397,  -55.28126556,   31.77928904,    -40.2773888 ], [ -308.41262448,  -54.96593085,  334.49147378,   29.81724725,     54.12099257,    1.61690038,  -15.81727077,    0.4674504 ,      3.2271171 ,  -46.21688693,    4.67192147,  -31.24983003,     32.70004608], [  359.6965423 ,  139.63540126,   29.81724725,  418.65486253,     84.01089402,   61.43028465,  -62.89481061,  -20.09136282,      3.55796788,  -92.70853569,   16.79008741,  -31.65146377,     51.14708431], [  161.12071195,   48.76124152,   54.12099257,   84.01089402,    178.92758447,   47.49789083,    6.26276167,   -4.63344516,     16.5586956 ,  -10.51350732,  -14.94633591,  -20.05281674,    -13.41026164], [  142.27531988,   59.93543859,    1.61690038,   61.43028465,     47.49789083,  124.07063082,   49.57908804,   22.91245412,     -2.57232466,   -8.22993052,    8.08977546,  -12.30332851,    -18.86044694], [  192.76716529,   80.19823347,  -15.81727077,  -62.89481061,      6.26276167,   49.57908804,  143.64375114,   50.86256384,     11.78699686,   24.16159826,   -9.96001757,   18.30112676,    -25.54788797], [  166.19635701,   39.80649771,    0.4674504 ,  -20.09136282,     -4.63344516,   22.91245412,   50.86256384,   80.88551868,     32.55672494,   28.00410894,  -15.24152158,   -3.05569325,    -16.21875826], [  132.61473473,  -23.00374465,    3.2271171 ,    3.55796788,     16.5586956 ,   -2.57232466,   11.78699686,   32.55672494,     84.01739882,   42.5006613 ,    1.32360882,  -12.61295508,    -14.24462283], [  160.65692338,   -8.45286397,  -46.21688693,  -92.70853569,    -10.51350732,   -8.22993052,   24.16159826,   28.00410894,     42.5006613 ,  116.8155952 ,   15.63106064,   17.45616184,    -35.3680877 ], [  -73.5996448 ,  -55.28126556,    4.67192147,   16.79008741,    -14.94633591,    8.08977546,   -9.96001757,  -15.24152158,      1.32360882,   15.63106064,   77.54573948,   22.4085961 ,     16.993289  ], [  -23.81731823,   31.77928904,  -31.24983003,  -31.65146377,    -20.05281674,  -12.30332851,   18.30112676,   -3.05569325,    -12.61295508,   17.45616184,   22.4085961 ,   69.7796978 ,     18.81475094], [ -147.67877498,  -40.2773888 ,   32.70004608,   51.14708431,    -13.41026164,  -18.86044694,  -25.54788797,  -16.21875826,    -14.24462283,  -35.3680877 ,   16.993289  ,   18.81475094,     82.69345334]]
/root/sim/music/out/シャ乱Q/BEST_OF_HISTORY_[Disc_2]/01-My_Babe_君が眠るまで.mp3; [-579.99274   , 116.58638   , -10.673256  ,  23.876818  ,  12.945078  ,    6.932487  ,   2.9368439 ,   6.0919833 ,   2.2489073 ,   7.615544  ,    1.1256399 ,  -0.02044008,  -1.3355016 ]; [[19534.9819555 ,  989.07277262, -593.01674091,   84.08565607,    -56.43345899,  -40.34959388,   11.27588494,  254.5141566 ,    107.70145604,  212.6935245 ,  -80.09359915, -178.7560262 ,   -150.35897484], [  989.07277262, 1282.36532642, -137.31016892,  190.7996571 ,     -0.32325913,   51.59008984,   51.47388425,   14.77551247,    -42.24316734,   20.01243051,   10.87979799,   39.28963517,     38.80313878], [ -593.01674091, -137.31016892,  583.61665798,  -28.62109394,     91.208514  ,   51.33113495,   30.94520143,    3.56498094,     -8.69361973,  -53.81057234,   14.03843089,   13.46643131,     39.66787777], [   84.08565607,  190.7996571 ,  -28.62109394,  326.80580221,    132.6011211 ,   37.04850321,   -5.10138673,  -28.84748291,     10.41652749,  -38.46958199,   -9.67892293,    7.90217637,      7.66094511], [  -56.43345899,   -0.32325913,   91.208514  ,  132.6011211 ,    230.27270073,   51.56783208,   -5.50963322,  -29.30608702,     17.89999112,  -26.0376376 ,    8.15808405,    6.96986158,    -11.26846737], [  -40.34959388,   51.59008984,   51.33113495,   37.04850321,     51.56783208,  133.00028341,   57.72410318,   22.05141321,     -9.19471265,   -9.7195445 ,   15.57417519,    6.01613315,      2.332687  ], [   11.27588494,   51.47388425,   30.94520143,   -5.10138673,     -5.50963322,   57.72410318,  150.00845759,   49.10430835,     10.64150678,   11.7131875 ,    6.46312686,    8.13815152,      7.78549613], [  254.5141566 ,   14.77551247,    3.56498094,  -28.84748291,    -29.30608702,   22.05141321,   49.10430835,  123.28596551,     41.66552623,   50.21508256,   -8.87062501,   -9.16551002,     -1.89407236], [  107.70145604,  -42.24316734,   -8.69361973,   10.41652749,     17.89999112,   -9.19471265,   10.64150678,   41.66552623,    106.68297365,   58.8363478 ,    6.30444669,   -3.10513464,    -19.45652681], [  212.6935245 ,   20.01243051,  -53.81057234,  -38.46958199,    -26.0376376 ,   -9.7195445 ,   11.7131875 ,   50.21508256,     58.8363478 ,  144.16862014,   23.55611755,    7.65074295,    -29.96683131], [  -80.09359915,   10.87979799,   14.03843089,   -9.67892293,      8.15808405,   15.57417519,    6.46312686,   -8.87062501,      6.30444669,   23.55611755,   81.75828803,   32.31521511,      4.52052375], [ -178.7560262 ,   39.28963517,   13.46643131,    7.90217637,      6.96986158,    6.01613315,    8.13815152,   -9.16551002,     -3.10513464,    7.65074295,   32.31521511,   74.66205406,     32.21093263], [ -150.35897484,   38.80313878,   39.66787777,    7.66094511,    -11.26846737,    2.332687  ,    7.78549613,   -1.89407236,    -19.45652681,  -29.96683131,    4.52052375,   32.21093263,     90.45863475]]
