/root/sim/music/out/スピッツ/ハチミツ/02_涙がキラリ☆.mp3; [-534.61884  , 130.47722  , -12.266155 ,  29.575397 ,   4.182646 ,   -3.4688535,   6.543235 ,   4.6768274,   1.7156134,  -1.0396197,   -1.3900311,  -1.0804857,  -2.0075855]; [[17807.31272387, -978.70090027,-1522.27167913, -138.80622772,   -398.21131448, -227.70556221,  -51.82630854,  144.70352537,     84.43794222,   99.89157845,   -2.70813277, -195.37457701,   -176.64012433], [ -978.70090027, 1832.08090131, -115.08892289,   66.48930713,     63.38137134, -148.55406043,  128.29437822,  -34.68365139,    -12.66213122,    4.47263471,   35.63957633,   15.00575837,     64.18098441], [-1522.27167913, -115.08892289,  937.14431429,   -2.88161804,    119.36629518,  147.70607735,  -32.51826316,   33.06407752,    -16.22652078,   -2.27293577,  -20.44369241,   51.87939506,     54.275251  ], [ -138.80622772,   66.48930713,   -2.88161804,  285.01327891,     87.71686553,   69.45468467,    4.26893535,   -6.06455646,     23.86979114,   -4.85722467,  -17.74490334,   13.88503998,      6.24827104], [ -398.21131448,   63.38137134,  119.36629518,   87.71686553,    211.01936116,   58.02481555,   40.86610271,   -4.47055175,     15.40749704,   17.53034334,   -2.35949193,   10.25674189,      6.64173691], [ -227.70556221, -148.55406043,  147.70607735,   69.45468467,     58.02481555,  242.17162495,   27.833146  ,   27.84506056,      8.87226103,  -10.4532409 ,    4.51257009,   33.44626918,    -29.73164033], [  -51.82630854,  128.29437822,  -32.51826316,    4.26893535,     40.86610271,   27.833146  ,  145.55292184,   34.4126419 ,     -4.29272877,   21.74708464,   33.63674788,   -0.23000908,     -8.94123076], [  144.70352537,  -34.68365139,   33.06407752,   -6.06455646,     -4.47055175,   27.84506056,   34.4126419 ,   96.53053985,     23.04505881,    7.44188835,   -3.37314664,    2.52264886,     -1.70058517], [   84.43794222,  -12.66213122,  -16.22652078,   23.86979114,     15.40749704,    8.87226103,   -4.29272877,   23.04505881,     82.71354968,   22.62609733,   -9.36902491,    1.13853737,     -2.43187565], [   99.89157845,    4.47263471,   -2.27293577,   -4.85722467,     17.53034334,  -10.4532409 ,   21.74708464,    7.44188835,     22.62609733,   83.56959304,   30.08524404,  -10.4570142 ,     -2.2202708 ], [   -2.70813277,   35.63957633,  -20.44369241,  -17.74490334,     -2.35949193,    4.51257009,   33.63674788,   -3.37314664,     -9.36902491,   30.08524404,   76.5827488 ,   15.24276106,    -10.50905764], [ -195.37457701,   15.00575837,   51.87939506,   13.88503998,     10.25674189,   33.44626918,   -0.23000908,    2.52264886,      1.13853737,  -10.4570142 ,   15.24276106,   66.68195482,     16.19531821], [ -176.64012433,   64.18098441,   54.275251  ,    6.24827104,      6.64173691,  -29.73164033,   -8.94123076,   -1.70058517,     -2.43187565,   -2.2202708 ,  -10.50905764,   16.19531821,     77.62839933]]
/root/sim/music/out/スピッツ/ハチミツ/04_ルナルナ.mp3; [-546.199     , 135.17496   ,  14.92782   ,  28.764015  ,  15.423665  ,   -3.1845586 ,   1.7989864 ,   7.719061  ,  -3.1286907 ,   0.09981515,   -5.177339  ,  -4.171161  ,  -2.304538  ]; [[19331.42773557, -714.95358885,-2191.23790589, -672.31136063,   -528.19058615, -577.04977347,   40.59438716,  131.96827853,    -10.13296761,    7.88958229, -150.27278138, -244.14167324,     -5.68065065], [ -714.95358885, 1398.0630052 ,   45.14945182,   97.97842056,    115.76636523,  -49.67226712,   -1.01592169,   17.40563608,    -88.33290821,   20.71085011,   18.177421  ,   12.40985735,     -2.08226337], [-2191.23790589,   45.14945182,  935.68838673,  129.7031851 ,     87.6972669 ,  207.66132458,  -63.51101567,  -35.32615343,     34.48837798,  -55.0471613 ,  -11.06991486,   56.20265326,    -27.33148307], [ -672.31136063,   97.97842056,  129.7031851 ,  302.54648788,    106.1557525 ,   -7.54948517,  -23.5181354 ,   -8.43239287,     17.86957601,    4.2084886 ,  -27.50097306,   33.27033495,     33.11178725], [ -528.19058615,  115.76636523,   87.6972669 ,  106.1557525 ,    198.18612759,   -8.20983372,  -23.41684755,   -5.63174211,     -2.38103163,    8.14227898,   -2.92965147,   14.86399712,     18.27946553], [ -577.04977347,  -49.67226712,  207.66132458,   -7.54948517,     -8.20983372,  241.40642557,  -10.40147668,  -25.70060803,     16.85324407,  -24.60139158,    1.72453331,   32.76343073,    -48.84107386], [   40.59438716,   -1.01592169,  -63.51101567,  -23.5181354 ,    -23.41684755,  -10.40147668,  113.98415092,   33.60504592,    -13.40158921,   23.66505832,   27.96506011,  -13.16578549,      6.41287441], [  131.96827853,   17.40563608,  -35.32615343,   -8.43239287,     -5.63174211,  -25.70060803,   33.60504592,   89.40880961,     13.53419391,    2.55766979,   -0.74146092,  -10.70609566,      6.51617273], [  -10.13296761,  -88.33290821,   34.48837798,   17.86957601,     -2.38103163,   16.85324407,  -13.40158921,   13.53419391,     90.74784418,   21.3508323 ,  -12.42491929,    2.59685965,     -1.96513113], [    7.88958229,   20.71085011,  -55.0471613 ,    4.2084886 ,      8.14227898,  -24.60139158,   23.66505832,    2.55766979,     21.3508323 ,   82.38258419,   31.02579742,  -18.69733151,      0.23190118], [ -150.27278138,   18.177421  ,  -11.06991486,  -27.50097306,     -2.92965147,    1.72453331,   27.96506011,   -0.74146092,    -12.42491929,   31.02579742,   72.43575596,    1.67818156,     -7.1766495 ], [ -244.14167324,   12.40985735,   56.20265326,   33.27033495,     14.86399712,   32.76343073,  -13.16578549,  -10.70609566,      2.59685965,  -18.69733151,    1.67818156,   62.93297171,     10.49585238], [   -5.68065065,   -2.08226337,  -27.33148307,   33.11178725,     18.27946553,  -48.84107386,    6.41287441,    6.51617273,     -1.96513113,    0.23190118,   -7.1766495 ,   10.49585238,     72.03100459]]
/root/sim/music/out/スピッツ/ハチミツ/10_グラスホッパー.mp3; [-498.4549   , 115.011185 ,  -5.4723597,  29.24338  ,   7.4160566,    1.7631525,   4.052554 ,   8.256047 ,   1.9837749,   5.995058 ,    1.3969449,   2.2406247,   1.6082102]; [[19259.37631875, -300.9676704 , -774.71707228,  -35.01115809,   -486.59881542, -300.75167429,   88.21066196,  432.70085487,    223.4350248 ,  216.78645089,    1.21796631,  -14.88397542,     56.14272414], [ -300.9676704 , 1241.55550634, -346.10237133,  100.15528942,    128.89566319,   -8.30560145,   -4.96787755,  -83.46701897,    -51.60440478,   -8.68687911,   49.13825054,   -3.31716611,    -26.50395115], [ -774.71707228, -346.10237133,  597.96858007,  -35.28685002,     44.01140799,   75.31387048,  -20.54336621,  -36.96718834,     -8.66412287,  -28.69703761,  -34.43196044,   22.40384984,      9.90267478], [  -35.01115809,  100.15528942,  -35.28685002,  255.16820636,     15.13225912,   25.56041289,  -12.46764504,   -0.36762902,    -11.64081888,   -2.46769078,  -16.46249658,   13.95211679,     16.88089158], [ -486.59881542,  128.89566319,   44.01140799,   15.13225912,    173.22199075,   -3.29566114,   15.26930182,  -43.11364776,     -5.78316017,   -5.95194627,    8.26212234,   -8.11369591,    -10.02721042], [ -300.75167429,   -8.30560145,   75.31387048,   25.56041289,     -3.29566114,  148.32030679,    1.91160333,    1.33568898,     -9.62284954,   -7.72442492,   -5.84966302,   16.06430477,     -6.49426345], [   88.21066196,   -4.96787755,  -20.54336621,  -12.46764504,     15.26930182,    1.91160333,   92.78923709,   25.22545754,     15.70860524,   -3.26700404,    1.64837453,   -8.02963891,     -5.49168268], [  432.70085487,  -83.46701897,  -36.96718834,   -0.36762902,    -43.11364776,    1.33568898,   25.22545754,   98.71114891,     27.01787757,   15.90477583,   -8.94845626,   -4.93884395,      3.21689235], [  223.4350248 ,  -51.60440478,   -8.66412287,  -11.64081888,     -5.78316017,   -9.62284954,   15.70860524,   27.01787757,     78.51779984,   18.69594597,   -5.31125145,   -6.52081587,      0.376527  ], [  216.78645089,   -8.68687911,  -28.69703761,   -2.46769078,     -5.95194627,   -7.72442492,   -3.26700404,   15.90477583,     18.69594597,   63.93379252,   22.24534704,   -1.69369464,     -6.87695186], [    1.21796631,   49.13825054,  -34.43196044,  -16.46249658,      8.26212234,   -5.84966302,    1.64837453,   -8.94845626,     -5.31125145,   22.24534704,   61.13291785,   10.45200286,     -9.86736811], [  -14.88397542,   -3.31716611,   22.40384984,   13.95211679,     -8.11369591,   16.06430477,   -8.02963891,   -4.93884395,     -6.52081587,   -1.69369464,   10.45200286,   55.07602235,     22.22387857], [   56.14272414,  -26.50395115,    9.90267478,   16.88089158,    -10.02721042,   -6.49426345,   -5.49168268,    3.21689235,      0.376527  ,   -6.87695186,   -9.86736811,   22.22387857,     55.80408987]]
/root/sim/music/out/スピッツ/ハチミツ/09_Y.mp3; [-617.7838    , 180.03758   , -19.020527  ,  17.58074   ,   1.1420325 ,  -20.475119  ,  -0.96241724,  -0.681559  ,  -7.6870136 ,   3.3402205 ,   -4.3166385 ,  -1.3978375 ,   0.41227293]; [[21202.16543396,-1331.93637859,   96.54592397,  256.9481535 ,    658.07809706,   98.25494458,  284.51893554,  631.08105185,    210.44453726,  608.85308336,  207.95609863,  260.35095733,    517.30276464], [-1331.93637859, 2571.51785385, -689.65932423,  225.86444611,   -285.1526907 , -164.62368213,    3.74264052, -148.64393131,    -19.74374658,  -73.86109702,  -23.89548349,    9.99430246,    -64.45275589], [   96.54592397, -689.65932423,  738.77962589,  -50.46804817,    161.68884357,  101.21943578,  -20.87142084,   59.05473044,     40.9697885 ,   -1.69995204,    5.3027059 ,   34.39797647,     40.73881448], [  256.9481535 ,  225.86444611,  -50.46804817,  426.34925766,     -0.32430716,  -43.39342611,  -19.52189673,    8.36483295,     44.09012215,   -7.08510565,  -22.22519268,   43.95584054,     35.83623107], [  658.07809706, -285.1526907 ,  161.68884357,   -0.32430716,    267.58249577,  -30.77670679,   10.36631475,   70.37578505,     34.21379828,   59.43927845,   -4.8605437 ,    5.22876065,     55.06695644], [   98.25494458, -164.62368213,  101.21943578,  -43.39342611,    -30.77670679,  468.51960232,   41.81722812,   63.82978748,     73.56032752,   17.64223555,  145.06791673,   73.99677732,     25.95518625], [  284.51893554,    3.74264052,  -20.87142084,  -19.52189673,     10.36631475,   41.81722812,  164.92465198,   60.83350606,    -10.19350918,   38.81535991,   34.04350263,   14.74336352,     20.22277604], [  631.08105185, -148.64393131,   59.05473044,    8.36483295,     70.37578505,   63.82978748,   60.83350606,  200.86111423,     48.80938766,   31.2296825 ,   53.93618515,    8.83328153,     57.41574982], [  210.44453726,  -19.74374658,   40.9697885 ,   44.09012215,     34.21379828,   73.56032752,  -10.19350918,   48.80938766,    159.36618495,   42.21109428,   24.71174227,   38.12463544,     37.0126042 ], [  608.85308336,  -73.86109702,   -1.69995204,   -7.08510565,     59.43927845,   17.64223555,   38.81535991,   31.2296825 ,     42.21109428,  143.61625372,   28.68600722,   11.24084999,     42.51353711], [  207.95609863,  -23.89548349,    5.3027059 ,  -22.22519268,     -4.8605437 ,  145.06791673,   34.04350263,   53.93618515,     24.71174227,   28.68600722,  148.82522923,   46.81155475,     21.69870737], [  260.35095733,    9.99430246,   34.39797647,   43.95584054,      5.22876065,   73.99677732,   14.74336352,    8.83328153,     38.12463544,   11.24084999,   46.81155475,  122.92981762,     49.05430242], [  517.30276464,  -64.45275589,   40.73881448,   35.83623107,     55.06695644,   25.95518625,   20.22277604,   57.41574982,     37.0126042 ,   42.51353711,   21.69870737,   49.05430242,    142.11676518]]
/root/sim/music/out/スピッツ/ハチミツ/08_ロビンソン.mp3; [-540.4426    , 130.70004   ,   9.984539  ,  19.169825  ,   5.7624154 ,  -12.586858  ,   1.9217542 ,   4.4527802 ,  -2.7412853 ,   3.755606  ,    0.3906894 ,   0.77758765,  -1.4050472 ]; [[15522.43342683, -458.70723551, -970.64990747,  150.83789317,    376.60103621,  196.7112788 ,  456.95810858,  515.49696633,    221.66625793,  203.49345835,  113.23641818,  -34.3782869 ,    -43.53899029], [ -458.70723551,  970.15699106, -181.18509272,  -43.8374698 ,    -87.64660558, -166.95281956,  -22.49327564,  -47.19174717,    -61.43565826,    8.05416972,   -0.85080072,  -17.9295084 ,    -18.00377924], [ -970.64990747, -181.18509272,  621.95607503,   82.80140866,     -9.01989175,  114.104521  ,  -72.29198897,  -61.38756757,      7.13021339,  -30.32684003,  -31.31906628,   50.7831637 ,      2.97998392], [  150.83789317,  -43.8374698 ,   82.80140866,  284.21326809,    110.0125973 ,   47.20883932,   -3.3205333 ,   15.37723125,     37.27234984,   16.85837909,  -24.8691021 ,   23.33424859,     30.98049137], [  376.60103621,  -87.64660558,   -9.01989175,  110.0125973 ,    234.404018  ,   26.91560399,   13.12315666,   10.72619173,     43.8776175 ,   32.68063488,   -4.74144384,   10.89653472,     15.73313453], [  196.7112788 , -166.95281956,  114.104521  ,   47.20883932,     26.91560399,  214.6602681 ,   37.79326222,    9.00399455,     24.14363757,    9.47937289,    3.66604063,   13.18559573,    -19.87188454], [  456.95810858,  -22.49327564,  -72.29198897,   -3.3205333 ,     13.12315666,   37.79326222,  154.206946  ,   67.89567499,     -3.10776808,   28.932383  ,   25.00012841,   -6.72470274,     -1.8384498 ], [  515.49696633,  -47.19174717,  -61.38756757,   15.37723125,     10.72619173,    9.00399455,   67.89567499,  131.07469823,     31.2181192 ,   -4.7628044 ,    8.75039666,   -3.43513045,      4.58914009], [  221.66625793,  -61.43565826,    7.13021339,   37.27234984,     43.8776175 ,   24.14363757,   -3.10776808,   31.2181192 ,    100.2968466 ,   29.43012399,  -17.08647876,    3.28603816,      9.91232834], [  203.49345835,    8.05416972,  -30.32684003,   16.85837909,     32.68063488,    9.47937289,   28.932383  ,   -4.7628044 ,     29.43012399,  108.77767653,   23.5986491 ,  -15.72348557,     -5.95774349], [  113.23641818,   -0.85080072,  -31.31906628,  -24.8691021 ,     -4.74144384,    3.66604063,   25.00012841,    8.75039666,    -17.08647876,   23.5986491 ,   90.42882978,   16.52450521,    -17.07132508], [  -34.3782869 ,  -17.9295084 ,   50.7831637 ,   23.33424859,     10.89653472,   13.18559573,   -6.72470274,   -3.43513045,      3.28603816,  -15.72348557,   16.52450521,   88.45430913,     24.07096984], [  -43.53899029,  -18.00377924,    2.97998392,   30.98049137,     15.73313453,  -19.87188454,   -1.8384498 ,    4.58914009,      9.91232834,   -5.95774349,  -17.07132508,   24.07096984,     80.0550758 ]]
/root/sim/music/out/Aimer/BEST_SELECTION__blanc_/08_カタオモイ.mp3; [-608.9901   , 128.0454   , -16.450436 ,  24.287395 ,  -1.2992487,  -12.866047 ,   0.5910431, -14.598114 ,  -5.630623 , -14.261928 ,  -10.895924 , -12.621756 , -10.812965 ]; [[17416.18784024, 1559.58786174, -191.6191787 ,  430.71759841,     24.16872362, -113.88510604,   14.35862028,  217.68492703,    150.91444101,  110.49673512,  146.71261644,   13.55250545,    102.00109199], [ 1559.58786174, 2531.17517321, -498.03701963,  310.57320068,     18.08863889,   25.98485878,  318.91307229,   43.68716967,     -7.68810856,  -50.69286992,   27.86696114,  -41.02068592,    -70.61927063], [ -191.6191787 , -498.03701963, 1162.38560388,  208.59048254,    308.25786041,   37.72837694,  -78.09814138,   81.42485892,    -41.06194238,   76.29533429,   -5.13849873,   20.23131336,     -1.85309504], [  430.71759841,  310.57320068,  208.59048254,  845.90504238,    364.64323772,  -88.35503142,   16.24172245,  107.86614736,     -9.11710685,   39.17475498,    5.13865902,    7.90048467,     10.24113786], [   24.16872362,   18.08863889,  308.25786041,  364.64323772,    461.05306941,  -34.27357745,    0.57368903,   42.63025493,      3.64627005,  103.18449527,    7.28276921,   31.94586419,     19.63982431], [ -113.88510604,   25.98485878,   37.72837694,  -88.35503142,    -34.27357745,  443.57368809,   55.54640124,  124.138489  ,     -7.68389357,   93.92875928,   75.28441922,  -12.97695133,     11.70858017], [   14.35862028,  318.91307229,  -78.09814138,   16.24172245,      0.57368903,   55.54640124,  262.45374544,   36.67579065,     11.39560496,   13.90831859,   22.0663457 ,    8.63345222,    -15.23784804], [  217.68492703,   43.68716967,   81.42485892,  107.86614736,     42.63025493,  124.138489  ,   36.67579065,  291.66830327,     30.48955943,   81.299596  ,   84.28370602,   61.63197064,     79.17181241], [  150.91444101,   -7.68810856,  -41.06194238,   -9.11710685,      3.64627005,   -7.68389357,   11.39560496,   30.48955943,    175.44577719,   10.90647606,   38.90348988,   35.57044595,     19.49751438], [  110.49673512,  -50.69286992,   76.29533429,   39.17475498,    103.18449527,   93.92875928,   13.90831859,   81.299596  ,     10.90647606,  235.91837954,   69.16306039,   42.98111728,     75.77299085], [  146.71261644,   27.86696114,   -5.13849873,    5.13865902,      7.28276921,   75.28441922,   22.0663457 ,   84.28370602,     38.90348988,   69.16306039,  152.10686108,   53.96974816,     57.62380119], [   13.55250545,  -41.02068592,   20.23131336,    7.90048467,     31.94586419,  -12.97695133,    8.63345222,   61.63197064,     35.57044595,   42.98111728,   53.96974816,  144.85610886,     48.91380773], [  102.00109199,  -70.61927063,   -1.85309504,   10.24113786,     19.63982431,   11.70858017,  -15.23784804,   79.17181241,     19.49751438,   75.77299085,   57.62380119,   48.91380773,    160.59244238]]
/root/sim/music/out/Aimer/BEST_SELECTION__blanc_/01_六等星の夜.mp3; [-591.79236  , 128.82463  ,   3.3599968,  18.4477   ,   4.1472707,    3.4982357,   4.334667 ,  -1.548443 ,   4.3696113,  -4.786559 ,   -0.6357899,  -2.3885183,  -0.8070791]; [[19085.75464971, -988.79838676,  348.58389437, -160.22255514,    663.75108412,  835.28707632, 1035.39181876,  755.73090251,    510.38468874,  522.32558457,  265.54918149,  202.84154914,    248.10296903], [ -988.79838676, 1778.09826824, -308.49059537,  112.38989337,    -82.05586255,  -16.81915503,  -36.38523357,  -30.67436134,    -43.35603552,  -81.25884348,   12.58591778,  -11.67009002,    -21.76374046], [  348.58389437, -308.49059537, 1128.20872848,  276.26414138,    208.00913169,  150.93802887,  -15.8465857 ,   46.6160215 ,     30.91488513,   21.05214356,   68.74049878,   67.44550904,      7.79303864], [ -160.22255514,  112.38989337,  276.26414138,  484.45848004,    232.29608148,   10.89854534,  -34.60630617,   51.0270422 ,     -8.18734085,   47.67234532,    0.08385435,   58.66711511,     42.9602577 ], [  663.75108412,  -82.05586255,  208.00913169,  232.29608148,    517.89599616,  106.94545987,  116.95332017,  162.85695599,     14.57545187,  166.58180289,   -9.6058569 ,   72.47454422,     79.0589739 ], [  835.28707632,  -16.81915503,  150.93802887,   10.89854534,    106.94545987,  392.68319501,  183.16660068,  134.94733067,      5.64872208,   99.93341363,   46.12015932,  -19.0035455 ,     12.64614107], [ 1035.39181876,  -36.38523357,  -15.8465857 ,  -34.60630617,    116.95332017,  183.16660068,  299.91721207,  151.88811375,     42.41045761,   94.40511164,   20.3069633 ,   12.85250213,     49.25104769], [  755.73090251,  -30.67436134,   46.6160215 ,   51.0270422 ,    162.85695599,  134.94733067,  151.88811375,  274.26827239,     43.0846388 ,  111.10586818,   -4.88570311,   36.88788566,     59.74801287], [  510.38468874,  -43.35603552,   30.91488513,   -8.18734085,     14.57545187,    5.64872208,   42.41045761,   43.0846388 ,    148.98080851,   16.74537265,   30.5781424 ,    0.78311331,     -4.66324592], [  522.32558457,  -81.25884348,   21.05214356,   47.67234532,    166.58180289,   99.93341363,   94.40511164,  111.10586818,     16.74537265,  214.51946178,   15.76835793,   27.77375074,     39.81610274], [  265.54918149,   12.58591778,   68.74049878,    0.08385435,     -9.6058569 ,   46.12015932,   20.3069633 ,   -4.88570311,     30.5781424 ,   15.76835793,  134.38799689,   44.8090409 ,     10.29401686], [  202.84154914,  -11.67009002,   67.44550904,   58.66711511,     72.47454422,  -19.0035455 ,   12.85250213,   36.88788566,      0.78311331,   27.77375074,   44.8090409 ,  152.49820345,     65.09289575], [  248.10296903,  -21.76374046,    7.79303864,   42.9602577 ,     79.0589739 ,   12.64614107,   49.25104769,   59.74801287,     -4.66324592,   39.81610274,   10.29401686,   65.09289575,    130.96412416]]
/root/sim/music/out/Aimer/BEST_SELECTION__blanc_/14_歌鳥風月.mp3; [-689.30176   , 156.21875   ,  -9.163382  ,   8.306764  , -17.49365   ,  -13.150457  ,  -0.30992168, -12.477569  ,   3.0652924 ,  -8.630425  ,   -4.7642417 ,   4.4539967 ,  -7.835561  ]; [[25350.03530685,  558.31683357,-1611.94040996, 1516.65048735,    797.81537443,  134.48969477,  671.30320621,  843.5736979 ,    561.55900674,  554.22627289,  477.48429961,  794.83031122,    324.59883595], [  558.31683357, 2451.24464984, -122.82905467, -207.30936667,    -49.88706586,  127.56487584,  133.85368183,  -25.46013058,     26.67846218,   12.71371813,  -30.44031861,    6.66700291,    -63.52867876], [-1611.94040996, -122.82905467, 1153.74677382,  -18.24866503,    106.89831059,   31.25863446,  -29.15522563,   38.11102207,    -26.54132695,   16.65150804,  -10.68876663,  -19.62098424,     41.9760508 ], [ 1516.65048735, -207.30936667,  -18.24866503,  643.11629493,    283.93873178,  -22.97079242,   61.98682961,  228.24167761,     89.39028672,   95.81120942,   97.86805728,  138.32237415,    144.28450851], [  797.81537443,  -49.88706586,  106.89831059,  283.93873178,    528.509697  ,    6.72571369,   95.76511514,  169.39671711,     58.58650677,  182.45341978,   54.92178352,  106.54492234,    105.40658126], [  134.48969477,  127.56487584,   31.25863446,  -22.97079242,      6.72571369,  439.81445873,   96.85502596,  112.56299822,      9.81914475,  137.65404012,   85.04130226,  -22.5424969 ,     41.29069167], [  671.30320621,  133.85368183,  -29.15522563,   61.98682961,     95.76511514,   96.85502596,  289.69490322,   84.21689377,     10.43357529,  110.1621974 ,   31.60061515,   46.82386589,     50.99216833], [  843.5736979 ,  -25.46013058,   38.11102207,  228.24167761,    169.39671711,  112.56299822,   84.21689377,  355.31041581,     59.85807799,  142.98812781,  113.98035781,   91.04699179,    119.05569622], [  561.55900674,   26.67846218,  -26.54132695,   89.39028672,     58.58650677,    9.81914475,   10.43357529,   59.85807799,    183.23967237,    5.66791617,   31.30413044,   45.74027769,      1.94811919], [  554.22627289,   12.71371813,   16.65150804,   95.81120942,    182.45341978,  137.65404012,  110.1621974 ,  142.98812781,      5.66791617,  332.15261893,   83.4062144 ,   29.68364913,    120.2464407 ], [  477.48429961,  -30.44031861,  -10.68876663,   97.86805728,     54.92178352,   85.04130226,   31.60061515,  113.98035781,     31.30413044,   83.4062144 ,  162.15449681,   52.81875058,     61.32020498], [  794.83031122,    6.66700291,  -19.62098424,  138.32237415,    106.54492234,  -22.5424969 ,   46.82386589,   91.04699179,     45.74027769,   29.68364913,   52.81875058,  198.92674101,     49.05577043], [  324.59883595,  -63.52867876,   41.9760508 ,  144.28450851,    105.40658126,   41.29069167,   50.99216833,  119.05569622,      1.94811919,  120.2464407 ,   61.32020498,   49.05577043,    191.99541855]]
/root/sim/music/out/Aimer/BEST_SELECTION__blanc_/12_everlasting_snow.mp3; [-585.7529    , 147.7767    ,  -5.1027174 ,   9.917943  ,  10.788997  ,    1.8291378 ,   6.438286  ,   2.4718916 ,   7.643095  ,  -0.07767611,    0.3019695 ,   1.0303413 ,  -0.587699  ]; [[14025.75937433, -317.05675537,   73.17233763,   77.1191896 ,    259.99844328,  217.37894669,  218.29935139,  247.74406449,    127.9656858 ,   61.05344272,   27.72491314,  -56.48022559,     24.56660857], [ -317.05675537, 1967.75611423, -565.99462686,   -9.40950407,     14.67607075,   29.25422581,   89.10923124,  -58.36430017,     44.10372381,  -43.4456194 ,   -0.84618308,   53.09055506,    -54.39615628], [   73.17233763, -565.99462686,  711.77751833,   98.74024013,    129.95968469,   73.27032982,   21.52079382,   30.38929218,     10.96220823,   44.38426291,   48.82471414,   -1.83231649,     21.42089641], [   77.1191896 ,   -9.40950407,   98.74024013,  327.05916001,    123.34463418,   29.77169994,   18.42634372,   74.17987989,     45.78637097,   39.60640521,   46.2648398 ,   50.56038098,     52.3778155 ], [  259.99844328,   14.67607075,  129.95968469,  123.34463418,    241.64943754,   15.56683565,   37.50432634,   17.22638847,     31.73631242,   31.34501975,   26.41397112,   36.47981839,     26.37836826], [  217.37894669,   29.25422581,   73.27032982,   29.77169994,     15.56683565,  236.30184121,   70.56654847,   68.62577822,      6.05661535,   35.69077233,   37.74874985,   -1.90802829,     25.19822491], [  218.29935139,   89.10923124,   21.52079382,   18.42634372,     37.50432634,   70.56654847,  152.86117152,   29.47465708,     27.64656849,   12.25959433,   11.58797441,    7.18264456,      5.89817412], [  247.74406449,  -58.36430017,   30.38929218,   74.17987989,     17.22638847,   68.62577822,   29.47465708,  205.11872946,     37.31856286,   48.78436635,   35.35679964,    2.05084942,     55.14014924], [  127.9656858 ,   44.10372381,   10.96220823,   45.78637097,     31.73631242,    6.05661535,   27.64656849,   37.31856286,    119.17966153,   19.46372464,   21.72565362,   12.57234968,    -10.26493853], [   61.05344272,  -43.4456194 ,   44.38426291,   39.60640521,     31.34501975,   35.69077233,   12.25959433,   48.78436635,     19.46372464,  129.25184977,   38.13134729,   -1.25998309,     31.80706883], [   27.72491314,   -0.84618308,   48.82471414,   46.2648398 ,     26.41397112,   37.74874985,   11.58797441,   35.35679964,     21.72565362,   38.13134729,   91.56543921,   26.21239379,     25.69666732], [  -56.48022559,   53.09055506,   -1.83231649,   50.56038098,     36.47981839,   -1.90802829,    7.18264456,    2.05084942,     12.57234968,   -1.25998309,   26.21239379,  106.31220024,     22.57155594], [   24.56660857,  -54.39615628,   21.42089641,   52.3778155 ,     26.37836826,   25.19822491,    5.89817412,   55.14014924,    -10.26493853,   31.80706883,   25.69666732,   22.57155594,    114.31528751]]
/root/sim/music/out/Aimer/BEST_SELECTION__blanc_/02_蝶々結び.mp3; [-638.3028    , 153.7773    ,  -2.8591423 ,  26.393469  ,   0.68916476,    2.1658874 ,  -2.0928924 ,  -6.708676  ,   1.8588262 ,  -0.6540449 ,   -5.3204465 ,  -0.9388646 ,  -6.8696723 ]; [[28824.22845645,-1953.56455792, -522.02922127, 1427.95265533,    442.00811124,  343.69392994,   -6.53517087,  500.57140994,    322.83043914,  157.11598919,  -79.1038601 ,   67.67914744,     59.1585849 ], [-1953.56455792, 2579.41987751, -333.38287018, -136.06914894,     62.94641417,  -80.0630814 ,   73.30945564, -142.88903704,    -24.72720767,  -54.81072422,  -25.9215938 ,   11.23167627,    -56.49310426], [ -522.02922127, -333.38287018,  868.81353351,   96.59729786,     68.97431108,  169.08036857,   16.97685901,   56.33542831,    -26.15885556,   -3.12248234,   44.17652027,  -14.06311871,      1.85902671], [ 1427.95265533, -136.06914894,   96.59729786,  510.90534789,    144.66276578,   69.87236354,   51.22016143,   57.45802759,     38.23215918,   -3.12467822,    6.78656433,   14.27574461,      3.40495236], [  442.00811124,   62.94641417,   68.97431108,  144.66276578,    304.12306716,   17.92837968,    0.28398128,   46.46415998,     13.38178166,   38.53948291,   22.66480166,   24.07182451,     38.35922456], [  343.69392994,  -80.0630814 ,  169.08036857,   69.87236354,     17.92837968,  274.57820756,   49.66142853,   63.96079171,     12.11358949,   24.28058274,   40.64983539,  -23.40459399,     15.15458542], [   -6.53517087,   73.30945564,   16.97685901,   51.22016143,      0.28398128,   49.66142853,  181.31818596,   25.91262996,     19.14793776,    7.34400568,   -0.00320365,    7.77510057,      1.79445361], [  500.57140994, -142.88903704,   56.33542831,   57.45802759,     46.46415998,   63.96079171,   25.91262996,  201.2405034 ,     23.83280756,   32.92137518,   34.47389238,   -3.86462593,     44.26869212], [  322.83043914,  -24.72720767,  -26.15885556,   38.23215918,     13.38178166,   12.11358949,   19.14793776,   23.83280756,    123.27902152,   22.08961339,    5.95273474,   15.96545589,    -23.40301586], [  157.11598919,  -54.81072422,   -3.12248234,   -3.12467822,     38.53948291,   24.28058274,    7.34400568,   32.92137518,     22.08961339,  145.09720398,   52.16073428,  -15.84013735,     22.46158214], [  -79.1038601 ,  -25.9215938 ,   44.17652027,    6.78656433,     22.66480166,   40.64983539,   -0.00320365,   34.47389238,      5.95273474,   52.16073428,  127.3663667 ,   23.01028638,     12.20687118], [   67.67914744,   11.23167627,  -14.06311871,   14.27574461,     24.07182451,  -23.40459399,    7.77510057,   -3.86462593,     15.96545589,  -15.84013735,   23.01028638,  121.44096232,     16.98935004], [   59.1585849 ,  -56.49310426,    1.85902671,    3.40495236,     38.35922456,   15.15458542,    1.79445361,   44.26869212,    -23.40301586,   22.46158214,   12.20687118,   16.98935004,    137.16762396]]
/root/sim/music/out/Aimer/BEST_SELECTION__blanc_/03_あなたに出会わなければ_～夏雪冬花～.mp3; [-560.39923   , 135.49089   ,  -5.7569885 ,  26.743748  ,   1.8532326 ,    2.3755176 ,   2.4968407 ,  -0.35477114,   6.037998  ,  -0.5906149 ,   -3.504517  ,  -2.3171167 ,   0.6308898 ]; [[20380.03308481,-1436.98867128,-1011.00768398,  278.57539122,    357.21805119,  145.88736324,   37.71869729,  297.00030679,    -25.47887886,   13.62646707, -220.71056828,  -41.36981166,    -86.9634321 ], [-1436.98867128, 1576.97712365,    6.4323463 ,    9.26694045,   -150.3595561 ,   23.16318823,   54.15880966,  -77.89293498,     56.76755827,  -15.79764529,   38.89542322,  -26.57422762,    -25.44120367], [-1011.00768398,    6.4323463 ,  724.18685908,  143.78373925,     90.56965709,   13.2670456 ,  -33.3357002 ,  -18.05346508,      5.85841133,  -50.12545654,   43.30161711,    2.52927947,    -19.20288361], [  278.57539122,    9.26694045,  143.78373925,  348.69851724,    122.30178999,   30.78156535,  -13.44123146,   34.75581224,     -4.29627776,  -14.69351063,   11.44041493,   16.58623594,      6.67949827], [  357.21805119, -150.3595561 ,   90.56965709,  122.30178999,    267.45620866,   -7.56553707,  -28.06439073,   56.60791471,    -20.80696705,   30.53181243,   -5.09507644,   34.88198102,     23.35080389], [  145.88736324,   23.16318823,   13.2670456 ,   30.78156535,     -7.56553707,  212.06495656,   56.9072766 ,   10.60461076,    -23.98035563,    3.49790713,   12.12150026,  -32.00761209,    -24.11777504], [   37.71869729,   54.15880966,  -33.3357002 ,  -13.44123146,    -28.06439073,   56.9072766 ,  140.79767129,   -0.44595321,      6.09146592,   -6.45868202,    2.58732575,   -9.94139005,     -2.79364208], [  297.00030679,  -77.89293498,  -18.05346508,   34.75581224,     56.60791471,   10.60461076,   -0.44595321,  166.94072078,     12.05624891,   31.61690962,  -14.14043616,   14.45497614,     20.64980843], [  -25.47887886,   56.76755827,    5.85841133,   -4.29627776,    -20.80696705,  -23.98035563,    6.09146592,   12.05624891,    120.9528883 ,    7.87703587,   15.80795285,   -7.75455346,     -3.63531532], [   13.62646707,  -15.79764529,  -50.12545654,  -14.69351063,     30.53181243,    3.49790713,   -6.45868202,   31.61690962,      7.87703587,  126.92179313,   13.25537798,   11.64610868,      9.79188692], [ -220.71056828,   38.89542322,   43.30161711,   11.44041493,     -5.09507644,   12.12150026,    2.58732575,  -14.14043616,     15.80795285,   13.25537798,   95.12141126,   26.90695825,     -1.85063379], [  -41.36981166,  -26.57422762,    2.52927947,   16.58623594,     34.88198102,  -32.00761209,   -9.94139005,   14.45497614,     -7.75455346,   11.64610868,   26.90695825,   98.04945071,     39.05054452], [  -86.9634321 ,  -25.44120367,  -19.20288361,    6.67949827,     23.35080389,  -24.11777504,   -2.79364208,   20.64980843,     -3.63531532,    9.79188692,   -1.85063379,   39.05054452,     95.82841643]]
/root/sim/music/out/Aimer/BEST_SELECTION__blanc_/07_broKen_NIGHT.mp3; [-561.2142   , 130.2633   ,  -1.4024478,  13.510916 ,  -0.9761911,    1.2110488,   2.5899184,  -3.1386187,  -3.1093428,  -1.4907075,   -2.972025 ,  -5.271797 ,  -3.955329 ]; [[18111.63916689, 1046.99422064,  718.40352677,  133.50648225,   -254.8227282 , -253.88151203,  -41.57432124,  214.59063383,    -20.32614194, -108.65099888,  -63.4117465 ,  244.66147472,    -72.55294179], [ 1046.99422064, 1399.97783981, -270.32287786,  225.72745708,    -86.31064107,  -53.70120027,   62.28969428,   14.20569704,     39.3769418 ,  -60.02940313,   -5.03778105,   48.78305785,     -5.15416168], [  718.40352677, -270.32287786,  765.39209207,   92.55767921,    119.28488701,  -41.49663929,  -28.32573786,   57.57915968,     -5.22548439,  -26.8330134 ,    2.04232738,   77.9783003 ,     19.90812884], [  133.50648225,  225.72745708,   92.55767921,  349.9934541 ,     73.73532825,    2.13438934,    4.09131122,   52.64277545,      4.43681123,  -17.49246099,    9.50076489,   55.95918399,     33.33857085], [ -254.8227282 ,  -86.31064107,  119.28488701,   73.73532825,    230.7160047 ,   57.27786357,   26.32552035,    6.46823196,    -18.33317537,   24.22662817,    8.18558099,   22.61831517,     31.40514408], [ -253.88151203,  -53.70120027,  -41.49663929,    2.13438934,     57.27786357,  251.00374521,   92.63048291,   43.92569051,    -21.93672795,   77.71370222,   41.19728063,  -27.60848507,      7.15170863], [  -41.57432124,   62.28969428,  -28.32573786,    4.09131122,     26.32552035,   92.63048291,  160.01277996,   53.54195534,      8.93673661,   32.66034807,   23.98915514,   -8.17995048,     12.34343944], [  214.59063383,   14.20569704,   57.57915968,   52.64277545,      6.46823196,   43.92569051,   53.54195534,  148.48226204,     28.92699045,   22.38563152,   -0.30636819,   14.13524686,     21.48828574], [  -20.32614194,   39.3769418 ,   -5.22548439,    4.43681123,    -18.33317537,  -21.93672795,    8.93673661,   28.92699045,    133.77091608,   14.82093266,    5.377237  ,  -17.13232274,     -4.90330901], [ -108.65099888,  -60.02940313,  -26.8330134 ,  -17.49246099,     24.22662817,   77.71370222,   32.66034807,   22.38563152,     14.82093266,  157.81606548,   43.84022717,  -31.24618001,     -0.62431376], [  -63.4117465 ,   -5.03778105,    2.04232738,    9.50076489,      8.18558099,   41.19728063,   23.98915514,   -0.30636819,      5.377237  ,   43.84022717,  104.11160129,   22.17102946,     -1.13859788], [  244.66147472,   48.78305785,   77.9783003 ,   55.95918399,     22.61831517,  -27.60848507,   -8.17995048,   14.13524686,    -17.13232274,  -31.24618001,   22.17102946,  131.82794717,     41.59720153], [  -72.55294179,   -5.15416168,   19.90812884,   33.33857085,     31.40514408,    7.15170863,   12.34343944,   21.48828574,     -4.90330901,   -0.62431376,   -1.13859788,   41.59720153,    107.63989936]]
/root/sim/music/out/Aimer/BEST_SELECTION__blanc_/11_雪の降る街.mp3; [-548.10474   , 111.76387   ,   0.73045665,  23.197468  ,   3.3117933 ,    1.2133356 ,   6.7075815 ,   0.88492465,   6.4202523 ,  -1.1135299 ,   -3.9012804 ,  -2.160308  ,   1.2329594 ]; [[17369.19967208, 1282.61856869,  241.39208564,  234.79574725,     65.97141706,  142.48355454,  126.6233064 ,  200.85744139,     42.0003538 ,  -44.98253053, -176.05296421, -179.26808643,   -235.65874368], [ 1282.61856869, 1173.02404381, -144.20492989,  151.56601068,     67.06888678,   51.28387652,  122.32598611,   17.56638123,     85.36390508,  -14.21241611,   15.23141787,  -16.24387353,    -36.40972309], [  241.39208564, -144.20492989,  680.89216607,  216.1128895 ,    232.28177813,  132.65238265,   32.9051388 ,   93.37488321,    -14.22514301,   56.89787968,   -3.03635017,   15.37546042,    -53.54106571], [  234.79574725,  151.56601068,  216.1128895 ,  352.14151033,    176.85196755,   64.77729335,   30.96468696,   82.4417638 ,     33.76538662,   38.14791137,   -1.13114429,   16.16401039,    -10.95043677], [   65.97141706,   67.06888678,  232.28177813,  176.85196755,    276.31453848,   71.05105858,   38.82205823,   63.42592348,     12.64737168,   41.10512228,   10.45468666,   16.89842594,     -8.95865553], [  142.48355454,   51.28387652,  132.65238265,   64.77729335,     71.05105858,  224.88443594,  102.41217108,   77.87207907,     -8.11585966,   48.55914407,    9.00090966,  -21.59343554,    -26.59700498], [  126.6233064 ,  122.32598611,   32.9051388 ,   30.96468696,     38.82205823,  102.41217108,  153.5700843 ,   80.47110244,     18.81782089,   21.71493526,    6.94824251,  -13.48524204,     -8.56029797], [  200.85744139,   17.56638123,   93.37488321,   82.4417638 ,     63.42592348,   77.87207907,   80.47110244,  212.40489194,     31.26968564,   25.03519151,  -17.62165357,   -7.34809636,     13.92004911], [   42.0003538 ,   85.36390508,  -14.22514301,   33.76538662,     12.64737168,   -8.11585966,   18.81782089,   31.26968564,    116.43629577,   11.94799072,   11.99553052,   10.27646558,      5.16434816], [  -44.98253053,  -14.21241611,   56.89787968,   38.14791137,     41.10512228,   48.55914407,   21.71493526,   25.03519151,     11.94799072,  111.19156692,   28.12868362,   -1.4621536 ,     -0.90165889], [ -176.05296421,   15.23141787,   -3.03635017,   -1.13114429,     10.45468666,    9.00090966,    6.94824251,  -17.62165357,     11.99553052,   28.12868362,   86.61708681,   35.54008628,     16.44534843], [ -179.26808643,  -16.24387353,   15.37546042,   16.16401039,     16.89842594,  -21.59343554,  -13.48524204,   -7.34809636,     10.27646558,   -1.4621536 ,   35.54008628,   95.92944455,     42.27540712], [ -235.65874368,  -36.40972309,  -53.54106571,  -10.95043677,     -8.95865553,  -26.59700498,   -8.56029797,   13.92004911,      5.16434816,   -0.90165889,   16.44534843,   42.27540712,    120.15203744]]
