/root/sim/music/out/Compilations/20th_ANNIVERSARY_OF_PERSONA_SERIES_ALL_T/5-11_疑惑.mp3; [-773.6394    , 191.71179   ,  42.88412   ,  15.609162  ,   4.629263  ,    9.745723  ,   1.2367111 ,   1.7201164 ,   0.11994655,   0.6678929 ,   -7.824864  ,  -9.322213  , -10.982597  ]; [[19690.58178804,  -72.64416137, -204.64239863,  409.60078962,    212.82523701,  108.26284806,  -25.78416642,  170.28674599,    138.14867591,  110.00042493,   43.23652801,  126.04176171,     47.73866889], [  -72.64416137, 4533.01124281, -513.53930533, -339.47529817,     85.5950335 ,  164.78090626,   77.716672  ,   46.5457172 ,     57.03785802,  109.39698767,   27.32084775,  -76.97144046,    -65.39867455], [ -204.64239863, -513.53930533, 1183.47385471,  -32.52149218,   -118.65625662,   42.25877861,   99.41822806,  -22.4676407 ,     16.89688551,  -20.30689126,  -95.87890136, -109.95687713,    -92.71372852], [  409.60078962, -339.47529817,  -32.52149218,  449.01355516,    131.35836041,  -17.29751224,   32.55205531,   58.94569207,     38.89268732,   -0.53369615,  -23.82425432,  -28.50381459,    -28.92948809], [  212.82523701,   85.5950335 , -118.65625662,  131.35836041,    204.90736487,   67.40548872,   32.98825224,   40.74739327,     51.52128678,   39.60739266,   25.64288193,   11.24166859,      2.25474652], [  108.26284806,  164.78090626,   42.25877861,  -17.29751224,     67.40548872,  127.99112388,   60.74507242,    9.53818891,     34.06302429,   44.5238073 ,   31.98156697,   13.6127517 ,     -0.82725567], [  -25.78416642,   77.716672  ,   99.41822806,   32.55205531,     32.98825224,   60.74507242,  102.77972037,   39.21931727,     33.93540587,   33.14528465,   21.8215296 ,   -0.13951559,     -5.42197548], [  170.28674599,   46.5457172 ,  -22.4676407 ,   58.94569207,     40.74739327,    9.53818891,   39.21931727,   76.4473564 ,     43.10599406,   17.11738219,    7.43383488,    2.21505187,      2.05496045], [  138.14867591,   57.03785802,   16.89688551,   38.89268732,     51.52128678,   34.06302429,   33.93540587,   43.10599406,     84.16086145,   46.19497263,   10.68339539,    1.4081407 ,     -2.15621308], [  110.00042493,  109.39698767,  -20.30689126,   -0.53369615,     39.60739266,   44.5238073 ,   33.14528465,   17.11738219,     46.19497263,   74.79969013,   43.86223086,   14.95573207,      4.31408939], [   43.23652801,   27.32084775,  -95.87890136,  -23.82425432,     25.64288193,   31.98156697,   21.8215296 ,    7.43383488,     10.68339539,   43.86223086,   87.20135888,   50.68483558,     19.34578372], [  126.04176171,  -76.97144046, -109.95687713,  -28.50381459,     11.24166859,   13.6127517 ,   -0.13951559,    2.21505187,      1.4081407 ,   14.95573207,   50.68483558,   72.39265426,     37.92198352], [   47.73866889,  -65.39867455,  -92.71372852,  -28.92948809,      2.25474652,   -0.82725567,   -5.42197548,    2.05496045,     -2.15621308,    4.31408939,   19.34578372,   37.92198352,     57.07600692]]
/root/sim/music/out/Compilations/20th_ANNIVERSARY_OF_PERSONA_SERIES_ALL_T/1-04_Dungeon_-_1st_Ward_Shopping_Dis.mp3; [-620.43866   ,  98.742584  ,  -1.9396389 ,  14.0834    ,  19.7615    ,    7.9411154 ,  -4.058598  ,   3.3765967 ,   3.7542124 ,   7.5530863 ,   -0.57196516,   3.9181616 ,   3.2019258 ]; [[16275.39556058, 1097.53696562,  706.7645892 ,  582.8364466 ,    271.089143  ,  310.74500505,  118.43395443,  157.51177277,    103.9721731 ,  186.61802394,  128.9530981 ,   86.77518651,    -19.56443754], [ 1097.53696562, 1429.78235577,  481.71506811,  555.16563819,    513.23473965,  171.3754081 ,  106.2595941 ,   97.97969694,     83.413394  ,   63.04708481,  -26.35295754,  -23.89041858,    -18.97205806], [  706.7645892 ,  481.71506811,  921.62809846,  408.05364535,    302.32698361,  191.43906142,   89.40870803,   83.19330931,     72.33984711,   69.58606444,   46.56980095,   -9.28531259,    -35.61436486], [  582.8364466 ,  555.16563819,  408.05364535,  652.07097263,    347.37561707,  129.59761095,  119.59437644,  123.69748606,     96.13230153,   20.36668866,   30.80394389,    5.57277009,    -17.2683923 ], [  271.089143  ,  513.23473965,  302.32698361,  347.37561707,    474.43190431,  125.41735761,  101.80150075,   63.86283457,     64.62609213,   24.1704459 ,   19.55024566,    8.08826491,     13.97697804], [  310.74500505,  171.3754081 ,  191.43906142,  129.59761095,    125.41735761,  208.56099361,   77.39762141,   46.53570456,      6.61375224,   15.94256267,   -0.5522127 ,   -5.05790313,    -15.06278311], [  118.43395443,  106.2595941 ,   89.40870803,  119.59437644,    101.80150075,   77.39762141,  175.490277  ,   60.59977795,     40.79261922,    2.70192843,   19.52995192,  -15.20033617,     -2.51698146], [  157.51177277,   97.97969694,   83.19330931,  123.69748606,     63.86283457,   46.53570456,   60.59977795,  101.5749265 ,     39.16495768,    9.12547881,    2.91840234,  -10.42199932,    -18.45384353], [  103.9721731 ,   83.413394  ,   72.33984711,   96.13230153,     64.62609213,    6.61375224,   40.79261922,   39.16495768,    116.54830627,   21.14683958,    7.74238336,  -11.35311961,     -1.02783954], [  186.61802394,   63.04708481,   69.58606444,   20.36668866,     24.1704459 ,   15.94256267,    2.70192843,    9.12547881,     21.14683958,   81.19533283,   14.65613618,   -0.43064197,    -11.11060742], [  128.9530981 ,  -26.35295754,   46.56980095,   30.80394389,     19.55024566,   -0.5522127 ,   19.52995192,    2.91840234,      7.74238336,   14.65613618,  108.58210349,   24.7603705 ,    -13.8923152 ], [   86.77518651,  -23.89041858,   -9.28531259,    5.57277009,      8.08826491,   -5.05790313,  -15.20033617,  -10.42199932,    -11.35311961,   -0.43064197,   24.7603705 ,   83.61860698,      7.91859125], [  -19.56443754,  -18.97205806,  -35.61436486,  -17.2683923 ,     13.97697804,  -15.06278311,   -2.51698146,  -18.45384353,     -1.02783954,  -11.11060742,  -13.8923152 ,    7.91859125,    104.18276629]]
/root/sim/music/out/Compilations/20th_ANNIVERSARY_OF_PERSONA_SERIES_ALL_T/3-21_Brand_New_Days.mp3; [-635.6122    , 126.69246   ,   1.8470166 ,  21.17493   ,   6.690729  ,   -0.8985731 ,  -0.72024053,   3.0691376 ,   4.45498   ,   4.5285435 ,   -2.6418355 ,   1.3768003 ,   4.5659285 ]; [[22591.16096737,-1134.49216837, 1931.42709224, 2281.21496127,   1327.38871054, 1209.69363099,  686.57397237,  331.25490624,    404.11663689,   48.84524996, -241.75147318,  -97.66199196,   -243.39836769], [-1134.49216837, 2453.45989657, -734.32834778, -178.08373027,    -96.5647513 , -240.22762441,  -37.16445775,  -22.04150199,    -68.79672645,   46.59116982,   50.74017903,   23.80608167,     40.43301062], [ 1931.42709224, -734.32834778,  936.15989325,  370.03646211,    303.42946094,  244.41914452,  158.462535  ,  136.00345697,     48.6007038 ,   -3.76701785,   20.58963268,   35.77767309,    -61.25307663], [ 2281.21496127, -178.08373027,  370.03646211,  755.25430439,    314.96796073,  272.05124802,  182.3163782 ,   79.41207025,     45.08047838,  -17.00404785,  -28.26459124,   33.07375544,    -36.83762126], [ 1327.38871054,  -96.5647513 ,  303.42946094,  314.96796073,    388.97856807,  153.10946205,  117.47678556,  108.70486577,     33.25456362,   12.05232086,  -11.23598237,  -21.75654924,    -36.84978268], [ 1209.69363099, -240.22762441,  244.41914452,  272.05124802,    153.10946205,  313.44972564,  141.94977004,   52.71174718,     71.83777136,   23.36951033,  -39.46286946,   -7.56688884,    -20.00420446], [  686.57397237,  -37.16445775,  158.462535  ,  182.3163782 ,    117.47678556,  141.94977004,  217.51318116,   92.63860995,     51.42548359,   33.47617614,   -5.5204814 ,   -1.81373311,     -5.46793103], [  331.25490624,  -22.04150199,  136.00345697,   79.41207025,    108.70486577,   52.71174718,   92.63860995,  184.16460816,     59.1796738 ,   44.53109683,   19.01761875,   -3.51769424,     -2.3563023 ], [  404.11663689,  -68.79672645,   48.6007038 ,   45.08047838,     33.25456362,   71.83777136,   51.42548359,   59.1796738 ,    127.26451129,   52.54408272,    2.31474277,   -0.27936714,     12.97747503], [   48.84524996,   46.59116982,   -3.76701785,  -17.00404785,     12.05232086,   23.36951033,   33.47617614,   44.53109683,     52.54408272,  121.85382561,   43.78178173,    6.57963493,     22.00030418], [ -241.75147318,   50.74017903,   20.58963268,  -28.26459124,    -11.23598237,  -39.46286946,   -5.5204814 ,   19.01761875,      2.31474277,   43.78178173,  124.22294609,   60.17232411,      3.97223966], [  -97.66199196,   23.80608167,   35.77767309,   33.07375544,    -21.75654924,   -7.56688884,   -1.81373311,   -3.51769424,     -0.27936714,    6.57963493,   60.17232411,  107.77325865,     26.87946658], [ -243.39836769,   40.43301062,  -61.25307663,  -36.83762126,    -36.84978268,  -20.00420446,   -5.46793103,   -2.3563023 ,     12.97747503,   22.00030418,    3.97223966,   26.87946658,     85.69685268]]
/root/sim/music/out/Compilations/20th_ANNIVERSARY_OF_PERSONA_SERIES_ALL_T/1-23_Snow_Queen's_Theme_-_Main.mp3; [-642.74963  , 153.9253   ,  -9.092576 ,  40.864544 ,   3.5606322,   16.28331  ,  -0.9118886,   3.1111052,   6.1677756,  13.041817 ,   -6.324646 ,   7.6954618,   8.878449 ]; [[18975.66951297, 2792.78435233, -391.87250098,  952.00199924,    -69.61579271,  390.65699582, -171.50922867,   77.03527188,     99.40624701,  309.57477269, -190.28319079,  142.9383866 ,    141.92281832], [ 2792.78435233, 1149.12183145, -179.58930095,  243.70165518,    -14.12459726,   68.48667194,   90.34594441,   25.93319213,    -11.83554982,   20.24537056,  -15.81917747,   -0.33252799,     22.33845564], [ -391.87250098, -179.58930095,  191.90259426,  -43.34730573,     36.50794055,  -22.63676429,  -27.5802416 ,   14.73554251,     35.48645971,  -16.08221836,  -36.99133301,   44.69417388,     20.74932673], [  952.00199924,  243.70165518,  -43.34730573,  181.85377442,     -6.88006293,   60.61613799,   16.10944621,    4.36143502,    -12.42586777,   22.96500146,   26.81826668,   -4.87804688,      6.02568727], [  -69.61579271,  -14.12459726,   36.50794055,   -6.88006293,    152.60173607,  -29.48521743,   16.13655555,  -30.86060717,     30.27596142,  -20.57870377,  -24.20592718,   30.6278438 ,     32.87169053], [  390.65699582,   68.48667194,  -22.63676429,   60.61613799,    -29.48521743,  129.51509263,  -11.30135909,   24.21292573,    -39.49474366,   61.47588416,   20.65578227,  -37.40224884,      0.15448711], [ -171.50922867,   90.34594441,  -27.5802416 ,   16.10944621,     16.13655555,  -11.30135909,  140.44415085,   -1.63408388,      3.38210497,  -59.3121892 ,   49.59619157,   12.63441641,    -22.4868069 ], [   77.03527188,   25.93319213,   14.73554251,    4.36143502,    -30.86060717,   24.21292573,   -1.63408388,  127.89516625,      1.04220785,   32.80451958,  -35.18851062,   18.35405601,     10.19478272], [   99.40624701,  -11.83554982,   35.48645971,  -12.42586777,     30.27596142,  -39.49474366,    3.38210497,    1.04220785,    131.60923138,  -34.91318995,   -9.95610266,   32.41499603,     33.18865322], [  309.57477269,   20.24537056,  -16.08221836,   22.96500146,    -20.57870377,   61.47588416,  -59.3121892 ,   32.80451958,    -34.91318995,  173.66799305,  -17.53428403,  -34.86742656,     10.45444053], [ -190.28319079,  -15.81917747,  -36.99133301,   26.81826668,    -24.20592718,   20.65578227,   49.59619157,  -35.18851062,     -9.95610266,  -17.53428403,  183.45065875,  -39.02516984,    -55.95649321], [  142.9383866 ,   -0.33252799,   44.69417388,   -4.87804688,     30.6278438 ,  -37.40224884,   12.63441641,   18.35405601,     32.41499603,  -34.86742656,  -39.02516984,  162.78486046,     20.36322816], [  141.92281832,   22.33845564,   20.74932673,    6.02568727,     32.87169053,    0.15448711,  -22.4868069 ,   10.19478272,     33.18865322,   10.45444053,  -55.95649321,   20.36322816,    134.6037333 ]]
/root/sim/music/out/Compilations/20th_ANNIVERSARY_OF_PERSONA_SERIES_ALL_T/4-01_Shadow_World.mp3; [-611.4723    , 130.80115   ,  13.380057  ,  26.068535  ,  14.317022  ,   11.586238  ,  10.062361  ,   5.7607656 ,   2.655038  ,   5.981818  ,   -0.5956321 ,  -3.6533742 ,   0.02197818]; [[14804.78340289,-1975.97555424,  523.2064105 ,   22.92031575,   -187.39339214,  129.61594903,   81.68014336,   10.06000316,     65.87194759,  294.99700602,   -0.48667901,  -77.78109702,     33.08415672], [-1975.97555424, 2660.50925955, -595.95257248,  222.85754668,    141.36897716,   87.7819016 ,   97.15603331,    4.1318659 ,    -32.36027986,  -27.29625536,   20.24271041,  -14.14603843,    -30.22582265], [  523.2064105 , -595.95257248, 1001.14245272,  116.62809238,    142.60565213,   76.02683227,  -74.91372488,   26.57773708,     -3.42902194,  -70.8791688 ,   37.84555781,   73.11634189,     19.97396424], [   22.92031575,  222.85754668,  116.62809238,  589.15339158,    176.07745374,  106.13403372,   17.97363921,  159.27434652,     70.96575857,  -42.02890054,   64.7035875 ,   53.24474378,     -0.085762  ], [ -187.39339214,  141.36897716,  142.60565213,  176.07745374,    304.87629119,   71.49829264,   65.72088386,   90.21663296,     55.51969798,   -3.00367353,   21.41195993,   31.67934686,     -4.1881232 ], [  129.61594903,   87.7819016 ,   76.02683227,  106.13403372,     71.49829264,  336.6283335 ,  149.25574638,   80.0091594 ,     35.28260225,   47.01121784,   40.38090993,  -12.22059589,     10.91443908], [   81.68014336,   97.15603331,  -74.91372488,   17.97363921,     65.72088386,  149.25574638,  288.6429982 ,   81.98436632,     46.42835424,   88.67047762,    1.64200547,  -18.94321644,     10.34213007], [   10.06000316,    4.1318659 ,   26.57773708,  159.27434652,     90.21663296,   80.0091594 ,   81.98436632,  209.64495015,    101.91968904,   -6.84326363,   19.39440382,   13.6080903 ,      3.89776377], [   65.87194759,  -32.36027986,   -3.42902194,   70.96575857,     55.51969798,   35.28260225,   46.42835424,  101.91968904,    146.03529855,   42.9109868 ,    4.98646251,   -7.92995215,      1.80984358], [  294.99700602,  -27.29625536,  -70.8791688 ,  -42.02890054,     -3.00367353,   47.01121784,   88.67047762,   -6.84326363,     42.9109868 ,  162.09810616,   20.65564654,  -23.94589749,     -2.16221641], [   -0.48667901,   20.24271041,   37.84555781,   64.7035875 ,     21.41195993,   40.38090993,    1.64200547,   19.39440382,      4.98646251,   20.65564654,  117.24647663,   43.28990656,     -7.58765769], [  -77.78109702,  -14.14603843,   73.11634189,   53.24474378,     31.67934686,  -12.22059589,  -18.94321644,   13.6080903 ,     -7.92995215,  -23.94589749,   43.28990656,  104.64386046,     30.51812003], [   33.08415672,  -30.22582265,   19.97396424,   -0.085762  ,     -4.1881232 ,   10.91443908,   10.34213007,    3.89776377,      1.80984358,   -2.16221641,   -7.58765769,   30.51812003,     88.65479051]]
/root/sim/music/out/Compilations/20th_ANNIVERSARY_OF_PERSONA_SERIES_ALL_T/4-14_霧.mp3; [-562.47076   , 117.056435  , -19.875662  ,  44.06695   ,  12.611384  ,  -10.9403925 ,  -7.7513137 ,   3.1591656 ,   7.9112477 ,  -0.38056073,   -1.0673531 ,  -7.0660667 ,  -5.1889424 ]; [[15990.97166562,  355.37781472, -534.16510554,  829.66403608,    266.82224847, -377.96984261,  -99.99251125,  247.98614783,    339.55250883,   95.55147569,  -20.50865744, -155.11311578,   -150.91352725], [  355.37781472, 1095.58781872, -346.20024937,  258.03420142,    -44.83127354,   63.5025353 ,  -15.65657725,  -15.42495932,    -24.07768972,  -33.99193442,   18.62283043,    3.86564781,      7.59055909], [ -534.16510554, -346.20024937,  604.04502354, -291.94153409,     39.97508986,   55.5976099 ,   42.2908761 ,  -29.82254003,    -87.54540295,   -6.13843349,  -22.76435083,   31.83813535,     17.26070826], [  829.66403608,  258.03420142, -291.94153409,  389.08151078,     63.38747118,  -28.7152455 ,   12.32915672,   79.29999249,    121.4391715 ,   33.99826452,   31.86794634,  -24.23872875,    -19.58249629], [  266.82224847,  -44.83127354,   39.97508986,   63.38747118,    116.68344663,    1.07905462,   25.82836183,   34.90393504,     43.40648983,   23.62276319,   13.30966659,    1.20983427,     -1.74738897], [ -377.96984261,   63.5025353 ,   55.5976099 ,  -28.7152455 ,      1.07905462,   96.008168  ,   31.27834119,   -9.91870017,    -29.77263915,   -7.56493393,    4.74256671,   13.3979135 ,      8.62542846], [  -99.99251125,  -15.65657725,   42.2908761 ,   12.32915672,     25.82836183,   31.27834119,   70.82413533,   30.35637732,     16.95976446,    6.33864593,    3.49265547,    0.1445963 ,     -2.14168736], [  247.98614783,  -15.42495932,  -29.82254003,   79.29999249,     34.90393504,   -9.91870017,   30.35637732,   87.64318591,     66.49088947,   25.98814131,    3.9298137 ,  -12.92768361,    -12.21102405], [  339.55250883,  -24.07768972,  -87.54540295,  121.4391715 ,     43.40648983,  -29.77263915,   16.95976446,   66.49088947,    122.07889961,   47.45687663,   14.61990819,  -21.51724039,    -14.65086768], [   95.55147569,  -33.99193442,   -6.13843349,   33.99826452,     23.62276319,   -7.56493393,    6.33864593,   25.98814131,     47.45687663,   67.7175638 ,   30.94912386,   -0.87204563,     -1.36196796], [  -20.50865744,   18.62283043,  -22.76435083,   31.86794634,     13.30966659,    4.74256671,    3.49265547,    3.9298137 ,     14.61990819,   30.94912386,   60.55215631,   26.75230856,      6.67926167], [ -155.11311578,    3.86564781,   31.83813535,  -24.23872875,      1.20983427,   13.3979135 ,    0.1445963 ,  -12.92768361,    -21.51724039,   -0.87204563,   26.75230856,   57.39621245,     29.97326115], [ -150.91352725,    7.59055909,   17.26070826,  -19.58249629,     -1.74738897,    8.62542846,   -2.14168736,  -12.21102405,    -14.65086768,   -1.36196796,    6.67926167,   29.97326115,     55.91797832]]
/root/sim/music/out/Compilations/20th_ANNIVERSARY_OF_PERSONA_SERIES_ALL_T/1-15_Dungeon_-_Abandoned_Factory_Und.mp3; [-645.28406  ,  88.12016  ,  42.101944 ,  28.136906 ,  17.75041  ,    7.055493 ,   6.364113 ,   8.752547 ,   5.539292 ,   9.2948265,   -0.6539099,   3.0460882,  -1.2945563]; [[12718.81524832,  -92.21889745,  113.15039823,  285.86888862,    -93.34450407,  139.47079641,   51.30046733, -109.00091422,    -24.60631241,   37.15895113,  -22.31201911,  -29.43431441,     29.32749675], [  -92.21889745, 1895.00891837,   -3.59706954, -131.78716929,     48.02304231, -142.16427982,    0.02564523,   76.71031381,    221.94948813,  169.67460999,  134.88392124,   86.56046919,     90.64908217], [  113.15039823,   -3.59706954,  935.66151215,   -5.31414286,     67.75394417,   -4.45531416,   17.86014814,   55.18511093,    -29.87800627,   -7.67267154,   -1.03514501,   34.11505836,    -33.93712448], [  285.86888862, -131.78716929,   -5.31414286,  578.68402047,     80.86136667,  238.41138671,   72.20136722,   33.23506873,     -2.64692381,  -13.2627841 ,  -15.43539325,  -34.01331512,      9.17381639], [  -93.34450407,   48.02304231,   67.75394417,   80.86136667,    370.96598485,   36.49619288,   46.74150393,   52.73102485,     35.86645725,  -22.11627538,  -34.66800254,  -17.21008634,      4.59242444], [  139.47079641, -142.16427982,   -4.45531416,  238.41138671,     36.49619288,  278.44306172,   71.59123273,   29.28091304,    -16.29097189,  -18.58304464,  -13.92719328,   -3.60897652,     -1.75317741], [   51.30046733,    0.02564523,   17.86014814,   72.20136722,     46.74150393,   71.59123273,  129.86241255,   36.2380342 ,     -2.42789691,   25.30036147,  -16.72816555,    8.97179747,     -4.75700263], [ -109.00091422,   76.71031381,   55.18511093,   33.23506873,     52.73102485,   29.28091304,   36.2380342 ,  111.63869187,     35.88090047,   15.06617288,   12.5347547 ,   20.14298765,    -17.31474278], [  -24.60631241,  221.94948813,  -29.87800627,   -2.64692381,     35.86645725,  -16.29097189,   -2.42789691,   35.88090047,    183.42691394,   64.84166172,   22.34037347,    4.17448375,     30.26788124], [   37.15895113,  169.67460999,   -7.67267154,  -13.2627841 ,    -22.11627538,  -18.58304464,   25.30036147,   15.06617288,     64.84166172,  131.1660327 ,   30.29196569,   26.58748127,     21.21484847], [  -22.31201911,  134.88392124,   -1.03514501,  -15.43539325,    -34.66800254,  -13.92719328,  -16.72816555,   12.5347547 ,     22.34037347,   30.29196569,   93.71379932,   29.55036553,     13.2338157 ], [  -29.43431441,   86.56046919,   34.11505836,  -34.01331512,    -17.21008634,   -3.60897652,    8.97179747,   20.14298765,      4.17448375,   26.58748127,   29.55036553,   94.39674739,     -6.22975867], [   29.32749675,   90.64908217,  -33.93712448,    9.17381639,      4.59242444,   -1.75317741,   -4.75700263,  -17.31474278,     30.26788124,   21.21484847,   13.2338157 ,   -6.22975867,     82.49768331]]
/root/sim/music/out/Compilations/20th_ANNIVERSARY_OF_PERSONA_SERIES_ALL_T/1-07_Battle_-_Awakening.mp3; [-580.11255  , 128.86784  ,  -4.013923 ,  22.82859  ,   4.275464 ,   14.773979 ,   4.4186745,  10.682846 ,   8.51905  ,   4.7879996,    2.3507397,   8.311661 ,   5.395747 ]; [[16244.00369362, 1814.03165262,    0.98858864,  429.31504393,     32.92404692,  384.20148399,  132.49661168,  203.60065813,     88.42301232,  -52.3358421 ,    5.31808883,  162.49941489,    108.51857775], [ 1814.03165262, 1315.88464819, -414.98743062,  -44.74729212,    135.16910211,   23.18774761,  -34.96181404,    6.63962062,    -11.64221248,    3.2538299 ,   -1.04971595,  -22.44605311,    -12.16084594], [    0.98858864, -414.98743062,  352.55839623,   81.88874895,    -58.3936019 ,   30.78750097,   17.71720264,    9.64651198,     24.4167369 ,   12.33514829,   -5.78546541,   20.74826271,      9.70252728], [  429.31504393,  -44.74729212,   81.88874895,  166.83111746,      5.45569944,    3.21957228,   14.63799024,   11.97900626,     22.20766635,   22.92510647,   11.46466419,   14.11115135,     13.38764583], [   32.92404692,  135.16910211,  -58.3936019 ,    5.45569944,    134.04617155,    7.74937524,  -12.41550473,  -10.76565616,     -7.88726673,    1.69980852,   17.68525691,   -5.72760268,     -1.15962487], [  384.20148399,   23.18774761,   30.78750097,    3.21957228,      7.74937524,  101.58482698,   24.4138862 ,   12.42705121,     -4.59856139,   -1.9081957 ,   -6.81064299,    4.98748287,     -4.95968902], [  132.49661168,  -34.96181404,   17.71720264,   14.63799024,    -12.41550473,   24.4138862 ,   65.52165359,   27.33144591,      2.81212517,    0.36871908,    5.42641175,    2.61903851,      8.62858517], [  203.60065813,    6.63962062,    9.64651198,   11.97900626,    -10.76565616,   12.42705121,   27.33144591,   67.78902905,     11.41391369,   -0.46192858,    0.97390132,    2.94845023,     -3.06747157], [   88.42301232,  -11.64221248,   24.4167369 ,   22.20766635,     -7.88726673,   -4.59856139,    2.81212517,   11.41391369,     55.08457273,   15.27727577,   -1.97615017,   -2.37781509,     -0.10703325], [  -52.3358421 ,    3.2538299 ,   12.33514829,   22.92510647,      1.69980852,   -1.9081957 ,    0.36871908,   -0.46192858,     15.27727577,   51.44742035,   17.2245943 ,   -0.01630114,     -4.56837696], [    5.31808883,   -1.04971595,   -5.78546541,   11.46466419,     17.68525691,   -6.81064299,    5.42641175,    0.97390132,     -1.97615017,   17.2245943 ,   42.59595125,   10.1495597 ,      3.28103779], [  162.49941489,  -22.44605311,   20.74826271,   14.11115135,     -5.72760268,    4.98748287,    2.61903851,    2.94845023,     -2.37781509,   -0.01630114,   10.1495597 ,   43.80232718,     15.71489538], [  108.51857775,  -12.16084594,    9.70252728,   13.38764583,     -1.15962487,   -4.95968902,    8.62858517,   -3.06747157,     -0.10703325,   -4.56837696,    3.28103779,   15.71489538,     41.88177265]]
/root/sim/music/out/Compilations/20th_ANNIVERSARY_OF_PERSONA_SERIES_ALL_T/4-03_Signs_Of_Love.mp3; [-615.2571    , 103.615425  ,  23.000961  ,  25.581083  ,  11.579368  ,    2.2813382 ,   5.853392  ,  -2.6409824 ,  -0.37937862,   3.2285297 ,   -6.154796  ,  -3.3980627 ,  -3.1876526 ]; [[15687.61407713, -144.71373071,  341.34024787,  358.00733459,     82.95149621,  329.61698673,  -41.53264939,  108.63965151,     21.54891589,    7.66091688,   -1.5168691 ,  -96.57781182,    -53.94032831], [ -144.71373071, 2030.63952958, -277.40683578,  326.98398038,    263.12490894,   80.18062167,  326.36254223,    8.6604798 ,    101.71644904,  134.43476252,  -21.72962607,   67.57254851,     -9.1462118 ], [  341.34024787, -277.40683578, 1055.43158159,   72.78029489,    289.75093663,  183.9573428 ,  125.75902185,  159.67774274,     61.70171151,   53.28519972,  104.9026111 ,   56.87531615,     44.53829133], [  358.00733459,  326.98398038,   72.78029489,  623.07852864,    151.71711265,  212.36852317,   79.2577595 ,  193.77854997,    130.99767385,   21.7175253 ,   76.40358326,   40.95589787,     -6.46601414], [   82.95149621,  263.12490894,  289.75093663,  151.71711265,    434.18640723,   99.89302035,  149.32326808,   91.5206201 ,     96.60938943,   69.93097694,   18.51997774,   35.53866368,     16.01012434], [  329.61698673,   80.18062167,  183.9573428 ,  212.36852317,     99.89302035,  407.92185629,  126.96565576,  136.78489153,     92.99898523,   65.05099984,   93.01257722,  -14.7785543 ,     30.13526585], [  -41.53264939,  326.36254223,  125.75902185,   79.2577595 ,    149.32326808,  126.96565576,  311.00073215,   75.78991395,    102.69623517,  106.70383768,   25.08026172,   18.12680212,     29.41932094], [  108.63965151,    8.6604798 ,  159.67774274,  193.77854997,     91.5206201 ,  136.78489153,   75.78991395,  217.65319606,    106.99773288,   21.68324915,   63.50784577,   23.05034083,     24.79640653], [   21.54891589,  101.71644904,   61.70171151,  130.99767385,     96.60938943,   92.99898523,  102.69623517,  106.99773288,    157.82198295,   62.28472335,   50.78584563,   -0.20841677,     26.8362394 ], [    7.66091688,  134.43476252,   53.28519972,   21.7175253 ,     69.93097694,   65.05099984,  106.70383768,   21.68324915,     62.28472335,  130.59073337,   31.50884886,    3.05028564,     15.52199365], [   -1.5168691 ,  -21.72962607,  104.9026111 ,   76.40358326,     18.51997774,   93.01257722,   25.08026172,   63.50784577,     50.78584563,   31.50884886,  105.99267697,   21.683409  ,     17.1744783 ], [  -96.57781182,   67.57254851,   56.87531615,   40.95589787,     35.53866368,  -14.7785543 ,   18.12680212,   23.05034083,     -0.20841677,    3.05028564,   21.683409  ,   99.24412233,     24.19736327], [  -53.94032831,   -9.1462118 ,   44.53829133,   -6.46601414,     16.01012434,   30.13526585,   29.41932094,   24.79640653,     26.8362394 ,   15.52199365,   17.1744783 ,   24.19736327,     72.01316538]]
/root/sim/music/out/Compilations/20th_ANNIVERSARY_OF_PERSONA_SERIES_ALL_T/3-08_Mass_Destruction.mp3; [-604.84735   ,  84.95936   ,  -3.278702  ,  39.620003  ,  10.301981  ,    4.248771  ,   0.71724045,   6.3246074 ,   4.533154  ,   3.6548452 ,   -2.0712638 ,  -2.048315  ,  -1.5647444 ]; [[17932.54447486,  569.51094646, -107.3935198 , -323.34688567,   -532.7435003 ,  343.27124128,  245.40185961, -180.18962056,    109.43681003,  143.06794089,    2.61862982,  -39.81754754,     -1.5125793 ], [  569.51094646, 1500.14651587,  150.49319261,  425.64136727,     62.35316661,  124.82634333,   73.52459955,   -4.66430871,    -12.46488668,   -8.11851661,  -55.21343683,  -44.22571964,     -9.58704925], [ -107.3935198 ,  150.49319261, 1050.14494957,  372.16383517,    197.47529858,  271.40988845,   79.26130916,   45.30575519,    -51.55923338,  -16.8832138 ,  -25.18970343,   12.83065651,     27.00991442], [ -323.34688567,  425.64136727,  372.16383517,  856.99203059,    343.3072715 ,  253.26402712,   61.970575  ,   61.09355474,    -17.96828057,  -44.25141542,  -63.48675206,  -33.34098348,    -13.01897023], [ -532.7435003 ,   62.35316661,  197.47529858,  343.3072715 ,    446.01522521,  137.33916768,   18.78859596,   82.5164689 ,    -22.40396786,   -7.6923742 ,  -26.39604398,  -18.55596765,     -6.47837729], [  343.27124128,  124.82634333,  271.40988845,  253.26402712,    137.33916768,  384.44668239,  169.26855077,   24.84819155,     -3.68525468,  -11.33113808,  -24.0878628 ,  -25.60344527,    -10.97513607], [  245.40185961,   73.52459955,   79.26130916,   61.970575  ,     18.78859596,  169.26855077,  204.05160229,   51.42904027,     20.01260645,    4.00076433,   -3.36135715,   -6.19970782,     -9.80883687], [ -180.18962056,   -4.66430871,   45.30575519,   61.09355474,     82.5164689 ,   24.84819155,   51.42904027,  149.54264457,     33.84487803,   11.18307013,   11.04114961,   16.98071411,      8.156017  ], [  109.43681003,  -12.46488668,  -51.55923338,  -17.96828057,    -22.40396786,   -3.68525468,   20.01260645,   33.84487803,    123.4406876 ,   54.43981799,   15.77590214,   -7.11448161,     -2.41168053], [  143.06794089,   -8.11851661,  -16.8832138 ,  -44.25141542,     -7.6923742 ,  -11.33113808,    4.00076433,   11.18307013,     54.43981799,   91.8109328 ,   35.88408143,    6.04828682,      3.70506874], [    2.61862982,  -55.21343683,  -25.18970343,  -63.48675206,    -26.39604398,  -24.0878628 ,   -3.36135715,   11.04114961,     15.77590214,   35.88408143,   80.12970154,   42.2866609 ,     13.24528326], [  -39.81754754,  -44.22571964,   12.83065651,  -33.34098348,    -18.55596765,  -25.60344527,   -6.19970782,   16.98071411,     -7.11448161,    6.04828682,   42.2866609 ,   80.67879371,     30.66826043], [   -1.5125793 ,   -9.58704925,   27.00991442,  -13.01897023,     -6.47837729,  -10.97513607,   -9.80883687,    8.156017  ,     -2.41168053,    3.70506874,   13.24528326,   30.66826043,     64.73487791]]
/root/sim/music/out/Compilations/20th_ANNIVERSARY_OF_PERSONA_SERIES_ALL_T/4-11_Heartbeat_Heartbreak.mp3; [-646.02454   , 123.88367   ,  15.55634   ,  19.599867  ,   6.087263  ,   -8.539948  ,  -1.6008091 ,  -0.13495384,   0.11545842,  10.108781  ,   -0.40344003,  -1.993361  ,  -2.4219098 ]; [[22473.43577142, 1014.56683049, -194.00986366,  175.03957614,    283.21141451,  -71.52299802,   97.70447697,   39.06667454,     -1.07607515,   15.81764181, -311.58672508,  -65.17839929,    -42.41055829], [ 1014.56683049, 2498.46400932,  -30.64184554,  272.58043818,    185.04931553,   55.6877709 ,  281.21705295,  135.58227025,    146.82121141,  239.91723453,   30.34570328,   27.03724802,     41.32200275], [ -194.00986366,  -30.64184554, 1045.20375067,  169.78771175,    252.05741105,  194.40888947,  134.71569103,  213.31093809,    109.36156984,   74.33050227,   57.77940745,   35.08354545,     39.49094246], [  175.03957614,  272.58043818,  169.78771175,  477.82128442,    222.17221996,  157.54723487,  101.40271709,  142.8435466 ,     84.15826454,   21.82664536,   51.25024065,   40.80563888,     19.11287368], [  283.21141451,  185.04931553,  252.05741105,  222.17221996,    354.94760804,  138.98090843,  128.2751525 ,  146.82978197,     88.28979348,   42.36773494,   30.20336289,   42.12113655,     23.85626308], [  -71.52299802,   55.6877709 ,  194.40888947,  157.54723487,    138.98090843,  323.69337874,  128.18226349,  101.73494052,     42.63518317,   63.52582509,   66.90337137,   10.71617493,     26.86489722], [   97.70447697,  281.21705295,  134.71569103,  101.40271709,    128.2751525 ,  128.18226349,  272.54360663,   95.79217707,     68.19290772,   99.92894076,   25.83094055,   30.94365358,     23.07825422], [   39.06667454,  135.58227025,  213.31093809,  142.8435466 ,    146.82978197,  101.73494052,   95.79217707,  188.2834758 ,     91.15923188,   55.68515832,   35.90420818,   38.98753647,     32.814253  ], [   -1.07607515,  146.82121141,  109.36156984,   84.15826454,     88.28979348,   42.63518317,   68.19290772,   91.15923188,    133.33647689,   66.34657722,   20.15975926,   44.28291655,     30.36825933], [   15.81764181,  239.91723453,   74.33050227,   21.82664536,     42.36773494,   63.52582509,   99.92894076,   55.68515832,     66.34657722,  162.93574695,   53.15657104,   26.91925818,     24.86326947], [ -311.58672508,   30.34570328,   57.77940745,   51.25024065,     30.20336289,   66.90337137,   25.83094055,   35.90420818,     20.15975926,   53.15657104,  102.2610934 ,   31.54032615,     15.37968809], [  -65.17839929,   27.03724802,   35.08354545,   40.80563888,     42.12113655,   10.71617493,   30.94365358,   38.98753647,     44.28291655,   26.91925818,   31.54032615,   96.87108529,     37.64231258], [  -42.41055829,   41.32200275,   39.49094246,   19.11287368,     23.85626308,   26.86489722,   23.07825422,   32.814253  ,     30.36825933,   24.86326947,   15.37968809,   37.64231258,     71.02715825]]
/root/sim/music/out/Compilations/20th_ANNIVERSARY_OF_PERSONA_SERIES_ALL_T/3-07_A_Way_of_Life.mp3; [-648.0194    , 122.82127   ,  14.748141  ,  22.541937  ,  14.5784    ,   -0.48010302,   9.658484  ,   1.9613478 ,   2.2035825 ,   4.182401  ,   -4.6191974 ,  -2.1720586 ,  -0.18965636]; [[25343.33955635, 1759.92392082, -295.48556031,  607.29753611,   -155.39322497,  221.36835114,  428.41642756, -192.91834061,     -6.37876556,  186.51768281, -314.31416525, -183.7873755 ,    -67.68288393], [ 1759.92392082, 1683.83739958, -111.13575339,  259.72703126,    193.2331836 ,    5.6130988 ,  179.42466734,   40.72511398,    -18.77210735,   17.61749707,  -16.98162897,   12.32616846,    -32.09708142], [ -295.48556031, -111.13575339,  975.33065019,  129.48939267,    207.61533491,  174.84904488,  -49.2498049 ,  149.40117895,     56.26108612,  -65.26849395,   83.7791715 ,   66.23032074,    -28.62352625], [  607.29753611,  259.72703126,  129.48939267,  522.91861547,    200.87132491,   95.51764565,    6.79605903,  105.59137243,     87.59799945,    8.78957747,   35.42131251,   89.35249589,     17.07715737], [ -155.39322497,  193.2331836 ,  207.61533491,  200.87132491,    329.27934193,   36.26440338,   -8.51140373,  108.19822944,     67.64298617,   15.39252388,   39.06615284,   49.78445392,     13.54639077], [  221.36835114,    5.6130988 ,  174.84904488,   95.51764565,     36.26440338,  336.76744344,   96.60729799,   27.75789604,      8.93229098,   58.41188527,   42.35752008,    1.557571  ,     -1.297696  ], [  428.41642756,  179.42466734,  -49.2498049 ,    6.79605903,     -8.51140373,   96.60729799,  241.34216736,    9.6820268 ,      1.28192412,   72.72530431,  -15.14725673,   -5.26887064,      6.32601235], [ -192.91834061,   40.72511398,  149.40117895,  105.59137243,    108.19822944,   27.75789604,    9.6820268 ,  197.33217743,     75.36294514,   -1.21931068,   37.32302312,   66.77054578,     17.98076877], [   -6.37876556,  -18.77210735,   56.26108612,   87.59799945,     67.64298617,    8.93229098,    1.28192412,   75.36294514,    127.96305153,   39.83651473,   23.44615348,   31.26559009,     22.74323599], [  186.51768281,   17.61749707,  -65.26849395,    8.78957747,     15.39252388,   58.41188527,   72.72530431,   -1.21931068,     39.83651473,  151.05493212,    6.28473885,    3.71909674,     10.05333519], [ -314.31416525,  -16.98162897,   83.7791715 ,   35.42131251,     39.06615284,   42.35752008,  -15.14725673,   37.32302312,     23.44615348,    6.28473885,   98.38129078,   51.07841882,     20.45448402], [ -183.7873755 ,   12.32616846,   66.23032074,   89.35249589,     49.78445392,    1.557571  ,   -5.26887064,   66.77054578,     31.26559009,    3.71909674,   51.07841882,  135.53208181,     35.7373487 ], [  -67.68288393,  -32.09708142,  -28.62352625,   17.07715737,     13.54639077,   -1.297696  ,    6.32601235,   17.98076877,     22.74323599,   10.05333519,   20.45448402,   35.7373487 ,     96.70537494]]
/root/sim/music/out/Compilations/20th_ANNIVERSARY_OF_PERSONA_SERIES_ALL_T/1-09_Dungeon_-_1st_Ward_School_(Revi.mp3; [-653.3097    ,  75.88883   ,  -0.04212002,  19.761122  ,  -5.6969714 ,    9.419044  ,   6.145032  ,  17.81899   ,   5.7549615 ,   9.90565   ,    4.020639  ,  10.088508  ,   5.0042605 ]; [[13823.50126845,  369.46519582,  -19.39257764,  -10.7743511 ,   -104.17755154,   39.59546723,   -3.03988984,   43.93572604,     89.9762009 ,  213.76763626,   34.18715408,  116.82106756,     79.93420001], [  369.46519582, 1143.84979518, -187.33608249,  157.19070644,    -17.83108458,   56.23951825,  -21.10668638,   98.74820052,     -9.48731054,   13.68783336,   10.65064416,  -15.97927634,    -66.58889975], [  -19.39257764, -187.33608249,  361.46928926,   19.59878781,     22.31330976,  -56.89400273,   18.59915918,   25.61572584,     41.98800014,   23.2595912 ,    3.65486962,   10.47703957,     25.04055867], [  -10.7743511 ,  157.19070644,   19.59878781,  315.20438729,     -0.95675357,   86.4849316 ,   62.742481  ,   47.56719434,      3.45361783,  -30.769361  ,    1.26147975,   -0.27313165,    -36.70186319], [ -104.17755154,  -17.83108458,   22.31330976,   -0.95675357,    150.78255926,   70.7576998 ,   41.91619476,    2.78650586,     24.94724483,   26.40871955,   -2.263899  ,  -13.7095811 ,     -2.31231109], [   39.59546723,   56.23951825,  -56.89400273,   86.4849316 ,     70.7576998 ,  147.18294278,   80.94032918,   31.05945436,      6.45361007,   -5.56434917,    5.48344997,  -10.51624878,    -18.9946586 ], [   -3.03988984,  -21.10668638,   18.59915918,   62.742481  ,     41.91619476,   80.94032918,  134.16162516,   48.99160729,     23.30152327,    4.59089744,   -0.37709701,    1.35729361,     -5.24736669], [   43.93572604,   98.74820052,   25.61572584,   47.56719434,      2.78650586,   31.05945436,   48.99160729,   94.09741756,     26.77964554,   -3.37523004,    6.1645314 ,   12.06078534,      2.48378093], [   89.9762009 ,   -9.48731054,   41.98800014,    3.45361783,     24.94724483,    6.45361007,   23.30152327,   26.77964554,     75.2071499 ,   50.96874152,   -6.65722044,  -12.67293919,     12.38015835], [  213.76763626,   13.68783336,   23.2595912 ,  -30.769361  ,     26.40871955,   -5.56434917,    4.59089744,   -3.37523004,     50.96874152,  102.73779693,   13.45104176,  -19.904187  ,      5.14197421], [   34.18715408,   10.65064416,    3.65486962,    1.26147975,     -2.263899  ,    5.48344997,   -0.37709701,    6.1645314 ,     -6.65722044,   13.45104176,   78.97312756,   50.2233938 ,     -2.59080386], [  116.82106756,  -15.97927634,   10.47703957,   -0.27313165,    -13.7095811 ,  -10.51624878,    1.35729361,   12.06078534,    -12.67293919,  -19.904187  ,   50.2233938 ,  108.30484592,     35.44122471], [   79.93420001,  -66.58889975,   25.04055867,  -36.70186319,     -2.31231109,  -18.9946586 ,   -5.24736669,    2.48378093,     12.38015835,    5.14197421,   -2.59080386,   35.44122471,     78.81652552]]
