/root/sim/music/out/Compilations/20th_ANNIVERSARY_OF_PERSONA_SERIES_ALL_T/5-13_不穩.mp3; [-695.41644  , 151.5827   ,  38.782703 ,  48.040062 ,  12.405286 ,   12.767564 ,   3.3752542,   0.9386215,   3.619438 ,  -1.9074702,   -1.5535702,  -1.7983738,  -7.025064 ]; [[15380.43186108,  620.58321594, -834.61049238, -168.64015208,   -169.60138104,  195.4330877 ,  151.24215078,   -8.75057801,    111.86601535,  265.98169733,  123.18359203,  106.06750523,     68.8028464 ], [  620.58321594, 1355.99556757,   96.73329883,  212.80411269,     38.31179378,   64.67291093,  -12.61204436,   16.333333  ,     61.59195048,    3.40110789,   49.36972489,   12.15105905,    -40.06764294], [ -834.61049238,   96.73329883,  933.08987201,  175.79108301,    154.27844214,  -30.97265007,   22.60431752,   24.19860689,    -31.05834317,  -73.504314  ,  -45.33788569,  -26.61541881,    -31.21987613], [ -168.64015208,  212.80411269,  175.79108301,  343.4692106 ,     56.98066794,   40.17252771,   11.91192597,   34.79584284,     14.14980553,  -57.12756594,   -4.16945537,   -7.93253422,    -17.76772179], [ -169.60138104,   38.31179378,  154.27844214,   56.98066794,    131.0424254 ,   22.63450173,    9.65466188,    2.28390235,     -5.3136561 ,  -16.12506457,   -4.19646741,   -9.60647859,    -12.74813638], [  195.4330877 ,   64.67291093,  -30.97265007,   40.17252771,     22.63450173,  105.59814269,   37.56522043,    8.4256801 ,      2.81627552,    1.95240597,   -3.77796364,   -3.86102121,     -4.81590367], [  151.24215078,  -12.61204436,   22.60431752,   11.91192597,      9.65466188,   37.56522043,   74.10533198,   35.06990533,      9.1810736 ,    2.46689256,   -1.1800487 ,   -2.13910466,     -0.61912492], [   -8.75057801,   16.333333  ,   24.19860689,   34.79584284,      2.28390235,    8.4256801 ,   35.06990533,   72.24930752,     30.08971707,   -3.2447902 ,   -2.53592305,   -6.22709855,      1.41346738], [  111.86601535,   61.59195048,  -31.05834317,   14.14980553,     -5.3136561 ,    2.81627552,    9.1810736 ,   30.08971707,     63.52052306,   24.00193512,    8.10654719,   -0.40236298,      0.1868912 ], [  265.98169733,    3.40110789,  -73.504314  ,  -57.12756594,    -16.12506457,    1.95240597,    2.46689256,   -3.2447902 ,     24.00193512,   78.33590363,   34.39495063,    8.12001601,      0.05550696], [  123.18359203,   49.36972489,  -45.33788569,   -4.16945537,     -4.19646741,   -3.77796364,   -1.1800487 ,   -2.53592305,      8.10654719,   34.39495063,   69.78963148,   29.25578883,     -6.43813944], [  106.06750523,   12.15105905,  -26.61541881,   -7.93253422,     -9.60647859,   -3.86102121,   -2.13910466,   -6.22709855,     -0.40236298,    8.12001601,   29.25578883,   50.57567014,     14.14403179], [   68.8028464 ,  -40.06764294,  -31.21987613,  -17.76772179,    -12.74813638,   -4.81590367,   -0.61912492,    1.41346738,      0.1868912 ,    0.05550696,   -6.43813944,   14.14403179,     49.15383656]]
/root/sim/music/out/Compilations/20th_ANNIVERSARY_OF_PERSONA_SERIES_ALL_T/1-26_Normal_Battle.mp3; [-593.25146   , 109.35118   ,  18.946316  ,  23.659214  ,   5.6233377 ,   14.230212  ,   7.541176  ,   8.890628  ,   4.239768  ,   3.9808922 ,   -0.75870275,  -0.65325445,  -0.31165197]; [[24480.86114279, 2368.61465805,  603.99988676,  697.20639973,     10.86886425,  316.79480508,   42.85901781,   90.18457779,     -0.59317912,    0.66704289,  -95.78108912,  -77.41544314,    -74.43835236], [ 2368.61465805,  736.52055232,   53.6931813 ,   97.85309558,    -27.91891012,   16.29226813,   29.35154748,   68.47113029,     30.15944958,   36.73257119,    3.56139255,    4.89427209,      1.97044152], [  603.99988676,   53.6931813 ,  167.57574851,   29.06100037,     31.27666949,    5.03502255,    8.73444544,    5.46697171,     -8.51258513,  -12.32484143,  -11.46024811,  -13.62031783,     -5.30683408], [  697.20639973,   97.85309558,   29.06100037,   89.03023955,     12.85380158,   16.37067116,   10.42454293,   17.72208048,      6.61146311,    5.32673988,   -5.10240569,   -4.36873261,     -7.20347019], [   10.86886425,  -27.91891012,   31.27666949,   12.85380158,     94.78537551,   46.79552477,   -0.4445245 ,  -23.60701694,     -3.37289532,   -4.73081979,   -7.49063173,  -11.9991165 ,     -1.70347521], [  316.79480508,   16.29226813,    5.03502255,   16.37067116,     46.79552477,   80.30105847,   26.47782113,  -13.76240886,     -1.07059051,    3.4428355 ,   -6.07247727,   -4.54657379,     -4.50549964], [   42.85901781,   29.35154748,    8.73444544,   10.42454293,     -0.4445245 ,   26.47782113,   63.56783538,   31.11197973,     -0.07100521,    5.79292322,    1.81395347,    3.71412794,      2.08510378], [   90.18457779,   68.47113029,    5.46697171,   17.72208048,    -23.60701694,  -13.76240886,   31.11197973,   82.44469449,     30.72498536,    2.30340078,    7.21492443,    8.99289698,      8.31377477], [   -0.59317912,   30.15944958,   -8.51258513,    6.61146311,     -3.37289532,   -1.07059051,   -0.07100521,   30.72498536,     59.60171526,   22.68053434,    8.72532092,    7.67958547,      6.09151015], [    0.66704289,   36.73257119,  -12.32484143,    5.32673988,     -4.73081979,    3.4428355 ,    5.79292322,    2.30340078,     22.68053434,   55.94507017,   22.81817856,   11.55209653,      4.26387246], [  -95.78108912,    3.56139255,  -11.46024811,   -5.10240569,     -7.49063173,   -6.07247727,    1.81395347,    7.21492443,      8.72532092,   22.81817856,   42.74186394,   23.36631503,     10.60061259], [  -77.41544314,    4.89427209,  -13.62031783,   -4.36873261,    -11.9991165 ,   -4.54657379,    3.71412794,    8.99289698,      7.67958547,   11.55209653,   23.36631503,   48.53403741,     25.31015244], [  -74.43835236,    1.97044152,   -5.30683408,   -7.20347019,     -1.70347521,   -4.50549964,    2.08510378,    8.31377477,      6.09151015,    4.26387246,   10.60061259,   25.31015244,     50.93733293]]
/root/sim/music/out/Compilations/MACROSS_SONG_COLLECTION_2002_[Disc_2]/2-08_Dynamite_Explosion.mp3; [-529.29877  ,  98.87393  , -16.330359 ,  38.66988  ,  11.853575 ,    6.4397526,   3.9279423,   4.536067 ,   2.149834 ,  -0.9439183,   -1.432239 ,  -1.7743481,  -7.9410257]; [[11207.75296492,  298.47704573, -353.64306726,  116.23350798,     97.92075245,  135.54522298,   26.31468296,   45.4560453 ,    -35.59384349,   71.5070252 ,   23.2265933 ,   73.10861315,    -18.75939416], [  298.47704573,  738.74944753, -188.59520639,  201.95756278,    -43.57006568,  -14.44245043,   46.43901008,    5.55966203,     42.57305374,  -24.86535718,   13.22498317,  -28.94601114,    -40.96709071], [ -353.64306726, -188.59520639,  588.48213819,  -80.45330181,     90.44249567,  -11.30930013,  -57.45958078,   16.45676836,    -59.05909443,    1.17172331,   -0.98656009,  -16.6846238 ,     44.29262159], [  116.23350798,  201.95756278,  -80.45330181,  303.20331751,      3.57594075,    6.58882115,  -32.33388032,   15.38040585,     40.25386888,  -29.63233464,  -21.08716177,   12.32198732,     -3.87736705], [   97.92075245,  -43.57006568,   90.44249567,    3.57594075,    152.68422578,   18.00174197,   10.91986307,    2.37617503,     -2.67073297,   -0.89949598,   -8.04719319,    0.14359458,     10.80763915], [  135.54522298,  -14.44245043,  -11.30930013,    6.58882115,     18.00174197,  118.12441448,   47.02301267,    3.30299704,     -2.47194665,    4.20344187,    4.10193923,    2.12474953,     -1.46985206], [   26.31468296,   46.43901008,  -57.45958078,  -32.33388032,     10.91986307,   47.02301267,  134.51917951,   20.69583839,     11.32257789,   19.46959243,    5.35948397,    5.65417026,     -9.41574925], [   45.4560453 ,    5.55966203,   16.45676836,   15.38040585,      2.37617503,    3.30299704,   20.69583839,   77.20898636,     28.29127528,   12.04925305,   -9.71985295,   -0.87420186,      2.42761027], [  -35.59384349,   42.57305374,  -59.05909443,   40.25386888,     -2.67073297,   -2.47194665,   11.32257789,   28.29127528,     92.67978167,   22.80759654,   -0.63093483,    5.31627398,    -14.61311135], [   71.5070252 ,  -24.86535718,    1.17172331,  -29.63233464,     -0.89949598,    4.20344187,   19.46959243,   12.04925305,     22.80759654,   93.00967011,   21.34855396,    7.34713093,     -3.61015596], [   23.2265933 ,   13.22498317,   -0.98656009,  -21.08716177,     -8.04719319,    4.10193923,    5.35948397,   -9.71985295,     -0.63093483,   21.34855396,   76.87239703,   18.58022777,     11.79908893], [   73.10861315,  -28.94601114,  -16.6846238 ,   12.32198732,      0.14359458,    2.12474953,    5.65417026,   -0.87420186,      5.31627398,    7.34713093,   18.58022777,   81.74629501,     21.17760429], [  -18.75939416,  -40.96709071,   44.29262159,   -3.87736705,     10.80763915,   -1.46985206,   -9.41574925,    2.42761027,    -14.61311135,   -3.61015596,   11.79908893,   21.17760429,     66.47728035]]
/root/sim/music/out/Compilations/MACROSS_SONG_COLLECTION_2002_[Disc_2]/2-07_Flash_In_The_Dark.mp3; [-572.1244    , 122.524796  , -23.826347  ,  28.563221  ,   3.4712758 ,   -4.011653  ,   8.9676075 ,  -0.4040652 ,  -0.91499007,  -0.16759124,  -10.589852  ,   5.2336693 ,  -5.0568376 ]; [[13036.34094116,  496.4996713 , -220.83118766,   65.96167958,    -72.06001822,   31.08260525,   48.19000334,   74.2441299 ,     17.69603088,   86.38201767, -134.02343017,  -14.63210621,   -103.48672098], [  496.4996713 ,  871.01957019, -358.08775917,  291.32560659,    -11.9593578 ,   15.06931901,   37.75062388,  -34.40381306,     57.47665282,   12.51543139,   19.0450187 ,   52.90261683,    -13.72905897], [ -220.83118766, -358.08775917,  739.06954854, -155.17912677,    115.70024556,  -69.09909203,   16.74638545,   26.63106096,    -59.216257  ,  -13.02607801,   -7.21771699,  -44.43410204,     -9.27482453], [   65.96167958,  291.32560659, -155.17912677,  348.44221693,     46.0089597 ,   31.76598732,  -41.66577985,    1.91829188,      6.35133314,  -12.66584732,   35.34073734,   41.2612641 ,     13.73944297], [  -72.06001822,  -11.9593578 ,  115.70024556,   46.0089597 ,    169.61049858,    5.02071072,    2.38423218,    5.52593895,     -7.47754741,   19.16651176,    0.41810755,   21.50170461,      8.69017935], [   31.08260525,   15.06931901,  -69.09909203,   31.76598732,      5.02071072,  240.30810378,   14.53655694,   30.00179982,     13.70994361,    9.85014424,   22.96102315,   -9.68847083,     25.97222099], [   48.19000334,   37.75062388,   16.74638545,  -41.66577985,      2.38423218,   14.53655694,  160.31124305,   22.7907829 ,     13.85629025,    4.99796413,  -39.36113395,    2.2782227 ,    -19.382112  ], [   74.2441299 ,  -34.40381306,   26.63106096,    1.91829188,      5.52593895,   30.00179982,   22.7907829 ,  143.73850066,     26.62243516,   14.76584041,  -10.30059679,  -19.78153449,     10.85590947], [   17.69603088,   57.47665282,  -59.216257  ,    6.35133314,     -7.47754741,   13.70994361,   13.85629025,   26.62243516,    122.85971601,   25.32237588,    9.67429402,  -18.64004843,     -8.28822596], [   86.38201767,   12.51543139,  -13.02607801,  -12.66584732,     19.16651176,    9.85014424,    4.99796413,   14.76584041,     25.32237588,   90.94396927,    8.00632568,    7.92897437,     -5.37019999], [ -134.02343017,   19.0450187 ,   -7.21771699,   35.34073734,      0.41810755,   22.96102315,  -39.36113395,  -10.30059679,      9.67429402,    8.00632568,  106.80393359,   26.71339087,     17.16663875], [  -14.63210621,   52.90261683,  -44.43410204,   41.2612641 ,     21.50170461,   -9.68847083,    2.2782227 ,  -19.78153449,    -18.64004843,    7.92897437,   26.71339087,  113.19205669,     16.43595183], [ -103.48672098,  -13.72905897,   -9.27482453,   13.73944297,      8.69017935,   25.97222099,  -19.382112  ,   10.85590947,     -8.28822596,   -5.37019999,   17.16663875,   16.43595183,     84.69887613]]
/root/sim/music/out/Compilations/MACROSS_SONG_COLLECTION_2002_[Disc_2]/2-06_HEART&SOUL.mp3; [-573.94867   , 114.19961   , -14.54802   ,   9.612622  ,  -1.285797  ,   -2.00833   ,   2.5441418 ,   0.01615245,  -0.37985379,   1.1997546 ,   -8.391401  ,  -0.9968041 ,  -3.813619  ]; [[14955.86265761,   27.01967493, -334.46735023,  338.84014626,    -83.24729811,  356.1844944 ,  -59.59518977,  200.68964189,     72.43411328,   15.3319676 ,   18.72897018,    3.78304887,    -35.69147076], [   27.01967493,  918.76916035,  129.79962786,   90.63837556,     76.99150435,    3.1223078 ,  105.62634363,   22.15756226,     73.55647555,   14.31002168,  -48.57609863,  -48.55089504,    -38.32180418], [ -334.46735023,  129.79962786,  484.22785243,   33.14009435,     88.80297262,  -40.77566064,   22.11354082,  -25.4865256 ,     18.97330543,  -10.71146092,   -3.8460297 ,    4.10794183,    -17.24097356], [  338.84014626,   90.63837556,   33.14009435,  306.4176624 ,     92.59334593,   87.75000597,  -44.81580772,   70.16749317,     49.96785399,   -4.65754434,   48.12628159,   12.23227469,     15.03638126], [  -83.24729811,   76.99150435,   88.80297262,   92.59334593,    185.53906517,   17.54964964,  -10.98923353,   17.56013699,     21.48856567,    4.96879364,   14.58595403,   12.51846405,      8.65076059], [  356.1844944 ,    3.1223078 ,  -40.77566064,   87.75000597,     17.54964964,  298.9754035 ,   45.48721941,   76.78527375,     41.01072327,   28.04938031,   42.6808218 ,  -35.72303274,      5.63841505], [  -59.59518977,  105.62634363,   22.11354082,  -44.81580772,    -10.98923353,   45.48721941,  171.02101824,   24.76162905,     15.49479858,   27.99543369,  -26.96352061,  -16.54401869,    -19.79211799], [  200.68964189,   22.15756226,  -25.4865256 ,   70.16749317,     17.56013699,   76.78527375,   24.76162905,  141.22076524,     65.67270184,   10.3708082 ,   10.06928276,  -25.48893412,      2.58131775], [   72.43411328,   73.55647555,   18.97330543,   49.96785399,     21.48856567,   41.01072327,   15.49479858,   65.67270184,    109.74694873,   29.10176506,    8.67004631,  -19.90392246,     -8.34069594], [   15.3319676 ,   14.31002168,  -10.71146092,   -4.65754434,      4.96879364,   28.04938031,   27.99543369,   10.3708082 ,     29.10176506,   86.59192693,   16.31924174,   -6.24948485,    -16.87377773], [   18.72897018,  -48.57609863,   -3.8460297 ,   48.12628159,     14.58595403,   42.6808218 ,  -26.96352061,   10.06928276,      8.67004631,   16.31924174,   87.21684013,   23.67629315,     11.19522348], [    3.78304887,  -48.55089504,    4.10794183,   12.23227469,     12.51846405,  -35.72303274,  -16.54401869,  -25.48893412,    -19.90392246,   -6.24948485,   23.67629315,   91.79830713,     27.94316227], [  -35.69147076,  -38.32180418,  -17.24097356,   15.03638126,      8.65076059,    5.63841505,  -19.79211799,    2.58131775,     -8.34069594,  -16.87377773,   11.19522348,   27.94316227,     81.0658644 ]]
/root/sim/music/out/Compilations/MACROSS_SONG_COLLECTION_2002_[Disc_2]/2-10_Angel_Voice.mp3; [-583.95056  , 128.81274  ,   4.3659444,  18.125002 ,   3.668829 ,   -1.1081189,  -0.7624883,   4.6510215,  -2.2602987,  -3.0140424,   -1.7092427,  -3.945143 ,  -3.1201801]; [[16869.57379036,-1327.08008603,  -94.00247893,  -28.57231131,    409.79876924,   -9.77570839,    1.18798189,  123.21366383,    101.72217809,  272.28487985,  117.01655803,   15.9648041 ,    126.23059446], [-1327.08008603, 1248.28519848, -224.84462032,   88.05291078,   -104.05380422,  -40.04059665,  -47.81049783,  -27.23736823,    -12.51594677,  -91.09099322,   -8.87306852,    8.78430595,    -48.79814832], [  -94.00247893, -224.84462032,  549.92955067,   -5.91801076,    143.04118778,   64.3738805 ,   85.78291601,   45.35529752,     16.2483058 ,   31.05174584,    4.97038934,   42.11949281,     37.26289529], [  -28.57231131,   88.05291078,   -5.91801076,  171.04647263,     47.66588518,   26.79465186,    2.89096767,   44.69188831,     25.36136205,   -4.79861239,    5.6389998 ,    5.52044225,     22.68023097], [  409.79876924, -104.05380422,  143.04118778,   47.66588518,    255.63170818,   34.36284428,   49.27557722,   56.63854923,     39.78128429,   22.67878235,   13.90687355,    9.35192501,     14.2421277 ], [   -9.77570839,  -40.04059665,   64.3738805 ,   26.79465186,     34.36284428,  146.18596565,   52.476922  ,   10.3738587 ,     25.3273262 ,    6.92660207,   12.05018926,   33.7865327 ,      4.91227348], [    1.18798189,  -47.81049783,   85.78291601,    2.89096767,     49.27557722,   52.476922  ,  138.77829846,   22.93775832,     18.00168138,   36.39854693,   12.79895276,   20.69649158,      7.10928971], [  123.21366383,  -27.23736823,   45.35529752,   44.69188831,     56.63854923,   10.3738587 ,   22.93775832,   92.93704823,     21.97860882,   13.10959245,    3.54233224,    4.19465119,     16.55753773], [  101.72217809,  -12.51594677,   16.2483058 ,   25.36136205,     39.78128429,   25.3273262 ,   18.00168138,   21.97860882,     93.25920208,   16.19691989,    4.34898868,   19.95893073,      4.93189801], [  272.28487985,  -91.09099322,   31.05174584,   -4.79861239,     22.67878235,    6.92660207,   36.39854693,   13.10959245,     16.19691989,  111.14502395,   23.40543956,    8.66383   ,     10.88473991], [  117.01655803,   -8.87306852,    4.97038934,    5.6389998 ,     13.90687355,   12.05018926,   12.79895276,    3.54233224,      4.34898868,   23.40543956,   65.93743135,   17.98037901,     12.73626833], [   15.9648041 ,    8.78430595,   42.11949281,    5.52044225,      9.35192501,   33.7865327 ,   20.69649158,    4.19465119,     19.95893073,    8.66383   ,   17.98037901,   79.4396827 ,     22.97067772], [  126.23059446,  -48.79814832,   37.26289529,   22.68023097,     14.2421277 ,    4.91227348,    7.10928971,   16.55753773,      4.93189801,   10.88473991,   12.73626833,   22.97067772,     67.03418829]]
/root/sim/music/out/Compilations/MACROSS_SONG_COLLECTION_2002_[Disc_2]/2-01_SEVENTH_MOON.mp3; [-538.3261    ,  97.6336    ,  -7.7384768 ,  34.17211   ,  -4.838306  ,   -0.9143439 ,  -8.508362  ,  -0.3343529 ,  -8.112495  ,   0.07524996,   -2.269945  ,  -3.1985495 ,  -2.7866497 ]; [[10971.56221145,  542.47234543,  -91.90036131,   42.73787172,    -83.68615777,  -40.75266314,  -91.84330578,  -34.43433476,    -70.52029523,   10.67095763,  -22.37408798,  -77.54382332,    -65.17350864], [  542.47234543,  584.27889385,   15.11561171,  -43.228203  ,    -30.04967084,  -52.80780984,  -20.61410341,   22.69561856,      5.59114431,   49.64850372,   44.58010408,   15.46548325,     -3.40728277], [  -91.90036131,   15.11561171,  333.61426936,  -82.40683988,    108.09570301,  -23.73818691,  -15.40949353,  -15.62524734,     13.72091476,    5.36633825,   42.4297567 ,    7.99006574,      5.46011628], [   42.73787172,  -43.228203  ,  -82.40683988,  408.1388737 ,     40.66387229,   78.50979172,    9.11001009,   32.51412214,      3.54285588,  -23.15393503,  -27.41757313,   32.43393823,     33.59793276], [  -83.68615777,  -30.04967084,  108.09570301,   40.66387229,    148.05419379,   32.16232568,   -6.90256052,   -8.30053978,      4.48465611,  -14.55502841,    0.61306615,    0.67026974,     12.56638306], [  -40.75266314,  -52.80780984,  -23.73818691,   78.50979172,     32.16232568,  137.1585644 ,   73.74323762,   31.53522016,     -4.3205189 ,   -5.92248761,  -14.33295683,   -1.21332728,      4.58221987], [  -91.84330578,  -20.61410341,  -15.40949353,    9.11001009,     -6.90256052,   73.74323762,  139.65363324,   44.25126258,     10.31826608,    8.83556091,   -3.97630925,   -1.84434365,     -8.41077622], [  -34.43433476,   22.69561856,  -15.62524734,   32.51412214,     -8.30053978,   31.53522016,   44.25126258,   89.19503904,     36.962029  ,   17.52732484,   -6.12849603,   -3.28006545,     -0.81194749], [  -70.52029523,    5.59114431,   13.72091476,    3.54285588,      4.48465611,   -4.3205189 ,   10.31826608,   36.962029  ,     80.86725878,   35.63133142,    8.68081544,   -4.6024723 ,     -5.62975119], [   10.67095763,   49.64850372,    5.36633825,  -23.15393503,    -14.55502841,   -5.92248761,    8.83556091,   17.52732484,     35.63133142,   86.62710364,   33.45575336,    2.20638116,    -15.46188497], [  -22.37408798,   44.58010408,   42.4297567 ,  -27.41757313,      0.61306615,  -14.33295683,   -3.97630925,   -6.12849603,      8.68081544,   33.45575336,   73.4742277 ,   28.30087088,     -1.07957855], [  -77.54382332,   15.46548325,    7.99006574,   32.43393823,      0.67026974,   -1.21332728,   -1.84434365,   -3.28006545,     -4.6024723 ,    2.20638116,   28.30087088,   70.71603555,     25.83982431], [  -65.17350864,   -3.40728277,    5.46011628,   33.59793276,     12.56638306,    4.58221987,   -8.41077622,   -0.81194749,     -5.62975119,  -15.46188497,   -1.07957855,   25.83982431,     62.34333245]]
/root/sim/music/out/Compilations/MACROSS_SONG_COLLECTION_2002_[Disc_2]/2-11_Only_You.mp3; [-620.35706   , 150.50711   ,  -3.9890378 ,  36.567596  ,   1.1312615 ,   -7.984327  ,  -0.09908649,  -0.7447413 ,  -5.227014  ,  -0.58433217,   -4.5622725 ,  -2.4781737 ,   2.0171206 ]; [[11828.83568817,   55.66276745, -111.28060253,   35.44948941,     16.32917507, -172.18804751,  282.3084411 , -129.05171996,    -93.8372246 ,   26.8913542 ,   63.5077094 ,  124.46761993,    126.40798102], [   55.66276745, 1293.35847797, -332.22188447,  127.60814446,     35.36426133,   -5.86990733,  -22.40071004,   -8.76966955,    -18.70863612,   -2.83586377,  -15.3868153 ,    7.49352914,    -29.75371201], [ -111.28060253, -332.22188447,  503.19022285,    7.67392775,     67.51212039,   18.15459154,    8.18711026,   35.14086415,     18.24053041,   -8.06548917,   -2.80194166,  -23.5675651 ,      2.57319513], [   35.44948941,  127.60814446,    7.67392775,  312.13315673,      3.51724806,  -11.68082859,   -9.47595956,   49.4156414 ,     -9.21778777,   -1.58872603,   21.74863543,    8.33790816,      4.29415199], [   16.32917507,   35.36426133,   67.51212039,    3.51724806,    166.8955537 ,   21.44683909,   33.52465379,   11.31776208,      2.5058688 ,    8.70865911,   10.86642517,   12.37760573,     -4.69092857], [ -172.18804751,   -5.86990733,   18.15459154,  -11.68082859,     21.44683909,  229.85860501,  -21.69207435,   33.20745839,      1.49288264,   18.11745403,   36.22111378,   -0.79428977,     -0.39121433], [  282.3084411 ,  -22.40071004,    8.18711026,   -9.47595956,     33.52465379,  -21.69207435,  165.00855619,    2.97614788,     26.49608161,   13.23999156,  -20.29808268,    0.80976365,     -3.45354437], [ -129.05171996,   -8.76966955,   35.14086415,   49.4156414 ,     11.31776208,   33.20745839,    2.97614788,  110.54175952,     27.16228338,    6.53036781,   10.53907403,    0.6993793 ,      0.62961062], [  -93.8372246 ,  -18.70863612,   18.24053041,   -9.21778777,      2.5058688 ,    1.49288264,   26.49608161,   27.16228338,     97.14533292,   13.60169512,  -15.9055296 ,  -15.30522813,     -5.28766783], [   26.8913542 ,   -2.83586377,   -8.06548917,   -1.58872603,      8.70865911,   18.11745403,   13.23999156,    6.53036781,     13.60169512,   88.53076208,   19.47505242,    5.72966195,     -8.90052365], [   63.5077094 ,  -15.3868153 ,   -2.80194166,   21.74863543,     10.86642517,   36.22111378,  -20.29808268,   10.53907403,    -15.9055296 ,   19.47505242,  104.27902964,   35.29994648,     13.62719739], [  124.46761993,    7.49352914,  -23.5675651 ,    8.33790816,     12.37760573,   -0.79428977,    0.80976365,    0.6993793 ,    -15.30522813,    5.72966195,   35.29994648,   93.0642638 ,     22.53957924], [  126.40798102,  -29.75371201,    2.57319513,    4.29415199,     -4.69092857,   -0.39121433,   -3.45354437,    0.62961062,     -5.28766783,   -8.90052365,   13.62719739,   22.53957924,     86.99114216]]
/root/sim/music/out/Compilations/MACROSS_SONG_COLLECTION_2002_[Disc_2]/2-13_GET_Free_～_Vf-X2_Version.mp3; [-538.4453    , 103.78753   ,  -9.752591  ,  39.485607  ,   3.481285  ,    0.6064444 ,  -0.830811  ,   6.3192625 ,   6.775838  ,   1.125559  ,    1.6052711 ,  -0.27419788,  -3.391495  ]; [[14118.63845893, 1334.77551876,  803.44943116,  577.82775472,    346.46432177,  133.08947636,   27.04916828,  109.22616075,   -176.68568908, -301.57782653, -208.65343912,    5.49351929,     12.76755408], [ 1334.77551876,  800.90178528, -119.29254895,   97.86741578,    -31.86738217,   72.30985461,   74.15298214,  -13.70891705,     25.86352136,    0.83958618,    2.41244969,    7.75873414,    -23.00339201], [  803.44943116, -119.29254895,  768.65077873,   22.77266656,    141.73669809,   30.95019437,   16.49337188,   11.29090628,    -62.14220502,  -64.79192152,  -87.10143734,   -9.92537078,     33.72248595], [  577.82775472,   97.86741578,   22.77266656,  339.63321566,     37.0001158 ,  -21.29792784,  -83.84243941,   -4.40034538,     48.98189857,  -26.88183704,  -17.25374016,   17.71565795,     27.48171876], [  346.46432177,  -31.86738217,  141.73669809,   37.0001158 ,    221.46066456,  -31.08751675,  -40.17077097,   23.32371098,     -3.29639855,  -28.24789588,  -42.8341941 ,   17.40890684,     17.29195882], [  133.08947636,   72.30985461,   30.95019437,  -21.29792784,    -31.08751675,  143.63508222,   83.46908619,  -10.17211293,    -20.03134775,    2.23737095,    4.54836862,  -15.55232364,    -10.83496484], [   27.04916828,   74.15298214,   16.49337188,  -83.84243941,    -40.17077097,   83.46908619,  163.46329004,   26.99306875,     -3.71233988,   12.87481642,   18.87829901,   -3.60306963,    -19.35151224], [  109.22616075,  -13.70891705,   11.29090628,   -4.40034538,     23.32371098,  -10.17211293,   26.99306875,   88.81231602,     26.50296003,   -0.50424685,    3.25062252,    5.07734146,     -3.51568455], [ -176.68568908,   25.86352136,  -62.14220502,   48.98189857,     -3.29639855,  -20.03134775,   -3.71233988,   26.50296003,    120.18979949,   46.65224538,    9.05316601,    9.78562552,      1.03561443], [ -301.57782653,    0.83958618,  -64.79192152,  -26.88183704,    -28.24789588,    2.23737095,   12.87481642,   -0.50424685,     46.65224538,   97.64621898,   33.41042846,    0.79779664,     -3.80667538], [ -208.65343912,    2.41244969,  -87.10143734,  -17.25374016,    -42.8341941 ,    4.54836862,   18.87829901,    3.25062252,      9.05316601,   33.41042846,   94.66809649,   18.8053536 ,     -3.76584058], [    5.49351929,    7.75873414,   -9.92537078,   17.71565795,     17.40890684,  -15.55232364,   -3.60306963,    5.07734146,      9.78562552,    0.79779664,   18.8053536 ,   63.95369737,     25.48798091], [   12.76755408,  -23.00339201,   33.72248595,   27.48171876,     17.29195882,  -10.83496484,  -19.35151224,   -3.51568455,      1.03561443,   -3.80667538,   -3.76584058,   25.48798091,     60.72683926]]
/root/sim/music/out/Compilations/MACROSS_SONG_COLLECTION_2002_[Disc_2]/2-15_Friends～時空を越えて～.mp3; [-620.4958   , 120.67093  ,  45.918297 ,  25.371403 ,  -1.3834313,    1.4154536,  14.75908  ,   2.3410397,   3.1083858,   0.8894618,   -5.893372 ,  -1.6964324,  -3.5123067]; [[11052.54808577,-1693.25391997, -821.17956236,  208.55879883,    -63.87860642, -227.92381099,   13.08510308, -146.21101766,    173.43431491,   73.0491731 , -171.34327385,   50.2679089 ,    -38.60327412], [-1693.25391997, 1707.75164955,   11.74088198, -194.95461232,    -58.96727281,   43.00686092,  121.91346026,  -26.40761315,     19.06455441,    0.17479347,    7.33238101,  -19.81605661,      8.10238115], [ -821.17956236,   11.74088198,  855.69043135,  -72.10977738,     74.38186079,  103.74033031,  -76.59855731,   85.46591811,   -130.19478167,   26.80714789,  108.41471704,   -7.57995346,    -17.54952089], [  208.55879883, -194.95461232,  -72.10977738,  521.74309559,     29.00535376, -142.3972276 ,   63.79074644,  -13.26224831,    -25.75687456,  -53.17650956,   51.64611024,   27.94135318,     -2.95829073], [  -63.87860642,  -58.96727281,   74.38186079,   29.00535376,    260.47062589,   51.52627408,  -43.88040888,   15.53828272,     25.34621009,   16.99146537,   -4.81129624,    1.72365693,     25.13685399], [ -227.92381099,   43.00686092,  103.74033031, -142.3972276 ,     51.52627408,  329.29851011,  -74.71634435,   77.53532775,     24.89659047,   38.71293184,   18.06064509,   -6.44440056,     33.71583357], [   13.08510308,  121.91346026,  -76.59855731,   63.79074644,    -43.88040888,  -74.71634435,  210.48114297,  -65.56976419,     13.77056089,  -19.38137279,   -3.998044  ,   11.38881816,     -8.64136797], [ -146.21101766,  -26.40761315,   85.46591811,  -13.26224831,     15.53828272,   77.53532775,  -65.56976419,  231.71911633,     -4.2968692 ,    4.66447166,   32.68209088,    5.72265038,     14.67089075], [  173.43431491,   19.06455441, -130.19478167,  -25.75687456,     25.34621009,   24.89659047,   13.77056089,   -4.2968692 ,    175.46347057,   13.41973149,  -28.15463431,    5.47692676,     17.71262001], [   73.0491731 ,    0.17479347,   26.80714789,  -53.17650956,     16.99146537,   38.71293184,  -19.38137279,    4.66447166,     13.41973149,  107.84521008,   15.36012464,   -0.84689646,     10.65571361], [ -171.34327385,    7.33238101,  108.41471704,   51.64611024,     -4.81129624,   18.06064509,   -3.998044  ,   32.68209088,    -28.15463431,   15.36012464,  135.24841528,   27.66916834,    -21.46769597], [   50.2679089 ,  -19.81605661,   -7.57995346,   27.94135318,      1.72365693,   -6.44440056,   11.38881816,    5.72265038,      5.47692676,   -0.84689646,   27.66916834,   92.7513939 ,     16.76701965], [  -38.60327412,    8.10238115,  -17.54952089,   -2.95829073,     25.13685399,   33.71583357,   -8.64136797,   14.67089075,     17.71262001,   10.65571361,  -21.46769597,   16.76701965,    116.21910647]]
/root/sim/music/out/Compilations/MACROSS_SONG_COLLECTION_2002_[Disc_2]/2-12_虹のパレット.mp3; [-616.381     , 131.52406   ,  10.44732   ,  25.42886   ,  -4.15954   ,   -5.6496673 ,   3.5036075 ,  -3.929021  ,  -4.899256  ,  -0.24278648,   -2.8089552 ,  -4.4420457 ,   1.9739136 ]; [[13722.67511524, -697.56155475, -214.09922573,  942.75371202,    362.31093641,  -22.00914829,  298.32915443,  256.33747699,    370.72214803,  188.91469111, -135.73660721,  105.02489518,    303.54466742], [ -697.56155475, 1622.53711255, -108.61133064,  -51.27892396,     17.07043853,  120.69088554,  104.73975681,  -33.14639679,    -41.39352277,    0.14479548,    5.77964451,  -78.16862263,    -72.4938124 ], [ -214.09922573, -108.61133064,  852.8823006 ,  170.59478661,    232.89117192,  134.51066457,  -20.84110677,   88.91074365,     40.49275903,    1.59174067,  102.65411491,  -22.13561046,    -49.22467789], [  942.75371202,  -51.27892396,  170.59478661,  640.59906297,    223.94245155,  -13.80745251,   59.13393628,  130.25341853,     80.28433351,   34.97247247,   42.28133059,   31.3116541 ,      9.72751813], [  362.31093641,   17.07043853,  232.89117192,  223.94245155,    381.6244    ,  121.20716432,   67.59288091,  113.34808837,    102.05646007,   32.49397587,   25.10995322,   22.01396669,     10.22632452], [  -22.00914829,  120.69088554,  134.51066457,  -13.80745251,    121.20716432,  300.12533792,   99.54424568,   49.39011608,     87.58327718,   31.30310297,   23.965256  ,   -6.16869643,     13.77506528], [  298.32915443,  104.73975681,  -20.84110677,   59.13393628,     67.59288091,   99.54424568,  216.47024858,   52.54520669,     53.30381859,   44.61961391,  -14.94536696,    7.1894298 ,      9.35520336], [  256.33747699,  -33.14639679,   88.91074365,  130.25341853,    113.34808837,   49.39011608,   52.54520669,  191.31644594,     85.12152033,   19.53501949,   14.21961492,    5.80547756,     10.75981661], [  370.72214803,  -41.39352277,   40.49275903,   80.28433351,    102.05646007,   87.58327718,   53.30381859,   85.12152033,    189.34977469,   46.16259094,    9.56228427,    6.61102047,     33.77236245], [  188.91469111,    0.14479548,    1.59174067,   34.97247247,     32.49397587,   31.30310297,   44.61961391,   19.53501949,     46.16259094,  109.00563375,   22.05838126,   12.55937154,     20.79613417], [ -135.73660721,    5.77964451,  102.65411491,   42.28133059,     25.10995322,   23.965256  ,  -14.94536696,   14.21961492,      9.56228427,   22.05838126,  107.06869583,   14.16340115,     -3.03944354], [  105.02489518,  -78.16862263,  -22.13561046,   31.3116541 ,     22.01396669,   -6.16869643,    7.1894298 ,    5.80547756,      6.61102047,   12.55937154,   14.16340115,   87.6260155 ,     26.27136438], [  303.54466742,  -72.4938124 ,  -49.22467789,    9.72751813,     10.22632452,   13.77506528,    9.35520336,   10.75981661,     33.77236245,   20.79613417,   -3.03944354,   26.27136438,    103.31306153]]
/root/sim/music/out/Compilations/MACROSS_SONG_COLLECTION_2002_[Disc_2]/2-05_…だけど_ベイビー!!.mp3; [-574.53876   ,  93.93815   ,   4.0408664 ,  39.627663  ,   2.0767477 ,    5.6975627 ,   3.447969  ,  -1.1390893 ,   8.694937  ,  -4.8867903 ,   -0.12154734,  -3.9691052 ,   0.5257599 ]; [[17110.86102358, -138.08652304, -698.15631421, -180.00069123,   -236.69649972,  269.49917059,   29.61691098,   60.65970618,     84.86299289, -171.63329752,  -12.93080202,  -39.35868409,    164.56464897], [ -138.08652304, 1048.29572896, -164.17278758,   22.5749848 ,    -95.70975135, -274.72099155,    1.65594008, -165.47090464,    -21.83089145,  -48.15955731, -100.87375986,  -30.58121757,    -11.58576113], [ -698.15631421, -164.17278758,  878.04289737,  205.90982076,    236.52365133,  139.02762229,   28.40464731,   81.16681313,     26.38747312,   19.903965  ,   54.94113597,    4.71132028,      4.43572543], [ -180.00069123,   22.5749848 ,  205.90982076,  284.59626914,    118.22702777,   61.02836408,    9.89049831,   46.51581072,     -2.40593648,    6.62501802,   27.76779886,    4.73866848,    -15.11948758], [ -236.69649972,  -95.70975135,  236.52365133,  118.22702777,    276.17627234,  193.36928189,   82.89044679,   81.61248201,     60.67744349,   32.45638242,   47.62637422,   18.95936084,     20.07949899], [  269.49917059, -274.72099155,  139.02762229,   61.02836408,    193.36928189,  436.56024325,  104.50723246,  176.32222395,     65.81144624,   75.51444351,   96.32126856,   12.46091948,     36.80210012], [   29.61691098,    1.65594008,   28.40464731,    9.89049831,     82.89044679,  104.50723246,  177.01859221,   72.53445709,     71.81314566,   23.10646383,    3.48509441,    8.96755083,     23.62371787], [   60.65970618, -165.47090464,   81.16681313,   46.51581072,     81.61248201,  176.32222395,   72.53445709,  202.98373924,     73.8764495 ,   45.30659136,   40.04526327,   15.50700736,     25.45128279], [   84.86299289,  -21.83089145,   26.38747312,   -2.40593648,     60.67744349,   65.81144624,   71.81314566,   73.8764495 ,    152.62087316,   48.34121382,   12.99862103,   -1.63201709,     35.4460087 ], [ -171.63329752,  -48.15955731,   19.903965  ,    6.62501802,     32.45638242,   75.51444351,   23.10646383,   45.30659136,     48.34121382,  118.41827054,   59.98021613,   18.379887  ,      8.78412986], [  -12.93080202, -100.87375986,   54.94113597,   27.76779886,     47.62637422,   96.32126856,    3.48509441,   40.04526327,     12.99862103,   59.98021613,  131.72022977,   51.63761782,      6.56029807], [  -39.35868409,  -30.58121757,    4.71132028,    4.73866848,     18.95936084,   12.46091948,    8.96755083,   15.50700736,     -1.63201709,   18.379887  ,   51.63761782,   98.7961405 ,     38.94931632], [  164.56464897,  -11.58576113,    4.43572543,  -15.11948758,     20.07949899,   36.80210012,   23.62371787,   25.45128279,     35.4460087 ,    8.78412986,    6.56029807,   38.94931632,    104.57268981]]
/root/sim/music/out/Compilations/MACROSS_SONG_COLLECTION_2002_[Disc_2]/2-14_Bring_It_On.mp3; [-552.0256    ,  96.2443    , -11.829122  ,  31.310883  ,   2.5863578 ,   12.384289  ,   5.969305  ,   4.7752056 ,   4.2466736 ,   4.181308  ,    1.4359745 ,   0.07664144,  -3.0158505 ]; [[13517.4894709 ,  990.73224533, -350.65646928,  348.99750287,     -0.38311117,  228.29606367,  133.40938376,   48.71788957,    136.72731594,   21.22383335,  -48.85123322, -177.02469587,   -189.59109093], [  990.73224533,  739.72797493, -155.21053451,   69.67488155,     31.59310863,   45.84304016,   48.91954658,   40.69255445,     46.97461757,   18.23219446,   -7.90161724,  -21.22825039,    -57.34092539], [ -350.65646928, -155.21053451,  403.06772561,   33.48222039,     64.98678589,    2.66281066,   -8.08270283,    2.39943565,     -4.80405571,   -3.42762345,   11.34281269,    4.63347305,     21.72036437], [  348.99750287,   69.67488155,   33.48222039,  337.18706874,     78.33681263,   -2.74494057,   -2.89335165,  -43.21691745,     30.23733118,   32.92038602,   -6.17015912,  -10.13521374,      3.92303283], [   -0.38311117,   31.59310863,   64.98678589,   78.33681263,    153.03720196,   26.24513598,   -3.27562464,  -26.10423169,     25.87708177,   28.48716318,    0.89734428,  -11.32478974,    -23.23976745], [  228.29606367,   45.84304016,    2.66281066,   -2.74494057,     26.24513598,   97.17888623,   34.73813564,   11.5789997 ,      4.67605348,   -1.89414574,    3.70229103,  -10.58827605,    -13.61070079], [  133.40938376,   48.91954658,   -8.08270283,   -2.89335165,     -3.27562464,   34.73813564,  117.16919271,   41.95464524,      7.1337466 ,  -11.88344663,   -1.13644481,    1.56079552,      1.8684539 ], [   48.71788957,   40.69255445,    2.39943565,  -43.21691745,    -26.10423169,   11.5789997 ,   41.95464524,   91.8713947 ,     22.47984205,   -9.84969105,   -3.94065476,   -1.72114134,     -1.69012165], [  136.72731594,   46.97461757,   -4.80405571,   30.23733118,     25.87708177,    4.67605348,    7.1337466 ,   22.47984205,     72.77087906,   28.74286906,   -4.45686534,  -14.69082969,    -16.7182615 ], [   21.22383335,   18.23219446,   -3.42762345,   32.92038602,     28.48716318,   -1.89414574,  -11.88344663,   -9.84969105,     28.74286906,   64.28814202,   17.16038961,    2.46303965,     -6.55920942], [  -48.85123322,   -7.90161724,   11.34281269,   -6.17015912,      0.89734428,    3.70229103,   -1.13644481,   -3.94065476,     -4.45686534,   17.16038961,   52.88389625,   23.6081871 ,      5.23885577], [ -177.02469587,  -21.22825039,    4.63347305,  -10.13521374,    -11.32478974,  -10.58827605,    1.56079552,   -1.72114134,    -14.69082969,    2.46303965,   23.6081871 ,   63.78447238,     34.80618835], [ -189.59109093,  -57.34092539,   21.72036437,    3.92303283,    -23.23976745,  -13.61070079,    1.8684539 ,   -1.69012165,    -16.7182615 ,   -6.55920942,    5.23885577,   34.80618835,     71.99448574]]
