/root/sim/music/out/Compilations/マクロスSONGコレクション2002_[Disc_1]/1-19_VOICES.mp3; [-848.3756    , 135.84773   , -13.498191  ,  -0.14466305, -14.679407  ,  -17.758392  ,  -2.6384401 , -14.891099  ,  -8.948316  ,  -9.320389  ,  -11.943639  ,  -4.440529  ,  -2.4713607 ]; [[25021.89741177, 5224.59109292,  -93.60862041,   55.7396567 ,    -66.13275922, -869.76471258, -128.84762028, -138.89864852,   -711.1633245 ,  -58.6250747 ,  137.12699546, -572.93318727,   -567.6116692 ], [ 5224.59109292, 2914.56010885,  -93.5828908 , -159.82786697,   -207.12464904, -343.25003825, -102.78657343, -184.80730721,   -229.71284441,  -70.16314215,  -12.19550703, -219.70574806,   -198.17683879], [  -93.60862041,  -93.5828908 ,  911.18458036,  480.38413891,    308.93595525,  200.58810891,  120.41562696,  124.05324335,    -47.90955778,  -11.55134532,   55.7625366 ,   29.2065255 ,    -61.84182757], [   55.7396567 , -159.82786697,  480.38413891, 1212.15147216,    470.0125975 ,  356.01658158,  127.89053481,  239.98692939,    107.64305468,  -18.84300907,   69.08063376,   80.63014172,   -116.71099572], [  -66.13275922, -207.12464904,  308.93595525,  470.0125975 ,    645.9441061 ,  215.78728061,  104.26671262,  219.05054222,     47.09212947,   31.20125841,  -10.21761913,  -13.98959725,    -85.11206544], [ -869.76471258, -343.25003825,  200.58810891,  356.01658158,    215.78728061,  569.95524049,  182.44953044,  104.21183066,    136.47005392,   83.84032529,   45.41752379,   45.13802262,     -3.24828605], [ -128.84762028, -102.78657343,  120.41562696,  127.89053481,    104.26671262,  182.44953044,  430.85225504,   17.49631249,     38.73630461,   81.56803821,   -1.34833836,   24.22236771,      0.91560832], [ -138.89864852, -184.80730721,  124.05324335,  239.98692939,    219.05054222,  104.21183066,   17.49631249,  379.73668408,     87.917427  ,   47.64405328,   68.36939531,   15.68635272,    -24.23503827], [ -711.1633245 , -229.71284441,  -47.90955778,  107.64305468,     47.09212947,  136.47005392,   38.73630461,   87.917427  ,    277.22529959,   77.42113658,   34.43651802,   78.11260881,     45.21201996], [  -58.6250747 ,  -70.16314215,  -11.55134532,  -18.84300907,     31.20125841,   83.84032529,   81.56803821,   47.64405328,     77.42113658,  229.26921126,   62.13579297,   54.6168805 ,     53.30188586], [  137.12699546,  -12.19550703,   55.7625366 ,   69.08063376,    -10.21761913,   45.41752379,   -1.34833836,   68.36939531,     34.43651802,   62.13579297,  230.58904975,  101.92360152,     51.18271875], [ -572.93318727, -219.70574806,   29.2065255 ,   80.63014172,    -13.98959725,   45.13802262,   24.22236771,   15.68635272,     78.11260881,   54.6168805 ,  101.92360152,  258.03825299,    114.39518841], [ -567.6116692 , -198.17683879,  -61.84182757, -116.71099572,    -85.11206544,   -3.24828605,    0.91560832,  -24.23503827,     45.21201996,   53.30188586,   51.18271875,  114.39518841,    227.69047141]]
/root/sim/music/out/Compilations/マクロスSONGコレクション2002_[Disc_1]/1-02_ランナー.mp3; [-718.1422    , 167.77744   ,  -2.0920913 ,  19.96368   ,  -0.61233014,   -3.2884424 ,  -3.7804885 ,   8.51142   , -11.573138  ,  -4.7744927 ,    7.013871  ,  -7.981277  ,  -2.9905856 ]; [[16614.04481837,  615.38244382,-1116.06126999,  122.73125662,   -208.35518472, -330.23603258, -278.28542902,  703.94766404,   -731.67665874, -444.78702608,  349.00456526, -501.84087097,      5.17260941], [  615.38244382, 1486.29889503, -184.88887645,   24.33722662,   -114.52734388,  -60.17807331,   70.79472128,  -42.00937119,     23.412796  ,   19.33899145,  -85.70260504,    8.88036442,     -5.38935506], [-1116.06126999, -184.88887645,  581.36088122,   33.13616242,     45.03221875,  114.48133186,   25.2278935 ,  -57.73169196,     48.44811592,  -25.75339383, -102.24110969,   12.89560321,     -1.05612415], [  122.73125662,   24.33722662,   33.13616242,  265.99240516,     81.01740921,   36.34866173,  -44.73836119,  -31.87021821,     56.09651784,   -0.98945659,  -53.0823264 ,   -7.37030362,     24.522763  ], [ -208.35518472, -114.52734388,   45.03221875,   81.01740921,    284.69966699,   43.97439368,  -91.08262038,  -31.22320407,     13.20219936,    4.18046204,  -10.40118155,  -29.62497909,     31.66966518], [ -330.23603258,  -60.17807331,  114.48133186,   36.34866173,     43.97439368,  159.86629061,   64.67381568,  -37.80231683,     36.29285351,    9.7077042 ,  -28.66343593,   21.826281  ,      2.491698  ], [ -278.28542902,   70.79472128,   25.2278935 ,  -44.73836119,    -91.08262038,   64.67381568,  250.7283415 ,    6.35595896,     36.34510078,   47.78833199,  -17.59022338,   68.29354151,    -23.37373976], [  703.94766404,  -42.00937119,  -57.73169196,  -31.87021821,    -31.22320407,  -37.80231683,    6.35595896,  272.52784284,   -100.72703856,  -58.09795169,   80.54481011,  -73.40592174,     20.3623705 ], [ -731.67665874,   23.412796  ,   48.44811592,   56.09651784,     13.20219936,   36.29285351,   36.34510078, -100.72703856,    186.826342  ,   80.90758527,  -49.45870733,   61.50273799,    -19.46596621], [ -444.78702608,   19.33899145,  -25.75339383,   -0.98945659,      4.18046204,    9.7077042 ,   47.78833199,  -58.09795169,     80.90758527,  170.72038671,   21.03449044,   37.61184371,    -30.45957186], [  349.00456526,  -85.70260504, -102.24110969,  -53.0823264 ,    -10.40118155,  -28.66343593,  -17.59022338,   80.54481011,    -49.45870733,   21.03449044,  177.00657219,   -6.06111686,     -5.00294773], [ -501.84087097,    8.88036442,   12.89560321,   -7.37030362,    -29.62497909,   21.826281  ,   68.29354151,  -73.40592174,     61.50273799,   37.61184371,   -6.06111686,  143.85838752,      6.54785431], [    5.17260941,   -5.38935506,   -1.05612415,   24.522763  ,     31.66966518,    2.491698  ,  -23.37373976,   20.3623705 ,    -19.46596621,  -30.45957186,   -5.00294773,    6.54785431,    102.9762996 ]]
/root/sim/music/out/Compilations/マクロスSONGコレクション2002_[Disc_1]/1-12_ランナー_―リン・ミンメイ・バージョン―.mp3; [-751.7585    , 148.97403   ,   7.061886  ,  26.038141  ,   2.6277595 ,   -3.8859246 ,   9.439621  ,  -8.4731245 ,   2.3161924 ,  -0.61635816,    1.0458386 ,   0.74635434,  -3.2198644 ]; [[24195.48680683, 1143.82763768,-1491.4362819 ,  624.87236066,   -261.26174355, -460.69190287,  726.23069175, -703.09040511,    487.72734938, -345.85408184, -453.50981768,   73.65364975,    248.28388289], [ 1143.82763768, 1715.80260434, -114.02534385,   99.76578142,      8.38211852,    8.47048571,  -21.16794199,   28.80441704,    -67.56739349,   60.81409142,   43.0904702 ,  -54.23960487,    -96.26449634], [-1491.4362819 , -114.02534385,  695.18877179,  -84.36062721,     63.36992687,   91.60508688,  -48.23880572,  106.5521952 ,   -111.2092783 ,   -8.01400872,    2.392198  ,  -57.31280714,    -59.64809718], [  624.87236066,   99.76578142,  -84.36062721,  318.00991051,     18.44535621,  -52.703476  ,   33.7013914 ,   12.06337149,     16.65595553,   -9.70710934,   13.018777  ,   26.93862011,    -10.1729613 ], [ -261.26174355,    8.38211852,   63.36992687,   18.44535621,    139.42961434,   38.94187039,  -16.83063822,   26.21074127,    -11.98998813,   16.17725536,    4.1188805 ,   15.46544725,      5.23720025], [ -460.69190287,    8.47048571,   91.60508688,  -52.703476  ,     38.94187039,  235.85575186,  -13.86170743,   55.0203794 ,    -44.82430143,   24.05935069,   10.40176047,  -42.92679022,      3.34721236], [  726.23069175,  -21.16794199,  -48.23880572,   33.7013914 ,    -16.83063822,  -13.86170743,  177.62567028,  -44.56781005,     54.59323428,  -26.45035568,  -47.60989679,    5.24142008,     23.00151351], [ -703.09040511,   28.80441704,  106.5521952 ,   12.06337149,     26.21074127,   55.0203794 ,  -44.56781005,  182.13062841,    -24.71529734,   26.79061009,   53.98673238,    6.34650753,    -21.91406802], [  487.72734938,  -67.56739349, -111.2092783 ,   16.65595553,    -11.98998813,  -44.82430143,   54.59323428,  -24.71529734,    157.89932324,   19.79163153,  -34.31694898,   -3.50564161,     18.98771867], [ -345.85408184,   60.81409142,   -8.01400872,   -9.70710934,     16.17725536,   24.05935069,  -26.45035568,   26.79061009,     19.79163153,  121.62974321,   59.68274573,  -12.23671456,    -31.34962438], [ -453.50981768,   43.0904702 ,    2.392198  ,   13.018777  ,      4.1188805 ,   10.40176047,  -47.60989679,   53.98673238,    -34.31694898,   59.68274573,  167.76808805,   34.82620944,    -47.21156778], [   73.65364975,  -54.23960487,  -57.31280714,   26.93862011,     15.46544725,  -42.92679022,    5.24142008,    6.34650753,     -3.50564161,  -12.23671456,   34.82620944,  142.19990893,     36.30936669], [  248.28388289,  -96.26449634,  -59.64809718,  -10.1729613 ,      5.23720025,    3.34721236,   23.00151351,  -21.91406802,     18.98771867,  -31.34962438,  -47.21156778,   36.30936669,    135.87608229]]
/root/sim/music/out/Compilations/マクロスSONGコレクション2002_[Disc_1]/1-03_私の彼はパイロット_PartⅠ.mp3; [-680.4132   , 105.169334 ,  14.8004675,  28.73457  ,   2.5120692,    9.065997 ,  12.228146 ,  -4.724442 ,   2.1679192,  -3.0728595,   -6.22081  ,  -2.3815675,   1.0696894]; [[27109.56344477, 2440.99130182,  -92.57123828,  923.74289084,   -354.46025339,  246.19436139,  460.8787147 , -331.39169409,    205.4475752 ,  -92.71377566, -185.73784994, -132.22941474,   -128.93305306], [ 2440.99130182, 1408.8184523 ,  -97.43405451,  180.59369525,     33.98835156,   80.97898253,   94.91708304,   11.73090033,     14.84409945,   -6.85360105,  -49.92467848,  -10.27339408,     27.18778698], [  -92.57123828,  -97.43405451,  739.13379047,   56.80243573,    159.77050873,  -49.30636678,    6.89313112,   28.0452348 ,    -21.83914256,   -7.17972129,   -1.06145653,  -28.13089495,    -35.86566086], [  923.74289084,  180.59369525,   56.80243573,  341.57738797,     97.79888362,   20.83235153,   27.56939346,   35.57638202,     29.98667928,    8.19172669,   31.8810061 ,    0.08161873,      7.0886104 ], [ -354.46025339,   33.98835156,  159.77050873,   97.79888362,    287.51362459,   51.24335631,  -14.93529308,   60.05301626,     12.92728027,   22.40147979,   11.12927861,   -6.17225939,     -3.30211925], [  246.19436139,   80.97898253,  -49.30636678,   20.83235153,     51.24335631,  189.17832397,   46.12916494,   67.57299072,     10.63422627,   19.04632064,  -13.34932634,   -8.70617042,      4.65472742], [  460.8787147 ,   94.91708304,    6.89313112,   27.56939346,    -14.93529308,   46.12916494,  137.67993457,   20.27761942,     29.85816612,    8.15054073,   -1.41653982,   14.41064825,      6.52127916], [ -331.39169409,   11.73090033,   28.0452348 ,   35.57638202,     60.05301626,   67.57299072,   20.27761942,  197.08600793,     18.92281837,   13.00353793,   12.0633843 ,   -5.00296525,      4.5930102 ], [  205.4475752 ,   14.84409945,  -21.83914256,   29.98667928,     12.92728027,   10.63422627,   29.85816612,   18.92281837,    113.40137115,   26.32296836,    5.99784127,    5.76773878,     20.79982153], [  -92.71377566,   -6.85360105,   -7.17972129,    8.19172669,     22.40147979,   19.04632064,    8.15054073,   13.00353793,     26.32296836,   95.56458212,   29.83494959,   17.90813228,      7.17836731], [ -185.73784994,  -49.92467848,   -1.06145653,   31.8810061 ,     11.12927861,  -13.34932634,   -1.41653982,   12.0633843 ,      5.99784127,   29.83494959,   98.66301811,   33.43099498,     13.06351272], [ -132.22941474,  -10.27339408,  -28.13089495,    0.08161873,     -6.17225939,   -8.70617042,   14.41064825,   -5.00296525,      5.76773878,   17.90813228,   33.43099498,   86.64494672,     30.94484045], [ -128.93305306,   27.18778698,  -35.86566086,    7.0886104 ,     -3.30211925,    4.65472742,    6.52127916,    4.5930102 ,     20.79982153,    7.17836731,   13.06351272,   30.94484045,     90.6349172 ]]
/root/sim/music/out/Compilations/マクロスSONGコレクション2002_[Disc_1]/1-05_0-G_Love.mp3; [-673.28925   ,  84.677956  ,   5.6624007 ,  36.679348  ,  12.50297   ,    8.126549  ,  16.219893  ,  -0.82564634,   4.401475  ,   1.4293715 ,   -1.9929389 ,   1.577992  ,  -0.5753791 ]; [[30231.11041594, 1415.43556569, -476.95590254,  893.7762284 ,   -132.83899078, -130.74295887,  601.48980434, -343.66329628,    213.77463246,  -79.43252354, -334.06360061,   15.95610365,   -192.23271609], [ 1415.43556569, 1379.91232867, -228.29100646,  212.86373009,    109.35898172,   72.05218304,   92.51325684,   35.39147911,     23.542658  ,   36.67376436,   23.56544511,   19.97167373,     36.34994547], [ -476.95590254, -228.29100646,  745.69440071,   37.17791958,    169.21478162,  125.92552546,  -16.55355187,   44.42846992,    -74.85871959,   18.32896811,   42.01216216,  -23.98612961,     -4.55022605], [  893.7762284 ,  212.86373009,   37.17791958,  496.11896051,     93.8900086 ,    3.27141819,   34.61173816,   37.59053845,     17.67412906,  -24.97431354,   43.91709811,    2.23490767,    -28.20479085], [ -132.83899078,  109.35898172,  169.21478162,   93.8900086 ,    221.23374245,   87.69298982,  -10.00278632,   74.98831883,     -9.66220369,   23.23081908,   33.45293917,   -6.28565237,     11.9760283 ], [ -130.74295887,   72.05218304,  125.92552546,    3.27141819,     87.69298982,  224.83089328,   26.59459824,   65.55780909,     -7.38908236,   35.20444629,   14.75930859,  -24.75477749,     18.29264651], [  601.48980434,   92.51325684,  -16.55355187,   34.61173816,    -10.00278632,   26.59459824,  136.29750276,   15.77969672,     20.87050738,    8.79540813,    2.2895245 ,   21.17401962,     11.99136491], [ -343.66329628,   35.39147911,   44.42846992,   37.59053845,     74.98831883,   65.55780909,   15.77969672,  154.23040685,     44.62900422,   25.26492342,   21.06771984,   -5.77771705,     18.63438568], [  213.77463246,   23.542658  ,  -74.85871959,   17.67412906,     -9.66220369,   -7.38908236,   20.87050738,   44.62900422,    133.05121854,   27.45516315,    6.95629714,   11.31851676,     16.70867959], [  -79.43252354,   36.67376436,   18.32896811,  -24.97431354,     23.23081908,   35.20444629,    8.79540813,   25.26492342,     27.45516315,   92.96959674,   36.41206722,   15.70729062,     13.41104189], [ -334.06360061,   23.56544511,   42.01216216,   43.91709811,     33.45293917,   14.75930859,    2.2895245 ,   21.06771984,      6.95629714,   36.41206722,   88.5304279 ,   33.66472205,     16.97361453], [   15.95610365,   19.97167373,  -23.98612961,    2.23490767,     -6.28565237,  -24.75477749,   21.17401962,   -5.77771705,     11.31851676,   15.70729062,   33.66472205,   83.14918254,     38.83764631], [ -192.23271609,   36.34994547,   -4.55022605,  -28.20479085,     11.9760283 ,   18.29264651,   11.99136491,   18.63438568,     16.70867959,   13.41104189,   16.97361453,   38.83764631,     84.16054294]]
/root/sim/music/out/Compilations/マクロスSONGコレクション2002_[Disc_1]/1-06_シルバームーン・レッドムーン.mp3; [-712.1246   , 141.07509  ,  16.830538 ,  23.52971  ,   7.1321473,    4.967233 ,  11.725052 ,  -6.884225 ,   3.1536856,  -1.6566405,   -4.177102 ,  -1.227652 ,   3.3988836]; [[15049.81419286,  502.91596754, -319.76288131,  324.1599814 ,   -321.86049246, -108.93346897,   86.50136519, -448.77138896,    165.35795118, -159.08034574, -234.18989626, -125.86627422,     74.55554086], [  502.91596754, 1788.98989874, -242.76836026,   -5.17770084,     59.20598146,  -58.56356081,   64.12754366,  -71.21000826,      4.02225094,   -1.05016783,  -34.75719054,  -33.51323483,     -6.52464957], [ -319.76288131, -242.76836026, 1048.80749789,   18.46729827,     95.22118662,   11.82605342,  -30.38618501,   30.27120696,    -70.34848362,  -45.91672211,   11.93345785,  -42.0899781 ,    -80.13593726], [  324.1599814 ,   -5.17770084,   18.46729827,  412.16408907,     62.8879213 ,   24.58778244,   37.45177014,   47.26041252,     12.81833897,   -6.25698882,   17.55084547,    8.48812271,     22.25081585], [ -321.86049246,   59.20598146,   95.22118662,   62.8879213 ,    214.85975257,   47.79223751,   -4.21826019,   34.48991336,     -3.53788004,   15.94411729,   16.60403607,   17.13428949,      0.82111754], [ -108.93346897,  -58.56356081,   11.82605342,   24.58778244,     47.79223751,  223.39378138,   39.72430717,   65.15030261,    -12.42968731,   30.92752861,   -2.92430808,    3.59075126,      1.89152797], [   86.50136519,   64.12754366,  -30.38618501,   37.45177014,     -4.21826019,   39.72430717,  154.2498658 ,    7.86119461,     27.74288603,   -5.2718236 ,    6.77750926,   15.29986011,      7.58311727], [ -448.77138896,  -71.21000826,   30.27120696,   47.26041252,     34.48991336,   65.15030261,    7.86119461,  255.2998747 ,      0.03499009,   37.16951459,   -3.48305983,    3.32026072,      1.78472965], [  165.35795118,    4.02225094,  -70.34848362,   12.81833897,     -3.53788004,  -12.42968731,   27.74288603,    0.03499009,    159.66644777,   34.87909154,    6.16062292,  -13.74041314,      9.8612285 ], [ -159.08034574,   -1.05016783,  -45.91672211,   -6.25698882,     15.94411729,   30.92752861,   -5.2718236 ,   37.16951459,     34.87909154,  136.10593471,   42.22562732,    0.42158332,    -23.13588742], [ -234.18989626,  -34.75719054,   11.93345785,   17.55084547,     16.60403607,   -2.92430808,    6.77750926,   -3.48305983,      6.16062292,   42.22562732,  115.42503913,   40.6149556 ,    -11.91280231], [ -125.86627422,  -33.51323483,  -42.0899781 ,    8.48812271,     17.13428949,    3.59075126,   15.29986011,    3.32026072,    -13.74041314,    0.42158332,   40.6149556 ,  127.18889815,     47.57537078], [   74.55554086,   -6.52464957,  -80.13593726,   22.25081585,      0.82111754,    1.89152797,    7.58311727,    1.78472965,      9.8612285 ,  -23.13588742,  -11.91280231,   47.57537078,    121.30342038]]
/root/sim/music/out/Compilations/マクロスSONGコレクション2002_[Disc_1]/1-08_やさしさSAYONARA.mp3; [-662.28973   , 139.13803   ,  -5.764724  ,  28.466173  ,   8.025169  ,   -3.0560927 ,  10.321222  ,  -5.5926843 ,   2.018061  ,   1.6486673 ,   -7.3272357 ,  -0.26068616,   1.5969883 ]; [[12521.94729057,  618.87097227, -788.91892036,  217.78928874,    -79.2975467 , -210.87340175,  152.16788072, -144.54842855,     65.40969076,   36.22986749, -238.34063292,  -78.60847107,    -30.411502  ], [  618.87097227, 1312.80738024,   61.83583696,   33.8183602 ,    -18.97087843,    0.47983242,  106.54002271,  -96.14604322,    -15.92263504,    6.84962643,  -18.37297404,   19.8784442 ,     -3.76053971], [ -788.91892036,   61.83583696,  753.13178312,  -22.39584185,    -39.96122351,  103.26897193,   -9.08220999,   25.88667515,    -34.03225003,  -50.1808067 ,   27.08531999,   20.86969808,    -13.65002603], [  217.78928874,   33.8183602 ,  -22.39584185,  332.97996252,    115.41090162,  -56.97069419,  -41.5255971 ,   62.42494943,     -1.29770928,  -15.14127524,   38.37550253,   35.37143347,      5.39351321], [  -79.2975467 ,  -18.97087843,  -39.96122351,  115.41090162,    221.22534858,   12.86904302,  -62.40554775,   74.73155301,      7.58307762,   17.06486533,   44.41567379,   -8.38309511,     -5.9946832 ], [ -210.87340175,    0.47983242,  103.26897193,  -56.97069419,     12.86904302,  245.42351596,   39.5151785 ,   38.09297494,     21.17834216,   23.21986865,    5.55614008,  -37.93014464,     13.49972362], [  152.16788072,  106.54002271,   -9.08220999,  -41.5255971 ,    -62.40554775,   39.5151785 ,  195.62589012,  -54.72404673,     21.22896631,    7.17312611,  -44.14515762,   23.85341166,      6.06410283], [ -144.54842855,  -96.14604322,   25.88667515,   62.42494943,     74.73155301,   38.09297494,  -54.72404673,  177.67589152,     16.93713068,   12.25318111,   46.81586119,   -4.93742405,      6.94166719], [   65.40969076,  -15.92263504,  -34.03225003,   -1.29770928,      7.58307762,   21.17834216,   21.22896631,   16.93713068,    121.29449176,   15.74330143,   -7.4418646 ,  -25.49752762,      5.60526892], [   36.22986749,    6.84962643,  -50.1808067 ,  -15.14127524,     17.06486533,   23.21986865,    7.17312611,   12.25318111,     15.74330143,   99.06633257,   21.3438098 ,    0.68985922,     -5.35287944], [ -238.34063292,  -18.37297404,   27.08531999,   38.37550253,     44.41567379,    5.55614008,  -44.14515762,   46.81586119,     -7.4418646 ,   21.3438098 ,  107.23702038,   30.40485492,      5.05963368], [  -78.60847107,   19.8784442 ,   20.86969808,   35.37143347,     -8.38309511,  -37.93014464,   23.85341166,   -4.93742405,    -25.49752762,    0.68985922,   30.40485492,  114.81291404,     32.43233752], [  -30.411502  ,   -3.76053971,  -13.65002603,    5.39351321,     -5.9946832 ,   13.49972362,    6.06410283,    6.94166719,      5.60526892,   -5.35287944,    5.05963368,   32.43233752,     92.09839267]]
/root/sim/music/out/Compilations/マクロスSONGコレクション2002_[Disc_1]/1-16_de・ja・vu～そばにいて.mp3; [-629.6033    , 116.412895  ,  25.686031  ,  22.21312   ,  11.528764  ,   -0.6637915 ,   6.8713    ,   1.7460474 ,   0.61991686,   0.57131565,   -7.6241026 ,  -0.31140015,  -1.5550408 ]; [[18803.25769406,  232.25953679, -297.70489182,   98.29376365,    160.89432266, -115.981023  ,  372.49061345,  -13.09069165,     42.68816719,   98.58572933, -320.99201511,   61.96586441,    -12.77558286], [  232.25953679,  888.46807082,  -61.29360383,  -35.56824179,    -31.50467516,  -15.58970417,  -14.86110973,   -5.79156462,    -23.55168783,   -4.47057605,   16.15410251,  -10.64643296,     10.24815952], [ -297.70489182,  -61.29360383,  479.31850642,  -60.60574004,     14.16328302,   40.37936201,  -55.04187657,   13.8456945 ,    -50.89854568,  -36.75189969,   17.53730202,   -9.84354288,     16.09334845], [   98.29376365,  -35.56824179,  -60.60574004,  468.00638168,     17.90990456,  -29.87810798,  -51.71813791,   28.09311147,    115.87655242,  -71.26675837,   17.78124072,   38.52825395,     -7.85525728], [  160.89432266,  -31.50467516,   14.16328302,   17.90990456,    175.24777421,   -4.22900666,    9.93693491,    4.92171976,     10.97163514,   13.56617105,  -28.86203308,    4.99122141,     12.73670472], [ -115.981023  ,  -15.58970417,   40.37936201,  -29.87810798,     -4.22900666,  199.89058364,   58.18660862,   -8.14972443,    -17.36554882,   32.17600218,   41.16253869,  -19.51353778,      4.52660325], [  372.49061345,  -14.86110973,  -55.04187657,  -51.71813791,      9.93693491,   58.18660862,  210.32224449,   -6.34288337,     -5.38998412,   47.88616722,   -9.58043081,    9.21690377,     -9.36392194], [  -13.09069165,   -5.79156462,   13.8456945 ,   28.09311147,      4.92171976,   -8.14972443,   -6.34288337,   95.15147934,     19.19923054,  -12.30107387,    0.64632859,    4.70583717,      7.61360499], [   42.68816719,  -23.55168783,  -50.89854568,  115.87655242,     10.97163514,  -17.36554882,   -5.38998412,   19.19923054,    136.45402683,    0.85982491,    6.80327175,    1.35833091,     -7.75659231], [   98.58572933,   -4.47057605,  -36.75189969,  -71.26675837,     13.56617105,   32.17600218,   47.88616722,  -12.30107387,      0.85982491,  128.90648028,   12.81552297,  -14.78310597,    -17.7526372 ], [ -320.99201511,   16.15410251,   17.53730202,   17.78124072,    -28.86203308,   41.16253869,   -9.58043081,    0.64632859,      6.80327175,   12.81552297,  117.04489525,    6.1586465 ,     -8.76219061], [   61.96586441,  -10.64643296,   -9.84354288,   38.52825395,      4.99122141,  -19.51353778,    9.21690377,    4.70583717,      1.35833091,  -14.78310597,    6.1586465 ,   83.18999229,      9.22539166], [  -12.77558286,   10.24815952,   16.09334845,   -7.85525728,     12.73670472,    4.52660325,   -9.36392194,    7.61360499,     -7.75659231,  -17.7526372 ,   -8.76219061,    9.22539166,     85.33627361]]
/root/sim/music/out/Compilations/マクロスSONGコレクション2002_[Disc_1]/1-20_AfterIn_The_Dark_～_Torch_Song.mp3; [-738.47144  , 167.89827  ,  -2.9100993,   9.43113  ,  -5.2223015,   -5.839509 ,   8.686597 ,  -5.630184 ,  -9.246949 ,  -2.2245412,   -5.9506707,  -5.9492216,  -5.863084 ]; [[22766.76586003,-3629.15143123,-2441.96114127,  -15.61419797,   1394.44468845,  830.92626747, -172.40315904,  588.4334968 ,    741.94848767,  135.28241829,  295.23626794,  -32.60292035,     11.34804959], [-3629.15143123, 2008.21877823,  329.66560179,   20.58017424,   -387.64766238, -133.46663376,  100.05259681, -154.17235922,   -282.22791121,  -77.30609877,  -87.02710168,  -20.07309876,    -37.10755954], [-2441.96114127,  329.66560179, 1123.12950172,   69.77207759,    -81.68169799,  -19.53426915,  -29.84188716,    6.86236488,    -53.51087817,    4.28412708,   27.58513481,   25.30476603,     43.86200488], [  -15.61419797,   20.58017424,   69.77207759,  259.31997057,     38.22622044,   -8.84279235,   46.39759838,    9.95746997,     -2.13910699,   24.29694426,  -12.80476626,   29.78398154,     22.02674075], [ 1394.44468845, -387.64766238,  -81.68169799,   38.22622044,    319.89779367,   75.07254971,  -98.83033161,   48.74892853,    127.55254861,   11.09743697,   36.93429296,   17.81020323,     18.89939019], [  830.92626747, -133.46663376,  -19.53426915,   -8.84279235,     75.07254971,  212.62609433,   -1.03870847,   86.10494009,     32.29911293,   12.11151113,   53.57759045,    2.69651686,     -0.21882051], [ -172.40315904,  100.05259681,  -29.84188716,   46.39759838,    -98.83033161,   -1.03870847,  303.28836901,   11.03167775,    -70.43387337,   60.55891794,  -24.9324225 ,   -4.99653895,     -1.18672164], [  588.4334968 , -154.17235922,    6.86236488,    9.95746997,     48.74892853,   86.10494009,   11.03167775,  160.23959476,     50.85401462,   14.68929342,   46.58819253,   25.36682749,     11.38240291], [  741.94848767, -282.22791121,  -53.51087817,   -2.13910699,    127.55254861,   32.29911293,  -70.43387337,   50.85401462,    167.44775547,   27.47654052,   22.51117206,   -3.98774559,      5.6209636 ], [  135.28241829,  -77.30609877,    4.28412708,   24.29694426,     11.09743697,   12.11151113,   60.55891794,   14.68929342,     27.47654052,   97.2405536 ,   25.63773082,    8.22865657,      4.83677449], [  295.23626794,  -87.02710168,   27.58513481,  -12.80476626,     36.93429296,   53.57759045,  -24.9324225 ,   46.58819253,     22.51117206,   25.63773082,  107.55841195,   37.09541101,      6.99688213], [  -32.60292035,  -20.07309876,   25.30476603,   29.78398154,     17.81020323,    2.69651686,   -4.99653895,   25.36682749,     -3.98774559,    8.22865657,   37.09541101,  115.63899659,     28.2127872 ], [   11.34804959,  -37.10755954,   43.86200488,   22.02674075,     18.89939019,   -0.21882051,   -1.18672164,   11.38240291,      5.6209636 ,    4.83677449,    6.99688213,   28.2127872 ,     70.40405336]]
/root/sim/music/out/Compilations/マクロスSONGコレクション2002_[Disc_1]/1-07_愛は流れる.mp3; [-719.2324   , 157.13763  ,   9.935459 ,  24.017775 ,   8.907981 ,    3.6222608,  13.477307 ,  -4.6338325,   7.8845773,   1.7282985,   -3.718328 ,  -0.040367 ,   3.2343714]; [[11444.3554827 ,   -4.90721018, -481.68705448,   67.66129494,   -173.78645826, -134.02402011,  321.30549837, -249.47465197,    173.01930957, -142.60057397, -241.49920046, -107.51912375,     42.02068769], [   -4.90721018, 1857.52867096, -167.9391107 ,  -29.15201395,    101.29409062,   83.27283682,  -43.38884659,   38.16615748,     -5.54878137,  102.63403123,   44.73348881,   16.0128237 ,    -22.81608882], [ -481.68705448, -167.9391107 ,  696.51211443,  156.39085032,    129.72288231,   14.59336231,   50.90440955,   14.21902895,    -40.10526707,  -31.65969779,   27.186991  ,   23.69650752,    -37.51372079], [   67.66129494,  -29.15201395,  156.39085032,  328.38749393,     66.49456113,  -12.5170359 ,   51.95191309,   23.1465474 ,      8.67870613,  -38.03519454,   23.78625524,    1.98094223,     -3.03895459], [ -173.78645826,  101.29409062,  129.72288231,   66.49456113,    186.03435363,   50.73556759,    7.76562729,    7.40015326,     -0.43859083,   -2.58260013,   11.29252252,   -3.8442573 ,     -5.09122032], [ -134.02402011,   83.27283682,   14.59336231,  -12.5170359 ,     50.73556759,  241.00654331,    2.75927448,   87.91918409,    -18.41630164,   34.77608175,    4.50410895,  -28.94381901,      8.78827403], [  321.30549837,  -43.38884659,   50.90440955,   51.95191309,      7.76562729,    2.75927448,  169.45294419,  -14.26844021,     29.80455365,   -9.32393614,  -23.96913812,    0.23732847,      0.91817349], [ -249.47465197,   38.16615748,   14.21902895,   23.1465474 ,      7.40015326,   87.91918409,  -14.26844021,  197.16312491,    -14.01136755,   17.68250918,    3.38050227,    7.5069255 ,      6.58003371], [  173.01930957,   -5.54878137,  -40.10526707,    8.67870613,     -0.43859083,  -18.41630164,   29.80455365,  -14.01136755,    143.87119681,   12.63159533,  -10.50683099,  -28.78464316,      5.00769406], [ -142.60057397,  102.63403123,  -31.65969779,  -38.03519454,     -2.58260013,   34.77608175,   -9.32393614,   17.68250918,     12.63159533,  109.10330211,   15.20488967,    2.46352819,     -5.71910769], [ -241.49920046,   44.73348881,   27.186991  ,   23.78625524,     11.29252252,    4.50410895,  -23.96913812,    3.38050227,    -10.50683099,   15.20488967,   95.55839704,   31.09730247,    -10.11515031], [ -107.51912375,   16.0128237 ,   23.69650752,    1.98094223,     -3.8442573 ,  -28.94381901,    0.23732847,    7.5069255 ,    -28.78464316,    2.46352819,   31.09730247,  119.48613956,     24.7296749 ], [   42.02068769,  -22.81608882,  -37.51372079,   -3.03895459,     -5.09122032,    8.78827403,    0.91817349,    6.58003371,      5.00769406,   -5.71910769,  -10.11515031,   24.7296749 ,    108.867112  ]]
/root/sim/music/out/Compilations/マクロスSONGコレクション2002_[Disc_1]/1-04_小白竜.mp3; [-683.40924   ,  92.66984   ,  -4.4397073 ,  28.500706  ,  10.597107  ,    9.627749  ,  16.857464  ,   2.1457222 ,   4.6440587 ,   0.24223983,   -7.673136  ,  -3.1894658 ,   2.1688962 ]; [[29716.4191072 , 3285.61422447, -253.505704  , 1116.79852232,    461.89522831,  475.62940905,  772.93508819, -357.31895838,    189.14927453,  153.51958758, -456.93219654, -219.75768929,    -81.81545252], [ 3285.61422447, 1732.08940086,  239.12548714,  434.0688203 ,    219.25423454,   57.1434096 ,  127.02111318, -151.51056697,     -2.59486297,   29.65083623,   19.78055253,    0.78304153,    -83.5541786 ], [ -253.505704  ,  239.12548714, 1074.20958525,  230.67868914,    301.21607499,   60.54655446,  -54.5631507 ,   20.27318402,    -65.17956472,  -37.50609375,   78.62224029,  -34.805831  ,   -129.5859559 ], [ 1116.79852232,  434.0688203 ,  230.67868914,  501.35744844,    195.39050363,    0.02009147,   34.20464219,  -24.69459717,      1.69837194,   10.33082838,   16.63590565,   18.36666565,    -42.28642652], [  461.89522831,  219.25423454,  301.21607499,  195.39050363,    270.22405883,  100.40797158,   16.98096125,    0.79854277,     -0.07078751,   12.48360285,   12.54739601,   -9.10437835,    -19.464564  ], [  475.62940905,   57.1434096 ,   60.54655446,    0.02009147,    100.40797158,  293.89889638,   69.08030615,   58.63522845,     -3.31378012,   11.49306818,  -26.23025825,  -38.68311263,     39.19367516], [  772.93508819,  127.02111318,  -54.5631507 ,   34.20464219,     16.98096125,   69.08030615,  163.11798533,   13.79122538,     37.71504051,   22.46424936,  -21.63492422,    8.91609518,      5.52832279], [ -357.31895838, -151.51056697,   20.27318402,  -24.69459717,      0.79854277,   58.63522845,   13.79122538,  208.26405877,     47.12500807,    7.83970615,   18.89902298,   -7.76229437,     30.4862698 ], [  189.14927453,   -2.59486297,  -65.17956472,    1.69837194,     -0.07078751,   -3.31378012,   37.71504051,   47.12500807,    121.15919032,   49.83781604,   18.51891935,    6.21571177,      5.26135688], [  153.51958758,   29.65083623,  -37.50609375,   10.33082838,     12.48360285,   11.49306818,   22.46424936,    7.83970615,     49.83781604,  129.17105651,   51.44348737,   12.71193351,    -10.40204608], [ -456.93219654,   19.78055253,   78.62224029,   16.63590565,     12.54739601,  -26.23025825,  -21.63492422,   18.89902298,     18.51891935,   51.44348737,  118.25125587,   36.7348682 ,     -9.26362273], [ -219.75768929,    0.78304153,  -34.805831  ,   18.36666565,     -9.10437835,  -38.68311263,    8.91609518,   -7.76229437,      6.21571177,   12.71193351,   36.7348682 ,  110.39108334,     43.96729553], [  -81.81545252,  -83.5541786 , -129.5859559 ,  -42.28642652,    -19.464564  ,   39.19367516,    5.52832279,   30.4862698 ,      5.26135688,  -10.40204608,   -9.26362273,   43.96729553,    125.13103058]]
/root/sim/music/out/Compilations/マクロスSONGコレクション2002_[Disc_1]/1-14_天使の絵の具.mp3; [-599.13477   , 108.151924  ,  -7.6546893 ,  22.956118  ,  -1.8787762 ,    1.8455476 ,   8.011221  ,   1.5674291 ,  -1.8335546 ,   3.2680666 ,   -2.3339787 ,   0.36018157,  -1.9865582 ]; [[11865.31391801,  135.5600586 , -302.21039623,   98.00104683,   -233.79100864, -103.35713097,   96.70177591, -211.79561309,    -84.76080588,   93.41484168, -124.18149151,  -17.84263592,     -6.44853573], [  135.5600586 ,  942.66258563, -180.27072837,   29.70606289,      7.18434224,  -35.60950585,   42.25580839,   10.17350991,    -45.06738195,   -8.8538309 ,  -23.49656102,   -6.91346218,    -11.14702151], [ -302.21039623, -180.27072837,  556.79068757,   99.98772663,     89.84158279,   93.43110643,  -25.48570166,   56.03114083,     15.21936867,  -45.72779747,   37.80164272,   28.78224626,    -24.84589475], [   98.00104683,   29.70606289,   99.98772663,  237.44504647,     71.70711716,   22.13403397,   10.61039434,   10.15310806,     -0.5724409 ,  -32.54703312,    9.49805491,   24.51563369,    -17.95865249], [ -233.79100864,    7.18434224,   89.84158279,   71.70711716,    186.95180724,   61.10693736,  -14.0193743 ,   46.62127836,     15.26435723,  -12.24597751,   34.50315777,   13.9056768 ,     -5.00965246], [ -103.35713097,  -35.60950585,   93.43110643,   22.13403397,     61.10693736,  156.04101859,   16.88685823,   36.8924268 ,     21.94549686,    1.43542136,   13.05355803,   -9.15755074,    -11.53005474], [   96.70177591,   42.25580839,  -25.48570166,   10.61039434,    -14.0193743 ,   16.88685823,  147.66519796,   15.95803015,      4.56068559,   22.55598657,  -24.07697223,    2.77294951,     13.75285934], [ -211.79561309,   10.17350991,   56.03114083,   10.15310806,     46.62127836,   36.8924268 ,   15.95803015,  141.38930927,     42.55817152,   -6.35567488,   18.08309542,   -1.96617739,    -12.98130285], [  -84.76080588,  -45.06738195,   15.21936867,   -0.5724409 ,     15.26435723,   21.94549686,    4.56068559,   42.55817152,    125.18013508,   16.17835154,    8.92819318,  -10.56925606,      3.60525696], [   93.41484168,   -8.8538309 ,  -45.72779747,  -32.54703312,    -12.24597751,    1.43542136,   22.55598657,   -6.35567488,     16.17835154,  119.4243223 ,   10.56102564,  -12.62171514,     -4.0617454 ], [ -124.18149151,  -23.49656102,   37.80164272,    9.49805491,     34.50315777,   13.05355803,  -24.07697223,   18.08309542,      8.92819318,   10.56102564,  101.47694564,   38.449891  ,      5.11917196], [  -17.84263592,   -6.91346218,   28.78224626,   24.51563369,     13.9056768 ,   -9.15755074,    2.77294951,   -1.96617739,    -10.56925606,  -12.62171514,   38.449891  ,  103.32288028,     35.81586884], [   -6.44853573,  -11.14702151,  -24.84589475,  -17.95865249,     -5.00965246,  -11.53005474,   13.75285934,  -12.98130285,      3.60525696,   -4.0617454 ,    5.11917196,   35.81586884,     96.68209054]]
/root/sim/music/out/Compilations/マクロスSONGコレクション2002_[Disc_1]/1-15_2億年前のように静かだね.mp3; [-580.91064  , 100.35987  ,   3.018578 ,  25.043398 ,   6.5226336,    1.443296 ,   4.6196494,  -1.1570218,   5.5785217,   1.8523062,   -6.270872 ,   3.454607 ,  -2.1284611]; [[12275.31438744,  -47.11635898, -203.92932703,  336.06942456,     37.39635639,   82.3054569 ,   94.94292979,   -1.01559685,    109.51765089,   28.44269416,  -65.92421236,   67.76916994,      7.30260143], [  -47.11635898,  927.79459228, -219.51342341,  108.84994242,     40.42749782,   15.91848848,   50.07076663,  -28.72624253,    -24.84718379,   13.42194833,  -17.4345966 ,   33.95319705,      0.64633907], [ -203.92932703, -219.51342341,  655.10910665, -113.24149269,    122.65580904,   -3.36525451,   -1.95015641,   40.78223672,    -70.05452276,   36.05017363,    2.07256406,   -6.38551588,    -13.37521101], [  336.06942456,  108.84994242, -113.24149269,  400.91235734,     49.45577444,   78.33853057,   -8.98193355,   41.88964268,     85.56903659,  -54.39728957,   34.77820249,   33.54716794,     30.20786317], [   37.39635639,   40.42749782,  122.65580904,   49.45577444,    199.94635332,   50.65094336,   25.15229018,   20.89333696,     -1.22253184,   13.40883042,    7.95051214,   12.6345749 ,     23.76774125], [   82.3054569 ,   15.91848848,   -3.36525451,   78.33853057,     50.65094336,  193.29838878,   47.66725691,   44.89041549,     20.18872621,   10.0228803 ,   34.43358346,   -3.0217151 ,     31.79226127], [   94.94292979,   50.07076663,   -1.95015641,   -8.98193355,     25.15229018,   47.66725691,  124.42728153,   13.63355616,     19.87477716,   19.44084519,   -0.85879516,    6.041748  ,      2.99271886], [   -1.01559685,  -28.72624253,   40.78223672,   41.88964268,     20.89333696,   44.89041549,   13.63355616,  103.35722017,     28.33863343,   11.3947327 ,   15.05874232,    3.15467806,     12.08995176], [  109.51765089,  -24.84718379,  -70.05452276,   85.56903659,     -1.22253184,   20.18872621,   19.87477716,   28.33863343,    118.53666494,   -0.37512856,   28.32069387,    0.92793153,     12.93384003], [   28.44269416,   13.42194833,   36.05017363,  -54.39728957,     13.40883042,   10.0228803 ,   19.44084519,   11.3947327 ,     -0.37512856,   88.13770627,    5.73746453,    1.14699895,     -7.41177208], [  -65.92421236,  -17.4345966 ,    2.07256406,   34.77820249,      7.95051214,   34.43358346,   -0.85879516,   15.05874232,     28.32069387,    5.73746453,   80.80238446,   15.44847407,     19.67632908], [   67.76916994,   33.95319705,   -6.38551588,   33.54716794,     12.6345749 ,   -3.0217151 ,    6.041748  ,    3.15467806,      0.92793153,    1.14699895,   15.44847407,   73.13163093,     17.62615206], [    7.30260143,    0.64633907,  -13.37521101,   30.20786317,     23.76774125,   31.79226127,    2.99271886,   12.08995176,     12.93384003,   -7.41177208,   19.67632908,   17.62615206,     70.2525977 ]]
