/root/sim/music/out/Queen/A_Day_At_The_Races/04_The_Millonaire_Waltz.mp3; [-665.5886    , 146.07198   , -29.003006  ,  21.341478  ,  -6.7209196 ,  -13.101188  , -11.687727  ,  -3.2812178 , -11.306857  ,  -0.17600851,  -10.499201  ,  -7.040789  ,  -3.8157563 ]; [[26379.37492576,-2325.59673622, -423.90088515, 1074.82318171,   -175.84376802,  375.65574311,  653.19432728,  876.10544265,    579.92699527,  802.2519809 , -131.76730729, -211.82922528,   -378.83969247], [-2325.59673622, 3244.81757608, -855.08613378,  230.58794553,   -152.93965042,   26.41015908,  -33.72268809, -172.6999148 ,    202.29718356, -189.14848973,  -23.09417368,  -64.64874673,     59.29395745], [ -423.90088515, -855.08613378, 1167.49501585, -110.0467703 ,    286.51023136,  147.84933101,   36.7392483 ,   77.89580766,    -68.49120684,   37.74862714,   29.6936197 ,   49.69041052,    -24.96578404], [ 1074.82318171,  230.58794553, -110.0467703 ,  544.96156005,     78.81480349,  162.28814908,   68.08907521,   64.16795574,    145.3935519 ,   40.31845443,   19.21691543,   -9.18859903,     -0.51742364], [ -175.84376802, -152.93965042,  286.51023136,   78.81480349,    393.61184863,  121.62533839,   58.68099316,   81.74881787,     -6.13444104,   50.34220878,   22.61275784,   25.15089342,     16.4872682 ], [  375.65574311,   26.41015908,  147.84933101,  162.28814908,    121.62533839,  341.93162457,  129.64644673,   96.38332316,     99.46103346,   21.56761768,   50.88770351,    7.06214548,    -17.80358158], [  653.19432728,  -33.72268809,   36.7392483 ,   68.08907521,     58.68099316,  129.64644673,  313.37776619,  116.20869841,     98.60241933,   67.14748605,   -5.50415035,   13.32739401,    -39.57634622], [  876.10544265, -172.6999148 ,   77.89580766,   64.16795574,     81.74881787,   96.38332316,  116.20869841,  245.88314505,     62.89987113,   82.89380917,    5.24043896,   -6.84063682,      1.8893756 ], [  579.92699527,  202.29718356,  -68.49120684,  145.3935519 ,     -6.13444104,   99.46103346,   98.60241933,   62.89987113,    282.83762854,   56.1500779 ,   22.05117203,  -18.37056134,    -21.4231177 ], [  802.2519809 , -189.14848973,   37.74862714,   40.31845443,     50.34220878,   21.56761768,   67.14748605,   82.89380917,     56.1500779 ,  186.94581542,   31.0680535 ,   17.05821045,     -9.35652259], [ -131.76730729,  -23.09417368,   29.6936197 ,   19.21691543,     22.61275784,   50.88770351,   -5.50415035,    5.24043896,     22.05117203,   31.0680535 ,  118.5347448 ,   30.00036281,     15.46752995], [ -211.82922528,  -64.64874673,   49.69041052,   -9.18859903,     25.15089342,    7.06214548,   13.32739401,   -6.84063682,    -18.37056134,   17.05821045,   30.00036281,  126.19542671,     47.1368305 ], [ -378.83969247,   59.29395745,  -24.96578404,   -0.51742364,     16.4872682 ,  -17.80358158,  -39.57634622,    1.8893756 ,    -21.4231177 ,   -9.35652259,   15.46752995,   47.1368305 ,    137.87494737]]
/root/sim/music/out/Queen/Jazz/12_Don't_Stop_Me_Now.mp3; [-551.2054    ,  76.1585    , -13.300268  ,  28.426268  ,   8.202599  ,    6.656089  ,  12.931714  ,  13.440773  ,  -7.7137694 ,   6.3345    ,   -4.0531154 ,   0.32157576,  -1.0156678 ]; [[13146.16132904, -866.29405941,  663.29470309, 1032.6356249 ,    229.66179539,  755.81195285,  443.81802928,  615.12059198,    420.13161801,  236.59667654,  227.73434787, -149.63692418,    127.59270995], [ -866.29405941, 1359.08027674, -522.562076  , -142.79078896,     -5.00883202, -207.44670764,    8.86155004,  -42.80195906,    -32.68981368,   25.70808938,  -27.32970489,   35.69776214,     -5.98683261], [  663.29470309, -522.562076  ,  950.68854545,  269.85740235,     73.72941332,  337.79019069,  -35.01257193,   79.96654283,    160.38681544,  -41.63891512,  122.02718481,   10.85410601,     70.47116372], [ 1032.6356249 , -142.79078896,  269.85740235,  523.81765074,    155.53846148,  230.71789924,   14.55046581,   90.89457951,    167.56882583,   15.13391432,  102.50020148,   -7.0501002 ,    121.75492985], [  229.66179539,   -5.00883202,   73.72941332,  155.53846148,    244.23000539,  101.81749605,   20.29675194,   23.97644584,     60.08740185,   40.17903888,   28.08122256,   -3.04521896,     31.57486847], [  755.81195285, -207.44670764,  337.79019069,  230.71789924,    101.81749605,  381.99657711,   62.59505412,   98.06762799,    134.62905013,  -23.09952347,  123.98932214,   -0.45586652,     61.08140924], [  443.81802928,    8.86155004,  -35.01257193,   14.55046581,     20.29675194,   62.59505412,  283.16907378,  110.28787251,      8.35770615,   43.86998675,   24.88660933,    5.71854822,    -29.83281028], [  615.12059198,  -42.80195906,   79.96654283,   90.89457951,     23.97644584,   98.06762799,  110.28787251,  181.43007885,     60.11426916,   43.01605873,   47.58424063,   -0.42174476,     22.92728612], [  420.13161801,  -32.68981368,  160.38681544,  167.56882583,     60.08740185,  134.62905013,    8.35770615,   60.11426916,    223.11127955,   14.71758149,   72.08979838,   -0.56204928,     43.02120571], [  236.59667654,   25.70808938,  -41.63891512,   15.13391432,     40.17903888,  -23.09952347,   43.86998675,   43.01605873,     14.71758149,  138.96064056,   19.37377282,   19.94727461,      0.97699674], [  227.73434787,  -27.32970489,  122.02718481,  102.50020148,     28.08122256,  123.98932214,   24.88660933,   47.58424063,     72.08979838,   19.37377282,  151.71593183,   27.11764535,     45.47590958], [ -149.63692418,   35.69776214,   10.85410601,   -7.0501002 ,     -3.04521896,   -0.45586652,    5.71854822,   -0.42174476,     -0.56204928,   19.94727461,   27.11764535,   96.25696664,     42.5275295 ], [  127.59270995,   -5.98683261,   70.47116372,  121.75492985,     31.57486847,   61.08140924,  -29.83281028,   22.92728612,     43.02120571,    0.97699674,   45.47590958,   42.5275295 ,    143.7249686 ]]
/root/sim/music/out/Queen/Jazz/13_More_Of_That_Jazz.mp3; [-560.9433   ,  85.87006  ,  -8.621081 ,  49.42039  ,   4.023461 ,    9.455548 ,   4.6722817,   5.0858045,   0.8369211,   5.7767315,   -1.2827607,  -3.5560787,  -4.1324553]; [[13870.06377607, -477.98248611, -775.89197334, -566.29397315,   -565.61908453, -307.0949414 , -162.28606941, -112.21459281,   -248.33881017,   66.14362107,   61.29612244,   89.49736072,    -42.51139655], [ -477.98248611, 1263.24709157, -148.12583935,  202.71230447,     58.10427867,   81.55085917,   42.16099689,   51.96968099,     80.73674519,   38.26619384,  -24.31761143,  -43.27441536,    -34.86098089], [ -775.89197334, -148.12583935, 1044.34583278,   73.12150688,    237.07824226,  179.0785923 ,   85.29439472,   77.16356929,     -6.41419282,  -44.02282872,   17.22426708,  -10.85031649,    -23.3644056 ], [ -566.29397315,  202.71230447,   73.12150688,  606.60861285,    162.5833585 ,  104.5205956 ,  -20.49869429,   12.22734665,    116.81341245,   49.35591224,   15.19894758,  -29.6385055 ,     28.66430333], [ -565.61908453,   58.10427867,  237.07824226,  162.5833585 ,    367.64621567,   98.57026481,   40.16863115,   42.62683313,     69.63047178,   -9.29250142,   -4.59100096,  -25.94492579,     -7.0433973 ], [ -307.0949414 ,   81.55085917,  179.0785923 ,  104.5205956 ,     98.57026481,  195.19337183,   98.13872449,   37.42076515,     22.35724902,    7.04723654,   25.10459756,    5.57008575,     11.62951811], [ -162.28606941,   42.16099689,   85.29439472,  -20.49869429,     40.16863115,   98.13872449,  192.85362555,   88.34562702,     17.30296517,  -11.59130127,   13.26159102,   16.0455228 ,     16.27096965], [ -112.21459281,   51.96968099,   77.16356929,   12.22734665,     42.62683313,   37.42076515,   88.34562702,  146.400032  ,     59.37749102,   10.4029744 ,    6.13346891,  -11.77966876,     -5.78290676], [ -248.33881017,   80.73674519,   -6.41419282,  116.81341245,     69.63047178,   22.35724902,   17.30296517,   59.37749102,    145.54514356,   51.88168089,   15.3286077 ,  -16.2007291 ,     -0.92404964], [   66.14362107,   38.26619384,  -44.02282872,   49.35591224,     -9.29250142,    7.04723654,  -11.59130127,   10.4029744 ,     51.88168089,  107.29453842,   51.71334769,   16.59102109,      9.77283305], [   61.29612244,  -24.31761143,   17.22426708,   15.19894758,     -4.59100096,   25.10459756,   13.26159102,    6.13346891,     15.3286077 ,   51.71334769,   99.40656441,   49.13455552,     18.46708079], [   89.49736072,  -43.27441536,  -10.85031649,  -29.6385055 ,    -25.94492579,    5.57008575,   16.0455228 ,  -11.77966876,    -16.2007291 ,   16.59102109,   49.13455552,   88.70596396,     44.5150641 ], [  -42.51139655,  -34.86098089,  -23.3644056 ,   28.66430333,     -7.0433973 ,   11.62951811,   16.27096965,   -5.78290676,     -0.92404964,    9.77283305,   18.46708079,   44.5150641 ,     84.81779113]]
/root/sim/music/out/Queen/Jazz/03_Jealousy.mp3; [-624.29083   , 103.0573    ,   9.597518  ,  33.561264  ,   2.8694863 ,    4.009128  ,   4.0185204 ,   9.135709  ,  -6.8804803 ,   0.88923055,   -6.27424   ,  -2.5812657 ,  -5.9439235 ]; [[20797.95177142,-3644.01234869, -914.38611599,  503.85044918,   -190.92840893, -296.17816575,   47.29615294,  353.27205493,   -283.89371549,  369.55688209,   89.53617559,  -27.94060114,   -130.72459554], [-3644.01234869, 2323.06659508, -177.29408713, -215.72833715,     88.66500904,  -24.4426508 ,   78.48507601,   25.89018614,     35.25288349,   -0.6639581 ,  -30.27781578,   15.90191965,     33.89429665], [ -914.38611599, -177.29408713,  935.80091915,   66.87454383,    139.96860799,  181.16292008,   63.19463157,   17.5847113 ,     71.09751575,   15.42414459,    7.92911492,    2.28504603,     17.15450701], [  503.85044918, -215.72833715,   66.87454383,  444.92134173,    119.77841033,   82.02068861,  -70.16799829,   10.57792679,     60.92671207,  -21.16339451,   16.11468584,    0.66801528,     65.07589513], [ -190.92840893,   88.66500904,  139.96860799,  119.77841033,    308.60013402,   98.381145  ,  -19.69101906,    6.11903024,     52.19370427,   26.40790948,  -22.50349532,    0.17550699,     33.21707886], [ -296.17816575,  -24.4426508 ,  181.16292008,   82.02068861,     98.381145  ,  260.57748579,   53.43375671,   -3.06535176,     70.06412512,   -7.75213908,   39.09889278,   10.60709479,      9.23247146], [   47.29615294,   78.48507601,   63.19463157,  -70.16799829,    -19.69101906,   53.43375671,  232.81990898,   82.33361962,     17.7678713 ,   49.00986532,   29.96653682,   18.58870037,    -29.57278616], [  353.27205493,   25.89018614,   17.5847113 ,   10.57792679,      6.11903024,   -3.06535176,   82.33361962,  160.32552398,     38.39285983,   75.8903929 ,   16.08946903,   18.07016762,     -1.80455314], [ -283.89371549,   35.25288349,   71.09751575,   60.92671207,     52.19370427,   70.06412512,   17.7678713 ,   38.39285983,    167.36055206,   35.12725739,   30.53125722,   25.71148689,     11.19423775], [  369.55688209,   -0.6639581 ,   15.42414459,  -21.16339451,     26.40790948,   -7.75213908,   49.00986532,   75.8903929 ,     35.12725739,  169.30284669,   31.10181696,   22.95787335,     -5.44132896], [   89.53617559,  -30.27781578,    7.92911492,   16.11468584,    -22.50349532,   39.09889278,   29.96653682,   16.08946903,     30.53125722,   31.10181696,  117.47802818,   26.6332296 ,     15.5389619 ], [  -27.94060114,   15.90191965,    2.28504603,    0.66801528,      0.17550699,   10.60709479,   18.58870037,   18.07016762,     25.71148689,   22.95787335,   26.6332296 ,  108.06725195,     39.36436463], [ -130.72459554,   33.89429665,   17.15450701,   65.07589513,     33.21707886,    9.23247146,  -29.57278616,   -1.80455314,     11.19423775,   -5.44132896,   15.5389619 ,   39.36436463,    119.99348964]]
/root/sim/music/out/Queen/Jazz/11_Leaving_Home_Ain't_Easy.mp3; [-626.79584  ,  83.35154  ,  19.836658 ,  49.67594  ,  14.183873 ,   -2.4563608,  -5.5463443,   7.4791393,  -4.4461365,   5.264732 ,   -4.456739 ,  -5.6162357,  -6.137638 ]; [[17018.06511203,-3234.12354834,  212.87775553,-1202.25277734,   -845.75361192,  139.54009332, -168.00503598,  437.17730539,   -604.3428492 ,   61.60619351,  -65.56208091, -322.44380318,    -30.49866415], [-3234.12354834, 1959.35904772, -481.16391757,  191.83803343,    -13.26398885,  -56.39269053,  144.92897966,  -52.28990809,     90.91889435,  -32.86372092,   -3.71313884,   71.86644922,      3.1905039 ], [  212.87775553, -481.16391757,  673.99736106,   13.32767468,     89.64569379,  133.2565822 ,   -4.97257342,   70.03854874,     -1.95868637,   -4.91859953,   -9.42733525,  -23.77228948,     18.05095637], [-1202.25277734,  191.83803343,   13.32767468,  519.9686376 ,    261.84625782,    2.05139117,  -39.00329266,  -84.25522561,    118.24818605,  -39.53540274,  -22.21234842,   32.50782294,     32.72102795], [ -845.75361192,  -13.26398885,   89.64569379,  261.84625782,    414.3020607 ,    5.57914199,  -96.08576143,  -72.79840808,    114.94237949,   16.5861741 ,  -17.35342872,    1.54552829,     -7.92865795], [  139.54009332,  -56.39269053,  133.2565822 ,    2.05139117,      5.57914199,  260.79076568,  113.298244  ,   21.95463523,     52.7100934 ,  -14.26938849,   34.34653031,   29.164644  ,    -42.42742636], [ -168.00503598,  144.92897966,   -4.97257342,  -39.00329266,    -96.08576143,  113.298244  ,  200.05068406,   55.49885575,     15.81176228,   -6.76891536,   33.20724108,   44.81058011,    -11.17150676], [  437.17730539,  -52.28990809,   70.03854874,  -84.25522561,    -72.79840808,   21.95463523,   55.49885575,  151.98611482,    -26.53167147,   19.24709415,   10.3937827 ,   -1.5819181 ,     29.86809018], [ -604.3428492 ,   90.91889435,   -1.95868637,  118.24818605,    114.94237949,   52.7100934 ,   15.81176228,  -26.53167147,    226.15322016,   30.90849806,   27.94722526,   39.01322072,    -32.56084088], [   61.60619351,  -32.86372092,   -4.91859953,  -39.53540274,     16.5861741 ,  -14.26938849,   -6.76891536,   19.24709415,     30.90849806,  114.34554209,   45.47330496,    4.25254459,     -4.66595889], [  -65.56208091,   -3.71313884,   -9.42733525,  -22.21234842,    -17.35342872,   34.34653031,   33.20724108,   10.3937827 ,     27.94722526,   45.47330496,   97.84631248,   36.90691318,     -2.57187745], [ -322.44380318,   71.86644922,  -23.77228948,   32.50782294,      1.54552829,   29.164644  ,   44.81058011,   -1.5819181 ,     39.01322072,    4.25254459,   36.90691318,  100.0974387 ,     22.56629687], [  -30.49866415,    3.1905039 ,   18.05095637,   32.72102795,     -7.92865795,  -42.42742636,  -11.17150676,   29.86809018,    -32.56084088,   -4.66595889,   -2.57187745,   22.56629687,    104.10296297]]
/root/sim/music/out/Queen/Jazz/02_Fat_Bottomed_Girls.mp3; [-595.7049   ,  92.50874  , -13.464064 ,  32.6784   ,   8.293792 ,    2.4792793,   1.8378007,  12.636964 ,  -2.7915435,   2.8667657,   -5.99602  ,  -6.8630767,  -5.165079 ]; [[18383.53772852,-2387.52527314, 1014.44283665, -221.5162434 ,   -109.500374  ,  210.42032653,  213.66449276,  341.74748729,   -395.60541246,  354.54569591,  182.85489841,    7.31369172,    249.38509848], [-2387.52527314, 2031.5995964 , -721.45108701,  347.89654022,     70.83843717,  -40.76426209,  -93.86207521,  -63.51322356,    232.4065811 , -141.19741453,  -89.38143244,  -25.68594395,   -104.71638572], [ 1014.44283665, -721.45108701,  918.98018691,   58.17884276,    210.69448618,  159.8482675 ,   94.29081842,   68.0515462 ,     24.00063424,   85.51335845,   69.98434625,   50.2612953 ,     82.94695937], [ -221.5162434 ,  347.89654022,   58.17884276,  501.22203336,    175.28940832,   93.43069086,  -70.23399394,   11.43972499,    195.42747886,   -2.83131466,  -27.32274799,   -4.10046476,     17.21956278], [ -109.500374  ,   70.83843717,  210.69448618,  175.28940832,    298.73412577,   79.9927215 ,   14.50185562,    5.14928866,    115.88497779,   32.61153868,    9.57417264,    6.07888928,     21.84890564], [  210.42032653,  -40.76426209,  159.8482675 ,   93.43069086,     79.9927215 ,  220.43262299,   84.70866037,   51.48924119,     66.61552668,    9.35051499,   46.7673921 ,   26.52962105,      8.42735623], [  213.66449276,  -93.86207521,   94.29081842,  -70.23399394,     14.50185562,   84.70866037,  202.93343079,   92.266583  ,    -16.71176111,    7.95980386,   55.85714049,   41.44136795,      7.9671444 ], [  341.74748729,  -63.51322356,   68.0515462 ,   11.43972499,      5.14928866,   51.48924119,   92.266583  ,  133.26586039,     44.81110598,   20.99516975,   33.27063624,   27.17173012,     12.56385914], [ -395.60541246,  232.4065811 ,   24.00063424,  195.42747886,    115.88497779,   66.61552668,  -16.71176111,   44.81110598,    220.75209528,   24.16157116,   -3.59782932,   -1.16834128,     -1.57253554], [  354.54569591, -141.19741453,   85.51335845,   -2.83131466,     32.61153868,    9.35051499,    7.95980386,   20.99516975,     24.16157116,   97.32542237,   33.93290636,    9.44878105,     19.08160049], [  182.85489841,  -89.38143244,   69.98434625,  -27.32274799,      9.57417264,   46.7673921 ,   55.85714049,   33.27063624,     -3.59782932,   33.93290636,   86.77398245,   40.16204516,      8.26118228], [    7.31369172,  -25.68594395,   50.2612953 ,   -4.10046476,      6.07888928,   26.52962105,   41.44136795,   27.17173012,     -1.16834128,    9.44878105,   40.16204516,   71.19283351,     24.65778037], [  249.38509848, -104.71638572,   82.94695937,   17.21956278,     21.84890564,    8.42735623,    7.9671444 ,   12.56385914,     -1.57253554,   19.08160049,    8.26118228,   24.65778037,     70.91291581]]
/root/sim/music/out/Queen/Jazz/05_If_You_Can't_Beat_Them.mp3; [-533.30365   , 100.65277   , -11.596117  ,  47.560917  ,   4.3247433 ,    7.8446813 ,   5.2750635 ,  12.419072  ,   0.40517557,   0.64262027,   -0.19013914,  -7.9108677 ,  -6.607871  ]; [[7328.61263467,-902.00237629, 747.74021172, -38.25523736,  14.01153187,   349.93088711, 186.40897974, 265.43945901, 195.04531862,  75.92055323,    65.55261391,  46.89621625,  32.60943703], [-902.00237629,1179.05489139,-523.58820071,   9.88704163,  23.30330783,  -130.27489047,  67.24071976,  -7.44861293, -41.16585003,  47.93216243,     1.63659912,  11.81066509,  19.04231623], [ 747.74021172,-523.58820071, 794.81245382, 123.39682768, 149.24742653,   193.1931915 ,  -6.57629686,  54.89761999,  82.22875309,  -5.61009988,    70.78078439,  14.38482009,  -5.05497338], [ -38.25523736,   9.88704163, 123.39682768, 231.84552799, 103.76960714,    53.21505999, -18.84688748,  -5.4086083 ,  35.65184812,  18.62663281,    37.70810727,  18.72756208,  19.84002177], [  14.01153187,  23.30330783, 149.24742653, 103.76960714, 246.8166952 ,    87.14787905,  15.71598332,  21.41284828,  15.88168312,  49.68145862,    35.76397352,  18.60965779,  20.1209774 ], [ 349.93088711,-130.27489047, 193.1931915 ,  53.21505999,  87.14787905,   195.23324823,  90.08886864,  33.35276095,  28.92637528,   8.80623034,    41.60085693,  22.93889768,   8.14665052], [ 186.40897974,  67.24071976,  -6.57629686, -18.84688748,  15.71598332,    90.08886864, 184.09366074,  82.41064061,   9.97470338,   6.52052121,     7.70078331,  12.44569115,   5.85225472], [ 265.43945901,  -7.44861293,  54.89761999,  -5.4086083 ,  21.41284828,    33.35276095,  82.41064061, 143.31645678,  67.76226408,  22.76531927,     0.60713934,  -4.64404762,   4.93290049], [ 195.04531862, -41.16585003,  82.22875309,  35.65184812,  15.88168312,    28.92637528,   9.97470338,  67.76226408, 139.5812753 ,  52.58368584,     8.66830203, -14.18940875,  -6.16255087], [  75.92055323,  47.93216243,  -5.61009988,  18.62663281,  49.68145862,     8.80623034,   6.52052121,  22.76531927,  52.58368584, 128.19501666,    39.892353  ,  10.14364207,   0.81281387], [  65.55261391,   1.63659912,  70.78078439,  37.70810727,  35.76397352,    41.60085693,   7.70078331,   0.60713934,   8.66830203,  39.892353  ,   107.82143046,  43.45498639,   0.87506538], [  46.89621625,  11.81066509,  14.38482009,  18.72756208,  18.60965779,    22.93889768,  12.44569115,  -4.64404762, -14.18940875,  10.14364207,    43.45498639,  85.37130999,  39.04447001], [  32.60943703,  19.04231623,  -5.05497338,  19.84002177,  20.1209774 ,     8.14665052,   5.85225472,   4.93290049,  -6.16255087,   0.81281387,     0.87506538,  39.04447001,  81.09914917]]
/root/sim/music/out/Queen/Jazz/01_Mustapha.mp3; [-637.4736    ,  82.17468   , -11.022634  ,  27.142109  ,  -5.7005677 ,   -0.56121826,  -1.8577702 ,   2.8569531 , -11.897509  ,   0.22471066,   -9.639517  ,  -3.2501867 ,  -3.663461  ]; [[26038.26755684,  708.06345368,  591.42991125, 1195.50565794,    516.96902808,  986.27433563,  194.44673379,  595.81500129,    111.62306436,  -40.17631216,  306.23668213,   75.94702926,   -137.32106675], [  708.06345368, 2113.08734897,  524.28189871,  273.62773758,      6.6373482 ,  447.66344987,  288.41576267,  204.2879552 ,    238.84475021, -108.77775875,  291.14671623,  -38.66500336,    -78.92015619], [  591.42991125,  524.28189871, 1312.82895635,  500.51247344,    231.79647847,  440.16808115,  113.40497229,  136.01837938,    245.16264535, -143.25599637,  221.72828715,  -38.42354855,    -31.62312271], [ 1195.50565794,  273.62773758,  500.51247344,  707.67472329,    280.08710236,  266.33484646,  -23.14523719,   39.69553984,    117.48440123,  -68.26618878,   47.14020384,   15.49672842,     66.34894568], [  516.96902808,    6.6373482 ,  231.79647847,  280.08710236,    480.27373469,  136.42240052,  -21.59130702,   38.29976205,     48.80313909,   29.25279354,   -6.82092215,   26.52738108,     64.64132517], [  986.27433563,  447.66344987,  440.16808115,  266.33484646,    136.42240052,  591.01847742,  246.50435024,  121.12344292,    127.92327825,  -58.05654845,  239.72647683,   17.0996827 ,    -35.27886525], [  194.44673379,  288.41576267,  113.40497229,  -23.14523719,    -21.59130702,  246.50435024,  348.54376838,  100.63434075,     22.20412682,  -28.5796143 ,  127.00198908,    9.19500044,    -51.45895431], [  595.81500129,  204.2879552 ,  136.01837938,   39.69553984,     38.29976205,  121.12344292,  100.63434075,  201.71004886,     86.40794836,   -7.0245001 ,   78.2699489 ,  -17.60008268,    -23.08292533], [  111.62306436,  238.84475021,  245.16264535,  117.48440123,     48.80313909,  127.92327825,   22.20412682,   86.40794836,    244.64573902,   13.27034453,  108.23534897,    3.1041543 ,    -21.61692506], [  -40.17631216, -108.77775875, -143.25599637,  -68.26618878,     29.25279354,  -58.05654845,  -28.5796143 ,   -7.0245001 ,     13.27034453,  161.84940289,   -3.2245353 ,   44.68287107,      8.12404341], [  306.23668213,  291.14671623,  221.72828715,   47.14020384,     -6.82092215,  239.72647683,  127.00198908,   78.2699489 ,    108.23534897,   -3.2245353 ,  243.18645265,   30.38643049,    -26.49664102], [   75.94702926,  -38.66500336,  -38.42354855,   15.49672842,     26.52738108,   17.0996827 ,    9.19500044,  -17.60008268,      3.1041543 ,   44.68287107,   30.38643049,  110.6086302 ,     41.23538723], [ -137.32106675,  -78.92015619,  -31.62312271,   66.34894568,     64.64132517,  -35.27886525,  -51.45895431,  -23.08292533,    -21.61692506,    8.12404341,  -26.49664102,   41.23538723,    126.60422352]]
/root/sim/music/out/Queen/Jazz/07_Dead_On_Time.mp3; [-520.37494  , 100.305786 , -14.595097 ,  40.024048 ,   3.1122468,    7.671845 ,   4.2597437,  13.138144 ,   3.3955216,   7.848525 ,   -1.319816 ,  -7.6228724,  -7.693617 ]; [[ 9749.3641723 ,-1553.47570851,  245.48934952, -377.82690616,    182.09846636,   66.28658473,   93.97631793,  391.42880292,    163.1538903 ,  260.79626359,  153.89687401,  -23.77457919,     51.84745794], [-1553.47570851, 1478.50193092, -357.4961299 ,   29.16573841,    -83.38029774,  -79.54077774,   -0.09322241, -126.9610377 ,    -39.13398755,  -53.1999749 ,  -28.37355161,   25.74261509,      9.55903187], [  245.48934952, -357.4961299 ,  680.19622835,  112.72792704,     57.57013137,   80.82768115,   -6.68586104,   44.92126337,     63.59002639,   11.88245964,   32.64042108,   23.78906157,      8.49996013], [ -377.82690616,   29.16573841,  112.72792704,  280.99659796,     33.04862467,   31.0821512 ,  -25.48206544,   -2.24716522,     33.55690531,    9.24864091,   -8.89190265,   -8.0512013 ,      8.28989885], [  182.09846636,  -83.38029774,   57.57013137,   33.04862467,    245.95916053,   36.23693054,   -6.29819651,   10.89539541,     20.05247085,   33.00544662,   19.783386  ,    2.0391284 ,     -2.9565184 ], [   66.28658473,  -79.54077774,   80.82768115,   31.0821512 ,     36.23693054,  176.90184217,   64.97594849,   30.84527655,     -2.03564905,   -3.25469015,   25.61711064,   18.62328913,      5.02035369], [   93.97631793,   -0.09322241,   -6.68586104,  -25.48206544,     -6.29819651,   64.97594849,  153.07856777,   56.84815812,    -11.45111713,   -4.01235049,   11.93017522,   25.56491889,     17.80638574], [  391.42880292, -126.9610377 ,   44.92126337,   -2.24716522,     10.89539541,   30.84527655,   56.84815812,  148.40088665,     43.77847441,   24.49829694,   10.04010207,   -1.38379481,     12.86404475], [  163.1538903 ,  -39.13398755,   63.59002639,   33.55690531,     20.05247085,   -2.03564905,  -11.45111713,   43.77847441,    120.13492839,   35.02022699,    7.28966498,  -11.62848105,     -0.67754511], [  260.79626359,  -53.1999749 ,   11.88245964,    9.24864091,     33.00544662,   -3.25469015,   -4.01235049,   24.49829694,     35.02022699,  108.30360984,   35.41686414,    5.33822448,      3.37254709], [  153.89687401,  -28.37355161,   32.64042108,   -8.89190265,     19.783386  ,   25.61711064,   11.93017522,   10.04010207,      7.28966498,   35.41686414,   87.82952721,   33.42102454,      2.82085658], [  -23.77457919,   25.74261509,   23.78906157,   -8.0512013 ,      2.0391284 ,   18.62328913,   25.56491889,   -1.38379481,    -11.62848105,    5.33822448,   33.42102454,   77.80277024,     30.97926631], [   51.84745794,    9.55903187,    8.49996013,    8.28989885,     -2.9565184 ,    5.02035369,   17.80638574,   12.86404475,     -0.67754511,    3.37254709,    2.82085658,   30.97926631,     63.93777701]]
/root/sim/music/out/Queen/Jazz/10_Fun_It.mp3; [-613.83636  ,  77.04906  ,  18.152279 ,  54.689064 ,   4.728578 ,   18.267302 ,  12.377618 ,  16.523478 ,   4.217707 ,   1.0517358,   -5.6765914,  -4.9433107,  -2.7163634]; [[19004.28880722, -142.31832449, -774.79674952, -900.87842643,   -424.69671058, -580.87349473, -153.74614869, -141.39280949,   -220.18213173, -276.99312182, -206.85987226,  -28.15505733,    -23.58084071], [ -142.31832449, 3359.63870238, -732.54058252, -380.7902709 ,   -381.61583744, -369.99546429,   19.73875315,  -32.73796314,    -83.52404013,  -81.41859169, -192.97923679,  -89.62938042,    -50.36566579], [ -774.79674952, -732.54058252, 1336.31366966,  319.66666499,     18.86414566,  332.72062301,   61.56791071,   75.31119705,     73.58524052,   61.42630174,   97.08838805,  -32.10920985,     58.45552207], [ -900.87842643, -380.7902709 ,  319.66666499,  614.5827496 ,    259.09396252,  155.05562773,   18.68202438,   37.00042923,     41.22976968,   48.50209399,   37.05706222,   24.81554756,     40.8707466 ], [ -424.69671058, -381.61583744,   18.86414566,  259.09396252,    402.48122185,  106.44728369,  -13.23059191,   28.18886582,     18.95609396,   43.67350848,   44.86317274,   36.86994178,     11.61862926], [ -580.87349473, -369.99546429,  332.72062301,  155.05562773,    106.44728369,  382.57865895,  141.33176166,   39.29742151,     68.96099915,   53.65358404,   77.1120794 ,    0.48223975,     16.36656365], [ -153.74614869,   19.73875315,   61.56791071,   18.68202438,    -13.23059191,  141.33176166,  238.79929432,   82.97985347,     21.34702643,   38.35382497,   42.80765271,    5.29630211,     -2.30230412], [ -141.39280949,  -32.73796314,   75.31119705,   37.00042923,     28.18886582,   39.29742151,   82.97985347,  153.72926636,     58.33495089,   24.75239222,   39.23763846,    4.64784869,     13.66563651], [ -220.18213173,  -83.52404013,   73.58524052,   41.22976968,     18.95609396,   68.96099915,   21.34702643,   58.33495089,    137.74756509,   61.4961748 ,   25.59378237,    5.31873671,     23.82518003], [ -276.99312182,  -81.41859169,   61.42630174,   48.50209399,     43.67350848,   53.65358404,   38.35382497,   24.75239222,     61.4961748 ,  144.83671033,   52.58673197,    4.40847323,      6.97383351], [ -206.85987226, -192.97923679,   97.08838805,   37.05706222,     44.86317274,   77.1120794 ,   42.80765271,   39.23763846,     25.59378237,   52.58673197,  150.86244922,   48.57364607,    -14.64933924], [  -28.15505733,  -89.62938042,  -32.10920985,   24.81554756,     36.86994178,    0.48223975,    5.29630211,    4.64784869,      5.31873671,    4.40847323,   48.57364607,  110.68581413,     28.67280475], [  -23.58084071,  -50.36566579,   58.45552207,   40.8707466 ,     11.61862926,   16.36656365,   -2.30230412,   13.66563651,     23.82518003,    6.97383351,  -14.64933924,   28.67280475,     98.56619624]]
/root/sim/music/out/Queen/Jazz/04_Bicycle_Race.mp3; [-586.7529   ,  72.924904 ,  -2.6575868,  29.507744 ,   5.2902646,    9.371716 ,   9.054754 ,   8.739694 ,  -3.5240355,   6.3686023,   -6.729873 ,  -2.825357 ,  -6.3895826]; [[26016.25266999, 2873.3317018 ,  454.64913547, 1237.39833085,   -103.36391594, -467.86473015, -150.97387751,  639.02799637,     10.08896194, -722.34603408,   25.32768798, -268.35860784,    186.43012705], [ 2873.3317018 , 3344.86961032,  298.01561893,  640.40324499,    138.54494076, -271.20517729,   49.56954383,  251.50168905,     54.52617727, -295.52254108,  -39.75866941, -138.36674945,    178.0332097 ], [  454.64913547,  298.01561893,  989.36302313,  205.42774671,    183.79740049,   37.84883924,  -49.41918262,  108.20167558,     35.18525946, -131.26256965,   -9.57341175,  -26.87278767,     67.17853772], [ 1237.39833085,  640.40324499,  205.42774671,  557.31675584,    126.88719163,   -9.47813219,  -45.16548969,   42.79435759,     56.65008477, -114.89974842,   15.29982005,  -30.67016189,     87.71556251], [ -103.36391594,  138.54494076,  183.79740049,  126.88719163,    283.49758585,   61.51854121,   15.19057806,   33.35579251,     19.57501061,   -4.58340977,  -16.1028745 ,  -15.6465038 ,     32.89673306], [ -467.86473015, -271.20517729,   37.84883924,   -9.47813219,     61.51854121,  284.00000076,  116.69040962,   -3.05559236,     14.27932487,   47.18576016,   33.9216291 ,   35.71131959,    -18.70849249], [ -150.97387751,   49.56954383,  -49.41918262,  -45.16548969,     15.19057806,  116.69040962,  233.38599975,   71.89386804,    -13.6055783 ,   34.11700928,   34.39370576,    4.32705667,    -19.21997603], [  639.02799637,  251.50168905,  108.20167558,   42.79435759,     33.35579251,   -3.05559236,   71.89386804,  195.1018502 ,     14.33062489,  -41.61108265,   26.6409171 ,  -16.55439773,     23.77419281], [   10.08896194,   54.52617727,   35.18525946,   56.65008477,     19.57501061,   14.27932487,  -13.6055783 ,   14.33062489,    161.5865468 ,   36.10707977,   -1.13941485,    6.94588931,      7.89848946], [ -722.34603408, -295.52254108, -131.26256965, -114.89974842,     -4.58340977,   47.18576016,   34.11700928,  -41.61108265,     36.10707977,  235.96732005,  -12.08839914,   46.15989876,    -38.73218786], [   25.32768798,  -39.75866941,   -9.57341175,   15.29982005,    -16.1028745 ,   33.9216291 ,   34.39370576,   26.6409171 ,     -1.13941485,  -12.08839914,  167.27718156,   15.29249836,     31.19407248], [ -268.35860784, -138.36674945,  -26.87278767,  -30.67016189,    -15.6465038 ,   35.71131959,    4.32705667,  -16.55439773,      6.94588931,   46.15989876,   15.29249836,  127.6237755 ,     11.74130786], [  186.43012705,  178.0332097 ,   67.17853772,   87.71556251,     32.89673306,  -18.70849249,  -19.21997603,   23.77419281,      7.89848946,  -38.73218786,   31.19407248,   11.74130786,    121.32670855]]
/root/sim/music/out/Queen/Jazz/09_Dreamers_Ball.mp3; [-622.2295    , 132.48128   ,  -9.153119  ,  44.00655   , -24.569695  ,  -15.681213  ,  -3.7637615 ,   3.619599  ,  -8.931037  ,   0.45809346,   -6.085554  ,  -5.3122506 ,  -2.8633442 ]; [[14633.26629222,-1146.1895268 , -265.21192865,  426.0971132 ,   -305.73146795,  -39.79808141, -167.13902046,  378.5755131 ,   -129.08111867,  -29.97492162,  -13.26388559,  -48.66167955,     48.85918861], [-1146.1895268 , 1797.25120934, -511.82511135, -288.64809639,   -279.48808165, -269.63611906,   82.66552299,  -92.73023936,    -26.13287856,   79.44703042,  -21.78004604,  -37.2021642 ,    -39.34049857], [ -265.21192865, -511.82511135, 1042.88217621,  295.14961358,    372.8060214 ,  318.96356402,   51.99875786,  108.92129847,     77.66964999,  -19.7366235 ,   92.61277934,   40.12602023,     31.8435667 ], [  426.0971132 , -288.64809639,  295.14961358,  747.57448939,    469.06895095,  238.90375025,  -49.1043426 ,   61.08346355,    -32.13142103,  -47.21550381,    7.48004663,   -2.99099948,     65.92663647], [ -305.73146795, -279.48808165,  372.8060214 ,  469.06895095,    732.90918602,  270.08780298,   -7.43009367,   47.3114702 ,    -39.65874746,   -9.80626247,   24.03823711,   13.34501205,     37.66036018], [  -39.79808141, -269.63611906,  318.96356402,  238.90375025,    270.08780298,  363.60071587,  108.57822901,   61.09316617,     49.74221564,    0.18318726,   66.93218283,   25.50283988,     -1.65013931], [ -167.13902046,   82.66552299,   51.99875786,  -49.1043426 ,     -7.43009367,  108.57822901,  278.94351351,  102.59231775,     28.67710579,   36.89814827,   41.5281315 ,   38.5689701 ,    -33.54055676], [  378.5755131 ,  -92.73023936,  108.92129847,   61.08346355,     47.3114702 ,   61.09316617,  102.59231775,  212.70877806,     48.67809873,   36.34071261,   37.40264829,   15.35149134,      5.82440861], [ -129.08111867,  -26.13287856,   77.66964999,  -32.13142103,    -39.65874746,   49.74221564,   28.67710579,   48.67809873,    224.17512529,   86.01482456,   39.47200121,    9.0843605 ,    -28.52936606], [  -29.97492162,   79.44703042,  -19.7366235 ,  -47.21550381,     -9.80626247,    0.18318726,   36.89814827,   36.34071261,     86.01482456,  171.79426295,   69.43868733,   15.21728965,    -35.56962885], [  -13.26388559,  -21.78004604,   92.61277934,    7.48004663,     24.03823711,   66.93218283,   41.5281315 ,   37.40264829,     39.47200121,   69.43868733,  136.57809451,   45.58899948,     -7.97724235], [  -48.66167955,  -37.2021642 ,   40.12602023,   -2.99099948,     13.34501205,   25.50283988,   38.5689701 ,   15.35149134,      9.0843605 ,   15.21728965,   45.58899948,  110.72802079,     37.75487068], [   48.85918861,  -39.34049857,   31.8435667 ,   65.92663647,     37.66036018,   -1.65013931,  -33.54055676,    5.82440861,    -28.52936606,  -35.56962885,   -7.97724235,   37.75487068,    145.35570109]]
/root/sim/music/out/Queen/Jazz/06_Let_Me_Entertain_You.mp3; [-562.14856  ,  81.42688  , -11.755247 ,  34.122356 ,   1.3169572,    7.727397 ,   2.7794633,  14.048711 ,   1.8425075,   3.5201373,   -3.2667534,  -7.9381576,  -7.212306 ]; [[16882.70875617,  188.73746927, -339.66755657,  639.22530082,   -101.50543984,  -28.83012224, -167.01299293,  185.97749821,   -170.71653917,  -22.2838709 ,  -83.38969322, -186.7357189 ,    -77.33836224], [  188.73746927, 1764.05258918, -150.08345022,   -7.86337305,     78.87119421,   64.31594011,   99.62256947,  110.20517495,    230.64398413,   33.7261148 ,   16.48977688,  -60.56891972,    -43.39712293], [ -339.66755657, -150.08345022,  933.5163676 ,  257.1787745 ,     77.26170672,  279.54894278,  118.62497352,   38.37334188,    181.67522765,  -51.78145905,   85.99530056,   28.05200256,    -33.71336748], [  639.22530082,   -7.86337305,  257.1787745 ,  414.51218141,    138.25098874,  108.7586788 ,   42.22417523,   46.56409924,     87.24035683,    0.35207615,   33.81520169,  -11.02271916,     -1.21602718], [ -101.50543984,   78.87119421,   77.26170672,  138.25098874,    281.45479746,   73.30103508,   42.49219025,   37.38024307,     45.82996662,   26.38632532,    2.68252155,   -1.25351406,      7.88343224], [  -28.83012224,   64.31594011,  279.54894278,  108.7586788 ,     73.30103508,  284.57363384,  152.18941233,   51.7921908 ,     88.9077106 ,  -35.38253304,   77.02799481,   19.20612358,    -24.78049496], [ -167.01299293,   99.62256947,  118.62497352,   42.22417523,     42.49219025,  152.18941233,  199.97830444,   73.3674702 ,     57.89977541,  -13.07757717,   44.5934797 ,   22.82679973,     -3.5886193 ], [  185.97749821,  110.20517495,   38.37334188,   46.56409924,     37.38024307,   51.7921908 ,   73.3674702 ,  148.29270486,     93.32657413,   25.41378122,   11.50543559,  -10.56563525,      0.86225707], [ -170.71653917,  230.64398413,  181.67522765,   87.24035683,     45.82996662,   88.9077106 ,   57.89977541,   93.32657413,    251.06689444,   52.98824832,   38.08184783,  -15.6664068 ,    -25.81989913], [  -22.2838709 ,   33.7261148 ,  -51.78145905,    0.35207615,     26.38632532,  -35.38253304,  -13.07757717,   25.41378122,     52.98824832,  124.87060547,   29.06245973,   14.67649191,     10.3851393 ], [  -83.38969322,   16.48977688,   85.99530056,   33.81520169,      2.68252155,   77.02799481,   44.5934797 ,   11.50543559,     38.08184783,   29.06245973,  117.99596321,   48.11116715,      0.11691841], [ -186.7357189 ,  -60.56891972,   28.05200256,  -11.02271916,     -1.25351406,   19.20612358,   22.82679973,  -10.56563525,    -15.6664068 ,   14.67649191,   48.11116715,  100.11988506,     49.04984259], [  -77.33836224,  -43.39712293,  -33.71336748,   -1.21602718,      7.88343224,  -24.78049496,   -3.5886193 ,    0.86225707,    -25.81989913,   10.3851393 ,    0.11691841,   49.04984259,    102.52632449]]
