/root/sim/music/out/仕分け前/Flash-_Best/03_胸がドキドキ.mp3; [-516.59406  , 122.59371  , -33.840816 ,  31.716982 ,   8.2541   ,   11.111473 ,   3.1303003,  10.040811 ,   3.4920042,   7.691224 ,   -4.499763 ,  -5.575498 ,   2.2282023]; [[13731.09046781,  -22.31211545,-1315.68822852,  -54.5801698 ,   -121.38542177,    2.12118884, -106.43778451,  196.54065573,     68.53228618,  123.17724649,  -10.26552062,  151.70128135,    131.23873298], [  -22.31211545, 1017.73545284,  -46.21863333,  207.04539969,      7.9718208 ,   22.43647384,   51.08475876,  -21.25382497,     -6.02375893,    1.2491262 ,  -28.16968786,  -94.08763683,    -31.16224304], [-1315.68822852,  -46.21863333,  577.01230299,  -12.98925568,     27.50813322,   38.95525441,  -17.35561177,  -36.39324396,     -1.72682445,  -25.766906  ,    5.39476917,  -30.20780799,    -20.29610696], [  -54.5801698 ,  207.04539969,  -12.98925568,  195.97886999,     43.240394  ,    9.34627598,    2.84394597,  -13.50606123,     17.02180557,  -11.49069636,  -20.59950304,  -29.84710259,      3.77665007], [ -121.38542177,    7.9718208 ,   27.50813322,   43.240394  ,    102.27361317,    9.69847197,    4.69446216,    1.62951677,      4.84097319,    8.9204619 ,    2.12060575,   -1.41645718,      4.08197822], [    2.12118884,   22.43647384,   38.95525441,    9.34627598,      9.69847197,   83.57986263,   29.75644434,    2.87439852,      8.61699689,   -5.24157447,    1.30748902,   -3.02255742,     -2.48797289], [ -106.43778451,   51.08475876,  -17.35561177,    2.84394597,      4.69446216,   29.75644434,   84.08788613,   26.01610265,      3.43752605,   -0.02123089,    1.46233664,   -6.30776317,     -6.64949947], [  196.54065573,  -21.25382497,  -36.39324396,  -13.50606123,      1.62951677,    2.87439852,   26.01610265,   73.91994891,      8.69729755,   15.40439985,   -0.68594963,    7.51818035,      3.80591209], [   68.53228618,   -6.02375893,   -1.72682445,   17.02180557,      4.84097319,    8.61699689,    3.43752605,    8.69729755,     69.68398951,   15.26324582,   -3.32649612,   -3.58717528,      6.38946367], [  123.17724649,    1.2491262 ,  -25.766906  ,  -11.49069636,      8.9204619 ,   -5.24157447,   -0.02123089,   15.40439985,     15.26324582,   57.90053033,   15.47038274,    1.73908619,     -2.68486931], [  -10.26552062,  -28.16968786,    5.39476917,  -20.59950304,      2.12060575,    1.30748902,    1.46233664,   -0.68594963,     -3.32649612,   15.47038274,   55.11529736,   21.40403289,     -0.08882809], [  151.70128135,  -94.08763683,  -30.20780799,  -29.84710259,     -1.41645718,   -3.02255742,   -6.30776317,    7.51818035,     -3.58717528,    1.73908619,   21.40403289,   64.50780319,     25.83246098], [  131.23873298,  -31.16224304,  -20.29610696,    3.77665007,      4.08197822,   -2.48797289,   -6.64949947,    3.80591209,      6.38946367,   -2.68486931,   -0.08882809,   25.83246098,     51.0935733 ]]
/root/sim/music/out/仕分け前/Flash-_Best/07_千年メダル.mp3; [-492.00076  ,  79.47773  , -30.446789 ,  40.228397 ,  14.883937 ,   12.089156 ,   5.358198 ,   9.394593 ,  -1.4572971,   4.2863526,   -4.1435876,  -4.980199 ,  -6.094536 ]; [[13078.77296692,   92.86907299, -355.98601017,  141.48933545,    213.69011843,   35.42940637,   35.24426186,  232.04866697,    -15.86193197,  108.72534502,  -35.54768164,   37.50054166,     11.40384223], [   92.86907299,  539.5695907 , -166.36865063,  115.37054614,    -45.7661016 ,   19.77921926,   14.85001003,    8.8296259 ,    -19.3553419 ,    3.96581551,  -18.53773745,  -24.10473999,    -36.9828573 ], [ -355.98601017, -166.36865063,  416.02474732,  -30.88178629,     82.7560926 ,   32.06455208,   13.29367592,    4.02233936,      0.674241  ,   -0.58010963,   30.87309273,   27.49583712,      7.35402367], [  141.48933545,  115.37054614,  -30.88178629,  224.44338216,     64.83058938,    9.72052459,  -32.35951435,  -14.51523469,      9.60141449,   -0.8477668 ,  -25.20672877,   -4.31967142,     27.32760718], [  213.69011843,  -45.7661016 ,   82.7560926 ,   64.83058938,    130.43788215,   32.02737155,    4.30773601,   10.5186147 ,      8.40587991,    7.92750105,   -3.92939599,   13.75949614,     15.41035305], [   35.42940637,   19.77921926,   32.06455208,    9.72052459,     32.02737155,   86.72162805,   41.92228773,    7.3868012 ,     -1.83806195,   -2.54444983,    1.77172569,    0.23192995,     -4.79896994], [   35.24426186,   14.85001003,   13.29367592,  -32.35951435,      4.30773601,   41.92228773,   94.78593309,   35.70212612,      2.80441752,   -5.52721031,   12.88509837,   -0.11562434,    -15.82039772], [  232.04866697,    8.8296259 ,    4.02233936,  -14.51523469,     10.5186147 ,    7.3868012 ,   35.70212612,   83.21230285,     18.9913155 ,   10.87519176,   -6.30855239,    5.35722066,     -2.1214208 ], [  -15.86193197,  -19.3553419 ,    0.674241  ,    9.60141449,      8.40587991,   -1.83806195,    2.80441752,   18.9913155 ,     63.27174775,   17.65851244,   -8.18828024,   -3.10234225,     13.08840158], [  108.72534502,    3.96581551,   -0.58010963,   -0.8477668 ,      7.92750105,   -2.54444983,   -5.52721031,   10.87519176,     17.65851244,   52.42690273,   17.35568644,    5.98271511,     -3.71334883], [  -35.54768164,  -18.53773745,   30.87309273,  -25.20672877,     -3.92939599,    1.77172569,   12.88509837,   -6.30855239,     -8.18828024,   17.35568644,   61.10990174,   18.72558726,    -12.53800616], [   37.50054166,  -24.10473999,   27.49583712,   -4.31967142,     13.75949614,    0.23192995,   -0.11562434,    5.35722066,     -3.10234225,    5.98271511,   18.72558726,   47.00024662,     19.85598569], [   11.40384223,  -36.9828573 ,    7.35402367,   27.32760718,     15.41035305,   -4.79896994,  -15.82039772,   -2.1214208 ,     13.08840158,   -3.71334883,  -12.53800616,   19.85598569,     62.64546432]]
/root/sim/music/out/仕分け前/Flash-_Best/13_いかすぜOK.mp3; [-506.5521    ,  96.389336  , -28.913307  ,  33.66244   ,  12.743445  ,   19.727226  ,   2.4097462 ,   8.260577  ,   1.332297  ,   0.44509336,    1.7011973 ,  -1.790696  ,  -3.857957  ]; [[15591.03115292,  688.87527553, 1377.41221424, 1469.18041351,    161.15241895, -794.05640283, -684.94990486,  454.43513291,    144.35826328,  -75.08387638,  -27.30572882, -155.94581398,   -213.59398333], [  688.87527553,  662.02643963, -199.09233929,  -19.04622775,    -82.14034584,   -4.40392419,   26.60121493,   61.96933057,    -36.64753059,    1.07976241,    7.95974072,  -64.0696323 ,    -40.40856262], [ 1377.41221424, -199.09233929, 1438.86470371,  459.71684226,    181.7447542 , -230.24487549,  -91.94760719,  206.30278087,     42.90826294,   60.22709191,   37.47616362,   12.309644  ,     23.39355819], [ 1469.18041351,  -19.04622775,  459.71684226,  487.78865958,    159.5120961 , -138.8431504 , -140.32467437,   89.99942923,     38.60052385,  -12.77863883,   -2.0194229 ,   -6.92605577,      3.03100599], [  161.15241895,  -82.14034584,  181.7447542 ,  159.5120961 ,    219.88919427,    2.96783068,  -60.4028774 ,    8.73425985,     17.37770464,   16.52045624,    2.09384   ,    3.01086123,      9.74472825], [ -794.05640283,   -4.40392419, -230.24487549, -138.8431504 ,      2.96783068,  214.36904262,  111.82888538,  -58.88196855,     -6.97239262,   13.86449588,   10.3386854 ,   19.50958182,      1.50374783], [ -684.94990486,   26.60121493,  -91.94760719, -140.32467437,    -60.4028774 ,  111.82888538,  194.28744134,   33.19588162,     -4.75132815,   25.0180314 ,   32.86414454,   20.2981211 ,      9.13166024], [  454.43513291,   61.96933057,  206.30278087,   89.99942923,      8.73425985,  -58.88196855,   33.19588162,  147.76981595,     25.62529115,   23.97357837,   23.82415666,   -1.2823002 ,      3.94289446], [  144.35826328,  -36.64753059,   42.90826294,   38.60052385,     17.37770464,   -6.97239262,   -4.75132815,   25.62529115,     68.84944571,   23.7828862 ,    7.30992999,    8.64950098,      4.43647144], [  -75.08387638,    1.07976241,   60.22709191,  -12.77863883,     16.52045624,   13.86449588,   25.0180314 ,   23.97357837,     23.7828862 ,   83.32292262,   34.92710017,    3.87968122,      7.21403909], [  -27.30572882,    7.95974072,   37.47616362,   -2.0194229 ,      2.09384   ,   10.3386854 ,   32.86414454,   23.82415666,      7.30992999,   34.92710017,   66.92983508,   24.65534197,     -0.46369348], [ -155.94581398,  -64.0696323 ,   12.309644  ,   -6.92605577,      3.01086123,   19.50958182,   20.2981211 ,   -1.2823002 ,      8.64950098,    3.87968122,   24.65534197,   67.09962337,     24.21703018], [ -213.59398333,  -40.40856262,   23.39355819,    3.03100599,      9.74472825,    1.50374783,    9.13166024,    3.94289446,      4.43647144,    7.21403909,   -0.46369348,   24.21703018,     64.36406552]]
/root/sim/music/out/仕分け前/Eric_Johnson/Ah_Via_Musicom/11_East_Wes.mp3; [-702.19275  , 122.728    ,  27.817429 ,  47.569527 ,  15.692184 ,    3.5763915,  -9.795255 ,  -6.1364307,  -7.0300674,   1.2895234,   -2.176166 ,  -3.0823677,  -2.465682 ]; [[13788.33835932,-1525.13503475, -950.86130619, -415.94273228,   -676.22440776, -129.05297517, -370.3457233 ,  -83.77719168,   -222.62806121, -212.22529669, -251.93539984,  -53.86780005,    -35.35467829], [-1525.13503475, 1894.4181755 , -350.86953471,  157.27923752,    187.50600525, -136.30511112,  -37.9520754 , -118.1593248 ,    -74.34086002,   46.71067657,   76.36975962,  -25.07515611,      4.66790306], [ -950.86130619, -350.86953471,  794.53310655,    4.73490593,     26.20074341,   77.49022465,   23.229809  ,   35.12244013,     67.91591111,   17.86414602,    9.38221836,   -3.32652037,    -13.45505024], [ -415.94273228,  157.27923752,    4.73490593,  422.75768596,    119.47114626,   -6.65146505,    3.93154563,  -40.9915166 ,    -25.24937275,   14.43505782,    6.55218909,   21.02870532,     -2.35817711], [ -676.22440776,  187.50600525,   26.20074341,  119.47114626,    212.96749281,   29.26534899,   19.28711081,  -16.093422  ,     11.43606469,   14.16036   ,   24.91738729,   -1.08928909,     17.6841708 ], [ -129.05297517, -136.30511112,   77.49022465,   -6.65146505,     29.26534899,  160.33163576,   80.4079619 ,   35.51838525,      8.58610632,   -6.64497222,   -8.05489336,    7.6819294 ,     -4.00548909], [ -370.3457233 ,  -37.9520754 ,   23.229809  ,    3.93154563,     19.28711081,   80.4079619 ,  158.16113583,   68.22757217,     11.42979073,   -4.69683566,    1.16393294,    4.98505794,      0.65133416], [  -83.77719168, -118.1593248 ,   35.12244013,  -40.9915166 ,    -16.093422  ,   35.51838525,   68.22757217,  130.84082504,     53.31612877,  -16.41840844,  -21.58771848,    5.89275433,     10.87416038], [ -222.62806121,  -74.34086002,   67.91591111,  -25.24937275,     11.43606469,    8.58610632,   11.42979073,   53.31612877,    108.19311974,   29.65264611,   -0.10246509,   -2.02202264,     -0.28261573], [ -212.22529669,   46.71067657,   17.86414602,   14.43505782,     14.16036   ,   -6.64497222,   -4.69683566,  -16.41840844,     29.65264611,   90.28738209,   43.06100206,   -4.22103372,    -15.88708855], [ -251.93539984,   76.36975962,    9.38221836,    6.55218909,     24.91738729,   -8.05489336,    1.16393294,  -21.58771848,     -0.10246509,   43.06100206,   85.48331773,   25.79960104,     -5.14424563], [  -53.86780005,  -25.07515611,   -3.32652037,   21.02870532,     -1.08928909,    7.6819294 ,    4.98505794,    5.89275433,     -2.02202264,   -4.22103372,   25.79960104,   78.46714377,     27.36146914], [  -35.35467829,    4.66790306,  -13.45505024,   -2.35817711,     17.6841708 ,   -4.00548909,    0.65133416,   10.87416038,     -0.28261573,  -15.88708855,   -5.14424563,   27.36146914,     81.44665546]]
/root/sim/music/out/仕分け前/Eric_Johnson/Ah_Via_Musicom/04_High_Landrons.mp3; [-610.5273    ,  79.66514   ,  10.302437  ,  36.513157  ,   1.3733068 ,   -0.30331022,  -8.1142235 ,   5.597974  ,  -0.14653382,   1.3956852 ,   -2.6417067 ,   0.18476039,  -5.832217  ]; [[13515.91906463,  519.00165761,  -85.18452169,   33.64156931,   -247.08870258,  -37.68234413, -233.31819864,   16.83852689,   -109.87633645,  -11.5645704 ,   10.95621162,   37.19007476,     -1.41829116], [  519.00165761,  453.39629375,  -80.5594634 ,   34.95438937,      6.64659858,  -14.65604691,   16.74227234,    9.35798858,     17.01155686,  -11.08999694,   27.16927208,   23.08729452,     16.82392916], [  -85.18452169,  -80.5594634 ,  337.37847078,  -29.11108643,     11.49417124,   26.72887195,   -5.99666601,    5.0868408 ,    -39.50819396,   -2.24456569,   -1.52589251,   -7.86274161,      7.72996127], [   33.64156931,   34.95438937,  -29.11108643,  288.67283013,     89.66755546,  -10.69335382,    6.5517352 ,  -27.51979423,     23.48547233,    5.21246644,   -2.36539042,   18.52820293,     12.03929313], [ -247.08870258,    6.64659858,   11.49417124,   89.66755546,    159.18341604,   33.81313311,   17.53390713,   -2.82815553,      8.00361641,    9.1489709 ,   14.12625748,    6.3079397 ,     10.76554134], [  -37.68234413,  -14.65604691,   26.72887195,  -10.69335382,     33.81313311,  117.05967017,   58.85396685,   16.24486701,      2.58526912,    1.83641155,    6.82126863,   -4.27530027,    -14.01620356], [ -233.31819864,   16.74227234,   -5.99666601,    6.5517352 ,     17.53390713,   58.85396685,  130.27129979,   57.21219618,     30.51335368,    0.76046531,    8.76441612,   -1.24219566,    -17.10277917], [   16.83852689,    9.35798858,    5.0868408 ,  -27.51979423,     -2.82815553,   16.24486701,   57.21219618,  122.62969322,     63.96208267,    7.99360918,  -16.75419361,  -10.58251841,     -8.11046082], [ -109.87633645,   17.01155686,  -39.50819396,   23.48547233,      8.00361641,    2.58526912,   30.51335368,   63.96208267,    133.66654498,   49.4713961 ,   -8.65328825,  -16.12755424,    -19.54932334], [  -11.5645704 ,  -11.08999694,   -2.24456569,    5.21246644,      9.1489709 ,    1.83641155,    0.76046531,    7.99360918,     49.4713961 ,  104.92239144,   45.03532118,  -17.74887869,    -29.02821652], [   10.95621162,   27.16927208,   -1.52589251,   -2.36539042,     14.12625748,    6.82126863,    8.76441612,  -16.75419361,     -8.65328825,   45.03532118,  110.1146911 ,   41.74093076,    -13.86685902], [   37.19007476,   23.08729452,   -7.86274161,   18.52820293,      6.3079397 ,   -4.27530027,   -1.24219566,  -10.58251841,    -16.12755424,  -17.74887869,   41.74093076,  103.48881866,     55.9522966 ], [   -1.41829116,   16.82392916,    7.72996127,   12.03929313,     10.76554134,  -14.01620356,  -17.10277917,   -8.11046082,    -19.54932334,  -29.02821652,  -13.86685902,   55.9522966 ,    119.34568783]]
/root/sim/music/out/仕分け前/Eric_Johnson/Ah_Via_Musicom/07_Nothing_Can_Keep_Me_From_You.mp3; [-613.14044  ,  89.47597  ,  14.864705 ,  27.374306 ,   3.9254608,   -1.7899573,  -8.339637 ,   0.7105212,  -1.1357157,  -2.5960915,   -3.0630965,  -1.325297 ,  -4.557338 ]; [[9761.69286626,-660.82658562,  62.4908601 ,-399.97316159,-175.8232927 ,   -96.64767361,-165.52879088,  73.33637941, -38.99677687, 120.06191184,    85.52446777,  11.19644157, -74.04524498], [-660.82658562, 555.2628031 ,-100.56791829,  97.32995951,  -8.53662859,    30.88161428,  35.40809663,  -6.04211875,  12.12606355, -29.96642347,    22.0887931 ,   5.88449629, -19.44004459], [  62.4908601 ,-100.56791829, 392.61422356, -27.12670409,  75.36721963,    31.01802142,  12.1982099 ,  24.75287854,  -9.9907477 ,  17.32252548,     0.14924545,  -2.79916515,  23.36087985], [-399.97316159,  97.32995951, -27.12670409, 326.54641461, 107.9181504 ,    48.35522114,  11.52604669, -22.07312085,  50.77421743, -20.43028473,   -20.37264271,  17.49913014,   0.99706462], [-175.8232927 ,  -8.53662859,  75.36721963, 107.9181504 , 172.82379945,    41.69167217,   6.93831584,  -3.80464688,  29.1423344 ,   9.08523868,    -8.52353635,   8.09125833,  20.12059619], [ -96.64767361,  30.88161428,  31.01802142,  48.35522114,  41.69167217,   114.15259073,  48.90037309,  13.2924682 ,   0.66488689,   3.14365754,     3.99642078,   6.50276305,   4.51800185], [-165.52879088,  35.40809663,  12.1982099 ,  11.52604669,   6.93831584,    48.90037309, 131.0531937 ,  44.90402628,  18.17608171,  11.06402522,     2.08277744,  -0.75197153,  -0.69039575], [  73.33637941,  -6.04211875,  24.75287854, -22.07312085,  -3.80464688,    13.2924682 ,  44.90402628,  89.13595075,  27.80043966,  17.79342717,     3.18424285,  -1.01297938,  -2.28019385], [ -38.99677687,  12.12606355,  -9.9907477 ,  50.77421743,  29.1423344 ,     0.66488689,  18.17608171,  27.80043966,  85.59664169,  30.72011067,    -0.94026119,   1.35476107,   0.27640836], [ 120.06191184, -29.96642347,  17.32252548, -20.43028473,   9.08523868,     3.14365754,  11.06402522,  17.79342717,  30.72011067,  91.15917647,    27.1984612 ,   1.89127507,   7.41466022], [  85.52446777,  22.0887931 ,   0.14924545, -20.37264271,  -8.52353635,     3.99642078,   2.08277744,   3.18424285,  -0.94026119,  27.1984612 ,    69.9275636 ,  26.27809155,  -0.89688798], [  11.19644157,   5.88449629,  -2.79916515,  17.49913014,   8.09125833,     6.50276305,  -0.75197153,  -1.01297938,   1.35476107,   1.89127507,    26.27809155,  65.53038427,  29.4435504 ], [ -74.04524498, -19.44004459,  23.36087985,   0.99706462,  20.12059619,     4.51800185,  -0.69039575,  -2.28019385,   0.27640836,   7.41466022,    -0.89688798,  29.4435504 ,  77.40272195]]
/root/sim/music/out/仕分け前/Eric_Johnson/Ah_Via_Musicom/03_Desert_Rose.mp3; [-610.7193   ,  77.593254 ,  16.201218 ,  29.149012 ,   1.7854214,   -6.9580526, -13.339825 ,   5.8582945,  -3.0039554,  -5.1150656,   -5.5483418,  -3.8154216,  -7.5781074]; [[8327.58956076, 248.33844911, 225.72206791, 169.90576286,  94.83232635,     0.49418648, -56.97785031,  93.62860422,  60.35840944,  31.9774599 ,   -21.57847362,  43.28580724, -25.47095228], [ 248.33844911, 691.59267905,-189.30149608,   6.17483849, -36.58999318,    -8.91334623,  -3.16387073,   8.40332809,  12.44504471,   1.08898615,    19.59531441,  13.22492804, -20.63495204], [ 225.72206791,-189.30149608, 328.34090008,  25.76529414,  21.92843659,    25.13952935,   6.08313925, -12.34664205,  -2.88479018,   0.6308704 ,    -2.67504443,   3.76471247,  19.48135884], [ 169.90576286,   6.17483849,  25.76529414, 322.73641203, 141.26751114,     9.41634381,   6.27550882,  24.15550383,  18.48572985,  -1.34114053,   -14.37688603,  19.82570697,  23.36051158], [  94.83232635, -36.58999318,  21.92843659, 141.26751114, 203.79513778,    39.09261111,  21.82350881,  24.1588648 ,   5.52525657,   8.77236079,    -5.56419572,  11.95015581,  30.99000043], [   0.49418648,  -8.91334623,  25.13952935,   9.41634381,  39.09261111,   133.7155144 ,  67.2111646 ,  25.92350519,   3.53087743,   9.53403348,     3.01407647,  -8.78934924,  10.29664843], [ -56.97785031,  -3.16387073,   6.08313925,   6.27550882,  21.82350881,    67.2111646 , 164.97688278,  79.96585596,  15.91700437,  10.13171544,    26.2292307 ,  -3.78087318,   1.90808532], [  93.62860422,   8.40332809, -12.34664205,  24.15550383,  24.1588648 ,    25.92350519,  79.96585596, 120.31724401,  54.94944265,  23.75593966,    12.92744135,  -4.8234411 ,  -7.23033178], [  60.35840944,  12.44504471,  -2.88479018,  18.48572985,   5.52525657,     3.53087743,  15.91700437,  54.94944265, 128.46621291,  56.81439118,     5.23845019,  -3.29459876, -17.15944235], [  31.9774599 ,   1.08898615,   0.6308704 ,  -1.34114053,   8.77236079,     9.53403348,  10.13171544,  23.75593966,  56.81439118,  98.15998345,    37.63752903,   4.1131877 , -14.30371926], [ -21.57847362,  19.59531441,  -2.67504443, -14.37688603,  -5.56419572,     3.01407647,  26.2292307 ,  12.92744135,   5.23845019,  37.63752903,    87.15859898,  35.93705858,  -0.07140681], [  43.28580724,  13.22492804,   3.76471247,  19.82570697,  11.95015581,    -8.78934924,  -3.78087318,  -4.8234411 ,  -3.29459876,   4.1131877 ,    35.93705858,  84.32320881,  42.0983696 ], [ -25.47095228, -20.63495204,  19.48135884,  23.36051158,  30.99000043,    10.29664843,   1.90808532,  -7.23033178, -17.15944235, -14.30371926,    -0.07140681,  42.0983696 ,  92.18473895]]
/root/sim/music/out/仕分け前/Eric_Johnson/Ah_Via_Musicom/08_Song_For_George.mp3; [-801.8813   , 129.78828  ,  30.71191  ,  27.379839 ,  -4.8982882,   -4.5422707,  -4.090195 ,  -4.5430202, -13.430105 ,  -7.598768 ,  -12.335195 ,  -4.646817 ,   1.7234521]; [[16281.93987576,  -19.86567677, -585.79393972,   78.55807371,   -245.57391122, -259.33308584,   33.42492327,  117.48174297,   -161.21366836,  -84.54537822, -347.60937465, -264.06433285,    -57.10427874], [  -19.86567677, 2399.85636131,  390.80592712,  207.25456969,    -58.46268787,   34.65615487,  -40.29185148,  -59.37267974,    -98.80605773,    2.50440679,  -29.53889423,   -6.5924455 ,     49.4935215 ], [ -585.79393972,  390.80592712,  613.28061794,  118.93100451,     53.76702451,   19.35036653,   27.56297403,  -22.44595189,     -2.14243944,  -11.60835268,   52.83126827,   40.57306271,     26.88785945], [   78.55807371,  207.25456969,  118.93100451,  282.78463522,     31.37811814,   20.2247717 ,   -7.78123874,   -8.89417573,     21.76068357,    8.37797549,   -3.78804256,   22.9961355 ,     13.82573385], [ -245.57391122,  -58.46268787,   53.76702451,   31.37811814,    155.44788601,   29.29053298,    9.45394981,    6.22638964,     10.47461677,    6.60409819,   13.5791496 ,   11.0151609 ,     -0.34106851], [ -259.33308584,   34.65615487,   19.35036653,   20.2247717 ,     29.29053298,  146.63831555,   34.43566326,    8.56403946,     23.18434403,   -6.17221026,   15.03433214,   19.47533654,     19.10430865], [   33.42492327,  -40.29185148,   27.56297403,   -7.78123874,      9.45394981,   34.43566326,  136.49519592,   20.35989643,      6.27651568,    6.87046442,   13.47685303,    6.14788316,     10.78902083], [  117.48174297,  -59.37267974,  -22.44595189,   -8.89417573,      6.22638964,    8.56403946,   20.35989643,  117.30952618,     20.26150049,    9.06814633,    4.07244903,  -14.06977822,     -6.98654257], [ -161.21366836,  -98.80605773,   -2.14243944,   21.76068357,     10.47461677,   23.18434403,    6.27651568,   20.26150049,    127.92721727,   19.97345246,   -3.74182884,   17.75317752,     -9.48666922], [  -84.54537822,    2.50440679,  -11.60835268,    8.37797549,      6.60409819,   -6.17221026,    6.87046442,    9.06814633,     19.97345246,  116.23234153,    0.11974695,  -19.03884174,     -0.31364385], [ -347.60937465,  -29.53889423,   52.83126827,   -3.78804256,     13.5791496 ,   15.03433214,   13.47685303,    4.07244903,     -3.74182884,    0.11974695,  104.79937889,   30.34328415,     13.8780841 ], [ -264.06433285,   -6.5924455 ,   40.57306271,   22.9961355 ,     11.0151609 ,   19.47533654,    6.14788316,  -14.06977822,     17.75317752,  -19.03884174,   30.34328415,  152.24673371,     55.61361461], [  -57.10427874,   49.4935215 ,   26.88785945,   13.82573385,     -0.34106851,   19.10430865,   10.78902083,   -6.98654257,     -9.48666922,   -0.31364385,   13.8780841 ,   55.61361461,    111.0420578 ]]
/root/sim/music/out/仕分け前/Eric_Johnson/Ah_Via_Musicom/02_Cliffs_Of_Dover.mp3; [-623.5197    , 105.69604   ,   7.5987716 ,  41.234646  ,   5.091248  ,   -8.474825  , -19.908098  ,  -4.2335067 ,   4.064245  ,  -0.78992414,   -4.761733  ,   0.5102237 ,  -2.0590303 ]; [[5288.80998878,-721.62604121,1179.39640364,-132.98064249, 411.43275838,   106.36908414,  62.68665271, 224.05158033, -28.83683379, 208.95393785,    54.59983578,  37.07070266,  57.07781608], [-721.62604121,1061.33019164,-538.69387743, 168.50982536,-113.55625925,   -40.33773494, -85.05894838,-141.00763937,  -5.05045095,-109.66543321,   -51.46075255, -10.17828346, -15.10950876], [1179.39640364,-538.69387743,1090.89421204, -47.81622238, 394.60713767,   180.70519764, 158.77116289, 127.97053639, -69.59163435,  63.08637039,    20.27210006,  45.98873687, 117.48529703], [-132.98064249, 168.50982536, -47.81622238, 196.43267033,  56.9582593 ,    45.18697649,  20.23360192,   1.87015935,  16.52122132,  -4.7028128 ,     7.59332451,  13.67862238,  10.72364803], [ 411.43275838,-113.55625925, 394.60713767,  56.9582593 , 336.1882717 ,   141.65830709, 110.06209379,  69.62303356,   6.69577812,  41.03312123,    22.01632133,  41.37382641,  70.67580082], [ 106.36908414, -40.33773494, 180.70519764,  45.18697649, 141.65830709,   157.35339496,  87.56145572,  33.08439048,  -9.66178796,   2.03027805,    -2.89515424,   8.99340519,  31.27858492], [  62.68665271, -85.05894838, 158.77116289,  20.23360192, 110.06209379,    87.56145572, 143.46884732,  85.37884908,  20.95156786,  31.92391604,    11.84648818,   2.11002135,  15.15641028], [ 224.05158033,-141.00763937, 127.97053639,   1.87015935,  69.62303356,    33.08439048,  85.37884908, 151.51574032,  71.54891568,  60.28616629,     9.35743032, -20.03522145, -24.96360076], [ -28.83683379,  -5.05045095, -69.59163435,  16.52122132,   6.69577812,    -9.66178796,  20.95156786,  71.54891568, 136.78419824,  65.58579246,    11.2493663 , -22.60582283, -44.51213602], [ 208.95393785,-109.66543321,  63.08637039,  -4.7028128 ,  41.03312123,     2.03027805,  31.92391604,  60.28616629,  65.58579246, 123.85480527,    65.55026042,  10.62870731, -24.80206558], [  54.59983578, -51.46075255,  20.27210006,   7.59332451,  22.01632133,    -2.89515424,  11.84648818,   9.35743032,  11.2493663 ,  65.55026042,   113.99571984,  58.30585742,   4.76486854], [  37.07070266, -10.17828346,  45.98873687,  13.67862238,  41.37382641,     8.99340519,   2.11002135, -20.03522145, -22.60582283,  10.62870731,    58.30585742, 107.9310888 ,  71.86426601], [  57.07781608, -15.10950876, 117.48529703,  10.72364803,  70.67580082,    31.27858492,  15.15641028, -24.96360076, -44.51213602, -24.80206558,     4.76486854,  71.86426601, 141.32177893]]
/root/sim/music/out/仕分け前/Eric_Johnson/Ah_Via_Musicom/05_Steve's_Boogie.mp3; [-677.05743   , 110.99139   ,   7.8823695 ,  30.295525  ,   8.324332  ,    1.7473778 ,  -6.5295634 ,   3.8883715 ,  -1.8485165 ,  -1.2849622 ,   -6.5204725 ,  -0.21942626,  -3.450504  ]; [[16840.93998535,  348.06671643,  977.76429899,  -40.94980501,     78.31792726,  179.27559185, -238.05602546,  110.43836026,   -211.04201113, -129.96788289, -282.05090587, -131.88181282,    -68.51340247], [  348.06671643, 1851.50147467, -796.63717114,  142.49304478,    -94.16693021, -249.76449587,  -19.55809809,  -65.75914748,    -11.41878458,  -43.96728213,   -5.59275999,   46.42421099,    -43.52725794], [  977.76429899, -796.63717114, 2052.26990634,  -45.36267941,    218.34599984,  432.17098051,   63.12265758,  159.22254895,     43.98150621,    3.03933721,  -86.70888725, -113.2456224 ,    -18.41660469], [  -40.94980501,  142.49304478,  -45.36267941,  260.47758933,     61.17145242,  -20.66935416,   25.73196182,    6.47822657,     16.01812795,   16.76400369,   15.63053071,    7.8477735 ,    -14.80676016], [   78.31792726,  -94.16693021,  218.34599984,   61.17145242,    190.08695433,  114.49537172,   34.3297793 ,   49.93834643,     23.55005468,    9.06383631,   -1.46616223,   -5.06376269,     10.06841594], [  179.27559185, -249.76449587,  432.17098051,  -20.66935416,    114.49537172,  234.27085872,   65.40722068,   35.83520998,     32.47537953,   15.79874614,  -26.20820277,  -16.07511444,     20.26447885], [ -238.05602546,  -19.55809809,   63.12265758,   25.73196182,     34.3297793 ,   65.40722068,  110.43523981,   39.31669927,      6.8518747 ,   10.65578125,   20.18726301,   15.045087  ,      8.75035577], [  110.43836026,  -65.75914748,  159.22254895,    6.47822657,     49.93834643,   35.83520998,   39.31669927,  101.17445818,     21.98889224,    4.26337727,   21.06870406,    3.73138649,      2.36644294], [ -211.04201113,  -11.41878458,   43.98150621,   16.01812795,     23.55005468,   32.47537953,    6.8518747 ,   21.98889224,     93.11945363,   40.62549577,   -9.75550094,   13.97115646,     24.9311485 ], [ -129.96788289,  -43.96728213,    3.03933721,   16.76400369,      9.06383631,   15.79874614,   10.65578125,    4.26337727,     40.62549577,   85.09985842,   37.74804082,   13.50461445,     17.27635516], [ -282.05090587,   -5.59275999,  -86.70888725,   15.63053071,     -1.46616223,  -26.20820277,   20.18726301,   21.06870406,     -9.75550094,   37.74804082,  108.73793276,   34.37914875,     -9.40492824], [ -131.88181282,   46.42421099, -113.2456224 ,    7.8477735 ,     -5.06376269,  -16.07511444,   15.045087  ,    3.73138649,     13.97115646,   13.50461445,   34.37914875,   64.00743837,     27.3638394 ], [  -68.51340247,  -43.52725794,  -18.41660469,  -14.80676016,     10.06841594,   20.26447885,    8.75035577,    2.36644294,     24.9311485 ,   17.27635516,   -9.40492824,   27.3638394 ,     75.35235838]]
/root/sim/music/out/仕分け前/Eric_Johnson/Ah_Via_Musicom/09_Righteous.mp3; [-600.75256  ,  85.37467  ,  20.904636 ,  36.4481   ,   2.5356686,  -10.673901 , -18.51142  ,  -2.6272519,   2.1459908,  -1.5030489,   -5.088217 ,  -0.2652945,  -4.110129 ]; [[9921.92752887, 513.7512207 , 197.62016821, 295.94706488, -32.1026823 ,   -69.67490818,-250.97186652,   3.76377906,-115.1127964 , -60.72626691,  -135.81616273, -68.02767499, -51.44226989], [ 513.7512207 , 620.08914905, -85.56163509, 167.63140674,  82.80711025,   -13.01184573,  53.30512807,  19.9245905 , 103.81409238,  34.57218677,    26.93893096,  40.33939557,  28.44365781], [ 197.62016821, -85.56163509, 331.65438106,  20.58617996,   3.75154298,    21.38795758, -23.65119567, -16.38324467, -28.02656193,  -1.79772801,    -9.42516384, -22.22943933,  -9.38490296], [ 295.94706488, 167.63140674,  20.58617996, 183.01166002,  83.37690027,    33.40752572,  23.32582937,   9.6771616 ,  41.40208947,  18.78887128,    16.22061588,  24.26518924,  19.83402102], [ -32.1026823 ,  82.80711025,   3.75154298,  83.37690027, 147.87217099,    46.68879812,  27.53979454,   6.02211249,  40.00989604,   4.45883442,    -0.81281073,   9.14270697,  18.71409743], [ -69.67490818, -13.01184573,  21.38795758,  33.40752572,  46.68879812,   120.94998143,  48.03868088,  13.25927895,  -0.02847781,   9.54630885,    -1.17569757,  -0.31291487,   9.52595821], [-250.97186652,  53.30512807, -23.65119567,  23.32582937,  27.53979454,    48.03868088, 114.58733521,  47.45233618,  18.36051895,  10.06437726,    14.56472023,   8.25641628,  11.32386982], [   3.76377906,  19.9245905 , -16.38324467,   9.6771616 ,   6.02211249,    13.25927895,  47.45233618,  87.47063956,  27.11075866,   9.9945652 ,     1.01847128,  -5.76356105,  -0.41835229], [-115.1127964 , 103.81409238, -28.02656193,  41.40208947,  40.00989604,    -0.02847781,  18.36051895,  27.11075866, 110.65359113,  36.65326114,     7.33832414,   3.82420764,   0.13035792], [ -60.72626691,  34.57218677,  -1.79772801,  18.78887128,   4.45883442,     9.54630885,  10.06437726,   9.9945652 ,  36.65326114,  72.47464772,    38.85723218,   2.35225051,  -6.17948431], [-135.81616273,  26.93893096,  -9.42516384,  16.22061588,  -0.81281073,    -1.17569757,  14.56472023,   1.01847128,   7.33832414,  38.85723218,    74.2993545 ,  35.80398557,   4.42072349], [ -68.02767499,  40.33939557, -22.22943933,  24.26518924,   9.14270697,    -0.31291487,   8.25641628,  -5.76356105,   3.82420764,   2.35225051,    35.80398557,  72.18757624,  36.85559592], [ -51.44226989,  28.44365781,  -9.38490296,  19.83402102,  18.71409743,     9.52595821,  11.32386982,  -0.41835229,   0.13035792,  -6.17948431,     4.42072349,  36.85559592,  73.57466639]]
/root/sim/music/out/仕分け前/Eric_Johnson/Ah_Via_Musicom/01_Ah_Via_Musicom.mp3; [-773.6962    , 115.85478   , -14.378589  ,  34.295475  ,  17.856697  ,    3.8606014 ,   2.8455215 ,   6.9168754 ,   2.7902863 ,   4.8188953 ,    4.6632338 ,   0.60326743,   0.34576076]; [[17735.74140884,  741.37356572,-1810.64588883,  609.19370347,   -573.84611621,-1809.04673441, -777.026206  ,  217.6476869 ,   -515.52170012, -997.12338407, -826.27332495, -205.62425729,    138.7416293 ], [  741.37356572, 1303.07355229, -285.73938891,  250.38086113,     -6.67051014, -255.07834222,  -10.61445286,  -16.34812192,     61.47670853,    1.61913648, -109.31732826,  -53.04941567,      6.72506993], [-1810.64588883, -285.73938891, 1121.77166802,  -38.79086324,    121.35245543,  523.41150127,   86.44879008, -104.15734312,     98.59289139,  193.86685102,  131.5460437 ,   33.63241182,    -58.77251717], [  609.19370347,  250.38086113,  -38.79086324,  498.98574555,    260.68181073,  -81.03601762,   -2.18474354,  -24.6556555 ,    -36.77836664,   17.70066438,  -15.54378487,    3.76768908,     20.2346256 ], [ -573.84611621,   -6.67051014,  121.35245543,  260.68181073,    498.01970596,  203.85600845,  109.88308428,  -25.39506832,    -43.34166697,  109.22194217,   93.25904972,   58.94327213,      2.19997565], [-1809.04673441, -255.07834222,  523.41150127,  -81.03601762,    203.85600845,  678.93300665,  188.07582868,  -77.5910223 ,      7.77658604,  189.93081681,  157.15025967,   34.82227934,    -71.8266239 ], [ -777.026206  ,  -10.61445286,   86.44879008,   -2.18474354,    109.88308428,  188.07582868,  179.64123841,   20.18927913,      4.81302179,   74.8803575 ,   56.12515406,   36.90374179,    -16.22272256], [  217.6476869 ,  -16.34812192, -104.15734312,  -24.6556555 ,    -25.39506832,  -77.5910223 ,   20.18927913,  147.27060297,     22.42401222,  -26.75428206,  -22.49123316,   -9.69438048,     20.69299313], [ -515.52170012,   61.47670853,   98.59289139,  -36.77836664,    -43.34166697,    7.77658604,    4.81302179,   22.42401222,    153.06842227,   69.70948228,   33.27461436,   -8.24874132,     -2.63951303], [ -997.12338407,    1.61913648,  193.86685102,   17.70066438,    109.22194217,  189.93081681,   74.8803575 ,  -26.75428206,     69.70948228,  206.51622276,  118.08456683,   31.2912265 ,     -2.04400843], [ -826.27332495, -109.31732826,  131.5460437 ,  -15.54378487,     93.25904972,  157.15025967,   56.12515406,  -22.49123316,     33.27461436,  118.08456683,  232.32219171,   30.47612038,      8.73735718], [ -205.62425729,  -53.04941567,   33.63241182,    3.76768908,     58.94327213,   34.82227934,   36.90374179,   -9.69438048,     -8.24874132,   31.2912265 ,   30.47612038,  109.8691374 ,     35.47141379], [  138.7416293 ,    6.72506993,  -58.77251717,   20.2346256 ,      2.19997565,  -71.8266239 ,  -16.22272256,   20.69299313,     -2.63951303,   -2.04400843,    8.73735718,   35.47141379,    106.59639402]]
/root/sim/music/out/仕分け前/Eric_Johnson/Ah_Via_Musicom/10_Forty_Mile_Town.mp3; [-730.34814   , 108.2436    ,  12.694279  ,  27.616169  ,  -0.7510205 ,   -2.384631  ,  -5.8236613 ,   0.7408668 ,  -0.4885432 ,  -6.3294525 ,   -3.8969376 ,  -0.93565464,  -6.1465116 ]; [[21194.49162661, 1837.23209969,  160.52109473, -106.67473468,   -406.07148279, -380.39967132,   98.15597522,  239.28130239,    183.9895465 ,   -2.1820841 ,   73.41627114, -144.75076129,   -452.19889896], [ 1837.23209969, 1694.65165912, -158.82743451,  382.55151427,   -132.71589851,  -57.56996225,   75.85596466,    6.23878761,    114.15285703,  -77.29283008,   40.63128545,   41.31863069,   -121.21704629], [  160.52109473, -158.82743451, 1331.85927502, -207.52756928,    199.58723299,  119.27413867,   30.03817545,  112.6288004 ,   -108.19868611,   55.84696618,  -15.95382901, -141.72186342,    -28.30369476], [ -106.67473468,  382.55151427, -207.52756928,  595.90087774,     40.54728718,   -3.88642749,   51.94403417,  -54.73036354,    169.75480114,  -63.06447546,  -21.93387675,   67.02955223,    -36.74991647], [ -406.07148279, -132.71589851,  199.58723299,   40.54728718,    233.76427965,   57.37043119,   24.1207416 ,   19.38166235,     17.31170012,   14.60832032,  -17.5492314 ,  -10.23270492,      7.32950902], [ -380.39967132,  -57.56996225,  119.27413867,   -3.88642749,     57.37043119,  195.57581234,   67.63922934,   27.79474924,    -23.52978249,   11.95443211,   -1.67757178,  -21.53814713,     10.00767218], [   98.15597522,   75.85596466,   30.03817545,   51.94403417,     24.1207416 ,   67.63922934,  186.61068364,   38.8104827 ,     37.56831555,   19.09823884,   20.61810488,   16.54432964,    -16.63271238], [  239.28130239,    6.23878761,  112.6288004 ,  -54.73036354,     19.38166235,   27.79474924,   38.8104827 ,  144.27694008,     19.3800863 ,   39.29604519,   35.39776598,   -9.59173118,     -5.46575364], [  183.9895465 ,  114.15285703, -108.19868611,  169.75480114,     17.31170012,  -23.52978249,   37.56831555,   19.3800863 ,    195.26807433,   24.3106586 ,   27.95729735,   43.77114041,    -27.76385793], [   -2.1820841 ,  -77.29283008,   55.84696618,  -63.06447546,     14.60832032,   11.95443211,   19.09823884,   39.29604519,     24.3106586 ,  135.78382332,   56.58179237,   -9.54830573,      1.34903791], [   73.41627114,   40.63128545,  -15.95382901,  -21.93387675,    -17.5492314 ,   -1.67757178,   20.61810488,   35.39776598,     27.95729735,   56.58179237,  131.42460206,   33.27286327,     12.6001003 ], [ -144.75076129,   41.31863069, -141.72186342,   67.02955223,    -10.23270492,  -21.53814713,   16.54432964,   -9.59173118,     43.77114041,   -9.54830573,   33.27286327,  119.74110699,     33.02553402], [ -452.19889896, -121.21704629,  -28.30369476,  -36.74991647,      7.32950902,   10.00767218,  -16.63271238,   -5.46575364,    -27.76385793,    1.34903791,   12.6001003 ,   33.02553402,    118.0888469 ]]
/root/sim/music/out/仕分け前/Eric_Johnson/Ah_Via_Musicom/06_Trademark.mp3; [-625.4117   ,  89.190765 ,  13.269537 ,  42.38899  ,   6.871007 ,    5.2351956,  -8.46032  ,   7.404704 ,  -3.6884227,  -1.3907915,   -5.269544 ,  -1.7128466,  -5.1933384]; [[ 7172.43589199,-1212.81628893,  -38.13894274, -138.74740269,    -12.31286052, -155.50676992,   12.2385767 ,  185.19425411,     91.39695862,  115.93033692,   57.33833037,  -39.41798867,    -99.94017267], [-1212.81628893, 1012.75396089, -191.03719659,  106.30344466,      0.46457903,    7.76090423,   12.78066727,  -24.86239044,    -46.37746799,  -62.98365842,  -13.42458697,   40.64026543,      9.21216427], [  -38.13894274, -191.03719659,  468.91074425,   90.22741788,     71.2381852 ,   42.80859795,   33.76028928,    0.48697928,    -12.04556372,  -10.59708267,   -6.87790982,  -13.18288192,     -3.7843778 ], [ -138.74740269,  106.30344466,   90.22741788,  274.95450437,    127.25856101,   29.98123683,   18.97679089,  -14.99178309,    -27.24289773,  -35.09667298,  -20.56749719,    3.22070077,    -25.00881587], [  -12.31286052,    0.46457903,   71.2381852 ,  127.25856101,    197.31057297,   53.75806801,   14.75756078,  -14.26355725,    -15.77843854,  -21.63865128,   -4.81606782,   11.12439025,      2.8358603 ], [ -155.50676992,    7.76090423,   42.80859795,   29.98123683,     53.75806801,  107.15791282,   44.0011444 ,   -1.32928587,      5.19459836,    1.0562825 ,    1.51166692,    1.3177359 ,      4.38410864], [   12.2385767 ,   12.78066727,   33.76028928,   18.97679089,     14.75756078,   44.0011444 ,   98.3286432 ,   39.19201379,     14.58908593,    3.74756547,    3.39122365,   -8.30603626,     -4.88630282], [  185.19425411,  -24.86239044,    0.48697928,  -14.99178309,    -14.26355725,   -1.32928587,   39.19201379,   90.98938113,     46.13609503,   27.34594073,    3.43377144,  -19.01672908,    -14.4991898 ], [   91.39695862,  -46.37746799,  -12.04556372,  -27.24289773,    -15.77843854,    5.19459836,   14.58908593,   46.13609503,     92.61228514,   47.36881406,    5.15784417,  -12.43471683,     -8.81441421], [  115.93033692,  -62.98365842,  -10.59708267,  -35.09667298,    -21.63865128,    1.0562825 ,    3.74756547,   27.34594073,     47.36881406,   86.21190111,   35.70512833,  -11.178     ,    -10.90928601], [   57.33833037,  -13.42458697,   -6.87790982,  -20.56749719,     -4.81606782,    1.51166692,    3.39122365,    3.43377144,      5.15784417,   35.70512833,   71.16140361,   31.2635007 ,      5.30795918], [  -39.41798867,   40.64026543,  -13.18288192,    3.22070077,     11.12439025,    1.3177359 ,   -8.30603626,  -19.01672908,    -12.43471683,  -11.178     ,   31.2635007 ,   73.65007128,     35.35003242], [  -99.94017267,    9.21216427,   -3.7843778 ,  -25.00881587,      2.8358603 ,    4.38410864,   -4.88630282,  -14.4991898 ,     -8.81441421,  -10.90928601,    5.30795918,   35.35003242,     71.44586289]]
