/root/sim/music/out/Queen/A_Night_At_The_Opera/01_Death_On_Two_Legs.mp3; [-589.05414  , 122.8586   , -24.399958 ,  34.850758 ,   5.7707896,    4.3599396,   4.5783725,   8.416473 ,  -2.119419 ,   1.844878 ,   -4.207262 ,  -5.208552 ,  -4.0777245]; [[19715.59879895,-2892.59561428, 1161.29469462,  907.33159336,   -163.7053985 ,  549.88507499,  418.71075699,  539.32843343,     72.10045745,  573.1843583 ,  211.03857333,  -23.23822611,   -117.49166058], [-2892.59561428, 2841.50323713, -858.08035759,   32.77772341,     23.7000482 , -158.85819785,  -17.79677622, -166.17334929,    -46.20584641, -120.74502457,  -65.68109693,  -34.17480826,     50.36442525], [ 1161.29469462, -858.08035759, 1046.68760614,  136.20660062,    130.44706711,  189.48514866,   46.27755564,  106.241437  ,     37.71342946,   34.76403266,   29.64306502,  -15.70296309,    -24.8025718 ], [  907.33159336,   32.77772341,  136.20660062,  478.95653776,     79.406234  ,   59.7314533 ,    8.18743321,   -8.6913584 ,     22.23211527,   16.63155203,  -16.48070749,  -20.3603425 ,     14.92588099], [ -163.7053985 ,   23.7000482 ,  130.44706711,   79.406234  ,    299.5593084 ,   61.06000566,   25.26283324,   41.16100028,     15.515197  ,   -0.38223275,  -19.17770635,  -18.1299064 ,     -0.22201397], [  549.88507499, -158.85819785,  189.48514866,   59.7314533 ,     61.06000566,  237.75006093,  100.35242329,   48.54418971,      6.77930107,   22.03143357,   45.47284722,   -4.30283319,    -26.17223758], [  418.71075699,  -17.79677622,   46.27755564,    8.18743321,     25.26283324,  100.35242329,  187.30002648,   92.27992523,    -11.21812138,    8.57921914,   26.37778273,    5.30908544,    -10.75981065], [  539.32843343, -166.17334929,  106.241437  ,   -8.6913584 ,     41.16100028,   48.54418971,   92.27992523,  177.19597288,     41.72400871,   15.94100662,    8.22388439,  -10.96083359,     -2.11639779], [   72.10045745,  -46.20584641,   37.71342946,   22.23211527,     15.515197  ,    6.77930107,  -11.21812138,   41.72400871,    125.99854939,   40.33660208,    0.18092462,  -10.59513496,      0.92874904], [  573.1843583 , -120.74502457,   34.76403266,   16.63155203,     -0.38223275,   22.03143357,    8.57921914,   15.94100662,     40.33660208,  123.02657281,   51.96288571,   21.70279763,      4.53918826], [  211.03857333,  -65.68109693,   29.64306502,  -16.48070749,    -19.17770635,   45.47284722,   26.37778273,    8.22388439,      0.18092462,   51.96288571,  120.56911024,   59.91296781,      4.0159996 ], [  -23.23822611,  -34.17480826,  -15.70296309,  -20.3603425 ,    -18.1299064 ,   -4.30283319,    5.30908544,  -10.96083359,    -10.59513496,   21.70279763,   59.91296781,  109.03599992,     35.21469801], [ -117.49166058,   50.36442525,  -24.8025718 ,   14.92588099,     -0.22201397,  -26.17223758,  -10.75981065,   -2.11639779,      0.92874904,    4.53918826,    4.0159996 ,   35.21469801,     84.37464387]]
/root/sim/music/out/Queen/Queen_II/04_Some_Day_One_Day.mp3; [-672.36475  ,  87.59313  ,  28.377693 ,  45.00889  ,   7.2948995,   10.4327965,  -7.060495 ,  -2.3369763, -10.925101 ,  -8.934786 ,   -5.980473 ,  -7.606222 ,  -2.1335945]; [[9703.08385341,-110.40839418, 662.13814669,-293.69818489, -51.98119188,   -30.53840226,-148.34959329,  46.2554817 , -66.48227841, -12.39881974,    61.56419031,  23.75755228,-161.58706709], [-110.40839418, 906.86041553,-393.36860308, -72.2833712 ,-218.88202062,   -95.20293447,  73.37009343,  89.60794026,  72.74785391,  84.56250228,    71.94999628,  19.87419299,  -5.24952334], [ 662.13814669,-393.36860308, 704.1419149 ,  63.51129162, 223.18023644,   119.53734688, -18.89311472, -40.38638834, -47.13703962, -52.04807989,   -35.25116995,  10.91406138, -26.10789592], [-293.69818489, -72.2833712 ,  63.51129162, 305.79850223, 118.84581848,    27.95188345, -32.46561552, -35.71658087,   6.20598761, -23.27551964,    -2.33433594,  -6.06778389,  42.98860577], [ -51.98119188,-218.88202062, 223.18023644, 118.84581848, 323.35792252,    76.32126971, -31.054318  , -40.50824485,  -7.37261697, -25.56040553,   -29.45024786,  -0.14837979,  14.49012335], [ -30.53840226, -95.20293447, 119.53734688,  27.95188345,  76.32126971,   147.57321518,  33.35034698,   2.92133824, -16.1577097 , -14.98451578,    -8.82074885,   8.94236584,   1.16804583], [-148.34959329,  73.37009343, -18.89311472, -32.46561552, -31.054318  ,    33.35034698, 131.80061268,  61.96965367,  21.26265909,  22.32219121,    15.77346915,  12.29511381,  -4.51966428], [  46.2554817 ,  89.60794026, -40.38638834, -35.71658087, -40.50824485,     2.92133824,  61.96965367, 119.10446516,  45.41445497,  38.16562835,    15.32121436,   8.74223911,  -9.99565178], [ -66.48227841,  72.74785391, -47.13703962,   6.20598761,  -7.37261697,   -16.1577097 ,  21.26265909,  45.41445497, 112.88605597,  48.17164923,    14.0115135 ,   2.8095867 ,  -1.16253726], [ -12.39881974,  84.56250228, -52.04807989, -23.27551964, -25.56040553,   -14.98451578,  22.32219121,  38.16562835,  48.17164923,  98.85412986,    40.1021482 ,  12.33053662,  -5.29325974], [  61.56419031,  71.94999628, -35.25116995,  -2.33433594, -29.45024786,    -8.82074885,  15.77346915,  15.32121436,  14.0115135 ,  40.1021482 ,    90.59632266,  29.16243344,  -0.3846177 ], [  23.75755228,  19.87419299,  10.91406138,  -6.06778389,  -0.14837979,     8.94236584,  12.29511381,   8.74223911,   2.8095867 ,  12.33053662,    29.16243344,  70.3248595 ,  21.75768947], [-161.58706709,  -5.24952334, -26.10789592,  42.98860577,  14.49012335,     1.16804583,  -4.51966428,  -9.99565178,  -1.16253726,  -5.29325974,    -0.3846177 ,  21.75768947,  78.56948166]]
/root/sim/music/out/Queen/Queen_II/10_Funny_How_Love_Is.mp3; [-579.7878    ,  74.77869   ,  -2.5911396 ,  31.162096  ,  18.620422  ,   13.674037  ,  11.691836  ,   8.114301  ,  -0.10557028,   1.7907208 ,   -8.840638  ,   2.4920835 ,  -6.612496  ]; [[16322.76595073,  926.16512193, -320.87590827,  278.3479873 ,    129.76410426,  144.26593724,  188.19126955,   53.68597651,    -14.33577481,   91.55482865, -116.56622667,   34.98986883,   -151.86545005], [  926.16512193,  315.95910483,  -77.70239496,   -0.26939311,    -25.37426539,   53.73974595,   70.02655316,    6.75734251,    -10.85746357,   29.17723143,    5.4773525 ,    7.05005235,    -12.7464871 ], [ -320.87590827,  -77.70239496,  401.92872723,  172.62588739,     68.80798205,   -0.09787255,  -54.9940567 ,    1.86018633,      2.54785831,  -40.4591378 ,    5.73541804,   -3.67564774,     15.78646284], [  278.3479873 ,   -0.26939311,  172.62588739,  304.97048925,    112.39589951,  -53.06828594,  -52.98690729,    8.74998078,     28.83024979,  -32.99885255,  -33.84545975,   27.10335882,     25.06124139], [  129.76410426,  -25.37426539,   68.80798205,  112.39589951,    122.13381229,    3.63768813,  -30.42360113,   17.6596482 ,     27.43338807,  -13.48596592,  -19.18398727,    4.34694783,     10.53662122], [  144.26593724,   53.73974595,   -0.09787255,  -53.06828594,      3.63768813,  115.17449822,   61.19662214,   11.3409705 ,    -11.70961318,   13.81035563,   18.97765043,  -10.53042989,     -9.21235491], [  188.19126955,   70.02655316,  -54.9940567 ,  -52.98690729,    -30.42360113,   61.19662214,  115.5000649 ,   27.23120288,    -14.73578944,   10.62289998,   11.43230016,    8.7494413 ,     -8.86865914], [   53.68597651,    6.75734251,    1.86018633,    8.74998078,     17.6596482 ,   11.3409705 ,   27.23120288,   65.59123531,     26.71855171,   -1.78244355,   -2.65714857,    5.14825355,      7.15877859], [  -14.33577481,  -10.85746357,    2.54785831,   28.83024979,     27.43338807,  -11.70961318,  -14.73578944,   26.71855171,     70.69631069,   20.88694127,   -2.99517808,    0.44213988,      1.71672526], [   91.55482865,   29.17723143,  -40.4591378 ,  -32.99885255,    -13.48596592,   13.81035563,   10.62289998,   -1.78244355,     20.88694127,   68.70791088,   30.70514802,   -2.07861765,    -10.23762682], [ -116.56622667,    5.4773525 ,    5.73541804,  -33.84545975,    -19.18398727,   18.97765043,   11.43230016,   -2.65714857,     -2.99517808,   30.70514802,   61.57626743,   17.71733702,     -1.13263011], [   34.98986883,    7.05005235,   -3.67564774,   27.10335882,      4.34694783,  -10.53042989,    8.7494413 ,    5.14825355,      0.44213988,   -2.07861765,   17.71733702,   64.93118568,     25.42497808], [ -151.86545005,  -12.7464871 ,   15.78646284,   25.06124139,     10.53662122,   -9.21235491,   -8.86865914,    7.15877859,      1.71672526,  -10.23762682,   -1.13263011,   25.42497808,     52.98823874]]
/root/sim/music/out/Queen/Queen_II/09_The_March_Of_The_Black_Queen.mp3; [-622.17993   , 111.987915  , -15.051161  ,  38.036465  ,  -0.12106557,    5.4528327 ,   2.305968  ,   0.10965218,  -6.49469   ,   3.1400175 ,   -7.26929   ,  -1.3619874 ,  -5.880534  ]; [[14693.02206155,-2643.36272111, -462.82464861,  -25.61402037,    277.48813055,  771.12620028,  634.79985211,  592.28676409,    134.88971452,  429.96141481,   95.87927995,   84.55330774,     95.39217699], [-2643.36272111, 1845.16091143, -212.24928398,  168.08935334,     10.13816161,   64.29240725,  -23.63997582,   -8.67848121,     97.87167923,  -97.08677661,   11.12167078,  -61.5256989 ,     -4.74812874], [ -462.82464861, -212.24928398,  847.1114652 ,  150.86258413,    104.32733547,  -25.81266547,  -23.85032625,    6.77688553,     51.31674901,   -6.16339782,    4.84308732,   -1.44746133,    -19.98155688], [  -25.61402037,  168.08935334,  150.86258413,  503.67459645,     91.77379715,  100.81850415,  -33.96236077,   58.65869994,     97.88616883,   -5.00735138,    0.34359593,   -0.31620927,     54.24339014], [  277.48813055,   10.13816161,  104.32733547,   91.77379715,    281.15271691,   89.34128714,   45.35422393,   40.44119467,     53.72885412,   33.63729504,  -20.53144132,   -2.74304678,     17.47607264], [  771.12620028,   64.29240725,  -25.81266547,  100.81850415,     89.34128714,  373.60541503,  138.34259822,   94.37823225,     52.7030942 ,   19.83959926,   60.27589497,  -13.10814261,     21.80786807], [  634.79985211,  -23.63997582,  -23.85032625,  -33.96236077,     45.35422393,  138.34259822,  222.66271545,   88.55776683,     24.98368061,   22.84057158,   17.40203673,   -1.46993182,     -2.01703429], [  592.28676409,   -8.67848121,    6.77688553,   58.65869994,     40.44119467,   94.37823225,   88.55776683,  159.63950283,     54.33688363,   31.74997698,    4.32024026,   -3.81807613,     22.66800186], [  134.88971452,   97.87167923,   51.31674901,   97.88616883,     53.72885412,   52.7030942 ,   24.98368061,   54.33688363,    142.80409192,   22.59324356,   15.29239997,  -11.59425664,      7.88005504], [  429.96141481,  -97.08677661,   -6.16339782,   -5.00735138,     33.63729504,   19.83959926,   22.84057158,   31.74997698,     22.59324356,  115.55282263,   21.70055261,   16.73376877,      3.01109845], [   95.87927995,   11.12167078,    4.84308732,    0.34359593,    -20.53144132,   60.27589497,   17.40203673,    4.32024026,     15.29239997,   21.70055261,  110.47220706,   26.31186631,     13.44355093], [   84.55330774,  -61.5256989 ,   -1.44746133,   -0.31620927,     -2.74304678,  -13.10814261,   -1.46993182,   -3.81807613,    -11.59425664,   16.73376877,   26.31186631,   86.04992305,     35.64995647], [   95.39217699,   -4.74812874,  -19.98155688,   54.24339014,     17.47607264,   21.80786807,   -2.01703429,   22.66800186,      7.88005504,    3.01109845,   13.44355093,   35.64995647,     99.84580353]]
/root/sim/music/out/Queen/Queen_II/01_Procession.mp3; [-854.60846  , 129.43698  , -22.61229  ,  28.393997 , -24.583235 ,   -9.32422  ,  -4.838319 ,  -1.102127 ,  -7.253272 ,  -6.935247 ,   -2.2524939,   2.0683281,  -3.5999591]; [[30104.14669698, 1950.88866015,-4305.44105261,  -75.37028268,  -3277.83046811,-2151.79597281,-2224.65458684, -434.22198939,   -957.9409815 , -665.92826872, -282.20518555, -349.53974237,   -752.88907155], [ 1950.88866015, 5255.12760361,  396.48477848,  804.0674496 ,   -395.04278286, -333.86295888, -632.02076192, -785.42613111,     18.24753087, -410.02657609, -386.84703514, -245.04653651,   -338.52050919], [-4305.44105261,  396.48477848, 1803.6856835 ,  522.80619987,   1059.31226098,  582.28165967,  469.00006854,  159.15292672,    148.13176092,   29.19475993,    3.82680036,  -39.74438408,     -1.74665207], [  -75.37028268,  804.0674496 ,  522.80619987,  570.62255578,    226.06762198,  187.53601108,  -33.40718106,  -42.95264445,    153.21280685,   48.68017181,   -6.12058891,  -49.69479937,    -79.88893692], [-3277.83046811, -395.04278286, 1059.31226098,  226.06762198,    857.92841815,  489.79690714,  473.58797463,  265.77192561,    135.37543867,  116.87318759,   98.40028297,   43.46475707,     76.37861058], [-2151.79597281, -333.86295888,  582.28165967,  187.53601108,    489.79690714,  471.87264681,  397.73260455,  207.85776437,    121.47736869,   94.82874805,   80.53550821,   58.4784859 ,     95.75054247], [-2224.65458684, -632.02076192,  469.00006854,  -33.40718106,    473.58797463,  397.73260455,  610.01786789,  262.66326153,     -5.83324468,   56.33141898,   89.68982119,  126.39207815,    176.27435102], [ -434.22198939, -785.42613111,  159.15292672,  -42.95264445,    265.77192561,  207.85776437,  262.66326153,  314.96913099,    101.54914056,  133.84414448,  126.93070652,   72.58065123,     75.80891177], [ -957.9409815 ,   18.24753087,  148.13176092,  153.21280685,    135.37543867,  121.47736869,   -5.83324468,  101.54914056,    326.61973082,  238.952759  ,  124.26133841,   43.40469242,     15.4987133 ], [ -665.92826872, -410.02657609,   29.19475993,   48.68017181,    116.87318759,   94.82874805,   56.33141898,  133.84414448,    238.952759  ,  283.09015408,  169.36551059,   82.26853177,     62.51095564], [ -282.20518555, -386.84703514,    3.82680036,   -6.12058891,     98.40028297,   80.53550821,   89.68982119,  126.93070652,    124.26133841,  169.36551059,  173.85230168,   99.61754382,     65.93703334], [ -349.53974237, -245.04653651,  -39.74438408,  -49.69479937,     43.46475707,   58.4784859 ,  126.39207815,   72.58065123,     43.40469242,   82.26853177,   99.61754382,  131.02212731,    109.58567693], [ -752.88907155, -338.52050919,   -1.74665207,  -79.88893692,     76.37861058,   95.75054247,  176.27435102,   75.80891177,     15.4987133 ,   62.51095564,   65.93703334,  109.58567693,    167.31434544]]
/root/sim/music/out/Queen/Queen_II/02_Father_To_Son.mp3; [-635.35205   , 117.59429   ,   6.669732  ,  36.473755  ,   3.469788  ,    0.68017256,  -2.2024062 ,  -0.26123536,  -7.5770006 ,  -1.9182247 ,   -7.4640684 ,  -1.3983825 ,  -1.8522979 ]; [[7651.83350824,-869.45775806, 333.91215009, 396.89013497, 769.95088064,    40.42066398,-173.37635135,  25.56606543, 165.54978842, 214.23832943,   -82.08991924,-257.59045991,-102.17598448], [-869.45775806, 689.74819906, -87.41920806, -13.42183617, -85.66040796,    17.32007379,  41.11869164,  -8.799129  , -34.35667146, -15.30223096,    46.33659859,  20.96719188,  17.88116889], [ 333.91215009, -87.41920806, 745.29687722,  41.89364378, 106.70965374,     2.92720438, -17.04826911,   7.94997404,   7.2273133 ,  36.40437843,    50.48482581,   2.86079604,  21.18129317], [ 396.89013497, -13.42183617,  41.89364378, 326.66947075, 110.44103956,    61.25434014, -21.87890058,  27.91527174,  46.98686708,  -1.61392103,   -25.06365476, -15.17649836,  -4.41153537], [ 769.95088064, -85.66040796, 106.70965374, 110.44103956, 255.3614001 ,    17.70907121, -64.06467378,   6.95171651,  54.57036526,  33.02608637,   -13.23031517, -37.73110044,  -6.8121695 ], [  40.42066398,  17.32007379,   2.92720438,  61.25434014,  17.70907121,   172.80885025,  71.26757372,  32.29013062,  19.62064327, -11.33093436,     4.81492494,  -4.96932095, -17.84914379], [-173.37635135,  41.11869164, -17.04826911, -21.87890058, -64.06467378,    71.26757372, 173.79066704,  43.56783357,  -6.8966192 ,  -2.9102013 ,     6.1749178 ,  18.16404533,   2.55683929], [  25.56606543,  -8.799129  ,   7.94997404,  27.91527174,   6.95171651,    32.29013062,  43.56783357,  91.13623245,  35.09890487,  -0.83028351,     1.64464026,   5.64257699,   3.4121636 ], [ 165.54978842, -34.35667146,   7.2273133 ,  46.98686708,  54.57036526,    19.62064327,  -6.8966192 ,  35.09890487,  92.35897476,  21.97372547,     6.8509475 ,  -7.13756241,   0.9200629 ], [ 214.23832943, -15.30223096,  36.40437843,  -1.61392103,  33.02608637,   -11.33093436,  -2.9102013 ,  -0.83028351,  21.97372547,  88.58348001,    29.43938682,   5.64119927,   2.93173138], [ -82.08991924,  46.33659859,  50.48482581, -25.06365476, -13.23031517,     4.81492494,   6.1749178 ,   1.64464026,   6.8509475 ,  29.43938682,   100.64564519,  28.76140422,  11.9866842 ], [-257.59045991,  20.96719188,   2.86079604, -15.17649836, -37.73110044,    -4.96932095,  18.16404533,   5.64257699,  -7.13756241,   5.64119927,    28.76140422,  75.72628492,  32.76658752], [-102.17598448,  17.88116889,  21.18129317,  -4.41153537,  -6.8121695 ,   -17.84914379,   2.55683929,   3.4121636 ,   0.9200629 ,   2.93173138,    11.9866842 ,  32.76658752,  77.99621336]]
/root/sim/music/out/Queen/Queen_II/08_Nevermore.mp3; [-681.6677   , 159.76237  ,  -6.329745 ,  28.695368 ,  -9.483361 ,   -5.7621856,  -3.621737 ,   0.5555756,  -9.524561 ,   6.8133307,   -4.9109755,   4.274783 ,  -5.162451 ]; [[13953.66852164,-2924.41336094,-1902.80254155, -725.62554044,   -529.24583762,    9.97962452,  395.62845557,  151.47580412,   -262.05037677,  184.0777325 , -126.5398003 ,  155.05567329,    170.40590106], [-2924.41336094, 1957.60632395,    0.47499932,  443.11755898,    162.9274203 ,   52.66338896,   30.15771882,   12.60902022,    180.4554354 ,   -6.7508667 ,   64.79265993,  -48.64049737,    -11.41266567], [-1902.80254155,    0.47499932, 1089.79790524,    0.71666346,    218.04722737,   62.80517844,   29.31430501,  -16.54429304,    -47.05575342,  -73.13252969,  -33.47838185,  -33.23306389,   -107.76621555], [ -725.62554044,  443.11755898,    0.71666346,  424.89507155,    101.68511781,   23.63124857,  -26.59299558,   15.26536195,     78.70372614,  -11.45410985,  -23.03804488,   -0.3695966 ,     22.31731235], [ -529.24583762,  162.9274203 ,  218.04722737,  101.68511781,    260.13399094,   41.12230388,   23.50800503,   -4.90083063,     10.7464537 ,  -13.03224488,  -21.77921045,  -16.55050019,    -34.68283138], [    9.97962452,   52.66338896,   62.80517844,   23.63124857,     41.12230388,  246.16574283,   65.1711645 ,    2.37134999,     17.58835981,  -20.39784617,   41.23444038,  -38.40552395,    -18.86755826], [  395.62845557,   30.15771882,   29.31430501,  -26.59299558,     23.50800503,   65.1711645 ,  228.62629439,   12.76068945,     -7.38719164,   12.00747569,    9.55292755,  -10.93879499,    -18.37108815], [  151.47580412,   12.60902022,  -16.54429304,   15.26536195,     -4.90083063,    2.37134999,   12.76068945,  119.15118808,     24.20506109,   39.34430331,   -4.29175211,   12.1631472 ,     25.80870612], [ -262.05037677,  180.4554354 ,  -47.05575342,   78.70372614,     10.7464537 ,   17.58835981,   -7.38719164,   24.20506109,    155.79829756,   38.81845399,   31.46753304,    2.46906731,     16.23731262], [  184.0777325 ,   -6.7508667 ,  -73.13252969,  -11.45410985,    -13.03224488,  -20.39784617,   12.00747569,   39.34430331,     38.81845399,  127.35514419,   16.75897051,   28.70726913,     10.65281919], [ -126.5398003 ,   64.79265993,  -33.47838185,  -23.03804488,    -21.77921045,   41.23444038,    9.55292755,   -4.29175211,     31.46753304,   16.75897051,  108.92019555,   10.69059134,      7.00146046], [  155.05567329,  -48.64049737,  -33.23306389,   -0.3695966 ,    -16.55050019,  -38.40552395,  -10.93879499,   12.1631472 ,      2.46906731,   28.70726913,   10.69059134,   99.99920869,     18.78143287], [  170.40590106,  -11.41266567, -107.76621555,   22.31731235,    -34.68283138,  -18.86755826,  -18.37108815,   25.80870612,     16.23731262,   10.65281919,    7.00146046,   18.78143287,     94.779102  ]]
/root/sim/music/out/Queen/Queen_II/07_The_Fairy_Feller's_Master-Stroke.mp3; [-604.1885   , 105.15616  ,   5.488796 ,  36.12445  ,   6.56528  ,    7.380107 ,   6.251484 ,   0.8316018,  -6.8511887,   1.7537615,   -8.199915 ,  -4.7562847,  -6.641159 ]; [[ 4700.52915294,-1584.14587437,  111.58336674, -236.3069145 ,    280.58294852,   17.44291858,  277.13973383,  -88.19101506,    -40.79601442,  119.1533092 , -180.36557187,  -98.05205097,   -156.93337172], [-1584.14587437, 1595.60161832, -295.18215712,  305.34359504,    -85.55182241,   22.93876455,  -99.93183165,   66.86732769,     13.24328509,  -23.47364468,   90.79936447,    8.11235858,    104.85380139], [  111.58336674, -295.18215712,  766.58834979,   29.80304353,    106.50559594,  110.20789317,   57.56998469,   31.94905245,      2.83710196,  -24.00464966,   -0.55002312,  -38.03561918,    -60.75320109], [ -236.3069145 ,  305.34359504,   29.80304353,  455.51812367,    102.65461019,   18.83020813,  -26.948867  ,   18.04260357,     32.37641798,   -4.06666586,  -13.38234688,   -5.20601458,     28.82839963], [  280.58294852,  -85.55182241,  106.50559594,  102.65461019,    297.67244531,   44.42428381,   34.16085861,   -6.11183666,     26.77872224,   19.80311793,  -38.71840411,  -17.31261414,    -29.53604544], [   17.44291858,   22.93876455,  110.20789317,   18.83020813,     44.42428381,  211.22546787,   64.14688275,   35.38900505,      9.17131528,   -7.98904065,   35.06420913,  -26.01729924,    -12.43719295], [  277.13973383,  -99.93183165,   57.56998469,  -26.948867  ,     34.16085861,   64.14688275,  179.58096755,   42.52743941,      8.81364743,   28.96335597,   -2.09076332,   -3.35159892,    -19.72915205], [  -88.19101506,   66.86732769,   31.94905245,   18.04260357,     -6.11183666,   35.38900505,   42.52743941,  108.69199413,     29.52283332,    6.14326793,   18.67209831,   -0.54571707,     11.3680712 ], [  -40.79601442,   13.24328509,    2.83710196,   32.37641798,     26.77872224,    9.17131528,    8.81364743,   29.52283332,    104.70933489,   18.14137353,   12.93054889,    1.81257583,      3.31814128], [  119.1533092 ,  -23.47364468,  -24.00464966,   -4.06666586,     19.80311793,   -7.98904065,   28.96335597,    6.14326793,     18.14137353,   85.83595674,    8.68836769,    7.61836401,     -2.99814993], [ -180.36557187,   90.79936447,   -0.55002312,  -13.38234688,    -38.71840411,   35.06420913,   -2.09076332,   18.67209831,     12.93054889,    8.68836769,   88.48224251,   22.12325061,     18.38437577], [  -98.05205097,    8.11235858,  -38.03561918,   -5.20601458,    -17.31261414,  -26.01729924,   -3.35159892,   -0.54571707,      1.81257583,    7.61836401,   22.12325061,   90.47778392,     28.51615959], [ -156.93337172,  104.85380139,  -60.75320109,   28.82839963,    -29.53604544,  -12.43719295,  -19.72915205,   11.3680712 ,      3.31814128,   -2.99814993,   18.38437577,   28.51615959,     86.10476491]]
/root/sim/music/out/Queen/Queen_II/06_Ogre_Battle.mp3; [-632.13153  , 120.182106 ,   3.4409072,  28.117352 ,   4.6408057,    0.9859584,  13.341625 ,   8.356902 ,  -2.193142 ,  -0.1329694,   -3.593192 ,  -2.3137987,  -4.026316 ]; [[24891.59319528,-2656.0468722 ,-1523.1646295 ,  306.55807013,   -626.36677618, -265.84113659, -153.62899115,  -96.5773111 ,   -319.36144153, -148.03153714, -417.20214144, -199.59541971,    -81.24359883], [-2656.0468722 , 1886.91851395,  309.11716925,  182.28450903,    221.68000001, -121.3256836 ,   72.23978536,   16.7394309 ,    -21.28715242,  -85.80079596,   43.32546795,   52.78912272,     45.13604084], [-1523.1646295 ,  309.11716925,  974.88185477,  148.0035768 ,    169.39739048,  -92.72631402,   38.57111399,   15.1080625 ,     -1.8285519 , -128.20264393,  -20.99228927,  -25.79278002,      5.94395883], [  306.55807013,  182.28450903,  148.0035768 ,  279.04967229,    112.47699553,  -34.40051782,    5.13520046,   12.32624556,     -6.05997647,  -54.42895898,  -25.6493925 ,   -5.53954316,     22.92015786], [ -626.36677618,  221.68000001,  169.39739048,  112.47699553,    235.82181734,    5.10941775,   26.19233761,   -6.48932381,     10.29187008,  -21.9814332 ,  -14.8747157 ,    3.13959769,     -1.1897414 ], [ -265.84113659, -121.3256836 ,  -92.72631402,  -34.40051782,      5.10941775,  204.77164716,   22.32577963,   14.25302498,     18.57221702,   46.78967325,   45.59622397,    1.18936825,    -16.31352552], [ -153.62899115,   72.23978536,   38.57111399,    5.13520046,     26.19233761,   22.32577963,  116.14379258,   37.71402907,      5.30969097,  -11.76971948,  -11.30440114,   -0.54754419,    -11.61602036], [  -96.5773111 ,   16.7394309 ,   15.1080625 ,   12.32624556,     -6.48932381,   14.25302498,   37.71402907,   95.2074244 ,     30.02894822,   -4.33823547,   -0.74755743,   -6.42719261,      6.02541561], [ -319.36144153,  -21.28715242,   -1.8285519 ,   -6.05997647,     10.29187008,   18.57221702,    5.30969097,   30.02894822,     84.97686097,   40.29821727,   16.55010168,    1.3895779 ,      4.30366574], [ -148.03153714,  -85.80079596, -128.20264393,  -54.42895898,    -21.9814332 ,   46.78967325,  -11.76971948,   -4.33823547,     40.29821727,  115.15381795,   40.31263126,   23.77521449,     -8.55726273], [ -417.20214144,   43.32546795,  -20.99228927,  -25.6493925 ,    -14.8747157 ,   45.59622397,  -11.30440114,   -0.74755743,     16.55010168,   40.31263126,  102.94789637,   25.44190953,      4.04632515], [ -199.59541971,   52.78912272,  -25.79278002,   -5.53954316,      3.13959769,    1.18936825,   -0.54754419,   -6.42719261,      1.3895779 ,   23.77521449,   25.44190953,   62.82006372,     16.62112719], [  -81.24359883,   45.13604084,    5.94395883,   22.92015786,     -1.1897414 ,  -16.31352552,  -11.61602036,    6.02541561,      4.30366574,   -8.55726273,    4.04632515,   16.62112719,     63.17696888]]
/root/sim/music/out/Queen/Queen_II/03_White_Queen_(As_It_Began).mp3; [-742.3916   , 136.26068  ,  20.015648 ,  38.347435 ,   0.713036 ,   -7.630868 ,  -5.0263753,  -2.834524 , -12.782407 ,  -0.3951338,   -9.5629425,  -1.9771048,  -5.473693 ]; [[22554.74880557,-1043.49256697, -989.8865885 , -596.55340133,   -550.72696347,  526.53572949,  515.74445075,  566.44594498,    469.45995044,  316.05481166,  275.49352503,   72.42746445,     42.71369819], [-1043.49256697, 2043.23556781,  -82.97876766,  142.03543303,     77.39409026, -144.64788562,   44.25627269,  -16.97026355,    -80.4917547 ,  -11.95801599,   -9.60569188,  -41.28472358,      4.84543341], [ -989.8865885 ,  -82.97876766, 1032.92456254,  384.98979602,    293.55550617,  160.07327511,  -28.73212178,  -43.27975284,    -65.33739343,  -99.6897203 ,  -46.04444217,   21.61815924,    -22.32680222], [ -596.55340133,  142.03543303,  384.98979602,  727.39312704,    245.41365673,  113.8871766 ,  -62.64336832,  -58.80490909,    -24.04389182,  -89.14004998,  -44.04710769,    1.47594119,     26.91751857], [ -550.72696347,   77.39409026,  293.55550617,  245.41365673,    410.48936501,   69.38166305,  -16.12232085,   -9.94420807,      1.9184689 ,  -15.52925662,  -41.30458015,   18.58219738,      3.04499286], [  526.53572949, -144.64788562,  160.07327511,  113.8871766 ,     69.38166305,  377.63360363,  120.52189662,   20.8023237 ,     63.97438279,  -46.99548204,   73.91628014,   -9.89480386,      4.15411615], [  515.74445075,   44.25627269,  -28.73212178,  -62.64336832,    -16.12232085,  120.52189662,  235.16985129,   79.21034707,     45.61269036,    3.53946758,   47.18168704,   -1.71824656,     -8.39990058], [  566.44594498,  -16.97026355,  -43.27975284,  -58.80490909,     -9.94420807,   20.8023237 ,   79.21034707,  158.86964904,     61.84744044,   28.15867292,   23.29167321,    7.54619322,     19.23515933], [  469.45995044,  -80.4917547 ,  -65.33739343,  -24.04389182,      1.9184689 ,   63.97438279,   45.61269036,   61.84744044,    178.54150758,   43.36392145,   37.00214622,   -6.53698968,     -8.86200857], [  316.05481166,  -11.95801599,  -99.6897203 ,  -89.14004998,    -15.52925662,  -46.99548204,    3.53946758,   28.15867292,     43.36392145,  148.86696513,   26.14617157,    9.02720202,     -0.20169376], [  275.49352503,   -9.60569188,  -46.04444217,  -44.04710769,    -41.30458015,   73.91628014,   47.18168704,   23.29167321,     37.00214622,   26.14617157,  133.8469528 ,   26.18552735,     14.45127794], [   72.42746445,  -41.28472358,   21.61815924,    1.47594119,     18.58219738,   -9.89480386,   -1.71824656,    7.54619322,     -6.53698968,    9.02720202,   26.18552735,   95.28889024,     34.6819026 ], [   42.71369819,    4.84543341,  -22.32680222,   26.91751857,      3.04499286,    4.15411615,   -8.39990058,   19.23515933,     -8.86200857,   -0.20169376,   14.45127794,   34.6819026 ,    115.7492378 ]]
/root/sim/music/out/Queen/Queen_II/11_Seven_Seas_Of_Rhye.mp3; [-594.0571    ,  97.60642   , -13.941385  ,  38.82568   ,  -0.9784088 ,    0.42922327,  -3.5167959 ,  -0.10868571,  -9.736647  ,  -1.3301678 ,  -10.609597  ,  -8.18036   ,  -6.8224707 ]; [[20258.88361245,  783.51154541,  499.70078578,  798.01764092,    167.1941511 ,  663.76076151,  391.40395244,  307.24680342,     -1.03400189,   40.30365771,  -22.51711664,  -81.40795167,    -50.64801678], [  783.51154541, 1005.17724778, -362.54788422,  280.93804772,    -41.24466365,  -73.86246508,  -28.78586587,   -6.54112596,    -26.79971589,    9.96163897,  -30.69530765,   -3.84007305,     27.16061087], [  499.70078578, -362.54788422,  741.16838358,   -5.6155995 ,    189.08971115,   71.35656108,   71.50754414,   25.7403942 ,     24.17315633,  -21.41574056,   16.58498312,  -10.30246025,    -17.80871388], [  798.01764092,  280.93804772,   -5.6155995 ,  323.533949  ,     46.43627967,   -5.31626428,  -35.88438545,   14.3345412 ,     25.78792491,   14.80022518,   -6.1891787 ,   10.84024047,     45.67197556], [  167.1941511 ,  -41.24466365,  189.08971115,   46.43627967,    230.0963394 ,   18.04892805,   30.55405334,   11.65262587,      7.22732681,    2.30313622,  -15.03973392,   -9.35312194,     15.43960782], [  663.76076151,  -73.86246508,   71.35656108,   -5.31626428,     18.04892805,  221.90135291,   99.91126528,   56.78385829,     15.40996807,    4.82322492,   32.0347568 ,   -6.08323873,    -15.61294904], [  391.40395244,  -28.78586587,   71.50754414,  -35.88438545,     30.55405334,   99.91126528,  168.55974224,   52.44163735,      7.96942816,    4.19026655,   17.10573653,  -14.79158987,    -22.70227511], [  307.24680342,   -6.54112596,   25.7403942 ,   14.3345412 ,     11.65262587,   56.78385829,   52.44163735,  105.81161449,     40.20044639,   13.50085139,   11.88122338,    2.58802877,     11.412178  ], [   -1.03400189,  -26.79971589,   24.17315633,   25.78792491,      7.22732681,   15.40996807,    7.96942816,   40.20044639,     90.1680004 ,   30.5397949 ,   14.81991161,    5.73669614,     14.00297709], [   40.30365771,    9.96163897,  -21.41574056,   14.80022518,      2.30313622,    4.82322492,    4.19026655,   13.50085139,     30.5397949 ,   84.87521543,   29.05571471,   10.52140998,      6.21285062], [  -22.51711664,  -30.69530765,   16.58498312,   -6.1891787 ,    -15.03973392,   32.0347568 ,   17.10573653,   11.88122338,     14.81991161,   29.05571471,   81.97238187,   27.73966957,      3.31129943], [  -81.40795167,   -3.84007305,  -10.30246025,   10.84024047,     -9.35312194,   -6.08323873,  -14.79158987,    2.58802877,      5.73669614,   10.52140998,   27.73966957,   73.43827115,     35.16114868], [  -50.64801678,   27.16061087,  -17.80871388,   45.67197556,     15.43960782,  -15.61294904,  -22.70227511,   11.412178  ,     14.00297709,    6.21285062,    3.31129943,   35.16114868,     86.28319812]]
/root/sim/music/out/Queen/Queen_II/05_The_Loser_In_The_End.mp3; [-610.7312    ,  89.23846   ,  16.510561  ,  47.26073   ,   9.285661  ,   13.034773  ,   6.1229453 ,   3.6817713 ,   1.7137476 ,   2.3173275 ,   -3.5032957 ,  -0.97699594,  -6.025303  ]; [[12091.80700067,  243.97481362, -288.64013106, -544.37816125,    -64.87917678, -158.66077681, -109.8602262 , -142.36988343,     -7.39114609,    7.29759695,   33.4413651 ,   65.77182663,     73.41761481], [  243.97481362, 1128.91034208, -220.31875856,  -30.73778562,    -36.83543651,   -1.84793452,  -10.95373598,   25.14335279,     31.62340714,   38.02261809,   24.21278359,   -4.79457105,     -4.16234764], [ -288.64013106, -220.31875856,  804.44398941,   60.98973189,     81.33390041,  -17.00829707,  -12.07851202,   -9.35375467,    -56.22065321,   11.15094187,    8.72352429,   27.49269298,     13.16814021], [ -544.37816125,  -30.73778562,   60.98973189,  333.71475853,     60.87940464,   40.09859501,  -12.68899765,   11.22351603,     -7.71201373,  -20.786803  ,   -9.37602697,   -0.1083398 ,      5.87610063], [  -64.87917678,  -36.83543651,   81.33390041,   60.87940464,    187.55835211,   24.57713308,   23.05669956,   -8.1404586 ,     -0.23391252,  -11.92549561,  -16.4550068 ,    1.07694127,     11.97981228], [ -158.66077681,   -1.84793452,  -17.00829707,   40.09859501,     24.57713308,  133.70268942,   46.52020787,   14.21556845,    -10.09609099,   -7.49747683,    4.80329906,    2.27264935,     -6.78301159], [ -109.8602262 ,  -10.95373598,  -12.07851202,  -12.68899765,     23.05669956,   46.52020787,  146.50974737,   41.36275107,      6.59194279,   -8.38361938,    1.54223686,    7.54457787,      4.95530031], [ -142.36988343,   25.14335279,   -9.35375467,   11.22351603,     -8.1404586 ,   14.21556845,   41.36275107,   98.9921164 ,     36.99263931,   10.9719945 ,   -4.41453768,    1.22151524,     10.09780427], [   -7.39114609,   31.62340714,  -56.22065321,   -7.71201373,     -0.23391252,  -10.09609099,    6.59194279,   36.99263931,    103.79849063,   41.5694956 ,    9.28548357,    6.69517125,      1.94078591], [    7.29759695,   38.02261809,   11.15094187,  -20.786803  ,    -11.92549561,   -7.49747683,   -8.38361938,   10.9719945 ,     41.5694956 ,  101.72008988,   51.02110318,    9.80783084,     -1.7105086 ], [   33.4413651 ,   24.21278359,    8.72352429,   -9.37602697,    -16.4550068 ,    4.80329906,    1.54223686,   -4.41453768,      9.28548357,   51.02110318,   84.5014562 ,   33.8607835 ,     -1.96687896], [   65.77182663,   -4.79457105,   27.49269298,   -0.1083398 ,      1.07694127,    2.27264935,    7.54457787,    1.22151524,      6.69517125,    9.80783084,   33.8607835 ,   67.14594595,     27.87564117], [   73.41761481,   -4.16234764,   13.16814021,    5.87610063,     11.97981228,   -6.78301159,    4.95530031,   10.09780427,      1.94078591,   -1.7105086 ,   -1.96687896,   27.87564117,     64.44738909]]
/root/sim/music/out/Queen/A_Day_At_The_Races/05_You_And_I.mp3; [-568.5477    , 108.95499   ,  -5.8672433 ,  25.980562  ,   6.411416  ,    3.682441  ,   4.2581806 ,  10.446086  ,  -5.3577595 ,  -1.9370325 ,   -6.0179443 ,   1.8127202 ,   0.15054849]; [[15080.49334669, -124.13665119,  277.70711436,   57.96718299,      7.83251271,  101.20046917,  294.2954019 ,  295.24236852,     12.72450929,  122.10314006, -138.98358045,  -24.14711965,     35.84130226], [ -124.13665119, 1170.96518386, -317.01087774,   24.64259673,     73.25445939,  -22.32693936,  -20.09419017,   47.62348612,      0.63022046,  -82.15434717,   40.9288921 ,   11.633526  ,      0.74907594], [  277.70711436, -317.01087774,  578.82709697,   74.54753152,     63.64684217,   56.6903347 ,   33.75979175,    1.80519655,     16.67691517,   18.00275008,    0.2240323 ,    4.17379523,     13.48833492], [   57.96718299,   24.64259673,   74.54753152,  315.56438203,     88.22519129,   59.10438703,  -13.65359113,   -5.02146559,     19.79330828,   16.62989802,   18.24172911,    5.98047241,      8.45353088], [    7.83251271,   73.25445939,   63.64684217,   88.22519129,    181.66720939,   42.06566298,   31.67906127,   18.22104726,     26.98228538,    9.16894503,   12.12169602,   13.46002271,     11.69548035], [  101.20046917,  -22.32693936,   56.6903347 ,   59.10438703,     42.06566298,  154.36777302,   43.24614887,   12.82797721,     21.11897   ,   -8.78345123,   25.98669579,   -3.47678087,     -5.15089397], [  294.2954019 ,  -20.09419017,   33.75979175,  -13.65359113,     31.67906127,   43.24614887,  141.34806855,   47.78184691,     17.60414665,   30.03958275,   16.32654418,    9.52026785,     -5.56879181], [  295.24236852,   47.62348612,    1.80519655,   -5.02146559,     18.22104726,   12.82797721,   47.78184691,  108.96805789,     39.5722365 ,    5.23646307,    8.60786643,    4.98254749,     18.04363385], [   12.72450929,    0.63022046,   16.67691517,   19.79330828,     26.98228538,   21.11897   ,   17.60414665,   39.5722365 ,    112.63607266,   29.51098158,   14.82427197,   -3.15335798,     -6.8762806 ], [  122.10314006,  -82.15434717,   18.00275008,   16.62989802,      9.16894503,   -8.78345123,   30.03958275,    5.23646307,     29.51098158,  128.6370221 ,   34.56025682,   18.01697594,    -14.91482634], [ -138.98358045,   40.9288921 ,    0.2240323 ,   18.24172911,     12.12169602,   25.98669579,   16.32654418,    8.60786643,     14.82427197,   34.56025682,   83.84679976,   26.55047284,     -5.60428479], [  -24.14711965,   11.633526  ,    4.17379523,    5.98047241,     13.46002271,   -3.47678087,    9.52026785,    4.98254749,     -3.15335798,   18.01697594,   26.55047284,   79.548683  ,     22.10498077], [   35.84130226,    0.74907594,   13.48833492,    8.45353088,     11.69548035,   -5.15089397,   -5.56879181,   18.04363385,     -6.8762806 ,  -14.91482634,   -5.60428479,   22.10498077,     76.57919427]]
