/root/sim/music/out/Queen/The_Game/02_Dragon_Attack.mp3; [-569.7889    ,  72.74632   ,   0.98331773,  36.1316    ,  10.807896  ,    6.343869  ,   4.8329115 ,   8.432765  ,   3.7650013 ,   5.1721954 ,    0.03762002,   0.98654294,   1.1677736 ]; [[ 7162.08677666, -255.39072156,-1497.19805326, -529.25676612,   -351.45967177, -226.01788931,   -5.28701688,  -21.42532819,    -44.62611517,  105.78336302,   24.27371765,   67.83371937,     78.03438065], [ -255.39072156, 1755.11016628,   50.58136987,  259.30711704,    142.71357722,    8.06933386,   82.41213117,    4.9855271 ,    139.56482467,    0.18073405,  -10.76727966,   20.02016133,    -49.55178237], [-1497.19805326,   50.58136987, 1823.94058747,  528.37136898,    253.27613409,  300.49740434,   45.63773369,   55.32466845,     33.96851515,  -21.33968252,   18.11368404,  -29.17726225,    -49.50239802], [ -529.25676612,  259.30711704,  528.37136898,  529.01187366,    219.89389384,  122.75904468,   54.6529175 ,  -11.28551059,     74.50815421,   20.11034394,  -15.28334704,   -1.4923504 ,     -7.72003134], [ -351.45967177,  142.71357722,  253.27613409,  219.89389384,    288.19551355,  129.59116818,   30.12834078,   12.70387402,     64.80330184,   13.24585177,   -5.83558886,  -16.43392397,    -12.14879174], [ -226.01788931,    8.06933386,  300.49740434,  122.75904468,    129.59116818,  221.48826681,   90.82244888,   14.89750237,      8.40044082,    4.51278636,   11.02379754,   -0.05344682,     -7.47457335], [   -5.28701688,   82.41213117,   45.63773369,   54.6529175 ,     30.12834078,   90.82244888,  184.92280342,   64.2535762 ,      0.87545679,    6.38627683,   20.72796231,   17.65141959,     10.94541302], [  -21.42532819,    4.9855271 ,   55.32466845,  -11.28551059,     12.70387402,   14.89750237,   64.2535762 ,  153.27068291,     36.2421376 ,   11.51135646,   18.04470723,   -2.002139  ,      6.51298408], [  -44.62611517,  139.56482467,   33.96851515,   74.50815421,     64.80330184,    8.40044082,    0.87545679,   36.2421376 ,    147.73873097,   49.10464952,    0.12388941,    6.50297537,     -2.73582398], [  105.78336302,    0.18073405,  -21.33968252,   20.11034394,     13.24585177,    4.51278636,    6.38627683,   11.51135646,     49.10464952,   99.61753381,   27.99920755,    2.98076522,      8.67820268], [   24.27371765,  -10.76727966,   18.11368404,  -15.28334704,     -5.83558886,   11.02379754,   20.72796231,   18.04470723,      0.12388941,   27.99920755,   74.84476246,   28.89582784,      4.27675287], [   67.83371937,   20.02016133,  -29.17726225,   -1.4923504 ,    -16.43392397,   -0.05344682,   17.65141959,   -2.002139  ,      6.50297537,    2.98076522,   28.89582784,   79.40862072,     34.10939037], [   78.03438065,  -49.55178237,  -49.50239802,   -7.72003134,    -12.14879174,   -7.47457335,   10.94541302,    6.51298408,     -2.73582398,    8.67820268,    4.27675287,   34.10939037,     79.24586189]]
/root/sim/music/out/Queen/The_Game/08_Sail_Away_Sweet_Sister.mp3; [-649.516     , 116.0006    ,  -0.44483164,  22.14728   ,  -1.9841592 ,   -4.87614   , -10.494485  ,  -0.99472576,  -6.2808566 ,   0.41061834,   -6.2096596 ,  -4.421837  ,  -1.7581574 ]; [[24216.48451795,-1414.24919546,  236.74033602,  274.37274078,    163.81219252, -169.80669557,  189.81012305,  499.73155238,    142.23164504,  371.56378157,  503.18239412,  389.03149177,     88.95561148], [-1414.24919546, 1827.2333155 , -360.80897657,  147.64778244,     15.34216126,  -24.91953604,  -65.54202063,  -84.70628433,   -112.87976173,  -61.02500374, -139.64512295, -123.89064026,    -29.61972138], [  236.74033602, -360.80897657,  767.95113877,  147.81547754,    180.61435742,  187.71590516,  113.14066532,  125.22998024,    117.9085961 ,   57.25429529,   80.59740893,   42.06255971,      6.18697155], [  274.37274078,  147.64778244,  147.81547754,  410.48457339,    135.71546387,  153.21706827,   57.16533213,   39.20788811,    109.41559808,   28.73955041,   17.23350049,   20.4421825 ,     27.0433866 ], [  163.81219252,   15.34216126,  180.61435742,  135.71546387,    279.25875943,   90.93258786,   59.93099594,   74.61810427,    102.31210482,   70.5142968 ,   39.61723308,   16.11933621,     20.66144202], [ -169.80669557,  -24.91953604,  187.71590516,  153.21706827,     90.93258786,  267.54489864,  155.79025868,   85.75930641,    130.1826587 ,   54.01325452,   59.98310819,   41.89063926,     13.05789843], [  189.81012305,  -65.54202063,  113.14066532,   57.16533213,     59.93099594,  155.79025868,  243.45963324,  136.30104485,    121.79438959,   83.33358196,   74.97833111,   56.33685765,     20.69817669], [  499.73155238,  -84.70628433,  125.22998024,   39.20788811,     74.61810427,   85.75930641,  136.30104485,  225.10181826,    124.11151303,   97.24656762,   72.94833216,   34.69616982,     20.31624315], [  142.23164504, -112.87976173,  117.9085961 ,  109.41559808,    102.31210482,  130.1826587 ,  121.79438959,  124.11151303,    256.56901133,  110.15583354,   61.77946437,   43.00078852,     36.68453719], [  371.56378157,  -61.02500374,   57.25429529,   28.73955041,     70.5142968 ,   54.01325452,   83.33358196,   97.24656762,    110.15583354,  163.97083892,   83.66669965,   32.97695558,     19.57277478], [  503.18239412, -139.64512295,   80.59740893,   17.23350049,     39.61723308,   59.98310819,   74.97833111,   72.94833216,     61.77946437,   83.66669965,  134.00373073,   62.49485606,     15.33935427], [  389.03149177, -123.89064026,   42.06255971,   20.4421825 ,     16.11933621,   41.89063926,   56.33685765,   34.69616982,     43.00078852,   32.97695558,   62.49485606,   97.88504498,     39.30202911], [   88.95561148,  -29.61972138,    6.18697155,   27.0433866 ,     20.66144202,   13.05789843,   20.69817669,   20.31624315,     36.68453719,   19.57277478,   15.33935427,   39.30202911,     95.40679925]]
/root/sim/music/out/Queen/The_Game/07_Don't_Try_Suicide.mp3; [-728.57635   ,  88.60456   , -12.981876  ,  22.186195  ,   3.5738308 ,    0.53686696,   0.6149379 ,   5.437373  ,  -2.5915208 ,   5.714227  ,    0.02064425,  -3.0226002 ,  -4.724327  ]; [[36151.39709286,-1400.48798136,-1528.64804955,  608.29428391,   -527.46521867,  179.207892  , -366.9562104 ,  118.98170445,   -462.86886811, -223.87720787, -153.90889727, -252.66462269,   -180.34497879], [-1400.48798136, 3651.46474553,  545.19087666,  337.21170534,    314.75118402,   17.09973825,  271.1722604 ,  142.23812035,     86.35824149,   84.68932922,   47.61214727,   11.99628126,     66.84356153], [-1528.64804955,  545.19087666, 1499.35720202,  392.39345226,    313.09031035,  377.8394134 ,  164.67572664,   61.07769405,     95.43468685,   37.6297248 ,   72.50751614,   96.97644937,     32.61251036], [  608.29428391,  337.21170534,  392.39345226,  886.15080785,    352.43440175,  229.33543349,   95.62069146,  134.08818645,     95.91006358,   22.64889882,   35.40270855,   41.45718968,     98.33741209], [ -527.46521867,  314.75118402,  313.09031035,  352.43440175,    411.39338021,  190.56106791,   84.55728142,   77.68139523,    104.5169235 ,   58.14231699,   37.27608012,   36.61793229,     70.02268861], [  179.207892  ,   17.09973825,  377.8394134 ,  229.33543349,    190.56106791,  421.0917895 ,  168.87077756,   80.68139128,    105.61545404,   33.58463085,   78.86596817,   71.64284723,     45.6508233 ], [ -366.9562104 ,  271.1722604 ,  164.67572664,   95.62069146,     84.55728142,  168.87077756,  283.63552074,  128.0036279 ,     71.44710987,   40.24953624,   58.07892667,   47.61470963,     16.45761446], [  118.98170445,  142.23812035,   61.07769405,  134.08818645,     77.68139523,   80.68139128,  128.0036279 ,  204.51432097,     89.86511118,   48.93193405,   49.43321424,   17.49997591,     32.39960916], [ -462.86886811,   86.35824149,   95.43468685,   95.91006358,    104.5169235 ,  105.61545404,   71.44710987,   89.86511118,    200.63412588,   72.69469708,   51.01527466,   38.91195021,     32.9741132 ], [ -223.87720787,   84.68932922,   37.6297248 ,   22.64889882,     58.14231699,   33.58463085,   40.24953624,   48.93193405,     72.69469708,  125.94415082,   50.70958461,   22.51837934,     14.73167207], [ -153.90889727,   47.61214727,   72.50751614,   35.40270855,     37.27608012,   78.86596817,   58.07892667,   49.43321424,     51.01527466,   50.70958461,  120.98336481,   53.66670021,     21.1182699 ], [ -252.66462269,   11.99628126,   96.97644937,   41.45718968,     36.61793229,   71.64284723,   47.61470963,   17.49997591,     38.91195021,   22.51837934,   53.66670021,  110.09544734,     45.70476592], [ -180.34497879,   66.84356153,   32.61251036,   98.33741209,     70.02268861,   45.6508233 ,   16.45761446,   32.39960916,     32.9741132 ,   14.73167207,   21.1182699 ,   45.70476592,    113.81293497]]
/root/sim/music/out/Queen/The_Game/09_Coming_Soon.mp3; [-566.17346  , 101.451164 ,  -4.11114  ,  50.894245 ,  16.87758  ,   10.475306 ,  10.814668 ,  14.656962 ,   6.684239 ,  11.304633 ,   -3.2702954,  -1.3487417,  -0.9164597]; [[11014.98400796,  337.94840605, -221.77980922,  461.16871607,    278.87419674,   79.62682318,  -29.8543373 ,  114.95093066,    -54.73578506,   67.57465965, -174.0201682 ,  -97.56336447,    -29.2869674 ], [  337.94840605, 1070.16503321, -115.82363012,   99.46633353,    -49.43582608,  -36.33293414,   34.1902053 ,  -71.06241861,    -21.13241242,   -8.04512398,   13.21755776,  -17.16396854,      3.54901271], [ -221.77980922, -115.82363012,  591.74986684,  153.36525781,     21.17060507,   26.38096614,  -68.1654336 ,  -31.16137284,    -40.58480465,  -35.54834935,   16.52067157,   17.02511944,      0.6677884 ], [  461.16871607,   99.46633353,  153.36525781,  384.53918706,     89.36515041,   55.67296044,  -22.40027279,  -15.41572898,      1.74437465,  -22.5852944 ,    4.87950769,  -14.38192863,    -12.34324569], [  278.87419674,  -49.43582608,   21.17060507,   89.36515041,    166.88262526,   25.87121385,   26.54623404,   36.67491682,      7.44955409,   23.83703662,  -36.96126318,  -13.24524718,    -18.86034956], [   79.62682318,  -36.33293414,   26.38096614,   55.67296044,     25.87121385,  116.4772428 ,   32.64411159,   11.97284977,      7.93535133,   -2.2110469 ,   23.8152167 ,    1.45897041,     -7.6484178 ], [  -29.8543373 ,   34.1902053 ,  -68.1654336 ,  -22.40027279,     26.54623404,   32.64411159,  137.59404927,   64.38898257,     11.56583545,   17.43049685,   -4.68468873,    6.39433595,     -6.05744377], [  114.95093066,  -71.06241861,  -31.16137284,  -15.41572898,     36.67491682,   11.97284977,   64.38898257,  128.64694382,     40.57669251,   38.56285481,  -25.47566991,   -5.71289817,    -12.52197428], [  -54.73578506,  -21.13241242,  -40.58480465,    1.74437465,      7.44955409,    7.93535133,   11.56583545,   40.57669251,    119.04743967,   39.34242814,    8.68348607,   -6.19264209,     -7.21831695], [   67.57465965,   -8.04512398,  -35.54834935,  -22.5852944 ,     23.83703662,   -2.2110469 ,   17.43049685,   38.56285481,     39.34242814,   88.39511993,    9.61095787,    2.28014364,    -13.89348125], [ -174.0201682 ,   13.21755776,   16.52067157,    4.87950769,    -36.96126318,   23.8152167 ,   -4.68468873,  -25.47566991,      8.68348607,    9.61095787,   92.81265548,   37.9183743 ,     12.87500803], [  -97.56336447,  -17.16396854,   17.02511944,  -14.38192863,    -13.24524718,    1.45897041,    6.39433595,   -5.71289817,     -6.19264209,    2.28014364,   37.9183743 ,   68.08190096,     31.95172042], [  -29.2869674 ,    3.54901271,    0.6677884 ,  -12.34324569,    -18.86034956,   -7.6484178 ,   -6.05744377,  -12.52197428,     -7.21831695,  -13.89348125,   12.87500803,   31.95172042,     75.3176466 ]]
/root/sim/music/out/Queen/The_Game/06_Rock_It_(Prime_Jive).mp3; [-574.4585   , 117.31441  , -15.483713 ,  42.07833  ,  17.385496 ,    2.1212013,   3.094141 ,   7.2026243,   2.6500854,   5.0759687,   -1.6865982,   2.7482865,   0.8632456]; [[14814.49662962,-3292.0826358 , 1091.2910971 , -525.23605029,   -563.97245762,  -82.90845508, -607.67776217, -351.52159262,   -387.65455327, -103.66915355, -188.01202295, -418.72575594,   -292.79437783], [-3292.0826358 , 2317.81903738, -649.04895191,  313.04259245,    269.6744212 ,   24.29431102,  329.78409456,  140.52672759,    213.42480375,   37.7380709 ,   74.68537779,  174.59470775,    109.31697029], [ 1091.2910971 , -649.04895191,  923.41750099, -116.41772084,   -106.44990318,  -34.70345613, -196.02189598, -126.9190398 ,    -68.05561941,  -45.68083568,  -40.21711653,  -67.63347774,    -70.99225303], [ -525.23605029,  313.04259245, -116.41772084,  359.74290498,     84.25913801,   -1.89452449,   22.43321679,    3.44334386,     81.12358158,    3.39971002,   15.16223774,   47.21825116,     38.33373379], [ -563.97245762,  269.6744212 , -106.44990318,   84.25913801,    213.83775104,   27.57012557,   45.6927165 ,   39.88548674,     23.47856717,   33.45878379,   15.17229617,   36.71884341,     33.55756789], [  -82.90845508,   24.29431102,  -34.70345613,   -1.89452449,     27.57012557,  127.68292945,   70.18831433,   20.22491902,     -0.44563875,   -0.03856336,   12.0665004 ,    9.63543317,      1.40744873], [ -607.67776217,  329.78409456, -196.02189598,   22.43321679,     45.6927165 ,   70.18831433,  196.17202356,   87.80615201,     32.7604379 ,   19.23762983,   14.08097469,   35.99981976,     19.18026562], [ -351.52159262,  140.52672759, -126.9190398 ,    3.44334386,     39.88548674,   20.22491902,   87.80615201,  189.34964886,     30.66867896,   44.81706427,    8.11451396,    2.08306782,     28.02562411], [ -387.65455327,  213.42480375,  -68.05561941,   81.12358158,     23.47856717,   -0.44563875,   32.7604379 ,   30.66867896,    123.71909632,   26.33933114,    3.51675939,   15.40438657,      1.31206003], [ -103.66915355,   37.7380709 ,  -45.68083568,    3.39971002,     33.45878379,   -0.03856336,   19.23762983,   44.81706427,     26.33933114,   95.05086028,   25.04387417,    0.94290243,      6.02482248], [ -188.01202295,   74.68537779,  -40.21711653,   15.16223774,     15.17229617,   12.0665004 ,   14.08097469,    8.11451396,      3.51675939,   25.04387417,   80.37505593,   29.72906619,      4.58238711], [ -418.72575594,  174.59470775,  -67.63347774,   47.21825116,     36.71884341,    9.63543317,   35.99981976,    2.08306782,     15.40438657,    0.94290243,   29.72906619,   93.02511486,     43.94431731], [ -292.79437783,  109.31697029,  -70.99225303,   38.33373379,     33.55756789,    1.40744873,   19.18026562,   28.02562411,      1.31206003,    6.02482248,    4.58238711,   43.94431731,     91.04640186]]
/root/sim/music/out/Queen/The_Game/01_Play_The_Game.mp3; [-584.3216    ,  90.936356  , -30.812508  ,  30.037388  ,  -0.23909847,    1.8436214 ,  -2.4979818 ,   4.668015  ,  -3.8459706 ,   3.4808517 ,   -3.9659123 ,  -1.279554  ,  -2.059689  ]; [[29369.23971257, 2298.81324445,  419.25086141, 1047.86421001,   -278.7081306 ,    6.02316754, -343.9657795 , -325.35732344,    174.51258989,  267.78908021, -638.29591142,  500.27040771,   -334.93541156], [ 2298.81324445, 2552.65290517,  178.3595666 ,  420.36589847,    112.81990415, -147.98278151,  -79.86667495, -263.43527834,    -23.54896584,  -63.88790408, -199.75033223,   48.49104384,   -104.53057709], [  419.25086141,  178.3595666 ,  935.60442098,  229.38811157,    194.13375254,   36.20537226,   -7.48910623,   10.86194871,     42.79535111,   45.22163375,   -2.33876022,   80.87077079,      7.46741427], [ 1047.86421001,  420.36589847,  229.38811157,  543.20415347,    175.72965739,   88.57536387,   25.07932685,   60.26623878,    124.2621225 ,   23.34129582,   49.86120793,   69.07034873,     60.3741405 ], [ -278.7081306 ,  112.81990415,  194.13375254,  175.72965739,    274.72539996,   67.58046044,   38.56198413,   50.805284  ,     70.2803008 ,   48.06901078,   57.46198382,   23.87542692,     65.88735534], [    6.02316754, -147.98278151,   36.20537226,   88.57536387,     67.58046044,  270.31744495,  158.20550238,  145.43622051,    103.14672604,   54.36620336,  107.40582669,   47.86443755,     32.00808985], [ -343.9657795 ,  -79.86667495,   -7.48910623,   25.07932685,     38.56198413,  158.20550238,  275.81132251,  172.08336459,     90.929436  ,   50.83153308,  107.21185451,   38.8724293 ,     15.94810738], [ -325.35732344, -263.43527834,   10.86194871,   60.26623878,     50.805284  ,  145.43622051,  172.08336459,  275.65163711,    121.53783634,   87.03818602,  144.0819165 ,   37.6004893 ,     76.94794746], [  174.51258989,  -23.54896584,   42.79535111,  124.2621225 ,     70.2803008 ,  103.14672604,   90.929436  ,  121.53783634,    193.71870789,   83.03965904,   82.82416448,   61.72242298,     41.27682791], [  267.78908021,  -63.88790408,   45.22163375,   23.34129582,     48.06901078,   54.36620336,   50.83153308,   87.03818602,     83.03965904,  157.95707877,   67.93437515,   50.51371466,     28.86961888], [ -638.29591142, -199.75033223,   -2.33876022,   49.86120793,     57.46198382,  107.40582669,  107.21185451,  144.0819165 ,     82.82416448,   67.93437515,  216.98125106,   34.75668816,     74.27931758], [  500.27040771,   48.49104384,   80.87077079,   69.07034873,     23.87542692,   47.86443755,   38.8724293 ,   37.6004893 ,     61.72242298,   50.51371466,   34.75668816,  116.16105635,     25.5022829 ], [ -334.93541156, -104.53057709,    7.46741427,   60.3741405 ,     65.88735534,   32.00808985,   15.94810738,   76.94794746,     41.27682791,   28.86961888,   74.27931758,   25.5022829 ,    133.43729351]]
/root/sim/music/out/Queen/The_Game/10_Save_Me.mp3; [-654.742     ,  98.250786  ,   1.387246  ,  35.606586  ,   8.168714  ,    4.611976  ,  -0.76632047,   1.7127465 ,  -8.273706  ,   4.871172  ,   -6.0541077 ,  -1.9745053 ,  -2.3804548 ]; [[27854.72804719,-2540.79833929,   63.30874549, 1214.06237712,    237.55909625,  489.3734999 ,  437.16157982,  431.66716647,    172.60367236,  576.44896281, -150.92814836,   20.76819335,    234.96212178], [-2540.79833929, 1822.7402872 , -254.46214212,    7.34016753,     94.33320639,  -40.88104049,    4.93633559,  -53.34388345,    -47.8234992 ,  -51.33539003,   35.3136425 ,  -27.04957327,    -23.68123105], [   63.30874549, -254.46214212,  758.50489783,  227.7939996 ,    126.26005912,  189.06880887,   29.73842577,   67.79704875,     98.24851551,    3.3915937 ,   57.07456969,   34.67835547,     28.5457341 ], [ 1214.06237712,    7.34016753,  227.7939996 ,  531.05537062,    156.70695847,  183.44602815,   33.24856142,   76.91834237,    110.03358626,   12.64097353,   44.68144242,   16.19967765,     65.67120233], [  237.55909625,   94.33320639,  126.26005912,  156.70695847,    254.93769435,  124.61214741,   46.97327483,   30.61563551,     73.52210927,   20.22226672,   38.10582636,   24.8350898 ,     40.55795074], [  489.3734999 ,  -40.88104049,  189.06880887,  183.44602815,    124.61214741,  281.99967714,   98.56267114,   53.72100175,     89.36798233,   -5.4651557 ,   59.87763329,   24.9277879 ,     33.79160618], [  437.16157982,    4.93633559,   29.73842577,   33.24856142,     46.97327483,   98.56267114,  213.11975898,   72.27612263,     31.5894944 ,   28.46983543,   22.55183884,   22.78344591,     -5.68731397], [  431.66716647,  -53.34388345,   67.79704875,   76.91834237,     30.61563551,   53.72100175,   72.27612263,  149.0476906 ,     54.85889834,   45.77910341,   22.1420908 ,    8.63195135,     23.24332992], [  172.60367236,  -47.8234992 ,   98.24851551,  110.03358626,     73.52210927,   89.36798233,   31.5894944 ,   54.85889834,    173.59248684,   37.07101534,   54.72200042,   20.19687448,     25.1321422 ], [  576.44896281,  -51.33539003,    3.3915937 ,   12.64097353,     20.22226672,   -5.4651557 ,   28.46983543,   45.77910341,     37.07101534,  155.53676416,   41.92656119,   19.5690188 ,      9.05101468], [ -150.92814836,   35.3136425 ,   57.07456969,   44.68144242,     38.10582636,   59.87763329,   22.55183884,   22.1420908 ,     54.72200042,   41.92656119,  132.90097677,   43.3649579 ,     27.70629452], [   20.76819335,  -27.04957327,   34.67835547,   16.19967765,     24.8350898 ,   24.9277879 ,   22.78344591,    8.63195135,     20.19687448,   19.5690188 ,   43.3649579 ,  104.16389698,     44.65898421], [  234.96212178,  -23.68123105,   28.5457341 ,   65.67120233,     40.55795074,   33.79160618,   -5.68731397,   23.24332992,     25.1321422 ,    9.05101468,   27.70629452,   44.65898421,    114.63614952]]
/root/sim/music/out/Queen/The_Game/03_Another_One_Bites_The_Dust.mp3; [-699.7473    ,  95.551315  ,   0.5676281 ,  41.76755   ,  17.748198  ,   11.869006  ,  14.3641405 ,   9.536285  ,   0.3472881 ,   4.496677  ,    0.17723188,  -2.2211428 ,   0.7898796 ]; [[30697.37369861,  -16.05728288,-1363.8865529 , -251.19865865,    118.12497288, -197.87395704, -168.46071433,  220.40803202,   -490.40817713, -209.76887989, -270.35502459, -218.9311123 ,   -112.40338746], [  -16.05728288, 4297.85079275,  -79.89018824,   11.79662614,   -128.71504096,  -92.31196192,   15.13897335, -138.43163201,   -124.52202473, -209.15442097, -139.26333639,  -96.72058281,    -11.64482474], [-1363.8865529 ,  -79.89018824, 2206.84191786,  627.3281359 ,    266.26027934,  200.99775465,   73.4696321 ,  -43.01995239,    134.10871126,   46.70310406,   64.04924404,   32.18935925,      7.94317444], [ -251.19865865,   11.79662614,  627.3281359 ,  973.56024102,    416.80904822,  191.66248184,   98.89118573,   13.42748428,    124.80520301,   22.3686627 ,   27.36519629,   -5.42290949,     28.57878351], [  118.12497288, -128.71504096,  266.26027934,  416.80904822,    479.86976826,  155.52554935,  101.11198053,   47.37775204,     73.1417348 ,   41.75439723,   22.35724126,    2.43252877,     19.63805936], [ -197.87395704,  -92.31196192,  200.99775465,  191.66248184,    155.52554935,  315.89438036,  141.94710954,   41.11478057,     75.1006741 ,   14.69454367,   57.10787057,   28.08633369,     15.5053916 ], [ -168.46071433,   15.13897335,   73.4696321 ,   98.89118573,    101.11198053,  141.94710954,  270.28478377,   76.81493452,     41.42150725,   23.20745428,   42.68202012,   19.34738203,     29.62482739], [  220.40803202, -138.43163201,  -43.01995239,   13.42748428,     47.37775204,   41.11478057,   76.81493452,  171.9156918 ,     35.38419573,   46.15971905,   21.63740644,    7.48322999,     33.75692689], [ -490.40817713, -124.52202473,  134.10871126,  124.80520301,     73.1417348 ,   75.1006741 ,   41.42150725,   35.38419573,    191.65326715,   44.74556453,   47.39584998,   15.81903902,     13.78224737], [ -209.76887989, -209.15442097,   46.70310406,   22.3686627 ,     41.75439723,   14.69454367,   23.20745428,   46.15971905,     44.74556453,  127.09843536,   34.44385258,   23.11341571,      9.9003903 ], [ -270.35502459, -139.26333639,   64.04924404,   27.36519629,     22.35724126,   57.10787057,   42.68202012,   21.63740644,     47.39584998,   34.44385258,  104.95071185,   38.92430501,     19.04495767], [ -218.9311123 ,  -96.72058281,   32.18935925,   -5.42290949,      2.43252877,   28.08633369,   19.34738203,    7.48322999,     15.81903902,   23.11341571,   38.92430501,   88.81079619,     25.20274582], [ -112.40338746,  -11.64482474,    7.94317444,   28.57878351,     19.63805936,   15.5053916 ,   29.62482739,   33.75692689,     13.78224737,    9.9003903 ,   19.04495767,   25.20274582,     95.81582637]]
/root/sim/music/out/Queen/The_Game/05_Crazy_Little_Thing_Called_Love.mp3; [-638.46027   ,  94.95928   ,   8.226867  ,  37.98566   ,  11.810874  ,   -0.28240487,  -1.468141  ,   2.7337174 ,  -4.926175  ,   1.0332434 ,   -5.1173744 ,  -2.6455827 ,  -4.645831  ]; [[21830.63296268,  392.4959288 ,   97.85806082,  300.93626609,     84.16001437,   31.15006354,  -36.55965674,   48.76752602,     15.39731027,   52.5135464 ,  -27.87164015,   11.12470524,   -126.669444  ], [  392.4959288 , 1404.94810182,  209.11651168,  174.06276879,    106.65994846,  -65.73181202,   62.63984803,  109.66756284,    -25.96548076,   50.53070251,   48.30483748,   34.24260879,     36.2052396 ], [   97.85806082,  209.11651168, 1063.70958492,  264.59312521,    108.8999369 ,  197.81469813,  143.15542302,  -13.33213583,     77.82918238,   13.24559609,  -39.83215784,   18.51304726,     26.02883467], [  300.93626609,  174.06276879,  264.59312521,  449.55819768,    209.44827149,  141.44883326,   12.57276363,   47.20511583,     92.35479653,    0.28538852,   30.82578465,   57.50592479,     66.10767998], [   84.16001437,  106.65994846,  108.8999369 ,  209.44827149,    271.63572588,   85.33131491,   -5.06787088,   24.16733738,     65.01842029,   15.66552486,   32.32616234,   35.42883148,     21.92532975], [   31.15006354,  -65.73181202,  197.81469813,  141.44883326,     85.33131491,  215.26903612,   75.93944431,   22.43038877,     71.3852691 ,   -5.21110233,    8.19843434,   30.18010153,     17.33323896], [  -36.55965674,   62.63984803,  143.15542302,   12.57276363,     -5.06787088,   75.93944431,  184.44189759,   61.96061705,     26.27967678,   10.42388695,    0.50192129,   11.13008317,      3.72682676], [   48.76752602,  109.66756284,  -13.33213583,   47.20511583,     24.16733738,   22.43038877,   61.96061705,  125.77131853,     43.65364803,   17.77403644,   31.89140067,   28.30638322,     19.31701504], [   15.39731027,  -25.96548076,   77.82918238,   92.35479653,     65.01842029,   71.3852691 ,   26.27967678,   43.65364803,    138.68721846,   40.73410788,   24.18054331,   31.85324269,      8.36049118], [   52.5135464 ,   50.53070251,   13.24559609,    0.28538852,     15.66552486,   -5.21110233,   10.42388695,   17.77403644,     40.73410788,  116.64689622,   40.86069764,    6.90454288,     -1.90254548], [  -27.87164015,   48.30483748,  -39.83215784,   30.82578465,     32.32616234,    8.19843434,    0.50192129,   31.89140067,     24.18054331,   40.86069764,  104.63654094,   49.83775069,     17.44285334], [   11.12470524,   34.24260879,   18.51304726,   57.50592479,     35.42883148,   30.18010153,   11.13008317,   28.30638322,     31.85324269,    6.90454288,   49.83775069,  105.1515015 ,     49.55913924], [ -126.669444  ,   36.2052396 ,   26.02883467,   66.10767998,     21.92532975,   17.33323896,    3.72682676,   19.31701504,      8.36049118,   -1.90254548,   17.44285334,   49.55913924,    106.76603482]]
/root/sim/music/out/Queen/The_Works/09_Is_This_The_World_We_Created__.mp3; [-791.99036  , 136.27362  ,  10.975478 ,  23.704552 ,  -1.5955529,  -13.588297 , -16.549934 ,  -3.8534088, -18.509068 ,  -5.4689245,  -11.692209 , -11.523415 , -10.017007 ]; [[23568.80991235,-1884.63810641,-2740.88846993, -999.14921598,   -127.83779404, -567.68981197, -314.5076438 ,  848.10616591,   -737.86943918,   91.15172536, -368.39648557, -291.83929923,   -269.57965652], [-1884.63810641, 2006.37017739,  195.69329651,   67.45764443,   -122.77929524, -115.02956765,   18.72903332, -118.11768079,     -6.69968888,  -58.1135956 ,   19.06222312,  -34.32830604,    -12.43091175], [-2740.88846993,  195.69329651, 1067.12477355,  261.13086332,     17.59215165,  146.43605611,   13.57460057, -153.47717489,    144.24141972,  -76.39373508,   24.14302277,   60.6377123 ,    -13.22484174], [ -999.14921598,   67.45764443,  261.13086332,  506.95870948,    165.83083013,  100.56440667,  -10.39764202,  -85.54646255,    110.85756606,  -13.18967294,    5.89898801,   -0.59569638,     48.09282609], [ -127.83779404, -122.77929524,   17.59215165,  165.83083013,    333.83404574,   53.47352371,  -29.78773047,    1.18584576,     42.34929113,   42.47918024,   11.96997411,    4.87999642,     44.28582578], [ -567.68981197, -115.02956765,  146.43605611,  100.56440667,     53.47352371,  277.11547563,   81.30500769,  -23.65185035,     72.54884133,   -2.83046613,   49.99072723,   28.26221458,      3.91626167], [ -314.5076438 ,   18.72903332,   13.57460057,  -10.39764202,    -29.78773047,   81.30500769,  255.78247391,   72.43792995,      7.87362688,    2.38032488,   43.92581612,   10.33497051,     15.08677373], [  848.10616591, -118.11768079, -153.47717489,  -85.54646255,      1.18584576,  -23.65185035,   72.43792995,  201.0129345 ,    -28.6029696 ,   29.01250084,    5.40250943,   -4.34684574,     15.09258855], [ -737.86943918,   -6.69968888,  144.24141972,  110.85756606,     42.34929113,   72.54884133,    7.87362688,  -28.6029696 ,    186.51100793,   14.70623258,   20.93560089,   14.08291396,      6.09057784], [   91.15172536,  -58.1135956 ,  -76.39373508,  -13.18967294,     42.47918024,   -2.83046613,    2.38032488,   29.01250084,     14.70623258,  152.45441442,   34.08210875,    8.05142581,     25.22087378], [ -368.39648557,   19.06222312,   24.14302277,    5.89898801,     11.96997411,   49.99072723,   43.92581612,    5.40250943,     20.93560089,   34.08210875,  137.13158959,   34.89743087,     24.00627956], [ -291.83929923,  -34.32830604,   60.6377123 ,   -0.59569638,      4.87999642,   28.26221458,   10.33497051,   -4.34684574,     14.08291396,    8.05142581,   34.89743087,  112.05404638,     22.87128309], [ -269.57965652,  -12.43091175,  -13.22484174,   48.09282609,     44.28582578,    3.91626167,   15.08677373,   15.09258855,      6.09057784,   25.22087378,   24.00627956,   22.87128309,    124.52220623]]
/root/sim/music/out/Queen/The_Works/02_Tear_It_Up.mp3; [-559.791     , 100.11822   , -20.7143    ,  26.530067  ,   9.513063  ,    6.302632  ,   0.15391707,  15.941012  ,   2.8361976 ,  10.314729  ,    1.8740283 ,   1.6810879 ,   4.5739675 ]; [[15639.08720654,  555.30266969, -472.6802758 ,  228.17177753,   -132.68410929,  175.72299549,  -16.4618443 ,  264.18801716,     -1.98142132,  140.28901554,   62.42805469,   35.64728352,     76.93397945], [  555.30266969, 1080.24165164, -144.68908141,   82.32819729,     70.65236751,   21.3117031 ,   46.57478724,   -3.01058689,     30.21058528,    2.56212758,  -11.94840542,    1.31960474,     -4.15764923], [ -472.6802758 , -144.68908141,  439.46519722,   77.88353458,     36.43292379,   30.88085903,  -12.77195881,  -20.13615978,      1.25585281,    1.28591645,   -1.45029006,   18.57809338,    -13.06263091], [  228.17177753,   82.32819729,   77.88353458,  232.27200723,     36.24317306,   36.09224226,   11.48761567,   -2.65450747,     48.22715482,   31.21757935,    4.17210937,   24.16340566,     21.15617834], [ -132.68410929,   70.65236751,   36.43292379,   36.24317306,    123.98178516,   20.06865121,    7.55852802,   15.56908526,      9.00561134,   13.00245875,    6.65447911,    5.25618252,      8.6179971 ], [  175.72299549,   21.3117031 ,   30.88085903,   36.09224226,     20.06865121,  137.95943517,   73.8874815 ,   28.52802328,     15.84636526,    2.16192411,   14.34855314,   10.99724748,    -10.1381265 ], [  -16.4618443 ,   46.57478724,  -12.77195881,   11.48761567,      7.55852802,   73.8874815 ,  147.52192441,   33.80655661,     30.2665987 ,   -5.24205289,    7.36242449,    9.8387453 ,    -11.53454802], [  264.18801716,   -3.01058689,  -20.13615978,   -2.65450747,     15.56908526,   28.52802328,   33.80655661,  122.86227931,     16.94359523,   26.50782873,    7.43928508,   -4.13945736,      6.68364401], [   -1.98142132,   30.21058528,    1.25585281,   48.22715482,      9.00561134,   15.84636526,   30.2665987 ,   16.94359523,    103.04746681,   36.50138116,    4.52209127,    3.71767133,     -5.38215894], [  140.28901554,    2.56212758,    1.28591645,   31.21757935,     13.00245875,    2.16192411,   -5.24205289,   26.50782873,     36.50138116,   79.03538579,   21.20523324,    6.57845791,      3.63905346], [   62.42805469,  -11.94840542,   -1.45029006,    4.17210937,      6.65447911,   14.34855314,    7.36242449,    7.43928508,      4.52209127,   21.20523324,   55.89620897,   23.85051731,      9.01468126], [   35.64728352,    1.31960474,   18.57809338,   24.16340566,      5.25618252,   10.99724748,    9.8387453 ,   -4.13945736,      3.71767133,    6.57845791,   23.85051731,   60.29636761,     24.42247414], [   76.93397945,   -4.15764923,  -13.06263091,   21.15617834,      8.6179971 ,  -10.1381265 ,  -11.53454802,    6.68364401,     -5.38215894,    3.63905346,    9.01468126,   24.42247414,     60.16031075]]
/root/sim/music/out/Queen/The_Works/01_Radio_Ga_Ga.mp3; [-616.38696   , 120.76973   ,  -7.88249   ,  39.81654   ,   7.357923  ,   11.330544  ,   2.1863859 ,   8.191098  ,  -3.6987586 ,   4.9304967 ,   -0.19297256,   1.7107495 ,   1.2582543 ]; [[15469.63710983, -274.6766332 , -829.48909757, -371.583726  ,   -321.46177883, -471.05245281, -271.95096474,   38.21138219,   -290.59432669,   53.43171516, -133.39139336,  -51.88360471,     52.0932507 ], [ -274.6766332 , 2366.01340317,   24.21304914, -129.49596524,   -228.53694637,  -26.38588868,  -51.39493334,    5.76033262,    -44.78549053,  -10.92852772,   11.96134155,   -0.82164828,     22.33698721], [ -829.48909757,   24.21304914,  617.07587147,   88.20866869,     48.80943559,   67.65952833,   24.05303649,   16.39948419,     53.71364177,   -7.1805035 ,   24.69130946,   18.7497577 ,    -16.67220803], [ -371.583726  , -129.49596524,   88.20866869,  463.78212304,    149.11141143,  124.41661163,   49.49804742,    7.478837  ,     81.79417882,   17.67952571,   31.2937772 ,   16.43257086,      8.53267544], [ -321.46177883, -228.53694637,   48.80943559,  149.11141143,    268.37851688,   96.64385936,   53.4526211 ,   32.24778668,     52.44910434,   41.12597807,   15.96232579,    7.60631136,     11.53036327], [ -471.05245281,  -26.38588868,   67.65952833,  124.41661163,     96.64385936,  259.04492785,  108.40310118,   55.15948957,     65.33103798,   10.39736974,   45.2237998 ,   16.56358504,    -10.87574263], [ -271.95096474,  -51.39493334,   24.05303649,   49.49804742,     53.4526211 ,  108.40310118,  169.94136295,   67.91259524,     46.45590435,    9.39967464,   24.23627062,   20.34190823,    -10.64283969], [   38.21138219,    5.76033262,   16.39948419,    7.478837  ,     32.24778668,   55.15948957,   67.91259524,  139.96931539,     12.36241908,   45.29674339,   22.78390389,    9.2918517 ,     10.61199227], [ -290.59432669,  -44.78549053,   53.71364177,   81.79417882,     52.44910434,   65.33103798,   46.45590435,   12.36241908,    131.31430041,   24.45430177,   21.50568831,   14.19198481,      1.84660006], [   53.43171516,  -10.92852772,   -7.1805035 ,   17.67952571,     41.12597807,   10.39736974,    9.39967464,   45.29674339,     24.45430177,   97.95788967,   33.06540898,   15.38868676,     16.97013889], [ -133.39139336,   11.96134155,   24.69130946,   31.2937772 ,     15.96232579,   45.2237998 ,   24.23627062,   22.78390389,     21.50568831,   33.06540898,   76.26673517,   32.9968305 ,      8.25083519], [  -51.88360471,   -0.82164828,   18.7497577 ,   16.43257086,      7.60631136,   16.56358504,   20.34190823,    9.2918517 ,     14.19198481,   15.38868676,   32.9968305 ,   75.95821668,     24.86966873], [   52.0932507 ,   22.33698721,  -16.67220803,    8.53267544,     11.53036327,  -10.87574263,  -10.64283969,   10.61199227,      1.84660006,   16.97013889,    8.25083519,   24.86966873,     78.39036639]]
/root/sim/music/out/Queen/The_Works/06_I_Want_To_Break_Free.mp3; [-652.0664    ,  89.249565  ,  16.053537  ,  45.10515   ,  16.621773  ,   11.838995  ,   0.03891417,   9.349924  ,  -6.126657  ,   0.48639804,   -1.5197432 ,  -2.501418  ,  -1.8591172 ]; [[25392.28538883, -249.02010369,-1498.98785293,  -19.56239586,     89.03220057, -108.14433723, -101.02327681,  339.16677261,   -168.16086898,   25.31533891,  -30.04015103,  -57.35646424,     58.96486835], [ -249.02010369, 1420.03254919,  -28.56588339,   35.15279494,     -9.39915007,    3.44613259,  -29.21587518,   39.35070714,      3.11741593,  -10.72672677,  -42.45026489,  -31.02808667,    -12.77806694], [-1498.98785293,  -28.56588339, 1386.64852172,  371.0369288 ,    131.99260011,  186.62449703,  100.1722725 ,  -99.46420357,    111.91059499,   -8.42343881,   16.43659255,   41.25988027,    -49.58825437], [  -19.56239586,   35.15279494,  371.0369288 ,  599.10271959,    157.29492907,  111.73432978,  -32.21507184,  -74.75542098,     58.27793209,   -0.67195688,  -21.51574868,   -8.72825017,      9.22899339], [   89.03220057,   -9.39915007,  131.99260011,  157.29492907,    235.42215961,   57.58656257,  -14.03121015,  -19.48729406,     16.25171617,    8.79108131,  -11.81988033,    2.86014293,      4.23977463], [ -108.14433723,    3.44613259,  186.62449703,  111.73432978,     57.58656257,  187.82415646,   80.41009808,  -20.54456274,     21.16929189,  -12.54491679,   16.08877836,    3.42205243,    -21.83987869], [ -101.02327681,  -29.21587518,  100.1722725 ,  -32.21507184,    -14.03121015,   80.41009808,  189.33355086,   47.39839949,      7.3210073 ,    3.57982535,   30.0451878 ,    3.99340181,    -25.10457009], [  339.16677261,   39.35070714,  -99.46420357,  -74.75542098,    -19.48729406,  -20.54456274,   47.39839949,  166.1081819 ,    -18.8558005 ,   26.53650036,    2.92625858,  -11.78987837,      6.70148383], [ -168.16086898,    3.11741593,  111.91059499,   58.27793209,     16.25171617,   21.16929189,    7.3210073 ,  -18.8558005 ,    153.04807081,   29.06940832,    4.21944314,    3.94906471,    -12.86596835], [   25.31533891,  -10.72672677,   -8.42343881,   -0.67195688,      8.79108131,  -12.54491679,    3.57982535,   26.53650036,     29.06940832,  109.14200638,   25.28258662,   -3.98564819,      7.6810281 ], [  -30.04015103,  -42.45026489,   16.43659255,  -21.51574868,    -11.81988033,   16.08877836,   30.0451878 ,    2.92625858,      4.21944314,   25.28258662,   93.1511185 ,   40.30600914,      4.36299023], [  -57.35646424,  -31.02808667,   41.25988027,   -8.72825017,      2.86014293,    3.42205243,    3.99340181,  -11.78987837,      3.94906471,   -3.98564819,   40.30600914,   86.94200968,     25.59597021], [   58.96486835,  -12.77806694,  -49.58825437,    9.22899339,      4.23977463,  -21.83987869,  -25.10457009,    6.70148383,    -12.86596835,    7.6810281 ,    4.36299023,   25.59597021,     82.6062596 ]]
