/root/sim/music/out/Michael_Jackson/HIStory__Past_Present_And_Future_Book_1_[Disc_1]/06_Bad.mp3; [-556.87354  ,  91.46948  ,  16.276423 ,  24.201324 ,  11.320517 ,    7.5471296,   4.9500666,  10.267764 ,   3.8276644,   5.4856358,    2.1749313,   1.8640571,   5.957425 ]; [[ 9491.62058828, -885.99949252,-1426.26158399, -119.32431379,   -187.00847026,  -68.42041052,  -17.36066186,  116.00129226,     98.48241993,   71.44448081,  -26.56596738,   -7.6177986 ,    123.36453409], [ -885.99949252,  825.7682677 ,  152.02670514,  -85.16933861,     16.70832843,   31.05845096,    6.43217691,  -35.28666858,     12.62850116,    3.71599905,   15.41940527,    2.40766119,    -15.67592695], [-1426.26158399,  152.02670514,  952.52011826,   70.50224894,     63.71758023,   67.56701006,   -8.07803064,  -22.62896509,    -16.78231545,  -22.21130219,   39.46508974,    8.34044245,    -70.07129387], [ -119.32431379,  -85.16933861,   70.50224894,  241.37547874,     99.1486315 ,    5.22715497,    9.31681348,   14.09192342,     -1.08912396,   -1.25709195,  -13.08202754,   -6.218208  ,     -1.90506667], [ -187.00847026,   16.70832843,   63.71758023,   99.1486315 ,    236.12314233,   73.97315557,   39.07893037,   10.60899616,      5.03406075,    2.23020879,   -2.16591274,  -11.64059982,     -7.09170294], [  -68.42041052,   31.05845096,   67.56701006,    5.22715497,     73.97315557,  160.53900286,   52.65183557,  -12.42254461,     26.37678593,    3.67143192,   19.39400836,    6.75229726,    -11.3790773 ], [  -17.36066186,    6.43217691,   -8.07803064,    9.31681348,     39.07893037,   52.65183557,  122.82273639,   36.1459178 ,     -8.38904969,    8.45344146,    5.10090379,   -8.78234386,      6.55637743], [  116.00129226,  -35.28666858,  -22.62896509,   14.09192342,     10.60899616,  -12.42254461,   36.1459178 ,  101.11870063,     24.71162942,   -2.53807991,   -8.79162584,   -8.95859547,     13.28940607], [   98.48241993,   12.62850116,  -16.78231545,   -1.08912396,      5.03406075,   26.37678593,   -8.38904969,   24.71162942,    104.97699806,   21.54028669,    3.92859954,    8.64426541,     -1.05028169], [   71.44448081,    3.71599905,  -22.21130219,   -1.25709195,      2.23020879,    3.67143192,    8.45344146,   -2.53807991,     21.54028669,   78.70814057,   28.63411503,    2.38061622,      7.55269435], [  -26.56596738,   15.41940527,   39.46508974,  -13.08202754,     -2.16591274,   19.39400836,    5.10090379,   -8.79162584,      3.92859954,   28.63411503,   72.13646464,   27.0693631 ,      2.68542322], [   -7.6177986 ,    2.40766119,    8.34044245,   -6.218208  ,    -11.64059982,    6.75229726,   -8.78234386,   -8.95859547,      8.64426541,    2.38061622,   27.0693631 ,   67.73414196,     26.09643191], [  123.36453409,  -15.67592695,  -70.07129387,   -1.90506667,     -7.09170294,  -11.3790773 ,    6.55637743,   13.28940607,     -1.05028169,    7.55269435,    2.68542322,   26.09643191,     84.14299824]]
/root/sim/music/out/Michael_Jackson/HIStory__Past_Present_And_Future_Book_1_[Disc_1]/15_Heal_The_World.mp3; [-636.7155   , 122.62136  ,  12.722212 ,  12.795495 ,  -1.6049442,   -4.5683107,  -6.0229197,  -1.408677 ,  -5.7326846,  -1.152336 ,   -3.9580643,  -0.9670289,  -1.708045 ]; [[21007.31745476, -858.07921549,   43.65454188, 1143.59883582,    846.73291724,  633.43777948,  333.26112757,  337.98821733,    132.17262034,  332.54619971,  131.51001479,  155.08762608,      2.98715812], [ -858.07921549, 1106.46416866, -111.61960128,  -28.10821216,    -23.53260438,  -93.78800764,    2.01128547,  -38.35303111,    -28.02437873,   -8.19695867,   -7.62611583,   -5.97481402,    -19.49272029], [   43.65454188, -111.61960128,  480.25967931,  192.21043702,    128.30888996,   78.08620587,   27.00929776,   39.34776757,     30.35772892,  -39.38538791,   -1.64099456,   36.07350717,     -7.01061528], [ 1143.59883582,  -28.10821216,  192.21043702,  438.87014398,    247.59262859,   92.04561116,   59.25762613,   54.52945155,     54.59366568,    7.6795521 ,   -2.63514502,   52.56711903,     13.01237154], [  846.73291724,  -23.53260438,  128.30888996,  247.59262859,    289.24367934,  104.15520794,   49.789671  ,   43.21224946,     45.33246902,   30.89788353,    8.84575297,   30.38730663,      0.54077311], [  633.43777948,  -93.78800764,   78.08620587,   92.04561116,    104.15520794,  180.51083234,   82.53987056,   27.58316428,     18.38218114,   23.15600198,   15.4936307 ,   14.88311535,      8.20184433], [  333.26112757,    2.01128547,   27.00929776,   59.25762613,     49.789671  ,   82.53987056,  149.61841986,   39.85223398,      5.03752835,    7.63336939,   11.46872358,    5.88576676,      2.27879731], [  337.98821733,  -38.35303111,   39.34776757,   54.52945155,     43.21224946,   27.58316428,   39.85223398,   98.88433396,     31.71429783,   14.22577816,    2.40326757,   12.77501242,      4.13150429], [  132.17262034,  -28.02437873,   30.35772892,   54.59366568,     45.33246902,   18.38218114,    5.03752835,   31.71429783,     95.38667297,   19.4207484 ,    8.77496705,   11.04058553,      6.54750395], [  332.54619971,   -8.19695867,  -39.38538791,    7.6795521 ,     30.89788353,   23.15600198,    7.63336939,   14.22577816,     19.4207484 ,  112.00552218,   34.43008188,   -8.55753286,     -2.65927288], [  131.51001479,   -7.62611583,   -1.64099456,   -2.63514502,      8.84575297,   15.4936307 ,   11.46872358,    2.40326757,      8.77496705,   34.43008188,   85.71334758,   20.76203903,     -5.03040253], [  155.08762608,   -5.97481402,   36.07350717,   52.56711903,     30.38730663,   14.88311535,    5.88576676,   12.77501242,     11.04058553,   -8.55753286,   20.76203903,   85.5321857 ,     28.24412257], [    2.98715812,  -19.49272029,   -7.01061528,   13.01237154,      0.54077311,    8.20184433,    2.27879731,    4.13150429,      6.54750395,   -2.65927288,   -5.03040253,   28.24412257,     75.65524452]]
/root/sim/music/out/Michael_Jackson/HIStory__Past_Present_And_Future_Book_1_[Disc_1]/10_Beat_It.mp3; [-585.7696    , 101.71563   ,  10.115622  ,  19.427004  ,   2.0330179 ,    6.1278486 ,   0.5191729 ,   4.932992  ,   1.3726788 ,  -0.98360693,   -1.6113393 ,   0.3011751 ,   0.00058846]; [[17413.88389832,  663.35120068, -468.82814844,   96.9883692 ,    108.93178166,  131.33925805,    1.87673811,   -8.1476053 ,    -96.03426675,  -89.24742944,  -81.21122018,   12.04740679,    -16.23487858], [  663.35120068, 1247.65101276, -301.0830395 ,  -29.47943826,     38.93390932,   -0.14150324,   45.60894435,   16.23448115,     -0.61662017,  -19.61201033,  -28.64380652,    0.8664529 ,     -2.46130302], [ -468.82814844, -301.0830395 ,  647.15300841,   18.20032548,     57.48241132,   45.03128705,   -5.06323813,   50.4680725 ,     33.77990281,   34.67399707,   50.28407488,   31.60548762,     10.18597055], [   96.9883692 ,  -29.47943826,   18.20032548,  345.41297255,    126.03745693,   61.6518117 ,    8.18583909,    0.34280871,     38.53418704,    5.98122248,   31.47950866,   40.45359353,     11.80475395], [  108.93178166,   38.93390932,   57.48241132,  126.03745693,    207.85306372,   58.54427656,   19.95850861,   10.40894043,     20.36066206,   12.03279621,   28.54981261,   26.24542748,     10.16351922], [  131.33925805,   -0.14150324,   45.03128705,   61.6518117 ,     58.54427656,  148.28615549,   73.49070302,   21.92185176,     13.90690163,    3.73390647,   12.25779042,   -0.32534638,      5.9596965 ], [    1.87673811,   45.60894435,   -5.06323813,    8.18583909,     19.95850861,   73.49070302,  129.71677105,   40.61799436,     14.36246724,    2.00498284,    8.54144356,   -4.32666868,     -0.2343002 ], [   -8.1476053 ,   16.23448115,   50.4680725 ,    0.34280871,     10.40894043,   21.92185176,   40.61799436,  107.2575345 ,     43.20841747,   17.87679944,    3.73610423,   -4.82783408,      4.01648263], [  -96.03426675,   -0.61662017,   33.77990281,   38.53418704,     20.36066206,   13.90690163,   14.36246724,   43.20841747,    106.93208634,   35.68866214,    1.23489668,   -3.07124539,     -5.78287381], [  -89.24742944,  -19.61201033,   34.67399707,    5.98122248,     12.03279621,    3.73390647,    2.00498284,   17.87679944,     35.68866214,   85.12158183,   41.06281212,    1.82804536,     -3.88772114], [  -81.21122018,  -28.64380652,   50.28407488,   31.47950866,     28.54981261,   12.25779042,    8.54144356,    3.73610423,      1.23489668,   41.06281212,   85.66971079,   36.54901225,      0.91782101], [   12.04740679,    0.8664529 ,   31.60548762,   40.45359353,     26.24542748,   -0.32534638,   -4.32666868,   -4.82783408,     -3.07124539,    1.82804536,   36.54901225,   87.74967402,     29.04044511], [  -16.23487858,   -2.46130302,   10.18597055,   11.80475395,     10.16351922,    5.9596965 ,   -0.2343002 ,    4.01648263,     -5.78287381,   -3.88772114,    0.91782101,   29.04044511,     70.34421449]]
/root/sim/music/out/Michael_Jackson/HIStory__Past_Present_And_Future_Book_1_[Disc_1]/01_Billie_Jean.mp3; [-623.3962    , 100.99264   ,  41.708454  ,  34.08522   ,   9.197569  ,    9.129462  ,   5.5252433 ,   6.0863223 ,   2.5314915 ,   6.1079593 ,    3.123076  ,  -0.32577276,   1.7692773 ]; [[15596.00528218,-1211.20428855,-1328.04313326, -477.07264545,   -444.88228319, -239.29221984, -360.36282217, -123.82164481,   -191.53305548, -112.85838347,  -95.05086409,  -78.85220798,     16.87054935], [-1211.20428855, 1744.81049909,  -76.78403258,  -40.25809664,      2.8427444 ,   70.96476285,  108.64612744,    1.93067236,    -16.14629391,   72.4196966 ,   48.13187358,   17.21371187,      3.71049509], [-1328.04313326,  -76.78403258, 1087.20144166,  264.40231369,    174.9313804 ,   56.77526495,  100.53318582,   51.56746617,     64.77191286,  -11.78961037,   25.296475  ,   29.53108285,     -8.93718923], [ -477.07264545,  -40.25809664,  264.40231369,  446.88131927,    165.72606461,   65.46616447,   17.01369669,   55.20398042,     61.23116851,   11.09275199,   10.90314299,   30.79684717,      5.94291065], [ -444.88228319,    2.8427444 ,  174.9313804 ,  165.72606461,    269.04486047,   74.2380729 ,   47.59916049,   52.64515814,     47.50975056,   16.06130658,    7.40015628,    9.31833585,     17.18150121], [ -239.29221984,   70.96476285,   56.77526495,   65.46616447,     74.2380729 ,  211.67156004,   93.15213797,   31.76812506,     12.31498891,   31.36498684,   10.49850572,    1.35318021,     -0.86745375], [ -360.36282217,  108.64612744,  100.53318582,   17.01369669,     47.59916049,   93.15213797,  194.10637649,   61.73410774,     20.0557654 ,   30.53221485,   21.72013208,   -2.04454649,      3.59921626], [ -123.82164481,    1.93067236,   51.56746617,   55.20398042,     52.64515814,   31.76812506,   61.73410774,  150.63995812,     51.06515391,   15.78286489,    3.82662627,   12.47155345,      7.89803964], [ -191.53305548,  -16.14629391,   64.77191286,   61.23116851,     47.50975056,   12.31498891,   20.0557654 ,   51.06515391,    107.45840773,   27.30495539,    2.30396606,    4.51858255,     -0.54831565], [ -112.85838347,   72.4196966 ,  -11.78961037,   11.09275199,     16.06130658,   31.36498684,   30.53221485,   15.78286489,     27.30495539,   94.21692361,   34.38687806,   -8.49896958,     -2.17998665], [  -95.05086409,   48.13187358,   25.296475  ,   10.90314299,      7.40015628,   10.49850572,   21.72013208,    3.82662627,      2.30396606,   34.38687806,   73.31408769,   27.49860843,      2.85618824], [  -78.85220798,   17.21371187,   29.53108285,   30.79684717,      9.31833585,    1.35318021,   -2.04454649,   12.47155345,      4.51858255,   -8.49896958,   27.49860843,   83.84760456,     31.101773  ], [   16.87054935,    3.71049509,   -8.93718923,    5.94291065,     17.18150121,   -0.86745375,    3.59921626,    7.89803964,     -0.54831565,   -2.17998665,    2.85618824,   31.101773  ,     74.50092079]]
/root/sim/music/out/Michael_Jackson/HIStory__Past_Present_And_Future_Book_1_[Disc_1]/08_Man_In_The_Mirror.mp3; [-591.23425   , 116.021095  ,   1.2906009 ,  12.931456  ,  -3.3277977 ,   -0.3759461 ,  -1.7583879 ,   4.920998  ,  -2.8074157 ,   4.68771   ,   -1.0388457 ,  -1.9878006 ,  -0.06809573]; [[17163.42200097, -242.0020245 , -979.67935063, 1124.97992674,    709.20812858,  278.88700904, -196.81247588,   95.7749756 ,    283.85386625,  530.5347707 ,   92.15870379, -145.93622122,    -28.56181108], [ -242.0020245 , 1271.07063745,  156.76427438,  139.71346987,    126.9946904 ,   95.57023675,   66.04916884,  -29.80664249,    -26.33518396,   54.5045654 ,   30.10318478,   -2.2050485 ,      1.77432175], [ -979.67935063,  156.76427438,  662.13427202,  109.93447877,     32.03696402,   55.75884353,   -0.70195812,  -26.15569212,     28.16854618,  -25.28017305,   38.3546248 ,   51.10631182,    -17.50612443], [ 1124.97992674,  139.71346987,  109.93447877,  618.19104329,    259.27783393,   70.54563084,  -91.81087997,  -24.77987075,     91.4881558 ,   95.5738906 ,   53.22943615,   34.20087438,     16.03816546], [  709.20812858,  126.9946904 ,   32.03696402,  259.27783393,    345.47089669,  124.0072861 ,   26.63375004,   34.0764281 ,     79.77800043,   78.00285339,   29.60883923,    0.31394675,     14.03994182], [  278.88700904,   95.57023675,   55.75884353,   70.54563084,    124.0072861 ,  301.03694383,  138.61929221,   79.30404766,     87.84647715,   62.5789833 ,   27.20433082,   14.83755621,     12.47123145], [ -196.81247588,   66.04916884,   -0.70195812,  -91.81087997,     26.63375004,  138.61929221,  268.43777653,  116.44383617,     33.85308164,   17.83283925,   -1.68040739,    0.49383326,     23.2960526 ], [   95.7749756 ,  -29.80664249,  -26.15569212,  -24.77987075,     34.0764281 ,   79.30404766,  116.44383617,  202.94972245,     74.34874327,    6.07985139,  -11.21595561,    5.85535073,     34.72158151], [  283.85386625,  -26.33518396,   28.16854618,   91.4881558 ,     79.77800043,   87.84647715,   33.85308164,   74.34874327,    201.4214799 ,   71.83568576,   26.89907235,   31.87659791,     22.78047841], [  530.5347707 ,   54.5045654 ,  -25.28017305,   95.5738906 ,     78.00285339,   62.5789833 ,   17.83283925,    6.07985139,     71.83568576,  192.068056  ,   82.54751465,   13.43798419,     20.00402003], [   92.15870379,   30.10318478,   38.3546248 ,   53.22943615,     29.60883923,   27.20433082,   -1.68040739,  -11.21595561,     26.89907235,   82.54751465,  138.81602348,   49.15219968,     10.09619836], [ -145.93622122,   -2.2050485 ,   51.10631182,   34.20087438,      0.31394675,   14.83755621,    0.49383326,    5.85535073,     31.87659791,   13.43798419,   49.15219968,  110.94138889,     37.26543885], [  -28.56181108,    1.77432175,  -17.50612443,   16.03816546,     14.03994182,   12.47123145,   23.2960526 ,   34.72158151,     22.78047841,   20.00402003,   10.09619836,   37.26543885,     98.62231483]]
/root/sim/music/out/Michael_Jackson/HIStory__Past_Present_And_Future_Book_1_[Disc_1]/12_Remember_The_Time.mp3; [-579.5392    , 101.767334  ,  11.687918  ,  17.538555  ,   2.4889727 ,    0.54699177,  -1.8700612 ,   1.425446  ,  -4.8879113 ,   0.5706393 ,   -4.808369  ,  -3.6174634 ,  -3.3352327 ]; [[10992.68475069, -960.84510447, -151.0667398 , -157.804127  ,    -19.20790216,   42.77353975,  -85.48840033,  -26.25571181,     45.89549875,   31.8800985 ,  108.75706701,  -80.09246515,    -19.5841452 ], [ -960.84510447, 1786.95213164,   -1.33446519,  242.14559403,    211.01026812,  141.24357585,  213.2081887 ,  134.50609773,     33.88230812,  133.07421197,   92.23513277,   93.25714875,     86.29161026], [ -151.0667398 ,   -1.33446519,  714.55678433,  289.87360124,    173.50884551,  196.00330637,  121.40655439,  107.87493384,    122.91480195,   64.48411956,   59.21462484,   90.60230875,     30.59366872], [ -157.804127  ,  242.14559403,  289.87360124,  566.66580446,    275.74636709,  183.36709414,  134.08008784,  190.00962128,    148.54665531,  119.90388443,   90.96445058,  111.28830237,     81.9285069 ], [  -19.20790216,  211.01026812,  173.50884551,  275.74636709,    294.8313979 ,  152.02529112,  110.01319655,  125.1123059 ,    102.68407476,   92.60978004,   64.35983656,   61.65464722,     57.5260995 ], [   42.77353975,  141.24357585,  196.00330637,  183.36709414,    152.02529112,  275.71931579,  173.82568567,   97.41752246,     96.69145018,   91.55192491,   74.81488127,   52.17692364,     42.59055819], [  -85.48840033,  213.2081887 ,  121.40655439,  134.08008784,    110.01319655,  173.82568567,  242.89810491,  120.71863417,     66.23287467,   85.83183352,   75.03245133,   53.05919533,     45.34921531], [  -26.25571181,  134.50609773,  107.87493384,  190.00962128,    125.1123059 ,   97.41752246,  120.71863417,  195.33032921,     93.44032883,   79.39011736,   64.27886919,   60.76561291,     56.19423353], [   45.89549875,   33.88230812,  122.91480195,  148.54665531,    102.68407476,   96.69145018,   66.23287467,   93.44032883,    158.86541298,   68.89177168,   48.27058296,   54.76613292,     40.63715136], [   31.8800985 ,  133.07421197,   64.48411956,  119.90388443,     92.60978004,   91.55192491,   85.83183352,   79.39011736,     68.89177168,  139.08649369,   70.51207527,   36.64633183,     32.77834953], [  108.75706701,   92.23513277,   59.21462484,   90.96445058,     64.35983656,   74.81488127,   75.03245133,   64.27886919,     48.27058296,   70.51207527,  107.6952775 ,   59.37283676,     33.23998081], [  -80.09246515,   93.25714875,   90.60230875,  111.28830237,     61.65464722,   52.17692364,   53.05919533,   60.76561291,     54.76613292,   36.64633183,   59.37283676,  112.45711091,     47.26333794], [  -19.5841452 ,   86.29161026,   30.59366872,   81.9285069 ,     57.5260995 ,   42.59055819,   45.34921531,   56.19423353,     40.63715136,   32.77834953,   33.23998081,   47.26333794,     90.00525288]]
/root/sim/music/out/Michael_Jackson/HIStory__Past_Present_And_Future_Book_1_[Disc_1]/09_Thriller.mp3; [-591.8218    , 111.317924  ,  10.032404  ,   8.038326  ,  -3.7688668 ,    3.791856  ,  -1.5416433 ,   0.6849286 ,  -1.5916109 ,   3.4630969 ,   -0.4148776 ,   0.36981526,   0.13770743]; [[10373.53571985,-1281.92603785,  -56.91456483,  687.9485011 ,    196.68070915,  260.73739178,  108.2887663 ,  207.46219255,     92.21575134,  168.09255782,   69.37868488,  -32.84943091,     84.68869262], [-1281.92603785, 1483.57054135,  213.82731261, -129.24137956,     75.3225835 ,   10.69173909,  101.63953824,   17.0581924 ,     61.42572423,   24.97517891,   74.15174292,   55.39375201,     26.90060466], [  -56.91456483,  213.82731261,  948.36393002,  132.00321007,    120.7088129 ,   48.43984331,   23.07053432,   36.86037165,     79.13013746,   33.48309133,   84.90828956,   50.90092582,     23.46305348], [  687.9485011 , -129.24137956,  132.00321007,  487.41849447,    144.0413467 ,   77.87443398,   45.2044793 ,   88.54362887,     63.70333307,   53.45648379,   38.89058084,   50.9765622 ,     40.25168964], [  196.68070915,   75.3225835 ,  120.7088129 ,  144.0413467 ,    279.95637487,   54.00274032,   35.66271147,   25.09339899,     40.66115699,   25.76477695,   39.75078615,   23.29582494,     30.38891271], [  260.73739178,   10.69173909,   48.43984331,   77.87443398,     54.00274032,  246.66325143,  116.05219549,   68.94065513,     44.95690658,   49.91068246,   39.90607771,   31.12289345,     29.24314197], [  108.2887663 ,  101.63953824,   23.07053432,   45.2044793 ,     35.66271147,  116.05219549,  208.50751271,   81.337435  ,     42.3074467 ,   42.64351806,   46.97109303,   29.5763675 ,     31.64452555], [  207.46219255,   17.0581924 ,   36.86037165,   88.54362887,     25.09339899,   68.94065513,   81.337435  ,  169.76594287,     65.07916904,   50.35687264,   26.31609488,   33.80175012,     29.55722142], [   92.21575134,   61.42572423,   79.13013746,   63.70333307,     40.66115699,   44.95690658,   42.3074467 ,   65.07916904,    147.53211383,   52.80337707,   32.30347848,   31.20523245,     23.85440911], [  168.09255782,   24.97517891,   33.48309133,   53.45648379,     25.76477695,   49.91068246,   42.64351806,   50.35687264,     52.80337707,  139.1483965 ,   49.32561433,   26.47885067,     24.28505332], [   69.37868488,   74.15174292,   84.90828956,   38.89058084,     39.75078615,   39.90607771,   46.97109303,   26.31609488,     32.30347848,   49.32561433,  110.37608815,   40.39878343,     10.22852801], [  -32.84943091,   55.39375201,   50.90092582,   50.9765622 ,     23.29582494,   31.12289345,   29.5763675 ,   33.80175012,     31.20523245,   26.47885067,   40.39878343,   97.82367536,     31.17252447], [   84.68869262,   26.90060466,   23.46305348,   40.25168964,     30.38891271,   29.24314197,   31.64452555,   29.55722142,     23.85440911,   24.28505332,   10.22852801,   31.17252447,     81.05671871]]
/root/sim/music/out/Michael_Jackson/HIStory__Past_Present_And_Future_Book_1_[Disc_1]/14_Wanna_Be_Startin'_Somethin'.mp3; [-571.7288    ,  73.0985    ,  11.616579  ,  16.823433  ,   4.1805177 ,    6.2241344 ,   4.44893   ,   2.5224152 ,  -3.2744367 ,   3.2563555 ,   -0.02336421,  -0.6471512 ,  -0.19124347]; [[11250.05058543,   36.45219991, -229.55449699,  329.9922674 ,    269.54310563,  242.57786774,  154.57080867,  175.36549038,    158.98285542,   41.32018528,    6.91923362,   20.24319113,     15.25268856], [   36.45219991, 1650.17862446,  228.1011486 ,  323.1878999 ,    149.22693484,   74.75900337,  116.31336478,   78.55814854,     21.25799783,   83.66454066,   51.41380721,   28.39934834,     10.12816188], [ -229.55449699,  228.1011486 , 1037.32241292,  321.58432681,    227.03647161,   63.27344094,   42.45211368,   94.08844618,     91.93847323,   -1.6988911 ,   70.51872498,   65.23135131,    -11.00358721], [  329.9922674 ,  323.1878999 ,  321.58432681,  609.49960702,    249.29797622,  100.07254626,   52.44700756,  104.56036718,    120.24707916,   27.84601039,   20.63623037,   38.50622756,     -1.08165557], [  269.54310563,  149.22693484,  227.03647161,  249.29797622,    292.30668634,   88.78288522,   54.51195609,   70.0153847 ,     88.15694849,   33.70936952,   26.07089785,   22.32367159,      8.11620879], [  242.57786774,   74.75900337,   63.27344094,  100.07254626,     88.78288522,  185.80993616,   89.2404235 ,   26.10631685,     14.40176269,   20.52607412,   24.01002935,   -6.99517895,     -4.07955224], [  154.57080867,  116.31336478,   42.45211368,   52.44700756,     54.51195609,   89.2404235 ,  174.11473721,   50.56668314,     -5.39692839,   29.5243498 ,   33.87328154,   10.27304531,      2.75728345], [  175.36549038,   78.55814854,   94.08844618,  104.56036718,     70.0153847 ,   26.10631685,   50.56668314,  140.29533952,     71.75992174,   29.8343634 ,   15.66240059,   17.12427265,      7.89963152], [  158.98285542,   21.25799783,   91.93847323,  120.24707916,     88.15694849,   14.40176269,   -5.39692839,   71.75992174,    158.86022014,   39.54810244,    2.23149098,   19.11049297,      0.39265329], [   41.32018528,   83.66454066,   -1.6988911 ,   27.84601039,     33.70936952,   20.52607412,   29.5243498 ,   29.8343634 ,     39.54810244,  112.38638878,   42.68760695,    7.61702393,     12.99728162], [    6.91923362,   51.41380721,   70.51872498,   20.63623037,     26.07089785,   24.01002935,   33.87328154,   15.66240059,      2.23149098,   42.68760695,   95.35057972,   51.73247392,     22.07098132], [   20.24319113,   28.39934834,   65.23135131,   38.50622756,     22.32367159,   -6.99517895,   10.27304531,   17.12427265,     19.11049297,    7.61702393,   51.73247392,   99.65390219,     44.32665772], [   15.25268856,   10.12816188,  -11.00358721,   -1.08165557,      8.11620879,   -4.07955224,    2.75728345,    7.89963152,      0.39265329,   12.99728162,   22.07098132,   44.32665772,     77.00458012]]
/root/sim/music/out/Michael_Jackson/HIStory__Past_Present_And_Future_Book_1_[Disc_1]/05_She's_Out_Of_My_Life.mp3; [-792.59546  , 178.06363  ,  32.695457 ,   8.244391 , -10.260129 ,  -16.015448 , -12.832495 , -11.088972 , -15.502004 ,  -2.388849 ,  -10.49192  ,  -6.4270487,  -4.102705 ]; [[21754.09645068,-3603.52652494,-2503.24541337, -190.14851045,     54.92420229, -676.43802531, -470.46398076,   20.50361185,   -533.18423512,  650.84509874, -484.37292329, -544.75302742,   -322.00635036], [-3603.52652494, 3927.00375895,  780.988629  , -218.84027708,     15.18003957,  110.95709954,   32.63871155, -260.83264845,    -44.07199382, -174.37205566,  112.97566677,  141.24552935,     18.1342173 ], [-2503.24541337,  780.988629  , 1051.04061229,  234.81715905,     49.39338765,   67.72297974,   19.13159274,   -1.92127313,     21.84365211, -179.83777794,   42.92508122,   96.43072924,     31.63639026], [ -190.14851045, -218.84027708,  234.81715905,  516.60066947,    140.98036321,  -83.69002597,  -22.31432717,   77.01254441,     61.61472769,  -72.62172319,  -14.66383504,   55.90683622,     32.51123295], [   54.92420229,   15.18003957,   49.39338765,  140.98036321,    291.21908385,   17.52813871,   10.08588118,    9.89690776,      7.53012938,   20.7382297 ,    9.21866163,   11.37749809,     -9.90370866], [ -676.43802531,  110.95709954,   67.72297974,  -83.69002597,     17.52813871,  297.66828292,  133.8716525 ,   22.05192882,     31.99411303,   29.03201675,   71.67816472,    7.04973906,     15.28488268], [ -470.46398076,   32.63871155,   19.13159274,  -22.31432717,     10.08588118,  133.8716525 ,  287.28208738,   76.51191593,     18.18833848,   51.26675126,   32.94212893,   -7.65233475,      1.44035398], [   20.50361185, -260.83264845,   -1.92127313,   77.01254441,      9.89690776,   22.05192882,   76.51191593,  226.44820644,    100.36928122,  -12.45634624,   15.83119412,   20.7239148 ,     22.04290583], [ -533.18423512,  -44.07199382,   21.84365211,   61.61472769,      7.53012938,   31.99411303,   18.18833848,  100.36928122,    216.92281441,   18.24829862,   34.92752509,   44.94319316,     46.15637364], [  650.84509874, -174.37205566, -179.83777794,  -72.62172319,     20.7382297 ,   29.03201675,   51.26675126,  -12.45634624,     18.24829862,  202.55064231,   42.77932286,  -20.93081959,      5.6947282 ], [ -484.37292329,  112.97566677,   42.92508122,  -14.66383504,      9.21866163,   71.67816472,   32.94212893,   15.83119412,     34.92752509,   42.77932286,  148.73428808,   78.92986328,     27.11106132], [ -544.75302742,  141.24552935,   96.43072924,   55.90683622,     11.37749809,    7.04973906,   -7.65233475,   20.7239148 ,     44.94319316,  -20.93081959,   78.92986328,  151.6371071 ,     63.56274899], [ -322.00635036,   18.1342173 ,   31.63639026,   32.51123295,     -9.90370866,   15.28488268,    1.44035398,   22.04290583,     46.15637364,    5.6947282 ,   27.11106132,   63.56274899,    132.1448368 ]]
/root/sim/music/out/Michael_Jackson/HIStory__Past_Present_And_Future_Book_1_[Disc_1]/04_Rock_With_You.mp3; [-597.87787  , 107.036224 ,  17.63624  ,  15.501949 ,   2.2790034,    2.953008 ,  -1.8918316,   3.3029356,  -4.1752663,   0.9531296,   -4.7338753,  -5.0553565,  -3.3465416]; [[13279.40696055,-1389.11316192, -455.25530312, -197.70218426,   -264.82119909,  138.99144758,   50.96404343,   25.92770377,   -145.12300375,   70.62051248,   59.93494406, -146.87244527,     13.3692846 ], [-1389.11316192, 1700.12223981,  -38.74703352,   14.45249325,    144.65660844,  -12.83890034,   57.06621483,   85.38228533,     47.80040578,    9.38102717,   12.19321399,   77.81409832,     19.00448824], [ -455.25530312,  -38.74703352,  705.25535482,  170.82074202,     71.14667783,  -18.74473764,   11.80129674,   25.79859765,     89.91628535,  -34.61406415,   18.57275253,   64.31718561,      1.48099669], [ -197.70218426,   14.45249325,  170.82074202,  389.84733149,    155.28664827,    1.23979413,  -43.86314622,   31.30541722,     69.25674584,   -5.83845962,   18.07581519,   61.65485899,     13.79946593], [ -264.82119909,  144.65660844,   71.14667783,  155.28664827,    240.73808579,   38.13741961,   -0.45974352,   36.56970501,     63.61332792,    5.34124695,   20.01569002,   48.61878262,     18.17367912], [  138.99144758,  -12.83890034,  -18.74473764,    1.23979413,     38.13741961,  185.66489888,   86.30454153,   12.80941025,      7.73536528,   36.19725337,   34.16818172,   11.88045381,     20.7475065 ], [   50.96404343,   57.06621483,   11.80129674,  -43.86314622,     -0.45974352,   86.30454153,  176.44558725,   44.01160244,     -5.75619459,   36.39743647,   32.94805436,   -2.81289481,     23.41351694], [   25.92770377,   85.38228533,   25.79859765,   31.30541722,     36.56970501,   12.80941025,   44.01160244,  134.04016543,     63.5056153 ,    4.37480438,    5.48569305,    6.021729  ,     14.71071855], [ -145.12300375,   47.80040578,   89.91628535,   69.25674584,     63.61332792,    7.73536528,   -5.75619459,   63.5056153 ,    145.84193598,   13.64806216,    0.87605795,   23.80130272,      6.71627436], [   70.62051248,    9.38102717,  -34.61406415,   -5.83845962,      5.34124695,   36.19725337,   36.39743647,    4.37480438,     13.64806216,  134.0600001 ,   41.25314544,  -19.86528965,      4.64603256], [   59.93494406,   12.19321399,   18.57275253,   18.07581519,     20.01569002,   34.16818172,   32.94805436,    5.48569305,      0.87605795,   41.25314544,   99.64611377,   31.4540603 ,      4.6406904 ], [ -146.87244527,   77.81409832,   64.31718561,   61.65485899,     48.61878262,   11.88045381,   -2.81289481,    6.021729  ,     23.80130272,  -19.86528965,   31.4540603 ,  126.05355279,     32.75464017], [   13.3692846 ,   19.00448824,    1.48099669,   13.79946593,     18.17367912,   20.7475065 ,   23.41351694,   14.71071855,      6.71627436,    4.64603256,    4.6406904 ,   32.75464017,     86.46990122]]
/root/sim/music/out/Queen/A_Night_At_The_Opera/07_Seaside_Rendezvous.mp3; [-600.2255   ,  92.94501  , -18.791918 ,  44.15357  ,  12.510974 ,    2.0226498,   2.1610982,   5.721918 ,  -4.5501266,   6.533003 ,   -2.1549175,  -1.840164 ,  -3.729627 ]; [[18437.73651928,  483.9842202 , -748.88647267,  344.74229419,    -87.24216316, -237.77078418,  -78.67034045,  -96.6799218 ,   -235.73341577,   65.57718884, -233.09383214, -223.4459545 ,   -232.10583233], [  483.9842202 , 2366.86498706, -324.23881465,  101.35199089,     60.60930309,  140.29115441,   48.00599211,  -68.83478424,    -36.26646639, -104.15222422,  -88.58333684,  -54.76868863,    -20.05475725], [ -748.88647267, -324.23881465,  866.69668639,   62.44405009,     71.37002401,  196.61144817,   14.91716258,   19.9461922 ,     25.57976935,  -47.30558433,  -10.81548936,   18.36286701,     -9.33103993], [  344.74229419,  101.35199089,   62.44405009,  496.400459  ,    112.57128617,   65.83289395,  -12.31574646,    5.98028833,     82.27224087,  -25.23726116,  -16.87368155,  -31.76472569,     19.16679423], [  -87.24216316,   60.60930309,   71.37002401,  112.57128617,    363.10093446,   71.34294534,    7.08806151,   53.43021095,     31.6425847 ,   77.37316212,  -12.67984191,  -30.38614593,     10.62125126], [ -237.77078418,  140.29115441,  196.61144817,   65.83289395,     71.34294534,  319.7865964 ,   93.97551189,   34.68954158,     52.13650792,  -18.53182063,  -15.50454779,  -18.64028051,    -39.11856203], [  -78.67034045,   48.00599211,   14.91716258,  -12.31574646,      7.08806151,   93.97551189,  294.77408997,  100.74749719,     26.21757322,   23.78310012,    2.30353931,   18.47856741,    -31.21264231], [  -96.6799218 ,  -68.83478424,   19.9461922 ,    5.98028833,     53.43021095,   34.68954158,  100.74749719,  169.72862059,     21.11109697,   49.1262658 ,    9.06022363,   16.10859228,     12.34322933], [ -235.73341577,  -36.26646639,   25.57976935,   82.27224087,     31.6425847 ,   52.13650792,   26.21757322,   21.11109697,    176.46682144,   36.59757207,   19.47870506,   -6.54483303,    -21.12436374], [   65.57718884, -104.15222422,  -47.30558433,  -25.23726116,     77.37316212,  -18.53182063,   23.78310012,   49.1262658 ,     36.59757207,  167.37537081,   42.06048941,   12.04987701,     -9.29554548], [ -233.09383214,  -88.58333684,  -10.81548936,  -16.87368155,    -12.67984191,  -15.50454779,    2.30353931,    9.06022363,     19.47870506,   42.06048941,  128.49312448,   36.53493095,     16.69022737], [ -223.4459545 ,  -54.76868863,   18.36286701,  -31.76472569,    -30.38614593,  -18.64028051,   18.47856741,   16.10859228,     -6.54483303,   12.04987701,   36.53493095,  110.76898256,     34.24786789], [ -232.10583233,  -20.05475725,   -9.33103993,   19.16679423,     10.62125126,  -39.11856203,  -31.21264231,   12.34322933,    -21.12436374,   -9.29554548,   16.69022737,   34.24786789,    109.78455291]]
/root/sim/music/out/Queen/A_Night_At_The_Opera/03_I'm_In_Love_With_My_Car.mp3; [-578.3923   , 100.298706 , -20.927824 ,  24.849976 ,  13.8954315,   15.044936 ,   7.683075 ,   7.895875 ,   6.0270467,   8.218533 ,    3.4451058,   3.0895965,   3.9982238]; [[ 7620.70004074,-1048.16244443, -124.32327955, -376.60757116,     -9.9768757 ,  103.92661284,   62.82689833,    6.69504853,     21.63812054,  -20.66832909,   -4.15850186,   31.86437686,    -20.27235934], [-1048.16244443,  932.80911793, -216.06415018,  143.98194814,    -15.63073275,  -40.11613277,    9.59957888,   17.77544139,    -15.67581336,   15.80282026,   22.75624697,  -15.31260661,    -10.06618262], [ -124.32327955, -216.06415018,  620.71970342,   10.42563338,    -28.9162813 ,   42.46632787,    1.43213478,    1.62095266,    -30.43960272,  -29.33569157,   -1.44356082,    1.11443813,    -14.37484   ], [ -376.60757116,  143.98194814,   10.42563338,  390.10527706,     35.35672501,    8.02798666,  -91.75077104,   14.43934239,     34.56171374,   30.25268583,   -3.0797527 ,  -22.96637917,     -3.6198393 ], [   -9.9768757 ,  -15.63073275,  -28.9162813 ,   35.35672501,    197.96066414,   23.58634424,  -27.42951251,  -16.91417432,     19.87757104,   -3.2386    ,  -18.59953461,   -5.04522899,      5.62875134], [  103.92661284,  -40.11613277,   42.46632787,    8.02798666,     23.58634424,  146.1023299 ,   47.52631551,   15.85434448,     -1.69455946,    8.47536245,    6.16857137,   -5.45992552,    -12.99549106], [   62.82689833,    9.59957888,    1.43213478,  -91.75077104,    -27.42951251,   47.52631551,  172.19821669,   40.04249646,    -17.28906453,   -7.61466123,   14.71962008,   14.27911524,     -7.71183658], [    6.69504853,   17.77544139,    1.62095266,   14.43934239,    -16.91417432,   15.85434448,   40.04249646,  112.99901755,     27.26226307,    8.79032155,    2.22490267,  -10.58095152,      0.83759924], [   21.63812054,  -15.67581336,  -30.43960272,   34.56171374,     19.87757104,   -1.69455946,  -17.28906453,   27.26226307,     96.27993211,   33.86267304,  -12.66694778,   -6.98330195,      1.04986717], [  -20.66832909,   15.80282026,  -29.33569157,   30.25268583,     -3.2386    ,    8.47536245,   -7.61466123,    8.79032155,     33.86267304,   85.74865154,   29.6732105 ,    2.30284632,      1.05605408], [   -4.15850186,   22.75624697,   -1.44356082,   -3.0797527 ,    -18.59953461,    6.16857137,   14.71962008,    2.22490267,    -12.66694778,   29.6732105 ,   79.34714223,   25.07010108,     -4.0402585 ], [   31.86437686,  -15.31260661,    1.11443813,  -22.96637917,     -5.04522899,   -5.45992552,   14.27911524,  -10.58095152,     -6.98330195,    2.30284632,   25.07010108,   64.89328446,     19.0804084 ], [  -20.27235934,  -10.06618262,  -14.37484   ,   -3.6198393 ,      5.62875134,  -12.99549106,   -7.71183658,    0.83759924,      1.04986717,    1.05605408,   -4.0402585 ,   19.0804084 ,     66.40493978]]
/root/sim/music/out/Queen/A_Night_At_The_Opera/02_Lazing_On_A_Sunday_Afternoon.mp3; [-663.96356  , 112.41031  , -20.871086 ,  42.702473 ,  18.052105 ,   -6.274455 ,   1.9141351,   8.408842 ,  -8.193248 ,  -4.017968 ,    3.1568708,   2.4316766,  -2.0477457]; [[15699.79703293, -956.81129708, 1498.19946272, 1085.581569  ,    363.14056354,  486.84385496,  -24.57003036,   97.22994648,    -97.91534781,  341.16079042,   41.45808115, -226.20744635,   -451.41051761], [ -956.81129708, 1755.6866814 , -348.88607045,   91.49678806,    177.89943079,   35.99479931,  177.37704321,   73.08396235,     85.4625124 ,   48.27811919,    7.96526538,   17.58501076,     55.97922045], [ 1498.19946272, -348.88607045, 1058.87340264,  227.45618714,    187.97150306,  318.77674102,  112.46364166,  112.44451968,     90.1483816 ,    1.57625918,   -0.47221777,  -26.62083733,    -67.94507422], [ 1085.581569  ,   91.49678806,  227.45618714,  538.32527105,    357.88768081,  234.15970255,   22.79200396,   92.20096757,    136.58441786,   67.75535229,  -49.66905732, -114.52237082,    -70.29640275], [  363.14056354,  177.89943079,  187.97150306,  357.88768081,    909.72056951,  260.43860022,   98.47605704,  262.68196482,    150.3281151 ,  -61.41135852,  -58.48195138, -199.41217326,   -130.4617308 ], [  486.84385496,   35.99479931,  318.77674102,  234.15970255,    260.43860022,  448.03448638,  124.82719761,   84.65490249,    172.65148121,   74.44900726,  -24.91558684,  -73.89230399,    -72.08463478], [  -24.57003036,  177.37704321,  112.46364166,   22.79200396,     98.47605704,  124.82719761,  337.84209178,  174.06299202,     14.6278377 ,    7.60509622,   29.79951039,    2.17102975,     -8.78884045], [   97.22994648,   73.08396235,  112.44451968,   92.20096757,    262.68196482,   84.65490249,  174.06299202,  326.58948637,     95.18879851,  -41.61353804,   -2.87094638,  -79.89721531,    -45.71644906], [  -97.91534781,   85.4625124 ,   90.1483816 ,  136.58441786,    150.3281151 ,  172.65148121,   14.6278377 ,   95.18879851,    281.66993477,  104.23785935,  -25.35709017,  -53.67098856,    -46.45396588], [  341.16079042,   48.27811919,    1.57625918,   67.75535229,    -61.41135852,   74.44900726,    7.60509622,  -41.61353804,    104.23785935,  263.98632382,   57.09043643,   28.79609418,      8.43366398], [   41.45808115,    7.96526538,   -0.47221777,  -49.66905732,    -58.48195138,  -24.91558684,   29.79951039,   -2.87094638,    -25.35709017,   57.09043643,  158.41679461,   91.16595422,     23.623491  ], [ -226.20744635,   17.58501076,  -26.62083733, -114.52237082,   -199.41217326,  -73.89230399,    2.17102975,  -79.89721531,    -53.67098856,   28.79609418,   91.16595422,  225.2424567 ,    102.32796752], [ -451.41051761,   55.97922045,  -67.94507422,  -70.29640275,   -130.4617308 ,  -72.08463478,   -8.78884045,  -45.71644906,    -46.45396588,    8.43366398,   23.623491  ,  102.32796752,    174.42504771]]
