/root/sim/music/out/Compilations/20th_ANNIVERSARY_OF_PERSONA_SERIES_ALL_T/5-02_Phantom.mp3; [-719.76404  , 176.2683   ,  50.51645  ,  38.55582  ,  11.324649 ,    4.2528553,   1.6971947,   9.381996 ,   8.253604 ,   2.0890968,   -6.0232916,  -4.860772 ,  -5.429366 ]; [[22059.22959182, 1344.03311983,-1128.3540877 ,  512.80994202,    261.71971392,  195.66633626,   26.54181649,  104.18486246,     47.16425904,  242.10989318,  170.24793398,  161.89123454,    149.88246112], [ 1344.03311983, 2289.82706735,  316.22773229,  147.28064423,    -97.17461478,  -86.37578757,    6.02266314,  135.41722906,     70.98854123,  -37.24343981,  -62.44483539,  -32.97567818,    -36.81852216], [-1128.3540877 ,  316.22773229, 1055.30135521,    8.26287212,      4.69477344,  -21.07343293,    2.20478004,  100.13810496,     89.23663882,   -4.65555704,  -40.6624669 ,  -40.62778694,    -59.64966137], [  512.80994202,  147.28064423,    8.26287212,  330.46967782,    159.99742229,  102.87384095,   69.50916859,   55.88701288,     57.81454449,   50.23972055,   38.08573136,   60.50939395,     19.65677657], [  261.71971392,  -97.17461478,    4.69477344,  159.99742229,    280.2124593 ,  150.08840649,   64.1482131 ,   51.96557701,     48.65023839,   57.98360699,   67.50176684,   62.66463857,     38.47798132], [  195.66633626,  -86.37578757,  -21.07343293,  102.87384095,    150.08840649,  172.85827027,   83.94260357,   28.46980364,     42.76594607,   46.20913885,   43.9810202 ,   44.6509294 ,     31.48305882], [   26.54181649,    6.02266314,    2.20478004,   69.50916859,     64.1482131 ,   83.94260357,  106.89263419,   48.29479668,     40.05213619,   31.74393163,   23.13792124,   25.87025429,     22.42451914], [  104.18486246,  135.41722906,  100.13810496,   55.88701288,     51.96557701,   28.46980364,   48.29479668,  101.44093952,     47.27662124,   23.27545065,   23.07585858,   14.36334553,     13.48030798], [   47.16425904,   70.98854123,   89.23663882,   57.81454449,     48.65023839,   42.76594607,   40.05213619,   47.27662124,     77.41956433,   35.6414566 ,    8.90852066,    9.4185938 ,      6.13904564], [  242.10989318,  -37.24343981,   -4.65555704,   50.23972055,     57.98360699,   46.20913885,   31.74393163,   23.27545065,     35.6414566 ,   62.28873892,   34.48277857,   18.26982886,     13.83413662], [  170.24793398,  -62.44483539,  -40.6624669 ,   38.08573136,     67.50176684,   43.9810202 ,   23.13792124,   23.07585858,      8.90852066,   34.48277857,   65.19095687,   39.16848664,     18.79501521], [  161.89123454,  -32.97567818,  -40.62778694,   60.50939395,     62.66463857,   44.6509294 ,   25.87025429,   14.36334553,      9.4185938 ,   18.26982886,   39.16848664,   75.32088523,     34.74199424], [  149.88246112,  -36.81852216,  -59.64966137,   19.65677657,     38.47798132,   31.48305882,   22.42451914,   13.48030798,      6.13904564,   13.83413662,   18.79501521,   34.74199424,     51.88128704]]
/root/sim/music/out/Compilations/20th_ANNIVERSARY_OF_PERSONA_SERIES_ALL_T/1-08_1st_Ward_After_the_Disaster.mp3; [-667.1954   , 137.38422  ,  21.34711  ,  32.007603 ,   4.7257586,   15.801302 ,  -2.4770555,   9.685026 ,  -1.4929653,  -0.1049527,   -3.3089957,  -2.0778184,   1.6345094]; [[22054.93721151,  667.82763349, -485.34215181, 1200.71079913,    238.46349841,  298.61645163,  -83.78990433,  264.06111629,    266.2288977 ,  131.87053927,  -45.34936889,   52.23051342,    193.91327002], [  667.82763349, 1806.41835166,  247.08630807,  -88.60903861,    181.78545661,  218.39853974,  111.87332233,  119.37154484,     -2.05310527,   73.13373703,   78.38346524,   39.96713992,     23.35966545], [ -485.34215181,  247.08630807,  484.94949636,   70.25553645,    -21.34386943,   80.14625772,   56.51101811,   49.3952462 ,     13.03302511,   29.10689829,   45.20436063,   20.75643786,     -5.60453823], [ 1200.71079913,  -88.60903861,   70.25553645,  561.99724582,    110.31713213,   84.18302932,   77.00189   ,   63.50786462,    104.57147313,   82.1282917 ,   23.10143557,   53.96947312,     38.93217953], [  238.46349841,  181.78545661,  -21.34386943,  110.31713213,    243.41416322,  118.57491557,   79.20749442,   68.25424103,     89.46215655,   69.83858575,   52.49974293,   45.39964225,     47.28014063], [  298.61645163,  218.39853974,   80.14625772,   84.18302932,    118.57491557,  176.27561825,   99.97077793,   54.3157123 ,     72.63594836,   48.48706287,   48.29191784,   38.7902812 ,     26.22498875], [  -83.78990433,  111.87332233,   56.51101811,   77.00189   ,     79.20749442,   99.97077793,  152.66621435,   50.2479795 ,     82.35171249,   39.35159994,   42.62961936,   30.31338093,     34.46084317], [  264.06111629,  119.37154484,   49.3952462 ,   63.50786462,     68.25424103,   54.3157123 ,   50.2479795 ,   87.42253707,     41.50914918,   33.75838334,   29.15002599,   19.32043742,     16.1928128 ], [  266.2288977 ,   -2.05310527,   13.03302511,  104.57147313,     89.46215655,   72.63594836,   82.35171249,   41.50914918,    128.38519632,   56.97552202,   32.90896778,   37.51428666,     45.86203914], [  131.87053927,   73.13373703,   29.10689829,   82.1282917 ,     69.83858575,   48.48706287,   39.35159994,   33.75838334,     56.97552202,   79.89236293,   39.03032   ,   21.94911793,     20.63930673], [  -45.34936889,   78.38346524,   45.20436063,   23.10143557,     52.49974293,   48.29191784,   42.62961936,   29.15002599,     32.90896778,   39.03032   ,   68.90914201,   27.58534476,      9.01192565], [   52.23051342,   39.96713992,   20.75643786,   53.96947312,     45.39964225,   38.7902812 ,   30.31338093,   19.32043742,     37.51428666,   21.94911793,   27.58534476,   65.32549988,     38.14229381], [  193.91327002,   23.35966545,   -5.60453823,   38.93217953,     47.28014063,   26.22498875,   34.46084317,   16.1928128 ,     45.86203914,   20.63930673,    9.01192565,   38.14229381,     65.32038374]]
/root/sim/music/out/Compilations/20th_ANNIVERSARY_OF_PERSONA_SERIES_ALL_T/4-02_Pursing_My_True_Self.mp3; [-607.42786   ,  91.911736  ,   3.671994  ,   8.191326  ,   2.465586  ,    1.0539933 ,  -0.51095545,  -4.7475166 ,  -1.1076988 ,   1.9620115 ,   -8.185105  ,  -7.2817683 ,  -6.166422  ]; [[30558.11446201, 1319.26609624, 1098.23288968,  274.57213824,    197.91825726,  267.17931198,   21.65479103,   20.65956905,   -229.28053705,   55.86768278, -411.92747089, -439.00419247,   -458.36591695], [ 1319.26609624, 3328.27883417,-1003.97275505,  639.59849631,    124.87558358, -141.48658121,   74.82347472,  -82.62672629,     79.58644973,  -13.05153152, -121.56865392, -140.27426025,     -2.30834804], [ 1098.23288968,-1003.97275505, 2395.19245449, -159.29105177,    361.18149456,  465.17636809,  257.69977308,   94.854156  ,     10.30255197,   65.77761551,  113.822226  ,   77.63689993,   -104.32866736], [  274.57213824,  639.59849631, -159.29105177,  762.96919571,    112.03359478,  -14.23176518,  -17.07432937,   98.94468426,     81.55124083,  -45.74856759,   31.92891911,   44.57377907,     41.22896654], [  197.91825726,  124.87558358,  361.18149456,  112.03359478,    354.04910073,   99.16191674,   82.8315909 ,   59.59540185,     58.85538909,   45.72677396,   26.32752809,   17.85207596,      2.22966205], [  267.17931198, -141.48658121,  465.17636809,  -14.23176518,     99.16191674,  401.35286808,  143.24523341,   47.44682023,     26.17995127,   68.52009431,   66.95815664,   31.31501363,    -20.81357842], [   21.65479103,   74.82347472,  257.69977308,  -17.07432937,     82.8315909 ,  143.24523341,  233.83013187,   36.26317943,     34.33616299,   67.3347634 ,   21.83588127,   -8.18540745,     -7.1817476 ], [   20.65956905,  -82.62672629,   94.854156  ,   98.94468426,     59.59540185,   47.44682023,   36.26317943,  203.57279008,     66.61522347,   20.95842192,   23.27153451,   59.82679927,     41.41925508], [ -229.28053705,   79.58644973,   10.30255197,   81.55124083,     58.85538909,   26.17995127,   34.33616299,   66.61522347,    118.73938929,   34.36791994,   19.04167241,   16.35327039,     23.6235648 ], [   55.86768278,  -13.05153152,   65.77761551,  -45.74856759,     45.72677396,   68.52009431,   67.3347634 ,   20.95842192,     34.36791994,  125.15947049,   23.51315783,   -5.39746185,      1.47067705], [ -411.92747089, -121.56865392,  113.822226  ,   31.92891911,     26.32752809,   66.95815664,   21.83588127,   23.27153451,     19.04167241,   23.51315783,  121.21005838,   70.53241567,     20.55327855], [ -439.00419247, -140.27426025,   77.63689993,   44.57377907,     17.85207596,   31.31501363,   -8.18540745,   59.82679927,     16.35327039,   -5.39746185,   70.53241567,  140.41397061,     51.83723799], [ -458.36591695,   -2.30834804, -104.32866736,   41.22896654,      2.22966205,  -20.81357842,   -7.1817476 ,   41.41925508,     23.6235648 ,    1.47067705,   20.55327855,   51.83723799,     94.27359162]]
/root/sim/music/out/Compilations/20th_ANNIVERSARY_OF_PERSONA_SERIES_ALL_T/5-01_Wake_Up_Get_Up_Get_Out_There.mp3; [-609.3659   , 117.540184 ,  14.415524 ,  29.693909 ,  16.807688 ,    4.966188 ,   5.1689444,   0.3538607,  -1.6957774,   2.5127928,   -7.181903 ,  -7.9455614,  -4.0021853]; [[25658.96286831, 1831.19633427,    6.01038261, -100.1833488 ,    574.07775327,   86.66716287, -147.97557694,   82.60496656,   -431.40438474,   62.54596994, -178.04865865, -204.37270535,    137.73547905], [ 1831.19633427, 1946.27348868, -259.30930392,  325.01808936,     29.30607681,   15.45514586,  144.68117457,  -30.44675986,     30.03548533,   -2.40535994,  -56.05951951,  -89.33758606,    -91.6520672 ], [    6.01038261, -259.30930392, 1091.3797872 ,  -53.49727371,     33.52916132,  130.02500623,  -31.60285296,  -39.79410844,     37.32472891,   26.97597647,  -40.68945804,  -18.78882636,    -51.18950077], [ -100.1833488 ,  325.01808936,  -53.49727371,  566.30899914,     42.36453645,  -52.88704648,   55.51184778,  -45.00196811,     43.24080381,  -17.51392729,    0.30348992,   33.54040063,    -23.67939401], [  574.07775327,   29.30607681,   33.52916132,   42.36453645,    208.38068968,   47.02632732,  -15.20567185,   33.36013212,    -22.53645906,    5.42165635,   -2.55040101,    0.77626421,     20.62365085], [   86.66716287,   15.45514586,  130.02500623,  -52.88704648,     47.02632732,  205.53880523,   42.21323624,   -8.95199638,      5.36930518,   10.63174591,    3.94915297,  -17.02792799,     -0.36780232], [ -147.97557694,  144.68117457,  -31.60285296,   55.51184778,    -15.20567185,   42.21323624,  140.10859383,   31.78284004,     -1.00941538,    6.65347206,   13.9157304 ,   -0.12634249,     -7.98302926], [   82.60496656,  -30.44675986,  -39.79410844,  -45.00196811,     33.36013212,   -8.95199638,   31.78284004,  130.12833687,     11.19486747,    6.09863025,    8.91178404,   -5.97155702,     21.01187956], [ -431.40438474,   30.03548533,   37.32472891,   43.24080381,    -22.53645906,    5.36930518,   -1.00941538,   11.19486747,    120.8127786 ,   26.76552403,  -12.32531157,   -8.54051357,    -27.42538722], [   62.54596994,   -2.40535994,   26.97597647,  -17.51392729,      5.42165635,   10.63174591,    6.65347206,    6.09863025,     26.76552403,   65.17992903,   16.83794757,   -6.04420336,     -6.01621578], [ -178.04865865,  -56.05951951,  -40.68945804,    0.30348992,     -2.55040101,    3.94915297,   13.9157304 ,    8.91178404,    -12.32531157,   16.83794757,   73.64637687,   31.5770451 ,      7.73454569], [ -204.37270535,  -89.33758606,  -18.78882636,   33.54040063,      0.77626421,  -17.02792799,   -0.12634249,   -5.97155702,     -8.54051357,   -6.04420336,   31.5770451 ,   83.52617908,     35.41052593], [  137.73547905,  -91.6520672 ,  -51.18950077,  -23.67939401,     20.62365085,   -0.36780232,   -7.98302926,   21.01187956,    -27.42538722,   -6.01621578,    7.73454569,   35.41052593,     90.02792039]]
/root/sim/music/out/Compilations/20th_ANNIVERSARY_OF_PERSONA_SERIES_ALL_T/1-16_Dungeon_-_SEBEC_Above_Ground.mp3; [-601.24365   , 113.32689   ,  12.359588  ,  32.974033  ,   3.3769047 ,   11.396885  ,   4.6936727 ,   6.038052  ,  -0.66339415,   7.869144  ,    3.5352643 ,   5.145021  ,   0.27642468]; [[14094.28223655,-1094.7485341 ,  623.88249651,  678.04004329,     90.94007725,  235.48503206,  138.89974396,   83.1633367 ,     33.21191332,  137.68462827,  -41.43356428, -124.88447724,   -145.09346532], [-1094.7485341 , 3201.80708736, -191.34998239,   39.13421506,    220.06000863,   14.64283864, -164.62003327,   35.76795049,     79.06509094,   47.64200354,   37.66254329,  134.26351361,     84.26322546], [  623.88249651, -191.34998239,  631.63963129,  -42.9039658 ,    155.21858195,   75.47447981,   57.53252451,   72.60681974,     55.86228907,   35.86582665,   21.02419981,   29.56178275,     22.03075365], [  678.04004329,   39.13421506,  -42.9039658 ,  344.3519434 ,    -25.46103947,   83.60453419,   71.04477452,   55.28640188,     23.44968267,   16.1513396 ,   11.29445195,    1.03061294,     -3.75914081], [   90.94007725,  220.06000863,  155.21858195,  -25.46103947,    376.02931477,   97.85148529,   53.49307028,   83.40384681,     67.31792293,    4.67559547,    1.66229184,   28.87191347,     10.64713989], [  235.48503206,   14.64283864,   75.47447981,   83.60453419,     97.85148529,  203.02221531,  102.72261034,   60.38116863,     19.89890341,    5.45925341,    4.38464205,   -0.5022973 ,     -1.02827332], [  138.89974396, -164.62003327,   57.53252451,   71.04477452,     53.49307028,  102.72261034,  161.47255503,   66.27287097,      5.69120777,    4.17126158,    8.74028202,  -14.59131184,    -14.0861264 ], [   83.1633367 ,   35.76795049,   72.60681974,   55.28640188,     83.40384681,   60.38116863,   66.27287097,  103.71899636,     40.09055995,    3.79636964,    9.27739662,   11.6676669 ,      2.62839474], [   33.21191332,   79.06509094,   55.86228907,   23.44968267,     67.31792293,   19.89890341,    5.69120777,   40.09055995,     77.10849903,   28.93264035,    0.7369855 ,   15.05455405,      9.84014352], [  137.68462827,   47.64200354,   35.86582665,   16.1513396 ,      4.67559547,    5.45925341,    4.17126158,    3.79636964,     28.93264035,   61.94795748,   20.76624019,   -2.24343867,      3.93424385], [  -41.43356428,   37.66254329,   21.02419981,   11.29445195,      1.66229184,    4.38464205,    8.74028202,    9.27739662,      0.7369855 ,   20.76624019,   56.64271172,   20.55734817,      2.39757964], [ -124.88447724,  134.26351361,   29.56178275,    1.03061294,     28.87191347,   -0.5022973 ,  -14.59131184,   11.6676669 ,     15.05455405,   -2.24343867,   20.55734817,   67.05966295,     27.9048244 ], [ -145.09346532,   84.26322546,   22.03075365,   -3.75914081,     10.64713989,   -1.02827332,  -14.0861264 ,    2.62839474,      9.84014352,    3.93424385,    2.39757964,   27.9048244 ,     61.65203813]]
/root/sim/music/out/Compilations/20th_ANNIVERSARY_OF_PERSONA_SERIES_ALL_T/5-18_Last_Surprise.mp3; [-592.0959   , 130.6793   ,  10.796356 ,  29.180387 ,   9.270042 ,    1.3955855,   3.3450103,   3.8202438,  -1.86357  ,  -1.9766665,   -5.262483 ,  -6.555768 ,  -1.7683899]; [[18672.50789506, 1314.25844357,-1080.00115349,  267.40589491,     74.38380746,  -54.45712586,  209.06524812,  287.61851945,     -1.18772793,  -32.59613663,  -19.37331322, -175.61296053,    -10.47863547], [ 1314.25844357, 1146.41767801,  -74.04341935,  115.37901937,     34.95135425,   42.72368335,   64.07200351,   50.68504666,      6.17360596,    5.17218402,   -7.75358528,  -33.38088698,     -3.05912301], [-1080.00115349,  -74.04341935, 1093.2034808 ,   39.55214913,     46.91807604,  122.24894116,  -21.78162184, -102.07382082,     68.1742528 ,   34.61734775,    7.21948207,   74.39580643,    -35.12793824], [  267.40589491,  115.37901937,   39.55214913,  320.84582839,     84.88020193,    9.65528786,  -39.05158629,   -4.68569074,     24.5547902 ,   -6.53084944,   11.48608681,   15.12910136,     24.8820649 ], [   74.38380746,   34.95135425,   46.91807604,   84.88020193,    164.79437292,   26.21965249,   -6.95195397,   10.18085278,     12.68026427,   15.81535784,    4.22246852,    2.33717011,     -1.26447523], [  -54.45712586,   42.72368335,  122.24894116,    9.65528786,     26.21965249,  148.16365707,   45.14027567,  -15.19820555,     18.91972855,   10.69921594,   19.40636779,   13.85578414,     -5.64536092], [  209.06524812,   64.07200351,  -21.78162184,  -39.05158629,     -6.95195397,   45.14027567,  131.77550342,   58.75907334,     -3.99574358,    6.62999848,    8.89302871,   -7.90240826,     -1.313827  ], [  287.61851945,   50.68504666, -102.07382082,   -4.68569074,     10.18085278,  -15.19820555,   58.75907334,  135.57352685,     29.68743954,   -6.14274443,  -11.3041788 ,  -10.97215837,     13.16955139], [   -1.18772793,    6.17360596,   68.1742528 ,   24.5547902 ,     12.68026427,   18.91972855,   -3.99574358,   29.68743954,     93.49129293,   20.38771345,   -0.70308026,    8.25768545,      6.79509824], [  -32.59613663,    5.17218402,   34.61734775,   -6.53084944,     15.81535784,   10.69921594,    6.62999848,   -6.14274443,     20.38771345,   66.29011113,   24.69801651,    2.73837527,     -8.41118741], [  -19.37331322,   -7.75358528,    7.21948207,   11.48608681,      4.22246852,   19.40636779,    8.89302871,  -11.3041788 ,     -0.70308026,   24.69801651,   66.83363306,   25.83039541,     -4.29093939], [ -175.61296053,  -33.38088698,   74.39580643,   15.12910136,      2.33717011,   13.85578414,   -7.90240826,  -10.97215837,      8.25768545,    2.73837527,   25.83039541,   71.36643471,     19.02210551], [  -10.47863547,   -3.05912301,  -35.12793824,   24.8820649 ,     -1.26447523,   -5.64536092,   -1.313827  ,   13.16955139,      6.79509824,   -8.41118741,   -4.29093939,   19.02210551,     55.13061566]]
/root/sim/music/out/Compilations/20th_ANNIVERSARY_OF_PERSONA_SERIES_ALL_T/1-02_Elly's_Theme.mp3; [-621.95     ,  98.880264 ,  16.842224 ,  22.435331 ,  11.5156975,   29.420252 ,   7.801941 ,  16.90417  ,  -2.4534855,   1.5374408,   -1.5449458,   1.2966338,   1.318343 ]; [[20424.17189796, 1327.89877509,   89.87887455,  402.25898991,     14.04752897,  204.89409339,  -72.01330083,  213.5034217 ,     55.09160295,  226.24023935,   84.33758925,   39.52443857,    -31.92078604], [ 1327.89877509,  927.06089356,  -11.95022057,  131.70925776,     69.3989738 ,  116.36739193,   33.4341347 ,   32.50551493,    -19.5495115 ,   -7.05344948,  -33.25442252,    8.14989499,    -11.92492413], [   89.87887455,  -11.95022057,  475.35437423,  -15.25546721,     77.23358432,  118.20213978,   -8.35811445,   64.27058904,    -46.76176193,  -35.86561555,   -8.26842912,  -37.93434053,     25.14272898], [  402.25898991,  131.70925776,  -15.25546721,  203.14835784,     66.81420557,   -3.24708708,   16.50333115,   -5.35138247,     23.4103689 ,    3.55025231,  -13.67575844,   -1.19032789,    -16.69515672], [   14.04752897,   69.3989738 ,   77.23358432,   66.81420557,    134.40729931,  113.52405355,   19.76526447,   22.43124262,     20.87840211,   18.1602905 ,  -10.00266696,  -20.84385949,      4.18480266], [  204.89409339,  116.36739193,  118.20213978,   -3.24708708,    113.52405355,  220.96603695,   90.41802396,   53.19359906,    -12.46326519,    4.75341416,   -4.38921523,   -6.28551025,     12.79291814], [  -72.01330083,   33.4341347 ,   -8.35811445,   16.50333115,     19.76526447,   90.41802396,  140.09300611,   54.95983777,    -16.25957248,  -19.06892242,    1.4276967 ,   23.98358762,     15.3781456 ], [  213.5034217 ,   32.50551493,   64.27058904,   -5.35138247,     22.43124262,   53.19359906,   54.95983777,  141.00629727,     39.77283725,   -8.86496141,  -11.12754759,   -1.30288671,     26.71643777], [   55.09160295,  -19.5495115 ,  -46.76176193,   23.4103689 ,     20.87840211,  -12.46326519,  -16.25957248,   39.77283725,    112.66508484,   74.72146156,   10.73753884,   -4.01965125,      1.08513359], [  226.24023935,   -7.05344948,  -35.86561555,    3.55025231,     18.1602905 ,    4.75341416,  -19.06892242,   -8.86496141,     74.72146156,  134.23524181,   72.28644494,   21.84832184,     -1.06826215], [   84.33758925,  -33.25442252,   -8.26842912,  -13.67575844,    -10.00266696,   -4.38921523,    1.4276967 ,  -11.12754759,     10.73753884,   72.28644494,  107.23128301,   61.98752255,      3.93348582], [   39.52443857,    8.14989499,  -37.93434053,   -1.19032789,    -20.84385949,   -6.28551025,   23.98358762,   -1.30288671,     -4.01965125,   21.84832184,   61.98752255,   88.53741993,     38.52025588], [  -31.92078604,  -11.92492413,   25.14272898,  -16.69515672,      4.18480266,   12.79291814,   15.3781456 ,   26.71643777,      1.08513359,   -1.06826215,    3.93348582,   38.52025588,     96.95950188]]
/root/sim/music/out/Compilations/20th_ANNIVERSARY_OF_PERSONA_SERIES_ALL_T/4-19_NOW_I_KNOW.mp3; [-582.84094  , 118.257744 , -11.911784 ,  19.794542 ,   5.8775063,   -6.7129583,   6.6530657,  -0.5572398,   0.7912293,   4.915706 ,   -4.830712 ,  -4.5749564,  -2.8469386]; [[20744.26022569,-1646.73580124, -326.78043622, 1255.83689488,    472.03813218,  419.1396825 ,  818.29040627,  486.6621368 ,    444.90102908,  223.10084429, -353.55573222, -237.30435307,    -90.87719196], [-1646.73580124, 1316.53126562, -398.45658778, -206.24491154,    -49.80011542, -150.02564802,  -26.883642  , -121.54129005,    -86.12218434,   60.98359176,   47.2091964 ,   58.64643254,     36.85762342], [ -326.78043622, -398.45658778,  796.7563805 ,  171.20363642,    120.77095617,  137.80539662,  -24.79639859,   49.41118748,     24.05267988,  -78.20310344,   41.77184371,   -5.22932506,    -21.98994303], [ 1255.83689488, -206.24491154,  171.20363642,  620.77519768,    169.12689524,   80.50287102,   16.57077478,  185.44210986,     67.45099251,  -35.99850478,   25.2339118 ,   69.86581423,    -10.23095404], [  472.03813218,  -49.80011542,  120.77095617,  169.12689524,    260.88949572,  -15.72064241,   37.55130933,   69.01321545,     63.23382715,  -20.44748281,   10.60073109,   13.13232468,     -5.87906941], [  419.1396825 , -150.02564802,  137.80539662,   80.50287102,    -15.72064241,  308.96651388,   63.07069319,   23.94126062,     20.01148654,   42.5697689 ,   -3.90804769,  -33.66492305,      1.84704937], [  818.29040627,  -26.883642  ,  -24.79639859,   16.57077478,     37.55130933,   63.07069319,  223.78536675,   30.55035781,     39.48195018,   53.52135863,  -37.75855892,  -25.7881624 ,      9.31350128], [  486.6621368 , -121.54129005,   49.41118748,  185.44210986,     69.01321545,   23.94126062,   30.55035781,  181.96172431,     67.2154377 ,  -13.69204284,   11.16353728,   34.00459964,     -8.22905168], [  444.90102908,  -86.12218434,   24.05267988,   67.45099251,     63.23382715,   20.01148654,   39.48195018,   67.2154377 ,    116.13486807,   29.83840032,   -4.43540718,   -7.81457622,      7.76999657], [  223.10084429,   60.98359176,  -78.20310344,  -35.99850478,    -20.44748281,   42.5697689 ,   53.52135863,  -13.69204284,     29.83840032,  115.89502425,    5.12360902,  -16.76521057,     15.15730943], [ -353.55573222,   47.2091964 ,   41.77184371,   25.2339118 ,     10.60073109,   -3.90804769,  -37.75855892,   11.16353728,     -4.43540718,    5.12360902,  110.02204061,   57.31251454,     10.13539142], [ -237.30435307,   58.64643254,   -5.22932506,   69.86581423,     13.13232468,  -33.66492305,  -25.7881624 ,   34.00459964,     -7.81457622,  -16.76521057,   57.31251454,  121.65785233,     30.7695288 ], [  -90.87719196,   36.85762342,  -21.98994303,  -10.23095404,     -5.87906941,    1.84704937,    9.31350128,   -8.22905168,      7.76999657,   15.15730943,   10.13539142,   30.7695288 ,     74.43817038]]
/root/sim/music/out/Compilations/20th_ANNIVERSARY_OF_PERSONA_SERIES_ALL_T/4-07_Time_To_Make_Hisory.mp3; [-564.0734   , 108.486465 ,   6.003751 ,  41.296143 ,  22.773209 ,    4.2132816,  10.676084 ,   7.9449863,   7.1578317,   2.9645076,   -2.167711 ,  -0.8525489,  -2.952505 ]; [[15209.89963526, 1152.10718928, -181.47256733,  458.07573699,    288.16058941,  180.58231264,  180.10030665,  103.25653574,     80.57008649,   36.45955199, -160.00639158, -117.66317654,     -3.85981502], [ 1152.10718928,  878.47716643, -253.73279741,  228.48829938,    -21.73922622,   39.42595006,   38.51795896,   34.93226116,     17.01264932,   16.40573873,  -25.55857717,  -23.73130661,     -2.39445097], [ -181.47256733, -253.73279741,  640.75005523,  -91.52829296,    165.11615545,  -43.53125762,    7.5628988 ,  -22.72011362,    -29.84583027,  -20.58190773,   45.7482479 ,   47.89264627,    -32.58433959], [  458.07573699,  228.48829938,  -91.52829296,  437.00116584,    141.56397941,   84.74939783,   18.84933773,   10.30403993,      5.50567489,  -31.84314948,   28.38530099,   26.99358408,     15.11315031], [  288.16058941,  -21.73922622,  165.11615545,  141.56397941,    289.98177289,   36.07894029,   61.57626096,    9.59628389,     -1.74234799,  -32.59289476,    8.20166595,   17.31775714,    -13.90711645], [  180.58231264,   39.42595006,  -43.53125762,   84.74939783,     36.07894029,  158.14350804,   55.60678681,   23.89052747,    -15.95302158,   -7.56933777,    3.04650662,   -6.73184413,      5.86167315], [  180.10030665,   38.51795896,    7.5628988 ,   18.84933773,     61.57626096,   55.60678681,  116.07387011,   35.72143352,      4.86046812,   -5.78829403,  -11.61304641,  -10.33523762,     -1.95553295], [  103.25653574,   34.93226116,  -22.72011362,   10.30403993,      9.59628389,   23.89052747,   35.72143352,   95.53468465,     30.75496116,  -11.54894281,  -27.19443819,  -19.4822894 ,     -6.07042681], [   80.57008649,   17.01264932,  -29.84583027,    5.50567489,     -1.74234799,  -15.95302158,    4.86046812,   30.75496116,     60.72783247,    9.43563558,  -15.29223051,  -16.53989883,     -1.85927179], [   36.45955199,   16.40573873,  -20.58190773,  -31.84314948,    -32.59289476,   -7.56933777,   -5.78829403,  -11.54894281,      9.43563558,   53.89018463,    8.88962724,   -6.17290328,     -3.12507134], [ -160.00639158,  -25.55857717,   45.7482479 ,   28.38530099,      8.20166595,    3.04650662,  -11.61304641,  -27.19443819,    -15.29223051,    8.88962724,   63.90147599,   33.17226738,      2.10077339], [ -117.66317654,  -23.73130661,   47.89264627,   26.99358408,     17.31775714,   -6.73184413,  -10.33523762,  -19.4822894 ,    -16.53989883,   -6.17290328,   33.17226738,   61.89956172,     17.13340602], [   -3.85981502,   -2.39445097,  -32.58433959,   15.11315031,    -13.90711645,    5.86167315,   -1.95553295,   -6.07042681,     -1.85927179,   -3.12507134,    2.10077339,   17.13340602,     44.88740797]]
/root/sim/music/out/Compilations/20th_ANNIVERSARY_OF_PERSONA_SERIES_ALL_T/1-22_Battle_-_Pandora.mp3; [-659.6076    , 140.46477   ,  13.345044  ,  33.839577  ,   6.83842   ,   15.674     ,   6.571732  ,  13.568863  ,   8.502592  ,   7.035536  ,    0.73162967,   3.985518  ,  -0.6065269 ]; [[17068.36849135,-4612.70234934,  713.26045052, 1615.08408667,    227.0523155 , 1194.32586954,  829.55369816,  741.91449412,    162.19837538,  243.80447573,  140.66682733,  207.33862721,     97.30508099], [-4612.70234934, 4113.60317332, -745.75208872, -504.70389821,     40.22171474, -520.43601972, -373.03214417, -250.03414675,    -46.50626693, -100.27405689,  -21.96415319,  -26.43602266,    -69.1436758 ], [  713.26045052, -745.75208872,  534.58316358, -130.83711078,    -40.94318308,   34.78098762,   47.99924937,    8.01567319,     31.29550459,   38.93849784,   -1.90631996,   -1.50273142,     18.73926576], [ 1615.08408667, -504.70389821, -130.83711078,  617.21000776,     40.23321282,  302.91498152,   77.60478461,  105.26217987,      8.69430597,    8.38039847,   11.05829931,   43.89329522,     13.56399674], [  227.0523155 ,   40.22171474,  -40.94318308,   40.23321282,    299.50128458,    2.14613322,   80.30472457,   58.19517642,     -8.40660013,   -6.40928982,   14.20961084,   33.10254642,    -39.58224991], [ 1194.32586954, -520.43601972,   34.78098762,  302.91498152,      2.14613322,  296.96234288,   69.21857234,   91.21950512,     12.10068243,   39.32732678,   11.4157669 ,   12.05452505,     30.49744747], [  829.55369816, -373.03214417,   47.99924937,   77.60478461,     80.30472457,   69.21857234,  186.22272438,   68.85165823,     21.7959514 ,    9.30753907,   23.94382564,   30.91926524,     -4.89637677], [  741.91449412, -250.03414675,    8.01567319,  105.26217987,     58.19517642,   91.21950512,   68.85165823,  133.91976393,      0.7853502 ,   17.74658627,    5.32877227,   27.89206081,     -9.85158941], [  162.19837538,  -46.50626693,   31.29550459,    8.69430597,     -8.40660013,   12.10068243,   21.7959514 ,    0.7853502 ,     65.15396493,   11.58724803,   15.65399695,    2.77284334,      6.23470308], [  243.80447573, -100.27405689,   38.93849784,    8.38039847,     -6.40928982,   39.32732678,    9.30753907,   17.74658627,     11.58724803,   73.32618916,   15.96013936,   -1.96271093,     24.4207118 ], [  140.66682733,  -21.96415319,   -1.90631996,   11.05829931,     14.20961084,   11.4157669 ,   23.94382564,    5.32877227,     15.65399695,   15.96013936,   62.72703857,    9.20950457,     14.08044121], [  207.33862721,  -26.43602266,   -1.50273142,   43.89329522,     33.10254642,   12.05452505,   30.91926524,   27.89206081,      2.77284334,   -1.96271093,    9.20950457,   79.14669984,    -13.71138982], [   97.30508099,  -69.1436758 ,   18.73926576,   13.56399674,    -39.58224991,   30.49744747,   -4.89637677,   -9.85158941,      6.23470308,   24.4207118 ,   14.08044121,  -13.71138982,     68.94944467]]
/root/sim/music/out/Compilations/20th_ANNIVERSARY_OF_PERSONA_SERIES_ALL_T/3-03_Want_To_Be_Close.mp3; [-641.88007   , 105.49915   ,  48.565872  ,  11.244708  ,  12.601158  ,    4.293688  ,   2.9505265 ,   0.777607  ,   4.6939125 ,   4.579695  ,   -1.3303404 ,  -0.75528705,  -2.5829372 ]; [[19283.16420405, 1510.79697309, -578.45702225,  -35.20977054,     83.84473714, -155.67226512,   26.38828781,  171.76311651,     62.53357808,  -43.08175346, -231.99308596, -254.65514828,   -195.86664331], [ 1510.79697309, 1803.78395439, -230.38580324,  -85.4396163 ,    214.97086089,   16.51222929,   64.38989726,   56.72972394,      9.46085786,  104.58352209,  106.22223658,  100.6997539 ,     94.05324985], [ -578.45702225, -230.38580324, 1051.21715831,   78.79985197,     20.21747081,   78.73872454,  -61.18487434, -138.5340199 ,    -35.96399107,   -9.82522669,    4.64602855,   40.54788204,     -3.70072439], [  -35.20977054,  -85.4396163 ,   78.79985197,  379.71464043,    170.61799526,   99.73321249,   55.55061011,   30.2197936 ,    -16.63787517,   12.30327165,   29.84411034,   57.19323025,     49.03541038], [   83.84473714,  214.97086089,   20.21747081,  170.61799526,    302.16916317,  111.25240688,   35.45655911,   23.4489179 ,    -31.16219477,    9.94577021,   20.37576172,   43.55070168,     50.61163968], [ -155.67226512,   16.51222929,   78.73872454,   99.73321249,    111.25240688,  175.29227598,   69.53334457,   32.16390901,      5.93970706,   24.07420036,   19.19082916,   34.45783765,     35.68867308], [   26.38828781,   64.38989726,  -61.18487434,   55.55061011,     35.45655911,   69.53334457,  113.69811944,   66.34075569,     18.26534926,   36.4293069 ,   16.72337603,   15.7341951 ,     23.19865712], [  171.76311651,   56.72972394, -138.5340199 ,   30.2197936 ,     23.4489179 ,   32.16390901,   66.34075569,  139.79457356,     70.57705538,   43.78256701,    9.27076808,    1.82599156,      6.80911862], [   62.53357808,    9.46085786,  -35.96399107,  -16.63787517,    -31.16219477,    5.93970706,   18.26534926,   70.57705538,    102.1625829 ,   61.57798725,    9.60910843,   -3.8060536 ,     -4.72092614], [  -43.08175346,  104.58352209,   -9.82522669,   12.30327165,      9.94577021,   24.07420036,   36.4293069 ,   43.78256701,     61.57798725,  101.36837038,   50.794752  ,   25.95868187,     21.90851977], [ -231.99308596,  106.22223658,    4.64602855,   29.84411034,     20.37576172,   19.19082916,   16.72337603,    9.27076808,      9.60910843,   50.794752  ,   87.2287508 ,   64.86216995,     32.10969812], [ -254.65514828,  100.6997539 ,   40.54788204,   57.19323025,     43.55070168,   34.45783765,   15.7341951 ,    1.82599156,     -3.8060536 ,   25.95868187,   64.86216995,   93.11347886,     56.45960733], [ -195.86664331,   94.05324985,   -3.70072439,   49.03541038,     50.61163968,   35.68867308,   23.19865712,    6.80911862,     -4.72092614,   21.90851977,   32.10969812,   56.45960733,     73.53124027]]
/root/sim/music/out/Compilations/20th_ANNIVERSARY_OF_PERSONA_SERIES_ALL_T/1-11_Brown's_Theme.mp3; [-649.7108   ,  93.71909  , -19.190893 ,  15.992479 , -11.093156 ,   -2.9483566,  -8.988609 ,   5.432934 ,  -0.9097919,   5.2016006,    5.0201454,   6.496576 ,   6.2343874]; [[21353.2523659 , 1042.98184126, -162.77399048,  690.39180808,    -23.13429192,  160.04925118, -104.31475749,  345.36281429,      9.44960887,  133.7992109 ,   98.82295183,   61.51614532,     39.02350467], [ 1042.98184126, 1875.14497399,  549.62555101,  564.21783044,    520.04196969,  410.8285825 ,  350.00289706,  317.67934362,    241.52952102,  242.72921608,  160.38172473,  139.21332945,    105.6245243 ], [ -162.77399048,  549.62555101, 1438.11315749,  579.95130326,    695.42909316,  625.74412919,  431.79650394,  449.02371749,    279.9342411 ,  204.01315562,  162.18427517,   70.51493415,     52.27003263], [  690.39180808,  564.21783044,  579.95130326,  741.82296401,    487.0238282 ,  351.92236889,  344.39079737,  293.72429907,    174.34473214,  138.48023855,  103.53188764,   61.54521752,     33.59042359], [  -23.13429192,  520.04196969,  695.42909316,  487.0238282 ,    606.09498662,  380.13684828,  320.52367325,  328.24474245,    153.82942728,  166.62137917,  105.50050905,   45.47553393,     60.35169658], [  160.04925118,  410.8285825 ,  625.74412919,  351.92236889,    380.13684828,  477.45791882,  289.55229487,  281.98694961,    239.91965214,  154.16338884,  134.24261724,   77.63352376,     30.29705977], [ -104.31475749,  350.00289706,  431.79650394,  344.39079737,    320.52367325,  289.55229487,  337.81975338,  234.83706157,    186.90390273,  150.50788214,   98.11085804,   72.73503654,     54.87110067], [  345.36281429,  317.67934362,  449.02371749,  293.72429907,    328.24474245,  281.98694961,  234.83706157,  323.97563815,    167.43067788,  146.25678365,  107.07459985,   46.88164139,     33.61141245], [    9.44960887,  241.52952102,  279.9342411 ,  174.34473214,    153.82942728,  239.91965214,  186.90390273,  167.43067788,    272.3801283 ,  147.84782109,  124.75454595,   94.19469899,     32.01544494], [  133.7992109 ,  242.72921608,  204.01315562,  138.48023855,    166.62137917,  154.16338884,  150.50788214,  146.25678365,    147.84782109,  186.38384203,  105.56072427,   72.52370891,     56.73570593], [   98.82295183,  160.38172473,  162.18427517,  103.53188764,    105.50050905,  134.24261724,   98.11085804,  107.07459985,    124.75454595,  105.56072427,  135.78980653,   75.74892703,     31.1151688 ], [   61.51614532,  139.21332945,   70.51493415,   61.54521752,     45.47553393,   77.63352376,   72.73503654,   46.88164139,     94.19469899,   72.52370891,   75.74892703,  114.46714486,     66.60814377], [   39.02350467,  105.6245243 ,   52.27003263,   33.59042359,     60.35169658,   30.29705977,   54.87110067,   33.61141245,     32.01544494,   56.73570593,   31.1151688 ,   66.60814377,    111.76230261]]
/root/sim/music/out/Compilations/20th_ANNIVERSARY_OF_PERSONA_SERIES_ALL_T/3-15_Master_of_Tartarus.mp3; [-571.5983    ,  91.6335    ,   2.516256  ,  38.79341   ,  10.689679  ,    3.0882745 ,  -1.3065455 ,   7.010593  ,   5.9522333 ,  -0.21937917,   -3.511553  ,  -3.1776597 ,  -5.11384   ]; [[17903.10378925,-1699.8165261 ,  896.88198437,  -53.75038576,    -60.1711619 ,  311.25613508, -128.19984492, -105.15625946,   -207.85041092,  -55.1009053 , -103.54220326,   99.33518057,     48.40220396], [-1699.8165261 , 2092.97534507, -842.60316985,  275.74070972,    144.81527581, -112.75171132,   86.45386684,  120.79592171,    165.02927076,   -0.96273416,   21.860504  ,  -91.27677675,    -44.32824608], [  896.88198437, -842.60316985,  995.90169745, -169.03141993,    -24.6988608 ,  181.27762753,   58.25136994,  -14.38185432,   -122.08745512,   12.97945995,  -41.56638774,   58.05543887,     47.18895918], [  -53.75038576,  275.74070972, -169.03141993,  390.03042574,     62.53889834, -107.85712731,  -83.38350262,  -17.95293727,     44.99537192,   -1.3121819 ,   21.94261001,  -23.1365094 ,    -33.08235   ], [  -60.1711619 ,  144.81527581,  -24.6988608 ,   62.53889834,    158.70950955,   -1.13768114,   16.20284755,   30.32227909,     14.0978601 ,   21.65289713,   13.35855077,   -2.9391173 ,     -2.19724456], [  311.25613508, -112.75171132,  181.27762753, -107.85712731,     -1.13768114,  230.14933367,  109.07852084,   33.24721775,    -28.17186325,   -7.74350077,  -52.37321709,   -6.76763457,     13.63757354], [ -128.19984492,   86.45386684,   58.25136994,  -83.38350262,     16.20284755,  109.07852084,  131.87434419,   48.09706398,     -1.14107423,   -2.03356532,  -21.82377632,   -4.09052577,     15.32500532], [ -105.15625946,  120.79592171,  -14.38185432,  -17.95293727,     30.32227909,   33.24721775,   48.09706398,   84.82922853,     32.3792901 ,   14.71976667,  -10.21573788,   -9.42612804,      0.90005971], [ -207.85041092,  165.02927076, -122.08745512,   44.99537192,     14.0978601 ,  -28.17186325,   -1.14107423,   32.3792901 ,     79.57453016,   28.99014285,   10.8181503 ,   -5.01634363,     -3.04198265], [  -55.1009053 ,   -0.96273416,   12.97945995,   -1.3121819 ,     21.65289713,   -7.74350077,   -2.03356532,   14.71976667,     28.99014285,   56.99933351,   24.37738533,   11.47790736,      5.73568925], [ -103.54220326,   21.860504  ,  -41.56638774,   21.94261001,     13.35855077,  -52.37321709,  -21.82377632,  -10.21573788,     10.8181503 ,   24.37738533,   71.88216381,   33.42671106,      6.66880408], [   99.33518057,  -91.27677675,   58.05543887,  -23.1365094 ,     -2.9391173 ,   -6.76763457,   -4.09052577,   -9.42612804,     -5.01634363,   11.47790736,   33.42671106,   64.93609339,     26.89614414], [   48.40220396,  -44.32824608,   47.18895918,  -33.08235   ,     -2.19724456,   13.63757354,   15.32500532,    0.90005971,     -3.04198265,    5.73568925,    6.66880408,   26.89614414,     45.89237788]]
