/root/sim/music/out/Queen/Innuendo/08_These_Are_The_Days_Of_Our_Lives.mp3; [-737.0493    , 138.72394   ,  22.57795   ,  28.839994  ,   4.423028  ,   -2.737459  ,  -5.4918227 ,   4.1725445 ,  -9.861532  ,   3.3204796 ,   -7.5653615 ,  -0.21936972,  -4.505302  ]; [[23838.37536778, 1369.43251156,-1269.73694806, -154.49823579,   -709.46217115, -508.02028365,  -98.87522329,  448.9030528 ,   -545.77227375,  557.26441562, -147.26601613,  209.29854477,     46.56109098], [ 1369.43251156, 3001.12642443, -309.46556184,  101.59035041,   -118.61195295,  -60.74681622,   19.17089799,  -24.22412661,     15.06214368,  -12.02909059,    7.5161097 ,   43.65658592,     21.80643316], [-1269.73694806, -309.46556184, 1104.84540984,   67.00539908,    139.88412478,  108.55536676,  -81.40000644,  -54.99493376,     10.58903699,  -70.61939569,  -14.19235964,  -29.73775428,    -20.47818782], [ -154.49823579,  101.59035041,   67.00539908,  358.83007619,    110.69967777,   68.82593405,  -38.51835164,  -14.8613384 ,     58.0757526 ,  -36.33003583,  -10.29009055,  -22.66622029,     13.00543688], [ -709.46217115, -118.61195295,  139.88412478,  110.69967777,    334.08375152,   50.84851721,   22.51484957,   28.3007199 ,     31.99261852,   31.70001898,   -0.70870588,   -8.75857684,      3.43199591], [ -508.02028365,  -60.74681622,  108.55536676,   68.82593405,     50.84851721,  214.179064  ,   39.54842448,   -8.87564489,     74.26548591,  -30.08022808,   36.85242705,   -0.35392499,     -0.57484986], [  -98.87522329,   19.17089799,  -81.40000644,  -38.51835164,     22.51484957,   39.54842448,  185.57568775,   72.08467733,      0.25095719,   34.87584137,   27.83157779,   27.76290396,     -6.72273996], [  448.9030528 ,  -24.22412661,  -54.99493376,  -14.8613384 ,     28.3007199 ,   -8.87564489,   72.08467733,  169.63232297,    -30.07448653,   81.83363669,    2.48081194,   29.07307865,      9.66569554], [ -545.77227375,   15.06214368,   10.58903699,   58.0757526 ,     31.99261852,   74.26548591,    0.25095719,  -30.07448653,    195.56632928,  -35.69482315,   42.54632719,   -7.87611816,      5.86315436], [  557.26441562,  -12.02909059,  -70.61939569,  -36.33003583,     31.70001898,  -30.08022808,   34.87584137,   81.83363669,    -35.69482315,  175.08653979,   25.87294778,   33.06417709,      1.57242529], [ -147.26601613,    7.5161097 ,  -14.19235964,  -10.29009055,     -0.70870588,   36.85242705,   27.83157779,    2.48081194,     42.54632719,   25.87294778,  108.13659244,   42.56303872,     20.28941282], [  209.29854477,   43.65658592,  -29.73775428,  -22.66622029,     -8.75857684,   -0.35392499,   27.76290396,   29.07307865,     -7.87611816,   33.06417709,   42.56303872,   90.97254492,     35.43151908], [   46.56109098,   21.80643316,  -20.47818782,   13.00543688,      3.43199591,   -0.57484986,   -6.72273996,    9.66569554,      5.86315436,    1.57242529,   20.28941282,   35.43151908,     94.27301165]]
/root/sim/music/out/Queen/Innuendo/11_Bijou.mp3; [-778.4056   , 151.35976  , -61.342365 ,  10.798265 , -28.552164 ,   -7.609575 , -12.613081 ,   0.9325306,  -9.027614 ,  -4.713271 ,   -7.381781 ,  -4.6290045,  -2.2457573]; [[8987.12684749, 904.65516559, 192.15475058, 656.8910848 ,-107.08574857,   111.10295931, -77.62940563, 373.97159979,-109.54251686,  67.08556445,   -74.09810661,-131.60638621, -45.36196153], [ 904.65516559,1742.32536044, 109.27505738, 258.39466847, 222.79298486,    90.57442592,  58.13793779, -73.39941771,  92.32915085,  -0.84983165,    46.85951497, -45.45830318, -44.53123098], [ 192.15475058, 109.27505738, 893.86041014,  90.43177464, 423.23791252,   169.03631272, 109.68188867,  85.49670907, -49.55416627, 141.85837697,    49.8532311 ,  71.13758771,  40.94538438], [ 656.8910848 , 258.39466847,  90.43177464, 403.69681471,  47.71944075,   142.07820901,  66.28887279,  50.28188667, 115.59451609,  20.0240342 ,    59.5933404 , -15.19717645,  27.17858814], [-107.08574857, 222.79298486, 423.23791252,  47.71944075, 382.29221727,   116.06301063,  83.54914186,  10.6166201 , -50.70030341, 106.98642482,    49.26887365,  56.57828764,  32.57814954], [ 111.10295931,  90.57442592, 169.03631272, 142.07820901, 116.06301063,   259.68390742, 157.73179841,  39.59820178,  -9.60318133,  13.82828426,    62.64731146,  40.73832957,  51.12523094], [ -77.62940563,  58.13793779, 109.68188867,  66.28887279,  83.54914186,   157.73179841, 268.50906797, 104.91509206, -31.32384473,  14.14747112,    35.11853528,  34.02234842,  44.06029924], [ 373.97159979, -73.39941771,  85.49670907,  50.28188667,  10.6166201 ,    39.59820178, 104.91509206, 249.13035214,  84.94171926,  11.49383412,   -46.46145563, -39.48551396, -33.99233146], [-109.54251686,  92.32915085, -49.55416627, 115.59451609, -50.70030341,    -9.60318133, -31.32384473,  84.94171926, 293.66981785,  40.09405399,    -7.6024781 , -48.68675563, -50.17617292], [  67.08556445,  -0.84983165, 141.85837697,  20.0240342 , 106.98642482,    13.82828426,  14.14747112,  11.49383412,  40.09405399, 218.51649642,    78.63974547,  61.64305446,  36.30595668], [ -74.09810661,  46.85951497,  49.8532311 ,  59.5933404 ,  49.26887365,    62.64731146,  35.11853528, -46.46145563,  -7.6024781 ,  78.63974547,   161.34570055,  76.58649319,  69.93498319], [-131.60638621, -45.45830318,  71.13758771, -15.19717645,  56.57828764,    40.73832957,  34.02234842, -39.48551396, -48.68675563,  61.64305446,    76.58649319, 169.6931031 , 101.184924  ], [ -45.36196153, -44.53123098,  40.94538438,  27.17858814,  32.57814954,    51.12523094,  44.06029924, -33.99233146, -50.17617292,  36.30595668,    69.93498319, 101.184924  , 182.51402937]]
/root/sim/music/out/Queen/Innuendo/07_All_God's_People.mp3; [-659.68744  , 111.38287  ,  -0.9607551,  18.722933 ,   0.5667682,   -1.8043425,   1.9826351,  10.315595 ,  -8.73808  ,   3.6123176,   -0.7718943,  -2.2765393,  -0.3403731]; [[15876.07829965, 1106.94491565,-2013.42101206, -190.97227596,   -293.8843983 , -347.38270429,  136.17754892,  525.57119207,   -121.20118257,  213.01842223,   83.48150784,  -37.45377784,    151.78035865], [ 1106.94491565,  856.50764951,  -33.21910527,   27.61506456,     39.53852806,   24.43400402,   62.74535892,   39.60550752,     64.35155115,   58.1481441 ,   15.15144929,   37.72969347,      4.23443841], [-2013.42101206,  -33.21910527, 1181.6497111 ,  193.77259202,    127.68778167,  201.86566841,  -19.63230202, -144.15976821,    115.88877465,  -65.42601614,  -30.85172829,   33.4086249 ,    -57.52014971], [ -190.97227596,   27.61506456,  193.77259202,  306.22848651,    124.20338221,   49.37155441,  -19.48191621,  -18.7920737 ,     71.03152464,   19.91047102,   -7.15344671,   11.40645892,     25.789065  ], [ -293.8843983 ,   39.53852806,  127.68778167,  124.20338221,    210.04506775,   55.02721109,  -18.28180288,   -5.27377198,     34.87281416,   18.95098945,   -8.58253282,   -3.06340465,     22.72382948], [ -347.38270429,   24.43400402,  201.86566841,   49.37155441,     55.02721109,  167.41051206,   50.95682987,   -4.51610917,     30.97576498,  -13.08881433,    7.72184719,   20.14179151,    -10.42388546], [  136.17754892,   62.74535892,  -19.63230202,  -19.48191621,    -18.28180288,   50.95682987,  171.60412246,   68.27123415,    -17.33383004,   -3.99899948,   18.92853516,   12.93761393,    -10.96902647], [  525.57119207,   39.60550752, -144.15976821,  -18.7920737 ,     -5.27377198,   -4.51610917,   68.27123415,  168.41043818,     -4.28195676,   32.06048383,   15.81607648,  -14.28838864,     15.17783595], [ -121.20118257,   64.35155115,  115.88877465,   71.03152464,     34.87281416,   30.97576498,  -17.33383004,   -4.28195676,    161.92069528,   39.02714417,    0.83331175,   13.58949215,     -8.88417464], [  213.01842223,   58.1481441 ,  -65.42601614,   19.91047102,     18.95098945,  -13.08881433,   -3.99899948,   32.06048383,     39.02714417,  106.31886679,   26.87963803,    4.32679943,      6.3131176 ], [   83.48150784,   15.15144929,  -30.85172829,   -7.15344671,     -8.58253282,    7.72184719,   18.92853516,   15.81607648,      0.83331175,   26.87963803,   72.81721923,   33.09783064,     10.7528829 ], [  -37.45377784,   37.72969347,   33.4086249 ,   11.40645892,     -3.06340465,   20.14179151,   12.93761393,  -14.28838864,     13.58949215,    4.32679943,   33.09783064,   83.57113897,     23.89180825], [  151.78035865,    4.23443841,  -57.52014971,   25.789065  ,     22.72382948,  -10.42388546,  -10.96902647,   15.17783595,     -8.88417464,    6.3131176 ,   10.7528829 ,   23.89180825,     78.01174608]]
/root/sim/music/out/Queen/Innuendo/03_Headlong.mp3; [-633.6858    , 126.25373   ,   5.270203  ,  31.98706   ,   6.3563995 ,   -6.39      ,  -3.1309705 ,   7.767881  ,  -5.3193774 ,   2.4896452 ,   -5.198452  ,  -0.9784682 ,   0.49263862]; [[ 5162.43673323,-1251.29326469,  -72.7520703 , -194.09747885,    -26.90892174,  -42.36698308,  -80.96130927,  130.23748356,   -122.36065367,    4.67085153,    4.93168773,  -92.30472003,    -25.83685088], [-1251.29326469, 1195.32496675, -324.89973559,  146.98558422,    -55.29190286,   -7.79189874,   76.15965808,  -81.55395677,     56.71921461,    4.28174355,    0.40441839,   81.57330866,     19.10435852], [  -72.7520703 , -324.89973559,  661.29082243,  -38.91881583,     45.84343225,   72.95137902,  -57.05008585,    7.88032918,      4.94504545,  -40.6430486 ,  -17.49915931,  -39.51307784,    -26.82427518], [ -194.09747885,  146.98558422,  -38.91881583,  260.54363124,      3.28385928,  -20.11012744,  -43.77686805,  -62.15058189,     52.34228413,    7.35504251,  -34.30225351,    3.29480196,     11.0613934 ], [  -26.90892174,  -55.29190286,   45.84343225,    3.28385928,    157.3712769 ,  -11.85704149,  -23.35676331,   28.02911782,      7.06863609,   17.12949583,   -7.89585587,  -28.19840677,     -6.23150546], [  -42.36698308,   -7.79189874,   72.95137902,  -20.11012744,    -11.85704149,  132.0280524 ,   38.38905236,   -7.82111035,      6.72851159,  -17.9645375 ,    4.56263067,    5.31597423,    -12.69946914], [  -80.96130927,   76.15965808,  -57.05008585,  -43.77686805,    -23.35676331,   38.38905236,  143.49776404,   36.06765477,    -13.89753925,   -9.98689545,   11.35800239,   15.65396884,     -0.88033054], [  130.23748356,  -81.55395677,    7.88032918,  -62.15058189,     28.02911782,   -7.82111035,   36.06765477,  144.45249873,     -4.4135638 ,   14.75194537,   16.33299651,  -20.12281113,     -2.44247575], [ -122.36065367,   56.71921461,    4.94504545,   52.34228413,      7.06863609,    6.72851159,  -13.89753925,   -4.4135638 ,    123.86479897,   30.70540047,   -0.46242497,    4.25203312,    -15.55209129], [    4.67085153,    4.28174355,  -40.6430486 ,    7.35504251,     17.12949583,  -17.9645375 ,   -9.98689545,   14.75194537,     30.70540047,   97.39012682,   26.36515969,    1.1972367 ,     -1.83613207], [    4.93168773,    0.40441839,  -17.49915931,  -34.30225351,     -7.89585587,    4.56263067,   11.35800239,   16.33299651,     -0.46242497,   26.36515969,   74.64316325,   24.85129253,      2.43904344], [  -92.30472003,   81.57330866,  -39.51307784,    3.29480196,    -28.19840677,    5.31597423,   15.65396884,  -20.12281113,      4.25203312,    1.1972367 ,   24.85129253,   82.38511356,     29.18178173], [  -25.83685088,   19.10435852,  -26.82427518,   11.0613934 ,     -6.23150546,  -12.69946914,   -0.88033054,   -2.44247575,    -15.55209129,   -1.83613207,    2.43904344,   29.18178173,     68.24106282]]
/root/sim/music/out/Queen/Innuendo/09_Delilah.mp3; [-729.9522   , 116.276    ,  25.283625 ,  23.072462 ,   6.969864 ,    4.7716017,  -4.505981 ,   4.9760723, -13.537085 ,  -1.8456416,   -5.0194087,  -2.4870074,  -1.7361656]; [[11399.37430497,  322.23673362, -803.0717545 ,   22.36382445,    136.93880882,  -72.07788159,  -58.26924546,  145.30657938,   -200.42471678,   94.48618312,   86.58477992,   48.05384279,     -9.58969098], [  322.23673362, 1332.82382933, -148.87847327,   30.28282617,     17.59751757,   30.60674694,   20.04313527,   28.19044053,    -35.72146295,   39.69184133,    7.6595819 ,   14.3706232 ,      3.04118408], [ -803.0717545 , -148.87847327, 1175.83621917,  160.32926228,    -16.51226179,   65.45433249,   43.80507066,  -78.5673103 ,    105.71552179,  -43.47701314,   -2.94493687,   26.2892598 ,     16.77748878], [   22.36382445,   30.28282617,  160.32926228,  338.63710474,    104.0517566 ,   39.63659648,    6.62778041,   23.57532457,     64.71188741,   11.71314441,    6.9727703 ,    7.17897964,     40.62019131], [  136.93880882,   17.59751757,  -16.51226179,  104.0517566 ,    284.79340413,   75.01788958,   22.71539241,   54.96910221,     39.91712094,   53.67779907,   10.73204637,   -3.98377594,      5.56184922], [  -72.07788159,   30.60674694,   65.45433249,   39.63659648,     75.01788958,  260.61457038,   94.29100021,   28.27695371,     70.86532758,   -4.40939797,   44.25424864,   16.15479774,     -9.83477661], [  -58.26924546,   20.04313527,   43.80507066,    6.62778041,     22.71539241,   94.29100021,  213.86821637,   63.11837664,     56.13758582,   24.53112464,   27.9568519 ,   17.38883071,    -14.16182799], [  145.30657938,   28.19044053,  -78.5673103 ,   23.57532457,     54.96910221,   28.27695371,   63.11837664,  189.96377352,     32.86417177,   48.71660893,   15.69158158,    0.73140372,      1.41867257], [ -200.42471678,  -35.72146295,  105.71552179,   64.71188741,     39.91712094,   70.86532758,   56.13758582,   32.86417177,    226.38417729,   40.33918619,   37.66413665,   23.10751739,    -23.96785113], [   94.48618312,   39.69184133,  -43.47701314,   11.71314441,     53.67779907,   -4.40939797,   24.53112464,   48.71660893,     40.33918619,  160.29008215,   36.24321755,    8.54931267,     -5.81869311], [   86.58477992,    7.6595819 ,   -2.94493687,    6.9727703 ,     10.73204637,   44.25424864,   27.9568519 ,   15.69158158,     37.66413665,   36.24321755,  109.07767858,   46.31885219,     11.98205091], [   48.05384279,   14.3706232 ,   26.2892598 ,    7.17897964,     -3.98377594,   16.15479774,   17.38883071,    0.73140372,     23.10751739,    8.54931267,   46.31885219,   97.41411214,     38.01234894], [   -9.58969098,    3.04118408,   16.77748878,   40.62019131,      5.56184922,   -9.83477661,  -14.16182799,    1.41867257,    -23.96785113,   -5.81869311,   11.98205091,   38.01234894,    103.60031842]]
/root/sim/music/out/Queen/The_Miracle/01_Party.mp3; [-578.3354   ,  89.43984  ,  -3.8552954,  25.37617  ,   9.551423 ,    7.6846833,   3.9507837,  18.057579 ,  -2.0421534,   4.8192782,    8.232891 ,   1.2840049,   3.1262276]; [[6593.95122214, 622.14945522,-694.56684253,-198.4425258 , -90.25266165,   -97.86860433, -10.76218756, -71.39975544, -47.62532669, -50.92411072,    39.18287392, 111.13445044, -62.60596058], [ 622.14945522, 900.93132314,-139.86775448, -37.52640624, 113.16402224,   -59.80368941,  -0.09377195,  75.39076255, -20.64032365,  -8.33838055,    88.74437122,  34.32707582,  49.79243943], [-694.56684253,-139.86775448, 920.47437153, 339.40044668,  67.63053873,   136.27419473,  56.40232248,  -1.13982583,  78.22684329,  17.82683494,   -16.1974395 , -15.32261142,  -9.92338596], [-198.4425258 , -37.52640624, 339.40044668, 413.34772309, 198.59034866,   124.51077001,   8.79731743,   6.36665308,  91.95715626,  37.45629628,   -21.0371663 , -43.19041201,  -0.75418877], [ -90.25266165, 113.16402224,  67.63053873, 198.59034866, 406.49267076,   169.69879202,   0.53843278,  23.35514223,  91.83855102,  26.18536174,    25.14879542, -18.08399602,  23.83599602], [ -97.86860433, -59.80368941, 136.27419473, 124.51077001, 169.69879202,   322.81662105, 121.57528094,  26.33036282,  71.09574903,   4.32614262,    12.5272098 , -23.45688961, -19.15323452], [ -10.76218756,  -0.09377195,  56.40232248,   8.79731743,   0.53843278,   121.57528094, 195.58690767,  81.82126558,   5.22138703,   0.70657947,    22.29420298,   9.00432203,  -4.85617144], [ -71.39975544,  75.39076255,  -1.13982583,   6.36665308,  23.35514223,    26.33036282,  81.82126558, 224.22069916,  13.5769426 ,  75.56293976,    16.96521293, -48.33307498,  35.07104794], [ -47.62532669, -20.64032365,  78.22684329,  91.95715626,  91.83855102,    71.09574903,   5.22138703,  13.5769426 , 160.35196076,  44.92314286,     8.62332215,  -5.2607712 , -14.82174635], [ -50.92411072,  -8.33838055,  17.82683494,  37.45629628,  26.18536174,     4.32614262,   0.70657947,  75.56293976,  44.92314286, 139.46614212,    19.76652092, -32.57202603,  15.56671662], [  39.18287392,  88.74437122, -16.1974395 , -21.0371663 ,  25.14879542,    12.5272098 ,  22.29420298,  16.96521293,   8.62332215,  19.76652092,    97.42753028,  41.54690142,  11.12360528], [ 111.13445044,  34.32707582, -15.32261142, -43.19041201, -18.08399602,   -23.45688961,   9.00432203, -48.33307498,  -5.2607712 , -32.57202603,    41.54690142, 112.2897316 ,  22.60074744], [ -62.60596058,  49.79243943,  -9.92338596,  -0.75418877,  23.83599602,   -19.15323452,  -4.85617144,  35.07104794, -14.82174635,  15.56671662,    11.12360528,  22.60074744,  89.21891243]]
/root/sim/music/out/Queen/The_Miracle/12_Chinese_Torture.mp3; [-702.03546  , 149.82498  , -29.343254 ,  34.539528 , -26.285702 ,    3.3861952,  -2.5313258,   7.0723643,   3.1865635,   2.0292788,    3.0233366,   2.4448667,   1.2232765]; [[28493.12346174, -450.16592424,-2581.9614336 , 2358.94946903,    447.03016617, 2279.81996262,  788.28843612,  975.75704785,    -59.61797705, -235.24145797, -257.25428116, -233.63973298,     -5.49799419], [ -450.16592424, 3207.86515565,  626.23909933,  153.47056698,     66.7410534 , -366.02046823, -204.41153076, -428.11956386,   -288.58499417, -257.6513573 , -134.8113604 ,  -12.35847377,     -4.04173727], [-2581.9614336 ,  626.23909933, 1736.14546776,    8.92221682,    585.42663092, -123.14437346,   11.07149512, -296.43493228,   -241.78824062, -185.38232329, -132.80010345,  -21.39870471,    -41.3593006 ], [ 2358.94946903,  153.47056698,    8.92221682,  650.00643553,    385.22621667,  367.72573542,  100.26563789,   31.58235172,   -102.54869977, -125.98466822, -120.82305537,  -85.9819387 ,    -25.64022797], [  447.03016617,   66.7410534 ,  585.42663092,  385.22621667,    773.55625875,  393.12993217,  190.69662992,  -59.87507572,   -171.10459561, -169.8923205 , -167.50424997,  -75.46576749,    -19.03719252], [ 2279.81996262, -366.02046823, -123.14437346,  367.72573542,    393.12993217,  549.07919006,  258.65243906,  140.56073872,    -60.26897619,  -84.65609628,  -80.69180322,  -48.15191198,      2.159691  ], [  788.28843612, -204.41153076,   11.07149512,  100.26563789,    190.69662992,  258.65243906,  263.72191488,  155.07181871,     20.00436845,  -34.69627201,  -48.70789524,  -27.64078135,     -7.5987759 ], [  975.75704785, -428.11956386, -296.43493228,   31.58235172,    -59.87507572,  140.56073872,  155.07181871,  259.73397149,    157.63668525,   82.45831478,   23.02666849,  -15.13569044,     -6.49910255], [  -59.61797705, -288.58499417, -241.78824062, -102.54869977,   -171.10459561,  -60.26897619,   20.00436845,  157.63668525,    231.40453997,  180.79467142,   97.53900649,   31.18527855,      0.16167038], [ -235.24145797, -257.6513573 , -185.38232329, -125.98466822,   -169.8923205 ,  -84.65609628,  -34.69627201,   82.45831478,    180.79467142,  235.83151424,  161.01698689,   85.671084  ,     34.26562116], [ -257.25428116, -134.8113604 , -132.80010345, -120.82305537,   -167.50424997,  -80.69180322,  -48.70789524,   23.02666849,     97.53900649,  161.01698689,  191.16468303,  133.79993988,     61.2948308 ], [ -233.63973298,  -12.35847377,  -21.39870471,  -85.9819387 ,    -75.46576749,  -48.15191198,  -27.64078135,  -15.13569044,     31.18527855,   85.671084  ,  133.79993988,  166.71702929,    101.89595965], [   -5.49799419,   -4.04173727,  -41.3593006 ,  -25.64022797,    -19.03719252,    2.159691  ,   -7.5987759 ,   -6.49910255,      0.16167038,   34.26562116,   61.2948308 ,  101.89595965,    116.80883468]]
/root/sim/music/out/Queen/The_Miracle/05_The_Invisible_Man.mp3; [-619.70856  ,  92.94354  ,  31.45112  ,  46.19125  ,  14.384619 ,   11.508586 ,   4.856295 ,   4.8858576,  -2.3249586,  -1.5778391,   -4.668849 ,  -3.7068405,  -4.146169 ]; [[16214.22298829, -317.49512954,-1518.92106193,  -40.6447688 ,   -280.72637793,  -27.28453887,  -37.61367192,  154.97054299,    -18.44599016,  108.35163398,   68.16937662,   -8.59317641,     -5.519629  ], [ -317.49512954, 1576.75812932, -225.4861707 , -103.21687266,    -16.98122635,   21.33379157,  107.54772006,   34.23896067,     22.92616297,  -45.1563775 ,   -1.27763306,    2.45707188,     -6.84209297], [-1518.92106193, -225.4861707 , 1676.6515234 ,  426.96523079,    156.16218755,   57.81765717,  -62.88079767,  -62.9120502 ,      0.88691103,  -45.71487273,  -52.28639524,  -32.26206873,     -4.61170628], [  -40.6447688 , -103.21687266,  426.96523079,  607.31798716,    108.55114309,  101.87082312,   35.01320277,  -40.11116161,     18.89003512,  -21.18487551,  -59.18747019,    1.39713292,     15.24009824], [ -280.72637793,  -16.98122635,  156.16218755,  108.55114309,    254.43841533,   73.4104588 ,    6.95565747,   32.25497163,     34.02342521,   16.76670774,    0.99998025,   -2.20185202,      9.54766771], [  -27.28453887,   21.33379157,   57.81765717,  101.87082312,     73.4104588 ,  217.13075325,  103.21927799,   -9.03470893,     14.3523294 ,   17.13517043,    4.03467694,    9.30903754,     -0.63398552], [  -37.61367192,  107.54772006,  -62.88079767,   35.01320277,      6.95565747,  103.21927799,  184.01163866,   33.62354586,     15.28292634,    6.40973407,   12.47526814,   23.60239831,      7.40588335], [  154.97054299,   34.23896067,  -62.9120502 ,  -40.11116161,     32.25497163,   -9.03470893,   33.62354586,  149.96351228,     26.27914296,    8.63048928,   24.65130187,    7.02793424,     24.83418933], [  -18.44599016,   22.92616297,    0.88691103,   18.89003512,     34.02342521,   14.3523294 ,   15.28292634,   26.27914296,    109.48224224,   34.41018297,    0.58162444,    3.36150069,      7.0834123 ], [  108.35163398,  -45.1563775 ,  -45.71487273,  -21.18487551,     16.76670774,   17.13517043,    6.40973407,    8.63048928,     34.41018297,   90.20173923,   29.05210639,    3.06804399,     -1.59863279], [   68.16937662,   -1.27763306,  -52.28639524,  -59.18747019,      0.99998025,    4.03467694,   12.47526814,   24.65130187,      0.58162444,   29.05210639,   78.10261713,   23.42220076,     -2.47832284], [   -8.59317641,    2.45707188,  -32.26206873,    1.39713292,     -2.20185202,    9.30903754,   23.60239831,    7.02793424,      3.36150069,    3.06804399,   23.42220076,   67.54711845,     21.46423347], [   -5.519629  ,   -6.84209297,   -4.61170628,   15.24009824,      9.54766771,   -0.63398552,    7.40588335,   24.83418933,      7.0834123 ,   -1.59863279,   -2.47832284,   21.46423347,     71.74496426]]
/root/sim/music/out/Queen/The_Miracle/10_Was_It_All_Worth_It.mp3; [-602.93585   , 113.86678   ,  -7.738817  ,  27.392292  ,  -0.53740716,    3.1331687 ,   0.59345937,   5.107404  ,  -0.44303885,   3.7258165 ,    0.6252623 ,   1.5778227 ,   0.9458925 ]; [[17151.2626043 , -215.01822077,  662.05920724,  946.06321229,    759.42436363,  356.25622037,  602.44525154,  394.22702519,    387.72796446,  309.70759612,  -40.24239144, -352.81321397,   -370.858608  ], [ -215.01822077, 1021.55099915, -330.45366822,  110.46471875,   -143.38646794,  -22.63642523,  -37.44486846,  -39.49052505,    -49.05633845,  -36.14608964,  -19.5009698 ,   21.61644533,    -16.7024669 ], [  662.05920724, -330.45366822,  828.43722594,  170.75593824,    215.03085619,  154.6549004 ,   79.39138487,   42.71294199,     62.47169645,   44.07106878,   17.09063942,  -14.60223631,    -43.50624421], [  946.06321229,  110.46471875,  170.75593824,  356.10761818,    119.18217124,   72.38042478,   60.45714509,    7.7284055 ,     68.64412868,   34.26010346,   -9.84397007,  -14.57553659,    -35.38601272], [  759.42436363, -143.38646794,  215.03085619,  119.18217124,    321.79832559,  117.15026861,   63.61811512,   76.05015798,     45.22624242,   27.57267965,   11.57670631,  -33.42851074,    -30.13521961], [  356.25622037,  -22.63642523,  154.6549004 ,   72.38042478,    117.15026861,  203.26910562,   90.80607597,   30.07194589,     32.82090216,   -2.47857997,   -3.31167054,   -7.34397526,    -30.4366327 ], [  602.44525154,  -37.44486846,   79.39138487,   60.45714509,     63.61811512,   90.80607597,  219.997502  ,   66.72087311,     31.33346572,    6.34727167,   -7.32596611,  -23.70606514,    -32.92236493], [  394.22702519,  -39.49052505,   42.71294199,    7.7284055 ,     76.05015798,   30.07194589,   66.72087311,  152.8252555 ,     27.04353962,   26.21037594,   14.23897927,  -22.31762379,    -16.06807547], [  387.72796446,  -49.05633845,   62.47169645,   68.64412868,     45.22624242,   32.82090216,   31.33346572,   27.04353962,    137.2678353 ,   51.79558987,   -3.6163109 ,  -13.72941946,    -17.62913392], [  309.70759612,  -36.14608964,   44.07106878,   34.26010346,     27.57267965,   -2.47857997,    6.34727167,   26.21037594,     51.79558987,  104.07623454,   32.46911789,  -10.2407503 ,    -22.70196061], [  -40.24239144,  -19.5009698 ,   17.09063942,   -9.84397007,     11.57670631,   -3.31167054,   -7.32596611,   14.23897927,     -3.6163109 ,   32.46911789,   80.70305872,   31.71121879,      2.88280008], [ -352.81321397,   21.61644533,  -14.60223631,  -14.57553659,    -33.42851074,   -7.34397526,  -23.70606514,  -22.31762379,    -13.72941946,  -10.2407503 ,   31.71121879,   94.9814055 ,     41.09290005], [ -370.858608  ,  -16.7024669 ,  -43.50624421,  -35.38601272,    -30.13521961,  -30.4366327 ,  -32.92236493,  -16.06807547,    -17.62913392,  -22.70196061,    2.88280008,   41.09290005,    107.81504699]]
/root/sim/music/out/Queen/The_Miracle/02_Khash.oggi's_Ship.mp3; [-597.805    , 101.87241  ,  -5.9990287,  31.834944 ,   3.4531362,    6.21742  ,   2.5836272,  12.470553 ,  -1.7020497,  -1.8903745,   -4.2078805,  -1.209096 ,  -1.7334788]; [[16195.95973844, -757.46818668, -662.02969706,  387.79958115,   -178.59750416,   65.73585457,  -32.06333081,  291.92088085,   -150.22122507, -119.90357147, -253.66753653, -168.06641367,    -24.18681252], [ -757.46818668, 1590.35312919, -155.34768265,   94.59622176,     30.94377611,  -49.89860525,   94.90771597,   76.1634798 ,    167.15521082,   75.90260787,   75.02956626,   63.58362977,     18.26059863], [ -662.02969706, -155.34768265, 1067.66321858,  161.44599887,    -24.46610835,   53.65364856,  -72.66676469,  -88.71916373,     72.65942124,   11.2434144 ,  -22.74420585,    0.63022694,    -11.45360081], [  387.79958115,   94.59622176,  161.44599887,  312.45783177,     13.70227894,   18.49472742,  -27.18241341,  -10.92191077,     63.53441598,    0.78690429,  -24.05639539,   -3.76222226,      8.88452994], [ -178.59750416,   30.94377611,  -24.46610835,   13.70227894,    205.83854378,   28.24432507,   17.72666234,   33.78899242,      0.38225829,   17.18582014,   22.03155057,    5.73801642,     -1.35649492], [   65.73585457,  -49.89860525,   53.65364856,   18.49472742,     28.24432507,  187.2811876 ,   76.24196368,   -7.6638545 ,     -4.70593172,  -11.9505555 ,   14.65981611,    9.45532953,    -17.44795338], [  -32.06333081,   94.90771597,  -72.66676469,  -27.18241341,     17.72666234,   76.24196368,  174.75937818,   59.10979743,     15.6019134 ,   -1.73667651,   11.83709994,   14.550728  ,     -8.25539856], [  291.92088085,   76.1634798 ,  -88.71916373,  -10.92191077,     33.78899242,   -7.6638545 ,   59.10979743,  142.71562161,     38.7856325 ,   14.99013625,   -5.54907124,  -14.63003223,     12.36425188], [ -150.22122507,  167.15521082,   72.65942124,   63.53441598,      0.38225829,   -4.70593172,   15.6019134 ,   38.7856325 ,    159.41005552,   31.67452449,  -10.70130043,    3.75344467,      3.92805483], [ -119.90357147,   75.90260787,   11.2434144 ,    0.78690429,     17.18582014,  -11.9505555 ,   -1.73667651,   14.99013625,     31.67452449,   96.19982958,   29.1833228 ,    8.4548293 ,      0.50009844], [ -253.66753653,   75.02956626,  -22.74420585,  -24.05639539,     22.03155057,   14.65981611,   11.83709994,   -5.54907124,    -10.70130043,   29.1833228 ,   88.4485678 ,   32.28695897,     -0.21646893], [ -168.06641367,   63.58362977,    0.63022694,   -3.76222226,      5.73801642,    9.45532953,   14.550728  ,  -14.63003223,      3.75344467,    8.4548293 ,   32.28695897,   73.83343593,     20.02022136], [  -24.18681252,   18.26059863,  -11.45360081,    8.88452994,     -1.35649492,  -17.44795338,   -8.25539856,   12.36425188,      3.92805483,    0.50009844,   -0.21646893,   20.02022136,     71.38045269]]
/root/sim/music/out/Queen/The_Miracle/08_Scandal.mp3; [-616.9359   , 110.17208  ,   5.882371 ,  39.924553 ,   9.428252 ,    6.768725 ,   3.5788007,  13.872976 ,  -1.0120766,   3.949056 ,    2.227746 ,  -0.8518347,   0.8083748]; [[17709.86627398,  -63.37424511, -335.12960051,  572.87855837,    218.23703044,  354.7259849 ,  127.31688578,  389.82519106,     22.62439532,  162.02836169,   95.55709466,    6.81751921,    -62.46213488], [  -63.37424511,  854.3182654 , -183.46724213,   -7.15233095,    -38.03160606,  -77.82355951,   65.02595338,    1.97775635,     51.27869439,   21.37263047,   33.47843147,   22.12955011,     33.54054408], [ -335.12960051, -183.46724213,  836.11166981,  134.43338148,     50.31331218,  144.4024955 ,   11.04109671,  -16.91242172,     75.08855906,  -42.06177745,  -23.68630962,   15.2893498 ,    -40.36147016], [  572.87855837,   -7.15233095,  134.43338148,  265.15661431,     93.58771452,   55.0246368 ,   22.31975699,   28.45144458,     35.43509973,   -2.4000367 ,  -12.29342331,   -2.9257617 ,      3.8022761 ], [  218.23703044,  -38.03160606,   50.31331218,   93.58771452,    245.46595305,   62.47598723,   23.48101739,   49.1203374 ,      3.81058847,   31.09221821,   20.30960168,    3.10964475,     15.69279732], [  354.7259849 ,  -77.82355951,  144.4024955 ,   55.0246368 ,     62.47598723,  182.67621632,   55.51675997,   11.99818971,      9.03133809,   -3.41711865,   14.83240217,   -2.25481139,    -23.17762646], [  127.31688578,   65.02595338,   11.04109671,   22.31975699,     23.48101739,   55.51675997,  144.15248836,   37.52612601,      3.82179038,   11.74416771,   20.29834834,    7.4565022 ,      0.26899644], [  389.82519106,    1.97775635,  -16.91242172,   28.45144458,     49.1203374 ,   11.99818971,   37.52612601,  109.03487587,     21.79945512,   18.32626154,    5.13449441,   -8.91025722,     14.74246499], [   22.62439532,   51.27869439,   75.08855906,   35.43509973,      3.81058847,    9.03133809,    3.82179038,   21.79945512,    144.31082635,   20.2174039 ,  -15.4543065 ,   -2.99027635,    -16.63605947], [  162.02836169,   21.37263047,  -42.06177745,   -2.4000367 ,     31.09221821,   -3.41711865,   11.74416771,   18.32626154,     20.2174039 ,   87.18525048,   24.78190123,    1.77200285,      5.05205355], [   95.55709466,   33.47843147,  -23.68630962,  -12.29342331,     20.30960168,   14.83240217,   20.29834834,    5.13449441,    -15.4543065 ,   24.78190123,   93.2871989 ,   31.11485555,      4.82532621], [    6.81751921,   22.12955011,   15.2893498 ,   -2.9257617 ,      3.10964475,   -2.25481139,    7.4565022 ,   -8.91025722,     -2.99027635,    1.77200285,   31.11485555,   71.67223368,     18.64254837], [  -62.46213488,   33.54054408,  -40.36147016,    3.8022761 ,     15.69279732,  -23.17762646,    0.26899644,   14.74246499,    -16.63605947,    5.05205355,    4.82532621,   18.64254837,     83.46235682]]
/root/sim/music/out/Queen/The_Miracle/07_Rain_Must_Fall.mp3; [-665.8525    , 108.24175   ,  11.032898  ,  31.696012  ,   0.5950932 ,   -0.17965056,  -1.2450708 ,   4.085907  ,  -5.0972657 ,   1.0314128 ,   -3.5575006 ,  -3.5149152 ,  -4.227438  ]; [[19043.76596188,  964.87546862, -123.46518986,  432.56557561,    366.70572877,   62.24455935, -145.85286518,  134.79140909,   -169.97537864, -146.67695969, -141.85040752,  -51.71912977,    -26.99284291], [  964.87546862, 2045.30631589, -259.16139199,  101.7087933 ,     56.66582916,   45.46885234,  111.50711874,  130.17810067,     35.16849741,   65.9215927 ,   34.98445677,   65.88484631,     66.17142391], [ -123.46518986, -259.16139199, 1173.73985814,  327.32776227,    131.83928198,  231.82227215,  104.79601934,   10.78910973,    161.48292216,  -34.40473   ,   -3.71019509,    1.42773769,    -30.21016773], [  432.56557561,  101.7087933 ,  327.32776227,  586.26452296,    134.11296991,  177.93392276,   35.43358903,   -2.23182829,    151.0873619 ,   -6.06450468,    0.61226536,    4.68816564,      5.11658803], [  366.70572877,   56.66582916,  131.83928198,  134.11296991,    320.18455577,  122.09462635,   32.57149971,   48.23175892,     69.46037805,   32.37482845,   18.10349424,   -0.45950984,     16.19193699], [   62.24455935,   45.46885234,  231.82227215,  177.93392276,    122.09462635,  334.47768608,  143.01726702,   20.07930261,    127.52390994,   20.34370701,   49.96379099,   20.85970357,     -4.59298559], [ -145.85286518,  111.50711874,  104.79601934,   35.43358903,     32.57149971,  143.01726702,  249.50369435,  103.51373903,     69.21981303,   39.51900818,   49.57289012,   37.24121935,      8.4783972 ], [  134.79140909,  130.17810067,   10.78910973,   -2.23182829,     48.23175892,   20.07930261,  103.51373903,  191.6554544 ,     44.77338696,   44.54995492,   11.6825344 ,   13.4787364 ,     12.68924898], [ -169.97537864,   35.16849741,  161.48292216,  151.0873619 ,     69.46037805,  127.52390994,   69.21981303,   44.77338696,    247.01177192,   58.31969452,   45.04210525,   32.98040311,      4.41477029], [ -146.67695969,   65.9215927 ,  -34.40473   ,   -6.06450468,     32.37482845,   20.34370701,   39.51900818,   44.54995492,     58.31969452,  146.99086292,   67.92879797,   37.53935088,     14.99923913], [ -141.85040752,   34.98445677,   -3.71019509,    0.61226536,     18.10349424,   49.96379099,   49.57289012,   11.6825344 ,     45.04210525,   67.92879797,  131.7650787 ,   77.35922915,     33.99371123], [  -51.71912977,   65.88484631,    1.42773769,    4.68816564,     -0.45950984,   20.85970357,   37.24121935,   13.4787364 ,     32.98040311,   37.53935088,   77.35922915,  137.15834616,     67.15720321], [  -26.99284291,   66.17142391,  -30.21016773,    5.11658803,     16.19193699,   -4.59298559,    8.4783972 ,   12.68924898,      4.41477029,   14.99923913,   33.99371123,   67.15720321,    119.13893294]]
/root/sim/music/out/Queen/The_Miracle/03_The_Miracle.mp3; [-582.4367    , 108.5363    ,  -1.3903183 ,  22.735344  ,   3.6093423 ,   -0.26446658,   0.5721572 ,  12.6548    ,  -8.364298  ,   5.400009  ,   -0.70025676,  -1.8005621 ,  -0.9670326 ]; [[12921.43286493, -119.10064603, -260.68843237,   11.02416811,    -15.64032645,   50.09876901,   80.51687471,  254.15259434,   -118.92387211,   69.98396783,   45.55485176,   21.29140551,     11.06324296], [ -119.10064603, 1363.21680384, -243.33967043,   94.43257445,     21.30996069,  -14.64311   ,   30.82615471,  -19.05122725,    -22.7382673 ,    8.10856547,    8.23137872,    3.64385964,     14.15596923], [ -260.68843237, -243.33967043,  840.64044071,  169.53418937,    131.13860282,  156.38729654,  -28.56733016,  -57.05573362,    143.14672052,  -15.56736182,  -19.46060043,   35.65338226,     -9.90717414], [   11.02416811,   94.43257445,  169.53418937,  438.66304027,    178.36533236,   66.47568082,  -31.57829678,   -0.09392631,    118.42047647,   27.20767663,  -10.14249331,    3.72844283,     56.32270832], [  -15.64032645,   21.30996069,  131.13860282,  178.36533236,    258.21422752,   65.06747956,  -32.67006367,    1.17981606,     43.6761249 ,   36.2654908 ,   -6.05705605,   -2.49232423,     26.99988812], [   50.09876901,  -14.64311   ,  156.38729654,   66.47568082,     65.06747956,  188.92239356,   52.88718594,   -6.36127245,     65.06029641,   -3.56242045,   14.51414584,   12.73351707,      2.08418921], [   80.51687471,   30.82615471,  -28.56733016,  -31.57829678,    -32.67006367,   52.88718594,  189.79959755,   91.46912356,    -14.19942804,    2.73371924,   25.16996188,   21.75389143,     -2.05642077], [  254.15259434,  -19.05122725,  -57.05573362,   -0.09392631,      1.17981606,   -6.36127245,   91.46912356,  178.59667344,      4.38881194,   44.78653544,   17.91794944,    3.11790886,      7.06888658], [ -118.92387211,  -22.7382673 ,  143.14672052,  118.42047647,     43.6761249 ,   65.06029641,  -14.19942804,    4.38881194,    222.47666304,   40.42648807,    5.92789652,    8.07423344,     12.32851506], [   69.98396783,    8.10856547,  -15.56736182,   27.20767663,     36.2654908 ,   -3.56242045,    2.73371924,   44.78653544,     40.42648807,  138.84640773,   55.72861426,   14.96775373,      2.58803358], [   45.55485176,    8.23137872,  -19.46060043,  -10.14249331,     -6.05705605,   14.51414584,   25.16996188,   17.91794944,      5.92789652,   55.72861426,  109.09427905,   39.9592456 ,      3.70631639], [   21.29140551,    3.64385964,   35.65338226,    3.72844283,     -2.49232423,   12.73351707,   21.75389143,    3.11790886,      8.07423344,   14.96775373,   39.9592456 ,   91.96353502,     33.12841526], [   11.06324296,   14.15596923,   -9.90717414,   56.32270832,     26.99988812,    2.08418921,   -2.05642077,    7.06888658,     12.32851506,    2.58803358,    3.70631639,   33.12841526,    107.48247038]]
