/root/sim/music/out/Beady_Eye/Different_Gear_Still_Speeding_[Bonus_Tr/02_Millionaire.mp3; [-470.80927   ,  95.706154  ,  -1.6995475 ,  32.2879    ,   8.415417  ,   14.557312  ,  -2.6887703 ,   9.975677  ,   2.651128  ,   3.8207524 ,    8.560024  ,  -1.9211841 ,  -0.20661364]; [[13195.15535601, -173.60424676,  -70.7653939 ,  259.09500428,    103.96246242,  357.2022385 ,    7.46241227,  365.65655358,    143.70766986,  104.71464349,  138.67016691,  -49.93683575,     88.94897441], [ -173.60424676,  801.04272983, -233.00367298,  -49.9759186 ,    -16.82333524,  -42.69939306,   22.63622612,    0.50353683,     -7.50654447,   24.59474148,   40.00087545,    0.15163491,    -12.46841064], [  -70.7653939 , -233.00367298,  277.652138  ,   25.84447517,     10.66556488,   28.26951683,    4.03651302,   -0.93546182,    -12.95383427,   -1.0331065 ,    8.88708392,   31.43316346,      7.43113332], [  259.09500428,  -49.9759186 ,   25.84447517,  211.7653461 ,     50.1219187 ,    6.03385268,  -25.84938799,    1.00906722,     10.80627732,  -19.52633472,  -13.438596  ,   30.8807407 ,     38.32051603], [  103.96246242,  -16.82333524,   10.66556488,   50.1219187 ,    136.05724865,   26.67432988,   -9.60398378,   14.88749677,     21.16702982,   -8.59092878,    6.16586028,   18.25599544,     21.10654448], [  357.2022385 ,  -42.69939306,   28.26951683,    6.03385268,     26.67432988,  121.61956952,   61.62275478,   37.92686403,      3.17186036,   19.66859225,   10.28934331,   10.19403479,      2.65851065], [    7.46241227,   22.63622612,    4.03651302,  -25.84938799,     -9.60398378,   61.62275478,  136.54559409,   33.78496086,     -3.3926465 ,   16.42616084,    3.07400975,   17.20802232,     -7.44061197], [  365.65655358,    0.50353683,   -0.93546182,    1.00906722,     14.88749677,   37.92686403,   33.78496086,  109.81972817,     32.80067835,   22.51685096,   20.21030467,    4.93323514,     15.47645945], [  143.70766986,   -7.50654447,  -12.95383427,   10.80627732,     21.16702982,    3.17186036,   -3.3926465 ,   32.80067835,     86.26032919,   28.76704496,   -1.05806361,   -3.17071145,      4.60530524], [  104.71464349,   24.59474148,   -1.0331065 ,  -19.52633472,     -8.59092878,   19.66859225,   16.42616084,   22.51685096,     28.76704496,   99.22918319,   34.78363597,   -9.56916496,     -8.47177597], [  138.67016691,   40.00087545,    8.88708392,  -13.438596  ,      6.16586028,   10.28934331,    3.07400975,   20.21030467,     -1.05806361,   34.78363597,   75.93885504,   15.17959585,      2.55231969], [  -49.93683575,    0.15163491,   31.43316346,   30.8807407 ,     18.25599544,   10.19403479,   17.20802232,    4.93323514,     -3.17071145,   -9.56916496,   15.17959585,   76.55340168,     26.70740911], [   88.94897441,  -12.46841064,    7.43113332,   38.32051603,     21.10654448,    2.65851065,   -7.44061197,   15.47645945,      4.60530524,   -8.47177597,    2.55231969,   26.70740911,     61.82783005]]
/root/sim/music/out/Beady_Eye/Different_Gear_Still_Speeding_[Bonus_Tr/07_For_Anyone.mp3; [-519.4335   , 110.521194 ,   4.788551 ,  19.129969 ,   4.8044972,   13.344176 ,   1.8815768,   4.6707516,  -1.1596608,   1.9905528,   -2.5193238,  -7.8416643,  -3.3118708]; [[24917.70515963,-1267.57920555,-1415.64796629,  -44.16336705,    -68.25749764,  761.0247845 ,  383.55487499,  503.67462794,     68.57868971,  257.70525293,  175.7369909 ,  -39.15251949,     67.98822834], [-1267.57920555, 1263.12887092,  -77.85739952,  -16.5266444 ,     12.53279755,  -97.72229111,  -45.87588146,  -38.82048403,     -1.06042933,   -7.00735978,  -32.48123976,  -29.49862288,    -26.35153205], [-1415.64796629,  -77.85739952,  541.22148281,  -19.3973316 ,    -33.29198463,  -33.51362283,  -61.76529309,  -38.70624619,    -20.41875137,  -23.5304296 ,  -15.74916469,   -0.38519039,     -7.73922424], [  -44.16336705,  -16.5266444 ,  -19.3973316 ,  255.84262731,     85.22156249,  -29.005223  ,    2.87907812,    2.60034667,     25.04183344,  -36.85991737,  -15.16068045,   36.27027067,     21.13480027], [  -68.25749764,   12.53279755,  -33.29198463,   85.22156249,    147.29523618,    3.95172261,   32.52764041,   -6.96650978,     15.02362865,  -16.09007899,    0.90740332,   23.47053987,      8.64158707], [  761.0247845 ,  -97.72229111,  -33.51362283,  -29.005223  ,      3.95172261,  165.52883861,   68.07691814,   38.4638374 ,     14.96312508,   26.4593743 ,   21.7090586 ,    7.69984307,     10.72285728], [  383.55487499,  -45.87588146,  -61.76529309,    2.87907812,     32.52764041,   68.07691814,  137.57560929,   32.69089664,     16.09216159,    6.02394611,   10.84548337,   25.44974796,      7.66677209], [  503.67462794,  -38.82048403,  -38.70624619,    2.60034667,     -6.96650978,   38.4638374 ,   32.69089664,   95.08804954,     16.87623176,   19.07407376,   16.19571974,    9.56731678,     13.65871368], [   68.57868971,   -1.06042933,  -20.41875137,   25.04183344,     15.02362865,   14.96312508,   16.09216159,   16.87623176,     80.7177758 ,    9.4069448 ,   -8.51965426,   13.2365898 ,      6.10701929], [  257.70525293,   -7.00735978,  -23.5304296 ,  -36.85991737,    -16.09007899,   26.4593743 ,    6.02394611,   19.07407376,      9.4069448 ,   79.72247646,   29.48608027,  -14.59825456,     -1.06460452], [  175.7369909 ,  -32.48123976,  -15.74916469,  -15.16068045,      0.90740332,   21.7090586 ,   10.84548337,   16.19571974,     -8.51965426,   29.48608027,   59.36960256,   14.45976476,      2.33968287], [  -39.15251949,  -29.49862288,   -0.38519039,   36.27027067,     23.47053987,    7.69984307,   25.44974796,    9.56731678,     13.2365898 ,  -14.59825456,   14.45976476,   68.94504257,     21.0357066 ], [   67.98822834,  -26.35153205,   -7.73922424,   21.13480027,      8.64158707,   10.72285728,    7.66677209,   13.65871368,      6.10701929,   -1.06460452,    2.33968287,   21.0357066 ,     46.35010232]]
/root/sim/music/out/Beady_Eye/Different_Gear_Still_Speeding_[Bonus_Tr/04_Beatles_And_Stones.mp3; [-465.48306   ,  96.10148   , -13.217842  ,  16.407127  ,   7.0066457 ,   12.880002  ,  10.410393  ,   8.806809  ,   4.1480217 ,   8.146687  ,    0.9340692 ,  -1.4579359 ,  -0.09082765]; [[10273.35176831,  148.81610924, -191.65033237,   28.24582189,   -159.42407427,  -86.71841205,  -62.18055785,  164.19093229,    173.50651469,  113.69555255,  -48.89639574, -115.14138286,    -91.49922212], [  148.81610924,  696.48224538, -252.97385766,    2.14470662,     -1.05885004,   31.61885463,   75.37398956,   43.00287792,     24.22449594,   49.94543974,   49.09277875,   31.24023309,     47.7206012 ], [ -191.65033237, -252.97385766,  335.40978497,   49.97068627,     30.99711496,    3.64196951,   -4.18499471,  -11.93517435,    -11.00226795,  -13.46346939,  -21.59533515,    4.85842263,    -11.72449702], [   28.24582189,    2.14470662,   49.97068627,  132.79846662,     50.53249233,    6.24019331,    9.20473632,   13.12435305,     32.95690645,    8.8791974 ,   -4.45961438,   11.73564713,     10.45784209], [ -159.42407427,   -1.05885004,   30.99711496,   50.53249233,     95.16811231,   27.63630694,   11.64901007,    5.94236486,     17.84713402,    6.20925047,    0.95164545,   10.70417028,     12.13758233], [  -86.71841205,   31.61885463,    3.64196951,    6.24019331,     27.63630694,  104.95171945,   47.35870338,    9.10285899,      0.76243566,   19.91064484,   25.10703633,   -2.54312828,      4.6075603 ], [  -62.18055785,   75.37398956,   -4.18499471,    9.20473632,     11.64901007,   47.35870338,  103.39968421,   39.42953887,     15.6488372 ,   21.79807751,   20.58010381,   13.99771138,     12.75169215], [  164.19093229,   43.00287792,  -11.93517435,   13.12435305,      5.94236486,    9.10285899,   39.42953887,   79.58714989,     45.60982702,   17.95898953,    8.47084317,   14.13950497,     12.17644946], [  173.50651469,   24.22449594,  -11.00226795,   32.95690645,     17.84713402,    0.76243566,   15.6488372 ,   45.60982702,     83.75376473,   34.63467873,    2.63749286,    9.26698673,     10.05384102], [  113.69555255,   49.94543974,  -13.46346939,    8.8791974 ,      6.20925047,   19.91064484,   21.79807751,   17.95898953,     34.63467873,   67.7121844 ,   29.73983854,   -0.29435307,      3.04369727], [  -48.89639574,   49.09277875,  -21.59533515,   -4.45961438,      0.95164545,   25.10703633,   20.58010381,    8.47084317,      2.63749286,   29.73983854,   60.59499307,   15.0494772 ,      1.12611741], [ -115.14138286,   31.24023309,    4.85842263,   11.73564713,     10.70417028,   -2.54312828,   13.99771138,   14.13950497,      9.26698673,   -0.29435307,   15.0494772 ,   57.07318716,     30.45850596], [  -91.49922212,   47.7206012 ,  -11.72449702,   10.45784209,     12.13758233,    4.6075603 ,   12.75169215,   12.17644946,     10.05384102,    3.04369727,    1.12611741,   30.45850596,     57.39316389]]
/root/sim/music/out/Beady_Eye/BE/11_Start_Anew.mp3; [-616.82355   , 152.35129   ,  -7.1451793 ,  23.451885  ,   7.1975937 ,    8.372907  ,  -4.8901844 ,  -2.7749147 ,  -5.1370344 ,  -1.129878  ,   -2.847784  ,   0.11731663,   2.2549307 ]; [[22768.52592604, -238.26158101, -720.74658716,  220.20672979,    -48.1630208 ,  363.65155735,  600.87249654,  746.66882133,    531.69569339,  314.70943885,  337.11888893,  195.8527212 ,    266.73333418], [ -238.26158101, 2074.23536195, -432.45763196,  174.15613644,     54.40531158,  -53.22359952,    5.95203657, -134.68847766,    -65.27664517,   -2.96070576,  -78.23977222,  -16.56966712,    -24.82298435], [ -720.74658716, -432.45763196,  811.09760324, -121.91196962,     48.91950403,   78.9123338 , -116.76288951,  -22.16944691,    -96.28857564,  -59.96490331,   27.90262211,   12.71411105,    -13.48719692], [  220.20672979,  174.15613644, -121.91196962,  357.71113885,    104.49017376,   53.93803933,   82.63570826,   43.91803089,     81.87140856,  -17.37887975,   25.81927388,   40.76709287,     30.37606917], [  -48.1630208 ,   54.40531158,   48.91950403,  104.49017376,    206.70169626,   86.42552023,   69.32760985,   38.72244988,     32.4351022 ,   -6.52166019,   25.40539893,   29.4863175 ,     23.34024293], [  363.65155735,  -53.22359952,   78.9123338 ,   53.93803933,     86.42552023,  231.8431755 ,  134.43437384,   59.33184951,     40.1762764 ,   -4.83119364,   56.51941014,   39.1259234 ,     34.85699867], [  600.87249654,    5.95203657, -116.76288951,   82.63570826,     69.32760985,  134.43437384,  270.6677025 ,  123.8833706 ,    107.02157172,   22.66180737,   70.30708869,   42.63138793,     30.76799253], [  746.66882133, -134.68847766,  -22.16944691,   43.91803089,     38.72244988,   59.33184951,  123.8833706 ,  182.88052616,    104.72136957,   17.58891742,   50.19517093,   24.76821652,     20.24221094], [  531.69569339,  -65.27664517,  -96.28857564,   81.87140856,     32.4351022 ,   40.1762764 ,  107.02157172,  104.72136957,    180.20611346,   31.948247  ,   39.14701024,   25.44404358,     14.23242235], [  314.70943885,   -2.96070576,  -59.96490331,  -17.37887975,     -6.52166019,   -4.83119364,   22.66180737,   17.58891742,     31.948247  ,   98.8907361 ,   25.70814617,   -7.27786339,      5.47200247], [  337.11888893,  -78.23977222,   27.90262211,   25.81927388,     25.40539893,   56.51941014,   70.30708869,   50.19517093,     39.14701024,   25.70814617,   98.57022741,   32.44681104,     10.85795743], [  195.8527212 ,  -16.56966712,   12.71411105,   40.76709287,     29.4863175 ,   39.1259234 ,   42.63138793,   24.76821652,     25.44404358,   -7.27786339,   32.44681104,   80.02799596,     33.12076359], [  266.73333418,  -24.82298435,  -13.48719692,   30.37606917,     23.34024293,   34.85699867,   30.76799253,   20.24221094,     14.23242235,    5.47200247,   10.85795743,   33.12076359,     70.58916079]]
/root/sim/music/out/Beady_Eye/BE/10_Ballroom_Figured.mp3; [-613.8997   , 143.16013  ,  -4.1556783,  21.172955 ,  -8.47485  ,   11.157712 ,   5.2008886,   2.8364766,  -7.734597 ,   1.1968511,    0.8664733,  -4.8193097,  -2.5702085]; [[11983.51247135,-1454.4262308 , -736.72427308, -392.45424932,    -35.81998056,  -80.43649589, -217.39314296,  251.60558812,    -22.06885002,  239.65954758,  132.7602575 , -212.79794624,   -285.926735  ], [-1454.4262308 , 1914.18785924, -443.71496478,   36.70252456,   -184.32718154,    9.2035691 ,   74.10663108,   -7.29345101,    -97.33528713,   -5.1428419 ,    2.73151136,  -41.1214753 ,     26.17702184], [ -736.72427308, -443.71496478,  720.99978418,   49.74153711,    121.08673001,   51.00639165,   68.55490727,  -62.24337367,     71.21408317,  -69.19882491,  -15.57967796,   94.82607042,     69.17054024], [ -392.45424932,   36.70252456,   49.74153711,  323.01870826,     58.37194942,    6.08562822,  -42.3278353 ,  -25.33104966,     31.58596406,  -53.16916542,  -41.66013323,   48.77376551,     68.20719021], [  -35.81998056, -184.32718154,  121.08673001,   58.37194942,    253.95809877,   -3.60943516,   -9.38621607,  -26.67638441,     64.85071048,   -0.09666011,   -4.82101909,   34.69776084,     10.5991948 ], [  -80.43649589,    9.2035691 ,   51.00639165,    6.08562822,     -3.60943516,  207.52725614,   95.73363   ,  -35.62639457,     15.32224945,  -19.00709619,    9.06709952,    7.95694482,     10.64042618], [ -217.39314296,   74.10663108,   68.55490727,  -42.3278353 ,     -9.38621607,   95.73363   ,  242.52348907,  -21.89941962,     12.1266833 ,  -20.63294401,   11.53010543,   26.99603756,      2.92588651], [  251.60558812,   -7.29345101,  -62.24337367,  -25.33104966,    -26.67638441,  -35.62639457,  -21.89941962,  127.68082372,     -1.41372554,   32.67564597,    8.73699978,  -13.21148527,    -11.81585063], [  -22.06885002,  -97.33528713,   71.21408317,   31.58596406,     64.85071048,   15.32224945,   12.1266833 ,   -1.41372554,    128.95792693,    2.88258063,   -1.98840346,   15.11870221,     11.58309568], [  239.65954758,   -5.1428419 ,  -69.19882491,  -53.16916542,     -0.09666011,  -19.00709619,  -20.63294401,   32.67564597,      2.88258063,  122.27822379,   25.69449781,  -38.66403682,    -25.99393317], [  132.7602575 ,    2.73151136,  -15.57967796,  -41.66013323,     -4.82101909,    9.06709952,   11.53010543,    8.73699978,     -1.98840346,   25.69449781,   82.96296138,   -2.43333553,    -14.2693809 ], [ -212.79794624,  -41.1214753 ,   94.82607042,   48.77376551,     34.69776084,    7.95694482,   26.99603756,  -13.21148527,     15.11870221,  -38.66403682,   -2.43333553,  104.33553485,     35.09626261], [ -285.926735  ,   26.17702184,   69.17054024,   68.20719021,     10.5991948 ,   10.64042618,    2.92588651,  -11.81585063,     11.58309568,  -25.99393317,  -14.2693809 ,   35.09626261,     96.83427341]]
/root/sim/music/out/Beady_Eye/BE/03_Face_The_Crowd.mp3; [-481.6886    , 114.26205   , -16.654182  ,  32.48652   ,   8.762381  ,   10.429665  ,   2.2140684 ,   6.73492   ,  -1.1428345 ,   2.1326137 ,   -2.9044142 ,  -4.7976947 ,   0.37204668]; [[9580.80770676, 119.57963663, 802.50247182, 675.078887  , 376.31017655,   329.73711753, 179.11469345, 236.86783506,  29.24096552, 139.95090642,   -14.20838501, -52.92530393,  20.48308711], [ 119.57963663, 714.01850222,-359.58825897, 119.79649003, -88.79178497,   -42.22115139,   2.96978026, -18.05366646, -15.22355473,   0.54908952,   -10.22482427,   7.01831736,  -7.10342836], [ 802.50247182,-359.58825897, 628.67992019,  49.09474119, 147.45562039,    82.98385752,  40.04136868,  76.0073748 ,   8.01122943,  38.70555766,    34.33960281,  17.66153862,  24.2404992 ], [ 675.078887  , 119.79649003,  49.09474119, 372.77997692,  59.39947595,    36.86143617,  31.83370612,   8.81989733,  15.85600106,   6.87693082,   -10.96372658,  15.91536068,  20.44622565], [ 376.31017655, -88.79178497, 147.45562039,  59.39947595, 140.84222201,    54.90411269,  31.8005947 ,  30.83389866,  16.86882555,  21.64303949,     8.49673307,  16.25963244,  10.69157874], [ 329.73711753, -42.22115139,  82.98385752,  36.86143617,  54.90411269,   114.41731995,  52.53957225,  30.23804736,   4.82829845,  14.33806818,     5.78471402,  -8.61754826,  -2.53779062], [ 179.11469345,   2.96978026,  40.04136868,  31.83370612,  31.8005947 ,    52.53957225,  97.83309313,  40.1166782 ,   7.49693252,   8.56382084,     1.45579177,   4.49974965,  -3.43304077], [ 236.86783506, -18.05366646,  76.0073748 ,   8.81989733,  30.83389866,    30.23804736,  40.1166782 ,  83.02631651,  21.05178885,  16.12766867,     5.39872113,   2.69499975,  -0.26315542], [  29.24096552, -15.22355473,   8.01122943,  15.85600106,  16.86882555,     4.82829845,   7.49693252,  21.05178885,  70.88800523,  27.79446914,     8.89729969,   0.97176928,   1.11483941], [ 139.95090642,   0.54908952,  38.70555766,   6.87693082,  21.64303949,    14.33806818,   8.56382084,  16.12766867,  27.79446914,  67.52544226,    25.06193724,   1.33243212,  -0.17569512], [ -14.20838501, -10.22482427,  34.33960281, -10.96372658,   8.49673307,     5.78471402,   1.45579177,   5.39872113,   8.89729969,  25.06193724,    54.99977384,  14.72289562,  -0.81730778], [ -52.92530393,   7.01831736,  17.66153862,  15.91536068,  16.25963244,    -8.61754826,   4.49974965,   2.69499975,   0.97176928,   1.33243212,    14.72289562,  57.30013376,  20.92593199], [  20.48308711,  -7.10342836,  24.2404992 ,  20.44622565,  10.69157874,    -2.53779062,  -3.43304077,  -0.26315542,   1.11483941,  -0.17569512,    -0.81730778,  20.92593199,  48.70546518]]
/root/sim/music/out/Beady_Eye/BE/12_Dreaming_Of_Some_Space.mp3; [-599.7959   , 132.15422  ,  -8.015149 ,  31.160978 , -10.877319 ,   -2.3602102,  -3.0498242,   1.0641892,  -1.4645743,  -3.2376704,   -1.9254981,  -0.3826901,  -7.399718 ]; [[22516.6583401 ,  300.87331774,  448.9441316 ,  702.49624537,   -562.87594208,  -43.48105207, -293.40940427, -118.94121815,   -164.53551889, -104.76658945,   87.94276432,   20.20800141,   -173.48335939], [  300.87331774, 1822.11101071, -799.95558442,  161.48427226,    -41.01883446,  -44.56513943,  175.94740351,   67.01264724,     34.599714  ,   35.54448456,  -52.61234532,   12.27137157,    -14.60618448], [  448.9441316 , -799.95558442,  790.51714386, -128.26375163,      8.09607246,   24.83635687, -127.29696751,    1.62891762,    -12.17336465,   13.45210133,   60.02963706,   -9.05081718,     12.3290004 ], [  702.49624537,  161.48427226, -128.26375163,  322.64084936,     44.27757468,    0.22215835,   34.44373164,  -47.91513396,    -55.90478793,  -35.89753531,   -3.07690646,   53.88281484,    -11.42261496], [ -562.87594208,  -41.01883446,    8.09607246,   44.27757468,    155.02624814,   19.85247455,   -3.216641  ,    0.97524099,     17.21221491,   -0.1166779 ,  -10.10717012,    9.71121351,     16.622288  ], [  -43.48105207,  -44.56513943,   24.83635687,    0.22215835,     19.85247455,  108.43248169,   40.60094702,   19.58778866,     -5.89860276,    4.72484423,   19.28573621,   23.61081091,      1.53228366], [ -293.40940427,  175.94740351, -127.29696751,   34.44373164,     -3.216641  ,   40.60094702,  194.08281138,   28.33667575,    -22.40157731,   -7.4143034 ,   19.67539352,   43.62944441,     -6.47955449], [ -118.94121815,   67.01264724,    1.62891762,  -47.91513396,      0.97524099,   19.58778866,   28.33667575,  103.08291964,     41.66168302,   21.07202703,    1.23183084,   -1.90813167,     17.27620645], [ -164.53551889,   34.599714  ,  -12.17336465,  -55.90478793,     17.21221491,   -5.89860276,  -22.40157731,   41.66168302,    133.00862077,   52.47260605,  -17.05903921,  -22.7323412 ,     16.51533958], [ -104.76658945,   35.54448456,   13.45210133,  -35.89753531,     -0.1166779 ,    4.72484423,   -7.4143034 ,   21.07202703,     52.47260605,   90.42350108,   16.06568186,  -16.48402126,     10.54431761], [   87.94276432,  -52.61234532,   60.02963706,   -3.07690646,    -10.10717012,   19.28573621,   19.67539352,    1.23183084,    -17.05903921,   16.06568186,   72.84714878,   27.91632666,      1.35345651], [   20.20800141,   12.27137157,   -9.05081718,   53.88281484,      9.71121351,   23.61081091,   43.62944441,   -1.90813167,    -22.7323412 ,  -16.48402126,   27.91632666,   85.99189104,     11.12342398], [ -173.48335939,  -14.60618448,   12.3290004 ,  -11.42261496,     16.622288  ,    1.53228366,   -6.47955449,   17.27620645,     16.51533958,   10.54431761,    1.35345651,   11.12342398,     59.09553524]]
/root/sim/music/out/Beady_Eye/BE/02_Soul_Love.mp3; [-642.4262    , 175.78954   ,  -7.6540036 ,  33.24461   ,  -0.1654549 ,    3.0747013 ,  -0.5278863 ,  -1.1442559 ,  -7.450293  ,   7.239289  ,    2.8842475 ,  -0.82611936,  -1.2542471 ]; [[19179.3768818 ,-3187.52433209,  215.00276199, -481.52316528,    -53.7852967 , 1806.0516793 ,  228.23700695, 1539.78351411,    940.02047369,  556.19342296,  677.87589466,  386.42001768,    379.94188208], [-3187.52433209, 2408.52096074, -920.73823916,  105.14827302,   -155.17399672, -465.46427939,   40.75443665, -259.62046723,   -241.76158654,  -42.90568267,  -37.51587456, -123.11652586,    -52.31220794], [  215.00276199, -920.73823916, 1142.79474933,  -13.07245264,    402.30302146,  273.56108943,  120.20482386,  130.46318787,    169.43962386,   68.0261431 ,  -44.10014656,  143.05477922,     98.60860758], [ -481.52316528,  105.14827302,  -13.07245264,  308.8005278 ,     75.69243034,  -86.40004447,   -9.75084289,  -16.2950428 ,    -19.93954292,   -9.97206458,  -16.69997261,  -20.58533763,     16.77526419], [  -53.7852967 , -155.17399672,  402.30302146,   75.69243034,    687.58468176,  159.57982386,   59.35467252,  280.75654855,     88.6328722 ,  -26.92417734,   81.41400124,   27.56186638,    101.96599418], [ 1806.0516793 , -465.46427939,  273.56108943,  -86.40004447,    159.57982386,  534.74296316,   65.90621952,  269.31074645,    222.23540934,   39.09108671,   95.45194707,  119.64818662,    106.5062633 ], [  228.23700695,   40.75443665,  120.20482386,   -9.75084289,     59.35467252,   65.90621952,  248.77823353,   27.24515274,     44.12640298,   96.70257802,  -18.57748265,   40.2106045 ,     38.35842478], [ 1539.78351411, -259.62046723,  130.46318787,  -16.2950428 ,    280.75654855,  269.31074645,   27.24515274,  501.94353513,    171.06103534,   43.09423943,  175.93036417,   12.62103962,     97.50847892], [  940.02047369, -241.76158654,  169.43962386,  -19.93954292,     88.6328722 ,  222.23540934,   44.12640298,  171.06103534,    244.56328447,   61.12454282,   39.17176767,   70.06415262,     59.16676769], [  556.19342296,  -42.90568267,   68.0261431 ,   -9.97206458,    -26.92417734,   39.09108671,   96.70257802,   43.09423943,     61.12454282,  209.82059648,   42.70830625,   25.44996321,     21.17179654], [  677.87589466,  -37.51587456,  -44.10014656,  -16.69997261,     81.41400124,   95.45194707,  -18.57748265,  175.93036417,     39.17176767,   42.70830625,  192.22661014,   14.62896564,     21.57450842], [  386.42001768, -123.11652586,  143.05477922,  -20.58533763,     27.56186638,  119.64818662,   40.2106045 ,   12.62103962,     70.06415262,   25.44996321,   14.62896564,  140.22289814,     70.31987793], [  379.94188208,  -52.31220794,   98.60860758,   16.77526419,    101.96599418,  106.5062633 ,   38.35842478,   97.50847892,     59.16676769,   21.17179654,   21.57450842,   70.31987793,    138.78256848]]
/root/sim/music/out/Beady_Eye/BE/07_I'm_Just_Saying.mp3; [-474.81815   ,  97.366585  , -10.832868  ,  39.7581    ,   8.31971   ,   14.286697  ,  -3.3388982 ,   3.7999372 ,   8.307219  ,   4.198406  ,    2.50764   ,   0.759313  ,  -0.34118444]; [[10481.40004634, -418.04019695,  541.82062644,  162.9954777 ,     46.06086965,  137.84923799,  -85.33095348,  251.29096253,    284.06711932,  289.3970312 ,  303.99422238,  227.80444321,    181.68660781], [ -418.04019695,  769.74197214, -394.18060256,   61.87760619,    -67.2807263 ,  -83.83569779,   13.75559924,  -37.36389964,    -76.12142359,  -32.00483861,  -40.14515165,  -82.90540906,    -34.16090325], [  541.82062644, -394.18060256,  644.00198861,  -32.05990188,     65.52764023,  140.08070508,   23.78165641,   88.47833143,     69.47307694,   89.55047548,   90.5443301 ,   75.57399737,     31.60822361], [  162.9954777 ,   61.87760619,  -32.05990188,  183.9267381 ,     36.57798533,  -21.51684403,  -21.51647044,   -1.36352169,     18.22759968,    2.53841662,  -10.01644434,    9.33422499,     18.81067029], [   46.06086965,  -67.2807263 ,   65.52764023,   36.57798533,    114.00696855,   37.41213672,   13.46340163,   20.47385296,     26.42282503,   14.8989496 ,    7.80753482,   14.66657842,      2.90443102], [  137.84923799,  -83.83569779,  140.08070508,  -21.51684403,     37.41213672,  142.11031644,   55.94579301,   41.49657824,     14.24022435,   24.42495659,   32.94342756,    4.07634156,    -14.64688363], [  -85.33095348,   13.75559924,   23.78165641,  -21.51647044,     13.46340163,   55.94579301,  122.88809621,   38.18809604,      7.93913484,    9.8027784 ,   23.35966448,   -1.64317657,    -14.35134374], [  251.29096253,  -37.36389964,   88.47833143,   -1.36352169,     20.47385296,   41.49657824,   38.18809604,  121.94775319,     37.32584018,   51.47158429,   43.18065747,   16.47496926,     15.70019304], [  284.06711932,  -76.12142359,   69.47307694,   18.22759968,     26.42282503,   14.24022435,    7.93913484,   37.32584018,    100.75858022,   40.01577897,   22.92746953,   21.56212745,     10.08629868], [  289.3970312 ,  -32.00483861,   89.55047548,    2.53841662,     14.8989496 ,   24.42495659,    9.8027784 ,   51.47158429,     40.01577897,  104.19518808,   62.79643394,   17.15524675,     21.78968442], [  303.99422238,  -40.14515165,   90.5443301 ,  -10.01644434,      7.80753482,   32.94342756,   23.35966448,   43.18065747,     22.92746953,   62.79643394,   97.13759196,   38.69937318,     18.23955244], [  227.80444321,  -82.90540906,   75.57399737,    9.33422499,     14.66657842,    4.07634156,   -1.64317657,   16.47496926,     21.56212745,   17.15524675,   38.69937318,   84.36217406,     43.79315594], [  181.68660781,  -34.16090325,   31.60822361,   18.81067029,      2.90443102,  -14.64688363,  -14.35134374,   15.70019304,     10.08629868,   21.78968442,   18.23955244,   43.79315594,     80.8878344 ]]
/root/sim/music/out/Beady_Eye/BE/15_Off_At_The_Next_Exit.mp3; [-605.40466   , 146.17928   ,  13.054569  ,  32.87227   ,  10.792018  ,   15.392836  ,   4.2415934 ,  13.648608  ,   1.1600103 ,   5.930899  ,    0.16009063,  -0.53540176,  -1.3468761 ]; [[20785.65627118,  271.44016439,-1390.89843689,  498.70037317,    -62.24668382, -197.24103796, -234.3241673 ,  412.33426842,    189.41707747,  721.18623724,  368.927272  ,  -52.16760085,     99.2219231 ], [  271.44016439, 1830.6842266 , -216.33064257,  -18.45722188,    -23.15987024,   84.20849975,   51.237291  ,    1.45163009,    -70.74262966,  -10.65310155,  -38.49279453,  -16.70841591,    -45.8779281 ], [-1390.89843689, -216.33064257,  881.38697638,  -89.01268474,     84.83244678,  152.29795146,   36.2545324 ,  -34.07260404,     -7.97271237, -151.59856171,  -59.64677927,   39.40742582,     15.54030445], [  498.70037317,  -18.45722188,  -89.01268474,  375.09083997,     45.86771328,  -73.63892186,  -58.23992696,   12.0770085 ,     31.51332574,  -30.199691  ,  -21.16555542,   38.6289126 ,     33.02802403], [  -62.24668382,  -23.15987024,   84.83244678,   45.86771328,    209.34080332,    3.35200539,   11.20988481,   17.04857994,     42.69095513,  -45.84879566,    1.52412096,   37.58465564,      4.65737738], [ -197.24103796,   84.20849975,  152.29795146,  -73.63892186,      3.35200539,  187.46974295,   58.71419868,  -12.13373555,      9.03169575,  -20.83778902,   -6.61818517,    5.47462035,    -15.05140193], [ -234.3241673 ,   51.237291  ,   36.2545324 ,  -58.23992696,     11.20988481,   58.71419868,  186.2575707 ,    0.0543527 ,     -9.36739358,  -18.2507099 ,   18.49341669,    1.47037929,    -18.93048496], [  412.33426842,    1.45163009,  -34.07260404,   12.0770085 ,     17.04857994,  -12.13373555,    0.0543527 ,  129.69873811,     18.04224041,   48.06029685,   39.13708441,    7.83675564,     23.48180232], [  189.41707747,  -70.74262966,   -7.97271237,   31.51332574,     42.69095513,    9.03169575,   -9.36739358,   18.04224041,    116.39956318,   24.99564482,    7.08492747,   15.66066365,     10.86182169], [  721.18623724,  -10.65310155, -151.59856171,  -30.199691  ,    -45.84879566,  -20.83778902,  -18.2507099 ,   48.06029685,     24.99564482,  193.68107105,   60.87554195,  -21.84785178,     20.50221048], [  368.927272  ,  -38.49279453,  -59.64677927,  -21.16555542,      1.52412096,   -6.61818517,   18.49341669,   39.13708441,      7.08492747,   60.87554195,  111.18325696,    4.24620585,     13.14198823], [  -52.16760085,  -16.70841591,   39.40742582,   38.6289126 ,     37.58465564,    5.47462035,    1.47037929,    7.83675564,     15.66066365,  -21.84785178,    4.24620585,   83.92443396,     15.94811493], [   99.2219231 ,  -45.8779281 ,   15.54030445,   33.02802403,      4.65737738,  -15.05140193,  -18.93048496,   23.48180232,     10.86182169,   20.50221048,   13.14198823,   15.94811493,     74.76517402]]
/root/sim/music/out/Beady_Eye/BE/05_Soon_Come_Tomorrow.mp3; [-552.7811    , 131.77454   , -18.08297   ,  20.922821  ,  -0.43486992,    4.8260465 ,   2.0001132 ,  10.380941  ,   1.8487216 ,   7.5218024 ,   -0.2669762 ,  -0.40623057,  -2.8484254 ]; [[13635.0186308 ,-1390.59035777, 2806.80185839, 1369.16068319,    641.23831108,  875.10332694,  475.00157822,   85.56753346,   -129.88056875,  340.45010699,  -54.08364745,  138.02769912,    396.59106633], [-1390.59035777, 1616.05317324, -280.31925504, -382.05216836,    -50.82560007, -118.74236164,  -19.9515759 ,   -1.52127245,    -49.87280975,   54.68432644,   13.85970537,  -80.24609656,    -67.10932099], [ 2806.80185839, -280.31925504, 1451.17669924,  396.4686714 ,    211.62224478,  334.48405738,  127.19244825,   30.69676558,   -112.63381161,   38.94618754,  -35.60201135,   12.02039677,     84.36338571], [ 1369.16068319, -382.05216836,  396.4686714 ,  654.32172442,    179.97480451,  159.95617855,   80.43596359,  -16.72973261,    -23.21576739,  -44.30369178,  -50.2563471 ,   77.00599171,     94.30480439], [  641.23831108,  -50.82560007,  211.62224478,  179.97480451,    285.42721127,  132.16870379,   85.71991583,  -13.4875691 ,     -4.03634478,  -34.95427785,  -18.3025979 ,   56.3301768 ,     36.40862249], [  875.10332694, -118.74236164,  334.48405738,  159.95617855,    132.16870379,  287.13238493,  145.17181175,   -4.70383154,    -58.16781055,   -8.4642968 ,    2.63524161,   27.81926789,     27.20907962], [  475.00157822,  -19.9515759 ,  127.19244825,   80.43596359,     85.71991583,  145.17181175,  237.14427704,   12.9163165 ,    -21.86556094,  -20.62591889,   12.41478326,   25.88337343,     10.18823052], [   85.56753346,   -1.52127245,   30.69676558,  -16.72973261,    -13.4875691 ,   -4.70383154,   12.9163165 ,  113.04957748,     22.95980986,   21.23104129,    1.94864589,    1.42884733,     17.45527093], [ -129.88056875,  -49.87280975, -112.63381161,  -23.21576739,     -4.03634478,  -58.16781055,  -21.86556094,   22.95980986,    156.2777994 ,   22.43987532,  -13.06146914,   -6.86661284,     10.52918668], [  340.45010699,   54.68432644,   38.94618754,  -44.30369178,    -34.95427785,   -8.4642968 ,  -20.62591889,   21.23104129,     22.43987532,  139.37815379,   34.22251018,  -31.78362971,      2.14368828], [  -54.08364745,   13.85970537,  -35.60201135,  -50.2563471 ,    -18.3025979 ,    2.63524161,   12.41478326,    1.94864589,    -13.06146914,   34.22251018,   97.65388862,   15.91417971,    -16.5646004 ], [  138.02769912,  -80.24609656,   12.02039677,   77.00599171,     56.3301768 ,   27.81926789,   25.88337343,    1.42884733,     -6.86661284,  -31.78362971,   15.91417971,  104.04827648,     37.3685645 ], [  396.59106633,  -67.10932099,   84.36338571,   94.30480439,     36.40862249,   27.20907962,   10.18823052,   17.45527093,     10.52918668,    2.14368828,  -16.5646004 ,   37.3685645 ,     93.02994105]]
/root/sim/music/out/Beady_Eye/BE/06_Iz_Rite.mp3; [-486.79636   ,  92.69757   ,  -8.318278  ,  32.16239   ,   5.6150193 ,   11.139762  ,  -0.56333834,   8.621784  ,   0.33716297,   4.7236257 ,   -2.1292195 ,  -1.9419158 ,  -1.7116516 ]; [[13161.83356038, -656.40269096, -208.13412207,  227.88181337,   -232.83260257,   66.98265749,   40.99131212,  392.13298697,    181.02783127,  241.98812168,  150.77607029,  126.73174597,    110.65071236], [ -656.40269096, 1081.31805958, -226.23366732,    1.57109404,    -12.40793056,  -38.36689678,    2.85120623,  -65.04423526,    -48.76350056,  -16.96110342,  -21.26057987,  -29.5501324 ,    -13.19182277], [ -208.13412207, -226.23366732,  295.81260952,   11.55818911,     36.67828105,   24.33964593,   -4.93284705,  -10.06975316,    -12.24323976,  -10.38044844,    2.8328782 ,   10.19647663,      5.60136817], [  227.88181337,    1.57109404,   11.55818911,  211.41526485,    108.36597989,    3.07629435,  -40.32376234,  -15.13674325,     15.04350806,   -3.1636808 ,  -12.48843789,   17.7018224 ,     12.73950042], [ -232.83260257,  -12.40793056,   36.67828105,  108.36597989,    191.78008986,   41.95772733,  -28.11269326,  -28.96555887,     16.78131642,  -18.75672442,  -23.68443314,    6.51094752,     -3.88441116], [   66.98265749,  -38.36689678,   24.33964593,    3.07629435,     41.95772733,  120.80289292,   80.32252776,   16.58979101,     11.12384945,    5.1503794 ,    7.0652223 ,   -1.10557927,     -6.14452163], [   40.99131212,    2.85120623,   -4.93284705,  -40.32376234,    -28.11269326,   80.32252776,  144.63438323,   52.17090604,     15.98706557,   13.59824053,   17.7758221 ,    6.33693926,     -1.68898422], [  392.13298697,  -65.04423526,  -10.06975316,  -15.13674325,    -28.96555887,   16.58979101,   52.17090604,   99.57312292,     44.78179133,   29.53007424,   17.20586778,   17.18221811,     19.69023278], [  181.02783127,  -48.76350056,  -12.24323976,   15.04350806,     16.78131642,   11.12384945,   15.98706557,   44.78179133,     79.63179743,   38.69023863,   13.9236397 ,   10.93861994,     10.07211745], [  241.98812168,  -16.96110342,  -10.38044844,   -3.1636808 ,    -18.75672442,    5.1503794 ,   13.59824053,   29.53007424,     38.69023863,   82.40941077,   40.91060763,    7.64317743,     11.79156695], [  150.77607029,  -21.26057987,    2.8328782 ,  -12.48843789,    -23.68443314,    7.0652223 ,   17.7758221 ,   17.20586778,     13.9236397 ,   40.91060763,   57.75947656,   24.38589365,      8.82747455], [  126.73174597,  -29.5501324 ,   10.19647663,   17.7018224 ,      6.51094752,   -1.10557927,    6.33693926,   17.18221811,     10.93861994,    7.64317743,   24.38589365,   59.74249845,     29.29399389], [  110.65071236,  -13.19182277,    5.60136817,   12.73950042,     -3.88441116,   -6.14452163,   -1.68898422,   19.69023278,     10.07211745,   11.79156695,    8.82747455,   29.29399389,     52.31363036]]
/root/sim/music/out/Beady_Eye/BE/13_The_World's_Not_Set_In_Stone.mp3; [-498.55386   , 133.56573   , -18.838102  ,  18.177477  ,   3.5830512 ,    8.281522  ,  -0.27551222,   7.3207774 ,   3.3335345 ,   5.9486294 ,   -2.9559236 ,  -2.1046896 ,  -1.0077407 ]; [[7023.31046025, 193.17908462, 983.98767942, -44.94473105,  75.57532842,   341.46607291,  62.52350955, 266.24363362, 126.60456444, 187.84176385,   263.09527266, 115.14856997,  68.77943154], [ 193.17908462, 746.00442581,-329.89716338,  10.87488141, -58.97436869,   -42.20764276,  34.06737574, -33.18600731, -23.91233502,   7.08858116,   -32.8081404 ,   7.29008216, -13.51233744], [ 983.98767942,-329.89716338, 678.04801567,  77.31674268,  94.20633874,    94.97066629,  -3.82041207,  83.9816438 ,  47.44038308,  55.18602628,    96.46032376,  72.01855118,  63.44229398], [ -44.94473105,  10.87488141,  77.31674268, 192.62234944,  56.205713  ,   -11.40414881, -21.91298817, -19.41410036,   8.62750666, -13.42319168,    -4.0289965 ,  29.60996776,  24.92968754], [  75.57532842, -58.97436869,  94.20633874,  56.205713  , 132.23719983,    43.11861988,  20.92696252,  12.67884368,  22.37834497,  13.74765046,    12.30118042,  33.89795275,  31.30502289], [ 341.46607291, -42.20764276,  94.97066629, -11.40414881,  43.11861988,   116.56745266,  48.20294463,  33.30207418,  17.94890622,  23.19196893,    24.29529167,  23.07746148,  20.21277893], [  62.52350955,  34.06737574,  -3.82041207, -21.91298817,  20.92696252,    48.20294463, 116.56426916,  39.36319629,  10.73461345,  16.38573499,    18.18031018,  16.68158638,   5.65786945], [ 266.24363362, -33.18600731,  83.9816438 , -19.41410036,  12.67884368,    33.30207418,  39.36319629,  93.75474475,  36.69332319,  30.34520006,    24.69087338,   7.34373959,   6.7835457 ], [ 126.60456444, -23.91233502,  47.44038308,   8.62750666,  22.37834497,    17.94890622,  10.73461345,  36.69332319,  70.07977093,  34.85378408,    14.86372994,   9.26386996,   8.20828962], [ 187.84176385,   7.08858116,  55.18602628, -13.42319168,  13.74765046,    23.19196893,  16.38573499,  30.34520006,  34.85378408,  86.41812652,    47.3491257 ,  11.96075957,   7.79534532], [ 263.09527266, -32.8081404 ,  96.46032376,  -4.0289965 ,  12.30118042,    24.29529167,  18.18031018,  24.69087338,  14.86372994,  47.3491257 ,    91.69065145,  38.61992137,  12.28653154], [ 115.14856997,   7.29008216,  72.01855118,  29.60996776,  33.89795275,    23.07746148,  16.68158638,   7.34373959,   9.26386996,  11.96075957,    38.61992137,  78.27325796,  44.76063018], [  68.77943154, -13.51233744,  63.44229398,  24.92968754,  31.30502289,    20.21277893,   5.65786945,   6.7835457 ,   8.20828962,   7.79534532,    12.28653154,  44.76063018,  66.31592035]]
