/root/sim/music/out/Queen/Greatest_Hits_II/12_I'm_Going_Slightly_Mad.mp3; [-608.65326   , 119.391594  ,  20.819284  ,  25.45845   ,   3.775805  ,    1.1243806 ,  -0.1463297 ,   9.746039  ,  -3.2795734 ,   0.70736986,   -3.3731267 ,  -1.1355182 ,  -1.7155006 ]; [[12926.93097044,  -37.22615347,  -37.33556692,    4.12553959,    168.98325738,  -65.88235368,  135.18360677,  355.15382753,   -131.76178561,  108.79918451,  -13.70109265,  -26.45256701,     12.86011788], [  -37.22615347, 1660.74980731, -320.98592575,   48.29381364,     17.36524084,  -25.34964251,    1.70664676,    2.32195014,     55.98948018,   40.62812265,   10.44918566,    2.87648449,    -43.18318356], [  -37.33556692, -320.98592575,  658.21500606,  137.68533948,    -26.3396056 ,   88.48698075,    0.53460649,  -29.82104771,     36.9295821 ,  -57.54587683,   -9.74835721,   22.47356095,     25.89798716], [    4.12553959,   48.29381364,  137.68533948,  339.03265383,     44.72039829,   22.50804095,  -28.25771918,   -9.11719024,     24.9219165 ,   18.34060601,   10.91175331,   -6.57655321,     33.29298915], [  168.98325738,   17.36524084,  -26.3396056 ,   44.72039829,    177.3606049 ,    6.21744225,   18.98955995,   47.88388301,     13.34962416,   41.91872914,   -0.60361423,   -1.38123149,      9.90544836], [  -65.88235368,  -25.34964251,   88.48698075,   22.50804095,      6.21744225,  142.33499323,   53.46742684,    3.27740524,     44.07344836,  -24.1142965 ,   17.44781063,   24.74992581,     -0.30850683], [  135.18360677,    1.70664676,    0.53460649,  -28.25771918,     18.98955995,   53.46742684,  166.49697468,   61.48886297,     -4.60045001,  -14.03384808,   23.67909083,   25.26673409,     10.4257671 ], [  355.15382753,    2.32195014,  -29.82104771,   -9.11719024,     47.88388301,    3.27740524,   61.48886297,  147.18165941,      1.27519908,    4.68806258,   -9.88887028,   10.59196443,     12.82787815], [ -131.76178561,   55.98948018,   36.9295821 ,   24.9219165 ,     13.34962416,   44.07344836,   -4.60045001,    1.27519908,    149.48123504,    2.53221267,    9.80549825,   -6.75109763,     -7.83393902], [  108.79918451,   40.62812265,  -57.54587683,   18.34060601,     41.91872914,  -24.1142965 ,  -14.03384808,    4.68806258,      2.53221267,  140.69205149,   31.18777975,   -4.97195138,    -12.80842227], [  -13.70109265,   10.44918566,   -9.74835721,   10.91175331,     -0.60361423,   17.44781063,   23.67909083,   -9.88887028,      9.80549825,   31.18777975,   91.97160959,   38.19169971,     10.5392771 ], [  -26.45256701,    2.87648449,   22.47356095,   -6.57655321,     -1.38123149,   24.74992581,   25.26673409,   10.59196443,     -6.75109763,   -4.97195138,   38.19169971,   90.68637641,     32.72759381], [   12.86011788,  -43.18318356,   25.89798716,   33.29298915,      9.90544836,   -0.30850683,   10.4257671 ,   12.82787815,     -7.83393902,  -12.80842227,   10.5392771 ,   32.72759381,     81.77171138]]
/root/sim/music/out/Queen/Greatest_Hits_II/05_I_Want_To_Break_Free.mp3; [-640.7045    ,  85.58755   ,  12.286536  ,  45.619953  ,  18.390676  ,   15.372467  ,   1.9676143 ,  12.892255  ,  -2.7250807 ,   2.0824127 ,   -0.32393515,  -2.130831  ,  -1.4248806 ]; [[23023.29665363, -989.28461435,-1082.58673706,   68.27312916,     23.27097165, -163.0000319 ,  -80.45987332,  433.147802  ,   -209.9152747 ,    0.66354019,   32.43792884,    1.06007578,    -46.75289664], [ -989.28461435, 1509.45695999, -153.14094579,  -10.61702642,     -7.65950407,   17.24040513,   16.02799904,    0.76914206,     61.87958065,   -3.64743423,   -7.21768258,    4.34813585,      9.49062847], [-1082.58673706, -153.14094579, 1218.67363829,  333.74742215,    145.37060607,  179.7385033 ,   98.03797456,  -53.07785852,     87.26373824,   -5.16444436,   17.98972074,   12.09980333,    -17.94723747], [   68.27312916,  -10.61702642,  333.74742215,  521.56785614,    192.98515538,  107.38489184,    0.3529214 ,  -20.99046002,     34.14019024,   19.79980929,   -8.3388438 ,  -21.85791043,     13.06882707], [   23.27097165,   -7.65950407,  145.37060607,  192.98515538,    302.74734767,   81.03680646,   24.23622809,   21.66062975,     28.56442667,   15.86399063,    0.60172664,   -2.91923416,     17.23438278], [ -163.0000319 ,   17.24040513,  179.7385033 ,  107.38489184,     81.03680646,  194.80060828,   86.75239641,    9.96120349,     28.22549496,    0.80829042,   28.64780595,   14.39251766,    -12.3748356 ], [  -80.45987332,   16.02799904,   98.03797456,    0.3529214 ,     24.23622809,   86.75239641,  194.24369089,   60.85520203,     22.30751407,    6.91075714,   33.66287164,    8.68117536,    -16.76796004], [  433.147802  ,    0.76914206,  -53.07785852,  -20.99046002,     21.66062975,    9.96120349,   60.85520203,  181.69313608,     -7.25803301,   35.45013232,   19.76437241,    3.94251541,     13.66871686], [ -209.9152747 ,   61.87958065,   87.26373824,   34.14019024,     28.56442667,   28.22549496,   22.30751407,   -7.25803301,    151.66642255,   28.28498481,    7.49972224,    6.82861761,     -5.32660026], [    0.66354019,   -3.64743423,   -5.16444436,   19.79980929,     15.86399063,    0.80829042,    6.91075714,   35.45013232,     28.28498481,  109.51687808,   20.32481111,   -2.90009922,     12.17225903], [   32.43792884,   -7.21768258,   17.98972074,   -8.3388438 ,      0.60172664,   28.64780595,   33.66287164,   19.76437241,      7.49972224,   20.32481111,   86.3316828 ,   40.79537394,      9.21991903], [    1.06007578,    4.34813585,   12.09980333,  -21.85791043,     -2.91923416,   14.39251766,    8.68117536,    3.94251541,      6.82861761,   -2.90009922,   40.79537394,   91.57741821,     26.85791865], [  -46.75289664,    9.49062847,  -17.94723747,   13.06882707,     17.23438278,  -12.3748356 ,  -16.76796004,   13.66871686,     -5.32660026,   12.17225903,    9.21991903,   26.85791865,     85.66512394]]
/root/sim/music/out/Queen/Greatest_Hits_II/07_It's_A_Hard_Life.mp3; [-639.04846  , 136.69507  ,  -9.832618 ,  27.139095 ,   6.8830895,    1.6960398,   4.269517 ,   7.672803 ,  -6.208157 ,   7.5583262,   -4.130689 ,   1.0616934,  -0.5779787]; [[21389.39696619,-1330.48761294, -642.72920167,  368.38786074,    162.93574106, -237.71127   ,  119.95286163,  500.75779795,   -108.94258594,  379.49720929,   97.17407484,  277.67600383,     63.56934289], [-1330.48761294, 1817.80363255, -410.12838812,  134.84448379,     25.19870785,   40.8454698 ,   55.08730242,  -49.85758052,     32.44454509,  -24.39520208,    5.51926953,  -36.39335312,      0.70603929], [ -642.72920167, -410.12838812,  863.16062625, -117.87493752,    110.31937585,   37.23495542,  -45.61135848,   -5.58741433,    -12.3341848 ,   17.89490818,  -31.98209121,   30.42348135,    -23.22821719], [  368.38786074,  134.84448379, -117.87493752,  349.5086764 ,     17.33807115,   60.17320322,  -14.44370755,  -26.45882357,     66.10228223,  -10.7256252 ,   26.60489449,   -7.08830164,     29.12299079], [  162.93574106,   25.19870785,  110.31937585,   17.33807115,    253.65088397,    0.36886192,   -3.13955777,    1.38621279,     23.78539644,   58.23342099,  -17.38767303,   26.38642936,      8.58417425], [ -237.71127   ,   40.8454698 ,   37.23495542,   60.17320322,      0.36886192,  174.95114323,   33.48401991,    8.06543036,     35.20293308,   -9.59596381,   28.19552069,   -7.98507577,      0.71986324], [  119.95286163,   55.08730242,  -45.61135848,  -14.44370755,     -3.13955777,   33.48401991,  159.77078923,   55.67375874,     16.34659093,   18.33612801,   18.4574068 ,    7.78750939,     -3.36121221], [  500.75779795,  -49.85758052,   -5.58741433,  -26.45882357,      1.38621279,    8.06543036,   55.67375874,  165.93897678,      3.07746271,   41.41191774,   19.17924493,   13.71465644,     12.84419808], [ -108.94258594,   32.44454509,  -12.3341848 ,   66.10228223,     23.78539644,   35.20293308,   16.34659093,    3.07746271,    166.14765323,   15.95167572,   20.01798334,   -4.2617325 ,      2.55711875], [  379.49720929,  -24.39520208,   17.89490818,  -10.7256252 ,     58.23342099,   -9.59596381,   18.33612801,   41.41191774,     15.95167572,  135.40128454,   17.34110298,   19.75209113,     -4.24420197], [   97.17407484,    5.51926953,  -31.98209121,   26.60489449,    -17.38767303,   28.19552069,   18.4574068 ,   19.17924493,     20.01798334,   17.34110298,  103.69030403,   15.93338232,     12.86899286], [  277.67600383,  -36.39335312,   30.42348135,   -7.08830164,     26.38642936,   -7.98507577,    7.78750939,   13.71465644,     -4.2617325 ,   19.75209113,   15.93338232,   94.35381766,     16.92164627], [   63.56934289,    0.70603929,  -23.22821719,   29.12299079,      8.58417425,    0.71986324,   -3.36121221,   12.84419808,      2.55711875,   -4.24420197,   12.86899286,   16.92164627,     85.86710379]]
/root/sim/music/out/Queen/Greatest_Hits_II/03_Radio_Ga_Ga.mp3; [-620.27545   , 119.7607    ,  -7.1408515 ,  39.41221   ,   7.467502  ,   11.157675  ,   2.2121842 ,   8.090905  ,  -3.6048033 ,   4.894568  ,   -0.14286202,   1.6992213 ,   1.280537  ]; [[15826.34018732, -184.53636557, -845.20675472, -352.5632084 ,   -327.01015786, -465.89418483, -275.8610333 ,   38.91873678,   -295.17045841,   51.28221039, -136.8516006 ,  -51.15509486,     52.01951157], [ -184.53636557, 2340.8721701 ,   38.52949299, -122.86450074,   -221.84291906,  -24.18935506,  -47.83827084,    5.94592291,    -45.14409531,  -13.82746154,   11.60376241,   -2.58198203,     20.00414651], [ -845.20675472,   38.52949299,  605.22305911,   96.44361148,     49.20402516,   70.17658536,   25.13350242,   18.4834701 ,     53.43327231,   -5.84146687,   24.76236904,   19.20188764,    -16.03681319], [ -352.5632084 , -122.86450074,   96.44361148,  461.2801219 ,    150.15382221,  122.23486609,   48.87471039,    8.4541874 ,     81.03909175,   17.98527958,   29.89258667,   16.13793117,      7.87036235], [ -327.01015786, -221.84291906,   49.20402516,  150.15382221,    265.75782076,   97.38973668,   52.68077582,   32.9246585 ,     52.54229024,   41.32808481,   16.21973195,    8.55919833,     11.61862537], [ -465.89418483,  -24.18935506,   70.17658536,  122.23486609,     97.38973668,  255.70852924,  108.46851566,   54.27100116,     64.55743531,   10.59274465,   44.74475516,   16.82826267,    -10.41210603], [ -275.8610333 ,  -47.83827084,   25.13350242,   48.87471039,     52.68077582,  108.46851566,  168.04146645,   67.77401373,     45.23609392,    9.49895908,   23.9963447 ,   19.9049669 ,    -10.08105725], [   38.91873678,    5.94592291,   18.4834701 ,    8.4541874 ,     32.9246585 ,   54.27100116,   67.77401373,  137.65164288,     12.93614825,   43.85951523,   22.55734642,    9.6311231 ,     10.82712334], [ -295.17045841,  -45.14409531,   53.43327231,   81.03909175,     52.54229024,   64.55743531,   45.23609392,   12.93614825,    129.8253168 ,   25.04755144,   21.05292172,   14.64583573,      1.97490652], [   51.28221039,  -13.82746154,   -5.84146687,   17.98527958,     41.32808481,   10.59274465,    9.49895908,   43.85951523,     25.04755144,   97.24963552,   32.95173968,   15.82006665,     17.06908121], [ -136.8516006 ,   11.60376241,   24.76236904,   29.89258667,     16.21973195,   44.74475516,   23.9963447 ,   22.55734642,     21.05292172,   32.95173968,   76.82685609,   33.19271287,      8.5090264 ], [  -51.15509486,   -2.58198203,   19.20188764,   16.13793117,      8.55919833,   16.82826267,   19.9049669 ,    9.6311231 ,     14.64583573,   15.82006665,   33.19271287,   76.28338065,     25.2339377 ], [   52.01951157,   20.00414651,  -16.03681319,    7.87036235,     11.61862537,  -10.41210603,  -10.08105725,   10.82712334,      1.97490652,   17.06908121,    8.5090264 ,   25.2339377 ,     78.64453112]]
/root/sim/music/out/Queen/Greatest_Hits_II/11_The_Miracle.mp3; [-592.41547   ,  92.80718   ,   3.683672  ,  30.040714  ,   9.58562   ,    4.4481335 ,   4.95342   ,  16.429804  ,  -4.7731256 ,   8.001661  ,    1.4013999 ,  -0.1875909 ,   0.05463169]; [[14231.37636259,    5.55148548, -193.10207599,  122.80742508,     43.04242107,   92.84410699,  118.63442708,  308.70671977,   -103.3335108 ,   97.33321955,   53.75410914,   21.25947468,      6.32560502], [    5.55148548, 1348.68375043, -214.64927071,  113.5873607 ,     36.73126009,   -0.46028064,   41.84063085,   -7.46858324,    -12.16205091,   16.49711041,   14.08445168,    7.75783567,     16.24010495], [ -193.10207599, -214.64927071,  827.72279776,  182.06092679,    137.99074344,  162.20238382,  -23.67655761,  -50.4354352 ,    145.5837754 ,  -10.90136493,  -16.7063151 ,   38.09082367,     -8.73025901], [  122.80742508,  113.5873607 ,  182.06092679,  446.70069271,    188.85750418,   75.48304972,  -23.8535238 ,    8.1679265 ,    122.82251266,   33.23700607,   -5.41370686,    7.24027365,     58.10090884], [   43.04242107,   36.73126009,  137.99074344,  188.85750418,    261.99757329,   72.9030691 ,  -26.55940979,    6.42774893,     48.24904222,   39.39258596,   -3.63635064,   -0.19456562,     28.17451051], [   92.84410699,   -0.46028064,  162.20238382,   75.48304972,     72.9030691 ,  192.11803005,   56.66583972,   -1.93590307,     67.8992606 ,   -1.03791157,   15.74063617,   13.6731712 ,      2.53360262], [  118.63442708,   41.84063085,  -23.67655761,  -23.8535238 ,    -26.55940979,   56.66583972,  190.02863045,   93.1256537 ,    -11.34995309,    3.54809682,   25.39807162,   22.03533071,     -1.04021634], [  308.70671977,   -7.46858324,  -50.4354352 ,    8.1679265 ,      6.42774893,   -1.93590307,   93.1256537 ,  179.19370825,      7.06583544,   45.7652216 ,   18.95439303,    4.85668664,      8.59762249], [ -103.3335108 ,  -12.16205091,  145.5837754 ,  122.82251266,     48.24904222,   67.8992606 ,  -11.34995309,    7.06583544,    222.35848264,   42.17857318,    7.34913437,   10.04657271,     14.75642675], [   97.33321955,   16.49711041,  -10.90136493,   33.23700607,     39.39258596,   -1.03791157,    3.54809682,   45.7652216 ,     42.17857318,  138.08866412,   55.43857751,   15.20417014,      3.66220585], [   53.75410914,   14.08445168,  -16.7063151 ,   -5.41370686,     -3.63635064,   15.74063617,   25.39807162,   18.95439303,      7.34913437,   55.43857751,  108.02038384,   40.19615045,      5.05803925], [   21.25947468,    7.75783567,   38.09082367,    7.24027365,     -0.19456562,   13.6731712 ,   22.03533071,    4.85668664,     10.04657271,   15.20417014,   40.19615045,   92.29507612,     34.36885562], [    6.32560502,   16.24010495,   -8.73025901,   58.10090884,     28.17451051,    2.53360262,   -1.04021634,    8.59762249,     14.75642675,    3.66220585,    5.05803925,   34.36885562,    108.97840301]]
/root/sim/music/out/Queen/Greatest_Hits_II/06_Innuendo.mp3; [-623.862     , 122.40319   ,  -0.12562236,  25.707603  ,   4.925123  ,    1.6503177 ,  -1.97232   ,   9.21335   ,  -1.6771286 ,   4.780397  ,   -2.874061  ,  -3.0960965 ,  -1.789206  ]; [[18764.11369748,-2033.18838472, -745.10790925,  290.25621323,     72.61793615,  132.46456705,  113.50407241,  353.3029662 ,   -304.33315301,  -23.80232504,  -62.13099863,  109.64498864,    169.87470303], [-2033.18838472, 1511.51588342,  -95.69158325,   27.64052528,    -27.96398677,    3.49585422,   20.32546751,  -64.16018861,     30.02468454,  -50.95462574,  -15.16914409,   -5.93173427,    -18.06004731], [ -745.10790925,  -95.69158325,  922.9800792 ,  125.15426154,    145.31068937,  152.16619121,   24.02238585,  -43.14353041,    -30.4136659 ,  -67.87519252,   -0.70351473,  -25.701902  ,     -6.07193774], [  290.25621323,   27.64052528,  125.15426154,  277.48428144,     85.50667846,   61.10324587,   29.39591039,   14.45971239,     14.8872171 ,  -10.75239102,   -7.5957151 ,   -2.31267952,     13.66052248], [   72.61793615,  -27.96398677,  145.31068937,   85.50667846,    194.22135527,   56.14663325,   17.12150183,   34.74179902,    -12.76125442,   15.99795444,   17.81828634,   -8.59145278,     22.71488589], [  132.46456705,    3.49585422,  152.16619121,   61.10324587,     56.14663325,  176.08176619,   66.86208925,    5.59929823,     14.24499945,  -30.56427977,   17.16159777,    6.41079985,     -6.69785691], [  113.50407241,   20.32546751,   24.02238585,   29.39591039,     17.12150183,   66.86208925,  128.2140256 ,   44.20425606,     26.2090084 ,    3.19335652,   17.49381855,   13.25653385,     -1.2629797 ], [  353.3029662 ,  -64.16018861,  -43.14353041,   14.45971239,     34.74179902,    5.59929823,   44.20425606,  145.58858579,     23.70623517,   46.24313018,   18.62199595,   -3.85231464,     19.19079793], [ -304.33315301,   30.02468454,  -30.4136659 ,   14.8872171 ,    -12.76125442,   14.24499945,   26.2090084 ,   23.70623517,    201.64700959,   50.67848566,   22.29122538,   12.5387129 ,    -18.84207339], [  -23.80232504,  -50.95462574,  -67.87519252,  -10.75239102,     15.99795444,  -30.56427977,    3.19335652,   46.24313018,     50.67848566,  128.54481419,   45.87029314,   12.0047357 ,      6.76598645], [  -62.13099863,  -15.16914409,   -0.70351473,   -7.5957151 ,     17.81828634,   17.16159777,   17.49381855,   18.62199595,     22.29122538,   45.87029314,   84.87774862,   25.67309611,      7.15354504], [  109.64498864,   -5.93173427,  -25.701902  ,   -2.31267952,     -8.59145278,    6.41079985,   13.25653385,   -3.85231464,     12.5387129 ,   12.0047357 ,   25.67309611,   78.55662197,     24.19304006], [  169.87470303,  -18.06004731,   -6.07193774,   13.66052248,     22.71488589,   -6.69785691,   -1.2629797 ,   19.19079793,    -18.84207339,    6.76598645,    7.15354504,   24.19304006,     73.36827067]]
/root/sim/music/out/Queen/Greatest_Hits_II/04_I_Want_It_All.mp3; [-565.77765   ,  93.3372    , -13.424358  ,  28.630228  ,   3.934889  ,    8.650708  ,   4.6080875 ,  12.006774  ,  -1.845127  ,   2.9138033 ,    0.93676007,  -1.3251951 ,   0.8727837 ]; [[13752.45372793,   17.76778749, -273.48212924,  379.81144387,    -20.70655952,  151.96406193,  193.15086269,  205.12551927,    -54.05347434,   18.80286095,  -13.55377789,  -92.62543949,    -81.4634685 ], [   17.76778749,  922.38566633,   60.63122179,  177.30802621,    129.60862512,   58.59240477,   60.87270605,   36.66031203,     89.469162  ,   62.36136525,   25.96842068,   14.6478568 ,     38.23598525], [ -273.48212924,   60.63122179,  915.84468671,  392.17690762,    120.58137066,  164.16757224,   50.89717234,  -11.47588111,    130.45596031,   -4.13498051,  -29.95570132,    7.74778361,      2.23134334], [  379.81144387,  177.30802621,  392.17690762,  581.07630946,    198.18887153,   91.55865271,   -7.71665438,  -14.62372451,    116.65853587,   17.74045209,  -43.20331005,   -6.96192849,     19.3372022 ], [  -20.70655952,  129.60862512,  120.58137066,  198.18887153,    296.76476246,   94.14722745,  -18.56721488,   -1.82168998,     79.93236944,   57.77575199,   -1.958593  ,   -3.20541836,     21.11660326], [  151.96406193,   58.59240477,  164.16757224,   91.55865271,     94.14722745,  223.92073427,  105.98987067,   -3.86296698,     59.73793215,    6.29993996,   16.16242045,   15.39111203,     -7.0182396 ], [  193.15086269,   60.87270605,   50.89717234,   -7.71665438,    -18.56721488,  105.98987067,  213.06799969,   55.67979677,      3.62365066,  -15.29343543,   12.82264939,   16.24512657,    -10.8501455 ], [  205.12551927,   36.66031203,  -11.47588111,  -14.62372451,     -1.82168998,   -3.86296698,   55.67979677,  152.04236876,      6.84386069,    5.27179963,    6.67429995,   -3.34849187,      9.86744148], [  -54.05347434,   89.469162  ,  130.45596031,  116.65853587,     79.93236944,   59.73793215,    3.62365066,    6.84386069,    161.58975624,   48.89491709,  -10.04587228,    1.98755736,     12.29320717], [   18.80286095,   62.36136525,   -4.13498051,   17.74045209,     57.77575199,    6.29993996,  -15.29343543,    5.27179963,     48.89491709,  108.72767068,   31.91936601,    6.95050502,     11.33024562], [  -13.55377789,   25.96842068,  -29.95570132,  -43.20331005,     -1.958593  ,   16.16242045,   12.82264939,    6.67429995,    -10.04587228,   31.91936601,   85.11292689,   32.49989814,      0.36575194], [  -92.62543949,   14.6478568 ,    7.74778361,   -6.96192849,     -3.20541836,   15.39111203,   16.24512657,   -3.34849187,      1.98755736,    6.95050502,   32.49989814,   81.22548514,     22.86420628], [  -81.4634685 ,   38.23598525,    2.23134334,   19.3372022 ,     21.11660326,   -7.0182396 ,  -10.8501455 ,    9.86744148,     12.29320717,   11.33024562,    0.36575194,   22.86420628,     74.06219781]]
/root/sim/music/out/Queen/Greatest_Hits_II/01_A_Kind_Of_Magic.mp3; [-667.7854    ,  89.643326  ,   0.8656284 ,  37.937748  ,  14.3750105 ,    7.915749  ,   5.8224373 ,  16.42994   ,   0.82247645,  10.275463  ,    3.440737  ,   1.456379  ,   2.542952  ]; [[12515.38574539, -718.90090756, -322.78526728,  327.07076953,    127.82363096,  152.1743232 ,  196.52992856,  277.39975791,     99.02467233,  176.56833208,   72.52151782,  -93.47471889,     37.289923  ], [ -718.90090756, 1953.49283181, -328.06775458,  191.2451792 ,     91.07555798,  -75.78856583,  197.18641891,   -4.36547032,    -12.22095501,   72.38407905,   31.05365175,   77.69711084,     17.27468168], [ -322.78526728, -328.06775458, 1059.22388956,  104.05364754,     68.42049092,  229.72005484,  -46.3512992 ,  -16.66717789,     97.44530761,  -41.58217021,   36.53937526,   34.99882726,    -15.54188659], [  327.07076953,  191.2451792 ,  104.05364754,  393.81894291,     77.4194577 ,  101.51560077,   29.19387542,  -13.68023553,     61.91838933,    7.71448487,   11.63087107,   25.67528203,     22.53140816], [  127.82363096,   91.07555798,   68.42049092,   77.4194577 ,    290.95027133,   22.10262049,   48.29799543,   47.16983127,     33.01489645,   18.58747637,    0.19928869,   -1.65562372,     24.13723011], [  152.1743232 ,  -75.78856583,  229.72005484,  101.51560077,     22.10262049,  292.90930362,   50.55823114,   18.53246891,     57.72890156,  -27.57325774,   32.37861179,   22.53272866,    -12.32025249], [  196.52992856,  197.18641891,  -46.3512992 ,   29.19387542,     48.29799543,   50.55823114,  256.1029053 ,   75.83216401,      6.92287294,    5.40705479,   15.37456833,    2.71037553,     -6.5540961 ], [  277.39975791,   -4.36547032,  -16.66717789,  -13.68023553,     47.16983127,   18.53246891,   75.83216401,  163.08964743,      6.99496371,   18.22855412,   -3.04802355,  -37.72540099,     -2.51842275], [   99.02467233,  -12.22095501,   97.44530761,   61.91838933,     33.01489645,   57.72890156,    6.92287294,    6.99496371,    129.92800686,   23.1962871 ,   11.19206219,    5.86646537,     -5.47447976], [  176.56833208,   72.38407905,  -41.58217021,    7.71448487,     18.58747637,  -27.57325774,    5.40705479,   18.22855412,     23.1962871 ,  100.07017676,   19.3233709 ,    0.49956944,     -0.21846313], [   72.52151782,   31.05365175,   36.53937526,   11.63087107,      0.19928869,   32.37861179,   15.37456833,   -3.04802355,     11.19206219,   19.3233709 ,   85.68647505,   30.59477158,      5.67570362], [  -93.47471889,   77.69711084,   34.99882726,   25.67528203,     -1.65562372,   22.53272866,    2.71037553,  -37.72540099,      5.86646537,    0.49956944,   30.59477158,   96.03184554,     25.3539616 ], [   37.289923  ,   17.27468168,  -15.54188659,   22.53140816,     24.13723011,  -12.32025249,   -6.5540961 ,   -2.51842275,     -5.47447976,   -0.21846313,    5.67570362,   25.3539616 ,     72.2759526 ]]
/root/sim/music/out/Queen/Greatest_Hits_II/13_The_Invisible_Man.mp3; [-637.9494   ,  90.981186 ,  31.156893 ,  45.858627 ,  14.563757 ,   11.344859 ,   4.844106 ,   4.8837185,  -2.088372 ,  -1.4747623,   -4.5819597,  -3.6510131,  -4.087363 ]; [[18259.34037851,   66.34526988,-1313.60862848,  128.11450069,   -211.41161036,   -1.06847447,  -26.25316516,  164.64097487,    -37.45824899,   96.72218458,   47.10746414,  -25.7150434 ,    -29.03072701], [   66.34526988, 1640.90270669, -176.0824818 ,  -73.47161098,     -8.86889751,   34.81933992,  116.27742662,   33.39832822,     19.14787438,  -50.12437456,   -5.11973075,   -0.70304949,     -9.07448522], [-1313.60862848, -176.0824818 , 1623.43998119,  428.77621405,    160.36504664,   58.68332761,  -65.41373413,  -58.73607758,     -0.93280284,  -43.7754891 ,  -56.1548786 ,  -34.1907418 ,     -6.81969824], [  128.11450069,  -73.47161098,  428.77621405,  590.90791417,    112.72859939,   94.93331912,   27.9157794 ,  -43.37684973,     11.37775791,  -21.15948684,  -61.56622526,   -2.34078767,     10.35498557], [ -211.41161036,   -8.86889751,  160.36504664,  112.72859939,    250.38769038,   72.84298045,    6.20197844,   30.54203375,     31.89465639,   17.09344972,    0.35963065,   -2.32984062,      8.39017049], [   -1.06847447,   34.81933992,   58.68332761,   94.93331912,     72.84298045,  210.63537893,   99.29116268,  -10.70864035,     11.338081  ,   15.18056203,    3.46993392,    8.59985966,     -2.35027704], [  -26.25316516,  116.27742662,  -65.41373413,   27.9157794 ,      6.20197844,   99.29116268,  179.27157615,   31.99619531,     13.07970487,    5.30455464,   12.44089844,   22.93260494,      6.3792988 ], [  164.64097487,   33.39832822,  -58.73607758,  -43.37684973,     30.54203375,  -10.70864035,   31.99619531,  147.29708878,     24.86365925,    8.74990239,   24.26966979,    7.28425421,     24.20106749], [  -37.45824899,   19.14787438,   -0.93280284,   11.37775791,     31.89465639,   11.338081  ,   13.07970487,   24.86365925,    106.6663686 ,   34.15270293,    0.84573983,    2.97995435,      6.73927372], [   96.72218458,  -50.12437456,  -43.7754891 ,  -21.15948684,     17.09344972,   15.18056203,    5.30455464,    8.74990239,     34.15270293,   89.46384145,   29.75482103,    3.4477559 ,     -1.27449168], [   47.10746414,   -5.11973075,  -56.1548786 ,  -61.56622526,      0.35963065,    3.46993392,   12.44089844,   24.26966979,      0.84573983,   29.75482103,   78.02645517,   23.972465  ,     -2.19713053], [  -25.7150434 ,   -0.70304949,  -34.1907418 ,   -2.34078767,     -2.32984062,    8.59985966,   22.93260494,    7.28425421,      2.97995435,    3.4477559 ,   23.972465  ,   67.48986242,     21.32887317], [  -29.03072701,   -9.07448522,   -6.81969824,   10.35498557,      8.39017049,   -2.35027704,    6.3792988 ,   24.20106749,      6.73927372,   -1.27449168,   -2.19713053,   21.32887317,     70.99923974]]
/root/sim/music/out/Beady_Eye/Different_Gear_Still_Speeding_[Bonus_Tr/14_Sons_Of_The_Stage.mp3; [-515.9112    , 132.91495   , -20.878763  ,  32.812256  ,   0.68733865,    9.000232  ,  -1.6866444 ,   1.8683646 ,  -1.4262153 ,  -0.19363913,   -5.2583423 ,  -3.3583863 ,  -5.64753   ]; [[27062.92942983,-4060.2519126 , -897.83646902,  308.37609731,   -424.54896631,  -58.81582955, -116.36792028,  170.33492624,   -114.04201513,  -91.54031965, -149.98895736,  -45.84424125,   -139.13064412], [-4060.2519126 , 2331.5367305 , -423.28644821,   85.21244927,    -33.9513958 ,  -40.42057776,   25.30170314, -155.91418267,     -9.57602928,  -27.05025759,  -35.68300665,  -47.08461697,    -13.89389866], [ -897.83646902, -423.28644821,  718.89409501, -128.65944837,    138.89314092,    8.06077362,   53.19920508,  111.67637988,     21.14004833,   48.43963907,   49.86353391,   42.90961527,     51.2117108 ], [  308.37609731,   85.21244927, -128.65944837,  305.29629157,    -12.80155583,   39.94730524,   12.97960168,  -22.82729598,     22.75798095,   -1.58253106,  -20.78368562,   -3.62426227,      6.43841321], [ -424.54896631,  -33.9513958 ,  138.89314092,  -12.80155583,    172.92405252,   37.58697279,   37.16245477,   43.76856648,     28.48353383,   24.23076681,   25.97511716,   23.30328851,     21.90113409], [  -58.81582955,  -40.42057776,    8.06077362,   39.94730524,     37.58697279,  137.84254902,   23.18312582,   21.83315613,     19.36973487,   22.61912921,   27.46026581,   17.82691729,     12.24750745], [ -116.36792028,   25.30170314,   53.19920508,   12.97960168,     37.16245477,   23.18312582,  118.36298904,   30.65960923,     17.25615779,   15.12868062,    3.2214881 ,    7.27215019,     15.92334351], [  170.33492624, -155.91418267,  111.67637988,  -22.82729598,     43.76856648,   21.83315613,   30.65960923,  110.98693323,     33.40787488,   28.82438306,   30.53011345,   22.94155492,     22.73024992], [ -114.04201513,   -9.57602928,   21.14004833,   22.75798095,     28.48353383,   19.36973487,   17.25615779,   33.40787488,     78.49016894,   28.98294134,   12.19194758,   15.10630004,     15.46874744], [  -91.54031965,  -27.05025759,   48.43963907,   -1.58253106,     24.23076681,   22.61912921,   15.12868062,   28.82438306,     28.98294134,   69.55804175,   39.79108063,   18.43686689,     15.63992608], [ -149.98895736,  -35.68300665,   49.86353391,  -20.78368562,     25.97511716,   27.46026581,    3.2214881 ,   30.53011345,     12.19194758,   39.79108063,   85.90433678,   37.28928758,     14.96345732], [  -45.84424125,  -47.08461697,   42.90961527,   -3.62426227,     23.30328851,   17.82691729,    7.27215019,   22.94155492,     15.10630004,   18.43686689,   37.28928758,   66.9229193 ,     29.22112673], [ -139.13064412,  -13.89389866,   51.2117108 ,    6.43841321,     21.90113409,   12.24750745,   15.92334351,   22.73024992,     15.46874744,   15.63992608,   14.96345732,   29.22112673,     59.65249393]]
/root/sim/music/out/Beady_Eye/Different_Gear_Still_Speeding_[Bonus_Tr/15_World_Outside_My_Room.mp3; [-626.6301   , 142.91203  ,  33.827106 ,  23.731373 ,  10.812809 ,   11.862374 ,  -1.7156174,   1.9278812,   2.1373117,   3.2725148,    3.1148708,  -3.994996 ,  -5.9639874]; [[12117.94586924,  864.6528903 , -352.86348414, -772.75363456,   -620.94566469,   18.13367912, -211.8966162 ,   62.31619119,    -55.77889789,   99.91874531,  114.15428432, -159.77707024,   -171.5656865 ], [  864.6528903 , 1390.63305418, -231.36242339, -192.67155542,     -3.70488119,  -42.81165134,   50.74808668,   45.00160166,    -30.01574954,   93.0728647 ,   90.0975934 ,  -27.56798514,    -17.52064475], [ -352.86348414, -231.36242339,  617.46332929,  302.23435551,    108.03679124,   42.79145879,  -18.72447662,  -30.43760846,     33.12414239,  -55.82669362,  -39.60604057,   43.40692511,     21.13164224], [ -772.75363456, -192.67155542,  302.23435551,  519.78056397,    227.24676961,   -7.93255064,  -20.45939937,  -38.62673161,     51.78827027,  -45.85830629,  -55.79618381,   41.70663611,     45.64749342], [ -620.94566469,   -3.70488119,  108.03679124,  227.24676961,    293.55505175,   34.39369451,   30.00845206,  -20.34272728,     38.10874298,  -29.7671902 ,  -36.13879139,   25.73001674,     15.01367776], [   18.13367912,  -42.81165134,   42.79145879,   -7.93255064,     34.39369451,  147.64821501,   65.87188401,   15.32174069,      7.33466771,    5.78533291,    7.87613424,   -4.81209079,     -5.93427334], [ -211.8966162 ,   50.74808668,  -18.72447662,  -20.45939937,     30.00845206,   65.87188401,  166.11364896,   43.44657565,     -0.06649386,    7.2966312 ,    8.76789031,    1.21241616,      0.29785984], [   62.31619119,   45.00160166,  -30.43760846,  -38.62673161,    -20.34272728,   15.32174069,   43.44657565,   98.68863725,     25.11814292,   19.05842142,   11.90014927,   -0.92680601,      4.91478056], [  -55.77889789,  -30.01574954,   33.12414239,   51.78827027,     38.10874298,    7.33466771,   -0.06649386,   25.11814292,     89.12628134,   16.27729322,  -12.27498722,    7.40729196,     10.20145392], [   99.91874531,   93.0728647 ,  -55.82669362,  -45.85830629,    -29.7671902 ,    5.78533291,    7.2966312 ,   19.05842142,     16.27729322,   94.17371528,   38.71575295,  -12.02253634,     -1.387752  ], [  114.15428432,   90.0975934 ,  -39.60604057,  -55.79618381,    -36.13879139,    7.87613424,    8.76789031,   11.90014927,    -12.27498722,   38.71575295,   76.53163514,   13.32631997,    -10.96552795], [ -159.77707024,  -27.56798514,   43.40692511,   41.70663611,     25.73001674,   -4.81209079,    1.21241616,   -0.92680601,      7.40729196,  -12.02253634,   13.32631997,   63.40726196,     15.36944421], [ -171.5656865 ,  -17.52064475,   21.13164224,   45.64749342,     15.01367776,   -5.93427334,    0.29785984,    4.91478056,     10.20145392,   -1.387752  ,  -10.96552795,   15.36944421,     57.12761452]]
/root/sim/music/out/Beady_Eye/Different_Gear_Still_Speeding_[Bonus_Tr/09_Standing_On_The_Edge_Of_The_Noise.mp3; [-480.3567   , 111.81405  , -28.660583 ,  30.443518 ,  -2.9524806,   13.983288 ,   4.4947004,  12.151963 ,   3.6520777,   5.9463854,   -0.2549631,  -1.3461127,  -0.7608844]; [[25197.78168138, -702.67918689,-2011.03084893,  551.77786554,   -485.08987924,  266.69035896, -141.16685689,  310.79367107,    162.69721186,  315.6364677 ,   40.90305952,  -62.89448922,    -68.52428032], [ -702.67918689, 1316.41814826,   39.72683159,   39.625833  ,     45.67798841,   -4.88063253,   64.8498172 ,    8.71574823,     -9.1282226 ,  -25.61547135,    6.21045298,   19.59192733,     11.32499599], [-2011.03084893,   39.72683159,  393.57351666,  -49.3578797 ,     66.52419949,   -2.5510415 ,   14.96432429,  -25.88256653,    -25.016481  ,  -35.96723824,   -8.53341336,    6.92030401,     10.62677239], [  551.77786554,   39.625833  ,  -49.3578797 ,  120.89268915,     -1.26638678,   25.95857469,   -9.19444752,   13.74063386,     17.09021999,   18.66639342,   -4.42940507,    3.69193053,     11.86286965], [ -485.08987924,   45.67798841,   66.52419949,   -1.26638678,     95.70258207,    0.95881791,    9.84600833,   -1.54211783,      4.52303771,  -11.12989791,   -3.77010307,    3.32296886,     -1.28988619], [  266.69035896,   -4.88063253,   -2.5510415 ,   25.95857469,      0.95881791,   75.58101809,   20.86470249,   19.61650273,      0.47736649,   13.0350624 ,    6.57953973,    2.25765222,      0.67962786], [ -141.16685689,   64.8498172 ,   14.96432429,   -9.19444752,      9.84600833,   20.86470249,   74.31818401,   13.13091251,     -5.47865697,   -4.35254311,    6.44203108,    6.02647871,     -4.69300864], [  310.79367107,    8.71574823,  -25.88256653,   13.74063386,     -1.54211783,   19.61650273,   13.13091251,   62.26708294,     16.84333354,   14.00266799,    5.08094875,    2.87757985,     -1.56046629], [  162.69721186,   -9.1282226 ,  -25.016481  ,   17.09021999,      4.52303771,    0.47736649,   -5.47865697,   16.84333354,     51.59990452,   21.50869702,    0.08129474,   -0.12594751,      1.74283523], [  315.6364677 ,  -25.61547135,  -35.96723824,   18.66639342,    -11.12989791,   13.0350624 ,   -4.35254311,   14.00266799,     21.50869702,   58.10054575,   18.43424797,   -0.11102922,      0.33809178], [   40.90305952,    6.21045298,   -8.53341336,   -4.42940507,     -3.77010307,    6.57953973,    6.44203108,    5.08094875,      0.08129474,   18.43424797,   41.58175379,   14.22602989,     -0.85091037], [  -62.89448922,   19.59192733,    6.92030401,    3.69193053,      3.32296886,    2.25765222,    6.02647871,    2.87757985,     -0.12594751,   -0.11102922,   14.22602989,   41.03452724,     16.89813874], [  -68.52428032,   11.32499599,   10.62677239,   11.86286965,     -1.28988619,    0.67962786,   -4.69300864,   -1.56046629,      1.74283523,    0.33809178,   -0.85091037,   16.89813874,     40.07581825]]
/root/sim/music/out/Beady_Eye/Different_Gear_Still_Speeding_[Bonus_Tr/12_The_Beat_Goes_On.mp3; [-469.3548   , 128.36156  ,  -7.987107 ,   9.609809 ,  -2.7843485,   14.42468  ,  -1.537153 ,   5.127991 ,  -1.0380663,   4.9371843,    5.253676 ,   3.3768783,   5.3031955]; [[6667.27573952,-956.7342627 , 316.68876683,-187.62342405,-139.33312593,    97.83326147, -15.78497664, 109.86497519, -79.24488081,  38.66083565,    17.73661036,-102.78856867, -56.97112177], [-956.7342627 ,1030.60765717,-391.30363519,  77.61941675,  52.15802035,   -56.29505021,   1.13487709, -12.54770292,  13.88332751,   1.75077696,     1.35146565,  10.35334216,  32.28408942], [ 316.68876683,-391.30363519, 496.94591498, -20.55123273,  42.16398765,    79.67164251, -13.02188539,  37.59021957,  14.60101117,   3.3984324 ,    19.42235297,  12.89500725,  14.67017395], [-187.62342405,  77.61941675, -20.55123273, 211.214305  ,   9.91947297,   -10.57953105,  -3.35342757, -33.61851617,  22.97901102,  -9.61779944,    -8.48417303,  26.26354164,  12.34810464], [-139.33312593,  52.15802035,  42.16398765,   9.91947297, 101.44973396,    12.98387918,   5.50129529,  -1.80148228,  19.07190247, -12.61135569,   -10.00054953,  14.07786374,   6.03381789], [  97.83326147, -56.29505021,  79.67164251, -10.57953105,  12.98387918,    90.13054139,  16.85042219,  24.02039934,   3.99093884,   5.41986599,    12.24346989,   0.81565495,   6.35444814], [ -15.78497664,   1.13487709, -13.02188539,  -3.35342757,   5.50129529,    16.85042219,  95.40677398,   3.78411951,   5.17143652,  -2.65987334,    -2.3341921 ,  15.35693516,  -9.2370366 ], [ 109.86497519, -12.54770292,  37.59021957, -33.61851617,  -1.80148228,    24.02039934,   3.78411951, 106.05640996,   1.24794212,  24.34701108,    23.79781154, -20.61183635,  13.8453935 ], [ -79.24488081,  13.88332751,  14.60101117,  22.97901102,  19.07190247,     3.99093884,   5.17143652,   1.24794212,  82.46148359,   7.0532854 ,   -10.41996976,  10.85818849,   1.52856466], [  38.66083565,   1.75077696,   3.3984324 ,  -9.61779944, -12.61135569,     5.41986599,  -2.65987334,  24.34701108,   7.0532854 ,  70.2189108 ,    32.03825293, -11.60934169,   3.64639687], [  17.73661036,   1.35146565,  19.42235297,  -8.48417303, -10.00054953,    12.24346989,  -2.3341921 ,  23.79781154, -10.41996976,  32.03825293,    63.62269912,   4.03112806,   6.62968444], [-102.78856867,  10.35334216,  12.89500725,  26.26354164,  14.07786374,     0.81565495,  15.35693516, -20.61183635,  10.85818849, -11.60934169,     4.03112806,  67.8630523 ,  10.05054519], [ -56.97112177,  32.28408942,  14.67017395,  12.34810464,   6.03381789,     6.35444814,  -9.2370366 ,  13.8453935 ,   1.52856466,   3.64639687,     6.62968444,  10.05054519,  50.86320073]]
