/root/sim/music/out/Queen/Queen_In_Vision/07_We_Are_The_Champions.mp3; [-678.3488   , 122.68482  , -12.126143 ,  19.821411 ,   2.7561672,   -2.9339843,   8.593877 ,  -0.4582278,  -8.343819 ,   9.5044   ,   -6.1450977,   2.7499714,  -1.6629895]; [[33743.3777074 ,-2973.49773587,-1620.9567105 , 1117.61212879,   -324.24018392,  143.84734858,  824.74716091,  750.41356879,    173.75711098,  625.17169703,  329.92447947,  468.65534726,    352.67797863], [-2973.49773587, 2152.62117422,    6.13909642, -122.90242125,     22.9799734 ,  -63.48634226,   -2.59194531, -178.87923398,    -25.57327732,  -45.32824583,  -19.06469505,  -34.82476707,    -35.40142609], [-1620.9567105 ,    6.13909642,  773.14877609,   40.8401827 ,     12.01317912,  107.68606942,  -64.88413141,  -29.65019062,    -11.43265511,  -81.36169412,   48.75592762,  -10.83865557,    -20.57017405], [ 1117.61212879, -122.90242125,   40.8401827 ,  339.93526527,     90.73509296,   38.92345964,   -2.95730471,   42.978745  ,     59.52698949,   33.4607531 ,   44.65108761,   21.73915623,     57.95393513], [ -324.24018392,   22.9799734 ,   12.01317912,   90.73509296,    291.90333688,   26.09654794,  -32.40911393,   40.37837899,     68.91296866,   68.72881194,    1.49485626,    3.16271003,     34.14667651], [  143.84734858,  -63.48634226,  107.68606942,   38.92345964,     26.09654794,  231.55387557,   77.30917   ,   28.02661307,     48.04668748,    7.13767906,   53.71446226,   41.82852553,     23.97619212], [  824.74716091,   -2.59194531,  -64.88413141,   -2.95730471,    -32.40911393,   77.30917   ,  262.29785774,   77.14221855,     17.85492111,   41.18958498,   24.77973192,   59.42635387,     -2.6122442 ], [  750.41356879, -178.87923398,  -29.65019062,   42.978745  ,     40.37837899,   28.02661307,   77.14221855,  180.95608718,     39.14472128,   45.22508721,   19.82382926,   17.62152558,     38.88827327], [  173.75711098,  -25.57327732,  -11.43265511,   59.52698949,     68.91296866,   48.04668748,   17.85492111,   39.14472128,    160.13431031,   52.54754459,   24.38515786,   11.65624734,     28.62528954], [  625.17169703,  -45.32824583,  -81.36169412,   33.4607531 ,     68.72881194,    7.13767906,   41.18958498,   45.22508721,     52.54754459,  168.29396623,   22.97291642,   38.93054736,     15.63245765], [  329.92447947,  -19.06469505,   48.75592762,   44.65108761,      1.49485626,   53.71446226,   24.77973192,   19.82382926,     24.38515786,   22.97291642,  148.90515747,   33.1724475 ,     18.31839286], [  468.65534726,  -34.82476707,  -10.83865557,   21.73915623,      3.16271003,   41.82852553,   59.42635387,   17.62152558,     11.65624734,   38.93054736,   33.1724475 ,  109.07690482,     40.64127508], [  352.67797863,  -35.40142609,  -20.57017405,   57.95393513,     34.14667651,   23.97619212,   -2.6122442 ,   38.88827327,     28.62528954,   15.63245765,   18.31839286,   40.64127508,    119.48916267]]
/root/sim/music/out/Queen/Queen_In_Vision/09_One_Vision.mp3; [-631.88007   , 113.3452    , -16.96037   ,  30.100178  ,  -2.0970223 ,    0.24336898,   3.3425765 ,   8.30176   ,  -2.7663996 ,   2.168107  ,   -1.3178493 ,   0.10403989,   3.1641774 ]; [[14769.26600904, -333.43868818, -140.00201448,  452.61086243,     41.46929005, -182.33231859,   51.95127788,  168.58070085,    -27.58440551,  156.08278306,    0.65109496, -127.30940851,     81.89375739], [ -333.43868818, 1603.97071665, -236.89488002,   28.13957115,     75.74064228,  -10.52032592,   86.80693015,   58.69715718,     45.5724004 ,    2.5079726 ,    8.14141913,   36.49326668,     -7.43324449], [ -140.00201448, -236.89488002,  870.53262779,    6.85736545,    136.89062175,   65.77505605,   87.39587632,   35.54186532,     84.81418797,   64.78273764,   55.03649551,   31.88964149,     21.51098942], [  452.61086243,   28.13957115,    6.85736545,  492.99257816,     69.86823472,   54.32946019,   13.44431047,  -41.46466293,     69.24726754,   66.92364936,   14.28654331,   24.2715875 ,      9.61949374], [   41.46929005,   75.74064228,  136.89062175,   69.86823472,    277.5987512 ,   56.91613548,   64.86589034,   35.10937393,     77.4554841 ,   48.8717652 ,   36.00777981,   15.49563274,     12.52593368], [ -182.33231859,  -10.52032592,   65.77505605,   54.32946019,     56.91613548,  213.775855  ,   64.88259051,   30.19918364,     16.35635307,    2.15077835,   33.96431523,   32.00880289,     -2.30599528], [   51.95127788,   86.80693015,   87.39587632,   13.44431047,     64.86589034,   64.88259051,  266.10388011,   72.02249579,     35.03056422,   25.09779753,   35.25409784,   32.92849157,     17.44452908], [  168.58070085,   58.69715718,   35.54186532,  -41.46466293,     35.10937393,   30.19918364,   72.02249579,  181.03470498,     23.91230476,   33.6755297 ,   28.7911595 ,    1.38026438,     27.69364665], [  -27.58440551,   45.5724004 ,   84.81418797,   69.24726754,     77.4554841 ,   16.35635307,   35.03056422,   23.91230476,    163.99934001,   43.67302642,   18.3539149 ,    6.27370494,     -2.57719736], [  156.08278306,    2.5079726 ,   64.78273764,   66.92364936,     48.8717652 ,    2.15077835,   25.09779753,   33.6755297 ,     43.67302642,  112.86214912,   35.4479898 ,   15.10271252,      9.48551343], [    0.65109496,    8.14141913,   55.03649551,   14.28654331,     36.00777981,   33.96431523,   35.25409784,   28.7911595 ,     18.3539149 ,   35.4479898 ,   89.91450039,   39.96330902,     14.99969203], [ -127.30940851,   36.49326668,   31.88964149,   24.2715875 ,     15.49563274,   32.00880289,   32.92849157,    1.38026438,      6.27370494,   15.10271252,   39.96330902,   89.6039613 ,     26.55982599], [   81.89375739,   -7.43324449,   21.51098942,    9.61949374,     12.52593368,   -2.30599528,   17.44452908,   27.69364665,     -2.57719736,    9.48551343,   14.99969203,   26.55982599,     80.03759322]]
/root/sim/music/out/Queen/Queen_In_Vision/10_A_Kind_Of_Magic.mp3; [-672.3728    , 108.97416   ,   5.635053  ,  29.064018  ,   3.238489  ,    3.0332189 ,   2.4443228 ,  10.634856  ,  -5.4321256 ,   6.6254396 ,    0.7542045 ,  -1.0978996 ,   0.89617056]; [[12793.28275112, -529.73013324, -271.8499702 ,  209.71445822,     59.98808232,   62.56318709,  135.17856835,  237.10822032,     18.12220532,  175.11737677,   78.63436585, -104.68664224,     22.90609979], [ -529.73013324, 1980.00099739, -336.90925876,  173.24100736,     64.31469103,  -97.93181821,  184.9052608 ,  -18.82484145,    -30.11622076,   66.36401396,   23.72360773,   70.66826143,     13.60954639], [ -271.8499702 , -336.90925876, 1047.72476301,  101.58816276,     66.80925744,  225.37732611,  -50.41081283,  -15.67101208,     96.90970708,  -43.56745509,   32.27100446,   31.4469319 ,    -14.94917022], [  209.71445822,  173.24100736,  101.58816276,  378.26183124,     66.03437119,   91.30014575,   21.09068095,  -21.53235363,     57.69594051,    4.00423827,    8.62584265,   24.2340524 ,     21.64664372], [   59.98808232,   64.31469103,   66.80925744,   66.03437119,    284.30378497,   17.57655226,   43.51680479,   41.46978098,     30.82933065,   15.61263117,   -1.65043255,   -1.82929431,     24.04304983], [   62.56318709,  -97.93181821,  225.37732611,   91.30014575,     17.57655226,  289.72189651,   47.40939697,   16.28933925,     56.42347856,  -28.33013688,   31.82746951,   22.0816394 ,    -11.39433379], [  135.17856835,  184.9052608 ,  -50.41081283,   21.09068095,     43.51680479,   47.40939697,  253.47075044,   71.31744707,      5.53755091,    4.19727462,   15.74130829,    3.54170781,     -5.59654941], [  237.10822032,  -18.82484145,  -15.67101208,  -21.53235363,     41.46978098,   16.28933925,   71.31744707,  160.63117725,      6.71924933,   17.93638025,   -2.48651743,  -37.92012777,     -2.35557733], [   18.12220532,  -30.11622076,   96.90970708,   57.69594051,     30.82933065,   56.42347856,    5.53755091,    6.71924933,    132.4084926 ,   23.48351328,   11.31271251,    5.97474877,     -4.82441196], [  175.11737677,   66.36401396,  -43.56745509,    4.00423827,     15.61263117,  -28.33013688,    4.19727462,   17.93638025,     23.48351328,  100.50614738,   18.69911494,    0.23105339,     -0.12217325], [   78.63436585,   23.72360773,   32.27100446,    8.62584265,     -1.65043255,   31.82746951,   15.74130829,   -2.48651743,     11.31271251,   18.69911494,   84.51138997,   28.8526885 ,      5.48729233], [ -104.68664224,   70.66826143,   31.4469319 ,   24.2340524 ,     -1.82929431,   22.0816394 ,    3.54170781,  -37.92012777,      5.97474877,    0.23105339,   28.8526885 ,   94.81216637,     25.40030434], [   22.90609979,   13.60954639,  -14.94917022,   21.64664372,     24.04304983,  -11.39433379,   -5.59654941,   -2.35557733,     -4.82441196,   -0.12217325,    5.48729233,   25.40030434,     73.07886421]]
/root/sim/music/out/Queen/Queen_In_Vision/11_Who_Wants_To_Live_Forever.mp3; [-753.3703   , 160.07751  ,  -3.5258358,  21.69489  ,  -5.9374394,   -2.0332227,  -0.4302106,   5.782612 ,  -7.463051 ,   6.941566 ,    0.8677573,  -3.2464945,   1.321264 ]; [[19885.56091302,-4110.69576392,-1679.39314071,  256.14615105,   -496.98041592,  141.71278226,  172.66908657,  733.66931808,   -355.9568668 ,  159.18845749,  251.41868244,    5.12350246,    251.1768252 ], [-4110.69576392, 2700.62359969,   74.67923485,   25.12766938,     47.31367012,  -20.0171395 ,  -23.90927471, -291.17539077,    176.63700597,  -42.460634  ,  -47.39105932,   39.58785412,    -86.05632524], [-1679.39314071,   74.67923485,  844.99838328,  -38.54877582,     95.3033073 ,   21.65177013,  -13.00843226,   13.78097686,     30.55626361,    2.90127296,   -3.57637409,    2.41289047,    -11.84751919], [  256.14615105,   25.12766938,  -38.54877582,  394.26683562,     75.68456345,   43.82872851,   36.60625239,  -20.48262665,    114.59255668,   15.92032816,   -5.53263233,   26.16783152,     50.91665306], [ -496.98041592,   47.31367012,   95.3033073 ,   75.68456345,    222.58057629,   30.67098736,  -18.81576813,  -27.36033166,     55.97458423,   14.75621737,   -8.86008107,    3.26156332,      9.28963998], [  141.71278226,  -20.0171395 ,   21.65177013,   43.82872851,     30.67098736,  175.92060236,   36.77460311,    1.5785846 ,     37.64757128,  -19.78185238,   21.87141762,   31.76676325,      2.63340367], [  172.66908657,  -23.90927471,  -13.00843226,   36.60625239,    -18.81576813,   36.77460311,  145.93062656,   31.25803959,      4.88489006,  -17.84340994,   11.68396193,   21.51344541,      1.79734297], [  733.66931808, -291.17539077,   13.78097686,  -20.48262665,    -27.36033166,    1.5785846 ,   31.25803959,  191.53834987,    -40.98668646,   26.04467347,   27.49564834,  -17.61081586,     25.84108287], [ -355.9568668 ,  176.63700597,   30.55626361,  114.59255668,     55.97458423,   37.64757128,    4.88489006,  -40.98668646,    193.22668635,   12.95626207,  -12.21965558,   22.76470286,     -5.6053206 ], [  159.18845749,  -42.460634  ,    2.90127296,   15.92032816,     14.75621737,  -19.78185238,  -17.84340994,   26.04467347,     12.95626207,  100.01522892,   23.1972894 ,   -6.52177466,      9.41386727], [  251.41868244,  -47.39105932,   -3.57637409,   -5.53263233,     -8.86008107,   21.87141762,   11.68396193,   27.49564834,    -12.21965558,   23.1972894 ,   87.01259848,   27.62414011,      5.9492228 ], [    5.12350246,   39.58785412,    2.41289047,   26.16783152,      3.26156332,   31.76676325,   21.51344541,  -17.61081586,     22.76470286,   -6.52177466,   27.62414011,   92.63119216,     16.72934981], [  251.1768252 ,  -86.05632524,  -11.84751919,   50.91665306,      9.28963998,    2.63340367,    1.79734297,   25.84108287,     -5.6053206 ,    9.41386727,    5.9492228 ,   16.72934981,     91.8955569 ]]
/root/sim/music/out/Queen/Queen_In_Vision/03_I_Was_Born_To_Love_You.mp3; [-611.81805   ,  98.221596  ,   8.138506  ,  18.920113  ,  -0.6400027 ,   -1.1912742 ,   1.0637529 ,   7.217798  ,  -5.4338903 ,  -0.34810412,   -2.0142617 ,  -3.034444  ,   0.11472523]; [[11193.99326639,  -71.92700777, -273.46453439,  341.40130032,    126.16472317,   24.24324641,   74.77401755,  158.1709003 ,   -109.5965136 ,   -0.33677503,  -75.05865855,  -76.02363529,    -13.57866444], [  -71.92700777,  706.22962432,  -37.48594762,  -66.47279271,    -64.32332183,  -30.69844762,   27.40860615,    1.22260419,     33.6542124 ,   -7.14442858,    9.69056459,   15.50898465,      0.17247403], [ -273.46453439,  -37.48594762,  427.57616655,   67.51321366,     50.94281896,   15.09461138,  -27.66855196,  -53.11300782,      8.25184615,   -8.90630055,    9.54667539,   30.72938729,     -9.64137293], [  341.40130032,  -66.47279271,   67.51321366,  292.4449537 ,    115.06414642,   49.35245441,    4.33592391,  -33.97058266,     49.67662449,    5.84656759,    0.05171151,   13.24554059,     -3.94781887], [  126.16472317,  -64.32332183,   50.94281896,  115.06414642,    192.38276423,   42.69725779,   13.49214263,   -1.18525662,     21.71493964,   11.21020401,   -5.38285753,   -9.5623796 ,     -5.64253437], [   24.24324641,  -30.69844762,   15.09461138,   49.35245441,     42.69725779,  142.92852761,   55.13664528,    7.60939117,      0.61729498,  -19.9823721 ,    9.47919175,   10.57741779,     -5.79973946], [   74.77401755,   27.40860615,  -27.66855196,    4.33592391,     13.49214263,   55.13664528,  139.47407811,   45.84130651,      5.20403095,  -13.8193889 ,   -4.63030716,   -2.47602199,     -7.97559747], [  158.1709003 ,    1.22260419,  -53.11300782,  -33.97058266,     -1.18525662,    7.60939117,   45.84130651,  131.96232804,     -6.93458355,    9.04128497,   -2.44203304,  -28.60911026,      7.62961144], [ -109.5965136 ,   33.6542124 ,    8.25184615,   49.67662449,     21.71493964,    0.61729498,    5.20403095,   -6.93458355,    135.35883466,   33.1578996 ,   -9.94198131,    4.92773938,    -26.70630288], [   -0.33677503,   -7.14442858,   -8.90630055,    5.84656759,     11.21020401,  -19.9823721 ,  -13.8193889 ,    9.04128497,     33.1578996 ,   88.48812374,   16.14961148,   -3.39633463,    -10.18953862], [  -75.05865855,    9.69056459,    9.54667539,    0.05171151,     -5.38285753,    9.47919175,   -4.63030716,   -2.44203304,     -9.94198131,   16.14961148,   70.47856964,   25.20579025,      6.30700165], [  -76.02363529,   15.50898465,   30.72938729,   13.24554059,     -9.5623796 ,   10.57741779,   -2.47602199,  -28.60911026,      4.92773938,   -3.39633463,   25.20579025,   81.87184192,     21.32574876], [  -13.57866444,    0.17247403,   -9.64137293,   -3.94781887,     -5.64253437,   -5.79973946,   -7.97559747,    7.62961144,    -26.70630288,  -10.18953862,    6.30700165,   21.32574876,     73.29935739]]
/root/sim/music/out/Queen/Queen_In_Vision/04_You're_My_Best_Friend.mp3; [-628.3422   , 100.82527  , -12.693911 ,  40.897984 ,  -2.8814342,    7.2034836,   2.0645666,   0.986665 ,  -3.570438 ,  -0.9176778,   -6.859719 ,  -1.5789069,  -4.4698887]; [[14361.07252303,-1520.19480613,   78.98697931, 1029.96427182,   -407.07247671,  460.41775497,  272.89516861,   98.64725742,     58.85768582,   75.08335679,  -37.86583063,  175.94652247,     73.03480328], [-1520.19480613, 1998.82583534, -584.7159302 , -281.692458  ,    168.5581252 , -216.43260622, -106.24309094,  -23.60813232,     -5.27997539,  -18.40908497,  -10.74024884,  -42.00936263,     -6.8335721 ], [   78.98697931, -584.7159302 ,  868.91337259,  191.2144728 ,      5.9472631 ,  116.93148223,   37.25959115,   72.82943523,     45.42925812,   50.70164597,   77.59306517,   26.585367  ,     38.55442401], [ 1029.96427182, -281.692458  ,  191.2144728 ,  404.38859378,     13.31556036,  147.51020423,   43.74923068,   53.82193774,     60.10474119,   24.41181079,   34.3597244 ,   29.97562921,     42.2126009 ], [ -407.07247671,  168.5581252 ,    5.9472631 ,   13.31556036,    218.36795195,   35.05026575,    7.03128318,   31.70704619,     34.58109412,   22.71028025,   12.28359201,   -8.37978823,      8.23021341], [  460.41775497, -216.43260622,  116.93148223,  147.51020423,     35.05026575,  295.98789512,  117.27418475,   57.26195926,     60.92726618,    2.86778234,   36.98542102,   14.6324246 ,     -0.23729602], [  272.89516861, -106.24309094,   37.25959115,   43.74923068,      7.03128318,  117.27418475,  162.56944873,   65.60446787,     20.73871447,   11.66296066,   27.13530441,   20.92346244,     -3.20271817], [   98.64725742,  -23.60813232,   72.82943523,   53.82193774,     31.70704619,   57.26195926,   65.60446787,  129.67867824,     64.05969792,   17.04948   ,   24.80181822,   11.43598842,      8.08242796], [   58.85768582,   -5.27997539,   45.42925812,   60.10474119,     34.58109412,   60.92726618,   20.73871447,   64.05969792,    123.4386903 ,   31.22278851,   20.12302667,   11.76120552,     14.46435181], [   75.08335679,  -18.40908497,   50.70164597,   24.41181079,     22.71028025,    2.86778234,   11.66296066,   17.04948   ,     31.22278851,  105.63809654,   42.70639508,   14.64421568,     11.20063312], [  -37.86583063,  -10.74024884,   77.59306517,   34.3597244 ,     12.28359201,   36.98542102,   27.13530441,   24.80181822,     20.12302667,   42.70639508,  101.29632221,   31.70430157,     12.00457283], [  175.94652247,  -42.00936263,   26.585367  ,   29.97562921,     -8.37978823,   14.6324246 ,   20.92346244,   11.43598842,     11.76120552,   14.64421568,   31.70430157,   89.2420569 ,     38.00024778], [   73.03480328,   -6.8335721 ,   38.55442401,   42.2126009 ,      8.23021341,   -0.23729602,   -3.20271817,    8.08242796,     14.46435181,   11.20063312,   12.00457283,   38.00024778,     81.94491787]]
/root/sim/music/out/Queen/Queen_In_Vision/02_Don't_Stop_Me_Now.mp3; [-633.5523    ,  84.04338   , -18.84972   ,  24.415419  ,  11.634063  ,    6.3838944 ,  10.618332  ,  10.546247  ,  -9.292513  ,   5.281819  ,   -3.8521237 ,   0.5161663 ,  -0.79638433]; [[15439.27772612,  -59.61475527,  481.76218348, 1124.97030365,    307.01838936,  726.66861112,  442.93289578,  633.69984659,    276.72400209,  258.3643662 ,  156.13234202, -105.41888775,    145.30434895], [  -59.61475527, 1436.47096911, -520.0093072 , -109.48148932,     12.66697382, -189.73055644,   29.54561779,  -25.52143366,    -35.30370866,   34.47091358,  -29.54622931,   29.90132762,    -10.77378608], [  481.76218348, -520.0093072 ,  937.62674927,  266.75391393,     73.17631964,  327.7930073 ,  -37.60868685,   76.26165882,    159.51835276,  -39.58125176,  123.60976749,   16.30665363,     73.77174776], [ 1124.97030365, -109.48148932,  266.75391393,  527.77172921,    163.37938136,  229.05089219,   17.09445734,   94.998049  ,    161.3847947 ,   20.83821672,   99.06241722,   -2.46291819,    123.40757621], [  307.01838936,   12.66697382,   73.17631964,  163.37938136,    244.55029243,  104.34855305,   20.67646739,   26.6655729 ,     58.67238598,   42.24872153,   28.093395  ,   -1.84960809,     31.90678761], [  726.66861112, -189.73055644,  327.7930073 ,  229.05089219,    104.34855305,  373.90538471,   64.57020415,   98.8929615 ,    128.75380031,  -18.11956771,  121.35881311,    4.04748576,     62.10083386], [  442.93289578,   29.54561779,  -37.60868685,   17.09445734,     20.67646739,   64.57020415,  279.60254073,  111.65835963,      4.34499672,   44.50640748,   24.29219262,    7.78885691,    -26.80021756], [  633.69984659,  -25.52143366,   76.26165882,   94.998049  ,     26.6655729 ,   98.8929615 ,  111.65835963,  182.75771365,     59.18543589,   44.9244707 ,   46.08158924,    0.96152808,     23.77081738], [  276.72400209,  -35.30370866,  159.51835276,  161.3847947 ,     58.67238598,  128.75380031,    4.34499672,   59.18543589,    218.30268386,   16.82642367,   71.83511367,    3.14825376,     46.88893986], [  258.3643662 ,   34.47091358,  -39.58125176,   20.83821672,     42.24872153,  -18.11956771,   44.50640748,   44.9244707 ,     16.82642367,  137.76731608,   20.0853915 ,   19.72830499,      1.87013614], [  156.13234202,  -29.54622931,  123.60976749,   99.06241722,     28.093395  ,  121.35881311,   24.29219262,   46.08158924,     71.83511367,   20.0853915 ,  151.75086665,   29.40073068,     46.54012995], [ -105.41888775,   29.90132762,   16.30665363,   -2.46291819,     -1.84960809,    4.04748576,    7.78885691,    0.96152808,      3.14825376,   19.72830499,   29.40073068,   94.49988091,     41.35166836], [  145.30434895,  -10.77378608,   73.77174776,  123.40757621,     31.90678761,   62.10083386,  -26.80021756,   23.77081738,     46.88893986,    1.87013614,   46.54012995,   41.35166836,    140.45972634]]
/root/sim/music/out/Queen/Sheer_Heart_Attack/02_Killer_Queen.mp3; [-670.3464    , 133.93282   , -25.566921  ,  34.86842   ,  -4.789257  ,    3.9851928 ,  -6.390682  ,   3.482637  ,  -9.213187  ,   5.295655  ,   -5.542374  ,  -0.56608915,  -4.0151777 ]; [[13801.04239632, 1063.5994301 , -538.7763474 ,  200.39176071,   -365.84622   ,   93.42465512,   34.15765998,  138.33925694,   -115.79915409,  -24.14751788, -130.90081518,  -99.08384741,    -25.86306832], [ 1063.5994301 , 1845.75884275, -386.23542014,  -69.86254305,    -23.66586337, -123.78905208,   62.29750388,  -62.3422832 ,    -34.44508719,    5.4257858 ,   27.40823943,   48.64438964,     40.32193867], [ -538.7763474 , -386.23542014,  872.1394323 ,   43.28848908,    158.58814147,  232.08271979,   25.29164025,   97.36963486,     23.090788  ,  -18.41728971,    5.24523379,   -5.65249563,    -14.47601089], [  200.39176071,  -69.86254305,   43.28848908,  486.41092047,    154.53456353,   35.20158858,  -73.39220784,    9.94798823,     46.14324428,   30.5469344 ,   16.20649001,  -18.24648442,     18.24436357], [ -365.84622   ,  -23.66586337,  158.58814147,  154.53456353,    352.58132022,   78.95098112,   -0.70345085,   27.32760108,     26.21118216,   23.14017498,   -3.97334612,  -16.0722318 ,    -24.74661176], [   93.42465512, -123.78905208,  232.08271979,   35.20158858,     78.95098112,  281.94927068,  107.87435722,   67.35364087,      2.25863426,  -24.03084276,    5.67590871,  -34.85509407,    -24.52523928], [   34.15765998,   62.29750388,   25.29164025,  -73.39220784,     -0.70345085,  107.87435722,  280.71913425,   86.84435554,     24.93647619,  -26.1831748 ,    3.52041741,   11.77812695,     10.64628963], [  138.33925694,  -62.3422832 ,   97.36963486,    9.94798823,     27.32760108,   67.35364087,   86.84435554,  171.6140933 ,     61.56420612,    0.48777601,  -22.13285938,  -17.87511092,     -6.44124832], [ -115.79915409,  -34.44508719,   23.090788  ,   46.14324428,     26.21118216,    2.25863426,   24.93647619,   61.56420612,    177.51324639,   58.82899163,   32.21771071,  -12.89438369,    -10.58394212], [  -24.14751788,    5.4257858 ,  -18.41728971,   30.5469344 ,     23.14017498,  -24.03084276,  -26.1831748 ,    0.48777601,     58.82899163,  137.2634311 ,   50.05154196,    4.01645387,    -21.47608572], [ -130.90081518,   27.40823943,    5.24523379,   16.20649001,     -3.97334612,    5.67590871,    3.52041741,  -22.13285938,     32.21771071,   50.05154196,  125.29279801,   37.97713474,     16.02303318], [  -99.08384741,   48.64438964,   -5.65249563,  -18.24648442,    -16.0722318 ,  -34.85509407,   11.77812695,  -17.87511092,    -12.89438369,    4.01645387,   37.97713474,  114.49179983,     57.59146747], [  -25.86306832,   40.32193867,  -14.47601089,   18.24436357,    -24.74661176,  -24.52523928,   10.64628963,   -6.44124832,    -10.58394212,  -21.47608572,   16.02303318,   57.59146747,    121.37885627]]
/root/sim/music/out/Queen/Sheer_Heart_Attack/01_Brighton_Rock.mp3; [-670.08875  , 143.30469  , -24.166822 ,  41.321053 , -10.332344 ,    3.1418166,  -4.616735 ,   2.325332 ,  -1.9436127,  -2.5261395,   -7.26747  ,  -8.514801 ,  -6.6580105]; [[12520.10905454,-1410.57094279,  679.23969352,  841.91665236,    -49.55311708,  654.20762656,    4.45903011,  311.38408273,      9.33003921,  352.29345591,   51.99926373,  297.58353272,     87.60625338], [-1410.57094279, 1670.98599192, -505.35415766,  -36.02154485,    -62.51512411, -166.93352662,   -1.48113418, -101.36031463,    -15.13140381, -157.949158  ,  -75.03694713, -144.85355074,    -82.13848306], [  679.23969352, -505.35415766, 1166.8239364 ,  211.24233896,    260.61572559,  235.00891891,  117.8651042 ,   96.52010911,    -60.62570613,   19.62941465,  -28.25976396,   28.54873543,    -11.37616304], [  841.91665236,  -36.02154485,  211.24233896,  394.50547799,     42.48718227,  148.52041876,   34.73836892,   50.07636652,     12.23948731,    8.3721513 ,   -7.0545113 ,   -0.97272018,      4.38477568], [  -49.55311708,  -62.51512411,  260.61572559,   42.48718227,    234.77855581,   64.0890054 ,   51.19703673,   10.69772182,    -11.78032111,    1.15047965,  -19.16053958,   27.56934172,     21.02720266], [  654.20762656, -166.93352662,  235.00891891,  148.52041876,     64.0890054 ,  233.88797522,   88.14160004,   49.59582509,      1.08118605,    6.11157089,    5.33055541,    1.37691109,     -7.67989269], [    4.45903011,   -1.48113418,  117.8651042 ,   34.73836892,     51.19703673,   88.14160004,  135.95732151,   46.71675487,     11.68043331,   -5.12391031,    3.96913918,    3.40778684,    -12.77991942], [  311.38408273, -101.36031463,   96.52010911,   50.07636652,     10.69772182,   49.59582509,   46.71675487,  107.30621406,     43.69671752,   35.03223602,    5.93764056,    7.77900049,     -3.70782414], [    9.33003921,  -15.13140381,  -60.62570613,   12.23948731,    -11.78032111,    1.08118605,   11.68043331,   43.69671752,    115.37122499,   49.26112326,   22.51707092,   -5.4020229 ,     -2.89359627], [  352.29345591, -157.949158  ,   19.62941465,    8.3721513 ,      1.15047965,    6.11157089,   -5.12391031,   35.03223602,     49.26112326,  123.75778105,   53.983263  ,   40.59148147,     13.5032292 ], [   51.99926373,  -75.03694713,  -28.25976396,   -7.0545113 ,    -19.16053958,    5.33055541,    3.96913918,    5.93764056,     22.51707092,   53.983263  ,   96.37967436,   57.43303903,     20.39773263], [  297.58353272, -144.85355074,   28.54873543,   -0.97272018,     27.56934172,    1.37691109,    3.40778684,    7.77900049,     -5.4020229 ,   40.59148147,   57.43303903,  121.70970175,     56.27246007], [   87.60625338,  -82.13848306,  -11.37616304,    4.38477568,     21.02720266,   -7.67989269,  -12.77991942,   -3.70782414,     -2.89359627,   13.5032292 ,   20.39773263,   56.27246007,     84.68573425]]
/root/sim/music/out/Queen/Sheer_Heart_Attack/07_In_The_Lap_Of_The_Gods.mp3; [-654.20917   , 124.54027   , -23.096737  ,  29.895548  , -19.791368  ,    8.625012  ,  -3.430476  ,   0.00376632,  -9.94609   ,   1.3926002 ,   -2.0189364 ,  -0.24459065,  -3.3466797 ]; [[10857.29549462, -521.1702107 ,  356.18966263,  192.02585188,   -600.46653713, -147.74710145,  -48.29428714,  -31.62462626,    -61.10554589,  282.01251356,  255.40054204,  184.36018468,     -1.49354171], [ -521.1702107 , 1039.91505198,   17.81331898,  -73.64919435,     50.24383286,  -45.37373797,  -20.99583158,    2.82650686,    -12.0590836 ,  -37.3912454 ,  -25.57585169,   -1.01952158,      5.83783923], [  356.18966263,   17.81331898, 1053.00791665,  280.2525554 ,     59.79817617,    1.06968226,  -19.53372942,  -21.80406142,     48.66965251,   19.7840979 ,   16.3105595 ,   52.5117254 ,     17.47173507], [  192.02585188,  -73.64919435,  280.2525554 ,  425.72632727,    131.87287162,   93.8632519 , -118.43229142,  -19.30063655,     -8.5333462 ,  -15.51870134,  -15.90263236,  -13.27676331,    -22.96443364], [ -600.46653713,   50.24383286,   59.79817617,  131.87287162,    295.64023951,   81.259143  ,  -26.67223572,  -23.3879295 ,      9.00951925,  -20.3657216 ,  -33.18843707,  -46.6288532 ,    -29.91627748], [ -147.74710145,  -45.37373797,    1.06968226,   93.8632519 ,     81.259143  ,  208.70240076,   10.72659695,   18.08802895,      2.63315706,  -18.74154762,   -5.70142535,  -32.17148882,    -29.90626096], [  -48.29428714,  -20.99583158,  -19.53372942, -118.43229142,    -26.67223572,   10.72659695,  225.074722  ,   70.94905435,     37.59031901,   12.90098251,    0.80583685,   -8.09721601,    -10.10846083], [  -31.62462626,    2.82650686,  -21.80406142,  -19.30063655,    -23.3879295 ,   18.08802895,   70.94905435,  165.50238875,     73.991707  ,   17.50547467,  -19.14456072,  -19.96225577,    -11.81034361], [  -61.10554589,  -12.0590836 ,   48.66965251,   -8.5333462 ,      9.00951925,    2.63315706,   37.59031901,   73.991707  ,    157.16956134,   43.70976078,  -13.23977375,   -8.91001915,    -10.0304483 ], [  282.01251356,  -37.3912454 ,   19.7840979 ,  -15.51870134,    -20.3657216 ,  -18.74154762,   12.90098251,   17.50547467,     43.70976078,  119.65605541,   77.66022203,   37.59912947,      7.7910563 ], [  255.40054204,  -25.57585169,   16.3105595 ,  -15.90263236,    -33.18843707,   -5.70142535,    0.80583685,  -19.14456072,    -13.23977375,   77.66022203,  148.06621972,   76.30771732,     27.39436991], [  184.36018468,   -1.01952158,   52.5117254 ,  -13.27676331,    -46.6288532 ,  -32.17148882,   -8.09721601,  -19.96225577,     -8.91001915,   37.59912947,   76.30771732,  109.53740985,     54.21139326], [   -1.49354171,    5.83783923,   17.47173507,  -22.96443364,    -29.91627748,  -29.90626096,  -10.10846083,  -11.81034361,    -10.0304483 ,    7.7910563 ,   27.39436991,   54.21139326,     91.78065826]]
/root/sim/music/out/Queen/Sheer_Heart_Attack/09_Dear_Friends.mp3; [-857.5042    , 144.6792    ,   8.013268  ,  20.376608  , -15.24218   ,  -19.073463  , -21.406874  ,  -4.810249  , -33.428585  ,  -0.02298457,  -12.917944  ,  -6.4943495 ,   0.19039328]; [[18404.34102088, 2364.36872797,-1788.57076859,  291.28676265,  -1121.20119955,-1352.45552136,-1312.90732755, -102.61393066,  -1891.4693016 , -131.91688203, -729.55435045, -444.46022376,    110.97318047], [ 2364.36872797, 2208.14375273, -106.55808733, -201.34135418,   -156.33537942, -238.69626021,  -37.57594186,  -81.58829231,   -314.3034229 ,  -78.35973006, -118.58385319,  -68.68950115,    -12.86004568], [-1788.57076859, -106.55808733, 1169.65103455,   50.58303265,     96.08482929,  432.81786665,  213.30057367,   81.43667124,    195.74825799, -177.44051153,   53.7547264 ,   19.46841127,     65.5980778 ], [  291.28676265, -201.34135418,   50.58303265,  404.71813052,    147.73715296,   28.02911645, -124.05460385,    3.06017263,     60.75355052,  -51.16566786,  -62.80443239,  -68.12629323,     50.13924344], [-1121.20119955, -156.33537942,   96.08482929,  147.73715296,    353.04433419,   95.90506729,  -43.55824927,   -2.54533576,    231.78628642,    3.14413489,   19.93376606,  -32.57999204,     -8.09167416], [-1352.45552136, -238.69626021,  432.81786665,   28.02911645,     95.90506729,  364.30979747,  140.41804851,   18.07664905,    180.62849235,  -62.17072874,   84.53629576,   20.25571329,      8.106478  ], [-1312.90732755,  -37.57594186,  213.30057367, -124.05460385,    -43.55824927,  140.41804851,  345.50574099,   54.52752683,     56.5579219 ,   42.23970648,   92.76170003,   93.15435869,    -33.11133272], [ -102.61393066,  -81.58829231,   81.43667124,    3.06017263,     -2.54533576,   18.07664905,   54.52752683,  129.5595405 ,     12.43813843,  -22.3606029 ,    0.07420072,    7.19170212,     33.37103409], [-1891.4693016 , -314.3034229 ,  195.74825799,   60.75355052,    231.78628642,  180.62849235,   56.5579219 ,   12.43813843,    413.67738661,   16.78318825,   36.12619696,   34.30661433,    -23.40819815], [ -131.91688203,  -78.35973006, -177.44051153,  -51.16566786,      3.14413489,  -62.17072874,   42.23970648,  -22.3606029 ,     16.78318825,  215.75360484,   59.53609675,   43.63089348,    -83.34792614], [ -729.55435045, -118.58385319,   53.7547264 ,  -62.80443239,     19.93376606,   84.53629576,   92.76170003,    0.07420072,     36.12619696,   59.53609675,  168.21479219,   33.44518733,    -28.72543646], [ -444.46022376,  -68.68950115,   19.46841127,  -68.12629323,    -32.57999204,   20.25571329,   93.15435869,    7.19170212,     34.30661433,   43.63089348,   33.44518733,  141.96105644,    -20.25373629], [  110.97318047,  -12.86004568,   65.5980778 ,   50.13924344,     -8.09167416,    8.106478  ,  -33.11133272,   33.37103409,    -23.40819815,  -83.34792614,  -28.72543646,  -20.25373629,    129.57961712]]
/root/sim/music/out/Queen/Sheer_Heart_Attack/05_Lily_Of_The_Valley.mp3; [-751.3225   , 142.61887  ,  -2.8272383,  41.378296 ,  -3.3375442,    5.8276534, -10.394746 ,   2.0846097, -11.46349  ,   2.1448603,   -6.9177556,  -2.3719926,  -5.685469 ]; [[14096.62996414,-2125.39403525,-1291.99113341,   79.62709533,   -928.25510237,  175.7988491 , -235.20797357,  260.9578821 ,   -611.21068663,  117.0360304 , -226.51913101, -108.25781654,   -187.1229113 ], [-2125.39403525, 1540.95495562,   15.68963162,  -58.92519364,    341.26850337,  -94.02464605,   66.6600006 ,  -65.61794535,    131.95662925,  -14.97702365,   72.8064827 ,   31.07906682,     36.98687678], [-1291.99113341,   15.68963162,  824.64045551,  122.86545399,    207.88071507,  144.70184734,   38.99940453,   55.40327106,     30.63092915,  -32.53660699,  -44.77325651,   -1.79875665,     27.71030324], [   79.62709533,  -58.92519364,  122.86545399,  355.20226799,    103.26731205,   25.16438664,  -48.93294822,   41.31861807,     34.1196194 ,  -52.34427996,  -46.42872514,  -31.6642246 ,     31.98647344], [ -928.25510237,  341.26850337,  207.88071507,  103.26731205,    427.77270588,   53.7886481 ,   17.6631595 ,   28.13287566,     86.95678719,    4.69937767,   -3.54120457,   21.19267232,     42.3745827 ], [  175.7988491 ,  -94.02464605,  144.70184734,   25.16438664,     53.7886481 ,  212.2289874 ,   86.59988965,   60.65820897,     27.98758933,   25.79652695,   30.43896421,    3.09599363,      4.55468666], [ -235.20797357,   66.6600006 ,   38.99940453,  -48.93294822,     17.6631595 ,   86.59988965,  235.52744604,   55.74672769,     58.37287721,   59.54871394,   81.39164792,   27.93289666,     11.37009386], [  260.9578821 ,  -65.61794535,   55.40327106,   41.31861807,     28.13287566,   60.65820897,   55.74672769,  130.38185226,     45.61444638,   20.67799993,    9.59573803,    3.66122225,      5.04038467], [ -611.21068663,  131.95662925,   30.63092915,   34.1196194 ,     86.95678719,   27.98758933,   58.37287721,   45.61444638,    194.27638569,   60.79521285,   62.56775585,   21.35959887,     26.90196365], [  117.0360304 ,  -14.97702365,  -32.53660699,  -52.34427996,      4.69937767,   25.79652695,   59.54871394,   20.67799993,     60.79521285,  159.87892344,   84.23159162,   34.75382603,     -0.89674926], [ -226.51913101,   72.8064827 ,  -44.77325651,  -46.42872514,     -3.54120457,   30.43896421,   81.39164792,    9.59573803,     62.56775585,   84.23159162,  149.6124035 ,   57.90397758,     23.27030439], [ -108.25781654,   31.07906682,   -1.79875665,  -31.6642246 ,     21.19267232,    3.09599363,   27.93289666,    3.66122225,     21.35959887,   34.75382603,   57.90397758,  123.10003469,     53.96454377], [ -187.1229113 ,   36.98687678,   27.71030324,   31.98647344,     42.3745827 ,    4.55468666,   11.37009386,    5.04038467,     26.90196365,   -0.89674926,   23.27030439,   53.96454377,    107.61876406]]
/root/sim/music/out/Queen/Sheer_Heart_Attack/13_In_The_Lap_Of_The_GodsRevisite.mp3; [-668.1746    , 133.98692   , -15.612686  ,  38.08917   , -12.319328  ,    6.8807206 ,  -3.3209345 ,   4.378342  ,  -7.405905  ,   3.8745816 ,   -3.631014  ,   2.373654  ,  -0.72222596]; [[15202.9591892 , -293.81479567,-2837.71285928, -550.12672845,   -999.74465242, -251.78354656,  214.98463795,  131.87989964,   -118.65539508,  131.14909399,  -40.12761215,   29.85245493,   -131.56956965], [ -293.81479567, 1482.94527864,  176.94776041, -159.40658694,     13.95335266,  -64.09021319,    2.45005803,  -69.6552216 ,     40.98068421,  -19.18911416,   59.54403279,   17.47178591,     28.58963018], [-2837.71285928,  176.94776041, 1085.58119774,  166.82783882,    199.25349569,   97.21994134,  -71.56894558,    2.94122728,     24.49136769,  -22.58525953,   22.10226214,   -7.00779053,     29.8760315 ], [ -550.12672845, -159.40658694,  166.82783882,  431.38232526,    159.66224689,   67.46143211,  -95.61164299,   31.66304345,     10.7066212 ,   -5.07844608,  -26.26846553,   -0.29158009,     66.57585554], [ -999.74465242,   13.95335266,  199.25349569,  159.66224689,    265.26781873,   76.75663634,  -26.41032612,    8.17166918,     28.55160512,   11.84499149,   -1.67345876,    6.14633812,     32.26335587], [ -251.78354656,  -64.09021319,   97.21994134,   67.46143211,     76.75663634,  181.26299831,   59.08255199,   26.84015977,     14.27084884,    3.73243368,   10.4330484 ,  -21.78932082,    -18.01814926], [  214.98463795,    2.45005803,  -71.56894558,  -95.61164299,    -26.41032612,   59.08255199,  250.27512357,   66.04892201,     19.64577666,   32.92593315,   26.75467442,   -2.85062944,    -45.12245989], [  131.87989964,  -69.6552216 ,    2.94122728,   31.66304345,      8.17166918,   26.84015977,   66.04892201,  112.81982845,     29.7221466 ,   18.84634431,    4.3508477 ,    1.06211307,      0.86957537], [ -118.65539508,   40.98068421,   24.49136769,   10.7066212 ,     28.55160512,   14.27084884,   19.64577666,   29.7221466 ,     97.12794064,   24.48342122,   15.64321156,   -5.98087778,     -2.67912845], [  131.14909399,  -19.18911416,  -22.58525953,   -5.07844608,     11.84499149,    3.73243368,   32.92593315,   18.84634431,     24.48342122,   91.00353285,   28.59476708,   12.42206476,     -5.75983985], [  -40.12761215,   59.54403279,   22.10226214,  -26.26846553,     -1.67345876,   10.4330484 ,   26.75467442,    4.3508477 ,     15.64321156,   28.59476708,   78.89210836,   23.46846852,     -2.80631071], [   29.85245493,   17.47178591,   -7.00779053,   -0.29158009,      6.14633812,  -21.78932082,   -2.85062944,    1.06211307,     -5.98087778,   12.42206476,   23.46846852,   72.93739031,     31.76193006], [ -131.56956965,   28.58963018,   29.8760315 ,   66.57585554,     32.26335587,  -18.01814926,  -45.12245989,    0.86957537,     -2.67912845,   -5.75983985,   -2.80631071,   31.76193006,     95.13404998]]
