/root/sim/music/out/徳永英明/BATON/09_置手紙.mp3; [-571.53986   , 130.26651   ,   8.972243  ,  31.157562  ,  15.475844  ,    1.6539048 ,   3.1840813 ,  -0.18148577,  -6.199162  ,   3.701207  ,   -0.5722214 ,  -0.27436215,  -3.8167713 ]; [[13328.35092611, 1027.25285011, -687.67535459,  308.09644545,    181.68857111,  -94.62351259,   55.72242439, -205.42099831,    -76.58823067,   14.7103829 , -118.85948792, -163.24783404,   -162.23321401], [ 1027.25285011,  907.85429525, -147.45558974,  123.69499496,     54.53219842,   30.87819259,   32.56519837,   -4.85221985,    -11.04714933,   22.35379443,   16.66265708,  -18.50598284,    -13.95528935], [ -687.67535459, -147.45558974,  590.20670305,  -66.37711419,     51.11374994,  -34.23149425,   -5.10557567,   57.21399234,    -39.26128433,    1.3801562 ,  -58.73605291,   48.78138044,     -2.09281155], [  308.09644545,  123.69499496,  -66.37711419,  262.71213602,     32.45556373,   63.87625573,  -34.48789932,    2.82734857,      5.66999481,   -3.23614157,   52.797101  ,    8.06901978,     12.75921282], [  181.68857111,   54.53219842,   51.11374994,   32.45556373,    162.23971294,   -8.92800447,   11.38784985,    4.15771013,      2.10798333,   23.64861687,  -41.83204874,    4.14318135,    -21.8702964 ], [  -94.62351259,   30.87819259,  -34.23149425,   63.87625573,     -8.92800447,  186.3809838 ,   23.57483083,   32.64636009,     25.61276708,   20.20633789,   72.30364262,    9.59795273,     30.62053547], [   55.72242439,   32.56519837,   -5.10557567,  -34.48789932,     11.38784985,   23.57483083,  115.4826244 ,   26.21628065,     22.22237251,   10.42503932,    7.95290222,    6.05482732,      0.90337119], [ -205.42099831,   -4.85221985,   57.21399234,    2.82734857,      4.15771013,   32.64636009,   26.21628065,   99.12009259,     19.91023443,   12.02736201,   14.81364098,   24.1225958 ,     37.93264387], [  -76.58823067,  -11.04714933,  -39.26128433,    5.66999481,      2.10798333,   25.61276708,   22.22237251,   19.91023443,    101.79598559,   15.09992227,   30.2114121 ,    3.37283541,     19.49743162], [   14.7103829 ,   22.35379443,    1.3801562 ,   -3.23614157,     23.64861687,   20.20633789,   10.42503932,   12.02736201,     15.09992227,   78.12850214,   13.13961749,   14.49642545,     -1.25190514], [ -118.85948792,   16.66265708,  -58.73605291,   52.797101  ,    -41.83204874,   72.30364262,    7.95290222,   14.81364098,     30.2114121 ,   13.13961749,  141.19934101,   32.40428885,     41.2048157 ], [ -163.24783404,  -18.50598284,   48.78138044,    8.06901978,      4.14318135,    9.59795273,    6.05482732,   24.1225958 ,      3.37283541,   14.49642545,   32.40428885,   81.05300669,     39.61359777], [ -162.23321401,  -13.95528935,   -2.09281155,   12.75921282,    -21.8702964 ,   30.62053547,    0.90337119,   37.93264387,     19.49743162,   -1.25190514,   41.2048157 ,   39.61359777,    105.57525605]]
/root/sim/music/out/徳永英明/Nostalgia/08_恋の花.mp3; [-702.44684   , 145.41547   ,   8.828564  ,  19.269058  , -13.257643  ,   -4.528895  ,  -3.9792018 ,   4.656308  ,  -7.3993506 ,  -0.27278706,   -1.195105  ,  -3.9628708 ,  -2.7618523 ]; [[12020.81291115,-1128.70694399,   75.59897303,  441.55524854,    130.3340593 , -162.87590628,  -75.25321771,  441.61841842,    -87.01113875,  167.90831141, -201.93233673,  -39.00008718,    -19.55898441], [-1128.70694399, 1914.13027433, -178.16800524,  -81.71811777,    -42.54840583,  156.06380591,   88.20265152,  -76.17743365,     66.06291636,   13.94603352,   82.51370083,  -16.42772339,     43.39326375], [   75.59897303, -178.16800524,  568.7204827 ,  245.21254767,     61.72095782,  120.88282931,   59.91981067,   68.19577962,    111.38938808,   -1.04253128,   63.67025926,   27.66488134,     17.67164934], [  441.55524854,  -81.71811777,  245.21254767,  432.25675241,     94.20490556,  109.85572758,    8.34232181,   89.29944435,    111.25612542,    0.87217814,   34.94944021,   -0.55652261,     32.41176813], [  130.3340593 ,  -42.54840583,   61.72095782,   94.20490556,    269.97841199,  -21.86549182,   -2.14275391,   62.65868104,     17.29850554,   61.47437421,  -51.76556056,    8.49344438,      9.06887387], [ -162.87590628,  156.06380591,  120.88282931,  109.85572758,    -21.86549182,  272.92271282,   98.09414473,   34.50070998,    114.29515854,   -7.35914209,   99.83322363,   -7.54504351,     28.10054093], [  -75.25321771,   88.20265152,   59.91981067,    8.34232181,     -2.14275391,   98.09414473,  162.44923504,   28.95589722,     55.97983628,   14.98499364,   39.8516653 ,   24.73156862,      6.96541185], [  441.61841842,  -76.17743365,   68.19577962,   89.29944435,     62.65868104,   34.50070998,   28.95589722,  163.78743581,     50.06767107,   25.91478977,   -0.86286974,    0.24179771,     42.77227496], [  -87.01113875,   66.06291636,  111.38938808,  111.25612542,     17.29850554,  114.29515854,   55.97983628,   50.06767107,    224.26433536,    0.6611974 ,   70.26762769,   23.85864547,     19.29491719], [  167.90831141,   13.94603352,   -1.04253128,    0.87217814,     61.47437421,   -7.35914209,   14.98499364,   25.91478977,      0.6611974 ,  138.53676078,   -8.74301686,   -2.41365192,     26.61406107], [ -201.93233673,   82.51370083,   63.67025926,   34.94944021,    -51.76556056,   99.83322363,   39.8516653 ,   -0.86286974,     70.26762769,   -8.74301686,  161.88650975,   34.25195051,     18.35009617], [  -39.00008718,  -16.42772339,   27.66488134,   -0.55652261,      8.49344438,   -7.54504351,   24.73156862,    0.24179771,     23.85864547,   -2.41365192,   34.25195051,  108.20800496,     23.50035151], [  -19.55898441,   43.39326375,   17.67164934,   32.41176813,      9.06887387,   28.10054093,    6.96541185,   42.77227496,     19.29491719,   26.61406107,   18.35009617,   23.50035151,    114.17567428]]
/root/sim/music/out/徳永英明/Nostalgia/07_FRIENDS.mp3; [-649.73413   , 132.95103   ,   3.4839454 ,  20.374205  ,  10.744366  ,    6.870694  ,   1.6010916 ,   9.970242  ,   3.4751298 ,   4.3281226 ,   -4.060164  ,  -0.54284817,  -1.9521813 ]; [[11270.07566005, -698.78382026, -148.66236095,  853.52618121,    349.37413177, -105.45083828, -247.8350522 ,  108.73406769,   -206.3671103 , -147.02083697, -266.80977414,   19.81089751,     49.26249145], [ -698.78382026, 1390.77794662,   59.04462381,  318.67224292,    102.38534289,  172.89881237,   62.77607852,    2.51696559,      1.90524864,  -55.20955109,  -13.5896712 ,   51.40725888,     40.64100052], [ -148.66236095,   59.04462381,  705.07988469,  208.4308468 ,    156.99509008,  180.82040565,   25.91698335,  -14.85829732,    -71.92808088,  -38.5663899 ,   21.1774739 ,   17.67411758,     16.57346904], [  853.52618121,  318.67224292,  208.4308468 ,  737.67708277,    260.67846865,  147.39755321,  -16.44315724,    7.14479232,    -69.2553784 , -123.70122147,  -88.74729549,   62.31852758,     74.7855508 ], [  349.37413177,  102.38534289,  156.99509008,  260.67846865,    233.74738979,   78.91558214,    0.71335261,   -6.80651794,    -23.67812803,  -41.96304332,  -36.92343204,   16.56889361,     30.498628  ], [ -105.45083828,  172.89881237,  180.82040565,  147.39755321,     78.91558214,  221.78024073,   49.12700408,    5.69460702,    -22.20766001,  -35.19585814,   -3.1062615 ,   23.80816996,     27.63168695], [ -247.8350522 ,   62.77607852,   25.91698335,  -16.44315724,      0.71335261,   49.12700408,  123.87697313,   14.32588414,     18.00971872,   -5.74083498,   15.56007781,    4.28662697,     -6.32223552], [  108.73406769,    2.51696559,  -14.85829732,    7.14479232,     -6.80651794,    5.69460702,   14.32588414,   95.91627516,     17.78809979,    0.70663257,   -3.765505  ,   -5.90739326,      7.69401222], [ -206.3671103 ,    1.90524864,  -71.92808088,  -69.2553784 ,    -23.67812803,  -22.20766001,   18.00971872,   17.78809979,    121.40004934,   34.13834737,   15.15998204,   -5.83957667,     -7.7006434 ], [ -147.02083697,  -55.20955109,  -38.5663899 , -123.70122147,    -41.96304332,  -35.19585814,   -5.74083498,    0.70663257,     34.13834737,  119.29059393,   30.70215248,  -12.54472302,    -27.2913945 ], [ -266.80977414,  -13.5896712 ,   21.1774739 ,  -88.74729549,    -36.92343204,   -3.1062615 ,   15.56007781,   -3.765505  ,     15.15998204,   30.70215248,   94.18024764,    9.71464069,     -6.79447069], [   19.81089751,   51.40725888,   17.67411758,   62.31852758,     16.56889361,   23.80816996,    4.28662697,   -5.90739326,     -5.83957667,  -12.54472302,    9.71464069,   83.08780328,     25.27760439], [   49.26249145,   40.64100052,   16.57346904,   74.7855508 ,     30.498628  ,   27.63168695,   -6.32223552,    7.69401222,     -7.7006434 ,  -27.2913945 ,   -6.79447069,   25.27760439,     89.57350483]]
/root/sim/music/out/徳永英明/Nostalgia/01_過ちの夏.mp3; [-764.4388    , 155.96054   ,   2.2368186 ,  16.04517   ,  10.131244  ,    2.7126236 ,   1.2859883 ,   0.14279936, -12.084262  ,  -4.0445223 ,   -9.088553  ,  -3.9559438 ,  -3.06934   ]; [[13609.20909384,-1842.51559418, -337.26201233,  100.32325447,   -160.33949477,   82.90890972,   22.24140879,  236.84503326,     71.00143034,  507.91206252, -114.24340651,   62.14438923,    146.19031028], [-1842.51559418, 2583.63085335, -555.87705484,   38.96709463,    205.77300607, -129.09964349,   -0.12853042,   44.35388383,   -175.26543485, -134.18070097,  -11.0391973 ,   -8.0073669 ,    -44.56713505], [ -337.26201233, -555.87705484,  755.47873908,   53.97172634,     27.72407465,  161.88114824,  112.1849165 ,   23.6587178 ,    105.0823147 ,   31.64331257,   86.03391076,   69.89911873,     35.88238693], [  100.32325447,   38.96709463,   53.97172634,  348.38243286,     61.09275231,   56.29664197,   54.74338867,  106.83553821,     93.69321113,   28.59546309,   57.63638217,   53.8905727 ,     56.0288303 ], [ -160.33949477,  205.77300607,   27.72407465,   61.09275231,    223.76696518,   29.98054736,   50.67575074,   42.4630564 ,     55.6792492 ,    4.81560235,   24.47365715,   40.29890653,     20.25177729], [   82.90890972, -129.09964349,  161.88114824,   56.29664197,     29.98054736,  251.88531149,   97.30006621,   22.83640035,     87.76365206,    5.36834816,   91.09674846,   64.7382117 ,     29.87965442], [   22.24140879,   -0.12853042,  112.1849165 ,   54.74338867,     50.67575074,   97.30006621,  177.54460924,   62.36941396,     52.69167566,   13.26506126,   60.27248161,   60.16553861,     38.52248851], [  236.84503326,   44.35388383,   23.6587178 ,  106.83553821,     42.4630564 ,   22.83640035,   62.36941396,  176.61474471,     53.82979945,   51.58172954,   28.33139696,   32.29368902,     49.27726531], [   71.00143034, -175.26543485,  105.0823147 ,   93.69321113,     55.6792492 ,   87.76365206,   52.69167566,   53.82979945,    215.75433815,   46.47348379,   74.27058295,   53.5632727 ,     31.1033869 ], [  507.91206252, -134.18070097,   31.64331257,   28.59546309,      4.81560235,    5.36834816,   13.26506126,   51.58172954,     46.47348379,  158.04115883,   13.99845538,    9.36871602,     16.20603602], [ -114.24340651,  -11.0391973 ,   86.03391076,   57.63638217,     24.47365715,   91.09674846,   60.27248161,   28.33139696,     74.27058295,   13.99845538,  165.29891805,   72.38890203,     25.03111007], [   62.14438923,   -8.0073669 ,   69.89911873,   53.8905727 ,     40.29890653,   64.7382117 ,   60.16553861,   32.29368902,     53.5632727 ,    9.36871602,   72.38890203,  133.08090631,     50.41626856], [  146.19031028,  -44.56713505,   35.88238693,   56.0288303 ,     20.25177729,   29.87965442,   38.52248851,   49.27726531,     31.1033869 ,   16.20603602,   25.03111007,   50.41626856,    115.09406324]]
/root/sim/music/out/徳永英明/Nostalgia/04_僕のそばに.mp3; [-711.41797   , 132.54724   ,   4.5112853 ,  20.522665  ,  15.4463215 ,   -1.029708  ,   3.345339  ,   5.0079837 ,  -8.61302   ,   0.614722  ,   -7.977685  ,   0.50408566,  -4.323298  ]; [[24320.8397969 ,-1436.59257413,  265.21374972, 1008.87384819,    208.49079258,  183.44856137, -171.23517435,  427.31745655,    192.00819822,  291.80873507,  236.02936054,  304.29475275,     19.49477847], [-1436.59257413, 1997.63779492, -461.13737387,  -33.55072865,     81.06452984,  -36.99754383,  135.18734614,  -21.37862042,    -18.53140859,  -80.49096955,  -32.88920823,  -34.67105903,    -31.53832637], [  265.21374972, -461.13737387,  697.58478376,  -66.82763937,     82.33401836,   53.16957237,   21.308657  ,   67.5094589 ,     -5.76069999,   86.85705984,    8.85227621,   22.40516421,     19.40474301], [ 1008.87384819,  -33.55072865,  -66.82763937,  404.60030593,     64.27199623,   81.73826591,   23.1109317 ,   72.76270147,    131.57719831,  -41.00641051,   97.24476543,   59.57059007,     27.66480173], [  208.49079258,   81.06452984,   82.33401836,   64.27199623,    190.45539942,   23.11811121,   48.3451174 ,   59.91496811,     27.38655312,   45.14541279,   18.73968871,   31.3051907 ,     -0.55664564], [  183.44856137,  -36.99754383,   53.16957237,   81.73826591,     23.11811121,  204.90445244,   47.67050749,   23.16973944,     96.22137969,  -22.20200549,   93.94382196,   11.84934477,     14.99265947], [ -171.23517435,  135.18734614,   21.308657  ,   23.1109317 ,     48.3451174 ,   47.67050749,  127.72377435,   47.8388189 ,     36.12938935,   20.94587421,   22.30007042,    8.15069807,      0.67317216], [  427.31745655,  -21.37862042,   67.5094589 ,   72.76270147,     59.91496811,   23.16973944,   47.8388189 ,  129.98335089,     37.31874529,   40.4869922 ,   20.96110355,   23.61903528,     12.60946023], [  192.00819822,  -18.53140859,   -5.76069999,  131.57719831,     27.38655312,   96.22137969,   36.12938935,   37.31874529,    190.70296399,  -26.49764217,   97.69809202,   24.94047239,     12.7272906 ], [  291.80873507,  -80.49096955,   86.85705984,  -41.00641051,     45.14541279,  -22.20200549,   20.94587421,   40.4869922 ,    -26.49764217,  155.54074713,  -11.7277711 ,    1.84203677,     -8.17550261], [  236.02936054,  -32.88920823,    8.85227621,   97.24476543,     18.73968871,   93.94382196,   22.30007042,   20.96110355,     97.69809202,  -11.7277711 ,  133.64141561,   35.97341234,     15.05368801], [  304.29475275,  -34.67105903,   22.40516421,   59.57059007,     31.3051907 ,   11.84934477,    8.15069807,   23.61903528,     24.94047239,    1.84203677,   35.97341234,   76.43180647,     25.55492107], [   19.49477847,  -31.53832637,   19.40474301,   27.66480173,     -0.55664564,   14.99265947,    0.67317216,   12.60946023,     12.7272906 ,   -8.17550261,   15.05368801,   25.55492107,     72.68072045]]
/root/sim/music/out/徳永英明/Nostalgia/03_Money.mp3; [-637.34015   ,  94.48924   ,  10.753755  ,  43.45418   ,  25.643358  ,    9.524866  ,   6.705561  ,   7.225554  ,   2.1787193 ,   1.8536441 ,    0.04196619,  -0.08749461,  -0.02262398]; [[13230.60703135,  271.78974495,  463.16419761,  901.79545205,     47.79439797,   39.30572812,  -74.45451349,   19.64982586,   -143.391711  ,   17.82468379,  -29.33831729,  -20.15129435,   -113.89116077], [  271.78974495,  821.44439897, -200.24386381,  113.40043406,    220.58750124,  -14.67905777,  172.72663543,   99.5558407 ,     97.42784098,   76.30424561,   33.73370554,    9.21213557,      7.25859435], [  463.16419761, -200.24386381,  621.28384474,  122.05903415,     52.24965063,  120.27821757,   17.45633002,   15.24046805,     52.69073496,   18.79302844,   65.6778778 ,   40.04873775,     19.87352714], [  901.79545205,  113.40043406,  122.05903415,  444.48710101,    167.86377091,   38.46300831,   77.35910516,   64.5744975 ,     29.51249333,    4.64907799,   26.7733483 ,   47.74759717,     34.48216202], [   47.79439797,  220.58750124,   52.24965063,  167.86377091,    303.78074569,   39.7683672 ,  126.80465261,   97.74821523,     88.72716054,   34.36643329,   27.72013908,   21.65656634,     14.77790498], [   39.30572812,  -14.67905777,  120.27821757,   38.46300831,     39.7683672 ,  156.48402132,   64.55505201,   32.01706346,     24.66042448,   16.60767909,   23.58695747,   -0.29349025,      5.88072729], [  -74.45451349,  172.72663543,   17.45633002,   77.35910516,    126.80465261,   64.55505201,  202.33935613,   90.62572476,     77.37278256,   41.85602591,   48.9330825 ,   27.53650149,     19.1772021 ], [   19.64982586,   99.5558407 ,   15.24046805,   64.5744975 ,     97.74821523,   32.01706346,   90.62572476,  120.15591784,     69.30213035,   27.98173455,   15.7839775 ,   13.37811763,     16.48475817], [ -143.391711  ,   97.42784098,   52.69073496,   29.51249333,     88.72716054,   24.66042448,   77.37278256,   69.30213035,    128.27712913,   52.27575682,   27.47372225,    6.3292648 ,     16.94592718], [   17.82468379,   76.30424561,   18.79302844,    4.64907799,     34.36643329,   16.60767909,   41.85602591,   27.98173455,     52.27575682,   92.43529754,   33.44365834,    3.85508966,      4.15716692], [  -29.33831729,   33.73370554,   65.6778778 ,   26.7733483 ,     27.72013908,   23.58695747,   48.9330825 ,   15.7839775 ,     27.47372225,   33.44365834,   84.08155242,   37.41659182,     10.29476966], [  -20.15129435,    9.21213557,   40.04873775,   47.74759717,     21.65656634,   -0.29349025,   27.53650149,   13.37811763,      6.3292648 ,    3.85508966,   37.41659182,   78.09364226,     29.09463377], [ -113.89116077,    7.25859435,   19.87352714,   34.48216202,     14.77790498,    5.88072729,   19.1772021 ,   16.48475817,     16.94592718,    4.15716692,   10.29476966,   29.09463377,     61.26117279]]
/root/sim/music/out/徳永英明/Nostalgia/10_もう一度あの日のように.mp3; [-640.7268    , 121.02434   , -10.352806  ,  23.64717   ,   6.3265076 ,   -1.9601707 ,  -2.5029633 ,   2.844587  ,  -1.2337368 ,  -1.8691102 ,   -2.9048066 ,  -2.7287438 ,   0.70493525]; [[15970.08893225,  154.32651781, -160.95492707, -103.3207567 ,    199.29889455, -107.20785936,  161.64050326,  155.98928742,    128.34299639,  161.2214598 ,   17.440818  , -134.32918002,     34.13364442], [  154.32651781,  738.02816275, -147.32629263,  122.15575984,     -1.42317985,   30.80047184,   15.02033078,    0.24341459,    -22.5969657 ,  -20.55343958,    0.75183761,   15.95703931,      1.18331587], [ -160.95492707, -147.32629263,  394.68969799,  -40.74518056,     25.04659051,   16.15147078,   33.466561  ,  -30.19824414,     15.48010997,   10.57167498,    5.88438718,    7.1083094 ,      0.97051213], [ -103.3207567 ,  122.15575984,  -40.74518056,  220.54445033,     18.81570049,   28.60664457,  -39.56240788,    3.44055039,     12.46931849,  -26.64344132,   11.52461383,   34.49754406,     13.77351783], [  199.29889455,   -1.42317985,   25.04659051,   18.81570049,    195.02007318,   -3.27205969,   36.77969819,   23.44640708,     60.46210429,   11.17626881,    1.56096517,    1.3436118 ,     19.25258793], [ -107.20785936,   30.80047184,   16.15147078,   28.60664457,     -3.27205969,  126.62849896,   38.70118184,   -4.90566039,     10.46420827,   -7.96212615,   16.27579158,    1.73721244,     -2.70202948], [  161.64050326,   15.02033078,   33.466561  ,  -39.56240788,     36.77969819,   38.70118184,  122.46381783,   26.8658026 ,     23.69027035,   16.86267347,   12.82789212,  -10.80993408,      2.93892905], [  155.98928742,    0.24341459,  -30.19824414,    3.44055039,     23.44640708,   -4.90566039,   26.8658026 ,   89.19565229,     20.74255346,   20.46752947,   -5.09459711,   -0.75261043,     10.51046842], [  128.34299639,  -22.5969657 ,   15.48010997,   12.46931849,     60.46210429,   10.46420827,   23.69027035,   20.74255346,    121.36698855,    7.94302955,   14.55964256,    7.85911477,     11.71605492], [  161.2214598 ,  -20.55343958,   10.57167498,  -26.64344132,     11.17626881,   -7.96212615,   16.86267347,   20.46752947,      7.94302955,   96.30059703,   14.71636022,   -6.05150957,     -3.10630261], [   17.440818  ,    0.75183761,    5.88438718,   11.52461383,      1.56096517,   16.27579158,   12.82789212,   -5.09459711,     14.55964256,   14.71636022,   74.94583711,   27.68016861,      8.90918726], [ -134.32918002,   15.95703931,    7.1083094 ,   34.49754406,      1.3436118 ,    1.73721244,  -10.80993408,   -0.75261043,      7.85911477,   -6.05150957,   27.68016861,   72.10644373,     24.33735849], [   34.13364442,    1.18331587,    0.97051213,   13.77351783,     19.25258793,   -2.70202948,    2.93892905,   10.51046842,     11.71605492,   -3.10630261,    8.90918726,   24.33735849,     71.36480459]]
/root/sim/music/out/徳永英明/Nostalgia/06_また明日は来る.mp3; [-694.4869    , 125.405266  ,  44.55436   ,  24.321484  ,  14.747972  ,    6.654707  ,   1.6574519 ,   2.6770127 ,   1.1974088 ,   5.553517  ,   -1.0648353 ,  -0.19881809,  -2.9599488 ]; [[11875.00816533,-1073.04777542,  685.58607884,  -98.11235888,   -153.86700675,  -50.98114433,    4.25034742,  -34.46015216,    -50.98317511,  169.71330837,  -10.9536094 , -113.60137921,   -149.66867554], [-1073.04777542, 2033.94649188, -285.32731652,  100.5462513 ,    136.58456989,  -23.38324761,   70.35155006,   48.78775162,     27.88414458,   34.19220549,    5.32316332,   55.87994045,     36.85356799], [  685.58607884, -285.32731652,  856.66937943,   18.75582133,    144.03998262,  133.95102291,   92.61391806,   48.5315985 ,     18.2154588 ,   25.76087567,   36.07770759,   71.9665232 ,     62.92939875], [  -98.11235888,  100.5462513 ,   18.75582133,  274.79329727,     89.42625098,   45.44177827,   25.841173  ,   45.60517082,     33.75554295,   15.16917066,    2.37001579,   13.49223488,     33.55293766], [ -153.86700675,  136.58456989,  144.03998262,   89.42625098,    213.68328943,   60.92858471,   68.05315076,   38.08570573,     26.62139466,   40.28094179,    2.99196117,   35.80206888,     26.855698  ], [  -50.98114433,  -23.38324761,  133.95102291,   45.44177827,     60.92858471,  145.11413223,   56.87436021,   38.0554292 ,     39.57293737,    4.98595015,   38.63916775,   21.4572954 ,     34.09933294], [    4.25034742,   70.35155006,   92.61391806,   25.841173  ,     68.05315076,   56.87436021,  135.94653243,   52.55093294,     28.48090611,   43.90613333,    5.7945588 ,   18.35981725,     16.42474872], [  -34.46015216,   48.78775162,   48.5315985 ,   45.60517082,     38.08570573,   38.0554292 ,   52.55093294,  107.82496814,     56.97557   ,   21.70686839,   13.60854947,    4.64353096,     22.21932264], [  -50.98317511,   27.88414458,   18.2154588 ,   33.75554295,     26.62139466,   39.57293737,   28.48090611,   56.97557   ,    119.76496572,   36.68724866,   27.25455574,    2.54002528,     18.14794278], [  169.71330837,   34.19220549,   25.76087567,   15.16917066,     40.28094179,    4.98595015,   43.90613333,   21.70686839,     36.68724866,  114.69691412,   22.52579581,   10.20147972,     -6.61273633], [  -10.9536094 ,    5.32316332,   36.07770759,    2.37001579,      2.99196117,   38.63916775,    5.7945588 ,   13.60854947,     27.25455574,   22.52579581,   90.50455082,   40.96990537,     22.90815854], [ -113.60137921,   55.87994045,   71.9665232 ,   13.49223488,     35.80206888,   21.4572954 ,   18.35981725,    4.64353096,      2.54002528,   10.20147972,   40.96990537,   90.19873902,     50.31809097], [ -149.66867554,   36.85356799,   62.92939875,   33.55293766,     26.855698  ,   34.09933294,   16.42474872,   22.21932264,     18.14794278,   -6.61273633,   22.90815854,   50.31809097,     91.49000637]]
/root/sim/music/out/徳永英明/Nostalgia/05_魂の願い.mp3; [-704.4717   , 148.69124  , -13.001565 ,  35.1183   ,  12.647205 ,    5.4209695,   2.8953848,   2.545648 ,  -1.2623152,   2.7031143,   -5.872253 ,  -1.3840882,  -3.2757902]; [[15770.76750132,  129.40853831,   62.59863009,  -28.82071295,    476.59460527,  241.46769301,  101.49070747,   89.6482703 ,   -191.23810831,  -32.1041681 ,  -44.47156921,  -18.20420672,   -153.36318028], [  129.40853831, 1650.31983691, -203.44737281,  252.25011633,    -62.17730287,  -12.73642678,  -22.88526661,  -51.14818486,      8.72725435,  -24.41805624,   30.36849206,   10.76388087,     29.80499481], [   62.59863009, -203.44737281,  594.56109771, -122.73379365,     61.54380646,  -52.60293659,   20.52519386,  -30.36342741,    -43.81563375,   15.75955158,  -27.86031547,    9.73746899,     -4.9976199 ], [  -28.82071295,  252.25011633, -122.73379365,  321.45539398,    -18.21219016,   70.20495034,  -25.52751288,   -0.37214719,     64.21228938,  -18.82755779,   37.44391046,   11.32237037,     21.50809678], [  476.59460527,  -62.17730287,   61.54380646,  -18.21219016,    167.27691161,   -3.46883724,   18.49038775,   10.97443797,      2.16631807,   14.01084122,  -10.03357294,   -1.44642203,     -7.50742337], [  241.46769301,  -12.73642678,  -52.60293659,   70.20495034,     -3.46883724,  164.5306532 ,   28.07441354,   28.07859768,     27.29304128,   -7.62675724,   31.64739973,    9.28876853,      1.60721119], [  101.49070747,  -22.88526661,   20.52519386,  -25.52751288,     18.49038775,   28.07441354,  101.90423053,   26.61774885,      2.14762258,    2.56151668,    5.50740257,    3.82136879,     -3.75421138], [   89.6482703 ,  -51.14818486,  -30.36342741,   -0.37214719,     10.97443797,   28.07859768,   26.61774885,   93.90383763,     24.57913283,   13.32982075,   -0.52602048,   -0.39872499,      6.1176282 ], [ -191.23810831,    8.72725435,  -43.81563375,   64.21228938,      2.16631807,   27.29304128,    2.14762258,   24.57913283,    112.45533877,   15.18563933,   22.85762693,   -1.2764618 ,      2.86179489], [  -32.1041681 ,  -24.41805624,   15.75955158,  -18.82755779,     14.01084122,   -7.62675724,    2.56151668,   13.32982075,     15.18563933,   88.32974866,    7.10270083,    1.67641238,     -8.05894841], [  -44.47156921,   30.36849206,  -27.86031547,   37.44391046,    -10.03357294,   31.64739973,    5.50740257,   -0.52602048,     22.85762693,    7.10270083,   82.89823582,   21.63494444,     13.25976188], [  -18.20420672,   10.76388087,    9.73746899,   11.32237037,     -1.44642203,    9.28876853,    3.82136879,   -0.39872499,     -1.2764618 ,    1.67641238,   21.63494444,   64.04628423,     19.28616167], [ -153.36318028,   29.80499481,   -4.9976199 ,   21.50809678,     -7.50742337,    1.60721119,   -3.75421138,    6.1176282 ,      2.86179489,   -8.05894841,   13.25976188,   19.28616167,     78.17065251]]
/root/sim/music/out/徳永英明/Nostalgia/02_Navigation.mp3; [-640.8605   , 110.150665 ,   3.9002326,  37.38471  ,  18.643677 ,   11.085846 ,   2.8090482,   4.2326236,   1.1216636,   3.136273 ,   -3.4257915,  -1.927189 ,  -5.215021 ]; [[16313.15255046,  676.8342513 , -802.58067816,  153.80437495,    192.52399149,  -72.51047442,  -93.12051831,   17.27198566,   -163.20542635,   -3.44189175, -272.26696189,  -75.1096708 ,   -160.17781231], [  676.8342513 , 1224.51280693, -218.58943071,  169.89302741,    224.20262718,   62.99229733,  106.60343463,   61.85029317,     69.59709898,   44.51772822,  -12.27576034,   -0.07538888,    -31.43746923], [ -802.58067816, -218.58943071,  867.10005001,   50.70829682,    -24.02188515,   64.57012371,  -58.91022887,   50.42610809,    114.5612295 ,   73.58984246,   28.8756858 ,   23.81449493,     11.02344468], [  153.80437495,  169.89302741,   50.70829682,  343.94715304,    145.68743537,   81.75225546,   27.60175772,   38.88164564,     46.43339087,   13.79455389,    5.3316508 ,   25.6268057 ,     16.2103665 ], [  192.52399149,  224.20262718,  -24.02188515,  145.68743537,    262.57218604,   59.85044694,   46.45087322,   37.07808298,     30.28280825,   35.8697213 ,  -21.51988137,   13.06294535,     -0.62864333], [  -72.51047442,   62.99229733,   64.57012371,   81.75225546,     59.85044694,  178.84671696,   59.11702054,   17.30513449,     32.18200407,   25.52523575,   35.54900813,   12.97476972,     13.29412834], [  -93.12051831,  106.60343463,  -58.91022887,   27.60175772,     46.45087322,   59.11702054,  137.937281  ,   32.72567809,     -7.74116878,   12.58606224,   16.9662736 ,   14.26222894,     -1.67913246], [   17.27198566,   61.85029317,   50.42610809,   38.88164564,     37.07808298,   17.30513449,   32.72567809,   99.44148532,     52.59980372,   18.21700593,    1.83158621,    1.78487969,     11.9825071 ], [ -163.20542635,   69.59709898,  114.5612295 ,   46.43339087,     30.28280825,   32.18200407,   -7.74116878,   52.59980372,    119.47894157,   46.28481932,   13.09611745,   -0.13278361,      2.53806465], [   -3.44189175,   44.51772822,   73.58984246,   13.79455389,     35.8697213 ,   25.52523575,   12.58606224,   18.21700593,     46.28481932,   85.61275388,   17.88799573,    6.34910379,     -7.12961132], [ -272.26696189,  -12.27576034,   28.8756858 ,    5.3316508 ,    -21.51988137,   35.54900813,   16.9662736 ,    1.83158621,     13.09611745,   17.88799573,   77.27933856,   24.13729582,     11.29699362], [  -75.1096708 ,   -0.07538888,   23.81449493,   25.6268057 ,     13.06294535,   12.97476972,   14.26222894,    1.78487969,     -0.13278361,    6.34910379,   24.13729582,   58.5310163 ,     24.04066482], [ -160.17781231,  -31.43746923,   11.02344468,   16.2103665 ,     -0.62864333,   13.29412834,   -1.67913246,   11.9825071 ,      2.53806465,   -7.12961132,   11.29699362,   24.04066482,     69.1991312 ]]
/root/sim/music/out/徳永英明/Nostalgia/09_Jealousy.mp3; [-612.4014    ,  98.19417   , -12.016302  ,  28.490587  ,  21.323256  ,    9.747683  ,   9.529986  ,   6.35725   ,   4.2248964 ,   3.1269093 ,    0.73218596,  -0.15008956,  -0.5199448 ]; [[15507.3409733 , 1052.92641022, -238.88783233,  324.71049599,    126.68696475,   29.10369671,   19.47241115,   97.46969683,     -5.8664666 ,  102.09361272,  -16.34796161,   -7.1691574 ,     -0.61648857], [ 1052.92641022,  682.00625697,   31.7892147 ,  113.54960995,     90.61681873,   58.50981996,   83.07612152,   35.67505559,     47.02133414,   10.38305618,   41.67366012,   22.96664752,    -10.42777185], [ -238.88783233,   31.7892147 ,  453.67950399,   15.83713074,     87.9624823 ,   61.14672826,    7.01308747,   50.33927872,     20.43847952,   28.33683105,   29.03358761,   27.3794449 ,     10.81879111], [  324.71049599,  113.54960995,   15.83713074,  194.05485775,     85.18360591,   55.7798195 ,   34.00000289,   21.07677707,     44.19024764,    2.56141232,   18.87764862,   14.0502017 ,     15.7960364 ], [  126.68696475,   90.61681873,   87.9624823 ,   85.18360591,    167.16173108,   85.30032021,   44.15700571,   31.44711064,     52.49648597,   16.63351296,   23.76730599,   24.36170988,     14.59193744], [   29.10369671,   58.50981996,   61.14672826,   55.7798195 ,     85.30032021,  147.01643957,   76.95634348,   24.55608435,     43.66092515,   18.39249614,   38.540705  ,   16.56228081,     11.42154751], [   19.47241115,   83.07612152,    7.01308747,   34.00000289,     44.15700571,   76.95634348,  118.22924512,   30.45485717,     35.55922275,   -1.73430903,   25.5570679 ,   16.67775736,      7.78270895], [   97.46969683,   35.67505559,   50.33927872,   21.07677707,     31.44711064,   24.55608435,   30.45485717,   97.48484605,     39.77891233,   12.01443924,    2.61061628,    5.64065509,     17.46896121], [   -5.8664666 ,   47.02133414,   20.43847952,   44.19024764,     52.49648597,   43.66092515,   35.55922275,   39.77891233,    101.75407163,   21.11085872,   24.23733347,    8.09128014,      4.68247388], [  102.09361272,   10.38305618,   28.33683105,    2.56141232,     16.63351296,   18.39249614,   -1.73430903,   12.01443924,     21.11085872,   83.59631127,   21.25121859,    4.81085382,      1.52932131], [  -16.34796161,   41.67366012,   29.03358761,   18.87764862,     23.76730599,   38.540705  ,   25.5570679 ,    2.61061628,     24.23733347,   21.25121859,   70.51674227,   31.34882233,      3.44900664], [   -7.1691574 ,   22.96664752,   27.3794449 ,   14.0502017 ,     24.36170988,   16.56228081,   16.67775736,    5.64065509,      8.09128014,    4.81085382,   31.34882233,   57.29986472,     20.68207182], [   -0.61648857,  -10.42777185,   10.81879111,   15.7960364 ,     14.59193744,   11.42154751,    7.78270895,   17.46896121,      4.68247388,    1.52932131,    3.44900664,   20.68207182,     57.9087483 ]]
/root/sim/music/out/X/STAR_BOX/06_CELEBRATION.mp3; [-560.2476    , 113.89677   ,   2.924784  ,  25.972843  ,   6.900363  ,   -1.41949   ,  -0.02347939,   7.805298  ,   3.2908459 ,   0.26267585,   -2.1717725 ,  -1.7281635 ,  -4.90918   ]; [[16922.1579391 ,  679.9920033 ,  124.29914741,  103.9488855 ,    193.45844966, -128.08705988,  -37.62643901,    3.41554498,    166.04935668,  -17.98964842, -109.24926931, -132.42916685,    -58.25831916], [  679.9920033 ,  801.79380408, -176.58774054,   77.40165813,     21.49566861,  -27.23758181,    7.61033628,   14.46413564,      1.18266664,  -22.60746393,   -6.70977582,    7.11794204,    -27.84727196], [  124.29914741, -176.58774054,  579.17859668,    2.9754861 ,    128.93686275,   41.87239143,   53.28486348,    6.69148618,     28.69754006,  -11.85686486,    8.19878434,   -8.52061342,     30.38162988], [  103.9488855 ,   77.40165813,    2.9754861 ,  262.30302837,     85.31305845,   17.53991254,  -15.74081798,   24.98624874,      9.47136066,  -17.72882631,   -0.96256173,   30.61136712,      1.39004065], [  193.45844966,   21.49566861,  128.93686275,   85.31305845,    170.15250607,   24.90575352,   22.28549114,    5.42155614,     23.2910975 ,  -11.05592095,    4.080032  ,    8.06359206,      9.82233679], [ -128.08705988,  -27.23758181,   41.87239143,   17.53991254,     24.90575352,  120.39688526,   61.01786695,   14.730492  ,     -3.07505125,   15.98136613,    4.58862424,   -7.06687504,      4.92387378], [  -37.62643901,    7.61033628,   53.28486348,  -15.74081798,     22.28549114,   61.01786695,  120.42418034,   33.80189084,     23.32283157,    3.08633724,   12.15003231,   -8.63898155,     -4.94309009], [    3.41554498,   14.46413564,    6.69148618,   24.98624874,      5.42155614,   14.730492  ,   33.80189084,   80.9329753 ,     33.2572013 ,   12.88166226,   -1.54288416,   -2.92721417,      0.97582096], [  166.04935668,    1.18266664,   28.69754006,    9.47136066,     23.2910975 ,   -3.07505125,   23.32283157,   33.2572013 ,     80.76281176,   29.63482021,    0.40756388,   -7.62805419,     -6.70815028], [  -17.98964842,  -22.60746393,  -11.85686486,  -17.72882631,    -11.05592095,   15.98136613,    3.08633724,   12.88166226,     29.63482021,   73.24890028,   13.52301663,  -11.56677361,     -0.168918  ], [ -109.24926931,   -6.70977582,    8.19878434,   -0.96256173,      4.080032  ,    4.58862424,   12.15003231,   -1.54288416,      0.40756388,   13.52301663,   55.5206027 ,   24.01137739,      1.57075393], [ -132.42916685,    7.11794204,   -8.52061342,   30.61136712,      8.06359206,   -7.06687504,   -8.63898155,   -2.92721417,     -7.62805419,  -11.56677361,   24.01137739,   59.40036896,     20.23426444], [  -58.25831916,  -27.84727196,   30.38162988,    1.39004065,      9.82233679,    4.92387378,   -4.94309009,    0.97582096,     -6.70815028,   -0.168918  ,    1.57075393,   20.23426444,     53.06313735]]
/root/sim/music/out/X/STAR_BOX/02_JOKER_[Live].mp3; [-572.2753   ,  98.215096 ,  10.46196  ,  34.41057  ,   3.6848152,    6.0340953,   1.5177995,   4.5298524,  -0.3174175,  -1.6611784,   -8.933484 ,  -7.561689 ,  -4.100454 ]; [[13019.41936989,  451.83808208, 1699.46537599,  535.17905936,    383.92162842,  127.92308803,  -71.37180306,  106.18994759,     98.79916776,  115.31909651,  -20.06596618, -102.56311094,    -74.23123592], [  451.83808208,  939.57321717,  334.07197712,  322.38492394,    162.20759124,   46.2772649 ,  -42.9895626 ,   54.40285274,     -0.34266541,  -41.58942102,  -32.60067863,   -0.59402513,      9.29291757], [ 1699.46537599,  334.07197712, 1411.75075803,  367.6839731 ,    328.82047075,  101.39021771,  -93.83097289,   51.84462656,     -0.09486608,  -17.13453715,   -7.467393  ,  -17.85664157,     -8.84691739], [  535.17905936,  322.38492394,  367.6839731 ,  274.14721231,    142.57942581,   67.52180809,  -28.09408466,   38.38823438,      4.67307288,  -15.27065544,  -18.99234146,    5.36982567,     10.63725572], [  383.92162842,  162.20759124,  328.82047075,  142.57942581,    193.24768135,   55.22829375,   -6.13560979,   17.8391369 ,     12.53616417,   -5.664755  ,  -15.35707193,    1.1521166 ,      4.37969247], [  127.92308803,   46.2772649 ,  101.39021771,   67.52180809,     55.22829375,  116.7313106 ,   24.29406983,   34.77431506,     10.08458793,   -3.63383208,   -2.02201601,   -1.33985157,      5.21267891], [  -71.37180306,  -42.9895626 ,  -93.83097289,  -28.09408466,     -6.13560979,   24.29406983,   96.44816975,   23.96585091,     14.89588368,   10.59215254,   -0.7797798 ,   -3.99435976,     -9.22120427], [  106.18994759,   54.40285274,   51.84462656,   38.38823438,     17.8391369 ,   34.77431506,   23.96585091,  100.22228891,     32.04915355,   10.01391134,   -5.59888975,    4.29744123,      6.27674054], [   98.79916776,   -0.34266541,   -0.09486608,    4.67307288,     12.53616417,   10.08458793,   14.89588368,   32.04915355,     67.02255062,   26.09051254,    3.61874093,   -2.95673893,     -2.98729449], [  115.31909651,  -41.58942102,  -17.13453715,  -15.27065544,     -5.664755  ,   -3.63383208,   10.59215254,   10.01391134,     26.09051254,   67.94319244,   20.75862748,    5.536102  ,     -1.82098385], [  -20.06596618,  -32.60067863,   -7.467393  ,  -18.99234146,    -15.35707193,   -2.02201601,   -0.7797798 ,   -5.59888975,      3.61874093,   20.75862748,   60.09237988,   16.78753122,     -0.70850718], [ -102.56311094,   -0.59402513,  -17.85664157,    5.36982567,      1.1521166 ,   -1.33985157,   -3.99435976,    4.29744123,     -2.95673893,    5.536102  ,   16.78753122,   57.22265235,     23.95948889], [  -74.23123592,    9.29291757,   -8.84691739,   10.63725572,      4.37969247,    5.21267891,   -9.22120427,    6.27674054,     -2.98729449,   -1.82098385,   -0.70850718,   23.95948889,     59.5827026 ]]
