/root/sim/music/out/仕分け前/SINGLES_B-side_BEST_[Disc_1]/1-16_裸足の太陽.mp3; [-552.2539    , 116.10059   ,   5.004395  ,  30.408253  ,  21.153965  ,   10.728159  ,   8.16126   ,   3.4689221 ,   3.0235689 ,   4.51127   ,    0.48356023,   2.5110736 ,   0.17630985]; [[12681.71614277, -842.44487648,-2003.59370253, -727.29791847,   -128.21351174, -278.03634269,  -44.07432412,  -59.8500867 ,    -32.12620269,    1.80595414,   29.49946151,  -64.66928593,    -24.84692465], [ -842.44487648,  841.15761167,   89.57351383,   94.19685448,      1.01160343,   39.47447843,   21.21543407,   11.24032915,     -5.63666959,   11.92728412,  -11.96405911,    0.21782787,     -8.05117791], [-2003.59370253,   89.57351383, 1005.61465472,  234.96307744,     55.89626106,   94.062873  ,    4.80287696,    8.12216368,     19.21300132,   -4.72486126,   24.02560499,   17.64248773,     30.38023995], [ -727.29791847,   94.19685448,  234.96307744,  258.78378527,     73.12912328,   24.79123921,  -13.80534362,   22.81098514,     10.11739651,   -5.3533516 ,  -16.47854505,   10.6453602 ,     27.21619367], [ -128.21351174,    1.01160343,   55.89626106,   73.12912328,    158.5112476 ,   31.88645022,   11.24390464,   14.24080913,     18.07404607,   -3.15637878,   -7.33717948,   11.13295516,     18.00011238], [ -278.03634269,   39.47447843,   94.062873  ,   24.79123921,     31.88645022,  138.13678935,   41.19108293,   -2.09712545,      8.34842746,  -12.91936055,   23.54139807,    2.5857643 ,      4.59043525], [  -44.07432412,   21.21543407,    4.80287696,  -13.80534362,     11.24390464,   41.19108293,  111.56837136,   28.98396343,     -1.9850305 ,   16.40356168,   19.05595198,    6.05064269,     -3.31101294], [  -59.8500867 ,   11.24032915,    8.12216368,   22.81098514,     14.24080913,   -2.09712545,   28.98396343,   75.56638692,     12.98010361,   14.88115617,  -12.21396914,    1.21438642,      3.60077653], [  -32.12620269,   -5.63666959,   19.21300132,   10.11739651,     18.07404607,    8.34842746,   -1.9850305 ,   12.98010361,     87.64491933,    7.24539043,    2.998041  ,   -9.29421969,      1.62764798], [    1.80595414,   11.92728412,   -4.72486126,   -5.3533516 ,     -3.15637878,  -12.91936055,   16.40356168,   14.88115617,      7.24539043,   88.5099851 ,    9.92966482,    5.14581253,    -15.46604159], [   29.49946151,  -11.96405911,   24.02560499,  -16.47854505,     -7.33717948,   23.54139807,   19.05595198,  -12.21396914,      2.998041  ,    9.92966482,   69.44347106,   17.25150885,      2.75870186], [  -64.66928593,    0.21782787,   17.64248773,   10.6453602 ,     11.13295516,    2.5857643 ,    6.05064269,    1.21438642,     -9.29421969,    5.14581253,   17.25150885,   57.51083603,     16.64415945], [  -24.84692465,   -8.05117791,   30.38023995,   27.21619367,     18.00011238,    4.59043525,   -3.31101294,    3.60077653,      1.62764798,  -15.46604159,    2.75870186,   16.64415945,     55.10978911]]
/root/sim/music/out/仕分け前/SINGLES_B-side_BEST_[Disc_1]/1-05_真夜中のリバティー.mp3; [-616.017     , 117.130394  ,  16.587013  ,  19.328386  ,   2.9895086 ,    1.3505272 ,  -2.2603765 ,   0.54063964,  -6.7080364 ,   2.477379  ,  -10.249678  ,  -6.063956  ,  -7.6066713 ]; [[15343.74265651,-1797.40052825,  453.90440408,  235.69900941,     86.95181558, -250.80321464, -133.24607411,  326.07767814,     42.9482234 ,  357.98597738, -132.41606192, -182.5269068 ,   -182.96900283], [-1797.40052825, 1621.41724144, -393.47430485,   -0.96505373,   -118.38882232,   66.31668176,   26.71879161, -126.33703425,      2.21049027,  -75.3443329 ,    5.87231198,   -2.4338912 ,     -0.22799306], [  453.90440408, -393.47430485,  843.70606874,  118.27501956,    122.54615717,   56.11276374,   51.36627885,   86.60197379,    -35.97045138,   11.89513393,   31.02734999,   60.09144911,     22.13043545], [  235.69900941,   -0.96505373,  118.27501956,  387.57525632,     94.31765634,   21.38639809,   20.83946886,   25.91688771,     60.28111161,  -11.12182269,    0.97235401,    6.0963068 ,     43.76719251], [   86.95181558, -118.38882232,  122.54615717,   94.31765634,    206.60059527,   16.16965997,   -2.14706426,   35.6518643 ,     36.33293016,   20.43459118,  -23.4476094 ,    6.95110349,      2.25477988], [ -250.80321464,   66.31668176,   56.11276374,   21.38639809,     16.16965997,  140.45077375,   54.09896381,   -3.76123667,     25.9459242 ,  -21.16460466,   24.45638735,    2.01391899,      8.13556388], [ -133.24607411,   26.71879161,   51.36627885,   20.83946886,     -2.14706426,   54.09896381,  131.29591253,   27.85735389,     20.9977054 ,   -2.03777344,   33.86659981,    4.54541482,     -9.42596398], [  326.07767814, -126.33703425,   86.60197379,   25.91688771,     35.6518643 ,   -3.76123667,   27.85735389,  119.32583863,     21.37801705,   34.45290867,   -2.71202655,    1.68586776,      0.38590561], [   42.9482234 ,    2.21049027,  -35.97045138,   60.28111161,     36.33293016,   25.9459242 ,   20.9977054 ,   21.37801705,    186.02968281,    7.57029633,   -3.1789552 ,  -35.52790876,    -14.2278225 ], [  357.98597738,  -75.3443329 ,   11.89513393,  -11.12182269,     20.43459118,  -21.16460466,   -2.03777344,   34.45290867,      7.57029633,  118.17296238,    7.5827129 ,   -0.0504203 ,    -26.07157871], [ -132.41606192,    5.87231198,   31.02734999,    0.97235401,    -23.4476094 ,   24.45638735,   33.86659981,   -2.71202655,     -3.1789552 ,    7.5827129 ,   93.84402035,   29.56849888,     -8.2112064 ], [ -182.5269068 ,   -2.4338912 ,   60.09144911,    6.0963068 ,      6.95110349,    2.01391899,    4.54541482,    1.68586776,    -35.52790876,   -0.0504203 ,   29.56849888,   97.49349433,     27.87148963], [ -182.96900283,   -0.22799306,   22.13043545,   43.76719251,      2.25477988,    8.13556388,   -9.42596398,    0.38590561,    -14.2278225 ,  -26.07157871,   -8.2112064 ,   27.87148963,     96.70713637]]
/root/sim/music/out/仕分け前/SINGLES_B-side_BEST_[Disc_1]/1-08_ラバーズ.mp3; [-635.41833   , 133.03049   ,  12.305598  ,  24.124588  ,   3.341456  ,    3.9242687 ,   1.1766188 ,   5.2804837 ,   0.2953079 ,   6.4988675 ,   -2.9260542 ,   2.5118258 ,  -0.93610257]; [[13875.10919006, -902.49558184, -216.52582729, -179.17142755,    210.7782077 ,  -34.52199386,  -47.90932568,  152.13929564,   -125.33604848,  167.33633062, -141.69071201,  -65.00225629,    -75.07697693], [ -902.49558184, 1462.98300411, -155.20069373,   17.36873575,    -35.92284393,    1.20736504,   66.15891848,  -10.46856045,     35.69047524,   -0.51246684,   67.73065754,   48.16751984,     34.20910116], [ -216.52582729, -155.20069373,  466.39224775,   17.36951589,     26.98621526,    6.59065378,    5.65716638,   19.49725123,     -5.0672111 ,   -0.11359902,   28.71674131,    4.96332467,     29.02227096], [ -179.17142755,   17.36873575,   17.36951589,  330.22120185,     28.31462287,   -4.62576218,  -39.78713105,    8.09985621,      2.48950832,  -45.6971383 ,  -19.37217159,   -5.67133806,     -5.63052261], [  210.7782077 ,  -35.92284393,   26.98621526,   28.31462287,    201.5527032 ,  -21.59758227,    4.49413464,   42.75047637,      2.53208044,   30.21646452,    0.13965557,    5.42290675,     13.22839221], [  -34.52199386,    1.20736504,    6.59065378,   -4.62576218,    -21.59758227,  209.96112495,   57.26791557,  -27.22981588,     56.17808952,  -15.66523025,   49.20687755,   -9.58715717,     -5.12563593], [  -47.90932568,   66.15891848,    5.65716638,  -39.78713105,      4.49413464,   57.26791557,  106.49266284,   17.71796322,     20.5205905 ,   16.50237122,   30.82605173,   13.80956314,      7.61653138], [  152.13929564,  -10.46856045,   19.49725123,    8.09985621,     42.75047637,  -27.22981588,   17.71796322,   95.39935284,      6.04280848,   19.48479086,    5.18996111,   16.23190015,     17.37489451], [ -125.33604848,   35.69047524,   -5.0672111 ,    2.48950832,      2.53208044,   56.17808952,   20.5205905 ,    6.04280848,    120.92169513,   -3.21305102,   27.0894958 ,    9.72401823,      2.91257381], [  167.33633062,   -0.51246684,   -0.11359902,  -45.6971383 ,     30.21646452,  -15.66523025,   16.50237122,   19.48479086,     -3.21305102,  107.69212475,    9.77306674,   21.18962586,     14.37923939], [ -141.69071201,   67.73065754,   28.71674131,  -19.37217159,      0.13965557,   49.20687755,   30.82605173,    5.18996111,     27.0894958 ,    9.77306674,   92.1405775 ,   22.75992479,     12.04198888], [  -65.00225629,   48.16751984,    4.96332467,   -5.67133806,      5.42290675,   -9.58715717,   13.80956314,   16.23190015,      9.72401823,   21.18962586,   22.75992479,   80.39694911,     24.35451313], [  -75.07697693,   34.20910116,   29.02227096,   -5.63052261,     13.22839221,   -5.12563593,    7.61653138,   17.37489451,      2.91257381,   14.37923939,   12.04198888,   24.35451313,     64.41673252]]
/root/sim/music/out/仕分け前/SINGLES_B-side_BEST_[Disc_1]/1-15_星と月のピアスと君の夢.mp3; [-671.32227  , 166.57698  ,  -2.5368528,  19.951214 ,   1.6767238,   -4.716578 ,  -8.572265 ,  -1.1172738,  -8.788761 ,  -1.3700389,   -5.2303767,  -3.464369 ,  -6.901515 ]; [[18725.07893175,-3047.6655174 , -533.7182989 ,  969.42041447,    275.34338382,  398.02908345,  477.69283263, 1202.44491119,    493.34677153,  685.42619815,  274.39525229,  479.09668042,    518.7977589 ], [-3047.6655174 , 2869.00332026, -226.963776  , -221.9375722 ,   -155.46658096, -190.90631509, -180.07573638, -408.31481386,   -156.00932188, -221.14033845,  -72.87016514, -189.47919609,   -203.32992959], [ -533.7182989 , -226.963776  ,  769.281625  ,  -62.98149197,     26.40869122,   67.18993221,   73.46620019,   16.37654718,     28.20898341,   -6.9304843 ,    5.68520396,   25.84890302,     46.65052392], [  969.42041447, -221.9375722 ,  -62.98149197,  414.25859603,    137.24025079,   94.60607552,   44.29884755,  108.09166642,    101.05662452,   25.43792986,   50.08853235,  101.58734562,    113.74902868], [  275.34338382, -155.46658096,   26.40869122,  137.24025079,    266.26631329,   96.45886148,   23.09395885,   57.56619155,     33.58386665,   24.29839955,   14.70026114,   47.55999364,     43.16001123], [  398.02908345, -190.90631509,   67.18993221,   94.60607552,     96.45886148,  247.39097902,  118.58652136,   52.68491418,     78.73709459,   47.24535706,   76.5222541 ,   48.06611209,     65.17347339], [  477.69283263, -180.07573638,   73.46620019,   44.29884755,     23.09395885,  118.58652136,  189.70285341,  114.66365427,     78.86476282,   61.92524873,   67.97594875,   54.14880723,     66.91554686], [ 1202.44491119, -408.31481386,   16.37654718,  108.09166642,     57.56619155,   52.68491418,  114.66365427,  260.17199685,     99.12968855,   94.10924295,   44.46898833,   84.07601391,    106.45313109], [  493.34677153, -156.00932188,   28.20898341,  101.05662452,     33.58386665,   78.73709459,   78.86476282,   99.12968855,    185.87557813,   56.21831676,   56.2722363 ,   48.48864331,     71.3636851 ], [  685.42619815, -221.14033845,   -6.9304843 ,   25.43792986,     24.29839955,   47.24535706,   61.92524873,   94.10924295,     56.21831676,  129.22443134,   41.39676984,   25.2605271 ,     32.34788655], [  274.39525229,  -72.87016514,    5.68520396,   50.08853235,     14.70026114,   76.5222541 ,   67.97594875,   44.46898833,     56.2722363 ,   41.39676984,  118.31319208,   49.31964105,     40.87418192], [  479.09668042, -189.47919609,   25.84890302,  101.58734562,     47.55999364,   48.06611209,   54.14880723,   84.07601391,     48.48864331,   25.2605271 ,   49.31964105,  132.78887138,     95.00181482], [  518.7977589 , -203.32992959,   46.65052392,  113.74902868,     43.16001123,   65.17347339,   66.91554686,  106.45313109,     71.3636851 ,   32.34788655,   40.87418192,   95.00181482,    157.90188217]]
/root/sim/music/out/仕分け前/SINGLES_B-side_BEST_[Disc_1]/13_夢の続き.mp3; [-594.3598   , 117.22997  ,   7.100281 ,  21.42182  ,   9.165696 ,   -6.6635675,   2.1877983,   3.3239717,   0.611988 ,   4.75707  ,   -2.757603 ,  -0.4872877,  -2.6198974]; [[16840.86264586,  155.55537268, -646.39836905, -523.78218631,   -520.33746475, -513.80619465, -214.83551951, -113.46409329,    -84.60824001,  182.29369557, -124.78090585, -104.22117997,     37.68180736], [  155.55537268, 1079.10912342,  -79.20136941,  142.01718818,     72.81806691,   17.99002699,   45.63982771,    9.61690007,    -15.49300409,   -8.99388899,   28.08020253,   26.74562311,     -2.98468402], [ -646.39836905,  -79.20136941,  729.92701783,   20.98135544,    130.95995198,  106.60857689,   -3.38750252,   54.29829897,     35.9359906 ,  -16.25735459,   27.67688834,   51.7689143 ,     10.48477164], [ -523.78218631,  142.01718818,   20.98135544,  422.35149636,    139.75536891,   69.61927971,   77.17692215,   42.05652198,     47.82011026,   23.57576777,   26.83984749,   32.63302917,     20.86342691], [ -520.33746475,   72.81806691,  130.95995198,  139.75536891,    253.68095282,   78.46650156,   24.82767507,   59.59985926,     46.86236994,   21.83458699,   22.39546863,   26.94830751,      4.44970455], [ -513.80619465,   17.99002699,  106.60857689,   69.61927971,     78.46650156,  184.02562973,   77.85965156,   50.95461015,     24.50795294,   -0.01724392,   31.35824308,    8.98539381,      0.83905224], [ -214.83551951,   45.63982771,   -3.38750252,   77.17692215,     24.82767507,   77.85965156,  174.50999339,   52.76301426,     21.95115759,   15.80035842,   29.26718726,   21.01260518,      0.1451212 ], [ -113.46409329,    9.61690007,   54.29829897,   42.05652198,     59.59985926,   50.95461015,   52.76301426,  123.78288499,     27.48202437,   21.12148679,   19.68389471,   17.68997898,     13.50226474], [  -84.60824001,  -15.49300409,   35.9359906 ,   47.82011026,     46.86236994,   24.50795294,   21.95115759,   27.48202437,    133.27805578,   32.1683146 ,   13.26916933,    7.04936564,      1.27522294], [  182.29369557,   -8.99388899,  -16.25735459,   23.57576777,     21.83458699,   -0.01724392,   15.80035842,   21.12148679,     32.1683146 ,   98.94906123,   21.11674212,    6.2740665 ,      6.03539371], [ -124.78090585,   28.08020253,   27.67688834,   26.83984749,     22.39546863,   31.35824308,   29.26718726,   19.68389471,     13.26916933,   21.11674212,   89.53095061,   26.99586606,      1.25031434], [ -104.22117997,   26.74562311,   51.7689143 ,   32.63302917,     26.94830751,    8.98539381,   21.01260518,   17.68997898,      7.04936564,    6.2740665 ,   26.99586606,   75.98300578,     22.35498498], [   37.68180736,   -2.98468402,   10.48477164,   20.86342691,      4.44970455,    0.83905224,    0.1451212 ,   13.50226474,      1.27522294,    6.03539371,    1.25031434,   22.35498498,     77.3599068 ]]
/root/sim/music/out/仕分け前/SINGLES_B-side_BEST_[Disc_1]/1-11_負けるな.mp3; [-548.6505    , 120.082405  ,   0.3227325 ,  30.058237  ,   9.418172  ,   -3.000433  ,   2.6246164 ,   3.7522266 ,  -3.7585764 ,  -2.7609143 ,   -5.4221935 ,  -0.14901748,  -2.3838887 ]; [[16951.76938868,-1516.47110754,-1428.61208596,  143.26368718,    337.52817579,   39.33342229,  415.98316317,  512.93495261,    120.91911791,  152.14493031,   68.42497449,  158.56551688,     57.63106094], [-1516.47110754, 1139.18259316,   77.52880377,   14.05651789,   -135.53609013,   41.45392869,    4.09415002,  -54.40772503,    -58.87244931,  -24.49072796,   -5.01953304,  -20.39655459,    -14.39069163], [-1428.61208596,   77.52880377,  633.71643331,  -24.29115656,     40.86127669,   -6.85233553,  -10.82137729,  -11.78172151,      1.0545882 ,  -13.67714507,    9.61986695,  -12.41176291,      6.54487663], [  143.26368718,   14.05651789,  -24.29115656,  294.03158187,     96.88064844,  -42.65989799,  -56.13228897,    9.96779703,     57.04285826,  -32.55065605,    6.16588299,   25.95443981,    -16.68374061], [  337.52817579, -135.53609013,   40.86127669,   96.88064844,    182.48886238,    2.16425054,  -22.44092615,   17.10209056,     47.2582665 ,  -20.44794428,    8.74407404,    9.87769715,    -10.94969711], [   39.33342229,   41.45392869,   -6.85233553,  -42.65989799,      2.16425054,  128.75486918,   57.94895075,    1.25225322,      0.25828296,    6.52026762,   17.56905963,   -3.50424618,     -0.21482598], [  415.98316317,    4.09415002,  -10.82137729,  -56.13228897,    -22.44092615,   57.94895075,  173.96684792,   45.96485975,    -23.47877084,   22.29032603,   16.81814581,   13.81165207,     16.40272011], [  512.93495261,  -54.40772503,  -11.78172151,    9.96779703,     17.10209056,    1.25225322,   45.96485975,  104.56320972,      9.34920431,   10.2189632 ,    3.29576207,   12.20313041,     20.84352933], [  120.91911791,  -58.87244931,    1.0545882 ,   57.04285826,     47.2582665 ,    0.25828296,  -23.47877084,    9.34920431,    120.280438  ,    0.39400418,   10.28020357,    5.85101116,    -30.29796726], [  152.14493031,  -24.49072796,  -13.67714507,  -32.55065605,    -20.44794428,    6.52026762,   22.29032603,   10.2189632 ,      0.39400418,   90.21537861,   18.98632156,   -4.37965473,      0.83854652], [   68.42497449,   -5.01953304,    9.61986695,    6.16588299,      8.74407404,   17.56905963,   16.81814581,    3.29576207,     10.28020357,   18.98632156,   65.56721365,   20.93757463,     -5.64980323], [  158.56551688,  -20.39655459,  -12.41176291,   25.95443981,      9.87769715,   -3.50424618,   13.81165207,   12.20313041,      5.85101116,   -4.37965473,   20.93757463,   65.63895406,     13.96372911], [   57.63106094,  -14.39069163,    6.54487663,  -16.68374061,    -10.94969711,   -0.21482598,   16.40272011,   20.84352933,    -30.29796726,    0.83854652,   -5.64980323,   13.96372911,     69.47169727]]
/root/sim/music/out/仕分け前/SINGLES_B-side_BEST_[Disc_1]/1-14_恋の花.mp3; [-664.6464    , 148.43085   ,   3.647366  ,  17.991373  , -14.761366  ,   -5.0143294 ,  -4.116406  ,   5.4546456 ,  -7.6165996 ,  -0.38773412,   -1.3082259 ,  -3.479992  ,  -3.0999775 ]; [[15524.30723618,-1170.66826765, -322.70371622,  430.20589256,    214.99777059, -328.61970448, -210.24110377,  351.86477016,   -324.06861121,  210.80062694, -358.10922554, -178.27920818,     -2.67198431], [-1170.66826765, 1800.25707815, -259.59920133,  -75.01674839,    -65.27376144,  166.65361757,   72.21106542,  -90.19286949,     51.32474922,    3.2230491 ,   88.94281676,  -19.53487616,     27.62615955], [ -322.70371622, -259.59920133,  623.72932375,  251.50193165,     75.53398813,  127.24059338,   70.86280357,   74.47306317,    123.0009365 ,    2.10473071,   68.33625819,   33.97162402,     17.94664541], [  430.20589256,  -75.01674839,  251.50193165,  446.31099564,    106.39386663,  114.0835693 ,    8.12408678,   90.56722109,    115.39326363,    4.19824306,   36.26089132,   -1.71812943,     36.48695475], [  214.99777059,  -65.27376144,   75.53398813,  106.39386663,    278.03969935,  -21.78394279,   -1.9801662 ,   67.4198138 ,     22.44813915,   63.30316022,  -51.66473211,    9.95002277,      6.6286776 ], [ -328.61970448,  166.65361757,  127.24059338,  114.0835693 ,    -21.78394279,  281.59559953,  100.16393851,   34.31967189,    115.87127723,   -6.79099995,  104.00131621,  -10.1324501 ,     27.2473362 ], [ -210.24110377,   72.21106542,   70.86280357,    8.12408678,     -1.9801662 ,  100.16393851,  169.56765207,   29.00717519,     57.9605511 ,   14.4085786 ,   40.93396622,   25.00775689,      3.68398418], [  351.86477016,  -90.19286949,   74.47306317,   90.56722109,     67.4198138 ,   34.31967189,   29.00717519,  166.65881642,     51.24692424,   26.58231216,   -2.54363228,   -1.00861061,     43.44354335], [ -324.06861121,   51.32474922,  123.0009365 ,  115.39326363,     22.44813915,  115.87127723,   57.9605511 ,   51.24692424,    228.82522031,    1.12199312,   73.05348438,   23.91267281,     17.53652454], [  210.80062694,    3.2230491 ,    2.10473071,    4.19824306,     63.30316022,   -6.79099995,   14.4085786 ,   26.58231216,      1.12199312,  139.69578958,   -8.95845344,   -4.38224774,     23.67141215], [ -358.10922554,   88.94281676,   68.33625819,   36.26089132,    -51.66473211,  104.00131621,   40.93396622,   -2.54363228,     73.05348438,   -8.95845344,  166.49692596,   34.04492354,     17.88782593], [ -178.27920818,  -19.53487616,   33.97162402,   -1.71812943,      9.95002277,  -10.1324501 ,   25.00775689,   -1.00861061,     23.91267281,   -4.38224774,   34.04492354,  110.01393696,     22.53535987], [   -2.67198431,   27.62615955,   17.94664541,   36.48695475,      6.6286776 ,   27.2473362 ,    3.68398418,   43.44354335,     17.53652454,   23.67141215,   17.88782593,   22.53535987,    113.03207863]]
/root/sim/music/out/仕分け前/SINGLES_B-side_BEST_[Disc_1]/1-02_愛の中から.mp3; [-607.29095  , 141.34587  ,   1.0869752,  23.770306 ,  -2.1103802,    1.9267875,  -3.0129988,   3.4947357,  -8.470585 ,   1.396524 ,   -4.4453716,  -3.0350695,  -2.4269865]; [[14013.36825319, -170.13658027, -799.94029413,  431.40283313,   -304.55336621,   66.12192669, -193.20793471,  158.89739174,    -12.16161557,  168.14202175, -105.27642274, -102.97752856,     21.62360643], [ -170.13658027, 1102.08407024,   -9.59445878,   14.04046897,     39.80097268,   34.34668184,   67.1246331 ,  -26.9532014 ,     10.81992629,    5.72437257,   40.38811033,   31.33643981,    -31.80236132], [ -799.94029413,   -9.59445878,  477.42735648,   35.31244061,     52.6325402 ,   53.39992518,   34.67966733,    8.90410317,      7.93416076,  -32.88420528,   34.22376048,   -7.14363752,     -1.20537722], [  431.40283313,   14.04046897,   35.31244061,  347.84081646,     82.97191865,   58.58781248,  -63.44302107,  -21.13664656,     35.59338844,  -25.17516078,   40.91820139,   38.81733616,     41.21357594], [ -304.55336621,   39.80097268,   52.6325402 ,   82.97191865,    193.29488426,   41.9532466 ,    6.56554239,   21.34622039,     19.88081544,   19.28563611,    0.88659866,   10.55391124,     18.87636286], [   66.12192669,   34.34668184,   53.39992518,   58.58781248,     41.9532466 ,  187.11843904,   69.51771159,   11.19371938,     39.34047564,    4.22492089,   43.08999415,   10.87847612,     -5.32795863], [ -193.20793471,   67.1246331 ,   34.67966733,  -63.44302107,      6.56554239,   69.51771159,  159.32614891,   59.10054793,     17.23263091,   10.33628829,    0.93083329,    4.13574909,    -12.01053644], [  158.89739174,  -26.9532014 ,    8.90410317,  -21.13664656,     21.34622039,   11.19371938,   59.10054793,  135.51006568,     16.82947649,   30.53676887,  -18.60474091,  -14.39301429,     19.23704562], [  -12.16161557,   10.81992629,    7.93416076,   35.59338844,     19.88081544,   39.34047564,   17.23263091,   16.82947649,    116.40997088,   29.73915474,   10.50321533,   12.81938181,    -13.04272723], [  168.14202175,    5.72437257,  -32.88420528,  -25.17516078,     19.28563611,    4.22492089,   10.33628829,   30.53676887,     29.73915474,   97.18706976,   12.79762638,   -9.88835171,     -5.26574655], [ -105.27642274,   40.38811033,   34.22376048,   40.91820139,      0.88659866,   43.08999415,    0.93083329,  -18.60474091,     10.50321533,   12.79762638,   91.05139   ,   29.20296762,      0.08201992], [ -102.97752856,   31.33643981,   -7.14363752,   38.81733616,     10.55391124,   10.87847612,    4.13574909,  -14.39301429,     12.81938181,   -9.88835171,   29.20296762,   90.11778861,     30.14534777], [   21.62360643,  -31.80236132,   -1.20537722,   41.21357594,     18.87636286,   -5.32795863,  -12.01053644,   19.23704562,    -13.04272723,   -5.26574655,    0.08201992,   30.14534777,    108.10650902]]
/root/sim/music/out/仕分け前/SINGLES_B-side_BEST_[Disc_1]/1-01_奇跡のようなめぐり逢い.mp3; [-598.26746   , 114.9913    ,  -4.984248  ,  25.998503  ,   7.4388375 ,   11.312698  ,   0.29070744,   9.015343  ,  -3.8988423 ,   5.579375  ,   -3.130489  ,  -2.0696273 ,  -5.1266203 ]; [[13372.19093094, -614.1875887 ,   55.12689459,  118.06617009,     39.82117038,   14.3285511 , -140.67845993,  212.45589772,   -285.81821072,   26.23632015, -224.83237744, -114.44706437,     17.13786917], [ -614.1875887 , 1199.64286875, -175.06547676,  129.79462684,     -7.82254893,  101.68322291,  104.57390483,   -3.67619188,     48.78210012,   45.67986962,   34.56368883,   62.19478822,    -13.47434366], [   55.12689459, -175.06547676,  461.99452627,  -37.48750616,     60.62148221,   49.48514383,   21.21448087,   23.21827996,    -16.54969839,  -22.34338399,   13.26336694,    0.20659779,      8.96407958], [  118.06617009,  129.79462684,  -37.48750616,  350.88323119,     87.55315252,   35.36635718,   -5.8931802 ,   56.048574  ,     86.56973116,   12.0702842 ,   17.04898397,   15.42389421,     20.87798554], [   39.82117038,   -7.82254893,   60.62148221,   87.55315252,    192.87841512,   22.26997337,  -15.8019017 ,   21.09481618,     31.53555019,    6.31408096,   -0.20226519,   -6.79317578,     12.5435302 ], [   14.3285511 ,  101.68322291,   49.48514383,   35.36635718,     22.26997337,  177.41134994,   63.87145332,   -7.12368318,     24.71684768,   13.65743989,   20.96353552,  -10.4112491 ,    -23.28879966], [ -140.67845993,  104.57390483,   21.21448087,   -5.8931802 ,    -15.8019017 ,   63.87145332,  183.98146949,   15.11709345,     25.12500766,   13.81733167,   25.7411235 ,   17.03753174,    -14.88459067], [  212.45589772,   -3.67619188,   23.21827996,   56.048574  ,     21.09481618,   -7.12368318,   15.11709345,  124.38070433,      7.34055772,    8.93220727,  -13.59939857,    8.19784876,      9.30788375], [ -285.81821072,   48.78210012,  -16.54969839,   86.56973116,     31.53555019,   24.71684768,   25.12500766,    7.34055772,    147.62067738,   26.52085934,   17.95389478,   -9.16010838,    -13.53133604], [   26.23632015,   45.67986962,  -22.34338399,   12.0702842 ,      6.31408096,   13.65743989,   13.81733167,    8.93220727,     26.52085934,   94.24112371,   20.93020686,   -7.47487444,    -18.95219213], [ -224.83237744,   34.56368883,   13.26336694,   17.04898397,     -0.20226519,   20.96353552,   25.7411235 ,  -13.59939857,     17.95389478,   20.93020686,   98.55919249,   23.791836  ,     -8.48100706], [ -114.44706437,   62.19478822,    0.20659779,   15.42389421,     -6.79317578,  -10.4112491 ,   17.03753174,    8.19784876,     -9.16010838,   -7.47487444,   23.791836  ,   87.87572118,     26.43766916], [   17.13786917,  -13.47434366,    8.96407958,   20.87798554,     12.5435302 ,  -23.28879966,  -14.88459067,    9.30788375,    -13.53133604,  -18.95219213,   -8.48100706,   26.43766916,     92.74691063]]
/root/sim/music/out/仕分け前/765PRO_ALLSTARS+/THE_IDOLM@STER_765PRO_ALLSTARS+_GRE@TEST_BEST!_-COOL_&_BITTER!-_[Disc_1]/03_蒼い鳥_(M@STER_VERSION).mp3; [-605.6924    , 182.61528   , -28.400934  ,  14.381014  , -13.743413  ,  -14.607219  ,   1.9526163 ,  -7.3090854 ,  -5.4776807 ,   3.721153  ,   -7.1959896 ,  -0.45517024,  -2.0122838 ]; [[15673.61628046, -435.21941062, -350.19192167,  148.60624337,   -327.8174838 , -505.53869466,  465.11668593, -198.9770842 ,   -196.94482447,  255.45045685, -288.62697547,  103.98033055,     -0.02916189], [ -435.21941062, 2040.2634796 , -317.89669832,  -33.00161951,    -23.09412542,  170.70699043, -191.87845618,   37.95303203,     64.30858243,  -80.92256583,   86.65191352,  -64.3198206 ,    -30.3183492 ], [ -350.19192167, -317.89669832,  488.79883437, -119.16009607,    111.9640365 ,  -14.4866331 ,   42.81908243,  -13.21596738,     16.98818777,    7.22421372,  -24.06818658,    5.58244325,    -14.58688792], [  148.60624337,  -33.00161951, -119.16009607,  326.9381561 ,      3.24338929,  -36.26596726,    0.20218312,   47.71940921,    -19.64433355,    9.3861569 ,   45.61451333,   17.83941961,      8.03854745], [ -327.8174838 ,  -23.09412542,  111.9640365 ,    3.24338929,    198.90263924,    9.69987275,   12.12642381,   22.85263939,     22.13835969,    1.05052027,   19.5433603 ,    8.56759823,     -7.31771131], [ -505.53869466,  170.70699043,  -14.4866331 ,  -36.26596726,      9.69987275,  301.3716053 ,  -69.29838383,   71.2653473 ,     35.17254441,    4.97922952,   41.50023934,  -40.7140428 ,     14.06663858], [  465.11668593, -191.87845618,   42.81908243,    0.20218312,     12.12642381,  -69.29838383,  262.47249339,  -55.31517314,     13.64893595,   38.9067047 ,  -64.51590675,   45.3820329 ,     -0.59003495], [ -198.9770842 ,   37.95303203,  -13.21596738,   47.71940921,     22.85263939,   71.2653473 ,  -55.31517314,  168.23034381,     13.16145528,    2.76212831,   54.72682109,  -13.82392575,     24.48128273], [ -196.94482447,   64.30858243,   16.98818777,  -19.64433355,     22.13835969,   35.17254441,   13.64893595,   13.16145528,    126.91512381,    1.64697584,   11.39046448,    1.33707105,     -9.42837722], [  255.45045685,  -80.92256583,    7.22421372,    9.3861569 ,      1.05052027,    4.97922952,   38.9067047 ,    2.76212831,      1.64697584,  112.89705178,  -11.27852306,    8.37527198,     13.84960183], [ -288.62697547,   86.65191352,  -24.06818658,   45.61451333,     19.5433603 ,   41.50023934,  -64.51590675,   54.72682109,     11.39046448,  -11.27852306,  136.36147995,    1.88731523,      1.43782577], [  103.98033055,  -64.3198206 ,    5.58244325,   17.83941961,      8.56759823,  -40.7140428 ,   45.3820329 ,  -13.82392575,      1.33707105,    8.37527198,    1.88731523,   97.71209581,     22.4320266 ], [   -0.02916189,  -30.3183492 ,  -14.58688792,    8.03854745,     -7.31771131,   14.06663858,   -0.59003495,   24.48128273,     -9.42837722,   13.84960183,    1.43782577,   22.4320266 ,     92.58578369]]
/root/sim/music/out/仕分け前/765PRO_ALLSTARS+/THE_IDOLM@STER_765PRO_ALLSTARS+_GRE@TEST_BEST!_-COOL_&_BITTER!-_[Disc_1]/02_エージェント夜を往く_(M@STER_VERSION)_(2).mp3; [-520.5282   ,  89.84883  ,   1.0440234,  26.311922 ,   9.037339 ,    9.06914  ,  15.620951 ,   3.506874 ,   1.7211579,   5.2662663,   -1.8943669,   5.2202992,   0.8026326]; [[15164.39187169,  430.78323351,  499.15456216,  506.45636608,    236.72456182,  -10.57889239,  381.63247109,  -41.60128958,     30.87847011,  163.41448835,  -43.85447661,   38.10270499,     27.48757948], [  430.78323351, 1309.88544795, -232.64461742,  240.91260739,     -1.82105452,    9.57363524,  156.26273833,  -55.32632555,     42.39095516,  -19.38935935,   -9.21616437,  -11.79052921,    -19.75595306], [  499.15456216, -232.64461742,  998.4929967 ,   84.42221578,    246.95032135,   43.34206256,   38.66305516,   70.2246946 ,     -7.96187539,   54.43803507,   14.03198246,    9.5624148 ,     -5.46611947], [  506.45636608,  240.91260739,   84.42221578,  473.86651785,    143.86990301,   42.30866757,   20.75580249,   37.91797475,     45.95185261,  -20.37153034,   18.84552251,   -0.89605482,    -12.34686262], [  236.72456182,   -1.82105452,  246.95032135,  143.86990301,    290.66285375,   76.70767441,   30.28189968,   60.90092557,     35.88478155,   28.59494282,   26.8962274 ,    7.16040645,      2.5692731 ], [  -10.57889239,    9.57363524,   43.34206256,   42.30866757,     76.70767441,  259.44985077,   47.24619802,   25.51561457,     14.61012787,   21.83982007,    9.45858788,    8.10115624,      1.41418395], [  381.63247109,  156.26273833,   38.66305516,   20.75580249,     30.28189968,   47.24619802,  235.69998102,   -9.38099547,     28.75443893,   42.63469307,   -0.72134835,   11.38090329,     -6.89976735], [  -41.60128958,  -55.32632555,   70.2246946 ,   37.91797475,     60.90092557,   25.51561457,   -9.38099547,  133.48151378,     24.14309301,   17.01880719,   22.22362813,    2.58701998,     10.29153655], [   30.87847011,   42.39095516,   -7.96187539,   45.95185261,     35.88478155,   14.61012787,   28.75443893,   24.14309301,     99.49489521,   21.82977973,    1.56849088,    3.68017758,     -1.02273959], [  163.41448835,  -19.38935935,   54.43803507,  -20.37153034,     28.59494282,   21.83982007,   42.63469307,   17.01880719,     21.82977973,   98.74855466,   26.00659256,    8.2638438 ,      1.80222387], [  -43.85447661,   -9.21616437,   14.03198246,   18.84552251,     26.8962274 ,    9.45858788,   -0.72134835,   22.22362813,      1.56849088,   26.00659256,   86.8444792 ,   22.60339377,      5.74072644], [   38.10270499,  -11.79052921,    9.5624148 ,   -0.89605482,      7.16040645,    8.10115624,   11.38090329,    2.58701998,      3.68017758,    8.2638438 ,   22.60339377,   69.93323164,     22.22732306], [   27.48757948,  -19.75595306,   -5.46611947,  -12.34686262,      2.5692731 ,    1.41418395,   -6.89976735,   10.29153655,     -1.02273959,    1.80222387,    5.74072644,   22.22732306,     68.00159262]]
/root/sim/music/out/仕分け前/765PRO_ALLSTARS+/THE_IDOLM@STER_765PRO_ALLSTARS+_GRE@TEST_BEST!_-COOL_&_BITTER!-_[Disc_1]/04_relations_(M@STER_VERSION).mp3; [-497.8416    ,  87.35921   ,   2.400012  ,  33.062347  ,  15.155274  ,    6.5437675 ,  14.242714  ,   4.42367   ,   4.6299763 ,   8.269027  ,   -4.1279798 ,   2.0816343 ,  -0.22911564]; [[12268.35251572,  115.79348782,  113.26175559,  144.06842146,    225.99413026,  178.83659468,  236.20124812,  197.6000667 ,     90.02349505,  183.50297009,  -16.71019813,   34.34676748,     64.34169301], [  115.79348782, 1042.91309343, -190.73375517,  278.54229534,     16.95668064,   67.17866295,  108.96005095,   -6.90385791,     55.55710278,   53.7433689 ,  -11.96463339,   34.76172523,      4.74164148], [  113.26175559, -190.73375517,  700.91162579,   13.42524097,    113.87590057,   65.10874575,  -23.04308838,    2.95066514,    -83.7437363 ,   16.13733583,  -17.89961827,  -47.96700653,    -18.67070517], [  144.06842146,  278.54229534,   13.42524097,  419.42361632,    133.339282  ,  -18.30811689,  -18.42947847,   30.53474848,    -17.35942428,    1.42063175,   32.52655328,   29.79572809,     15.13237791], [  225.99413026,   16.95668064,  113.87590057,  133.339282  ,    282.17543802,  104.356571  ,  -81.18395494,   67.72150856,      7.38851023,  -10.04381714,   41.04073114,   -3.88440716,     -7.69907304], [  178.83659468,   67.17866295,   65.10874575,  -18.30811689,    104.356571  ,  293.53307266,   78.98118085,   16.92939523,     21.2941227 ,   38.54014435,    9.84619724,  -19.79551263,      1.22133953], [  236.20124812,  108.96005095,  -23.04308838,  -18.42947847,    -81.18395494,   78.98118085,  251.37057703,  -20.83854057,     22.23538087,   53.90381892,  -39.46475051,    8.60002707,     16.4673083 ], [  197.6000667 ,   -6.90385791,    2.95066514,   30.53474848,     67.72150856,   16.92939523,  -20.83854057,  139.84203473,     48.6050012 ,  -10.06921162,   19.58259276,    1.24249159,      1.25988865], [   90.02349505,   55.55710278,  -83.7437363 ,  -17.35942428,      7.38851023,   21.2941227 ,   22.23538087,   48.6050012 ,    127.80161022,   29.56857996,   17.38241134,   10.29299377,     -3.63522112], [  183.50297009,   53.7433689 ,   16.13733583,    1.42063175,    -10.04381714,   38.54014435,   53.90381892,  -10.06921162,     29.56857996,  111.43330088,   32.05216019,    2.04627499,      4.4113198 ], [  -16.71019813,  -11.96463339,  -17.89961827,   32.52655328,     41.04073114,    9.84619724,  -39.46475051,   19.58259276,     17.38241134,   32.05216019,  119.23223631,   46.1659088 ,      4.52969461], [   34.34676748,   34.76172523,  -47.96700653,   29.79572809,     -3.88440716,  -19.79551263,    8.60002707,    1.24249159,     10.29299377,    2.04627499,   46.1659088 ,   84.57815096,     30.82472314], [   64.34169301,    4.74164148,  -18.67070517,   15.13237791,     -7.69907304,    1.22133953,   16.4673083 ,    1.25988865,     -3.63522112,    4.4113198 ,    4.52969461,   30.82472314,     82.10901103]]
/root/sim/music/out/仕分け前/765PRO_ALLSTARS+/THE_IDOLM@STER_765PRO_ALLSTARS+_GRE@TEST_BEST!_-COOL_&_BITTER!-_[Disc_1]/01_9_02pm_(M@STER_VERSION)_(2).mp3; [-613.40686  , 116.508354 ,  -2.9478903,  23.397629 ,   1.0644149,   -4.7089043,   5.874924 ,  -7.9774427,  -6.7422595,   0.4206363,   -8.610791 ,  -1.4801387,  -1.1414423]; [[24797.97656537,-1899.27404567,  130.64037155,  -40.45890602,    138.20378519,   35.68443263,  506.00941691,   87.50853355,     95.63620734,  457.81307715, -126.8609594 , -101.91797145,    -54.56937519], [-1899.27404567, 2030.43419867, -401.04866734,  109.80399465,    -76.63761048,  -46.80863612, -145.34137778, -112.79732695,    -74.30704415, -131.94307824,  -25.33663212,  -22.6580837 ,     -9.52474227], [  130.64037155, -401.04866734, 1035.65505883,   62.33428264,    250.89105826,   77.43597886,   89.9303503 ,    4.33909811,     29.62033108,   11.8994738 ,   38.21593059,   36.38112719,    -50.4546793 ], [  -40.45890602,  109.80399465,   62.33428264,  509.05358401,    151.88818704,  -13.0079126 ,  -72.03825783,   57.89112846,    -10.75564633,  -35.74554324,   62.20688851,   23.84464254,    -10.75085415], [  138.20378519,  -76.63761048,  250.89105826,  151.88818704,    300.26422264,   76.10731969,   16.84561112,   45.4082225 ,     46.45835805,    9.99598793,   45.69470152,   22.04574387,     -5.97756751], [   35.68443263,  -46.80863612,   77.43597886,  -13.0079126 ,     76.10731969,  290.82964891,   15.35571852,   75.73929994,     55.38307641,   21.18383539,   58.14516745,   -5.47598818,     29.06196529], [  506.00941691, -145.34137778,   89.9303503 ,  -72.03825783,     16.84561112,   15.35571852,  250.89237203,   11.69389229,     -0.5410002 ,   60.28150568,  -32.00793599,    3.40403098,     -0.55870431], [   87.50853355, -112.79732695,    4.33909811,   57.89112846,     45.4082225 ,   75.73929994,   11.69389229,  161.59423729,     52.89410444,   13.30673109,   45.26950739,    0.30003352,     20.61561575], [   95.63620734,  -74.30704415,   29.62033108,  -10.75564633,     46.45835805,   55.38307641,   -0.5410002 ,   52.89410444,    158.97268653,   48.31056753,    7.4880641 ,    5.34909459,      6.43665177], [  457.81307715, -131.94307824,   11.8994738 ,  -35.74554324,      9.99598793,   21.18383539,   60.28150568,   13.30673109,     48.31056753,  120.13705449,   15.38505694,   -8.68469559,      1.73237587], [ -126.8609594 ,  -25.33663212,   38.21593059,   62.20688851,     45.69470152,   58.14516745,  -32.00793599,   45.26950739,      7.4880641 ,   15.38505694,  118.63762497,   26.71849178,      3.14573434], [ -101.91797145,  -22.6580837 ,   36.38112719,   23.84464254,     22.04574387,   -5.47598818,    3.40403098,    0.30003352,      5.34909459,   -8.68469559,   26.71849178,   81.82960787,     20.99261404], [  -54.56937519,   -9.52474227,  -50.4546793 ,  -10.75085415,     -5.97756751,   29.06196529,   -0.55870431,   20.61561575,      6.43665177,    1.73237587,    3.14573434,   20.99261404,     78.2412774 ]]
