/root/sim/music/out/Led_Zeppelin/Remasters_[Disc_1]/1-14_Misty_Mountain_Hop.mp3; [-599.9473    , 141.38766   , -17.794725  ,  19.392057  ,   3.3000464 ,    3.7611146 ,   3.9489112 ,   6.6150293 ,  -3.5858133 ,  -6.4624557 ,   -4.3225074 ,  -0.5361358 ,  -0.84246516]; [[8859.45623707,-584.16291239, 159.6237175 , 360.46339884,-253.93546524,    60.50724708,  25.99114593, -11.90835897,  19.51752722, 107.49585632,    39.2495215 , -31.49314403, -58.99338955], [-584.16291239,1356.21756715,-427.96239588, -46.31993486,  72.86435365,   -88.91737146, -20.07252965,  18.11474594,  -1.08006508, -57.89623128,   -42.59247532,  39.91451702,  -0.19998165], [ 159.6237175 ,-427.96239588, 503.34886908, -32.69150989, -11.24440867,    55.10349637,   8.21488005,  13.05569071, -12.26967003,   2.51673054,    17.90291194, -15.74261178,  21.7532259 ], [ 360.46339884, -46.31993486, -32.69150989, 192.28819584, -21.06900206,    -0.82932906,   7.12140712,   2.89644295,  10.04108017,  14.81549239,   -11.90566461,   0.955464  ,   5.74569882], [-253.93546524,  72.86435365, -11.24440867, -21.06900206, 175.82346262,    15.85111807, -21.08630521,  -7.12631951,   0.64997188,  -9.06609763,   -23.12314695,  -7.90337816,   9.23662879], [  60.50724708, -88.91737146,  55.10349637,  -0.82932906,  15.85111807,   101.29828661,  31.58785212,   1.80811112, -12.64749535,  -7.90245921,    12.7041899 ,  -6.8035417 ,  -9.50572936], [  25.99114593, -20.07252965,   8.21488005,   7.12140712, -21.08630521,    31.58785212,  98.437237  ,  21.66330042,  -5.70798053,   2.14440049,    12.93724543,   1.92370139, -12.44760561], [ -11.90835897,  18.11474594,  13.05569071,   2.89644295,  -7.12631951,     1.80811112,  21.66330042,  76.58669702,  15.63009447,  -7.62962468,     0.29940102,  -2.55047748,   6.6062443 ], [  19.51752722,  -1.08006508, -12.26967003,  10.04108017,   0.64997188,   -12.64749535,  -5.70798053,  15.63009447,  63.31610597,  21.75114151,    -5.15304087,   2.3821269 ,  -1.50230252], [ 107.49585632, -57.89623128,   2.51673054,  14.81549239,  -9.06609763,    -7.90245921,   2.14440049,  -7.62962468,  21.75114151,  65.65494043,    19.48053166,   0.21265468,  -7.69157514], [  39.2495215 , -42.59247532,  17.90291194, -11.90566461, -23.12314695,    12.7041899 ,  12.93724543,   0.29940102,  -5.15304087,  19.48053166,    62.40954637,   7.69790413,  -6.67054578], [ -31.49314403,  39.91451702, -15.74261178,   0.955464  ,  -7.90337816,    -6.8035417 ,   1.92370139,  -2.55047748,   2.3821269 ,   0.21265468,     7.69790413,  47.25938544,  11.40377333], [ -58.99338955,  -0.19998165,  21.7532259 ,   5.74569882,   9.23662879,    -9.50572936, -12.44760561,   6.6062443 ,  -1.50230252,  -7.69157514,    -6.67054578,  11.40377333,  51.03065228]]
/root/sim/music/out/Led_Zeppelin/Remasters_[Disc_1]/1-13_The_Battle_Of_Evermore.mp3; [-679.5219   , 126.63718  , -27.511318 ,   6.38244  , -10.423962 ,   -2.6058972, -10.2677555,  -2.1675277, -10.107483 ,  -7.6184735,   -7.009482 ,  -4.0846887, -11.061345 ]; [[19247.28429626, 1099.07915029, -905.16800654, -491.3891024 ,   -599.65856688, -517.56894501, -247.53267764, -126.14969457,   -461.22893934, -543.39469344, -729.55997854, -632.79783851,   -676.3174819 ], [ 1099.07915029,  912.68440424, -228.3719801 ,   54.69872002,    -79.22114665,  -82.42914202,    7.5125464 ,  -34.08568455,    -24.60369077,  -45.08661778,  -79.50629082,  -68.0321193 ,    -52.5600182 ], [ -905.16800654, -228.3719801 ,  584.90589461,   -1.06644235,    149.2966462 ,   38.26100572,  -44.98064459,   16.7336406 ,     16.10609841,   18.11535471,   -6.77182463,   14.49238434,     22.40773436], [ -491.3891024 ,   54.69872002,   -1.06644235,  252.21621735,    113.76111835,   -2.67930435,  -21.40768926,   -8.63551568,     51.26323864,   24.62442155,   -5.37346657,   11.52978841,      9.55835543], [ -599.65856688,  -79.22114665,  149.2966462 ,  113.76111835,    295.60534952,   50.91059032,  -27.1790822 ,    4.30452164,     71.94337587,   28.01460088,  -17.82533726,   -3.6283187 ,     -3.66377478], [ -517.56894501,  -82.42914202,   38.26100572,   -2.67930435,     50.91059032,  154.65337232,   28.02871902,   30.08360587,     15.96222599,   20.26470646,   45.55210669,   22.90082149,     28.19511387], [ -247.53267764,    7.5125464 ,  -44.98064459,  -21.40768926,    -27.1790822 ,   28.02871902,  168.37429132,   16.38728222,      0.56360465,   11.01971293,    8.01284979,    4.06051913,      7.22264705], [ -126.14969457,  -34.08568455,   16.7336406 ,   -8.63551568,      4.30452164,   30.08360587,   16.38728222,  111.94206465,     24.17423348,    6.04328657,   15.73341497,    6.02937215,     17.9891109 ], [ -461.22893934,  -24.60369077,   16.10609841,   51.26323864,     71.94337587,   15.96222599,    0.56360465,   24.17423348,    122.74552504,   41.05496754,   15.75507343,   10.93036093,      7.99584129], [ -543.39469344,  -45.08661778,   18.11535471,   24.62442155,     28.01460088,   20.26470646,   11.01971293,    6.04328657,     41.05496754,  109.21301255,   46.3404354 ,   25.97763527,     19.75526247], [ -729.55997854,  -79.50629082,   -6.77182463,   -5.37346657,    -17.82533726,   45.55210669,    8.01284979,   15.73341497,     15.75507343,   46.3404354 ,  141.54526019,   73.8414904 ,     58.44159288], [ -632.79783851,  -68.0321193 ,   14.49238434,   11.52978841,     -3.6283187 ,   22.90082149,    4.06051913,    6.02937215,     10.93036093,   25.97763527,   73.8414904 ,  129.14174249,     67.30897355], [ -676.3174819 ,  -52.5600182 ,   22.40773436,    9.55835543,     -3.66377478,   28.19511387,    7.22264705,   17.9891109 ,      7.99584129,   19.75526247,   58.44159288,   67.30897355,    127.05436777]]
/root/sim/music/out/Led_Zeppelin/Remasters_[Disc_1]/1-15_Stairway_To_Heaven.mp3; [-736.3053   , 165.34346  , -11.685726 ,  23.08717  ,   2.0739655,   -3.6472223,  -8.248426 ,  -8.904855 ,  -6.324712 ,  -5.404013 ,   -6.3533173,  -2.7151554,  -4.397602 ]; [[20374.15991269,-2181.66924092,-1554.74571224, -215.62562793,    920.06888251,  885.330076  ,  529.94683153,  737.30895213,    773.8641049 ,  343.01241569,  134.75538128,  185.15133717,     48.01804964], [-2181.66924092, 2255.12855584, -144.78436889,  -20.68890853,    -14.02394095, -237.57340184, -108.91451427,  -33.5910725 ,    -95.55645596,  -42.69057363,   -1.04647249,  -50.84081249,     18.59132195], [-1554.74571224, -144.78436889, 1002.1114778 ,   21.97259013,     -3.30693384,   32.4647247 ,  -39.33888463,    3.18525075,    -52.10493552,    9.87114196,   14.69754775,  -15.18353798,     40.67111881], [ -215.62562793,  -20.68890853,   21.97259013,  315.18327539,     -6.84665404,  -23.20051019,   -7.60852715,  -30.05516775,    -23.88469875,  -19.98368006,  -36.91145914,    1.15277406,     18.23881315], [  920.06888251,  -14.02394095,   -3.30693384,   -6.84665404,    452.18436878,  120.24887258,   19.56305764,   97.12665968,    114.65544408,   60.29243057,   24.51331603,   16.56344254,     35.13324348], [  885.330076  , -237.57340184,   32.4647247 ,  -23.20051019,    120.24887258,  233.5717338 ,   85.14752099,   72.87026449,     56.30620283,   26.47213165,   34.825736  ,   14.09449498,      8.85889486], [  529.94683153, -108.91451427,  -39.33888463,   -7.60852715,     19.56305764,   85.14752099,  168.90931578,   78.83919589,     17.56759773,   14.25330592,   20.0038979 ,    9.24058009,     -4.39158984], [  737.30895213,  -33.5910725 ,    3.18525075,  -30.05516775,     97.12665968,   72.87026449,   78.83919589,  187.48520889,     70.93982144,   26.45772811,   29.46986671,   -6.43942394,      8.07879265], [  773.8641049 ,  -95.55645596,  -52.10493552,  -23.88469875,    114.65544408,   56.30620283,   17.56759773,   70.93982144,    194.0976085 ,   66.46781361,    7.21731437,   16.55920528,      0.22872721], [  343.01241569,  -42.69057363,    9.87114196,  -19.98368006,     60.29243057,   26.47213165,   14.25330592,   26.45772811,     66.46781361,  122.76069978,   39.31900826,   -0.51889472,      9.1528726 ], [  134.75538128,   -1.04647249,   14.69754775,  -36.91145914,     24.51331603,   34.825736  ,   20.0038979 ,   29.46986671,      7.21731437,   39.31900826,  117.75444744,   20.50540954,     -3.0706608 ], [  185.15133717,  -50.84081249,  -15.18353798,    1.15277406,     16.56344254,   14.09449498,    9.24058009,   -6.43942394,     16.55920528,   -0.51889472,   20.50540954,   96.78963626,     28.15973119], [   48.01804964,   18.59132195,   40.67111881,   18.23881315,     35.13324348,    8.85889486,   -4.39158984,    8.07879265,      0.22872721,    9.1528726 ,   -3.0706608 ,   28.15973119,     92.11120082]]
/root/sim/music/out/Led_Zeppelin/Remasters_[Disc_1]/1-05_Whole_Lotta_Love.mp3; [-656.814     , 108.66324   , -18.309721  ,  31.104816  ,  12.665521  ,    9.6882305 ,  -0.03332997,   2.135729  ,  -1.0949756 ,   1.393532  ,    1.4793398 ,   1.4841468 ,  -0.13186038]; [[15259.83608174,  103.84520286,  -77.32038609,  165.26983291,   -225.48564267,  270.2313024 ,   36.22257833,  -80.42509627,    -33.03438515,  -41.36710167,  -46.54256337,   -0.7964088 ,    -82.07955384], [  103.84520286, 1715.40149937, -219.79509259,  128.65788528,    127.52000394,   55.18655803,   30.15166386,   34.73137498,     64.05158154,   49.72980387,   22.3354985 ,  -58.32250326,    -23.89807627], [  -77.32038609, -219.79509259, 1001.07375016,  203.48639108,    129.82973664,   63.48720244,   57.71299504,   -9.38963125,     -5.96740872,   32.18887802,   -6.41537603,   28.86384065,    -15.89290141], [  165.26983291,  128.65788528,  203.48639108,  465.99692401,    224.77465804,   94.33468948,   62.31145227,   49.38144348,     59.99370145,   88.33493193,   63.50054031,   38.61830958,     26.27760181], [ -225.48564267,  127.52000394,  129.82973664,  224.77465804,    386.19421235,  115.26835459,   40.41629884,   77.34723881,     84.83974856,   90.68027501,   45.10793023,   24.36601607,     35.69386787], [  270.2313024 ,   55.18655803,   63.48720244,   94.33468948,    115.26835459,  220.17211534,  105.91836159,   45.05701247,     53.30185759,   37.86810362,   42.63288296,   12.12191787,      8.24203918], [   36.22257833,   30.15166386,   57.71299504,   62.31145227,     40.41629884,  105.91836159,  210.21328783,   59.46196529,     14.64266265,   30.26890744,   18.04433119,   16.82529174,      0.30032061], [  -80.42509627,   34.73137498,   -9.38963125,   49.38144348,     77.34723881,   45.05701247,   59.46196529,  137.31434073,     79.06956958,   34.19752373,   19.90999928,    2.43036434,     19.82818487], [  -33.03438515,   64.05158154,   -5.96740872,   59.99370145,     84.83974856,   53.30185759,   14.64266265,   79.06956958,    141.73019025,   55.18070903,   18.26927427,    6.55586286,     17.62052464], [  -41.36710167,   49.72980387,   32.18887802,   88.33493193,     90.68027501,   37.86810362,   30.26890744,   34.19752373,     55.18070903,  114.49367695,   56.34226476,   18.74910823,     21.19962306], [  -46.54256337,   22.3354985 ,   -6.41537603,   63.50054031,     45.10793023,   42.63288296,   18.04433119,   19.90999928,     18.26927427,   56.34226476,  113.42021359,   40.3753007 ,     13.55584535], [   -0.7964088 ,  -58.32250326,   28.86384065,   38.61830958,     24.36601607,   12.12191787,   16.82529174,    2.43036434,      6.55586286,   18.74910823,   40.3753007 ,   83.70785445,     32.24447185], [  -82.07955384,  -23.89807627,  -15.89290141,   26.27760181,     35.69386787,    8.24203918,    0.30032061,   19.82818487,     17.62052464,   21.19962306,   13.55584535,   32.24447185,     86.88113097]]
/root/sim/music/out/Led_Zeppelin/Remasters_[Disc_1]/1-01_Communication_Breakdown.mp3; [-584.9147   , 114.357445 , -17.884432 ,  21.44581  ,   1.9235791,    8.900982 ,   4.4009504,  10.072556 ,   3.600217 ,  -1.6494703,   -4.320004 ,   1.5330848,  -4.78096  ]; [[17067.57348809,  261.31445022, -287.27987743,   77.36361094,    -51.28641265,  242.48050883, -179.16183995,   77.03583027,     29.03149661,   92.46481509,  -70.0838903 ,   74.07948259,    -71.98226887], [  261.31445022, 1526.73192777, -350.81458327,   84.33549735,     61.92160409,  -41.22931859,   83.04765928,   32.81923763,     27.75950747,  -34.4878167 ,   -4.6644485 ,   -1.17371302,      4.75745697], [ -287.27987743, -350.81458327,  683.35108613,   29.63824912,    -41.64752609,   32.51005073,   -4.98697237,  -14.51050285,    -23.02346571,   15.872361  ,   12.62231954,    3.2070475 ,     14.55606494], [   77.36361094,   84.33549735,   29.63824912,  222.58913082,     92.92157607,   10.7228515 ,   11.29845737,   13.77342111,     30.69184555,   27.31496027,   10.15523353,    5.25801236,      9.50777895], [  -51.28641265,   61.92160409,  -41.64752609,   92.92157607,    222.6972887 ,   18.23481712,  -13.18004603,   24.60320877,     27.62222915,   -4.20523418,   -3.83682267,    4.88251691,     19.17405818], [  242.48050883,  -41.22931859,   32.51005073,   10.7228515 ,     18.23481712,  141.08962682,   62.05862964,   31.6036389 ,     18.76182339,    9.73441519,   14.01104155,   15.69924989,    -12.9682361 ], [ -179.16183995,   83.04765928,   -4.98697237,   11.29845737,    -13.18004603,   62.05862964,  149.79412465,   42.08437143,      4.18529821,   12.52618992,   20.89430774,    3.92894289,    -15.86660695], [   77.03583027,   32.81923763,  -14.51050285,   13.77342111,     24.60320877,   31.6036389 ,   42.08437143,   98.20882538,     37.48253552,    8.08988564,    1.68953637,   17.05646934,      5.58132602], [   29.03149661,   27.75950747,  -23.02346571,   30.69184555,     27.62222915,   18.76182339,    4.18529821,   37.48253552,     95.41385206,   24.1209561 ,   -8.96093028,    9.08928516,      3.70952667], [   92.46481509,  -34.4878167 ,   15.872361  ,   27.31496027,     -4.20523418,    9.73441519,   12.52618992,    8.08988564,     24.1209561 ,   84.70981623,   25.89919663,    3.94972657,      8.3753449 ], [  -70.0838903 ,   -4.6644485 ,   12.62231954,   10.15523353,     -3.83682267,   14.01104155,   20.89430774,    1.68953637,     -8.96093028,   25.89919663,   72.76152174,   20.07733469,     -0.20546572], [   74.07948259,   -1.17371302,    3.2070475 ,    5.25801236,      4.88251691,   15.69924989,    3.92894289,   17.05646934,      9.08928516,    3.94972657,   20.07733469,   60.89381181,     21.47449585], [  -71.98226887,    4.75745697,   14.55606494,    9.50777895,     19.17405818,  -12.9682361 ,  -15.86660695,    5.58132602,      3.70952667,    8.3753449 ,   -0.20546572,   21.47449585,     63.93008735]]
/root/sim/music/out/Led_Zeppelin/Remasters_[Disc_1]/1-08_Immigrant_Song.mp3; [-595.81824  , 111.574524 ,   5.852329 ,  30.482166 ,   9.734289 ,   14.401949 ,  -0.8198044,   7.5537705,   0.5481745,   4.155101 ,   -5.207126 ,  -1.3130841,  -1.7429508]; [[5787.30498529,  44.30009397,-100.91031604,-234.61984563,  60.19705307,    90.17919657,   8.20392188,  45.71964388,-130.89993698,-146.38763268,  -105.37730947,   8.96285694,  -7.74929806], [  44.30009397, 709.24270267, -11.87429063,   2.45897778,  68.81967423,   -12.12451788,  47.90170701,  31.12537214,  20.74971536,  -9.5692949 ,    15.18316082,  28.42573294,   6.59263437], [-100.91031604, -11.87429063, 591.66887803, 149.15376325, -24.71027351,    13.43331597, -24.38585542,  61.95759313,  48.52845666,  21.31451168,   -34.34486647,  22.80213748,  53.54221464], [-234.61984563,   2.45897778, 149.15376325, 238.6836264 ,  10.11162967,   -13.33784249,  -6.3620245 ,  21.81792737,  40.60809087,  39.29536531,    -9.63662176,   9.70039178,  25.74065952], [  60.19705307,  68.81967423, -24.71027351,  10.11162967, 152.23040013,    37.32371498,  -1.41713202, -24.81419914,   3.96241878,   9.01716584,    24.85680002,   1.22799903, -10.79068817], [  90.17919657, -12.12451788,  13.43331597, -13.33784249,  37.32371498,    94.88958597,  29.50635408,  -7.44635644, -12.9207816 ,   0.25897871,    12.03101524,  -0.15492561,  -9.60777859], [   8.20392188,  47.90170701, -24.38585542,  -6.3620245 ,  -1.41713202,    29.50635408,  91.27599369,  24.94560765,  -4.73816423,   2.98711892,    11.32697193,   6.00045426,   1.15345868], [  45.71964388,  31.12537214,  61.95759313,  21.81792737, -24.81419914,    -7.44635644,  24.94560765,  83.91454536,  30.15805915,  -3.60848961,   -17.46378175,   9.31380226,  20.6264989 ], [-130.89993698,  20.74971536,  48.52845666,  40.60809087,   3.96241878,   -12.9207816 ,  -4.73816423,  30.15805915,  67.52743515,  25.75076206,    -5.060519  ,   8.8262121 ,  12.66356492], [-146.38763268,  -9.5692949 ,  21.31451168,  39.29536531,   9.01716584,     0.25897871,   2.98711892,  -3.60848961,  25.75076206,  60.21220923,    26.36472011,   2.1968737 ,   1.04734796], [-105.37730947,  15.18316082, -34.34486647,  -9.63662176,  24.85680002,    12.03101524,  11.32697193, -17.46378175,  -5.060519  ,  26.36472011,    67.010577  ,  15.1748128 , -10.0537765 ], [   8.96285694,  28.42573294,  22.80213748,   9.70039178,   1.22799903,    -0.15492561,   6.00045426,   9.31380226,   8.8262121 ,   2.1968737 ,    15.1748128 ,  44.32824867,  20.76702101], [  -7.74929806,   6.59263437,  53.54221464,  25.74065952, -10.79068817,    -9.60777859,   1.15345868,  20.6264989 ,  12.66356492,   1.04734796,   -10.0537765 ,  20.76702101,  57.29725341]]
/root/sim/music/out/Led_Zeppelin/Remasters_[Disc_1]/1-11_Black_Dog.mp3; [-623.23804  , 124.957405 , -19.898926 ,  10.2342   ,  -8.396681 ,    7.0600576,  -1.5203663,   1.1401197,  -5.118385 ,  -1.8996053,   -1.1524951,  -1.1795591,  -4.661233 ]; [[15950.19905181,-1393.55612519, -647.66272465,  492.94729505,     64.15459163,  340.27039076,  -35.58990483, -157.51291691,   -152.59376535,   61.27534604, -322.99709921, -242.97670956,   -194.91539534], [-1393.55612519, 1826.69983641,    5.9871581 ,  -41.63927804,     -7.60742139,  -25.25116745,  123.52125776,   34.66467553,    -39.26838259,  -72.87805627,   87.19251027,   90.42873948,    -17.15527944], [ -647.66272465,    5.9871581 ,  844.75753962,  -19.0189023 ,   -101.87001899,   -9.52267748,   24.12291089,   24.69704734,     10.17386432,  -13.30485804,  -46.23891374,  -15.08615482,      0.87216786], [  492.94729505,  -41.63927804,  -19.0189023 ,  279.69760648,     73.25855996,   -9.60734334,  -40.29181222,    7.00335793,     12.15489101,    3.9129191 ,  -15.24687088,    6.95557815,      7.20922883], [   64.15459163,   -7.60742139, -101.87001899,   73.25855996,    256.16533444,   43.74771069,  -48.8209672 ,   -4.07736451,     52.51621462,   39.17658103,  -12.15665208,  -12.93607916,    -18.13144427], [  340.27039076,  -25.25116745,   -9.52267748,   -9.60734334,     43.74771069,  126.73222454,   57.08517913,  -17.44775603,      0.00826978,   19.73820146,   -8.0986975 ,  -16.35838273,    -24.66227137], [  -35.58990483,  123.52125776,   24.12291089,  -40.29181222,    -48.8209672 ,   57.08517913,  220.90720616,    6.55714668,    -33.07566049,   -0.26793013,   19.97092063,   12.43169656,    -29.08355072], [ -157.51291691,   34.66467553,   24.69704734,    7.00335793,     -4.07736451,  -17.44775603,    6.55714668,  105.51164437,     39.80790727,   -0.28883889,   -4.69198656,    0.04729047,      6.86820814], [ -152.59376535,  -39.26838259,   10.17386432,   12.15489101,     52.51621462,    0.00826978,  -33.07566049,   39.80790727,    135.35801099,   36.65027913,  -21.24521476,   -8.30580753,     -3.52183405], [   61.27534604,  -72.87805627,  -13.30485804,    3.9129191 ,     39.17658103,   19.73820146,   -0.26793013,   -0.28883889,     36.65027913,   96.52710725,   15.08304957,  -13.54037855,     -7.4286287 ], [ -322.99709921,   87.19251027,  -46.23891374,  -15.24687088,    -12.15665208,   -8.0986975 ,   19.97092063,   -4.69198656,    -21.24521476,   15.08304957,  105.59277042,   43.66523796,      6.48772806], [ -242.97670956,   90.42873948,  -15.08615482,    6.95557815,    -12.93607916,  -16.35838273,   12.43169656,    0.04729047,     -8.30580753,  -13.54037855,   43.66523796,   79.42464016,     26.28429276], [ -194.91539534,  -17.15527944,    0.87216786,    7.20922883,    -18.13144427,  -24.66227137,  -29.08355072,    6.86820814,     -3.52183405,   -7.4286287 ,    6.48772806,   26.28429276,     82.1953914 ]]
/root/sim/music/out/Led_Zeppelin/Remasters_[Disc_1]/1-07_Ramble_On.mp3; [-679.163    , 123.34806  ,  -5.802542 ,  29.589495 ,  10.666555 ,   12.07603  ,  -0.6689304,   5.2605977,  -1.383221 ,  -2.805838 ,   -8.434825 ,  -3.3680587,  -9.136309 ]; [[15012.0032712 ,   -1.87631417, -791.73096847,   -7.6885669 ,    -57.83328554, -202.4303621 , -145.32337153, -113.29827083,    -77.40520187,    1.36805824, -124.50513988,   25.04655575,    -16.44838858], [   -1.87631417, 1014.59650762,  -29.12880807,  127.23428968,    -95.96599531,    5.66532664,    7.04033667,   -4.68126931,     -4.77626329,   -5.16438884,   36.54451005,   -2.62213479,     -5.36766508], [ -791.73096847,  -29.12880807,  679.58475677,   84.95739398,     30.3917032 ,   55.68112147,   22.92919943,   26.67669159,    -40.84918539,  -17.2688593 ,   -4.66704328,  -16.43980763,    -13.90250633], [   -7.6885669 ,  127.23428968,   84.95739398,  287.34133572,     48.37129357,    0.47745037,  -41.19921622,    8.61634845,     -8.7737971 ,    3.98946633,    2.91970397,   12.25939103,     22.94210029], [  -57.83328554,  -95.96599531,   30.3917032 ,   48.37129357,    227.5226422 ,   34.54371885,   24.80822812,   -7.416826  ,     19.11091403,   12.33117318,  -13.2351124 ,    3.98280847,     34.29197162], [ -202.4303621 ,    5.66532664,   55.68112147,    0.47745037,     34.54371885,  200.76996174,   83.85590175,   32.5176367 ,     -0.9989317 ,  -23.70145904,  -14.3860236 ,  -12.70618365,    -28.00706901], [ -145.32337153,    7.04033667,   22.92919943,  -41.19921622,     24.80822812,   83.85590175,  162.8054501 ,   47.01162285,     -3.28946865,  -10.16793766,    0.35638246,   -8.49692424,     -8.18077934], [ -113.29827083,   -4.68126931,   26.67669159,    8.61634845,     -7.416826  ,   32.5176367 ,   47.01162285,  106.68597896,     26.43042178,    6.02636397,    6.55902362,   -8.35028404,     -8.23502056], [  -77.40520187,   -4.77626329,  -40.84918539,   -8.7737971 ,     19.11091403,   -0.9989317 ,   -3.28946865,   26.43042178,    108.89889688,   34.0699935 ,    4.00500603,    8.02899679,      4.17867526], [    1.36805824,   -5.16438884,  -17.2688593 ,    3.98946633,     12.33117318,  -23.70145904,  -10.16793766,    6.02636397,     34.0699935 ,  103.97785914,   47.43852496,   24.26778138,     22.9542276 ], [ -124.50513988,   36.54451005,   -4.66704328,    2.91970397,    -13.2351124 ,  -14.3860236 ,    0.35638246,    6.55902362,      4.00500603,   47.43852496,   98.59730106,   36.93131616,     17.86156978], [   25.04655575,   -2.62213479,  -16.43980763,   12.25939103,      3.98280847,  -12.70618365,   -8.49692424,   -8.35028404,      8.02899679,   24.26778138,   36.93131616,   80.64121365,     38.37728637], [  -16.44838858,   -5.36766508,  -13.90250633,   22.94210029,     34.29197162,  -28.00706901,   -8.18077934,   -8.23502056,      4.17867526,   22.9542276 ,   17.86156978,   38.37728637,     94.56895544]]
/root/sim/music/out/Led_Zeppelin/Remasters_[Disc_1]/1-06_Heartbreaker.mp3; [-624.36664  , 138.12305  , -25.92122  ,  20.74734  ,  14.605836 ,    3.248538 ,   3.6310332,   1.2795217,  -4.158993 ,  -1.2404575,   -6.306115 ,  -7.30162  ,  -7.928825 ]; [[ 8611.38210503,-1726.11127899,  785.30091296,  391.31841919,    446.10676378,  442.62830893,  251.52699973,  -32.45449146,     -9.74200172,   72.93836358,  109.20710223,   69.6038151 ,    -84.90897215], [-1726.11127899, 1537.72392294, -313.13256165, -114.361699  ,     45.47731403,    4.48697897,   -7.79933833,   36.94772457,     38.28303586, -104.06993955,  -30.63186293,   -2.81658966,    -13.10481974], [  785.30091296, -313.13256165, 1791.18529184,    3.06481897,    683.27019527,  445.67006871,  180.28611558,   93.68726069,    192.78486929,  -27.32821088,   72.94133558,   86.94735238,   -107.2385636 ], [  391.31841919, -114.361699  ,    3.06481897,  301.57463509,     46.54616311,   21.54168583,   10.75601554,    7.26022909,    -10.84470597,   38.49036614,   14.93636452,    6.22451465,     10.22715141], [  446.10676378,   45.47731403,  683.27019527,   46.54616311,    589.71858926,  334.51923531,   96.31312241,   50.92878416,    112.52840382,  -42.82979198,   39.46640341,   57.68014266,    -66.32682774], [  442.62830893,    4.48697897,  445.67006871,   21.54168583,    334.51923531,  462.43213461,  119.08087036,   56.98735863,     78.13519386,  -66.92534149,    7.64162187,   42.19115055,    -99.2194612 ], [  251.52699973,   -7.79933833,  180.28611558,   10.75601554,     96.31312241,  119.08087036,  182.3968872 ,   52.94599963,     26.51947564,    7.30005233,   27.0673475 ,   13.10985895,    -12.75360944], [  -32.45449146,   36.94772457,   93.68726069,    7.26022909,     50.92878416,   56.98735863,   52.94599963,  105.1988092 ,     43.49825127,   -9.53368204,    0.7225223 ,    6.70092082,    -12.78538898], [   -9.74200172,   38.28303586,  192.78486929,  -10.84470597,    112.52840382,   78.13519386,   26.51947564,   43.49825127,    126.7928578 ,   16.31133009,    3.9765633 ,   14.71059725,    -19.88229233], [   72.93836358, -104.06993955,  -27.32821088,   38.49036614,    -42.82979198,  -66.92534149,    7.30005233,   -9.53368204,     16.31133009,  113.18961645,   39.08460301,   -6.20725413,     27.79528053], [  109.20710223,  -30.63186293,   72.94133558,   14.93636452,     39.46640341,    7.64162187,   27.0673475 ,    0.7225223 ,      3.9765633 ,   39.08460301,   96.96015664,   32.52448446,      9.25829481], [   69.6038151 ,   -2.81658966,   86.94735238,    6.22451465,     57.68014266,   42.19115055,   13.10985895,    6.70092082,     14.71059725,   -6.20725413,   32.52448446,   69.08029433,     14.00984701], [  -84.90897215,  -13.10481974, -107.2385636 ,   10.22715141,    -66.32682774,  -99.2194612 ,  -12.75360944,  -12.78538898,    -19.88229233,   27.79528053,    9.25829481,   14.00984701,     98.94064908]]
/root/sim/music/out/Led_Zeppelin/Remasters_[Disc_1]/1-04_Dazed_And_Confused.mp3; [-630.46106   , 140.15005   ,  -9.789306  ,  29.717419  ,   5.3187056 ,    6.104239  ,   3.5302174 ,   9.166658  ,   3.8443232 ,   2.227279  ,   -0.07252255,   1.2651142 ,  -2.5115914 ]; [[13671.31529186,-3664.00762535, -951.9829542 , -281.49943411,   -910.8111092 ,   80.18651959,   65.99744282,   45.22229167,    -30.64618249,   11.95731486,  -66.46245706,  101.33866269,    -18.06049936], [-3664.00762535, 2214.57537617, -210.19055233,   24.75441675,    245.39513018, -131.2616791 ,  -60.21663031,  -56.50945636,     -2.65009296,  -15.97365965,   47.49398014,  -18.1383329 ,     49.38568865], [ -951.9829542 , -210.19055233,  946.01698939,    2.14936911,     54.94717156,  138.98174701,    5.87320409,  -24.36963607,    -12.77290735,   12.61077683,   18.54688521,    6.3841713 ,    -20.47028032], [ -281.49943411,   24.75441675,    2.14936911,  384.33844198,    175.27399061,  -11.69514268,   38.05121105,   54.97237761,     49.739379  ,   47.20770314,   -5.14189473,    5.20228829,     29.57466888], [ -910.8111092 ,  245.39513018,   54.94717156,  175.27399061,    298.26789463,   29.30878421,   23.20057789,   30.26051099,     26.94223969,   40.5302483 ,    8.29113238,    1.21949995,     27.45749423], [   80.18651959, -131.2616791 ,  138.98174701,  -11.69514268,     29.30878421,  246.79904493,   77.90743209,   29.30926943,     14.23446049,    8.48955134,   38.34281355,   31.14838183,     12.73719237], [   65.99744282,  -60.21663031,    5.87320409,   38.05121105,     23.20057789,   77.90743209,  178.01859048,   72.45022129,      6.59278667,   -8.87306368,    2.47740295,    5.1125377 ,     -8.41423573], [   45.22229167,  -56.50945636,  -24.36963607,   54.97237761,     30.26051099,   29.30926943,   72.45022129,  154.26748159,     56.56183576,    3.55726038,   -0.44774888,   -2.91036644,     -1.43209004], [  -30.64618249,   -2.65009296,  -12.77290735,   49.739379  ,     26.94223969,   14.23446049,    6.59278667,   56.56183576,    122.02446422,   47.13666391,    5.86606625,    3.90188562,      2.0620422 ], [   11.95731486,  -15.97365965,   12.61077683,   47.20770314,     40.5302483 ,    8.48955134,   -8.87306368,    3.55726038,     47.13666391,  121.42559893,   38.57496068,   12.52721081,     23.58695871], [  -66.46245706,   47.49398014,   18.54688521,   -5.14189473,      8.29113238,   38.34281355,    2.47740295,   -0.44774888,      5.86606625,   38.57496068,  105.33830307,   45.89087329,     13.94364115], [  101.33866269,  -18.1383329 ,    6.3841713 ,    5.20228829,      1.21949995,   31.14838183,    5.1125377 ,   -2.91036644,      3.90188562,   12.52721081,   45.89087329,   97.51745878,     47.53672801], [  -18.06049936,   49.38568865,  -20.47028032,   29.57466888,     27.45749423,   12.73719237,   -8.41423573,   -1.43209004,      2.0620422 ,   23.58695871,   13.94364115,   47.53672801,    104.99923676]]
/root/sim/music/out/Led_Zeppelin/Remasters_[Disc_1]/1-03_Good_Times_Bad_Times.mp3; [-636.1313    , 133.7119    ,  -6.1138773 ,  28.574862  ,   6.331314  ,    6.7839074 ,  -1.0923913 ,  -0.38343394,   1.9197098 ,   2.4776134 ,    0.76841545,   1.1891465 ,  -7.73818   ]; [[17309.03908882, -616.36911955,-1405.61100771, -494.00171476,   -385.32337886,  -79.37502185, -306.00264313,   15.46843736,     80.52702692,  -42.47848941,    1.66344756,    1.44871432,    -99.60248638], [ -616.36911955, 1475.95875471, -212.72759198,  109.22629873,    167.60179677,   -3.16909687,   41.92559298,  -61.16733523,      4.30865839,   15.62039506,  -11.09415527,   51.14004452,     37.69360242], [-1405.61100771, -212.72759198,  746.78492255,  113.22127335,     -8.95412136,   59.7944123 ,   56.80464587,    0.33220618,    -67.05584168,   -7.34712801,    4.04585608,  -24.37243517,      1.33047244], [ -494.00171476,  109.22629873,  113.22127335,  313.88105649,     84.51091986,   11.12283591,   -0.47923011,   10.88504447,      6.64877266,   13.42194251,  -21.53526108,   -4.82744017,     27.36008663], [ -385.32337886,  167.60179677,   -8.95412136,   84.51091986,    199.86116771,   -0.98681769,  -22.26297644,   -8.5043573 ,     26.81802338,   22.94065801,   -6.34605296,    3.89514602,     18.7806516 ], [  -79.37502185,   -3.16909687,   59.7944123 ,   11.12283591,     -0.98681769,  121.89373392,   56.1689739 ,   16.32321554,      0.67941011,    6.65707396,   11.74842542,   -2.08969336,     -9.92375657], [ -306.00264313,   41.92559298,   56.80464587,   -0.47923011,    -22.26297644,   56.1689739 ,  126.44903096,   41.97486756,     -1.98320227,   -0.36580312,    9.11006328,   -2.44684512,     -9.40690587], [   15.46843736,  -61.16733523,    0.33220618,   10.88504447,     -8.5043573 ,   16.32321554,   41.97486756,   90.12281616,     36.14264096,    3.58285026,    2.50020085,   -4.02967212,     -5.92359162], [   80.52702692,    4.30865839,  -67.05584168,    6.64877266,     26.81802338,    0.67941011,   -1.98320227,   36.14264096,     85.31031814,   33.55405572,   -0.35473867,   -2.49926767,     -2.35137508], [  -42.47848941,   15.62039506,   -7.34712801,   13.42194251,     22.94065801,    6.65707396,   -0.36580312,    3.58285026,     33.55405572,   82.61235264,   31.73688009,    3.4200621 ,      4.6419302 ], [    1.66344756,  -11.09415527,    4.04585608,  -21.53526108,     -6.34605296,   11.74842542,    9.11006328,    2.50020085,     -0.35473867,   31.73688009,   75.19884361,   35.51945319,     -0.4011981 ], [    1.44871432,   51.14004452,  -24.37243517,   -4.82744017,      3.89514602,   -2.08969336,   -2.44684512,   -4.02967212,     -2.49926767,    3.4200621 ,   35.51945319,   73.68612532,     27.90475081], [  -99.60248638,   37.69360242,    1.33047244,   27.36008663,     18.7806516 ,   -9.92375657,   -9.40690587,   -5.92359162,     -2.35137508,    4.6419302 ,   -0.4011981 ,   27.90475081,     69.77837358]]
/root/sim/music/out/Led_Zeppelin/Remasters_[Disc_1]/1-09_Celebration_Day.mp3; [-595.36554   , 129.62486   ,  -2.0499187 ,  11.928371  ,   2.9657857 ,    9.531453  ,   5.242561  ,   4.2572436 ,  -0.08733095,   2.437977  ,   -5.374923  ,  -2.9093554 ,  -1.1290983 ]; [[7997.45892651,-649.94549041, 374.11124046,-100.57450208, 136.06529886,   190.13516841,-152.61539434,  64.29952837,-102.91140601, -93.67348076,    57.26404194, -33.46330541,  -3.53909262], [-649.94549041, 875.86815327,-379.99980653, 110.29416313, -56.31127594,   -89.57271676,  75.35013795, -61.13104968,  14.41015074,  34.60463493,   -24.36302523,  25.65929523,  18.7115809 ], [ 374.11124046,-379.99980653, 591.21378381, -66.07073053,  13.96772021,    75.44423803, -18.82092773,  56.80065519,  -1.82767319, -18.87401284,    -2.40065101, -10.60151743,  -5.65247696], [-100.57450208, 110.29416313, -66.07073053, 153.68756757, -10.13184608,   -20.55163236,   9.25669643, -11.1214234 ,   8.11612179,  10.47644229,    -8.00555977,  10.30087246,  11.97733212], [ 136.06529886, -56.31127594,  13.96772021, -10.13184608, 167.2234488 ,    49.32591256, -12.09209223,  19.40167676,  -2.49509508,  -4.42888772,    15.44998374,  -8.96767907, -14.00907763], [ 190.13516841, -89.57271676,  75.44423803, -20.55163236,  49.32591256,   126.14112541,  30.35319091,  17.37089663,  -9.1372229 ,   2.517249  ,    15.74783813,  -5.71247612,  -2.96460347], [-152.61539434,  75.35013795, -18.82092773,   9.25669643, -12.09209223,    30.35319091,  96.27396326,  17.9706087 ,  -5.40898749,  -0.71494882,    -6.01463103,  -1.14386157,   3.50729033], [  64.29952837, -61.13104968,  56.80065519, -11.1214234 ,  19.40167676,    17.37089663,  17.9706087 ,  85.54131763,  21.10844997, -21.4527075 ,    -9.73829225,  -8.63547744,   1.62138245], [-102.91140601,  14.41015074,  -1.82767319,   8.11612179,  -2.49509508,    -9.1372229 ,  -5.40898749,  21.10844997,  74.26423813,  32.15421842,     0.78814009,  10.81703062,   5.59741963], [ -93.67348076,  34.60463493, -18.87401284,  10.47644229,  -4.42888772,     2.517249  ,  -0.71494882, -21.4527075 ,  32.15421842,  87.82386499,    34.87982872,  15.23033866,  -0.40363374], [  57.26404194, -24.36302523,  -2.40065101,  -8.00555977,  15.44998374,    15.74783813,  -6.01463103,  -9.73829225,   0.78814009,  34.87982872,    74.38873977,  19.87385586,  -7.34632095], [ -33.46330541,  25.65929523, -10.60151743,  10.30087246,  -8.96767907,    -5.71247612,  -1.14386157,  -8.63547744,  10.81703062,  15.23033866,    19.87385586,  54.74965328,  21.58395178], [  -3.53909262,  18.7115809 ,  -5.65247696,  11.97733212, -14.00907763,    -2.96460347,   3.50729033,   1.62138245,   5.59741963,  -0.40363374,    -7.34632095,  21.58395178,  49.96138959]]
/root/sim/music/out/Led_Zeppelin/Remasters_[Disc_1]/1-10_Since_I've_Been_Loving_You.mp3; [-672.23615   , 120.844574  ,   0.18329547,  30.725103  ,  21.904446  ,   15.723416  ,   0.5568963 ,   7.5384974 ,   5.7528934 ,   5.5550437 ,   -1.9500003 ,  -0.23465157,  -4.378494  ]; [[18148.60559385, -902.03858982,-4096.14211077,-1938.53747572,   -237.9648384 ,  348.0093047 , -153.45307028, -126.21575984,      4.39581269,  258.5131335 ,   33.86685672,  -68.85943734,     46.64794815], [ -902.03858982, 1340.25294447, -315.48749272,    4.23422924,     78.26202472,  -87.45440459,  -20.65240878,  -23.65919093,     25.94082285,  -39.27468556,  -54.27275218,  -11.98786144,    -31.48523337], [-4096.14211077, -315.48749272, 2304.65016846,  587.27863978,    -94.07479723,  -48.58709708,   58.84657542,   63.05547654,    -64.46470566, -127.60663988,  -12.87986739,    1.30283718,    -31.64786834], [-1938.53747572,    4.23422924,  587.27863978,  573.81965874,     89.16616374,  -26.46453855,   18.33454909,    5.66060148,    -16.45207142,  -38.05234508,  -26.0887473 ,   11.73603764,     -5.88507356], [ -237.9648384 ,   78.26202472,  -94.07479723,   89.16616374,    249.33588091,   28.5554808 ,  -27.95652295,   -4.75956048,     16.13255278,   -3.7086849 ,  -39.74768262,  -14.17475132,    -12.78475293], [  348.0093047 ,  -87.45440459,  -48.58709708,  -26.46453855,     28.5554808 ,  160.4174627 ,   52.90931988,   -5.61213973,    -22.77106568,    1.46142383,    3.12910738,   -0.45450163,      4.77512637], [ -153.45307028,  -20.65240878,   58.84657542,   18.33454909,    -27.95652295,   52.90931988,  140.7686105 ,   27.21149909,    -30.245176  ,   -5.30405849,   16.25944673,    7.33057761,      7.00068424], [ -126.21575984,  -23.65919093,   63.05547654,    5.66060148,     -4.75956048,   -5.61213973,   27.21149909,  124.184446  ,     46.92632425,   -5.70139621,   -5.86012186,   -9.33915868,     -3.55231909], [    4.39581269,   25.94082285,  -64.46470566,  -16.45207142,     16.13255278,  -22.77106568,  -30.245176  ,   46.92632425,    123.17707596,   40.96081476,  -10.78590026,  -11.87281859,     -6.26935178], [  258.5131335 ,  -39.27468556, -127.60663988,  -38.05234508,     -3.7086849 ,    1.46142383,   -5.30405849,   -5.70139621,     40.96081476,  104.81393811,   35.94419093,   -3.66975516,     -2.13568605], [   33.86685672,  -54.27275218,  -12.87986739,  -26.0887473 ,    -39.74768262,    3.12910738,   16.25944673,   -5.86012186,    -10.78590026,   35.94419093,  105.92220965,   38.04489434,      6.55818214], [  -68.85943734,  -11.98786144,    1.30283718,   11.73603764,    -14.17475132,   -0.45450163,    7.33057761,   -9.33915868,    -11.87281859,   -3.66975516,   38.04489434,   89.1990975 ,     41.64518448], [   46.64794815,  -31.48523337,  -31.64786834,   -5.88507356,    -12.78475293,    4.77512637,    7.00068424,   -3.55231909,     -6.26935178,   -2.13568605,    6.55818214,   41.64518448,     88.79330998]]
/root/sim/music/out/Led_Zeppelin/Remasters_[Disc_2]/2-07_Trampled_Under_Foot.mp3; [-600.86237  , 130.57434  , -32.127224 ,  27.03379  ,  12.064085 ,    3.6020985,  -4.1691995,  -4.720622 ,  -4.320944 ,  -7.351082 ,   -9.484706 ,  -3.8999166,  -4.214349 ]; [[8534.31035776, 121.02340209,-752.95504653, -68.06855536,-142.45063807,   -19.22068505,  49.53260576,  41.72844315,  64.57642813,  62.87021552,    28.42099765, -15.25583412,   4.81954091], [ 121.02340209, 740.12320208,-194.30017072,  46.35089905,  15.08641503,    14.92508628,  49.48190725,  13.5755327 ,  53.89276776, -11.63596156,   -18.35062801,  43.54473999,   0.59058561], [-752.95504653,-194.30017072, 843.14957794,  68.85824284, 110.27157841,    62.83891235,   5.09879056,  71.09862243,  -4.83883023,   9.90385847,    37.41018273, -29.69144502,  -5.27888999], [ -68.06855536,  46.35089905,  68.85824284, 295.65579659, 103.36528309,   -29.10303432,   8.98092832,  35.08632079,  39.43968032,  24.10652734,     7.20711859,  21.57757544,  26.88428812], [-142.45063807,  15.08641503, 110.27157841, 103.36528309, 230.55301465,    14.61041596,  18.96067879,  26.99779939,  14.70555819,   9.52963688,    -4.87140829,  -0.32990626,  15.70728633], [ -19.22068505,  14.92508628,  62.83891235, -29.10303432,  14.61041596,   160.41138602,  48.89332095,  -7.02556164,  15.98688766,   0.72794848,    10.26620439,   1.92638329,  -2.87586982], [  49.53260576,  49.48190725,   5.09879056,   8.98092832,  18.96067879,    48.89332095, 144.84306326,  42.79519381,   5.23358405,  13.6510039 ,    10.84328581,   7.91898657,   0.39494665], [  41.72844315,  13.5755327 ,  71.09862243,  35.08632079,  26.99779939,    -7.02556164,  42.79519381, 112.85592556,  38.29091653,  11.96727031,     5.92904736,   0.49709072,   4.50181994], [  64.57642813,  53.89276776,  -4.83883023,  39.43968032,  14.70555819,    15.98688766,   5.23358405,  38.29091653, 104.91997356,  27.85411977,    -5.43324579,   2.03326949,  -0.6165396 ], [  62.87021552, -11.63596156,   9.90385847,  24.10652734,   9.52963688,     0.72794848,  13.6510039 ,  11.96727031,  27.85411977,  85.22991761,    35.9862039 ,  -4.31451429,  -8.92006794], [  28.42099765, -18.35062801,  37.41018273,   7.20711859,  -4.87140829,    10.26620439,  10.84328581,   5.92904736,  -5.43324579,  35.9862039 ,    75.08178624,  25.06832102,  -3.11617172], [ -15.25583412,  43.54473999, -29.69144502,  21.57757544,  -0.32990626,     1.92638329,   7.91898657,   0.49709072,   2.03326949,  -4.31451429,    25.06832102,  73.75935919,  25.43010631], [   4.81954091,   0.59058561,  -5.27888999,  26.88428812,  15.70728633,    -2.87586982,   0.39494665,   4.50181994,  -0.6165396 ,  -8.92006794,    -3.11617172,  25.43010631,  62.62827474]]
