/root/sim/music/out/Bryan_Adams/MTV_Unplugged_[Bonus_Track]/03_Cuts_Like_A_Knife.mp3; [-584.8905    , 123.44339   ,  -0.5565998 ,   4.656946  ,  -7.933428  ,    1.6914469 ,  -5.7465215 ,  -1.4630103 ,  -0.43912503,  -1.5720744 ,   -3.1981938 ,  -8.018276  ,  -4.6909094 ]; [[ 8606.02099117,-1271.05254617,  432.42553322,  259.48752875,    437.76857254,  319.04469984,  370.00864691,  149.62107462,    247.17115984,  310.60846049,   92.21965811,   72.14492538,    113.19324511], [-1271.05254617, 1042.28314846,  -77.39944234,  169.03301079,     -4.93841217,    6.62831522,   12.38684105,   47.1583483 ,     -2.00838016,  -21.45545579,   51.45205834,    8.31914862,    -22.26862182], [  432.42553322,  -77.39944234,  778.25790768,  195.63623202,    207.20619593,  132.14702196,  104.96025923,   31.65558968,     88.65628163,  107.29796115,   38.3003736 ,   54.5291221 ,     38.83569478], [  259.48752875,  169.03301079,  195.63623202,  338.32921662,    161.501183  ,   99.57043272,   84.91667578,   71.1433059 ,     63.66115249,   47.08138349,   37.96301583,   59.57813529,      7.20870782], [  437.76857254,   -4.93841217,  207.20619593,  161.501183  ,    260.74157571,  108.7645845 ,   97.87290497,   64.04851691,     78.18723277,   58.17861844,   34.20212184,   65.76193598,     31.1103632 ], [  319.04469984,    6.62831522,  132.14702196,   99.57043272,    108.7645845 ,  180.23931645,  117.21426989,   76.04886367,     65.67947872,   69.09306109,   38.02319758,   36.36890493,     25.93938108], [  370.00864691,   12.38684105,  104.96025923,   84.91667578,     97.87290497,  117.21426989,  209.26249533,  105.13836782,     69.97994025,   75.78926391,   45.58549467,   33.544125  ,     29.99084654], [  149.62107462,   47.1583483 ,   31.65558968,   71.1433059 ,     64.04851691,   76.04886367,  105.13836782,  164.41448285,     89.53527401,   46.40943153,   43.48073306,   46.75551525,     12.97974454], [  247.17115984,   -2.00838016,   88.65628163,   63.66115249,     78.18723277,   65.67947872,   69.97994025,   89.53527401,    141.05897868,   81.61944561,   28.06323181,   33.60644019,     20.09655325], [  310.60846049,  -21.45545579,  107.29796115,   47.08138349,     58.17861844,   69.09306109,   75.78926391,   46.40943153,     81.61944561,  137.55134117,   47.08063546,   19.24057049,     24.96300378], [   92.21965811,   51.45205834,   38.3003736 ,   37.96301583,     34.20212184,   38.02319758,   45.58549467,   43.48073306,     28.06323181,   47.08063546,   99.26905769,   43.06103229,      8.5233753 ], [   72.14492538,    8.31914862,   54.5291221 ,   59.57813529,     65.76193598,   36.36890493,   33.544125  ,   46.75551525,     33.60644019,   19.24057049,   43.06103229,  115.92761795,     30.13953864], [  113.19324511,  -22.26862182,   38.83569478,    7.20870782,     31.1103632 ,   25.93938108,   29.99084654,   12.97974454,     20.09655325,   24.96300378,    8.5233753 ,   30.13953864,     81.26486496]]
/root/sim/music/out/Bryan_Adams/MTV_Unplugged_[Bonus_Track]/08_I_Think_About_You.mp3; [-548.6738    , 130.5669    ,   4.1494236 ,   3.7554467 ,   6.118427  ,    9.122051  ,  -2.8536735 ,   0.13472816,   0.94936174,   1.6090851 ,   -2.643683  ,  -2.3741481 ,   1.3240751 ]; [[4827.90619118,-122.96819302, 245.1617328 ,-130.70445205, -63.42670069,   -33.06067371,-102.03401591,-114.74823342, -10.62478217,  53.20601752,   -60.79276941, -88.01922054,  35.06355431], [-122.96819302,1017.96892069, 270.46995345, 283.53378678, 155.5301998 ,    65.87309115,  14.31776401, -34.35934224, -52.61740489,  22.7417675 ,    43.64713846,  22.29723213,  -9.31397657], [ 245.1617328 , 270.46995345, 728.87378673, 289.15202112, 185.87824768,    25.90835999, -35.26626485, -79.36452827, -57.24959251,   1.42594061,    44.61842138,  23.42773456, -23.15436893], [-130.70445205, 283.53378678, 289.15202112, 346.06199736, 159.80827117,    42.11400365,  -3.90683499, -32.34733209, -22.85278306,   4.63686067,    18.81874807,  38.54562393,   4.74016353], [ -63.42670069, 155.5301998 , 185.87824768, 159.80827117, 179.98118411,    41.96252584,   0.46819684, -19.10831984,  -5.02814348,   6.01891604,    14.42620528,  24.66734728,   1.06985766], [ -33.06067371,  65.87309115,  25.90835999,  42.11400365,  41.96252584,    99.54367587,  54.47348106,  12.57399836,   2.44909782,  14.56512399,    13.45045695,   7.83064377,   1.05432345], [-102.03401591,  14.31776401, -35.26626485,  -3.90683499,   0.46819684,    54.47348106, 137.09694856,  52.07021273,   9.50043027,  10.58622404,    20.60614773,  18.00191095,   2.54886483], [-114.74823342, -34.35934224, -79.36452827, -32.34733209, -19.10831984,    12.57399836,  52.07021273, 107.43475904,  41.93650342,   9.74921173,    17.85700206,  11.38161571,  -1.45212113], [ -10.62478217, -52.61740489, -57.24959251, -22.85278306,  -5.02814348,     2.44909782,   9.50043027,  41.93650342,  80.56219618,  30.06657377,     4.98133369,   0.29193716,  -1.05306567], [  53.20601752,  22.7417675 ,   1.42594061,   4.63686067,   6.01891604,    14.56512399,  10.58622404,   9.74921173,  30.06657377,  72.99586555,    24.27428778,  -1.06368691,  -4.96479578], [ -60.79276941,  43.64713846,  44.61842138,  18.81874807,  14.42620528,    13.45045695,  20.60614773,  17.85700206,   4.98133369,  24.27428778,    70.43710039,  25.7232961 ,  -7.35173346], [ -88.01922054,  22.29723213,  23.42773456,  38.54562393,  24.66734728,     7.83064377,  18.00191095,  11.38161571,   0.29193716,  -1.06368691,    25.7232961 ,  64.05188282,  19.17482364], [  35.06355431,  -9.31397657, -23.15436893,   4.74016353,   1.06985766,     1.05432345,   2.54886483,  -1.45212113,  -1.05306567,  -4.96479578,    -7.35173346,  19.17482364,  58.01685488]]
/root/sim/music/out/Bryan_Adams/MTV_Unplugged_[Bonus_Track]/13_Heaven.mp3; [-666.9718   , 138.34694  ,   4.715644 ,  -3.2251225, -12.824369 ,   -1.0600921,  -8.048579 ,  -8.139998 ,  -5.3406744,  -2.7772543,   -8.355775 , -10.371335 ,  -3.3749397]; [[18417.06624325,-3665.20245744,  -37.46602442,  -39.16928133,    401.14162463,  435.29832568,  468.82255969,  384.46646324,    398.10736668,  370.23209195,  110.89538112,  123.0528804 ,    189.88769815], [-3665.20245744, 2124.45153989,  131.72765534,  290.25003797,    116.68625533,    7.21893497,   26.64780808,   -4.85080844,   -137.70933398,  -46.8097181 ,   91.37966849,   32.35959712,    -58.79196437], [  -37.46602442,  131.72765534, 1002.8249074 ,  289.86065227,    171.53926603,   59.94441239,   -4.594951  ,  -15.70540285,     49.33006527,   32.0893198 ,   68.29301718,   30.94073999,     -8.03654153], [  -39.16928133,  290.25003797,  289.86065227,  580.56710251,    259.52801033,   79.99144354,   51.69743566,   64.19182392,     73.82136959,   42.19427161,   20.12448522,  100.3521137 ,    -17.63484389], [  401.14162463,  116.68625533,  171.53926603,  259.52801033,    360.9152817 ,   70.8430548 ,    9.08474399,   51.00307268,     66.11609822,   14.65691586,   15.49748199,   79.90422243,     -1.54961032], [  435.29832568,    7.21893497,   59.94441239,   79.99144354,     70.8430548 ,  170.59117518,  101.6688187 ,   47.99802608,     14.27387729,   52.6054135 ,   40.81765234,   20.2260803 ,      7.41337169], [  468.82255969,   26.64780808,   -4.594951  ,   51.69743566,      9.08474399,  101.6688187 ,  242.32697501,  106.37841489,    -10.93763779,   49.45546657,   51.74467129,   16.99165996,     17.97509982], [  384.46646324,   -4.85080844,  -15.70540285,   64.19182392,     51.00307268,   47.99802608,  106.37841489,  185.79022968,     42.80453111,   14.67861592,   37.11373106,   45.54708204,      2.35820536], [  398.10736668, -137.70933398,   49.33006527,   73.82136959,     66.11609822,   14.27387729,  -10.93763779,   42.80453111,    165.33127858,   49.99707899,  -10.04291355,   16.75392947,     -3.80317771], [  370.23209195,  -46.8097181 ,   32.0893198 ,   42.19427161,     14.65691586,   52.6054135 ,   49.45546657,   14.67861592,     49.99707899,  129.819605  ,   32.97363907,  -15.26730148,      4.9848798 ], [  110.89538112,   91.37966849,   68.29301718,   20.12448522,     15.49748199,   40.81765234,   51.74467129,   37.11373106,    -10.04291355,   32.97363907,  133.50025937,   37.27257768,     -8.08803032], [  123.0528804 ,   32.35959712,   30.94073999,  100.3521137 ,     79.90422243,   20.2260803 ,   16.99165996,   45.54708204,     16.75392947,  -15.26730148,   37.27257768,  129.52445762,     15.80127116], [  189.88769815,  -58.79196437,   -8.03654153,  -17.63484389,     -1.54961032,    7.41337169,   17.97509982,    2.35820536,     -3.80317771,    4.9848798 ,   -8.08803032,   15.80127116,     94.80829278]]
/root/sim/music/out/Bryan_Adams/MTV_Unplugged_[Bonus_Track]/07_18_Til_I_Die.mp3; [-602.76215   , 134.0495    ,   3.2405539 ,   1.5043162 ,  -0.7950712 ,    4.1341166 ,  -6.9918785 ,  -0.45964533,   1.1343935 ,  -0.86247253,   -2.1074212 ,  -3.861559  ,  -0.87992066]; [[5522.33639603,-981.77198974, 140.33673551,-414.5494606 , -32.02676639,   -55.03014097, -20.39154879,-106.09879469, 117.34127524, 112.08991456,    21.13517971, -23.64248662, -23.80681829], [-981.77198974,1469.71647381, 137.16664822, 384.78992308, 103.31433278,    93.86247936,  69.5926355 ,  45.3762718 , -17.74345014,  30.82443949,    55.70600069,  -1.73572455,  43.41056078], [ 140.33673551, 137.16664822, 892.6418507 , 235.2416997 , 138.95633585,    -6.49319716,-115.70006695, -65.57265805, -15.18045016,  -9.11726036,    -1.53707446,   2.41724354, -12.77408369], [-414.5494606 , 384.78992308, 235.2416997 , 495.76977718, 176.84074058,    25.055713  ,  15.83714883,  -7.09964771,   3.10496556, -13.58299365,    25.25483922,  39.36635962,  38.41713807], [ -32.02676639, 103.31433278, 138.95633585, 176.84074058, 189.24905615,    13.44353264,   7.05340998,  -5.77732535,   9.25524381, -15.1003207 ,    30.2847171 ,  32.60265568,  20.23634455], [ -55.03014097,  93.86247936,  -6.49319716,  25.055713  ,  13.44353264,   131.56451607,  74.71034774,  21.94896572,  14.79786997,  32.46209674,    14.01788385,  -6.16364935,   8.18672703], [ -20.39154879,  69.5926355 ,-115.70006695,  15.83714883,   7.05340998,    74.71034774, 190.10686534,  57.85564032,  17.73796726,  26.24573266,    40.77012706,   5.10132018,  31.79817882], [-106.09879469,  45.3762718 , -65.57265805,  -7.09964771,  -5.77732535,    21.94896572,  57.85564032, 113.98326963,  33.40512805,  18.46591937,     8.61170992,  17.84985404,  19.87949241], [ 117.34127524, -17.74345014, -15.18045016,   3.10496556,   9.25524381,    14.79786997,  17.73796726,  33.40512805, 111.69791279,  42.94020723,    -0.60450547,   7.34890676,   9.33636945], [ 112.08991456,  30.82443949,  -9.11726036, -13.58299365, -15.1003207 ,    32.46209674,  26.24573266,  18.46591937,  42.94020723, 114.56334182,    19.2681242 ,  -0.44553085,   4.21870847], [  21.13517971,  55.70600069,  -1.53707446,  25.25483922,  30.2847171 ,    14.01788385,  40.77012706,   8.61170992,  -0.60450547,  19.2681242 ,   106.54274313,  23.17888236,   4.59838692], [ -23.64248662,  -1.73572455,   2.41724354,  39.36635962,  32.60265568,    -6.16364935,   5.10132018,  17.84985404,   7.34890676,  -0.44553085,    23.17888236,  95.90671763,  31.7132031 ], [ -23.80681829,  43.41056078, -12.77408369,  38.41713807,  20.23634455,     8.18672703,  31.79817882,  19.87949241,   9.33636945,   4.21870847,     4.59838692,  31.7132031 ,  86.35088563]]
/root/sim/music/out/Bryan_Adams/MTV_Unplugged_[Bonus_Track]/11_A_Little_Love.mp3; [-538.5697    , 125.77379   ,  12.057062  ,  12.075449  ,   3.0422034 ,   11.178496  ,   2.004175  ,   0.72174555,   1.9100689 ,   3.9971154 ,    0.37273926,  -2.7295413 ,  -2.231761  ]; [[3926.137431  ,-652.73928882, 708.78916014, 387.91975487,  80.90830704,    82.78339746, -40.48892171,-123.51397161,  31.08134128, 217.54001602,   139.28960632, -93.54906871,-143.28063765], [-652.73928882,1061.16813529,  77.22344024, 153.79711858,  86.52309047,    49.11584803,  47.85136399,   4.91539345,  -8.91565709,   5.19401622,    36.60518624,  42.66586892,  20.07351279], [ 708.78916014,  77.22344024, 725.34231718, 252.6776104 ,  97.68211567,    23.72082637, -20.53354738, -72.74232709, -27.92756733,  37.79939258,    40.17407167, -14.35040037, -37.20278795], [ 387.91975487, 153.79711858, 252.6776104 , 366.51753745, 119.18746476,    45.87933165,  29.69155686,  -7.618857  ,   4.7278562 ,  12.7636939 ,    19.0550836 ,  34.20777736,  -8.29572371], [  80.90830704,  86.52309047,  97.68211567, 119.18746476, 153.98061832,    24.69611474,   3.62587406,   6.91594013,  25.38383717,   4.96678484,     7.65886863,  33.88607721,   7.79588129], [  82.78339746,  49.11584803,  23.72082637,  45.87933165,  24.69611474,   113.73396066,  59.82352471,  32.69661513,  23.20128355,  27.30821357,    29.99579378,   3.89992939,   0.25162079], [ -40.48892171,  47.85136399, -20.53354738,  29.69155686,   3.62587406,    59.82352471, 142.42638377,  65.38303128,  17.45432215,   8.80747863,    24.15059511,  19.28331606,  13.12356596], [-123.51397161,   4.91539345, -72.74232709,  -7.618857  ,   6.91594013,    32.69661513,  65.38303128, 114.79224617,  46.31230414,  -3.73829314,     8.65728895,  28.14146723,  26.03580214], [  31.08134128,  -8.91565709, -27.92756733,   4.7278562 ,  25.38383717,    23.20128355,  17.45432215,  46.31230414,  89.39832403,  32.30468117,     8.77833288,   9.08348356,  11.64033067], [ 217.54001602,   5.19401622,  37.79939258,  12.7636939 ,   4.96678484,    27.30821357,   8.80747863,  -3.73829314,  32.30468117,  93.3237739 ,    38.24030124, -13.25345414,  -7.54301615], [ 139.28960632,  36.60518624,  40.17407167,  19.0550836 ,   7.65886863,    29.99579378,  24.15059511,   8.65728895,   8.77833288,  38.24030124,    74.75920087,  19.81114662,  -2.22858857], [ -93.54906871,  42.66586892, -14.35040037,  34.20777736,  33.88607721,     3.89992939,  19.28331606,  28.14146723,   9.08348356, -13.25345414,    19.81114662,  87.03340461,  34.42420957], [-143.28063765,  20.07351279, -37.20278795,  -8.29572371,   7.79588129,     0.25162079,  13.12356596,  26.03580214,  11.64033067,  -7.54301615,    -2.22858857,  34.42420957,  69.10382346]]
/root/sim/music/out/Bryan_Adams/MTV_Unplugged_[Bonus_Track]/05_Fits_Ya_Good.mp3; [-650.94727  , 156.20212  ,  16.549946 ,   8.528742 ,  -3.233364 ,    1.196736 ,  -4.9500904,  -4.8756022,  -5.0172696,  -4.644628 ,   -6.773344 ,  -5.881983 ,  -3.840471 ]; [[ 9704.8448232 ,-3023.03657753,  946.49196447,  564.91274237,    354.32423501,  625.64892782,  450.25246261,  403.9797343 ,    520.26018052,  678.09917065,  430.76168945,  284.13813374,    400.55448761], [-3023.03657753, 2678.26821483, -226.06708308,  285.25908446,    127.84920642,  -86.98635717,   46.99605669,  -42.73107846,   -163.06832224, -128.56527068,  -61.65062464,  -43.91381541,   -102.29972689], [  946.49196447, -226.06708308, 1226.64884946,  329.61084306,    153.47998314,  185.79481618,  132.36412494,   75.13918986,     95.81105501,  160.12803718,  143.41920616,   53.69228985,     71.17092556], [  564.91274237,  285.25908446,  329.61084306,  515.3737112 ,    229.26994206,  134.3469869 ,  165.98224496,  107.90438742,     73.28131449,   97.60651   ,  101.09450104,   85.6857007 ,     47.66063702], [  354.32423501,  127.84920642,  153.47998314,  229.26994206,    282.88787992,  101.6831038 ,   90.43859082,   72.01486412,     57.4643266 ,   52.89386704,   51.93656967,   62.13041133,     53.56183224], [  625.64892782,  -86.98635717,  185.79481618,  134.3469869 ,    101.6831038 ,  210.86188543,  129.09752121,   97.84926817,     71.32817151,  102.02380601,   78.04748048,   31.88299584,     42.7976736 ], [  450.25246261,   46.99605669,  132.36412494,  165.98224496,     90.43859082,  129.09752121,  219.51463438,  119.89086204,     40.87305769,   82.08194977,   83.87823171,   50.51973288,     48.30650073], [  403.9797343 ,  -42.73107846,   75.13918986,  107.90438742,     72.01486412,   97.84926817,  119.89086204,  155.22976728,     71.66477669,   63.40332719,   69.0475636 ,   49.14665165,     47.88628508], [  520.26018052, -163.06832224,   95.81105501,   73.28131449,     57.4643266 ,   71.32817151,   40.87305769,   71.66477669,    145.17354646,   90.78887133,   47.21196141,   36.05103112,     42.45171465], [  678.09917065, -128.56527068,  160.12803718,   97.60651   ,     52.89386704,  102.02380601,   82.08194977,   63.40332719,     90.78887133,  162.11608218,   82.41097985,   25.11697941,     45.61311979], [  430.76168945,  -61.65062464,  143.41920616,  101.09450104,     51.93656967,   78.04748048,   83.87823171,   69.0475636 ,     47.21196141,   82.41097985,  123.72721805,   49.51970224,     26.36491926], [  284.13813374,  -43.91381541,   53.69228985,   85.6857007 ,     62.13041133,   31.88299584,   50.51973288,   49.14665165,     36.05103112,   25.11697941,   49.51970224,   97.35288409,     40.45174971], [  400.55448761, -102.29972689,   71.17092556,   47.66063702,     53.56183224,   42.7976736 ,   48.30650073,   47.88628508,     42.45171465,   45.61311979,   26.36491926,   40.45174971,    107.70537081]]
/root/sim/music/out/Bryan_Adams/MTV_Unplugged_[Bonus_Track]/02_Back_To_You.mp3; [-502.21375  , 118.38701  ,   8.0790825,  10.807506 ,   4.6743264,   11.101123 ,  -0.9801129,   1.1297014,   2.3265004,   1.1720365,   -3.3479435,  -4.2253513,  -0.864013 ]; [[1631.23291725,-359.8906262 , 150.77663957,  52.462504  , -36.12755226,   -37.33148662, -87.96816028,-131.49610154, -50.14998446,  24.14358713,   -21.79591455, -64.93342907, -63.33727391], [-359.8906262 , 425.84512192, -67.74894367, -17.99178557,  29.4806003 ,     4.34191739,   9.68885133,  13.94288675,  14.4302566 ,   1.02487701,    22.45031625,   4.73750536,  -3.14549932], [ 150.77663957, -67.74894367, 340.82474525, 132.68572668,  52.3992948 ,    12.05505425, -40.82708476, -44.35701674, -37.48999403, -10.8984179 ,     4.42046412,  -3.74187691, -18.6477636 ], [  52.462504  , -17.99178557, 132.68572668, 182.07154745,  61.49542761,     1.63251964, -28.5181408 , -19.45484619, -11.89385894, -10.7536198 ,    -7.72551166,   7.54440049,  -0.45463033], [ -36.12755226,  29.4806003 ,  52.3992948 ,  61.49542761, 118.90673163,    13.21143028, -32.75772612, -14.53007555,   8.56412169,  -5.74234548,    -7.29969783,   2.83271968,   6.95895523], [ -37.33148662,   4.34191739,  12.05505425,   1.63251964,  13.21143028,    81.80411327,  40.00490913,  12.95636848,  -0.97960103,   6.4627136 ,     5.09846317,   0.41774175,  -0.46298052], [ -87.96816028,   9.68885133, -40.82708476, -28.5181408 , -32.75772612,    40.00490913, 109.99157347,  44.45129879,  -0.49816371,   1.21566866,     8.13555154,   8.4348281 ,   1.32602976], [-131.49610154,  13.94288675, -44.35701674, -19.45484619, -14.53007555,    12.95636848,  44.45129879,  76.68685224,  25.91640829,   3.60263837,    -0.40645609,   7.21289675,   8.5353121 ], [ -50.14998446,  14.4302566 , -37.48999403, -11.89385894,   8.56412169,    -0.97960103,  -0.49816371,  25.91640829,  69.79309234,  26.06990913,    -4.24884781,  -0.23030906,   4.85455561], [  24.14358713,   1.02487701, -10.8984179 , -10.7536198 ,  -5.74234548,     6.4627136 ,   1.21566866,   3.60263837,  26.06990913,  60.64708522,    18.24777727,   0.024005  ,  -4.02040589], [ -21.79591455,  22.45031625,   4.42046412,  -7.72551166,  -7.29969783,     5.09846317,   8.13555154,  -0.40645609,  -4.24884781,  18.24777727,    56.67279492,  20.27809363,  -4.8178199 ], [ -64.93342907,   4.73750536,  -3.74187691,   7.54440049,   2.83271968,     0.41774175,   8.4348281 ,   7.21289675,  -0.23030906,   0.024005  ,    20.27809363,  62.76444801,  26.7575857 ], [ -63.33727391,  -3.14549932, -18.6477636 ,  -0.45463033,   6.95895523,    -0.46298052,   1.32602976,   8.5353121 ,   4.85455561,  -4.02040589,    -4.8178199 ,  26.7575857 ,  58.89702701]]
/root/sim/music/out/Bryan_Adams/MTV_Unplugged_[Bonus_Track]/12_Can't_Stop_This_Thing_We_Started.mp3; [-514.0129    , 115.89082   ,   9.601311  ,  12.9620495 ,   0.71746486,    6.1923637 ,   1.7002908 ,   2.249758  ,   2.2651203 ,   2.7473125 ,   -1.1556319 ,  -1.9841442 ,   0.3519674 ]; [[2033.48739507,-233.77505315, 524.03838999, 298.94160717, 123.03324666,    95.94907419,  13.01190326, -46.60288112,  26.52903181, 123.95370602,    19.67623968,  -2.44049192, -31.50002947], [-233.77505315, 713.07393108, 137.24926255, 149.91837456,  85.60260799,   -10.60444911,  14.47880791, -28.79654829,  -7.28621462,  15.87106272,    48.54542656,   4.96895384,   4.70290269], [ 524.03838999, 137.24926255, 733.573431  , 314.67880804, 163.25733522,    35.59379129, -38.90256848, -65.16257924, -20.81718077,  45.5919852 ,    62.54094705,  32.92545538,  -0.83771164], [ 298.94160717, 149.91837456, 314.67880804, 317.46057012, 131.73204251,    20.26469958, -17.02091195, -47.45379089,  -4.09868294,  25.73864469,    18.82149287,  23.72211351,   5.36255994], [ 123.03324666,  85.60260799, 163.25733522, 131.73204251, 171.37562756,    18.11243415,  -9.36449579, -18.9222209 ,   5.81148198,   0.33137407,    14.01825992,  13.64947616,   5.18241878], [  95.94907419, -10.60444911,  35.59379129,  20.26469958,  18.11243415,   101.29149757,  53.92424732,  13.20606745,  -4.70616398,   1.17054667,     3.42702732,   0.54987864,  -4.11154139], [  13.01190326,  14.47880791, -38.90256848, -17.02091195,  -9.36449579,    53.92424732, 127.56965662,  34.52759686,  -7.80289765,  -8.14743397,    -1.94769245,  -3.01948179,  -2.35379214], [ -46.60288112, -28.79654829, -65.16257924, -47.45379089, -18.9222209 ,    13.20606745,  34.52759686,  72.55048944,  19.49398557,  -4.994646  ,    -7.51819771,  -6.83137456,  -3.0484894 ], [  26.52903181,  -7.28621462, -20.81718077,  -4.09868294,   5.81148198,    -4.70616398,  -7.80289765,  19.49398557,  77.31712867,  31.06361195,    -4.54436003,  -9.09328231,  -6.23539067], [ 123.95370602,  15.87106272,  45.5919852 ,  25.73864469,   0.33137407,     1.17054667,  -8.14743397,  -4.994646  ,  31.06361195,  81.82319504,    17.34808279,  -3.43693369,  -6.38311896], [  19.67623968,  48.54542656,  62.54094705,  18.82149287,  14.01825992,     3.42702732,  -1.94769245,  -7.51819771,  -4.54436003,  17.34808279,    69.63940797,  21.54759473,  -4.24408648], [  -2.44049192,   4.96895384,  32.92545538,  23.72211351,  13.64947616,     0.54987864,  -3.01948179,  -6.83137456,  -9.09328231,  -3.43693369,    21.54759473,  61.71872656,  24.67354612], [ -31.50002947,   4.70290269,  -0.83771164,   5.36255994,   5.18241878,    -4.11154139,  -2.35379214,  -3.0484894 ,  -6.23539067,  -6.38311896,    -4.24408648,  24.67354612,  59.95727979]]
/root/sim/music/out/Bryan_Adams/MTV_Unplugged_[Bonus_Track]/10_The_Only_Thing_That_Looks_Good_On.mp3; [-522.6575    , 109.35549   ,  11.922442  ,  14.244221  ,   7.505956  ,   10.617253  ,   1.4180299 ,   1.9390483 ,   2.4880767 ,   1.9398224 ,   -0.18369499,  -1.8229959 ,  -1.6843741 ]; [[2679.47585746,-404.62561926, 371.42757455, 228.87782131,  24.96951114,   -26.50507284, -25.30836441, -49.00022165, -24.9341177 ,  89.35343585,    24.44912733,  -1.35418921, -52.95897206], [-404.62561926, 648.87527937, -82.65887924,  12.29879266,  57.0831011 ,     1.96142283,  -8.20303662, -26.55197739,   8.81020912,  -5.63327852,    37.01888143,   8.74274858,  10.41869084], [ 371.42757455, -82.65887924, 545.96584959, 240.36557281, 106.22946113,    30.21466923, -11.55084221, -43.47137169, -17.27522211,  19.74717657,    38.66503002,  18.69041644,  -7.26632785], [ 228.87782131,  12.29879266, 240.36557281, 298.33474759, 100.91221633,    20.73884405, -13.44552876, -28.1657747 ,  -2.94862843,   9.00754881,    16.94776015,  19.91191318,   2.8713091 ], [  24.96951114,  57.0831011 , 106.22946113, 100.91221633, 151.44182445,    35.17340656,  -0.31585833,  -6.71893794,  10.37793706,   0.69497545,     5.20822521,  14.01513479,  10.70282702], [ -26.50507284,   1.96142283,  30.21466923,  20.73884405,  35.17340656,   110.45854554,  71.65787887,  18.28845713,  -7.44302298,  -4.57882444,    -1.69784295,  -1.86826731,   3.70087105], [ -25.30836441,  -8.20303662, -11.55084221, -13.44552876,  -0.31585833,    71.65787887, 139.96277706,  44.10787958, -10.02449842, -15.612371  ,    -0.1808119 ,  -0.77060327,   7.24387082], [ -49.00022165, -26.55197739, -43.47137169, -28.1657747 ,  -6.71893794,    18.28845713,  44.10787958,  77.99113367,  24.62995474,  -2.31053454,   -11.95776906,   0.60009258,   5.05118735], [ -24.9341177 ,   8.81020912, -17.27522211,  -2.94862843,  10.37793706,    -7.44302298, -10.02449842,  24.62995474,  79.91841326,  36.47199713,    -1.83801296,  -6.22445055,  -5.22182855], [  89.35343585,  -5.63327852,  19.74717657,   9.00754881,   0.69497545,    -4.57882444, -15.612371  ,  -2.31053454,  36.47199713,  80.57406906,    22.73821764,  -1.61845461, -13.94399649], [  24.44912733,  37.01888143,  38.66503002,  16.94776015,   5.20822521,    -1.69784295,  -0.1808119 , -11.95776906,  -1.83801296,  22.73821764,    72.856354  ,  19.05276862,  -3.65187579], [  -1.35418921,   8.74274858,  18.69041644,  19.91191318,  14.01513479,    -1.86826731,  -0.77060327,   0.60009258,  -6.22445055,  -1.61845461,    19.05276862,  54.18022134,  22.39444438], [ -52.95897206,  10.41869084,  -7.26632785,   2.8713091 ,  10.70282702,     3.70087105,   7.24387082,   5.05118735,  -5.22182855, -13.94399649,    -3.65187579,  22.39444438,  53.60997165]]
/root/sim/music/out/Bryan_Adams/MTV_Unplugged_[Bonus_Track]/14_I'll_Always_Be_Right_There.mp3; [-700.4945   , 136.85945  ,  -2.6168888, -13.441259 , -20.074339 ,   -7.2636986, -13.5148535, -10.847164 ,  -7.470039 , -10.575725 ,   -9.449136 ,  -7.8815265,  -5.8483224]; [[12683.69468331,-2879.84391597,-1023.8387852 ,-1150.89390967,   -705.74750288, -242.22569071, -229.75042293,    0.53991662,    185.0857808 ,  -51.49686326, -105.36116407,  -39.71359955,    -83.49245553], [-2879.84391597, 4463.68120945, 1793.81614591,  972.04623997,    273.74442644,   52.75744864,  -65.07159837, -350.67010942,   -356.77682144,  -68.08574457,   36.42357488,  -59.90127579,    -63.01245901], [-1023.8387852 , 1793.81614591, 2916.43021302,  969.97896848,    123.79230028,   42.27363844, -275.36407475, -483.53272261,   -169.5696398 ,  -41.75688683,   22.64376866, -100.13782961,   -202.46518321], [-1150.89390967,  972.04623997,  969.97896848,  783.6118346 ,    244.20704405,   32.06782886,  -75.81058155, -157.39632498,    -59.86506002,  -29.94266933,    0.9228545 ,    9.78906672,    -59.01232105], [ -705.74750288,  273.74442644,  123.79230028,  244.20704405,    307.31367871,   34.13216248,  -14.02325046,   -4.40676008,    -11.99253513,  -31.23115055,   -5.91999223,   33.1508052 ,     12.97911352], [ -242.22569071,   52.75744864,   42.27363844,   32.06782886,     34.13216248,  142.07246845,   56.60603816,    2.45174831,     -2.62739964,   29.82689584,   16.38763583,  -12.99016618,      1.41079932], [ -229.75042293,  -65.07159837, -275.36407475,  -75.81058155,    -14.02325046,   56.60603816,  202.65778849,  100.11240003,    -25.81627556,   35.71912635,   16.31969742,  -15.87984662,     39.3642033 ], [    0.53991662, -350.67010942, -483.53272261, -157.39632498,     -4.40676008,    2.45174831,  100.11240003,  211.18887742,     35.99302542,   -1.89501926,    6.00714236,   24.55685733,     39.57868178], [  185.0857808 , -356.77682144, -169.5696398 ,  -59.86506002,    -11.99253513,   -2.62739964,  -25.81627556,   35.99302542,    139.8206881 ,   37.76174183,   -5.70436815,   17.21715217,      0.87076949], [  -51.49686326,  -68.08574457,  -41.75688683,  -29.94266933,    -31.23115055,   29.82689584,   35.71912635,   -1.89501926,     37.76174183,  127.91110241,   41.10648237,  -30.79469635,     -7.45449066], [ -105.36116407,   36.42357488,   22.64376866,    0.9228545 ,     -5.91999223,   16.38763583,   16.31969742,    6.00714236,     -5.70436815,   41.10648237,   89.71331634,    0.8339349 ,    -16.16128818], [  -39.71359955,  -59.90127579, -100.13782961,    9.78906672,     33.1508052 ,  -12.99016618,  -15.87984662,   24.55685733,     17.21715217,  -30.79469635,    0.8339349 ,   98.64552358,     24.95164231], [  -83.49245553,  -63.01245901, -202.46518321,  -59.01232105,     12.97911352,    1.41079932,   39.3642033 ,   39.57868178,      0.87076949,   -7.45449066,  -16.16128818,   24.95164231,    101.03319578]]
/root/sim/music/out/Bryan_Adams/MTV_Unplugged_[Bonus_Track]/09_If_Ya_Wanna_Be_Bad-Ya_Gotta_Be_Go.mp3; [-573.94586   , 132.5479    ,  -7.516639  ,  10.8785095 ,  -2.4815032 ,    6.689775  ,  -0.526668  ,   0.5966286 ,   1.0133482 ,   2.3974228 ,    1.4463015 ,   0.5389232 ,  -0.30059493]; [[8430.25018303,-440.66257305, 349.37720983, 236.1869313 , 249.61047788,   260.71484808, 286.73935971,  83.08825819, 103.27692414, 174.89812589,   -10.90693861, -25.34666737,  33.77663706], [-440.66257305,1370.48423765, 298.68454413, 294.87575602, 152.39384396,    11.32147759,  -8.14496472, -48.52438676,  13.85513424,  -2.60003281,    86.67005435,  20.26839458, -39.05407859], [ 349.37720983, 298.68454413,1054.63702052, 274.56185295, 335.14512128,    45.46906733, -25.04678141, -32.28119892,   7.01894705,  16.84135315,    32.88058719, -22.76600547, -54.06749305], [ 236.1869313 , 294.87575602, 274.56185295, 502.58381281, 157.52113719,    80.43482201,  20.08821884, -19.54193076,  77.14393977,  16.68347069,    53.07533404,  26.86108331,   3.4619467 ], [ 249.61047788, 152.39384396, 335.14512128, 157.52113719, 332.77046153,    52.54707278,  20.87446574,   1.07653764,  42.53128207,  35.31341253,    21.49649936,   5.79948201,  -1.89038544], [ 260.71484808,  11.32147759,  45.46906733,  80.43482201,  52.54707278,   168.33598397, 106.47238768,  42.26434263,  24.1273474 ,   2.54745515,    11.6450021 ,   7.31564066,  18.24423239], [ 286.73935971,  -8.14496472, -25.04678141,  20.08821884,  20.87446574,   106.47238768, 232.05920179,  73.97545163,  32.6381325 ,  13.52776019,    18.61351483,  17.26314542,  31.72064157], [  83.08825819, -48.52438676, -32.28119892, -19.54193076,   1.07653764,    42.26434263,  73.97545163, 113.26501474,  32.95205285,   8.1160734 ,    -0.59860339,   2.27808712,  17.69142864], [ 103.27692414,  13.85513424,   7.01894705,  77.14393977,  42.53128207,    24.1273474 ,  32.6381325 ,  32.95205285, 125.30325772,  45.41654814,    24.36501799,   4.93226511,   7.1987325 ], [ 174.89812589,  -2.60003281,  16.84135315,  16.68347069,  35.31341253,     2.54745515,  13.52776019,   8.1160734 ,  45.41654814, 125.85594423,    35.47246525,   0.74935659,   3.84956392], [ -10.90693861,  86.67005435,  32.88058719,  53.07533404,  21.49649936,    11.6450021 ,  18.61351483,  -0.59860339,  24.36501799,  35.47246525,    97.08408937,  33.87243021,   4.31873982], [ -25.34666737,  20.26839458, -22.76600547,  26.86108331,   5.79948201,     7.31564066,  17.26314542,   2.27808712,   4.93226511,   0.74935659,    33.87243021,  79.32449791,  31.26892024], [  33.77663706, -39.05407859, -54.06749305,   3.4619467 ,  -1.89038544,    18.24423239,  31.72064157,  17.69142864,   7.1987325 ,   3.84956392,     4.31873982,  31.26892024,  73.09741851]]
/root/sim/music/out/Bryan_Adams/MTV_Unplugged_[Bonus_Track]/04_I'm_Ready.mp3; [-654.0743   , 166.01733  ,  12.738639 ,  13.63587  ,   2.2212434,    4.7081895,  -1.7241069,   2.8607705,   2.623547 ,   4.4023542,   -1.3124797,  -3.4688144,   1.2647315]; [[ 7395.58455167,-1679.58232359,  243.11494278, -406.89021953,   -201.48778341,   20.82465801,  210.53530898,  194.61679348,    314.21896646,  324.84127032,  -20.80374745,    5.8467977 ,    -38.12456553], [-1679.58232359, 1326.97755093,   73.01931387,  316.4866422 ,     88.46674282,   -7.14170012,  -27.46137676,  -36.67994893,    -97.95465721,  -37.43394151,   86.90814247,   16.79845259,      2.0413757 ], [  243.11494278,   73.01931387,  637.4491721 ,  135.55946775,     93.18050228,   31.95289171,   -7.50083958,  -19.57016474,      0.85568377,   12.69649133,   49.96696399,   43.22482094,     32.79848843], [ -406.89021953,  316.4866422 ,  135.55946775,  297.4236844 ,     75.20327143,    6.82052872,   11.95349839,   -0.40594618,    -11.02868985,  -20.75931001,   36.80639486,   36.07049851,      5.57627577], [ -201.48778341,   88.46674282,   93.18050228,   75.20327143,    133.0395514 ,   28.62709767,   -5.85883834,   -6.20413151,    -19.34191129,  -24.14006281,    8.24537629,   17.35979829,     14.02217648], [   20.82465801,   -7.14170012,   31.95289171,    6.82052872,     28.62709767,  126.74294463,   55.12032593,   19.33938782,      1.78224431,    6.96844802,   -7.85792744,    2.47913495,     13.1666091 ], [  210.53530898,  -27.46137676,   -7.50083958,   11.95349839,     -5.85883834,   55.12032593,  126.09134377,   48.17599306,     15.1932592 ,   15.63949013,    8.55591892,    7.24008192,      7.64744932], [  194.61679348,  -36.67994893,  -19.57016474,   -0.40594618,     -6.20413151,   19.33938782,   48.17599306,  110.58562188,     61.42542575,   32.07851493,    2.77089728,   -3.80376566,    -13.42446021], [  314.21896646,  -97.95465721,    0.85568377,  -11.02868985,    -19.34191129,    1.78224431,   15.1932592 ,   61.42542575,    136.26467674,   71.31495152,   -6.64824951,  -11.11795601,    -26.54189605], [  324.84127032,  -37.43394151,   12.69649133,  -20.75931001,    -24.14006281,    6.96844802,   15.63949013,   32.07851493,     71.31495152,  130.97381101,   23.0843621 ,  -14.41350006,    -25.6230702 ], [  -20.80374745,   86.90814247,   49.96696399,   36.80639486,      8.24537629,   -7.85792744,    8.55591892,    2.77089728,     -6.64824951,   23.0843621 ,  116.92610352,   45.21035227,     10.22609872], [    5.8467977 ,   16.79845259,   43.22482094,   36.07049851,     17.35979829,    2.47913495,    7.24008192,   -3.80376566,    -11.11795601,  -14.41350006,   45.21035227,   96.06793222,     38.28979441], [  -38.12456553,    2.0413757 ,   32.79848843,    5.57627577,     14.02217648,   13.1666091 ,    7.64744932,  -13.42446021,    -26.54189605,  -25.6230702 ,   10.22609872,   38.28979441,     89.38109175]]
/root/sim/music/out/徳永英明/BATON/07_無言の力.mp3; [-565.8638    , 130.04135   ,   3.9525867 ,  19.53642   ,   6.9154897 ,   -1.8009615 ,   0.5822117 ,   4.1477776 ,  -3.7035346 ,   0.46993443,   -6.9472575 ,  -2.4997756 ,  -2.035591  ]; [[18075.62864415,  565.68051601, -161.72507923,  298.99312324,    184.14788624,   82.45648629,  160.89867606,  213.13354526,    -36.05359026,   59.75699547,  -63.12863221,  -30.70575011,    -40.9524409 ], [  565.68051601, 1494.01102887,  -83.79768255,   86.25170871,     42.84306995,    4.65305771,   58.2634463 ,   39.20675702,     22.11831046,   28.35022105,   -5.7730973 ,  -14.33614586,     -0.13601285], [ -161.72507923,  -83.79768255,  784.22048051,  155.50253438,    120.02478937,  192.07626827,   74.42873468,   36.7842927 ,     25.23781557,    6.37644735,    5.75935451,   12.28125233,    -33.33604626], [  298.99312324,   86.25170871,  155.50253438,  362.05321603,    110.91075218,  126.51073267,  -12.14761863,   77.95650225,     89.93299539,   22.49958782,   46.11213705,   30.68587736,     39.43602364], [  184.14788624,   42.84306995,  120.02478937,  110.91075218,    252.69001204,   46.96007403,   17.34090783,   33.70620504,     45.85341903,   32.89949938,   -1.03633825,   17.32110923,    -14.41839562], [   82.45648629,    4.65305771,  192.07626827,  126.51073267,     46.96007403,  269.9054776 ,   87.77670643,   55.44428721,     73.90559838,   34.1669036 ,   77.15792297,   15.75441505,     16.27228652], [  160.89867606,   58.2634463 ,   74.42873468,  -12.14761863,     17.34090783,   87.77670643,  185.10235626,   48.62282681,     10.22687203,   33.69727406,   30.82047814,    1.84601832,    -13.50160648], [  213.13354526,   39.20675702,   36.7842927 ,   77.95650225,     33.70620504,   55.44428721,   48.62282681,  121.73100953,     57.25779006,   14.91049328,   28.11656751,   18.7168666 ,     27.45652856], [  -36.05359026,   22.11831046,   25.23781557,   89.93299539,     45.85341903,   73.90559838,   10.22687203,   57.25779006,    142.27553706,   47.18245955,   46.62460659,   22.56941341,     17.7978979 ], [   59.75699547,   28.35022105,    6.37644735,   22.49958782,     32.89949938,   34.1669036 ,   33.69727406,   14.91049328,     47.18245955,   88.38824775,   39.81731963,   14.63605705,      0.99963381], [  -63.12863221,   -5.7730973 ,    5.75935451,   46.11213705,     -1.03633825,   77.15792297,   30.82047814,   28.11656751,     46.62460659,   39.81731963,  108.20507124,   39.11135422,     28.39859825], [  -30.70575011,  -14.33614586,   12.28125233,   30.68587736,     17.32110923,   15.75441505,    1.84601832,   18.7168666 ,     22.56941341,   14.63605705,   39.11135422,   72.1173259 ,     36.1396894 ], [  -40.9524409 ,   -0.13601285,  -33.33604626,   39.43602364,    -14.41839562,   16.27228652,  -13.50160648,   27.45652856,     17.7978979 ,    0.99963381,   28.39859825,   36.1396894 ,    103.0875943 ]]
/root/sim/music/out/徳永英明/BATON/03_空はみんなのもの.mp3; [-551.9498    , 147.96323   ,  -0.9985843 ,  22.107353  ,   9.792971  ,   -6.042621  ,  -5.1368055 ,   0.692212  ,   1.9313931 ,  -0.21775508,   -9.128778  ,  -5.2838454 ,  -5.31879   ]; [[19237.44364174, -675.83174459,   45.17587885,  176.1200318 ,    -28.55408195,   46.23377297,  161.2254036 ,  -23.64300042,    -41.70449271,  172.07944319,  -39.70370857,   21.18206135,    118.8004334 ], [ -675.83174459, 2361.7119884 , -471.45360865,  150.27005075,     51.09174455,  -92.74727015,  -50.33327005,   52.30312295,     27.53151046,  -58.80890732,  -76.93969276,  -48.89738016,    -76.93510475], [   45.17587885, -471.45360865,  791.83076126,   16.63631423,    -11.89811813,   17.44427789,    7.1706514 ,   12.2084161 ,      6.44800564,   12.34097199,    0.3018115 ,    1.41538873,     10.57958458], [  176.1200318 ,  150.27005075,   16.63631423,  203.84474389,     50.17541279,   -1.51785078,  -17.27744108,    8.3810656 ,     16.72588421,    5.32017423,  -17.54841436,   -2.00733025,     -4.80719421], [  -28.55408195,   51.09174455,  -11.89811813,   50.17541279,    184.8234862 ,    3.3628205 ,    0.48854831,   15.36005068,     35.64056062,   26.79578769,  -13.34581905,   11.02044397,      6.1038629 ], [   46.23377297,  -92.74727015,   17.44427789,   -1.51785078,      3.3628205 ,  145.70427025,   15.7335856 ,   20.10550258,     20.30671128,    8.89928396,   55.47627812,    8.41520709,      8.99363457], [  161.2254036 ,  -50.33327005,    7.1706514 ,  -17.27744108,      0.48854831,   15.7335856 ,  149.99434204,   25.53557118,    -17.10610238,   38.65709095,    9.68446473,   20.11295554,     16.63601132], [  -23.64300042,   52.30312295,   12.2084161 ,    8.3810656 ,     15.36005068,   20.10550258,   25.53557118,   86.30863541,     24.08347081,   12.68015637,   16.1982673 ,    8.90342926,     21.97773532], [  -41.70449271,   27.53151046,    6.44800564,   16.72588421,     35.64056062,   20.30671128,  -17.10610238,   24.08347081,    100.78049124,   13.51060172,   12.91996899,    6.14909827,      0.46416854], [  172.07944319,  -58.80890732,   12.34097199,    5.32017423,     26.79578769,    8.89928396,   38.65709095,   12.68015637,     13.51060172,   84.55053851,    9.70057717,    9.9330092 ,     14.72022021], [  -39.70370857,  -76.93969276,    0.3018115 ,  -17.54841436,    -13.34581905,   55.47627812,    9.68446473,   16.1982673 ,     12.91996899,    9.70057717,   89.39231036,   15.15864223,      3.23199209], [   21.18206135,  -48.89738016,    1.41538873,   -2.00733025,     11.02044397,    8.41520709,   20.11295554,    8.90342926,      6.14909827,    9.9330092 ,   15.15864223,   64.30910616,     18.99643495], [  118.8004334 ,  -76.93510475,   10.57958458,   -4.80719421,      6.1038629 ,    8.99363457,   16.63601132,   21.97773532,      0.46416854,   14.72022021,    3.23199209,   18.99643495,     69.85795775]]
