/root/sim/music/out/Bryan_Adams/Anthology_[Bonus_Track]_[Disc_2]/2-10_On_A_Day_Like_Today.mp3; [-554.60034   , 124.94292   ,   6.0686555 ,   9.954884  ,   2.511688  ,    1.8215498 ,  -4.5476146 ,  -1.5813911 ,  -1.7062087 ,  -1.5532855 ,   -1.1846805 ,   0.21018304,   0.6371166 ]; [[16758.88795434, -767.83954795, -356.73485757,  540.60390479,    383.60350271,  399.80433911,  244.15440929,  540.46825235,    641.49300072,  218.84460658,  -80.05457005,   42.50265059,    172.80585217], [ -767.83954795, 1035.80830324, -201.0860092 ,  -74.64907112,     -2.98536943,  -18.18700014,   10.29766958,   -7.17851519,    -71.35376512,    5.04618324,   34.51960418,   13.21729559,     31.36525406], [ -356.73485757, -201.0860092 ,  384.65374561,   -5.30905882,     -1.1198615 ,    2.11410259,   -1.38891595,  -15.79304011,    -12.07589069,  -39.27956836,   -9.94408847,   -6.29123598,    -21.16031679], [  540.60390479,  -74.64907112,   -5.30905882,  302.7639498 ,     87.91787933,   36.2721324 ,   41.52550521,   70.75814263,     37.004875  ,   -1.99479541,   -1.66977675,   34.80096914,     53.33435632], [  383.60350271,   -2.98536943,   -1.1198615 ,   87.91787933,    160.17815889,   41.44952565,   44.9283212 ,   46.92421069,     27.57823899,    8.07493644,    6.22656111,   15.19461059,     35.70240462], [  399.80433911,  -18.18700014,    2.11410259,   36.2721324 ,     41.44952565,  156.66111472,   82.8588934 ,   44.92111278,     36.61172487,   52.41907037,   15.72888099,    5.64564667,     35.096806  ], [  244.15440929,   10.29766958,   -1.38891595,   41.52550521,     44.9283212 ,   82.8588934 ,  149.95963604,   67.14181491,     24.93631274,   40.5610202 ,   16.94854796,    9.06217506,     44.50663426], [  540.46825235,   -7.17851519,  -15.79304011,   70.75814263,     46.92421069,   44.92111278,   67.14181491,  130.25459502,     58.25994368,   31.51528543,   10.30298797,   14.43788354,     40.38151304], [  641.49300072,  -71.35376512,  -12.07589069,   37.004875  ,     27.57823899,   36.61172487,   24.93631274,   58.25994368,    137.78371145,   62.35639508,   14.48593783,   17.54749275,     21.33203021], [  218.84460658,    5.04618324,  -39.27956836,   -1.99479541,      8.07493644,   52.41907037,   40.5610202 ,   31.51528543,     62.35639508,  133.77032606,   45.28347603,    8.59649256,     31.74712058], [  -80.05457005,   34.51960418,   -9.94408847,   -1.66977675,      6.22656111,   15.72888099,   16.94854796,   10.30298797,     14.48593783,   45.28347603,   80.20202516,   29.28663714,     22.22050249], [   42.50265059,   13.21729559,   -6.29123598,   34.80096914,     15.19461059,    5.64564667,    9.06217506,   14.43788354,     17.54749275,    8.59649256,   29.28663714,   84.43181704,     41.17902858], [  172.80585217,   31.36525406,  -21.16031679,   53.33435632,     35.70240462,   35.096806  ,   44.50663426,   40.38151304,     21.33203021,   31.74712058,   22.22050249,   41.17902858,     99.33075883]]
/root/sim/music/out/Bryan_Adams/Anthology_[Disc_1]/1-15_Can't_Stop_This_Thing_We_Starte.mp3; [-511.1604    ,  97.59131   , -15.811277  ,  23.128778  ,   7.9332285 ,   -3.0462236 ,  -3.4809709 ,  -0.46949208,   3.0012646 ,   2.4381337 ,   -3.4939647 ,  -3.0135775 ,  -5.1394186 ]; [[16882.30289745,  768.778185  ,   86.25975476,  136.86913188,    136.19479604,   94.44823824, -110.86077882,  -97.99610712,   -113.34456019,  -30.72348468,   16.82398569,   10.42763592,    -23.46128788], [  768.778185  ,  599.35234203, -170.62557179,   96.356095  ,     -6.7319691 ,   22.07076541,   58.86232878,   -3.65225329,     33.30514884,    5.84712159,   24.75540362,    0.36134979,     -2.0608019 ], [   86.25975476, -170.62557179,  578.66516261,  -45.02608056,    114.80939282,   26.86342547,    5.18519721,   29.40234276,    -25.44857377,   -0.53856806,   -0.66855825,   -3.46563064,     -0.78819672], [  136.86913188,   96.356095  ,  -45.02608056,  231.42079034,     45.22330274,    4.43394011,   -5.86935511,  -15.16502695,     23.92056003,   18.69576664,   11.41535371,   22.25043615,     14.58441822], [  136.19479604,   -6.7319691 ,  114.80939282,   45.22330274,    148.29694788,   31.63938139,   14.11984819,   14.54412974,     16.09796721,    8.64208491,   11.71356883,   12.90670286,      9.44888208], [   94.44823824,   22.07076541,   26.86342547,    4.43394011,     31.63938139,  112.47288301,   61.41424019,   15.39544812,     -1.47722877,   -1.07488618,    9.49341266,    0.04640976,      2.05122827], [ -110.86077882,   58.86232878,    5.18519721,   -5.86935511,     14.11984819,   61.41424019,  144.91834986,   64.05346749,     22.80371269,   12.53372908,   15.71056445,   -7.06360974,      6.65765422], [  -97.99610712,   -3.65225329,   29.40234276,  -15.16502695,     14.54412974,   15.39544812,   64.05346749,  112.29686941,     48.40657362,   17.93528626,    3.72920124,   -6.26327813,      5.47245009], [ -113.34456019,   33.30514884,  -25.44857377,   23.92056003,     16.09796721,   -1.47722877,   22.80371269,   48.40657362,     96.00885268,   44.18387782,   13.30248173,   -4.35091033,      0.32481056], [  -30.72348468,    5.84712159,   -0.53856806,   18.69576664,      8.64208491,   -1.07488618,   12.53372908,   17.93528626,     44.18387782,   84.0730294 ,   34.43872897,    2.15756742,     -1.53040921], [   16.82398569,   24.75540362,   -0.66855825,   11.41535371,     11.71356883,    9.49341266,   15.71056445,    3.72920124,     13.30248173,   34.43872897,   77.61065942,   29.8722646 ,      7.66927662], [   10.42763592,    0.36134979,   -3.46563064,   22.25043615,     12.90670286,    0.04640976,   -7.06360974,   -6.26327813,     -4.35091033,    2.15756742,   29.8722646 ,   69.84209441,     31.03932519], [  -23.46128788,   -2.0608019 ,   -0.78819672,   14.58441822,      9.44888208,    2.05122827,    6.65765422,    5.47245009,      0.32481056,   -1.53040921,    7.66927662,   31.03932519,     63.93766026]]
/root/sim/music/out/Bryan_Adams/Anthology_[Disc_1]/1-03_Straight_From_The_Heart.mp3; [-605.6998    , 147.06125   ,  -2.5503597 ,  12.452792  ,   4.288023  ,    8.02797   ,   0.20826425,   2.5053034 ,   0.45903844,   4.510357  ,   -0.12798737,  -3.6105628 ,   1.4949821 ]; [[18135.21352435, -476.75093957,   -7.35699119, -684.96661986,   -227.1755278 ,   27.45093957, -112.74775889,   26.83394168,    -71.10007989,  -98.38911813, -226.64696051,  -70.0411591 ,      0.79657651], [ -476.75093957, 1459.27205621, -357.57714022,  184.63313534,     62.11406294,   73.99924795,  126.27993377,   80.57397556,    -22.41418928,   97.0727799 ,   70.1981883 ,  -12.03814676,      2.45454509], [   -7.35699119, -357.57714022,  461.69107377,  -43.05607398,     84.57491554,   17.35045174,   33.1922042 ,    1.36126546,     31.9095342 ,   -2.52253362,   -1.25012598,    8.41241422,     13.11361884], [ -684.96661986,  184.63313534,  -43.05607398,  447.68573074,     91.74900049,  105.45233321,   12.6744787 ,   51.21089884,     55.22365592,   10.04817329,   48.41913189,   28.7337961 ,     10.9438086 ], [ -227.1755278 ,   62.11406294,   84.57491554,   91.74900049,    252.12113508,   30.84289636,   12.16349092,   25.92930991,     56.34595863,   27.77715783,   12.95143122,    9.05974571,     27.60324674], [   27.45093957,   73.99924795,   17.35045174,  105.45233321,     30.84289636,  163.64269472,   75.7688147 ,   47.37905828,     20.81783676,   12.09475044,   30.76943369,   13.49891918,      8.89954367], [ -112.74775889,  126.27993377,   33.1922042 ,   12.6744787 ,     12.16349092,   75.7688147 ,  213.40254656,   68.0822943 ,     -1.30379995,   36.33213416,   54.56655108,   14.15817069,     11.04249497], [   26.83394168,   80.57397556,    1.36126546,   51.21089884,     25.92930991,   47.37905828,   68.0822943 ,  118.44089901,     24.9583058 ,   13.84690783,   28.43882391,   16.96976781,     10.7572123 ], [  -71.10007989,  -22.41418928,   31.9095342 ,   55.22365592,     56.34595863,   20.81783676,   -1.30379995,   24.9583058 ,    119.79220083,   30.75461147,   -3.03686491,    8.21798389,      9.27947526], [  -98.38911813,   97.0727799 ,   -2.52253362,   10.04817329,     27.77715783,   12.09475044,   36.33213416,   13.84690783,     30.75461147,  115.01059262,   36.78680661,   -9.55651169,     -4.51537043], [ -226.64696051,   70.1981883 ,   -1.25012598,   48.41913189,     12.95143122,   30.76943369,   54.56655108,   28.43882391,     -3.03686491,   36.78680661,  117.72799559,   12.14937462,    -13.33680505], [  -70.0411591 ,  -12.03814676,    8.41241422,   28.7337961 ,      9.05974571,   13.49891918,   14.15817069,   16.96976781,      8.21798389,   -9.55651169,   12.14937462,   91.04478931,     39.23718666], [    0.79657651,    2.45454509,   13.11361884,   10.9438086 ,     27.60324674,    8.89954367,   11.04249497,   10.7572123 ,      9.27947526,   -4.51537043,  -13.33680505,   39.23718666,    106.95242476]]
/root/sim/music/out/Bryan_Adams/Anthology_[Disc_1]/1-02_Lonely_Nights.mp3; [-546.1136    , 120.74783   , -29.409609  ,  29.235085  ,   5.4873576 ,    9.633843  ,  -0.46141854,  -3.8663511 ,  -2.8074026 ,   0.02718937,   -4.8920827 ,  -8.683255  ,  -6.1237655 ]; [[15359.41787057, -221.82769161,   60.08941412, -222.17807263,    325.40092393,  459.83610649,  261.38069749,  339.71824885,    251.82603796,  212.03091536, -238.46429599,  -39.28948297,   -105.43764216], [ -221.82769161, 1056.25526474, -442.96119433,  295.24145801,    -78.80524748,   21.55935633,    3.3342966 ,  -44.46380445,    -13.97187356,  -36.33488581,   66.60865741,    3.50680573,      3.7003543 ], [   60.08941412, -442.96119433,  876.80719072, -187.7931818 ,    252.3789399 ,   78.40715771,   64.21042002,  142.23391957,     18.04556504,   28.85064235,   34.19518652,   13.95067543,      1.02228081], [ -222.17807263,  295.24145801, -187.7931818 ,  570.80887922,     82.89460034,   96.22786637,   53.65754543,   -1.00527633,     28.60913779,    0.11787177,    7.96889792,   23.18103782,    -18.24889216], [  325.40092393,  -78.80524748,  252.3789399 ,   82.89460034,    306.33114333,  134.83158769,   68.17074337,   90.72160197,     51.98284556,   19.0370037 ,   23.13614079,   30.21159912,    -17.39048776], [  459.83610649,   21.55935633,   78.40715771,   96.22786637,    134.83158769,  210.71395941,  119.99861582,   89.35695095,     38.99981233,    7.21131829,    8.82900837,    8.84805256,    -10.96127913], [  261.38069749,    3.3342966 ,   64.21042002,   53.65754543,     68.17074337,  119.99861582,  198.67995829,   94.44109822,     32.37661194,   21.11483677,   -5.19893621,   -6.74480751,     -6.55209111], [  339.71824885,  -44.46380445,  142.23391957,   -1.00527633,     90.72160197,   89.35695095,   94.44109822,  166.56057188,     74.03104077,   23.18266463,    0.21410119,   -6.9714385 ,    -16.90248535], [  251.82603796,  -13.97187356,   18.04556504,   28.60913779,     51.98284556,   38.99981233,   32.37661194,   74.03104077,    131.17340172,   53.28726208,   -4.42538669,  -11.5206972 ,    -30.17036206], [  212.03091536,  -36.33488581,   28.85064235,    0.11787177,     19.0370037 ,    7.21131829,   21.11483677,   23.18266463,     53.28726208,  109.47500677,   22.68954008,   -3.36987663,    -16.33434988], [ -238.46429599,   66.60865741,   34.19518652,    7.96889792,     23.13614079,    8.82900837,   -5.19893621,    0.21410119,     -4.42538669,   22.68954008,  103.83769118,   33.05880415,      0.24686901], [  -39.28948297,    3.50680573,   13.95067543,   23.18103782,     30.21159912,    8.84805256,   -6.74480751,   -6.9714385 ,    -11.5206972 ,   -3.36987663,   33.05880415,   87.96508899,     32.22360467], [ -105.43764216,    3.7003543 ,    1.02228081,  -18.24889216,    -17.39048776,  -10.96127913,   -6.55209111,  -16.90248535,    -30.17036206,  -16.33434988,    0.24686901,   32.22360467,     91.69293969]]
/root/sim/music/out/Bryan_Adams/Anthology_[Disc_1]/1-14_(Everything_I_Do)_I_Do_It_For_Y.mp3; [-606.2575   , 131.97444  ,   1.1167219,  15.389634 ,   1.9781024,   -1.5256343,  -2.5352232,   1.0112417,  -0.6104768,  -0.8423289,   -2.6887245,  -0.6559921,  -3.695891 ]; [[19983.63007901,-1457.27853184,  423.42552511,   13.33658726,    133.75931728,  211.62876365,  243.03765867,  343.09208261,    426.92754761,  279.01331404,   89.34639324,  -88.43416597,      9.76338373], [-1457.27853184, 1638.04374251, -451.73230704,  181.19540225,    -18.59515526,  -75.14992396,  -49.77215989,  -35.75065554,    -72.35493657,  -54.33299487,  -26.01415508,   25.4497574 ,    -12.27951338], [  423.42552511, -451.73230704,  646.22098043, -130.73687371,    118.05111075,   66.07964314,   19.45455643,  -14.31836614,     15.59087338,  -14.21748756,    1.05439395,  -18.47863276,     -9.61779716], [   13.33658726,  181.19540225, -130.73687371,  386.82558378,    105.55463094,   57.46160616,   58.18737582,   71.02667776,     46.27778927,   54.75696826,   24.83370527,   21.17640638,     35.93336318], [  133.75931728,  -18.59515526,  118.05111075,  105.55463094,    251.10095161,   69.59563906,   71.05699904,   41.38680344,     55.33296106,   51.64431025,   19.38354915,    5.95610054,     27.20739742], [  211.62876365,  -75.14992396,   66.07964314,   57.46160616,     69.59563906,  183.85250508,   72.61515699,   38.74762473,     43.98179821,   40.54436997,   11.50021446,    2.16050348,     21.90530114], [  243.03765867,  -49.77215989,   19.45455643,   58.18737582,     71.05699904,   72.61515699,  162.91110909,   76.03010838,     43.05113583,   37.26193964,   21.46881218,   -1.78325539,     30.38424205], [  343.09208261,  -35.75065554,  -14.31836614,   71.02667776,     41.38680344,   38.74762473,   76.03010838,  138.98298393,     55.7067668 ,   37.88436779,   16.64158668,   -3.34451648,     20.85905742], [  426.92754761,  -72.35493657,   15.59087338,   46.27778927,     55.33296106,   43.98179821,   43.05113583,   55.7067668 ,    126.14026087,   57.2450792 ,   12.85603936,   -5.66010116,      7.19756699], [  279.01331404,  -54.33299487,  -14.21748756,   54.75696826,     51.64431025,   40.54436997,   37.26193964,   37.88436779,     57.2450792 ,  115.05741804,   41.86237264,    2.43766671,     16.28176052], [   89.34639324,  -26.01415508,    1.05439395,   24.83370527,     19.38354915,   11.50021446,   21.46881218,   16.64158668,     12.85603936,   41.86237264,   89.24858066,   24.19501614,     11.09186773], [  -88.43416597,   25.4497574 ,  -18.47863276,   21.17640638,      5.95610054,    2.16050348,   -1.78325539,   -3.34451648,     -5.66010116,    2.43766671,   24.19501614,   70.56938963,     20.8004538 ], [    9.76338373,  -12.27951338,   -9.61779716,   35.93336318,     27.20739742,   21.90530114,   30.38424205,   20.85905742,      7.19756699,   16.28176052,   11.09186773,   20.8004538 ,     75.45722813]]
/root/sim/music/out/Bryan_Adams/Anthology_[Disc_1]/1-04_Cuts_Like_A_Knife.mp3; [-566.00336  , 120.091415 , -16.66155  ,  17.682693 ,   3.3635132,   10.163445 ,   4.594106 ,   6.7401533,   5.869352 ,   6.6762943,    2.0632036,  -2.0217612,  -2.5051515]; [[22226.19122053,  615.54644052,  265.47945284,  229.62823674,    -18.0742248 ,  202.74327994, -133.99843127, -115.48131854,   -184.66263847,  -93.88295546,   -5.53971622,   -3.96298083,    204.02109704], [  615.54644052,  957.66185691,  -67.11549397,   27.80525171,     53.51137582,   -4.20994097,   69.32855418,  -13.00901229,    -38.83967803,   60.00687878,   17.58642756,    6.0134046 ,     46.7525954 ], [  265.47945284,  -67.11549397,  516.76886078,   -1.91456745,     38.04228244,   42.63606165,  -18.59858313,  -43.12278983,    -42.08144028,   -0.45717169,   11.25785926,  -18.27682882,     40.66848838], [  229.62823674,   27.80525171,   -1.91456745,  201.85703721,     52.42230951,    0.16899217,   -9.56476837,   11.54168841,      7.10763855,   -9.56574967,   -7.77048123,   21.49265205,     -2.09335265], [  -18.0742248 ,   53.51137582,   38.04228244,   52.42230951,    121.51569346,   14.1374118 ,    9.7565827 ,    0.2956856 ,      6.40183363,    0.90374246,   -1.36217115,    7.32354952,     14.71075139], [  202.74327994,   -4.20994097,   42.63606165,    0.16899217,     14.1374118 ,  124.59102633,   53.77516126,   -9.49833261,    -17.70373446,   -4.27849593,   -2.10618113,   -5.37344047,      9.61633798], [ -133.99843127,   69.32855418,  -18.59858313,   -9.56476837,      9.7565827 ,   53.77516126,  129.16375326,   26.98352189,     -8.98062609,   10.47742479,    4.98033908,   -4.19190405,      4.56611149], [ -115.48131854,  -13.00901229,  -43.12278983,   11.54168841,      0.2956856 ,   -9.49833261,   26.98352189,   81.03020057,     32.43921447,    0.27740128,   -2.49424794,    0.69541938,    -13.88010765], [ -184.66263847,  -38.83967803,  -42.08144028,    7.10763855,      6.40183363,  -17.70373446,   -8.98062609,   32.43921447,     94.42364904,   23.79228936,   -6.16399703,   -0.22848061,    -21.89205234], [  -93.88295546,   60.00687878,   -0.45717169,   -9.56574967,      0.90374246,   -4.27849593,   10.47742479,    0.27740128,     23.79228936,   76.225834  ,   26.58368911,  -15.07803972,     -8.30846714], [   -5.53971622,   17.58642756,   11.25785926,   -7.77048123,     -1.36217115,   -2.10618113,    4.98033908,   -2.49424794,     -6.16399703,   26.58368911,   63.37293479,   16.01274859,     -5.79725763], [   -3.96298083,    6.0134046 ,  -18.27682882,   21.49265205,      7.32354952,   -5.37344047,   -4.19190405,    0.69541938,     -0.22848061,  -15.07803972,   16.01274859,   72.66848543,     21.55556103], [  204.02109704,   46.7525954 ,   40.66848838,   -2.09335265,     14.71075139,    9.61633798,    4.56611149,  -13.88010765,    -21.89205234,   -8.30846714,   -5.79725763,   21.55556103,     76.2402269 ]]
/root/sim/music/out/Bryan_Adams/Anthology_[Disc_1]/1-16_There_Will_Never_Be_Another_Ton.mp3; [-493.31186  ,  87.36641  , -10.414182 ,  22.68396  ,   6.895588 ,   -1.6748234,  -3.7515852,  -1.371107 ,   2.5903616,   2.7020652,   -3.6034975,  -3.0080194,  -3.4983966]; [[9490.75897835, 255.2954906 , -16.00975678, -57.80507153, 166.99170517,    19.10683822, -26.30295837,   4.31140342,  42.49310507,  57.65241396,   -59.39958804, -18.13907754,  -6.41071206], [ 255.2954906 , 717.12069006,-287.10519529,  69.32903809, -84.05395896,   -38.61190648,  12.66826049, -34.64160247,  -0.79326124, -12.69066047,    12.63100576,   1.53278377,  11.85165346], [ -16.00975678,-287.10519529, 564.36003442, -53.89320298, 105.80391708,    57.52720531,  21.38196465,  33.75242739, -28.05751937,  -1.33627274,    21.64290884,  41.98526901,  13.11631555], [ -57.80507153,  69.32903809, -53.89320298, 173.97964623,  26.78407959,    -5.66714449,  -5.29584401,   3.47291308,  15.49274706,  -7.49718376,    -5.11458274,  20.67298492,  25.28177778], [ 166.99170517, -84.05395896, 105.80391708,  26.78407959, 167.4271928 ,    34.82814596,  25.55938905,  39.84988123,  16.68322284,  10.89824421,     9.39918075,  31.60992069,  26.23364481], [  19.10683822, -38.61190648,  57.52720531,  -5.66714449,  34.82814596,   115.6225597 ,  58.05656833,  31.50423933,   5.80318889,  14.38811758,    18.43937871,   4.6556935 ,  -1.04047295], [ -26.30295837,  12.66826049,  21.38196465,  -5.29584401,  25.55938905,    58.05656833, 125.55962922,  53.05993306,  10.39760754,  19.0850795 ,    26.49568401,   6.19225571,   7.27706028], [   4.31140342, -34.64160247,  33.75242739,   3.47291308,  39.84988123,    31.50423933,  53.05993306,  99.92328592,  36.95341647,  23.21770602,    17.045822  ,  10.49609717,  11.12639241], [  42.49310507,  -0.79326124, -28.05751937,  15.49274706,  16.68322284,     5.80318889,  10.39760754,  36.95341647,  94.43627826,  40.67794381,     3.56551661,   1.09063148,   4.69026045], [  57.65241396, -12.69066047,  -1.33627274,  -7.49718376,  10.89824421,    14.38811758,  19.0850795 ,  23.21770602,  40.67794381,  80.36276456,    30.33037338,  -0.26393515,  -0.14731238], [ -59.39958804,  12.63100576,  21.64290884,  -5.11458274,   9.39918075,    18.43937871,  26.49568401,  17.045822  ,   3.56551661,  30.33037338,    72.80277782,  27.31784338,   4.54786996], [ -18.13907754,   1.53278377,  41.98526901,  20.67298492,  31.60992069,     4.6556935 ,   6.19225571,  10.49609717,   1.09063148,  -0.26393515,    27.31784338,  72.65021384,  33.7307761 ], [  -6.41071206,  11.85165346,  13.11631555,  25.28177778,  26.23364481,    -1.04047295,   7.27706028,  11.12639241,   4.69026045,  -0.14731238,     4.54786996,  33.7307761 ,  64.86328953]]
/root/sim/music/out/Bryan_Adams/Anthology_[Disc_1]/1-13_Hearts_On_Fire.mp3; [-514.92975   , 100.91063   , -24.787338  ,  16.563496  ,  -9.202855  ,    6.563984  ,   0.8311111 ,  -0.05298762,   1.2962161 ,   3.2310753 ,    2.1034436 ,  -1.7641175 ,  -1.7330275 ]; [[14858.03913649, -417.54806535, -292.16686231,  -26.88263864,    125.24877282,  191.56883214,   93.33522704,  173.76171994,    -11.71390856,  -16.22837325, -156.28810979, -111.58028577,    -62.40722362], [ -417.54806535,  913.15875377, -283.56255458,  150.47971034,   -106.56459104,   47.56421903,   20.80160703,  -19.75284011,     12.53390897,   17.56206557,   62.06562665,   -0.68975692,     -9.5715136 ], [ -292.16686231, -283.56255458,  682.80549975,  -29.37660385,    192.1212178 ,   10.17262489,   10.56424354,   12.4545723 ,     25.06897821,   19.37711466,   20.25266824,   20.53869295,     22.41505863], [  -26.88263864,  150.47971034,  -29.37660385,  286.8786963 ,     50.59196968,   31.5251272 ,    1.34634268,   -4.10591225,     31.77117817,   -1.91436355,   12.11615729,   31.72981673,     27.65468553], [  125.24877282, -106.56459104,  192.1212178 ,   50.59196968,    210.3410805 ,   41.49393959,   27.71921622,   16.07529863,     35.29317567,   11.74929999,    4.56867556,   16.91551791,     25.11000257], [  191.56883214,   47.56421903,   10.17262489,   31.5251272 ,     41.49393959,  128.69262502,   75.43126631,   31.44572462,      9.55743136,    7.84646227,   16.26826682,   -3.71878707,      0.33845138], [   93.33522704,   20.80160703,   10.56424354,    1.34634268,     27.71921622,   75.43126631,  144.8204045 ,   59.29387585,     17.46796235,   15.98466312,   22.73043218,   -0.9275274 ,      3.19303536], [  173.76171994,  -19.75284011,   12.4545723 ,   -4.10591225,     16.07529863,   31.44572462,   59.29387585,   94.76117598,     38.10494244,   19.29656746,    0.66611809,   -3.38020795,      5.15687839], [  -11.71390856,   12.53390897,   25.06897821,   31.77117817,     35.29317567,    9.55743136,   17.46796235,   38.10494244,    108.61283611,   46.72965141,    5.1397027 ,   -5.1307517 ,      8.22268237], [  -16.22837325,   17.56206557,   19.37711466,   -1.91436355,     11.74929999,    7.84646227,   15.98466312,   19.29656746,     46.72965141,   87.81070732,   30.57189392,   -0.56154131,     -5.57528097], [ -156.28810979,   62.06562665,   20.25266824,   12.11615729,      4.56867556,   16.26826682,   22.73043218,    0.66611809,      5.1397027 ,   30.57189392,   78.20924004,   29.83521358,      5.558693  ], [ -111.58028577,   -0.68975692,   20.53869295,   31.72981673,     16.91551791,   -3.71878707,   -0.9275274 ,   -3.38020795,     -5.1307517 ,   -0.56154131,   29.83521358,   76.56531895,     42.649572  ], [  -62.40722362,   -9.5715136 ,   22.41505863,   27.65468553,     25.11000257,    0.33845138,    3.19303536,    5.15687839,      8.22268237,   -5.57528097,    5.558693  ,   42.649572  ,     71.79962925]]
/root/sim/music/out/Bryan_Adams/Anthology_[Disc_1]/1-07_Somebody.mp3; [-528.4085    , 110.655556  ,  -8.538585  ,  27.741955  ,   2.5157237 ,    9.678907  ,   4.716569  ,   9.650084  ,   7.422916  ,   5.632009  ,    2.767146  ,   0.05973685,  -1.3858213 ]; [[16070.916309  ,  572.69052363, -284.61450958,  -14.81776297,   -202.32324111,   44.1132815 ,   46.42350945,  142.73224897,     38.79734996,   -9.46048098, -101.1458412 ,  -62.90243585,    -49.36116827], [  572.69052363,  922.9817275 , -127.39896977,   53.57856124,     37.78201584,   42.93579992,   46.18195925,   28.61079928,     40.06285941,   33.23355343,   32.50016918,    0.1450407 ,    -30.91662777], [ -284.61450958, -127.39896977,  421.8367277 ,    0.46045285,     49.97390478,   -1.7718195 ,  -50.09726419,  -29.32657263,    -36.57198247,    2.03561391,   17.75358986,    7.10800801,      9.85225177], [  -14.81776297,   53.57856124,    0.46045285,  204.80031935,     13.86257028,   11.619687  ,  -16.6321854 ,  -10.40598968,     13.9291845 ,  -12.14006925,    3.56263485,   28.06411279,      7.36240658], [ -202.32324111,   37.78201584,   49.97390478,   13.86257028,    124.32499771,   11.17628373,   -1.19279053,   -1.71365718,      2.8173637 ,   -1.63946879,   -1.4037519 ,   -3.21815804,     -1.6734041 ], [   44.1132815 ,   42.93579992,   -1.7718195 ,   11.619687  ,     11.17628373,  100.01782997,   40.51051338,   10.1307696 ,      1.39699606,    2.14499062,    3.23203163,   -7.64358411,    -12.30338406], [   46.42350945,   46.18195925,  -50.09726419,  -16.6321854 ,     -1.19279053,   40.51051338,  105.30159671,   37.35034264,     14.18219226,    0.16010618,   -4.80567768,  -10.71491651,    -10.12258132], [  142.73224897,   28.61079928,  -29.32657263,  -10.40598968,     -1.71365718,   10.1307696 ,   37.35034264,   79.43881807,     33.57458022,   -0.74500068,  -12.02035022,   -8.3309588 ,     -5.19113357], [   38.79734996,   40.06285941,  -36.57198247,   13.9291845 ,      2.8173637 ,    1.39699606,   14.18219226,   33.57458022,     78.99926152,   22.86832389,   -7.05616489,   -3.58154794,     -9.86590166], [   -9.46048098,   33.23355343,    2.03561391,  -12.14006925,     -1.63946879,    2.14499062,    0.16010618,   -0.74500068,     22.86832389,   64.65849   ,   23.58394863,   -4.02093838,    -11.61498714], [ -101.1458412 ,   32.50016918,   17.75358986,    3.56263485,     -1.4037519 ,    3.23203163,   -4.80567768,  -12.02035022,     -7.05616489,   23.58394863,   61.53651408,   20.55872128,     -3.48643147], [  -62.90243585,    0.1450407 ,    7.10800801,   28.06411279,     -3.21815804,   -7.64358411,  -10.71491651,   -8.3309588 ,     -3.58154794,   -4.02093838,   20.55872128,   59.01212162,     20.97624888], [  -49.36116827,  -30.91662777,    9.85225177,    7.36240658,     -1.6734041 ,  -12.30338406,  -10.12258132,   -5.19113357,     -9.86590166,  -11.61498714,   -3.48643147,   20.97624888,     56.16522238]]
/root/sim/music/out/Bryan_Adams/Anthology_[Disc_1]/1-12_Heat_Of_The_Night.mp3; [-514.1962   , 110.1136   , -20.134275 ,  27.883356 ,  -2.460192 ,    3.939141 ,   1.0336565,   1.1386188,   1.0198263,   3.8072298,    3.748222 ,   0.6170158,   1.5803624]; [[12553.90415567, -490.31328353, -705.75314161,  -72.15529212,   -282.08250595,   35.67835472, -100.20282555,   -1.25057889,    124.24443608,  200.32985718,   55.49672865,  -64.11743117,     -4.80991051], [ -490.31328353,  876.81179895, -176.47434036,  149.42539473,     10.51108658,   10.73474335,   66.58333468,   25.09130694,     -6.55371967,  -15.16416205,   17.65367707,   27.63254679,     -1.77501249], [ -705.75314161, -176.47434036,  678.46176178, -152.29746107,     85.232074  ,   43.94124006,  -22.99691594,    4.0181106 ,    -52.9842955 ,  -27.63070377,    7.65493603,   10.10653957,     10.93240841], [  -72.15529212,  149.42539473, -152.29746107,  305.12281124,     10.57518575,    2.3422652 ,   24.57427912,    0.34643131,     13.7590661 ,  -14.94643421,  -10.58031552,   25.37423959,      3.18091558], [ -282.08250595,   10.51108658,   85.232074  ,   10.57518575,    150.3146386 ,   29.79004194,   28.69418428,   18.79698628,     16.66649293,    8.02023319,    6.06286922,   18.02205219,     15.71450559], [   35.67835472,   10.73474335,   43.94124006,    2.3422652 ,     29.79004194,  102.77656877,   44.87605647,   17.67425991,      4.39335834,    7.11094489,   10.42518242,   -1.89301095,      5.05475048], [ -100.20282555,   66.58333468,  -22.99691594,   24.57427912,     28.69418428,   44.87605647,  130.04283622,   44.56190235,     20.11863819,   22.00695189,   19.89327167,    4.38930501,      6.08347798], [   -1.25057889,   25.09130694,    4.0181106 ,    0.34643131,     18.79698628,   17.67425991,   44.56190235,   73.01772043,     33.779889  ,   17.59112776,   11.1958189 ,    8.140669  ,      1.98040075], [  124.24443608,   -6.55371967,  -52.9842955 ,   13.7590661 ,     16.66649293,    4.39335834,   20.11863819,   33.779889  ,     92.48166442,   48.08596163,    9.89685054,    6.91342157,      1.78864049], [  200.32985718,  -15.16416205,  -27.63070377,  -14.94643421,      8.02023319,    7.11094489,   22.00695189,   17.59112776,     48.08596163,   92.67565609,   36.38235987,    3.07963079,     -1.30318757], [   55.49672865,   17.65367707,    7.65493603,  -10.58031552,      6.06286922,   10.42518242,   19.89327167,   11.1958189 ,      9.89685054,   36.38235987,   67.26697075,   25.26563551,      1.4330625 ], [  -64.11743117,   27.63254679,   10.10653957,   25.37423959,     18.02205219,   -1.89301095,    4.38930501,    8.140669  ,      6.91342157,    3.07963079,   25.26563551,   65.43143112,     19.7835023 ], [   -4.80991051,   -1.77501249,   10.93240841,    3.18091558,     15.71450559,    5.05475048,    6.08347798,    1.98040075,      1.78864049,   -1.30318757,    1.4330625 ,   19.7835023 ,     52.78792764]]
/root/sim/music/out/Bryan_Adams/Anthology_[Disc_1]/1-06_Run_To_You.mp3; [-546.77234   , 125.980034  , -12.977125  ,  18.569569  ,  -1.4162813 ,    9.365136  ,   5.866305  ,   9.141372  ,   2.857517  ,   5.038748  ,    0.20780587,  -0.13786799,  -2.2525542 ]; [[18843.23833315,  -60.63538894,  468.91808908,  180.25029395,    112.27566788,  194.63094846,   -4.22688349,  157.75217006,     51.10570478,   64.47838483,  -15.70526721,  105.55127037,     25.11746202], [  -60.63538894, 1625.1372306 , -594.05975002,  179.81928983,    -89.61170871,  -94.35697434,   48.71629623,    9.93615758,     26.2310066 ,   47.23978741,   12.39897377,  -52.7615711 ,     -4.62940652], [  468.91808908, -594.05975002,  836.66285124,  -91.86653839,    173.89555685,  102.73419636,   30.49491943,   53.22486275,      8.79380066,   20.03324232,   42.61299072,   32.82607536,     11.79641271], [  180.25029395,  179.81928983,  -91.86653839,  271.30763337,     69.25362536,   55.60308357,   26.10532265,   35.44018374,     50.79661201,    5.20393608,   -7.71185497,    9.54338889,      2.87912305], [  112.27566788,  -89.61170871,  173.89555685,   69.25362536,    205.22580124,   85.75713706,   46.44205904,   32.94314247,     37.27591336,   12.98631486,    9.40158601,   20.8480518 ,      4.40977639], [  194.63094846,  -94.35697434,  102.73419636,   55.60308357,     85.75713706,  161.1451503 ,   57.83737414,   43.97414668,     24.15686139,   12.45241729,   15.48193042,    3.03956384,     -1.25705567], [   -4.22688349,   48.71629623,   30.49491943,   26.10532265,     46.44205904,   57.83737414,  113.59126072,   50.02648432,     20.07218544,   16.87033478,   12.69975354,   -3.17349483,     -0.87392049], [  157.75217006,    9.93615758,   53.22486275,   35.44018374,     32.94314247,   43.97414668,   50.02648432,  103.05725731,     39.31083245,   14.87033301,    4.08345107,   -0.61791601,      3.60624901], [   51.10570478,   26.2310066 ,    8.79380066,   50.79661201,     37.27591336,   24.15686139,   20.07218544,   39.31083245,     96.86565196,   25.39884333,   -1.20368519,   -4.01085725,      0.04333654], [   64.47838483,   47.23978741,   20.03324232,    5.20393608,     12.98631486,   12.45241729,   16.87033478,   14.87033301,     25.39884333,   76.03767481,   30.46039278,   -5.87357932,    -14.72355601], [  -15.70526721,   12.39897377,   42.61299072,   -7.71185497,      9.40158601,   15.48193042,   12.69975354,    4.08345107,     -1.20368519,   30.46039278,   78.37937585,   10.35407091,    -12.44943467], [  105.55127037,  -52.7615711 ,   32.82607536,    9.54338889,     20.8480518 ,    3.03956384,   -3.17349483,   -0.61791601,     -4.01085725,   -5.87357932,   10.35407091,   71.02130693,     25.72668039], [   25.11746202,   -4.62940652,   11.79641271,    2.87912305,      4.40977639,   -1.25705567,   -0.87392049,    3.60624901,      0.04333654,  -14.72355601,  -12.44943467,   25.72668039,     69.3107395 ]]
/root/sim/music/out/Bryan_Adams/Anthology_[Disc_1]/1-17_Thought_I'D_Died_And_Gone_To_He.mp3; [-539.80664   , 104.218704  ,  -4.193971  ,  12.989726  ,   0.11187406,    1.4050857 ,  -0.37859222,  -1.1332904 ,   0.58509266,   4.3828893 ,   -1.0843989 ,  -2.133764  ,  -5.23319   ]; [[14549.25287365,  341.32677752,  -11.8665861 , -105.75076861,     51.85897777,  158.50203586,  -16.37204065,  -31.67669054,    -25.1161949 ,   13.32213459,   -5.48560676,   53.50125292,    -37.70765927], [  341.32677752,  701.59502325,  -83.06623934,   62.50426943,    -23.97547775,  -13.40746682,   46.07831079,   34.20813126,      8.30565214,    0.68439557,   25.84952121,   -8.16694594,     12.41661329], [  -11.8665861 ,  -83.06623934,  744.58960707,  -36.69632855,    107.11671558,    9.18377515,   10.29416359,   45.20530741,    -34.88704369,  -51.23450514,   26.87325709,   -5.00834354,    -25.68031156], [ -105.75076861,   62.50426943,  -36.69632855,  244.16364464,     37.77095786,   -3.34052536,   -0.44121426,    9.71303014,     22.38339992,   32.96466979,   13.62316027,   28.12571144,     28.02874863], [   51.85897777,  -23.97547775,  107.11671558,   37.77095786,    144.19575213,   26.13238966,    1.53044453,    6.60973146,     12.22834262,   -2.02740627,    6.25727679,    8.27279842,      9.27274759], [  158.50203586,  -13.40746682,    9.18377515,   -3.34052536,     26.13238966,  119.41779243,   45.85458905,   12.28832642,      0.7126209 ,    9.8096109 ,    8.13462657,   -0.54841226,     -0.25246054], [  -16.37204065,   46.07831079,   10.29416359,   -0.44121426,      1.53044453,   45.85458905,  125.81956301,   44.97295054,      9.48139449,   13.37497177,   17.13729871,   -3.79417432,      6.48424393], [  -31.67669054,   34.20813126,   45.20530741,    9.71303014,      6.60973146,   12.28832642,   44.97295054,   98.62383186,     32.93487512,    5.18449482,    9.75797278,   -3.95380213,      0.30728494], [  -25.1161949 ,    8.30565214,  -34.88704369,   22.38339992,     12.22834262,    0.7126209 ,    9.48139449,   32.93487512,    100.61853944,   41.85841366,    2.42225699,   -5.40525312,      2.84977422], [   13.32213459,    0.68439557,  -51.23450514,   32.96466979,     -2.02740627,    9.8096109 ,   13.37497177,    5.18449482,     41.85841366,   92.55974963,   29.67256402,   -1.81127919,      0.03006599], [   -5.48560676,   25.84952121,   26.87325709,   13.62316027,      6.25727679,    8.13462657,   17.13729871,    9.75797278,      2.42225699,   29.67256402,   73.8407423 ,   25.90935387,      3.2395994 ], [   53.50125292,   -8.16694594,   -5.00834354,   28.12571144,      8.27279842,   -0.54841226,   -3.79417432,   -3.95380213,     -5.40525312,   -1.81127919,   25.90935387,   75.94359351,     33.63423931], [  -37.70765927,   12.41661329,  -25.68031156,   28.02874863,      9.27274759,   -0.25246054,    6.48424393,    0.30728494,      2.84977422,    0.03006599,    3.2395994 ,   33.63423931,     73.58889815]]
/root/sim/music/out/Bryan_Adams/Anthology_[Disc_1]/1-09_Summer_Of_'69.mp3; [-535.7339    , 108.39277   , -15.228595  ,  17.664415  ,   0.43487337,    4.41407   ,   1.0514594 ,   4.976553  ,   0.85242146,   2.9847186 ,    0.21804552,  -5.3411636 ,  -5.607239  ]; [[18931.62956534,  356.44434261,   87.57396129, -148.46757719,   -183.8336722 ,  106.65176657, -159.84104219,   25.29871033,     30.77461812,    6.66570622,  -53.83531914,  -89.30866745,    -10.49312452], [  356.44434261,  816.21418797, -212.76045429,  131.98432597,    -32.4080982 ,  -58.9347553 ,   38.50781987,   -8.03022394,     -2.61639277,   12.56860826,   13.30168575,    9.57096194,     17.10408229], [   87.57396129, -212.76045429,  399.75665914,  -61.74522826,     45.21612063,   20.65028644,  -50.35036548,  -11.74668212,    -21.39813901,  -18.20636159,   -9.86241996,   -6.8181442 ,     -1.33996542], [ -148.46757719,  131.98432597,  -61.74522826,  272.16747826,     36.07563808,   33.22690042,   44.61427307,   27.43113163,     31.50185088,    4.24601979,    5.37614972,   43.91290989,     19.3204399 ], [ -183.8336722 ,  -32.4080982 ,   45.21612063,   36.07563808,    167.18550459,   33.56246734,   24.90502593,   15.21414669,     26.39680599,   19.005609  ,   14.02050949,   21.93063667,     15.4566478 ], [  106.65176657,  -58.9347553 ,   20.65028644,   33.22690042,     33.56246734,  130.29151016,   57.06418444,   33.33786521,      5.5491313 ,    6.6778294 ,   23.52532508,   11.30256682,      6.16061251], [ -159.84104219,   38.50781987,  -50.35036548,   44.61427307,     24.90502593,   57.06418444,  154.87042331,   57.39720139,     27.16770565,   24.74135772,   35.28817948,   29.04403321,     11.47018664], [   25.29871033,   -8.03022394,  -11.74668212,   27.43113163,     15.21414669,   33.33786521,   57.39720139,   90.51720354,     41.73537243,   28.50383614,   15.09559196,   19.3068499 ,      4.59951307], [   30.77461812,   -2.61639277,  -21.39813901,   31.50185088,     26.39680599,    5.5491313 ,   27.16770565,   41.73537243,    100.02798278,   48.80013768,   13.8593517 ,    9.89241296,     -0.66779958], [    6.66570622,   12.56860826,  -18.20636159,    4.24601979,     19.005609  ,    6.6778294 ,   24.74135772,   28.50383614,     48.80013768,   95.70819125,   39.16745611,   19.52902534,     -2.23831254], [  -53.83531914,   13.30168575,   -9.86241996,    5.37614972,     14.02050949,   23.52532508,   35.28817948,   15.09559196,     13.8593517 ,   39.16745611,   77.16190428,   34.31825967,      6.72816687], [  -89.30866745,    9.57096194,   -6.8181442 ,   43.91290989,     21.93063667,   11.30256682,   29.04403321,   19.3068499 ,      9.89241296,   19.52902534,   34.31825967,   78.23537058,     29.11435085], [  -10.49312452,   17.10408229,   -1.33996542,   19.3204399 ,     15.4566478 ,    6.16061251,   11.47018664,    4.59951307,     -0.66779958,   -2.23831254,    6.72816687,   29.11435085,     57.5287352 ]]
