/root/sim/music/out/Oasis/Stop_The_Clocks_[Disc_1]/01-Rock_'N'_Roll_Star.mp3; [-464.05823  , 103.76096  , -42.05138  ,  31.253214 ,  10.570861 ,    9.83341  ,   2.3190076,   1.0509045,   1.911015 ,   5.0678906,   -1.7032529,  -4.3087163,  -2.8722944]; [[6337.67642346,-263.54853632, 314.44321622,-226.48797345,  77.62366117,    25.78416263, 119.36436258, 102.76382378,  41.49245815,  28.64625715,    30.59427445,  12.86243402,  44.1939099 ], [-263.54853632, 529.25950064,-286.3229545 , 134.41278093, -46.42037053,   -38.33236686,  36.77258404, -20.54538265,  22.71961159,  -5.78975842,    -6.01282817,  -1.50813297, -17.29952285], [ 314.44321622,-286.3229545 , 299.43406298, -68.72962611,  45.12538461,    -0.53387407, -16.68546574,  29.11276305,  -3.10767263,   6.30415322,     6.28926672,   8.8821268 ,  19.73585987], [-226.48797345, 134.41278093, -68.72962611, 190.9738805 ,  34.18805416,   -30.55083582, -39.0212842 , -27.87551869,  12.45331149,   0.7894787 ,   -10.28639019, -18.74022206, -18.78470245], [  77.62366117, -46.42037053,  45.12538461,  34.18805416, 109.95463205,     4.70527195,  17.48185812,  -2.78662478,  20.16735458,  10.05906879,     1.65047035,  -3.96877427,   5.36104319], [  25.78416263, -38.33236686,  -0.53387407, -30.55083582,   4.70527195,    90.30288079,  34.18196674,   7.51911716, -11.26189655,  -0.62802565,     8.0771237 ,   8.30293074,  10.36965586], [ 119.36436258,  36.77258404, -16.68546574, -39.0212842 ,  17.48185812,    34.18196674, 107.60298828,  35.93378289,  14.95135743,  -8.74009322,     5.32077947,  14.13327419,  12.39129014], [ 102.76382378, -20.54538265,  29.11276305, -27.87551869,  -2.78662478,     7.51911716,  35.93378289,  58.11485206,  22.5686924 ,   2.11016709,    -2.42544141,   6.08186801,   7.815937  ], [  41.49245815,  22.71961159,  -3.10767263,  12.45331149,  20.16735458,   -11.26189655,  14.95135743,  22.5686924 ,  61.26332797,  28.74526047,     5.07228844,  -3.19091087,   3.22375608], [  28.64625715,  -5.78975842,   6.30415322,   0.7894787 ,  10.05906879,    -0.62802565,  -8.74009322,   2.11016709,  28.74526047,  52.92472202,    25.62517052,   5.25819895,   0.8951169 ], [  30.59427445,  -6.01282817,   6.28926672, -10.28639019,   1.65047035,     8.0771237 ,   5.32077947,  -2.42544141,   5.07228844,  25.62517052,    49.3896098 ,  25.39935091,   9.71300698], [  12.86243402,  -1.50813297,   8.8821268 , -18.74022206,  -3.96877427,     8.30293074,  14.13327419,   6.08186801,  -3.19091087,   5.25819895,    25.39935091,  46.58845455,  24.68614997], [  44.1939099 , -17.29952285,  19.73585987, -18.78470245,   5.36104319,    10.36965586,  12.39129014,   7.815937  ,   3.22375608,   0.8951169 ,     9.71300698,  24.68614997,  46.09332224]]
/root/sim/music/out/Oasis/Stop_The_Clocks_[Disc_1]/02-Some_Might_Say.mp3; [-447.21207   , 111.72081   , -36.858448  ,  23.563316  ,  -0.8821811 ,    0.55632526,   6.889319  ,  -1.3957462 ,  -0.6392487 ,   3.8194535 ,   -0.17239513,   2.9004347 ,  -3.5569088 ]; [[5432.7949414 ,-393.47220954, 244.00803672,-326.96058509, -25.80729031,    15.82729897, -26.5691564 , -55.28816154,  61.45952655,  62.43728422,     6.90754727, -25.49445851,   7.8993223 ], [-393.47220954, 479.44576225,-144.03435128, 124.05225077, -51.62521959,   -26.84241173, -23.10626415,  -3.90805179, -26.75652359, -10.42097982,   -13.81452615,  -7.78296874,   1.2224062 ], [ 244.00803672,-144.03435128, 309.23274279,-110.88035811,  84.30147565,    -7.50978049,   0.19143907,   2.97005888,  25.44099121,  14.04844817,    10.32022201,   9.50482218,  20.1711639 ], [-326.96058509, 124.05225077,-110.88035811, 175.46445769, -21.26975878,     1.77233104,  -4.27525972,   2.13227587, -14.93556557, -12.23566423,    -6.5782024 ,  13.24359702,   3.37608282], [ -25.80729031, -51.62521959,  84.30147565, -21.26975878, 100.79956084,     9.94391346,  17.03688203,   7.40161022,   7.38716783,   6.62471218,     4.55152378,   9.04189034,  17.36721794], [  15.82729897, -26.84241173,  -7.50978049,   1.77233104,   9.94391346,   112.91888491,  34.88698758,  12.47390153,  17.91716178,  20.48954673,    21.97349321,   4.68738178,  23.89934546], [ -26.5691564 , -23.10626415,   0.19143907,  -4.27525972,  17.03688203,    34.88698758,  82.95975693,   9.16343518,  12.24867964,  -0.63318334,    14.3953087 ,  12.47250843,   6.74701805], [ -55.28816154,  -3.90805179,   2.97005888,   2.13227587,   7.40161022,    12.47390153,   9.16343518,  64.66233842,  20.64351759,  14.92412381,     9.20923062,   5.80601038,  13.47760515], [  61.45952655, -26.75652359,  25.44099121, -14.93556557,   7.38716783,    17.91716178,  12.24867964,  20.64351759,  86.51806445,  31.54565299,    30.55330848,   1.10610365,  21.1988608 ], [  62.43728422, -10.42097982,  14.04844817, -12.23566423,   6.62471218,    20.48954673,  -0.63318334,  14.92412381,  31.54565299,  60.10547613,    28.53885675,   7.41758907,  11.90348497], [   6.90754727, -13.81452615,  10.32022201,  -6.5782024 ,   4.55152378,    21.97349321,  14.3953087 ,   9.20923062,  30.55330848,  28.53885675,    60.80476504,  18.46885565,  18.86376173], [ -25.49445851,  -7.78296874,   9.50482218,  13.24359702,   9.04189034,     4.68738178,  12.47250843,   5.80601038,   1.10610365,   7.41758907,    18.46885565,  45.03110918,  17.01473063], [   7.8993223 ,   1.2224062 ,  20.1711639 ,   3.37608282,  17.36721794,    23.89934546,   6.74701805,  13.47760515,  21.1988608 ,  11.90348497,    18.86376173,  17.01473063,  56.595982  ]]
/root/sim/music/out/Oasis/Stand_By_Me/04_Going_Nowhere.mp3; [-512.08673   , 124.48059   ,   4.0641723 ,  17.193878  ,  -2.686919  ,    1.3475112 ,  -5.057618  ,  -1.6360785 ,  -0.42774954,  -2.0308175 ,   -2.001365  ,  -0.511397  ,  -4.3750005 ]; [[12986.54579341, -345.6363042 , -790.77426449,  -57.71145594,   -277.19800948,    7.36618309,  -63.04281202,  -49.75567767,    190.81728396,   37.50488739,    6.3421805 ,   29.2266805 ,     -4.71252423], [ -345.6363042 ,  876.89430902,  -57.53566757,   38.01289603,      7.33005837,   -8.80870226,   35.75636603,   10.64791957,    -21.25007127,   -4.69134429,   14.73086309,   25.28238175,      0.647742  ], [ -790.77426449,  -57.53566757,  547.17347921,  -32.56144508,     94.32886424,   51.21220146,    9.87401079,   33.5675945 ,    -37.07389877,  -10.57246551,   -1.23699613,  -46.63264028,    -13.57392065], [  -57.71145594,   38.01289603,  -32.56144508,  208.27936253,     35.42525097,   -1.95042259,    1.97209777,    9.49523205,     -8.95265953,  -11.27457228,  -16.94216623,   22.44508612,     12.2047269 ], [ -277.19800948,    7.33005837,   94.32886424,   35.42525097,    165.46948619,   -4.88402369,  -25.05396466,    5.06618164,     -5.18904964,    1.68447389,  -12.25846209,   -7.53749051,     12.49411462], [    7.36618309,   -8.80870226,   51.21220146,   -1.95042259,     -4.88402369,  108.97738207,   36.41962528,   11.50232287,      3.80551077,    9.27124073,    0.31296252,  -14.15256947,     -7.06280522], [  -63.04281202,   35.75636603,    9.87401079,    1.97209777,    -25.05396466,   36.41962528,  107.18016392,   25.94005925,     -5.24551382,   -6.85748056,    4.34358306,   10.52856871,     -7.83880922], [  -49.75567767,   10.64791957,   33.5675945 ,    9.49523205,      5.06618164,   11.50232287,   25.94005925,   70.63087343,      2.94120988,   -3.13415011,   -5.84162139,    3.36704881,     -0.24378094], [  190.81728396,  -21.25007127,  -37.07389877,   -8.95265953,     -5.18904964,    3.80551077,   -5.24551382,    2.94120988,     74.56259812,   25.31034094,   12.6050956 ,   -0.60016087,     -2.28767557], [   37.50488739,   -4.69134429,  -10.57246551,  -11.27457228,      1.68447389,    9.27124073,   -6.85748056,   -3.13415011,     25.31034094,   70.42639312,   22.59893613,    1.28021423,      0.94148086], [    6.3421805 ,   14.73086309,   -1.23699613,  -16.94216623,    -12.25846209,    0.31296252,    4.34358306,   -5.84162139,     12.6050956 ,   22.59893613,   69.08010035,   27.04515129,     -6.04665023], [   29.2266805 ,   25.28238175,  -46.63264028,   22.44508612,     -7.53749051,  -14.15256947,   10.52856871,    3.36704881,     -0.60016087,    1.28021423,   27.04515129,   77.02184062,     20.32767496], [   -4.71252423,    0.647742  ,  -13.57392065,   12.2047269 ,     12.49411462,   -7.06280522,   -7.83880922,   -0.24378094,     -2.28767557,    0.94148086,   -6.04665023,   20.32767496,     61.71475274]]
/root/sim/music/out/Oasis/Stand_By_Me/01_Stand_By_Me.mp3; [-461.20047   , 106.84693   , -16.975262  ,  34.314907  ,   2.782391  ,    7.976476  ,  -5.3549337 ,   0.7334796 ,  -1.6468829 ,   0.11925534,    0.9983624 ,   1.7028731 ,  -3.10102   ]; [[2734.75687259,-207.54201084, 235.17227614,-219.66172618,  99.56615346,   -28.35272915, -13.41292226,  24.56230632, -90.7167639 ,  23.78135589,   -39.20668686, -47.39733942, -38.79634761], [-207.54201084, 436.49575378,-197.00334503,  58.31871245, -82.27090553,     0.96067239,  23.99858053,  -4.0268621 ,  14.32849741,   3.59987547,    10.46219129,  -1.1605953 , -19.32854827], [ 235.17227614,-197.00334503, 312.85494657, -57.33596962, 101.78380881,   -16.86090486,   6.96094388,   9.058524  , -42.69864031,  -2.52305061,    -7.79671353, -14.70474912,  14.4900819 ], [-219.66172618,  58.31871245, -57.33596962, 213.71023665,  19.51035395,     8.16113146, -45.44824582, -21.60214911,  19.65054544, -26.6219015 ,    -2.47584275,  17.42395458,  22.0183199 ], [  99.56615346, -82.27090553, 101.78380881,  19.51035395, 143.47975438,     8.52461777,   5.85414548,  -8.67318085,  -8.53650972, -18.57769643,   -12.697305  , -12.70461043,   4.41806759], [ -28.35272915,   0.96067239, -16.86090486,   8.16113146,   8.52461777,    74.71490928,  42.89798189,   3.95534403,   3.86006026,   3.73612589,     5.28955921,  -0.4687755 ,  -0.00903523], [ -13.41292226,  23.99858053,   6.96094388, -45.44824582,   5.85414548,    42.89798189, 116.43184962,  27.97995399,   8.229039  ,   4.10961649,     2.17287574, -16.80604405,  -8.07140483], [  24.56230632,  -4.0268621 ,   9.058524  , -21.60214911,  -8.67318085,     3.95534403,  27.97995399,  68.65016127,  12.59409226,  11.24313241,    -2.60311824,  -6.0009658 ,  -4.95594151], [ -90.7167639 ,  14.32849741, -42.69864031,  19.65054544,  -8.53650972,     3.86006026,   8.229039  ,  12.59409226,  74.40862295,  11.68265297,     4.89188743,  -5.14773179,  -4.75097244], [  23.78135589,   3.59987547,  -2.52305061, -26.6219015 , -18.57769643,     3.73612589,   4.10961649,  11.24313241,  11.68265297,  70.89589078,    20.99718075,   2.84376086,  -2.87836183], [ -39.20668686,  10.46219129,  -7.79671353,  -2.47584275, -12.697305  ,     5.28955921,   2.17287574,  -2.60311824,   4.89188743,  20.99718075,    47.96461492,  20.26431545,   5.87635843], [ -47.39733942,  -1.1605953 , -14.70474912,  17.42395458, -12.70461043,    -0.4687755 , -16.80604405,  -6.0009658 ,  -5.14773179,   2.84376086,    20.26431545,  54.67135214,  23.33749472], [ -38.79634761, -19.32854827,  14.4900819 ,  22.0183199 ,   4.41806759,    -0.00903523,  -8.07140483,  -4.95594151,  -4.75097244,  -2.87836183,     5.87635843,  23.33749472,  51.94392758]]
/root/sim/music/out/Oasis/Stand_By_Me/03_My_Sister_Lover.mp3; [-455.93585   ,  98.61284   ,  -8.878168  ,  39.163223  ,  -2.4065104 ,    7.6178174 ,   0.85328364,   2.2757654 ,  -1.6322623 ,  -1.2972279 ,    0.84670043,  -3.3981996 ,  -6.145912  ]; [[7808.63252107,-543.62161011, 351.22247923,-476.13929148,   9.34821065,    41.66328019,  57.45487748,  32.48380822,  -1.55723271,   6.80473717,   -17.59590136, -19.18620203, -86.37944792], [-543.62161011, 419.15707953,-188.91463951, 159.45332874, -53.78173325,    20.35430002,  13.2977638 ,   9.63698995,  17.22662201,  16.28965352,     0.52494254,   4.65767484,  21.32712275], [ 351.22247923,-188.91463951, 248.49022413,-105.08388669,  68.51762994,   -47.93892646, -12.96600585, -14.22221947,   6.16852525,   5.46504368,   -12.53687042,  10.14213561,  -8.52886739], [-476.13929148, 159.45332874,-105.08388669, 295.68740799,  18.64723439,    14.36215967, -63.09398863,   5.42574554, -11.76616007,  -7.5538772 ,     9.55425965,  21.5105977 ,  36.5598746 ], [   9.34821065, -53.78173325,  68.51762994,  18.64723439,  90.64973942,   -12.65509743,  -2.32914511,  -8.62392595,   9.31685895,   4.55096232,     2.24626025,  14.04938241,   9.75837095], [  41.66328019,  20.35430002, -47.93892646,  14.36215967, -12.65509743,    76.70071739,  32.80318158,  18.06973381,  -2.52669874,   2.85054267,     9.5190601 ,  -2.97047423,   2.68479656], [  57.45487748,  13.2977638 , -12.96600585, -63.09398863,  -2.32914511,    32.80318158, 105.47261964,  21.27299424,  20.73886921,   3.02287573,    12.72595697,  -4.24517412,  -2.52690739], [  32.48380822,   9.63698995, -14.22221947,   5.42574554,  -8.62392595,    18.06973381,  21.27299424,  53.01730248,  14.49722568,   7.20924959,     4.20551302,   1.18219764,   5.4120806 ], [  -1.55723271,  17.22662201,   6.16852525, -11.76616007,   9.31685895,    -2.52669874,  20.73886921,  14.49722568,  55.38843685,  20.02770261,     4.47205226,   0.86561378,   4.54193027], [   6.80473717,  16.28965352,   5.46504368,  -7.5538772 ,   4.55096232,     2.85054267,   3.02287573,   7.20924959,  20.02770261,  48.03680667,    12.9052049 ,   7.31565424,   1.61716232], [ -17.59590136,   0.52494254, -12.53687042,   9.55425965,   2.24626025,     9.5190601 ,  12.72595697,   4.20551302,   4.47205226,  12.9052049 ,    48.03307856,  14.21235274,   5.47704677], [ -19.18620203,   4.65767484,  10.14213561,  21.5105977 ,  14.04938241,    -2.97047423,  -4.24517412,   1.18219764,   0.86561378,   7.31565424,    14.21235274,  37.38249319,  17.38055931], [ -86.37944792,  21.32712275,  -8.52886739,  36.5598746 ,   9.75837095,     2.68479656,  -2.52690739,   5.4120806 ,   4.54193027,   1.61716232,     5.47704677,  17.38055931,  40.15738054]]
/root/sim/music/out/Oasis/Stand_By_Me/02_(I_Got)_The_Fever.mp3; [-433.55472   ,  92.42953   , -11.10322   ,  42.167446  ,  -4.7018967 ,    8.822015  ,  -2.9626966 ,  -0.50358635,  -1.887969  ,  -0.161655  ,   -4.1250587 ,  -1.8826336 ,  -4.0571976 ]; [[ 948.46674632,-222.46121827, 358.02871806, -98.73060121,  92.79998689,   -55.80290203, -19.79809267,  39.68769568,  -4.99024784,  37.50780335,    20.97466931,  30.30287142, -15.20425531], [-222.46121827, 371.21905555,-155.91313746,  37.40494866, -48.71741397,   -22.60694003,   9.17197229,  -8.64294666,   5.01554806,  -3.19794287,    -1.94897031, -15.91384805,  -1.08901086], [ 358.02871806,-155.91313746, 364.5681358 , -47.60171154,  76.90128406,   -41.49981311,   1.49630725,  16.00137864,  -6.64497563,   6.50062159,     4.74219186,  24.22881418,  -4.39211029], [ -98.73060121,  37.40494866, -47.60171154, 147.17859906,  16.15671736,    37.83156142, -10.61415839,  -6.25707484,   1.22332073, -18.8564    ,     7.61397456,  -4.84846697,  20.44995278], [  92.79998689, -48.71741397,  76.90128406,  16.15671736,  93.12527365,    14.92813436,   9.9287587 ,   3.91004298,   3.48329478,   3.95626717,    -0.71979465,   9.31737459,   3.36863864], [ -55.80290203, -22.60694003, -41.49981311,  37.83156142,  14.92813436,    99.7576775 ,  42.11169189,  11.76179196,  11.00320255,   6.59748117,     9.41491151,   0.89127579,   3.35112912], [ -19.79809267,   9.17197229,   1.49630725, -10.61415839,   9.9287587 ,    42.11169189,  79.55086283,  24.45991674,  13.52539157,   6.81987448,     7.52542181,   3.03094395,  -1.42492726], [  39.68769568,  -8.64294666,  16.00137864,  -6.25707484,   3.91004298,    11.76179196,  24.45991674,  52.36662193,  18.89156986,  12.45442394,     2.87213238,   4.14547559,  -0.0875199 ], [  -4.99024784,   5.01554806,  -6.64497563,   1.22332073,   3.48329478,    11.00320255,  13.52539157,  18.89156986,  56.07441733,  20.83908234,     9.23762687,   0.02851729,   0.90793849], [  37.50780335,  -3.19794287,   6.50062159, -18.8564    ,   3.95626717,     6.59748117,   6.81987448,  12.45442394,  20.83908234,  56.41920333,    18.70999074,   7.68826697,  -7.78814109], [  20.97466931,  -1.94897031,   4.74219186,   7.61397456,  -0.71979465,     9.41491151,   7.52542181,   2.87213238,   9.23762687,  18.70999074,    43.89376429,  14.12626162,   2.93336073], [  30.30287142, -15.91384805,  24.22881418,  -4.84846697,   9.31737459,     0.89127579,   3.03094395,   4.14547559,   0.02851729,   7.68826697,    14.12626162,  44.94097244,  16.4530769 ], [ -15.20425531,  -1.08901086,  -4.39211029,  20.44995278,   3.36863864,     3.35112912,  -1.42492726,  -0.0875199 ,   0.90793849,  -7.78814109,     2.93336073,  16.4530769 ,  44.39176403]]
/root/sim/music/out/Oasis/Stop_The_Clocks_[Disc_2]/02-Acquiesce.mp3; [-447.52972  ,  98.9651   , -34.097088 ,  30.560694 ,   0.5599775,    4.6694155,   7.5890937,   4.6707625,   1.6009115,   4.8302274,    1.619163 ,   3.7411387,  -2.5179155]; [[3459.36610085,-881.82333833, 497.20022847, 137.27820603, 230.00444711,   155.24034195,  83.98535899,  93.33424196, -23.85998052, -18.83641059,   -70.58513542, -50.60828537, 111.53488619], [-881.82333833, 718.23262763,-293.64857433,  63.32757995,-117.5249912 ,   -60.44223415,  16.55038368,  -6.17714712,   2.64670437,  23.97259494,    19.84275193,  28.13211357, -67.56707276], [ 497.20022847,-293.64857433, 366.77425886, -27.20117331,  87.04086915,    20.87765359,  11.68172264,  34.72676484, -16.85799399,   7.34995625,     1.58886311, -19.50976786,  31.49598977], [ 137.27820603,  63.32757995, -27.20117331, 158.43455005,  32.44000113,    14.62809562,   3.24144928,  11.17551954,  11.31380418,   3.89383163,   -17.01430548,  10.70253143,  12.5372584 ], [ 230.00444711,-117.5249912 ,  87.04086915,  32.44000113, 132.81298796,    24.88378054,   1.42204919,   3.05905738,  17.16388633,   6.63890526,   -11.84521394,  -5.1488108 ,  22.87898412], [ 155.24034195, -60.44223415,  20.87765359,  14.62809562,  24.88378054,    91.15586893,  23.88228161,  19.53181896,  10.52562223,   7.50231688,    13.12997428,  -2.72025018,  12.55661072], [  83.98535899,  16.55038368,  11.68172264,   3.24144928,   1.42204919,    23.88228161,  92.95850695,  36.54216729,   2.31577861,   4.22602046,    11.85156372,  11.61959541,  -4.88106047], [  93.33424196,  -6.17714712,  34.72676484,  11.17551954,   3.05905738,    19.53181896,  36.54216729,  84.98613026,  24.84605856,  25.55853933,     8.42639946,  10.82923348,   0.73866247], [ -23.85998052,   2.64670437, -16.85799399,  11.31380418,  17.16388633,    10.52562223,   2.31577861,  24.84605856,  76.69899672,  25.39510926,    13.25264985,  -0.97797461,   7.17532308], [ -18.83641059,  23.97259494,   7.34995625,   3.89383163,   6.63890526,     7.50231688,   4.22602046,  25.55853933,  25.39510926,  66.00492929,    25.31148039,   7.67991275,  -7.61563403], [ -70.58513542,  19.84275193,   1.58886311, -17.01430548, -11.84521394,    13.12997428,  11.85156372,   8.42639946,  13.25264985,  25.31148039,    61.43999579,  16.09747923,   0.58507346], [ -50.60828537,  28.13211357, -19.50976786,  10.70253143,  -5.1488108 ,    -2.72025018,  11.61959541,  10.82923348,  -0.97797461,   7.67991275,    16.09747923,  47.78756176,  11.27255911], [ 111.53488619, -67.56707276,  31.49598977,  12.5372584 ,  22.87898412,    12.55661072,  -4.88106047,   0.73866247,   7.17532308,  -7.61563403,     0.58507346,  11.27255911,  58.46564656]]
/root/sim/music/out/Oasis/Stop_The_Clocks_[Disc_2]/03-Supersonic.mp3; [-469.95474   ,  84.927536  , -12.219106  ,  37.441193  ,  18.043995  ,    0.03996113,   1.161451  ,   9.755552  ,   1.233155  ,   1.408803  ,   -2.363     ,   3.4950442 ,  -2.860193  ]; [[7160.58614215, 615.7849073 ,-156.1939482 ,  62.02866593,   2.71358102,   -13.12947838,  38.65760095,  95.15170995, -49.22008267, -38.36602022,   -19.67058522, -78.8251273 , -70.05857759], [ 615.7849073 , 723.3086514 ,-196.70164447,  62.98945533,  57.15643926,   -55.19929613, 114.66912676,  57.27546   ,   4.69282703,  13.56941877,     9.53104867,  30.15814192,   1.2394192 ], [-156.1939482 ,-196.70164447, 308.37069728,  19.49821496,   7.87420294,    37.56777752, -53.42537337,  11.55983198,  11.56637453,   9.54781272,    25.5366142 ,  -6.72118033,   6.60656597], [  62.02866593,  62.98945533,  19.49821496, 177.91060197,  85.400532  ,     0.04556845,  -6.23863633,  15.83802359,  23.25735289,  19.90081061,    19.9748151 ,  14.42422364,   3.27094808], [   2.71358102,  57.15643926,   7.87420294,  85.400532  , 122.85973589,    16.61393078,  16.16895192,  21.80578917,  12.56754024,  11.09679409,    12.4572674 ,  22.32422059,   2.68541885], [ -13.12947838, -55.19929613,  37.56777752,   0.04556845,  16.61393078,    84.12545693,  38.20042217,  12.63010752,  -1.08923214,  -6.03152875,    -0.40176569,  -3.82471371,   1.76807298], [  38.65760095, 114.66912676, -53.42537337,  -6.23863633,  16.16895192,    38.20042217, 133.65745161,  52.58962047,  12.56246911,   0.57131815,    -3.50758849,  13.01601587,   3.65073632], [  95.15170995,  57.27546   ,  11.55983198,  15.83802359,  21.80578917,    12.63010752,  52.58962047,  89.80071177,  25.26814442,  12.93447458,    11.86512916,  11.42404825,   8.5078096 ], [ -49.22008267,   4.69282703,  11.56637453,  23.25735289,  12.56754024,    -1.08923214,  12.56246911,  25.26814442,  58.71582404,  31.82719134,    13.89364116,   9.05679993,   2.51891409], [ -38.36602022,  13.56941877,   9.54781272,  19.90081061,  11.09679409,    -6.03152875,   0.57131815,  12.93447458,  31.82719134,  65.32783483,    31.49370838,  14.48176725,   6.39945641], [ -19.67058522,   9.53104867,  25.5366142 ,  19.9748151 ,  12.4572674 ,    -0.40176569,  -3.50758849,  11.86512916,  13.89364116,  31.49370838,    55.60656194,  28.46925462,   8.07529419], [ -78.8251273 ,  30.15814192,  -6.72118033,  14.42422364,  22.32422059,    -3.82471371,  13.01601587,  11.42404825,   9.05679993,  14.48176725,    28.46925462,  57.42583792,  23.10566843], [ -70.05857759,   1.2394192 ,   6.60656597,   3.27094808,   2.68541885,     1.76807298,   3.65073632,   8.5078096 ,   2.51891409,   6.39945641,     8.07529419,  23.10566843,  43.26731987]]
/root/sim/music/out/Oasis/Stop_The_Clocks_[Disc_2]/04-Half_The_World_Away.mp3; [-611.1897   , 146.01611  ,   1.4659183,  10.173332 ,   6.6429677,   -0.1312225,  -2.8325512,   3.1765997,  -1.6466978,  -2.7862093,   -1.7065299,  -5.630946 ,  -8.102954 ]; [[10789.67930086,-2960.10204068, -977.55841058,  -98.2171469 ,   -190.50347042,   39.65899296,  -24.40367299,  177.34152019,    110.77711486,  -77.42264611,  212.83297511,   49.89463359,    -49.40452404], [-2960.10204068, 2247.49742474,   82.27503589, -130.8348162 ,    -84.14040805,  -85.02005068,  -34.71770573,  -45.26517264,    -10.48163496,   -6.63379324,  -15.29208264,    3.74809072,     -0.98404599], [ -977.55841058,   82.27503589,  533.52618417,  -13.13004701,     25.43590619,   37.58631254,   15.13462957,  -33.20283963,     -7.64078233,   17.82782504,  -26.69231564,   20.52066822,     36.42314157], [  -98.2171469 , -130.8348162 ,  -13.13004701,  338.41386204,    164.93837121,  -36.64643104,   29.72093441,   12.18118933,     -3.28199089,   46.37338201,  -46.34605067,  -17.34307348,     49.39341175], [ -190.50347042,  -84.14040805,   25.43590619,  164.93837121,    250.73425614,   -0.03242686,  -30.50569613,  -13.35748091,     31.46917587,   40.30284674,  -41.50458048,   -4.88435482,     28.57016803], [   39.65899296,  -85.02005068,   37.58631254,  -36.64643104,     -0.03242686,  187.81766727,   43.97571414,    4.62787535,     45.91450819,    4.43342495,   40.39813343,   27.0165075 ,    -18.81839043], [  -24.40367299,  -34.71770573,   15.13462957,   29.72093441,    -30.50569613,   43.97571414,  152.51978878,   35.77134384,    -27.17968167,   13.60578413,   25.91936567,   16.86879838,      4.6080267 ], [  177.34152019,  -45.26517264,  -33.20283963,   12.18118933,    -13.35748091,    4.62787535,   35.77134384,   90.45472776,     20.03349031,  -15.20310179,   15.98824174,   18.38704541,     -0.22478611], [  110.77711486,  -10.48163496,   -7.64078233,   -3.28199089,     31.46917587,   45.91450819,  -27.17968167,   20.03349031,    119.36644493,    9.00654989,    8.19407909,   15.5153573 ,     -1.59934829], [  -77.42264611,   -6.63379324,   17.82782504,   46.37338201,     40.30284674,    4.43342495,   13.60578413,  -15.20310179,      9.00654989,   92.10672522,   10.07412735,  -10.98854292,     19.67629607], [  212.83297511,  -15.29208264,  -26.69231564,  -46.34605067,    -41.50458048,   40.39813343,   25.91936567,   15.98824174,      8.19407909,   10.07412735,   96.94878198,   31.73558167,     -3.8261652 ], [   49.89463359,    3.74809072,   20.52066822,  -17.34307348,     -4.88435482,   27.0165075 ,   16.86879838,   18.38704541,     15.5153573 ,  -10.98854292,   31.73558167,   88.70768093,      6.5968214 ], [  -49.40452404,   -0.98404599,   36.42314157,   49.39341175,     28.57016803,  -18.81839043,    4.6080267 ,   -0.22478611,     -1.59934829,   19.67629607,   -3.8261652 ,    6.5968214 ,     81.14979553]]
/root/sim/music/out/Oasis/Stop_The_Clocks_[Disc_2]/07-Morning_Glory.mp3; [-470.42215  , 115.220406 , -44.51884  ,  41.758602 ,  -4.0575867,    5.8760023,  -2.764458 ,   5.694451 ,   0.5878082,  -4.6269326,    2.4703271,   3.0497248,  -4.669301 ]; [[ 6524.09272258,-1110.63515887, -798.11509198,  141.64446159,   -109.10636448,   66.68921257,   79.1848922 ,  261.23367176,    151.25908693,   91.08273673,  140.39184472,  121.10702919,    -34.44135057], [-1110.63515887,  670.19788425,   -9.96080096,   40.87772693,    -50.93207512,   12.6518757 ,   -9.64683656,  -48.52118519,    -12.9366678 ,  -21.85218737,  -31.23767211,  -48.25273087,    -10.58062382], [ -798.11509198,   -9.96080096,  467.70735018,  -59.70643428,    135.72691264,  -20.34910628,   10.04805284,   -8.92054231,    -28.66127078,   11.46150428,  -10.328077  ,   21.34355599,     27.34748084], [  141.64446159,   40.87772693,  -59.70643428,  401.50654965,     23.29507702,   37.33635833,  -35.40372683,    5.25939003,     25.59149959,  -23.04791121,   27.36575922,   15.98174698,      8.69350672], [ -109.10636448,  -50.93207512,  135.72691264,   23.29507702,    119.71263429,   22.45812432,   22.91691801,    3.62396202,     -1.8295283 ,    8.41862444,    5.6336987 ,   17.95758965,     17.74261594], [   66.68921257,   12.6518757 ,  -20.34910628,   37.33635833,     22.45812432,   79.87920606,   46.09161696,   24.54132704,      9.60640418,    3.73788467,   13.73996785,   10.21895183,      3.11511459], [   79.1848922 ,   -9.64683656,   10.04805284,  -35.40372683,     22.91691801,   46.09161696,   93.58169016,   46.30405016,      9.44145544,    7.85649942,   11.19329328,   16.48449397,      8.07259544], [  261.23367176,  -48.52118519,   -8.92054231,    5.25939003,      3.62396202,   24.54132704,   46.30405016,   74.78794761,     29.99725547,   21.22518418,   12.72441328,   15.47213273,      3.85706968], [  151.25908693,  -12.9366678 ,  -28.66127078,   25.59149959,     -1.8295283 ,    9.60640418,    9.44145544,   29.99725547,     54.52289433,   27.15129024,   16.64271775,    2.04519186,     -3.38391744], [   91.08273673,  -21.85218737,   11.46150428,  -23.04791121,      8.41862444,    3.73788467,    7.85649942,   21.22518418,     27.15129024,   63.9458851 ,   24.82177014,    7.96257579,     -4.17848134], [  140.39184472,  -31.23767211,  -10.328077  ,   27.36575922,      5.6336987 ,   13.73996785,   11.19329328,   12.72441328,     16.64271775,   24.82177014,   53.09550123,   28.54717442,      7.70321815], [  121.10702919,  -48.25273087,   21.34355599,   15.98174698,     17.95758965,   10.21895183,   16.48449397,   15.47213273,      2.04519186,    7.96257579,   28.54717442,   56.54694957,     26.0856356 ], [  -34.44135057,  -10.58062382,   27.34748084,    8.69350672,     17.74261594,    3.11511459,    8.07259544,    3.85706968,     -3.38391744,   -4.17848134,    7.70321815,   26.0856356 ,     44.80147493]]
/root/sim/music/out/Oasis/Stop_The_Clocks_[Disc_2]/05-Go_Let_It_Out.mp3; [-479.87927   , 104.78541   , -15.847954  ,  28.43999   ,  -1.9895662 ,    7.2538066 ,  -1.3043505 ,   7.246228  ,  -0.8387243 ,   3.2246284 ,    1.3604606 ,   0.7855482 ,  -0.96905774]; [[12152.49243627, -187.73238449, -236.87036099,   39.77329404,   -302.02899367, -318.75914769, -145.00696035,  126.54669197,     14.3750639 ,  145.09467148,  185.52881842,   40.26236539,     37.92884347], [ -187.73238449,  448.46558678, -149.93393109,  -40.80830784,    -37.66645028,  -23.78702209,   -8.82460049,   12.99150051,      5.0328653 ,   16.5719218 ,   10.46327738,    1.80408459,      4.41851832], [ -236.87036099, -149.93393109,  484.21330641,   -5.32749273,      1.3344515 ,   21.1895159 ,   -7.63574415,   14.557879  ,    -17.5854465 ,  -28.64765394,    0.23322627,   -8.14451655,     -6.03208471], [   39.77329404,  -40.80830784,   -5.32749273,  180.50856127,     59.54556408,   10.32089   ,   -7.00668248,   -6.09105126,      7.53403055,   -3.69450585,    0.98662034,   18.23552931,     19.759386  ], [ -302.02899367,  -37.66645028,    1.3344515 ,   59.54556408,    129.49544217,   46.10131697,   22.24872405,  -13.97084015,      9.40178824,   -7.51044244,  -11.812436  ,    5.04432883,      3.45530289], [ -318.75914769,  -23.78702209,   21.1895159 ,   10.32089   ,     46.10131697,  117.05301619,   67.89605592,    6.47190857,      3.16520454,   -3.78654575,   -9.50619959,  -11.77931974,    -10.60706261], [ -145.00696035,   -8.82460049,   -7.63574415,   -7.00668248,     22.24872405,   67.89605592,  117.49083615,   15.74114358,     10.8173155 ,   -2.69406079,   -0.61181949,   -7.16604   ,    -13.8158563 ], [  126.54669197,   12.99150051,   14.557879  ,   -6.09105126,    -13.97084015,    6.47190857,   15.74114358,   70.47008416,     18.50336854,    7.68916258,    5.11599912,    4.98703328,      4.05523163], [   14.3750639 ,    5.0328653 ,  -17.5854465 ,    7.53403055,      9.40178824,    3.16520454,   10.8173155 ,   18.50336854,     57.16046541,   19.78002175,    9.06786294,   -0.39091032,     -0.25593854], [  145.09467148,   16.5719218 ,  -28.64765394,   -3.69450585,     -7.51044244,   -3.78654575,   -2.69406079,    7.68916258,     19.78002175,   70.75006875,   25.08741338,    4.62881764,      1.85710767], [  185.52881842,   10.46327738,    0.23322627,    0.98662034,    -11.812436  ,   -9.50619959,   -0.61181949,    5.11599912,      9.06786294,   25.08741338,   54.55565362,   19.93144432,      5.15782321], [   40.26236539,    1.80408459,   -8.14451655,   18.23552931,      5.04432883,  -11.77931974,   -7.16604   ,    4.98703328,     -0.39091032,    4.62881764,   19.93144432,   54.10510644,     28.28209975], [   37.92884347,    4.41851832,   -6.03208471,   19.759386  ,      3.45530289,  -10.60706261,  -13.8158563 ,    4.05523163,     -0.25593854,    1.85710767,    5.15782321,   28.28209975,     52.23407466]]
/root/sim/music/out/Oasis/Stop_The_Clocks_[Disc_2]/01-Live_Forever.mp3; [-474.16922  , 102.345894 , -20.951397 ,  33.600567 ,  14.039677 ,   14.057711 ,   0.2735477,  12.292289 ,   6.3747234,   8.989695 ,    2.1946623,   5.384601 ,   1.6456664]; [[13214.08936872,  488.28698733, -978.22830744,    1.59529974,   -145.7750081 ,  122.85704958,  127.90027809,  427.32143131,    228.56030324,  -37.64959986, -492.19597448, -372.17154173,    -16.04923195], [  488.28698733,  913.73978073, -481.26702799,  -21.90838692,    -44.87316401, -143.89271984,  -68.23060173,  -97.84919477,      0.48942366,   36.84342323,    4.62951422,   54.5398563 ,     39.06700714], [ -978.22830744, -481.26702799,  659.03617816,   29.45894675,     47.66059253,   72.13551002,   -4.05870277,   37.72444432,    -27.07155864,  -21.43524499,   51.16929045,  -18.46347168,     -8.96715068], [    1.59529974,  -21.90838692,   29.45894675,  199.44070717,     54.04840481,   15.82769657,    3.95181481,   13.74415159,     17.88988292,   13.9025618 ,   10.0855773 ,   20.13702264,     -9.66710188], [ -145.7750081 ,  -44.87316401,   47.66059253,   54.04840481,    102.91468485,   33.11804798,   14.44022244,   -1.15962918,      5.40095918,    8.74163386,   12.82716023,    5.20328936,     -6.69115785], [  122.85704958, -143.89271984,   72.13551002,   15.82769657,     33.11804798,  144.63718608,   76.57501384,   38.30597327,     -1.14076061,    1.07933901,   -0.04478077,  -18.12575083,    -11.8545804 ], [  127.90027809,  -68.23060173,   -4.05870277,    3.95181481,     14.44022244,   76.57501384,  136.32502771,   59.67012064,      5.45372575,   -2.72217392,  -15.36134836,  -13.11406995,    -14.30751571], [  427.32143131,  -97.84919477,   37.72444432,   13.74415159,     -1.15962918,   38.30597327,   59.67012064,  111.44715036,     36.56169756,   -5.89394864,  -28.13916241,  -23.16553724,     -5.61150789], [  228.56030324,    0.48942366,  -27.07155864,   17.88988292,      5.40095918,   -1.14076061,    5.45372575,   36.56169756,     65.45323685,   24.76164026,  -10.15363519,   -7.32132283,     -1.40072995], [  -37.64959986,   36.84342323,  -21.43524499,   13.9025618 ,      8.74163386,    1.07933901,   -2.72217392,   -5.89394864,     24.76164026,   63.60606191,   27.34039681,    4.42874641,     -2.19807395], [ -492.19597448,    4.62951422,   51.16929045,   10.0855773 ,     12.82716023,   -0.04478077,  -15.36134836,  -28.13916241,    -10.15363519,   27.34039681,   76.80357706,   39.17255753,      2.38307782], [ -372.17154173,   54.5398563 ,  -18.46347168,   20.13702264,      5.20328936,  -18.12575083,  -13.11406995,  -23.16553724,     -7.32132283,    4.42874641,   39.17255753,   74.24233073,     19.87354743], [  -16.04923195,   39.06700714,   -8.96715068,   -9.66710188,     -6.69115785,  -11.8545804 ,  -14.30751571,   -5.61150789,     -1.40072995,   -2.19807395,    2.38307782,   19.87354743,     48.3227875 ]]
/root/sim/music/out/Oasis/Stop_The_Clocks_[Disc_2]/06-Songbird.mp3; [-531.76154   , 111.1884    ,   9.821414  ,   0.15226294,  -5.9351177 ,    0.74849087,  -1.0361714 ,  -2.7200432 ,  -7.7351623 ,   0.5600418 ,   -2.5602405 ,   3.0432553 ,  -2.5425448 ]; [[5535.30826253,-301.05660856, 345.4424064 , -93.0326997 ,  -7.81565845,  -131.24020191,-142.13942146,  10.37014633,  32.72723214, 130.72273764,    22.46892633,-180.34911098,-174.88082167], [-301.05660856, 807.10183695,-382.69944559,  12.09799655, -42.6450251 ,   -49.93143736,  48.59931339,  -3.60027457, -25.32711222,  29.01837329,   -22.56652377,  46.19356943,  29.72394156], [ 345.4424064 ,-382.69944559, 429.20569741,  -0.27048125,  57.57218598,     2.66715581, -46.97088128, -12.14651768,  35.87161047,  15.14562298,    22.82796757, -38.26025436, -50.10272564], [ -93.0326997 ,  12.09799655,  -0.27048125, 214.89453383,  46.22529194,   -52.25630276, -55.6384949 ,   4.1653672 ,   3.62863279,   1.08204642,     2.60564662, -35.50894302, -12.41738437], [  -7.81565845, -42.6450251 ,  57.57218598,  46.22529194, 146.60841707,    -5.41637668, -22.55392752,   0.12962814,  25.79657263,  -2.85545839,    -5.21586841,  -9.39070644,  -6.83335017], [-131.24020191, -49.93143736,   2.66715581, -52.25630276,  -5.41637668,   140.10391938,  62.25186983, -10.3180965 ,   8.21637142, -13.85942766,   -14.51225777,  39.39902678,  12.72675394], [-142.13942146,  48.59931339, -46.97088128, -55.6384949 , -22.55392752,    62.25186983, 127.14144124,  17.01783883,  -6.07275437,  -9.85007315,    -5.17198673,  31.96787186,  16.98666254], [  10.37014633,  -3.60027457, -12.14651768,   4.1653672 ,   0.12962814,   -10.3180965 ,  17.01783883,  84.7674973 ,  10.87635719,  -2.56923503,    10.34232862,  -6.049511  ,   6.0961826 ], [  32.72723214, -25.32711222,  35.87161047,   3.62863279,  25.79657263,     8.21637142,  -6.07275437,  10.87635719,  85.70011589,  21.03096953,    -7.45367367,   0.58015353,  -8.66864133], [ 130.72273764,  29.01837329,  15.14562298,   1.08204642,  -2.85545839,   -13.85942766,  -9.85007315,  -2.56923503,  21.03096953,  88.45486699,    27.65738313, -14.23525244, -19.29772241], [  22.46892633, -22.56652377,  22.82796757,   2.60564662,  -5.21586841,   -14.51225777,  -5.17198673,  10.34232862,  -7.45367367,  27.65738313,    75.4332488 ,   1.88202649,  -8.92044932], [-180.34911098,  46.19356943, -38.26025436, -35.50894302,  -9.39070644,    39.39902678,  31.96787186,  -6.049511  ,   0.58015353, -14.23525244,     1.88202649,  91.59779504,  31.83506334], [-174.88082167,  29.72394156, -50.10272564, -12.41738437,  -6.83335017,    12.72675394,  16.98666254,   6.0961826 ,  -8.66864133, -19.29772241,    -8.92044932,  31.83506334,  80.81339637]]
/root/sim/music/out/Oasis/Stop_The_Clocks_[Disc_2]/08-Champagne_Supernova.mp3; [-497.7523   , 130.43896  , -17.025324 ,  25.86785  ,  -2.60175  ,    3.5684168,  -4.136473 ,   2.7868254, -10.163853 ,  -1.4670156,    0.3354737,   2.4655955,  -1.9206946]; [[ 7416.76696802,-1173.85630405, -233.18732142,  169.11378632,    -86.85051594,  398.01866906,  123.82181906,  248.37716414,    420.66076729,  267.9037292 ,  107.71077302,  360.33699387,    147.43542689], [-1173.85630405,  994.22924739,  -15.12186624,   30.62293507,     64.64908944,  -64.93871723,   23.49855869,    6.15093846,    -74.61691897,  -17.41204629,   11.67706724,  -73.32399888,    -34.72921391], [ -233.18732142,  -15.12186624,  564.49433945,  -17.60618454,     91.74484872,  -49.11648874,  -36.03515905,    2.16631045,     33.38815302,   13.73881102,  -32.61708846,   19.15720205,     -0.09875032], [  169.11378632,   30.62293507,  -17.60618454,  255.97104889,     62.99435335,   22.19702935,  -14.95754305,   12.54803734,     22.23273827,    0.35975021,    4.5215648 ,   21.14649684,     38.64609239], [  -86.85051594,   64.64908944,   91.74484872,   62.99435335,    140.21378413,   10.12124085,  -12.58152031,    8.79114733,     14.83849502,   12.41319583,    4.30720424,   11.66009941,     10.30532061], [  398.01866906,  -64.93871723,  -49.11648874,   22.19702935,     10.12124085,  143.85683838,   64.88128411,   24.38456334,      8.34262276,    8.96373093,   31.57367189,   17.97576869,     -4.92917264], [  123.82181906,   23.49855869,  -36.03515905,  -14.95754305,    -12.58152031,   64.88128411,  106.76247098,   35.80400945,     11.02423601,    5.63595764,   17.22831827,    4.15684374,     -5.06958528], [  248.37716414,    6.15093846,    2.16631045,   12.54803734,      8.79114733,   24.38456334,   35.80400945,   92.49322553,     47.77728231,   27.67286193,    2.4794549 ,   15.31980677,      5.95019677], [  420.66076729,  -74.61691897,   33.38815302,   22.23273827,     14.83849502,    8.34262276,   11.02423601,   47.77728231,    143.68152964,   76.57303889,    1.66291625,   29.31045846,     30.28193091], [  267.9037292 ,  -17.41204629,   13.73881102,    0.35975021,     12.41319583,    8.96373093,    5.63595764,   27.67286193,     76.57303889,  115.68980715,   24.17345313,   15.2748144 ,      7.2061687 ], [  107.71077302,   11.67706724,  -32.61708846,    4.5215648 ,      4.30720424,   31.57367189,   17.22831827,    2.4794549 ,      1.66291625,   24.17345313,   78.7160784 ,   25.88513086,      5.32329662], [  360.33699387,  -73.32399888,   19.15720205,   21.14649684,     11.66009941,   17.97576869,    4.15684374,   15.31980677,     29.31045846,   15.2748144 ,   25.88513086,   82.43401118,     36.38617044], [  147.43542689,  -34.72921391,   -0.09875032,   38.64609239,     10.30532061,   -4.92917264,   -5.06958528,    5.95019677,     30.28193091,    7.2061687 ,    5.32329662,   36.38617044,     70.96487885]]
