/root/sim/music/out/Oasis/Be_Here_Now/09_Be_Here_Now.mp3; [-462.4953    ,  87.611824  , -19.539997  ,  34.88346   ,   4.921167  ,   11.932579  ,   6.892163  ,   4.0980043 ,  -6.1059685 ,  -0.95481557,   -2.4357812 ,  -6.887612  ,  -6.913148  ]; [[6869.8829417 ,  12.59399491, 443.20121853,  55.72448927, 194.19327728,   181.94601257,  31.43831965, -80.59325175,  37.30989976,-112.48253067,   -59.58148141,  56.83411862,-104.54457795], [  12.59399491, 498.86253099, -20.09156682, 209.82564623,  55.65937186,    76.75005833,  34.29046294, -19.49311963,  38.42300932,  -6.74649266,   -13.27434503,  60.47754867,  15.64475236], [ 443.20121853, -20.09156682, 472.53402132,  51.44075358, 148.06469116,    44.81566592,  24.71886854, -65.18053245,  12.5858854 , -37.82588973,    -3.09855291,  74.02157388, -17.74057768], [  55.72448927, 209.82564623,  51.44075358, 229.99758894,  82.30852651,    65.47696329,   7.59820416, -31.47839321,  23.91624066, -20.17949796,   -12.49410406,  54.47761918,  21.27910759], [ 194.19327728,  55.65937186, 148.06469116,  82.30852651, 145.45775458,    42.98310322,  17.48796403, -34.68827209,  18.82010127, -22.62017601,    -4.76840103,  42.74879651,   6.38244645], [ 181.94601257,  76.75005833,  44.81566592,  65.47696329,  42.98310322,    97.36197014,  42.18204565,  -3.71332909,   8.61046902, -10.79615046,    -4.3056051 ,  24.19500345,  -2.8404607 ], [  31.43831965,  34.29046294,  24.71886854,   7.59820416,  17.48796403,    42.18204565,  90.83724039,  14.99879901,  16.3262198 ,  -2.82335303,     3.66129022,   7.41996867,  -2.53136693], [ -80.59325175, -19.49311963, -65.18053245, -31.47839321, -34.68827209,    -3.71332909,  14.99879901,  80.29671851,   3.64876194,  25.4262303 ,    14.64271202, -26.13379183,   6.9186667 ], [  37.30989976,  38.42300932,  12.5858854 ,  23.91624066,  18.82010127,     8.61046902,  16.3262198 ,   3.64876194,  72.82178543,  16.55215142,    -3.10921262,  11.42507273,  -0.65400394], [-112.48253067,  -6.74649266, -37.82588973, -20.17949796, -22.62017601,   -10.79615046,  -2.82335303,  25.4262303 ,  16.55215142,  60.80871325,    23.34740614,  -8.27879514,   0.07500493], [ -59.58148141, -13.27434503,  -3.09855291, -12.49410406,  -4.76840103,    -4.3056051 ,   3.66129022,  14.64271202,  -3.10921262,  23.34740614,    60.66640876,   6.88919989,  15.63359311], [  56.83411862,  60.47754867,  74.02157388,  54.47761918,  42.74879651,    24.19500345,   7.41996867, -26.13379183,  11.42507273,  -8.27879514,     6.88919989,  82.49833196,  16.91843208], [-104.54457795,  15.64475236, -17.74057768,  21.27910759,   6.38244645,    -2.8404607 ,  -2.53136693,   6.9186667 ,  -0.65400394,   0.07500493,    15.63359311,  16.91843208,  57.0016474 ]]
/root/sim/music/out/Oasis/Be_Here_Now/03_Magic_Pie.mp3; [-484.93533   , 114.28614   , -10.114114  ,  27.225622  ,  -3.0179338 ,    3.0149124 ,  -1.5086792 ,  -2.4861062 ,   0.11675923,   2.8109415 ,   -4.483964  ,  -1.5335037 ,  -2.1051404 ]; [[9670.82546559,-945.75980503,-518.97414282,  -0.11182522,  99.94755199,   233.11948954,   7.32426941, -70.47626103,  22.77039511,-124.0167377 ,   107.68519705,  94.49584781,  -7.91459222], [-945.75980503,1147.63379442, 211.31275128,  77.57284929, 119.85177996,    36.96984877,-103.39193427, -32.73644398, -42.97590367, -23.13112273,   -12.13335271,   1.65316537,  42.94510959], [-518.97414282, 211.31275128, 565.19115432, -26.84530597, 160.68928284,   -26.18195097, -15.6059558 , -15.09621584, -55.07749865, -30.81603111,   -47.52830637, -42.07208948, -23.8641335 ], [  -0.11182522,  77.57284929, -26.84530597, 193.21155537,  46.93282638,    54.65074826,  -2.4822485 ,  18.48796065,   3.51532056,   1.29060794,     1.24995205,  10.93658613,  29.21351548], [  99.94755199, 119.85177996, 160.68928284,  46.93282638, 190.23685623,    33.2699794 , -19.98393133,   8.58630676,   8.39246143,  -9.694027  ,   -11.58120737,  -1.68550051,  14.95781132], [ 233.11948954,  36.96984877, -26.18195097,  54.65074826,  33.2699794 ,   119.87109966,  41.28698657,  35.72012783,   0.25951776,  -4.23401858,     4.57371695,   6.74083712,   5.87596368], [   7.32426941,-103.39193427, -15.6059558 ,  -2.4822485 , -19.98393133,    41.28698657, 119.10626544,  40.30460679,  -2.75657593,  -8.14327687,    -1.13421643, -10.91802245, -21.69322866], [ -70.47626103, -32.73644398, -15.09621584,  18.48796065,   8.58630676,    35.72012783,  40.30460679,  89.90238553,  28.45739669,  12.18791699,     7.82615132,   3.70144555,   6.14344207], [  22.77039511, -42.97590367, -55.07749865,   3.51532056,   8.39246143,     0.25951776,  -2.75657593,  28.45739669, 101.83974606,  41.38411974,    18.4112481 ,  16.83936989,   8.05546827], [-124.0167377 , -23.13112273, -30.81603111,   1.29060794,  -9.694027  ,    -4.23401858,  -8.14327687,  12.18791699,  41.38411974,  68.34023097,    30.99174163,  15.44572147,   9.10560101], [ 107.68519705, -12.13335271, -47.52830637,   1.24995205, -11.58120737,     4.57371695,  -1.13421643,   7.82615132,  18.4112481 ,  30.99174163,    63.80096327,  29.46383816,  14.16942192], [  94.49584781,   1.65316537, -42.07208948,  10.93658613,  -1.68550051,     6.74083712, -10.91802245,   3.70144555,  16.83936989,  15.44572147,    29.46383816,  61.55613603,  37.54387375], [  -7.91459222,  42.94510959, -23.8641335 ,  29.21351548,  14.95781132,     5.87596368, -21.69322866,   6.14344207,   8.05546827,   9.10560101,    14.16942192,  37.54387375,  70.21844833]]
/root/sim/music/out/Oasis/Be_Here_Now/05_I_Hope_I_Think_I_Know.mp3; [-452.8453    ,  94.22453   , -26.709026  ,  43.84645   ,   1.421779  ,    9.161241  ,  -1.7946861 ,  -0.9168414 ,   0.01414245,  -0.55498356,   -0.5475022 ,  -1.205172  ,  -3.6115804 ]; [[6957.73538498,-473.63890637,  89.88389793,  35.47722556, 272.54108106,   146.67478806,-277.87734809, 260.02729187, -52.28803017, 131.58222223,   120.53609322, 115.79275129, 102.49825263], [-473.63890637, 367.78352116,-133.7313899 ,  73.72139448, -84.8785661 ,     7.48905847,  24.13576071, -14.07561846,  20.53423214,  -3.79940083,    -7.22551355, -10.61963326,  -6.4320884 ], [  89.88389793,-133.7313899 , 226.82216224, -39.13752673,  75.0570168 ,   -20.750309  , -19.13839718,   5.9371679 ,  -4.45030652,   6.58750168,    -0.36855335,   0.83078804,   3.94223203], [  35.47722556,  73.72139448, -39.13752673, 138.31455197,  16.99949792,    19.73703706, -16.33882544,  -6.34146864,   4.50374323,  -0.69908217,     8.76892471,  16.13329014,  14.00501826], [ 272.54108106, -84.8785661 ,  75.0570168 ,  16.99949792, 104.24729152,    26.13927016, -12.22296461,   9.69672027,   6.517256  ,  11.33686965,    12.21790189,  14.10033808,  13.8855411 ], [ 146.67478806,   7.48905847, -20.750309  ,  19.73703706,  26.13927016,    72.96391563,  22.06851665,  22.09159242,   2.31483406,  14.21410653,     9.80784674,  10.21490129,   6.00495847], [-277.87734809,  24.13576071, -19.13839718, -16.33882544, -12.22296461,    22.06851665,  90.06587696,   1.85119019,   9.05424515, -11.31591862,     2.70500932,  -8.09956122,  -4.25946277], [ 260.02729187, -14.07561846,   5.9371679 ,  -6.34146864,   9.69672027,    22.09159242,   1.85119019,  86.18377586,  17.17415048,  29.70849632,    -0.65164438,   8.72585363,  10.05195533], [ -52.28803017,  20.53423214,  -4.45030652,   4.50374323,   6.517256  ,     2.31483406,   9.05424515,  17.17415048,  60.25578094,  24.52376363,     8.99916132,  -1.87181854,   1.09958308], [ 131.58222223,  -3.79940083,   6.58750168,  -0.69908217,  11.33686965,    14.21410653, -11.31591862,  29.70849632,  24.52376363,  59.65650091,    15.64962532,   9.78496441,   0.39776419], [ 120.53609322,  -7.22551355,  -0.36855335,   8.76892471,  12.21790189,     9.80784674,   2.70500932,  -0.65164438,   8.99916132,  15.64962532,    45.26342678,  17.48508021,   8.21683186], [ 115.79275129, -10.61963326,   0.83078804,  16.13329014,  14.10033808,    10.21490129,  -8.09956122,   8.72585363,  -1.87181854,   9.78496441,    17.48508021,  43.88402886,  16.58018436], [ 102.49825263,  -6.4320884 ,   3.94223203,  14.00501826,  13.8855411 ,     6.00495847,  -4.25946277,  10.05195533,   1.09958308,   0.39776419,     8.21683186,  16.58018436,  39.14682712]]
/root/sim/music/out/Oasis/Be_Here_Now/06_The_Girl_In_The_Dirty_Shirt.mp3; [-479.3807   ,  96.76931  ,  -5.2686887,  29.834673 ,   1.8894199,    2.6351721,  -0.5556817,   1.5614587,  -1.074961 ,   1.4288695,   -1.8634951,  -0.6824221,  -1.3109242]; [[8393.36918331,-309.44995169,  92.91079039,  61.47309026,-232.06951116,   -14.91892959,-156.63261501, -11.75811263, -44.000092  ,  47.28281392,     5.6181667 , -17.69438366, -50.70436146], [-309.44995169, 796.13940869,-273.2111472 ,  76.97257455, -23.98160099,   -40.71032623,  65.91367004, -12.13548802,  17.5829302 ,  19.66611033,     6.40979438,   1.22925396,  -3.0563106 ], [  92.91079039,-273.2111472 , 469.71566076, -47.29654728,  97.83504205,    73.02967663, -17.92317855,  58.97151924,  -4.40909639, -19.16406341,     8.40912179,  10.74693675,  19.79961123], [  61.47309026,  76.97257455, -47.29654728, 230.71353963,  46.60198704,    11.40876995,  -6.80049604, -11.86886368,   8.98796811, -18.65983988,    -4.1571627 ,  19.90459877,  28.95582867], [-232.06951116, -23.98160099,  97.83504205,  46.60198704, 151.99525011,    32.7093674 ,  -4.2820365 ,  20.13037147,  -0.08431107, -17.64488033,    -9.80627435,   8.6843228 ,  23.17292688], [ -14.91892959, -40.71032623,  73.02967663,  11.40876995,  32.7093674 ,   111.80715632,  50.80468024,  28.80115765,   5.88551785,  -3.35893183,     7.65920138,   1.70601678,   6.37348354], [-156.63261501,  65.91367004, -17.92317855,  -6.80049604,  -4.2820365 ,    50.80468024, 113.13057061,  23.02775483,  12.05604457,  -2.97535874,     7.74751633,  -7.92870562,  -7.52255183], [ -11.75811263, -12.13548802,  58.97151924, -11.86886368,  20.13037147,    28.80115765,  23.02775483,  83.51822217,  20.7550229 ,   9.73836472,     2.94518674,  -0.5919483 ,   3.0601507 ], [ -44.000092  ,  17.5829302 ,  -4.40909639,   8.98796811,  -0.08431107,     5.88551785,  12.05604457,  20.7550229 ,  69.42051268,  21.20155428,    12.46075702,  -0.67494677,  -1.6224227 ], [  47.28281392,  19.66611033, -19.16406341, -18.65983988, -17.64488033,    -3.35893183,  -2.97535874,   9.73836472,  21.20155428,  71.515852  ,    27.18629268,   2.90982809, -11.35196565], [   5.6181667 ,   6.40979438,   8.40912179,  -4.1571627 ,  -9.80627435,     7.65920138,   7.74751633,   2.94518674,  12.46075702,  27.18629268,    56.08700881,  18.47644568,   1.56983291], [ -17.69438366,   1.22925396,  10.74693675,  19.90459877,   8.6843228 ,     1.70601678,  -7.92870562,  -0.5919483 ,  -0.67494677,   2.90982809,    18.47644568,  56.85128216,  25.48271586], [ -50.70436146,  -3.0563106 ,  19.79961123,  28.95582867,  23.17292688,     6.37348354,  -7.52255183,   3.0601507 ,  -1.6224227 , -11.35196565,     1.56983291,  25.48271586,  54.40503587]]
/root/sim/music/out/Oasis/Be_Here_Now/08_Don't_Go_Away.mp3; [-527.2372    , 108.195076  , -10.198102  ,  28.56664   ,   7.7205353 ,   -0.74491084,   3.5509858 ,   5.1402516 ,  -0.5007376 ,   0.4111425 ,   -0.432543  ,  -0.9875562 ,  -3.7433343 ]; [[15957.44696157,  362.28345601,-1501.72566896,  593.83005002,      1.30087398, -206.19381027, -213.63129833,  412.65787255,     15.2602782 ,  697.58633271,  198.86592515,  372.12014974,    223.29425941], [  362.28345601,  819.33541513, -328.67929251,   99.73194425,    -46.39499136,  -33.81369967,   41.38421675,   40.0338316 ,     13.12077204,   98.2588162 ,   29.75274042,   47.86934001,     -0.16698881], [-1501.72566896, -328.67929251,  636.48350895, -179.73243604,     68.54887305,   43.56968693,   -0.24764635,  -70.6760209 ,     -4.57603278, -139.98402586,  -38.87611228,  -71.68393596,    -22.42110861], [  593.83005002,   99.73194425, -179.73243604,  382.45929412,      3.31183801,  -26.71562255,  -56.30360844,   25.66524977,     45.29288196,   53.30165786,    7.5008388 ,   77.5799962 ,     52.85824221], [    1.30087398,  -46.39499136,   68.54887305,    3.31183801,    131.25639881,    2.20741288,    2.36276763,   -4.52207541,      9.98683065,    9.09504061,    7.43730084,    1.685093  ,     11.61613428], [ -206.19381027,  -33.81369967,   43.56968693,  -26.71562255,      2.20741288,  115.98899524,   33.77715114,   -0.19480974,    -12.62316707,    0.0075378 ,   -6.17654883,  -15.76422364,    -10.47205279], [ -213.63129833,   41.38421675,   -0.24764635,  -56.30360844,      2.36276763,   33.77715114,  121.1334032 ,   -3.3082672 ,     -3.80123612,  -14.57429633,    2.79602922,  -15.22380424,    -19.25139435], [  412.65787255,   40.0338316 ,  -70.6760209 ,   25.66524977,     -4.52207541,   -0.19480974,   -3.3082672 ,  110.02144752,     16.44840217,   57.63509804,   19.56632179,   32.30063281,     18.7042803 ], [   15.2602782 ,   13.12077204,   -4.57603278,   45.29288196,      9.98683065,  -12.62316707,   -3.80123612,   16.44840217,     80.51438006,   20.11765266,   14.28053986,    9.12501834,     12.59287131], [  697.58633271,   98.2588162 , -139.98402586,   53.30165786,      9.09504061,    0.0075378 ,  -14.57429633,   57.63509804,     20.11765266,  157.54027263,   39.52856837,   44.17045728,     23.56454412], [  198.86592515,   29.75274042,  -38.87611228,    7.5008388 ,      7.43730084,   -6.17654883,    2.79602922,   19.56632179,     14.28053986,   39.52856837,   79.36461924,   32.38281436,     10.83535616], [  372.12014974,   47.86934001,  -71.68393596,   77.5799962 ,      1.685093  ,  -15.76422364,  -15.22380424,   32.30063281,      9.12501834,   44.17045728,   32.38281436,   91.61420468,     40.62633973], [  223.29425941,   -0.16698881,  -22.42110861,   52.85824221,     11.61613428,  -10.47205279,  -19.25139435,   18.7042803 ,     12.59287131,   23.56454412,   10.83535616,   40.62633973,     74.29284436]]
/root/sim/music/out/Oasis/Be_Here_Now/10_All_Around_The_World.mp3; [-475.1621    ,  97.18844   ,  -3.797896  ,  38.00604   ,   1.900154  ,    4.752045  ,   0.8993694 ,   5.2898583 ,   0.05688447,   5.167551  ,   -1.2223953 ,   0.22576731,  -2.6170976 ]; [[5640.83478469,-965.15610093,-660.68451237, -64.27499188,-450.62462239,  -175.51349743,-216.90660763,-108.08388183, -50.8125374 ,   6.75228075,   -42.9451698 , -48.76123565, -70.58493838], [-965.15610093, 485.62811783,  24.88709985,  35.8577352 ,  73.10090933,    27.26343514,  60.83043648,  31.45583699,  11.11873425,  17.29563246,    15.8336311 ,   8.80229583,  13.91798121], [-660.68451237,  24.88709985, 358.64895458, -19.05313679, 121.60448941,    15.96903096,  14.3314632 ,  26.41193461,  -0.32536735, -13.03546015,    13.54316541,   6.0576219 ,  16.91482708], [ -64.27499188,  35.8577352 , -19.05313679, 144.57561752,  29.33264239,     4.90575152, -13.34009328, -11.20163827,  11.43373616, -12.58838063,     1.90887314,  20.63012975,  12.58513137], [-450.62462239,  73.10090933, 121.60448941,  29.33264239, 137.40025423,    26.51142664,  26.35402633,   9.28699495,  12.19049613,  -7.75936616,    14.44886746,  11.8448259 ,  18.95600006], [-175.51349743,  27.26343514,  15.96903096,   4.90575152,  26.51142664,    80.85050007,  41.73642174,   8.50437149,   4.96814927,   3.90477978,     1.35304222,   2.57327404,   3.73341862], [-216.90660763,  60.83043648,  14.3314632 , -13.34009328,  26.35402633,    41.73642174,  92.91982454,  24.15218868,  16.92728989,   4.88168689,     5.99814338,   2.79052334,   5.6581108 ], [-108.08388183,  31.45583699,  26.41193461, -11.20163827,   9.28699495,     8.50437149,  24.15218868,  68.70075333,  13.867481  ,  14.25764176,     3.53895236,  -0.90691678,   3.13150227], [ -50.8125374 ,  11.11873425,  -0.32536735,  11.43373616,  12.19049613,     4.96814927,  16.92728989,  13.867481  ,  59.15752273,  16.81335231,     5.39374032,  -0.62716291,   1.70357913], [   6.75228075,  17.29563246, -13.03546015, -12.58838063,  -7.75936616,     3.90477978,   4.88168689,  14.25764176,  16.81335231,  60.64085681,    16.04970803,   1.13266506,  -2.95993386], [ -42.9451698 ,  15.8336311 ,  13.54316541,   1.90887314,  14.44886746,     1.35304222,   5.99814338,   3.53895236,   5.39374032,  16.04970803,    45.47287667,  16.582268  ,   6.74971316], [ -48.76123565,   8.80229583,   6.0576219 ,  20.63012975,  11.8448259 ,     2.57327404,   2.79052334,  -0.90691678,  -0.62716291,   1.13266506,    16.582268  ,  48.67407995,  20.50442182], [ -70.58493838,  13.91798121,  16.91482708,  12.58513137,  18.95600006,     3.73341862,   5.6581108 ,   3.13150227,   1.70357913,  -2.95993386,     6.74971316,  20.50442182,  44.02725409]]
/root/sim/music/out/Oasis/Be_Here_Now/04_Stand_By_Me.mp3; [-460.74527   , 107.07606   , -16.984785  ,  34.348732  ,   2.799213  ,    7.985287  ,  -5.3966255 ,   0.71605694,  -1.6141934 ,   0.1307404 ,    0.9827474 ,   1.6937586 ,  -3.1054535 ]; [[2133.17296971,-360.47347283, 237.49889376,-259.96187052,  91.1323267 ,   -34.93832048,  -5.4357625 ,  17.30546555,-102.89759204,  16.98574809,   -35.14073919, -46.71060217, -38.0355547 ], [-360.47347283, 421.24078687,-195.07924515,  51.42863128, -83.81708335,    -2.19061237,  23.56640537,  -3.79789567,  15.90222709,   3.70083374,     9.76576183,  -2.03589279, -19.31811819], [ 237.49889376,-195.07924515, 316.37456563, -55.58015677, 104.0980698 ,   -14.57219244,   8.8764329 ,   9.95850291, -43.24954981,  -1.67799247,    -8.17264772, -14.70944746,  15.30415363], [-259.96187052,  51.42863128, -55.58015677, 212.27055667,  19.60325761,     8.37441325, -44.54257275, -21.41582357,  19.65309151, -26.62699743,    -2.36463934,  17.47542385,  22.52411983], [  91.1323267 , -83.81708335, 104.0980698 ,  19.60325761, 144.90372811,    10.09731235,   7.48184997,  -7.98946025,  -8.93685116, -18.59770052,   -12.91675369, -12.74156938,   5.28632375], [ -34.93832048,  -2.19061237, -14.57219244,   8.37441325,  10.09731235,    76.3716683 ,  44.42143309,   4.47140215,   3.07006864,   4.05491563,     5.41205763,  -0.52185181,   0.70062677], [  -5.4357625 ,  23.56640537,   8.8764329 , -44.54257275,   7.48184997,    44.42143309, 118.2077297 ,  28.64933387,   7.60982588,   4.21998698,     2.31971731, -16.61794433,  -7.50546247], [  17.30546555,  -3.79789567,   9.95850291, -21.41582357,  -7.98946025,     4.47140215,  28.64933387,  68.98254457,  12.4358193 ,  11.4364157 ,    -2.47283794,  -6.03604689,  -4.6830568 ], [-102.89759204,  15.90222709, -43.24954981,  19.65309151,  -8.93685116,     3.07006864,   7.60982588,  12.4358193 ,  74.93974665,  11.94699991,     4.75630014,  -5.33972504,  -5.0126127 ], [  16.98574809,   3.70083374,  -1.67799247, -26.62699743, -18.59770052,     4.05491563,   4.21998698,  11.4364157 ,  11.94699991,  71.21804306,    20.95328505,   2.71762474,  -2.82378825], [ -35.14073919,   9.76576183,  -8.17264772,  -2.36463934, -12.91675369,     5.41205763,   2.31971731,  -2.47283794,   4.75630014,  20.95328505,    48.46160582,  20.39130893,   5.91785774], [ -46.71060217,  -2.03589279, -14.70944746,  17.47542385, -12.74156938,    -0.52185181, -16.61794433,  -6.03604689,  -5.33972504,   2.71762474,    20.39130893,  54.71233626,  23.38005106], [ -38.0355547 , -19.31811819,  15.30415363,  22.52411983,   5.28632375,     0.70062677,  -7.50546247,  -4.6830568 ,  -5.0126127 ,  -2.82378825,     5.91785774,  23.38005106,  52.28465685]]
/root/sim/music/out/Oasis/Be_Here_Now/12_All_Around_The_World_(Reprise).mp3; [-546.8018    ,  99.666664  , -23.97077   ,  37.476486  ,   7.2225986 ,    8.183388  ,  -1.3650329 ,   0.87674546,   1.0466433 ,   1.9379534 ,   -2.1449382 ,   1.9375031 ,   0.7344375 ]; [[20141.44404418,-1623.71164567, 1130.73864189,  312.15670469,     66.46603676,  323.72641742,  384.00715161,  402.74147976,    -14.43962192,  101.25917753,  243.30158973,  173.88576596,   -120.10982982], [-1623.71164567,  906.45109509, -292.70652204,  160.77634398,    -64.43609519,  -64.07620087,  -65.40813581, -104.05854511,     17.62092007,  -19.00553469,  -26.67853663,  -47.00427633,     24.41852256], [ 1130.73864189, -292.70652204,  645.96095191, -157.4409689 ,     91.54378456,   36.83339825,   83.34176087,  103.19702433,     -3.35850398,   31.61998362,   53.85961897,   35.24106855,    -10.08052986], [  312.15670469,  160.77634398, -157.4409689 ,  284.00697218,    -10.87747786,   29.15447024,   14.55962777,  -38.07280702,     31.14027571,   -1.66468977,    9.14508774,  -13.17958417,      4.49370579], [   66.46603676,  -64.43609519,   91.54378456,  -10.87747786,    116.16192366,   49.95777384,   28.85853414,   29.54208995,      3.18275916,    8.19015382,    2.71546933,   14.41709686,      4.16492356], [  323.72641742,  -64.07620087,   36.83339825,   29.15447024,     49.95777384,   83.139314  ,   38.73757923,   26.09598785,      3.37688522,    7.07924384,    9.32241847,   11.10942017,      1.98753987], [  384.00715161,  -65.40813581,   83.34176087,   14.55962777,     28.85853414,   38.73757923,   87.65518009,   43.35828248,     24.34341772,   15.98273659,   20.23899453,   15.57443532,      1.3796224 ], [  402.74147976, -104.05854511,  103.19702433,  -38.07280702,     29.54208995,   26.09598785,   43.35828248,   84.05354982,     27.98714489,   24.17190572,   15.88923725,   17.78635912,     -1.62687058], [  -14.43962192,   17.62092007,   -3.35850398,   31.14027571,      3.18275916,    3.37688522,   24.34341772,   27.98714489,     68.77561749,   30.16863347,   14.76107727,    4.9256076 ,      4.7987439 ], [  101.25917753,  -19.00553469,   31.61998362,   -1.66468977,      8.19015382,    7.07924384,   15.98273659,   24.17190572,     30.16863347,   52.52981322,   25.50294778,   11.46853202,     -1.39425521], [  243.30158973,  -26.67853663,   53.85961897,    9.14508774,      2.71546933,    9.32241847,   20.23899453,   15.88923725,     14.76107727,   25.50294778,   52.80446742,   21.85113059,      1.18575153], [  173.88576596,  -47.00427633,   35.24106855,  -13.17958417,     14.41709686,   11.10942017,   15.57443532,   17.78635912,      4.9256076 ,   11.46853202,   21.85113059,   51.95295527,     21.53512824], [ -120.10982982,   24.41852256,  -10.08052986,    4.49370579,      4.16492356,    1.98753987,    1.3796224 ,   -1.62687058,      4.7987439 ,   -1.39425521,    1.18575153,   21.53512824,     45.16773208]]
/root/sim/music/out/Oasis/Be_Here_Now/07_Fade_In-Out.mp3; [-533.63336  , 106.11722  ,  -5.491432 ,  25.908152 ,   8.601907 ,    6.3572183,  -2.259742 ,   5.070768 ,  -5.560405 ,   0.9599881,   -0.0889765,   1.0259318,  -2.7369974]; [[12763.6008981 , -418.29900838,-1925.47465776,  300.14335278,   -192.59167984,   -0.94984984,   42.99669145, -233.42992229,    -74.79598189,  -50.06366324, -127.03611429,  -97.3433053 ,   -144.7889867 ], [ -418.29900838, 1391.9014037 , -274.26350652,  213.62650348,    -28.60248418,   43.50536289,   97.2791768 ,  -33.64854358,    -27.62620213,   30.15818687,   23.13505112,   19.68175934,     10.22573266], [-1925.47465776, -274.26350652, 1018.38758409, -166.10898075,     57.91299748,  -34.57336794,  -69.5924884 ,   54.98236438,     25.28844985,    0.19462036,   33.18094928,   19.34757759,     51.00137047], [  300.14335278,  213.62650348, -166.10898075,  383.56833316,     -3.95075218,   80.67595192,   70.5780271 ,  -15.23720661,      6.65447406,   -9.19776767,   26.14960457,   21.03773125,     -4.24114979], [ -192.59167984,  -28.60248418,   57.91299748,   -3.95075218,    120.67092718,   -3.19372911,    8.30024842,   12.86933491,     11.91301558,   -6.74115927,   -5.44847942,   -3.56975574,      2.59863109], [   -0.94984984,   43.50536289,  -34.57336794,   80.67595192,     -3.19372911,  198.90750654,   63.90866333,    1.1091846 ,      7.84973648,  -14.24718181,   28.94955884,    9.75085702,    -33.55701097], [   42.99669145,   97.2791768 ,  -69.5924884 ,   70.5780271 ,      8.30024842,   63.90866333,  135.73174578,    8.22576945,      7.47413536,    8.62951099,    6.27741327,   -3.82212363,     -8.93400676], [ -233.42992229,  -33.64854358,   54.98236438,  -15.23720661,     12.86933491,    1.1091846 ,    8.22576945,   79.67972235,     18.10158106,   10.59153341,   -3.45130937,   -4.52150751,      6.14431787], [  -74.79598189,  -27.62620213,   25.28844985,    6.65447406,     11.91301558,    7.84973648,    7.47413536,   18.10158106,     72.92238062,   11.3680698 ,    7.05172824,    4.8411854 ,     -4.73764291], [  -50.06366324,   30.15818687,    0.19462036,   -9.19776767,     -6.74115927,  -14.24718181,    8.62951099,   10.59153341,     11.3680698 ,   76.76224431,   15.20614674,   -3.9600214 ,      7.43554685], [ -127.03611429,   23.13505112,   33.18094928,   26.14960457,     -5.44847942,   28.94955884,    6.27741327,   -3.45130937,      7.05172824,   15.20614674,   67.04409861,   36.68711559,      6.39227049], [  -97.3433053 ,   19.68175934,   19.34757759,   21.03773125,     -3.56975574,    9.75085702,   -3.82212363,   -4.52150751,      4.8411854 ,   -3.9600214 ,   36.68711559,   75.83196326,     28.45040214], [ -144.7889867 ,   10.22573266,   51.00137047,   -4.24114979,      2.59863109,  -33.55701097,   -8.93400676,    6.14431787,     -4.73764291,    7.43554685,    6.39227049,   28.45040214,     67.57846343]]
/root/sim/music/out/Oasis/Be_Here_Now/02_My_Big_Mouth.mp3; [-425.26205   ,  91.154236  , -14.963427  ,  32.119576  ,  -3.4884038 ,   11.003434  ,  -2.2601738 ,   1.158524  ,   1.5448738 ,   1.0179486 ,    1.7697431 ,  -0.01419905,  -5.041133  ]; [[1617.25412119, -24.24704117, 140.1840751 ,-121.6901061 ,  55.18149157,   -16.04866633, -24.20398938, -26.69450831, -55.3545424 , -21.82723116,   -29.7490831 ,  35.62402176,   9.19736012], [ -24.24704117, 408.87915518,-157.81550971, 103.37276669, -54.92130196,    42.01867077,  23.99781587,  12.78129407,  15.78085822,   9.76368377,    21.18506337,   4.76258312,   4.48888082], [ 140.1840751 ,-157.81550971, 296.89293596, -66.92712327,  81.92824309,   -34.67885107, -25.1000479 , -16.82484503, -42.74998702,  -7.42250293,    -4.23875711,  -1.02857701,  -2.99407052], [-121.6901061 , 103.37276669, -66.92712327, 150.90032121,  -1.04654133,    31.80795653,   4.85438859,  15.77863847,  31.46495611,   9.37951836,     5.94291326,   4.29451078,   6.77160286], [  55.18149157, -54.92130196,  81.92824309,  -1.04654133,  86.04873741,     8.80321041,   7.6902695 ,   0.84962331,  -3.76320485,   4.18562657,     4.67455088,  11.09629649,  11.57764916], [ -16.04866633,  42.01867077, -34.67885107,  31.80795653,   8.80321041,    71.67518307,  35.41938438,  23.21740467,  10.60308482,  10.22386844,    11.39341171,   9.34824685,   7.4379675 ], [ -24.20398938,  23.99781587, -25.1000479 ,   4.85438859,   7.6902695 ,    35.41938438,  73.50791029,  26.4183915 ,  17.65775369,   3.762232  ,    15.21457326,  14.23065067,   9.61329641], [ -26.69450831,  12.78129407, -16.82484503,  15.77863847,   0.84962331,    23.21740467,  26.4183915 ,  61.51906684,  26.08439945,  24.74166033,     8.20558349,  12.02402222,  11.17159452], [ -55.3545424 ,  15.78085822, -42.74998702,  31.46495611,  -3.76320485,    10.60308482,  17.65775369,  26.08439945,  64.92485104,  25.43221908,     9.30667799,   1.64364662,   4.22711023], [ -21.82723116,   9.76368377,  -7.42250293,   9.37951836,   4.18562657,    10.22386844,   3.762232  ,  24.74166033,  25.43221908,  56.42763343,    20.76486171,  12.01822032,   5.30820342], [ -29.7490831 ,  21.18506337,  -4.23875711,   5.94291326,   4.67455088,    11.39341171,  15.21457326,   8.20558349,   9.30667799,  20.76486171,    45.15104032,  20.58694778,  10.30341935], [  35.62402176,   4.76258312,  -1.02857701,   4.29451078,  11.09629649,     9.34824685,  14.23065067,  12.02402222,   1.64364662,  12.01822032,    20.58694778,  49.65030801,  23.06888247], [   9.19736012,   4.48888082,  -2.99407052,   6.77160286,  11.57764916,     7.4379675 ,   9.61329641,  11.17159452,   4.22711023,   5.30820342,    10.30341935,  23.06888247,  38.76132083]]
/root/sim/music/out/Oasis/Be_Here_Now/11_It's_Gettin'_Better_(Man!!).mp3; [-431.20892   ,  87.123604  , -14.136758  ,  40.52693   ,   1.4224564 ,   12.665685  ,   0.40165746,   3.4653523 ,  -0.9746637 ,   2.4387493 ,   -1.33419   ,  -1.2672169 ,  -3.09394   ]; [[1281.42656875,-154.94560133,  53.40995514,  39.12780596,   0.6360564 ,    75.33216277,   1.4612845 ,  43.28797638,  29.89540032,  50.53519914,    30.83397612,  40.51196244,  23.50501838], [-154.94560133, 253.50787523, -64.72488433,  42.61448055, -31.55082958,     0.74763081,  -0.86339101,  -8.09906239,  -7.0641568 ,  -7.01635615,     2.73365818,  -2.87115877,  -2.42567189], [  53.40995514, -64.72488433, 191.41339851, -38.80005877,  62.59337662,   -32.15152034,  -4.02031223,  -4.71970376,  -9.22424053,  -2.33051396,   -11.61734602,   5.25369955, -10.02603481], [  39.12780596,  42.61448055, -38.80005877, 126.79707966,   3.03944192,    25.34844024,  -2.3519623 ,   1.56661151,   1.19804126, -10.76182013,     5.44112693,   8.87085311,  15.97076552], [   0.6360564 , -31.55082958,  62.59337662,   3.03944192,  70.43399756,     8.16335187,   7.3730983 ,  -1.16809618,  -0.28108864,  -2.56110265,    -5.68081612,   0.89357355,   0.29270079], [  75.33216277,   0.74763081, -32.15152034,  25.34844024,   8.16335187,    81.40244216,  34.1206283 ,  26.96953397,   6.3820927 ,  12.21033534,     8.85722892,   3.38779428,   7.15988578], [   1.4612845 ,  -0.86339101,  -4.02031223,  -2.3519623 ,   7.3730983 ,    34.1206283 ,  71.66974271,  24.68022854,  13.18539052,  -3.29697161,     4.20184695,   4.74957481,  -3.04737798], [  43.28797638,  -8.09906239,  -4.71970376,   1.56661151,  -1.16809618,    26.96953397,  24.68022854,  59.5634343 ,  22.36110299,  15.92742211,     3.23617017,   2.09742809,  -0.80423967], [  29.89540032,  -7.0641568 ,  -9.22424053,   1.19804126,  -0.28108864,     6.3820927 ,  13.18539052,  22.36110299,  52.08441215,  24.77290825,    10.72884328,  -0.08586882,  -0.11653112], [  50.53519914,  -7.01635615,  -2.33051396, -10.76182013,  -2.56110265,    12.21033534,  -3.29697161,  15.92742211,  24.77290825,  54.20108145,    22.5640972 ,   7.71930079,  -2.5722678 ], [  30.83397612,   2.73365818, -11.61734602,   5.44112693,  -5.68081612,     8.85722892,   4.20184695,   3.23617017,  10.72884328,  22.5640972 ,    43.85559881,  19.41975922,   8.46788908], [  40.51196244,  -2.87115877,   5.25369955,   8.87085311,   0.89357355,     3.38779428,   4.74957481,   2.09742809,  -0.08586882,   7.71930079,    19.41975922,  40.56991667,  17.01519431], [  23.50501838,  -2.42567189, -10.02603481,  15.97076552,   0.29270079,     7.15988578,  -3.04737798,  -0.80423967,  -0.11653112,  -2.5722678 ,     8.46788908,  17.01519431,  43.41756052]]
/root/sim/music/out/Oasis/Time_Flies_1994-2009_[Disc_2]/2-11_Whatever.mp3; [-482.95404   , 102.979836  , -15.508293  ,  17.76793   ,   5.5854626 ,   -3.1742754 ,  -1.4223629 ,   2.8562484 ,  -3.8452208 ,   3.3420284 ,   -0.49844426,  -4.45068   ,  -1.0729886 ]; [[8633.14710983,-730.59715467, 400.62275318, 411.13324048, 195.99143035,   121.74887093, 100.87053656, 301.63172703,   5.01798573, 143.06810758,   225.19393366, 116.93290122, 171.03366314], [-730.59715467, 749.89974881,-159.13739858, 124.65238932,  21.75350115,    -8.63919904,  89.57213135, -46.94236193,   3.90860114,  11.66289345,   -20.06537914, -17.78912048,  -8.54578111], [ 400.62275318,-159.13739858, 774.53437217, 132.64899587, 230.92678688,   151.26209557,  95.0430138 ,  93.96178245,  40.55171041,  41.89032875,    83.80200562,  52.02126986,  50.38836214], [ 411.13324048, 124.65238932, 132.64899587, 338.14769287, 130.50749981,    18.6223229 ,  56.73511804,  36.5745421 ,  17.45333091,  28.80538375,    20.36919687,   7.79871475,  38.48128295], [ 195.99143035,  21.75350115, 230.92678688, 130.50749981, 220.17676861,    78.97169281,  77.48561913,  53.69500294,  38.21224525,  27.37537016,    46.74635121,  36.96497885,  39.41755284], [ 121.74887093,  -8.63919904, 151.26209557,  18.6223229 ,  78.97169281,   155.85096112,  77.55871541,  39.41334379,  25.73133145,  19.01532728,    40.2724053 ,  32.86336121,  14.81837756], [ 100.87053656,  89.57213135,  95.0430138 ,  56.73511804,  77.48561913,    77.55871541, 186.37472472,  57.18111276,  38.27406733,  28.80997824,    50.28795216,  42.19618973,  17.59420425], [ 301.63172703, -46.94236193,  93.96178245,  36.5745421 ,  53.69500294,    39.41334379,  57.18111276, 139.42880738,  44.0240871 ,  27.53713184,    52.81230431,  24.78059783,  19.60311026], [   5.01798573,   3.90860114,  40.55171041,  17.45333091,  38.21224525,    25.73133145,  38.27406733,  44.0240871 ,  96.45749333,  40.47825811,    35.40865063,  24.03757334,   4.11674282], [ 143.06810758,  11.66289345,  41.89032875,  28.80538375,  27.37537016,    19.01532728,  28.80997824,  27.53713184,  40.47825811,  92.1030133 ,    51.84706773,  25.77111208,  17.88986624], [ 225.19393366, -20.06537914,  83.80200562,  20.36919687,  46.74635121,    40.2724053 ,  50.28795216,  52.81230431,  35.40865063,  51.84706773,   112.97445032,  62.32267296,  26.80136331], [ 116.93290122, -17.78912048,  52.02126986,   7.79871475,  36.96497885,    32.86336121,  42.19618973,  24.78059783,  24.03757334,  25.77111208,    62.32267296,  98.48056813,  41.29082698], [ 171.03366314,  -8.54578111,  50.38836214,  38.48128295,  39.41755284,    14.81837756,  17.59420425,  19.60311026,   4.11674282,  17.88986624,    26.80136331,  41.29082698,  78.22106543]]
/root/sim/music/out/Oasis/Time_Flies_1994-2009_[Disc_2]/2-10_She_Is_Love.mp3; [-565.7109   , 133.43457  ,   2.4817867,   1.6090204,   3.0986245,   -3.0245757,  -3.951889 ,  -3.0048873,  -6.656821 ,  -4.290847 ,   -2.6730008,  -4.4248447,  -7.6814613]; [[18970.34083713, 1188.01860317, -188.08714969, -193.56819295,   -256.33165514, -188.47110441, -313.21431738, -207.65337529,    -42.36722077,  -76.43279594,  169.84395716, -137.88678114,   -152.40689795], [ 1188.01860317, 1715.04063253, -454.08582229,  -86.127729  ,    -16.89181498, -123.94888368,    0.23856695, -119.11938356,    -28.75807268,  -19.24873817,   74.77632962,   15.48645821,    -70.02470041], [ -188.08714969, -454.08582229,  552.19121746,    1.96767837,    -10.98655936,   70.55433164,   51.36729085,   62.15298972,    -16.06670995,   -2.81229618,  -66.07346225,   32.39046359,     20.72298481], [ -193.56819295,  -86.127729  ,    1.96767837,  311.57445665,     97.30917651,    3.00473709,  -16.97931135,    7.75743215,    -36.4088679 ,   -0.4301152 ,  -72.76109931,   -6.38787521,     68.68516845], [ -256.33165514,  -16.89181498,  -10.98655936,   97.30917651,    230.78708727,   -0.47307034,  -32.38545385,   -5.35971068,     -4.16341115,   17.45502049,  -40.5318366 ,  -14.75731552,     43.49858503], [ -188.47110441, -123.94888368,   70.55433164,    3.00473709,     -0.47307034,  124.21226322,   49.32425717,   11.6534383 ,     11.90316935,    8.92656512,  -23.13809409,   13.51292406,    -17.34104813], [ -313.21431738,    0.23856695,   51.36729085,  -16.97931135,    -32.38545385,   49.32425717,  127.13272503,   34.17274788,     10.57175591,   -3.89029944,  -21.54676875,   10.48298005,    -20.23055629], [ -207.65337529, -119.11938356,   62.15298972,    7.75743215,     -5.35971068,   11.6534383 ,   34.17274788,  135.32918453,      7.58390777,  -11.43731677,  -15.67591974,   -8.4322387 ,      5.72094163], [  -42.36722077,  -28.75807268,  -16.06670995,  -36.4088679 ,     -4.16341115,   11.90316935,   10.57175591,    7.58390777,     87.61296407,   17.40005716,    3.02411422,   -2.05659253,    -19.14245776], [  -76.43279594,  -19.24873817,   -2.81229618,   -0.4301152 ,     17.45502049,    8.92656512,   -3.89029944,  -11.43731677,     17.40005716,   78.57325921,   17.50049798,   -4.33470239,    -11.4598683 ], [  169.84395716,   74.77632962,  -66.07346225,  -72.76109931,    -40.5318366 ,  -23.13809409,  -21.54676875,  -15.67591974,      3.02411422,   17.50049798,  118.00261339,   10.91503373,    -26.17141581], [ -137.88678114,   15.48645821,   32.39046359,   -6.38787521,    -14.75731552,   13.51292406,   10.48298005,   -8.4322387 ,     -2.05659253,   -4.33470239,   10.91503373,   67.4697892 ,      9.45054623], [ -152.40689795,  -70.02470041,   20.72298481,   68.68516845,     43.49858503,  -17.34104813,  -20.23055629,    5.72094163,    -19.14245776,  -11.4598683 ,  -26.17141581,    9.45054623,     90.15755518]]
/root/sim/music/out/Oasis/Time_Flies_1994-2009_[Disc_2]/2-02_The_Importance_Of_Being_Idle.mp3; [-486.79562  , 109.97144  , -26.736023 ,  14.203143 ,  12.123439 ,    4.3797426,  -4.642571 ,   3.2275434,   5.9026756,   4.5564003,    0.8596709,  -1.5209682,  -2.9810114]; [[11157.98789749,   -5.83018299, -144.92326022,   29.04246844,    -36.40542137,  -84.42358489, -133.18819451,   -5.23062003,     17.54120072,  105.81876135,  -56.9588424 ,   12.42572251,    -10.11710791], [   -5.83018299,  873.9466259 , -161.00632726,   45.40427095,     44.15576715,   21.99091654,   50.51922981,   26.80365995,     26.12069747,  -51.87284412,   18.88140301,  -26.61055274,    -33.03325295], [ -144.92326022, -161.00632726,  374.9793393 ,   22.11268504,     -5.59561294,   27.36393644,   -6.86478604,   17.41273845,     -4.30094351,   -7.61999899,   -0.29940878,   17.43682074,      7.65108576], [   29.04246844,   45.40427095,   22.11268504,  181.28403674,     56.58881694,   -7.01088943,   -8.68408027,   16.51263076,     -2.88819508,   15.09109611,  -19.8710136 ,    5.21292245,     12.72891262], [  -36.40542137,   44.15576715,   -5.59561294,   56.58881694,    133.82520119,   29.02341022,   14.18710531,   19.42262462,      7.52495548,   -4.91097001,  -13.38654508,  -11.20332433,      7.95641444], [  -84.42358489,   21.99091654,   27.36393644,   -7.01088943,     29.02341022,  133.69387217,   49.11688749,   13.91193225,     -6.01449153,   -7.94265645,   -6.09917603,   -3.53256483,    -16.94227133], [ -133.18819451,   50.51922981,   -6.86478604,   -8.68408027,     14.18710531,   49.11688749,  106.81604689,   28.34443276,     -0.00579239,   -7.10320986,    2.26345236,   -3.04247993,     -9.02019767], [   -5.23062003,   26.80365995,   17.41273845,   16.51263076,     19.42262462,   13.91193225,   28.34443276,   79.02112926,     17.86848468,   -5.97730918,   -1.56261683,    3.64658884,     -1.39379226], [   17.54120072,   26.12069747,   -4.30094351,   -2.88819508,      7.52495548,   -6.01449153,   -0.00579239,   17.86848468,     78.01529134,   19.79986985,   13.85652841,   -3.18727327,      7.21682338], [  105.81876135,  -51.87284412,   -7.61999899,   15.09109611,     -4.91097001,   -7.94265645,   -7.10320986,   -5.97730918,     19.79986985,   84.46887535,   20.53887925,   13.81863456,      9.48805006], [  -56.9588424 ,   18.88140301,   -0.29940878,  -19.8710136 ,    -13.38654508,   -6.09917603,    2.26345236,   -1.56261683,     13.85652841,   20.53887925,   78.61876943,   18.2449912 ,      5.97352664], [   12.42572251,  -26.61055274,   17.43682074,    5.21292245,    -11.20332433,   -3.53256483,   -3.04247993,    3.64658884,     -3.18727327,   13.81863456,   18.2449912 ,   70.12689495,     18.07009147], [  -10.11710791,  -33.03325295,    7.65108576,   12.72891262,      7.95641444,  -16.94227133,   -9.02019767,   -1.39379226,      7.21682338,    9.48805006,    5.97352664,   18.07009147,     63.31574333]]
