/root/sim/music/out/Oasis/Whatever/06_I_Am_The_Walrus_[Live].mp3; [-465.86853   ,  97.82481   , -19.156982  ,  32.541943  ,  16.038403  ,    5.727967  ,   4.149477  ,   1.9502953 ,   7.1906004 ,   1.0350217 ,   -2.6588469 ,   0.41345873,   0.9733684 ]; [[6176.26006728, -45.4329755 , 119.07969989, 212.35363985, 196.60262657,   136.74017406,  14.6049197 , -25.12195024,  39.52044421, -23.20329114,   -68.44680735,  20.10579038,   0.23314255], [ -45.4329755 , 580.06892792,-186.3503914 , 108.62231413, -26.87007223,   -45.73905781,  32.95748626, -14.53968663,  10.02892438,   5.3443794 ,    -5.67062645,   6.12196974,   5.51015212], [ 119.07969989,-186.3503914 , 254.77090723,  -7.4169957 ,  23.23289314,    28.47444459, -25.37941385,  14.58035924,  -2.27525003,  -1.8689198 ,     1.90850916,  -6.99122618,  -7.2867631 ], [ 212.35363985, 108.62231413,  -7.4169957 , 153.30450443,  36.1266312 ,    32.1045978 ,  13.79998235,   6.24338084,  19.91531637,   9.50774733,     6.80135087,  -1.09168031,  10.75714537], [ 196.60262657, -26.87007223,  23.23289314,  36.1266312 ,  97.03592304,    47.31854499,  41.72965088,  17.10895121,  25.1070638 ,  13.89065461,     0.70469134,  10.72516248,  -0.16249699], [ 136.74017406, -45.73905781,  28.47444459,  32.1045978 ,  47.31854499,   101.96373295,  41.43262312,  30.96418708,  14.7396688 ,   5.52733332,     5.27981004,   2.21944049,   0.26255527], [  14.6049197 ,  32.95748626, -25.37941385,  13.79998235,  41.72965088,    41.43262312, 103.91341653,  41.14470509,  20.42760629,  17.93231862,     8.59192611,   9.68051567,  -1.38702977], [ -25.12195024, -14.53968663,  14.58035924,   6.24338084,  17.10895121,    30.96418708,  41.14470509,  68.67512029,  34.8418371 ,  20.34214852,     4.38465216,   0.05390388,  -2.50351818], [  39.52044421,  10.02892438,  -2.27525003,  19.91531637,  25.1070638 ,    14.7396688 ,  20.42760629,  34.8418371 ,  71.99821175,  35.87281466,    10.11535903,   5.29265416,   1.27665241], [ -23.20329114,   5.3443794 ,  -1.8689198 ,   9.50774733,  13.89065461,     5.52733332,  17.93231862,  20.34214852,  35.87281466,  59.28563424,    24.07121211,   9.50361249,  -2.28353746], [ -68.44680735,  -5.67062645,   1.90850916,   6.80135087,   0.70469134,     5.27981004,   8.59192611,   4.38465216,  10.11535903,  24.07121211,    49.14630917,  18.07766533,   9.23328743], [  20.10579038,   6.12196974,  -6.99122618,  -1.09168031,  10.72516248,     2.21944049,   9.68051567,   0.05390388,   5.29265416,   9.50361249,    18.07766533,  46.42658415,  15.70660868], [   0.23314255,   5.51015212,  -7.2867631 ,  10.75714537,  -0.16249699,     0.26255527,  -1.38702977,  -2.50351818,   1.27665241,  -2.28353746,     9.23328743,  15.70660868,  41.21169587]]
/root/sim/music/out/Oasis/Whatever/03_Fade_Away.mp3; [-490.68143   , 115.32568   , -28.00058   ,  30.476057  ,   4.7421594 ,    7.9718018 ,   7.479185  ,   7.8196383 ,   7.1971073 ,   5.5084014 ,    0.05247055,   3.3854256 ,   0.51896787]; [[ 6320.91948327,-1174.0594961 ,  355.69684286,  -99.305231  ,    170.29819636,  124.6384936 , -117.80993069,  233.81575912,     53.75335183,  200.50858986,   85.16281997,  -98.44399847,     15.80956872], [-1174.0594961 , 1380.35403531, -401.93357155,  131.435715  ,   -146.68419325, -129.90749857,   33.36760151, -160.52570557,      7.68526962,  -59.51934632,  -44.76549347,   73.75196732,    -36.51489561], [  355.69684286, -401.93357155,  511.46247581,  -77.28962836,    106.85728568,   43.95711308,  -61.93080742,   73.83389556,    -27.59517975,   14.8570899 ,    8.05000646,  -53.36725652,     16.67003481], [  -99.305231  ,  131.435715  ,  -77.28962836,  111.4651034 ,      9.19587931,   -4.92471489,    4.66330647,  -12.5233226 ,     17.20678331,    3.3633592 ,    6.35291303,   22.66800389,      0.09805786], [  170.29819636, -146.68419325,  106.85728568,    9.19587931,    107.73401448,   40.46594787,   -1.13696757,   37.19460653,     -2.65986413,   11.23593241,    6.68472144,   -9.37445464,     13.32006606], [  124.6384936 , -129.90749857,   43.95711308,   -4.92471489,     40.46594787,   81.71879315,   41.65271911,   30.99237566,     -5.21152769,    3.33252607,    2.38671632,   -8.54059403,      8.46314181], [ -117.80993069,   33.36760151,  -61.93080742,    4.66330647,     -1.13696757,   41.65271911,   98.06818252,   24.78422081,      1.16109236,  -15.61133196,  -11.6361022 ,    3.37241584,      6.63844846], [  233.81575912, -160.52570557,   73.83389556,  -12.5233226 ,     37.19460653,   30.99237566,   24.78422081,   87.14220378,     20.3859706 ,   16.05185576,    2.79522672,  -14.27880624,      9.87805885], [   53.75335183,    7.68526962,  -27.59517975,   17.20678331,     -2.65986413,   -5.21152769,    1.16109236,   20.3859706 ,     56.48827692,   32.87517961,   12.19644917,    2.21665582,     -6.99907346], [  200.50858986,  -59.51934632,   14.8570899 ,    3.3633592 ,     11.23593241,    3.33252607,  -15.61133196,   16.05185576,     32.87517961,   66.19904164,   31.5702922 ,   -0.32963933,     -8.77517427], [   85.16281997,  -44.76549347,    8.05000646,    6.35291303,      6.68472144,    2.38671632,  -11.6361022 ,    2.79522672,     12.19644917,   31.5702922 ,   50.6989318 ,   17.80012837,      0.43376306], [  -98.44399847,   73.75196732,  -53.36725652,   22.66800389,     -9.37445464,   -8.54059403,    3.37241584,  -14.27880624,      2.21665582,   -0.32963933,   17.80012837,   47.18779836,     14.78353787], [   15.80956872,  -36.51489561,   16.67003481,    0.09805786,     13.32006606,    8.46314181,    6.63844846,    9.87805885,     -6.99907346,   -8.77517427,    0.43376306,   14.78353787,     41.99244007]]
/root/sim/music/out/Oasis/Whatever/05_Half_The_World_Away.mp3; [-631.1818   , 146.66978  ,   3.0299978,   9.8716135,   5.761644 ,   -0.1878121,  -3.0767255,   2.6981328,  -1.8633419,  -2.9326627,   -2.0285244,  -5.634811 ,  -8.09089  ]; [[20482.01084642,-2467.73223089,-1863.44577235,   45.29997263,     71.53327066,  181.4577115 ,   72.1740631 ,  365.0732687 ,    157.47265174,  -21.09498593,  290.44239447,   63.19735563,    -81.47532684], [-2467.73223089, 2403.70642131,  104.7659831 , -138.63451107,    -70.51606913,  -65.6854347 ,  -25.02453914,  -37.60955796,     -3.72333285,    3.72658355,   -9.05763402,    5.99083895,     -2.04052105], [-1863.44577235,  104.7659831 ,  636.57502719,  -17.120043  ,      4.00284512,   27.73649861,    8.95997234,  -51.10959605,    -12.62585315,   15.27857705,  -31.94921699,   18.6413253 ,     38.7516967 ], [   45.29997263, -138.63451107,  -17.120043  ,  339.31086558,    159.56209415,  -36.16978245,   29.10024731,   11.95013431,     -4.88908601,   41.39439206,  -44.47339884,  -16.16006204,     46.10463076], [   71.53327066,  -70.51606913,    4.00284512,  159.56209415,    240.80408624,   -1.62094505,  -28.91881755,  -11.034364  ,     28.77413037,   35.22726978,  -40.62477433,   -5.5246303 ,     25.4731612 ], [  181.4577115 ,  -65.6854347 ,   27.73649861,  -36.16978245,     -1.62094505,  177.89044557,   40.03707217,    3.87396734,     42.57365151,    1.9305981 ,   37.53490601,   24.93837984,    -18.88869842], [   72.1740631 ,  -25.02453914,    8.95997234,   29.10024731,    -28.91881755,   40.03707217,  143.20101901,   32.7652065 ,    -27.40342285,   10.4232008 ,   23.51718056,   16.07139501,      3.83479575], [  365.0732687 ,  -37.60955796,  -51.10959605,   11.95013431,    -11.034364  ,    3.87396734,   32.7652065 ,   88.44733463,     18.50417031,  -16.3099635 ,   15.4695538 ,   16.93797299,     -1.1771819 ], [  157.47265174,   -3.72333285,  -12.62585315,   -4.88908601,     28.77413037,   42.57365151,  -27.40342285,   18.50417031,    114.2649784 ,    8.0078997 ,    7.10415976,   13.75574291,     -2.06699931], [  -21.09498593,    3.72658355,   15.27857705,   41.39439206,     35.22726978,    1.9305981 ,   10.4232008 ,  -16.3099635 ,      8.0078997 ,   86.53544851,    8.95077092,  -11.40855022,     17.38382227], [  290.44239447,   -9.05763402,  -31.94921699,  -44.47339884,    -40.62477433,   37.53490601,   23.51718056,   15.4695538 ,      7.10415976,    8.95077092,   93.44977439,   29.92353594,     -4.2862801 ], [   63.19735563,    5.99083895,   18.6413253 ,  -16.16006204,     -5.5246303 ,   24.93837984,   16.07139501,   16.93797299,     13.75574291,  -11.40855022,   29.92353594,   84.8652023 ,      6.65832651], [  -81.47532684,   -2.04052105,   38.7516967 ,   46.10463076,     25.4731612 ,  -18.88869842,    3.83479575,   -1.1771819 ,     -2.06699931,   17.38382227,   -4.2862801 ,    6.65832651,     78.05061252]]
/root/sim/music/out/Oasis/D'You_Know_What_I_Mean__[Single]/03_Angel_Child_(Demo).mp3; [-573.1952   , 121.71603  ,  18.601564 ,  -1.0712799,  -5.3098607,   -3.399318 ,  -9.521517 ,  -6.954403 ,  -9.099893 ,  -5.237981 ,   -8.857482 ,  -6.5476956,  -8.887036 ]; [[ 4792.75566348,-1463.12311256, -270.15709009,   42.84983402,      5.43780116,   87.76475202,   67.35375939,   -6.7709617 ,     58.74052272,   26.51249986,  -49.78497445,   20.24194076,    -18.75049043], [-1463.12311256, 1148.24656566,  -31.13802355,  -65.97365474,    -24.71762211,  -84.65584741,  -62.02533078,  -23.80235542,    -40.16804826,  -31.22342358,   18.28793763,   -1.48485009,      3.93624616], [ -270.15709009,  -31.13802355,  457.72278901,  -25.81711491,    -11.58412336,   12.67846667,   -1.84703731,   35.32487348,    -75.96361425,    8.70306469,   29.44794576,  -13.61191385,     23.38382391], [   42.84983402,  -65.97365474,  -25.81711491,  285.95463073,    152.35295153,    2.59740153,   23.19649722,   29.42569649,     48.91810743,   32.85390454,    3.29118313,   31.33689754,     69.64286676], [    5.43780116,  -24.71762211,  -11.58412336,  152.35295153,    222.136676  ,   -4.95342437,    0.02002451,   25.81136792,     32.82095945,   29.43072193,   15.41196943,    8.52397003,     58.8504226 ], [   87.76475202,  -84.65584741,   12.67846667,    2.59740153,     -4.95342437,  139.48461115,   54.20396161,    4.12900107,     14.85542745,   10.10120482,   12.79506716,   11.28148822,    -21.79468934], [   67.35375939,  -62.02533078,   -1.84703731,   23.19649722,      0.02002451,   54.20396161,  146.70799506,   21.24675466,      2.35076264,   14.50747804,   16.6561366 ,   24.35703101,      9.39351241], [   -6.7709617 ,  -23.80235542,   35.32487348,   29.42569649,     25.81136792,    4.12900107,   21.24675466,   82.90232298,     13.41684456,    6.23268114,   15.18709711,    9.67335597,     17.27823208], [   58.74052272,  -40.16804826,  -75.96361425,   48.91810743,     32.82095945,   14.85542745,    2.35076264,   13.41684456,    109.9091462 ,   14.86649035,   -4.12481008,   13.7169416 ,     -1.94724655], [   26.51249986,  -31.22342358,    8.70306469,   32.85390454,     29.43072193,   10.10120482,   14.50747804,    6.23268114,     14.86649035,   69.49579285,   23.53083416,    3.45792964,     13.89977383], [  -49.78497445,   18.28793763,   29.44794576,    3.29118313,     15.41196943,   12.79506716,   16.6561366 ,   15.18709711,     -4.12481008,   23.53083416,   74.6354612 ,   20.70136343,      1.78451611], [   20.24194076,   -1.48485009,  -13.61191385,   31.33689754,      8.52397003,   11.28148822,   24.35703101,    9.67335597,     13.7169416 ,    3.45792964,   20.70136343,   70.29198895,     27.15165456], [  -18.75049043,    3.93624616,   23.38382391,   69.64286676,     58.8504226 ,  -21.79468934,    9.39351241,   17.27823208,     -1.94724655,   13.89977383,    1.78451611,   27.15165456,     91.56559954]]
/root/sim/music/out/Oasis/D'You_Know_What_I_Mean__[Single]/01_D'You_Know_What_I_Mean_.mp3; [-469.2233    , 109.10564   , -12.67562   ,  40.6718    ,   7.044244  ,    5.9459553 ,  -0.61076736,   2.6741345 ,   5.4256406 ,   3.4231472 ,   -2.4775069 ,  -0.4449414 ,  -1.7529342 ]; [[6997.36111753,-809.35939781, 604.01071939, -45.73602176, 162.03659086,  -198.2489226 , -90.673514  , 198.2328165 ,  14.72204753,  25.9652383 ,    78.81279343,  50.34781594,  -2.73230853], [-809.35939781, 800.35183624,-243.24302691, 123.38564568,-102.77456784,    52.8841489 ,   8.70995355, -14.00804342,  17.52768539,  16.27746215,   -24.17583034,  -4.18242311,   0.32614226], [ 604.01071939,-243.24302691, 680.37951859, -40.82438561, 156.67157224,  -100.56200097, -22.39040041, 110.37257054,   6.10450082,  12.15181589,    37.63394495,  18.73085011, -22.64870972], [ -45.73602176, 123.38564568, -40.82438561, 208.31605234,  42.41370735,    16.07660082, -48.61540151,   6.43966639,   5.60304107,  12.67249678,     1.09572563,  11.47897948,  11.23207882], [ 162.03659086,-102.77456784, 156.67157224,  42.41370735, 143.81196562,    -0.81902486, -16.21626198,  10.85378795,   7.11862223,   3.86405516,     9.54032381,  10.45524782,   3.19610003], [-198.2489226 ,  52.8841489 ,-100.56200097,  16.07660082,  -0.81902486,   105.37802975,  40.97574588, -14.08493577, -11.98984553,   3.84460689,    -4.89997669,  -1.31641131,  -1.23719342], [ -90.673514  ,   8.70995355, -22.39040041, -48.61540151, -16.21626198,    40.97574588, 116.72970098,  10.02959346,  -4.53015354, -16.27160573,    -0.18797333,  -6.61184125,  -6.71381692], [ 198.2328165 , -14.00804342, 110.37257054,   6.43966639,  10.85378795,   -14.08493577,  10.02959346, 112.88788487,  32.41396057,  21.08598221,     1.56838893,   3.89674135,  -8.35751466], [  14.72204753,  17.52768539,   6.10450082,   5.60304107,   7.11862223,   -11.98984553,  -4.53015354,  32.41396057,  75.06492058,  30.59256445,     0.89302106,  -8.21119265,  -4.04221991], [  25.9652383 ,  16.27746215,  12.15181589,  12.67249678,   3.86405516,     3.84460689, -16.27160573,  21.08598221,  30.59256445,  80.34653208,    25.46694924,   3.10462328,  -3.7359369 ], [  78.81279343, -24.17583034,  37.63394495,   1.09572563,   9.54032381,    -4.89997669,  -0.18797333,   1.56838893,   0.89302106,  25.46694924,    57.92532264,  23.03298174,   0.3373171 ], [  50.34781594,  -4.18242311,  18.73085011,  11.47897948,  10.45524782,    -1.31641131,  -6.61184125,   3.89674135,  -8.21119265,   3.10462328,    23.03298174,  56.53534451,  18.84676676], [  -2.73230853,   0.32614226, -22.64870972,  11.23207882,   3.19610003,    -1.23719342,  -6.71381692,  -8.35751466,  -4.04221991,  -3.7359369 ,     0.3373171 ,  18.84676676,  46.61093774]]
/root/sim/music/out/Oasis/D'You_Know_What_I_Mean__[Single]/02_Stay_Young.mp3; [-467.1636    ,  92.39605   , -23.14616   ,  31.158506  ,   6.0566926 ,   15.521833  ,   2.0022867 ,   1.5680667 ,  -6.0883055 ,  -0.06610223,   -0.71533686,  -0.99800634,  -5.5603957 ]; [[11899.58344148,  -10.73454012,  261.91130701, -292.80164244,      7.87080824,  170.09035168,   -2.89844109,   60.09495691,   -114.04847051,  136.41485269,  122.12734852,  101.76567121,    -17.28664228], [  -10.73454012,  322.89072495, -155.31426979,   85.17925292,    -78.88171224,    6.15761524,   -6.10807449,   -2.59753371,      2.28923613,   -3.74275914,   -1.46414269,   -8.66070889,     -3.14487719], [  261.91130701, -155.31426979,  322.85048297, -127.02424854,     76.79231773,  -27.34669865,  -26.98991129,    6.37793327,    -16.7911595 ,   17.43121839,   11.59736084,   17.72113047,      5.7534586 ], [ -292.80164244,   85.17925292, -127.02424854,  220.92736454,     21.93554709,   19.94282016,   -8.68913309,  -22.7279457 ,      3.26194245,  -22.99187595,   -4.66536616,   -2.75937438,     14.11715003], [    7.87080824,  -78.88171224,   76.79231773,   21.93554709,    101.69915856,   14.59499795,   -6.17721299,  -12.00053979,     -4.31840573,   -2.20463069,    6.88341234,   10.7843045 ,     10.54705161], [  170.09035168,    6.15761524,  -27.34669865,   19.94282016,     14.59499795,   89.78123947,   33.22283579,   13.56849821,     -5.38539765,    6.72996033,    8.43245056,    5.4436639 ,      0.80316619], [   -2.89844109,   -6.10807449,  -26.98991129,   -8.68913309,     -6.17721299,   33.22283579,   84.51225881,   21.03942626,     14.52829294,   -3.03118368,   -0.25222781,   -2.98995021,     -3.29681473], [   60.09495691,   -2.59753371,    6.37793327,  -22.7279457 ,    -12.00053979,   13.56849821,   21.03942626,   54.10741432,     17.87124311,   13.45745196,   -0.75679939,    1.12257808,     -3.40399017], [ -114.04847051,    2.28923613,  -16.7911595 ,    3.26194245,     -4.31840573,   -5.38539765,   14.52829294,   17.87124311,     57.34173622,   16.58473474,    4.20005734,   -5.95793034,     -0.93381405], [  136.41485269,   -3.74275914,   17.43121839,  -22.99187595,     -2.20463069,    6.72996033,   -3.03118368,   13.45745196,     16.58473474,   56.70645422,   21.5573761 ,    7.48690052,     -2.03013246], [  122.12734852,   -1.46414269,   11.59736084,   -4.66536616,      6.88341234,    8.43245056,   -0.25222781,   -0.75679939,      4.20005734,   21.5573761 ,   46.15171062,   19.03456484,      5.07331917], [  101.76567121,   -8.66070889,   17.72113047,   -2.75937438,     10.7843045 ,    5.4436639 ,   -2.98995021,    1.12257808,     -5.95793034,    7.48690052,   19.03456484,   39.09371194,     14.0244784 ], [  -17.28664228,   -3.14487719,    5.7534586 ,   14.11715003,     10.54705161,    0.80316619,   -3.29681473,   -3.40399017,     -0.93381405,   -2.03013246,    5.07331917,   14.0244784 ,     34.79696496]]
/root/sim/music/out/Oasis/D'You_Know_What_I_Mean__[Single]/04_Heroes.mp3; [-452.73978   ,  90.35351   , -18.80359   ,  41.494236  ,   0.39239293,   10.061907  ,  -4.647741  ,   1.4742411 ,   3.1629918 ,   3.6985905 ,    1.6875933 ,   4.914097  ,   1.0491809 ]; [[2875.19233198,-346.90123762,-257.19103451,-154.83542149, -70.95348043,  -110.28556606, -34.95376214, -46.01488086,   1.86997699,   5.63179659,   -36.75366565, -30.01787719, -40.85325078], [-346.90123762, 258.01380565,  -7.19378029,  71.0822249 , -30.67569751,    20.01584779,  -7.81590085,   3.38183606,  -5.89517718,  -3.1978828 ,    16.19077579,  10.26147301,  10.26239143], [-257.19103451,  -7.19378029, 253.33418267, -61.92076619,  42.5000602 ,   -34.72100297,  33.12526839,  -9.05806421,  -9.48113048,   2.62609436,    10.32236533,  -5.36456149, -10.52351792], [-154.83542149,  71.0822249 , -61.92076619, 164.17203231,  12.68055946,    57.36268078, -36.7817732 ,  21.05506925,  -0.16899689, -13.2972627 ,    -2.0276836 ,   7.00910946,  33.0225813 ], [ -70.95348043, -30.67569751,  42.5000602 ,  12.68055946,  94.18088589,    14.72477869,  10.0823594 ,   2.03831328,  14.41552219,   0.79729876,    -2.34005938,  -3.25337452,   7.76191146], [-110.28556606,  20.01584779, -34.72100297,  57.36268078,  14.72477869,    87.50090562,   8.73802479,  17.60373828,  -4.84616949,   0.06925526,     3.32315504,   3.00600693,   6.17574818], [ -34.95376214,  -7.81590085,  33.12526839, -36.7817732 ,  10.0823594 ,     8.73802479,  93.03994442,  16.76633224,   8.8726359 ,  10.5094044 ,     7.53089673,   7.66720283,  -7.42751662], [ -46.01488086,   3.38183606,  -9.05806421,  21.05506925,   2.03831328,    17.60373828,  16.76633224,  50.07968582,  21.50868038,   3.64127549,    -5.0356274 ,   2.61492208,   2.41531299], [   1.86997699,  -5.89517718,  -9.48113048,  -0.16899689,  14.41552219,    -4.84616949,   8.8726359 ,  21.50868038,  56.75018573,  20.15394562,     2.199428  ,  -4.73756007,   2.01016687], [   5.63179659,  -3.1978828 ,   2.62609436, -13.2972627 ,   0.79729876,     0.06925526,  10.5094044 ,   3.64127549,  20.15394562,  51.64738045,    19.8073621 ,   1.64311278, -12.1626997 ], [ -36.75366565,  16.19077579,  10.32236533,  -2.0276836 ,  -2.34005938,     3.32315504,   7.53089673,  -5.0356274 ,   2.199428  ,  19.8073621 ,    48.58210329,  19.25805188,   3.49472418], [ -30.01787719,  10.26147301,  -5.36456149,   7.00910946,  -3.25337452,     3.00600693,   7.66720283,   2.61492208,  -4.73756007,   1.64311278,    19.25805188,  49.17400202,  22.0590454 ], [ -40.85325078,  10.26239143, -10.52351792,  33.0225813 ,   7.76191146,     6.17574818,  -7.42751662,   2.41531299,   2.01016687, -12.1626997 ,     3.49472418,  22.0590454 ,  51.82989853]]
/root/sim/music/out/Oasis/Time_Flies_1994-2009_[Disc_1]/1-12_Shakermaker_1.mp3; [-514.60394   , 119.223564  , -46.26676   ,  21.60772   ,   5.1577716 ,   -3.2868342 ,   0.46947128,   1.2400542 ,  -0.6209105 ,   4.829215  ,   -6.3024583 ,   5.8982077 ,  -1.5570995 ]; [[7750.38109104,  77.52072993, 129.91497639, 267.78126049, 170.46403038,   248.3078863 ,  73.27284664, 259.29912572,  60.17718601, 171.3627373 ,     7.1530155 ,  62.22339575, 160.25097828], [  77.52072993, 811.93364594,-370.22227483, 131.79057751,  -9.31560731,   -33.58920161, 101.06037348, -80.0336719 ,  47.51995767, -19.69074191,   -12.02012275,  33.11473756, -18.0530063 ], [ 129.91497639,-370.22227483, 616.92152654, -40.74294662, 138.63781428,   110.42340334, -31.88772624, 146.10246518,  -4.46376079,  62.19693838,    10.22133606, -11.25637263,  60.88309148], [ 267.78126049, 131.79057751, -40.74294662, 274.73940681,  84.3707269 ,    87.49554442,  56.89892659,  13.10226012, 102.6933917 ,  23.11344426,    43.9147664 ,  15.17761351,  39.0673469 ], [ 170.46403038,  -9.31560731, 138.63781428,  84.3707269 , 156.59198327,    86.91273854,  40.84147811,  59.31588626,  56.03638608,  44.80048237,    18.90410894,  16.75618218,  41.86725572], [ 248.3078863 , -33.58920161, 110.42340334,  87.49554442,  86.91273854,   182.98886287,  86.01958508,  77.12240252,  82.88759397,  35.00752442,    31.03284426,   1.52229652,  53.57567667], [  73.27284664, 101.06037348, -31.88772624,  56.89892659,  40.84147811,    86.01958508, 131.03683916,  44.09386311,  61.60632263,  16.5862185 ,    15.79198457,  17.66406699,  28.66197474], [ 259.29912572, -80.0336719 , 146.10246518,  13.10226012,  59.31588626,    77.12240252,  44.09386311, 120.51135821,  35.42820215,  41.06972272,     5.90624146,  12.83457125,  36.73310834], [  60.17718601,  47.51995767,  -4.46376079, 102.6933917 ,  56.03638608,    82.88759397,  61.60632263,  35.42820215, 134.78077479,  27.52000364,    36.03748257,   7.85244877,  34.07437902], [ 171.3627373 , -19.69074191,  62.19693838,  23.11344426,  44.80048237,    35.00752442,  16.5862185 ,  41.06972272,  27.52000364,  82.68533698,    17.37739372,  10.37466854,  23.80694179], [   7.1530155 , -12.02012275,  10.22133606,  43.9147664 ,  18.90410894,    31.03284426,  15.79198457,   5.90624146,  36.03748257,  17.37739372,    61.07143636,  15.58790334,  14.79415669], [  62.22339575,  33.11473756, -11.25637263,  15.17761351,  16.75618218,     1.52229652,  17.66406699,  12.83457125,   7.85244877,  10.37466854,    15.58790334,  53.23465389,  16.34166732], [ 160.25097828, -18.0530063 ,  60.88309148,  39.0673469 ,  41.86725572,    53.57567667,  28.66197474,  36.73310834,  34.07437902,  23.80694179,    14.79415669,  16.34166732,  70.34325826]]
/root/sim/music/out/Oasis/Time_Flies_1994-2009_[Disc_1]/1-04_Wonderwall_1.mp3; [-527.3635   , 114.88706  ,   1.6753756,  21.029818 ,   6.363159 ,    6.3726506,  -3.250873 ,  10.15641  ,   2.4173055,   5.1265955,   -3.2678564,   1.5400922,  -4.19682  ]; [[15977.21468381, -703.3014042 ,  177.3701733 ,  463.52084355,    399.97907239,  161.96095236, -151.62645124,  730.37490419,    144.26659325,  421.97557142,  188.40927561,  212.59748402,    249.19706887], [ -703.3014042 , 1119.98425677, -323.3843618 ,   69.39351185,    -81.8397225 ,   17.90958616,   44.9698133 ,  -29.59650805,     12.54420872,   -3.26237047,  -20.91216853,   -8.15911863,    -39.07352072], [  177.3701733 , -323.3843618 ,  491.16498472,  -46.91535672,     96.44139847,   74.21440571,   17.67503139,   -1.11853905,     48.90312999,  -11.63850795,    6.29365031,   46.09684101,     14.66559173], [  463.52084355,   69.39351185,  -46.91535672,  412.47052503,     84.59165361,  -27.81308104,  -73.59411949,   46.54142537,     63.41232631,   86.5757546 ,   42.50508683,   51.43596373,     68.58700548], [  399.97907239,  -81.8397225 ,   96.44139847,   84.59165361,    206.27679876,   -2.42023287,  -49.64368913,   34.95959517,     49.20235847,   37.07371743,   17.48465028,   21.28595648,     41.84303394], [  161.96095236,   17.90958616,   74.21440571,  -27.81308104,     -2.42023287,  178.01169741,   80.9661431 ,   29.82909544,     29.1645815 ,   -1.40441545,    0.77523578,   18.32627241,    -10.46187869], [ -151.62645124,   44.9698133 ,   17.67503139,  -73.59411949,    -49.64368913,   80.9661431 ,  161.46735485,   20.30751547,     -8.19834513,  -27.61727419,    5.11965756,    9.20031303,    -16.20212957], [  730.37490419,  -29.59650805,   -1.11853905,   46.54142537,     34.95959517,   29.82909544,   20.30751547,  190.84868342,     29.01552343,   53.08665822,   32.77490482,   43.04256893,     49.23453234], [  144.26659325,   12.54420872,   48.90312999,   63.41232631,     49.20235847,   29.1645815 ,   -8.19834513,   29.01552343,    110.95852333,   37.63308491,    7.59556956,   20.04965586,     10.61009467], [  421.97557142,   -3.26237047,  -11.63850795,   86.5757546 ,     37.07371743,   -1.40441545,  -27.61727419,   53.08665822,     37.63308491,  106.68510146,   41.45278751,   25.07269472,     25.55737566], [  188.40927561,  -20.91216853,    6.29365031,   42.50508683,     17.48465028,    0.77523578,    5.11965756,   32.77490482,      7.59556956,   41.45278751,   69.71298242,   32.20197997,     22.07535531], [  212.59748402,   -8.15911863,   46.09684101,   51.43596373,     21.28595648,   18.32627241,    9.20031303,   43.04256893,     20.04965586,   25.07269472,   32.20197997,   77.67487775,     36.10397694], [  249.19706887,  -39.07352072,   14.66559173,   68.58700548,     41.84303394,  -10.46187869,  -16.20212957,   49.23453234,     10.61009467,   25.55737566,   22.07535531,   36.10397694,     77.85067009]]
/root/sim/music/out/Oasis/Time_Flies_1994-2009_[Disc_1]/1-02_Roll_With_It_1.mp3; [-462.29688   , 115.85999   , -28.32728   ,  26.169296  ,   1.114603  ,    0.4399719 ,  -2.1663816 ,  10.575154  ,   2.6206892 ,   2.1046736 ,   -0.17054914,   4.394379  ,  -0.43652087]; [[8429.12541173, 138.91783979,-304.15440037,-128.31587301, 130.77095434,  -119.15915036,   9.17031749,  31.34848226,  34.64974329, -20.51740423,     8.55106767, -15.17270769,   4.85131876], [ 138.91783979, 628.31304734,-103.56279955,  98.77640173, -54.20664058,    56.49586404,  12.64323194,  22.89340681,   5.98480543,  10.40920843,    16.42622744,  13.88235942,  11.09573391], [-304.15440037,-103.56279955, 428.06418588, -68.88849456,  89.02922942,    18.13348703,  17.99812973,   5.40490836,  18.29917481,  23.71101817,   -13.73418666,  14.70911603,  37.88032077], [-128.31587301,  98.77640173, -68.88849456, 225.12441851,   0.05766347,     8.60659542, -26.31789831,  18.51035321,   9.08294431,  -9.91860894,     3.88258131,   9.88573993,   9.28645612], [ 130.77095434, -54.20664058,  89.02922942,   0.05766347, 113.09606589,     1.03282902,  12.43258379,  -3.19989185,  19.22274132,  14.04649055,    -1.31120011,   8.23014782,  18.37091752], [-119.15915036,  56.49586404,  18.13348703,   8.60659542,   1.03282902,    98.96698909,  38.04937108,   7.4412441 ,   2.11585022,   9.0345702 ,     9.29741523,  -2.47194493,  -0.34923293], [   9.17031749,  12.64323194,  17.99812973, -26.31789831,  12.43258379,    38.04937108,  75.4864693 ,  19.79110481,   6.65083111,   3.05722255,     9.22568258,   6.12012076,   4.34629737], [  31.34848226,  22.89340681,   5.40490836,  18.51035321,  -3.19989185,     7.4412441 ,  19.79110481,  54.91271723,  18.06709604,   2.89997193,     0.45014787,   8.0164633 ,   7.24738354], [  34.64974329,   5.98480543,  18.29917481,   9.08294431,  19.22274132,     2.11585022,   6.65083111,  18.06709604,  59.30838084,  22.3060084 ,    11.22390083,   1.28995043,   7.63850313], [ -20.51740423,  10.40920843,  23.71101817,  -9.91860894,  14.04649055,     9.0345702 ,   3.05722255,   2.89997193,  22.3060084 ,  62.19719683,    13.44397199,   7.4587288 ,   1.9676656 ], [   8.55106767,  16.42622744, -13.73418666,   3.88258131,  -1.31120011,     9.29741523,   9.22568258,   0.45014787,  11.22390083,  13.44397199,    47.41817594,  14.03612324,  -0.15338979], [ -15.17270769,  13.88235942,  14.70911603,   9.88573993,   8.23014782,    -2.47194493,   6.12012076,   8.0164633 ,   1.28995043,   7.4587288 ,    14.03612324,  51.17102693,  25.94026795], [   4.85131876,  11.09573391,  37.88032077,   9.28645612,  18.37091752,    -0.34923293,   4.34629737,   7.24738354,   7.63850313,   1.9676656 ,    -0.15338979,  25.94026795,  53.18817764]]
/root/sim/music/out/Oasis/Time_Flies_1994-2009_[Disc_1]/1-10_Stand_By_Me_1.mp3; [-467.66565   , 106.75282   , -16.850286  ,  33.96298   ,   2.6660993 ,    7.731377  ,  -5.5121975 ,   0.6315592 ,  -1.5847355 ,   0.11483831,    0.96720403,   1.6451514 ,  -3.1350415 ]; [[7121.96232777, -10.19521208, 114.2350849 ,  14.70915527, 170.48780491,   121.19437639,  55.08996303,  62.09425452,-125.19835525,  15.86736696,   -23.74916924, -13.35686833, -29.62000941], [ -10.19521208, 498.37283992,-210.57024213,  59.68329517, -84.68421682,    -7.00365492,  12.59263664,  -5.98411118,  18.36394897,   3.50459121,     8.81866609,  -3.55146727, -23.58424615], [ 114.2350849 ,-210.57024213, 323.05414309, -62.64159174,  99.51195133,   -18.43235966,   7.75670624,   8.19232714, -43.97641448,  -1.71538209,    -7.77462793, -15.33572611,  15.60555906], [  14.70915527,  59.68329517, -62.64159174, 225.5994398 ,  23.09848078,    17.25152631, -39.77232866, -19.05001155,  17.58293493, -26.88346254,    -1.42043175,  19.12992186,  22.60471244], [ 170.48780491, -84.68421682,  99.51195133,  23.09848078, 144.59855165,    12.86864924,   8.67369707,  -7.56757518, -10.24045878, -18.80729535,   -12.22255357, -11.86230806,   5.50525467], [ 121.19437639,  -7.00365492, -18.43235966,  17.25152631,  12.86864924,    83.01008843,  48.38133015,   6.34788985,   1.06233422,   3.51608832,     6.30265965,   1.40034435,   1.62948024], [  55.08996303,  12.59263664,   7.75670624, -39.77232866,   8.67369707,    48.38133015, 120.05972415,  29.42701063,   5.92042689,   3.67559937,     2.90420201, -15.28601815,  -6.55243805], [  62.09425452,  -5.98411118,   8.19232714, -19.05001155,  -7.56757518,     6.34788985,  29.42701063,  68.88206894,  11.75727324,  10.73782103,    -2.22364524,  -5.42563659,  -4.50608152], [-125.19835525,  18.36394897, -43.97641448,  17.58293493, -10.24045878,     1.06233422,   5.92042689,  11.75727324,  74.8198973 ,  11.51644914,     4.37775657,  -5.75257037,  -5.55354923], [  15.86736696,   3.50459121,  -1.71538209, -26.88346254, -18.80729535,     3.51608832,   3.67559937,  10.73782103,  11.51644914,  70.44105183,    20.80919636,   2.68493175,  -2.99115851], [ -23.74916924,   8.81866609,  -7.77462793,  -1.42043175, -12.22255357,     6.30265965,   2.90420201,  -2.22364524,   4.37775657,  20.80919636,    48.01349299,  20.40271321,   6.08911972], [ -13.35686833,  -3.55146727, -15.33572611,  19.12992186, -11.86230806,     1.40034435, -15.28601815,  -5.42563659,  -5.75257037,   2.68493175,    20.40271321,  54.64001177,  23.42667671], [ -29.62000941, -23.58424615,  15.60555906,  22.60471244,   5.50525467,     1.62948024,  -6.55243805,  -4.50608152,  -5.55354923,  -2.99115851,     6.08911972,  23.42667671,  52.07552395]]
/root/sim/music/out/Oasis/Time_Flies_1994-2009_[Disc_1]/1-03_Live_Forever_1.mp3; [-471.93597   , 102.55612   , -20.994553  ,  33.56319   ,  13.921951  ,   14.065344  ,   0.22798622,  12.294138  ,   6.3473935 ,   9.000353  ,    2.192649  ,   5.392327  ,   1.6389648 ]; [[12120.27593666,  319.0068622 , -955.12354285,  -53.18660915,   -171.49708287,  102.23436738,  127.23092694,  411.45062549,    214.50649064,  -56.90348146, -504.49751966, -385.14586756,    -19.92716406], [  319.0068622 ,  891.14523429, -476.34344072,  -28.40048774,    -49.21168728, -145.71222085,  -69.23742655,  -99.73689993,     -0.61654069,   35.11843229,    4.30572019,   53.76918895,     38.64984588], [ -955.12354285, -476.34344072,  655.95627318,   30.4112824 ,     49.15254227,   71.27799424,   -3.36022449,   37.01860009,    -26.45512767,  -21.05788744,   51.70541804,  -17.99208683,     -8.62286499], [  -53.18660915,  -28.40048774,   30.4112824 ,  196.69813426,     52.70425925,   15.20735209,    4.08136124,   13.0879897 ,     16.78189277,   12.7999465 ,    9.67802396,   19.65793334,     -9.86223978], [ -171.49708287,  -49.21168728,   49.15254227,   52.70425925,    102.05650956,   32.63557769,   14.41390012,   -1.65523982,      4.84732686,    7.95968129,   12.87326686,    5.13103538,     -6.65524888], [  102.23436738, -145.71222085,   71.27799424,   15.20735209,     32.63557769,  143.01832524,   76.0618352 ,   37.6737984 ,     -1.52369495,    0.57648517,   -0.42483946,  -18.15931979,    -11.75560879], [  127.23092694,  -69.23742655,   -3.36022449,    4.08136124,     14.41390012,   76.0618352 ,  135.46477135,   59.40629399,      5.05118873,   -2.99202859,  -15.29040159,  -13.13186126,    -14.30961587], [  411.45062549,  -99.73689993,   37.01860009,   13.0879897 ,     -1.65523982,   37.6737984 ,   59.40629399,  110.18500294,     35.92795151,   -6.18638701,  -28.45282144,  -23.26021674,     -5.65706791], [  214.50649064,   -0.61654069,  -26.45512767,   16.78189277,      4.84732686,   -1.52369495,    5.05118873,   35.92795151,     64.77973736,   24.39109063,  -10.19700761,   -7.44439335,     -1.29577024], [  -56.90348146,   35.11843229,  -21.05788744,   12.7999465 ,      7.95968129,    0.57648517,   -2.99202859,   -6.18638701,     24.39109063,   62.74779597,   27.04530553,    4.39133647,     -2.16558797], [ -504.49751966,    4.30572019,   51.70541804,    9.67802396,     12.87326686,   -0.42483946,  -15.29040159,  -28.45282144,    -10.19700761,   27.04530553,   76.57132498,   38.94625896,      2.32210594], [ -385.14586756,   53.76918895,  -17.99208683,   19.65793334,      5.13103538,  -18.15931979,  -13.13186126,  -23.26021674,     -7.44439335,    4.39133647,   38.94625896,   73.55976506,     19.62233207], [  -19.92716406,   38.64984588,   -8.62286499,   -9.86223978,     -6.65524888,  -11.75560879,  -14.30961587,   -5.65706791,     -1.29577024,   -2.16558797,    2.32210594,   19.62233207,     48.01014439]]
/root/sim/music/out/Oasis/Time_Flies_1994-2009_[Disc_1]/1-06_Cigarettes_&_Alcohol_1.mp3; [-465.3727   ,  82.50812  , -30.77883  ,  34.85597  ,   5.8297267,   12.326994 ,  10.568402 ,   7.775525 ,  11.44195  ,   8.6089525,    3.4156694,   6.3057985,   3.9321673]; [[12774.07738953,  497.32869541,   41.76133866, -744.83590774,    124.16976247,  280.57899494,   35.82395047,  324.79414201,     -6.91871231,   97.84390533,  -22.62416818,   10.7624802 ,     19.16163515], [  497.32869541,  638.54462821, -107.75547248,  148.07428675,   -108.19857071,  -67.27479374,  -34.55745814,  -39.25689638,     45.2126465 ,    9.73421491,   46.68639392,   40.97271324,     26.80638928], [   41.76133866, -107.75547248,  350.20560549, -145.5056111 ,     57.17300789,    1.76423852,  -51.17033035,   22.48729322,    -24.55009797,   -4.90992997,  -19.27322799,  -25.56371469,    -10.32862744], [ -744.83590774,  148.07428675, -145.5056111 ,  442.73263452,    -53.29382719,  -56.0188394 ,  -23.55441413,  -86.20077897,     49.44788717,   10.25026865,   66.04631297,   48.59710428,     34.06196565], [  124.16976247, -108.19857071,   57.17300789,  -53.29382719,    125.92076394,   42.60840602,   30.46563772,   14.4914545 ,    -17.73822102,    3.90697298,  -22.97158426,  -11.87496162,    -10.91183236], [  280.57899494,  -67.27479374,    1.76423852,  -56.0188394 ,     42.60840602,   87.06443035,   44.13424865,   30.50563262,    -15.71974427,  -11.28913046,  -14.26834751,  -10.07566968,     -5.15411494], [   35.82395047,  -34.55745814,  -51.17033035,  -23.55441413,     30.46563772,   44.13424865,   87.00877905,   32.80512401,     -3.30562853,  -11.34364546,  -17.05303015,   -5.97825186,     -7.63097718], [  324.79414201,  -39.25689638,   22.48729322,  -86.20077897,     14.4914545 ,   30.50563262,   32.80512401,   71.91530763,     10.24566404,    4.09042545,  -17.63278699,   -7.73806235,     -3.72887305], [   -6.91871231,   45.2126465 ,  -24.55009797,   49.44788717,    -17.73822102,  -15.71974427,   -3.30562853,   10.24566404,     57.73440494,   30.66811395,   20.41161409,    6.77890881,      7.81738888], [   97.84390533,    9.73421491,   -4.90992997,   10.25026865,      3.90697298,  -11.28913046,  -11.34364546,    4.09042545,     30.66811395,   68.72817314,   33.10325051,   19.32889848,      4.68203818], [  -22.62416818,   46.68639392,  -19.27322799,   66.04631297,    -22.97158426,  -14.26834751,  -17.05303015,  -17.63278699,     20.41161409,   33.10325051,   71.50536998,   41.02256059,     23.77849093], [   10.7624802 ,   40.97271324,  -25.56371469,   48.59710428,    -11.87496162,  -10.07566968,   -5.97825186,   -7.73806235,      6.77890881,   19.32889848,   41.02256059,   60.21505021,     32.25985231], [   19.16163515,   26.80638928,  -10.32862744,   34.06196565,    -10.91183236,   -5.15411494,   -7.63097718,   -3.72887305,      7.81738888,    4.68203818,   23.77849093,   32.25985231,     49.39027836]]
/root/sim/music/out/Oasis/Time_Flies_1994-2009_[Disc_1]/1-05_Stop_Crying_Your_Heart_Out_1.mp3; [-562.2289   , 142.96461  , -19.748617 ,  -3.266254 ,   3.4949074,    1.4605604,  -2.9170256,   2.1271522,  -8.2058325,   3.6102705,   -1.9802177,  -3.8762927,  -3.789141 ]; [[24042.927223  ,-2570.88735581, 2450.75354677, 1257.89986473,    366.3440367 ,  518.90376785,  418.07800463,  701.3255799 ,   -209.36664542,  371.70506053,  311.37192674,  258.48153049,     74.77896854], [-2570.88735581, 2482.17522284, -532.07271805, -187.64584452,   -225.47199971, -356.43624579, -266.83022129, -375.48298397,   -156.0245276 , -150.95441383, -115.32939339, -134.71974398,   -116.87003232], [ 2450.75354677, -532.07271805,  764.33812954,  149.04572085,     91.0688953 ,   58.51397568,   20.53308478,   61.71041386,      0.40226683,   32.68992943,   44.34651009,   44.15806099,     -7.55424737], [ 1257.89986473, -187.64584452,  149.04572085,  376.50693846,     68.08101761,   35.11397073,    8.28494747,   76.7906913 ,     64.54355973,   36.88306228,   36.5860789 ,   61.82287988,     39.24966146], [  366.3440367 , -225.47199971,   91.0688953 ,   68.08101761,    247.15556353,   77.5732066 ,   65.86966056,   48.31353524,    123.6352628 ,   18.77357868,   35.41388958,   80.03218294,     34.00376829], [  518.90376785, -356.43624579,   58.51397568,   35.11397073,     77.5732066 ,  187.61129996,   99.6489681 ,   81.27835259,     56.23297166,   34.59421606,   40.16189553,   44.06730783,     25.52197683], [  418.07800463, -266.83022129,   20.53308478,    8.28494747,     65.86966056,   99.6489681 ,  196.81961371,   78.68947765,     29.27986922,   31.45998168,   33.00048811,   43.42083275,     17.45107794], [  701.3255799 , -375.48298397,   61.71041386,   76.7906913 ,     48.31353524,   81.27835259,   78.68947765,  170.1590777 ,     45.33955045,   59.62908123,   37.61582065,   29.00904294,     41.06257944], [ -209.36664542, -156.0245276 ,    0.40226683,   64.54355973,    123.6352628 ,   56.23297166,   29.27986922,   45.33955045,    226.27283417,   29.52076972,   24.53488798,   54.0097145 ,     22.79044238], [  371.70506053, -150.95441383,   32.68992943,   36.88306228,     18.77357868,   34.59421606,   31.45998168,   59.62908123,     29.52076972,  116.41393918,   36.83393789,   -5.78019327,     22.81236195], [  311.37192674, -115.32939339,   44.34651009,   36.5860789 ,     35.41388958,   40.16189553,   33.00048811,   37.61582065,     24.53488798,   36.83393789,   72.4088063 ,   32.84922647,     13.07543099], [  258.48153049, -134.71974398,   44.15806099,   61.82287988,     80.03218294,   44.06730783,   43.42083275,   29.00904294,     54.0097145 ,   -5.78019327,   32.84922647,   99.82812499,     22.94913594], [   74.77896854, -116.87003232,   -7.55424737,   39.24966146,     34.00376829,   25.52197683,   17.45107794,   41.06257944,     22.79044238,   22.81236195,   13.07543099,   22.94913594,     69.7463292 ]]
