/root/sim/music/out/The_Beatles/1_ザ・ビートルズ/04_I_Want_To_Hold_Your_Hand.mp3; [-551.85815  , 105.79919  , -28.641138 ,  16.302385 , -16.655363 ,    6.7986073,  -2.080668 ,   3.9180279,  -2.7956097,   2.0123684,   -0.7086863,  -3.3854148,  -2.6519775]; [[12085.34357707, -829.39157199,-1979.61941871, -194.16487854,   -386.27772748, -241.21202702, -229.80250515,  -23.67402895,   -221.36315248,   13.14834574,  -17.77812998, -288.83464403,   -261.73375398], [ -829.39157199, 1241.97387669,  366.42852035,  128.3646132 ,     74.22349024,   88.12573524,  102.88013151,   46.54415873,     13.03753206,  -29.44284394,    6.64480043,   58.36244256,     49.17251508], [-1979.61941871,  366.42852035, 1401.49321222,  187.25864972,    -16.43239857,   85.87720829,   13.72283915,  -66.58082309,     42.90613023,  -33.86300694,   -6.25013263,  174.28156262,    117.7520696 ], [ -194.16487854,  128.3646132 ,  187.25864972,  361.27400052,    165.66270233,  -47.97357693,  -66.70225891,   17.31837794,     57.21343363,   21.28797807,  -27.8757154 ,   32.44066122,     51.44406182], [ -386.27772748,   74.22349024,  -16.43239857,  165.66270233,    330.29416404,   56.35369016,  -40.06677508,   29.90478019,     92.70994822,   51.28731374,  -21.45321212,    9.38450057,      3.7200813 ], [ -241.21202702,   88.12573524,   85.87720829,  -47.97357693,     56.35369016,  262.98671056,  122.99832791,   31.27648905,     45.37404088,   25.81743307,   22.6035188 ,   20.90451636,      0.47625329], [ -229.80250515,  102.88013151,   13.72283915,  -66.70225891,    -40.06677508,  122.99832791,  246.3634195 ,   89.17287978,    -26.36385249,   21.14505557,   66.66186524,   12.25718243,      6.30289352], [  -23.67402895,   46.54415873,  -66.58082309,   17.31837794,     29.90478019,   31.27648905,   89.17287978,  115.13382279,     25.88547694,   13.82120375,   27.11531894,    3.43584374,     10.12817188], [ -221.36315248,   13.03753206,   42.90613023,   57.21343363,     92.70994822,   45.37404088,  -26.36385249,   25.88547694,    142.33629865,   42.52696588,  -27.22654543,    0.7133056 ,     14.68937974], [   13.14834574,  -29.44284394,  -33.86300694,   21.28797807,     51.28731374,   25.81743307,   21.14505557,   13.82120375,     42.52696588,  124.96741379,   43.57054065,  -15.68609134,    -14.79841627], [  -17.77812998,    6.64480043,   -6.25013263,  -27.8757154 ,    -21.45321212,   22.6035188 ,   66.66186524,   27.11531894,    -27.22654543,   43.57054065,  122.61569041,   25.50959036,     -6.1279005 ], [ -288.83464403,   58.36244256,  174.28156262,   32.44066122,      9.38450057,   20.90451636,   12.25718243,    3.43584374,      0.7133056 ,  -15.68609134,   25.50959036,   94.08379668,     42.3405733 ], [ -261.73375398,   49.17251508,  117.7520696 ,   51.44406182,      3.7200813 ,    0.47625329,    6.30289352,   10.12817188,     14.68937974,  -14.79841627,   -6.1279005 ,   42.3405733 ,     83.97243485]]
/root/sim/music/out/The_Beatles/1_ザ・ビートルズ/05_Can't_Buy_Me_Love.mp3; [-570.86975  ,  96.00182  , -22.761032 ,  30.770258 ,   2.809659 ,   18.033684 ,  10.177244 ,   3.94288  ,  -1.2353548,   2.681879 ,    1.4736149,  -1.7436718,  -7.9090853]; [[12688.29154738,  695.65684899,-1232.11370505, -104.00986485,   -361.91537503,   45.91818466,    7.19159854,   48.55380816,    -67.80996875,  -71.26257363,  -67.55188468, -128.41875553,   -214.97490566], [  695.65684899,  702.69066358, -124.26639346, -111.60067728,    -75.04715081,  -34.19270316,   43.78589973,   34.61328645,    -22.4421135 ,    9.63197577,   39.41073838,    1.61477384,    -31.37055759], [-1232.11370505, -124.26639346,  813.28312942,  238.87328467,     46.00666547,    7.82631573,  -12.10750427,  -68.36149805,     24.61690751,    9.9833504 ,   -5.00750872,   58.5703658 ,     33.73235546], [ -104.00986485, -111.60067728,  238.87328467,  406.00871312,    215.60248996,  -10.61558568,  -66.767106  ,  -35.16664999,     22.73799272,   23.45446523,  -32.98754507,    7.47065161,     29.69063396], [ -361.91537503,  -75.04715081,   46.00666547,  215.60248996,    293.00909588,   12.59641359,  -86.23686569,  -20.72149673,     42.0188636 ,   26.4456739 ,  -34.07576473,    1.7428151 ,     28.81474157], [   45.91818466,  -34.19270316,    7.82631573,  -10.61558568,     12.59641359,  220.47042799,  123.63555313,    7.06995254,      4.23373545,   -1.95957561,   24.91853017,   -6.72505773,     -4.4201366 ], [    7.19159854,   43.78589973,  -12.10750427,  -66.767106  ,    -86.23686569,  123.63555313,  223.90078846,   61.61192593,    -20.67210957,   -7.93397715,   43.37166226,   -2.64070405,    -13.98121281], [   48.55380816,   34.61328645,  -68.36149805,  -35.16664999,    -20.72149673,    7.06995254,   61.61192593,  114.02819574,     29.56628631,    0.78192757,    6.65825277,    7.95824681,     18.33404073], [  -67.80996875,  -22.4421135 ,   24.61690751,   22.73799272,     42.0188636 ,    4.23373545,  -20.67210957,   29.56628631,    138.78421613,   38.0531653 ,  -27.99715153,    1.97170351,     22.17482539], [  -71.26257363,    9.63197577,    9.9833504 ,   23.45446523,     26.4456739 ,   -1.95957561,   -7.93397715,    0.78192757,     38.0531653 ,   87.16030677,   20.39348136,   -9.41650597,     -7.23572329], [  -67.55188468,   39.41073838,   -5.00750872,  -32.98754507,    -34.07576473,   24.91853017,   43.37166226,    6.65825277,    -27.99715153,   20.39348136,   99.37849607,   21.79936893,    -22.13872474], [ -128.41875553,    1.61477384,   58.5703658 ,    7.47065161,      1.7428151 ,   -6.72505773,   -2.64070405,    7.95824681,      1.97170351,   -9.41650597,   21.79936893,   81.2779323 ,     38.28959007], [ -214.97490566,  -31.37055759,   33.73235546,   29.69063396,     28.81474157,   -4.4201366 ,  -13.98121281,   18.33404073,     22.17482539,   -7.23572329,  -22.13872474,   38.28959007,     91.28375057]]
/root/sim/music/out/The_Beatles/1_ザ・ビートルズ/10_Help!.mp3; [-542.508    ,  82.70125  ,   2.7338161,  41.317104 ,   3.626135 ,    4.1101995,  -1.0690236,   3.6290336,  -3.20839  ,   3.9461522,    0.4905652,  -2.8456466,  -1.5989708]; [[15412.72080351,  198.70482723, -563.64621045,  176.10892558,   -273.04696967,  -17.83516681,  -58.72914934,   66.39167125,     44.00518106,  189.37390727,   11.20820373, -232.73681861,   -263.02792289], [  198.70482723, 1097.18060207, -146.04727973,  -32.66098249,    -30.5143792 ,  -39.98328512,   35.28155514,    0.46704552,    -93.73082102,   -9.72046354,   51.5642116 ,    8.47575056,    -17.74693415], [ -563.64621045, -146.04727973,  472.07500428,  127.12845699,     32.38105458,   35.98936626,   -6.0571804 ,  -18.25651705,    -36.79622601,  -67.06286095,  -55.74844324,   25.6207206 ,     38.38157157], [  176.10892558,  -32.66098249,  127.12845699,  386.80734212,    160.63352366,  -50.2937956 , -119.93252347,  -14.06473464,      9.30035422,  -58.07265333,  -70.50090219,   15.52965017,     52.39854936], [ -273.04696967,  -30.5143792 ,   32.38105458,  160.63352366,    206.45443894,   -8.39940284,  -72.05690901,  -23.10452846,     24.08818347,  -24.8352986 ,  -35.55168224,   -3.21248964,     17.52069749], [  -17.83516681,  -39.98328512,   35.98936626,  -50.2937956 ,     -8.39940284,  149.38484279,   86.39675186,   14.41712629,    -14.19056828,    6.9040323 ,    3.36783594,  -38.62026678,    -30.42185464], [  -58.72914934,   35.28155514,   -6.0571804 , -119.93252347,    -72.05690901,   86.39675186,  174.36334548,   46.10843355,    -28.23672135,   13.63282032,   21.6040874 ,  -27.32728178,    -35.40705992], [   66.39167125,    0.46704552,  -18.25651705,  -14.06473464,    -23.10452846,   14.41712629,   46.10843355,   85.81403411,     24.96648972,    8.22954058,    2.49943879,   -4.21922627,     -0.53123411], [   44.00518106,  -93.73082102,  -36.79622601,    9.30035422,     24.08818347,  -14.19056828,  -28.23672135,   24.96648972,    116.33197549,   51.63684036,   11.32219392,   12.76230767,     10.97293448], [  189.37390727,   -9.72046354,  -67.06286095,  -58.07265333,    -24.8352986 ,    6.9040323 ,   13.63282032,    8.22954058,     51.63684036,  110.93114552,   56.80033558,    4.06498188,    -10.54665034], [   11.20820373,   51.5642116 ,  -55.74844324,  -70.50090219,    -35.55168224,    3.36783594,   21.6040874 ,    2.49943879,     11.32219392,   56.80033558,   96.34094085,   29.87915943,     -8.2253409 ], [ -232.73681861,    8.47575056,   25.6207206 ,   15.52965017,     -3.21248964,  -38.62026678,  -27.32728178,   -4.21922627,     12.76230767,    4.06498188,   29.87915943,   94.88341137,     48.78798185], [ -263.02792289,  -17.74693415,   38.38157157,   52.39854936,     17.52069749,  -30.42185464,  -35.40705992,   -0.53123411,     10.97293448,  -10.54665034,   -8.2253409 ,   48.78798185,     88.72934633]]
/root/sim/music/out/The_Beatles/1_ザ・ビートルズ/18_All_You_Need_Is_Love.mp3; [-604.7359   , 104.17258  , -36.58593  ,  26.70182  ,  -3.8739984,    8.154816 ,   4.9434953,   6.1369987,   2.3818653,   5.9562244,    1.4730117,  -0.4932356,  -2.4442484]; [[16536.92351933,  558.32421875, -431.88362656,  385.11940311,     69.96728251,   35.12221466,  126.8980853 ,   99.81967025,     98.64877811,  203.01336185,  -84.59005411,  129.21905678,     43.70375434], [  558.32421875,  931.93040364,   49.72717422,  131.21097471,     26.88852044,  153.85026076,  127.90876154,   80.20566469,     69.15716311,   60.40087243,   30.54084415,   63.52633087,     17.18893256], [ -431.88362656,   49.72717422,  714.6222308 ,  214.08407144,    269.89644859,  280.0403454 ,  170.12238425,  125.46961612,    195.88723495,   41.98289905,   96.18009584,   40.17690075,     55.5626184 ], [  385.11940311,  131.21097471,  214.08407144,  367.03446273,    278.86180167,  126.09196326,   58.85579102,  101.61226119,    133.85386783,   37.25887803,   26.60666414,   33.42404625,     66.4522758 ], [   69.96728251,   26.88852044,  269.89644859,  278.86180167,    390.32228305,  161.29818588,   70.49421135,  113.32751686,    170.94709095,   32.54529937,   59.17825897,   27.64980593,     78.6956609 ], [   35.12221466,  153.85026076,  280.0403454 ,  126.09196326,    161.29818588,  298.46612477,  170.46764342,  102.34959025,    139.31228657,   64.30925038,   82.97556745,   36.52002637,     37.0483718 ], [  126.8980853 ,  127.90876154,  170.12238425,   58.85579102,     70.49421135,  170.46764342,  260.5818245 ,  137.91361461,     81.35993044,   81.10713248,  105.72747564,   38.76226023,     29.49033265], [   99.81967025,   80.20566469,  125.46961612,  101.61226119,    113.32751686,  102.34959025,  137.91361461,  184.33961724,    107.06457074,   56.24554726,   74.48078914,   38.50911779,     38.36801564], [   98.64877811,   69.15716311,  195.88723495,  133.85386783,    170.94709095,  139.31228657,   81.35993044,  107.06457074,    205.7427645 ,   55.87272653,   59.18822103,   34.35836687,     56.34112723], [  203.01336185,   60.40087243,   41.98289905,   37.25887803,     32.54529937,   64.30925038,   81.10713248,   56.24554726,     55.87272653,  138.62883915,   81.44198327,   37.71600125,     14.00698068], [  -84.59005411,   30.54084415,   96.18009584,   26.60666414,     59.17825897,   82.97556745,  105.72747564,   74.48078914,     59.18822103,   81.44198327,  166.94063794,   45.85849599,     27.26359404], [  129.21905678,   63.52633087,   40.17690075,   33.42404625,     27.64980593,   36.52002637,   38.76226023,   38.50911779,     34.35836687,   37.71600125,   45.85849599,  112.11505437,     44.10929841], [   43.70375434,   17.18893256,   55.5626184 ,   66.4522758 ,     78.6956609 ,   37.0483718 ,   29.49033265,   38.36801564,     56.34112723,   14.00698068,   27.26359404,   44.10929841,    103.07683767]]
/root/sim/music/out/The_Beatles/1_ザ・ビートルズ/12_Day_Tripper.mp3; [-606.19684  , 122.59184  , -26.103443 ,  10.075493 , -11.730583 ,    7.076641 ,   1.9039243,   5.1730614,  10.127475 ,   3.1216683,    3.448082 ,  -5.045806 ,  -1.6780682]; [[16148.42160034,-1285.8213962 ,   33.17565909,  584.21774984,     36.33723649,  348.69741184,   74.12886423,  -20.50908292,     78.87817799,  -20.15176739,   52.06349391, -120.81391796,   -113.8457522 ], [-1285.8213962 , 2813.36191374, -790.30647402, -290.30773579,    -93.0722709 , -245.71184116,  -11.27796625,   18.33021648,    -96.75945527,   13.72798944,  -40.52033921,  -57.84236245,    -49.6366225 ], [   33.17565909, -790.30647402, 1096.33654175,  128.61510454,     33.5499118 ,  184.55058356,  -18.4646986 ,   44.17994569,    141.94345081,  -36.12444995,   23.54312128,   62.59618572,    123.28589197], [  584.21774984, -290.30773579,  128.61510454,  448.12345828,    176.16191989,   -9.87848502,  -30.9264466 ,   35.04894273,     49.0920886 ,   29.12034715,  -36.28393028,   42.3737406 ,     43.07797112], [   36.33723649,  -93.0722709 ,   33.5499118 ,  176.16191989,    277.49601179,   56.27619885,    3.37054177,   35.93546809,     45.29239123,   26.18093443,    7.59632854,   15.65569808,     27.8282033 ], [  348.69741184, -245.71184116,  184.55058356,   -9.87848502,     56.27619885,  273.42829579,  133.05692043,   38.69853028,     51.14640866,   17.57679907,   52.98911429,   16.37763842,      0.75345495], [   74.12886423,  -11.27796625,  -18.4646986 ,  -30.9264466 ,      3.37054177,  133.05692043,  203.51959513,   56.54695095,     -7.03175814,   22.71209431,   53.53561249,   28.03259203,     -6.49948157], [  -20.50908292,   18.33021648,   44.17994569,   35.04894273,     35.93546809,   38.69853028,   56.54695095,  111.87519554,     54.56524413,   14.52405891,   19.25537111,   45.31770826,     38.89517657], [   78.87817799,  -96.75945527,  141.94345081,   49.0920886 ,     45.29239123,   51.14640866,   -7.03175814,   54.56524413,    154.3922458 ,   38.4177994 ,   15.15539468,   14.73282   ,     50.74363715], [  -20.15176739,   13.72798944,  -36.12444995,   29.12034715,     26.18093443,   17.57679907,   22.71209431,   14.52405891,     38.4177994 ,  121.99051221,   35.47830139,   10.73103388,    -13.55952866], [   52.06349391,  -40.52033921,   23.54312128,  -36.28393028,      7.59632854,   52.98911429,   53.53561249,   19.25537111,     15.15539468,   35.47830139,  114.85023234,   36.40439647,     14.41490145], [ -120.81391796,  -57.84236245,   62.59618572,   42.3737406 ,     15.65569808,   16.37763842,   28.03259203,   45.31770826,     14.73282   ,   10.73103388,   36.40439647,  120.32187133,     57.23510297], [ -113.8457522 ,  -49.6366225 ,  123.28589197,   43.07797112,     27.8282033 ,    0.75345495,   -6.49948157,   38.89517657,     50.74363715,  -13.55952866,   14.41490145,   57.23510297,    134.07604301]]
/root/sim/music/out/The_Beatles/1_ザ・ビートルズ/13_We_Can_Work_It_Out.mp3; [-576.5485   , 103.42065  ,   0.7004043,  14.991901 ,  -1.3506047,   10.350557 ,  -2.84684  ,  -3.6194458,   3.6161544,   2.8055646,    3.9080417,  -2.0942445,   2.4244556]; [[11918.94064686,  551.28141927,   62.78208536,  -79.35529394,   -237.05277178,  -24.92405327,   -9.06579995,   24.22592339,     79.96615926,   -7.45132849,   36.91642259, -170.6806673 ,   -236.67339418], [  551.28141927, 1016.50470055, -337.07453498,  -27.40641597,     24.57333805,    3.24701167,   -2.85870574,  -23.14433441,    -39.14235211,  -12.89952337,   -2.72421621,   11.28976296,     23.40557057], [   62.78208536, -337.07453498,  534.66650269,   56.32238905,     15.25002666,    3.70335863,    2.75696056,   40.47846957,     38.70431209,    2.38383628,   35.11421993,   32.99688309,     18.2745316 ], [  -79.35529394,  -27.40641597,   56.32238905,  317.52619481,    101.81622351,  -11.72288635,  -48.51156716,  -15.72815168,     28.43777333,   30.00537899,  -41.38108577,   41.34753882,     36.10777412], [ -237.05277178,   24.57333805,   15.25002666,  101.81622351,    226.46992286,   -6.98749544,  -74.04141975,   10.36319344,     13.918484  ,   15.20696671,  -19.0048931 ,   29.64865484,     30.23994321], [  -24.92405327,    3.24701167,    3.70335863,  -11.72288635,     -6.98749544,  145.49018493,   80.25867485,   12.8586879 ,     15.04024765,   12.80223759,   23.30165111,   -6.77981348,     17.24386767], [   -9.06579995,   -2.85870574,    2.75696056,  -48.51156716,    -74.04141975,   80.25867485,  191.3549787 ,   44.40184399,     18.42415813,   20.99002564,   24.57119543,    3.45600794,    -18.51660284], [   24.22592339,  -23.14433441,   40.47846957,  -15.72815168,     10.36319344,   12.8586879 ,   44.40184399,   94.51975474,     22.89615098,    9.26458415,   18.9301295 ,    7.62614568,      4.76091434], [   79.96615926,  -39.14235211,   38.70431209,   28.43777333,     13.918484  ,   15.04024765,   18.42415813,   22.89615098,     93.459271  ,   32.4883063 ,   11.32129688,    4.34163432,      2.15586796], [   -7.45132849,  -12.89952337,    2.38383628,   30.00537899,     15.20696671,   12.80223759,   20.99002564,    9.26458415,     32.4883063 ,   81.8158196 ,   20.37748761,   10.0153185 ,     -7.16448217], [   36.91642259,   -2.72421621,   35.11421993,  -41.38108577,    -19.0048931 ,   23.30165111,   24.57119543,   18.9301295 ,     11.32129688,   20.37748761,   84.73643147,    1.55667636,     -6.28891655], [ -170.6806673 ,   11.28976296,   32.99688309,   41.34753882,     29.64865484,   -6.77981348,    3.45600794,    7.62614568,      4.34163432,   10.0153185 ,    1.55667636,   83.13042098,     20.40895601], [ -236.67339418,   23.40557057,   18.2745316 ,   36.10777412,     30.23994321,   17.24386767,  -18.51660284,    4.76091434,      2.15586796,   -7.16448217,   -6.28891655,   20.40895601,     93.5009003 ]]
/root/sim/music/out/The_Beatles/1_ザ・ビートルズ/11_Yesterday.mp3; [-683.5444   , 138.83057  ,  -1.3939847,  33.486866 ,  -4.2408495,  -12.216545 , -10.525111 ,  -1.0795554, -16.642622 ,  -4.021591 ,  -10.07215  ,  -7.06767  ,  -6.556504 ]; [[14498.37399166, -370.57361997, -755.50301505,  -17.01149098,   -228.3205947 , -935.59049   , -807.33933805,   18.25261012,   -646.82135205,  -46.1230858 , -313.61477994, -279.30782374,   -264.26345373], [ -370.57361997, 2062.83561195, -115.84564801,   54.68580261,   -110.17958148,   92.45456343,  216.49714965,  -43.17844265,    -35.2106263 ,  -13.42223944,   -6.67945076,  -24.46655005,    -19.75661125], [ -755.50301505, -115.84564801,  479.37517464,   20.45479629,      7.96697388,  153.12698884,   66.45379934,   39.96054652,     84.30517578,  -20.6959577 ,   49.47599513,   17.56105753,    -11.18017514], [  -17.01149098,   54.68580261,   20.45479629,  419.84528678,    135.86077653,  -24.27227362,  -90.80294762,  -22.9605248 ,     31.39846742,   -3.28123035,  -48.53387875,   12.77670504,     54.82821357], [ -228.3205947 , -110.17958148,    7.96697388,  135.86077653,    328.74654151,  -65.96953624, -112.81316525,   51.83959105,     16.11160907,  -16.90776147,  -42.9547551 ,   13.66697502,     39.59403207], [ -935.59049   ,   92.45456343,  153.12698884,  -24.27227362,    -65.96953624,  366.00494858,  189.00008457,  -52.60752782,    130.29786141,   -2.41127426,   71.94542827,   28.06716717,     -8.98138085], [ -807.33933805,  216.49714965,   66.45379934,  -90.80294762,   -112.81316525,  189.00008457,  305.59009893,    1.39793235,     66.22937332,   24.5573845 ,   70.19486594,   20.29369572,     -9.73413418], [   18.25261012,  -43.17844265,   39.96054652,  -22.9605248 ,     51.83959105,  -52.60752782,    1.39793235,  200.03097546,     -8.74567697,   -2.64877687,   16.49451364,   -1.65303627,     13.77853645], [ -646.82135205,  -35.2106263 ,   84.30517578,   31.39846742,     16.11160907,  130.29786141,   66.22937332,   -8.74567697,    205.65597842,   32.63434002,   48.24544726,   36.1414603 ,     16.74054944], [  -46.1230858 ,  -13.42223944,  -20.6959577 ,   -3.28123035,    -16.90776147,   -2.41127426,   24.5573845 ,   -2.64877687,     32.63434002,  142.37327235,   49.20497575,   -1.1771595 ,    -18.8144934 ], [ -313.61477994,   -6.67945076,   49.47599513,  -48.53387875,    -42.9547551 ,   71.94542827,   70.19486594,   16.49451364,     48.24544726,   49.20497575,  127.41168889,   13.37610111,    -21.16657458], [ -279.30782374,  -24.46655005,   17.56105753,   12.77670504,     13.66697502,   28.06716717,   20.29369572,   -1.65303627,     36.1414603 ,   -1.1771595 ,   13.37610111,   85.36136748,     30.45445507], [ -264.26345373,  -19.75661125,  -11.18017514,   54.82821357,     39.59403207,   -8.98138085,   -9.73413418,   13.77853645,     16.74054944,  -18.8144934 ,  -21.16657458,   30.45445507,    108.37798746]]
/root/sim/music/out/The_Beatles/1_ザ・ビートルズ/21_Hey_Jude.mp3; [-595.2632    ,  92.29026   ,  10.914152  ,  16.759888  ,   9.377309  ,    6.2487497 ,   9.186112  ,  13.934515  , -10.303382  ,   8.052208  ,   -5.4170227 ,  -0.38600978,  -2.501354  ]; [[13977.9405536 , -780.18225305,  434.49573894,  276.02678555,    199.96758534,  323.33739917,  198.04598075,  202.50261505,    211.72384455,  194.97203764,  208.4543714 ,   83.58186274,    -53.72855382], [ -780.18225305, 1450.0507695 , -277.64508451,   64.94519853,    -79.0834825 , -225.73286765,  -76.94632897,  -29.17822097,   -148.81145669,  -12.35668313,  -85.4085436 ,  -68.89067661,    -28.21183587], [  434.49573894, -277.64508451,  730.19181872,   47.64269597,    151.92324927,   -3.33134051,  -18.45791003,  101.7240479 ,     24.3392722 ,   11.24694669,   15.55393906,   49.22746805,     49.58872515], [  276.02678555,   64.94519853,   47.64269597,  377.50434573,    119.9098329 ,    0.98176887,   30.08083221,   12.16412471,     80.03425773,    1.98673009,  -21.73760683,   36.78953871,     63.87604037], [  199.96758534,  -79.0834825 ,  151.92324927,  119.9098329 ,    237.89781107,   18.21796254,   -6.65243375,   42.08380813,     42.78457326,   20.7540262 ,   -7.94929178,   26.06963582,     48.08634187], [  323.33739917, -225.73286765,   -3.33134051,    0.98176887,     18.21796254,  261.35438884,  157.16630841,   16.00536668,     85.19334844,   17.18095972,   79.15847225,   38.05381405,     13.05264299], [  198.04598075,  -76.94632897,  -18.45791003,   30.08083221,     -6.65243375,  157.16630841,  271.79357713,   30.99333515,     79.77973214,   16.22874761,   55.98241186,   49.37020402,     24.79785484], [  202.50261505,  -29.17822097,  101.7240479 ,   12.16412471,     42.08380813,   16.00536668,   30.99333515,  113.59432063,     22.76376161,   19.17414481,   15.250571  ,   22.85713397,     25.33884832], [  211.72384455, -148.81145669,   24.3392722 ,   80.03425773,     42.78457326,   85.19334844,   79.77973214,   22.76376161,    175.57797038,   46.05598371,   43.54086809,   38.04169784,     34.16403764], [  194.97203764,  -12.35668313,   11.24694669,    1.98673009,     20.7540262 ,   17.18095972,   16.22874761,   19.17414481,     46.05598371,  100.0598782 ,   43.73531634,   10.58064969,      4.40404013], [  208.4543714 ,  -85.4085436 ,   15.55393906,  -21.73760683,     -7.94929178,   79.15847225,   55.98241186,   15.250571  ,     43.54086809,   43.73531634,  125.79112688,   39.40439735,     -0.81118331], [   83.58186274,  -68.89067661,   49.22746805,   36.78953871,     26.06963582,   38.05381405,   49.37020402,   22.85713397,     38.04169784,   10.58064969,   39.40439735,   91.46608885,     41.7963473 ], [  -53.72855382,  -28.21183587,   49.58872515,   63.87604037,     48.08634187,   13.05264299,   24.79785484,   25.33884832,     34.16403764,    4.40404013,   -0.81118331,   41.7963473 ,    100.30309604]]
/root/sim/music/out/The_Beatles/1_ザ・ビートルズ/06_A_Hard_Day's_Night.mp3; [-555.25525   ,  77.00232   , -13.100989  ,  38.037212  ,   6.6099057 ,   10.309091  ,   3.1471615 ,   7.0258265 ,  -2.643499  ,  -2.2135537 ,    0.14884521,   1.2485405 ,  -4.856883  ]; [[15402.6545959 ,  593.36226105, 1025.96745756,  342.09142366,   -119.30126216,  391.60351999, -109.57404262, -425.7877344 ,    153.76997688,  198.43224209,  -90.0065708 , -425.22358242,   -309.22508032], [  593.36226105,  734.82550527, -185.30600716,  -52.0269101 ,    -90.51017606,    3.93718328,   54.92494055,   45.68086894,    -86.25449972,  -24.18380696,   17.52629253,   11.48243339,    -25.79765686], [ 1025.96745756, -185.30600716, 1039.3474549 ,   97.95142456,     36.10549435,  163.23504923,  -13.87289348, -170.69830052,    150.13349459,   53.70319756,   38.43710049,  -45.11814023,    -11.59989293], [  342.09142366,  -52.0269101 ,   97.95142456,  264.04918347,    140.27304791,  -31.0738996 ,  -93.94223915,  -10.34501306,     51.53385066,   -8.81205337,  -26.42577015,   32.96259437,     15.22088881], [ -119.30126216,  -90.51017606,   36.10549435,  140.27304791,    210.89771759,  -12.18297216,  -85.99127207,  -17.40563247,     60.71514621,    1.24705751,  -11.16576871,   22.56978602,     16.18490401], [  391.60351999,    3.93718328,  163.23504923,  -31.0738996 ,    -12.18297216,  172.66757332,   78.37713767,  -17.99466711,      3.9403259 ,   13.72651138,   19.13568355,  -24.52846831,    -23.44949194], [ -109.57404262,   54.92494055,  -13.87289348,  -93.94223915,    -85.99127207,   78.37713767,  197.68936001,   58.71269019,    -42.2198046 ,   12.03225201,   25.46148981,   -5.46948404,    -12.77848039], [ -425.7877344 ,   45.68086894, -170.69830052,  -10.34501306,    -17.40563247,  -17.99466711,   58.71269019,  141.92719879,     -8.16819647,  -20.14035152,   -7.0483952 ,   39.9886151 ,     10.52962874], [  153.76997688,  -86.25449972,  150.13349459,   51.53385066,     60.71514621,    3.9403259 ,  -42.2198046 ,   -8.16819647,    141.78799128,   48.9659698 ,    4.97039343,  -12.47185286,      2.6176367 ], [  198.43224209,  -24.18380696,   53.70319756,   -8.81205337,      1.24705751,   13.72651138,   12.03225201,  -20.14035152,     48.9659698 ,  114.22909529,   34.74721894,  -37.08764515,    -17.80309891], [  -90.0065708 ,   17.52629253,   38.43710049,  -26.42577015,    -11.16576871,   19.13568355,   25.46148981,   -7.0483952 ,      4.97039343,   34.74721894,   82.1578354 ,   12.8408197 ,     -6.46847684], [ -425.22358242,   11.48243339,  -45.11814023,   32.96259437,     22.56978602,  -24.52846831,   -5.46948404,   39.9886151 ,    -12.47185286,  -37.08764515,   12.8408197 ,  111.60603975,     43.91633686], [ -309.22508032,  -25.79765686,  -11.59989293,   15.22088881,     16.18490401,  -23.44949194,  -12.77848039,   10.52962874,      2.6176367 ,  -17.80309891,   -6.46847684,   43.91633686,     74.30930626]]
/root/sim/music/out/The_Beatles/1_ザ・ビートルズ/02_From_Me_To_You.mp3; [-560.62085   , 112.47348   , -19.897238  ,  10.476621  ,   2.9937935 ,    1.0809758 ,  -0.43818203,   2.1520956 ,  -2.8585877 ,   2.4126008 ,    1.6594578 ,  -2.6315641 ,  -3.0730221 ]; [[10022.9691393 , -364.15920679, -522.76078653, -117.15213248,    -39.71153559,  -74.10995143, -140.07100531, -155.08562619,    -21.88188715,   -9.11613627,  -63.49267529, -114.59112372,   -106.07995767], [ -364.15920679, 1376.70222173,  -65.49003441,  116.28515267,    -24.72844431,  117.92281485,   73.14951064,  153.88256048,     47.63206647,   40.89471353,   65.68991557,   -4.04431675,     38.08923255], [ -522.76078653,  -65.49003441,  666.08380738,   77.87131083,    108.96209957,   83.966995  ,   19.0996528 ,   16.7127867 ,      8.72028618,   11.46384932,    3.96877352,   64.24726667,     27.57623701], [ -117.15213248,  116.28515267,   77.87131083,  351.06016968,    223.75862417,   -1.24542694,  -16.62026108,   41.68550439,     66.52468899,   -1.71556821,  -23.52560456,   30.7274144 ,     54.93683482], [  -39.71153559,  -24.72844431,  108.96209957,  223.75862417,    316.57183157,   -9.04379765,  -27.1655061 ,    0.65864678,     80.27445796,   16.97879477,  -30.94682891,   42.42021474,     19.95420764], [  -74.10995143,  117.92281485,   83.966995  ,   -1.24542694,     -9.04379765,  176.99885514,   92.61493088,   56.76261992,     11.89268208,   22.52543778,   33.54360545,    3.76239446,      4.07719983], [ -140.07100531,   73.14951064,   19.0996528 ,  -16.62026108,    -27.1655061 ,   92.61493088,  241.05041937,   59.13350573,     16.70822784,   14.76624217,   37.08300847,    1.95155825,    -11.13547326], [ -155.08562619,  153.88256048,   16.7127867 ,   41.68550439,      0.65864678,   56.76261992,   59.13350573,  132.5216344 ,     30.11110194,    7.45375834,   12.87653996,    1.3635641 ,     22.97030664], [  -21.88188715,   47.63206647,    8.72028618,   66.52468899,     80.27445796,   11.89268208,   16.70822784,   30.11110194,    121.06438915,   41.34747773,   -4.37768503,   14.10022197,      2.60146645], [   -9.11613627,   40.89471353,   11.46384932,   -1.71556821,     16.97879477,   22.52543778,   14.76624217,    7.45375834,     41.34747773,   94.84590822,   33.84186   ,   -2.92320949,    -19.90500597], [  -63.49267529,   65.68991557,    3.96877352,  -23.52560456,    -30.94682891,   33.54360545,   37.08300847,   12.87653996,     -4.37768503,   33.84186   ,  101.86028155,   17.82503205,     -3.29775686], [ -114.59112372,   -4.04431675,   64.24726667,   30.7274144 ,     42.42021474,    3.76239446,    1.95155825,    1.3635641 ,     14.10022197,   -2.92320949,   17.82503205,  108.9640056 ,     34.41055413], [ -106.07995767,   38.08923255,   27.57623701,   54.93683482,     19.95420764,    4.07719983,  -11.13547326,   22.97030664,      2.60146645,  -19.90500597,   -3.29775686,   34.41055413,     87.10850981]]
/root/sim/music/out/The_Beatles/1_ザ・ビートルズ/14_Paperback_Writer.mp3; [-567.8556   , 104.96782  , -37.64063  ,  12.8776045,  -4.324693 ,    6.39724  ,  -2.6825256,  15.486165 ,   4.2882404,  10.726153 ,    1.4395297,   1.8875074,  -6.3452086]; [[17256.14678408,  506.65606669, -680.10490443,  116.81519703,   -228.43352355,   45.15368595, -246.90698398,  107.21767909,   -139.71099339,   57.56782137, -153.95260637, -200.79942432,   -217.25863437], [  506.65606669, 1422.57616339,   23.59611127,  352.27259112,    253.2882329 ,   90.48030407,  154.67746448,  103.81048006,    127.3671323 ,   34.86864445,   65.7224281 ,   63.69905743,      0.55675953], [ -680.10490443,   23.59611127, 1360.60615108,  457.16890288,    478.83265194,  206.29349132,  147.56904389,   86.43393813,    258.21143916,  -84.36245859,   73.70098293,   66.72347327,     54.17824425], [  116.81519703,  352.27259112,  457.16890288,  538.37857643,    306.59206141,   70.74366655,   46.07773981,   71.06478173,    179.68367642,    5.58616984,   -7.44862269,   41.46877235,     22.74265953], [ -228.43352355,  253.2882329 ,  478.83265194,  306.59206141,    436.11053365,  134.06183288,   87.70659076,   62.57713165,    183.2413321 ,   -9.72355315,   37.75364063,   19.6804741 ,     49.45724747], [   45.15368595,   90.48030407,  206.29349132,   70.74366655,    134.06183288,  244.93618561,  149.87921861,   41.9286228 ,     77.63710232,   12.98566415,   32.9287189 ,    3.55251623,     11.5417296 ], [ -246.90698398,  154.67746448,  147.56904389,   46.07773981,     87.70659076,  149.87921861,  263.27953153,   60.65080485,     72.82575137,   -1.19288478,   44.7674101 ,   17.50653833,     11.96934731], [  107.21767909,  103.81048006,   86.43393813,   71.06478173,     62.57713165,   41.9286228 ,   60.65080485,  120.82330098,     50.85583041,   10.48831254,    3.87898089,   19.72473796,     10.30322096], [ -139.71099339,  127.3671323 ,  258.21143916,  179.68367642,    183.2413321 ,   77.63710232,   72.82575137,   50.85583041,    205.20018147,   14.52023311,   11.37872758,   21.07004246,     30.11094225], [   57.56782137,   34.86864445,  -84.36245859,    5.58616984,     -9.72355315,   12.98566415,   -1.19288478,   10.48831254,     14.52023311,  111.95767564,   28.17001253,  -16.61066385,    -18.36336746], [ -153.95260637,   65.7224281 ,   73.70098293,   -7.44862269,     37.75364063,   32.9287189 ,   44.7674101 ,    3.87898089,     11.37872758,   28.17001253,  102.98514531,   18.49783547,      0.83056043], [ -200.79942432,   63.69905743,   66.72347327,   41.46877235,     19.6804741 ,    3.55251623,   17.50653833,   19.72473796,     21.07004246,  -16.61066385,   18.49783547,  100.77860735,     33.99118109], [ -217.25863437,    0.55675953,   54.17824425,   22.74265953,     49.45724747,   11.5417296 ,   11.96934731,   10.30322096,     30.11094225,  -18.36336746,    0.83056043,   33.99118109,     82.98217016]]
/root/sim/music/out/The_Beatles/1_ザ・ビートルズ/16_Eleanor_Rigby.mp3; [-635.69965   , 146.27214   , -24.38157   ,  27.417124  ,  -8.496851  ,   -6.7951097 ,  -9.841317  ,  -0.27868393, -11.141559  ,  -0.39976925,   -4.007888  ,  -4.45803   ,  -3.868337  ]; [[13844.6508451 ,  537.52280065,-1180.69626512,   -7.16036939,   -778.20567149, -250.53025729, -436.45400591, -147.55672557,   -451.26594616,  -22.08031388, -121.29349252, -150.36564725,   -125.1572438 ], [  537.52280065, 1776.60049695, -191.71901894,  113.32434342,     83.08726107,  -70.92293696,   74.25783861,    3.80060048,     46.09087257,  -82.29846868,   10.30407127,   32.50880375,     -3.94283024], [-1180.69626512, -191.71901894,  583.3192119 ,   24.0440835 ,    150.22904827,   72.10005132,   46.89677747,   68.36603532,     33.78499381,   31.09113729,    8.66913325,    7.34346845,      4.48795176], [   -7.16036939,  113.32434342,   24.0440835 ,  352.93805578,     75.59237041,   20.86052333,   17.14670399,  -19.59883132,     65.98701182,    8.86604916,  -18.6624843 ,   10.54441775,      8.80132074], [ -778.20567149,   83.08726107,  150.22904827,   75.59237041,    316.68303246,    9.74425294,  -30.97311311,   11.10841777,     50.02072931,   34.75943175,  -25.59364439,   11.01647607,      9.54813258], [ -250.53025729,  -70.92293696,   72.10005132,   20.86052333,      9.74425294,  155.04632884,   56.04957741,   19.83107209,     21.75393979,   25.0660501 ,   30.14159206,   13.20707808,      0.39271363], [ -436.45400591,   74.25783861,   46.89677747,   17.14670399,    -30.97311311,   56.04957741,  181.11187429,   34.27536515,     36.72369955,   -4.29752274,   37.17619227,   19.81236734,      4.7919332 ], [ -147.55672557,    3.80060048,   68.36603532,  -19.59883132,     11.10841777,   19.83107209,   34.27536515,  117.08071353,      6.75052362,    8.37992412,   12.28872753,    3.77974565,      9.36631009], [ -451.26594616,   46.09087257,   33.78499381,   65.98701182,     50.02072931,   21.75393979,   36.72369955,    6.75052362,    138.541072  ,   16.11438666,   -1.0423297 ,    7.4447856 ,     17.52365735], [  -22.08031388,  -82.29846868,   31.09113729,    8.86604916,     34.75943175,   25.0660501 ,   -4.29752274,    8.37992412,     16.11438666,  107.12636302,   29.56723435,   11.04287877,      7.51902546], [ -121.29349252,   10.30407127,    8.66913325,  -18.6624843 ,    -25.59364439,   30.14159206,   37.17619227,   12.28872753,     -1.0423297 ,   29.56723435,  119.24081041,   33.18130895,      5.80360033], [ -150.36564725,   32.50880375,    7.34346845,   10.54441775,     11.01647607,   13.20707808,   19.81236734,    3.77974565,      7.4447856 ,   11.04287877,   33.18130895,  113.8517852 ,     38.69238471], [ -125.1572438 ,   -3.94283024,    4.48795176,    8.80132074,      9.54813258,    0.39271363,    4.7919332 ,    9.36631009,     17.52365735,    7.51902546,    5.80360033,   38.69238471,     96.21132338]]
/root/sim/music/out/The_Beatles/1_ザ・ビートルズ/26_Let_It_Be.mp3; [-627.1991    , 167.96762   , -15.784299  ,   9.292526  ,  -4.713524  ,   -1.8780274 , -12.309657  ,   2.002499  , -14.626115  ,  -2.4725776 ,   -5.414564  ,   0.41886568,  -4.894601  ]; [[16537.84337426,-3836.04717381,  -29.2609257 ,  703.81928058,     81.83443167,  381.99961672,   -2.49172812,   82.33977694,    106.84772042,  430.99723303,   25.33351974,  167.16906224,     23.44365613], [-3836.04717381, 4003.24370197, -921.22215969, -379.97507428,    -66.33771966, -293.14850678, -137.7819592 , -107.81779177,   -161.22473997, -294.22382535,  -71.25661827, -110.62620861,    -67.90426227], [  -29.2609257 , -921.22215969, 1158.58495842,  -55.71862423,     -6.53870433,  147.61400799,  103.3174366 ,   45.97880234,     29.00928817,   68.34496775,   52.28988844,   77.47942039,     31.7904423 ], [  703.81928058, -379.97507428,  -55.71862423,  389.59399266,     73.20822923,   64.26960527,   53.54295091,   79.41033988,     60.77271812,   30.85495092,   -5.36926616,   19.97498304,     37.90009358], [   81.83443167,  -66.33771966,   -6.53870433,   73.20822923,    242.19974933,  -21.23263344,  -28.97521458,   63.29388341,     41.21370878,  -10.82688418,  -25.1712047 ,   13.13235633,     26.08014112], [  381.99961672, -293.14850678,  147.61400799,   64.26960527,    -21.23263344,  286.33448054,  142.86971473,  -11.50403676,     97.01210639,   93.78113639,   50.59421332,   31.04429889,     -4.4519348 ], [   -2.49172812, -137.7819592 ,  103.3174366 ,   53.54295091,    -28.97521458,  142.86971473,  229.92426324,   -0.03682106,     70.75454281,   60.28126835,   44.82229447,   17.5606542 ,     -5.16182173], [   82.33977694, -107.81779177,   45.97880234,   79.41033988,     63.29388341,  -11.50403676,   -0.03682106,  149.63776889,      6.39358103,   12.09133541,    4.49493217,    4.43445496,     21.74999196], [  106.84772042, -161.22473997,   29.00928817,   60.77271812,     41.21370878,   97.01210639,   70.75454281,    6.39358103,    178.5167546 ,   50.82123918,   10.47726101,   15.08157721,     16.50529218], [  430.99723303, -294.22382535,   68.34496775,   30.85495092,    -10.82688418,   93.78113639,   60.28126835,   12.09133541,     50.82123918,  162.78325887,   59.37048894,   15.18629405,     -7.41995285], [   25.33351974,  -71.25661827,   52.28988844,   -5.36926616,    -25.1712047 ,   50.59421332,   44.82229447,    4.49493217,     10.47726101,   59.37048894,  109.03846112,   24.53495823,      1.05862758], [  167.16906224, -110.62620861,   77.47942039,   19.97498304,     13.13235633,   31.04429889,   17.5606542 ,    4.43445496,     15.08157721,   15.18629405,   24.53495823,   87.27866841,     31.83384127], [   23.44365613,  -67.90426227,   31.7904423 ,   37.90009358,     26.08014112,   -4.4519348 ,   -5.16182173,   21.74999196,     16.50529218,   -7.41995285,    1.05862758,   31.83384127,     86.54748572]]
