/root/sim/music/out/Oasis/Don't_Believe_The_Truth/05-The_Importance_Of_Being_Idle.mp3; [-477.5496   , 110.71129  , -27.386314 ,  14.541152 ,  11.871343 ,    4.5131307,  -4.8566093,   3.2588642,   5.877435 ,   4.5687547,    0.8474122,  -1.5385555,  -3.0525868]; [[4556.09665731,-778.6637468 , 205.41971759,   6.19491558, -41.04495716,   -48.08508536, -52.49546297,   9.66372966,  -2.75930136, 111.39848602,   -42.96487385,  39.91739042,  29.77687578], [-778.6637468 , 803.7353797 ,-131.99673585,  46.13334489,  39.18132408,    27.2522853 ,  61.10624857,  26.52588438,  25.73982186, -54.62658211,    21.99510714, -25.63813149, -28.79261357], [ 205.41971759,-131.99673585, 361.21501848,  19.59733445,  -5.19810324,    22.24290527, -12.27502839,  16.5561595 ,  -4.37998476,  -7.14245146,    -1.07903264,  16.39390044,   5.57606227], [   6.19491558,  46.13334489,  19.59733445, 184.56599954,  55.8036965 ,    -6.01417567,  -8.81565182,  17.33213005,  -3.56401742,  15.73864038,   -20.46273227,   5.52205536,  12.47065117], [ -41.04495716,  39.18132408,  -5.19810324,  55.8036965 , 135.06104799,    28.28698623,  14.82541682,  19.27834525,   7.68091514,  -5.519216  ,   -13.64635343, -11.80742921,   8.48932007], [ -48.08508536,  27.2522853 ,  22.24290527,  -6.01417567,  28.28698623,   136.01575666,  48.88530359,  14.61013529,  -6.65004912,  -8.11640235,    -6.78030952,  -3.51623704, -17.57131693], [ -52.49546297,  61.10624857, -12.27502839,  -8.81565182,  14.82541682,    48.88530359, 107.08775706,  28.07282456,   0.72114596,  -7.64506413,     2.5688068 ,  -3.41545123,  -9.15831646], [   9.66372966,  26.52588438,  16.5561595 ,  17.33213005,  19.27834525,    14.61013529,  28.07282456,  80.58897015,  17.49604501,  -5.33975799,    -1.85538402,   4.16815911,  -1.5674325 ], [  -2.75930136,  25.73982186,  -4.37998476,  -3.56401742,   7.68091514,    -6.65004912,   0.72114596,  17.49604501,  79.8626209 ,  19.24347115,    14.79261983,  -3.93585143,   7.71816492], [ 111.39848602, -54.62658211,  -7.14245146,  15.73864038,  -5.519216  ,    -8.11640235,  -7.64506413,  -5.33975799,  19.24347115,  86.10359102,    19.96924716,  14.69622638,   8.8958902 ], [ -42.96487385,  21.99510714,  -1.07903264, -20.46273227, -13.64635343,    -6.78030952,   2.5688068 ,  -1.85538402,  14.79261983,  19.96924716,    79.90524038,  17.93592366,   6.22019052], [  39.91739042, -25.63813149,  16.39390044,   5.52205536, -11.80742921,    -3.51623704,  -3.41545123,   4.16815911,  -3.93585143,  14.69622638,    17.93592366,  71.07929485,  17.50216484], [  29.77687578, -28.79261357,   5.57606227,  12.47065117,   8.48932007,   -17.57131693,  -9.15831646,  -1.5674325 ,   7.71816492,   8.8958902 ,     6.22019052,  17.50216484,  63.71057111]]
/root/sim/music/out/Oasis/Don't_Believe_The_Truth/10-A_Bell_Will_Ring.mp3; [-468.4289    , 115.0456    , -32.29165   ,  11.63118   ,   8.658969  ,   -6.1898065 ,  -6.577374  ,  -1.4207577 ,  -0.30649015,  -0.79597384,   -2.4907355 ,  -4.8428297 ,  -3.1353934 ]; [[8937.13638925,-215.23708982, 145.05557422, 193.33099819, 345.93928358,   191.36576186, 119.32788803, 206.3353705 ,  58.21552228, -15.98820392,   -58.06182035, -15.11187587,  78.65505402], [-215.23708982, 952.66567637,-104.56623892, 278.25598719,  19.3279537 ,   -66.51837183,  70.0508815 ,  35.81516819,  36.42389579,  82.69929054,    85.06536325,  32.25131379, -10.12144077], [ 145.05557422,-104.56623892, 658.14942906,  66.2388675 ,  85.65467761,    58.84137695, -10.47085245,  40.75059868,  13.3786249 ,  19.36160475,    46.8881603 ,   4.31830823,  -0.48097956], [ 193.33099819, 278.25598719,  66.2388675 , 519.09293223, 184.44715952,    27.1964752 ,  91.01728892,  44.47260926,  90.3632313 ,  59.47144871,    37.0603902 ,  66.05184763,  31.49112775], [ 345.93928358,  19.3279537 ,  85.65467761, 184.44715952, 177.87580913,    35.84769886,  46.36419468,  33.7395723 ,  48.15923369,  20.08389518,     7.24968636,  19.95171174,  18.70412408], [ 191.36576186, -66.51837183,  58.84137695,  27.1964752 ,  35.84769886,   101.85632492,  40.75456208,  16.65718646,  10.81898437,   6.83359061,    -1.36778561,   0.70186044,   8.32390472], [ 119.32788803,  70.0508815 , -10.47085245,  91.01728892,  46.36419468,    40.75456208, 129.81450106,  31.41735277,  22.67094307,  12.28954966,    10.34656459,  23.61125753,   8.27349117], [ 206.3353705 ,  35.81516819,  40.75059868,  44.47260926,  33.7395723 ,    16.65718646,  31.41735277,  86.55390119,  23.74025244,  11.30176268,    12.11907847,   6.23370084,  10.17106808], [  58.21552228,  36.42389579,  13.3786249 ,  90.3632313 ,  48.15923369,    10.81898437,  22.67094307,  23.74025244,  71.65792873,  30.85882587,     6.70916369,  13.64993034,  11.84458475], [ -15.98820392,  82.69929054,  19.36160475,  59.47144871,  20.08389518,     6.83359061,  12.28954966,  11.30176268,  30.85882587,  65.40397269,    33.13266422,   8.8964018 ,   2.65554963], [ -58.06182035,  85.06536325,  46.8881603 ,  37.0603902 ,   7.24968636,    -1.36778561,  10.34656459,  12.11907847,   6.70916369,  33.13266422,    66.08572168,  23.11719491,  -2.33745276], [ -15.11187587,  32.25131379,   4.31830823,  66.05184763,  19.95171174,     0.70186044,  23.61125753,   6.23370084,  13.64993034,   8.8964018 ,    23.11719491,  57.00093004,  18.38848505], [  78.65505402, -10.12144077,  -0.48097956,  31.49112775,  18.70412408,     8.32390472,   8.27349117,  10.17106808,  11.84458475,   2.65554963,    -2.33745276,  18.38848505,  47.04823995]]
/root/sim/music/out/Oasis/(What's_The_Story)_Morning_Glory_/01_Hello_1.mp3; [-496.2676    , 105.429634  ,  -3.989775  ,  22.526815  ,  11.359057  ,   -0.1497778 ,   3.842246  ,   5.8725147 ,  -2.8732965 ,   3.9565697 ,    2.5252588 ,  -2.4866648 ,   0.16017175]; [[7565.56797525,-871.28714963,  71.55362168,  85.93786264,  -7.17635437,     8.4398066 ,-185.56609655, 299.25742035, -50.42078621, 133.65657962,   201.89406242,  73.72019911, 185.28338964], [-871.28714963,1029.34063073,-364.35659491,  89.58306499, -47.75273443,   -24.3185927 ,  89.90872878, -98.41539378,  -2.2410218 ,  -2.42552176,   -34.13392063, -13.15228863, -40.571997  ], [  71.55362168,-364.35659491, 568.63465525,-107.74142028,  83.95329221,    68.04883833, -29.1306573 ,  69.22099215,  31.8307443 ,  16.31059661,    26.19641433,   0.47727543,  11.07058699], [  85.93786264,  89.58306499,-107.74142028, 252.24180002,  40.30621203,   -33.73071495,  -6.6082877 ,  29.60592128,  28.12071362,  13.75328778,     8.24831592,  12.33054144,  21.66699162], [  -7.17635437, -47.75273443,  83.95329221,  40.30621203, 136.98038177,     4.94511539,  -7.98919967,  23.58512982,  24.16468465,   5.05056662,     7.66722639,   0.44480091,  16.75370052], [   8.4398066 , -24.3185927 ,  68.04883833, -33.73071495,   4.94511539,   129.61889019,  50.60845382,  19.71031634,  13.81893482,  15.3782544 ,    23.7319846 ,  10.38332383,  -2.01663354], [-185.56609655,  89.90872878, -29.1306573 ,  -6.6082877 ,  -7.98919967,    50.60845382, 154.78601325,  17.41596047,  26.93371234,  10.46109194,    13.27797152,  15.21637224, -11.21438949], [ 299.25742035, -98.41539378,  69.22099215,  29.60592128,  23.58512982,    19.71031634,  17.41596047, 140.73711315,  25.20543964,  28.74894857,    41.02393184,   6.83534434,  29.29460307], [ -50.42078621,  -2.2410218 ,  31.8307443 ,  28.12071362,  24.16468465,    13.81893482,  26.93371234,  25.20543964,  87.73287343,  36.64032853,    17.55797746,   5.04681395,  -4.79591777], [ 133.65657962,  -2.42552176,  16.31059661,  13.75328778,   5.05056662,    15.3782544 ,  10.46109194,  28.74894857,  36.64032853,  87.66713424,    40.66812829,  10.5485647 ,   6.48723692], [ 201.89406242, -34.13392063,  26.19641433,   8.24831592,   7.66722639,    23.7319846 ,  13.27797152,  41.02393184,  17.55797746,  40.66812829,    76.89569652,  23.10259555,  14.14596302], [  73.72019911, -13.15228863,   0.47727543,  12.33054144,   0.44480091,    10.38332383,  15.21637224,   6.83534434,   5.04681395,  10.5485647 ,    23.10259555,  53.48548351,  20.88475352], [ 185.28338964, -40.571997  ,  11.07058699,  21.66699162,  16.75370052,    -2.01663354, -11.21438949,  29.29460307,  -4.79591777,   6.48723692,    14.14596302,  20.88475352,  64.34127691]]
/root/sim/music/out/Oasis/(What's_The_Story)_Morning_Glory_/05_Hey_Now!.mp3; [-452.27618   , 115.99579   , -28.815977  ,  35.623398  ,   4.4413304 ,   11.095605  ,   1.520556  ,  12.838536  ,   0.3093414 ,   1.7729497 ,   -0.8957828 ,   0.42663988,  -0.92767185]; [[2182.02166068,-453.40384243,  98.20897289,-108.78109105,  76.96072713,   -36.2771849 , -32.31316504, -29.23982916, -12.31293981,  12.60335354,   -28.85544858,  -9.61680087,  -7.53879783], [-453.40384243, 731.48138471,-238.7280141 ,  94.82888464, -78.02793916,    38.75211061,  29.61044396,  25.06793228, -10.12203505, -22.03279837,    28.57797075,  30.31249789,  14.31344855], [  98.20897289,-238.7280141 , 342.63216929, -79.48233528,  49.88676171,   -33.21372051, -10.19150411, -15.77679523,   1.41252612,  14.90244077,     2.08132779,  -8.31488771,   6.8038405 ], [-108.78109105,  94.82888464, -79.48233528, 229.56346745,  18.76226455,    -0.78979674, -21.023888  ,  22.26212367,  25.13209003, -13.58129077,    -9.45480579,  16.9160522 ,  23.7927335 ], [  76.96072713, -78.02793916,  49.88676171,  18.76226455,  92.42439212,    14.63877706,  13.64104996,  -0.53994592,  16.51450097,   5.46612993,     0.28059263,   5.00701206,  12.20812945], [ -36.2771849 ,  38.75211061, -33.21372051,  -0.78979674,  14.63877706,    87.546827  ,  48.12392444,  12.67001336,  -7.91441812,   1.22526413,     7.94008368,   1.09254155,  -0.99377733], [ -32.31316504,  29.61044396, -10.19150411, -21.023888  ,  13.64104996,    48.12392444,  87.4225361 ,  25.32685598,   5.05439105,  -9.15888692,    10.79145952,   9.80102494,   9.44806768], [ -29.23982916,  25.06793228, -15.77679523,  22.26212367,  -0.53994592,    12.67001336,  25.32685598,  55.91119654,  18.84993145,  -1.16591594,    -3.23342854,   8.69022274,   6.11615015], [ -12.31293981, -10.12203505,   1.41252612,  25.13209003,  16.51450097,    -7.91441812,   5.05439105,  18.84993145,  63.5476678 ,  21.48072487,     4.93613542,  -6.58616642,   7.92749358], [  12.60335354, -22.03279837,  14.90244077, -13.58129077,   5.46612993,     1.22526413,  -9.15888692,  -1.16591594,  21.48072487,  58.10588367,    18.44565312,  -8.9766412 , -13.56190575], [ -28.85544858,  28.57797075,   2.08132779,  -9.45480579,   0.28059263,     7.94008368,  10.79145952,  -3.23342854,   4.93613542,  18.44565312,    46.55278036,  13.27334316,   1.72071759], [  -9.61680087,  30.31249789,  -8.31488771,  16.9160522 ,   5.00701206,     1.09254155,   9.80102494,   8.69022274,  -6.58616642,  -8.9766412 ,    13.27334316,  49.25639899,  23.21653744], [  -7.53879783,  14.31344855,   6.8038405 ,  23.7927335 ,  12.20812945,    -0.99377733,   9.44806768,   6.11615015,   7.92749358, -13.56190575,     1.72071759,  23.21653744,  50.82511451]]
/root/sim/music/out/Oasis/(What's_The_Story)_Morning_Glory_/12_Champagne_Supernova.mp3; [-498.88092  , 129.42538  , -16.084755 ,  25.941973 ,  -2.4748065,    3.887092 ,  -4.1322694,   2.861146 , -10.196782 ,  -1.3884857,    0.183546 ,   2.3504212,  -2.0110886]; [[9002.89241476,-821.9799691 ,-384.21209505, 199.78919455,-118.75169179,   364.38631777, 103.88319942, 248.09155828, 404.47197797, 259.22704142,   121.24901025, 379.81460489, 154.49684049], [-821.9799691 ,1003.51285774, -26.80933104,  48.49318247,  56.57770936,   -55.67957384,  24.94920802,  14.47887648, -78.3377948 , -14.55628171,    12.35299253, -68.70295995, -40.23668668], [-384.21209505, -26.80933104, 606.90513493, -27.44040592,  98.79985043,   -59.6765365 , -41.35273158,  -8.52461408,  29.51419054,  10.43607258,   -41.19071636,  11.51421104,   2.92982976], [ 199.78919455,  48.49318247, -27.44040592, 257.4349111 ,  59.0364151 ,    16.53886968, -14.94517822,  11.47690649,  21.65447729,  -0.16634883,     4.38528724,  22.58133699,  38.93681663], [-118.75169179,  56.57770936,  98.79985043,  59.0364151 , 137.46451958,     5.00366195, -14.01123258,   7.36336211,  13.90841914,  11.77136062,     1.69701019,  10.71364234,  10.35134843], [ 364.38631777, -55.67957384, -59.6765365 ,  16.53886968,   5.00366195,   128.39708793,  59.40975677,  20.41679724,   8.64819368,   7.07782478,    31.37164539,  18.92117003,  -1.48458165], [ 103.88319942,  24.94920802, -41.35273158, -14.94517822, -14.01123258,    59.40975677, 104.50251141,  35.24432652,  11.42160859,   5.38505469,    17.62433856,   5.25420931,  -4.15960255], [ 248.09155828,  14.47887648,  -8.52461408,  11.47690649,   7.36336211,    20.41679724,  35.24432652,  90.95943888,  48.69660506,  27.82353019,     4.32787951,  17.17533068,   7.48305247], [ 404.47197797, -78.3377948 ,  29.51419054,  21.65447729,  13.90841914,     8.64819368,  11.42160859,  48.69660506, 142.64591877,  76.42988155,     2.34338194,  30.48585114,  29.82026796], [ 259.22704142, -14.55628171,  10.43607258,  -0.16634883,  11.77136062,     7.07782478,   5.38505469,  27.82353019,  76.42988155, 115.56899296,    24.36337097,  16.70347577,   8.17237205], [ 121.24901025,  12.35299253, -41.19071636,   4.38528724,   1.69701019,    31.37164539,  17.62433856,   4.32787951,   2.34338194,  24.36337097,    78.95928349,  27.09040049,   5.37274051], [ 379.81460489, -68.70295995,  11.51421104,  22.58133699,  10.71364234,    18.92117003,   5.25420931,  17.17533068,  30.48585114,  16.70347577,    27.09040049,  83.20377353,  36.27780145], [ 154.49684049, -40.23668668,   2.92982976,  38.93681663,  10.35134843,    -1.48458165,  -4.15960255,   7.48305247,  29.82026796,   8.17237205,     5.37274051,  36.27780145,  68.9785222 ]]
/root/sim/music/out/Oasis/(What's_The_Story)_Morning_Glory_/08_Cast_No_Shadow.mp3; [-527.58954   , 134.36705   ,   3.9523556 ,  21.194279  ,   6.5017447 ,    8.0164995 ,   4.227723  ,   6.5507708 ,   0.39606604,   4.6348424 ,    3.1529667 ,  -5.212233  ,  -1.5781926 ]; [[5464.43151805,-986.64651878,-228.62028007,  78.21522057,-128.32832835,    29.4354216 , -47.33410194,  94.80665851,  13.86412055, 169.34883335,    23.5258763 , 104.68187883,  73.49747985], [-986.64651878, 877.54226608,-261.58089925, -72.39212976,   3.40600307,   -25.48237573,  56.46610215,   8.2728919 ,  -4.72053531,  -7.00373706,    31.31622522, -39.91044729, -10.89266763], [-228.62028007,-261.58089925, 423.62426724,   3.19791077,  46.68886467,    22.83027629,  -5.8906399 , -32.70183661,   5.00059467, -27.9456965 ,    -7.50851079,   9.79235115,  -7.30998572], [  78.21522057, -72.39212976,   3.19791077, 229.98726148,  35.16601671,   -13.73559608, -60.72585502,   1.30662   ,  25.47377189,  -0.52511808,   -15.88477453,  26.48320644,  36.84439347], [-128.32832835,   3.40600307,  46.68886467,  35.16601671, 146.71964124,    11.55152477, -32.7464754 , -12.96363505,  30.1965186 ,   6.1400607 ,    -1.03023397,  -7.47331725,   8.49444066], [  29.4354216 , -25.48237573,  22.83027629, -13.73559608,  11.55152477,   105.99655461,  46.91442192,   0.77707638,   1.11825011,  12.86114843,    -2.25426817,  -0.48199153, -11.18239485], [ -47.33410194,  56.46610215,  -5.8906399 , -60.72585502, -32.7464754 ,    46.91442192, 139.52438872,  28.05480805,  -9.60609002,   0.8262425 ,    16.85355542,   0.32581445, -15.39149039], [  94.80665851,   8.2728919 , -32.70183661,   1.30662   , -12.96363505,     0.77707638,  28.05480805,  81.43658791,  17.25737827,  12.93406178,     8.94482876,   6.67389267,   8.3467765 ], [  13.86412055,  -4.72053531,   5.00059467,  25.47377189,  30.1965186 ,     1.11825011,  -9.60609002,  17.25737827,  79.13038175,  22.95261399,    -2.67700417,   0.53987779,   9.04066456], [ 169.34883335,  -7.00373706, -27.9456965 ,  -0.52511808,   6.1400607 ,    12.86114843,   0.8262425 ,  12.93406178,  22.95261399,  84.21467056,    21.78531988,   8.6125635 ,   0.0377367 ], [  23.5258763 ,  31.31622522,  -7.50851079, -15.88477453,  -1.03023397,    -2.25426817,  16.85355542,   8.94482876,  -2.67700417,  21.78531988,    67.47816824,   7.52433998,  -2.56345521], [ 104.68187883, -39.91044729,   9.79235115,  26.48320644,  -7.47331725,    -0.48199153,   0.32581445,   6.67389267,   0.53987779,   8.6125635 ,     7.52433998,  66.31048014,  21.20486083], [  73.49747985, -10.89266763,  -7.30998572,  36.84439347,   8.49444066,   -11.18239485, -15.39149039,   8.3467765 ,   9.04066456,   0.0377367 ,    -2.56345521,  21.20486083,  68.14948806]]
/root/sim/music/out/Oasis/(What's_The_Story)_Morning_Glory_/03_Wonderwall.mp3; [-548.80396   , 126.79015   , -12.600798  ,  24.169353  ,   7.5390577 ,    4.2012978 ,  -3.846866  ,   9.926343  ,   2.4542828 ,   3.168061  ,   -5.4961433 ,   0.63282835,  -4.491886  ]; [[12790.47219663,-1133.92086655, -156.4225657 ,  284.00281182,    384.18930362, -127.19007544, -237.00474471,  731.06905887,    177.77179913,  476.5011474 ,  292.75876327,  315.92018178,    422.28877025], [-1133.92086655,  999.91921026, -310.4750413 ,  116.9600775 ,    -63.28540438,   51.61301398,   66.93495915,   18.35718399,     16.37104018,   16.9135063 ,    5.07159663,   16.28177996,     -7.09308546], [ -156.4225657 , -310.4750413 ,  496.47540978,  -44.9630816 ,     78.60680132,   60.56425683,   26.30493847,  -50.97839443,     34.67411953,  -33.42222761,    2.85577148,   33.11249593,      6.36965508], [  284.00281182,  116.9600775 ,  -44.9630816 ,  410.80800774,    102.86519001,  -36.50344418,  -71.18966319,   39.3675311 ,     61.40304801,   79.95356403,   44.25957463,   55.6297503 ,     68.03997685], [  384.18930362,  -63.28540438,   78.60680132,  102.86519001,    200.06518643,   -8.22982139,  -40.36628462,   35.02031313,     58.93414352,   41.89055927,   23.66124752,   25.63769266,     45.84304775], [ -127.19007544,   51.61301398,   60.56425683,  -36.50344418,     -8.22982139,  194.01074719,  101.17339656,   20.85204744,     37.34083095,   -9.53907149,   -0.68889423,   16.65790425,    -21.57046962], [ -237.00474471,   66.93495915,   26.30493847,  -71.18966319,    -40.36628462,  101.17339656,  175.3073685 ,   35.42753711,      7.26940503,  -16.00583379,    8.11594941,   13.02369694,    -19.29568791], [  731.06905887,   18.35718399,  -50.97839443,   39.3675311 ,     35.02031313,   20.85204744,   35.42753711,  188.15838608,     44.43479749,   53.14026258,   35.24774161,   50.15663507,     48.51626992], [  177.77179913,   16.37104018,   34.67411953,   61.40304801,     58.93414352,   37.34083095,    7.26940503,   44.43479749,    125.69762766,   43.39501363,    9.17453671,   25.99358464,     16.45642091], [  476.5011474 ,   16.9135063 ,  -33.42222761,   79.95356403,     41.89055927,   -9.53907149,  -16.00583379,   53.14026258,     43.39501363,  119.25792344,   45.97689556,   25.83997835,     27.69289391], [  292.75876327,    5.07159663,    2.85577148,   44.25957463,     23.66124752,   -0.68889423,    8.11594941,   35.24774161,      9.17453671,   45.97689556,   76.15763174,   35.59974472,     26.88683151], [  315.92018178,   16.28177996,   33.11249593,   55.6297503 ,     25.63769266,   16.65790425,   13.02369694,   50.15663507,     25.99358464,   25.83997835,   35.59974472,   84.80245217,     39.89168128], [  422.28877025,   -7.09308546,    6.36965508,   68.03997685,     45.84304775,  -21.57046962,  -19.29568791,   48.51626992,     16.45642091,   27.69289391,   26.88683151,   39.89168128,     91.50829613]]
/root/sim/music/out/Oasis/(What's_The_Story)_Morning_Glory_/11_(Untitled).mp3; [-553.8131    ,  99.20409   , -38.590614  , -14.941435  , -12.40708   ,   -5.486721  , -11.873603  ,  -8.141084  ,  -7.139767  ,  -5.3618326 ,   -5.2307763 ,  -0.10210741,  -0.5679888 ]; [[1131.91365954,-213.47113274, -18.59061152, -23.53704948, -46.13600429,    53.62302269, -10.77138337, -20.80537957, -25.76408279, -14.05039781,     1.02834205,   7.57338013,  -5.88781936], [-213.47113274, 984.73635853,-344.37109635, 283.59765953,  63.86960876,    41.73751307,  34.16161686,  35.31448026,  31.89174758, -44.58998956,     8.59666483, -50.33600382, -36.68779664], [ -18.59061152,-344.37109635, 378.33442726,-171.46758177,  -1.35866628,   -67.86854686, -21.34934992,   0.23481551, -16.56537823,  23.48944112,   -24.81779857, -12.94307777, -14.97223011], [ -23.53704948, 283.59765953,-171.46758177, 230.61088342,  -0.86224589,    56.21467579,  11.14606056,   2.27294065,  13.53825835, -27.24543038,     8.73284351, -19.65272816, -12.6600761 ], [ -46.13600429,  63.86960876,  -1.35866628,  -0.86224589,  74.15218237,     9.48106577,  13.62132923,  11.32501562,   2.66493714,   2.94065107,    -0.67291017,   0.05807974,  -1.66477564], [  53.62302269,  41.73751307, -67.86854686,  56.21467579,   9.48106577,    79.15451069,  19.58218958,   9.74940839,  -0.842846  ,  -8.19551545,    11.01405376,   1.12722875,   2.96355258], [ -10.77138337,  34.16161686, -21.34934992,  11.14606056,  13.62132923,    19.58218958,  48.67367947,  16.11294221,   5.08505204,  -1.26375908,     6.45229062,   1.62136002,  -0.07765984], [ -20.80537957,  35.31448026,   0.23481551,   2.27294065,  11.32501562,     9.74940839,  16.11294221,  45.85952081,  13.3349241 ,  -0.16238841,     5.6687378 ,  -6.64114771,  -1.88322172], [ -25.76408279,  31.89174758, -16.56537823,  13.53825835,   2.66493714,    -0.842846  ,   5.08505204,  13.3349241 ,  39.8949074 ,   9.90902909,     6.39272927,  -1.47383187,   1.62034687], [ -14.05039781, -44.58998956,  23.48944112, -27.24543038,   2.94065107,    -8.19551545,  -1.26375908,  -0.16238841,   9.90902909,  36.92433863,    10.57732631,  13.06623966,   6.88698236], [   1.02834205,   8.59666483, -24.81779857,   8.73284351,  -0.67291017,    11.01405376,   6.45229062,   5.6687378 ,   6.39272927,  10.57732631,    34.98617568,  16.83212104,  10.27628829], [   7.57338013, -50.33600382, -12.94307777, -19.65272816,   0.05807974,     1.12722875,   1.62136002,  -6.64114771,  -1.47383187,  13.06623966,    16.83212104,  47.63968895,  24.52729866], [  -5.88781936, -36.68779664, -14.97223011, -12.6600761 ,  -1.66477564,     2.96355258,  -0.07765984,  -1.88322172,   1.62034687,   6.88698236,    10.27628829,  24.52729866,  40.25610212]]
/root/sim/music/out/Oasis/(What's_The_Story)_Morning_Glory_/10_Morning_Glory.mp3; [-466.5243   , 117.37133  , -37.3081   ,  47.42858  ,  -2.215613 ,    7.073163 ,  -2.6256678,   6.0646067,   0.3913986,  -4.74723  ,    2.1094623,   3.3016691,  -4.5365515]; [[ 7246.8665668 ,-1097.41825938, -819.34289053,  -36.36013247,   -150.09765695,   49.43254363,   92.98586511,  266.02574429,    132.4157574 ,  100.60075862,  153.68511454,  144.57023492,    -12.31605355], [-1097.41825938,  585.38467639,   26.76347006,   16.88498665,    -48.71706611,   14.10728769,  -11.82661907,  -48.57525544,    -18.13143241,  -21.31422398,  -34.36660685,  -48.85051252,    -13.08411566], [ -819.34289053,   26.76347006,  433.78084739,  -41.86542377,    127.96592379,  -17.02803183,    7.439232  ,   -8.52027451,    -22.00696648,   11.30407113,  -10.99785641,   17.20454234,     22.5069521 ], [  -36.36013247,   16.88498665,  -41.86542377,  271.87242859,     15.53421268,    7.9753032 ,  -46.59050572,  -16.69918368,     10.16493539,  -27.43830125,   14.77270805,    4.57892438,     13.18370516], [ -150.09765695,  -48.71706611,  127.96592379,   15.53421268,    114.29689689,   22.65739369,   19.64808492,    1.46458598,     -1.17927822,    7.57242685,    3.91884056,   16.01019375,     18.00923759], [   49.43254363,   14.10728769,  -17.02803183,    7.9753032 ,     22.65739369,   74.51881579,   45.17371631,   20.73660915,      7.22844675,    4.04684093,    9.74566761,    7.74697988,      4.28244164], [   92.98586511,  -11.82661907,    7.439232  ,  -46.59050572,     19.64808492,   45.17371631,   89.87557547,   44.32962104,      8.04042172,    8.05375035,    9.18835358,   14.20915701,      8.97483342], [  266.02574429,  -48.57525544,   -8.52027451,  -16.69918368,      1.46458598,   20.73660915,   44.32962104,   70.97001144,     28.1538531 ,   20.74210489,   10.32595754,   14.31103281,      5.18730646], [  132.4157574 ,  -18.13143241,  -22.00696648,   10.16493539,     -1.17927822,    7.22844675,    8.04042172,   28.1538531 ,     52.34769937,   26.64349002,   15.25385156,    1.68572271,     -1.4561278 ], [  100.60075862,  -21.31422398,   11.30407113,  -27.43830125,      7.57242685,    4.04684093,    8.05375035,   20.74210489,     26.64349002,   62.96894011,   23.66905415,    7.43389887,     -3.50195638], [  153.68511454,  -34.36660685,  -10.99785641,   14.77270805,      3.91884056,    9.74566761,    9.18835358,   10.32595754,     15.25385156,   23.66905415,   51.6719282 ,   27.63572561,      9.10813473], [  144.57023492,  -48.85051252,   17.20454234,    4.57892438,     16.01019375,    7.74697988,   14.20915701,   14.31103281,      1.68572271,    7.43389887,   27.63572561,   57.02792886,     27.59632114], [  -12.31605355,  -13.08411566,   22.5069521 ,   13.18370516,     18.00923759,    4.28244164,    8.97483342,    5.18730646,     -1.4561278 ,   -3.50195638,    9.10813473,   27.59632114,     45.30271523]]
/root/sim/music/out/Oasis/(What's_The_Story)_Morning_Glory_/07_Some_Might_Say.mp3; [-468.487     , 119.98661   , -32.387577  ,  34.493473  ,   0.11152567,    2.6268141 ,   6.706075  ,  -2.117374  ,  -1.4779352 ,   3.2643049 ,   -0.9685477 ,   2.0897942 ,  -4.4837284 ]; [[8852.10834136,-128.7812822 , 315.33234574,-360.42132234, -99.0544522 ,    71.20806563, -75.2322558 , -69.19615846, 108.00389094, 113.49866022,    28.93612907, -39.25194747,   3.73962315], [-128.7812822 , 477.57489681,-175.94820219, 131.08313927, -61.80266325,   -23.59099832, -28.55060036,  -6.60956268, -37.33446276, -13.3046669 ,   -21.83065062,  -6.30067846,  -2.57490426], [ 315.33234574,-175.94820219, 292.62254128,-108.59447993,  79.49339666,   -12.51427629,   4.62240082,  -0.99660321,  25.57382805,  13.25811752,    11.6479406 ,   8.34527173,  18.34920355], [-360.42132234, 131.08313927,-108.59447993, 177.76504588, -15.45019314,     1.82280558,  -6.26204916,   5.21741203, -20.38286276, -14.68651124,    -9.96945529,  15.55708198,   5.14343102], [ -99.0544522 , -61.80266325,  79.49339666, -15.45019314, 101.43763426,     6.61732832,  19.3714309 ,   5.03711983,   4.5674333 ,   2.9955663 ,     2.94939497,   9.28649081,  16.78015015], [  71.20806563, -23.59099832, -12.51427629,   1.82280558,   6.61732832,   109.76808387,  34.80215789,  11.81547122,  14.31591388,  20.52189619,    20.21529464,   5.4088449 ,  22.39282518], [ -75.2322558 , -28.55060036,   4.62240082,  -6.26204916,  19.3714309 ,    34.80215789,  82.81549524,  10.36465467,   9.61102267,  -0.87530379,    14.86627665,  12.90247811,   7.5825886 ], [ -69.19615846,  -6.60956268,  -0.99660321,   5.21741203,   5.03711983,    11.81547122,  10.36465467,  63.76772031,  19.30778636,  13.29835262,     8.37912943,   6.72635189,  13.37854963], [ 108.00389094, -37.33446276,  25.57382805, -20.38286276,   4.5674333 ,    14.31591388,   9.61102267,  19.30778636,  87.24794048,  32.598513  ,    31.58753331,  -0.51577   ,  19.01695977], [ 113.49866022, -13.3046669 ,  13.25811752, -14.68651124,   2.9955663 ,    20.52189619,  -0.87530379,  13.29835262,  32.598513  ,  60.211014  ,    29.10013105,   6.22891607,  10.55607527], [  28.93612907, -21.83065062,  11.6479406 ,  -9.96945529,   2.94939497,    20.21529464,  14.86627665,   8.37912943,  31.58753331,  29.10013105,    61.58333897,  18.17283352,  17.36512062], [ -39.25194747,  -6.30067846,   8.34527173,  15.55708198,   9.28649081,     5.4088449 ,  12.90247811,   6.72635189,  -0.51577   ,   6.22891607,    18.17283352,  45.13664988,  17.98181056], [   3.73962315,  -2.57490426,  18.34920355,   5.14343102,  16.78015015,    22.39282518,   7.5825886 ,  13.37854963,  19.01695977,  10.55607527,    17.36512062,  17.98181056,  55.75146717]]
/root/sim/music/out/Oasis/(What's_The_Story)_Morning_Glory_/06_(Untitled).mp3; [-547.21985   , 130.55792   , -25.511204  ,  36.52033   ,   4.4034433 ,   14.477968  ,   3.5492814 ,   8.996939  ,  -0.39595705,  -0.489932  ,    4.2154503 ,   7.6119156 ,   3.1647913 ]; [[14189.13321052, -338.06370536, -139.53384289, -330.64438893,    219.84673396,  251.0803401 ,   51.09038534, -134.5429194 ,   -211.09463179,  -55.25751376, -128.14663678,  159.3994009 ,    268.75763041], [ -338.06370536,  560.98565109,  172.99070718,   28.39522441,     61.21533565,  -20.08423063,  -28.19631005,  -77.79370779,     -9.13883652,  -80.11933305,  -14.7148886 ,   44.43248062,    117.4242262 ], [ -139.53384289,  172.99070718,  252.23750772,   -2.56395756,     62.32621149,    2.73392227,    0.02981399,  -45.61895025,     -7.55339607,  -43.59109921,   -6.55239874,   31.98552099,     82.22677535], [ -330.64438893,   28.39522441,   -2.56395756,   66.35940789,    -12.23643049,   -7.52956534,   -0.04517283,    9.45890118,      9.01145571,    6.04185284,    6.64525881,    1.59671622,    -11.87418432], [  219.84673396,   61.21533565,   62.32621149,  -12.23643049,    101.24445728,   22.9997667 ,   18.22362814,  -25.19571442,      2.41514357,  -28.06814025,    1.69307387,   22.65094186,     52.92303188], [  251.0803401 ,  -20.08423063,    2.73392227,   -7.52956534,     22.9997667 ,   53.64260104,   20.72100183,    1.43087932,     -3.01174589,    9.45167062,   -1.40461327,    6.73026213,     10.46905617], [   51.09038534,  -28.19631005,    0.02981399,   -0.04517283,     18.22362814,   20.72100183,   57.52321751,   19.68956448,      6.39707931,    0.83224158,    5.80993286,   16.33802536,     10.16607412], [ -134.5429194 ,  -77.79370779,  -45.61895025,    9.45890118,    -25.19571442,    1.43087932,   19.68956448,   63.94534062,     22.46171217,   27.74047831,    6.14197258,  -14.64830605,    -34.27666514], [ -211.09463179,   -9.13883652,   -7.55339607,    9.01145571,      2.41514357,   -3.01174589,    6.39707931,   22.46171217,     52.28778277,   21.35072863,    4.82573476,  -14.39810159,    -14.54579701], [  -55.25751376,  -80.11933305,  -43.59109921,    6.04185284,    -28.06814025,    9.45167062,    0.83224158,   27.74047831,     21.35072863,   58.83853449,   13.75402626,  -17.26703188,    -37.51129373], [ -128.14663678,  -14.7148886 ,   -6.55239874,    6.64525881,      1.69307387,   -1.40461327,    5.80993286,    6.14197258,      4.82573476,   13.75402626,   33.08426742,   10.62075714,     -4.72381584], [  159.3994009 ,   44.43248062,   31.98552099,    1.59671622,     22.65094186,    6.73026213,   16.33802536,  -14.64830605,    -14.39810159,  -17.26703188,   10.62075714,   62.58637759,     51.01010533], [  268.75763041,  117.4242262 ,   82.22677535,  -11.87418432,     52.92303188,   10.46905617,   10.16607412,  -34.27666514,    -14.54579701,  -37.51129373,   -4.72381584,   51.01010533,     95.97890552]]
/root/sim/music/out/Oasis/(What's_The_Story)_Morning_Glory_/02_Roll_With_It.mp3; [-457.1358    , 116.55465   , -28.610193  ,  26.285156  ,   1.0878897 ,    0.4367143 ,  -2.1983352 ,  10.616968  ,   2.6339765 ,   2.1491191 ,   -0.1505314 ,   4.4281774 ,  -0.45204335]; [[4212.06092199,-445.35049964, -84.0195437 ,-237.74680471, 131.95088972,  -128.02800518,  31.09902507,   3.23679142,  37.69697953, -35.04059532,    -4.56766186, -46.5533242 ,  16.29874182], [-445.35049964, 549.31596338, -76.42491157,  81.77234761, -54.73515432,    55.98754637,  15.84512761,  18.27038545,   6.1847122 ,   7.92133697,    14.69968755,   9.73627182,  12.94214855], [ -84.0195437 , -76.42491157, 419.00316821, -66.10160283,  87.56003986,    16.58982668,  16.17364419,   7.78457609,  18.79763755,  23.70232523,   -14.30469955,  15.98921014,  37.7126557 ], [-237.74680471,  81.77234761, -66.10160283, 222.23460562,  -0.97687161,     8.11356753, -26.89914602,  16.82271305,   8.84589709, -10.58825789,     3.44056284,   8.95170889,   9.57566236], [ 131.95088972, -54.73515432,  87.56003986,  -0.97687161, 113.67607046,     1.11077274,  12.04711032,  -3.45420447,  19.01738709,  14.20658092,    -1.10284345,   8.26474266,  18.12322442], [-128.02800518,  55.98754637,  16.58982668,   8.11356753,   1.11077274,    99.8468155 ,  37.9387106 ,   6.36369338,   1.68366653,   9.10771702,     9.73794138,  -2.31492192,  -0.32558204], [  31.09902507,  15.84512761,  16.17364419, -26.89914602,  12.04711032,    37.9387106 ,  75.46167355,  20.20867334,   6.5142155 ,   3.19691627,     9.299247  ,   6.26425114,   4.1925479 ], [   3.23679142,  18.27038545,   7.78457609,  16.82271305,  -3.45420447,     6.36369338,  20.20867334,  55.89536869,  18.57110525,   2.68119054,    -0.062379  ,   7.90043823,   7.44934642], [  37.69697953,   6.1847122 ,  18.79763755,   8.84589709,  19.01738709,     1.68366653,   6.5142155 ,  18.57110525,  59.85186731,  22.31507208,    10.7889327 ,   1.19423743,   7.73293841], [ -35.04059532,   7.92133697,  23.70232523, -10.58825789,  14.20658092,     9.10771702,   3.19691627,   2.68119054,  22.31507208,  62.65352204,    13.58995794,   7.55191354,   1.98351106], [  -4.56766186,  14.69968755, -14.30469955,   3.44056284,  -1.10284345,     9.73794138,   9.299247  ,  -0.062379  ,  10.7889327 ,  13.58995794,    48.46419796,  14.52244459,  -0.23109961], [ -46.5533242 ,   9.73627182,  15.98921014,   8.95170889,   8.26474266,    -2.31492192,   6.26425114,   7.90043823,   1.19423743,   7.55191354,    14.52244459,  51.68364228,  26.17983832], [  16.29874182,  12.94214855,  37.7126557 ,   9.57566236,  18.12322442,    -0.32558204,   4.1925479 ,   7.44934642,   7.73293841,   1.98351106,    -0.23109961,  26.17983832,  53.71097982]]
/root/sim/music/out/Oasis/(What's_The_Story)_Morning_Glory_/09_She's_Electric.mp3; [-486.98135  , 135.43297  ,  -8.868597 ,  15.852647 ,   1.5288994,    1.8926972,  -6.126608 ,   9.224043 ,  -2.6503983,   6.1575885,   -2.5442722,   2.4128277,  -3.8355815]; [[2979.69567292,-760.17111719,  52.48128286,-226.90925393,-119.32045553,    85.15731564,  26.93167712,   9.33598753, -50.96154815, 128.35408659,    74.82125424,  10.13359807, -51.93045133], [-760.17111719, 925.94462301,-354.91040336,  51.44462922,  13.88197066,   -21.40876091,  18.315956  ,   7.66557222,   7.476831  , -46.32538104,    16.72241114, -10.10047731,   6.52329492], [  52.48128286,-354.91040336, 429.55826475,  23.32401824,  42.26700608,     8.06894744, -18.70600135, -10.68429921,  26.28207727,  -3.57280865,   -36.24788053,  31.02134012,  19.76953326], [-226.90925393,  51.44462922,  23.32401824, 312.11758391,  60.59783677,   -54.78754485, -59.24159615,   7.35962691,  24.5317384 , -24.25136335,   -32.95679145,  -8.62977528,  51.58595001], [-119.32045553,  13.88197066,  42.26700608,  60.59783677, 136.56733425,   -10.66473636, -27.68888765,  11.74511902,  23.1823891 ,  -4.97740388,   -11.3430214 ,   5.62088808,  16.55345696], [  85.15731564, -21.40876091,   8.06894744, -54.78754485, -10.66473636,   128.81949669,  40.59377498,  -1.3301568 ,   4.11431503,   6.63105539,    17.35441776,  15.20530626, -16.45504217], [  26.93167712,  18.315956  , -18.70600135, -59.24159615, -27.68888765,    40.59377498, 111.55809246,  22.25499798, -12.8441905 ,   5.31005736,    23.27999643,  -0.54433695, -10.11379064], [   9.33598753,   7.66557222, -10.68429921,   7.35962691,  11.74511902,    -1.3301568 ,  22.25499798,  87.69427322,  14.90854025,   0.66405329,    -2.19896031,   5.90002001,   8.96492069], [ -50.96154815,   7.476831  ,  26.28207727,  24.5317384 ,  23.1823891 ,     4.11431503, -12.8441905 ,  14.90854025,  77.77554821,   4.10818793,    -6.40420355,   2.17895094,  10.48473173], [ 128.35408659, -46.32538104,  -3.57280865, -24.25136335,  -4.97740388,     6.63105539,   5.31005736,   0.66405329,   4.10818793,  83.12717636,    25.70459083,   1.14650759, -11.00892842], [  74.82125424,  16.72241114, -36.24788053, -32.95679145, -11.3430214 ,    17.35441776,  23.27999643,  -2.19896031,  -6.40420355,  25.70459083,    68.81494763,  12.76318681,  -6.44689473], [  10.13359807, -10.10047731,  31.02134012,  -8.62977528,   5.62088808,    15.20530626,  -0.54433695,   5.90002001,   2.17895094,   1.14650759,    12.76318681,  59.6916174 ,  15.46316184], [ -51.93045133,   6.52329492,  19.76953326,  51.58595001,  16.55345696,   -16.45504217, -10.11379064,   8.96492069,  10.48473173, -11.00892842,    -6.44689473,  15.46316184,  60.43681131]]
/root/sim/music/out/Oasis/(What's_The_Story)_Morning_Glory_/04_Don't_Look_Back_In_Anger.mp3; [-510.33676   , 143.80821   , -31.38128   ,  32.852104  ,   4.685893  ,   -1.5679984 ,  -6.5642557 ,  -2.145467  ,   0.55780476,   4.035156  ,   -3.290366  ,  -2.4841678 ,  -0.3151616 ]; [[5964.72771823,-991.67355474, 204.29359966,-130.28370041, 154.6871296 ,   206.79644252, 193.56718417, 265.54700103, 248.51294334, 186.04560679,    38.92278724,  78.42000238, -24.73755911], [-991.67355474, 990.87793675,-365.12520077, 187.24807341, -76.73871745,   -54.53878076, -33.65391371, -72.97591312, -70.37434359, -67.06104461,    -3.27412911, -14.90731481,   1.85845059], [ 204.29359966,-365.12520077, 459.48475233,-130.09835899,  79.41454301,    36.61621241,  16.2399269 ,  48.49283489,   0.65694179,  19.99147749,    14.71660837,   0.52066752,  -7.22184127], [-130.28370041, 187.24807341,-130.09835899, 270.52707453,  50.07559619,   -16.07624921, -28.88766509,   6.22392453,  13.83956114,   2.63914755,   -21.17422007,  11.91182177,  58.46703442], [ 154.6871296 , -76.73871745,  79.41454301,  50.07559619, 174.44498714,     5.7516638 ,  13.495732  ,  37.72732502,  34.60803172,  31.35277031,     5.23372651,  13.73399082,  26.26171644], [ 206.79644252, -54.53878076,  36.61621241, -16.07624921,   5.7516638 ,   140.07520291,  72.6614904 ,  52.45040596,  28.80096162,   9.27865698,     8.36597495,  17.89349283, -18.01316562], [ 193.56718417, -33.65391371,  16.2399269 , -28.88766509,  13.495732  ,    72.6614904 , 142.98433747,  50.31018482,  44.06108326,  11.41344843,    13.82492683,  21.1126025 ,  -9.3068637 ], [ 265.54700103, -72.97591312,  48.49283489,   6.22392453,  37.72732502,    52.45040596,  50.31018482, 108.01004904,  51.50636749,  23.95143109,     8.22569799,  20.42182055,   6.88417459], [ 248.51294334, -70.37434359,   0.65694179,  13.83956114,  34.60803172,    28.80096162,  44.06108326,  51.50636749,  97.54035756,  36.53565315,     5.85509708,  13.94397473,   6.25087116], [ 186.04560679, -67.06104461,  19.99147749,   2.63914755,  31.35277031,     9.27865698,  11.41344843,  23.95143109,  36.53565315,  71.10815252,    21.97580645,   7.26445255,   4.84985094], [  38.92278724,  -3.27412911,  14.71660837, -21.17422007,   5.23372651,     8.36597495,  13.82492683,   8.22569799,   5.85509708,  21.97580645,    61.50227619,  19.16068258,  -2.46771062], [  78.42000238, -14.90731481,   0.52066752,  11.91182177,  13.73399082,    17.89349283,  21.1126025 ,  20.42182055,  13.94397473,   7.26445255,    19.16068258,  58.28552293,  19.76930202], [ -24.73755911,   1.85845059,  -7.22184127,  58.46703442,  26.26171644,   -18.01316562,  -9.3068637 ,   6.88417459,   6.25087116,   4.84985094,    -2.46771062,  19.76930202,  70.43337169]]
