/root/sim/music/out/Oasis/Time_Flies_1994-2009_[Disc_2]/2-05_Let_There_Be_Love.mp3; [-582.25903  , 153.02536  ,  -4.92959  ,  23.696117 ,   1.8355348,   -4.0371704,  -1.5588727,  -2.1322227,   1.1892427,   0.5933336,   -4.3309226,   0.1051889,   0.3441578]; [[19533.93459108, -395.51395275,-1229.07626405, -450.16358205,    274.03443968,  138.59119083, -200.27054222,  444.53341853,     -1.34739363,   51.14972615,  213.48928875, -211.27096108,     33.61750747], [ -395.51395275, 2421.21845163, -234.80731976, -768.25991051,    203.90014911,   74.99950791,  -53.35475456,   63.12958074,    -35.06853537,    5.69615556,   76.1860041 ,    0.01286064,      5.91817513], [-1229.07626405, -234.80731976, 1033.62376377, -478.59452512,     -3.16550977,  176.30643538,  -57.21227473,   55.77506831,    -46.69733607,  -22.91107405,   92.98510165,  -22.91525479,    -40.32253859], [ -450.16358205, -768.25991051, -478.59452512, 1313.90309799,    -75.28565138, -246.04755565,  166.24683373, -192.17931508,    143.92412367,  -14.82763368, -191.68273914,  139.5965584 ,     67.97332176], [  274.03443968,  203.90014911,   -3.16550977,  -75.28565138,    221.6038241 ,   40.47519736,  -10.30524933,   28.68137494,     33.29375252,  -23.89946035,    8.02190265,   14.52847388,     24.42846136], [  138.59119083,   74.99950791,  176.30643538, -246.04755565,     40.47519736,  200.40395563,  -11.42603247,   39.40413374,      0.03611576,  -11.94824509,   43.35401331,   -4.02646046,     -0.94928972], [ -200.27054222,  -53.35475456,  -57.21227473,  166.24683373,    -10.30524933,  -11.42603247,  188.11573436,  -30.43025717,     22.88364012,   14.08112891,  -16.89275291,   35.64034599,      6.25920124], [  444.53341853,   63.12958074,   55.77506831, -192.17931508,     28.68137494,   39.40413374,  -30.43025717,  170.63799939,    -34.64750373,   20.32981757,   47.6279657 ,  -43.93326676,     -0.62686417], [   -1.34739363,  -35.06853537,  -46.69733607,  143.92412367,     33.29375252,    0.03611576,   22.88364012,  -34.64750373,    144.85063631,  -17.24248939,  -24.64135225,   39.746404  ,     15.23675414], [   51.14972615,    5.69615556,  -22.91107405,  -14.82763368,    -23.89946035,  -11.94824509,   14.08112891,   20.32981757,    -17.24248939,  107.57120813,   23.28461775,  -23.94310284,    -10.3075599 ], [  213.48928875,   76.1860041 ,   92.98510165, -191.68273914,      8.02190265,   43.35401331,  -16.89275291,   47.6279657 ,    -24.64135225,   23.28461775,  138.56074245,  -23.06469206,    -21.3336317 ], [ -211.27096108,    0.01286064,  -22.91525479,  139.5965584 ,     14.52847388,   -4.02646046,   35.64034599,  -43.93326676,     39.746404  ,  -23.94310284,  -23.06469206,  112.94066787,     20.62352717], [   33.61750747,    5.91817513,  -40.32253859,   67.97332176,     24.42846136,   -0.94928972,    6.25920124,   -0.62686417,     15.23675414,  -10.3075599 ,  -21.3336317 ,   20.62352717,     76.15854857]]
/root/sim/music/out/Oasis/Time_Flies_1994-2009_[Disc_2]/2-04_Lyla.mp3; [-456.11578  , 107.72585  , -24.916574 ,  21.22522  ,  10.579426 ,   10.340831 ,  -4.1568785,   1.9429264,   1.8558134,   6.372577 ,   -3.0730639,  -3.4970813,  -5.9699817]; [[ 9943.61457823,-1401.08426397, -967.71463199, -573.92857495,   -271.63856943, -124.77664217, -125.70305763,    4.56957147,     -1.45131827,   -2.07180149, -113.21715413,  -10.17112443,     47.2901067 ], [-1401.08426397, 1059.95337319,   38.12874601,  228.27802854,     77.82082998,   23.82206029,   27.99353904,  -20.94177768,     -9.52041524,   32.26205031,   46.28828188,   -7.51876301,    -14.75963623], [ -967.71463199,   38.12874601,  495.8318697 ,  108.9183682 ,     76.0684151 ,   38.07743905,   38.99359287,   20.20902801,     32.88883229,   -3.41551529,   29.70386641,   23.80469517,     -6.56502081], [ -573.92857495,  228.27802854,  108.9183682 ,  200.14508351,     73.06285616,   25.59282935,   10.87553529,   -6.73916399,     15.6217431 ,    6.64464919,   11.82320031,   10.64737871,      4.92509806], [ -271.63856943,   77.82082998,   76.0684151 ,   73.06285616,    105.62155576,   34.76470746,   15.11143133,    1.38750046,      7.4290901 ,    4.82775939,   11.21404077,    6.2043552 ,      7.25540141], [ -124.77664217,   23.82206029,   38.07743905,   25.59282935,     34.76470746,   79.5031379 ,   37.81462006,    6.42565573,     -6.24378189,    0.19302979,    7.82970837,    6.14754041,     -0.14899861], [ -125.70305763,   27.99353904,   38.99359287,   10.87553529,     15.11143133,   37.81462006,  107.00879066,   14.25282384,     13.77626913,    4.52844782,    6.3713472 ,   17.05951282,      1.8861541 ], [    4.56957147,  -20.94177768,   20.20902801,   -6.73916399,      1.38750046,    6.42565573,   14.25282384,   63.17584496,     22.45697153,    4.32831559,    4.81935442,   -0.47311133,      4.78955871], [   -1.45131827,   -9.52041524,   32.88883229,   15.6217431 ,      7.4290901 ,   -6.24378189,   13.77626913,   22.45697153,     71.9213382 ,   29.47494307,    8.293852  ,    3.95079396,      5.57241035], [   -2.07180149,   32.26205031,   -3.41551529,    6.64464919,      4.82775939,    0.19302979,    4.52844782,    4.32831559,     29.47494307,   66.07017525,   25.09971972,    1.70792715,     -4.55564686], [ -113.21715413,   46.28828188,   29.70386641,   11.82320031,     11.21404077,    7.82970837,    6.3713472 ,    4.81935442,      8.293852  ,   25.09971972,   55.760318  ,   14.97624592,     -3.10462747], [  -10.17112443,   -7.51876301,   23.80469517,   10.64737871,      6.2043552 ,    6.14754041,   17.05951282,   -0.47311133,      3.95079396,    1.70792715,   14.97624592,   52.65396788,     16.94306648], [   47.2901067 ,  -14.75963623,   -6.56502081,    4.92509806,      7.25540141,   -0.14899861,    1.8861541 ,    4.78955871,      5.57241035,   -4.55564686,   -3.10462747,   16.94306648,     50.78684024]]
/root/sim/music/out/Oasis/Time_Flies_1994-2009_[Disc_2]/2-07_Who_Feels_Love_.mp3; [-549.5244   , 136.54993  , -13.695325 ,  20.414705 ,   8.564396 ,    0.3169555,  -2.8485074,   2.6057532,  -6.907683 ,  -3.7829661,   -2.9108586,  -4.709284 ,  -3.9799654]; [[16377.08861233,   67.0771082 ,   -3.37978605,  -16.83339459,    -73.26825808,  -48.69995887,  -57.85704598,  109.65774844,   -166.76665502,  121.54669592,   39.48049102, -113.48596262,    -63.18676842], [   67.0771082 ,  858.02422151, -215.982361  ,  -36.225539  ,    -44.33411144,   15.9602685 ,   56.65278275,   10.72436806,     20.19719124,    7.13222203,    5.29515479,   -7.21224338,    -32.30225637], [   -3.37978605, -215.982361  ,  654.74456718, -140.21482934,    -11.12776091,   70.72740959,    8.49556771,   33.85662696,     43.01576223,   14.12935196,   22.67818573,  -12.99565712,      2.85634612], [  -16.83339459,  -36.225539  , -140.21482934,  361.07549084,     94.72740834,  -54.45240278,  -44.90459526,  -15.73375033,    -14.40573199,  -36.79564378,  -28.46373766,   41.57066834,     45.31592494], [  -73.26825808,  -44.33411144,  -11.12776091,   94.72740834,    146.63874895,    5.76849635,  -13.68195749,   -7.01330325,      3.35563216,  -19.74862999,   -5.33586644,    9.66589359,     13.80587459], [  -48.69995887,   15.9602685 ,   70.72740959,  -54.45240278,      5.76849635,  142.29244639,   65.91163892,   18.87947499,     13.14214551,   29.46124258,   12.93881967,  -15.32256997,     -9.32382769], [  -57.85704598,   56.65278275,    8.49556771,  -44.90459526,    -13.68195749,   65.91163892,  167.98234301,   31.94745725,     15.98216474,   16.88490837,   22.39203262,   -3.9804534 ,    -18.8793467 ], [  109.65774844,   10.72436806,   33.85662696,  -15.73375033,     -7.01330325,   18.87947499,   31.94745725,  107.22759776,     31.48732803,   24.77848477,   10.7064343 ,    3.70641301,      3.36680983], [ -166.76665502,   20.19719124,   43.01576223,  -14.40573199,      3.35563216,   13.14214551,   15.98216474,   31.48732803,     89.75822238,   29.94037177,    1.83753311,   -1.14807347,      4.6987345 ], [  121.54669592,    7.13222203,   14.12935196,  -36.79564378,    -19.74862999,   29.46124258,   16.88490837,   24.77848477,     29.94037177,   97.3703764 ,   31.8675779 ,  -14.21042112,     -9.62921482], [   39.48049102,    5.29515479,   22.67818573,  -28.46373766,     -5.33586644,   12.93881967,   22.39203262,   10.7064343 ,      1.83753311,   31.8675779 ,   64.75368916,    8.71156238,    -15.62604175], [ -113.48596262,   -7.21224338,  -12.99565712,   41.57066834,      9.66589359,  -15.32256997,   -3.9804534 ,    3.70641301,     -1.14807347,  -14.21042112,    8.71156238,   72.05247411,     32.02996067], [  -63.18676842,  -32.30225637,    2.85634612,   45.31592494,     13.80587459,   -9.32382769,  -18.8793467 ,    3.36680983,      4.6987345 ,   -9.62921482,  -15.62604175,   32.02996067,     73.49268122]]
/root/sim/music/out/Oasis/Time_Flies_1994-2009_[Disc_2]/2-12_I'm_Outta_Time.mp3; [-569.21045   , 151.45857   , -21.700823  ,  16.909172  ,   3.0625145 ,   10.816063  ,   2.5687788 ,  10.22796   ,  -0.01476859,   2.647533  ,    0.2012614 ,  -0.19735053,   1.4527757 ]; [[22262.76473771, -656.1705472 , 1448.19006115, 1846.79219279,    620.99769667,  869.50032796,  -71.53972198,  -85.82311272,    343.42631452,  868.96650957,  737.99976422,   31.06917116,   -463.95934742], [ -656.1705472 , 1443.29767787, -442.19007618,  -88.09532645,    -93.73336754, -149.18829759,   42.04352211,  -13.7232278 ,    -95.16105264,  -11.71391101,  -54.73809185,   -7.27206702,     22.44577798], [ 1448.19006115, -442.19007618,  662.0708614 ,  170.10675031,    126.55800544,  164.76648277,  102.0794377 ,   49.60373989,    134.77422161,   65.57685254,   82.08509482,   45.57041129,     26.00131647], [ 1846.79219279,  -88.09532645,  170.10675031,  465.49498225,    174.32097743,   38.14677767,   28.14343406,  -28.56786456,    101.04844867,  116.05824639,  115.97011983,   65.73955974,     -9.58211578], [  620.99769667,  -93.73336754,  126.55800544,  174.32097743,    257.1371211 ,   35.45899231,   61.42585865,   26.77382292,     86.47919484,   50.18792162,   66.95120574,   51.43175357,     35.43356259], [  869.50032796, -149.18829759,  164.76648277,   38.14677767,     35.45899231,  197.87024031,   40.87590303,   25.53735202,     19.56722266,   40.3299348 ,   11.8874854 ,  -11.35772765,    -12.5361197 ], [  -71.53972198,   42.04352211,  102.0794377 ,   28.14343406,     61.42585865,   40.87590303,  198.43195878,   61.59966258,     64.74726359,   11.45488264,    7.7768459 ,   34.99778362,     55.97879446], [  -85.82311272,  -13.7232278 ,   49.60373989,  -28.56786456,     26.77382292,   25.53735202,   61.59966258,  120.20643416,     42.29156251,   17.16624685,    0.609856  ,    1.20747665,     33.54443392], [  343.42631452,  -95.16105264,  134.77422161,  101.04844867,     86.47919484,   19.56722266,   64.74726359,   42.29156251,    133.21443124,   59.5339546 ,   41.53330648,   29.6065761 ,     29.13019346], [  868.96650957,  -11.71391101,   65.57685254,  116.05824639,     50.18792162,   40.3299348 ,   11.45488264,   17.16624685,     59.5339546 ,  165.73194329,   88.46090752,   10.37530879,    -14.96699677], [  737.99976422,  -54.73809185,   82.08509482,  115.97011983,     66.95120574,   11.8874854 ,    7.7768459 ,    0.609856  ,     41.53330648,   88.46090752,  123.25674341,   45.1562047 ,     -8.42997397], [   31.06917116,   -7.27206702,   45.57041129,   65.73955974,     51.43175357,  -11.35772765,   34.99778362,    1.20747665,     29.6065761 ,   10.37530879,   45.1562047 ,   83.54063311,     37.58404945], [ -463.95934742,   22.44577798,   26.00131647,   -9.58211578,     35.43356259,  -12.5361197 ,   55.97879446,   33.54443392,     29.13019346,  -14.96699677,   -8.42997397,   37.58404945,    102.6934666 ]]
/root/sim/music/out/Oasis/Heathen_Chemistry_[Japanese_Edition_Bonus_Tracks]/11-Better_Man.mp3; [-510.97238  , 132.80548  , -32.710014 ,  24.175592 ,   3.03065  ,    2.7245922,  -1.1980635,   2.7062333,   2.9023254,   8.707217 ,   -3.1108553,  -3.4411285,  -1.9378387]; [[23785.01605037, 2826.88307677, -456.8383657 ,  553.45095381,    361.29722237,  217.07948888,   36.75674821,  318.7471381 ,     68.79522634,  259.48695388,   13.96982736,  -34.37244154,     42.24625354], [ 2826.88307677, 1106.6922789 , -286.75358689,  200.87284749,    -57.86525774,  -12.53696057,    1.12778971,  -38.71146474,     16.81679803,   19.4958726 ,  -48.98906218,  -15.68704214,    -24.31871474], [ -456.8383657 , -286.75358689,  545.83465426,  -47.70031591,    112.54233655,    9.83871439,  -18.9543357 ,   75.12942995,      1.63907245,  -12.6511203 ,   11.95773345,   17.67595269,      9.68681273], [  553.45095381,  200.87284749,  -47.70031591,  148.47981533,     38.45821119,    3.63610302,   -7.26364762,   -1.68347648,     15.74503635,    6.81001326,  -13.37657959,   -1.04435185,     10.06815879], [  361.29722237,  -57.86525774,  112.54233655,   38.45821119,    169.7051066 ,   26.77111804,   41.21165507,   16.91190249,     17.3340498 ,   -1.47078561,   -4.77139322,   17.02279083,     18.82092155], [  217.07948888,  -12.53696057,    9.83871439,    3.63610302,     26.77111804,   78.24293961,   41.43965093,   18.95791753,     -2.57192797,   11.9954938 ,   13.63646174,    1.14931855,     -2.44665856], [   36.75674821,    1.12778971,  -18.9543357 ,   -7.26364762,     41.21165507,   41.43965093,  111.87696158,    2.1443275 ,      3.62263411,   -2.90953856,    1.61258867,    7.45915772,     -3.01970022], [  318.7471381 ,  -38.71146474,   75.12942995,   -1.68347648,     16.91190249,   18.95791753,    2.1443275 ,   86.02887188,      9.030813  ,   18.34349737,   17.79725106,   -1.31515302,     15.4496464 ], [   68.79522634,   16.81679803,    1.63907245,   15.74503635,     17.3340498 ,   -2.57192797,    3.62263411,    9.030813  ,     67.58008997,   12.71858659,   -1.18819539,    8.04647363,     -1.94343013], [  259.48695388,   19.4958726 ,  -12.6511203 ,    6.81001326,     -1.47078561,   11.9954938 ,   -2.90953856,   18.34349737,     12.71858659,   60.7415815 ,   23.72115737,   -3.70180558,      1.32166078], [   13.96982736,  -48.98906218,   11.95773345,  -13.37657959,     -4.77139322,   13.63646174,    1.61258867,   17.79725106,     -1.18819539,   23.72115737,   51.74323022,    9.46463488,      3.03447896], [  -34.37244154,  -15.68704214,   17.67595269,   -1.04435185,     17.02279083,    1.14931855,    7.45915772,   -1.31515302,      8.04647363,   -3.70180558,    9.46463488,   48.21613582,     14.89922056], [   42.24625354,  -24.31871474,    9.68681273,   10.06815879,     18.82092155,   -2.44665856,   -3.01970022,   15.4496464 ,     -1.94343013,    1.32166078,    3.03447896,   14.89922056,     47.27582162]]
/root/sim/music/out/Oasis/Heathen_Chemistry_[Japanese_Edition_Bonus_Tracks]/03-Hung_In_A_Bad_Place.mp3; [-483.8899   , 123.55565  , -35.06861  ,  33.128952 ,  -1.1370782,    1.510577 ,  -0.9590397,   6.511849 ,  -1.3630439,   1.061484 ,   -4.501157 ,  -0.5554441,  -2.3074818]; [[12805.46557982,   49.33011611,  418.04596945, -236.36683275,     20.92842387, -128.64952103,  163.56471572,  471.94072904,    276.34842626,  390.80734647,  153.81311781,   88.91708847,    -57.50659628], [   49.33011611, 1261.0846572 , -523.49201766,  242.48757358,    -62.34497493,  -18.40873125,    3.11065154,  -47.2087715 ,     -1.81362829,  -41.69276017,   20.93647464,  -27.09911601,     -8.88263855], [  418.04596945, -523.49201766,  701.44930606, -206.12906056,     71.46397497,  -22.20054359,   23.2559136 ,   92.34198442,     43.28941878,   78.29540219,   47.29461697,   45.79623718,      8.18333104], [ -236.36683275,  242.48757358, -206.12906056,  254.74051636,     10.67215386,    8.02583754,  -40.03677609,  -42.43269833,     13.54590171,  -42.28920394,  -28.02018053,   -6.30581241,     15.80364137], [   20.92842387,  -62.34497493,   71.46397497,   10.67215386,    107.67433121,   11.29095118,    4.77447818,    2.97854952,     10.94618176,    8.02488155,    7.8559373 ,   14.91228611,      2.53323241], [ -128.64952103,  -18.40873125,  -22.20054359,    8.02583754,     11.29095118,   75.08045945,   28.09920232,   -5.72651973,    -13.4931704 ,   -5.66528751,   -3.70734946,    1.34995572,      2.58580555], [  163.56471572,    3.11065154,   23.2559136 ,  -40.03677609,      4.77447818,   28.09920232,   94.29645765,   40.89495721,     23.71610856,   18.60826303,   26.18582884,   14.13418151,     -1.13984081], [  471.94072904,  -47.2087715 ,   92.34198442,  -42.43269833,      2.97854952,   -5.72651973,   40.89495721,  102.83831678,     52.47017117,   47.56543061,   35.52145934,   21.88708356,      2.09296239], [  276.34842626,   -1.81362829,   43.28941878,   13.54590171,     10.94618176,  -13.4931704 ,   23.71610856,   52.47017117,    104.28770861,   46.32150798,   18.86066686,    3.6604943 ,      3.86037372], [  390.80734647,  -41.69276017,   78.29540219,  -42.28920394,      8.02488155,   -5.66528751,   18.60826303,   47.56543061,     46.32150798,   95.03566317,   45.63207107,   15.42048584,      3.88917708], [  153.81311781,   20.93647464,   47.29461697,  -28.02018053,      7.8559373 ,   -3.70734946,   26.18582884,   35.52145934,     18.86066686,   45.63207107,   78.80095826,   34.1388406 ,      2.31729357], [   88.91708847,  -27.09911601,   45.79623718,   -6.30581241,     14.91228611,    1.34995572,   14.13418151,   21.88708356,      3.6604943 ,   15.42048584,   34.1388406 ,   62.08340963,     22.19085674], [  -57.50659628,   -8.88263855,    8.18333104,   15.80364137,      2.53323241,    2.58580555,   -1.13984081,    2.09296239,      3.86037372,    3.88917708,    2.31729357,   22.19085674,     51.25069386]]
/root/sim/music/out/Oasis/Heathen_Chemistry_[Japanese_Edition_Bonus_Tracks]/07-A_Quick_Peep.mp3; [-523.06946   , 130.64496   ,  12.846655  ,  20.372831  ,  17.286423  ,   16.9551    ,   8.143757  ,   8.414143  ,   2.7660563 ,   4.543728  ,   -3.2513926 ,  -0.16531761,  -6.717914  ]; [[4003.63666296,-635.44292378,-392.39809935, 245.19007041, -76.75414799,  -237.49033138, -28.39436224, -81.93213201, -14.39441192, -52.0621134 ,   -52.82997244, -92.68447024,-113.16304762], [-635.44292378, 831.03117361,-101.25349489,-174.7608117 , 113.71237572,    74.652401  , -54.15620877,  -9.59922083, -25.25790632, -13.83323008,   -50.63677538,  23.45228524,  43.8541809 ], [-392.39809935,-101.25349489, 534.18669178,-110.76016108,  25.99966318,   110.1018924 ,  42.80784381,  42.88187673, -15.53505925,   6.39378971,    44.24302541,  32.83101526,  27.1668648 ], [ 245.19007041,-174.7608117 ,-110.76016108, 266.73591747,-101.7173866 ,   -57.87019649,  35.90155548,   7.15470141,  30.16821714,  31.11010022,    27.29070358,   4.01936491, -30.50702047], [ -76.75414799, 113.71237572,  25.99966318,-101.7173866 , 146.60699539,    38.82394124, -38.91268644,   4.91273739,  12.95848625, -10.76144291,   -24.96358747,   0.34760309,  20.93691155], [-237.49033138,  74.652401  , 110.1018924 , -57.87019649,  38.82394124,   105.53516517,  22.15041898,  11.79317182,  -5.93689763,  11.99854654,    14.00690325,  20.58369417,  26.79354321], [ -28.39436224, -54.15620877,  42.80784381,  35.90155548, -38.91268644,    22.15041898, 103.07019429,  29.28326926,  -2.78367532,  20.33707673,    30.27825796,   7.24386231,  11.62468718], [ -81.93213201,  -9.59922083,  42.88187673,   7.15470141,   4.91273739,    11.79317182,  29.28326926,  81.77092   ,  43.89763655,  14.7157082 ,     9.71044356,   8.49751462,  13.29025068], [ -14.39441192, -25.25790632, -15.53505925,  30.16821714,  12.95848625,    -5.93689763,  -2.78367532,  43.89763655,  79.28190972,  25.12685885,    -4.00068057,  -2.01234902,  13.0724874 ], [ -52.0621134 , -13.83323008,   6.39378971,  31.11010022, -10.76144291,    11.99854654,  20.33707673,  14.7157082 ,  25.12685885,  53.67013543,    27.92048143,   8.65106236,   5.74028318], [ -52.82997244, -50.63677538,  44.24302541,  27.29070358, -24.96358747,    14.00690325,  30.27825796,   9.71044356,  -4.00068057,  27.92048143,    73.53193367,  32.99551747,   1.85515066], [ -92.68447024,  23.45228524,  32.83101526,   4.01936491,   0.34760309,    20.58369417,   7.24386231,   8.49751462,  -2.01234902,   8.65106236,    32.99551747,  54.67570188,  17.65014104], [-113.16304762,  43.8541809 ,  27.1668648 , -30.50702047,  20.93691155,    26.79354321,  11.62468718,  13.29025068,  13.0724874 ,   5.74028318,     1.85515066,  17.65014104,  58.36963967]]
/root/sim/music/out/Oasis/Heathen_Chemistry_[Japanese_Edition_Bonus_Tracks]/04-Stop_Crying_Your_Heart_Out.mp3; [-562.74854  , 143.03712  , -19.580269 ,  -3.2884479,   3.6529987,    1.6117337,  -2.8511133,   2.1998224,  -8.158662 ,   3.6490457,   -1.967597 ,  -3.8946068,  -3.7876072]; [[23707.60370506,-2675.05025989, 2436.72450204, 1236.24692011,    305.0735161 ,  429.49663594,  376.76449684,  659.92352005,   -242.3126785 ,  357.32294357,  311.16004214,  259.92668278,     69.64427844], [-2675.05025989, 2417.54709662, -523.54997845, -186.82687558,   -241.32534128, -364.07980946, -274.13165901, -379.12433061,   -159.38195547, -152.74059218, -112.994814  , -133.6301436 ,   -116.02099303], [ 2436.72450204, -523.54997845,  765.80030026,  150.64842651,     92.95108426,   57.2164242 ,   21.72600094,   61.46857796,      0.23443665,   32.45066069,   43.8506096 ,   43.54897208,     -7.87054716], [ 1236.24692011, -186.82687558,  150.64842651,  377.9169259 ,     69.9626431 ,   33.64469282,    8.39681593,   76.75662621,     64.69098113,   37.74786868,   36.97284873,   62.16250236,     39.39505841], [  305.0735161 , -241.32534128,   92.95108426,   69.9626431 ,    251.66986953,   81.37803303,   68.66529901,   50.50327815,    126.30749245,   19.31907537,   35.6069915 ,   81.13979309,     35.32355856], [  429.49663594, -364.07980946,   57.2164242 ,   33.64469282,     81.37803303,  191.59510845,  102.84084638,   82.22115308,     58.65479673,   34.5856613 ,   40.17100794,   44.61277201,     26.54521684], [  376.76449684, -274.13165901,   21.72600094,    8.39681593,     68.66529901,  102.84084638,  200.24931104,   80.66988919,     30.8359998 ,   32.16678508,   33.2743441 ,   43.98768997,     18.19031316], [  659.92352005, -379.12433061,   61.46857796,   76.75662621,     50.50327815,   82.22115308,   80.66988919,  171.27700584,     46.95981143,   59.84492319,   37.74964357,   29.59993473,     41.49933973], [ -242.3126785 , -159.38195547,    0.23443665,   64.69098113,    126.30749245,   58.65479673,   30.8359998 ,   46.95981143,    228.01512825,   30.55597527,   24.42129095,   54.01180683,     23.63166052], [  357.32294357, -152.74059218,   32.45066069,   37.74786868,     19.31907537,   34.5856613 ,   32.16678508,   59.84492319,     30.55597527,  116.96900333,   37.22377771,   -5.42038416,     22.90599547], [  311.16004214, -112.994814  ,   43.8506096 ,   36.97284873,     35.6069915 ,   40.17100794,   33.2743441 ,   37.74964357,     24.42129095,   37.22377771,   72.85879158,   32.95735891,     13.04361573], [  259.92668278, -133.6301436 ,   43.54897208,   62.16250236,     81.13979309,   44.61277201,   43.98768997,   29.59993473,     54.01180683,   -5.42038416,   32.95735891,  100.06962569,     23.2324251 ], [   69.64427844, -116.02099303,   -7.87054716,   39.39505841,     35.32355856,   26.54521684,   18.19031316,   41.49933973,     23.63166052,   22.90599547,   13.04361573,   23.2324251 ,     70.33982355]]
/root/sim/music/out/Oasis/Heathen_Chemistry_[Japanese_Edition_Bonus_Tracks]/05-Songbird.mp3; [-532.5142    , 102.203125  ,   4.575057  ,  -1.0344802 ,  -7.454455  ,   -0.45584598,  -1.7311038 ,  -3.5141377 ,  -8.201465  ,   0.07628071,   -2.8044035 ,   2.9612434 ,  -2.535133  ]; [[12623.91827211,  627.17026382,  489.78615793,  -26.14606377,    -55.60489548, -171.81374409, -190.46540585,    1.02695655,      2.29325005,  147.27183128,  -45.42877302, -234.00523559,   -256.97133488], [  627.17026382,  902.66727601, -371.07180976,    8.40736653,    -57.26636467,  -58.77712005,   38.07937913,   -9.43319777,    -33.61113837,   28.64935823,  -31.41512916,   39.46470321,     18.69599408], [  489.78615793, -371.07180976,  437.02065915,    4.79771964,     57.51503523,    0.00560304,  -49.96278267,  -10.65609497,     39.46454262,   21.04609543,   22.99870803,  -42.63523026,    -55.52689842], [  -26.14606377,    8.40736653,    4.79771964,  213.28556107,     44.84505543,  -54.33653119,  -58.85010348,    3.47416164,      3.94102602,    2.81736215,    1.4168707 ,  -39.1311217 ,    -16.05137822], [  -55.60489548,  -57.26636467,   57.51503523,   44.84505543,    143.46491338,   -7.10298238,  -24.11317766,   -1.29097794,     25.88956834,   -1.88122385,   -3.92909148,  -10.53790544,     -8.27961032], [ -171.81374409,  -58.77712005,    0.00560304,  -54.33653119,     -7.10298238,  138.83627642,   60.80938192,  -10.83107535,      7.95436301,  -13.24301659,  -12.42771268,   40.63848638,     13.44019733], [ -190.46540585,   38.07937913,  -49.96278267,  -58.85010348,    -24.11317766,   60.80938192,  125.83510951,   16.44220794,     -6.61564114,  -10.32629146,   -3.64661897,   33.16813703,     17.59364388], [    1.02695655,   -9.43319777,  -10.65609497,    3.47416164,     -1.29097794,  -10.83107535,   16.44220794,   84.00614809,     11.18071666,   -2.43092772,   10.1879122 ,   -6.58621998,      4.98049269], [    2.29325005,  -33.61113837,   39.46454262,    3.94102602,     25.88956834,    7.95436301,   -6.61564114,   11.18071666,     85.22480249,   20.84572349,   -6.68252226,   -1.18883589,     -9.70905499], [  147.27183128,   28.64935823,   21.04609543,    2.81736215,     -1.88122385,  -13.24301659,  -10.32629146,   -2.43092772,     20.84572349,   86.68916145,   26.69105486,  -15.7397997 ,    -21.23990733], [  -45.42877302,  -31.41512916,   22.99870803,    1.4168707 ,     -3.92909148,  -12.42771268,   -3.64661897,   10.1879122 ,     -6.68252226,   26.69105486,   75.74620149,    3.76321605,     -8.37305783], [ -234.00523559,   39.46470321,  -42.63523026,  -39.1311217 ,    -10.53790544,   40.63848638,   33.16813703,   -6.58621998,     -1.18883589,  -15.7397997 ,    3.76321605,   94.04041065,     34.48483774], [ -256.97133488,   18.69599408,  -55.52689842,  -16.05137822,     -8.27961032,   13.44019733,   17.59364388,    4.98049269,     -9.70905499,  -21.23990733,   -8.37305783,   34.48483774,     83.26154416]]
/root/sim/music/out/Oasis/Heathen_Chemistry_[Japanese_Edition_Bonus_Tracks]/10-Born_On_A_Different_Cloud.mp3; [-559.4199    , 120.24347   ,  -5.3759766 ,  12.038309  ,   5.367859  ,   15.7420025 ,  12.925096  ,  13.16629   ,  -1.4422017 ,   3.8749394 ,   -0.64506465,   2.5548208 ,   1.7265644 ]; [[21595.69669203, -140.36064628,  967.44153932,  657.93142352,    250.66193393,  376.42408661,  139.23753936,  232.69930874,    -65.40287647,  301.26804851,   61.43780977,   73.40520546,    -53.74993127], [ -140.36064628, 1285.80677474, -498.02870205,  -43.92531732,    -37.90391776,  -33.87344065,   80.14391173,   12.8392137 ,    -16.48922559,  -56.66600066,   -8.33862374,   43.75463344,     68.7072029 ], [  967.44153932, -498.02870205,  589.60922705,   94.20664457,    140.05487843,   72.66085418,   13.42414439,    9.28030075,     18.47212074,   21.58996394,    8.9847204 ,   25.69785095,    -10.47178824], [  657.93142352,  -43.92531732,   94.20664457,  249.81506782,     83.92457433,   48.01974991,   27.25795149,   19.98273944,     15.54414866,   15.10415448,   -2.87292729,   39.728844  ,     17.10349558], [  250.66193393,  -37.90391776,  140.05487843,   83.92457433,    211.12308747,   36.58344807,   29.59588203,   -8.27141108,     18.22426475,   -9.95122649,  -12.17725324,   38.7673965 ,     17.25977654], [  376.42408661,  -33.87344065,   72.66085418,   48.01974991,     36.58344807,  124.56653185,   53.67078593,   14.79769234,    -13.47526304,    2.95366032,   -0.03068258,   15.49941057,     10.99855394], [  139.23753936,   80.14391173,   13.42414439,   27.25795149,     29.59588203,   53.67078593,  137.22409728,   39.81202736,     -5.72753837,  -29.67904215,   -9.33444257,   35.49446727,     27.75138427], [  232.69930874,   12.8392137 ,    9.28030075,   19.98273944,     -8.27141108,   14.79769234,   39.81202736,   97.66809802,     21.94270935,   20.1440198 ,   -5.94685461,   -0.66954994,      2.97503715], [  -65.40287647,  -16.48922559,   18.47212074,   15.54414866,     18.22426475,  -13.47526304,   -5.72753837,   21.94270935,     99.51358321,   19.34190961,    0.19504713,   -1.51269817,    -17.8041158 ], [  301.26804851,  -56.66600066,   21.58996394,   15.10415448,     -9.95122649,    2.95366032,  -29.67904215,   20.1440198 ,     19.34190961,  116.02260342,   40.04328094,  -27.07381314,    -34.79756005], [   61.43780977,   -8.33862374,    8.9847204 ,   -2.87292729,    -12.17725324,   -0.03068258,   -9.33444257,   -5.94685461,      0.19504713,   40.04328094,   71.22073847,    6.43789245,     -8.04700295], [   73.40520546,   43.75463344,   25.69785095,   39.728844  ,     38.7673965 ,   15.49941057,   35.49446727,   -0.66954994,     -1.51269817,  -27.07381314,    6.43789245,   88.62725159,     46.59060897], [  -53.74993127,   68.7072029 ,  -10.47178824,   17.10349558,     17.25977654,   10.99855394,   27.75138427,    2.97503715,    -17.8041158 ,  -34.79756005,   -8.04700295,   46.59060897,     87.0297537 ]]
/root/sim/music/out/Oasis/Heathen_Chemistry_[Japanese_Edition_Bonus_Tracks]/02-Force_Of_Nature.mp3; [-494.6853    , 118.66433   , -10.824954  ,  21.591475  ,  13.838987  ,    8.118987  ,   0.43282774,   2.8729525 ,   8.672054  ,   5.0883527 ,    0.23834428,  -4.717286  ,   1.4603882 ]; [[9786.5381832 ,-992.76067755,-295.49888191,-390.13308401,-205.36042167,  -154.32410317, -81.03171974,   3.89594023,  56.43467762,  31.34732647,    13.06251075, -73.9541131 , -84.22126019], [-992.76067755, 799.66352232,-142.98479653,  59.71186506,  48.37322302,    -9.09612346,  77.70085273,  29.69506198,  54.22905236,  -3.17746782,    40.01037581,  -1.87002244,  16.95148773], [-295.49888191,-142.98479653, 361.08729476,  11.87419631,  24.33416437,     9.19569884,  -1.13583264,  14.95771767, -35.24697985,  -5.09448724,    -5.04723578,  10.88383144,   7.84732341], [-390.13308401,  59.71186506,  11.87419631, 174.55205518,  29.52495539,    -7.84815646,  -6.8691908 ,   1.96283074, -14.91704804,  -8.40449556,     3.2390027 ,   3.1447142 ,  24.62990534], [-205.36042167,  48.37322302,  24.33416437,  29.52495539, 128.53352253,    -7.36842028,   7.86841803,   4.07022302,  -9.62593969,  -1.37416291,    -1.09761516, -10.98015573,  15.50648707], [-154.32410317,  -9.09612346,   9.19569884,  -7.84815646,  -7.36842028,   102.00283559,  28.49964021,   6.10061146,  13.5267943 ,  -0.1410864 ,    -8.29317155,   7.60101967,  -7.19164954], [ -81.03171974,  77.70085273,  -1.13583264,  -6.8691908 ,   7.86841803,    28.49964021,  97.74000085,  29.45597079,  17.51369094,  -9.18564782,     2.67705058,   2.09842573,  -4.05729999], [   3.89594023,  29.69506198,  14.95771767,   1.96283074,   4.07022302,     6.10061146,  29.45597079,  74.27714658,  17.55186268,   6.74435335,     9.83486858,  -2.75826399,  -2.49412211], [  56.43467762,  54.22905236, -35.24697985, -14.91704804,  -9.62593969,    13.5267943 ,  17.51369094,  17.55186268,  80.82753603,  21.78784474,     5.30036362,  -4.11997872,  -7.14673444], [  31.34732647,  -3.17746782,  -5.09448724,  -8.40449556,  -1.37416291,    -0.1410864 ,  -9.18564782,   6.74435335,  21.78784474,  58.69275778,    12.2699084 ,   0.75532212,  -6.27245944], [  13.06251075,  40.01037581,  -5.04723578,   3.2390027 ,  -1.09761516,    -8.29317155,   2.67705058,   9.83486858,   5.30036362,  12.2699084 ,    57.97104373,  13.45609243,   5.41679554], [ -73.9541131 ,  -1.87002244,  10.88383144,   3.1447142 , -10.98015573,     7.60101967,   2.09842573,  -2.75826399,  -4.11997872,   0.75532212,    13.45609243,  50.65717962,  14.68913803], [ -84.22126019,  16.95148773,   7.84732341,  24.62990534,  15.50648707,    -7.19164954,  -4.05729999,  -2.49412211,  -7.14673444,  -6.27245944,     5.41679554,  14.68913803,  57.01471909]]
/root/sim/music/out/Oasis/Heathen_Chemistry_[Japanese_Edition_Bonus_Tracks]/01-The_Hindu_Times.mp3; [-461.28983   , 109.392456  ,  -8.399224  ,  23.433416  ,  14.034533  ,    5.761544  ,   3.22071   ,   0.87737083,   3.5729206 ,   3.3907435 ,   -1.6639707 ,  -3.3652952 ,   1.5608861 ]; [[6107.62356638,-419.94051246, 903.33360033, 200.81570167, 245.55766757,   140.92778714, -97.3188894 ,  90.02061266,  26.67471768,  44.24426434,     7.97682608, -61.16656288, -43.17322636], [-419.94051246, 581.48850438,-397.03391301,   7.85099481, -74.5040178 ,   -44.03058257,  77.47777265, -35.79312199,   3.22902745, -12.09574992,    -3.57924771,  11.24493806,  22.69850714], [ 903.33360033,-397.03391301, 581.85303569,  60.57058346, 121.62312993,    49.99151919, -45.42466682,  34.63604309, -19.46334845,  12.87727434,    13.18865905,   2.57177364, -15.11272205], [ 200.81570167,   7.85099481,  60.57058346, 145.75176342,  54.65303203,    11.59277325, -12.434588  , -20.35584538,   8.92246196, -13.779701  ,     4.7520221 ,   6.6563468 ,  12.14441036], [ 245.55766757, -74.5040178 , 121.62312993,  54.65303203, 110.69251506,    18.23217124,  -2.5150013 , -16.31855041,   8.09520415,  -2.83309375,     0.17443885,   6.39673391,   5.40571336], [ 140.92778714, -44.03058257,  49.99151919,  11.59277325,  18.23217124,    81.6363674 ,  24.62323891,  12.68545142,  -7.05384518,   0.65358474,     5.280098  ,   0.82042239,  -1.1242293 ], [ -97.3188894 ,  77.47777265, -45.42466682, -12.434588  ,  -2.5150013 ,    24.62323891,  92.39631547,   4.26029021,  -1.26746311, -12.36561745,    -1.50499609,   6.63350688,  -0.1477639 ], [  90.02061266, -35.79312199,  34.63604309, -20.35584538, -16.31855041,    12.68545142,   4.26029021,  77.94709616,  12.44354216,  16.44206613,    -5.10345874,  -9.30236945,  -0.56832286], [  26.67471768,   3.22902745, -19.46334845,   8.92246196,   8.09520415,    -7.05384518,  -1.26746311,  12.44354216,  59.97075229,  17.88606166,     2.26476634,  -7.52948332,   1.7172774 ], [  44.24426434, -12.09574992,  12.87727434, -13.779701  ,  -2.83309375,     0.65358474, -12.36561745,  16.44206613,  17.88606166,  57.72230091,    15.74060241,  -3.12033766,  -8.49976051], [   7.97682608,  -3.57924771,  13.18865905,   4.7520221 ,   0.17443885,     5.280098  ,  -1.50499609,  -5.10345874,   2.26476634,  15.74060241,    51.02717414,  11.47413036,   0.13241888], [ -61.16656288,  11.24493806,   2.57177364,   6.6563468 ,   6.39673391,     0.82042239,   6.63350688,  -9.30236945,  -7.52948332,  -3.12033766,    11.47413036,  48.92511255,  19.02724329], [ -43.17322636,  22.69850714, -15.11272205,  12.14441036,   5.40571336,    -1.1242293 ,  -0.1477639 ,  -0.56832286,   1.7172774 ,  -8.49976051,     0.13241888,  19.02724329,  50.18018869]]
/root/sim/music/out/Oasis/Heathen_Chemistry_[Japanese_Edition_Bonus_Tracks]/06-Little_By_Little.mp3; [-540.4244    , 133.78459   ,  -0.42166695,  16.653593  ,   9.212053  ,    5.1955223 ,   3.42162   ,   5.737025  ,   0.86683106,  -1.7085364 ,   -0.8569203 ,  -0.8208006 ,  -0.44967142]; [[15455.20196404,-1982.60061123, -229.50963762,  685.71748424,   -258.67000916, -205.5183285 , -112.83059713,  158.41291965,    -47.04851393,  291.69205334,  105.94558231,  130.6737332 ,   -107.78160003], [-1982.60061123, 1254.29582506, -224.05417177, -148.67472663,     53.51116156,  -19.66321451,   39.85113187,  -49.40573621,      8.42285443,  -85.68823183,   -2.72480602,  -53.13562468,     26.09708889], [ -229.50963762, -224.05417177,  522.7568995 , -107.12470796,    -26.55627942,   66.79952588,   28.77915949,    2.28230886,    -10.11468556,  -23.09582143,   48.80244388,   36.16848888,     -3.47901448], [  685.71748424, -148.67472663, -107.12470796,  227.24766699,     -3.61363696,  -11.91128333,  -20.10827762,    7.79867708,     -4.38203129,   33.41134341,  -28.13224637,   16.66146213,     14.47448416], [ -258.67000916,   53.51116156,  -26.55627942,   -3.61363696,    125.91583424,   -9.1981968 ,   -8.93084529,  -20.0834805 ,     -0.46996803,   -5.85467302,  -11.98187844,  -24.64720455,     18.03182799], [ -205.5183285 ,  -19.66321451,   66.79952588,  -11.91128333,     -9.1981968 ,  138.68413004,   59.8756987 ,   25.15845587,      8.130635  ,  -14.35137312,    9.08941889,   22.3771404 ,    -14.30535731], [ -112.83059713,   39.85113187,   28.77915949,  -20.10827762,     -8.93084529,   59.8756987 ,  107.76989054,   33.60563767,      9.94862096,  -11.8085677 ,   21.83486153,   17.57261996,     -3.65273143], [  158.41291965,  -49.40573621,    2.28230886,    7.79867708,    -20.0834805 ,   25.15845587,   33.60563767,   84.14198065,     14.14666332,   11.96433454,   17.08413663,   15.4515936 ,     -5.2800492 ], [  -47.04851393,    8.42285443,  -10.11468556,   -4.38203129,     -0.46996803,    8.130635  ,    9.94862096,   14.14666332,     82.12994368,   13.63844509,    6.06646317,   -1.92983583,      1.29466765], [  291.69205334,  -85.68823183,  -23.09582143,   33.41134341,     -5.85467302,  -14.35137312,  -11.8085677 ,   11.96433454,     13.63844509,   85.86245412,   24.42627391,   11.10568328,     -2.70247972], [  105.94558231,   -2.72480602,   48.80244388,  -28.13224637,    -11.98187844,    9.08941889,   21.83486153,   17.08413663,      6.06646317,   24.42627391,   99.31294099,   29.67919858,     -3.10642217], [  130.6737332 ,  -53.13562468,   36.16848888,   16.66146213,    -24.64720455,   22.3771404 ,   17.57261996,   15.4515936 ,     -1.92983583,   11.10568328,   29.67919858,   77.96613038,      9.30670591], [ -107.78160003,   26.09708889,   -3.47901448,   14.47448416,     18.03182799,  -14.30535731,   -3.65273143,   -5.2800492 ,      1.29466765,   -2.70247972,   -3.10642217,    9.30670591,     64.93592343]]
