/root/sim/music/out/仕分け前/「銀魂」Ｂｅｓｔ/04_遠い匂い.mp3; [-503.73343   , 101.99676   ,  -2.6575177 ,  28.47292   ,   2.5598326 ,    3.1287172 ,   0.9453373 ,   8.584022  ,   2.4096627 ,   2.144347  ,    0.65476793,  -2.5043552 ,  -0.6897502 ]; [[9796.02054607, 815.95559747,-374.11027127, 174.88182028, -58.84390807,   -79.15089963,-101.32359434,  20.0693335 , -14.60590873,  -2.15926144,   -39.77101965, -59.2957677 , -39.1948235 ], [ 815.95559747, 523.28287056, -93.30433784,  -3.055552  , -39.75817241,    -1.97067467,  32.1297267 ,  36.13331399,   1.20498918,  38.78477503,     7.42002368,  -3.6780659 ,  15.69908433], [-374.11027127, -93.30433784, 381.89898319, -35.46862436,   1.92920866,    -0.80572559, -12.43068571,   0.23566749,  -9.3688663 , -28.33979717,     9.16573749,  15.48409843,  29.08298779], [ 174.88182028,  -3.055552  , -35.46862436, 256.37788666,  95.70348026,    10.21043532,  -5.63449111, -12.18472358,  11.79102894, -14.75684142,    -0.44899547,  27.03031484,  25.58971716], [ -58.84390807, -39.75817241,   1.92920866,  95.70348026, 160.8329035 ,    37.16149426, -15.04579939, -20.82111325,  26.39115472,   7.77501973,     1.89758102,  18.64415175,   1.78871061], [ -79.15089963,  -1.97067467,  -0.80572559,  10.21043532,  37.16149426,   100.43974519,  47.09273272,   6.97693771,  13.00977263,  13.49698753,    12.44035944,  -1.57112213, -10.38005214], [-101.32359434,  32.1297267 , -12.43068571,  -5.63449111, -15.04579939,    47.09273272, 114.87791527,  48.22480235,   6.39148917,   8.30452997,    10.04084041,  -4.57588392,  -0.58720682], [  20.0693335 ,  36.13331399,   0.23566749, -12.18472358, -20.82111325,     6.97693771,  48.22480235,  82.62202973,  21.17279476,   6.39947629,     3.42655098,  -5.76084453,   8.89129609], [ -14.60590873,   1.20498918,  -9.3688663 ,  11.79102894,  26.39115472,    13.00977263,   6.39148917,  21.17279476,  70.6139614 ,  36.88892574,     4.83668885,   2.04710099,  -4.4570574 ], [  -2.15926144,  38.78477503, -28.33979717, -14.75684142,   7.77501973,    13.49698753,   8.30452997,   6.39947629,  36.88892574,  80.0477668 ,    22.58922617,  -5.14711649,  -6.52685949], [ -39.77101965,   7.42002368,   9.16573749,  -0.44899547,   1.89758102,    12.44035944,  10.04084041,   3.42655098,   4.83668885,  22.58922617,    52.21526753,  19.07773764,  -0.30645781], [ -59.2957677 ,  -3.6780659 ,  15.48409843,  27.03031484,  18.64415175,    -1.57112213,  -4.57588392,  -5.76084453,   2.04710099,  -5.14711649,    19.07773764,  56.59040895,  26.57496869], [ -39.1948235 ,  15.69908433,  29.08298779,  25.58971716,   1.78871061,   -10.38005214,  -0.58720682,   8.89129609,  -4.4570574 ,  -6.52685949,    -0.30645781,  26.57496869,  64.43396031]]
/root/sim/music/out/仕分け前/「銀魂」Ｂｅｓｔ/01_Ｐｒａｙ.mp3; [-500.12027  ,  69.64817  ,   1.5484498,  49.100304 ,  18.918074 ,    6.699728 ,  13.22567  ,  10.342804 ,   8.160561 ,   3.8103116,   -6.1135664,  -5.6494713,  -1.1738002]; [[11058.25389483, -583.7913257 ,   30.96774819,  289.1632163 ,    197.31880094,  456.79990049,  309.58965636,   96.43200102,   -194.48580976, -110.22504583,  -13.33128954,   89.00396478,    201.44616358], [ -583.7913257 ,  727.13599009,  -53.83700349,  116.7123352 ,      3.19381462,  -85.88220127,   19.520527  ,   -5.20699498,     98.42030077,   46.03175883,  -23.06792534,  -58.1260569 ,    -57.59479078], [   30.96774819,  -53.83700349,  386.57400073,   79.89007992,     55.57402658,  -11.47531993,  -73.20134242,    6.01064593,    -31.70557459,   -9.53749752,   21.1080187 ,    9.44774762,     -7.48105131], [  289.1632163 ,  116.7123352 ,   79.89007992,  290.93506518,    109.94391221,  -20.50848824,   -8.6382527 ,  -13.09613198,    -11.48985117,  -19.63249873,   18.56273835,   42.58412419,    -11.71699609], [  197.31880094,    3.19381462,   55.57402658,  109.94391221,    163.20101811,   37.62069865,   36.18516425,  -10.79322041,     -2.60518029,    8.97077399,   17.75886843,   40.50661744,     12.54683757], [  456.79990049,  -85.88220127,  -11.47531993,  -20.50848824,     37.62069865,  189.38823458,   61.95931938,   -3.11159698,    -24.07625797,    0.71416111,   12.65993644,   11.6915317 ,     22.37987362], [  309.58965636,   19.520527  ,  -73.20134242,   -8.6382527 ,     36.18516425,   61.95931938,  180.45471562,   34.25746364,     35.34291713,   28.81231266,    8.00324762,   24.10697709,     21.28335298], [   96.43200102,   -5.20699498,    6.01064593,  -13.09613198,    -10.79322041,   -3.11159698,   34.25746364,  110.05180909,     45.93654134,   20.35587449,  -10.86555683,   -3.47389378,     16.87822889], [ -194.48580976,   98.42030077,  -31.70557459,  -11.48985117,     -2.60518029,  -24.07625797,   35.34291713,   45.93654134,    123.08289144,   52.2805289 ,   -2.56071948,  -17.87193131,     -1.3749181 ], [ -110.22504583,   46.03175883,   -9.53749752,  -19.63249873,      8.97077399,    0.71416111,   28.81231266,   20.35587449,     52.2805289 ,   88.78873615,   15.5799052 ,    0.07341851,     -1.49960078], [  -13.33128954,  -23.06792534,   21.1080187 ,   18.56273835,     17.75886843,   12.65993644,    8.00324762,  -10.86555683,     -2.56071948,   15.5799052 ,   72.36762564,   34.76256356,      9.37614333], [   89.00396478,  -58.1260569 ,    9.44774762,   42.58412419,     40.50661744,   11.6915317 ,   24.10697709,   -3.47389378,    -17.87193131,    0.07341851,   34.76256356,   97.74443212,     37.09727537], [  201.44616358,  -57.59479078,   -7.48105131,  -11.71699609,     12.54683757,   22.37987362,   21.28335298,   16.87822889,     -1.3749181 ,   -1.49960078,    9.37614333,   37.09727537,     75.74730545]]
/root/sim/music/out/仕分け前/「銀魂」Ｂｅｓｔ/03_ＭＲ．ＲＡＩＮＤＲＯＰ.mp3; [-551.1223    , 107.77529   , -13.08367   ,   9.784925  ,  18.96977   ,    7.030939  ,   6.5084996 ,  -5.03008   ,  -8.497376  ,  -0.09084497,   -3.6186182 ,  -2.4332595 ,  -6.225555  ]; [[29983.33955178, 2781.88258429,  762.75047478, 2484.43888824,     -7.51874284,-2536.9627284 , -841.23843136, 1594.792193  ,   1637.4089956 , -455.03926352,-1289.91049509, -550.09152335,    742.92959692], [ 2781.88258429, 1256.77537953,   52.05335502,  282.55025563,     47.02189854, -307.50322993,  -50.20289903,  191.18084061,    180.09490752,  -67.26350375, -110.1177899 ,  -47.8789388 ,     44.73644454], [  762.75047478,   52.05335502,  452.08054083,  144.00411094,      0.30960607,  -54.89148394,  -60.3292139 ,   95.01662442,     77.8647897 ,  -46.57321841,  -44.49784621,  -57.23468409,     25.93108273], [ 2484.43888824,  282.55025563,  144.00411094,  560.46783556,     59.77454583, -350.86071865, -123.76960615,  184.74513268,    211.43501819,  -92.19560638, -155.03040911,  -42.89833903,     82.70653638], [   -7.51874284,   47.02189854,    0.30960607,   59.77454583,    161.71545309,   40.53660224,    4.47305306,   -6.88174199,      5.49724847,    8.5945095 ,   17.79717047,   15.8948912 ,    -17.42097666], [-2536.9627284 , -307.50322993,  -54.89148394, -350.86071865,     40.53660224,  484.04996094,  156.55194813, -230.33758454,   -190.83666169,   75.08627529,  175.95702757,   72.52328428,   -118.68087283], [ -841.23843136,  -50.20289903,  -60.3292139 , -123.76960615,      4.47305306,  156.55194813,  186.75697358,  -40.82465283,    -63.17144058,   38.03191877,   57.50757791,   58.90222473,    -27.49884066], [ 1594.792193  ,  191.18084061,   95.01662442,  184.74513268,     -6.88174199, -230.33758454,  -40.82465283,  267.11730268,    146.96015088,  -45.43957747,  -84.6610932 ,  -43.56110258,    105.4664947 ], [ 1637.4089956 ,  180.09490752,   77.8647897 ,  211.43501819,      5.49724847, -190.83666169,  -63.17144058,  146.96015088,    240.97485379,  -28.72446248,  -99.25263966,  -12.57678857,     54.52822156], [ -455.03926352,  -67.26350375,  -46.57321841,  -92.19560638,      8.5945095 ,   75.08627529,   38.03191877,  -45.43957747,    -28.72446248,  100.51383943,   42.06632351,   20.35171393,    -18.22282258], [-1289.91049509, -110.1177899 ,  -44.49784621, -155.03040911,     17.79717047,  175.95702757,   57.50757791,  -84.6610932 ,    -99.25263966,   42.06632351,  146.61572296,   35.05726968,    -30.30429372], [ -550.09152335,  -47.8789388 ,  -57.23468409,  -42.89833903,     15.8948912 ,   72.52328428,   58.90222473,  -43.56110258,    -12.57678857,   20.35171393,   35.05726968,  101.3863337 ,     -7.91452447], [  742.92959692,   44.73644454,   25.93108273,   82.70653638,    -17.42097666, -118.68087283,  -27.49884066,  105.4664947 ,     54.52822156,  -18.22282258,  -30.30429372,   -7.91452447,    108.70747686]]
/root/sim/music/out/仕分け前/「銀魂」Ｂｅｓｔ/14_ｓａｎａｇｉ.mp3; [-490.4534   ,  97.00015  ,  -4.127407 ,  33.516926 ,  14.255149 ,   -2.2791667,  -9.79783  ,   8.970808 ,   0.8002864,   2.2653031,    1.5552772,  -3.706028 ,  -1.3892903]; [[8061.32891845, 318.07084433,-192.81687425,  74.98455715, -66.56544112,    58.09745302, -28.88564583,  47.70403601,  -2.00297245,  18.2295957 ,   -41.32240731, -24.58069877,  -7.81900746], [ 318.07084433, 635.07008638,-155.4012229 ,  63.55297813,  31.13361019,   -45.27358533,  51.80295692,  86.08148679,  22.53246697,  32.64784056,    42.32241168,  -6.60909591,  14.58853868], [-192.81687425,-155.4012229 , 414.31888729,  19.92938753,  19.47933252,    31.54003287, -18.85990751,  -4.14376155,   4.30163944,  -5.60452349,     7.70291432,  15.32232786,   3.77583799], [  74.98455715,  63.55297813,  19.92938753, 287.91506949,  95.53452124,    15.43374417, -62.24143492, -32.26284168,  15.04179298,   8.82904371,    24.05525672,  26.12595183,   4.64651857], [ -66.56544112,  31.13361019,  19.47933252,  95.53452124, 162.46127114,    10.92674998, -23.13260444, -16.19730273,   5.42086093,  15.54236406,    21.42862578,   9.14745384,  -1.42680782], [  58.09745302, -45.27358533,  31.54003287,  15.43374417,  10.92674998,   120.23257667,  51.4217361 ,   6.13735173,  -1.46655464, -10.54884312,    -2.86288843,   9.5779488 ,   1.22015773], [ -28.88564583,  51.80295692, -18.85990751, -62.24143492, -23.13260444,    51.4217361 , 149.42421784,  58.53730976,   8.54506265,  -3.52028459,   -12.06456762,   4.04010247,   4.46813825], [  47.70403601,  86.08148679,  -4.14376155, -32.26284168, -16.19730273,     6.13735173,  58.53730976, 101.75202413,  24.26817993,  13.32340634,     1.21802672,  -3.63490215,  11.57546572], [  -2.00297245,  22.53246697,   4.30163944,  15.04179298,   5.42086093,    -1.46655464,   8.54506265,  24.26817993,  75.49700373,  35.37815338,     9.04477736,  -3.8957647 ,  -5.73430945], [  18.2295957 ,  32.64784056,  -5.60452349,   8.82904371,  15.54236406,   -10.54884312,  -3.52028459,  13.32340634,  35.37815338,  77.23285798,    25.86313614,   2.62951774,  -5.42610636], [ -41.32240731,  42.32241168,   7.70291432,  24.05525672,  21.42862578,    -2.86288843, -12.06456762,   1.21802672,   9.04477736,  25.86313614,    73.23565462,  25.29458869,   5.16814956], [ -24.58069877,  -6.60909591,  15.32232786,  26.12595183,   9.14745384,     9.5779488 ,   4.04010247,  -3.63490215,  -3.8957647 ,   2.62951774,    25.29458869,  61.43499982,  23.76548078], [  -7.81900746,  14.58853868,   3.77583799,   4.64651857,  -1.42680782,     1.22015773,   4.46813825,  11.57546572,  -5.73430945,  -5.42610636,     5.16814956,  23.76548078,  56.40436912]]
/root/sim/music/out/仕分け前/「銀魂」Ｂｅｓｔ/07_銀色の空.mp3; [-510.14493   ,  97.258064  ,  -0.04385902,  34.22972   ,   4.348892  ,    1.0261053 ,   0.5698978 ,   6.0394807 ,  -0.14004585,  -4.2103734 ,   -4.0313954 ,  -4.0733967 ,  -3.948634  ]; [[17616.12607461, -689.01705946, -251.2378612 ,  844.60031163,    412.94087993,  208.84000135,  259.0555497 ,  386.80902515,    306.29503496,  111.777591  ,   47.06929458,  -38.07456328,    -78.16326172], [ -689.01705946,  967.94875527, -164.61660524,  -21.50459078,   -103.69706731,  -40.7177144 ,  -42.77760619,  -68.82123376,    -80.90153537,  -48.79415452,  -30.17700192,  -39.94129929,    -23.85177027], [ -251.2378612 , -164.61660524,  461.31741172,  -98.36011077,     55.2124894 ,  -14.7559042 ,  -31.73287036,    9.59312621,     -0.33199385,    5.24466914,   -9.04431508,   23.75121019,     12.2124288 ], [  844.60031163,  -21.50459078,  -98.36011077,  323.29142228,    103.54152696,   39.1121577 ,   -4.60125689,   16.63287876,      4.57452101,   -4.14880452,    3.10682721,    8.89868223,     -3.04804146], [  412.94087993, -103.69706731,   55.2124894 ,  103.54152696,    202.32464118,   26.46533525,   -8.82763269,    6.84103708,     14.41774047,    3.52577653,    3.81266132,   11.97329965,     -2.28015141], [  208.84000135,  -40.7177144 ,  -14.7559042 ,   39.1121577 ,     26.46533525,  105.21786873,   49.63416197,   25.53685191,      2.46478458,   14.49513298,   14.92455728,    3.58373927,     -0.94047943], [  259.0555497 ,  -42.77760619,  -31.73287036,   -4.60125689,     -8.82763269,   49.63416197,  149.13948956,   57.13754786,     18.09830651,   22.09094211,   16.5649148 ,    2.36400844,      6.70847199], [  386.80902515,  -68.82123376,    9.59312621,   16.63287876,      6.84103708,   25.53685191,   57.13754786,   99.02923287,     45.36061824,   22.05850904,   10.94875176,    8.7608162 ,      8.19259661], [  306.29503496,  -80.90153537,   -0.33199385,    4.57452101,     14.41774047,    2.46478458,   18.09830651,   45.36061824,     86.83540786,   36.36309531,   13.6743702 ,    3.3494042 ,      8.64006263], [  111.777591  ,  -48.79415452,    5.24466914,   -4.14880452,      3.52577653,   14.49513298,   22.09094211,   22.05850904,     36.36309531,   77.46707559,   33.91845279,    5.37005493,      3.29217258], [   47.06929458,  -30.17700192,   -9.04431508,    3.10682721,      3.81266132,   14.92455728,   16.5649148 ,   10.94875176,     13.6743702 ,   33.91845279,   53.44135425,   19.05924819,      6.02807072], [  -38.07456328,  -39.94129929,   23.75121019,    8.89868223,     11.97329965,    3.58373927,    2.36400844,    8.7608162 ,      3.3494042 ,    5.37005493,   19.05924819,   51.99255605,     25.59685034], [  -78.16326172,  -23.85177027,   12.2124288 ,   -3.04804146,     -2.28015141,   -0.94047943,    6.70847199,    8.19259661,      8.64006263,    3.29217258,    6.02807072,   25.59685034,     51.46011975]]
/root/sim/music/out/仕分け前/「銀魂」Ｂｅｓｔ/06_キャンディ・ライン.mp3; [-503.18552   ,  98.326675  , -11.356015  ,  39.704723  ,  18.500956  ,    7.1769977 ,   6.873189  ,   4.6058483 ,   2.765999  ,   3.3146715 ,   -0.9992613 ,   1.7059274 ,  -0.15541016]; [[9062.44618408, 143.51250354,  89.91471288, 117.51494555, 306.18239039,   121.62781337,  59.48993382,  72.19045858,  17.49710279, 116.16180858,    29.17808545,  29.47736151,  22.95125168], [ 143.51250354, 758.86795493,-233.25637616, 182.38972937, -99.27614964,    10.29768637,  26.22418145, -14.43235075,  16.91037489, -45.24941745,   -23.68142132,  -7.65052311, -11.97741604], [  89.91471288,-233.25637616, 396.80376393,  -0.4398701 ,  85.5910871 ,   -50.42464348, -13.74104688,  44.93340574,   3.1196302 ,   0.91109771,    45.54719879,  23.61980996, -21.02591152], [ 117.51494555, 182.38972937,  -0.4398701 , 220.27592786,  26.29082896,   -16.19474383, -19.35882435,  25.7896569 ,  22.09124605, -20.76532131,    14.54527436,  20.65887718,  -7.56429454], [ 306.18239039, -99.27614964,  85.5910871 ,  26.29082896, 179.69599304,    26.32911223,  33.77687131,  18.7737152 ,  14.27437457,  26.86225923,    13.2192635 ,  20.14131243,   4.66414831], [ 121.62781337,  10.29768637, -50.42464348, -16.19474383,  26.32911223,   149.45084948,  53.37085584,  -1.03110938,   6.56215556,  18.57557255,     1.96057323, -12.70243618,   9.40778906], [  59.48993382,  26.22418145, -13.74104688, -19.35882435,  33.77687131,    53.37085584, 110.71050772,  19.56627708,   3.98800183,  17.97209041,     2.94160154,  10.92245032,   1.40841244], [  72.19045858, -14.43235075,  44.93340574,  25.7896569 ,  18.7737152 ,    -1.03110938,  19.56627708,  80.65633064,  32.8728073 ,  -0.22068191,     5.6884226 ,   6.36857137,   0.41037543], [  17.49710279,  16.91037489,   3.1196302 ,  22.09124605,  14.27437457,     6.56215556,   3.98800183,  32.8728073 ,  66.58142586,  20.64476324,     2.27818799,  -3.23125113,   1.62590943], [ 116.16180858, -45.24941745,   0.91109771, -20.76532131,  26.86225923,    18.57557255,  17.97209041,  -0.22068191,  20.64476324,  73.25754968,    20.67767314,   4.58692256,   3.71077847], [  29.17808545, -23.68142132,  45.54719879,  14.54527436,  13.2192635 ,     1.96057323,   2.94160154,   5.6884226 ,   2.27818799,  20.67767314,    62.90424953,  28.48412412,  -0.90157604], [  29.47736151,  -7.65052311,  23.61980996,  20.65887718,  20.14131243,   -12.70243618,  10.92245032,   6.36857137,  -3.23125113,   4.58692256,    28.48412412,  64.85073802,  19.72335259], [  22.95125168, -11.97741604, -21.02591152,  -7.56429454,   4.66414831,     9.40778906,   1.40841244,   0.41037543,   1.62590943,   3.71077847,    -0.90157604,  19.72335259,  55.61228307]]
/root/sim/music/out/仕分け前/「銀魂」Ｂｅｓｔ/02_風船ガム（銀魂ｍｉｘ）.mp3; [-526.1686    ,  88.13909   ,   3.3859212 ,  24.781734  ,   8.741652  ,    1.5065547 ,   5.36851   ,   5.664042  ,   2.5026028 ,   8.073274  ,   -0.56967765,   0.4031504 ,  -1.3339934 ]; [[8361.83653031,-325.42833365, 158.42174071,-110.57509601, -42.14755326,  -103.42908141, 108.30286587, 120.99830811, -71.34305967,  25.57529509,   -66.63743394,   1.65220746, -26.55053081], [-325.42833365, 898.21949365,-163.87124344, 174.49006282,  28.61620368,    13.25173857,  41.3357577 ,  -5.73152441,  14.49491526,  41.5694054 ,    34.7557599 , -23.13219616,   6.49053618], [ 158.42174071,-163.87124344, 657.16337865,-111.10811633,  -8.26323019,    26.83783081,  62.8844273 ,  36.46257995, -13.20169943, -28.77958578,    14.3668392 ,  11.96103843,  23.92291526], [-110.57509601, 174.49006282,-111.10811633, 411.27133781, 187.00617122,    47.31029151, -16.31291595,   8.556275  ,  70.31925497,  12.95109684,   -10.8796204 , -12.4123635 ,  13.14276226], [ -42.14755326,  28.61620368,  -8.26323019, 187.00617122, 261.62529913,    40.91343321, -23.16230616,  12.16957791,  71.64765557,   8.69249742,   -15.83029117, -12.56837465,  14.32638372], [-103.42908141,  13.25173857,  26.83783081,  47.31029151,  40.91343321,   174.24098038,  57.13252066,   0.19792491,  15.31824877,  14.71603069,    22.02778098,   2.06912797,   9.46837204], [ 108.30286587,  41.3357577 ,  62.8844273 , -16.31291595, -23.16230616,    57.13252066, 170.03636055,  33.21170036, -20.68890932,  26.92112546,    29.22992665,   3.19608261,  -0.4787881 ], [ 120.99830811,  -5.73152441,  36.46257995,   8.556275  ,  12.16957791,     0.19792491,  33.21170036, 101.56144342,  36.80591084,  11.21046845,    13.12731648,  19.36130003,  13.43022871], [ -71.34305967,  14.49491526, -13.20169943,  70.31925497,  71.64765557,    15.31824877, -20.68890932,  36.80591084, 129.99757222,  28.25687839,    16.40200991,   0.83031547,  13.88318384], [  25.57529509,  41.5694054 , -28.77958578,  12.95109684,   8.69249742,    14.71603069,  26.92112546,  11.21046845,  28.25687839, 117.55447382,    35.63588585,   4.91822582,  -5.36887809], [ -66.63743394,  34.7557599 ,  14.3668392 , -10.8796204 , -15.83029117,    22.02778098,  29.22992665,  13.12731648,  16.40200991,  35.63588585,    86.98241751,  30.55844176,   6.80533006], [   1.65220746, -23.13219616,  11.96103843, -12.4123635 , -12.56837465,     2.06912797,   3.19608261,  19.36130003,   0.83031547,   4.91822582,    30.55844176,  72.89100637,  20.488779  ], [ -26.55053081,   6.49053618,  23.92291526,  13.14276226,  14.32638372,     9.46837204,  -0.4787881 ,  13.43022871,  13.88318384,  -5.36887809,     6.80533006,  20.488779  ,  54.39727818]]
/root/sim/music/out/仕分け前/「銀魂」Ｂｅｓｔ/05_雪のツバサ.mp3; [-493.10117   , 100.01587   ,  -1.8562052 ,  31.31859   ,  17.747946  ,    6.2524824 ,   5.595565  ,   8.239487  ,   0.87378454,  -2.050007  ,    2.1738067 ,  -0.65512556,  -1.05039   ]; [[8214.31274261, 376.32347932,-265.86953852, 224.78081612,  93.44870844,    21.27688616,  49.04672756,  72.73678837,  28.93024058, -11.03095296,    21.33651477,  -0.26206391,  -0.29825013], [ 376.32347932, 673.30912368, -53.91586827,  32.65568322,  -5.10201233,   -27.79753993,  39.60315265,  30.74566707,  13.76533385,  22.32067332,    28.50494095,  -5.45842704,   3.40073275], [-265.86953852, -53.91586827, 469.6586645 , -14.89588409,  29.44276197,    60.08052725, -46.69879312,  -8.05787708,   2.57197186, -10.43284904,     0.05813844,  18.2350342 ,  -9.71051728], [ 224.78081612,  32.65568322, -14.89588409, 221.34852048,  80.88854722,    13.15749409, -15.92323883,  -1.22694421,  -6.23532529,  -1.23315262,    -7.41545766,  14.31834382,  23.43884278], [  93.44870844,  -5.10201233,  29.44276197,  80.88854722, 174.52718619,     3.29120211, -19.16982428, -11.47408664,  -1.42149403,  10.80659858,    -9.45013912,  15.18043023,  10.56749114], [  21.27688616, -27.79753993,  60.08052725,  13.15749409,   3.29120211,   113.81965836,  31.55709506,   5.48897091,   7.88658656,   2.2995625 ,    14.99574775,  -6.29975947,  -2.56397159], [  49.04672756,  39.60315265, -46.69879312, -15.92323883, -19.16982428,    31.55709506, 120.59333087,  42.54776574,  11.86690578,   9.57122381,    19.68445392,   0.75226374,  -1.17862158], [  72.73678837,  30.74566707,  -8.05787708,  -1.22694421, -11.47408664,     5.48897091,  42.54776574,  85.46806322,  23.64490874,  12.60925904,    12.719665  ,   1.35284702,   4.04240139], [  28.93024058,  13.76533385,   2.57197186,  -6.23532529,  -1.42149403,     7.88658656,  11.86690578,  23.64490874,  64.43901312,  26.17093692,    10.86084239,   0.55910427,   1.19081549], [ -11.03095296,  22.32067332, -10.43284904,  -1.23315262,  10.80659858,     2.2995625 ,   9.57122381,  12.60925904,  26.17093692,  68.52689965,    25.71634876,   3.20883982,   2.78289564], [  21.33651477,  28.50494095,   0.05813844,  -7.41545766,  -9.45013912,    14.99574775,  19.68445392,  12.719665  ,  10.86084239,  25.71634876,    57.05184746,  10.74213158,   1.09396141], [  -0.26206391,  -5.45842704,  18.2350342 ,  14.31834382,  15.18043023,    -6.29975947,   0.75226374,   1.35284702,   0.55910427,   3.20883982,    10.74213158,  47.43650345,  13.47755796], [  -0.29825013,   3.40073275,  -9.71051728,  23.43884278,  10.56749114,    -2.56397159,  -1.17862158,   4.04240139,   1.19081549,   2.78289564,     1.09396141,  13.47755796,  45.85947361]]
/root/sim/music/out/仕分け前/「銀魂」Ｂｅｓｔ/13_曇天.mp3; [-505.52518   , 108.75592   , -24.659878  ,  36.425865  ,   9.134373  ,    1.5536468 ,   0.43144152,   7.7946835 ,  -0.6857267 ,  -1.0194695 ,   -2.676734  ,  -1.516114  ,  -4.773504  ]; [[20478.23554813, -445.41039467,-1319.67388986,   13.15148327,   -115.48452693, -127.53188769,  -54.83067508,  218.25651383,    -95.49974712,  162.81800131,  -73.59612677,  -50.28683444,   -217.45076418], [ -445.41039467, 1154.7362967 ,  -83.48297156,  162.25625072,    -28.81697216,   20.13494272,  -10.35031503,  -37.73538736,     12.06067049,  -86.96344545,   -0.17192293,   -9.30398191,     22.83992912], [-1319.67388986,  -83.48297156,  678.07410388,  -60.93899986,    138.05496514,   83.0027987 ,   45.82966613,   38.35551201,     34.15222684,   34.92932963,   54.16974447,   79.53375034,     83.96622384], [   13.15148327,  162.25625072,  -60.93899986,  229.84082164,     63.00978841,  -26.29248964,  -15.04594001,  -17.30168749,     12.83043321,  -19.38730835,  -13.02249941,  -13.13127283,     13.15816795], [ -115.48452693,  -28.81697216,  138.05496514,   63.00978841,    139.09572664,   13.55452903,   16.24991001,   11.54325576,     23.63970747,   20.00620664,   12.96334897,   15.3974275 ,     30.79762802], [ -127.53188769,   20.13494272,   83.0027987 ,  -26.29248964,     13.55452903,   88.70794684,   27.70379898,   21.65269814,      7.41198036,   10.29698371,   15.77944697,   15.71411637,      4.69044958], [  -54.83067508,  -10.35031503,   45.82966613,  -15.04594001,     16.24991001,   27.70379898,   83.81171343,   50.20528687,     12.53901809,   12.01227815,   14.37733977,   22.16660395,     10.97384641], [  218.25651383,  -37.73538736,   38.35551201,  -17.30168749,     11.54325576,   21.65269814,   50.20528687,   84.71448908,     25.86263686,   21.27560203,    9.56541499,   19.86253406,     12.11528868], [  -95.49974712,   12.06067049,   34.15222684,   12.83043321,     23.63970747,    7.41198036,   12.53901809,   25.86263686,     63.76377408,   26.26178996,   13.26593928,    5.73951017,     11.65992192], [  162.81800131,  -86.96344545,   34.92932963,  -19.38730835,     20.00620664,   10.29698371,   12.01227815,   21.27560203,     26.26178996,   75.40714906,   31.10147725,   18.24720839,     -1.23391853], [  -73.59612677,   -0.17192293,   54.16974447,  -13.02249941,     12.96334897,   15.77944697,   14.37733977,    9.56541499,     13.26593928,   31.10147725,   55.61165566,   26.93659053,     11.85934164], [  -50.28683444,   -9.30398191,   79.53375034,  -13.13127283,     15.3974275 ,   15.71411637,   22.16660395,   19.86253406,      5.73951017,   18.24720839,   26.93659053,   58.08247946,     29.66237614], [ -217.45076418,   22.83992912,   83.96622384,   13.15816795,     30.79762802,    4.69044958,   10.97384641,   12.11528868,     11.65992192,   -1.23391853,   11.85934164,   29.66237614,     57.89950697]]
/root/sim/music/out/仕分け前/「銀魂」Ｂｅｓｔ/11_ＳＩＧＮＡＬ.mp3; [-494.94      ,  83.17394   , -25.493744  ,  38.65263   ,   7.6188593 ,    9.794777  ,   6.148312  ,  12.154543  ,   5.3461266 ,   4.2277794 ,    0.74113834,   0.7287599 ,  -0.33306015]; [[11666.62502638,  290.95477442,  174.50325206,   79.83884376,    130.37103404,   81.73241383, -204.90328822,  231.80998979,    150.00860071,  239.036716  ,  104.46422573, -171.0603516 ,   -210.0936743 ], [  290.95477442,  712.52245884, -201.24906517,  141.31331673,    -50.25777756,   -8.92690623,   81.57159886,   15.08898903,     -8.78077248,  -42.8164413 ,    0.73539037,   27.7710463 ,     34.03702236], [  174.50325206, -201.24906517,  516.89951325,   31.01356236,    123.96106045,   22.28090948,  -37.05937767,   44.7634929 ,     -5.91607839,   45.41614917,   51.30024129,    1.61673427,     -0.51936232], [   79.83884376,  141.31331673,   31.01356236,  357.1931722 ,    156.82812649,  102.36012823,   40.07082754,   49.99208735,     26.87227429,    2.81677567,  -16.82973328,   27.45956138,     29.10608155], [  130.37103404,  -50.25777756,  123.96106045,  156.82812649,    229.91553576,   86.97517787,   10.36567941,   35.80302774,     46.69175869,   35.58818572,   -4.77475697,    3.1619569 ,     -5.37961779], [   81.73241383,   -8.92690623,   22.28090948,  102.36012823,     86.97517787,  173.56691027,   76.26232606,   64.81350409,     29.56971269,   29.88955475,   18.46377832,    9.17009315,     -8.49197378], [ -204.90328822,   81.57159886,  -37.05937767,   40.07082754,     10.36567941,   76.26232606,  146.27025117,   65.26073606,     21.53468079,    8.46673757,   21.7967883 ,   25.07400316,      6.93969224], [  231.80998979,   15.08898903,   44.7634929 ,   49.99208735,     35.80302774,   64.81350409,   65.26073606,  146.20604142,     57.14523258,   39.7764939 ,   24.0375934 ,   -3.26112177,    -11.89333692], [  150.00860071,   -8.78077248,   -5.91607839,   26.87227429,     46.69175869,   29.56971269,   21.53468079,   57.14523258,     97.74821197,   52.8987636 ,    4.95895018,  -16.92192224,    -19.87171655], [  239.036716  ,  -42.8164413 ,   45.41614917,    2.81677567,     35.58818572,   29.88955475,    8.46673757,   39.7764939 ,     52.8987636 ,   93.78096425,   39.35238725,   -5.18453249,    -21.24631429], [  104.46422573,    0.73539037,   51.30024129,  -16.82973328,     -4.77475697,   18.46377832,   21.7967883 ,   24.0375934 ,      4.95895018,   39.35238725,   82.41072224,   29.46390707,      4.08513329], [ -171.0603516 ,   27.7710463 ,    1.61673427,   27.45956138,      3.1619569 ,    9.17009315,   25.07400316,   -3.26112177,    -16.92192224,   -5.18453249,   29.46390707,   78.98696114,     51.68282252], [ -210.0936743 ,   34.03702236,   -0.51936232,   29.10608155,     -5.37961779,   -8.49197378,    6.93969224,  -11.89333692,    -19.87171655,  -21.24631429,    4.08513329,   51.68282252,     85.51305587]]
/root/sim/music/out/仕分け前/オール・タイム・シングルス－ＳＵＰＥＲ　ＰＲＥＭＩＵＭ　ＢＥＳＴ－_Disc_1/02_人にやさしく.mp3; [-498.34845   ,  84.482124  , -17.60044   ,  15.621423  ,   5.783353  ,   10.166247  ,   1.6312006 ,  16.102297  ,   9.980153  ,   1.7418114 ,   -0.7383837 ,   0.35840586,   4.0064673 ]; [[15073.73826713, 1382.19219593, -195.80333176,  -92.38901476,    -20.76368077,  144.13832853,   26.25671468,  170.21026214,    150.54970825,  -37.30571561, -102.37322266,  -61.48464964,    152.22472781], [ 1382.19219593,  684.71695462, -172.61399659,  -39.58664141,    -22.10659116,   16.13616893,   50.9636776 ,  102.15271137,     44.44889608,    8.59096629,   16.08713159,   17.98020552,     26.78767955], [ -195.80333176, -172.61399659,  463.36884865,  105.79563135,     79.22312121,    5.13496146,   62.66623092,  -67.58258313,     -4.85666102,   20.58986061,   -2.72497015,    1.15536649,     18.36357302], [  -92.38901476,  -39.58664141,  105.79563135,  352.67602226,     67.32292778,   86.76073469,   -0.08361133,  -23.4503117 ,     19.64166951,   10.4591881 ,  -12.43376531,   -5.0000281 ,     43.27425859], [  -20.76368077,  -22.10659116,   79.22312121,   67.32292778,    174.24652088,   21.58618467,    4.14180608,  -10.78303383,     35.18222798,   -5.21850898,   -9.87481247,   12.58248103,     23.76895902], [  144.13832853,   16.13616893,    5.13496146,   86.76073469,     21.58618467,  147.79736326,   60.49691503,   29.01340941,     39.35264616,   20.67146746,   -6.35775404,   11.22832855,     25.00688906], [   26.25671468,   50.9636776 ,   62.66623092,   -0.08361133,      4.14180608,   60.49691503,  188.17581849,   55.09467597,     43.63823772,   31.54592932,   17.24241197,   11.94424277,     22.66555393], [  170.21026214,  102.15271137,  -67.58258313,  -23.4503117 ,    -10.78303383,   29.01340941,   55.09467597,  130.48469083,     34.94314218,   24.23033978,   12.46032324,   17.6955923 ,      3.730946  ], [  150.54970825,   44.44889608,   -4.85666102,   19.64166951,     35.18222798,   39.35264616,   43.63823772,   34.94314218,    112.9310136 ,   28.13592758,   -4.7996742 ,   15.41490708,     35.61455996], [  -37.30571561,    8.59096629,   20.58986061,   10.4591881 ,     -5.21850898,   20.67146746,   31.54592932,   24.23033978,     28.13592758,   84.69715702,   37.87791726,    9.45032026,     -3.59098887], [ -102.37322266,   16.08713159,   -2.72497015,  -12.43376531,     -9.87481247,   -6.35775404,   17.24241197,   12.46032324,     -4.7996742 ,   37.87791726,   76.97488504,   14.37588161,    -15.41670589], [  -61.48464964,   17.98020552,    1.15536649,   -5.0000281 ,     12.58248103,   11.22832855,   11.94424277,   17.6955923 ,     15.41490708,    9.45032026,   14.37588161,   58.35003689,     17.92966289], [  152.22472781,   26.78767955,   18.36357302,   43.27425859,     23.76895902,   25.00688906,   22.66555393,    3.730946  ,     35.61455996,   -3.59098887,  -15.41670589,   17.92966289,     77.32153006]]
/root/sim/music/out/仕分け前/オール・タイム・シングルス－ＳＵＰＥＲ　ＰＲＥＭＩＵＭ　ＢＥＳＴ－_Disc_1/09_シャララ.mp3; [-546.6134    ,  77.83725   ,  -6.36124   ,  13.266248  ,  12.846228  ,   10.765562  ,  -1.4535736 ,   1.7305747 ,   1.2427096 ,  11.842418  ,   -4.246957  ,  -0.42312625,  -3.111287  ]; [[21951.86713882,  474.26727181,   14.60983669,  207.13974046,    455.87532638,  182.02110652,  359.21353409,  216.33649733,    -59.65143482,  298.95135002,  -63.40466849,   -6.14429879,    -15.70270175], [  474.26727181,  951.91673969, -174.88546753,  232.94107873,    181.88346117,   26.757628  ,   73.20584229,   73.49249508,     73.28449081,   71.47031666,  -24.72087171,    8.90980576,     39.09996166], [   14.60983669, -174.88546753,  844.77745662,  189.72666656,    106.58905118,    6.86591161,   69.73855885,   72.40119726,      2.4613301 ,   15.7951791 ,   94.57359568,   70.64354509,     -4.62048143], [  207.13974046,  232.94107873,  189.72666656,  416.06602069,    202.43893951,   81.45137556,   57.3944502 ,   35.7862847 ,     38.89706823,   -1.3564403 ,  -15.1153017 ,   30.77399661,     61.47670979], [  455.87532638,  181.88346117,  106.58905118,  202.43893951,    300.92739881,  120.04832801,   59.00640084,   16.63692657,     46.64085889,   20.09176044,  -14.54172229,   44.10074512,     39.80120616], [  182.02110652,   26.757628  ,    6.86591161,   81.45137556,    120.04832801,  197.82922911,   75.02010271,   34.19127638,     41.76737015,  -14.31973266,  -14.25800284,   17.63610108,     17.56204328], [  359.21353409,   73.20584229,   69.73855885,   57.3944502 ,     59.00640084,   75.02010271,  199.79663205,  129.31690504,     36.67244515,   17.20619244,    4.25667219,    4.45755454,     10.17849702], [  216.33649733,   73.49249508,   72.40119726,   35.7862847 ,     16.63692657,   34.19127638,  129.31690504,  192.5326091 ,     51.69192859,   25.94228704,   14.43965493,   -8.54681472,     -7.77761699], [  -59.65143482,   73.28449081,    2.4613301 ,   38.89706823,     46.64085889,   41.76737015,   36.67244515,   51.69192859,    130.85424001,   34.06960786,    5.0272784 ,    9.35645432,     10.03855917], [  298.95135002,   71.47031666,   15.7951791 ,   -1.3564403 ,     20.09176044,  -14.31973266,   17.20619244,   25.94228704,     34.06960786,  136.61435024,   49.38086   ,    5.8763247 ,      1.0364515 ], [  -63.40466849,  -24.72087171,   94.57359568,  -15.1153017 ,    -14.54172229,  -14.25800284,    4.25667219,   14.43965493,      5.0272784 ,   49.38086   ,  107.05184075,   14.76899844,     -1.36171146], [   -6.14429879,    8.90980576,   70.64354509,   30.77399661,     44.10074512,   17.63610108,    4.45755454,   -8.54681472,      9.35645432,    5.8763247 ,   14.76899844,   88.63076775,     12.6426436 ], [  -15.70270175,   39.09996166,   -4.62048143,   61.47670979,     39.80120616,   17.56204328,   10.17849702,   -7.77761699,     10.03855917,    1.0364515 ,   -1.36171146,   12.6426436 ,     99.87665727]]
/root/sim/music/out/仕分け前/オール・タイム・シングルス－ＳＵＰＥＲ　ＰＲＥＭＩＵＭ　ＢＥＳＴ－_Disc_1/13_ラブレター.mp3; [-574.2534   , 136.82834  , -22.865604 ,  13.517425 ,  22.66845  ,    0.380718 ,  -8.522983 ,   4.525878 ,  -1.6229314,   3.752467 ,    2.2488744,  -4.2135944,  -1.1608648]; [[15066.54333108, -299.82255108, -228.65272669, -264.33157523,     -3.55030286,  103.06873825,  -85.14636085,   87.50214271,    149.64342524,  116.30879696,   56.98211724,  106.7662284 ,    -11.33217642], [ -299.82255108, 1777.66159903, -726.6662948 ,   86.96042263,    314.8024224 ,  -38.28684386,   12.06573793,   20.76118103,      8.55034628,   27.56835541,    1.97469426,  -15.45890732,     30.27384764], [ -228.65272669, -726.6662948 ,  806.07531811,   49.36085257,   -154.6854426 ,   74.77782493,   52.36607241,   35.01091707,     -5.68024975,   47.84160369,   28.50094165,   10.18467095,      2.15528846], [ -264.33157523,   86.96042263,   49.36085257,  290.87835025,    117.06105451,   69.75278408,  -17.33860465,   11.02667364,     28.57776894,  -24.66612395,   15.98832895,    6.27025706,     22.37824404], [   -3.55030286,  314.8024224 , -154.6854426 ,  117.06105451,    373.15182176,   77.12442475,  -41.35981186,   20.00851424,     86.97169476,   32.83381245,   29.81974032,   46.4493226 ,     30.92783701], [  103.06873825,  -38.28684386,   74.77782493,   69.75278408,     77.12442475,  296.92954449,   26.56866109,  -19.4116004 ,    114.36975046,   -1.04692659,   15.45745488,   51.6781028 ,     25.78910909], [  -85.14636085,   12.06573793,   52.36607241,  -17.33860465,    -41.35981186,   26.56866109,  210.35260073,  101.86633592,    -27.07308941,   54.09600279,   16.00286197,    5.55670952,     37.43473021], [   87.50214271,   20.76118103,   35.01091707,   11.02667364,     20.00851424,  -19.4116004 ,  101.86633592,  207.37195687,     -6.4519811 ,   49.65225733,   20.24375417,   16.12815971,     30.37361103], [  149.64342524,    8.55034628,   -5.68024975,   28.57776894,     86.97169476,  114.36975046,  -27.07308941,   -6.4519811 ,    196.72787001,   12.86779472,   16.51720273,   42.59291466,     10.52808869], [  116.30879696,   27.56835541,   47.84160369,  -24.66612395,     32.83381245,   -1.04692659,   54.09600279,   49.65225733,     12.86779472,  172.22163323,   34.15795564,   19.50000111,     20.77712624], [   56.98211724,    1.97469426,   28.50094165,   15.98832895,     29.81974032,   15.45745488,   16.00286197,   20.24375417,     16.51720273,   34.15795564,  107.36262555,   24.20484098,      5.05394475], [  106.7662284 ,  -15.45890732,   10.18467095,    6.27025706,     46.4493226 ,   51.6781028 ,    5.55670952,   16.12815971,     42.59291466,   19.50000111,   24.20484098,  112.6444436 ,     12.8404039 ], [  -11.33217642,   30.27384764,    2.15528846,   22.37824404,     30.92783701,   25.78910909,   37.43473021,   30.37361103,     10.52808869,   20.77712624,    5.05394475,   12.8404039 ,    109.63126717]]
/root/sim/music/out/仕分け前/オール・タイム・シングルス－ＳＵＰＥＲ　ＰＲＥＭＩＵＭ　ＢＥＳＴ－_Disc_1/05_僕はここに立っているよ.mp3; [-532.72723  ,  74.95565  ,   2.4289927,  15.610259 ,   8.40969  ,   11.207229 ,   2.8925257,   5.313292 ,  -3.206689 ,  -0.7823184,    4.5317416,   1.3065879,  -1.5945891]; [[15896.95991297,  350.94067595, -787.98904352, -298.13909618,     58.62379218,  193.41531932,  -24.9030474 ,  153.32512051,    -81.98508134, -116.05432554,  -67.86186947, -208.01131378,   -253.53789335], [  350.94067595,  848.10002667,  120.0074932 ,  114.73711252,     -9.83839394,  -47.9216626 ,   21.65843365,  104.92865961,      1.3307249 ,   46.17020696,   40.06019861,    7.78930428,    -39.15496282], [ -787.98904352,  120.0074932 ,  507.90499839,  312.38317852,     37.01909518,   40.34526026,   48.54548181,  -12.86255261,     45.23435911,   31.08858416,  -27.44524959,   41.99996931,     73.72764531], [ -298.13909618,  114.73711252,  312.38317852,  463.77342678,     80.91117785,   21.91482669,   -2.22184582,  -12.03189679,     78.43799609,   31.95672829,  -49.61462556,   10.82188262,     50.22917205], [   58.62379218,   -9.83839394,   37.01909518,   80.91117785,    230.88311763,   95.03977138,    6.78680966,  -18.57335067,     55.9555375 ,    9.5850587 ,   20.31703667,   14.76677092,     19.43054969], [  193.41531932,  -47.9216626 ,   40.34526026,   21.91482669,     95.03977138,  232.99522822,  120.18101552,   -7.31962722,     23.16698518,    1.38675072,   35.92037373,   40.79537494,     36.32513496], [  -24.9030474 ,   21.65843365,   48.54548181,   -2.22184582,      6.78680966,  120.18101552,  258.4285102 ,   77.81382244,     -4.49491301,   19.08955028,   34.01484093,   50.61202804,     47.9213386 ], [  153.32512051,  104.92865961,  -12.86255261,  -12.03189679,    -18.57335067,   -7.31962722,   77.81382244,  153.53888284,     17.95452251,   30.78287399,   27.89863814,    1.04186819,    -11.40061117], [  -81.98508134,    1.3307249 ,   45.23435911,   78.43799609,     55.9555375 ,   23.16698518,   -4.49491301,   17.95452251,    123.76435221,   42.7407381 ,  -10.4143376 ,   -6.51512374,      1.93066486], [ -116.05432554,   46.17020696,   31.08858416,   31.95672829,      9.5850587 ,    1.38675072,   19.08955028,   30.78287399,     42.7407381 ,  111.21163647,   37.99807436,    0.07674345,      0.85267306], [  -67.86186947,   40.06019861,  -27.44524959,  -49.61462556,     20.31703667,   35.92037373,   34.01484093,   27.89863814,    -10.4143376 ,   37.99807436,  117.46925682,   32.74146116,      7.34832929], [ -208.01131378,    7.78930428,   41.99996931,   10.82188262,     14.76677092,   40.79537494,   50.61202804,    1.04186819,     -6.51512374,    0.07674345,   32.74146116,   77.9264971 ,     42.24612296], [ -253.53789335,  -39.15496282,   73.72764531,   50.22917205,     19.43054969,   36.32513496,   47.9213386 ,  -11.40061117,      1.93066486,    0.85267306,    7.34832929,   42.24612296,    113.97520228]]
