/root/sim/music/out/The_Beatles/1962-1966_[Disc_1]/12_Ticket_To_Ride.mp3; [-609.20984   , 107.23345   , -18.826431  ,  22.011156  ,   8.894656  ,    3.5435252 ,  -1.056993  ,   9.196382  ,   3.7773085 ,   2.8193634 ,    0.91983896,  -6.318066  ,  -0.23505008]; [[16853.7376539 ,  423.6759461 ,  235.57888686,  368.90428262,      0.56030236,  -21.73532105, -111.22653955,  159.72795479,    114.26319813,  -83.77884846, -114.79204371, -155.767535  ,    -53.28245954], [  423.6759461 , 1446.51569377, -288.07755046,  103.57983943,    116.94298056,  -24.62715149,  141.37512855,  108.98833748,     28.25626735,  106.1341995 ,   17.66252406,    8.52151821,     20.39700743], [  235.57888686, -288.07755046,  741.07962822,    5.31462793,     16.21419285,  112.99752269,  -48.09937616,   50.76732385,     78.74672751,  -61.3994357 ,    4.20239822,   31.06261541,     32.15220159], [  368.90428262,  103.57983943,    5.31462793,  296.44742276,    117.73985181,  -59.40447893,  -10.2607885 ,   29.5235343 ,     51.51571768,    9.56547174,  -51.01284028,   16.15263249,     41.30440255], [    0.56030236,  116.94298056,   16.21419285,  117.73985181,    180.89975947,   -0.84837649,   20.82344502,   27.28490369,     42.81977249,   14.06742778,  -33.38741104,   11.2569356 ,     28.21120657], [  -21.73532105,  -24.62715149,  112.99752269,  -59.40447893,     -0.84837649,  186.50487952,   42.20640341,   24.500978  ,     -1.29181688,   -5.99140777,   29.86663255,   -6.59972232,     -8.94455621], [ -111.22653955,  141.37512855,  -48.09937616,  -10.2607885 ,     20.82344502,   42.20640341,  170.88092036,   44.50357262,     -2.34034587,   45.68523081,    1.68186086,   -4.7158664 ,     -3.72790977], [  159.72795479,  108.98833748,   50.76732385,   29.5235343 ,     27.28490369,   24.500978  ,   44.50357262,  107.41783458,     47.76394895,   20.36578242,   -2.16174011,    5.00275912,     28.44278873], [  114.26319813,   28.25626735,   78.74672751,   51.51571768,     42.81977249,   -1.29181688,   -2.34034587,   47.76394895,    130.83579149,   16.9290326 ,  -19.29227456,    9.16065527,     20.21555976], [  -83.77884846,  106.1341995 ,  -61.3994357 ,    9.56547174,     14.06742778,   -5.99140777,   45.68523081,   20.36578242,     16.9290326 ,   94.75464533,   23.38055545,   -0.33924326,     -5.94704781], [ -114.79204371,   17.66252406,    4.20239822,  -51.01284028,    -33.38741104,   29.86663255,    1.68186086,   -2.16174011,    -19.29227456,   23.38055545,  100.73409553,    4.6715713 ,      0.93409119], [ -155.767535  ,    8.52151821,   31.06261541,   16.15263249,     11.2569356 ,   -6.59972232,   -4.7158664 ,    5.00275912,      9.16065527,   -0.33924326,    4.6715713 ,   79.30327753,     26.59590352], [  -53.28245954,   20.39700743,   32.15220159,   41.30440255,     28.21120657,   -8.94455621,   -3.72790977,   28.44278873,     20.21555976,   -5.94704781,    0.93409119,   26.59590352,     87.06120708]]
/root/sim/music/out/The_Beatles/1962-1966_[Disc_1]/10_Eight_Days_A_Week_(2).mp3; [-625.493     ,  94.04566   ,  -8.9955845 ,  29.81116   ,   8.719895  ,    5.552376  ,  -0.24637368,   1.3881191 ,  -5.3198905 ,   0.32041413,   -2.9724145 ,  -3.9948285 ,  -6.937176  ]; [[15572.51140507,    5.18139413, -648.84576024,   25.42185007,   -339.31827272, -112.21065242,   21.68236601,   -7.31815309,   -184.3788316 ,  162.64171031,   15.55749168, -203.28252942,   -176.4340823 ], [    5.18139413, 1033.4594752 , -189.94696283,  -14.26914504,     32.16593075,  -57.14375435,   13.32245689,   18.42882263,    -56.38831345,  -14.00164596,   26.80003743,  -23.59144956,    -22.25692205], [ -648.84576024, -189.94696283,  612.17010593,   89.00656121,     10.7614895 ,   97.54656956,   -7.61928337,  -44.95744158,     43.01096475,  -34.50986338,  -24.62094767,   55.16885182,     -6.13695491], [   25.42185007,  -14.26914504,   89.00656121,  374.77009868,    203.76281959,  -66.54451418, -132.63830974,   38.29771604,     68.46050211,  -45.51390473,  -66.79095604,   61.46309898,     50.20338844], [ -339.31827272,   32.16593075,   10.7614895 ,  203.76281959,    276.58011579,  -39.06285901, -148.49269326,    9.48745537,     79.36812682,  -44.67231941,  -53.07972573,   36.74116051,     27.2850457 ], [ -112.21065242,  -57.14375435,   97.54656956,  -66.54451418,    -39.06285901,  246.14871903,  134.96324592,  -15.75072688,    -13.48786258,   17.11467828,   35.36816551,   -7.18134891,    -35.73038965], [   21.68236601,   13.32245689,   -7.61928337, -132.63830974,   -148.49269326,  134.96324592,  248.91222397,   14.01115662,    -64.98665776,   41.34761877,   55.96837362,  -33.23664275,    -24.51549211], [   -7.31815309,   18.42882263,  -44.95744158,   38.29771604,      9.48745537,  -15.75072688,   14.01115662,   97.43950285,     28.16688042,   -5.32168401,   -3.26426053,   13.76515875,     17.06090791], [ -184.3788316 ,  -56.38831345,   43.01096475,   68.46050211,     79.36812682,  -13.48786258,  -64.98665776,   28.16688042,    142.0875849 ,   13.42616803,  -34.18667179,   23.02766645,     13.94359363], [  162.64171031,  -14.00164596,  -34.50986338,  -45.51390473,    -44.67231941,   17.11467828,   41.34761877,   -5.32168401,     13.42616803,  109.41228213,   48.93892829,  -24.71375357,    -26.51147069], [   15.55749168,   26.80003743,  -24.62094767,  -66.79095604,    -53.07972573,   35.36816551,   55.96837362,   -3.26426053,    -34.18667179,   48.93892829,  102.79654716,   -5.7183543 ,    -33.41663465], [ -203.28252942,  -23.59144956,   55.16885182,   61.46309898,     36.74116051,   -7.18134891,  -33.23664275,   13.76515875,     23.02766645,  -24.71375357,   -5.7183543 ,   79.14987165,     32.09282873], [ -176.4340823 ,  -22.25692205,   -6.13695491,   50.20338844,     27.2850457 ,  -35.73038965,  -24.51549211,   17.06090791,     13.94359363,  -26.51147069,  -33.41663465,   32.09282873,     86.92097142]]
/root/sim/music/out/The_Beatles/1962-1966_[Disc_1]/08_A_Hard_Day's_Night.mp3; [-610.7178    ,  77.15693   , -10.439111  ,  29.963291  ,   5.6508117 ,    6.836513  ,  -0.58543247,   4.41299   ,  -5.7977495 ,  -5.281921  ,   -1.7412155 ,  -0.40303078,  -5.949692  ]; [[19743.10938896, 1348.48495332, 1058.71820473,  591.09220935,    -61.32598989,  503.04705504, -118.12341822, -304.85912928,    136.73042988,  204.56709862,  -74.83698303, -365.69536285,   -315.57723299], [ 1348.48495332,  716.50522274, -183.17154451,    1.73680579,    -47.34321858,   -3.15867314,   49.45596562,   43.76427218,    -87.71356336,  -35.61656853,   17.60400705,   10.57868638,    -25.36005313], [ 1058.71820473, -183.17154451,  909.40233306,   98.49834947,    -19.97879625,  160.92409455,  -37.91402286, -134.95178618,    126.20353215,   50.63509235,   19.31832292,  -33.54057144,    -23.00939463], [  591.09220935,    1.73680579,   98.49834947,  264.31457355,    131.28178777,  -27.1224217 ,  -86.273663  ,   -4.32861667,     46.28962172,  -12.99331611,  -22.58196633,   32.7651627 ,     14.22586273], [  -61.32598989,  -47.34321858,  -19.97879625,  131.28178777,    191.53817839,  -21.87583583,  -80.05090195,   -4.19863412,     44.76551822,   -6.21361977,  -10.15128615,   24.64839437,     16.41490319], [  503.04705504,   -3.15867314,  160.92409455,  -27.1224217 ,    -21.87583583,  167.50318983,   69.65963105,  -18.25541229,      3.72444952,   16.4812774 ,   17.25771758,  -22.78371995,    -23.98935355], [ -118.12341822,   49.45596562,  -37.91402286,  -86.273663  ,    -80.05090195,   69.65963105,  180.92281886,   58.73069117,    -45.00952324,    8.15851411,   21.917231  ,    0.54511014,    -11.28705981], [ -304.85912928,   43.76427218, -134.95178618,   -4.32861667,     -4.19863412,  -18.25541229,   58.73069117,  127.52000883,      0.96331579,  -23.20707198,   -0.62593365,   37.21346869,     12.09686198], [  136.73042988,  -87.71356336,  126.20353215,   46.28962172,     44.76551822,    3.72444952,  -45.00952324,    0.96331579,    129.31102807,   46.77541361,   -0.45504839,   -9.12550255,      1.10776803], [  204.56709862,  -35.61656853,   50.63509235,  -12.99331611,     -6.21361977,   16.4812774 ,    8.15851411,  -23.20707198,     46.77541361,  109.80539726,   30.51166175,  -38.8552129 ,    -18.28143616], [  -74.83698303,   17.60400705,   19.31832292,  -22.58196633,    -10.15128615,   17.25771758,   21.917231  ,   -0.62593365,     -0.45504839,   30.51166175,   75.1918193 ,   17.53324356,     -6.33751746], [ -365.69536285,   10.57868638,  -33.54057144,   32.7651627 ,     24.64839437,  -22.78371995,    0.54511014,   37.21346869,     -9.12550255,  -38.8552129 ,   17.53324356,  104.37091713,     42.81689904], [ -315.57723299,  -25.36005313,  -23.00939463,   14.22586273,     16.41490319,  -23.98935355,  -11.28705981,   12.09686198,      1.10776803,  -18.28143616,   -6.33751746,   42.81689904,     70.52528059]]
/root/sim/music/out/The_Beatles/1962-1966_[Disc_1]/03_From_Me_To_You.mp3; [-576.666     , 116.57802   , -16.35503   ,  12.821635  ,   3.9088414 ,    0.3134643 ,  -1.6486034 ,   0.41299805,  -4.822787  ,   0.5457308 ,   -0.338176  ,  -4.2035565 ,  -4.25971   ]; [[17547.55750737,  978.85213067, -667.53545373,   73.20498108,     48.2022608 ,  -24.01966352, -132.35725008, -134.66156463,    -50.37844599,   16.18907824,  -38.9380535 , -138.6835915 ,   -137.63106158], [  978.85213067, 1551.63614143,  -94.14080606,  125.03970029,    -21.19891132,  107.69605717,   67.63677729,  144.2875363 ,     36.07621879,   39.55642847,   62.18286953,  -13.19094881,     29.15476535], [ -667.53545373,  -94.14080606,  649.37042708,   69.59655685,     91.38862591,   79.72988147,    6.87172867,   15.04303091,      2.45104605,    8.60073745,   -0.67675841,   62.16803939,     22.60157082], [   73.20498108,  125.03970029,   69.59655685,  344.81285639,    215.33566176,  -12.48469416,  -26.96252665,   35.16152411,     58.4417558 ,   -7.2069401 ,  -28.16630088,   27.46241078,     49.90420598], [   48.2022608 ,  -21.19891132,   91.38862591,  215.33566176,    303.36031176,  -17.14483005,  -37.53236298,   -3.89399743,     72.93067312,   12.65917146,  -34.77124458,   37.64161057,     15.09457325], [  -24.01966352,  107.69605717,   79.72988147,  -12.48469416,    -17.14483005,  170.64102895,   88.74035062,   49.45376901,      5.72299284,   17.90332478,   30.33960271,    0.3972607 ,      0.61893236], [ -132.35725008,   67.63677729,    6.87172867,  -26.96252665,    -37.53236298,   88.74035062,  234.96467961,   55.21040191,     10.38599298,   11.88324228,   34.42679453,   -1.87260058,    -12.05510909], [ -134.66156463,  144.2875363 ,   15.04303091,   35.16152411,     -3.89399743,   49.45376901,   55.21040191,  126.2424646 ,     25.4263547 ,    3.10999277,    9.61718122,   -0.59791623,     21.2095474 ], [  -50.37844599,   36.07621879,    2.45104605,   58.4417558 ,     72.93067312,    5.72299284,   10.38599298,   25.4263547 ,    116.85337276,   36.78487034,   -7.87737032,   11.28674682,     -0.66584296], [   16.18907824,   39.55642847,    8.60073745,   -7.2069401 ,     12.65917146,   17.90332478,   11.88324228,    3.10999277,     36.78487034,   92.97890173,   32.35245521,   -6.60107507,    -22.00103979], [  -38.9380535 ,   62.18286953,   -0.67675841,  -28.16630088,    -34.77124458,   30.33960271,   34.42679453,    9.61718122,     -7.87737032,   32.35245521,   99.48847752,   16.01041601,     -5.96597649], [ -138.6835915 ,  -13.19094881,   62.16803939,   27.46241078,     37.64161057,    0.3972607 ,   -1.87260058,   -0.59791623,     11.28674682,   -6.60107507,   16.01041601,  107.83406361,     32.68146431], [ -137.63106158,   29.15476535,   22.60157082,   49.90420598,     15.09457325,    0.61893236,  -12.05510909,   21.2095474 ,     -0.66584296,  -22.00103979,   -5.96597649,   32.68146431,     84.86977664]]
/root/sim/music/out/The_Beatles/1962-1966_[Disc_1]/04_She_Loves_You.mp3; [-558.0702   ,  88.12331  , -12.674845 ,  22.148138 ,   3.5795503,    4.827594 ,  -0.7747469,   2.9207516,   1.933589 ,   2.8639207,   -5.242691 ,  -8.361198 ,  -4.036726 ]; [[17692.46778222, 1200.58296577,  -48.77679355,  524.48212134,    -42.56279927,   71.42768749,  -72.74537871,   25.26646508,     25.76666507,   19.23103352, -229.82933151, -177.25109444,     24.63331016], [ 1200.58296577,  782.68031009, -203.70756983,   59.65066174,     24.57644939,   42.1314353 ,   91.12716616,   70.13517563,     18.69125635,   25.12311304,   49.82769253,   -1.14820282,    -23.52635355], [  -48.77679355, -203.70756983,  604.61188061,   43.52575128,    -14.39320021,   81.07026656,    8.47068525,  -52.32265432,    -36.07081482,    0.89065661,   33.43299176,   53.19119624,     21.19993006], [  524.48212134,   59.65066174,   43.52575128,  351.87234396,    155.30154564,   -7.14270385,  -42.12570146,   14.7504246 ,     23.05606861,   -8.22953675,  -30.40059762,   22.11555149,     30.03502187], [  -42.56279927,   24.57644939,  -14.39320021,  155.30154564,    183.60153542,   28.17363716,  -12.16085156,   38.72954037,     54.64100926,   13.01341933,  -22.0132008 ,    1.83988705,     20.10474501], [   71.42768749,   42.1314353 ,   81.07026656,   -7.14270385,     28.17363716,  175.91099615,  118.64541561,   46.82262562,     40.96330838,   35.03026467,   16.07673831,  -15.23113806,    -13.08586156], [  -72.74537871,   91.12716616,    8.47068525,  -42.12570146,    -12.16085156,  118.64541561,  174.97165912,   73.80197694,     33.28478855,   40.06687048,   26.06871833,  -11.18990876,    -15.08918726], [   25.26646508,   70.13517563,  -52.32265432,   14.7504246 ,     38.72954037,   46.82262562,   73.80197694,  117.61736743,     80.68966082,   20.03441736,   -8.44149583,  -18.18678225,     -5.15712355], [   25.76666507,   18.69125635,  -36.07081482,   23.05606861,     54.64100926,   40.96330838,   33.28478855,   80.68966082,    135.7049407 ,   48.46217338,  -25.83582057,  -21.46447432,      1.95282834], [   19.23103352,   25.12311304,    0.89065661,   -8.22953675,     13.01341933,   35.03026467,   40.06687048,   20.03441736,     48.46217338,   88.13587631,   43.14153441,   -0.15664385,     -9.20989976], [ -229.82933151,   49.82769253,   33.43299176,  -30.40059762,    -22.0132008 ,   16.07673831,   26.06871833,   -8.44149583,    -25.83582057,   43.14153441,  119.7721025 ,   42.61586689,    -20.01237005], [ -177.25109444,   -1.14820282,   53.19119624,   22.11555149,      1.83988705,  -15.23113806,  -11.18990876,  -18.18678225,    -21.46447432,   -0.15664385,   42.61586689,   74.38955488,     27.39292917], [   24.63331016,  -23.52635355,   21.19993006,   30.03502187,     20.10474501,  -13.08586156,  -15.08918726,   -5.15712355,      1.95282834,   -9.20989976,  -20.01237005,   27.39292917,     68.88063509]]
/root/sim/music/out/The_Beatles/1962-1966_[Disc_1]/06_All_My_Loving.mp3; [-596.5217   , 104.21345  ,  -4.9286704,  21.887512 ,  -4.6201177,    5.263427 ,  -3.036856 ,   0.3253484,  -4.7258177,  -1.6376454,   -2.593255 ,  -5.352729 ,  -3.5038056]; [[19734.83207914, 1303.48566906, -567.1888151 ,    6.26472933,   -472.26123041,    6.80918145, -223.69316009,   -6.99949652,    -67.5960314 ,   61.6301703 ,   17.27614461,  -52.53929613,     -9.25812231], [ 1303.48566906, 1068.82700644,  -49.80818509,   -4.295926  ,    -40.21148716,  -45.96900033,   38.6659016 ,    3.21462964,    -54.34234921,  -56.77899492,    2.45953987,  -10.7552751 ,    -24.87426834], [ -567.1888151 ,  -49.80818509,  744.50631416,  241.37533583,     18.7731447 ,    4.49956264,  -47.30265401,  -68.53319338,    -71.21337513, -103.8687925 ,  -62.72673258,   30.43822371,     48.5412527 ], [    6.26472933,   -4.295926  ,  241.37533583,  532.84062161,    230.89855424,  -62.83930499, -133.2211867 ,  -76.47340801,     54.15360133,   15.3079919 ,  -61.49672945,   -5.50695094,     29.50025019], [ -472.26123041,  -40.21148716,   18.7731447 ,  230.89855424,    309.56296864,   36.54429391,  -61.9955343 ,  -15.23745106,     97.72696903,   81.27333712,   -8.30921457,   -7.03948531,    -13.55211327], [    6.80918145,  -45.96900033,    4.49956264,  -62.83930499,     36.54429391,  210.99650162,  132.38216053,   37.32085801,     12.31339399,   17.28359403,   33.13433102,    3.64325527,    -17.34971415], [ -223.69316009,   38.6659016 ,  -47.30265401, -133.2211867 ,    -61.9955343 ,  132.38216053,  220.79772336,   92.51322051,     -2.67628253,   -7.01348962,   31.59166967,    9.4811108 ,    -12.11981669], [   -6.99949652,    3.21462964,  -68.53319338,  -76.47340801,    -15.23745106,   37.32085801,   92.51322051,  135.39813829,     60.73832289,   25.31179108,   16.16647765,   -6.20046069,     -8.44558866], [  -67.5960314 ,  -54.34234921,  -71.21337513,   54.15360133,     97.72696903,   12.31339399,   -2.67628253,   60.73832289,    189.29766481,  112.54676755,   -0.08402201,   -5.8994237 ,    -12.75241964], [   61.6301703 ,  -56.77899492, -103.8687925 ,   15.3079919 ,     81.27333712,   17.28359403,   -7.01348962,   25.31179108,    112.54676755,  142.60711673,   44.10856141,   -3.48108766,    -25.80146821], [   17.27614461,    2.45953987,  -62.72673258,  -61.49672945,     -8.30921457,   33.13433102,   31.59166967,   16.16647765,     -0.08402201,   44.10856141,   89.99724344,   21.35013579,    -21.00974618], [  -52.53929613,  -10.7552751 ,   30.43822371,   -5.50695094,     -7.03948531,    3.64325527,    9.4811108 ,   -6.20046069,     -5.8994237 ,   -3.48108766,   21.35013579,   66.24936486,     28.33034035], [   -9.25812231,  -24.87426834,   48.5412527 ,   29.50025019,    -13.55211327,  -17.34971415,  -12.11981669,   -8.44558866,    -12.75241964,  -25.80146821,  -21.00974618,   28.33034035,     75.9693921 ]]
/root/sim/music/out/The_Beatles/1967-1970_[Disc_1]/14_Revolution.mp3; [-589.2306    , 111.817184  ,  -8.299363  ,  28.465256  ,   0.23497544,   12.40988   ,   4.014618  ,   8.885762  ,  -0.3619547 ,   1.6368091 ,   -2.276778  ,  -1.7945241 ,  -3.6773996 ]; [[ 9798.46706919,-1476.32575296, -405.43212574,  111.33444836,   -179.90311277,  248.04844541,  195.06058058,  299.89980305,    170.33623293,  157.76696393,   77.31813573,  107.09562323,     47.95318193], [-1476.32575296, 2083.63953412,  -78.55282585,  108.47646903,    123.01788159,  -37.9743212 ,    7.25480764,   -5.18344334,     -3.70810251,   25.93257281,   55.34267271,  -14.36789361,    -23.15047725], [ -405.43212574,  -78.55282585,  550.91471261,  119.41040404,     85.46292459,   31.04689546,    2.82619471,   -5.15262059,     -0.94858678,  -24.21582939,  -27.34825537,   12.0796215 ,     17.4060665 ], [  111.33444836,  108.47646903,  119.41040404,  266.88917052,    125.15442901,   39.75322491,   -7.70760669,   25.6426323 ,     28.78027677,   20.38065806,   12.16299156,    8.46484559,     15.32381021], [ -179.90311277,  123.01788159,   85.46292459,  125.15442901,    182.90669515,   24.86916538,  -23.50769748,    1.10355456,     19.586814  ,    7.33891313,    5.81179379,   -0.63260913,     -3.0236247 ], [  248.04844541,  -37.9743212 ,   31.04689546,   39.75322491,     24.86916538,  121.5349757 ,   78.75537466,   32.0985689 ,     10.41276933,   14.49931963,    9.24180257,    6.95161782,      5.36203158], [  195.06058058,    7.25480764,    2.82619471,   -7.70760669,    -23.50769748,   78.75537466,  147.13856529,   65.16840327,      5.09962502,    7.05096168,    8.05138078,    4.63528462,      8.61295283], [  299.89980305,   -5.18344334,   -5.15262059,   25.6426323 ,      1.10355456,   32.0985689 ,   65.16840327,  107.79492191,     54.61423411,   18.86458211,    3.27580472,    4.81709997,     10.89646657], [  170.33623293,   -3.70810251,   -0.94858678,   28.78027677,     19.586814  ,   10.41276933,    5.09962502,   54.61423411,     95.83608255,   39.71285352,    3.36563142,    3.4291127 ,      8.70640827], [  157.76696393,   25.93257281,  -24.21582939,   20.38065806,      7.33891313,   14.49931963,    7.05096168,   18.86458211,     39.71285352,   75.08451645,   36.2584998 ,    8.08931766,     -2.52681746], [   77.31813573,   55.34267271,  -27.34825537,   12.16299156,      5.81179379,    9.24180257,    8.05138078,    3.27580472,      3.36563142,   36.2584998 ,   71.22861868,   26.33888798,     -2.36972041], [  107.09562323,  -14.36789361,   12.0796215 ,    8.46484559,     -0.63260913,    6.95161782,    4.63528462,    4.81709997,      3.4291127 ,    8.08931766,   26.33888798,   57.73844483,     27.0887951 ], [   47.95318193,  -23.15047725,   17.4060665 ,   15.32381021,     -3.0236247 ,    5.36203158,    8.61295283,   10.89646657,      8.70640827,   -2.52681746,   -2.36972041,   27.0887951 ,     56.86450533]]
/root/sim/music/out/The_Beatles/1967-1970_[Disc_1]/02_Penny_Lane.mp3; [-636.05896   , 132.95262   , -19.349474  ,  21.701448  ,  14.168832  ,   11.306467  ,   1.2799035 ,   8.708037  ,   0.68345827,   5.8226357 ,    2.1668067 ,  -2.8385081 ,  -3.1806219 ]; [[12991.69545762,  265.58096147, -235.21094743,  105.37705192,   -182.01896984,    6.70849106,  -61.84949773,  180.86629531,    -61.62136925,  -82.13136883,  101.39456112,    6.96956498,   -133.44949394], [  265.58096147, 1983.68582665, -247.48026828,  115.70474723,    239.36601207,   67.00816795,  178.03616285,   58.01791507,    -71.7892087 ,   46.4988852 ,   47.06065407,   12.86155699,    -56.46808296], [ -235.21094743, -247.48026828,  571.16147935,   69.67882332,     52.05746885,  104.07460611,   48.00985602,   49.19858141,     58.07375689,   -2.76219536,   32.0862713 ,   42.96758497,      9.6907226 ], [  105.37705192,  115.70474723,   69.67882332,  356.1604556 ,    145.54767613,   62.54687408,   27.54932743,   74.90188662,     51.18520845,   16.24310893,    1.37234432,   27.13567751,     29.90254448], [ -182.01896984,  239.36601207,   52.05746885,  145.54767613,    248.76271544,   66.81805427,   27.43161915,   58.2490478 ,     25.25616628,    9.9599741 ,   -5.56293464,    7.49843424,     18.22633957], [    6.70849106,   67.00816795,  104.07460611,   62.54687408,     66.81805427,  217.50027237,   72.22273554,   10.72847184,     50.65853307,   13.67723259,    3.04398506,   12.18480922,     14.0447162 ], [  -61.84949773,  178.03616285,   48.00985602,   27.54932743,     27.43161915,   72.22273554,  158.8977628 ,   38.22000056,      5.83170565,   15.04843231,   32.4227742 ,   18.1218922 ,    -11.11505359], [  180.86629531,   58.01791507,   49.19858141,   74.90188662,     58.2490478 ,   10.72847184,   38.22000056,  140.55899407,     29.65453117,   10.97367319,   23.56571488,   12.99071658,     -1.68296139], [  -61.62136925,  -71.7892087 ,   58.07375689,   51.18520845,     25.25616628,   50.65853307,    5.83170565,   29.65453117,    165.28359946,   55.51024313,   -5.61234689,    6.65081451,     28.5860729 ], [  -82.13136883,   46.4988852 ,   -2.76219536,   16.24310893,      9.9599741 ,   13.67723259,   15.04843231,   10.97367319,     55.51024313,  114.97854836,   27.18641024,   -0.92256988,     10.08372864], [  101.39456112,   47.06065407,   32.0862713 ,    1.37234432,     -5.56293464,    3.04398506,   32.4227742 ,   23.56571488,     -5.61234689,   27.18641024,  100.53700503,   30.74108041,    -18.67083539], [    6.96956498,   12.86155699,   42.96758497,   27.13567751,      7.49843424,   12.18480922,   18.1218922 ,   12.99071658,      6.65081451,   -0.92256988,   30.74108041,   95.951954  ,     29.05512573], [ -133.44949394,  -56.46808296,    9.6907226 ,   29.90254448,     18.22633957,   14.0447162 ,  -11.11505359,   -1.68296139,     28.5860729 ,   10.08372864,  -18.67083539,   29.05512573,    103.54347679]]
/root/sim/music/out/The_Beatles/1967-1970_[Disc_1]/06_A_Day_In_The_Life_(2).mp3; [-730.17804   , 147.27664   ,  16.78596   ,  28.785877  ,  10.0113325 ,   11.420063  ,   0.73462224,   3.6980762 ,  -1.389903  ,   4.859241  ,    0.6206295 ,   0.77874255,  -4.7176447 ]; [[27604.17004004,-1201.42768572,-4585.09669814,-1228.65090069,  -1356.08440168, -151.67749103, -164.12681767,  556.84028747,    355.45743338,  574.67927772,   25.07872403,   86.32811002,     96.57848811], [-1201.42768572, 1879.35949988, -128.41728132,  -71.19890233,    -35.38720625,  -83.25646052,  -21.17412688,  -98.43175199,    -82.39200292,  -63.17330354,   40.04099778,    4.07384669,    -28.19992984], [-4585.09669814, -128.41728132, 1674.5146285 ,  363.82560602,    366.83642778,  130.89426133,   73.22440128,  -71.11892417,    -40.43007557,  -91.55270994,    8.51622585,  -14.48313248,    -15.21699207], [-1228.65090069,  -71.19890233,  363.82560602,  378.23851944,    173.86815119,   44.17363383,   -3.71324382,  -21.77225311,     -0.9330947 ,  -24.69248968,  -23.90388439,   29.21552413,     -2.32559364], [-1356.08440168,  -35.38720625,  366.83642778,  173.86815119,    273.54016675,   57.13802353,   -6.38007657,   -9.05088365,     15.2947145 ,  -10.65285624,    1.10653449,    5.51325719,    -11.71250442], [ -151.67749103,  -83.25646052,  130.89426133,   44.17363383,     57.13802353,  134.46333475,   54.76240394,   18.12429975,     12.77547012,    7.83584419,   -0.51275818,    6.33568533,      2.06477774], [ -164.12681767,  -21.17412688,   73.22440128,   -3.71324382,     -6.38007657,   54.76240394,  135.8098352 ,   46.19323431,      5.92051096,   14.01629663,   11.11666501,  -12.90152339,      9.88885236], [  556.84028747,  -98.43175199,  -71.11892417,  -21.77225311,     -9.05088365,   18.12429975,   46.19323431,  108.2196974 ,     48.7042371 ,   35.71020404,    6.75087163,   -4.79607338,     11.1079473 ], [  355.45743338,  -82.39200292,  -40.43007557,   -0.9330947 ,     15.2947145 ,   12.77547012,    5.92051096,   48.7042371 ,     94.9000424 ,   43.06134022,    4.38079862,    1.00154992,      3.77430619], [  574.67927772,  -63.17330354,  -91.55270994,  -24.69248968,    -10.65285624,    7.83584419,   14.01629663,   35.71020404,     43.06134022,   95.68126747,   28.91514557,   -4.75171832,     -4.32555393], [   25.07872403,   40.04099778,    8.51622585,  -23.90388439,      1.10653449,   -0.51275818,   11.11666501,    6.75087163,      4.38079862,   28.91514557,   78.44392325,    3.72970346,     -2.16427211], [   86.32811002,    4.07384669,  -14.48313248,   29.21552413,      5.51325719,    6.33568533,  -12.90152339,   -4.79607338,      1.00154992,   -4.75171832,    3.72970346,   88.18035498,     17.79961596], [   96.57848811,  -28.19992984,  -15.21699207,   -2.32559364,    -11.71250442,    2.06477774,    9.88885236,   11.1079473 ,      3.77430619,   -4.32555393,   -2.16427211,   17.79961596,     73.48616185]]
/root/sim/music/out/The_Beatles/1967-1970_[Disc_1]/01_Strawberry_Fields_Forever.mp3; [-710.36127   , 119.6321    ,  -0.4643199 ,   9.222662  ,   3.946688  ,    3.5670395 ,  -8.317366  ,   1.8354597 ,  -1.0673411 ,  -0.2775206 ,    0.02054955,  -0.07086267,  -3.990988  ]; [[26795.30141191, -451.58426598,-1424.34110278, 1361.1710364 ,    878.83532654,  569.68587573,  193.12668677,  443.32280051,     18.80524174, -121.47050183,   70.22827869,  -91.10512082,   -391.03290984], [ -451.58426598, 2225.47971631,   85.55791839, -453.75284903,     49.26418774, -168.37364958,  -79.1333615 ,  -72.12949264,    -74.85461108,   -8.26807339,   12.72041269,  -20.23909831,     31.98137818], [-1424.34110278,   85.55791839, 1476.76570232,  190.16878746,    112.35251305,  206.67327815,  175.09266836,  112.09297085,    147.40891033,  231.9819382 ,   64.49600176,   91.60166569,    112.71262952], [ 1361.1710364 , -453.75284903,  190.16878746,  640.36384353,    237.60908488,  185.55808834,  132.69081553,  143.16004851,    109.80705311,   78.60670469,   25.13536173,   35.81798884,     23.64279024], [  878.83532654,   49.26418774,  112.35251305,  237.60908488,    408.30516364,  131.15414605,   61.82229744,   86.28142682,     72.03726629,   48.46354315,   10.9617066 ,   15.1899757 ,     13.65314492], [  569.68587573, -168.37364958,  206.67327815,  185.55808834,    131.15414605,  256.38193705,  129.24515503,   84.65202306,     60.09078207,   69.87155409,   19.04621451,   22.03510124,     -2.80086356], [  193.12668677,  -79.1333615 ,  175.09266836,  132.69081553,     61.82229744,  129.24515503,  239.31749767,  121.77808194,     41.75027332,   67.41905007,   54.35575688,   22.58385606,     -1.28968811], [  443.32280051,  -72.12949264,  112.09297085,  143.16004851,     86.28142682,   84.65202306,  121.77808194,  184.07376625,     73.37305879,   60.19384178,   41.98848889,   19.43453635,      0.41595437], [   18.80524174,  -74.85461108,  147.40891033,  109.80705311,     72.03726629,   60.09078207,   41.75027332,   73.37305879,    141.62892501,   82.0981568 ,   17.56542811,   16.0721377 ,     10.50770624], [ -121.47050183,   -8.26807339,  231.9819382 ,   78.60670469,     48.46354315,   69.87155409,   67.41905007,   60.19384178,     82.0981568 ,  167.05756596,   64.90170692,   30.11343523,     18.55123205], [   70.22827869,   12.72041269,   64.49600176,   25.13536173,     10.9617066 ,   19.04621451,   54.35575688,   41.98848889,     17.56542811,   64.90170692,  137.87585815,   40.03961783,     -5.51489182], [  -91.10512082,  -20.23909831,   91.60166569,   35.81798884,     15.1899757 ,   22.03510124,   22.58385606,   19.43453635,     16.0721377 ,   30.11343523,   40.03961783,   85.61329938,     41.81699728], [ -391.03290984,   31.98137818,  112.71262952,   23.64279024,     13.65314492,   -2.80086356,   -1.28968811,    0.41595437,     10.50770624,   18.55123205,   -5.51489182,   41.81699728,    104.75702835]]
/root/sim/music/out/The_Beatles/1967-1970_[Disc_1]/10_The_Fool_On_The_Hill.mp3; [-698.107    , 133.04413  , -17.18026  ,  -4.091083 ,  -7.411109 ,   -8.852591 , -11.613417 ,  -2.4013088, -15.403373 ,   2.9683707,   -2.9090507,  -7.5762224,  -6.8741064]; [[14915.38131278,  579.23599374, -258.36558913,  -63.24365218,   -290.16202464, -151.1325265 , -144.15663913,  134.74528297,   -240.86258647,  254.94647732,   38.46404303, -333.26442936,   -324.63031035], [  579.23599374, 1889.98435769, -316.79299992,   -8.46781809,     95.07684382, -160.90707208, -118.59333244, -113.57160699,   -114.87658388,  -10.45808656,  -69.16073255,  -62.82854348,     53.01528287], [ -258.36558913, -316.79299992,  546.6551156 ,    3.66399607,     69.73850356,   58.62633428,  -27.0114958 ,   30.22799853,      2.57636668,  -50.02348489,  -15.31704977,  -26.75292989,     16.0745706 ], [  -63.24365218,   -8.46781809,    3.66399607,  306.80915095,     64.35319308,  -19.63584989,  -31.00075807,    5.98685492,     18.85301217,   -4.23676983,  -68.74243396,  -19.95752963,     29.93912102], [ -290.16202464,   95.07684382,   69.73850356,   64.35319308,    233.2078235 ,  -51.06698439,  -58.88324224,   -9.90198158,    -17.6120661 ,  -12.01418752,  -29.20993753,  -10.97196407,     34.45573792], [ -151.1325265 , -160.90707208,   58.62633428,  -19.63584989,    -51.06698439,  287.8093084 ,  124.75584409,    7.83614272,     74.61186683,  -57.41222437,   37.10515072,   61.50826856,    -22.70134936], [ -144.15663913, -118.59333244,  -27.0114958 ,  -31.00075807,    -58.88324224,  124.75584409,  248.09290684,   29.89621142,     37.94587946,  -30.25244918,   36.77518627,   39.22845933,    -29.50964419], [  134.74528297, -113.57160699,   30.22799853,    5.98685492,     -9.90198158,    7.83614272,   29.89621142,  154.15491508,     10.39689931,  -21.72395117,  -23.90863406,   -6.83760579,    -25.07778768], [ -240.86258647, -114.87658388,    2.57636668,   18.85301217,    -17.6120661 ,   74.61186683,   37.94587946,   10.39689931,    242.25084374,  -12.1543234 ,  -23.8970342 ,    2.80221761,    -26.5900248 ], [  254.94647732,  -10.45808656,  -50.02348489,   -4.23676983,    -12.01418752,  -57.41222437,  -30.25244918,  -21.72395117,    -12.1543234 ,  186.95723825,   45.62436821,  -46.51737153,    -37.60147081], [   38.46404303,  -69.16073255,  -15.31704977,  -68.74243396,    -29.20993753,   37.10515072,   36.77518627,  -23.90863406,    -23.8970342 ,   45.62436821,  150.10105995,   22.86763465,    -28.28044754], [ -333.26442936,  -62.82854348,  -26.75292989,  -19.95752963,    -10.97196407,   61.50826856,   39.22845933,   -6.83760579,      2.80221761,  -46.51737153,   22.86763465,  154.85250655,     33.53669219], [ -324.63031035,   53.01528287,   16.0745706 ,   29.93912102,     34.45573792,  -22.70134936,  -29.50964419,  -25.07778768,    -26.5900248 ,  -37.60147081,  -28.28044754,   33.53669219,    135.3494779 ]]
/root/sim/music/out/The_Beatles/1967-1970_[Disc_1]/08_I_Am_The_Walrus.mp3; [-632.6763   , 100.504265 ,   6.1942124,  29.160809 ,   9.745466 ,   13.836187 ,   6.2193413,   9.728306 ,   0.4065592,  -3.1813745,   -6.327186 ,  -7.782352 ,  -5.891417 ]; [[11287.68824552, -614.80213664,  -66.26469915,  394.31071552,    147.25152282,  257.95961524,  229.30039623,  211.13919591,    -75.31660444,  -13.05498016,  -23.35706859,  -56.9449732 ,    -31.14525048], [ -614.80213664, 1520.76327825, -230.82144567,  -71.74426264,     12.07356335,  -57.23374243,  -48.84263433,  -37.63170061,     84.96781185,   46.48799925,   21.89132326,   17.54813488,     28.13897582], [  -66.26469915, -230.82144567,  634.00085401,  -56.12518174,     34.96136857,   55.48379676,   22.90104084,   55.91866837,      8.83942736,  -17.1847519 ,    3.36494877,   -3.01708189,      3.87888508], [  394.31071552,  -71.74426264,  -56.12518174,  348.99833765,     83.47949579,   34.33676343,   12.67667637,   43.74441278,     -8.16506164,  -38.77271103,  -27.46368802,   -5.73889479,     15.9063626 ], [  147.25152282,   12.07356335,   34.96136857,   83.47949579,    172.07490659,   28.69131506,   14.00536762,   26.32672222,     12.29180642,  -18.51260503,  -11.3780545 ,    5.62680729,     -1.67906101], [  257.95961524,  -57.23374243,   55.48379676,   34.33676343,     28.69131506,  192.50898323,   83.00401522,   36.46045396,    -17.26711247,   -3.60749486,   -9.96433834,  -34.73899089,     -4.05000253], [  229.30039623,  -48.84263433,   22.90104084,   12.67667637,     14.00536762,   83.00401522,  142.9031866 ,   44.5225068 ,     -3.61945706,   -3.95734862,   -5.39868684,   -3.37277203,    -12.17272793], [  211.13919591,  -37.63170061,   55.91866837,   43.74441278,     26.32672222,   36.46045396,   44.5225068 ,  120.32751098,     26.72311538,   -7.47398311,   -2.02876769,   -4.48022587,      5.041203  ], [  -75.31660444,   84.96781185,    8.83942736,   -8.16506164,     12.29180642,  -17.26711247,   -3.61945706,   26.72311538,    106.51912593,   35.50350554,   14.14994838,   20.63244731,     10.4245411 ], [  -13.05498016,   46.48799925,  -17.1847519 ,  -38.77271103,    -18.51260503,   -3.60749486,   -3.95734862,   -7.47398311,     35.50350554,  105.02969481,   40.62252526,    5.94220668,     14.71244252], [  -23.35706859,   21.89132326,    3.36494877,  -27.46368802,    -11.3780545 ,   -9.96433834,   -5.39868684,   -2.02876769,     14.14994838,   40.62252526,   87.52097084,   22.9898526 ,     12.78599812], [  -56.9449732 ,   17.54813488,   -3.01708189,   -5.73889479,      5.62680729,  -34.73899089,   -3.37277203,   -4.48022587,     20.63244731,    5.94220668,   22.9898526 ,   89.37357223,     22.17672985], [  -31.14525048,   28.13897582,    3.87888508,   15.9063626 ,     -1.67906101,   -4.05000253,  -12.17272793,    5.041203  ,     10.4245411 ,   14.71244252,   12.78599812,   22.17672985,     69.21107716]]
/root/sim/music/out/The_Beatles/1967-1970_[Disc_1]/03_Sgt_Pepper's_Lonely_Hearts_Club_Band.mp3; [-639.1617    , 130.45517   , -20.89449   ,  27.947073  ,   8.006282  ,   10.541848  ,   3.7983017 ,  11.505822  ,   3.0095696 ,   6.539664  ,    3.145496  ,   4.2560205 ,  -0.18179895]; [[11650.76844436,-1432.43503342, -103.05660637,  617.73427545,    583.77963801,  424.86999316,  389.96033765,  439.01675575,    150.92478638,   58.87559983,  120.35386782,   77.64448936,     59.4229476 ], [-1432.43503342, 1598.9589628 , -202.43833748,  -53.48986048,    -80.97797846,  -56.69562805,  -15.3673548 ,   -2.57494067,    -15.71986102,    1.47137706,   16.81801645,  -13.05927455,     14.88902432], [ -103.05660637, -202.43833748,  515.53663146,  -10.33332056,    -24.27323248,   70.50516051,    8.48614635,   12.54882875,     21.00491016,    2.54963455,    7.81369489,   10.46051695,     -7.71994856], [  617.73427545,  -53.48986048,  -10.33332056,  373.77527556,    176.05626013,   10.08976151,   43.88930177,   76.36510414,     38.19223208,    1.84411948,   -8.67559359,   35.33089094,     30.43706905], [  583.77963801,  -80.97797846,  -24.27323248,  176.05626013,    305.90985296,   30.70784857,   35.05130006,   75.01826003,     43.13014742,   15.84622062,   -0.07459798,   19.51624944,     33.13676875], [  424.86999316,  -56.69562805,   70.50516051,   10.08976151,     30.70784857,  174.81212042,   87.00695922,   22.80143344,     12.38845   ,   17.65051659,   33.22632755,    7.27956436,     -6.55067514], [  389.96033765,  -15.3673548 ,    8.48614635,   43.88930177,     35.05130006,   87.00695922,  160.75603246,   54.29374922,      1.92692521,   12.26083769,   30.46819232,   14.03830774,      1.0703909 ], [  439.01675575,   -2.57494067,   12.54882875,   76.36510414,     75.01826003,   22.80143344,   54.29374922,  120.86850925,     32.00870166,    7.09536397,   17.19073999,    9.3365607 ,     16.38043409], [  150.92478638,  -15.71986102,   21.00491016,   38.19223208,     43.13014742,   12.38845   ,    1.92692521,   32.00870166,     77.07488617,   21.31880979,    0.53544112,    4.95057506,      3.31524906], [   58.87559983,    1.47137706,    2.54963455,    1.84411948,     15.84622062,   17.65051659,   12.26083769,    7.09536397,     21.31880979,   69.58277364,   24.98772101,   -2.78717899,     -2.35146651], [  120.35386782,   16.81801645,    7.81369489,   -8.67559359,     -0.07459798,   33.22632755,   30.46819232,   17.19073999,      0.53544112,   24.98772101,   83.50490434,   11.59959783,     -8.211591  ], [   77.64448936,  -13.05927455,   10.46051695,   35.33089094,     19.51624944,    7.27956436,   14.03830774,    9.3365607 ,      4.95057506,   -2.78717899,   11.59959783,   67.6140827 ,     26.02581604], [   59.4229476 ,   14.88902432,   -7.71994856,   30.43706905,     33.13676875,   -6.55067514,    1.0703909 ,   16.38043409,      3.31524906,   -2.35146651,   -8.211591  ,   26.02581604,     61.73358375]]
