/root/sim/music/out/X/STAR_BOX/01_紅.mp3; [-605.28094   , 128.0585    ,  -5.3436766 ,  36.36138   ,   4.030311  ,   -0.48866773,   0.08230197,   1.573699  ,  -1.3284569 ,   2.0393994 ,   -1.0684266 ,  -3.4810357 ,  -2.6663241 ]; [[22499.83315706,-3288.89392584,   33.09119295, -712.27023586,   -316.83520382,  266.59597993,  398.59119918,  867.11807384,    983.67460257,  651.07444058,  128.23202875,  486.30626918,    259.3670328 ], [-3288.89392584, 1885.06972746, -179.13997809,  389.62663975,    155.73722213,  -24.66650532,  -91.18419333, -225.38665812,   -268.45426936, -180.52320408,  -37.31414114, -139.61282997,    -95.06530572], [   33.09119295, -179.13997809,  345.55556367,   -1.4145726 ,     40.77735901,  -26.84419888,   -0.40278567,   10.77791406,     30.31112576,   21.19852744,   27.0038328 ,   27.96326778,      8.95367214], [ -712.27023586,  389.62663975,   -1.4145726 ,  388.06661869,    188.66201253,   66.2340445 ,  -47.15208762,   26.11972268,    -28.58700717,  -53.55610623,   24.40428487,   38.77982428,    -12.70396519], [ -316.83520382,  155.73722213,   40.77735901,  188.66201253,    302.15255725,  102.90028723,   -8.48129243,   63.31478719,     23.69620888,  -24.74377831,   23.67082532,   41.61694953,     13.92404637], [  266.59597993,  -24.66650532,  -26.84419888,   66.2340445 ,    102.90028723,  176.61932035,   63.24586453,   72.66125536,     34.15638742,   -1.53469077,   13.67074073,   28.04964234,      6.14433497], [  398.59119918,  -91.18419333,   -0.40278567,  -47.15208762,     -8.48129243,   63.24586453,  140.46860127,   61.3281553 ,     39.71893093,   31.85090571,    7.68249515,   11.38507012,      0.53599427], [  867.11807384, -225.38665812,   10.77791406,   26.11972268,     63.31478719,   72.66125536,   61.3281553 ,  181.61605759,    109.40630555,   43.20612672,   37.01042579,   59.34694917,     14.39311689], [  983.67460257, -268.45426936,   30.31112576,  -28.58700717,     23.69620888,   34.15638742,   39.71893093,  109.40630555,    165.70971638,   71.70926151,    9.6080314 ,   54.22562884,     16.12906806], [  651.07444058, -180.52320408,   21.19852744,  -53.55610623,    -24.74377831,   -1.53469077,   31.85090571,   43.20612672,     71.70926151,  111.49158177,   34.99587684,   22.96574032,      7.77994698], [  128.23202875,  -37.31414114,   27.0038328 ,   24.40428487,     23.67082532,   13.67074073,    7.68249515,   37.01042579,      9.6080314 ,   34.99587684,   98.94101795,   36.92422596,     -7.68564895], [  486.30626918, -139.61282997,   27.96326778,   38.77982428,     41.61694953,   28.04964234,   11.38507012,   59.34694917,     54.22562884,   22.96574032,   36.92422596,  108.54679936,     31.3876091 ], [  259.3670328 ,  -95.06530572,    8.95367214,  -12.70396519,     13.92404637,    6.14433497,    0.53599427,   14.39311689,     16.12906806,    7.77994698,   -7.68564895,   31.3876091 ,     76.97846832]]
/root/sim/music/out/X/STAR_BOX/03_BLUE_BLOOD.mp3; [-545.8044    , 121.64997   ,  -4.9767675 ,  29.666842  ,  10.203492  ,    2.2386875 ,   0.50988674,   3.466783  ,  -3.522333  ,  -6.148195  ,   -8.507188  ,  -2.3925512 ,  -3.3286152 ]; [[9690.87875126, 607.88351319, 144.66118647, -27.16812741,-125.88042419,   -85.1219679 , -31.29239651,-161.3118179 ,-127.12864443, 361.34180988,   170.79198465, -55.28980148,-256.89074505], [ 607.88351319, 512.15949901,-156.14503728, 128.06419558,  14.40589105,    -9.97709202,  -3.68113588,   3.02274708,   9.03286021, -81.85152994,   -45.32190081,  16.18367923,  11.07926263], [ 144.66118647,-156.14503728, 250.41122308, -20.02492317,  49.68015348,     5.24585358, -11.59716927,  12.71882958,  -8.23473696,  44.64982431,    71.17313973,  12.53776339, -25.55983062], [ -27.16812741, 128.06419558, -20.02492317, 153.62242412,  47.32971228,    26.21127982, -19.73039895,  25.88377782,  11.72524761, -41.38861355,    -5.69879574,  27.09245587,  19.40523766], [-125.88042419,  14.40589105,  49.68015348,  47.32971228, 111.81692694,    18.09355332,   2.08144064,  21.72346465,  14.39234816, -20.67874528,    19.04039374,  23.27865826,   4.65672429], [ -85.1219679 ,  -9.97709202,   5.24585358,  26.21127982,  18.09355332,    95.12354486,  47.03512317,  33.85249764,   6.4149985 ,   1.8385325 ,    -2.17953887,  -7.01130938,   6.82054223], [ -31.29239651,  -3.68113588, -11.59716927, -19.73039895,   2.08144064,    47.03512317, 111.02697186,  36.61065501,  15.5557158 ,  20.79128533,    -6.75121316, -13.8773558 ,  -0.69088929], [-161.3118179 ,   3.02274708,  12.71882958,  25.88377782,  21.72346465,    33.85249764,  36.61065501,  82.66293705,  32.67618552,  -8.51040056,     4.84100602,   1.63850486,   4.68754238], [-127.12864443,   9.03286021,  -8.23473696,  11.72524761,  14.39234816,     6.4149985 ,  15.5557158 ,  32.67618552,  63.86849796,  22.56179974,    -0.59832106,   0.19190478,   5.39140787], [ 361.34180988, -81.85152994,  44.64982431, -41.38861355, -20.67874528,     1.8385325 ,  20.79128533,  -8.51040056,  22.56179974, 132.15559335,    59.52393817,  -6.40401091, -23.40000072], [ 170.79198465, -45.32190081,  71.17313973,  -5.69879574,  19.04039374,    -2.17953887,  -6.75121316,   4.84100602,  -0.59832106,  59.52393817,   105.93558171,  35.94989982, -24.00002014], [ -55.28980148,  16.18367923,  12.53776339,  27.09245587,  23.27865826,    -7.01130938, -13.8773558 ,   1.63850486,   0.19190478,  -6.40401091,    35.94989982,  60.68523962,  15.22598223], [-256.89074505,  11.07926263, -25.55983062,  19.40523766,   4.65672429,     6.82054223,  -0.69088929,   4.68754238,   5.39140787, -23.40000072,   -24.00002014,  15.22598223,  62.26187401]]
/root/sim/music/out/Heart/Brigade/01_Wild_Child.mp3; [-567.4891    ,  92.89886   ,  -4.8090005 ,  23.618494  ,  11.302636  ,    2.9893453 ,   4.339122  ,   0.40819973,  -4.0425925 ,  -1.2869086 ,   -2.760309  ,  -0.32358718,  -1.0928987 ]; [[9529.89214478,-475.76342508,-240.96790756,-139.40412697,  -3.89696613,  -235.12190175, -40.42650818, -42.60764462, -93.45848182, -11.14685266,    -1.85810896, -34.56616612,  -7.62092955], [-475.76342508, 887.46566604,  70.72609748, 147.06617299,  74.67231835,    84.23174992,  74.14439353,  19.06818627,  35.67360503,  -1.50766709,    -9.7273833 ,  -2.97553237, -19.34789515], [-240.96790756,  70.72609748, 864.42718776, -29.70277397,  -9.37033465,    27.77516785, -19.68640678,  20.70671862,  37.1823825 , -70.10476985,    -5.02926587,   9.29415673,  10.93050384], [-139.40412697, 147.06617299, -29.70277397, 288.28744203,  86.01108433,    26.4095106 ,  -1.39821377,  -5.36399519,  26.87051158,  19.78889466,    -9.49026872,  -7.11392418,  -4.14862001], [  -3.89696613,  74.67231835,  -9.37033465,  86.01108433, 188.76307186,    36.03050719,  21.74738964,   8.80059427,  30.02550219,  31.97244861,    -1.01407334,   7.54932675,  11.29781393], [-235.12190175,  84.23174992,  27.77516785,  26.4095106 ,  36.03050719,   151.3674745 ,  59.573874  ,  10.65791825,  10.6740139 ,  22.72545971,     7.68504987,  -9.77316883,  -9.01473556], [ -40.42650818,  74.14439353, -19.68640678,  -1.39821377,  21.74738964,    59.573874  , 135.68326536,  39.05612892,   5.69767039,  19.46777731,     2.94902063,   0.83627481,   2.03343069], [ -42.60764462,  19.06818627,  20.70671862,  -5.36399519,   8.80059427,    10.65791825,  39.05612892,  91.24234159,  30.36515159,   9.20256428,     1.22838959,   8.50276497,   6.09859868], [ -93.45848182,  35.67360503,  37.1823825 ,  26.87051158,  30.02550219,    10.6740139 ,   5.69767039,  30.36515159,  81.21713239,  23.19909119,     4.02793737,   0.7553592 ,  -3.77345964], [ -11.14685266,  -1.50766709, -70.10476985,  19.78889466,  31.97244861,    22.72545971,  19.46777731,   9.20256428,  23.19909119,  87.29456826,    26.51909126,   0.23259179,  -3.35525275], [  -1.85810896,  -9.7273833 ,  -5.02926587,  -9.49026872,  -1.01407334,     7.68504987,   2.94902063,   1.22838959,   4.02793737,  26.51909126,    72.58296114,  28.81294863,   1.6407819 ], [ -34.56616612,  -2.97553237,   9.29415673,  -7.11392418,   7.54932675,    -9.77316883,   0.83627481,   8.50276497,   0.7553592 ,   0.23259179,    28.81294863,  71.80273502,  27.44454388], [  -7.62092955, -19.34789515,  10.93050384,  -4.14862001,  11.29781393,    -9.01473556,   2.03343069,   6.09859868,  -3.77345964,  -3.35525275,     1.6407819 ,  27.44454388,  60.5789094 ]]
/root/sim/music/out/Heart/Brigade/08_Under_The_Sky.mp3; [-597.30896   , 107.320366  ,   2.9259791 ,   6.853501  ,  10.412232  ,   -0.66145205,  -3.6600852 ,  -0.0062799 ,  -6.9195395 ,  -1.1329539 ,   -7.4605494 ,  -5.524963  ,  -4.8523765 ]; [[16875.33040333, -638.53947112,-1774.36947051, -887.95376305,   -586.23896362, -518.21026414, -305.22413405, -105.4091544 ,   -135.17102586,  -57.7452941 , -207.56966857, -189.61155324,   -159.15274336], [ -638.53947112,  985.17678076,   59.4317876 ,  127.45044509,     68.57825179,   49.64431162,   58.7423064 ,   37.6111996 ,     14.21912284,   29.08533481,   29.88671836,   25.61050137,     30.65669669], [-1774.36947051,   59.4317876 ,  676.93693221,  212.94319995,    109.61836074,  133.84650433,   41.81624062,  -37.74453903,     -7.02471093,   -2.0508417 ,   50.38277992,   69.86351078,     56.84430258], [ -887.95376305,  127.45044509,  212.94319995,  385.54447369,    148.6021024 ,  122.41522315,   82.94913939,   68.8575099 ,    108.51246265,   22.24312525,   19.52756071,   37.29380983,     42.8777711 ], [ -586.23896362,   68.57825179,  109.61836074,  148.6021024 ,    200.16391275,   56.0060823 ,   30.35528022,   57.99460197,     67.1252936 ,   25.11445076,   15.87813001,   13.4422696 ,     12.02633123], [ -518.21026414,   49.64431162,  133.84650433,  122.41522315,     56.0060823 ,  252.0648535 ,  146.87185471,   27.93787233,     40.40615575,   43.1303125 ,   48.66419909,   14.51098888,     -1.43870086], [ -305.22413405,   58.7423064 ,   41.81624062,   82.94913939,     30.35528022,  146.87185471,  203.48711477,   73.69213525,     55.48777434,   46.40533398,   29.36052877,   19.4163584 ,      1.3901379 ], [ -105.4091544 ,   37.6111996 ,  -37.74453903,   68.8575099 ,     57.99460197,   27.93787233,   73.69213525,  153.28603868,     97.9711692 ,   33.24663186,    2.04520449,   -5.22438526,      6.91515913], [ -135.17102586,   14.21912284,   -7.02471093,  108.51246265,     67.1252936 ,   40.40615575,   55.48777434,   97.9711692 ,    163.16967711,   52.29675864,   14.11525987,   -8.37526806,      3.33113777], [  -57.7452941 ,   29.08533481,   -2.0508417 ,   22.24312525,     25.11445076,   43.1303125 ,   46.40533398,   33.24663186,     52.29675864,   94.12791039,   28.46286824,    5.62736189,     -5.10723391], [ -207.56966857,   29.88671836,   50.38277992,   19.52756071,     15.87813001,   48.66419909,   29.36052877,    2.04520449,     14.11525987,   28.46286824,   85.22205321,   29.17961459,      9.44492657], [ -189.61155324,   25.61050137,   69.86351078,   37.29380983,     13.4422696 ,   14.51098888,   19.4163584 ,   -5.22438526,     -8.37526806,    5.62736189,   29.17961459,   85.86183262,     31.91917322], [ -159.15274336,   30.65669669,   56.84430258,   42.8777711 ,     12.02633123,   -1.43870086,    1.3901379 ,    6.91515913,      3.33113777,   -5.10723391,    9.44492657,   31.91917322,     83.60077326]]
/root/sim/music/out/Heart/Brigade/12_I_Want_Your_World_To_Turn.mp3; [-603.63434  , 101.12556  ,   1.621544 ,  12.781716 ,   5.71813  ,    6.8528724,   5.2448254,  -1.1530019,  -3.606406 ,   1.0218477,   -2.5510585,  -3.0328467,  -2.943035 ]; [[13781.68787498,  357.2782408 , -470.63827973,  -29.81056369,   -166.27530907,    4.700348  ,   51.41406762,   64.34523458,    -12.3926909 ,    6.43521625,  -50.60631878,  -72.36409408,    -51.92969473], [  357.2782408 ,  751.20019311, -107.96810563,  -28.68851753,     17.38895545,   -5.74454038,   57.35268916,  -24.34833428,    -18.82458872,    3.45153701,    6.30917456,    3.21818702,     -7.77115274], [ -470.63827973, -107.96810563,  462.71479661,   63.50317247,     34.63563662,    8.53654334,  -30.37002474,   24.02468598,     19.59616107,    0.93868859,   -6.07264357,   32.68044085,      7.92026683], [  -29.81056369,  -28.68851753,   63.50317247,  258.09195953,     65.28415095,    9.18591083,  -33.78608894,   16.95513355,     28.10871252,   -7.92485237,   -3.1029801 ,   -3.52865162,     13.12819501], [ -166.27530907,   17.38895545,   34.63563662,   65.28415095,    151.92913265,   23.44021796,   17.28698699,   20.41963546,     35.15498173,   30.61523515,   14.68854443,   21.65394569,     23.01575341], [    4.700348  ,   -5.74454038,    8.53654334,    9.18591083,     23.44021796,  139.22689378,   65.21370566,   25.07006277,     10.9455463 ,   14.88066036,   11.91758939,    1.68597233,      3.55076051], [   51.41406762,   57.35268916,  -30.37002474,  -33.78608894,     17.28698699,   65.21370566,  141.17150471,   53.15965064,     16.65321471,    9.23179916,    5.70113731,    1.53641273,      0.2169086 ], [   64.34523458,  -24.34833428,   24.02468598,   16.95513355,     20.41963546,   25.07006277,   53.15965064,   99.24869033,     43.80145869,   13.04682628,   -4.4879913 ,   11.0351649 ,      7.312737  ], [  -12.3926909 ,  -18.82458872,   19.59616107,   28.10871252,     35.15498173,   10.9455463 ,   16.65321471,   43.80145869,     87.06097625,   33.70952138,    9.06887988,    1.62482242,     10.12749572], [    6.43521625,    3.45153701,    0.93868859,   -7.92485237,     30.61523515,   14.88066036,    9.23179916,   13.04682628,     33.70952138,   75.85674924,   25.03016162,   13.18238067,      6.88443505], [  -50.60631878,    6.30917456,   -6.07264357,   -3.1029801 ,     14.68854443,   11.91758939,    5.70113731,   -4.4879913 ,      9.06887988,   25.03016162,   65.52622224,   30.01365396,     16.26370661], [  -72.36409408,    3.21818702,   32.68044085,   -3.52865162,     21.65394569,    1.68597233,    1.53641273,   11.0351649 ,      1.62482242,   13.18238067,   30.01365396,   77.27023611,     35.65974267], [  -51.92969473,   -7.77115274,    7.92026683,   13.12819501,     23.01575341,    3.55076051,    0.2169086 ,    7.312737  ,     10.12749572,    6.88443505,   16.26370661,   35.65974267,     61.74695917]]
/root/sim/music/out/Heart/Brigade/13_I_Love_You.mp3; [-599.41925  , 110.61392  , -12.648954 ,   6.912924 ,  13.44241  ,   -7.1942487, -13.229064 ,  -6.0909085, -15.087452 ,  -4.046433 ,   -6.8608413,  -3.2794857,  -3.7136574]; [[9364.68872702,-690.06284972, -77.77115812,-455.94518139,  -1.31009358,   -45.56964599,  50.27476823, 110.31152564,  95.37415167, 170.70304673,   -88.8746903 , -18.57944686,-114.96644069], [-690.06284972,1262.39914552,-348.34570833, 315.58937968,  73.37839451,    80.47384833,  63.5513386 ,  56.64241435,  13.05803482,  22.72106175,    91.87341564,  33.55615093, 109.94473715], [ -77.77115812,-348.34570833,1024.75667569, -28.10752243, 148.18219344,   113.78051154, 122.03232014,  34.28492246,  32.32717829,  63.30409532,    62.04314194, 133.54818168,  76.98480102], [-455.94518139, 315.58937968, -28.10752243, 567.39670286, 164.66321988,   150.99383581,  19.46785838,  62.73488329, 102.01370067,  34.80572419,    77.03447764,  52.69392206, 104.84115163], [  -1.31009358,  73.37839451, 148.18219344, 164.66321988, 310.46679858,    31.44341869,  22.89300383,  70.56339613,  48.72949565,  53.36451235,    18.7982189 ,  32.63455105,  48.63457037], [ -45.56964599,  80.47384833, 113.78051154, 150.99383581,  31.44341869,   280.19038414, 150.9458378 ,  69.70555   ,  81.99045847,  49.10246407,    49.55571698,  29.11867575,  21.33559165], [  50.27476823,  63.5513386 , 122.03232014,  19.46785838,  22.89300383,   150.9458378 , 286.84668632,  91.15086605,  67.4175929 ,  65.16587323,    21.92527949,  37.44812093,  13.6093057 ], [ 110.31152564,  56.64241435,  34.28492246,  62.73488329,  70.56339613,    69.70555   ,  91.15086605, 154.29805831,  77.74488101,  50.69601552,    33.92253123,  16.03701689,  23.18397086], [  95.37415167,  13.05803482,  32.32717829, 102.01370067,  48.72949565,    81.99045847,  67.4175929 ,  77.74488101, 172.37714127,  63.44885671,    30.4103606 ,   9.12651979,  -6.75735703], [ 170.70304673,  22.72106175,  63.30409532,  34.80572419,  53.36451235,    49.10246407,  65.16587323,  50.69601552,  63.44885671, 133.06030619,    31.33182518,  23.57061251,  15.77247423], [ -88.8746903 ,  91.87341564,  62.04314194,  77.03447764,  18.7982189 ,    49.55571698,  21.92527949,  33.92253123,  30.4103606 ,  31.33182518,   137.65888791,  56.38264208,  42.42218803], [ -18.57944686,  33.55615093, 133.54818168,  52.69392206,  32.63455105,    29.11867575,  37.44812093,  16.03701689,   9.12651979,  23.57061251,    56.38264208, 129.11734525,  68.95921873], [-114.96644069, 109.94473715,  76.98480102, 104.84115163,  48.63457037,    21.33559165,  13.6093057 ,  23.18397086,  -6.75735703,  15.77247423,    42.42218803,  68.95921873, 147.70301974]]
/root/sim/music/out/Heart/Brigade/02_All_I_Wanna_Do_Is_Make_Love_To_Yo.mp3; [-587.1092   , 106.74673  ,   4.2728252,  13.635227 ,   7.579792 ,    1.4676194,  -5.4544177,   3.0301425,  -7.4190803,  -1.1589621,   -5.397526 ,  -2.4152753,  -3.6262264]; [[14436.61530298,  176.32498514, -364.625433  ,  120.21465318,     15.56102286,  -43.21130997, -164.17702142,   51.910112  ,   -111.76456799,  -18.49436341,  -62.32779528,  -70.31433009,    -54.27410249], [  176.32498514,  975.60211843,   37.83477502,   45.68911822,     49.08071757,   12.45151697,   63.00916109,   27.23487548,     -9.7579289 ,   25.83099811,   -5.0663079 ,   -6.34305383,    -32.16653181], [ -364.625433  ,   37.83477502,  673.9974146 ,   28.25977542,     23.38912869,   25.6065195 ,   -7.71527651,  -16.01370073,      3.5573759 ,  -26.76811577,   -5.61155415,   16.14777992,     -9.38524066], [  120.21465318,   45.68911822,   28.25977542,  220.60002911,     32.85958659,  -13.33259237,  -27.50435803,    5.43068347,     34.82170416,  -17.54509256,    0.11191109,    1.24226756,     11.77735445], [   15.56102286,   49.08071757,   23.38912869,   32.85958659,    184.85692144,  -12.18449902,  -25.07026907,   32.27496207,     26.00861316,   14.63846712,    5.2347432 ,    8.68692221,      4.37507275], [  -43.21130997,   12.45151697,   25.6065195 ,  -13.33259237,    -12.18449902,  133.72434723,   50.08884999,   -6.73350946,     -2.88088944,   12.71273734,    8.61072732,   -9.88343972,    -15.32037046], [ -164.17702142,   63.00916109,   -7.71527651,  -27.50435803,    -25.07026907,   50.08884999,  144.38957484,   17.69904967,     -7.44709043,   22.91269187,   -1.56267059,    0.37106029,    -12.08177298], [   51.910112  ,   27.23487548,  -16.01370073,    5.43068347,     32.27496207,   -6.73350946,   17.69904967,   90.82879333,     17.05183225,    3.28330295,    4.9516314 ,    2.53951949,      8.21243573], [ -111.76456799,   -9.7579289 ,    3.5573759 ,   34.82170416,     26.00861316,   -2.88088944,   -7.44709043,   17.05183225,     83.51804131,   13.98309799,   -0.53071869,   -4.34375787,     -1.63281567], [  -18.49436341,   25.83099811,  -26.76811577,  -17.54509256,     14.63846712,   12.71273734,   22.91269187,    3.28330295,     13.98309799,   79.78213357,   19.84125676,   -9.0277027 ,    -13.26768668], [  -62.32779528,   -5.0663079 ,   -5.61155415,    0.11191109,      5.2347432 ,    8.61072732,   -1.56267059,    4.9516314 ,     -0.53071869,   19.84125676,   77.13366524,   19.41641945,      0.27522316], [  -70.31433009,   -6.34305383,   16.14777992,    1.24226756,      8.68692221,   -9.88343972,    0.37106029,    2.53951949,     -4.34375787,   -9.0277027 ,   19.41641945,   73.60332652,     32.28605742], [  -54.27410249,  -32.16653181,   -9.38524066,   11.77735445,      4.37507275,  -15.32037046,  -12.08177298,    8.21243573,     -1.63281567,  -13.26768668,    0.27522316,   32.28605742,     83.96792172]]
/root/sim/music/out/Heart/Brigade/03_Secret.mp3; [-591.55884   , 101.23436   ,  -8.409779  ,  16.588673  ,   3.7436268 ,   -5.3405123 ,  -4.484706  ,   1.044367  ,  -9.845878  ,  -0.06762179,   -7.510463  ,  -3.8917427 ,  -5.519676  ]; [[15870.98482868,-1493.13972903, -669.04857555,  171.19591966,    423.51900117,    5.30880045,  322.34380553,  162.86131972,      2.20532984,  233.99595755,  -84.63713477,   97.83804202,     27.44523258], [-1493.13972903, 1314.26466687, -237.40434556,    5.29537127,   -158.65666422,  -35.46840552,  -54.66412032,  -34.29875664,    -42.3130847 ,  -40.03446726,   -8.7945859 ,  -45.08117314,    -41.48782359], [ -669.04857555, -237.40434556,  711.87163847,  -26.92510251,     67.61898442,   48.45606355,  -58.72414131,    7.84115144,     19.96673651,  -38.61050261,   28.05010478,    3.05711762,     12.52323429], [  171.19591966,    5.29537127,  -26.92510251,  328.72464831,     93.22417691,    9.89757709,    9.11294856,    3.59089241,     52.98949905,   16.7840341 ,   -1.86764829,   37.21142377,     34.35010238], [  423.51900117, -158.65666422,   67.61898442,   93.22417691,    250.07296295,   24.42648888,   47.36103938,   46.09483721,     53.6777638 ,   43.8060082 ,   20.01499488,   34.2793809 ,     32.57740447], [    5.30880045,  -35.46840552,   48.45606355,    9.89757709,     24.42648888,  176.31416925,  102.60464776,   21.57836766,      8.20014152,   24.80564668,   22.43970147,    1.32949412,     -8.87473962], [  322.34380553,  -54.66412032,  -58.72414131,    9.11294856,     47.36103938,  102.60464776,  221.3425807 ,   43.05163459,     27.14451215,   42.62129176,   13.48840424,   23.04489158,      2.22111592], [  162.86131972,  -34.29875664,    7.84115144,    3.59089241,     46.09483721,   21.57836766,   43.05163459,  105.54800394,     36.62107625,   26.08953252,    4.83725171,    3.51708641,      8.62334386], [    2.20532984,  -42.3130847 ,   19.96673651,   52.98949905,     53.6777638 ,    8.20014152,   27.14451215,   36.62107625,    116.38363754,   42.9730492 ,   13.69673806,    9.41826469,      1.42139219], [  233.99595755,  -40.03446726,  -38.61050261,   16.7840341 ,     43.8060082 ,   24.80564668,   42.62129176,   26.08953252,     42.9730492 ,  105.86465059,   20.38646018,   14.45331365,     -1.75944521], [  -84.63713477,   -8.7945859 ,   28.05010478,   -1.86764829,     20.01499488,   22.43970147,   13.48840424,    4.83725171,     13.69673806,   20.38646018,   78.69851682,   24.71793262,      9.53754835], [   97.83804202,  -45.08117314,    3.05711762,   37.21142377,     34.2793809 ,    1.32949412,   23.04489158,    3.51708641,      9.41826469,   14.45331365,   24.71793262,   83.22516499,     35.16238797], [   27.44523258,  -41.48782359,   12.52323429,   34.35010238,     32.57740447,   -8.87473962,    2.22111592,    8.62334386,      1.42139219,   -1.75944521,    9.53754835,   35.16238797,     77.95493083]]
/root/sim/music/out/Heart/Brigade/07_Fallen_From_Grace.mp3; [-572.33875   ,  97.908844  ,  -8.499553  ,  21.752752  ,   8.340499  ,   -0.61428773,   0.77278525,   2.6916223 ,  -7.8639965 ,   1.9415752 ,   -4.076237  ,  -1.4767543 ,  -3.5402045 ]; [[14359.01703127,  634.23063862, -661.35011438,  -30.25107378,   -138.32218605, -204.3288078 ,  -66.91116187,   29.20698382,   -146.0152706 ,    5.51546687, -109.52866367,  -92.62070684,   -118.1469463 ], [  634.23063862,  770.57231007, -118.0459255 ,  162.84347356,     31.45243856,   13.43209563,   74.97387702,   30.24729862,    -20.56849877,   22.48133488,   -4.88800642,  -10.64098626,      6.21638363], [ -661.35011438, -118.0459255 ,  536.42647231,   72.47287147,     52.31051224,   61.96684061,  -23.41848415,   -6.5274932 ,     26.69446637,  -15.69681774,   54.67875152,   32.09686719,     32.26937199], [  -30.25107378,  162.84347356,   72.47287147,  303.86377095,    125.06616983,   10.53082911,   26.14528197,   57.01741647,     66.82703115,   30.14031167,   26.0108761 ,   20.15608369,     58.83490297], [ -138.32218605,   31.45243856,   52.31051224,  125.06616983,    218.67370661,   11.50116762,    4.30172747,   51.67657658,     58.75431993,   37.30326314,   14.03135921,   16.56610133,     27.51307724], [ -204.3288078 ,   13.43209563,   61.96684061,   10.53082911,     11.50116762,  136.33965685,   70.9661098 ,   14.08623395,     -0.27417224,   20.16783141,   29.86100868,   10.43581803,      8.07028329], [  -66.91116187,   74.97387702,  -23.41848415,   26.14528197,      4.30172747,   70.9661098 ,  161.12313219,   49.3783608 ,      3.32238509,   30.53298466,   19.98508079,   18.42195782,     15.73076547], [   29.20698382,   30.24729862,   -6.5274932 ,   57.01741647,     51.67657658,   14.08623395,   49.3783608 ,  114.55458469,     54.0772154 ,   26.59038722,   12.09963691,    9.73474618,     23.8979425 ], [ -146.0152706 ,  -20.56849877,   26.69446637,   66.82703115,     58.75431993,   -0.27417224,    3.32238509,   54.0772154 ,    105.58406597,   38.75824543,   19.14195487,    6.42390621,     21.96705157], [    5.51546687,   22.48133488,  -15.69681774,   30.14031167,     37.30326314,   20.16783141,   30.53298466,   26.59038722,     38.75824543,   87.12142651,   30.04139892,   12.59231845,      7.07563268], [ -109.52866367,   -4.88800642,   54.67875152,   26.0108761 ,     14.03135921,   29.86100868,   19.98508079,   12.09963691,     19.14195487,   30.04139892,   88.08205077,   36.89534072,     15.63876471], [  -92.62070684,  -10.64098626,   32.09686719,   20.15608369,     16.56610133,   10.43581803,   18.42195782,    9.73474618,      6.42390621,   12.59231845,   36.89534072,   74.05160605,     28.63101225], [ -118.1469463 ,    6.21638363,   32.26937199,   58.83490297,     27.51307724,    8.07028329,   15.73076547,   23.8979425 ,     21.96705157,    7.07563268,   15.63876471,   28.63101225,     77.72638483]]
/root/sim/music/out/Heart/Brigade/11_Call_Of_The_Wild.mp3; [-582.2695    ,  95.59753   , -18.491259  ,  22.626364  ,   4.078023  ,    3.3529775 ,   4.441548  ,   8.375146  ,  -4.98187   ,   1.6575677 ,    0.24159214,  -2.466507  ,   0.95179373]; [[18362.09493706,  510.39326887,  271.3918234 ,  279.87867962,    -67.14052401,  100.40935879, -215.4940623 ,   68.95812451,    -86.05191709, -171.04112687, -143.55344607,  -26.09141247,     65.5607778 ], [  510.39326887, 1040.78914651, -315.18845832,  168.56867547,     55.93038168,    3.34901398,  111.53652862,   64.78825862,    -37.53471735,   34.25392486,    1.07792108,   -5.80223156,     16.22172641], [  271.3918234 , -315.18845832,  456.86671304,  -48.78969526,      6.88679764,   12.58273421,  -65.28588475,  -21.77136805,     31.37584311,  -17.90458468,   24.41087654,   26.04305978,     23.02175127], [  279.87867962,  168.56867547,  -48.78969526,  231.98322299,     39.0459668 ,  -14.53890826,   14.36149664,   18.4552567 ,     15.25436813,    6.64915688,  -19.88759206,    3.27280701,     14.66909906], [  -67.14052401,   55.93038168,    6.88679764,   39.0459668 ,    131.14980756,   19.86737031,   18.2596384 ,   29.27275659,     21.01584897,   24.26107191,   15.91323406,    3.51011028,     13.33810398], [  100.40935879,    3.34901398,   12.58273421,  -14.53890826,     19.86737031,  117.49711456,   47.46563889,   10.82140824,      1.09662354,   15.40875632,   13.74304128,    3.49814233,      0.61359682], [ -215.4940623 ,  111.53652862,  -65.28588475,   14.36149664,     18.2596384 ,   47.46563889,  139.40061307,   44.58785773,     -6.40381351,   18.9169922 ,    5.3920014 ,    6.40074554,     -5.24267014], [   68.95812451,   64.78825862,  -21.77136805,   18.4552567 ,     29.27275659,   10.82140824,   44.58785773,   97.32092937,     22.1164359 ,    4.33519813,   -0.96906303,   -4.97844451,     12.33898154], [  -86.05191709,  -37.53471735,   31.37584311,   15.25436813,     21.01584897,    1.09662354,   -6.40381351,   22.1164359 ,     76.57745232,   18.73627445,   -0.73254703,   -2.43318079,     -0.71667042], [ -171.04112687,   34.25392486,  -17.90458468,    6.64915688,     24.26107191,   15.40875632,   18.9169922 ,    4.33519813,     18.73627445,   78.75184672,   33.81978881,   -2.4688943 ,     -9.11535824], [ -143.55344607,    1.07792108,   24.41087654,  -19.88759206,     15.91323406,   13.74304128,    5.3920014 ,   -0.96906303,     -0.73254703,   33.81978881,   77.22411372,   22.18385349,      2.20575612], [  -26.09141247,   -5.80223156,   26.04305978,    3.27280701,      3.51011028,    3.49814233,    6.40074554,   -4.97844451,     -2.43318079,   -2.4688943 ,   22.18385349,   58.37848799,     20.53642811], [   65.5607778 ,   16.22172641,   23.02175127,   14.66909906,     13.33810398,    0.61359682,   -5.24267014,   12.33898154,     -0.71667042,   -9.11535824,    2.20575612,   20.53642811,     63.99624516]]
/root/sim/music/out/Heart/Brigade/04_Tall_Dark_Handsome_Stranger.mp3; [-544.7478    ,  79.47119   ,  -7.7360992 ,  30.840076  ,  12.540046  ,   -0.27632585,   3.5569801 ,   2.69424   ,  -3.435365  ,   2.2529495 ,   -4.3799114 ,  -3.128153  ,  -3.9214396 ]; [[7322.44486827, 257.70459002,  43.19912614, 130.27779888, -19.88625428,   -44.71838482, -87.68286254, -52.80324338, -86.71323702, -53.15914145,   -34.05111103, -26.67137773, -63.88850856], [ 257.70459002, 538.94983576,-170.71675343, 110.65976806,  37.81155855,    12.03114366,  79.49607616,  16.69778728,  15.88772997,  33.74700405,   -19.11805798,  -9.31161735, -13.53715107], [  43.19912614,-170.71675343, 472.35262265, -29.96805462, -28.84991757,    -1.34009229, -73.58390343, -22.65015199, -23.41990773, -29.28870365,    27.0053639 ,  -6.25224101,   7.71059735], [ 130.27779888, 110.65976806, -29.96805462, 178.26629222,  54.3556279 ,   -23.54788963,  -4.51434676,  17.3517928 ,  23.45775058,  11.70485734,   -11.60581774,   4.93719972,  11.70203741], [ -19.88625428,  37.81155855, -28.84991757,  54.3556279 , 149.50586488,    12.60314025,   9.95923897,  26.73147   ,  28.36063625,  22.35533267,    -3.8956438 ,  10.28055781,  14.45759223], [ -44.71838482,  12.03114366,  -1.34009229, -23.54788963,  12.60314025,   108.90268203,  45.07485634,   5.37445012,  -7.15874145,  13.81699824,    13.57766684,   1.66210383,  -2.15145918], [ -87.68286254,  79.49607616, -73.58390343,  -4.51434676,   9.95923897,    45.07485634, 143.81233311,  40.72465419,   1.47309434,  19.28023706,     7.24800889,   7.90373283,   4.6854687 ], [ -52.80324338,  16.69778728, -22.65015199,  17.3517928 ,  26.73147   ,     5.37445012,  40.72465419,  85.18729421,  24.67679059,  13.7924406 ,    -0.91256273,   6.78176763,  12.60118337], [ -86.71323702,  15.88772997, -23.41990773,  23.45775058,  28.36063625,    -7.15874145,   1.47309434,  24.67679059,  86.54361845,  29.35551235,     1.35906384,   0.36061067,  -0.3363768 ], [ -53.15914145,  33.74700405, -29.28870365,  11.70485734,  22.35533267,    13.81699824,  19.28023706,  13.7924406 ,  29.35551235,  77.03874668,    20.53407891,   8.15333891,  -2.80823914], [ -34.05111103, -19.11805798,  27.0053639 , -11.60581774,  -3.8956438 ,    13.57766684,   7.24800889,  -0.91256273,   1.35906384,  20.53407891,    66.30094874,  20.42403359,   5.95013188], [ -26.67137773,  -9.31161735,  -6.25224101,   4.93719972,  10.28055781,     1.66210383,   7.90373283,   6.78176763,   0.36061067,   8.15333891,    20.42403359,  65.89018476,  15.81450752], [ -63.88850856, -13.53715107,   7.71059735,  11.70203741,  14.45759223,    -2.15145918,   4.6854687 ,  12.60118337,  -0.3363768 ,  -2.80823914,     5.95013188,  15.81450752,  58.28236184]]
/root/sim/music/out/Heart/Brigade/06_The_Night.mp3; [-582.88477  ,  85.58011  ,  -7.834694 ,  15.642705 ,   6.0057898,    5.2645216,   4.6533184,   1.9370524,  -7.333992 ,   0.5216174,   -3.0900598,  -1.9620367,  -2.8742182]; [[12082.69167834, -140.97924696, -859.39268269,  313.1072332 ,    -17.60987977,   78.05780477,  370.2211363 ,  467.08816965,    142.55126208,  159.41212326,  144.45351421,  163.54096426,    270.44487613], [ -140.97924696,  924.38748192, -246.85390935,   75.6980137 ,    -27.78076916,   17.70308792,   94.69184493,   31.99235699,     -4.07281525,   63.64173382,   11.8266122 ,    3.88448037,    -17.32563197], [ -859.39268269, -246.85390935,  833.52835068, -172.595171  ,     -0.29920302,    0.2806909 , -218.36304726, -178.2180545 ,    -66.10022528, -118.67485202,  -37.03264169,  -66.26059202,    -53.19994415], [  313.1072332 ,   75.6980137 , -172.595171  ,  396.82108419,    143.66356302,   -5.77561194,  100.33610242,  156.18677324,    117.70802424,  108.37309655,   69.25259855,   80.22483147,     82.41626836], [  -17.60987977,  -27.78076916,   -0.29920302,  143.66356302,    205.93663016,   16.02255896,   12.53105942,   53.2364258 ,     60.8438248 ,   42.07155228,   28.38926377,   31.64520989,     38.20091553], [   78.05780477,   17.70308792,    0.2806909 ,   -5.77561194,     16.02255896,  159.61531343,   85.43454698,   19.62709086,     12.09193785,   24.20752304,   13.04501015,    3.38645579,     -3.27786221], [  370.2211363 ,   94.69184493, -218.36304726,  100.33610242,     12.53105942,   85.43454698,  255.22989227,  141.50162272,     61.99133837,   81.64384443,   49.79931234,   52.90429424,     38.80595152], [  467.08816965,   31.99235699, -178.2180545 ,  156.18677324,     53.2364258 ,   19.62709086,  141.50162272,  211.08573813,    101.58367844,   82.96944064,   54.34824829,   58.98585561,     66.9252984 ], [  142.55126208,   -4.07281525,  -66.10022528,  117.70802424,     60.8438248 ,   12.09193785,   61.99133837,  101.58367844,    144.00931848,   79.3981963 ,   45.1634939 ,   40.43093494,     38.42545035], [  159.41212326,   63.64173382, -118.67485202,  108.37309655,     42.07155228,   24.20752304,   81.64384443,   82.96944064,     79.3981963 ,  133.54808356,   68.12280479,   41.56218284,     37.51875577], [  144.45351421,   11.8266122 ,  -37.03264169,   69.25259855,     28.38926377,   13.04501015,   49.79931234,   54.34824829,     45.1634939 ,   68.12280479,  100.50379708,   50.13953869,     33.11383067], [  163.54096426,    3.88448037,  -66.26059202,   80.22483147,     31.64520989,    3.38645579,   52.90429424,   58.98585561,     40.43093494,   41.56218284,   50.13953869,   90.90560862,     47.57679642], [  270.44487613,  -17.32563197,  -53.19994415,   82.41626836,     38.20091553,   -3.27786221,   38.80595152,   66.9252984 ,     38.42545035,   37.51875577,   33.11383067,   47.57679642,     98.02588488]]
/root/sim/music/out/Heart/Brigade/09_Cruel_Nights.mp3; [-586.20123   ,  91.616615  ,  -3.9111807 ,  23.231556  ,   0.6469452 ,    0.5430993 ,  -2.4447553 ,  -1.011916  ,  -4.8918414 ,   0.45783204,   -3.618695  ,  -0.22009324,  -3.0393882 ]; [[21301.09234462, 1133.71536   , -313.83973182,  453.74276796,     59.95274529,  -65.33694072,  -96.82694762,  -55.51443892,   -115.8966274 ,   20.44526771,  -35.48452635,   59.73373147,    -23.63316498], [ 1133.71536   ,  747.54529916,  -56.55406242,   41.68212779,     16.15741871,   29.01366773,   45.24418285,   -3.11001905,      1.89692695,   -6.2335532 ,  -15.51592237,   14.98705568,    -12.1080592 ], [ -313.83973182,  -56.55406242,  650.24721278,  -43.57774367,     23.20966267,   21.6686473 ,  -19.54209883,   50.48787379,     -0.94458369,   -9.51005154,   19.58534028,   -0.10956926,      4.81887189], [  453.74276796,   41.68212779,  -43.57774367,  193.72739229,     12.21123392,  -13.50651082,   -9.58648937,    8.05231112,     22.94278949,  -12.41390833,   -3.26207137,   14.8543433 ,     15.14964273], [   59.95274529,   16.15741871,   23.20966267,   12.21123392,    163.01610229,   -8.2566971 ,  -16.05095058,   26.61441145,     27.25030941,    5.11976113,  -13.5540223 ,    1.96287304,     -0.99585232], [  -65.33694072,   29.01366773,   21.6686473 ,  -13.50651082,     -8.2566971 ,  128.29163192,   54.97874276,   -4.62403451,     -4.28767673,   20.08068552,   12.64907229,   -9.49290574,     -5.71144757], [  -96.82694762,   45.24418285,  -19.54209883,   -9.58648937,    -16.05095058,   54.97874276,  115.41470578,   18.58698638,     -0.79771274,   10.56926676,    8.28552563,    4.16204448,     -2.33796942], [  -55.51443892,   -3.11001905,   50.48787379,    8.05231112,     26.61441145,   -4.62403451,   18.58698638,   94.20275868,     30.73269728,    1.78463127,   -6.93161427,   -1.25134457,      6.85060753], [ -115.8966274 ,    1.89692695,   -0.94458369,   22.94278949,     27.25030941,   -4.28767673,   -0.79771274,   30.73269728,     88.45853911,   17.57441063,   -2.10344326,   -6.06775879,     -1.9809915 ], [   20.44526771,   -6.2335532 ,   -9.51005154,  -12.41390833,      5.11976113,   20.08068552,   10.56926676,    1.78463127,     17.57441063,   71.52194921,   23.2983497 ,   -2.11292268,     -7.53775377], [  -35.48452635,  -15.51592237,   19.58534028,   -3.26207137,    -13.5540223 ,   12.64907229,    8.28552563,   -6.93161427,     -2.10344326,   23.2983497 ,   68.07605417,   22.08367802,      1.64750885], [   59.73373147,   14.98705568,   -0.10956926,   14.8543433 ,      1.96287304,   -9.49290574,    4.16204448,   -1.25134457,     -6.06775879,   -2.11292268,   22.08367802,   70.56573473,     25.20335969], [  -23.63316498,  -12.1080592 ,    4.81887189,   15.14964273,     -0.99585232,   -5.71144757,   -2.33796942,    6.85060753,     -1.9809915 ,   -7.53775377,    1.64750885,   25.20335969,     60.66823655]]
/root/sim/music/out/Heart/Brigade/05_I_Didn't_Want_To_Need_You.mp3; [-575.93365  ,  98.816444 , -20.405336 ,  20.94772  ,   8.462286 ,   -1.86512  ,   2.2102637,   4.5934906,  -4.4325876,   2.7556226,   -3.1001427,  -1.1709763,  -3.022707 ]; [[15600.0775848 , 1097.72431325, -412.98666742,  326.54977272,    161.91121905,   33.0533544 ,   50.61040117,   56.58824023,    -32.643722  ,   96.68853943,   20.49041095,   11.2923317 ,    -23.49467287], [ 1097.72431325,  724.20565822,  -87.47549176,   88.96533635,    -22.80577106,   80.62625824,   98.16886894,   12.30497602,    -17.57113637,   32.65736618,    7.05660964,  -24.35076129,    -22.80344238], [ -412.98666742,  -87.47549176,  445.7606309 ,   60.15199899,     11.08792353,   40.42613135,  -19.43387047,   18.63144586,     24.52033211,  -13.30348184,   21.47736733,    1.01797637,     34.73677919], [  326.54977272,   88.96533635,   60.15199899,  247.27653779,     92.43526755,    6.81317175,   -7.43760424,   38.93046592,     44.03004548,   13.24583295,   11.5735387 ,   13.55786012,     35.24043035], [  161.91121905,  -22.80577106,   11.08792353,   92.43526755,    224.87211751,  -11.41532716,  -20.72397528,   46.79906025,     45.22391085,   16.33725794,   -5.55666633,   21.1586448 ,     20.06416868], [   33.0533544 ,   80.62625824,   40.42613135,    6.81317175,    -11.41532716,  191.0727933 ,  112.06158523,   16.16180962,     18.8240872 ,   41.21045946,   32.10078464,   -4.16183882,    -10.71441688], [   50.61040117,   98.16886894,  -19.43387047,   -7.43760424,    -20.72397528,  112.06158523,  171.22776523,   41.77913039,     13.01751347,   40.8481123 ,   26.56011585,    8.31082712,     -7.52743183], [   56.58824023,   12.30497602,   18.63144586,   38.93046592,     46.79906025,   16.16180962,   41.77913039,  100.66493831,     44.79787231,   16.31691633,   11.15884662,   12.57882995,     20.89044906], [  -32.643722  ,  -17.57113637,   24.52033211,   44.03004548,     45.22391085,   18.8240872 ,   13.01751347,   44.79787231,     98.55593186,   35.07688388,   15.40779023,    3.37273509,     11.92561277], [   96.68853943,   32.65736618,  -13.30348184,   13.24583295,     16.33725794,   41.21045946,   40.8481123 ,   16.31691633,     35.07688388,   89.53624957,   33.52534384,    5.71104051,     -2.97870571], [   20.49041095,    7.05660964,   21.47736733,   11.5735387 ,     -5.55666633,   32.10078464,   26.56011585,   11.15884662,     15.40779023,   33.52534384,   86.21232108,   25.31164946,     10.58906265], [   11.2923317 ,  -24.35076129,    1.01797637,   13.55786012,     21.1586448 ,   -4.16183882,    8.31082712,   12.57882995,      3.37273509,    5.71104051,   25.31164946,   72.65261786,     22.78097238], [  -23.49467287,  -22.80344238,   34.73677919,   35.24043035,     20.06416868,  -10.71441688,   -7.52743183,   20.89044906,     11.92561277,   -2.97870571,   10.58906265,   22.78097238,     72.74228025]]
