/root/sim/music/out/The_Beatles/1967-1970_[Disc_2]/05_Don't_Let_Me_Down_(2).mp3; [-655.21454   , 140.28328   ,  40.594055  ,  18.104391  ,   9.533441  ,   -0.3967681 ,   0.96245205,   5.0740147 ,   1.2001361 ,   1.6105781 ,   -6.7401924 ,  -7.438835  ,  -6.7295036 ]; [[14731.42548867,-1807.82179823,-1511.96753128, -365.57905306,     -9.49031472,  -35.60776048,   13.54157959,    7.92652796,    -81.09333783,  178.54183712,   -4.56416434,   33.423123  ,    -15.8307615 ], [-1807.82179823, 2608.59492241,  386.93830995, -200.85517404,     21.05431285,   22.93064792,  -35.05036289,   55.23392352,    116.12570076,  -73.89835659,  -67.4162358 ,  -23.89038252,     -0.17831461], [-1511.96753128,  386.93830995, 1242.68401142,  174.64968654,    -65.08149755,   52.120124  ,   43.47628643,    7.4834555 ,     42.21521415,  -45.98333236,  -55.61213041,  -11.05616969,    -13.80254011], [ -365.57905306, -200.85517404,  174.64968654,  504.36837099,    113.58934281,  -22.55711096,   28.56560104,   33.99693549,    -30.76205403,   31.36562266,   58.6412361 ,  -24.55371084,      2.48266498], [   -9.49031472,   21.05431285,  -65.08149755,  113.58934281,    225.42464775,   21.93131036,  -47.35433351,   12.14743113,     40.87057652,   15.56213135,   13.1623037 ,   10.59369433,     10.69508769], [  -35.60776048,   22.93064792,   52.120124  ,  -22.55711096,     21.93131036,  165.35161007,   75.02272971,    0.65012741,     14.39316483,   13.09594766,   17.63822454,   14.38604556,    -11.41423486], [   13.54157959,  -35.05036289,   43.47628643,   28.56560104,    -47.35433351,   75.02272971,  223.81323971,   54.71267643,    -37.94798239,   33.38710334,   37.03773151,   15.3203192 ,     -6.82478062], [    7.92652796,   55.23392352,    7.4834555 ,   33.99693549,     12.14743113,    0.65012741,   54.71267643,  113.29814899,     39.88678422,   11.5509743 ,    5.38633551,   -3.84522587,     10.70529087], [  -81.09333783,  116.12570076,   42.21521415,  -30.76205403,     40.87057652,   14.39316483,  -37.94798239,   39.88678422,    156.91406225,   21.35218959,  -44.02891617,   -0.70922035,     12.22247652], [  178.54183712,  -73.89835659,  -45.98333236,   31.36562266,     15.56213135,   13.09594766,   33.38710334,   11.5509743 ,     21.35218959,  111.24652129,   46.77473305,    1.77331207,      4.19244602], [   -4.56416434,  -67.4162358 ,  -55.61213041,   58.6412361 ,     13.1623037 ,   17.63822454,   37.03773151,    5.38633551,    -44.02891617,   46.77473305,  129.21970005,   34.3582766 ,      0.03276212], [   33.423123  ,  -23.89038252,  -11.05616969,  -24.55371084,     10.59369433,   14.38604556,   15.3203192 ,   -3.84522587,     -0.70922035,    1.77331207,   34.3582766 ,   81.91726116,     31.10187614], [  -15.8307615 ,   -0.17831461,  -13.80254011,    2.48266498,     10.69508769,  -11.41423486,   -6.82478062,   10.70529087,     12.22247652,    4.19244602,    0.03276212,   31.10187614,     84.73889072]]
/root/sim/music/out/The_Beatles/1967-1970_[Disc_2]/03_Ob-La-Di_Ob-La-Da.mp3; [-641.92975   , 120.90701   , -10.377529  ,  47.667847  ,   9.577511  ,   23.665213  ,   1.2403888 ,  12.902516  ,  -4.259044  ,   0.61133957,    0.09786676,  -5.0169864 ,  -0.6848537 ]; [[14288.87950897,   -5.9588007 , -520.99892543,  546.99047497,     35.32992878,  323.78777117,    1.51591297,  148.41249477,   -134.85237416,  -24.56404019,  -47.01808647, -146.33233777,   -174.62705817], [   -5.9588007 , 1656.56483239, -239.8179331 ,  392.12894167,   -119.70471283,  200.55154731,  -67.32033761,   83.67745092,    -65.98740567,  -14.59092898,   -1.43380065,  -30.38798373,     41.96718062], [ -520.99892543, -239.8179331 ,  849.13098815, -108.63602218,    313.54573351,  -19.3984965 ,  164.91991552,  -28.16547786,     57.64953369,   -9.83790045,   38.08690119,    0.99323204,    -23.19923617], [  546.99047497,  392.12894167, -108.63602218,  520.72155941,    -77.80667565,  164.44257341, -133.01142008,   89.76540258,    -38.61805255,   27.2918263 ,  -46.6557012 ,   13.38547952,     14.61909833], [   35.32992878, -119.70471283,  313.54573351,  -77.80667565,    494.60792254, -100.4040303 ,  128.47459962,  -39.75755682,     81.66156191,  -29.37042201,   36.85623467,  -14.3228676 ,    -19.11864874], [  323.78777117,  200.55154731,  -19.3984965 ,  164.44257341,   -100.4040303 ,  293.15035263,   -0.60282624,   41.45981569,    -42.69851934,   30.61184736,  -11.07060767,    0.37306693,    -16.74718805], [    1.51591297,  -67.32033761,  164.91991552, -133.01142008,    128.47459962,   -0.60282624,  273.18584669,  -28.75056481,     15.59479236,  -15.95601206,   43.89108441,  -17.13661109,    -14.5892305 ], [  148.41249477,   83.67745092,  -28.16547786,   89.76540258,    -39.75755682,   41.45981569,  -28.75056481,  129.56153877,    -17.77654609,   15.63223793,  -18.06381245,   11.22469217,     -4.31641643], [ -134.85237416,  -65.98740567,   57.64953369,  -38.61805255,     81.66156191,  -42.69851934,   15.59479236,  -17.77654609,    123.05553087,    4.84071706,   10.72277567,  -19.39865566,      3.23272061], [  -24.56404019,  -14.59092898,   -9.83790045,   27.2918263 ,    -29.37042201,   30.61184736,  -15.95601206,   15.63223793,      4.84071706,   99.26545959,   -1.33941145,   14.61839143,    -25.20824578], [  -47.01808647,   -1.43380065,   38.08690119,  -46.6557012 ,     36.85623467,  -11.07060767,   43.89108441,  -18.06381245,     10.72277567,   -1.33941145,  101.77478143,   -7.24960641,      0.22477263], [ -146.33233777,  -30.38798373,    0.99323204,   13.38547952,    -14.3228676 ,    0.37306693,  -17.13661109,   11.22469217,    -19.39865566,   14.61839143,   -7.24960641,   87.19091524,      9.41995714], [ -174.62705817,   41.96718062,  -23.19923617,   14.61909833,    -19.11864874,  -16.74718805,  -14.5892305 ,   -4.31641643,      3.23272061,  -25.20824578,    0.22477263,    9.41995714,     90.48025528]]
/root/sim/music/out/The_Beatles/1967-1970_[Disc_2]/02_While_My_Guitar_Gently_Weeps.mp3; [-665.7665    , 132.13652   , -29.701727  ,  45.96031   ,  11.673753  ,    8.081229  ,   0.22583339,   4.044284  ,  10.3890915 ,  -3.0256653 ,    0.5966714 ,  -0.22002189,   0.10655861]; [[13680.81264321,  551.28380822, -179.83855218,  466.50904584,    126.38503938,   14.50977672, -177.44494955,   95.1327709 ,    -30.63509689,   27.36715134,  -41.01788754,   61.48989735,    -25.14425621], [  551.28380822, 1808.94267656, -566.55376512,  317.02947324,    -37.18268042, -116.72860239,  105.69420945, -113.02483429,    104.07201124,  -72.82717008,   91.25018823, -113.94355921,     42.98130974], [ -179.83855218, -566.55376512,  616.4937741 , -120.57123855,     59.9986794 ,   90.93771371,  -22.05423532,   44.07159547,    -19.9419616 ,   42.78661263,  -45.19131947,   58.0555891 ,    -20.93969822], [  466.50904584,  317.02947324, -120.57123855,  336.20622469,     91.02035322,   38.42781221,   42.8173819 ,  -48.83574779,     46.95005551,  -41.53178424,   10.95569129,  -29.73526287,     49.42060822], [  126.38503938,  -37.18268042,   59.9986794 ,   91.02035322,    227.22178077,   82.09186222,   -0.37855231,   21.87643584,     11.03528701,   -7.54753844,  -31.98630255,   27.40263606,      8.81787384], [   14.50977672, -116.72860239,   90.93771371,   38.42781221,     82.09186222,  183.37088416,   63.94733688,   17.76236103,      0.71454368,   19.64445001,  -12.01102013,   25.35794998,     11.74271591], [ -177.44494955,  105.69420945,  -22.05423532,   42.8173819 ,     -0.37855231,   63.94733688,  190.49940543,  -13.76685954,     26.44306396,    3.81058722,   17.63550968,  -22.44156908,     19.67910804], [   95.1327709 , -113.02483429,   44.07159547,  -48.83574779,     21.87643584,   17.76236103,  -13.76685954,  155.16716652,      2.43486691,   20.96454204,  -22.19043929,   38.0398492 ,    -15.21370526], [  -30.63509689,  104.07201124,  -19.9419616 ,   46.95005551,     11.03528701,    0.71454368,   26.44306396,    2.43486691,    125.85560886,    9.49728535,   22.61267948,  -11.10932474,     15.59712875], [   27.36715134,  -72.82717008,   42.78661263,  -41.53178424,     -7.54753844,   19.64445001,    3.81058722,   20.96454204,      9.49728535,  111.6727978 ,   19.98561878,   21.089687  ,     -6.2289647 ], [  -41.01788754,   91.25018823,  -45.19131947,   10.95569129,    -31.98630255,  -12.01102013,   17.63550968,  -22.19043929,     22.61267948,   19.98561878,  106.5545667 ,   11.46539397,     11.93847861], [   61.48989735, -113.94355921,   58.0555891 ,  -29.73526287,     27.40263606,   25.35794998,  -22.44156908,   38.0398492 ,    -11.10932474,   21.089687  ,   11.46539397,  116.29440181,     20.34745726], [  -25.14425621,   42.98130974,  -20.93969822,   49.42060822,      8.81787384,   11.74271591,   19.67910804,  -15.21370526,     15.59712875,   -6.2289647 ,   11.93847861,   20.34745726,     85.49328907]]
/root/sim/music/out/The_Beatles/1967-1970_[Disc_2]/08_Here_Comes_The_Sun.mp3; [-657.5509    , 112.56733   ,  21.597166  ,  31.553497  ,   4.656562  ,   13.940924  ,   3.0782504 ,   4.224807  ,  -3.0464225 ,   1.6474917 ,   -4.1466875 ,  -0.664914  ,  -0.39876544]; [[19488.42968227,-1335.08239652,  297.50681212,  640.1525104 ,    369.37907414,  417.02805311,   26.0358532 ,  395.19546848,    422.75431184,  751.89791086,  459.15439565,  163.41832204,      0.84930204], [-1335.08239652, 2101.06088419, -349.62272971,   66.83856581,     39.63298585,  -29.99275618,   53.52235874,  -11.79200065,    -40.17392345,  -25.91639434,  -77.52677645,  -66.10217977,    -13.37340941], [  297.50681212, -349.62272971,  629.74976733,   30.43105347,    101.02434248,   92.02779206,    9.37444374,   -8.48482504,     48.58364389,  -45.3918021 ,   -6.76321549,   19.31051619,     15.82853623], [  640.1525104 ,   66.83856581,   30.43105347,  281.83820521,     97.84565229,   49.50393141,   16.7288269 ,   51.13030777,     53.74102979,   33.31240189,   15.3146297 ,   18.39942959,     24.98929746], [  369.37907414,   39.63298585,  101.02434248,   97.84565229,    287.93874448,   56.80746044,    1.41196578,   26.27457392,     77.23762123,   35.2595772 ,   29.14351006,   10.4041547 ,      2.05550962], [  417.02805311,  -29.99275618,   92.02779206,   49.50393141,     56.80746044,  190.71507992,   61.64735868,   29.06491032,     43.37780778,   15.87185288,   27.60172   ,   23.09708951,      7.62121536], [   26.0358532 ,   53.52235874,    9.37444374,   16.7288269 ,      1.41196578,   61.64735868,  145.09417712,   43.58150476,     16.10650064,   14.2646665 ,   14.83176665,    8.81976515,     -1.56473111], [  395.19546848,  -11.79200065,   -8.48482504,   51.13030777,     26.27457392,   29.06491032,   43.58150476,  131.75874985,     54.43825446,   37.15170852,   21.61866849,   13.62894316,     20.94132732], [  422.75431184,  -40.17392345,   48.58364389,   53.74102979,     77.23762123,   43.37780778,   16.10650064,   54.43825446,    147.13566411,   60.41589368,   22.52050776,   24.37209417,     13.10736771], [  751.89791086,  -25.91639434,  -45.3918021 ,   33.31240189,     35.2595772 ,   15.87185288,   14.2646665 ,   37.15170852,     60.41589368,  176.17599176,   76.28225991,   -0.33122249,     -3.40135676], [  459.15439565,  -77.52677645,   -6.76321549,   15.3146297 ,     29.14351006,   27.60172   ,   14.83176665,   21.61866849,     22.52050776,   76.28225991,  115.62897276,   27.55870227,      1.89817201], [  163.41832204,  -66.10217977,   19.31051619,   18.39942959,     10.4041547 ,   23.09708951,    8.81976515,   13.62894316,     24.37209417,   -0.33122249,   27.55870227,  102.85505779,     47.9380192 ], [    0.84930204,  -13.37340941,   15.82853623,   24.98929746,      2.05550962,    7.62121536,   -1.56473111,   20.94132732,     13.10736771,   -3.40135676,    1.89817201,   47.9380192 ,     96.73092113]]
/root/sim/music/out/The_Beatles/1967-1970_[Disc_2]/09_Come_Together_(2).mp3; [-735.0531   , 114.11009  ,  21.731308 ,  65.87074  ,  15.760953 ,   25.082624 ,   9.403056 ,  20.341856 ,   7.484913 ,   6.069002 ,    3.1269784,  -2.4973707,  -4.0433135]; [[21861.96662095,-1699.64240541,-1448.95198444,  115.46451465,   -929.38531346,  316.6461604 , -120.84405183,  533.29613839,    125.6650338 ,  347.10193166,  331.94213624,  157.80296946,    112.63618421], [-1699.64240541, 3461.24462169,  192.14429458, -305.54638455,    137.46031802,  -55.4551792 ,   54.98736858,  -51.501472  ,     29.38712811,  -44.99023304,  -97.84358946, -120.13736555,   -187.45502929], [-1448.95198444,  192.14429458, 1413.62643585,  215.67608775,     31.12774088,   74.71046889,   47.70311801,  -97.89876323,     20.10557311,  -10.01907958,  -78.97204334,   -3.8380032 ,      2.66357259], [  115.46451465, -305.54638455,  215.67608775,  795.4793123 ,    282.6676276 ,   38.01420614,   21.98470512,   55.23493545,     -8.65757724,  -58.44456573,  -38.72850418,   -3.74512916,     12.79842277], [ -929.38531346,  137.46031802,   31.12774088,  282.6676276 ,    504.30569404,   54.14730961,  -68.20132352,  -19.94872986,     32.3463294 ,  -29.95332712,  -50.48636179,    0.62599939,    -19.37990761], [  316.6461604 ,  -55.4551792 ,   74.71046889,   38.01420614,     54.14730961,  225.10595922,   81.75014565,   14.85702231,     10.24141064,   41.0106471 ,   54.15835486,   12.05754103,     12.06232159], [ -120.84405183,   54.98736858,   47.70311801,   21.98470512,    -68.20132352,   81.75014565,  234.84837499,   56.71702869,    -40.51220811,   18.5599317 ,   56.39124093,    9.34657685,     24.35798905], [  533.29613839,  -51.501472  ,  -97.89876323,   55.23493545,    -19.94872986,   14.85702231,   56.71702869,  159.41595493,     36.30962271,   16.38441268,   45.5570009 ,   16.27253892,     21.30928881], [  125.6650338 ,   29.38712811,   20.10557311,   -8.65757724,     32.3463294 ,   10.24141064,  -40.51220811,   36.30962271,    158.92567663,   62.27016865,    7.18856918,   13.47849637,      4.41802363], [  347.10193166,  -44.99023304,  -10.01907958,  -58.44456573,    -29.95332712,   41.0106471 ,   18.5599317 ,   16.38441268,     62.27016865,  139.09388933,   66.8386591 ,    0.95439601,     -1.1930826 ], [  331.94213624,  -97.84358946,  -78.97204334,  -38.72850418,    -50.48636179,   54.15835486,   56.39124093,   45.5570009 ,      7.18856918,   66.8386591 ,  149.95910657,   34.39292379,      7.45467217], [  157.80296946, -120.13736555,   -3.8380032 ,   -3.74512916,      0.62599939,   12.05754103,    9.34657685,   16.27253892,     13.47849637,    0.95439601,   34.39292379,  118.29596856,     60.07173829], [  112.63618421, -187.45502929,    2.66357259,   12.79842277,    -19.37990761,   12.06232159,   24.35798905,   21.30928881,      4.41802363,   -1.1930826 ,    7.45467217,   60.07173829,    118.54321693]]
/root/sim/music/out/The_Beatles/1967-1970_[Disc_2]/06_The_Ballad_Of_John_And_Yoko.mp3; [-585.8472    ,  97.23814   ,   8.316782  ,  47.32828   ,  24.78627   ,   14.645242  ,   2.3149204 ,   8.071466  ,  -0.62361294,   0.7534795 ,   -2.7016737 ,  -1.3084482 ,   0.05655032]; [[13159.71969921,  463.93716731, -102.92282892,  156.57309233,     51.42999808,    4.73103754, -123.41713746,   37.43562228,    -25.92289066,  -14.6596591 ,  -64.6144637 ,  -24.9190185 ,    -28.17148684], [  463.93716731,  966.60125943, -176.89259319,   87.47067991,     63.98255583,   55.89837251,  113.11007535,   73.53113393,      6.80466105,   37.85438507,   27.61260988,   13.44107603,     18.60747208], [ -102.92282892, -176.89259319,  450.48819654,   49.38834674,    -11.76507823,   53.0446615 ,  -24.09373132,  -30.49955194,    -12.87748145,    4.14096341,   23.69954987,   20.28198406,    -12.03736803], [  156.57309233,   87.47067991,   49.38834674,  440.2275483 ,    228.01503894,  -26.35586437,  -49.48324592,    0.69393368,      6.04524917,   -3.26859609,  -30.99762163,    6.96043624,     48.6766691 ], [   51.42999808,   63.98255583,  -11.76507823,  228.01503894,    251.58686507,   23.26724727,  -35.64577562,   10.44856792,     29.03251479,    4.72107815,  -19.9645355 ,    4.40959389,     20.9427316 ], [    4.73103754,   55.89837251,   53.0446615 ,  -26.35586437,     23.26724727,  185.36306608,   70.26316334,   26.58786335,      6.64815651,   -0.78523266,   11.23407166,  -19.10367933,    -17.21386518], [ -123.41713746,  113.11007535,  -24.09373132,  -49.48324592,    -35.64577562,   70.26316334,  162.23167517,   54.00481256,    -17.58727777,    9.48802644,   11.98953473,   -5.9339054 ,      1.09543471], [   37.43562228,   73.53113393,  -30.49955194,    0.69393368,     10.44856792,   26.58786335,   54.00481256,   86.93600637,     26.38907383,    6.44439181,    4.81107217,    0.96363733,      7.82687109], [  -25.92289066,    6.80466105,  -12.87748145,    6.04524917,     29.03251479,    6.64815651,  -17.58727777,   26.38907383,     80.71107052,   25.6844972 ,    2.89887861,    0.12064141,     -4.27722784], [  -14.6596591 ,   37.85438507,    4.14096341,   -3.26859609,      4.72107815,   -0.78523266,    9.48802644,    6.44439181,     25.6844972 ,   75.97068791,   26.20580548,   -3.35309238,     -2.99756203], [  -64.6144637 ,   27.61260988,   23.69954987,  -30.99762163,    -19.9645355 ,   11.23407166,   11.98953473,    4.81107217,      2.89887861,   26.20580548,   69.5667613 ,   25.10191241,     -5.74076448], [  -24.9190185 ,   13.44107603,   20.28198406,    6.96043624,      4.40959389,  -19.10367933,   -5.9339054 ,    0.96363733,      0.12064141,   -3.35309238,   25.10191241,   64.49734263,     21.7287688 ], [  -28.17148684,   18.60747208,  -12.03736803,   48.6766691 ,     20.9427316 ,  -17.21386518,    1.09543471,    7.82687109,     -4.27722784,   -2.99756203,   -5.74076448,   21.7287688 ,     63.81411805]]
/root/sim/music/out/The_Beatles/1967-1970_[Disc_2]/01_Back_In_The_USSR_(2).mp3; [-638.007    , 101.62561  , -27.438766 ,  37.409897 ,  15.447427 ,    9.151536 ,   2.6632004,   4.8790965,  -3.0144773,   4.9686704,   -5.537596 ,  -1.7986408,  -5.266359 ]; [[20085.87436662, 1734.09279638, -327.52296618,  704.69619427,    616.763573  ,  125.9221209 ,   93.08092759,  312.60167074,   -257.3745557 ,   61.56787285,   37.7670413 , -110.24163268,    -13.11449248], [ 1734.09279638, 1052.88066776, -341.96417168,  180.44464227,     14.90736573,   15.73783588,    2.01569047,   77.18843819,    -12.74473423,   14.39203595,   -2.73996459,    2.06290325,    -24.2485681 ], [ -327.52296618, -341.96417168,  651.3510822 , -119.94098839,     66.91037768,   35.69575421,   52.12388742,  -26.9922774 ,     37.56001054,  -54.53505885,   15.64956656,   19.12440678,     49.44243431], [  704.69619427,  180.44464227, -119.94098839,  355.33498846,     85.21286117,   36.09561667,   -2.01904551,   19.66720454,    -27.94266863,   56.74737861,  -62.35023985,   -1.2255701 ,     14.09514219], [  616.763573  ,   14.90736573,   66.91037768,   85.21286117,    275.41993933,   37.2993408 ,   11.11389938,  -13.74447186,     34.34368496,  -17.83527414,   -2.79672125,  -23.48232075,     14.46413896], [  125.9221209 ,   15.73783588,   35.69575421,   36.09561667,     37.2993408 ,  154.38315742,   37.454082  ,   28.6816116 ,     21.60347807,   -6.38116452,   -6.88568519,   -3.74000344,    -18.10057558], [   93.08092759,    2.01569047,   52.12388742,   -2.01904551,     11.11389938,   37.454082  ,  177.04766194,   21.04058093,     40.48690873,   -0.05370256,  -10.96819224,    9.2228385 ,     -4.75859603], [  312.60167074,   77.18843819,  -26.9922774 ,   19.66720454,    -13.74447186,   28.6816116 ,   21.04058093,  137.6272166 ,    -24.42265705,   -1.35153582,   20.71824112,  -21.0225696 ,      3.56644806], [ -257.3745557 ,  -12.74473423,   37.56001054,  -27.94266863,     34.34368496,   21.60347807,   40.48690873,  -24.42265705,    134.31478874,   -6.86361406,  -10.38738934,    3.8239142 ,    -19.47740754], [   61.56787285,   14.39203595,  -54.53505885,   56.74737861,    -17.83527414,   -6.38116452,   -0.05370256,   -1.35153582,     -6.86361406,  121.82791025,  -18.75577697,   17.70857578,      0.56660378], [   37.7670413 ,   -2.73996459,   15.64956656,  -62.35023985,     -2.79672125,   -6.88568519,  -10.96819224,   20.71824112,    -10.38738934,  -18.75577697,  120.29438377,   -1.5400032 ,     11.06425551], [ -110.24163268,    2.06290325,   19.12440678,   -1.2255701 ,    -23.48232075,   -3.74000344,    9.2228385 ,  -21.0225696 ,      3.8239142 ,   17.70857578,   -1.5400032 ,   80.6275345 ,     16.14251203], [  -13.11449248,  -24.2485681 ,   49.44243431,   14.09514219,     14.46413896,  -18.10057558,   -4.75859603,    3.56644806,    -19.47740754,    0.56660378,   11.06425551,   16.14251203,     74.00276679]]
/root/sim/music/out/The_Beatles/1967-1970_[Disc_2]/10_Something.mp3; [-702.3798    , 154.51828   , -13.783576  ,  46.64883   ,  11.298959  ,   10.311515  ,  -5.190588  ,   4.846402  ,  -3.754252  ,   5.089465  ,   -4.9333353 ,  -0.48640588,  -0.1132212 ]; [[17907.38821375, -717.48205616,-1441.5942503 ,  164.87224504,   -148.80273246,  257.24533689,  -64.29248985,  386.98149731,    -95.44831195,  291.83859572,   95.50061752,  128.57152091,     53.7890481 ], [ -717.48205616, 2545.53401292, -306.24807854,  382.55931347,    112.33488914,  -19.77983486,   96.36469959, -106.68256123,     20.92873291,  -38.27805985,  -44.02925867,  -25.06768702,    -32.24946218], [-1441.5942503 , -306.24807854, 1321.64800357, -142.04155999,    124.91506965,   78.89478558,  -74.0915936 ,   -5.3980034 ,     -6.2365613 ,   24.16304629,    0.85942907,    1.28603097,    -11.36536575], [  164.87224504,  382.55931347, -142.04155999,  468.85494744,     61.82958043,   -2.80618509,   -1.63373215,   -8.79373807,     44.17447432,  -25.163635  ,  -23.44623587,   -8.80359868,     13.17044122], [ -148.80273246,  112.33488914,  124.91506965,   61.82958043,    264.00544311,   45.49347415,  -21.46530323,  -33.41952229,     32.2133875 ,  -14.75717389,  -13.16739521,   21.09800187,      6.30308623], [  257.24533689,  -19.77983486,   78.89478558,   -2.80618509,     45.49347415,  195.96759473,   55.24919459,    7.45848253,      6.73986293,    7.08085182,   27.56377958,    5.24471383,      3.3764128 ], [  -64.29248985,   96.36469959,  -74.0915936 ,   -1.63373215,    -21.46530323,   55.24919459,  152.40385783,   37.71568712,      7.2080067 ,    9.24598588,   19.06920311,    8.82039125,     -0.7792168 ], [  386.98149731, -106.68256123,   -5.3980034 ,   -8.79373807,    -33.41952229,    7.45848253,   37.71568712,  144.451835  ,     13.6790477 ,   17.93426675,   14.91969007,    8.83446818,     22.36539066], [  -95.44831195,   20.92873291,   -6.2365613 ,   44.17447432,     32.2133875 ,    6.73986293,    7.2080067 ,   13.6790477 ,     99.2089667 ,    8.79825956,    0.12298498,   10.22610263,     13.17038007], [  291.83859572,  -38.27805985,   24.16304629,  -25.163635  ,    -14.75717389,    7.08085182,    9.24598588,   17.93426675,      8.79825956,  110.75395687,   41.48198284,   12.29992106,     -1.01826363], [   95.50061752,  -44.02925867,    0.85942907,  -23.44623587,    -13.16739521,   27.56377958,   19.06920311,   14.91969007,      0.12298498,   41.48198284,   94.47516109,   44.52243628,     14.61220944], [  128.57152091,  -25.06768702,    1.28603097,   -8.80359868,     21.09800187,    5.24471383,    8.82039125,    8.83446818,     10.22610263,   12.29992106,   44.52243628,  103.27254701,     50.13910803], [   53.7890481 ,  -32.24946218,  -11.36536575,   13.17044122,      6.30308623,    3.3764128 ,   -0.7792168 ,   22.36539066,     13.17038007,   -1.01826363,   14.61220944,   50.13910803,     96.67161946]]
/root/sim/music/out/The_Beatles/1_ザ・ビートルズ/09_Ticket_To_Ride.mp3; [-560.7531   , 104.366394 , -29.794731 ,  30.57976  ,   7.320751 ,    7.2476935,   0.6430213,  12.0367365,   6.185212 ,   5.5330014,    2.585041 ,  -4.724061 ,   0.835513 ]; [[14825.31445248, -383.2238623 ,  248.28779058,  304.11131056,   -119.31199816,  -97.21794813, -164.75899025,   40.13027409,     39.69716977, -189.744266  , -206.38238183, -162.23773336,   -154.66339025], [ -383.2238623 , 1476.11361748, -328.85775288,  108.22399571,    105.27990199,  -18.44939149,  140.6665834 ,  107.55744062,     17.23208702,  105.17144598,   11.69483057,    2.03615359,     14.60118761], [  248.28779058, -328.85775288,  822.72807609,   -3.83416333,     38.57102487,  119.5969946 ,  -39.03199919,   45.71523651,     83.269783  ,  -73.05158944,   -9.87937145,   22.77409473,     27.36327255], [  304.11131056,  108.22399571,   -3.83416333,  308.18341287,    118.34049812,  -59.11698931,   -6.76440479,   30.06865114,     50.57221769,   10.19435971,  -54.49125731,   15.89335979,     35.17306166], [ -119.31199816,  105.27990199,   38.57102487,  118.34049812,    194.62043259,   -1.84658378,   32.03066548,   26.54279287,     47.18353447,   12.87413696,  -35.01197845,    9.04908677,     25.10166747], [  -97.21794813,  -18.44939149,  119.5969946 ,  -59.11698931,     -1.84658378,  196.08608837,   38.30608695,   27.31650336,     -0.68630392,   -6.3693441 ,   28.91990247,   -7.74058283,     -6.85031673], [ -164.75899025,  140.6665834 ,  -39.03199919,   -6.76440479,     32.03066548,   38.30608695,  182.1987777 ,   44.51504864,      2.57385979,   47.01912802,    0.32445463,   -6.18036436,     -5.4928242 ], [   40.13027409,  107.55744062,   45.71523651,   30.06865114,     26.54279287,   27.31650336,   44.51504864,  110.19969658,     44.31963121,   21.09971511,   -3.10308548,    3.26214561,     26.49626958], [   39.69716977,   17.23208702,   83.269783  ,   50.57221769,     47.18353447,   -0.68630392,    2.57385979,   44.31963121,    134.47762938,   16.36250005,  -19.99094979,    7.53209559,     18.43294645], [ -189.744266  ,  105.17144598,  -73.05158944,   10.19435971,     12.87413696,   -6.3693441 ,   47.01912802,   21.09971511,     16.36250005,  101.94370927,   26.00593446,    3.88867148,     -5.60570807], [ -206.38238183,   11.69483057,   -9.87937145,  -54.49125731,    -35.01197845,   28.91990247,    0.32445463,   -3.10308548,    -19.99094979,   26.00593446,  109.05611771,    4.0261936 ,      6.60585259], [ -162.23773336,    2.03615359,   22.77409473,   15.89335979,      9.04908677,   -7.74058283,   -6.18036436,    3.26214561,      7.53209559,    3.88867148,    4.0261936 ,   83.78925122,     24.06763642], [ -154.66339025,   14.60118761,   27.36327255,   35.17306166,     25.10166747,   -6.85031673,   -5.4928242 ,   26.49626958,     18.43294645,   -5.60570807,    6.60585259,   24.06763642,     91.69814247]]
/root/sim/music/out/The_Beatles/1_ザ・ビートルズ/20_Lady_Madonna.mp3; [-580.1288    , 115.74706   , -19.502562  ,  27.175983  ,   5.879969  ,    6.310084  ,   2.9147775 ,   5.7138715 ,  -3.911008  ,   4.4209585 ,   -0.9320527 ,  -1.137611  ,   0.75855196]; [[16702.9696419 , -129.51273484, -928.44612541,  530.92882056,    -93.53604298, -159.43745077,  -18.73265105,  124.59050405,   -164.14953169,   76.41205763, -115.58764278, -136.66880729,   -122.21454554], [ -129.51273484, 1394.08608524, -194.51705814,  -35.48911727,     -5.14521521,   24.92057539,   36.54481671,   21.1656463 ,    -20.84303038,  -19.47579475,    9.18914496,  -14.66826992,    -15.71952907], [ -928.44612541, -194.51705814,  585.00015088, -153.33458691,     33.5248383 ,  117.41572594,   30.71469023,  -34.14035726,     31.97177917,   -6.58777857,    0.20897447,    6.9642954 ,     -1.67512397], [  530.92882056,  -35.48911727, -153.33458691,  332.04649485,     64.58513778,  -33.69328447,    0.68880021,   37.66827974,     25.60107029,   18.90695843,  -34.12888772,   20.01744151,     47.3658426 ], [  -93.53604298,   -5.14521521,   33.5248383 ,   64.58513778,    262.4497968 ,   -0.61459211,  -55.01858082,   22.64821421,     44.04993838,    4.38739304,  -18.66783649,    6.52617373,     10.39871167], [ -159.43745077,   24.92057539,  117.41572594,  -33.69328447,     -0.61459211,  149.93703028,   45.02260058,  -12.40732046,     10.18973479,    2.59620939,   14.06803604,    5.8209228 ,    -10.31500758], [  -18.73265105,   36.54481671,   30.71469023,    0.68880021,    -55.01858082,   45.02260058,  146.47582125,   32.4913746 ,    -10.86739953,    9.21402652,   16.92602681,   13.7541745 ,      6.938099  ], [  124.59050405,   21.1656463 ,  -34.14035726,   37.66827974,     22.64821421,  -12.40732046,   32.4913746 ,   90.35404722,     14.51787647,    5.22461283,    7.87617815,    4.38659744,      7.55407003], [ -164.14953169,  -20.84303038,   31.97177917,   25.60107029,     44.04993838,   10.18973479,  -10.86739953,   14.51787647,     87.90399127,   22.50637554,  -11.62127528,    7.27979723,      4.29834257], [   76.41205763,  -19.47579475,   -6.58777857,   18.90695843,      4.38739304,    2.59620939,    9.21402652,    5.22461283,     22.50637554,   86.50870719,   17.58802631,   -3.35750412,      3.13278748], [ -115.58764278,    9.18914496,    0.20897447,  -34.12888772,    -18.66783649,   14.06803604,   16.92602681,    7.87617815,    -11.62127528,   17.58802631,   84.20977164,   14.28391586,    -18.2489581 ], [ -136.66880729,  -14.66826992,    6.9642954 ,   20.01744151,      6.52617373,    5.8209228 ,   13.7541745 ,    4.38659744,      7.27979723,   -3.35750412,   14.28391586,   74.04379058,     24.29253685], [ -122.21454554,  -15.71952907,   -1.67512397,   47.3658426 ,     10.39871167,  -10.31500758,    6.938099  ,    7.55407003,      4.29834257,    3.13278748,  -18.2489581 ,   24.29253685,     74.58999357]]
/root/sim/music/out/The_Beatles/1_ザ・ビートルズ/03_She_Loves_You.mp3; [-526.4163   ,  79.96931  , -23.000885 ,  21.705372 ,   2.2322872,    4.9989657,  -1.4978768,   4.3367047,   2.1184895,   4.26959  ,   -4.4161625,  -7.106833 ,  -3.3915617]; [[13363.44128013,  382.9662893 ,  -80.88157585,  266.37384496,   -133.46712525,  -22.43328856, -127.74295604,  -35.61630609,    -36.40470773,  -30.59297372, -230.25847445, -155.22462161,     15.45834476], [  382.9662893 ,  714.44758239, -278.14985391,   65.8973674 ,     -6.82319683,   36.55149741,   74.55217806,   65.0644339 ,      6.84861226,   15.22073203,   46.83292466,    2.77201368,    -31.2978561 ], [  -80.88157585, -278.14985391,  711.85305131,    1.36956723,     19.5572033 ,   80.14032877,   28.45417978,  -51.50634867,    -23.50338039,    8.62365834,   40.38861612,   58.04919447,     32.99886212], [  266.37384496,   65.8973674 ,    1.36956723,  363.78463525,    139.69517165,   -2.64519986,  -44.32004216,   17.30321187,     20.12541613,  -10.24633339,  -29.08518193,   24.47704837,     26.94564411], [ -133.46712525,   -6.82319683,   19.5572033 ,  139.69517165,    188.22132213,   28.23664589,   -8.52005013,   37.21042561,     55.69214672,   13.81893368,  -20.71593506,    2.86348592,     21.00244988], [  -22.43328856,   36.55149741,   80.14032877,   -2.64519986,     28.23664589,  174.6861359 ,  120.22535688,   49.99828162,     42.49849993,   34.81100805,   16.96698597,  -12.78051799,    -12.49801026], [ -127.74295604,   74.55217806,   28.45417978,  -44.32004216,     -8.52005013,  120.22535688,  177.35379811,   76.16925713,     36.17468855,   41.53142781,   27.73866113,   -9.15535738,    -13.38591774], [  -35.61630609,   65.0644339 ,  -51.50634867,   17.30321187,     37.21042561,   49.99828162,   76.16925713,  118.59218089,     81.00171018,   21.81273308,   -6.87716109,  -16.74282216,     -4.70407261], [  -36.40470773,    6.84861226,  -23.50338039,   20.12541613,     55.69214672,   42.49849993,   36.17468855,   81.00171018,    135.11467856,   49.65031332,  -24.02102063,  -19.16317545,      3.71111407], [  -30.59297372,   15.22073203,    8.62365834,  -10.24633339,     13.81893368,   34.81100805,   41.53142781,   21.81273308,     49.65031332,   86.67873496,   42.92649916,    1.91887698,     -7.22786141], [ -230.25847445,   46.83292466,   40.38861612,  -29.08518193,    -20.71593506,   16.96698597,   27.73866113,   -6.87716109,    -24.02102063,   42.92649916,  120.25930092,   45.72952082,    -16.34095699], [ -155.22462161,    2.77201368,   58.04919447,   24.47704837,      2.86348592,  -12.78051799,   -9.15535738,  -16.74282216,    -19.16317545,    1.91887698,   45.72952082,   75.95039854,     30.45214708], [   15.45834476,  -31.2978561 ,   32.99886212,   26.94564411,     21.00244988,  -12.49801026,  -13.38591774,   -4.70407261,      3.71111407,   -7.22786141,  -16.34095699,   30.45214708,     72.10262163]]
/root/sim/music/out/The_Beatles/1_ザ・ビートルズ/25_Come_Together.mp3; [-668.20953  , 121.50064  ,  24.02716  ,  66.93407  ,  14.254371 ,   27.351175 ,  10.30762  ,  20.775444 ,   8.055526 ,   6.8259754,    3.4695826,  -1.9287621,  -4.342853 ]; [[16605.98240947,-1744.8338051 ,-1180.12778191,  -75.07842209,   -870.7044589 ,  168.3529114 , -111.35356222,  356.96729015,     33.24946826,  231.53662189,  174.17783978,  116.46311657,     78.74466666], [-1744.8338051 , 2878.45616002,   58.28221608, -360.74277665,     70.93031163,  -61.64604275,   35.63214055,  -73.61527058,     21.83477448,  -44.41130938,  -76.43760378, -101.87280101,   -164.77309338], [-1180.12778191,   58.28221608, 1240.93413659,  162.01215171,     27.99956755,   64.67523799,   38.9437058 ,  -89.36008265,     17.14391268,   -2.01153705,  -72.12248865,    5.94358556,      4.7270461 ], [  -75.07842209, -360.74277665,  162.01215171,  611.20132431,    225.36200474,   17.99385317,   10.59822523,   33.22236432,     -7.97675406,  -53.47260104,  -37.70562162,    2.60349065,     13.80631546], [ -870.7044589 ,   70.93031163,   27.99956755,  225.36200474,    444.39657035,   33.01459876,  -61.34946299,  -24.06733917,     25.05691903,  -35.26418438,  -45.72953759,   -0.3866332 ,    -20.18787832], [  168.3529114 ,  -61.64604275,   64.67523799,   17.99385317,     33.01459876,  192.88937932,   64.28760962,   11.36461843,      8.3829763 ,   36.20453226,   47.70532801,   12.28220575,     13.51390061], [ -111.35356222,   35.63214055,   38.9437058 ,   10.59822523,    -61.34946299,   64.28760962,  211.87050328,   45.60291063,    -36.78505064,   14.74052962,   54.98315716,    6.09317108,     24.42552582], [  356.96729015,  -73.61527058,  -89.36008265,   33.22236432,    -24.06733917,   11.36461843,   45.60291063,  141.95840449,     30.05336216,   17.93725791,   42.09271505,   15.64639901,     21.92672128], [   33.24946826,   21.83477448,   17.14391268,   -7.97675406,     25.05691903,    8.3829763 ,  -36.78505064,   30.05336216,    144.19806192,   54.56690915,    5.96065252,   13.42062794,      4.87649535], [  231.53662189,  -44.41130938,   -2.01153705,  -53.47260104,    -35.26418438,   36.20453226,   14.74052962,   17.93725791,     54.56690915,  128.69375371,   57.26395161,    3.98345753,      1.60532381], [  174.17783978,  -76.43760378,  -72.12248865,  -37.70562162,    -45.72953759,   47.70532801,   54.98315716,   42.09271505,      5.96065252,   57.26395161,  145.28291222,   26.58620475,     10.7863082 ], [  116.46311657, -101.87280101,    5.94358556,    2.60349065,     -0.3866332 ,   12.28220575,    6.09317108,   15.64639901,     13.42062794,    3.98345753,   26.58620475,  112.92284581,     54.47825086], [   78.74466666, -164.77309338,    4.7270461 ,   13.80631546,    -20.18787832,   13.51390061,   24.42552582,   21.92672128,      4.87649535,    1.60532381,   10.7863082 ,   54.47825086,    113.60559752]]
/root/sim/music/out/The_Beatles/1_ザ・ビートルズ/27_The_Long_And_Winding_Road.mp3; [-618.4775   , 158.43909  , -24.854511 ,  19.675135 ,  -6.266967 ,   -2.4007254, -14.741472 ,   0.1487338, -14.8564415,  -0.2730261,   -6.554005 ,   1.1088415,  -3.0699723]; [[10282.36339726,  327.45008687, -422.92256803,  149.86529411,    -55.8394313 ,   96.37302626,   21.52466459,  156.94890015,    -81.23215939,   75.98657189,    2.78326472,  118.2025108 ,     46.4466726 ], [  327.45008687, 1174.93256861, -197.30370535,   90.57151789,      7.37306896,  -11.24808165,   34.53398691,   50.71673717,    -15.13088296,   43.97825628,   16.78373939,   17.03741395,     20.56483126], [ -422.92256803, -197.30370535,  616.82331256,   48.48314216,    162.15455423,  111.41627215,   69.3236163 ,   26.31372441,    107.58712143,   41.36509138,   15.1074751 ,   66.09630467,     72.45092661], [  149.86529411,   90.57151789,   48.48314216,  322.86268646,    126.63710576,   70.10541172,    7.34741842,   34.60914209,     65.64385975,   33.63513995,    2.38191602,   25.22137146,     41.19076107], [  -55.8394313 ,    7.37306896,  162.15455423,  126.63710576,    238.4816001 ,   71.48370147,   21.15266785,   21.34056102,     73.55781284,   45.18877432,    6.77323316,   36.43869148,     34.92026607], [   96.37302626,  -11.24808165,  111.41627215,   70.10541172,     71.48370147,  155.8096125 ,   69.48088443,   34.61854783,     66.96380653,   38.64449943,   33.22184487,   34.48284714,     28.88601611], [   21.52466459,   34.53398691,   69.3236163 ,    7.34741842,     21.15266785,   69.48088443,  226.39833278,   65.57810178,     61.58295941,   26.21869076,   46.47764102,   43.51358246,     53.41645056], [  156.94890015,   50.71673717,   26.31372441,   34.60914209,     21.34056102,   34.61854783,   65.57810178,  126.40619971,     27.3866885 ,   30.14462277,   22.60725142,   22.86433318,     39.9845533 ], [  -81.23215939,  -15.13088296,  107.58712143,   65.64385975,     73.55781284,   66.96380653,   61.58295941,   27.3866885 ,    147.89388632,   40.09210836,   22.35850379,   38.97747837,     42.60060642], [   75.98657189,   43.97825628,   41.36509138,   33.63513995,     45.18877432,   38.64449943,   26.21869076,   30.14462277,     40.09210836,  112.61993631,   44.48914864,   21.72669689,     14.50107515], [    2.78326472,   16.78373939,   15.1074751 ,    2.38191602,      6.77323316,   33.22184487,   46.47764102,   22.60725142,     22.35850379,   44.48914864,  104.40660079,   28.51226312,      4.76949966], [  118.2025108 ,   17.03741395,   66.09630467,   25.22137146,     36.43869148,   34.48284714,   43.51358246,   22.86433318,     38.97747837,   21.72669689,   28.51226312,  101.64304921,     47.60556741], [   46.4466726 ,   20.56483126,   72.45092661,   41.19076107,     34.92026607,   28.88601611,   53.41645056,   39.9845533 ,     42.60060642,   14.50107515,    4.76949966,   47.60556741,    110.2587544 ]]
